"chr1","127926107","127926415","chr1","44004494","44004799","35","83921613","GGCTGGGCGCGGTGGCTCACGCCTGTAATCCTAGCACTTTGGGAGGCCGAGGTGGGCGGATCACAAGGTCAGGAGTTCCAGACCAGCCTAGCCAATATGGTGAAACTCCGTCTCTACTAAAAAAATACAAAAATTAGCTGGGCGTGGTGGCATGTGCTTGTAGTCCTAGCTACTTGGGAGGCTGAGGCAGGAGAATCGCTTGAACCCAGGAGGTGGAGGTTGCAGTGAGCTGAGATCGCGCCACTGCACTTCAGCACGGGCAACAGAGTGAGACTCTGTCTCAAAAAGAAAAAAAAAAAAGAGAGAGAA","GCTGGGCACAGTGGCTCATGCCTGTAATCCCAGCACTTTGGGAGGCCAAGGTGGGCGGATCACAAGGTCAGGAGTTCGAGACCAGCCTGGCCAGCATGGTGAAACCCCATCTCTACTAAAAATACAAAAATTAGCTGGGTGTGGTGGCGTGTGCCTGTAATCCCAGCTACTTGGGAGGGTGAGGCAGGAGAATTGCTTGAACCCGGGAGGTGGAGGTTGCAGTGAGCTGAGATCACGCCACTGCACTCCAGCTTGGGCGACAGAGCGAGACTCGTCTCAAAAATAAAAAAATAAAAAAATAAAAAA"
"chr1","60686096","60686390","chr1","58195459","58195755","12","2490637","GGCTGGATGTGGTGGCTCATGCCTGTAATCCCAGCACTTTGGGAGGCCAAGGTGGGCTGATCACGAGGTTAGGAGTTCAGACCAGCCTGGTCAACATGGTGAAACTCCGTCTCTCATAAAAATACAAAAATAAGCTGAGCGTGGTGGTGGGCCCCTGTAATCCCAGCTACTCGGGAGACTGAGGCAGGAGAATCATTTGAACCCAGAAGGCGGAGGTTGCAATGAGCTGAGACTCACCACTGCATTCCAGCTTGGGCGACAGGGCAAGACTCTGTCTCAAAAAAAAAAAAAAAAA","GGCTGGATGTGGTGGCTCATGCCTGTAATCCCAGCACTTTGGGAGGCCGAGGTGGGCTGATCACGAGGTCAGGAGTTCAAGACCAGCCTGGTCAACATGGTGAAACTCCGTCTCTACTAAAAATACAAAAAATAGCTGAGCGTGGTGGTGGGCCCCTGTAATCCCAGCTACTCGGGAGACTGAGGCAGGAGAATCATTTGAACCCAGAGGCGGAGGTTGCAATGAGCTGAGACTCACCACTGCACTCCAGCTTGGGCAACAGGGCAAGACTCTGTCTCAAAAAAAAAAAAAAAAAAA"
"chr1","80084785","80085070","chrX","35777786","35778074","40","44306999","GGCCGGGTGCGGTGGCTCATACCTGTGATCCCAGCACTTTGGGAGGCCGAAGATGGATCACAAGGTCAGGAGTTTGAGACCAGCCTGGCCAACACGGTGAAACACTGTCTCTACTAAAAATACAAAAATTAGCTGGGCGTAGTGGTGGGTGCCTGTCATCCCAGCTACTCGGGAGGCTGACACAGAAGAACTGCTTGAAGCCAGGAGGTGGAGGTTACAGTGAGCCGAGATCATGCCACTGCACTCCAGTCTGGGCAACAGGGCGAGACTCTGTCTCAAAAAAAAA","GGCCAGGCGCGGTGGCTCACGCCTGTGATCCCAGCACTTTGGGAGGCCGAGGCAGGTGGATCACGAGGTCAGGAGTTTGAGACCAGCCTGACCAACATGGTGAAACCCTGTGTCTACTAAAAATACAAAAATTAGCCAGGCATGGGGTGCGCACCTGTAATCCCAACTACTCAGGAGGCTGAGGCAGGAGAATGGCTTGAATCCGGTAGGCGGAGGTTGCAGTGAGCCGAGATTGTGCCACTGCACTCCAGCCTGAGCAACAGAGCGAGACTCTGTCTCAAAAAAAAAA"
"chr1","113770410","113770703","chr12","77317855","77318145","37","36452555","GGCCGGGCACGGTGGCTCACACCTGTAATCCCAGCACTTCGGGAGGTCAAGGTGGATGGATCATGAGGTCGGGAGTTTGAGAACGGCCTGGCCAACATAGTGAAACCCTGTCTCTACTAAAAATACAAAAATTAGCCAGATGTGGTGGCAAGCGCCTGTAGTCCCAGATACTTGGGAGGCTGAGGCAGGAGAATGACTTGAACCTGGGAGGTGAAGGTTTACAGTGAGCTGAGACCGCGCCATCGCACTCTAGCCTTGGCAACAGAGCAAGACTCTGCCTGAAAAAGAAAAGAA","GGCCGGGCACGGTGGCTCACGCCTGTAATCCCAGCACTTTGGGAGGCCGAGGTGGGTGGATCACGAGGTCAGGAGTTCGAGACCAGCCTGGCCAACATGGTGAAACCCTGTCTCTACTAAAAATACAATAATTAGCCAGGTATGGTGGCATGCACCTGTAGTCCCAGCTACTTGGGAGGTGGAGGCAGGAGAATCGCTTGAACCTGGGAGGTGGAGGTTGCAGTGAGCTGAGACAGTGCCACTGCACTCCAGCCTAGGTGACAGAGCAAGAGTCTGTCTCAAAAAAAAAAA"
"chr1","126353114","126353431","chr6","70591771","70592087","46","55761343","GGCCAGGCGTAATGGCTCATGCCTGTAATCCCAGCACTTTGGGAGGCCGAGGTGGGCAGGTCAAGAGGTCAGGAGTTCGAGACTGACCAACGTGGTGAAACCCCGTCTCTACTAAAAATACAAGAATTAGCCGGGTGTGGTGGTGCACACCTGTAATCCCAGCTAATTGGGAGTCTGAGGCAGGAGAATCACTTGAATCTGGGAGGTGGAGGTTGCAGTGAGCCGAGATAACACCACTGCACTCCAGCCTGAGTGACAGAGCAAGACTCCATCTCAATAAATAAATAAATAAATAAATAAATAAATAAATAAATAAAT","GGCTGGGCATGGTGGCTCATGCTTGTAATCCCACACTTTGGGAGGCCAAGGGGGGTGGATCACGAGGTCAGGAGTTCAAGACCAGCCTGGCCAAGATGGTGAAACCCCATCTCTACTAAAAATACAAAAATTAGCTGGGTGTGGTGGTGCAAACCTGTAATCCCAGCTACTTGGGAGGCTGAGGCAGAAGAATTGCTTGAACCTGGGAGACGGAGGTTGCAGTGAGCCGAGACTATGCCACTGCACTCCAGCCTGGGCAACAGAGCAAGACTCCATCTAAATAAATAAATAAATAAATAAATAAATAAATAAATAAA"
"chr1","162004740","162005025","chr1","164799458","164799733","12","2794718","GGCTGGGCGCAGTGGCACATGCCTGTAATCCCAGCACTTTGGGAGGCCCAGGCGGGCAGATCACGAGGTCAGGAGGTTGAGACCAGCCTGACTACCATGTTGAAACAAAGTTTCTACTAAAAATACAAAATTTAGCCCTGCGTGGTGCCTGTAATCCCAGCTACTCAGGAGGCGGAGGCAGGAGAATTGCTTGAACCTGGGAGGTGGAGGTTGCAGTGAGCCGAGATTGTGCCTGAGCGACAGAGTGAGACTCCATCTCAAATAAATAAATAAATGAATAAATAAA","GGCTGGGCGCAGTGGCACATGCCTGTAATCCCAGCACTTTGGGAGGCCGAGGCGGGCAGATCACGAGGTCAGGAGTTTGAGACCAGCCTGACTACCATGTTGAAACAAAGTTTCTACTAAAAATACAAAATTTAGCCCTGCGTGGTGCCTGTAATCCCAGCTACTCAGGAGGCGGGAGAATTGCTTGAACCTGGGAGGTGGAGGTTGCAGTGAGCCGAGATTGTGCCTGAGCGACAGAGTGAGACTCCATCTCAAATAAATAAATGAATAAATAAA"
"chr1","171048683","171048983","chr1","173642019","173642320","5","2593336","GGCCAGGCACAGTGGCTCACGCCTGTAATCCCAGCACTTTGAGAGGCCACGGCAGGAGGATCACGAGGTCAGGAGTTTGAGACCAGCCTGACCAACAAGATGAAACCCTGTCTCCACTACAAATACAAAAATTAGCCAGGCATGGTGGCGTGCACCTGTAATTCCAGCTATTCAGGAGGCTGAGACAGGAGAATCGCTTGAACCTGGGGGGTTGCAGTGAGCCGAGATTGCACCACTGCACTCCAGCCTGGGCAACAGAGCAAGACTGTCTCCAAAAAAAAAAAAAGAAGAAGAAGAAGAA","GGCCAGGCACAGTGGCCCACTCCTGTAATCCCAGCACTTTGAGAGGCCACGGCAGGAGGATCACGAGGTCAGGAGTTTGAGACCAGCCTGACCAACAAGATGAAACCCTGTCTCCACTACAAATACAAAAATTAGCCAGGCATGGTGGCGTGCACCTCTAATTCCAGCTATTCAGGAGGCTGAGACAGGAGAATCGCTTGAACCTGGGGGGTTGCAGTGAGCCGAGATTGCACCACTGCACTCCAGCCTGGGCAACAGAGCAAGACTGTCTCCAAAAAAAAAAAAAAAAGAAAGAAGAAGAA"
"chr1","206176180","206176471","chr1","219454836","219455133","8","13278656","CCAGGCACGGTGGCTCATGCCCGTAATCCCAACACTTTGGGAGGCTGAGGCAGGCAAATCATGAGGTCAGGAGTTTGAGACCAGCCTGGCCAACATGGGGAAACCCTGTCTCTACTAAAAATACAAAAATTAACCAGGTTCAGTGGCATGCGCTTGTAGTCCCAGCTACTCGGGAGGCTGAGGTGGGAGAATCACTTGAACCCGGGTGGTGGAGGTTGCAGTGAGCCGAGATCATGCCTGCCTGGGTGACAAAGTGAGACTCCATCTCAAAATAAAATAAAATAAAATAAAA","CCAGGCACGGTGGCTCATGCCCATAATCCCAACACTTTGGGAGGCTGAGGCAGGCAAATCATGAGGTCAGGAGTTTGAGACCAGCCTGGCCAACATGGGGAAACCCTGTCTCTACTAAAAATACAAAAATTAACCAGGTTCAGTGGCATGCGCTTGTAGTCCCAGCTACTCGGGAGGCTGAGGTGGGAGAATCACTTGAACCCGGGTGGTGGAGGTTGCAGTGAGCCGAGATCATGCCTGCCTGGGTGACAAAGTGAGACTCCATCTCAAAATAAAATAAAATAATATAAAAGAAAAA"
"chr1","208928598","208928903","chr1","216608994","216609305","9","7680396","GGCTGGGTGGGGTGGCTCATGCCTGTAATCCCAGCACTTTGGGAGGCCAAGGTGGATGGATCACGAGGTCAGGAGTTCGAGACTAGCCTGGCCAACATGGTGAAACCTCATCTCTACTAAAAAAATACAAAAATTAGCTGGGCGTGGTGGTGGGTGCTTGTAATCCCAGCTATTCTGGAGGCTGAGACAGGAGAATCCCTTGAATCCGGGAGGCAGAGGTTGCAGTGAGCCAAGATTGCACCACTGCACTCCAGCCTGGGCAAGAGAGCGAAACTCCATCTCGAAAAAAAAAAAAGAAAAAAAAAA","GGCTGGGTGGGGTGGCTCATGCCTGTAATCCCAGCACTTTGGGAGGCCAAGGTGGACGGATCACGAGGTCAGGAGTTCGAGACTAGCCTGGCCAACATGGTGAAACCTCATCTCTACTAAAAAAATACAAAAATTAGCTGGGCGTGGTGGTGGGTGCTTGTAATCCCAGCTATTCTGGAGGCTGAGACAGGAGAATCCCTTGAATCCGGGAGGCAGAGGTTGCAGTGAGCCAAGATTGCGCCACTGCACTCCAGCCTGGGCAAGAGAGCGAAACTCCATCTCGGAAAAAAAAAAAAAAAAAAAGAAAAAAAA"
"chr1","417540","417832","chr5","56701456","56701750","31","56283916","GGCCAGGTGTGGTGGCTCACACCTGTAATCCCAGCACTTTGGGAGGCCAAGGCGGGTGGATCACGAGGTCAGGAGTTCGAGACCAGCCTGGCCAACATGGTGCAACCCCATCTCTATTAAAAATACAAAAATTAGCTGGGCGTGGTGGCGGGCGCCTGTAATCCCAGCTACTTGGGAGGCTGAGGCAGGAGAATTGCTTGAAACTGGGAGGTGGAGGTTGCAGTGAGCCGAAGTTGCATCACTGCACTCCTGCCTGGGTGAAAGAGTGAAACTCCATCTCAAAAAAAAAAAAA","GGCTGGGCGTGGTGGCTCACGCCTGTAATCCCAGCACTTTGGGAGGCCAAGGCGGGCAGATCATGAGGTCAGGAGTTCAAGACCAGCCTGGCCAACATGGTGAAACCCCATCTCTACTAAAAATACAAAAATTAGCCAGGCGTGGTGGCAGGCGCCTGTAATCTCAGCTACTTGGGAGGTTGAGGCAGGAGAATTGCTTGAACCCAGGAGGTGGAGGTTGCAGTGAGCCAAGATCGTGCCACTGCACTCCAGCCTGGGTGACAGAGTGAGACTTCATCTTAAAAAAAAAAAAAAA"
"chr1","445696","445961","chr5","3849501","3849767","3","3403805","GGCAAGGTGCAGTGGCTGCCGCCTGTAATCCCAGCTCTTTGGGAGGCCGAGACAGGCGGATCATGAGGTCAGGAGTTCAAGACCAGCCTTGCCAAGATGGTGAAACCTCATCTCTACTAAAAATACAAAAATTCGCCGGGCATGGTGATGCGTGCCTGTAATCCCAGCTGCTCGGGAGGCTGAGGCAGGAGAATTGCTTGAACCCAGGAGGCAGAGGTTGCAGTGAGCTGAGATTGCGCCATTACACTCCAGCCTGGCAACAGAGC","GGCAAGGTGCAGTGGCTGCCGCCTGTAATCCCAGCTCTTTGGGAGGCCGAGACAGGCGGATCACGAGGTCAGGAGTTCAAGACCAGCCTTGCCAAGATGGTGAAACCTCATCTCTACTAAAAATACAAAAATTCGCCGGGCGTGGTGATGCGTGCCTGTAATCCCAGCTGCTCGGGAGGCTGAGGCAGGAGAATTGCTTGAACCCAGGAGGCAGAGGTTGCAGTGAGCTGAGATTGCGCCATTACACTCCAGCCTGGGCAACAGAGC"
"chr1","541485","541780","chr6","140690923","140691214","30","140149438","GCCGGGTGTGGGGGCTCATGCCTGTAATCCCAGCACTTTGGGAGGCCGAGGCAGGTGGATCACGAGGTCAGGAGTTTGAGACCAGCCTGGCCAACATGGTGAAACCCCATCTCTACTAAAAATACAAAAATTAGCCGGGCATGGTGGCAGGTGTCTGTAATCCCAGCTACCTGGGAGGCTGAGGCAGGAGAATCACTTGAACCTGGGAGGTGAAGGTTGCAGTGAGCCGAGACCCTGCCACTGCACTCCAGCCTGGGCAACAGAGCGAGACTCTGTCTCATAGAAAAAGAAAAGAA","GGGAGTGGTGGTTCATGCCTGTAATCCCAGCACTTTGGGAGGCCGAGGCAGGTGGATCACGAGGTCAGGAGTTCGAGACCAGCCTGGCCAACATGGTGAAACCCCATCTCTACTAAAAATAAAAAAATTAGCTGGGTATGGTAGCACGCACCTGTAATCCCAGCTACTTGGGAGGCTGAGGCAGGAAAATCACTTGAACCCAGGAGGCGGAGGTTGCAGTGAGCCAAGATCGTGCCACTGCACTCCAGCCTGGCAACAGAGCGAGACACTGTCTCAAAAAAAAAAAAAAAAA"
"chr1","853894","854197","chr5","3421527","3421830","7","2567633","GGCTGGGCGCAGCAGCTCACGCCTGTAATCCCAGCACTTTGGGAGGCCGAGGAGGGTGGATCACAAGGTCAGGAGTTCGAGGCCAGCCTGACCAACCTGGTGAAACCCCACCTCTACTAAAAATACAAAAATTAGCCAGGTGTGGTCCCCCGCACCTGTAATTCCAGCCACTCAGGAGGCTGGGGCTGGAGAATCGTTTGAACCCGGGAAGCAGAGGCTGCAGTGAGCCAAGATCACGCCACTGCGTTCCAGCCTGGGCAACAGAGCGAGACTCTATCTCAAAAAATAATAATAAAAATAAAAA","GGCTGGGTGCAGCGGCTCACACCTGTAATCCCAGCACTTTGGGAGGCCGAGGAGGGTGGATCACGAGGTCAGGAGTTCGAGGCCAGCCTGACCAACCTGGTGAAACCCCACCTCTACTAAAAATACAAAAATTAGCCAGGTGTGGTGCCCTGCACCTGTAATTCCAGCCACTCAGGAGGCTGGGGCTGGAGAATCGTTTGAACCCGGGAAGCAGAGGCTGCAGTGAGCCAAGATCACACCACTGCGTTCCAGCCTGGGCAACAGAGCGAGACTCTATCTCAAAAAATAATAATAAAAATAAAAA"
"chr1","861345","861624","chr5","3413928","3414202","7","2552583","GGCCAGGCATGGTGGTTCACACCTGTAATCCCAGCACTTTGGGAGGCCGAGGCAGGTGGATCATGGGGTCAGGAGTTTGAGACCAGCCTGGCCAATCTGGTGAAACCCTGTCTCTACTAAAAATACAAAAATTAGCTGGGTGTGGTGGTGTGCACCTGTAATCCCAGCTACTCGGGGGGCTGAGGCAGGAGAATAGCTTGGGAGGCGGAAGTTGCAGTGAGCCGAGATCGCGCTTAGGCAAACGAACAAGACTCTGTCTCAAAAAAAAAAAAAAAAAAAA","GGCCAGGCATGGTGGTTCACACCTGTAATCCCAGCACTTTGGGAGGCCGAGGCAGGTGGATCATGGGGTCAGGAGTTTGAGACCAGCCTGGCCAATCTGGTGAAACCCTGTCTCTACTAAAAATACAAAAATTAGCTGGGTGTGGTGGTGTGCACCTGTAATCCCGGCTACTCGGGGGGCTGAGGCAGGAGAATAGCTTGGGAGGCGGAGGTTGCAGTGAGCCGAGATCGCGCTTAGGCAAACGAACAAGACTCTGTCTCAAAAAAAAAAAAAAA"
"chr1","912153","912413","chr5","3361135","3361403","21","2448982","GGCCAGGCACGGTGGCTCACGCTTGGGAGGCCGAGGAGGGCGAATCACAAGGTCAGGAGTTCGAGACCAGCCTGACCAACACGGTGAAATGCCATCTCTACTAAAACTACAAAAATTAGCTGGCATGGTGGTGCGCACCTGTAATCCCAGCTACTCGGGAGGCAGAGGCAGGAGAATCGCTTGAACCCGGGAGGCGGAGGTTGCGCCACTGCACTTCAGCCTGGGCGACAGAGCAAGACTCCATCTAAAAAAAAAAAAGAA","GGCTGGGCACGGTGGCTCACGCTTGGGAGGCTGAGGAGGGCGGATCACGAGGTCAGGAGTTCAACACCAGCCTGATCAACACGGTGAAATGCCATCTCTACTAAAACTACAAAAATTAGCCGGCATGGTGGTGCGCACCTGTAATCCCAGCTACCTCGGGAGGCAGAGGCAGGAGAATTGCTTGAACCCCGGGGGGCGGAGGTTGCGCCCCTGCCCTTCAGCCTGGGCGACAGAGCAAGACTCCATCTCAAAAAAAAAAAAAAAAAGAA"
"chr1","913422","913704","chr2","109840429","109840705","37","108927007","CTTGTAATCCCAGCACTCTGGGAGGCCAAGGTGGGCGGATCATGAGGTGAGGAGTTCAAGACCACCCTGGCCAACATGGTAAAACCCTGTCTCTACTAAAAATACAAAAATTAGCCGGGCATGGTGGCATGCACCTGTAGTCCCAGCTACTCAGGAGGCTGAGGCAGGAGAATCGCTTGAACCCCAGAGGCAGAAGCTGCAGTGAGCCGAGATTGCGCCACTGTACTCCAGTCTGGGATACAGAGTAAGACTCTGTCTCAAAAAAAATAAAATAAAATAAAAT","CTGTAATCCCAGCACTTTGGGAGGCTGAGGTGGGTGGATCACAAGGTCAGGAGTTCAAGACCAGCCTGACCAACATGATGAAACTCTGTCTCTACTAAAAATACAAAAATTAGCCAGGCATGGTGGCATGCCTGTAATCCCAGCTACTCGGGAGGCTGAGGCAGGAGAATTGCTTGAACCTGGGAGGCAGAGGTTGCAGTGAGCTGAGATTGCGCCACTGTACTCCAGCCTGGGCAGAGTCACACTCTATCTCAAAACAAAACAAAACAAAACAAAA"
"chr1","920886","921167","chr5","3352380","3352679","22","2431494","GCCGGGGCAGTGGCTCACACCTGTAATCCCAGCACTTTGGGAGGCCGAGGTGGATGGATTACGAGGTCAGGAGTTCAAGACCAGCCTGGCCAACATGGTGAAACCCCATCTCTACTAAAAATACAAAAATCAGCTGGACATGGTGGTGGGCACCTGTAATCCCAGCTACTCTGGAGGCTGAGGCAGGAGATGGGAGGTGGAGGTTGCAGTGAGCCAAGATCATACCACCGCACTCCAGCCTGGGTGACAATGTGAGACTATATCTCAAAAAAAATAAAGAAA","GCCAGGGGCAGTGGCTCACACCTGTAACCCCAGCACTTTGGGAGGCCGAGGTGGATGGATTCCGAGGTCAGGAGTTCAAGACCAGCCTGGCCAACATGGTGAAACCCCATCTCTACTAAAAATACAAAAATCAGCTGGACATGGTGGTGAGCACCTGTAATCCCAGCTACTCTGGAGGCTGAGGCAGGAGAATCGTTTGAACCTGGGAGGTGGAGGTTGCAGTGAGCCAAGATCATACCACCGCACTCCAGCCTGGGTGACAATGTGAGACTACATCTCAAAAAAAATAAAGAAAAAAAA"
"chr1","934471","934770","chr11","32505415","32505714","39","31570944","GGCCAGGTGCAGTGGCTCACGCCTGAATCCCAGCACTCTGGGAGTTTGAGGCAGGCAGATCACAAGGTCAGGAGTTCGAGGCCAGCCTGGCTAATATGGTGAAACCCCATCTCTGCTAAAAATACAAAAATTAGCCAGATGTCATGGCGTGCACCTGTTGTTCCAGCTACTTGGGAGGCTGAGGCAGGAGAATCGCTTGAACCTGGGAGGCAGAGGTTGCAGTGAGCTGAGATTGCATCACTGTACTCCAGCCTGAGCAACAGAGTGAGACTCCATCTCAAAAAAAAAAAAAAGAACAAA","GGCCAGGCTCAGTGGCTCATGCCTGTAATCCCAGCACTTTGGGAGGATGAGGCAGGCAGATCACGAGGTCAGGAATTTGAGACCAGCCTGGCCAACATAGTGAAACCCCATCTCTACTAAAAATACAAAAATTAGCCAGGTGTGGTGGCAGGCACCTGTCGTCCCAGCTACTTGGGAGGCTGAGGCAGGAGAATTGCTTGAACCTGCAAGGTGGAGGTTGCAGTGAGCTGAGATTGCGCCACTGTACTCCAGCCTGGGTGACAGAGCAAGACTCCGTCTCAGAAAAAGAAAAAAAAAAAA"
"chr1","947069","947372","chr16","3503460","3503766","34","2556391","GGCCAGGTGTGGTGACTCACGCCTGTAATCCCGGCACTTTGGGAGGCGGAGGTGGGCAGATCACGAGGTCAGGAGTTTAAGACCAGCCTGGCCAACATGAAACCCCATCTGTACTAAAAATACAAAAATTAGCTGGGCGTGGTGGTGAGTGCCTATAATCACAGCTACTCCAGAGGCTGAGGCAGGAGAATCGCTTAAACCCAGGAGGCTGAGGTTGCAGTGAGCCAAGAGCGCACCACTGCACTCCAACCTGGGCGACAGAGCAAGACTCTGTCTCAAAAAAAAAAAAAAGAAGAAATGAAAA","GGCCAGGCACGATGGCTCACGCCTGTAATCCCAGCACCTTGGGAGGCTGAGGCGGGCAGATCACGAGGTCAGGAATTAGAGACCAGCCTGGCTAACATGGTGAAACCCCATCTCTACTGAAAATACAAAAATTAGCTGGGTGTGGTGGTGTGTGCCTATAATCCCAGCTACTCGAGAGACTGAGGCAGGAGAATCACTTGAACCCGGGAGGCAGAGGTTGCAGTGAGCCGAGATCGCGCCACTGCACTCCAACCTGGGCGACAGAGCAAGACTCTGTCTCAAAAAAAAAAAAAAAGAAAATATAAAA"
"chr1","961445","961745","chr5","3309698","3309998","11","2348253","CTGGGCGTGGTGGCTCACGCCTGTAATCCTAGCACTTTGGGAGGCTGAAGTGGGCAGATCACGAGGTCAGGAGATCGAGACCAGCCTATCCAACAAAGTGAAACCCCGACTCTACTAAAAACACAAAAATTAGCCGGGCATAATGGCAGGCGCCTATAGTCCCAGCTGGTCAGGATGCTGAGGCAGGAGAATCGCTTGAACCTGGGAGGCAGAGGTTGCAGTGAGCCGAGATTGCGCCACTGCACTCCACCTTGGGTGACAGAACGAGACTTCGTCTCAAAAAAAGAAAAAAAAAAAAAAA","GGCTGGGCGTGGTGGCTCACGCCTGTAATCCTAGCACTTTGGGAGGCTGAAGTGGGCAGATCACAAGGTCAGGAGATCGAGACCAGCCTGTCCAACAAAGTGAAACCCCGACTCTACTAAAAACACAAAAATTAGCTGGGCATAGTGGCAGGCGCCTATAGTCCCAGCTGGTCGGGATGCTGAGGCAGTAGAATCGCTTGAACCTAGGAGGCAGAGGTTGCAGTGAGCCGAGATTGCGCCACTGCACTCCACCTTGGGTGACAGAACGAGACTTCGTCTCAAAAAAAGAAAAAAAAAAAAA"
"chr1","999661","999971","chr3","14188026","14188333","40","13188365","GGCCGGGCGCGGTGGCTGACGCCTGTAATCCCAGCACTTTGGGAGGCTGAGGTGGGCAGATCACAAGGTCAGGGGTTTGAGACCAGCCTGGCCAGCATGGTGAAACCTCATCTTTACTAAAAATACAAAAATTAGACAGTCATGGTGGTGGGTGCCTGTAATCCCAGCTGCCTGGGAGGTTAAGGCAGGAAAATTGCTTGAACCCCAGGAGGAGGAGGTTGCAGTGAGCCAAGGTCGTGCCATAGTACTCCTAGCCTGGGTAACAGAGCAAGACTCTGTCTCAAAAAAAAAAAAAAAAAAAAAAAAGAAAA","GGCCGGGCGTGGTGGCTCACGCCTATAATCCCAGCACTTTGGGAGGCTGAGGCGGGCGGATCACAAGGTCAGGAGTTCGAGACCAGCCTGGCCAATATGGTGAAATCCCGTCTCTACTAAAACTACAAAAATTAGCCAGGCATGGTGGGGTACACCTGTAATCCCAGCTACTCAGGAGGCTGAGGCAGGAGAATTGCTTGAACCCAGGAGGTGGAGGTTGCAGTGAGCCAAGATCGTGCCATTACACTCTAACCTGGGCAACAAGAGCAAGACTCTGTCTCAAAAAAAAAAAAAAAAAAAAAAAAGAA"
"chr1","1110108","1110404","chr3","49433375","49433671","39","48323267","GACCAGGCGCAGTGGCTGACGCCTGTAATCCCAGCGCTTTGGGAGGCTGAGGCAGGCAGATCACGAGGTCAGGAGTTCGAGACCAGCCTGCCCAATATGGTGAAACCCTGTCTCTGCTAAAAATACAAAAATTAGTGGGGTGTGATGGCACGTGCCTGTAGTGCCAGCTACTCGGGAAGCTGAGGCAGGAGAACTGCCTGAACCCGGGAGGTGGAGGCTACAGGGAGCAGAGATCATGCCAATGACTCCAGCCTGGGTGACAGAATGAGACTCTGTCTCAAAAAAAAAAAAAAAAAA","GGCCAGGCGCAGTGGCTCACGCCTGTAATCCCAGCACTTTGGGAGGCTGAGGCAGGCAGATCATGAGGTCAAGAGTTTGAGACCAGCCTGACCAACATGGTGAAACCCCGTCTCTACTAAAAATACAAAAATTAGCCTGGCGTGGTCGTGTGTGCCTGTAATCCCAGCTATTCAGGAGGCTGAAGCAGGAGAATCGCTTGAACCCAGGAGGTGGAGGTTGCAGTGAGCCGAGATCACGCCATTGCACTCCAGCCTGGGTGACAGAGGGAGACTCTGTCTCAAAAAAAAAAAAAAAAA"
"chr1","1248955","1249245","chr5","3008792","3009090","13","1759837","GGCCAGGTGCAGTGGCTCACGCCTGTAATCCTAGTGCTTTGGGAGGCTGAGGTGGGTGGATCACGAGGTCAGGAGTTCGAGACAAGCCTGACCAACATGGTGAAACCCTGTCTCTACTAAAAATACAAAAATTAGCTGGTCATGGTGCCTGTAGTCCCAGCTACTCGGGAGGTTGAGACAGGAGAATTGCTTGAATCAGGGAAGTGGAGGTTGCAGTGAGTCAAGATCACACCACTGCACTCCAGCCTGGCAACAGAGTGAGACTCCATCTCAAAAAAAAAAGAAGAAGAA","GGCCAGGTGCAGTGGCTCACGCCTGTAATCCCAGTACTCTGGGAGGCTGAGGTGGGTGGATCACGAGGTCAGGAGTTCGAGACAAGCCTGACCAACATGGTGAAACCCTGTCTCTACTAAAAATACAAAAATTAGCTGGTCATGGTGCCTGTAGTCCCAGCTACTCGGGAGGTTGAGACAGGAGAATTGCTTGAATCAGGGAGGTGGAGGTTGCAGTGAGCCAAGATCACACCACTGCACTCCAGCCTGGCAACAGAGTGAGACTCCATCTCAAAAAAAAAAAAAAAAAAGAAGAAGAA"
"chr1","1416516","1416827","chr5","2837642","2837955","5","1421126","GGCCGGGCGCAGTGGCTCAGGCCTGTAATCCCAGCACTTTGGGAGGCCAACGCGTGTGGATCACGAGACCAGGAGTTCAAGACCAGCCTGTCAACATGGTGAAACTCCATCTCTACTAAAAATACAAAAATTAGCTGGGCACGGTGGTGTGCACCTGTAATCCCACTACTCGGGGGGCTGAGAGGCAAGAGAATTGCTTGAACTGGGACCCAAGAGGCAGAGGTTGCAGTGAGCCGAGATCATGCCACTACACTCCAGCCTGGGCTATAAAGCGAGACTCTGTTTCAAAAGAAAGAAAAAAAAAAAAAAAAA","GGCCGGGCGCAGTGGCTCAGGCCTGTAATCCCAGCACTTTGGGAGGCCAACGCGTGTGGATCACGAGGCCAGGAGTTCAAGACCAGCCTGTCAACATGGTGAAACGCTCCATCTCTACTAAAAATACAAAAATTAGCTGGGCACGGTGGTGTGCACCTGTAATCCCACTACTCGGGGGGCTGAGAGGCAAGAGAATTGCTTGAACTGGGACCCAAGAGGCAGAGGTTGCAGTGAGCCGAGATCATGCCACTATACTCCAGCCTGGGCTATAAAGCGAGACTCTGTTTCAAAAGAAAGGAAAAAAAAAAAAAAAA"
"chr1","1418119","1418387","chr5","2836178","2836451","12","1418059","GGCCAGGCGCGGTGGCTTACACCTGTAATCCTAGCACTTTGGGAGGCGGATCACAAGACCAGCCTGACCAACATGGAGAAACCCCGTCTCTACTAAAACTACAAAAATTAGCTGAGGATGGTGGCACAGGCCTGTAATCCTAGCTACTTGGGAGGCTGAAGCAGGAGAATCACTTGAACCCAGGAGGTGGAAGTTGCAGTGAGCTGAGATTGCACCACTGCACTCCAGCCTGGGTGACAGAGCAAGACTCCATCTCAAGAAAAAAAAAA","GGCCAGGCGCGGTGGCTTACGCCTGTAATCCTAGCACTTTGGGAGGCGGATCACAAGACCAGCCTGACCAACATGGAGAAACTCTGTCTCTACTAAAACTACAAACATTAGCTGAGGATGGTGGCACACACCTGTAATCCTAGCTACTTGGGAGGCTGAAGCAGGAGAATCACTTGAACCCAGGAAGTGGAAGTTGCAGTGAGCTGAGATTGCACCACTGCACTCCAGCCTGGGTGACAGAGCAAGACTCCATCTCAAGAAAAAAAAAAAAAAA"
"chr1","1439604","1439861","chr20","23341655","23341913","30","21902051","GGCTGGTCTTGGTGGCTCATGCCTGTAATCCCAGCACTTGGGGAGGCCGAGGTAGGCAGATCACGAGGTCAGGAGTTTGAGACCAGCCTGACCAACATGGTGAAACCCTGTCTCTACTAAAAATATAAAAATTAGCCGACCGTGGTGGCACAGGCGTGTAGTCCCAGCTACTCAGGAGGCTGAGGCAGGAGAATCGCTTGAATCCGGGAGGCGGAGGTTGCAGTGAGCTGAGATCGTGCCACTGCCCTCCAGCCTGGG","GGCTGGGTATGGCAGCTCATGTCTGTAATCCCAGCACTTTGGGAGGCTGAGGCAGGCAGATCACAAGGCCAGGAGTTCGAGACCAGCCTGACCAACATGGTGAAACCCCGTCTCTACTAAAAATATAAAAATTAGCCGGGCATGGTGGCACATGCCTGTAATCCCAGCTACTCAGGAGGCGGAGGCAGGAGAATTGCTTGAACCCGGGAGGCAGAGGTTACAGTGAGCTGAGATCGCACCATTGCACTCCAGCCTGAGC"
"chr1","1477641","1477951","chr5","2775366","2775693","22","1297725","GGCCAGACACAGTGGCTTCAAGACTGTAATCCCAGCACTTTGGGAGGCCGAGGAGGGCAAATCACGAGGTCAGGAGGTGAAGACCACCCTGGCCAACATGGTGAAACCCTGCCTCTACTAAAAATACAACACTTAGCTGGGCACGGTGGCGGGCACCTGTAATCCCAGCTACTAGGGAGGCTGAGGCAGAAGAATCACTTGAACCCGGGAGGCAGAGGTTGCAGTGAGCCGAGATCATGCCACTGCACTCCAGCCTGGGTTACAGAGTAAGACCCTGTCTCAAATAAATAAATAAATAAACAAACAAACAA","GGCCGGACACAGTGGCTTCAAGACTGTAATCCCAGCACTTTGGGAGGCCGAGGCGGGCAAATCACGAGGTCAGGAGGTCAAGACCACCCTGGCCAACATGGTGAAACCCTGCCTCTACTAAAAATACAACACTTAGCTGGGCACGGTGGTGTGCACCTGTAATCCCAGCTACTAGGGAGGCTGAGGCAGAAGAATCACTTGAACCCGGGAGGCAGAGGTTGCAGTGAGCCGAGATCATGCCACTGCACTCCAGCCTGGGTTACAGAGTAAGACCCTGTCTCAAATAAATAAATAAATAAATAAATAAACAAACAAACAAACAAACAAA"
"chr1","1488212","1488503","chr5","2765076","2765351","24","1276864","GGCCGGGTGCAGTTGCTCACGCCTGTAATCCCAGCACTTTGGGAGGCCAAGGCATGCAGATCATGAGGTCAGGAATTCTAGACCAACATGGTGAAACCCTGCCTCCTTTAAAAATACAAAAATCAGCCATGCATGGTGACATGTGCCTGTAATCCCAGCTACTCAGGAGGCTGAGGCAGGAGAATCACTTGAACCCAGGAGGCAGAGGTTGCAGTGAGCTGAGATCACCCCACTGCACTTCAGCTGGGGCGACAGAGTGAGACTCCATTTCAAAAAAAAAAAAAAAAAAAAA","GCTCACCGCCTCTAATCCCAGCACTTTGGGAGGCCAAGGCATGCAGATCACGAGGTCAGGAGTTCTAGACCAACATGGTGAAACCCCGCCTCCATTAAAAATACAAAAATCAGCCATGCATGGTGACACGTGCCTGTAATCCCAGCTACTCAGGAGGCTGAGGCAGGAGAATCACTTGAACCCAGGAGGCAGAGGTTGCAGTGAGCTAAGATCACCCCACTGCACTTCAGCTGGGGCGACAGAGTGAGACTCCATCTCAAAAAAAAAAAAAAAAAA"
"chr1","1503942","1504236","chr5","2749580","2749868","9","1245638","GCCGGGCACAGTGGCTCACGCCTGTAACCCCAGCACTTTGGGAGGCCTAGGCAGGTGGATCACAAGGTCAGGAGTTCGACATCAGCCTGGCCAACATGGTGAAACCCTGTCTGTACTAAAAACTTAGCCAGACATGGTGGTGCGCCTGTAATCTCAGCTATTCGGGCGGCTGAGGTGGGAGAATTGCTTGGACCTGGGAGGCAGAGGCTGCAGTGAGCCGAGAGATCACGCCTCTGCACTCTATCCTGGGCAACAGAGTGAGACCCCACCTCAAAAACAAAAACAAAAACAAAAA","GCTGGGCACAGTGGCTCACGCCTGTAACCCCAGCACTTTGGGAGTCCTAGGCAGGTGGATCACAAGGTCAGGAGTTCGAGATCAGCCTGGCCAACATGGTGAAACCCTGTCTGTACTAAAAACTTAGCCAGACATGGTGGTGCGCCTGTAATCTCAGCTATTCGGGCGGCTGAGGTGGGAGAATTGCTTGGACCTGGGAGGCAGAGGCTGCAGTGAGCCGAGAGATCACGCCTCTGCACTCTATCCTGGGCAACAGAGTGAGACCCCACCTCAAAAACAAAAACAAAAA"
"chr1","1514441","1514742","chr5","2737766","2738071","7","1223325","GCTGGGCACAGTGACGCACACCTGTAATCCTAGCACTTGGGGAGGCTGAGGCAGGTGGATCACAAGGTCAGGGGTTCGAGACCAGCCTGACCAACATGGTGAAACCCTCTCTCTACTATGAATACAAAAATTAGCCGGGCACGGTGGTGCATGCCTGTAATCCCAGCTACTCAGGAGGCTGAGGCAGAATTGCTTGAACCTGGGAGGCCGAGTTTGCAGTGAGCAGAGATCGCGCCACTGCACTCCAGCCTGGGTGACTGAGAAAGACTCCGTCTCAAAAAAAAAAAAAAAGAAAAAAAAAA","GCTGGGCACAGTGACGCACACCTGTAATCCTAGCACTTGGGGAGGCTGAGGCAGGTGGATCACAAGGTCAGGGGTTCGAGACCAGCCTGACCAACATGGTGAAACCCTATCTCTACTATGAATACAAAAATTAGCCGGGCACGGTGGTGCATGCCTGTAATCCCAGCTACTCAGGAGGCTGAGGCAGAATTGCTTGAACCTGGGAGGCCGAGTTTGCAGTGCGCAGAGATCGCGCCACTGCACTCCAACCTGGGTGACTGAGAAAGACTCCGTCTCAAAAAAAAAAAAAAAAAGAAAAAAAAAAAA"
"chr1","1532654","1532950","chr5","2719826","2720123","14","1187172","GACTGGGCGGGGTGGCTCACGCCTGTAATCCCAGCACTTTGGAAGGCCGAGGTGGGCGGGCCACGAGTTCGGGAGTTTGAGATCAGCCTGGCCAACATGGTGAAACCCCATCTCTACTAAAAATACAAGGATTATGGCGGGCACCTATAATCCCAGCTACTGGGGAGACTGAGGTAGGAAAATGGGTTGAACTCAGGAAGCGGAAGTTGCAGTGAGCCAAGATCATACCACTGCACTCCAGCCCGGGCGACAGAGTGAGATTCTATCTCAAAAACAAAACAAAACAAACAAACAAAA","GACTGGGCGGGGTGGCTCATGCCTGTAATCCCAGCACTTTGGAAGGCCGAGGTGGGCGGGCCACGAGTTCGGGAGTTTGAGATCAGCCTGGCCAACATGGTGATACCCCATCTCTACTAAAAATACAAGGATTATGGCGGGCACCTATAATCCCAGCTACTGGGGAGACTGAGGTAGGAAAATTGGTTGAATTCAGGAAGCGGAAGTTGCAGTGAGCCAAGATCATACCACTGTGCTCCAGCCCGGGTGACAGAGTGAGATTCTATCTCCAAAAAAACAAAACAAACAAAATATAAAA"
"chr1","1540713","1540956","chr1","13533047","13533283","43","11992334","GGATCACGAGGTCAGGAGTTCAAGACCAGCCTGGCCAAGATGCTGAAACCTTGTCTCTACTAATAACACAAAAAGTAGCCGGGCCTGGTGGCACGCACCTATAGTCCCAGCTACTTGGGAGGCTGAGGCAGGACAATCACTAGAACCCGGGTGGCAGAGGTTACAGTGAGCCAATATTGCACCTACTGCACTCCAGCCTAGGCGACAGAGCATGACTTCTGTCTCAAAATAAATAAATAAAAAA","GATCACAAGGTCAGGAGTTCGAGACCAGCTTGATCAACATGGTGAAACCCTGTCTCTGCTAAAAATACAAAAATTAGTTGGGCCTGGTGGTGCGCACCTGTAATCCCAGCTACTCAGGAGGCTGAGGCAGGAGAATCGCTTGAACCCGGGAGGTGGAGGTTGCAGTGAGCCAAGATCACGCCACTGCACTCCAGCCTGGGTGACAGAACAAGACTCTGTCTTAAAAAAAAAAAAAAA"
"chr1","1557165","1557448","chr5","2693908","2694188","13","1136743","GGCCGGGTGCGGTGGCTCATGCCTATAATCCCAGCACTTTGGGAGGCCAAGGCGGACGGATCACGAGGTTAGGAGTTTAAGACGAGCGAAACTCTGTCTCTACTAAAAATACAAAAATTAGCTGGACATGGTGGTGAATGCCTGTAGTCCCAGCTATTTGGGAGGCTGAGGCAGAAGAATCGCTTGAACCCAGGAGGTGGAGGTTACAGTGAGCAAGATCGCACCACTGCACTCCAGCTTGGACAACAGAGTGAGACTTCATCTCAAAAAAAAAGAAAAAGAGA","CCGGATGCGTTGGCTCATGCCTGTAATCCCAGCACTTTGGGAGGCCAAGGCGGGCGGATCACGAGGTTAGGAGTTTAAGACGAGCGAAACCCTGTGTCTACTAAAAATACAAAAATTAGCTGGACATGGTGGTGCATGCCTGTAGTCCCAGCTATTTGGGAGGCTGAGGCAGGAGAATCGCTTGAACCCAGGAGGTGGAGGTTACAGTGAGCAAGATCGCGCCACTGCACTCCAGCTTGGACAACAGAGTGAGACTTCGTCTCAAAAAAAAGAAAAAGAGA"
"chr1","1628225","1628484","chr5","2622810","2623069","6","994585","GGCCGGGCGCGGTGGCTCACGCCTGTAATCCCAGCACTTTGGGAGGCCAAGGCAGGTGGATCACGAGGTCAGGAGGTCGAGACCAGCCTGGCCAACATGGTGAAACCCCGTCTCTATTAAAAATATAAAATTAGCTGGGTGTAGTGGTGCGTGCCTGTAATCCCAGCTACTCAGGAGGCTGAGGCAGGAGAATCGCTTGAATCTGGGAGGCGGAGGTTGCAGTGAGTGGAGACTGCGCCATTACACTCCAGCCTGTGCAA","GGCCAGGCGCGGTGGCTCACGCCTGTAATCCCAGCACTTTGGGAGGCCAAGGCAGGTGGATCACGAGGTCAGGAGGTCGAGACCAGCCTGGCCAACATGGTGAAACCCTGTCTCTACTAAAAATATAAAATTAGCTGGGTGTGGTGGTGCGTGCCTGTAATCCCAGCTACTCAGGAGGCTGAGGCAGGAGAATCTCTTGAATCTGGGAGGCGGAGGTTGCAGTGAGCGGAGACTGCGCCATTACACTCCAGCCTGTGCAA"
"chr1","1679253","1679531","chr13","54840813","54841090","32","53161560","GGCTGGGCATAGTGGCTCACACCTGTAATCCCAGCACTTTGGGAGGCCGAGGTGGGTGGATCACAAGGTCAGGAGTTTGAGACCAGCCTGGCCAACATAGTGAAACCCCATCTCTACAGAAAATACAAAAATCAGCTGGGCGTGGTGATGGGCACCGGTAATCCCAGCTACTTGGGAGGCTGAGACAGGAGAATCACTTGAACCCAGGAGGCAGAGGTTACAGTGAGCTGAGATCTCACCATTGCACTCCAGCCTGGGTGACAGAGCGAGACTCTGTCT","GTCGGGCGCAGTGGCTCACGCCTGTAATCCCAGCACTTTGGGAGGCCGAGATGGGGAGATCACAAGGTCAGGAGTTTGAGACCAGCCTGGCCAACATGGTGAAACCCCATCTCTACTAAAAATAGAAAAATTAACCGAGTGTGGTGTTGGGTGCCTGTAATCCCAGCTACTGGGGAGGCTGAGGCAGGAGAATTGCTTGAACCCAGGAGGCAGAGGTTGCAGTGAGCTGAGATTGGGCCACTGCACTCCAGCCTGGGTGACAGAGCAAGACTCTGTCT"
"chr1","1716398","1716714","chr17","93086234","93086554","52","91369836","GGCTGGGCACGGTGGCTCACACCTGTAATCCCAGCACTGTGGGAGGCCGAGGTGGGCGGATCATGAGGTCAGGGGTTCAAGACCAGCCTGACCAACATGGTGAAACCCTGTCTCTACTAAAAATATTAAAAATAAATAAATAAATAAAATAAAAATATAAAAATTAGCCAGGCATGGTGGCGCGCATCTGTAATCCCAGCTACTCAGGAGGCTGAGGCAGAAGAATCTCTTGAACCCGGAGGCGGAGACTGCAGTGAGCTGAGATCACACCACTACACTCCAGCCTGGGAAACAGCGAGACTCTGTCTCAAAAAAAA","GGCTAGGTGCAGTGGCTCACGCCTGTAATCCCAGCACTTTGGGAGGCCGAGGCGGGCGGATCATGAGGTCAGGAGTTTAAGACCAGCCTGACCAATATGGTGAAACCCTGTCTCTACTAAAAAAAATAAATAAATAAATAAAATAAAAATAAAAAAATTAGCCGGGCACAGTGGCGTGTGCTGTAATCCCAGCTACTCGGGAGGCTGAGGCAGGAGAATCACTTGAATCTGGGAGGCGGAGGTTGCAGTGAGCCAGGATCGCACCACTGCACTCCAGCCTGGCCACAGAGCAAGACTCCGTCTCAAAAACAAGCAAAAAAA"
"chr1","1825487","1825807","chr5","2392184","2392487","30","566697","GGCCGGGCATGGTGGCTCACACCTGTAATCTCAACACTTTGGGAGGCCCAGACAGGTGGATCATGAGGTCAGGAGTTCCAGATCAGCCTGGCCAATATGGTGAAACCCTGTCTTTACTAAAAACATAAAAATTAGCCAGGCATGGTGGTGTGCACCTGTAACCCCAGCTGCTCGGGAGGCTGAGGCAGGAGAATCGCTTAAACCCAGGAAACGGAGGTTGCAGTGAGCCAAGATCGCATCACTGCACTCCTGCCTTGGTGACAGAGTGAGACTCCATCTCAAAAAATAATAAATAAGTAAATAAATTAATAAATAAATAAA","GGCCGGGCATGGTGGCTCACGCCTGTAATCTCAACACTTTGGGAGGCCCAGGCAGGTGGATCATGAGGTCAGGAGTTCCAGACCAACCTGGCCAATATGGTGAAACCCTGTCTCTACTAAAAACATAAAAATTAGCTGGGCATAGTGGTGTGCGCCGTAAATCCAGCTGCTCGGGAGGCTGAGGCAGGAGAATCGCTTAAACCCGGGAAACGGAGGTTGCAGTGAGCCAAGATCGCATCACTGCACTCCCGCCTTGGTGACAGAGTGAGACTCCATCTCAAAAAATAATAAATAAGTAAATAAA"
"chr1","1826908","1827203","chr5","2390762","2391057","12","563854","GGCCAGGCACAGTGGCTCACACCTGTAATCCCAGCACTTTGGGAGGCTGAGATGGGCGGATCACGAGGTCAAGAGTTCAAGACTATTCTGGTCAACATGGAGAAACCTCGTCTCTACTAAGAATACAAAAATTAGCTGGGCATGGTGGCGCATGCCTGTAATCCCAGCTACTCAGGAGGCTGAGGCAGGAGAATCACTTGAACCCGGAAGGTGGAGGTTGCAGTGAGCCAAGATCGCGCCATTGCACTCCAGCCTGGGTGACAGAGCAAGACTCTGTCTTGAAAAAAAAAAAAAAA","GGCCAGGCGCAGGGGCTCACACTTGTAATCCCAGCACTTTGCGAGGCTGAGGTGGGCGGATCATGAGGTCAAGAGTTCGAGACCATTCTGGCCAACATGGAGAAACCTCGTCTCTACTAAGAATACAAAAATTAGCTGGGCATGGTGGCGCATGCCTGTAATCCCAGCTACTCAGGAGGCTGAGGCAGGAGAATCGCTTGAACCCGGAAGGTGGAGGTTGCAGTGAGCCAAGATCATGCCATTGCACTCCAGCCTGGGTGACAGAGCAAGACTCTGTCTTGAAAAAAAAAAAAAAA"
"chr1","1884170","1884459","chr7","49469407","49469699","30","47585237","GGCCGGGTGTGGTGGCTCATGCCTGTAATCCCAGCACTTTGGGAGGCCAAAGCAGTAGATCATGAGGTCAGGAGTTGGAGACCAGCCTGGCCAATATGGTGAAACCCTGTCTTTACTAAAAATACAAAAATTAGCCAGGCATGGTGGCGTGTGCCTGTAGTCCCAGCTACTCAGGAGGCTGAGGCAGGAGAATGGCATGAACCCAGGAAGCGGAGCTTGCAGTAAGCCGAGATCATGCCACTGCTCTCCAGCCTGGGTGACAGAGCAAGACTCTGTCTCAAAAAAAAAAA","GGCCTGGTGTGGTGGTTCATGACAGTAATCCCAGCACTTTGGGAGGCCGAGGCGGTAGGATCATGAGGTCAGGAGTTCGAGACCAGCCTGACCAACATGGTAAAACCCTGTCTCTACTAAAAATACAAAAATTAGCCAGGCTTGGTGGTGTGTGCCTATAGTCCCAGCTACTCAGGAGGTTGAGGCAGGAGAATTGCCTGAACCCGGGAGGCGGAGCTTACAGTGAGCTGAGATCATGCCACTGCACTCCAGCCTGGGTGAGAGAGCAAGACTCCATCTCAAACAAACAAAAA"
"chr1","1890989","1891290","chr5","2324109","2324406","7","433120","GGCTGGGTGCAGTGGCTCATGCCTGTAATCCCAGCACTTTGGGAGGCTGAGGCGGGTGGATCACGAGGTCAGGAGTTTGAGACCAGCCTGACCAACATGGTGAAACTGCATCTCTACTAAAAACACAAAAATTAGCCAGGCATGGTGGCACGCACCTGTAATCCCAGCTACTCAGGAGGCTGACGCAGAACTACTTGAATCCAGGAGGTGCAGGTTGCAGTGAGCCGAGATTGCACCACGGCACTCTAGCCTGGGTGACAGAGCAAGACTCTGTCTCAAAAAAAAAAAAAAAAAAAAAAAAA","GGCTGGGTGCAGTGGCTCATGCCTGTAATCCCAGCACTTTGGGAGGCTGAGGCGGGTGGATCACGAGGTCAGGAGTTTGAGACCAGCCTGACCAACATGGTGAAACTGCGTCTCTACTAAAAACACAAAAATTAGCCAGGCATGGTGGCACGCGCCTGTAATCCCAGCTACTCAGGAGGCTGACGCAGAACTACTTGAATCCAGGAGGTGCAGGTTGCAGTGAGCCGAGATTGCACCATGGCACTCTAGCCTGGGTGACAGAGCAAGACTCTGTCTCAAAAAAAAAAAAAAAAAAAAA"
"chr1","1899137","1899434","chr5","2315302","2315582","17","416165","GCCAGGCACGGTGGCTCATGCCTGTAATCCCAGCACTTTGGGAGGCTGAGGTGGACAGATCATGAGTTCAGGAGTTCGAGACCAGCCTGACCAACATGGTGAAACCCTGTCTCTACTAAAAATAGAAAAATTAGCTGGGCATGGTGGAGCACACCTGTAATCCCAGCTACTCCGGAGGCCGAGGCAGGAGAATCACTTGAACCGGCAGGCAGAGTTGCAGTGAGCCGAGATTATGCCACTGCATCCAGCCTGGGCGACAGAGCAAGACTCCGTCTCAAAAAAAAAAAAAAAAAAAAAA","GCCAGGCACGGTGGCTCATGCCTGTAATCCCAGCACTTTGGGAGGCTGAGGTGGACAGATCATGGTTCAGGAGTTCGAGACCAGCCTGACCAACATGGTGAAACCCTGTCTCTACTAAAAATAAAAAATAGCTGGGCATGGTGGAGCACACCTGTATCCCAGCCGAGGCAGGAGAATCACTTGAACCGGCAGGCAGAGTTGCAGTGAGCCGAGATTATGCCACTGCATCCAGCCTGGGCGACAGAGCAAGACTCCGTCTCAAAAAAAAAAAAAAAAAAAAA"
"chr1","1901390","1901662","chr5","2313068","2313344","9","411678","GGCCGGGCGCGATGGTTCATGCCTATAATCCCAGCACTTTGGGAGGCTGAGGTGGGCGGATCACAAGGTCAGGAGTTTGAGACCAACCTGGCCAAAATGATGAAACCTTGTCTCTACTAAAAATACAAAACTTAGCTGGGTGTGGTAGCATGCACCTATAATCCCACCTACTCGGGAGGCTGAGGCAGGAGAATTGTTTGAACCCAGGAGGAGGAGGTTGCAGCGAGCCAAGATCACACCACTGCACTCCAGCCTGGGTTACAGAGTAACACT","GGCCAGGCGCGATGGTTCATGCCTATAATCCCAGCACTTTGGGAGGCTGAGGTGGGCGGATCACAAGGTCAGGAGTTTGAGACCAACCTGGCCAAAATGATGAAACCTTGTCTCTACTAAAAATACAAAACTTAGCTGGGTGTGGTAGCATGCACCTATAATCCCAGCTACTCAGGAGGCTGAGGCAGGAGAATTGTTTGAACCCAGGAGGAGGAGGTTGCAGCGAGCCAAGATCACACCACTGCACTCCAGCCTGGGTGACAGAGTAAGACTCTGT"
"chr1","2004813","2005126","chr18","68627961","68628269","44","66623148","GCCAGGCGCAGTGGCTCAGGCCTGTAATCCCAGCACTTTGGGAGGCTGAGGCGGGCAGATCACAAGGTCAGGAGTTCGAGACCATCCTGGCCAATATGGTGAAACCCTGTCTTTACTAAAAATACAAAAATTATCCAGGTGTGGTGGTGGGTGCCTGTAGTTCCAGCTACTTGGGAGGCTGCAGGAGAATCGCTTGAACCCGATTGGGAGGCGGAGGTTGCAGTCAGTGAGCCAAGATTTTGCCACTGCACTCCAGTCTGGGCGACAGAGCGAGACTCCATCTCAAAAAAAAGAGAGAAAGAAAAGAAAAACAA","GGCCAGGGGCGGTGGCTCACTCCTGTAATCCCAGCACTTTGGGAGGCCAAGGTGGGTAGGTCACAAGGTCAGGAGTTCGAGACCAGCCTGACCAACATGGTCAAACCCCGTCTCTACTAAAAATACAAAAATTAGCCAGGTGTGGTGGCAGGTGCCTGTAGTCCCAGCTACTCAGGAGGCTGAAGCAGGAGAATCGCTTGAACCTGGGAGGCAGAGTTTGCAGTGAGCCAAGATCATGCCACTGCACTCCAGCCTGGGCGACAGAGTGAGACTCCATCTCAAAAAAAAAGAAAAGAAAAGAAATGAAAA"
"chr1","2006379","2006694","chr5","2154849","2155162","7","148470","GGCCAGGGGCAGTAGCTCACACCTGTAATCCTAGCACTTTGGAAGGCTGAGGTGGGCAGATCACAAGGTCAGGAGTTCAAGAACAGCATGGCCAACATGGTGAAACCCCGTCTCTTCTAAAAATACAAAAATTAGCTGGGCAGGGTGGTGCGTGCCTGGAATCCCAGCTGCCCGGGAGGCTGAGGCAGGAGAATTGGTTGAACCAGGACTCTGGAAGCGGAGGCTGCAGTGAGCTGAGATGACACCACTGCACTCCAGCCTGGGCTACAGAGCGAGACTCTATCTCAAAAAAAAAAAAAAAAGAAAAGAAAAGAAA","GGCCAGGGGCAGTAGCTCACACTTGTAATCCTAGCACTTTGGGAGGTTGAGGTGGGCAGATCACAAGGTCAGGAGTTCAAGAACAGCATGGCCAACATGGTGACACCCCATCTCTTCTAAAAATACAAAAATTAGCTGGGCAGGGTGGTGCGTGCCTGGAATCCCAGCTGCCCGGGAGGCTGAGGCAGGAGAATTGGTTGAACCAGGACTCTGGAAGCGGAGGCTGCAGTGAGCTGAGATGACACCACTGCACTCCAGCCTGGGCTACAGAGCGAGACTCTATCTCAAAAAAAAAAAAAAAAAAAAGAAAGAAA"
"chr1","2071654","2071976","chr5","2088002","2088318","14","16348","GGCTGGGTGCAGTGGCTAATGCCTGTAATCCCAGCACTTTAAGAGGCCTAGGCCAGCAGATCACAAGGTCAGGAGTTCGAGACCAGCCTGGCCAATATGGTGAAACCCCATCTCTACTAAAAATACAAAAATTAGCTGGGCGTGCCTGTAATCCCAGCTGCCTGGGTGGTGGGTGCCTGTAATACCAGCTACTCAGTAGGCTGAGGCAGGAGAATCGCTTGAACCCAAGAGGCAGAGATTGCAGTGAGCTGAGATCACGCTATTGCATTGCAGCCTGGGTGACAGAGTGAGACTCTGTCTCCAAAAAAAAAAAAAAAAAAAAA","GGCTGGGTACAGTGGCTAATGCCTGTAATCCCAGCACTTTAAGAGGCCTAGGCCAGCAGATCACAAGGTCAGGAGTTCGAGACCACCCTGGCCAATATGGTGAAACCCCATCTCTACTAAAAATACAAAAATTAGCTGGGCGTGCCTGTAATCCCAGCTGCCTGGGTGGTGGGTGCCTGTAATCCCAGGTACTCAGTAGGCTGAGGCAGGAGAATCGCTTGAACCCGAGAGGCAGAGATTGCAGTGAGCAGAGATCACGCTATTCCATTGCAGCCTGGGTGACAGAGTGAGACTCTGTCTCAAAAAAAAAAAAAAGA"
"chr1","2127710","2128011","chr5","2030807","2031108","7","96903","GGCCGGGCACAGTGGCTCACGCCTGTAATTACAGCACTTTGGGAGGCCAAGTTGGGCAGATCACAAGGTCAGGAGTTTGAGACCAGCCCTGCCAACATGGTAAAACCCCAGCTCTACTAAAAATACAAGAATTAGCTGGGCATGGTGGTATGCTCCTGTAATCCCAGCTACTCGGGAGGCTGAGACAGGAGAATCGCTTCAACACAGAAGTGGAGGCTGCAGTGAGCCGAGATCATACCACTGTACTCCAGTCTGGACAAGTGAGCAAGACTCCGTCTCCAGGGGAAAAAAAAAAAAAAAAA","GGCCGGGCATGGTGGCTCACGCCTGTAATTACAGCACTTTGGGAGGCCAAGTTGGGCAGATCACAAGGTCAGGAGTTTGAGACCAGCCTTGCCAACATGGTAAAACCCCAGCTCTACTAAAAATACAAGAATTAGCTGGGCATGGTGGTGTGCTCCTGTAATCCCAGCTACTCGGGAGGCTGAGACAGGAGAATCGCTTGAACACAGAAGTGGAGGCTGCAGTGAGCCAAGATCATACCACTGTACTCCAGTCTGGACAAGTGAGCAAGACTCCGTCTCCAGGGAAAAAAAAAAAAAAAAAA"
"chr1","2140474","2140787","chr5","2016572","2016885","1","123902","GGCTGGGCATAGTGGCTCATGCCTGTAATCCCAGCACTTTGGGAGGTCGAGGTGGGTGGATCACAAGGTCAGGAGTTCACGACCAGCACCAGCCTGGCCAACATGGTGAAATCCCGTCTACTAAAAATACACACACACAAAATTAACCGGGCGTGGTGGCACACACTTGTAATACCAGCTACTCAGGAGGCTGAGGCAGGAGAATCGCTTGAACCCGGGTGGCAGAGCTTTCAGTGAGCCGAGATTGGGCCATTGTACTCCAGTCTGGGCGACAGCGAAACTCCATCTCAAACAACAACCATAACAACAAAAAA","GGCTGGGCATAGTGGCTCATGCCTGTAATCCCAGCACTTTGGGAGGTCGAGGTGGGTGGATCACAAGGTCAGGAGTTCACGACCAGCACCAGCCTGGCCAACATGGTGAAATCCCGTCTACTAAAAATACACACACACAAAATTAACCGGGCGTGGTGGCACACACTTGTAATACCAGCTACTCAGGAGGCTGAGGCAGGAGAATCGCTTGAACCCGGGTGGCAGAGCTTTCAGTGAGCTGAGATTGGGCCATTGTACTCCAGTCTGGGCGACAGCGAAACTCCATCTCAAACAACAACCATAACAACAAAAAA"
"chr1","2190152","2190458","chr13","107799953","107800258","41","105609801","GGCCGGGCCCGGTGGCTCACACCTGTAATCCCAACACTTTCGGAGACTGAGGTGGGCAGATCACGAGGTCAGAGTTCAAGACCAGCCTGGCCAACATGGTGAAACCCCATCTCTAATAAAAATTTAAAAATCAGCTGGGCATGGTGGAATGTTCCTGTAATCCCAGCTACTTGGGAGGCTGAGGCAGGAGAACTGCTTGAACTGGGACCCGGGAGGCGGAGCTTGCAGTGAGCCGAGATGGCACCACTGCACTCCAGCCTGGGCTACAGAGCGAGACTCGCCTCAACAACAACAACAAAACATAAAA","GGCCGGGCACAGTGGCTCATGCCTGTAATCCTAGCACTTTGGGAGGCCAAGGTAGGCAGATCACAAGGTCAGGAGTTCAAGACCAGCCTGGCCAACATGGTGAAACCCCGTCTCTACAAAAATGCAAAAATTAGCTGGGCATGGTGGTGTGTTCCTGTAATCCCAGCTACTCAGGAGGCTGAGGCAGGAGAATTGCTTGAACTGGGACCCAGGAGGCAGAGGTTGCAGTGAGCCGAGATCGCGCCACTCTACTCCAGACCGGGCTACAGAGTGAGACTCCGCCTCAAAAAAAAAAAAAAAAAAAAA"
"chr1","2191406","2191685","chr5","1961414","1961691","7","229992","GGCCAGGCGTGGTGGCTCACGCCTGTAATCCTAGCACTTTGGGAGGCTGTGGCGGGCGGATCACAAGGTCAGGAGTTTGAGACCAGCCTCGCCAATATGGTGAAACCCTGTCTCTACTAAAAATACAAAAATTAGCCGGGCGTGGTAGTGCATGCCTATCATCTCAGCTACTTGGGAGGCCGAGGCAGGAGAATCACTTGAACCTGGGAGGTGGAGGTTGCAGTGAGCCAAGACTGTGCCATTACACCCCAGCCTAGGCGATAGAGTGAGACTCCGTCCC","GGCCAGGCGTGGTGGCTCATGCCTGTAATCCTAGCACTTTGGGAGGCTGTGGCGGGTGGATCACAAGGTCAGGAGTTTGAGACCAGCCTGGCCAATATGGTGAAACCCTGTCTCTACTAAAAATACAAAAATTAGCCGGGCGTGGTAGTGCATGCCTATCATCTCAGCTACTTGGGAGGCCAAGGCAGGAGAATCACTTGAACCTGGGAGGTGGAGGTTGCAGTGAGCCAAGACTGTGCCATTACACCCCAGCCTAGGCGACAGAGTGAGACTCCGTC"
"chr1","2203438","2203676","chr5","1945955","1946200","9","257483","GAGGCTGAGCCGGGCAGATCATTTGAGACCAGCCTGGCCAACATGATGAAATCCTGTCTCTACTAAAATACAAAAATTAGCTGGGCGTGGTGGCGCAGCCTGTGATCCCCTCGGGAGGCTAAGGCAGGAGAATCGCTTGAACCCAGGAGGCGGAGGTTACAGTGAACCGAGATTACACCACTACATTCCAGCCTGGGTGACAGAGCGAGACCCTGTCTCAAAAAAAAAAAAAAAAAGAA","GAGGCTGAGCCGGGCAGATCATTTGAGACCAGCCTGGCCAACATGATGAAATCCTGTCTCTACTAAAATACAAAAATTAGCTGGGCGTGGTGGCGCAGCCTGTGATCCCAGCTACTCAGGAGGCTAAGGCAGGAGAATCGCTTGAACCCAGGAGGCGGAGGTTACAGTGAACCGAGATTACACCACTACATTCCAGCCTGGGCGACAGAGCGAGACCCTGTCTCAAAAAAAAAAAAAAAAAAAGAA"
"chr1","2326118","2326406","chr5","1817085","1817387","17","509033"
"chr1","2330943","2331229","chr5","1812028","1812313","6","518915"
"chr1","2337846","2338141","chr1","8038697","8038989","40","5700851"
"chr1","2341003","2341293","chr5","1803150","1803442","4","537853"
"chr1","2346901","2347193","chr10","30357621","30357916","33","28010720"
"chr1","2377433","2377732","chr5","1765070","1765365","7","612363"
"chr1","2382144","2382446","chr6","73144321","73144623","36","70762177"
"chr1","2709175","2709412","chr5","1346179","1346417","4","1362996"
"chr1","2991875","2992179","chr4","1527672","1527974","33","1464203"
"chr1","3077701","3078006","chr5","980444","980753","12","2097257"
"chr1","3094660","3094915","chr14","2406676","2406932","32","687984"
"chr1","3136499","3136789","chr5","916956","917257","26","2219543"
"chr1","3227352","3227640","chr5","826717","827010","15","2400635"
"chr1","3284347","3284650","chr5","772502","772807","4","2511845"
"chr1","3291906","3292119","chr9","114968732","114968944","27","111676826"
"chr1","3310188","3310452","chr5","746955","747217","5","2563233"
"chr1","3339383","3339568","chr5","717463","717648","8","2621920"
"chr1","3368387","3368690","chr5","686802","687108","9","2681585"
"chr1","3400105","3400402","chr5","656140","656435","7","2743965"
"chr1","3500001","3500305","chr5","552536","552828","22","2947465"
"chr1","3523690","3523987","chr14","19350620","19350914","44","15826930"
"chr1","3570358","3570651","chr15","6597401","6597693","40","3027043"
"chr1","3570712","3570960","chr19","7061581","7061834","28","3490869"
"chr1","3603811","3604108","chr3","135899968","135900264","49","132296157"
"chr1","3670878","3671177","chr5","368018","368317","3","3302860"
"chr1","3704819","3705112","chr5","342455","342754","12","3362364"
"chr1","3708309","3708608","chr5","338127","338416","16","3370182"
"chr1","3708838","3709149","chr9","52253808","52254116","45","48544970"
"chr1","3718667","3718962","chr4","1179209","1179510","46","2539458"
"chr1","3720203","3720502","chr5","326246","326533","17","3393957"
"chr1","3737809","3738090","chr5","310295","310548","32","3427514"
"chr1","3747144","3747430","chr5","301404","301713","31","3445740"
"chr1","3770916","3771218","chr5","281504","281805","2","3489412"
"chr1","3786647","3786952","chr2","94680090","94680393","37","90893443"
"chr1","3799529","3799836","chr5","253789","254096","5","3545740"
"chr1","3815460","3815748","chr5","238198","238483","8","3577262"
"chr1","3940016","3940325","chr5","113911","114221","6","3826105"
"chr1","3987592","3987831","chr13","31646102","31646344","37","27658510"
"chr1","3991833","3992141","chr5","62486","62765","38","3929347"
"chr1","4033767","4034074","chr5","21319","21627","11","4012448"
"chr1","4112616","4112915","chr19","12055266","12055559","47","7942650"
"chr1","4182953","4183252","chr1","283167","283465","8","3899786"
"chr1","4246136","4246434","chr1","345227","345547","26","3900909"
"chr1","4258223","4258507","chr1","358640","358923","11","3899583"
"chr1","4357222","4357512","chr1","455703","455997","13","3901519"
"chr1","4363178","4363461","chr1","460937","461217","10","3902241"
"chr1","4368583","4368871","chr1","466791","467079","5","3901792"
"chr1","4382606","4382895","chr1","480594","480889","33","3902012"
"chr1","4564167","4564468","chr5","84621454","84621751","39","80057287"
"chr1","4589145","4589452","chr1","667855","668160","8","3921290"
"chr1","4589453","4589584","chr15","95204683","95204816","13","90615230"
"chr1","4592479","4592778","chr1","110589337","110589638","46","105996858"
"chr1","4633902","4634201","chr1","713006","713306","6","3920896"
"chr1","4636880","4637122","chr1","33078726","33078972","52","28441846"
"chr1","4642827","4643110","chr1","721733","722016","8","3921094"
"chr1","4658109","4658396","chr1","738300","738591","10","3919809"
"chr1","4682664","4682969","chr1","764514","764819","4","3918150"
"chr1","4725333","4725632","chr3","135899968","135900264","44","131174635"
"chr1","4746351","4746640","chr1","829034","829322","4","3917317"
"chr1","4767301","4767574","chr1","848202","848477","9","3919099"
"chr1","4793457","4793751","chr1","875055","875349","3","3918402"
"chr1","4844784","4844984","chr20","53327055","53327251","30","48482271"
"chr1","4845258","4845368","chr19","16013978","16014096","22","11168720"
"chr1","4894368","4894667","chr1","22531624","22531923","39","17637256"
"chr1","4912800","4913113","chr9","39043024","39043328","34","34130224"
"chr1","4955338","4955639","chr1","1035912","1036221","16","3919426"
"chr1","5155070","5155362","chr8","79544007","79544300","34","74388937"
"chr1","5172568","5172875","chr1","1258288","1258592","6","3914280"
"chr1","5214315","5214593","chr1","1300261","1300543","9","3914054"
"chr1","5216349","5216639","chr6","113171168","113171462","34","107954819"
"chr1","5228879","5229190","chr1","1314043","1314355","8","3914836"
"chr1","5334560","5334858","chr9","17622895","17623191","34","12288335"
"chr1","5890593","5890878","chr13","27759040","27759327","40","21868447"
"chr1","6053137","6053442","chrX","136971933","136972241","33","130918796"
"chr1","6585472","6585769","chr1","2700635","2700927","22","3884837"
"chr1","6826522","6826815","chr16","42689947","42690240","50","35863425"
"chr1","6978786","6979089","chr1","3269778","3270057","33","3709008"
"chr1","7071762","7072055","chr1","3371142","3371433","9","3700620"
"chr1","7276547","7276854","chr7","52975766","52976070","37","45699219"
"chr1","7413748","7414058","chr1","3709083","3709383","18","3704665"
"chr1","7719295","7719586","chr1","4013193","4013493","18","3706102"
"chr1","7941503","7941793","chr15","107810669","107810960","39","99869166"
"chr1","8042429","8042719","chr1","4342255","4342544","13","3700174"
"chr1","8078186","8078469","chr1","4376872","4377155","8","3701314"
"chr1","8080530","8080784","chr1","4379216","4379470","11","3701314"
"chr1","8129198","8129501","chr1","4420176","4420454","30","3709022"
"chr1","8171642","8171937","chr1","4460596","4460890","10","3711046"
"chr1","8346770","8347074","chr2","159817530","159817826","42","151470760"
"chr1","8526150","8526448","chr1","4815202","4815504","11","3710948"
"chr1","8549369","8549660","chr12","78417392","78417685","39","69868023"
"chr1","8726477","8726777","chr1","5009320","5009619","8","3717157"
"chr1","9076663","9077005","chr1","5366162","5366504","6","3710501"
"chr1","9098682","9098971","chr1","5388631","5388920","0","3710051"
"chr1","9191102","9191409","chr1","5481602","5481909","15","3709500"
"chr1","9230949","9231236","chr1","5520119","5520402","8","3710830"
"chr1","9250526","9250822","chr1","5538333","5538631","6","3712193"
"chr1","9266407","9266710","chr2","164040172","164040472","33","154773765"
"chr1","9285871","9286004","chr4","103795500","103795631","17","94509629"
"chr1","9370915","9371223","chr1","5657709","5658018","6","3713206"
"chr1","9379937","9380189","chr2","49016996","49017250","51","39637059"
"chr1","9385230","9385518","chr10","88937001","88937289","3","79551771"
"chr1","9386898","9387207","chr4","117496873","117497180","33","108109975"
"chr1","9430161","9430436","chr1","5714204","5714488","12","3715957"
"chr1","9430716","9431004","chr1","5714737","5715023","6","3715979"
"chr1","9474603","9474889","chr1","5758791","5759077","4","3715812"
"chr1","9475990","9476277","chr1","5760179","5760462","9","3715811"
"chr1","9520199","9520498","chr1","5801482","5801782","7","3718717"
"chr1","9549432","9549722","chr1","5829052","5829342","8","3720380"
"chr1","9557912","9558218","chr1","5837562","5837866","9","3720350"
"chr1","9568526","9568821","chr11","34016163","34016458","33","24447637"
"chr1","9585775","9586052","chr1","5865475","5865752","21","3720300"
"chr1","9596538","9596711","chr4","53164382","53164549","31","43567844"
"chr1","9633751","9634031","chr1","5912635","5912921","31","3721116"
"chr1","9639522","9639670","chr13","93124583","93124728","14","83485061"
"chr1","9644387","9644704","chr1","12281473","12281782","54","2637086"
"chr1","9794087","9794390","chr1","6081503","6081806","3","3712584"
"chr1","9801721","9802025","chr7","95157109","95157413","36","85355388"
"chr1","9808593","9808899","chr1","12281473","12281782","31","2472880"
"chr1","9869177","9869491","chr1","6157149","6157437","29","3712028"
"chr1","9891293","9891572","chr1","6179189","6179460","10","3712104"
"chr1","10005874","10006141","chr1","6294371","6294650","18","3711503"
"chr1","10146248","10146556","chr1","6439624","6439929","7","3706624"
"chr1","10376789","10377089","chr1","63216852","63217153","37","52840063"
"chr1","10550724","10551023","chr1","6835575","6835871","10","3715149"
"chr1","10687628","10687925","chr16","62956126","62956420","41","52268498"
"chr1","10727042","10727348","chr13","43474471","43474778","37","32747429"
"chr1","10808200","10808508","chr1","7098189","7098497","5","3710011"
"chr1","10817002","10817290","chr1","7106957","7107252","16","3710045"
"chr1","10830253","10830562","chr1","7121187","7121496","4","3709066"
"chr1","10837875","10838173","chr1","7128753","7129053","14","3709122"
"chr1","10842985","10843284","chr15","58063683","58063984","27","47220698"
"chr1","11010856","11011143","chr9","27439378","27439664","40","16428522"
"chr1","11029302","11029589","chr1","7319012","7319296","9","3710290"
"chr1","11047831","11048130","chr14","48938719","48939023","40","37890888"
"chr1","11053822","11054141","chr1","7347231","7347549","12","3706591"
"chr1","11094653","11094940","chr1","7387693","7387981","13","3706960"
"chr1","11125271","11125602","chr1","7439322","7439620","44","3685949"
"chr1","11218451","11218747","chr1","7533172","7533467","6","3685279"
"chr1","11222103","11222408","chr1","7536824","7537129","0","3685279"
"chr1","11241616","11241911","chr12","37959538","37959836","37","26717922"
"chr1","11284909","11285218","chr1","7599274","7599582","5","3685635"
"chr1","11313951","11314235","chr1","7627791","7628077","7","3686160"
"chr1","11374918","11375210","chr1","7688862","7689154","5","3686056"
"chr1","11396547","11396703","chrX","53947726","53947884","17","42551179"
"chr1","11445155","11445461","chr1","7760421","7760721","17","3684734"
"chr1","11529988","11530294","chr1","24946735","24947039","45","13416747"
"chr1","11536833","11537134","chr1","7852067","7852368","2","3684766"
"chr1","11563399","11563697","chr18","34881303","34881600","31","23317904"
"chr1","11611133","11611422","chr1","7916692","7916981","1","3694441"
"chr1","11617149","11617284","chr1","7923391","7923526","2","3693758"
"chr1","11626517","11626820","chr1","7933095","7933395","10","3693422"
"chr1","11633689","11633968","chr2","170122863","170123143","36","158489174"
"chr1","11741572","11741815","chr3","74292501","74292748","38","62550929"
"chr1","11743313","11743594","chr4","158887930","158888209","38","147144617"
"chr1","11750412","11750714","chr1","8060989","8061289","15","3689423"
"chr1","11761450","11761742","chr1","8075540","8075837","20","3685910"
"chr1","11846649","11846898","chr1","8161792","8162041","3","3684857"
"chr1","11848396","11848645","chr1","8161792","8162041","3","3686604"
"chr1","11954766","11955073","chr1","8267591","8267898","8","3687175"
"chr1","12020503","12020805","chr1","8336087","8336394","9","3684416"
"chr1","12069943","12070247","chr1","8387248","8387552","4","3682695"
"chr1","12137936","12138232","chr1","8456043","8456342","7","3681893"
"chr1","12213523","12213822","chr1","8530648","8530946","2","3682875"
"chr1","12266981","12267267","chr2","169647817","169648105","35","157380836"
"chr1","12286868","12287173","chr15","66269070","66269375","38","53982202"
"chr1","12354724","12355026","chr1","8676489","8676791","3","3678235"
"chr1","12355864","12356173","chr1","8678060","8678368","15","3677804"
"chr1","12357510","12357809","chr1","24862901","24863199","40","12505391"
"chr1","12368159","12368329","chr14","10246675","10246842","22","2121484"
"chr1","12376402","12376700","chr6","141350359","141350655","35","128973957"
"chr1","12424292","12424576","chr1","8742383","8742678","12","3681909"
"chr1","12467341","12467641","chr1","8784931","8785227","12","3682410"
"chr1","12494309","12494613","chr1","8810778","8811082","12","3683531"
"chr1","12552666","12552979","chr5","16888355","16888663","39","4335689"
"chr1","12604168","12604471","chr1","8923516","8923818","8","3680652"
"chr1","12630584","12630896","chr7","111555910","111556215","43","98925326"
"chr1","12636517","12636816","chr1","8954127","8954420","25","3682390"
"chr1","12664323","12664633","chr1","8983827","8984138","6","3680496"
"chr1","12762896","12763195","chr2","159817530","159817826","34","147054634"
"chr1","12773572","12773848","chr1","9092832","9093110","6","3680740"
"chr1","12790731","12791033","chr3","166477634","166477937","33","153686903"
"chr1","12823718","12824010","chrX","24598058","24598348","34","11774340"
"chr1","12824628","12824897","chr8","28361072","28361344","48","15536444"
"chr1","12827103","12827368","chr1","9160855","9161151","33","3666248"
"chr1","12887527","12887827","chr2","199686126","199686426","33","186798599"
"chr1","12902479","12902782","chr1","9249314","9249607","27","3653165"
"chr1","12930007","12930288","chr1","9278015","9278322","31","3651992"
"chr1","12981497","12981786","chr19","17878929","17879216","33","4897432"
"chr1","12990472","12990605","chr1","9337931","9338064","2","3652541"
"chr1","12990606","12990902","chr1","9338065","9338357","7","3652541"
"chr1","13061797","13062090","chr3","154421512","154421804","31","141359715"
"chr1","13075067","13075375","chr1","9424078","9424384","10","3650989"
"chr1","13075376","13075680","chr3","155129513","155129811","40","142054137"
"chr1","13081952","13082261","chr1","9433185","9433496","9","3648767"
"chr1","13100646","13100941","chr1","9453030","9453329","10","3647616"
"chr1","13104603","13104893","chr1","9456815","9457099","11","3647788"
"chr1","13176847","13177142","chr1","9537902","9538198","9","3638945"
"chr1","13187736","13188015","chr1","9548465","9548759","24","3639271"
"chr1","13192253","13192543","chr1","9575434","9575726","10","3616819"
"chr1","13226073","13226364","chr1","9611242","9611533","5","3614831"
"chr1","13236992","13237290","chr1","9622209","9622505","4","3614783"
"chr1","13241446","13241752","chr19","28568473","28568772","44","15327027"
"chr1","13269405","13269702","chr1","9660950","9661252","16","3608455"
"chr1","13299707","13299998","chr1","9689836","9690128","2","3609871"
"chr1","13321693","13322002","chr1","9713131","9713439","5","3608562"
"chr1","13381480","13381771","chr1","9771558","9771849","6","3609922"
"chr1","13408208","13408500","chr1","9798763","9799054","9","3609445"
"chr1","13416641","13416942","chr1","9807196","9807495","7","3609445"
"chr1","13420395","13420701","chr19","20631949","20632258","32","7211554"
"chr1","13432738","13433021","chr1","9824731","9825000","38","3608007"
"chr1","13476989","13477297","chr1","9868294","9868602","15","3608695"
"chr1","13587095","13587395","chr1","9979241","9979541","4","3607854"
"chr1","13734812","13735118","chr1","10127650","10127939","20","3607162"
"chr1","13782480","13782733","chr1","10174204","10174457","2","3608276"
"chr1","13803250","13803489","chr1","10193434","10193673","2","3609816"
"chr1","13865524","13865818","chr1","10251091","10251381","7","3614433"
"chr1","13912794","13913095","chr1","10316750","10317060","36","3596044"
"chr1","13914395","13914666","chr1","10320125","10320396","10","3594270"
"chr1","13978342","13978634","chr5","66767460","66767750","35","52789118"
"chr1","14071020","14071310","chr1","10480713","10481003","6","3590307"
"chr1","14104114","14104392","chr1","10512346","10512624","2","3591768"
"chr1","14118234","14118534","chr1","10529472","10529773","6","3588762"
"chr1","14126530","14126817","chr1","10539928","10540215","1","3586602"
"chr1","14220202","14220501","chr1","10634461","10634762","10","3585741"
"chr1","14510901","14511209","chr1","44004494","44004799","43","29493593"
"chr1","14576031","14576328","chr10","62513172","62513470","42","47937141"
"chr1","14640190","14640486","chr1","11056587","11056883","5","3583603"
"chr1","14645725","14646021","chr1","11062158","11062455","9","3583567"
"chr1","14780861","14781161","chr1","11199968","11200272","12","3580893"
"chr1","14781288","14781539","chr10","83270488","83270753","48","68489200"
"chr1","14790568","14790841","chr8","100252405","100252684","43","85461837"
"chr1","14868082","14868387","chr1","11299067","11299375","7","3569015"
"chr1","14907886","14908097","chr1","11340295","11340506","5","3567591"
"chr1","14973615","14973913","chrX","117758413","117758706","32","102784798"
"chr1","14977707","14978014","chr1","11416163","11416472","11","3561544"
"chr1","14987840","14988143","chr1","11426257","11426559","9","3561583"
"chr1","14990848","14991149","chr1","11429182","11429480","6","3561666"
"chr1","15017820","15018123","chr1","88257606","88257908","34","73239786"
"chr1","15036664","15036962","chr1","11475469","11475770","9","3561195"
"chr1","15082493","15082785","chr2","89428066","89428357","38","74345573"
"chr1","15174920","15175221","chr16","54767631","54767933","34","39592711"
"chr1","15219809","15220103","chr1","11657888","11658184","9","3561921"
"chr1","15227208","15227493","chr1","11665606","11665889","6","3561602"
"chr1","15306297","15306597","chr1","11743966","11744267","3","3562331"
"chr1","15316341","15316474","chr1","11754012","11754145","2","3562329"
"chr1","15326871","15327163","chr1","11764558","11764850","8","3562313"
"chr1","15343531","15343823","chr1","11781359","11781653","7","3562172"
"chr1","15387705","15387981","chr1","11826005","11826281","13","3561700"
"chr1","15419595","15419868","chr1","11859541","11859839","35","3560054"
"chr1","15491587","15491880","chr1","11932755","11933047","11","3558832"
"chr1","15535200","15535488","chr1","11975258","11975546","11","3559942"
"chr1","15556551","15556833","chr13","45653985","45654267","45","30097434"
"chr1","15710177","15710347","chr3","117850722","117850896","28","102140545"
"chr1","15733234","15733535","chr1","12154576","12154869","26","3578658"
"chr1","15736686","15736982","chr1","12154576","12154869","15","3582110"
"chr1","15746144","15746400","chr1","12162867","12163115","11","3583277"
"chr1","15814281","15814580","chr1","12199383","12199681","14","3614898"
"chr1","15830719","15830956","chr19","22075302","22075532","38","6244583"
"chr1","15859010","15859311","chr1","12242683","12242984","12","3616327"
"chr1","15860921","15861221","chr1","12244610","12244911","8","3616311"
"chr1","15897497","15897802","chr1","12281473","12281782","9","3616024"
"chr1","15915576","15915873","chr1","12299376","12299673","5","3616200"
"chr1","15922305","15922594","chr1","12305784","12306091","23","3616521"
"chr1","15927300","15927603","chr1","12310777","12311069","16","3616523"
"chr1","15954916","15955199","chr4","3211925","3212207","32","12742991"
"chr1","15961522","15961806","chr1","12344775","12345040","24","3616747"
"chr1","15978380","15978683","chr1","12361368","12361675","11","3617012"
"chr1","16058862","16059153","chr1","12447347","12447638","7","3611515"
"chr1","16080157","16080463","chr1","12469497","12469803","5","3610660"
"chr1","16095288","16095544","chr9","118047165","118047415","34","101951877"
"chr1","16198731","16199024","chr1","12586378","12586673","5","3612353"
"chr1","16396280","16396592","chr1","12785915","12786226","7","3610365"
"chr1","16445532","16445847","chr1","12833705","12834001","22","3611827"
"chr1","16468231","16468511","chr4","38092176","38092459","30","21623945"
"chr1","16496882","16497180","chr7","31624145","31624439","37","15127263"
"chr1","16517633","16517924","chr1","12904550","12904827","24","3613083"
"chr1","16599175","16599467","chr5","170170899","170171196","40","153571724"
"chr1","16685583","16685881","chr1","13082872","13083167","13","3602711"
"chr1","16825531","16825839","chr1","13223968","13224277","25","3601563"
"chr1","16904352","16904662","chr6","140690923","140691214","43","123786571"
"chr1","16917334","16917637","chr1","13315672","13315962","16","3601662"
"chr1","16960263","16960566","chr3","5459660","5459959","37","11500603"
"chr1","17132402","17132712","chr1","13528379","13528688","16","3604023"
"chr1","17137083","17137316","chr1","13533047","13533283","9","3604036"
"chr1","17166677","17166978","chr1","13562727","13563025","34","3603950"
"chr1","17250054","17250343","chr1","13646738","13647031","11","3603316"
"chr1","17329922","17330211","chr1","13727651","13727940","3","3602271"
"chr1","17358130","17358426","chr1","13756142","13756418","36","3601988"
"chr1","17407566","17407862","chr1","13805091","13805386","3","3602475"
"chr1","17414197","17414491","chr1","13812154","13812451","11","3602043"
"chr1","17420752","17421042","chr1","13818714","13819004","5","3602038"
"chr1","17492058","17492361","chr1","13888876","13889182","16","3603182"
"chr1","17633252","17633579","chr2","179582629","179582952","50","161949377"
"chr1","17659517","17659818","chr1","14055469","14055768","7","3604048"
"chr1","17668944","17669251","chrX","128012150","128012457","27","110343206"
"chr1","17732568","17732864","chr3","156323805","156324104","27","138591237"
"chr1","17759614","17759921","chr1","14153841","14154145","11","3605773"
"chr1","17812714","17813009","chr1","14210965","14211260","4","3601749"
"chr1","17833510","17833812","chr1","14231420","14231715","16","3602090"
"chr1","17855943","17856263","chr10","31743261","31743569","46","13887318"
"chr1","17904054","17904173","chr9","65590531","65590661","27","47686477"
"chr1","17992173","17992473","chr3","175632109","175632406","33","157639936"
"chr1","18001450","18001752","chr8","63724629","63724930","38","45723179"
"chr1","18014439","18014751","chr4","157336957","157337266","41","139322518"
"chr1","18028741","18028998","chr1","14456307","14456568","6","3572434"
"chr1","18041814","18042121","chr3","135899968","135900264","49","117858154"
"chr1","18051303","18051595","chr2","138093864","138094162","36","120042561"
"chr1","18064821","18065119","chr1","14494230","14494536","18","3570591"
"chr1","18078740","18079012","chr1","14507856","14508128","4","3570884"
"chr1","18085530","18085828","chr1","14514645","14514938","10","3570885"
"chr1","18127117","18127411","chr1","14555947","14556216","49","3571170"
"chr1","18127519","18127828","chr6","44327822","44328131","31","26200303"
"chr1","18151534","18151834","chr1","14579510","14579807","7","3572024"
"chr1","18164531","18164822","chr3","178720612","178720906","29","160556081"
"chr1","18247246","18247535","chr4","3356820","3357116","32","14890426"
"chr1","18272543","18272854","chr2","168391129","168391431","41","150118586"
"chr1","18273332","18273633","chr3","13202178","13202482","45","5071154"
"chr1","18274937","18275099","chr19","1249778","1249923","43","17025159"
"chr1","18304035","18304340","chr1","14772146","14772451","3","3531889"
"chr1","18320930","18321212","chr1","14789274","14789556","4","3531656"
"chr1","18325848","18326135","chr1","14795660","14795947","1","3530188"
"chr1","18347260","18347496","chr1","14815275","14815511","6","3531985"
"chr1","18381097","18381389","chr10","89703537","89703831","34","71322440"
"chr1","18457149","18457454","chr1","14928435","14928732","31","3528714"
"chr1","18575297","18575587","chr1","15046240","15046530","6","3529057"
"chr1","18670001","18670304","chr1","15142202","15142505","3","3527799"
"chr1","18749194","18749464","chr20","51869664","51869936","38","33120470"
"chr1","18754493","18754799","chr4","31898756","31899058","38","13144263"
"chr1","18761464","18761766","chr1","28685981","28686279","45","9924517"
"chr1","18772860","18773168","chr1","15245852","15246130","34","3527008"
"chr1","18793648","18793961","chr1","15266956","15267273","11","3526692"
"chr1","18805663","18805972","chr1","15278068","15278374","6","3527595"
"chr1","18816823","18817122","chr1","15292289","15292590","12","3524534"
"chr1","18827519","18827709","chr6","130237072","130237260","33","111409553"
"chr1","18827815","18827945","chr1","140336336","140336469","18","121508521"
"chr1","18857576","18857859","chr1","15333618","15333900","8","3523958"
"chr1","18860528","18860809","chr1","15336255","15336538","9","3524273"
"chr1","18957043","18957349","chr1","91686699","91687002","42","72729656"
"chr1","18973231","18973519","chr2","203167926","203168220","45","184194695"
"chr1","19055193","19055466","chr7","68438527","68438799","43","49383334"
"chr1","19056162","19056471","chr1","123830037","123830346","14","104773875"
"chr1","19229692","19229983","chr1","15659025","15659316","5","3570667"
"chr1","19273713","19274008","chr14","70057386","70057677","36","50783673"
"chr1","19300425","19300720","chr1","15728161","15728456","6","3572264"
"chr1","19310355","19310613","chr1","15737952","15738218","13","3572403"
"chr1","19330930","19331238","chr1","15757510","15757812","15","3573420"
"chr1","19358365","19358670","chr1","15785611","15785916","3","3572754"
"chr1","19362839","19363145","chr14","48938719","48939023","39","29575880"
"chr1","19370453","19370745","chr16","62065069","62065362","33","42694616"
"chr1","19552702","19553007","chr1","15976425","15976731","4","3576277"
"chr1","19657783","19658082","chr1","16085349","16085648","5","3572434"
"chr1","19716828","19717106","chr1","34227169","34227449","36","14510341"
"chr1","19733170","19733478","chr1","16165008","16165314","11","3568162"
"chr1","19742375","19742716","chr1","16175901","16176232","15","3566474"
"chr1","19762931","19763204","chr1","16194729","16195000","7","3568202"
"chr1","19779132","19779430","chr1","16214230","16214522","11","3564902"
"chr1","19788009","19788314","chr7","155089098","155089402","34","135301089"
"chr1","20090610","20090911","chr1","16528592","16528889","16","3562018"
"chr1","20095876","20096171","chr8","25384514","25384810","33","5288638"
"chr1","20172698","20173009","chr4","37791755","37792063","39","17619057"
"chr1","20314690","20314943","chr1","16770878","16771132","7","3543812"
"chr1","20660340","20660545","chr1","17123308","17123516","8","3537032"
"chr1","20725540","20725847","chr1","17188633","17188944","5","3536907"
"chr1","20732500","20732783","chr12","120877698","120877980","41","100145198"
"chr1","20966229","20966498","chr1","17434906","17435175","5","3531323"
"chr1","20974238","20974546","chr1","17442900","17443208","8","3531338"
"chr1","21016146","21016425","chr1","17483429","17483710","19","3532717"
"chr1","21301828","21302112","chr1","17777562","17777849","8","3524266"
"chr1","21306695","21307003","chr1","17782280","17782588","9","3524415"
"chr1","21318474","21318769","chr1","17794042","17794341","8","3524432"
"chr1","21319636","21319931","chr1","17795213","17795508","4","3524423"
"chr1","21347819","21348124","chr1","17822784","17823085","10","3525035"
"chr1","21351281","21351646","chr14","68493748","68494079","92","47142467"
"chr1","21459973","21460271","chr1","17943075","17943373","4","3516898"
"chr1","21486628","21486930","chr13","25338895","25339196","30","3852267"
"chr1","21505753","21506046","chr1","17989516","17989809","3","3516237"
"chr1","21536933","21537235","chr1","18020332","18020635","8","3516601"
"chr1","21545310","21545613","chr1","18029332","18029638","19","3515978"
"chr1","21571814","21572103","chr1","18057342","18057622","22","3514472"
"chr1","21578074","21578380","chr10","31743261","31743569","47","10165187"
"chr1","21646478","21646785","chr1","18132676","18132983","6","3513802"
"chr1","21774185","21774486","chr1","18262729","18263031","6","3511456"
"chr1","21784033","21784313","chr1","18273046","18273344","21","3510987"
"chr1","21797625","21797920","chr16","53122406","53122707","38","31324781"
"chr1","21806252","21806545","chr1","18295989","18296290","15","3510263"
"chr1","21856185","21856479","chr1","18342584","18342874","17","3513601"
"chr1","21866297","21866617","chr12","46234230","46234537","41","24367933"
"chr1","21869966","21870258","chr1","18355874","18356181","18","3514092"
"chr1","21907317","21907621","chr15","56843173","56843482","42","34935856"
"chr1","22094272","22094580","chr19","20631949","20632258","41","1462323"
"chr1","22127971","22128265","chr1","18620694","18620990","5","3507277"
"chr1","22133919","22134271","chr12","89890600","89890910","86","67756681"
"chr1","22152033","22152226","chr1","18641425","18641618","1","3510608"
"chr1","22153695","22154003","chr1","18643093","18643377","31","3510602"
"chr1","22195772","22196071","chr1","18684620","18684923","8","3511152"
"chr1","22201703","22202011","chr1","18691163","18691467","8","3510540"
"chr1","22266200","22266505","chrX","3672786","3673095","41","18593414"
"chr1","22490060","22490351","chr1","18990149","18990443","8","3499911"
"chr1","22617551","22617857","chr1","19118275","19118580","10","3499276"
"chr1","22642283","22642584","chr1","19143022","19143329","11","3499261"
"chr1","22859791","22860136","chr1","19364941","19365284","12","3494850"
"chr1","22880929","22881255","chr1","19387168","19387495","8","3493761"
"chr1","22896552","22896855","chr1","19402779","19403078","15","3493773"
"chr1","22899646","22899938","chr5","6465008","6465290","41","16434638"
"chr1","22902680","22902982","chr4","123382191","123382485","36","100479511"
"chr1","22913338","22913636","chr1","19420229","19420523","20","3493109"
"chr1","23065458","23065776","chr1","19571150","19571469","1","3494308"
"chr1","23095229","23095493","chr1","19601398","19601665","10","3493831"
"chr1","23099936","23100234","chr1","19606411","19606700","16","3493525"
"chr1","23123727","23124016","chr1","19629957","19630254","17","3493770"
"chr1","23140296","23140428","chr1","23580551","23580681","14","440255"
"chr1","23202231","23202527","chr1","19708403","19708710","16","3493828"
"chr1","23233037","23233333","chr1","19738579","19738875","5","3494458"
"chr1","23238809","23239121","chr1","19744104","19744415","6","3494705"
"chr1","23278116","23278412","chr3","177694365","177694663","34","154416249"
"chr1","23291012","23291300","chr1","19797126","19797414","5","3493886"
"chr1","23382956","23383235","chr1","19887719","19888024","30","3495237"
"chr1","23424739","23425028","chr1","19929737","19930015","19","3495002"
"chr1","23492064","23492349","chr4","30749508","30749793","37","7257444"
"chr1","23512290","23512582","chr1","20025273","20025562","5","3487017"
"chr1","23562621","23562915","chr1","20074520","20074815","15","3488101"
"chr1","23567168","23567468","chr1","20079551","20079854","24","3487617"
"chr1","23679462","23679761","chr15","58063683","58063984","31","34384221"
"chr1","23688733","23689041","chr1","20234318","20234626","10","3454415"
"chr1","23751582","23751887","chr1","20296664","20296968","5","3454918"
"chr1","23883008","23883303","chr1","20431925","20432212","14","3451083"
"chr1","23935353","23935648","chr1","20484223","20484515","7","3451130"
"chr1","23943718","23944021","chr1","20492511","20492814","2","3451207"
"chr1","23944622","23944883","chr1","20493411","20493673","3","3451211"
"chr1","23974300","23974585","chr1","20525319","20525602","4","3448981"
"chr1","23976435","23976738","chr1","20527464","20527767","3","3448971"
"chr1","23980993","23981270","chr1","20531964","20532240","4","3449029"
"chr1","23989924","23990190","chr1","20540523","20540790","4","3449401"
"chr1","24019469","24019768","chr7","41845808","41846107","29","17826339"
"chr1","24081359","24081652","chr1","20637293","20637585","7","3444066"
"chr1","24089948","24090233","chr1","20645889","20646171","6","3444059"
"chr1","24165486","24165780","chr8","38769998","38770292","36","14604512"
"chr1","24165791","24166082","chr1","20723757","20724048","5","3442034"
"chr1","24168997","24169293","chr1","20726967","20727267","17","3442030"
"chr1","24181358","24181655","chr1","20739038","20739343","33","3442320"
"chr1","24200088","24200380","chr1","20759295","20759586","18","3440793"
"chr1","24221219","24221515","chr6","131966421","131966716","30","107745202"
"chr1","24226513","24226804","chr1","20786135","20786425","5","3440378"
"chr1","24238423","24238725","chr1","20797394","20797698","6","3441029"
"chr1","24250626","24250938","chr1","20812116","20812428","3","3438510"
"chr1","24256654","24256918","chr4","114767301","114767578","40","90510647"
"chr1","24290843","24291136","chr1","20852719","20853016","26","3438124"
"chr1","24527544","24527843","chr10","86807338","86807647","40","62279794"
"chr1","24647415","24647730","chr1","86991391","86991700","42","62343976"
"chr1","24900692","24900983","chr1","21467152","21467443","6","3433540"
"chr1","24938185","24938494","chrX","123496597","123496905","31","98558412"
"chr1","24954771","24955079","chr1","21520714","21521026","7","3434057"
"chr1","25039519","25039823","chr13","39619795","39620096","39","14580276"
"chr1","25078516","25078825","chr1","21644560","21644858","20","3433956"
"chr1","25091887","25092185","chr1","21657903","21658202","7","3433984"
"chr1","25139184","25139502","chr11","48529880","48530195","37","23390696"
"chr1","25148235","25148539","chr14","23483610","23483918","32","1664625"
"chr1","25148986","25149292","chr1","21715452","21715758","7","3433534"
"chr1","25155005","25155310","chr1","21721661","21721966","9","3433344"
"chr1","25187597","25187888","chr1","21754268","21754538","27","3433329"
"chr1","25198809","25199104","chr1","21765024","21765316","4","3433785"
"chr1","25228853","25229120","chr1","21796236","21796503","7","3432617"
"chr1","25237362","25237657","chr1","21805408","21805702","6","3431954"
"chr1","25273107","25273381","chr1","21841158","21841447","17","3431949"
"chr1","25315361","25315630","chr1","21883486","21883767","16","3431875"
"chr1","25320996","25321283","chr1","21889221","21889507","9","3431775"
"chr1","25325901","25326174","chr1","131383154","131383394","81","106057253"
"chr1","25351452","25351751","chr7","33355426","33355726","38","8003974"
"chr1","25363094","25363397","chr1","21932357","21932664","6","3430737"
"chr1","25395310","25395625","chr1","21965761","21966069","13","3429549"
"chr1","25412375","25412659","chr1","21980795","21981070","16","3431580"
"chr1","25474910","25475195","chr1","22042700","22042980","9","3432210"
"chr1","25510577","25510876","chr1","22085638","22085940","7","3424939"
"chr1","25528299","25528608","chr11","50456629","50456938","36","24928330"
"chr1","25541476","25541765","chr1","22117425","22117720","8","3424051"
"chr1","25584559","25584843","chr1","22160089","22160370","6","3424470"
"chr1","25629273","25629588","chr1","30158455","30158766","42","4529182"
"chr1","25683738","25684040","chr1","22258209","22258501","26","3425529"
"chr1","25782190","25782486","chr16","43551468","43551764","28","17769278"
"chr1","25788759","25789051","chr1","22364781","22365075","7","3423978"
"chr1","25797985","25798294","chr1","22373320","22373619","16","3424665"
"chr1","25803572","25803872","chr1","22379519","22379813","12","3424053"
"chr1","25857684","25857987","chr4","119168220","119168524","39","93310536"
"chr1","25889375","25889675","chr1","22466196","22466496","4","3423179"
"chr1","25935862","25936170","chr1","22513706","22514012","5","3422156"
"chr1","25942966","25943273","chr4","157336957","157337266","41","131393991"
"chr1","25948025","25948334","chr1","12281473","12281782","35","13666552"
"chr1","25953353","25953649","chr1","22531624","22531923","4","3421729"
"chr1","25997059","25997358","chr1","22574790","22575082","13","3422269"
"chr1","26029931","26030237","chr6","41205679","41205983","29","15175748"
"chr1","26069282","26069583","chr1","22645682","22645981","5","3423600"
"chr1","26084113","26084402","chr1","22659723","22660012","6","3424390"
"chr1","26086311","26086623","chr1","22661913","22662207","32","3424398"
"chr1","26108490","26108783","chr1","22686661","22686942","29","3421829"
"chr1","26108789","26109086","chr1","22687140","22687453","32","3421649"
"chr1","26122538","26122851","chr16","48588291","48588602","47","22465753"
"chr1","26162791","26163100","chr7","134432694","134432999","38","108269903"
"chr1","26177521","26177827","chr1","21520714","21521026","42","4656807"
"chr1","26196022","26196330","chr1","22774399","22774706","4","3421623"
"chr1","26206834","26207140","chr1","22785845","22786149","7","3420989"
"chr1","26328230","26328535","chr1","22917180","22917488","9","3411050"
"chr1","26418368","26418648","chr1","23007049","23007342","13","3411319"
"chr1","26717778","26718007","chr1","23308384","23308613","5","3409394"
"chr1","26725835","26726130","chr1","23317228","23317523","1","3408607"
"chr1","26807387","26807693","chr1","23401136","23401442","7","3406251"
"chr1","26831809","26832104","chr1","92863912","92864206","31","66032103"
"chr1","26845405","26845701","chr1","23438899","23439195","1","3406506"
"chr1","26856883","26857185","chr1","23450010","23450299","21","3406873"
"chr1","26875756","26876039","chr1","23470183","23470466","8","3405573"
"chr1","26915269","26915557","chr8","129215565","129215852","49","102300296"
"chr1","26924325","26924618","chr1","23519961","23520272","32","3404364"
"chr1","26939945","26940246","chr1","221763087","221763382","43","194823142"
"chr1","26944994","26945299","chr14","105879031","105879340","39","78934037"
"chr1","26955568","26955852","chr1","23550375","23550664","11","3405193"
"chr1","26986510","26986640","chr1","23580551","23580681","0","3405959"
"chr1","27010077","27010367","chr1","23603987","23604277","4","3406090"
"chr1","27013857","27014064","chr4","34094909","34095114","35","7081052"
"chr1","27021853","27022164","chr1","23615869","23616177","7","3405984"
"chr1","27028973","27029262","chr1","23623311","23623605","9","3405662"
"chr1","27029513","27029797","chr1","23623856","23624143","6","3405657"
"chr1","27044993","27045284","chr1","23638791","23639083","6","3406202"
"chr1","27055991","27056285","chr5","16124720","16125017","37","10931271"
"chr1","27082136","27082433","chr1","23676339","23676640","5","3405797"
"chr1","27321132","27321417","chr7","95987161","95987444","50","68666029"
"chr1","27406349","27406642","chr1","24008099","24008390","3","3398250"
"chr1","27439818","27440100","chr1","24045961","24046243","4","3393857"
"chr1","27443611","27443869","chr1","24050058","24050317","5","3393553"
"chr1","27447720","27448000","chr7","138298701","138298983","35","110850981"
"chr1","27473518","27473829","chr1","24079802","24080113","5","3393716"
"chr1","27480999","27481291","chr1","24087324","24087617","2","3393675"
"chr1","27608833","27609118","chr9","11826020","11826307","43","15782813"
"chr1","27842668","27842969","chr1","24447882","24448171","29","3394786"
"chr1","27851043","27851337","chr1","24456248","24456546","12","3394795"
"chr1","27921007","27921269","chr1","24524895","24525155","9","3396112"
"chr1","27946622","27946919","chr15","64867704","64868011","36","36921082"
"chr1","28020733","28021016","chr6","152918820","152919108","32","124898087"
"chr1","28039371","28039648","chr5","48804342","48804621","28","20764971"
"chr1","28056505","28056792","chr1","24692873","24693160","9","3363632"
"chr1","28076133","28076424","chr1","24712528","24712819","6","3363605"
"chr1","28080320","28080612","chr1","24716071","24716363","0","3364249"
"chr1","28081153","28081459","chr1","24716903","24717210","7","3364250"
"chr1","28095471","28095759","chr1","24731533","24731820","14","3363938"
"chr1","28105190","28105484","chr1","24741829","24742123","16","3363361"
"chr1","28112105","28112404","chr1","24748416","24748713","11","3363689"
"chr1","28225673","28225973","chr1","24862901","24863199","6","3362772"
"chr1","28235081","28235392","chr1","24872678","24872987","6","3362403"
"chr1","28256634","28256948","chr1","24896378","24896688","11","3360256"
"chr1","28306162","28306342","chr1","24944551","24944745","14","3361611"
"chr1","28323693","28323988","chr1","24960849","24961148","10","3362844"
"chr1","28332107","28332424","chr1","24972355","24972663","17","3359752"
"chr1","28357468","28357776","chr1","24997787","24998095","7","3359681"
"chr1","28366640","28366907","chr1","25007405","25007673","4","3359235"
"chr1","28398341","28398625","chr19","40917289","40917571","39","12518948"
"chr1","28416171","28416449","chr1","25055376","25055680","33","3360795"
"chr1","28423675","28423964","chr1","25063142","25063429","6","3360533"
"chr1","28424006","28424317","chr1","25063465","25063770","13","3360541"
"chr1","28426026","28426318","chr1","25065476","25065767","3","3360550"
"chr1","28461044","28461337","chr1","25104057","25104345","9","3356987"
"chr1","28473987","28474285","chr3","177694365","177694663","36","149220378"
"chr1","28488894","28489209","chr7","125857986","125858299","38","97369092"
"chr1","28499468","28499744","chr1","25144024","25144301","11","3355444"
"chr1","28529384","28529688","chr1","83886632","83886939","40","55357248"
"chr1","28570037","28570340","chr1","25214922","25215226","3","3355115"
"chr1","28591335","28591624","chr1","25236718","25237001","10","3354617"
"chr1","28618433","28618737","chr1","25636423","25636725","38","2982010"
"chr1","28618759","28619060","chr1","25263091","25263392","6","3355668"
"chr1","28653147","28653459","chr1","25305748","25306056","10","3347399"
"chr1","28667347","28667642","chr6","33238170","33238464","44","4570823"
"chr1","28667911","28668209","chr17","85118788","85119081","37","56450877"
"chr1","28674332","28674637","chr1","25318944","25319245","6","3355388"
"chr1","28680879","28681130","chr1","25325054","25325307","8","3355825"
"chr1","28750394","28750690","chr8","36682979","36683274","43","7932585"
"chr1","28763930","28764238","chr1","25411986","25412294","4","3351944"
"chr1","28769567","28769812","chr4","85863805","85864052","44","57094238"
"chr1","28772210","28772507","chr1","25420094","25420399","12","3352116"
"chr1","28776510","28776807","chr1","25423775","25424063","16","3352735"
"chr1","28798446","28798750","chr1","25445573","25445874","5","3352873"
"chr1","28815574","28815880","chr1","25653768","25654072","38","3161806"
"chr1","28823139","28823433","chr1","25470482","25470773","6","3352657"
"chr1","28823708","28823995","chr1","25471048","25471336","6","3352660"
"chr1","28827768","28828070","chr1","25475099","25475398","7","3352669"
"chr1","28850374","28850677","chr1","25500589","25500892","7","3349785"
"chr1","28866760","28867042","chr1","25516609","25516890","5","3350151"
"chr1","28869492","28869718","chr19","22075302","22075532","48","6794190"
"chr1","28898481","28898774","chr1","25548404","25548694","7","3350077"
"chr1","28899984","28900287","chr1","25549902","25550208","8","3350082"
"chr1","28903977","28904271","chr1","25553906","25554194","13","3350071"
"chr1","28905201","28905490","chr4","18195927","18196217","43","10709274"
"chr1","28941731","28942038","chrX","128903017","128903324","40","99961286"
"chr1","28947581","28947882","chr3","61234051","61234347","38","32286470"
"chr1","28977007","28977297","chr1","25627944","25628231","9","3349063"
"chr1","28985516","28985814","chr1","25636423","25636725","7","3349093"
"chr1","28988638","28988933","chr1","25639866","25640159","6","3348772"
"chr1","29001053","29001328","chr4","157153008","157153285","45","128151955"
"chr1","29003176","29003481","chr1","25653768","25654072","3","3349408"
"chr1","29115239","29115541","chr1","25765440","25765742","3","3349799"
"chr1","29119967","29120262","chr4","107705127","107705419","7","78585160"
"chr1","29120747","29121010","chr2","106959277","106959534","45","77838530"
"chr1","29145454","29145743","chr1","25792109","25792401","8","3353345"
"chr1","29159092","29159387","chr1","25808301","25808590","12","3350791"
"chr1","29172948","29173261","chr1","25822125","25822420","24","3350823"
"chr1","29191401","29191712","chr1","25842640","25842948","5","3348761"
"chr1","29202401","29202700","chr18","51751171","51751467","30","22548770"
"chr1","29207659","29207975","chr9","94190632","94190943","39","64982973"
"chr1","29221176","29221468","chr1","25871701","25871993","3","3349475"
"chr1","29356201","29356334","chr1","26017684","26017817","6","3338517"
"chr1","29370499","29370783","chr1","26033312","26033596","2","3337187"
"chr1","29382297","29382573","chr1","219669666","219669935","39","190287369"
"chr1","29385253","29385542","chr1","26050036","26050325","6","3335217"
"chr1","29398999","29399335","chr1","26062354","26062662","33","3336645"
"chr1","29403853","29404112","chr19","11533464","11533734","45","17870389"
"chr1","29421351","29421642","chr1","26085363","26085662","10","3335988"
"chr1","29450052","29450360","chr3","161815476","161815753","66","132365424"
"chr1","29461059","29461366","chr1","26128157","26128451","18","3332902"
"chr1","29520611","29520875","chr1","26190558","26190821","5","3330053"
"chr1","29539834","29540137","chr14","50858068","50858374","43","21318234"
"chr1","29549607","29549900","chr1","26219569","26219860","5","3330038"
"chr1","29636465","29636769","chr1","26308345","26308650","4","3328120"
"chr1","29659682","29659882","chr1","26334145","26334330","17","3325537"
"chr1","29667219","29667513","chr1","26341327","26341616","11","3325892"
"chr1","29702467","29702766","chr1","26372309","26372605","4","3330158"
"chr1","29737211","29737520","chr1","26407813","26408122","7","3329398"
"chr1","29745464","29745631","chr1","26416081","26416248","2","3329383"
"chr1","29879035","29879336","chr1","26550155","26550451","7","3328880"
"chr1","29938642","29938948","chr1","26602603","26602902","16","3336039"
"chr1","29952184","29952474","chr1","26616377","26616666","9","3335807"
"chr1","29954279","29954562","chr1","26618474","26618730","32","3335805"
"chr1","29962978","29963290","chr1","26626863","26627162","17","3336115"
"chr1","30022903","30023202","chr1","26686207","26686506","1","3336696"
"chr1","30035863","30036163","chr1","26698969","26699267","10","3336894"
"chr1","30214940","30215252","chr13","39994519","39994827","34","9779579"
"chr1","30272522","30272796","chr1","26938840","26939134","26","3333682"
"chr1","30290578","30290882","chr1","26953517","26953812","13","3337061"
"chr1","30307766","30308062","chr1","26970551","26970850","4","3337215"
"chr1","30368632","30368933","chr1","27034817","27035122","7","3333815"
"chr1","30373890","30374187","chr1","27040104","27040402","5","3333786"
"chr1","30400123","30400417","chr1","27066855","27067160","18","3333268"
"chr1","30406835","30407140","chr1","27794889","27795194","46","2611946"
"chr1","30441313","30441607","chr5","169136946","169137240","43","138695633"
"chr1","30443115","30443418","chr16","25975302","25975604","29","4467813"
"chr1","30452045","30452344","chr1","52311437","52311735","37","21859392"
"chr1","30478717","30479000","chr1","27143728","27144011","3","3334989"
"chr1","30484445","30484693","chr1","27150432","27150682","16","3334013"
"chr1","30509868","30510164","chr1","27175245","27175541","7","3334623"
"chr1","30543016","30543313","chr14","126363673","126363976","38","95820657"
"chr1","30550950","30551248","chr1","27243298","27243603","8","3307652"
"chr1","30605242","30605548","chr1","27302910","27303216","4","3302332"
"chr1","30610921","30611202","chr1","27308626","27308918","16","3302295"
"chr1","30648155","30648437","chr1","27143728","27144011","40","3504427"
"chr1","30657171","30657470","chr1","27355896","27356196","5","3301275"
"chr1","30673795","30674082","chr1","27371440","27371728","3","3302355"
"chr1","30720115","30720398","chr1","27419682","27419965","6","3300433"
"chr1","30720427","30720708","chr1","27419994","27420277","4","3300433"
"chr1","30746905","30747201","chr3","39257913","39258210","36","8511008"
"chr1","30755615","30755773","chr1","27452826","27452988","9","3302789"
"chr1","30755855","30755887","chr7","114323883","114323919","9","83568028"
"chr1","30843423","30843731","chr8","89241994","89242295","31","58398571"
"chr1","30879247","30879545","chr10","82662941","82663232","37","51783694"
"chr1","30883681","30883977","chr1","27579518","27579815","5","3304163"
"chr1","30906247","30906565","chr1","27600567","27600850","36","3305680"
"chr1","30919943","30920213","chr1","27614176","27614446","2","3305767"
"chr1","30942257","30942561","chr1","27636537","27636839","6","3305720"
"chr1","30946018","30946316","chr1","27640045","27640344","23","3305973"
"chr1","30952356","30952645","chr1","27647304","27647593","5","3305052"
"chr1","30980129","30980443","chr1","27677292","27677606","6","3302837"
"chr1","30984697","30984983","chr1","27681426","27681714","12","3303271"
"chr1","30985741","30986043","chr1","27682761","27683059","10","3302980"
"chr1","30986930","30987251","chr2","179582629","179582952","44","148595699"
"chr1","31041619","31041910","chr15","11321438","11321730","43","19720181"
"chr1","31081588","31081887","chr2","143606063","143606365","32","112524475"
"chr1","31087683","31087974","chr1","27803480","27803773","8","3284203"
"chr1","31106802","31107095","chr1","27829080","27829375","7","3277722"
"chr1","31120092","31120384","chr1","27842122","27842432","23","3277970"
"chr1","31159887","31160047","chrX","16117936","16118096","22","15041951"
"chr1","31175920","31176211","chr1","27898093","27898386","6","3277827"
"chr1","31178883","31179181","chr3","2907703","2908000","33","28271180"
"chr1","31197571","31197858","chr4","30749508","30749793","29","448063"
"chr1","31200179","31200496","chr1","27922880","27923203","14","3277299"
"chr1","31315584","31315890","chr1","28051579","28051885","7","3264005"
"chr1","31318807","31319101","chr1","28054740","28055022","20","3264067"
"chr1","31343694","31343988","chr1","28080968","28081258","8","3262726"
"chr1","31353494","31353786","chr1","28090413","28090705","1","3263081"
"chr1","31355878","31356179","chr9","64467764","64468068","39","33111886"
"chr1","31388717","31389016","chr10","26272503","26272805","32","5116214"
"chr1","31393466","31393765","chr1","28132828","28133121","11","3260638"
"chr1","31394125","31394430","chr1","28133491","28133799","5","3260634"
"chr1","31396179","31396468","chr1","28135520","28135812","9","3260659"
"chr1","31415392","31415699","chr1","28155354","28155662","7","3260038"
"chr1","31439300","31439625","chr3","42669239","42669561","40","11229939"
"chr1","31453198","31453440","chr1","28193017","28193265","11","3260181"
"chr1","31462942","31463113","chr1","28206327","28206495","6","3256615"
"chr1","31472862","31473121","chr1","28216557","28216813","7","3256305"
"chr1","31841510","31841807","chr1","28590007","28590302","10","3251503"
"chr1","31871202","31871505","chr1","28619570","28619875","12","3251632"
"chr1","31911066","31911325","chr1","28659625","28659889","8","3251441"
"chr1","31937425","31937723","chr1","28685981","28686279","3","3251444"
"chr1","32169944","32170192","chr20","73865215","73865463","38","41695271"
"chr1","32185968","32186255","chr1","28936020","28936307","4","3249948"
"chr1","32187369","32187670","chr1","28937418","28937716","7","3249951"
"chr1","32737390","32737677","chr1","29501607","29501894","5","3235783"
"chr1","32791526","32791817","chr1","29560035","29560329","15","3231491"
"chr1","33061826","33062120","chr1","29889793","29890077","13","3172033"
"chr1","33064189","33064475","chr1","29892162","29892460","17","3172027"
"chr1","33122944","33123238","chr1","29951338","29951635","10","3171606"
"chr1","33177545","33177833","chr1","30007155","30007449","11","3170390"
"chr1","33204594","33204891","chr1","30034586","30034879","9","3170008"
"chr1","33217970","33218262","chr1","30047933","30048228","7","3170037"
"chr1","33277969","33278239","chr8","65515380","65515647","38","32237411"
"chr1","33278382","33278667","chr1","30110305","30110590","2","3168077"
"chr1","33284918","33285216","chr1","30116733","30117034","7","3168185"
"chr1","33311731","33312031","chr1","30142822","30143120","6","3168909"
"chr1","33325203","33325495","chr1","30156979","30157274","9","3168224"
"chr1","33326666","33326977","chr1","30158455","30158766","1","3168211"
"chr1","33338451","33338713","chr1","30170550","30170808","5","3167901"
"chr1","33376229","33376518","chr1","30212254","30212563","28","3163975"
"chr1","33378264","33378518","chr1","30214639","30214905","14","3163625"
"chr1","33400507","33400814","chr1","30238910","30239213","11","3161597"
"chr1","33421949","33422257","chr13","30550542","30550849","40","2871407"
"chr1","33477391","33477686","chr8","63724629","63724930","46","30247238"
"chr1","33510955","33511253","chrX","109556352","109556658","41","76045397"
"chr1","33518467","33518764","chr5","186601644","186601936","55","153083177"
"chr1","33538193","33538495","chr13","69330561","69330861","43","35792368"
"chr1","33669362","33669662","chr1","30516112","30516401","16","3153250"
"chr1","33716338","33716625","chr1","30558409","30558696","0","3157929"
"chr1","33798267","33798564","chr1","30643265","30643562","4","3155002"
"chr1","33803347","33803637","chr1","30648352","30648642","6","3154995"
"chr1","34018096","34018405","chr1","30864168","30864473","14","3153928"
"chr1","34026372","34026671","chr1","30872533","30872840","10","3153839"
"chr1","34063988","34064286","chr1","30907083","30907382","7","3156905"
"chr1","34087807","34088100","chr1","30930506","30930801","7","3157301"
"chr1","34090027","34090328","chr1","30932722","30933025","10","3157305"
"chr1","34105512","34105794","chr1","30948121","30948403","3","3157391"
"chr1","34114042","34114361","chr2","83776849","83777154","46","49662807"
"chr1","34125967","34126277","chr1","30969084","30969389","7","3156883"
"chr1","34146583","34146890","chr1","30988817","30989124","4","3157766"
"chr1","34149061","34149344","chr1","30991308","30991591","1","3157753"
"chr1","34149345","34149658","chr1","30991592","30991885","22","3157753"
"chr1","34151081","34151375","chr1","30993336","30993630","5","3157745"
"chr1","34157278","34157570","chr1","30999386","30999682","9","3157892"
"chr1","34174596","34174875","chr6","39764063","39764345","36","5589467"
"chr1","34183763","34184065","chr1","31024124","31024424","9","3159639"
"chr1","34204000","34204252","chr1","31044214","31044478","17","3159786"
"chr1","34219943","34220241","chr1","31061043","31061343","8","3158900"
"chr1","34242482","34242757","chr1","31079701","31079976","0","3162781"
"chr1","34251054","34251353","chr1","31088254","31088542","15","3162800"
"chr1","34265285","34265581","chr1","31102438","31102727","10","3162847"
"chr1","34277179","34277478","chr1","31115364","31115663","31","3161815"
"chr1","34278433","34278704","chr6","179129708","179129997","25","144851275"
"chr1","34294680","34294978","chr1","31131583","31131881","4","3163097"
"chr1","34316060","34316367","chr8","36590420","36590727","34","2274360"
"chr1","34324518","34324827","chr1","31162314","31162639","20","3162204"
"chr1","34358300","34358586","chr12","9256534","9256830","44","25101766"
"chr1","34370077","34370363","chr1","120455514","120455792","36","86085437"
"chr1","34372597","34372897","chr1","31212498","31212798","2","3160099"
"chr1","34472856","34473050","chr15","42230228","42230421","31","7757372"
"chr1","34483836","34484127","chr1","31330535","31330844","23","3153301"
"chr1","34490253","34490565","chr1","12523128","12523425","44","21967125"
"chr1","34491476","34491776","chr1","31337792","31338092","4","3153684"
"chr1","34563790","34564093","chr1","31415488","31415781","30","3148302"
"chr1","34568177","34568483","chr1","31421591","31421897","3","3146586"
"chr1","34667610","34667916","chr1","31522989","31523296","8","3144621"
"chr1","34682933","34683231","chrX","18764380","18764679","32","15918553"
"chr1","34723663","34723950","chr1","31580603","31580892","7","3143060"
"chr1","34762005","34762314","chr1","31617163","31617474","5","3144842"
"chr1","34791910","34792205","chr1","31646089","31646383","7","3145821"
"chr1","34813014","34813310","chr1","31668978","31669266","13","3144036"
"chr1","34845122","34845430","chr1","31701152","31701460","4","3143970"
"chr1","34856620","34856921","chr1","31713801","31714090","21","3142819"
"chr1","34873330","34873630","chr1","31733371","31733655","20","3139959"
"chr1","34875078","34875387","chr7","152675411","152675718","44","117800333"
"chr1","34881584","34881825","chr1","31741244","31741483","8","3140340"
"chr1","34894962","34895261","chr1","31754770","31755056","18","3140192"
"chr1","34907712","34908014","chr7","120524424","120524720","38","85616712"
"chr1","34948705","34948994","chr2","123634900","123635187","33","88686195"
"chr1","34949057","34949355","chr1","31808133","31808427","24","3140924"
"chr1","34961420","34961719","chr1","141208575","141208875","37","106247155"
"chr1","34977432","34977728","chr1","31838901","31839197","5","3138531"
"chr1","35024200","35024489","chr1","31885645","31885936","10","3138555"
"chr1","35029342","35029634","chr1","31890777","31891069","6","3138565"
"chr1","35042657","35042959","chr1","31904239","31904536","10","3138418"
"chr1","35069584","35069874","chr1","31931355","31931646","6","3138229"
"chr1","35140738","35141046","chr1","32004363","32004660","16","3136375"
"chr1","35168574","35168867","chr1","32031495","32031788","7","3137079"
"chr1","35204981","35205283","chr1","32067065","32067365","12","3137916"
"chr1","35226891","35227165","chr1","32089051","32089323","9","3137840"
"chr1","35257260","35257566","chr1","32119634","32119942","6","3137626"
"chr1","35286702","35286989","chr1","32146063","32146348","6","3140639"
"chr1","35321022","35321332","chr1","32180633","32180943","3","3140389"
"chr1","35334709","35334999","chr1","32196976","32197262","25","3137733"
"chr1","35358590","35358899","chr3","104925720","104926029","35","69567130"
"chr1","35378325","35378631","chr1","32280234","32280542","7","3098091"
"chr1","35408150","35408453","chr1","32312645","32312948","6","3095505"
"chr1","35528481","35528773","chr6","152918820","152919108","37","117390339"
"chr1","35558376","35558649","chr1","32462796","32463069","8","3095580"
"chr1","35608258","35608556","chr20","66680874","66681169","33","31072616"
"chr1","35650208","35650504","chr7","111938515","111938810","37","76288307"
"chr1","35712015","35712322","chr1","32618491","32618796","7","3093524"
"chr1","36089396","36089681","chr1","33005890","33006192","21","3083506"
"chr1","36158136","36158382","chr1","33078726","33078972","2","3079410"
"chr1","36382246","36382549","chr1","33303503","33303814","14","3078743"
"chr1","36438106","36438399","chr3","178720612","178720906","37","142282506"
"chr1","36455926","36456221","chrX","114655396","114655690","34","78199470"
"chr1","36665740","36666041","chr1","33580373","33580681","11","3085367"
"chr1","36773372","36773679","chr1","33687778","33688085","23","3085594"
"chr1","36953944","36954268","chr1","33868892","33869193","35","3085052"
"chr1","37040868","37041030","chr1","100917000","100917165","20","63876132"
"chr1","37041172","37041299","chr19","5401378","5401502","27","31639794"
"chr1","37067844","37068134","chr4","104910393","104910687","53","67842549"
"chr1","37072690","37072997","chr1","33986106","33986414","9","3086584"
"chr1","37087242","37087535","chr1","34001053","34001350","11","3086189"
"chr1","37185702","37186014","chr1","34099763","34100072","7","3085939"
"chr1","37212993","37213318","chr1","34125796","34126121","10","3087197"
"chr1","37237552","37237853","chr1","34152984","34153288","9","3084568"
"chr1","37246502","37246784","chr8","134653431","134653711","43","97406929"
"chr1","37284727","37285035","chr1","34208077","34208384","4","3076650"
"chr1","37333825","37334123","chr1","34259920","34260217","6","3073905"
"chr1","37370016","37370240","chr1","34296915","34297139","6","3073101"
"chr1","37430632","37430941","chr9","97514223","97514531","41","60083591"
"chr1","37452044","37452345","chr1","34378560","34378860","4","3073484"
"chr1","37478959","37479233","chr1","6096664","6096936","35","31382295"
"chr1","37480324","37480608","chr3","55216559","55216844","39","17736235"
"chr1","37502221","37502534","chr1","34416651","34416977","19","3085570"
"chr1","37516049","37516328","chr1","34430089","34430372","7","3085960"
"chr1","37642086","37642381","chr1","34558245","34558539","11","3083841"
"chr1","37661856","37662154","chr1","25636423","25636725","36","12025433"
"chr1","37727208","37727509","chr1","8456043","8456342","37","29271165"
"chr1","37760335","37760637","chr1","34675910","34676200","21","3084425"
"chr1","37821830","37822135","chr1","34739832","34740133","5","3081998"
"chr1","37864862","37865155","chr5","158161888","158162191","42","120297026"
"chr1","37886513","37886809","chr1","34802540","34802839","8","3083973"
"chr1","37920197","37920495","chr4","128264090","128264390","42","90343893"
"chr1","37924998","37925309","chr1","34840644","34840949","10","3084354"
"chr1","37964962","37965260","chr1","34882648","34882944","9","3082314"
"chr1","37973940","37974240","chr1","34891613","34891905","13","3082327"
"chr1","37990691","37990993","chr1","34912838","34913140","5","3077853"
"chr1","38004470","38004765","chr1","160590678","160590968","38","122586208"
"chr1","38013798","38014091","chr10","13855681","13855975","33","24158117"
"chr1","38022695","38022986","chrX","48051198","48051490","27","10028503"
"chr1","38171646","38171941","chr7","45709192","45709488","34","7537546"
"chr1","38206175","38206479","chr1","35124438","35124742","3","3081737"
"chr1","38226353","38226643","chr1","35143816","35144105","5","3082537"
"chr1","38233250","38233535","chr1","35150610","35150898","8","3082640"
"chr1","38256684","38256978","chr1","35174214","35174509","7","3082470"
"chr1","38262873","38263172","chr2","37156213","37156522","50","1106660"
"chr1","38331463","38331761","chr1","35250670","35250968","3","3080793"
"chr1","38333174","38333471","chr3","161692964","161693260","36","123359790"
"chr1","38334300","38334494","chr19","34280304","34280497","24","4053996"
"chr1","38389812","38390048","chr1","35308844","35309080","4","3080968"
"chr1","38475924","38476224","chr8","125861505","125861800","47","87385581"
"chr1","38520867","38521156","chr1","35449059","35449345","18","3071808"
"chr1","38524469","38524752","chr1","11310432","11310711","41","27214037"
"chr1","38532663","38532957","chr1","35460164","35460458","9","3072499"
"chr1","38549954","38550224","chr1","35476776","35477046","3","3073178"
"chr1","38586162","38586437","chr1","35512943","35513215","10","3073219"
"chr1","38591608","38591855","chr1","35518157","35518406","6","3073451"
"chr1","38656825","38657117","chr1","35582529","35582827","13","3074296"
"chr1","38690273","38690572","chr1","35613129","35613428","3","3077144"
"chr1","38711206","38711487","chr1","35633453","35633749","27","3077753"
"chr1","38770064","38770357","chr1","35694798","35695091","5","3075266"
"chr1","38780164","38780455","chr1","35704174","35704465","2","3075990"
"chr1","38807204","38807360","chr17","9080282","9080438","22","29726922"
"chr1","39027362","39027670","chr1","35947798","35948105","7","3079564"
"chr1","39093050","39093306","chr11","4511234","4511499","42","34581816"
"chr1","39300985","39301293","chr1","36221635","36221943","12","3079350"
"chr1","39589681","39589981","chr1","36511068","36511370","6","3078613"
"chr1","39646481","39646790","chr1","36571357","36571666","13","3075124"
"chr1","39667668","39667957","chr1","36592806","36593100","11","3074862"
"chr1","39737328","39737646","chr1","36658209","36658534","14","3079119"
"chr1","39765205","39765497","chr1","36686634","36686925","5","3078571"
"chr1","39775106","39775411","chr1","36696920","36697225","4","3078186"
"chr1","39796536","39796667","chr17","81741995","81742128","12","41945459"
"chr1","39802580","39802850","chr1","36729049","36729298","27","3073531"
"chr1","39805842","39806141","chr1","36732618","36732917","4","3073224"
"chr1","39823131","39823429","chr1","36748819","36749117","7","3074312"
"chr1","39838342","39838646","chr1","36764049","36764353","6","3074293"
"chr1","39842273","39842564","chr9","116392134","116392429","42","76549861"
"chr1","39880341","39880641","chrX","40224083","40224385","34","343742"
"chr1","40050666","40050963","chr1","36976021","36976318","4","3074645"
"chr1","40065269","40065570","chr1","36990878","36991184","8","3074391"
"chr1","40075014","40075192","chr4","132216428","132216604","20","92141414"
"chr1","40162534","40162840","chr1","37088423","37088728","10","3074111"
"chr1","40166804","40167093","chr1","37092690","37092995","18","3074114"
"chr1","40263936","40264231","chr1","37189202","37189492","13","3074734"
"chr1","40266941","40267219","chr1","37192272","37192550","3","3074669"
"chr1","40286736","40287034","chr1","37212211","37212504","12","3074525"
"chr1","40289747","40290034","chr11","116214085","116214356","45","75924338"
"chr1","40355768","40356079","chr1","37282407","37282718","8","3073361"
"chr1","40507296","40507586","chr1","37433533","37433823","3","3073763"
"chr1","40548112","40548409","chr1","37474449","37474746","3","3073663"
"chr1","40786957","40787255","chr1","37714638","37714935","10","3072319"
"chr1","40818922","40819202","chr1","37747256","37747539","6","3071666"
"chr1","40835843","40836141","chr1","37764424","37764722","4","3071419"
"chr1","41007605","41007914","chr16","20799633","20799942","34","20207972"
"chr1","41124133","41124442","chr1","38056036","38056345","8","3068097"
"chr1","41138294","41138589","chr1","38070014","38070308","5","3068280"
"chr1","41165586","41165874","chr10","40331841","40332132","42","833745"
"chr1","41168763","41168994","chr11","100086563","100086807","41","58917800"
"chr1","41189611","41189916","chr7","116917790","116918098","32","75728179"
"chr1","41205472","41205768","chr1","38146763","38147058","12","3058709"
"chr1","41221327","41221623","chr1","38308631","38308927","6","2912696"
"chr1","41227558","41227861","chr1","38315151","38315458","14","2912407"
"chr1","41232922","41233221","chr1","38320997","38321296","10","2911925"
"chr1","41283518","41283823","chr1","38381434","38381738","6","2902084"
"chr1","41294180","41294467","chr1","38392988","38393275","3","2901192"
"chr1","41316014","41316322","chr1","38414040","38414336","16","2901974"
"chr1","41376686","41376983","chr16","58679852","58680150","31","17303166"
"chr1","41400141","41400433","chr1","38499218","38499504","11","2900923"
"chr1","41457716","41457992","chr1","38557393","38557667","3","2900323"
"chr1","41501309","41501607","chr1","38601382","38601667","19","2899927"
"chr1","41557786","41558095","chr1","38658338","38658643","11","2899448"
"chr1","41591699","41592000","chr1","38691960","38692291","32","2899739"
"chr1","41716977","41717273","chr1","38819149","38819445","4","2897828"
"chr1","41736277","41736572","chr1","38838128","38838427","7","2898149"
"chr1","41761035","41761292","chr1","38862447","38862704","3","2898588"
"chr1","41779073","41779367","chr1","38880855","38881149","5","2898218"
"chr1","41788026","41788335","chr18","37259047","37259355","33","4528979"
"chr1","41797686","41797979","chr1","38894731","38895022","11","2902955"
"chr1","41859510","41859807","chr1","50522672","50522965","32","8663162"
"chr1","41895154","41895461","chr1","38990485","38990794","15","2904669"
"chr1","41900336","41900634","chr1","38995534","38995836","7","2904802"
"chr1","41990661","41990957","chr1","39079840","39080132","6","2910821"
"chr1","42038773","42039063","chr1","39127956","39128246","6","2910817"
"chr1","42059334","42059641","chr1","39150283","39150591","4","2909051"
"chr1","42065227","42065535","chr1","39156238","39156547","4","2908989"
"chr1","42070388","42070669","chr1","39161407","39161685","8","2908981"
"chr1","42075014","42075312","chr1","39167009","39167305","23","2908005"
"chr1","42077538","42077830","chr1","39169204","39169495","7","2908334"
"chr1","42092768","42093031","chr1","39184693","39184956","7","2908075"
"chr1","42109924","42110219","chr13","87502258","87502557","30","45392334"
"chr1","42131245","42131538","chr7","127358212","127358505","3","85226967"
"chr1","42176787","42177081","chr1","39283992","39284286","4","2892795"
"chr1","42179892","42180209","chr7","152675411","152675718","37","110495519"
"chr1","42184251","42184541","chr1","39292871","39293161","6","2891380"
"chr1","42211509","42211800","chr1","39322127","39322421","7","2889382"
"chr1","42218631","42218924","chr1","39329820","39330106","9","2888811"
"chr1","42226411","42226716","chr1","39337241","39337546","6","2889170"
"chr1","42276326","42276623","chr4","43934519","43934817","40","1658193"
"chr1","42299597","42299899","chr1","51251007","51251315","32","8951410"
"chr1","42316635","42316944","chr1","97443874","97444180","30","55127239"
"chr1","42329064","42329327","chr4","117420368","117420632","33","75091304"
"chr1","42330462","42330763","chr17","31230657","31230959","34","11099805"
"chr1","42371906","42372075","chr14","10246675","10246842","23","32125231"
"chr1","42389018","42389322","chr1","39503447","39503749","4","2885571"
"chr1","42418367","42418591","chr8","3726861","3727100","49","38691506"
"chr1","42506436","42506712","chr1","39629909","39630186","3","2876527"
"chr1","42520950","42521253","chr19","14298156","14298454","36","28222794"
"chr1","42710902","42711205","chr1","112494754","112495056","41","69783852"
"chr1","42718971","42719276","chr1","39859483","39859801","17","2859488"
"chr1","42738540","42738801","chr1","39879374","39879636","7","2859166"
"chr1","42747088","42747404","chr1","39887022","39887330","14","2860066"
"chr1","42754085","42754390","chr3","16359605","16359908","35","26394480"
"chr1","42812468","42812758","chr9","64699190","64699478","38","21886722"
"chr1","42844831","42845128","chr1","39984792","39985092","4","2860039"
"chr1","42849976","42850273","chr1","39989942","39990243","7","2860034"
"chr1","42890692","42890988","chr1","40029727","40030019","8","2860965"
"chr1","42923709","42923997","chr18","27319732","27320020","32","15603977"
"chr1","43060633","43060940","chr4","23233635","23233941","34","19826998"
"chr1","43123321","43123624","chr1","40262703","40263007","6","2860618"
"chr1","43137808","43138022","chr9","54584502","54584722","29","11446694"
"chr1","43149597","43149892","chr1","40290466","40290757","9","2859131"
"chr1","43150306","43150609","chr6","132612470","132612770","37","89462164"
"chr1","43190372","43190663","chr1","8038697","8038989","44","35151675"
"chr1","43223155","43223461","chr1","40367373","40367675","14","2855782"
"chr1","43231999","43232305","chr1","40376672","40376978","4","2855327"
"chr1","43278072","43278360","chr1","40422812","40423101","8","2855260"
"chr1","43424309","43424565","chr1","40552483","40552739","6","2871826"
"chr1","43498464","43498766","chr1","40627856","40628164","13","2870608"
"chr1","43786702","43787003","chr1","40958893","40959201","8","2827809"
"chr1","43941948","43942246","chr1","41117921","41118219","7","2824027"
"chr1","43944903","43945200","chr1","41120884","41121177","14","2824019"
"chr1","44010963","44011253","chr1","41187109","41187400","6","2823854"
"chr1","44052320","44052480","chr16","10610909","10611073","27","33441411"
"chr1","44052482","44052516","chr7","114323883","114323919","7","70271401"
"chr1","44278317","44278447","chr17","22211547","22211679","19","22066770"
"chr1","44331391","44331682","chr1","41514004","41514295","2","2817387"
"chr1","44362234","44362526","chr1","41545140","41545432","1","2817094"
"chr1","44401009","44401263","chr1","41585230","41585484","2","2815779"
"chr1","44408027","44408323","chr8","62923946","62924246","43","18515919"
"chr1","44438236","44438538","chr1","41622653","41622953","6","2815583"
"chr1","44581121","44581392","chr1","41768296","41768568","9","2812825"
"chr1","44670974","44671276","chr1","41859185","41859482","15","2811789"
"chr1","44825021","44825323","chr6","131966421","131966716","39","87141400"
"chr1","44859976","44860278","chr1","42050733","42051034","8","2809243"
"chr1","44868960","44869242","chr1","42059759","42060041","6","2809201"
"chr1","45128083","45128389","chr1","42365069","42365375","3","2763014"
"chr1","45131501","45131801","chr15","58063683","58063984","35","12932182"
"chr1","45161813","45162123","chr1","42398642","42398927","28","2763171"
"chr1","45169281","45169586","chr1","42405960","42406240","32","2763321"
"chr1","45181066","45181360","chr1","42417597","42417892","6","2763469"
"chr1","45182546","45182828","chr1","42419078","42419374","24","2763468"
"chr1","45183669","45183965","chr1","42420215","42420511","5","2763454"
"chr1","45197279","45197574","chr1","42433003","42433300","8","2764276"
"chr1","45245123","45245421","chr1","42484147","42484446","8","2760976"
"chr1","45265257","45265565","chr1","42504625","42504934","9","2760632"
"chr1","45524909","45525203","chr1","42727225","42727518","7","2797684"
"chr1","45559707","45559985","chr3","1882240","1882517","33","43677467"
"chr1","45567623","45567920","chr1","42768784","42769085","11","2798839"
"chr1","45570008","45570308","chr1","42771177","42771482","13","2798831"
"chr1","45594811","45595106","chr1","42796186","42796482","6","2798625"
"chr1","45846527","45846816","chr1","43047015","43047308","7","2799512"
"chr1","45968544","45968832","chr1","43168259","43168547","8","2800285"
"chr1","45997610","45997805","chr8","140151076","140151263","35","94153466"
"chr1","46017290","46017594","chr1","43216043","43216339","15","2801247"
"chr1","46042551","46042857","chr1","43241819","43242118","12","2800732"
"chr1","46058785","46059091","chr1","43258160","43258469","8","2800625"
"chr1","46104361","46104667","chr1","43302732","43303038","2","2801629"
"chr1","46107119","46107415","chr1","43305510","43305806","8","2801609"
"chr1","46230874","46231181","chr1","43432310","43432613","14","2798564"
"chr1","46245711","46246001","chr1","43447216","43447514","15","2798495"
"chr1","46359937","46360107","chr3","38706693","38706863","17","7653244"
"chr1","46381629","46381933","chr1","43628504","43628787","27","2753125"
"chr1","46384810","46385102","chr2","92215573","92215869","40","45830763"
"chr1","46405640","46405939","chr16","72733551","72733852","35","26327911"
"chr1","46680733","46681036","chr1","43932442","43932744","9","2748291"
"chr1","46709794","46710028","chr1","43961980","43962213","14","2747814"
"chr1","46751889","46752196","chr1","44004494","44004799","10","2747395"
"chr1","46757605","46757907","chr1","44009576","44009884","13","2748029"
"chr1","46801125","46801286","chr1","44054502","44054663","1","2746623"
"chr1","46836398","46836703","chr1","44090303","44090608","2","2746095"
"chr1","46840998","46841305","chr1","44094560","44094867","5","2746438"
"chr1","46855868","46856160","chr1","44109182","44109471","8","2746686"
"chr1","46968706","46969015","chr1","44220868","44221174","8","2747838"
"chr1","46993350","46993651","chr1","44245054","44245355","3","2748296"
"chr1","47004939","47005241","chr1","44256732","44257032","14","2748207"
"chr1","47005667","47005944","chr3","155177733","155178007","49","108172066"
"chr1","47018914","47019222","chr1","44270054","44270361","7","2748860"
"chr1","47066592","47066896","chr1","31997498","31997800","44","15069094"
"chr1","47085661","47085941","chr1","44334481","44334752","11","2751180"
"chr1","47115380","47115690","chr1","44364572","44364900","21","2750808"
"chr1","47152791","47153104","chr1","44402466","44402774","13","2750325"
"chr1","47156233","47156523","chr1","44406494","44406783","4","2749739"
"chr1","47185033","47185329","chr1","44436335","44436631","2","2748698"
"chr1","47260110","47260392","chr13","87151541","87151819","34","39891431"
"chr1","47286395","47286702","chr1","44548505","44548810","2","2737890"
"chr1","47306840","47307133","chr1","44568697","44568998","9","2738143"
"chr1","47359506","47359809","chr1","44621741","44622044","9","2737765"
"chr1","47529347","47529644","chr1","44789664","44789960","21","2739683"
"chr1","47604672","47604978","chr1","44948480","44948784","7","2656192"
"chr1","47608302","47608609","chr1","44952108","44952406","14","2656194"
"chr1","47614453","47614758","chr1","44957927","44958231","9","2656526"
"chr1","47706744","47707025","chr1","45052448","45052725","13","2654296"
"chr1","47714407","47714692","chr9","75840045","75840324","43","28125638"
"chr1","47717408","47717696","chr1","45063198","45063488","4","2654210"
"chr1","47719495","47719811","chr1","45065078","45065395","10","2654417"
"chr1","47754321","47754579","chr7","155507089","155507355","54","107752768"
"chr1","47763803","47764076","chr1","45098078","45098349","9","2665725"
"chr1","47769470","47769776","chr1","45104763","45105069","12","2664707"
"chr1","47775478","47775737","chr8","121901986","121902248","35","74126508"
"chr1","47788717","47789000","chr1","27794889","27795194","47","19993828"
"chr1","47800399","47800697","chr9","92895163","92895462","33","45094764"
"chr1","47804392","47804706","chr1","45142138","45142452","4","2662254"
"chr1","47842795","47843105","chr16","61253797","61254104","30","13411002"
"chr1","47857751","47858026","chr1","45198639","45198914","5","2659112"
"chr1","47860009","47860281","chr1","45201207","45201476","15","2658802"
"chr1","47860518","47860805","chr1","45201703","45201990","8","2658815"
"chr1","47871357","47871660","chr16","72733551","72733852","34","24862194"
"chr1","47909301","47909603","chr1","45250649","45250951","1","2658652"
"chr1","47961208","47961519","chr1","45306236","45306546","3","2654972"
"chr1","47970028","47970306","chr1","45314743","45315021","1","2655285"
"chr1","48023575","48023862","chr1","45367150","45367444","22","2656425"
"chr1","48033916","48034214","chr1","45377848","45378141","9","2656068"
"chr1","48069630","48069941","chr3","133607689","133607993","48","85538059"
"chr1","48170096","48170400","chr1","45517815","45518119","1","2652281"
"chr1","48326212","48326504","chr1","45674019","45674310","3","2652193"
"chr1","48371124","48371421","chr1","45718993","45719291","5","2652131"
"chr1","48403353","48403654","chr1","45750137","45750438","4","2653216"
"chr1","48429292","48429515","chr3","3788512","3788743","43","44640780"
"chr1","48467886","48468179","chr1","45815602","45815894","24","2652284"
"chr1","48493124","48493405","chrX","91051060","91051344","38","42557936"
"chr1","48503466","48503764","chr12","104986958","104987258","34","56483492"
"chr1","48534468","48534770","chr2","159817530","159817826","31","111283062"
"chr1","48559189","48559479","chr1","45909320","45909611","14","2649869"
"chr1","48569540","48569845","chr1","45919959","45920273","17","2649581"
"chr1","48658778","48659078","chr1","46019391","46019701","16","2639387"
"chr1","48659217","48659526","chr1","46019837","46020146","9","2639380"
"chr1","48980366","48980658","chr1","46341172","46341463","2","2639194"
"chr1","49138842","49139149","chr1","46489747","46490054","7","2649095"
"chr1","49283162","49283469","chr1","46630135","46630440","11","2653027"
"chr1","49328137","49328428","chr1","46674477","46674768","8","2653660"
"chr1","49405574","49405864","chr1","46751933","46752222","6","2653641"
"chr1","49417837","49418122","chr1","46763999","46764286","5","2653838"
"chr1","49427508","49427793","chr3","41339794","41340095","45","8087714"
"chr1","49494941","49495247","chr1","46843927","46844234","4","2651014"
"chr1","49498200","49498494","chr1","46846739","46847031","7","2651461"
"chr1","49556865","49557166","chr1","46908591","46908884","13","2648274"
"chr1","49607414","49607546","chrX","117662210","117662340","10","68054796"
"chr1","49634285","49634555","chr1","46985032","46985302","8","2649253"
"chr1","50374238","50374520","chr1","47727140","47727439","27","2647098"
"chr1","50426383","50426675","chrX","94591676","94591967","33","44165293"
"chr1","50429885","50430186","chr16","43934057","43934357","32","6495828"
"chr1","50493706","50494015","chr1","47807106","47807422","21","2686600"
"chr1","50628707","50628990","chr7","140409402","140409691","42","89780695"
"chr1","50747662","50747954","chr3","2907703","2908000","37","47839959"
"chr1","50808573","50808849","chr1","48110989","48111265","7","2697584"
"chr1","50842591","50842890","chr1","48145368","48145667","14","2697223"
"chr1","51202939","51203201","chr1","48506660","48506928","10","2696279"
"chr1","51273977","51274292","chr1","48580123","48580413","33","2693854"
"chr1","51624379","51624685","chr7","33217238","33217542","41","18407141"
"chr1","51796022","51796327","chr1","49087613","49087921","5","2708409"
"chr1","52119629","52119921","chr1","49425467","49425756","10","2694162"
"chr1","52240686","52240978","chr1","49550284","49550575","6","2690402"
"chr1","52354517","52354819","chr19","45912235","45912536","32","6442282"
"chr1","52427258","52427571","chr1","49735778","49736088","27","2691480"
"chr1","52747731","52748034","chr1","50105429","50105733","4","2642302"
"chr1","52750858","52751162","chr1","50108554","50108858","5","2642304"
"chr1","52841245","52841530","chr4","30749508","30749793","35","22091737"
"chr1","52843545","52843852","chr1","50202223","50202529","4","2641322"
"chr1","52861092","52861390","chr1","50219711","50220012","7","2641381"
"chr1","52889967","52890251","chr1","50249231","50249515","4","2640736"
"chr1","52907181","52907335","chr1","50266849","50267003","2","2640332"
"chr1","52910122","52910435","chr1","50269796","50270100","21","2640326"
"chr1","52911136","52911438","chrX","128012150","128012457","36","75101014"
"chr1","52937171","52937463","chr15","26993350","26993637","41","25943821"
"chr1","52945451","52945753","chr1","50310266","50310568","8","2635185"
"chr1","52975399","52975678","chr13","65483599","65483881","38","12508200"
"chr1","53058124","53058423","chr1","50429412","50429704","11","2628712"
"chr1","53085208","53085484","chr1","50457243","50457539","21","2627965"
"chr1","53148826","53149115","chr1","50522672","50522965","7","2626154"
"chr1","53172774","53173052","chr1","50546781","50547077","22","2625993"
"chr1","53310853","53311137","chr1","50694402","50694688","4","2616451"
"chr1","53378189","53378327","chr1","50760849","50760982","9","2617340"
"chr1","53386554","53386865","chr4","35958592","35958900","49","17427962"
"chr1","53411543","53411824","chr1","50795642","50795923","3","2615901"
"chr1","53431594","53431725","chr1","50815284","50815415","1","2616310"
"chr1","53605070","53605351","chr5","121293573","121293853","44","67688503"
"chr1","53683355","53683657","chr1","51068341","51068643","7","2615014"
"chr1","53707361","53707653","chr5","141469894","141470184","37","87762533"
"chr1","53729248","53729513","chr1","51115730","51115995","7","2613518"
"chr1","53761593","53761898","chr1","51151559","51151864","3","2610034"
"chr1","53781123","53781354","chr1","166143154","166143387","41","112362031"
"chr1","53858575","53858883","chr1","51251007","51251315","6","2607568"
"chr1","53910546","53910847","chrX","1662797","1663101","34","52247749"
"chr1","53915718","53915980","chr1","51312537","51312806","8","2603181"
"chr1","54026549","54026844","chr1","51430945","51431244","8","2595604"
"chr1","54027656","54027950","chr2","96209185","96209484","40","42181529"
"chr1","54057104","54057413","chr1","51461828","51462139","9","2595276"
"chr1","54196570","54196885","chr1","51599662","51599967","13","2596908"
"chr1","54210661","54210951","chr1","51613740","51614031","3","2596921"
"chr1","54213752","54214046","chr1","51616833","51617134","13","2596919"
"chr1","54232373","54232648","chr1","51634358","51634644","15","2598015"
"chr1","54245142","54245446","chr1","51647179","51647482","7","2597963"
"chr1","54248214","54248487","chr1","51650237","51650538","35","2597977"
"chr1","54255772","54256064","chr1","51658023","51658317","4","2597749"
"chr1","54258257","54258558","chr7","68704681","68704961","55","14446424"
"chr1","54260036","54260342","chr1","51660404","51660703","20","2599632"
"chr1","54278287","54278570","chr1","51677795","51678079","9","2600492"
"chr1","54291704","54292012","chr1","51690744","51691053","5","2600960"
"chr1","54323639","54323935","chr1","51723110","51723407","3","2600529"
"chr1","54335075","54335368","chr19","9335464","9335762","51","44999611"
"chr1","54428904","54429211","chr1","51829886","51830161","37","2599018"
"chr1","54432320","54432590","chr1","51833509","51833780","3","2598811"
"chr1","54467607","54467903","chr1","51869460","51869754","7","2598147"
"chr1","54475538","54475832","chr1","51878352","51878646","5","2597186"
"chr1","54601849","54602122","chr1","52005286","52005564","9","2596563"
"chr1","54616551","54616848","chr3","178720612","178720906","40","124104061"
"chr1","54682316","54682600","chr1","52094517","52094801","5","2587799"
"chr1","54701541","54701827","chr1","52113373","52113659","6","2588168"
"chr1","54704285","54704590","chr8","72366750","72367048","35","17662465"
"chr1","54704917","54705207","chr1","52117032","52117317","10","2587885"
"chr1","54768003","54768302","chr1","52176881","52177176","6","2591122"
"chr1","54791462","54791759","chr1","52200421","52200717","2","2591041"
"chr1","54803396","54803688","chr1","52212684","52212978","9","2590712"
"chr1","54810978","54811276","chr1","220376553","220376849","43","165565575"
"chr1","54829914","54830216","chr1","52239341","52239620","26","2590573"
"chr1","54873948","54874239","chr1","52286416","52286709","15","2587532"
"chr1","54899834","54900132","chr1","52311437","52311735","1","2588397"
"chr1","54904075","54904374","chr1","52315701","52315999","9","2588374"
"chr1","54945828","54946123","chr1","52354742","52355038","12","2591086"
"chr1","54991748","54992038","chr1","52406278","52406559","17","2585470"
"chr1","55025069","55025371","chr1","52443262","52443569","7","2581807"
"chr1","55026712","55026978","chr1","52444904","52445178","19","2581808"
"chr1","55028809","55029111","chr1","52446997","52447300","4","2581812"
"chr1","55040792","55041063","chr1","52457724","52457995","3","2583068"
"chr1","55042914","55043209","chr2","108232438","108232733","40","53189524"
"chr1","55050793","55051093","chr8","63724629","63724930","38","8673836"
"chr1","55065132","55065386","chr1","52482915","52483163","10","2582217"
"chr1","55068611","55068920","chr20","578611","578919","29","54490000"
"chr1","55069967","55070253","chr1","52489159","52489451","12","2580808"
"chr1","55072206","55072491","chr1","52491414","52491698","6","2580792"
"chr1","55075778","55076073","chr1","52495073","52495372","8","2580705"
"chr1","55096623","55096930","chr1","77960911","77961215","47","22864288"
"chr1","55171370","55171676","chr1","52588907","52589206","14","2582463"
"chr1","55190867","55191171","chr1","77960911","77961215","36","22770044"
"chr1","55191763","55192015","chr7","91760344","91760600","39","36568581"
"chr1","55381675","55381970","chr1","52804401","52804696","0","2577274"
"chr1","55430979","55431259","chr1","52854683","52854959","8","2576296"
"chr1","55527912","55528201","chr1","52950792","52951080","7","2577120"
"chr1","55925037","55925344","chr2","159878291","159878598","35","103953254"
"chr1","55970309","55970609","chr1","53393191","53393490","6","2577118"
"chr1","56082400","56082706","chr11","63893885","63894190","35","7811485"
"chr1","56093785","56094093","chr9","118850452","118850760","34","62756667"
"chr1","56108165","56108460","chr1","53567929","53568232","13","2540236"
"chr1","56120752","56121052","chr1","53581191","53581491","2","2539561"
"chr1","56153075","56153376","chr12","89804342","89804646","40","33651267"
"chr1","56178378","56178649","chr1","53639950","53640221","3","2538428"
"chr1","56262836","56263129","chr1","53726219","53726511","6","2536617"
"chr1","56359906","56360210","chr1","53823081","53823363","32","2536825"
"chr1","56628537","56628829","chr1","54094168","54094461","6","2534369"
"chr1","56633035","56633332","chr1","54098507","54098803","6","2534528"
"chr1","56640085","56640358","chr1","54105226","54105495","15","2534859"
"chr1","56646973","56647278","chr1","54111796","54112101","15","2535177"
"chr1","56654355","56654658","chr1","54119021","54119325","7","2535334"
"chr1","56658606","56658907","chr1","54123228","54123534","10","2535378"
"chr1","56666299","56666543","chr1","54134758","54134993","11","2531541"
"chr1","56683039","56683314","chr1","54152133","54152424","21","2530906"
"chr1","56719702","56720002","chr1","54186203","54186504","10","2533499"
"chr1","56728077","56728366","chr1","54194492","54194783","7","2533585"
"chr1","56769057","56769363","chr1","54235972","54236283","10","2533085"
"chr1","56770422","56770726","chr2","191592761","191593063","32","134822339"
"chr1","56862893","56863192","chr1","54328637","54328931","8","2534256"
"chr1","56863719","56864022","chr1","54329644","54329952","8","2534075"
"chr1","56864024","56864361","chr1","54330007","54330288","59","2534017"
"chr1","56991235","56991508","chr1","54449422","54449695","3","2541813"
"chr1","57302804","57303114","chr1","54759907","54760217","6","2542897"
"chr1","57380656","57380948","chr8","79544007","79544300","38","22163351"
"chr1","57417641","57417692","chr20","67788742","67788808","25","10371101"
"chr1","57417694","57417829","chr1","54879533","54879668","0","2538161"
"chr1","57425166","57425467","chr1","54886958","54887266","13","2538208"
"chr1","57474617","57474898","chr5","7366766","7367042","38","50107851"
"chr1","57554249","57554559","chr1","55016151","55016461","7","2538098"
"chr1","57793953","57794198","chr1","55260090","55260360","30","2533863"
"chr1","57989114","57989374","chr1","55464757","55465021","6","2524357"
"chr1","57996901","57997081","chr1","55472556","55472736","3","2524345"
"chr1","58346640","58346944","chr1","55836455","55836764","10","2510185"
"chr1","58469031","58469358","chr3","42669239","42669561","45","15799792"
"chr1","58610342","58610652","chr1","56110498","56110812","11","2499844"
"chr1","58656463","58656761","chr9","50627061","50627358","43","8029402"
"chr1","58660996","58661303","chr1","56161250","56161557","7","2499746"
"chr1","58679946","58680222","chr3","31027003","31027282","32","27652943"
"chr1","58761664","58761942","chr1","56261851","56262129","3","2499813"
"chr1","58779724","58780009","chr1","56279659","56279943","6","2500065"
"chr1","59282945","59283215","chr1","56785510","56785780","5","2497435"
"chr1","59313083","59313385","chr1","56815634","56815935","9","2497449"
"chr1","59483259","59483566","chr5","16888355","16888663","36","42594904"
"chr1","59559534","59559832","chr2","159817530","159817826","40","100257996"
"chr1","59600142","59600431","chr1","57103097","57103388","3","2497045"
"chr1","59690187","59690480","chr16","62956126","62956420","29","3265939"
"chr1","59981616","59981924","chr1","57489251","57489558","7","2492365"
"chr1","60045333","60045575","chr1","57553443","57553685","3","2491890"
"chr1","60206864","60207152","chr1","57717069","57717358","8","2489795"
"chr1","60486673","60486943","chr4","162422704","162422976","39","101936031"
"chr1","60806872","60807175","chr1","58314797","58315099","5","2492075"
"chr1","60855654","60855958","chr1","58363608","58363912","4","2492046"
"chr1","60890959","60891286","chr1","16047817","16048150","52","44843142"
"chr1","60904615","60904943","chr3","30115080","30115399","51","30789535"
"chr1","61190963","61191274","chr1","58702106","58702419","8","2488857"
"chr1","61192010","61192304","chr19","51884920","51885209","38","9307090"
"chr1","61230926","61231203","chr1","58742507","58742791","9","2488419"
"chr1","61482273","61482538","chr1","59000899","59001166","12","2481374"
"chr1","61760305","61760596","chr1","59286614","59286910","6","2473691"
"chr1","61952530","61952826","chr1","59479066","59479362","12","2473464"
"chr1","61983925","61984210","chr1","59510729","59511013","4","2473196"
"chr1","62533517","62533788","chr7","44869463","44869730","37","17664054"
"chr1","62555420","62555700","chr1","60125430","60125705","8","2429990"
"chr1","62606217","62606526","chr1","60176122","60176431","8","2430095"
"chr1","63109758","63110091","chr1","60697270","60697575","32","2412488"
"chr1","63120049","63120357","chr1","60707505","60707838","28","2412544"
"chr1","63132846","63133152","chr1","60720243","60720533","26","2412603"
"chr1","63158583","63158922","chr1","60745681","60746015","6","2412902"
"chr1","63171840","63171936","chr1","60759631","60759727","0","2412209"
"chr1","63193120","63193412","chr1","195934700","195934994","38","132741580"
"chr1","63229421","63229685","chr1","60818118","60818382","1","2411303"
"chr1","63292745","63293049","chr10","13852370","13852672","38","49440375"
"chr1","63353030","63353350","chr1","60941081","60941401","10","2411949"
"chr1","63374252","63374532","chr1","60961986","60962266","2","2412266"
"chr1","63451030","63451124","chr1","130692377","130692469","15","67241347"
"chr1","63668396","63668695","chr1","61254891","61255199","20","2413505"
"chr1","63722721","63723025","chr1","61310679","61310987","13","2412042"
"chr1","63809168","63809451","chr5","1812028","1812313","59","61997140"
"chr1","63815438","63815716","chr3","159345885","159346164","40","95530447"
"chr1","63820639","63820943","chr1","61410872","61411170","18","2409767"
"chr1","63820948","63821233","chr1","61411175","61411458","12","2409773"
"chr1","63832151","63832441","chr1","61422200","61422491","13","2409951"
"chr1","63843117","63843367","chr1","61433181","61433431","12","2409936"
"chr1","63871782","63872065","chr1","61464388","61464671","5","2407394"
"chr1","63880669","63880971","chr1","61472651","61472948","12","2408018"
"chr1","63911030","63911317","chr1","61501805","61502091","9","2409225"
"chr1","64008200","64008497","chr1","61599091","61599384","7","2409109"
"chr1","64055947","64056251","chr1","61646124","61646421","21","2409823"
"chr1","64108245","64108513","chr1","61699588","61699855","7","2408657"
"chr1","64110638","64110939","chr1","61701962","61702263","9","2408676"
"chr1","64266940","64267222","chr1","61863722","61864000","19","2403218"
"chr1","64268157","64268447","chr1","61864933","61865223","26","2403224"
"chr1","64284180","64284491","chr1","61879622","61879933","7","2404558"
"chr1","64284835","64285136","chr1","61880278","61880577","12","2404557"
"chr1","64287191","64287486","chr8","140495545","140495837","35","76208354"
"chr1","64307280","64307573","chr1","61902260","61902553","1","2405020"
"chr1","64311703","64312006","chr20","41513083","41513392","45","22798620"
"chr1","64415001","64415309","chr1","62009165","62009473","2","2405836"
"chr1","64510819","64511120","chr1","62105519","62105824","12","2405300"
"chr1","64541404","64541711","chr5","155610254","155610562","34","91068850"
"chr1","64573245","64573538","chr1","62169100","62169409","22","2404145"
"chr1","64577916","64578206","chr1","13756142","13756418","48","50821774"
"chr1","64714707","64715019","chr1","62309920","62310230","6","2404787"
"chr1","64766844","64767142","chr7","6595521","6595820","41","58171323"
"chr1","64803493","64803801","chr1","62399494","62399774","31","2403999"
"chr1","64822905","64823213","chr1","62418928","62419236","10","2403977"
"chr1","64832250","64832543","chr1","62428179","62428473","6","2404071"
"chr1","64886651","64886950","chr1","62482810","62483106","13","2403841"
"chr1","64959454","64959762","chr1","62556860","62557164","9","2402594"
"chr1","65064489","65064783","chr5","98591416","98591702","27","33526927"
"chr1","65161797","65162043","chr1","62752572","62752842","29","2409225"
"chr1","65281526","65281836","chr13","3139330","3139635","42","62142196"
"chr1","65334222","65334514","chr1","62924791","62925083","7","2409431"
"chr1","65415718","65416038","chr1","63000248","63000553","31","2415470"
"chr1","65472264","65472552","chr1","63056974","63057261","8","2415290"
"chr1","65473393","65473659","chr1","63058178","63058444","11","2415215"
"chr1","65483977","65484296","chr1","63068882","63069204","11","2415095"
"chr1","65491781","65492087","chr1","63076684","63076990","5","2415097"
"chr1","65520811","65521112","chr1","63105445","63105735","12","2415366"
"chr1","65526871","65527168","chr1","63111193","63111489","6","2415678"
"chr1","65538564","65538863","chr1","63122548","63122848","6","2416016"
"chr1","65609691","65609996","chr1","97443874","97444180","31","31834183"
"chr1","65632808","65633131","chr10","51694408","51694712","56","13938400"
"chr1","65638796","65639097","chr1","63216852","63217153","6","2421944"
"chr1","65668525","65668817","chr1","63246325","63246619","5","2422200"
"chr1","65725401","65725703","chr1","63303179","63303478","14","2422222"
"chr1","66100143","66100451","chr1","63684061","63684368","5","2416082"
"chr1","66153812","66154102","chr1","63737934","63738242","24","2415878"
"chr1","66211335","66211650","chr1","63795477","63795786","15","2415858"
"chr1","66212354","66212653","chr1","63796488","63796794","10","2415866"
"chr1","66299176","66299457","chr1","63897174","63897456","5","2402002"
"chr1","66454812","66455065","chr1","64050672","64050925","0","2404140"
"chr1","66536335","66536615","chr1","64134367","64134654","16","2401968"
"chr1","66632536","66632841","chr1","64233521","64233830","7","2399015"
"chr1","66680616","66680923","chr16","22728440","22728748","39","43952176"
"chr1","66712693","66713000","chr1","64313654","64313969","16","2399039"
"chr1","66745692","66746001","chr1","64346929","64347239","3","2398763"
"chr1","67152453","67152768","chr1","64769160","64769471","10","2383293"
"chr1","67190036","67190332","chr13","70811388","70811681","27","3621352"
"chr1","67229668","67229960","chr1","64844331","64844595","34","2385337"
"chr1","67243248","67243557","chr1","10294568","10294872","9","56948680"
"chr1","67357020","67357309","chr1","65025578","65025873","9","2331442"
"chr1","67530918","67531189","chr19","47184948","47185220","50","20345970"
"chr1","67880783","67881064","chr1","65568502","65568783","10","2312281"
"chr1","68228799","68229104","chr1","65942512","65942817","4","2286287"
"chr1","68237427","68237730","chrX","118103194","118103494","38","49865767"
"chr1","68261422","68261724","chr1","65973723","65974028","13","2287699"
"chr1","68281558","68281836","chr1","65993868","65994154","9","2287690"
"chr1","68319420","68319704","chr2","114695920","114696207","41","46376500"
"chr1","68328523","68328816","chr1","66040799","66041092","8","2287724"
"chr1","68367017","68367196","chr18","6206372","6206553","32","62160645"
"chr1","68367434","68367530","chr16","43183012","43183108","17","25184422"
"chr1","68751080","68751378","chr1","66461168","66461473","18","2289912"
"chr1","68951660","68951957","chr14","11170891","11171193","37","57780769"
"chr1","69032079","69032380","chr8","25384514","25384810","41","43647565"
"chr1","69037710","69037999","chr9","11903561","11903851","39","57134149"
"chr1","69119191","69119493","chr5","182762975","182763277","43","113643784"
"chr1","69440528","69440827","chr1","67146929","67147228","5","2293599"
"chr1","69448106","69448405","chr14","6991910","6992210","34","62456196"
"chr1","69450504","69450803","chr7","12655011","12655307","31","56795493"
"chr1","69465792","69466085","chr3","155832002","155832298","39","86366210"
"chr1","69526023","69526303","chr1","67232021","67232298","5","2294002"
"chr1","69533287","69533584","chr1","67239282","67239587","10","2294005"
"chr1","69581196","69581493","chr1","67286747","67287044","7","2294449"
"chr1","69585489","69585778","chr1","67290920","67291212","32","2294569"
"chr1","69606858","69607164","chr1","67312804","67313112","11","2294054"
"chr1","69613386","69613669","chr8","76413611","76413891","30","6800225"
"chr1","69636551","69636862","chr5","15116253","15116558","40","54520298"
"chr1","69853942","69854249","chr1","67562223","67562517","15","2291719"
"chr1","70185545","70185861","chr1","112494754","112495056","49","42309209"
"chr1","70245592","70245909","chr1","67956592","67956901","21","2289000"
"chr1","70315126","70315376","chr1","68025939","68026189","4","2289187"
"chr1","70402745","70403041","chr1","68113627","68113924","9","2289118"
"chr1","70411948","70412245","chrX","39704649","39704938","48","30707299"
"chr1","70677343","70677641","chr1","68394975","68395275","11","2282368"
"chr1","70745833","70746114","chr7","151672356","151672644","54","80926523"
"chr1","70793226","70793533","chr1","68505871","68506179","4","2287355"
"chr1","71097050","71097355","chr1","68801429","68801734","11","2295621"
"chr1","71136201","71136474","chr5","107878523","107878795","51","36742322"
"chr1","71194539","71194787","chr1","68902631","68902879","8","2291908"
"chr1","71449428","71449720","chr1","69157293","69157585","3","2292135"
"chr1","71451000","71451318","chr1","69158851","69159169","5","2292149"
"chr1","71603280","71603569","chr11","71354236","71354528","40","249044"
"chr1","71845375","71845674","chr1","69560741","69561043","7","2284634"
"chr1","71847901","71848193","chr1","69563268","69563560","4","2284633"
"chr1","71907463","71907639","chr3","117850722","117850896","28","45943259"
"chr1","71938170","71938444","chr7","153349618","153349895","43","81411448"
"chr1","72026363","72026672","chr5","78007760","78008064","46","5981397"
"chr1","72282718","72283016","chr1","70002726","70003029","14","2279992"
"chr1","72318164","72318456","chr1","70040390","70040684","9","2277774"
"chr1","72329905","72330213","chr1","70052126","70052442","13","2277779"
"chr1","72354620","72354865","chr1","70076516","70076761","4","2278104"
"chr1","72360775","72361074","chr1","70082342","70082639","4","2278433"
"chr1","72361336","72361628","chr1","70082899","70083190","6","2278437"
"chr1","72361798","72361934","chr19","5652447","5652583","23","66709351"
"chr1","72372343","72372642","chr3","22418634","22418932","36","49953709"
"chr1","72373804","72374102","chr1","70096083","70096360","40","2277721"
"chr1","72446840","72447119","chr11","110433939","110434213","39","37987099"
"chr1","72474212","72474514","chr5","145370295","145370592","38","72896083"
"chr1","72532775","72533066","chr1","70298052","70298341","8","2234723"
"chr1","72533919","72534234","chr1","70299193","70299508","7","2234726"
"chr1","72572106","72572412","chr1","70338340","70338646","4","2233766"
"chr1","72956689","72956994","chr1","70777982","70778281","15","2178707"
"chr1","73041378","73041668","chr1","70862090","70862381","11","2179288"
"chr1","73276645","73276945","chr1","71096756","71097049","10","2179889"
"chr1","73920687","73920977","chr1","71736807","71737095","10","2183880"
"chr1","73967822","73968129","chr1","71783472","71783779","2","2184350"
"chr1","74599581","74599884","chr1","72436144","72436447","6","2163437"
"chr1","74754223","74754519","chr1","72592375","72592672","2","2161848"
"chr1","75304795","75305081","chr1","73148504","73148791","11","2156291"
"chr1","75328659","75329035","chr1","73172356","73172710","39","2156303"
"chr1","75402675","75402961","chr1","73251294","73251582","7","2151381"
"chr1","75720322","75720593","chr1","36804982","36805253","43","38915340"
"chr1","75851231","75851528","chr13","27778729","27779030","44","48072502"
"chr1","75957430","75957753","chr1","73835695","73836018","3","2121735"
"chr1","76120828","76121118","chr1","74007284","74007590","22","2113544"
"chr1","76413983","76414310","chr1","31162314","31162639","47","45251669"
"chr1","76559484","76559794","chr1","74492482","74492763","36","2067002"
"chr1","76784634","76784924","chr1","74712162","74712454","10","2072472"
"chr1","76872486","76872723","chr1","74800042","74800301","24","2072444"
"chr1","76933581","76933826","chr9","17636806","17637052","39","59296775"
"chr1","76940084","76940385","chr1","74867950","74868251","7","2072134"
"chr1","76963567","76963876","chr1","74891712","74892020","6","2071855"
"chr1","76986646","76986952","chr1","74914405","74914702","16","2072241"
"chr1","76991548","76991855","chr1","74919309","74919615","11","2072239"
"chr1","77203436","77203701","chr1","75131991","75132256","5","2071445"
"chr1","77205840","77206134","chr7","91045272","91045567","50","13839432"
"chr1","77206135","77206430","chr1","75134680","75134975","8","2071455"
"chr1","77350123","77350425","chr4","107632233","107632537","44","30282110"
"chr1","77518502","77518803","chr1","75447658","75447961","9","2070844"
"chr1","77781202","77781491","chr1","75703655","75703945","8","2077547"
"chr1","77810049","77810337","chr1","75730088","75730374","10","2079961"
"chr1","77849995","77850291","chr1","35633453","35633749","48","42216542"
"chr1","78108649","78108920","chr1","76030294","76030589","33","2078355"
"chr1","78209265","78209567","chr1","76132247","76132544","8","2077018"
"chr1","78278649","78278937","chr1","76201821","76202108","4","2076828"
"chr1","78421907","78422210","chr1","76343511","76343823","16","2078396"
"chr1","78547054","78547341","chr1","76497303","76497584","33","2049751"
"chr1","79416694","79416997","chr1","77382690","77382999","17","2034004"
"chr1","79559470","79559768","chr3","2907703","2908000","34","76651767"
"chr1","79625608","79625890","chr1","77591957","77592237","10","2033651"
"chr1","79667074","79667378","chr1","77633459","77633763","2","2033615"
"chr1","79697358","79697653","chr1","77664408","77664700","8","2032950"
"chr1","79702413","79702719","chr1","77669782","77670087","9","2032631"
"chr1","79710573","79710882","chr13","91041360","91041661","41","11330787"
"chr1","79728040","79728368","chr1","77695695","77696004","21","2032345"
"chr1","79794597","79794893","chr1","77762414","77762712","10","2032183"
"chr1","79832002","79832297","chr1","77798582","77798872","12","2033420"
"chr1","79853244","79853553","chr16","20798400","20798707","38","59054844"
"chr1","79905957","79906239","chr1","77859767","77860065","21","2046190"
"chr1","79921491","79921774","chr1","77875287","77875580","19","2046204"
"chr1","79964012","79964144","chr1","77915882","77916014","2","2048130"
"chr1","79994050","79994346","chr1","77945694","77945993","8","2048356"
"chr1","80008462","80008769","chr1","77959573","77959880","9","2048889"
"chr1","80009795","80010097","chr1","77960911","77961215","2","2048884"
"chr1","80123580","80123868","chr1","78075588","78075877","7","2047992"
"chr1","80164114","80164358","chr1","36634341","36634587","41","43529773"
"chr1","80571220","80571516","chr1","78536335","78536631","1","2034885"
"chr1","80811337","80811639","chr1","78781087","78781393","7","2030250"
"chr1","81203284","81203561","chr1","79224276","79224555","10","1979008"
"chr1","81285234","81285541","chr1","79308965","79309266","22","1976269"
"chr1","81305666","81305968","chr1","79332916","79333214","6","1972750"
"chr1","81339181","81339486","chr1","79366063","79366367","7","1973118"
"chr1","81512898","81513196","chr1","79549886","79550193","25","1963012"
"chr1","81607053","81607351","chr17","23775743","23776042","36","57831310"
"chr1","81678266","81678522","chr1","79715191","79715447","3","1963075"
"chr1","81856165","81856430","chr11","4511234","4511499","33","77344931"
"chr1","82519020","82519323","chr1","80562068","80562368","5","1956952"
"chr1","82540164","82540456","chr1","80585878","80586179","16","1954286"
"chr1","82569028","82569328","chr1","80615609","80615910","7","1953419"
"chr1","82655050","82655346","chr1","80705561","80705857","4","1949489"
"chr1","82981022","82981320","chr1","81090808","81091112","15","1890214"
"chr1","83423149","83423456","chr3","104925720","104926029","36","21502571"
"chr1","83534393","83534689","chr1","81657825","81658116","18","1876568"
"chr1","83640549","83640841","chr1","81764535","81764830","6","1876014"
"chr1","83684811","83685099","chr1","81809729","81810035","31","1875082"
"chr1","83700226","83700521","chr1","81825172","81825466","10","1875054"
"chr1","83740312","83740610","chr20","59741704","59742007","66","23998608"
"chr1","83916979","83917257","chr12","64347499","64347779","39","19569480"
"chr1","84222867","84223170","chr1","82352900","82353208","12","1869967"
"chr1","84310631","84310871","chr20","3304588","3304828","39","81006043"
"chr1","84436616","84436913","chr1","12523128","12523425","38","71913488"
"chr1","84875517","84875812","chr1","83001947","83002244","10","1873570"
"chr1","84876312","84876618","chr1","42771177","42771482","34","42105135"
"chr1","85303098","85303404","chr1","84695020","84695329","10","608078"
"chr1","85313390","85313689","chr1","84705305","84705606","15","608085"
"chr1","85314709","85314998","chr1","84706624","84706913","4","608085"
"chr1","85415717","85416011","chr1","84811107","84811404","8","604610"
"chr1","85424480","85424785","chr1","84820159","84820466","21","604321"
"chr1","85428426","85428712","chr4","22718198","22718485","28","62710228"
"chr1","85452477","85452754","chr1","84848573","84848847","6","603904"
"chr1","85477960","85478240","chr1","84874200","84874472","15","603760"
"chr1","85491377","85491670","chr1","84887567","84887860","8","603810"
"chr1","85523725","85524027","chr1","84920914","84921214","7","602811"
"chr1","85629224","85629513","chr12","55611735","55612027","34","30017489"
"chr1","85648818","85649124","chr1","85045008","85045315","15","603810"
"chr1","85820192","85820498","chr1","97443874","97444180","33","11623682"
"chr1","85827325","85827626","chr1","85224413","85224714","8","602912"
"chr1","85915137","85915434","chr2","40628061","40628359","31","45287076"
"chr1","85917504","85917798","chr1","85315668","85315962","6","601836"
"chr1","86028467","86028659","chr10","12435436","12435628","31","73593031"
"chr1","86036254","86036534","chr1","85434949","85435242","16","601305"
"chr1","86183478","86183775","chr1","195934700","195934994","31","109751222"
"chr1","86368504","86368757","chr1","85770242","85770495","3","598262"
"chr1","86470501","86470831","chr1","85871566","85871896","4","598935"
"chr1","86485318","86485621","chr2","159817530","159817826","39","73332212"
"chr1","86814245","86814547","chr1","86220193","86220496","10","594052"
"chr1","87229576","87229882","chr1","86637372","86637674","10","592204"
"chr1","87297218","87297500","chr1","86705759","86706041","1","591459"
"chr1","87317817","87318138","chr1","86726362","86726674","14","591455"
"chr1","87527428","87527705","chr2","150792570","150792848","33","63265142"
"chr1","87593864","87594160","chr1","86979920","86980216","5","613944"
"chr1","87597626","87597906","chr1","86983746","86984025","7","613880"
"chr1","87601881","87602173","chr5","57675048","57675346","40","29926833"
"chr1","87605259","87605567","chr1","86991391","86991700","5","613868"
"chr1","87617891","87618185","chr1","87003421","87003715","18","614470"
"chr1","87628003","87628298","chr1","87012558","87012850","5","615445"
"chr1","87662145","87662458","chr1","87046435","87046751","10","615710"
"chr1","87726954","87727256","chr1","87110318","87110616","8","616636"
"chr1","87758549","87758790","chr19","20395021","20395263","36","67363528"
"chr1","87795819","87796113","chr1","87179119","87179414","7","616700"
"chr1","87835547","87835840","chr1","87219258","87219551","4","616289"
"chr1","87989103","87989411","chr11","67662694","67663006","37","20326409"
"chr1","88242416","88242719","chr1","87602320","87602643","38","640096"
"chr1","88272988","88273297","chr7","153354545","153354852","40","65081557"
"chr1","88399305","88399595","chr1","87763483","87763772","8","635822"
"chr1","88403755","88404060","chr4","28719545","28719847","33","59684210"
"chr1","88407968","88408276","chr1","87771872","87772188","13","636096"
"chr1","88426829","88427121","chr1","87790614","87790903","8","636215"
"chr1","88573945","88574214","chr1","87938715","87938993","14","635230"
"chr1","88604800","88605086","chr16","39202903","39203194","8","49401897"
"chr1","88662624","88662916","chr1","88036916","88037225","28","625708"
"chr1","88731058","88731190","chr19","51444300","51444436","27","37286758"
"chr1","88731357","88731521","chr14","10246675","10246842","19","78484682"
"chr1","88880226","88880533","chr1","88257606","88257908","8","622620"
"chr1","89131149","89131453","chr9","95444370","95444676","35","6313221"
"chr1","89194086","89194381","chr1","88568260","88568560","13","625826"
"chr1","89212706","89212975","chr11","33722586","33722849","52","55490120"
"chr1","89406879","89407183","chr1","88909229","88909503","35","497650"
"chr1","89438878","89439186","chr2","68541145","68541453","36","20897733"
"chr1","89482341","89482639","chr1","88971852","88972150","7","510489"
"chr1","89540973","89541268","chr1","89039616","89039913","4","501357"
"chr1","89565849","89566138","chr1","89065238","89065541","27","500611"
"chr1","89585987","89586260","chr1","89085253","89085526","1","500734"
"chr1","89613189","89613484","chr3","9815507","9815802","38","79797682"
"chr1","89615104","89615389","chr1","89113735","89114021","18","501369"
"chr1","89680880","89681180","chr1","89176389","89176694","11","504491"
"chr1","90297814","90298117","chr13","26175974","26176278","41","64121840"
"chr1","90506471","90506760","chr1","90047670","90047965","9","458801"
"chr1","90509228","90509522","chr1","90050444","90050742","7","458784"
"chr1","90570003","90570262","chr11","4511234","4511499","33","86058769"
"chr1","90658120","90658412","chr1","90202703","90202996","3","455417"
"chr1","90718115","90718413","chr1","90264096","90264391","5","454019"
"chr1","91367354","91367654","chr1","90897159","90897462","7","470195"
"chr1","91481306","91481613","chr1","91010725","91011029","7","470581"
"chr1","91554488","91554757","chr1","91082262","91082531","2","472226"
"chr1","91557098","91557399","chr11","3530632","3530941","42","88026466"
"chr1","91707192","91707480","chr1","91233991","91234279","5","473201"
"chr1","91776297","91776568","chr1","91302661","91302938","9","473636"
"chr1","91915544","91915847","chr1","91418518","91418820","18","497026"
"chr1","92068638","92068922","chr1","91633557","91633841","6","435081"
"chr1","92121581","92121852","chr1","91686699","91687002","33","434882"
"chr1","92217609","92217921","chr1","91864037","91864367","27","353572"
"chr1","92361219","92361474","chr1","92010239","92010494","4","350980"
"chr1","92577256","92577535","chr1","92230944","92231237","21","346312"
"chr1","92788690","92788944","chr1","92444259","92444512","15","344431"
"chr1","92807060","92807366","chr1","92463046","92463353","7","344014"
"chr1","92811977","92812202","chr1","113868205","113868431","25","21056228"
"chr1","92824312","92824605","chr1","155147270","155147566","38","62322958"
"chr1","92831608","92831914","chr1","92487265","92487559","13","344343"
"chr1","92862256","92862562","chr1","92518604","92518907","8","343652"
"chr1","92917106","92917424","chr1","92572016","92572336","6","345090"
"chr1","92954244","92954546","chr3","43150637","43150941","41","49803607"
"chr1","92968594","92968893","chr1","92629647","92629946","8","338947"
"chr1","93039522","93039810","chr6","171917051","171917343","33","78877529"
"chr1","93102465","93102772","chr13","33733969","33734275","36","59368496"
"chr1","93182127","93182439","chr7","38602366","38602674","44","54579761"
"chr1","93184503","93184810","chr1","92842541","92842848","17","341962"
"chr1","93210599","93210898","chr1","92863912","92864206","12","346687"
"chr1","93315960","93316245","chr1","92969766","92970051","3","346194"
"chr1","93322259","93322531","chr1","92976068","92976340","1","346191"
"chr1","93346018","93346303","chr1","93000086","93000373","5","345932"
"chr1","93376426","93376728","chr1","93030955","93031253","7","345471"
"chr1","93412169","93412469","chr1","93067458","93067758","2","344711"
"chr1","93417130","93417440","chr11","62610991","62611296","36","30806139"
"chr1","93422257","93422560","chrX","24599268","24599570","34","68822989"
"chr1","93492400","93492688","chr1","93150150","93150444","8","342250"
"chr1","93517343","93517628","chr1","93174239","93174543","21","343104"
"chr1","93520016","93520305","chr1","93177077","93177370","6","342939"
"chr1","93522725","93523010","chr1","93179676","93179962","23","343049"
"chr1","93526133","93526420","chr1","93183077","93183364","27","343056"
"chr1","93579630","93579896","chr9","37265785","37266047","35","56313845"
"chr1","93623894","93624195","chr1","93288137","93288439","7","335757"
"chr1","93733561","93733846","chr1","93400729","93401016","4","332832"
"chr1","93788196","93788490","chr1","93456378","93456680","13","331818"
"chr1","93793211","93793505","chr1","221526632","221526927","37","127733421"
"chr1","93885733","93886026","chr4","20645573","20645866","36","73240160"
"chr1","93888064","93888377","chr1","93556335","93556653","10","331729"
"chr1","93905915","93906216","chr1","93574194","93574497","19","331721"
"chr1","93942045","93942361","chr1","93611250","93611562","9","330795"
"chr1","93977542","93977835","chr1","93645875","93646171","16","331667"
"chr1","94046901","94047195","chr1","93720553","93720849","6","326348"
"chr1","94131712","94131959","chr1","93805341","93805588","4","326371"
"chr1","94182038","94182359","chr5","77052496","77052807","43","17129542"
"chr1","94189100","94189402","chr1","93862454","93862751","9","326646"
"chr1","94211439","94211732","chr5","56701456","56701750","36","37509983"
"chr1","94230499","94230791","chr1","93910355","93910647","4","320144"
"chr1","94328496","94328789","chr1","94006542","94006835","2","321954"
"chr1","94444336","94444619","chr1","94122876","94123159","5","321460"
"chr1","94477136","94477420","chr1","94155822","94156106","5","321314"
"chr1","94625431","94625727","chr1","94305757","94306053","6","319674"
"chr1","94666747","94667018","chr1","94347484","94347755","3","319263"
"chr1","94816752","94816910","chr1","94498187","94498345","4","318565"
"chr1","94829385","94829684","chr1","94510800","94511127","39","318585"
"chr1","94859814","94860122","chr1","94540275","94540575","13","319539"
"chr1","94869660","94869953","chr1","94550127","94550424","6","319533"
"chr1","94878424","94878721","chr1","94558768","94559063","7","319656"
"chr1","95018749","95019050","chr1","94698021","94698322","3","320728"
"chr1","95129607","95129907","chr1","94811101","94811414","17","318506"
"chr1","95624626","95624928","chr1","95297659","95297968","9","326967"
"chr1","95678195","95678490","chr1","95352382","95352679","7","325813"
"chr1","95745455","95745740","chr1","95419222","95419507","4","326233"
"chr1","95800319","95800609","chr13","70811388","70811681","33","24988931"
"chr1","95819036","95819338","chr7","62479233","62479534","40","33339803"
"chr1","95822865","95823166","chr1","95497088","95497395","16","325777"
"chr1","95838928","95839226","chr1","95512959","95513266","11","325969"
"chr1","95871879","95872170","chr1","95545731","95546027","9","326148"
"chr1","95881656","95881958","chr16","58679852","58680150","44","37201804"
"chr1","95959131","95959435","chr1","95645960","95646264","5","313171"
"chr1","95968749","95969044","chr1","95655561","95655857","14","313188"
"chr1","96014834","96015140","chr1","95702596","95702902","3","312238"
"chr1","96032407","96032655","chr1","27150432","27150682","48","68881975"
"chr1","96053260","96053533","chr1","95741264","95741537","6","311996"
"chr1","96054354","96054658","chr1","95743568","95743880","21","310786"
"chr1","96071907","96072164","chr1","95760887","95761144","10","311020"
"chr1","96140620","96140901","chr1","95826912","95827193","4","313708"
"chr1","96367672","96367970","chr1","96014390","96014690","7","353282"
"chr1","96468058","96468307","chr12","2674940","2675182","47","93793118"
"chr1","96525630","96525910","chr1","96172013","96172302","9","353617"
"chr1","96862835","96863161","chr7","87503845","87504157","42","9358990"
"chr1","97187350","97187660","chr1","96829645","96829954","10","357705"
"chr1","97617318","97617625","chr1","97334643","97334950","12","282675"
"chr1","97680849","97681148","chr1","97398853","97399161","13","281996"
"chr1","97729190","97729497","chr1","97443874","97444180","4","285316"
"chr1","97736145","97736440","chr1","97450831","97451125","5","285314"
"chr1","97754505","97754796","chr1","97468225","97468518","9","286280"
"chr1","97758848","97759137","chr13","27759040","27759327","36","69999808"
"chr1","97781172","97781461","chr1","97491297","97491588","4","289875"
"chr1","98113424","98113757","chr1","97813167","97813462","43","300257"
"chr1","98222156","98222464","chr1","97916977","97917285","8","305179"
"chr1","99041215","99041497","chr1","98784712","98784994","7","256503"
"chr1","99075368","99075676","chr1","98819011","98819320","10","256357"
"chr1","99185145","99185422","chr1","98926720","98926997","8","258425"
"chr1","99305354","99305658","chr1","99045167","99045469","7","260187"
"chr1","99478388","99478651","chr1","99213814","99214073","8","264574"
"chr1","99769869","99770161","chr1","99554134","99554427","6","215735"
"chr1","99921344","99921516","chr7","125909722","125909889","29","25988378"
"chr1","100120648","100120928","chr1","155399304","155399603","50","55278656"
"chr1","100209896","100210206","chr4","57710875","57711183","47","42499021"
"chr1","100268497","100268778","chr1","100050203","100050483","12","218294"
"chr1","100640637","100640900","chr1","100416994","100417257","4","223643"
"chr1","100839670","100839942","chr1","100633958","100634237","11","205712"
"chr1","100927270","100927561","chr3","38391459","38391756","37","62535811"
"chr1","101022273","101022568","chr1","100821875","100822170","2","200398"
"chr1","101091127","101091424","chr1","100894934","100895234","7","196193"
"chr1","101091669","101091972","chr1","100895479","100895777","16","196190"
"chr1","101112902","101113067","chr1","100917000","100917165","8","195902"
"chr1","101192284","101192568","chr1","100994003","100994296","16","198281"
"chr1","101313328","101313379","chr7","92625912","92625965","15","8687416"
"chr1","101314255","101314388","chr11","48459697","48459813","41","52854558"
"chr1","101325832","101326133","chr1","101120696","101120992","5","205136"
"chr1","101333882","101334188","chr1","101128884","101129190","13","204998"
"chr1","101363631","101363929","chr1","101159728","101160029","12","203903"
"chr1","101391682","101391976","chr1","101188934","101189225","15","202748"
"chr1","101479079","101479370","chr1","101277897","101278192","10","201182"
"chr1","101761802","101762120","chr1","101567184","101567498","8","194618"
"chr1","102062163","102062224","chr3","175615789","175615825","28","73553626"
"chr1","102062234","102062508","chr9","75840045","75840324","45","26222189"
"chr1","102198017","102198282","chr6","166752899","166753171","36","64554882"
"chr1","102253903","102254082","chr4","128630905","128631084","22","26377002"
"chr1","102296324","102296625","chr16","29519299","29519595","33","72777025"
"chr1","102319161","102319466","chr1","102117919","102118228","17","201242"
"chr1","102362803","102363104","chr1","102161142","102161442","10","201661"
"chr1","102420211","102420494","chr18","35705122","35705404","34","66715089"
"chr1","102503477","102503702","chr1","102347832","102348057","8","155645"
"chr1","102733838","102734116","chr1","102579035","102579311","16","154803"
"chr1","102810819","102811123","chr1","102651043","102651348","14","159776"
"chr1","102901200","102901543","chr1","102743530","102743873","8","157670"
"chr1","103145775","103146083","chr1","102985632","102985939","9","160143"
"chr1","103356494","103356774","chr1","103183685","103183964","6","172809"
"chr1","103493605","103493903","chr17","80637506","80637802","30","22856099"
"chr1","103887811","103888098","chr1","103696275","103696564","10","191536"
"chr1","104127367","104127665","chr1","103931523","103931824","10","195844"
"chr1","104456891","104457196","chr1","104276428","104276726","15","180463"
"chr1","104699296","104699605","chr1","104461094","104461432","34","238202"
"chr1","104804417","104804710","chr1","104618031","104618343","32","186386"
"chr1","105061375","105061650","chr1","104882821","104883100","10","178554"
"chr1","105131007","105131284","chr1","104952434","104952714","14","178573"
"chr1","105134565","105134851","chr1","104955983","104956275","13","178582"
"chr1","105149928","105150209","chr1","104971480","104971788","39","178448"
"chr1","105361976","105362262","chr1","105179740","105180045","26","182236"
"chr1","105424264","105424581","chr1","105243017","105243297","44","181247"
"chr1","105548626","105548892","chr1","105372019","105372285","7","176607"
"chr1","105706082","105706385","chr1","105540512","105540816","13","165570"
"chr1","105826360","105826643","chr1","105680082","105680391","40","146278"
"chr1","105860285","105860609","chr1","105717426","105717720","37","142859"
"chr1","105994156","105994454","chr1","105884820","105885100","32","109336"
"chr1","106079173","106079482","chr1","105960019","105960327","8","119154"
"chr1","106307909","106308031","chr19","5401378","5401502","34","100906531"
"chr1","106308688","106308734","chr3","175615789","175615825","17","69307101"
"chr1","106308735","106308863","chr16","75691708","75691840","18","30617027"
"chr1","106385967","106386274","chr1","106328686","106328993","3","57281"
"chr1","106449388","106449674","chr1","106399897","106400183","14","49491"
"chr1","106555707","106555969","chr11","129828899","129829158","46","23273192"
"chr1","106903233","106903482","chr1","106846986","106847235","12","56247"
"chr1","106951988","106952290","chr1","106944109","106944411","5","7879"
"chr1","107179114","107179418","chr1","107166557","107166861","4","12557"
"chr1","107716325","107716616","chr1","107710079","107710377","15","6246"
"chr1","107720364","107720668","chr1","107714102","107714392","17","6262"
"chr1","107734451","107734767","chr1","107728283","107728597","7","6168"
"chr1","108356328","108356638","chr1","108350828","108351128","19","5500"
"chr1","108430484","108430790","chr16","49832248","49832555","40","58598236"
"chr1","109029993","109030300","chr1","109019734","109020041","4","10259"
"chr1","109239542","109239848","chr20","6793989","6794296","37","102445553"
"chr1","109595222","109595538","chr1","109615187","109615494","11","19965"
"chr1","109604105","109604389","chr1","109624669","109624947","9","20564"
"chr1","109653138","109653428","chr1","109665655","109665948","6","12517"
"chr1","109699417","109699715","chr1","109711899","109712200","10","12482"
"chr1","109740327","109740622","chr1","109755712","109756007","3","15385"
"chr1","109745922","109746216","chr1","109760799","109761093","1","14877"
"chr1","109749382","109749689","chr1","109764265","109764565","10","14883"
"chr1","109806760","109807001","chr1","109821937","109822180","4","15177"
"chr1","109822058","109822358","chr1","109836960","109837256","11","14902"
"chr1","109853738","109854026","chr1","109868121","109868409","3","14383"
"chr1","109924727","109925012","chr1","109940155","109940440","7","15428"
"chr1","109948109","109948391","chr1","109964474","109964756","1","16365"
"chr1","109973697","109973998","chr1","109989132","109989432","11","15435"
"chr1","109993111","109993416","chr1","110008411","110008717","18","15300"
"chr1","109996295","109996577","chr12","47496124","47496405","38","62500171"
"chr1","110003101","110003396","chr1","110018065","110018360","5","14964"
"chr1","110038042","110038335","chr1","110079425","110079719","11","41383"
"chr1","110054409","110054721","chr1","110098658","110098969","12","44249"
"chr1","110075325","110075622","chr1","110117030","110117325","5","41705"
"chr1","110090290","110090594","chr1","110131753","110132057","6","41463"
"chr1","110119034","110119343","chr1","27243298","27243603","39","82875736"
"chr1","110153958","110154253","chr8","76413611","76413891","49","33740347"
"chr1","110215394","110215696","chr1","110318763","110319065","11","103369"
"chr1","110246147","110246426","chr1","110349140","110349414","8","102993"
"chr1","110320002","110320296","chr1","110421904","110422197","6","101902"
"chr1","110478237","110478540","chr1","110589337","110589638","11","111100"
"chr1","110505831","110506130","chr1","110616707","110617006","5","110876"
"chr1","110578720","110579017","chr1","110690600","110690913","22","111880"
"chr1","110724608","110724918","chr1","110863383","110863671","32","138775"
"chr1","110800439","110800608","chr1","110939022","110939191","3","138583"
"chr1","110850401","110850709","chr1","110988275","110988555","32","137874"
"chr1","110864731","110865033","chr1","111002609","111002898","17","137878"
"chr1","110905361","110905649","chr13","45912485","45912776","53","64992876"
"chr1","110995611","110995919","chr1","111133036","111133344","8","137425"
"chr1","111042867","111043174","chr1","111181244","111181551","4","138377"
"chr1","111235967","111236263","chr1","111379359","111379655","8","143392"
"chr1","111516961","111517273","chr1","111666349","111666660","10","149388"
"chr1","111533287","111533595","chr1","111682347","111682654","10","149060"
"chr1","111684903","111685204","chr14","11352083","11352388","31","100332820"
"chr1","111754488","111754791","chr1","25636423","25636725","42","86118065"
"chr1","111998127","111998436","chr1","112132888","112133197","7","134761"
"chr1","112004023","112004334","chr1","112138820","112139131","6","134797"
"chr1","112340383","112340676","chr1","112480000","112480293","7","139617"
"chr1","112354462","112354760","chr1","112494754","112495056","9","140292"
"chr1","112400019","112400297","chr1","112540894","112541172","4","140875"
"chr1","112452446","112452724","chr1","112594034","112594304","11","141588"
"chr1","112544736","112545035","chr19","46293222","46293524","44","66251514"
"chr1","112571475","112571718","chr6","179384905","179385146","38","66813430"
"chr1","112572883","112573176","chr1","184555716","184555984","52","71982833"
"chr1","112992242","112992539","chr1","113169724","113170014","19","177482"
"chr1","113149112","113149398","chr1","113325420","113325715","19","176308"
"chr1","113221676","113221976","chr1","113398543","113398837","9","176867"
"chr1","113308304","113308597","chr6","67399708","67400003","27","45908596"
"chr1","113367475","113367769","chr1","113552173","113552468","8","184698"
"chr1","113444481","113444627","chr1","113631027","113631173","1","186546"
"chr1","113532286","113532592","chr1","113717588","113717888","9","185302"
"chr1","113556058","113556368","chr1","113738495","113738805","4","182437"
"chr1","113585534","113585806","chr1","113768260","113768532","6","182726"
"chr1","113586758","113587074","chr1","113769517","113769834","6","182759"
"chr1","113591833","113592111","chr1","113774819","113775099","6","182986"
"chr1","113657169","113657472","chr1","113840893","113841196","5","183724"
"chr1","113659991","113660294","chr1","63216852","63217153","38","50443139"
"chr1","113667423","113667715","chr1","113849082","113849377","8","181659"
"chr1","113669363","113669657","chr1","113851326","113851625","6","181963"
"chr1","113675975","113676286","chr1","113857676","113857988","9","181701"
"chr1","113686742","113686934","chr10","83806647","83806840","25","29880095"
"chr1","113688266","113688559","chr17","20577892","20578187","39","93110374"
"chr1","113701339","113701380","chr3","175615789","175615825","10","61914450"
"chr1","113701565","113701820","chr18","63528596","63528844","38","50172969"
"chr1","113703074","113703376","chr8","120970353","120970653","38","7267279"
"chr1","113735810","113736103","chr1","113911259","113911552","4","175449"
"chr1","113781583","113781882","chr1","113959347","113959639","12","177764"
"chr1","113792948","113793249","chr9","92895163","92895462","36","20897785"
"chr1","113800047","113800337","chrX","114655396","114655690","32","855349"
"chr1","113803754","113803947","chr15","634438","634632","27","113169316"
"chr1","113811980","113812172","chr1","9809653","9809825","54","104002327"
"chr1","113812394","113812515","chr2","10082776","10082895","20","103729618"
"chr1","113818298","113818603","chr1","113994766","113995075","4","176468"
"chr1","113820110","113820417","chr1","113996903","113997218","10","176793"
"chr1","113854988","113855220","chr1","114030338","114030570","3","175350"
"chr1","113883191","113883485","chr1","114058214","114058510","4","175023"
"chr1","113898031","113898311","chr1","114074660","114074941","4","176629"
"chr1","113919121","113919416","chr1","114096165","114096460","7","177044"
"chr1","113923330","113923637","chr1","114101014","114101321","10","177684"
"chr1","113930363","113930658","chr11","71690728","71691032","45","42239635"
"chr1","113940063","113940337","chr1","114116871","114117108","44","176808"
"chr1","113944603","113944894","chr1","114121003","114121294","5","176400"
"chr1","113977551","113977838","chr1","114154058","114154349","7","176507"
"chr1","114030304","114030594","chr1","114247898","114248188","3","217594"
"chr1","114050355","114050654","chr1","50522672","50522965","40","63527683"
"chr1","114140913","114141221","chr1","114356570","114356878","7","215657"
"chr1","114167232","114167545","chr1","114383553","114383859","13","216321"
"chr1","114542453","114542747","chr1","114765122","114765414","3","222669"
"chr1","114636285","114636589","chr1","114858024","114858327","4","221739"
"chr1","114739925","114740230","chr19","33564060","33564365","43","81175865"
"chr1","114763965","114764235","chr1","114983512","114983775","11","219547"
"chr1","114786918","114787223","chr4","31898756","31899058","32","82888162"
"chr1","114946362","114946665","chr1","115169504","115169808","10","223142"
"chr1","115136539","115136812","chr1","115353593","115353882","18","217054"
"chr1","115155829","115156133","chr1","115373451","115373756","16","217622"
"chr1","115180882","115181183","chr1","115397523","115397824","3","216641"
"chr1","115181632","115181917","chr1","27419994","27420277","37","87761638"
"chr1","115191248","115191550","chr1","115407855","115408155","7","216607"
"chr1","115249987","115250291","chr1","115465707","115466010","4","215720"
"chr1","115260105","115260403","chr1","115475459","115475763","12","215354"
"chr1","115439733","115440017","chr1","115655199","115655492","29","215466"
"chr1","115441845","115442138","chr5","56701456","56701750","31","58740389"
"chr1","115445541","115445838","chr1","115661000","115661283","24","215459"
"chr1","115533782","115534085","chr1","121564029","121564325","45","6030247"
"chr1","115539097","115539378","chr1","115760858","115761144","7","221761"
"chr1","115654286","115654579","chr1","115876522","115876810","6","222236"
"chr1","115804357","115804633","chr1","116026015","116026291","5","221658"
"chr1","115855348","115855657","chr1","116070648","116070950","10","215300"
"chr1","116017447","116017754","chr1","116241397","116241703","11","223950"
"chr1","116412047","116412364","chr1","116689065","116689350","35","277018"
"chr1","116427117","116427418","chr1","116703969","116704270","7","276852"
"chr1","116515322","116515619","chr1","116792564","116792860","4","277242"
"chr1","116516320","116516549","chr1","116793546","116793778","11","277226"
"chr1","116697030","116697316","chr1","116974740","116975010","24","277710"
"chr1","116718072","116718363","chr1","116995747","116996038","9","277675"
"chr1","116720311","116720576","chr1","116998086","116998379","31","277775"
"chr1","116735141","116735445","chr1","117012617","117012921","7","277476"
"chr1","116745228","116745524","chr1","117022730","117023022","9","277502"
"chr1","116849909","116850216","chr2","109238476","109238782","46","7611433"
"chr1","116904306","116904613","chr17","8504312","8504621","32","108399994"
"chr1","117035482","117035764","chr1","117317770","117318059","15","282288"
"chr1","117102401","117102634","chr1","117384384","117384616","6","281983"
"chr1","117374786","117375096","chr1","117656693","117657003","11","281907"
"chr1","117459831","117460130","chr1","117742222","117742521","3","282391"
"chr1","117476639","117476931","chr1","117759180","117759472","6","282541"
"chr1","117507383","117507649","chr1","117790891","117791157","4","283508"
"chr1","117573436","117573739","chr10","61274378","61274679","41","56299058"
"chr1","117581720","117582038","chr1","187286405","187286724","44","69704685"
"chr1","117599568","117599880","chr1","117884061","117884371","7","284493"
"chr1","117679522","117679826","chr10","26272503","26272805","43","91407019"
"chr1","117682704","117682985","chr1","117976047","117976330","4","293343"
"chr1","117804522","117804813","chr2","98261121","98261414","35","19543401"
"chr1","117894313","117894605","chr1","213855600","213855889","34","95961287"
"chr1","118007447","118007756","chr1","118300331","118300640","6","292884"
"chr1","118039294","118039590","chr1","118332487","118332766","32","293193"
"chr1","118063262","118063557","chr1","118358520","118358815","2","295258"
"chr1","118095424","118095733","chr1","118391603","118391920","15","296179"
"chr1","118378541","118378827","chr8","13694737","13695026","35","104683804"
"chr1","118645338","118645624","chr1","118979005","118979291","3","333667"
"chr1","118652741","118653011","chr1","118986722","118986992","13","333981"
"chr1","118756221","118756504","chr1","119151659","119151968","31","395438"
"chr1","118832274","118832549","chr1","119228005","119228271","11","395731"
"chr1","118868785","118869073","chr1","119264908","119265197","4","396123"
"chr1","119052181","119052475","chr3","177694365","177694663","40","58642184"
"chr1","119453218","119453520","chr3","156395810","156396104","45","36942592"
"chr1","119465692","119466004","chr1","119827075","119827382","32","361383"
"chr1","119659990","119660291","chr4","31898756","31899058","43","87761234"
"chr1","120083889","120084167","chr1","120455514","120455792","3","371625"
"chr1","120329615","120329923","chr1","120694734","120695041","11","365119"
"chr1","120405001","120405308","chr1","120805660","120805967","8","400659"
"chr1","120654429","120654726","chr1","121055401","121055694","7","400972"
"chr1","120798119","120798414","chr4","123382191","123382485","38","2584072"
"chr1","120847409","120847686","chr1","45314743","45315021","51","75532666"
"chr1","120992020","120992309","chr1","121395352","121395640","11","403332"
"chr1","121111913","121112193","chr7","43344004","43344282","46","77767909"
"chr1","121131410","121131714","chr1","121531642","121531946","5","400232"
"chr1","121165473","121165779","chr1","121564029","121564325","17","398556"
"chr1","121270795","121271071","chr1","123752873","123753149","3","2482078"
"chr1","121357074","121357366","chr6","113973369","113973664","35","7383705"
"chr1","121515415","121515714","chr1","123489297","123489596","4","1973882"
"chr1","121566790","121567114","chr1","123432542","123432851","20","1865752"
"chr1","121596197","121596422","chr1","123402419","123402644","19","1806222"
"chr1","121617496","121617799","chr16","25975302","25975604","35","95642194"
"chr1","121619525","121619829","chr1","123379709","123380006","13","1760184"
"chr1","121628871","121629174","chr1","121614654","121614935","32","14217"
"chr1","121638537","121638816","chr11","103988125","103988407","37","17650412"
"chr1","121664851","121665157","chr9","92574925","92575229","32","29089926"
"chr1","121747345","121747648","chr1","121741699","121742003","12","5646"
"chr1","121752386","121752601","chr1","121746438","121746651","5","5948"
"chr1","121761276","121761566","chr1","129081509","129081804","43","7320233"
"chr1","121782645","121782942","chr1","121766160","121766453","13","16485"
"chr1","121844475","121844781","chr1","121822750","121823050","10","21725"
"chr1","121960346","121960646","chr1","121945972","121946271","4","14374"
"chr1","122019591","122019916","chr1","38691960","38692291","54","83327631"
"chr1","122043054","122043342","chr1","122033689","122033977","2","9365"
"chr1","122300345","122300630","chr1","122273868","122274153","4","26477"
"chr1","122452213","122452547","chr1","122456632","122456959","16","4419"
"chr1","122547463","122547775","chr1","128900241","128900547","37","6352778"
"chr1","122645308","122645605","chr1","122650680","122650986","17","5372"
"chr1","122695214","122695504","chr1","122700796","122701084","6","5582"
"chr1","122728368","122728675","chr1","184786554","184786862","39","62058186"
"chr1","122770867","122771141","chr1","123752873","123753149","28","982006"
"chr1","122923060","122923368","chr1","122934628","122934934","7","11568"
"chr1","122932835","122933148","chr1","122952779","122953076","21","19944"
"chr1","123015206","123015515","chr1","123043361","123043670","16","28155"
"chr1","123113370","123113666","chr1","123134311","123134607","4","20941"
"chr1","123398557","123398863","chr1","123960791","123961097","7","562234"
"chr1","123419088","123419395","chr1","123996665","123996972","12","577577"
"chr1","123426202","123426416","chr1","124003790","124004003","5","577588"
"chr1","123607454","123607785","chr1","124179678","124179986","27","572224"
"chr1","123634487","123634792","chr6","176655381","176655684","41","53020894"
"chr1","123858864","123859166","chr1","93720553","93720849","58","30138311"
"chr1","123861536","123861836","chr1","124462313","124462613","3","600777"
"chr1","123938178","123938485","chr1","124539266","124539584","17","601088"
"chr1","123947955","123948187","chr1","124548827","124549073","16","600872"
"chr1","123971895","123972196","chr7","6595521","6595820","37","117376374"
"chr1","123988157","123988460","chr1","124592918","124593220","6","604761"
"chr1","124008142","124008441","chr4","32829016","32829314","31","91179126"
"chr1","124013643","124013940","chr1","50522672","50522965","32","73490971"
"chr1","124020379","124020664","chr3","2907703","2908000","36","121112676"
"chr1","124069697","124070001","chr1","188065073","188065376","35","63995376"
"chr1","124074363","124074654","chr1","124679375","124679669","10","605012"
"chr1","124089303","124089491","chr1","140741103","140741290","26","16651800"
"chr1","124093155","124093472","chr1","124700081","124700371","29","606926"
"chr1","124114456","124114745","chr5","40398211","40398501","36","83716245"
"chr1","124121502","124121789","chr1","124728543","124728835","9","607041"
"chr1","124125186","124125471","chr1","124731927","124732210","11","606741"
"chr1","124131641","124131938","chr1","124738129","124738431","11","606488"
"chr1","124142470","124142773","chr1","124749540","124749845","15","607070"
"chr1","124161389","124161692","chr1","124767756","124768057","6","606367"
"chr1","124192817","124193122","chr1","124799864","124800169","12","607047"
"chr1","124195404","124195713","chr1","124802445","124802770","21","607041"
"chr1","124221754","124222050","chrX","9217941","9218238","29","115003813"
"chr1","124224244","124224541","chr1","124831139","124831433","11","606895"
"chr1","124247911","124248187","chr8","76413611","76413891","31","47834300"
"chr1","124251091","124251375","chr1","124860578","124860856","12","609487"
"chr1","124263647","124263941","chr1","124872605","124872911","17","608958"
"chr1","124294582","124294873","chr1","124902497","124902795","14","607915"
"chr1","124296979","124297284","chr1","124904710","124905014","11","607731"
"chr1","124314910","124315210","chrX","101127955","101128252","39","23186955"
"chr1","124342425","124342723","chr2","123559718","123560018","34","782707"
"chr1","124355592","124355894","chr3","15557621","15557925","44","108797971"
"chr1","124356729","124357033","chr1","124964528","124964836","8","607799"
"chr1","124357063","124357352","chr1","124964205","124964498","8","607142"
"chr1","124358616","124358900","chr1","124966917","124967201","5","608301"
"chr1","124405096","124405410","chr1","125087933","125088244","7","682837"
"chr1","124442400","124442670","chr1","125126451","125126721","1","684051"
"chr1","124465153","124465451","chr1","125149530","125149824","10","684377"
"chr1","124496816","124497109","chrX","144608514","144608796","52","20111698"
"chr1","124499440","124499734","chr1","125183695","125183985","6","684255"
"chr1","124538254","124538559","chr1","125222345","125222647","6","684091"
"chr1","124624912","124625202","chr1","125309151","125309442","5","684239"
"chr1","124656880","124657162","chr1","125341547","125341829","3","684667"
"chr1","124685021","124685330","chr1","125369433","125369739","9","684412"
"chr1","124717178","124717474","chr9","106774244","106774550","50","17942934"
"chr1","124720006","124720293","chr1","125407499","125407799","14","687493"
"chr1","124768905","124769176","chr14","8041874","8042146","32","116727031"
"chr1","124770671","124770966","chr16","42689947","42690240","41","82080724"
"chr1","124774633","124774939","chr1","125464124","125464436","29","689491"
"chr1","124795764","124796062","chr1","125485573","125485866","8","689809"
"chr1","124803083","124803382","chr1","125494474","125494770","4","691391"
"chr1","124918850","124919149","chr16","14682737","14683035","33","110236113"
"chr1","124926628","124926925","chr1","125620315","125620610","5","693687"
"chr1","124948210","124948528","chr1","125642192","125642492","22","693982"
"chr1","124954188","124954475","chr3","123241106","123241391","36","1713082"
"chr1","125008843","125009134","chr1","125704132","125704444","25","695289"
"chr1","125072174","125072460","chr1","125767102","125767388","9","694928"
"chr1","125114922","125115220","chr1","125819936","125820226","12","705014"
"chr1","125132292","125132578","chr1","125836838","125837125","8","704546"
"chr1","125133873","125134136","chr1","125839065","125839330","4","705192"
"chr1","125155338","125155635","chr1","125861325","125861623","6","705987"
"chr1","125172344","125172652","chr2","731622","731927","37","124440722"
"chr1","125256620","125256917","chr1","125969105","125969405","5","712485"
"chr1","125329926","125330236","chr1","126045101","126045406","19","715175"
"chr1","125335976","125336279","chr1","126050978","126051279","8","715002"
"chr1","125351902","125352175","chr1","126066365","126066638","5","714463"
"chr1","125388232","125388513","chr1","126100860","126101141","8","712628"
"chr1","125390485","125390827","chr1","10314996","10315333","52","115075489"
"chr1","125430002","125430283","chr1","126143648","126143933","7","713646"
"chr1","125443234","125443516","chr1","126156255","126156537","4","713021"
"chr1","125451102","125451409","chr7","80000010","80000313","42","45451092"
"chr1","125461567","125461833","chr9","93084905","93085175","33","32376662"
"chr1","125492208","125492511","chr13","43474471","43474778","45","82017737"
"chr1","125695303","125695597","chr1","126406063","126406349","14","710760"
"chr1","125697648","125697947","chr1","126408579","126408881","9","710931"
"chr1","125730977","125731195","chr1","126435525","126435743","3","704548"
"chr1","125739933","125740234","chr1","126444210","126444511","7","704277"
"chr1","125771243","125771525","chr1","126476777","126477072","23","705534"
"chr1","125840064","125840362","chr1","126546122","126546431","19","706058"
"chr1","125891352","125891649","chr1","126598346","126598645","16","706994"
"chr1","126260050","126260335","chr1","126968302","126968588","7","708252"
"chr1","126617353","126617486","chr16","76315482","76315610","22","50301871"
"chr1","126736743","126737044","chr20","15389128","15389430","42","111347615"
"chr1","126886294","126886584","chr1","127592336","127592626","4","706042"
"chr1","127015860","127016152","chr1","127786646","127786937","10","770786"
"chr1","127297111","127297440","chr1","38691960","38692291","46","88605151"
"chr1","127316113","127316369","chr1","128106249","128106506","8","790136"
"chr1","127333083","127333371","chr1","128124722","128125015","10","791639"
"chr1","127352908","127353202","chr1","128144198","128144503","14","791290"
"chr1","127369349","127369644","chr1","128159938","128160237","17","790589"
"chr1","127429653","127429952","chr1","128231930","128232226","7","802277"
"chr1","127459661","127459968","chr15","64867704","64868011","41","62591957"
"chr1","127498389","127498589","chr3","170161166","170161370","36","42662777"
"chr1","127503494","127503707","chr1","128306489","128306700","7","802995"
"chr1","127506638","127506937","chr1","128309097","128309389","11","802459"
"chr1","127517731","127518039","chr2","135851175","135851482","39","8333444"
"chr1","127518469","127518757","chr1","128325638","128325923","5","807169"
"chr1","127520671","127520878","chr2","92898785","92898988","30","34621886"
"chr1","127521187","127521301","chr7","6439474","6439588","14","121081713"
"chr1","127523241","127523549","chr1","128328450","128328758","5","805209"
"chr1","127683249","127683553","chr1","128488589","128488893","4","805340"
"chr1","127691825","127692125","chr1","128495882","128496189","10","804057"
"chr1","127699736","127700033","chr1","128504108","128504392","18","804372"
"chr1","127705871","127706155","chr2","204069720","204070008","45","76363849"
"chr1","127707498","127707806","chr1","51251007","51251315","46","76456491"
"chr1","127764129","127764406","chr11","4511234","4511499","31","123252895"
"chr1","127771261","127771574","chr1","128575213","128575525","2","803952"
"chr1","127798917","127799224","chr1","128599523","128599819","29","800606"
"chr1","127803739","127804047","chr1","128606617","128606932","18","802878"
"chr1","127806357","127806669","chr1","128609814","128610141","17","803457"
"chr1","127831207","127831511","chr1","128639037","128639337","14","807830"
"chr1","127871403","127871694","chr1","128670746","128671037","3","799343"
"chr1","127900564","127900861","chr1","128699609","128699906","8","799045"
"chr1","127918860","127919159","chr17","35760355","35760627","55","92158505"
"chr1","127963216","127963502","chr1","128768438","128768719","9","805222"
"chr1","128040252","128040564","chr1","128849436","128849748","7","809184"
"chr1","128164705","128165014","chr1","128979925","128980234","4","815220"
"chr1","128177923","128178224","chr1","128993794","128994093","8","815871"
"chr1","128179987","128180280","chr18","15491499","15491792","32","112688488"
"chr1","128202846","128203129","chr1","129019367","129019651","7","816521"
"chr1","128204461","128204769","chr1","129020909","129021205","17","816448"
"chr1","128228394","128228665","chr1","129044233","129044506","12","815839"
"chr1","128252977","128253269","chr1","129068733","129069029","6","815756"
"chr1","128265328","128265634","chr1","129081509","129081804","15","816181"
"chr1","128351039","128351321","chr1","129166738","129167021","9","815699"
"chr1","128357822","128357964","chr9","92874873","92875014","29","35482949"
"chr1","128367994","128368276","chr1","129183747","129184030","16","815753"
"chr1","128423564","128423855","chr1","129239851","129240142","5","816287"
"chr1","128423870","128424160","chr1","129240157","129240449","6","816287"
"chr1","128472919","128473217","chr1","129288699","129289000","10","815780"
"chr1","128502083","128502381","chr1","25636423","25636725","24","102865660"
"chr1","128536443","128536739","chr1","129411275","129411582","29","874832"
"chr1","128665459","128665755","chr1","129540953","129541251","4","875494"
"chr1","128689698","128690019","chr1","129565109","129565420","17","875411"
"chr1","128715576","128715814","chr5","173505040","173505290","43","44789464"
"chr1","128859020","128859334","chr1","129733620","129733934","6","874600"
"chr1","128948979","128949266","chr1","129820640","129820929","7","871661"
"chr1","128969384","128969524","chr15","104500004","104500140","18","24469380"
"chr1","128972516","128972803","chr1","129844820","129845107","3","872304"
"chr1","128993036","128993345","chr1","19708403","19708710","36","109284633"
"chr1","129009141","129009447","chr1","129880499","129880811","26","871358"
"chr1","129048929","129049061","chr2","93620313","93620445","13","35428616"
"chr1","129119133","129119413","chr1","129965609","129965905","19","846476"
"chr1","129141144","129141448","chr1","129987385","129987692","13","846241"
"chr1","129148733","129149024","chr7","164255657","164255956","46","35106924"
"chr1","129155203","129155474","chr1","130001035","130001307","6","845832"
"chr1","129206616","129206756","chr2","146692693","146692833","18","17486077"
"chr1","129212473","129212772","chr1","130059410","130059709","2","846937"
"chr1","129214939","129215224","chr1","130061873","130062158","3","846934"
"chr1","129276942","129277248","chr1","130120705","130121015","7","843763"
"chr1","129288833","129289126","chr1","130134495","130134788","6","845662"
"chr1","129300486","129300769","chr1","130145849","130146133","1","845363"
"chr1","129337926","129338225","chr1","130181289","130181572","19","843363"
"chr1","129355993","129356283","chr1","130199347","130199637","14","843354"
"chr1","129394077","129394349","chr1","130242193","130242465","1","848116"
"chr1","129398449","129398728","chr1","130246279","130246557","9","847830"
"chr1","129401486","129401784","chr3","104925720","104926029","47","24475766"
"chr1","129458270","129458569","chr15","10965675","10965972","44","118492595"
"chr1","129492691","129492994","chr3","80710448","80710752","48","48782243"
"chr1","129497415","129497705","chr12","77317855","77318145","40","52179560"
"chr1","129498198","129498501","chr9","17622895","17623191","53","111875303"
"chr1","129514425","129514733","chr5","183457485","183457794","50","53943060"
"chr1","129582339","129582628","chr2","134996721","134997010","32","5414382"
"chr1","129583135","129583421","chr2","134996721","134997010","33","5413586"
"chr1","129587471","129587748","chr1","130304217","130304494","2","716746"
"chr1","129600274","129600553","chr1","130316731","130317001","11","716457"
"chr1","129617591","129617900","chr1","130327293","130327597","12","709702"
"chr1","129628428","129628725","chr1","121564029","121564325","45","8064399"
"chr1","129645116","129645420","chr1","130358126","130358426","15","713010"
"chr1","129652616","129652885","chr1","130365628","130365895","4","713012"
"chr1","129680945","129681249","chr1","140580776","140581083","47","10899831"
"chr1","129690016","129690320","chr11","123364830","123365132","36","6325186"
"chr1","129703432","129703731","chr1","130415955","130416253","4","712523"
"chr1","129711788","129712083","chr15","51755059","51755355","35","77956729"
"chr1","129731383","129731675","chr1","130445126","130445420","8","713743"
"chr1","129745534","129745839","chr1","130459898","130460203","10","714364"
"chr1","129751429","129751718","chr1","130465159","130465444","9","713730"
"chr1","129754463","129754777","chr20","28074760","28075068","36","101679703"
"chr1","129763532","129763847","chr18","64200693","64200999","34","65562839"
"chr1","129784494","129784781","chr1","130496413","130496700","3","711919"
"chr1","129792833","129793142","chr1","130504727","130505035","7","711894"
"chr1","129796412","129796703","chr1","130508342","130508634","6","711930"
"chr1","129868374","129868585","chr19","53601168","53601379","26","76267206"
"chr1","129873378","129873662","chr10","32075547","32075833","38","97797831"
"chr1","129873665","129873899","chrX","71846849","71847082","34","58026816"
"chr1","129905281","129905582","chr1","130616787","130617088","3","711506"
"chr1","129939822","129940121","chr1","130657274","130657572","11","717452"
"chr1","129969365","129969647","chr13","45653985","45654267","34","84315380"
"chr1","130083062","130083350","chr4","36593263","36593547","39","93489799"
"chr1","130106312","130106607","chr4","54679292","54679584","38","75427020"
"chr1","130265968","130266275","chr16","44843324","44843627","34","85422644"
"chr1","130344951","130345207","chr1","131077002","131077258","2","732051"
"chr1","130359192","130359496","chr1","131091205","131091500","12","732013"
"chr1","130373836","130374139","chr1","131105829","131106132","6","731993"
"chr1","130395725","130396046","chr3","3282030","3282339","51","127113695"
"chr1","130401526","130401833","chr1","131134440","131134751","8","732914"
"chr1","130468088","130468391","chr1","131206867","131207162","12","738779"
"chr1","130588204","130588504","chr1","131323066","131323367","1","734862"
"chr1","130612816","130613109","chr6","14181448","14181741","35","116431368"
"chr1","130648426","130648703","chr1","131382807","131383085","7","734381"
"chr1","130648758","130649053","chr10","11148517","11148809","42","119500241"
"chr1","130654254","130654555","chr4","123382191","123382485","37","7272063"
"chr1","130670769","130671066","chr9","102568941","102569236","31","28101828"
"chr1","130679057","130679396","chr1","131425908","131426233","22","746851"
"chr1","130763418","130763726","chr1","131509740","131510047","4","746322"
"chr1","130979189","130979464","chr1","131728678","131728937","19","749489"
"chr1","131079780","131080080","chr1","131829671","131829964","11","749891"
"chr1","131261906","131262186","chr1","132049691","132049971","2","787785"
"chr1","131308092","131308370","chr1","132115158","132115436","2","807066"
"chr1","131341397","131341701","chr1","132147669","132147973","17","806272"
"chr1","131514781","131515037","chr5","104609869","104610123","43","26904912"
"chr1","131560233","131560526","chr1","132358744","132359043","10","798511"
"chr1","131871658","131871967","chr5","42073224","42073534","38","89798434"
"chr1","131892560","131892871","chr14","12305311","12305603","55","119587249"
"chr1","131910795","131911100","chr1","132703289","132703594","6","792494"
"chr1","131966632","131966935","chr1","132758935","132759232","21","792303"
"chr1","131979375","131979674","chr2","102744542","102744845","38","29234833"
"chr1","132044174","132044502","chr1","132839297","132839602","28","795123"
"chr1","132126017","132126264","chr1","64050672","64050925","32","68075345"
"chr1","132194854","132195140","chr1","133025753","133026039","6","830899"
"chr1","132380258","132380555","chr2","103256851","103257147","45","29123407"
"chr1","132533617","132533819","chr1","133360249","133360451","7","826632"
"chr1","132949998","132950304","chr1","133776585","133776888","10","826587"
"chr1","133116023","133116325","chrX","24371300","24371602","43","108744723"
"chr1","133122979","133123240","chr1","133949869","133950130","5","826890"
"chr1","133190900","133191171","chr1","134023188","134023484","34","832288"
"chr1","133364914","133365215","chr1","134194146","134194449","7","829232"
"chr1","133566220","133566486","chr4","44215619","44215882","38","89350601"
"chr1","133686409","133686713","chr1","134514546","134514850","7","828137"
"chr1","133859492","133859786","chr1","134688927","134689228","13","829435"
"chr1","133860920","133861214","chr16","55952201","55952494","35","77908719"
"chr1","134013060","134013362","chr1","134843590","134843890","6","830530"
"chr1","134051733","134052040","chr1","134882527","134882835","13","830794"
"chr1","134087828","134088119","chr1","134918650","134918932","15","830822"
"chr1","134089661","134089959","chr1","121564029","121564325","39","12525632"
"chr1","134136871","134137167","chr1","134967319","134967613","9","830448"
"chr1","134158054","134158355","chr1","134987676","134987978","6","829622"
"chr1","134208828","134209114","chr1","135035231","135035517","3","826403"
"chr1","134215542","134215872","chr1","38691960","38692291","44","95523582"
"chr1","134219852","134220161","chr1","135046569","135046870","12","826717"
"chr1","134234993","134235292","chr11","119869498","119869792","42","14365495"
"chr1","134297724","134298028","chr1","135124969","135125268","13","827245"
"chr1","134579829","134580137","chr1","135403579","135403887","5","823750"
"chr1","134681540","134681822","chr1","135506029","135506310","4","824489"
"chr1","134759543","134759836","chr1","135583327","135583620","2","823784"
"chr1","134798827","134799130","chr1","135622231","135622530","9","823404"
"chr1","134815449","134815758","chr1","135638875","135639176","17","823426"
"chr1","134854213","134854504","chr15","51755059","51755355","39","83099154"
"chr1","134861469","134861757","chr1","135697326","135697617","6","835857"
"chr1","134867517","134867772","chr3","73183548","73183802","37","61683969"
"chr1","134886063","134886349","chr12","120877698","120877980","38","14008365"
"chr1","134889176","134889481","chr1","135723825","135724139","11","834649"
"chr1","134895678","134895963","chr1","135730043","135730324","12","834365"
"chr1","134908497","134908798","chr1","135742399","135742724","33","833902"
"chr1","134921757","134922059","chr12","3766632","3766928","33","131155125"
"chr1","134923289","134923587","chr1","135758202","135758500","8","834913"
"chr1","134938544","134938836","chr1","135773644","135773936","2","835100"
"chr1","134962211","134962504","chr1","135796539","135796835","5","834328"
"chr1","135033267","135033559","chr1","135895000","135895292","6","861733"
"chr1","135105320","135105578","chr1","135967342","135967600","4","862022"
"chr1","135105579","135105723","chr1","135967601","135967745","4","862022"
"chr1","135109673","135109982","chr1","135971667","135971960","21","861994"
"chr1","135137705","135137981","chr1","136000383","136000659","4","862678"
"chr1","135202122","135202428","chr1","136055292","136055601","6","853170"
"chr1","135213939","135214224","chr1","136067372","136067665","14","853433"
"chr1","135242919","135243222","chr1","136095860","136096158","19","852941"
"chr1","135247128","135247428","chr1","121564029","121564325","30","13683099"
"chr1","135436020","135436290","chr1","136368115","136368391","13","932095"
"chr1","135557975","135558249","chr1","34227169","34227449","36","101330806"
"chr1","135571795","135572084","chr1","136495928","136496200","19","924133"
"chr1","135764391","135764679","chr1","136723013","136723305","10","958622"
"chr1","135875834","135876079","chr1","136834915","136835162","7","959081"
"chr1","136008902","136009178","chr13","87151541","87151819","38","48857361"
"chr1","136237354","136237641","chr15","15768133","15768425","32","120469221"
"chr1","136286903","136287077","chr3","117850722","117850896","25","18436181"
"chr1","136345888","136346187","chr1","137298600","137298900","4","952712"
"chr1","136359041","136359314","chr1","137311421","137311690","6","952380"
"chr1","136374060","136374350","chr1","137326463","137326752","6","952403"
"chr1","136388994","136389295","chr1","137342088","137342389","2","953094"
"chr1","136436268","136436551","chr1","137388116","137388409","17","951848"
"chr1","136477443","136477743","chr1","137432305","137432602","11","954862"
"chr1","136516247","136516540","chr1","137470270","137470564","4","954023"
"chr1","136613233","136613534","chr1","137568031","137568332","9","954798"
"chr1","136639799","136640111","chr1","137594910","137595222","4","955111"
"chr1","136655234","136655522","chr1","137610326","137610614","3","955092"
"chr1","136908351","136908645","chr1","139434312","139434618","17","2525961"
"chr1","137055188","137055490","chr1","139284674","139284976","5","2229486"
"chr1","137231611","137231916","chr1","44004494","44004799","38","93227117"
"chr1","137233555","137233860","chr1","44004494","44004799","38","93229061"
"chr1","137237310","137237610","chr1","139111106","139111409","6","1873796"
"chr1","137417299","137417563","chr1","138930809","138931073","5","1513510"
"chr1","137584980","137585190","chr9","106573564","106573771","24","31011416"
"chr1","137604692","137604992","chr20","11848855","11849157","50","125755837"
"chr1","138217285","138217591","chr2","121158781","121159088","38","17058504"
"chr1","138275137","138275439","chr1","34912838","34913140","40","103362299"
"chr1","138288894","138289198","chr1","137975852","137976156","2","313042"
"chr1","138334627","138334904","chr1","137929160","137929437","5","405467"
"chr1","138391216","138391529","chr1","137872727","137873039","7","518489"
"chr1","138414570","138414848","chr8","76413611","76413891","38","62000959"
"chr1","138423081","138423393","chrX","40224083","40224385","52","98198998"
"chr1","138540117","138540414","chr8","101258028","101258327","32","37282089"
"chr1","138542221","138542500","chr1","137717529","137717800","13","824692"
"chr1","138565138","138565442","chr1","137694278","137694581","8","870860"
"chr1","138709689","138709996","chr1","154098412","154098718","39","15388723"
"chr1","138778969","138779271","chr1","139750139","139750439","7","971170"
"chr1","138798690","138798997","chr1","139770251","139770560","8","971561"
"chr1","138896548","138896837","chr1","139867779","139868068","2","971231"
"chr1","138900771","138901056","chrX","12139372","12139658","33","126761399"
"chr1","138962159","138962451","chr1","139931874","139932170","8","969715"
"chr1","139023611","139023919","chr8","63724629","63724930","38","75298982"
"chr1","139037567","139037849","chr1","140006615","140006897","3","969048"
"chr1","139060089","139060364","chr1","140029081","140029349","11","968992"
"chr1","139128125","139128428","chr1","140097462","140097765","2","969337"
"chr1","139141240","139141537","chr1","140111136","140111434","7","969896"
"chr1","139144639","139144945","chr1","140114992","140115305","15","970353"
"chr1","139175002","139175304","chr1","140147478","140147777","9","972476"
"chr1","139178448","139178742","chr1","140150904","140151194","10","972456"
"chr1","139183953","139184254","chr1","140156393","140156686","14","972440"
"chr1","139195399","139195693","chr1","140167606","140167899","8","972207"
"chr1","139251648","139251944","chr1","140221271","140221543","31","969623"
"chr1","139256729","139257037","chr1","140224613","140224924","14","967884"
"chr1","139299927","139300132","chr1","140269481","140269686","5","969554"
"chr1","139303569","139303908","chr1","140273455","140273789","11","969886"
"chr1","139345291","139345585","chr1","140314616","140314908","8","969325"
"chr1","139348245","139348528","chr1","140317567","140317845","8","969322"
"chr1","139348792","139349088","chr1","140318106","140318402","9","969314"
"chr1","139361363","139361655","chr1","140331042","140331334","4","969679"
"chr1","139372954","139373260","chr1","140342828","140343134","5","969874"
"chr1","139379981","139380268","chr1","140349817","140350103","5","969836"
"chr1","139393816","139394124","chr1","140364017","140364323","11","970201"
"chr1","139438763","139439027","chr1","140407333","140407605","25","968570"
"chr1","139570489","139570788","chr1","140540681","140540980","8","970192"
"chr1","139666012","139666289","chr1","140638863","140639129","12","972851"
"chr1","139702441","139702737","chr3","2907703","2908000","37","136794738"
"chr1","139734478","139734763","chr1","140707781","140708066","3","973303"
"chr1","139766354","139766541","chr1","140741103","140741290","4","974749"
"chr1","139780438","139780730","chr1","140755135","140755428","4","974697"
"chr1","139886205","139886500","chr1","140863749","140864052","9","977544"
"chr1","140221792","140222094","chr1","141208575","141208875","7","986783"
"chr1","140416820","140416985","chr4","38289404","38289571","32","102127416"
"chr1","140433242","140433483","chr1","141545325","141545569","5","1112083"
"chr1","140532628","140532873","chr1","141636620","141636865","5","1103992"
"chr1","140560151","140560436","chr1","141664140","141664425","2","1103989"
"chr1","140710697","140710991","chr1","141815525","141815824","9","1104828"
"chr1","140872677","140872969","chr1","141973820","141974128","22","1101143"
"chr1","140873004","140873311","chr5","16888355","16888663","44","123984649"
"chr1","140932734","140933038","chr10","26272503","26272805","32","114660231"
"chr1","140936033","140936335","chr1","142037524","142037798","33","1101491"
"chr1","141034769","141035053","chr1","142145459","142145743","3","1110690"
"chr1","141072329","141072622","chr1","142183314","142183613","12","1110985"
"chr1","141076438","141076614","chr8","28275885","28276060","29","112800553"
"chr1","141078873","141079170","chr4","77179088","77179372","53","63899785"
"chr1","141098904","141099191","chr1","142210852","142211139","5","1111948"
"chr1","141112388","141112652","chr1","142224961","142225198","28","1112573"
"chr1","141151299","141151432","chr19","11264737","11264870","14","129886562"
"chr1","141165095","141165411","chr14","63518444","63518750","39","77646651"
"chr1","141226384","141226680","chr1","142335943","142336240","5","1109559"
"chr1","141233364","141233666","chr1","142342106","142342408","4","1108742"
"chr1","141262318","141262594","chr1","142372441","142372718","7","1110123"
"chr1","141321368","141321665","chr1","142431619","142431914","9","1110251"
"chr1","141398910","141399216","chr1","142506631","142506939","6","1107721"
"chr1","141806423","141806712","chr1","143031574","143031865","3","1225151"
"chr1","141982242","141982534","chr1","143191275","143191565","9","1209033"
"chr1","141983993","141984290","chr1","143193020","143193316","5","1209027"
"chr1","141987436","141987735","chr3","2907703","2908000","43","139079733"
"chr1","141998497","141998806","chr1","143207579","143207888","6","1209082"
"chr1","142058965","142059269","chr1","143269134","143269438","8","1210169"
"chr1","142133300","142133580","chr1","143351825","143352105","7","1218525"
"chr1","142134045","142134340","chr1","143352567","143352862","2","1218522"
"chr1","142161505","142161787","chrX","53937513","53937793","40","88223992"
"chr1","142173615","142173942","chr1","143392634","143392906","77","1219019"
"chr1","142179256","142179565","chrX","128903017","128903324","36","13276239"
"chr1","142201318","142201609","chr1","143419553","143419847","11","1218235"
"chr1","142672317","142672610","chr1","143898284","143898573","12","1225967"
"chr1","143064748","143065057","chr1","144286081","144286390","8","1221333"
"chr1","143067033","143067306","chr14","45520254","45520531","40","97546779"
"chr1","143213829","143213923","chr16","15504163","15504247","33","127709666"
"chr1","143214368","143214565","chr4","142194304","142194505","34","1020064"
"chr1","143253803","143254085","chr1","144472807","144473090","5","1219004"
"chr1","143296412","143296712","chr1","144513481","144513794","17","1217069"
"chr1","143567202","143567494","chr1","144803909","144804218","21","1236707"
"chr1","143611178","143611461","chr1","144849268","144849567","24","1238090"
"chr1","143878846","143879125","chr1","145139321","145139598","7","1260475"
"chr1","144392743","144393036","chr1","145669913","145670196","12","1277170"
"chr1","144562038","144562346","chr9","13877078","13877387","43","130684960"
"chr1","144577360","144577656","chr8","63724629","63724930","37","80852731"
"chr1","144597455","144597734","chr1","145882862","145883149","11","1285407"
"chr1","144686089","144686379","chr7","42237531","42237820","45","102448558"
"chr1","144711899","144712196","chr2","93185519","93185812","39","51526380"
"chr1","144715038","144715325","chr1","145998762","145999058","13","1283724"
"chr1","144740324","144740632","chr1","146025832","146026128","37","1285508"
"chr1","144802178","144802487","chr19","40866944","40867252","30","103935234"
"chr1","144892703","144893000","chr1","146182938","146183235","1","1290235"
"chr1","144956335","144956625","chr1","146248578","146248869","7","1292243"
"chr1","144969525","144969829","chr15","61773477","61773776","22","83196048"
"chr1","145002200","145002486","chr1","146292727","146293013","5","1290527"
"chr1","145008661","145008961","chr1","146299631","146299931","5","1290970"
"chr1","145016449","145016753","chr1","146307583","146307887","0","1291134"
"chr1","145039188","145039494","chr1","146330931","146331237","3","1291743"
"chr1","145062846","145063155","chr16","72045551","72045857","31","73017295"
"chr1","145072745","145073044","chr1","146364915","146365222","10","1292170"
"chr1","145371284","145371572","chr1","146703419","146703708","5","1332135"
"chr1","145515542","145515827","chr1","146846273","146846567","17","1330731"
"chr1","145607033","145607340","chr1","146936969","146937273","7","1329936"
"chr1","145825005","145825305","chr1","147148963","147149263","3","1323958"
"chr1","145868378","145868680","chr13","62825364","62825665","37","83043014"
"chr1","146270168","146270460","chr1","147598776","147599063","12","1328608"
"chr1","146360799","146361091","chr1","147688334","147688639","32","1327535"
"chr1","146587118","146587396","chr1","147912961","147913243","7","1325843"
"chr1","146614303","146614597","chr1","147940423","147940717","4","1326120"
"chr1","146825658","146825959","chr1","148156663","148156961","9","1331005"
"chr1","147238694","147238994","chr1","148571238","148571539","14","1332544"
"chr1","147326023","147326271","chr1","148658538","148658780","14","1332515"
"chr1","147494387","147494687","chr1","148825985","148826277","27","1331598"
"chr1","147592981","147593280","chr1","148924870","148925170","7","1331889"
"chr1","147639062","147639344","chr1","148972103","148972385","8","1333041"
"chr1","147809092","147809291","chr8","28666786","28666988","27","119142306"
"chr1","148198386","148198662","chr1","149530325","149530601","9","1331939"
"chr1","148202093","148202348","chr1","149534091","149534346","5","1331998"
"chr1","148208563","148208876","chr1","149540663","149540973","7","1332100"
"chr1","148241509","148241809","chr1","149573268","149573571","10","1331759"
"chr1","148271332","148271575","chr1","149603324","149603566","9","1331992"
"chr1","148337539","148337845","chr1","149670469","149670775","5","1332930"
"chr1","148347315","148347609","chr1","149680217","149680509","6","1332902"
"chr1","149150464","149150757","chr1","150480308","150480602","5","1329844"
"chr1","149160573","149160849","chr9","101662595","101662868","52","47497978"
"chr1","149379176","149379468","chr1","150720019","150720311","6","1340843"
"chr1","149397443","149397704","chr1","150738318","150738579","8","1340875"
"chr1","149484822","149485134","chr14","115784371","115784680","42","33700451"
"chr1","149532343","149532637","chr1","150873684","150873984","10","1341341"
"chr1","149541359","149541630","chr1","150882720","150882991","2","1341361"
"chr1","149572444","149572742","chr1","150912411","150912708","6","1339967"
"chr1","149594298","149594601","chr2","41981637","41981942","48","107612661"
"chr1","149910044","149910349","chr2","116143847","116144156","41","33766197"
"chr1","150186954","150187249","chr2","84838100","84838396","34","65348854"
"chr1","150235565","150235833","chr1","151600819","151601075","19","1365254"
"chr1","150477515","150477821","chr1","151855943","151856249","11","1378428"
"chr1","150528223","150528523","chr1","151906853","151907152","7","1378630"
"chr1","150565257","150565566","chr3","66669090","66669382","40","83896167"
"chr1","150750332","150750636","chr1","152126299","152126611","11","1375967"
"chr1","150780559","150780739","chr7","6055687","6055870","29","144724872"
"chr1","150785085","150785383","chr1","152161415","152161711","13","1376330"
"chr1","150801657","150801951","chr1","152178290","152178583","8","1376633"
"chr1","150889402","150889703","chr19","45912235","45912536","36","104977167"
"chr1","150966323","150966637","chr1","152349956","152350262","16","1383633"
"chr1","151043885","151044209","chr1","152424566","152424890","9","1380681"
"chr1","151075609","151075885","chr1","152456094","152456366","5","1380485"
"chr1","151231334","151231653","chr19","40866944","40867252","42","110364390"
"chr1","151836460","151836747","chr1","154293672","154293959","2","2457212"
"chr1","151842413","151842722","chr1","154299577","154299905","27","2457164"
"chr1","151852694","151853001","chr15","94322075","94322384","36","57530619"
"chr1","151853414","151853726","chr1","154310930","154311235","15","2457516"
"chr1","151877677","151877976","chr2","34887815","34888117","37","116989862"
"chr1","151879145","151879461","chr1","154335980","154336293","18","2456835"
"chr1","151913316","151913616","chr1","154369454","154369754","6","2456138"
"chr1","151930004","151930334","chr1","154386073","154386411","12","2456069"
"chr1","151942138","151942426","chr11","45347736","45348026","30","106594402"
"chr1","151943259","151943560","chr1","154403856","154404156","6","2460597"
"chr1","152111332","152111626","chr1","154574286","154574580","5","2462954"
"chr1","152114610","152114918","chr1","154577372","154577682","5","2462762"
"chr1","152212764","152213051","chr1","154672142","154672434","13","2459378"
"chr1","152235569","152235874","chr7","91941317","91941622","35","60294252"
"chr1","152313659","152313966","chr1","154773420","154773727","6","2459761"
"chr1","152329023","152329319","chr1","154788800","154789076","25","2459777"
"chr1","152362709","152362994","chr1","154823709","154823995","5","2461000"
"chr1","152376813","152377092","chr1","154837762","154838041","8","2460949"
"chr1","152423328","152423627","chr9","58888332","58888632","11","93534996"
"chr1","152635704","152635990","chr1","155090385","155090674","13","2454681"
"chr1","152666366","152666669","chr2","204450713","204451017","37","51784347"
"chr1","152694477","152694770","chr1","155147270","155147566","11","2452793"
"chr1","152708831","152709112","chr1","155161971","155162252","2","2453140"
"chr1","152820718","152820919","chr1","155277589","155277784","18","2456871"
"chr1","152821234","152821349","chr1","155278077","155278191","4","2456843"
"chr1","152825808","152826108","chr1","155282460","155282761","8","2456652"
"chr1","152828347","152828640","chr1","155284952","155285247","6","2456605"
"chr1","152839877","152840179","chr1","44548505","44548810","37","108291372"
"chr1","152841665","152841972","chr1","155298370","155298665","17","2456705"
"chr1","152842229","152842523","chr1","155298922","155299217","5","2456693"
"chr1","152880782","152881071","chr1","155334583","155334877","13","2453801"
"chr1","152889029","152889307","chr2","165231813","165232094","36","12342784"
"chr1","152943670","152943970","chr1","155399304","155399603","9","2455634"
"chr1","153239697","153239994","chr1","155691904","155692200","3","2452207"
"chr1","153282830","153283090","chr1","155733185","155733444","4","2450355"
"chr1","153330765","153331036","chr1","36804982","36805253","35","116525783"
"chr1","153444223","153444526","chr1","155893643","155893943","8","2449420"
"chr1","153643192","153643494","chr1","156081696","156082004","20","2438504"
"chr1","153728794","153729041","chr7","56913080","56913321","44","96815714"
"chr1","153807806","153808084","chr1","156248273","156248553","6","2440467"
"chr1","153910514","153910804","chr1","156351680","156351972","5","2441166"
"chr1","154007996","154008305","chr1","156448233","156448542","6","2440237"
"chr1","154058783","154059056","chr1","156499405","156499678","7","2440622"
"chr1","154095463","154095767","chr1","156536420","156536723","5","2440957"
"chr1","154435880","154436177","chr1","156917543","156917845","13","2481663"
"chr1","154798230","154798551","chr1","157279673","157279964","37","2481443"
"chr1","154807881","154808177","chr1","157289294","157289589","6","2481413"
"chr1","154879172","154879472","chr1","157359282","157359579","12","2480110"
"chr1","154888287","154888574","chr1","157368671","157368958","3","2480384"
"chr1","154919341","154919640","chr1","157400014","157400315","10","2480673"
"chr1","155113013","155113319","chr1","157593812","157594121","9","2480799"
"chr1","155115953","155116254","chr1","157596745","157597042","6","2480792"
"chr1","155142671","155142979","chr1","157623552","157623860","3","2480881"
"chr1","155178690","155178986","chr6","171081612","171081903","34","15902922"
"chr1","155357058","155357326","chr1","157837592","157837860","6","2480534"
"chr1","155444618","155444910","chr1","157924552","157924844","3","2479934"
"chr1","155559241","155559545","chr7","59627316","59627619","34","95931925"
"chr1","155562982","155563266","chr1","158183526","158183842","37","2620544"
"chr1","155589264","155589550","chr11","13961562","13961848","36","141627702"
"chr1","155622305","155622583","chr1","158242088","158242363","12","2619783"
"chr1","155653766","155654069","chr1","158273384","158273687","5","2619618"
"chr1","155781069","155781374","chr1","158400292","158400593","16","2619223"
"chr1","156162597","156162905","chr1","158781191","158781496","8","2618594"
"chr1","156180186","156180486","chr1","158799114","158799422","11","2618928"
"chr1","156281002","156281289","chr1","158906701","158906989","3","2625699"
"chr1","156619695","156619997","chr17","23775743","23776042","34","132843952"
"chr1","156815374","156815689","chr8","23274472","23274781","37","133540902"
"chr1","156953789","156954078","chr1","159636871","159637161","17","2683082"
"chr1","156955488","156955790","chr4","31898756","31899058","37","125056732"
"chr1","156977760","156978048","chr1","159660756","159661044","5","2682996"
"chr1","157104189","157104495","chr10","62331135","62331441","36","94773054"
"chr1","157104691","157104968","chr8","111467890","111468163","35","45636801"
"chr1","157293652","157293945","chr1","159978020","159978317","10","2684368"
"chr1","157387167","157387466","chr3","2907703","2908000","33","154479464"
"chr1","157643967","157644205","chr1","160329309","160329546","4","2685342"
"chr1","157685159","157685426","chr7","109174017","109174270","44","48511142"
"chr1","157694879","157695180","chr1","160380286","160380586","6","2685407"
"chr1","157718714","157718843","chr2","146692693","146692833","27","11026021"
"chr1","157834963","157835265","chr1","160556246","160556544","5","2721283"
"chr1","157837690","157837989","chr1","160559001","160559302","14","2721311"
"chr1","157864303","157864607","chr1","160585545","160585834","29","2721242"
"chr1","157869777","157870068","chr1","160590678","160590968","2","2720901"
"chr1","157892852","157893141","chr3","69217419","69217706","36","88675433"
"chr1","157902182","157902483","chr1","27243298","27243603","34","130658884"
"chr1","158076374","158076664","chr1","160746617","160746912","8","2670243"
"chr1","158132319","158132596","chr1","160801094","160801371","5","2668775"
"chr1","158155667","158155975","chr1","160824474","160824784","5","2668807"
"chr1","158208894","158209203","chr1","160877368","160877677","3","2668474"
"chr1","158220454","158220756","chr4","2750966","2751266","34","155469488"
"chr1","158228537","158228825","chr1","160896976","160897267","4","2668439"
"chr1","158275103","158275412","chr5","40002822","40003131","36","118272281"
"chr1","158320134","158320436","chr1","160991308","160991616","10","2671174"
"chr1","158342891","158343179","chr1","161014093","161014381","12","2671202"
"chr1","158367732","158367896","chr1","100917000","100917165","26","57450732"
"chr1","158436670","158436968","chr1","161110915","161111213","4","2674245"
"chr1","158477094","158477369","chr1","161150783","161151078","24","2673689"
"chr1","158503509","158503811","chr1","161177396","161177691","11","2673887"
"chr1","158594303","158594588","chr1","161268500","161268785","4","2674197"
"chr1","158621001","158621310","chr1","161295109","161295429","13","2674108"
"chr1","158627077","158627370","chr1","161301512","161301803","4","2674435"
"chr1","158716232","158716516","chr1","161389940","161390238","18","2673708"
"chr1","158770727","158771036","chr1","161445728","161446034","12","2675001"
"chr1","158781136","158781470","chr1","161456811","161457120","31","2675675"
"chr1","158787906","158788194","chr1","161464233","161464526","8","2676327"
"chr1","158798906","158799212","chr1","161476471","161476777","7","2677565"
"chr1","159221059","159221361","chr1","161897128","161897431","7","2676069"
"chr1","159222032","159222296","chr1","161898103","161898367","8","2676071"
"chr1","159222303","159222602","chr7","22850812","22851104","42","136371491"
"chr1","159306098","159306401","chr2","121847767","121848073","29","37458331"
"chr1","159361231","159361529","chr1","162039679","162039983","9","2678448"
"chr1","159405416","159405713","chr1","162084389","162084686","3","2678973"
"chr1","159485765","159486059","chr1","162166008","162166306","12","2680243"
"chr1","159518354","159518666","chr1","162198236","162198547","11","2679882"
"chr1","159530492","159530785","chr6","131966421","131966716","35","27564071"
"chr1","159585798","159586097","chr1","162298015","162298314","10","2712217"
"chr1","159774914","159775230","chr1","162488957","162489262","20","2714043"
"chr1","159794059","159794357","chr1","162508090","162508387","6","2714031"
"chr1","159818694","159818993","chr18","51933239","51933539","37","107885455"
"chr1","159857047","159857340","chr1","162570294","162570592","12","2713247"
"chr1","159862374","159862686","chr1","162575632","162575944","3","2713258"
"chr1","159865914","159866219","chr4","28719545","28719847","35","131146369"
"chr1","159877809","159878127","chr1","162591450","162591746","29","2713641"
"chr1","159902489","159902794","chr1","162619779","162620072","21","2717290"
"chr1","159918326","159918595","chr1","162635594","162635876","15","2717268"
"chr1","159936097","159936380","chr7","34758340","34758622","33","125177757"
"chr1","159943740","159944046","chr1","162660720","162661027","2","2716980"
"chr1","159958789","159959089","chr1","162673387","162673682","11","2714598"
"chr1","159959197","159959487","chr1","162673789","162674079","11","2714592"
"chr1","160032260","160032570","chr1","162746968","162747272","12","2714708"
"chr1","160052353","160052654","chr2","163684847","163685146","32","3632494"
"chr1","160073036","160073352","chr1","162789680","162789996","5","2716644"
"chr1","160076712","160077011","chr1","162793059","162793357","8","2716347"
"chr1","160093448","160093744","chr1","162809117","162809413","6","2715669"
"chr1","160117639","160117901","chr1","162833772","162834034","6","2716133"
"chr1","160126404","160126706","chr1","121564029","121564325","31","38562375"
"chr1","160189463","160189770","chr1","162904802","162905111","8","2715339"
"chr1","160197549","160197842","chr1","162912892","162913187","10","2715343"
"chr1","160242185","160242480","chr16","9519102","9519398","35","150723083"
"chr1","160335998","160336306","chr1","163053409","163053718","10","2717411"
"chr1","160398449","160398755","chr1","163117106","163117414","9","2718657"
"chr1","160442684","160442978","chr1","163161576","163161870","10","2718892"
"chr1","160447936","160448241","chr1","163166883","163167178","19","2718947"
"chr1","160450265","160450554","chr4","123382191","123382485","31","37068074"
"chr1","160456530","160456855","chr3","42669239","42669561","39","117787291"
"chr1","160478021","160478341","chr2","179582629","179582952","61","19104608"
"chr1","160525524","160525817","chr1","163245296","163245564","29","2719772"
"chr1","160573870","160574155","chr1","163293152","163293438","6","2719282"
"chr1","160579892","160580188","chr1","163299214","163299510","8","2719322"
"chr1","160594939","160595252","chr1","163314107","163314405","23","2719168"
"chr1","160595341","160595640","chr9","92574925","92575229","42","68020416"
"chr1","160647381","160647674","chr6","77821285","77821579","31","82826096"
"chr1","160648843","160649141","chr1","163367319","163367618","4","2718476"
"chr1","160679226","160679520","chr1","163398055","163398349","2","2718829"
"chr1","160706469","160706758","chr1","163426181","163426477","12","2719712"
"chr1","160795942","160796251","chr1","163515401","163515718","14","2719459"
"chr1","160914619","160914910","chr1","40422812","40423101","38","120491807"
"chr1","161015283","161015576","chr1","163727415","163727713","12","2712132"
"chr1","161089167","161089467","chr1","163802086","163802390","10","2712919"
"chr1","161114691","161114982","chr1","163827054","163827345","4","2712363"
"chr1","161157490","161157759","chr1","163869526","163869795","3","2712036"
"chr1","161176005","161176311","chr1","163887007","163887311","8","2711002"
"chr1","161204341","161204631","chr5","155910343","155910631","43","5293998"
"chr1","161210747","161211040","chr5","84621454","84621751","49","76589293"
"chr1","161222284","161222564","chr1","163932728","163933011","7","2710444"
"chr1","161253261","161253556","chr1","163965654","163965948","7","2712393"
"chr1","161255955","161256179","chrX","113736345","113736565","30","47519610"
"chr1","161330122","161330431","chr1","164044066","164044375","7","2713944"
"chr1","161554475","161554719","chr1","217896327","217896570","30","56341852"
"chr1","161585493","161585788","chr1","164355048","164355341","5","2769555"
"chr1","161599986","161600286","chr1","164365293","164365591","7","2765307"
"chr1","161626053","161626362","chr1","164392133","164392441","8","2766080"
"chr1","161648774","161649067","chr1","164414268","164414560","11","2765494"
"chr1","161717549","161717813","chr1","164482737","164483002","7","2765188"
"chr1","161855623","161855937","chr1","164622044","164622364","11","2766421"
"chr1","161930214","161930498","chr1","164721768","164722056","7","2791554"
"chr1","161932229","161932399","chr14","10246675","10246842","18","151685554"
"chr1","161958980","161959275","chr1","164754856","164755148","6","2795876"
"chr1","161970396","161970691","chr14","109601888","109602179","40","52368508"
"chr1","161987183","161987482","chr4","31898756","31899058","39","130088427"
"chr1","161994168","161994460","chr1","164788563","164788855","8","2794395"
"chr1","162001831","162002118","chr3","64049586","64049875","39","97952245"
"chr1","162003781","162004082","chr1","164798529","164798801","31","2794748"
"chr1","162059507","162059810","chr1","164853933","164854236","3","2794426"
"chr1","162080765","162081057","chr1","164875498","164875790","10","2794733"
"chr1","162104543","162104853","chr1","164898457","164898753","17","2793914"
"chr1","162471466","162471772","chr1","165269488","165269788","10","2798022"
"chr1","162497929","162498220","chr1","165295986","165296284","14","2798057"
"chr1","162510104","162510395","chr1","165307872","165308171","14","2797768"
"chr1","162510635","162510944","chr1","165308411","165308709","17","2797776"
"chr1","162517207","162517512","chr5","16888355","16888663","36","145628852"
"chr1","162534701","162534989","chr1","165333019","165333309","3","2798318"
"chr1","162550650","162550944","chr15","41751569","41751866","36","120799081"
"chr1","162561091","162561397","chr1","165359693","165359999","6","2798602"
"chr1","162780536","162780831","chr1","165580501","165580804","17","2799965"
"chr1","162916169","162916484","chr11","38511773","38512079","38","124404396"
"chr1","162941713","162942017","chr3","166477634","166477937","42","3535921"
"chr1","162963060","162963368","chr19","20631949","20632258","35","142331111"
"chr1","163021987","163022295","chr7","43414688","43414994","40","119607299"
"chr1","163023676","163023978","chr1","165820857","165821159","5","2797181"
"chr1","163059688","163059981","chr1","165857430","165857721","8","2797742"
"chr1","163107153","163107434","chr1","99343629","99343910","32","63763524"
"chr1","163118429","163118724","chr10","79155844","79156136","34","83962585"
"chr1","163142433","163142713","chr1","165939188","165939468","1","2796755"
"chr1","163167495","163167774","chr1","165964555","165964834","9","2797060"
"chr1","163193217","163193520","chr5","37265492","37265795","28","125927725"
"chr1","163220775","163221066","chr11","54651905","54652199","52","108568870"
"chr1","163272687","163272981","chr1","166070434","166070736","13","2797747"
"chr1","163292397","163292698","chr15","7344495","7344800","32","155947902"
"chr1","163324509","163324803","chr4","123382191","123382485","31","39942318"
"chr1","163329042","163329352","chr1","166128069","166128379","3","2799027"
"chr1","163333645","163333937","chr1","166132345","166132634","8","2798700"
"chr1","163344538","163344781","chr1","166143154","166143387","15","2798616"
"chr1","163373300","163373565","chr1","166171833","166172097","4","2798533"
"chr1","163386934","163387237","chr1","166183730","166184030","10","2796796"
"chr1","163404196","163404510","chr1","166204541","166204854","7","2800345"
"chr1","163417507","163417793","chr1","166219583","166219862","12","2802076"
"chr1","163423809","163423938","chr5","127348010","127348143","21","36075799"
"chr1","163425865","163426149","chr4","30749508","30749793","33","132676357"
"chr1","163473347","163473650","chr9","88189465","88189768","33","75283882"
"chr1","163547184","163547460","chr3","22127606","22127879","41","141419578"
"chr1","163551117","163551407","chr3","113941067","113941357","38","49610050"
"chr1","163584328","163584476","chr13","54716821","54716969","21","108867507"
"chr1","163590019","163590312","chr1","166388656","166388956","13","2798637"
"chr1","163626386","163626671","chr1","166425517","166425804","5","2799131"
"chr1","163632506","163632793","chr1","166431630","166431916","17","2799124"
"chr1","163642595","163642896","chr12","89804342","89804646","31","73838253"
"chr1","163658966","163659275","chr1","166457289","166457598","5","2798323"
"chr1","163704929","163705222","chr5","66767460","66767750","31","96937469"
"chr1","163814673","163814965","chr10","29609818","29610112","33","134204855"
"chr1","163816077","163816363","chr1","166615018","166615285","31","2798941"
"chr1","163897052","163897352","chr1","166695328","166695628","1","2798276"
"chr1","163948049","163948351","chr1","166745842","166746143","10","2797793"
"chr1","163957289","163957588","chr1","166754909","166755208","8","2797620"
"chr1","163957599","163957907","chr1","166755219","166755527","4","2797620"
"chr1","164022556","164022849","chr1","166823517","166823811","8","2800961"
"chr1","164150190","164150481","chr1","166954579","166954871","10","2804389"
"chr1","164372381","164372691","chr1","12281473","12281782","38","152090908"
"chr1","164382607","164382911","chr1","167193130","167193435","6","2810523"
"chr1","164562070","164562362","chr1","167366007","167366317","22","2803937"
"chr1","164665787","164666061","chr16","54402068","54402340","36","110263719"
"chr1","164835197","164835513","chr1","52588907","52589206","49","112246290"
"chr1","165436131","165436438","chr1","168259088","168259394","4","2822957"
"chr1","165626462","165626751","chr1","168450005","168450296","4","2823543"
"chr1","165792612","165792913","chr1","168618389","168618688","7","2825777"
"chr1","166151867","166152158","chr4","14740334","14740625","35","151411533"
"chr1","166168501","166168785","chr10","64987486","64987771","35","101181015"
"chr1","166250658","166250952","chr1","169080920","169081214","9","2830262"
"chr1","166252141","166252375","chr1","169082415","169082647","7","2830274"
"chr1","167016746","167017053","chr1","169937963","169938270","4","2921217"
"chr1","167315504","167315786","chr1","109940155","109940440","40","57375349"
"chr1","167331712","167332021","chr1","170192383","170192721","33","2860671"
"chr1","167738390","167738629","chr17","77909020","77909261","41","89829370"
"chr1","167907907","167908215","chr1","170796425","170796722","21","2888518"
"chr1","168465783","168466089","chr1","171565782","171566087","5","3099999"
"chr1","168794647","168794916","chr8","114711392","114711662","43","54083255"
"chr1","168936357","168936607","chr1","172045819","172046069","4","3109462"
"chr1","169006981","169007266","chr1","172116244","172116527","9","3109263"
"chr1","169036191","169036500","chr1","172144583","172144884","14","3108392"
"chr1","169104205","169104504","chr1","172214864","172215159","5","3110659"
"chr1","169194508","169194814","chr1","172304994","172305297","8","3110486"
"chr1","169332086","169332389","chr7","33771482","33771779","39","135560604"
"chr1","169341886","169342177","chr2","23422572","23422858","53","145919314"
"chr1","169997073","169997373","chr13","85744362","85744645","30","84252711"
"chr1","170078259","170078508","chr4","74101576","74101828","40","95976683"
"chr1","170202829","170203125","chr1","172775310","172775605","5","2572481"
"chr1","170367575","170367821","chr4","43788289","43788539","40","126579286"
"chr1","170442639","170442943","chr1","164853933","164854236","39","5588706"
"chr1","170741313","170741599","chr1","173319959","173320241","7","2578646"
"chr1","170877477","170877775","chr1","173472386","173472688","8","2594909"
"chr1","170994031","170994327","chr1","173587139","173587435","3","2593108"
"chr1","171071782","171072075","chr1","173667684","173667972","13","2595902"
"chr1","171344580","171344876","chr1","173948912","173949214","17","2604332"
"chr1","171419287","171419606","chr1","174023831","174024154","12","2604544"
"chr1","171470898","171471200","chr1","174075862","174076164","6","2604964"
"chr1","171541373","171541676","chr1","174145560","174145868","9","2604187"
"chr1","171646420","171646717","chr19","35833541","35833836","39","135812879"
"chr1","171714672","171714957","chr4","167825313","167825598","30","3889359"
"chr1","171746200","171746503","chr1","174349725","174350020","10","2603525"
"chr1","171855463","171855674","chrX","66006154","66006359","29","105849309"
"chr1","172177114","172177413","chr4","28719545","28719847","43","143457569"
"chr1","172356576","172356883","chr1","175067636","175067947","31","2711060"
"chr1","172454887","172455190","chr1","175174590","175174869","31","2719703"
"chr1","172480190","172480501","chr13","26175974","26176278","42","146304216"
"chr1","172570026","172570306","chr1","175289891","175290168","10","2719865"
"chr1","172658484","172658661","chr10","83806647","83806840","39","88851837"
"chr1","172945251","172945553","chr1","175660503","175660794","19","2715252"
"chr1","173414131","173414434","chr1","176178260","176178566","15","2764129"
"chr1","173466518","173466808","chr1","176230180","176230470","6","2763662"
"chr1","173868043","173868349","chr1","176687292","176687592","10","2819249"
"chr1","174185804","174186111","chr1","177009822","177010131","8","2824018"
"chr1","174419229","174419529","chr1","177248510","177248810","7","2829281"
"chr1","174424852","174425143","chr1","31482751","31483040","37","142942101"
"chr1","174550638","174550939","chr1","87110318","87110616","40","87440320"
"chr1","174613425","174613668","chr16","38396460","38396698","47","136216965"
"chr1","174718111","174718409","chrX","128903017","128903324","51","45815094"
"chr1","174737144","174737435","chr1","177629212","177629502","9","2892068"
"chr1","174765123","174765431","chr3","21179941","21180248","39","153585182"
"chr1","174806530","174806840","chr1","97916977","97917285","42","76889553"
"chr1","174977874","174978178","chr2","49086949","49087253","37","125890925"
"chr1","175290965","175291254","chr1","178188739","178189031","8","2897774"
"chr1","175447387","175447679","chr6","41205679","41205983","51","134241708"
"chr1","175543158","175543476","chr1","178443073","178443391","7","2899915"
"chr1","175584440","175584775","chr17","93086234","93086554","58","82498206"
"chr1","175585989","175586261","chr1","178484027","178484301","6","2898038"
"chr1","175674046","175674351","chr1","178580227","178580532","9","2906181"
"chr1","175855644","175855908","chr1","178762914","178763182","17","2907270"
"chr1","175935614","175935808","chr9","63328489","63328683","30","112607125"
"chr1","175937340","175937641","chr1","178839692","178839993","11","2902352"
"chr1","176254062","176254364","chr1","179151184","179151461","28","2897122"
"chr1","176632229","176632535","chr1","179536887","179537193","13","2904658"
"chr1","176669928","176670237","chr1","179574837","179575145","14","2904909"
"chr1","176687904","176688234","chr12","3073242","3073545","69","173614662"
"chr1","176734221","176734547","chr1","179638303","179638614","17","2904082"
"chr1","176856259","176856572","chr1","179754052","179754359","19","2897793"
"chr1","177347882","177348161","chr1","180243834","180244121","12","2895952"
"chr1","177677617","177677892","chr1","180575428","180575703","5","2897811"
"chr1","177709815","177710120","chr16","44843324","44843627","38","132866491"
"chr1","177725048","177725290","chr1","180623001","180623243","6","2897953"
"chr1","177758011","177758315","chr1","180656918","180657196","38","2898907"
"chr1","177886822","177887137","chr1","180791431","180791745","12","2904609"
"chr1","177907923","177908239","chr1","180812506","180812803","21","2904583"
"chr1","177930933","177931236","chr1","180835583","180835886","4","2904650"
"chr1","178417492","178417801","chr1","181318312","181318611","14","2900820"
"chr1","178461228","178461522","chr1","181367736","181368027","10","2906508"
"chr1","179020560","179020861","chr1","181936715","181937008","19","2916155"
"chr1","179138318","179138608","chr1","182054791","182055078","15","2916473"
"chr1","179150735","179151048","chr16","38432270","38432579","37","140718465"
"chr1","179172656","179172951","chr1","182089159","182089447","8","2916503"
"chr1","179206404","179206685","chr5","186362517","186362808","39","7156113"
"chr1","179208324","179208620","chr1","182124472","182124768","4","2916148"
"chr1","179250045","179250298","chr1","182166197","182166451","5","2916152"
"chr1","179353631","179353900","chr5","24117729","24118005","37","155235902"
"chr1","179401328","179401595","chr1","182319755","182320024","6","2918427"
"chr1","179499806","179500000","chr11","1067778","1067970","28","178432028"
"chr1","179628803","179629082","chr1","182600922","182601201","5","2972119"
"chr1","179673115","179673405","chr1","182645002","182645292","2","2971887"
"chr1","179674983","179675278","chr1","182646871","182647166","9","2971888"
"chr1","179696911","179697222","chr1","182668729","182669043","9","2971818"
"chr1","179704690","179704992","chr1","182676514","182676826","13","2971824"
"chr1","179715864","179716129","chr1","182687465","182687730","8","2971601"
"chr1","180005822","180006103","chr1","182988375","182988656","9","2982553"
"chr1","180513775","180514070","chr1","183546969","183547264","3","3033194"
"chr1","180570832","180571130","chr1","183604720","183605018","2","3033888"
"chr1","180571941","180572241","chr1","183605831","183606124","19","3033890"
"chr1","180670852","180671141","chr1","183705301","183705589","8","3034449"
"chr1","180682307","180682608","chr9","18129433","18129735","37","162552874"
"chr1","180707358","180707601","chr1","28216557","28216813","45","152490801"
"chr1","180762646","180762941","chr1","183794981","183795273","5","3032335"
"chr1","180780794","180781091","chr1","183813203","183813494","12","3032409"
"chr1","180781555","180781856","chr1","183813959","183814261","17","3032404"
"chr1","180864666","180864969","chr1","183897915","183898212","11","3033249"
"chr1","180881432","180881729","chr1","183915004","183915300","5","3033572"
"chr1","180925997","180926155","chr2","25904969","25905113","47","155021028"
"chr1","181024476","181024780","chr1","184059900","184060202","11","3035424"
"chr1","181032012","181032316","chr16","62956126","62956420","33","118075886"
"chr1","181204798","181205100","chr1","184288565","184288861","10","3083767"
"chr1","181254534","181254824","chr13","55382938","55383226","35","125871596"
"chr1","181277101","181277356","chr1","184362392","184362648","4","3085291"
"chr1","181278789","181279065","chr1","184362392","184362648","29","3083603"
"chr1","181303440","181303740","chr1","184387190","184387490","9","3083750"
"chr1","181307171","181307466","chr1","184390909","184391204","5","3083738"
"chr1","181359090","181359385","chr1","184442417","184442724","15","3083327"
"chr1","181372951","181373237","chr4","30749508","30749793","37","150623443"
"chr1","181383848","181384083","chr1","184468202","184468437","6","3084354"
"chr1","181423779","181424071","chr1","184509768","184510060","6","3085989"
"chr1","181469959","181470224","chr1","184555716","184555984","5","3085757"
"chr1","181621074","181621346","chr1","184708001","184708273","6","3086927"
"chr1","181627305","181627602","chr1","184713985","184714282","5","3086680"
"chr1","181645028","181645266","chr1","184732062","184732302","8","3087034"
"chr1","181701440","181701744","chr1","184786554","184786862","8","3085114"
"chr1","181835200","181835488","chr12","57332796","57333084","40","124502404"
"chr1","181874067","181874357","chr1","184962384","184962675","4","3088317"
"chr1","182030057","182030361","chr1","185119999","185120305","8","3089942"
"chr1","182148499","182148790","chr1","185237589","185237897","21","3089090"
"chr1","182160357","182160659","chr1","185249470","185249778","22","3089113"
"chr1","182462208","182462451","chr4","26529601","26529846","48","155932607"
"chr1","182740068","182740365","chr1","185829384","185829695","27","3089316"
"chr1","183091723","183092020","chr1","186177240","186177545","23","3085517"
"chr1","183261243","183261530","chr1","186346675","186346962","4","3085432"
"chr1","183278571","183278860","chr1","186364483","186364772","3","3085912"
"chr1","183418150","183418462","chr1","186504672","186504982","14","3086522"
"chr1","183419511","183419817","chr9","94190632","94190943","29","89228879"
"chr1","183436350","183436643","chr1","186523156","186523448","11","3086806"
"chr1","183471783","183472079","chrX","24046370","24046667","35","159425413"
"chr1","183644611","183644885","chr1","186973479","186973752","2","3328868"
"chr1","183682997","183683262","chr1","187012064","187012329","2","3329067"
"chr1","183887096","183887405","chr1","187216542","187216851","16","3329446"
"chr1","183958127","183958447","chr1","187286405","187286724","6","3328278"
"chr1","183966781","183967003","chr1","207377875","207378093","44","23411094"
"chr1","183973365","183973666","chr1","187301490","187301784","12","3328125"
"chr1","183982808","183983096","chr1","187310935","187311217","21","3328127"
"chr1","184105881","184106176","chr1","187429997","187430289","7","3324116"
"chr1","184134450","184134735","chr1","187459211","187459496","1","3324761"
"chr1","184259473","184259775","chr1","187587829","187588131","4","3328356"
"chr1","184270430","184270721","chr1","135697326","135697617","36","48573104"
"chr1","184322502","184322813","chr1","12281473","12281782","40","172041029"
"chr1","184378730","184378997","chr11","116214085","116214356","32","68164645"
"chr1","184451255","184451552","chrX","101065191","101065488","34","83386064"
"chr1","184473711","184474005","chr1","187809027","187809320","6","3335316"
"chr1","184556700","184556988","chr7","154992733","154993025","33","29563967"
"chr1","184655092","184655389","chr1","188065073","188065376","9","3409981"
"chr1","184715986","184716293","chr1","188132346","188132653","10","3416360"
"chr1","184734713","184735013","chr1","188142122","188142399","29","3407409"
"chr1","184746795","184747094","chr3","165033522","165033818","15","19713273"
"chr1","184783326","184783618","chr1","188189967","188190258","7","3406641"
"chr1","184856084","184856383","chr1","188263662","188263964","7","3407578"
"chr1","184860310","184860598","chr1","188267249","188267539","5","3406939"
"chr1","184878145","184878443","chr14","106622056","106622352","34","78256089"
"chr1","184916082","184916388","chr1","188322466","188322772","7","3406384"
"chr1","184934483","184934790","chr1","188341202","188341508","9","3406719"
"chr1","184939442","184939746","chr1","25636423","25636725","36","159303019"
"chr1","184947078","184947354","chr1","188353794","188354070","4","3406716"
"chr1","184950687","184950984","chr1","188357367","188357663","8","3406680"
"chr1","184970451","184970751","chr1","188376313","188376612","6","3405862"
"chr1","184995598","184995886","chr1","188401518","188401806","8","3405920"
"chr1","184997345","184997643","chr1","188403261","188403564","10","3405916"
"chr1","185012111","185012407","chr1","188418095","188418397","14","3405984"
"chr1","185018126","185018435","chr1","140580776","140581083","36","44437350"
"chr1","185069254","185069550","chr1","188474201","188474501","13","3404947"
"chr1","185364735","185365025","chr1","188808329","188808616","12","3443594"
"chr1","185414947","185415247","chr1","25636423","25636725","29","159778524"
"chr1","185442582","185442891","chr1","188885827","188886147","17","3443245"
"chr1","185506537","185506839","chr1","188948361","188948660","10","3441824"
"chr1","185540697","185541002","chr1","188982583","188982888","6","3441886"
"chr1","185767944","185768228","chr1","189209437","189209722","5","3441493"
"chr1","185855630","185855918","chr1","189298624","189298919","13","3442994"
"chr1","185894843","185895130","chr1","189338369","189338652","9","3443526"
"chr1","185944740","185945050","chr1","189387306","189387613","8","3442566"
"chr1","186008883","186009182","chr9","18129433","18129735","39","167879450"
"chr1","186321035","186321317","chr1","204478713","204478996","13","18157678"
"chr1","186689557","186689843","chr1","204109330","204109616","7","17419773"
"chr1","186769149","186769438","chr13","20322215","20322506","32","166446934"
"chr1","187176125","187176423","chr1","203625622","203625920","5","16449497"
"chr1","187443894","187444193","chr1","203350365","203350657","13","15906471"
"chr1","187572991","187573290","chr1","221572816","221573118","33","33999825"
"chr1","187627695","187627984","chr1","203120252","203120539","12","15492557"
"chr1","187638152","187638467","chr1","203109468","203109777","13","15471316"
"chr1","187666087","187666384","chr11","94996337","94996634","39","92669750"
"chr1","187708185","187708483","chr1","203038485","203038771","16","15330300"
"chr1","187831184","187831490","chr14","115784371","115784680","42","72046813"
"chr1","187891695","187891964","chr1","202853360","202853629","3","14961665"
"chr1","188052559","188052871","chr1","202692954","202693266","5","14640395"
"chr1","188468989","188469266","chr1","202275472","202275741","14","13806483"
"chr1","188592790","188593088","chr10","79155844","79156136","42","109436946"
"chr1","188852235","188852518","chr1","201821542","201821842","24","12969307"
"chr1","188869157","188869448","chr1","201805451","201805749","13","12936294"
"chr1","188884272","188884576","chr1","201789979","201790283","9","12905707"
"chr1","189116743","189117044","chr1","201551464","201551744","26","12434721"
"chr1","189298110","189298414","chr1","201369919","201370215","13","12071809"
"chr1","189367457","189367764","chr1","201301775","201302084","9","11934318"
"chr1","189386703","189387000","chr1","201283074","201283372","6","11896371"
"chr1","189658789","189659074","chr1","201005889","201006174","18","11347100"
"chr1","189819737","189820055","chr1","200841563","200841883","10","11021826"
"chr1","190026046","190026331","chr1","20525319","20525602","49","169500727"
"chr1","190076837","190077121","chr1","200534934","200535213","6","10458097"
"chr1","190118588","190118868","chr1","200493706","200493986","5","10375118"
"chr1","190122937","190123253","chr1","200489056","200489369","9","10366119"
"chr1","190431588","190431894","chr10","61201590","61201893","38","129229998"
"chr1","190491562","190491861","chr1","200127500","200127799","10","9635938"
"chr1","190559640","190559858","chr4","10948428","10948636","36","179611212"
"chr1","190564303","190564604","chr1","200055044","200055347","10","9490741"
"chr1","190564606","190564919","chr1","200054726","200055039","4","9490120"
"chr1","190656467","190656771","chr1","25636423","25636725","62","165020044"
"chr1","190663765","190664070","chr3","165574800","165575101","48","25088965"
"chr1","190713370","190713679","chr1","199904925","199905248","19","9191555"
"chr1","190790111","190790412","chr16","10681836","10682137","35","180108275"
"chr1","190797874","190798168","chr11","94996337","94996634","38","95801537"
"chr1","190809801","190810110","chr1","199804852","199805161","5","8995051"
"chr1","191005021","191005336","chr1","199610181","199610492","6","8605160"
"chr1","191040535","191040802","chr1","199574769","199575036","3","8534234"
"chr1","191051452","191051754","chr1","199563855","199564156","9","8512403"
"chr1","191094982","191095278","chr1","199520378","199520674","3","8425396"
"chr1","191099185","191099466","chr1","199516241","199516526","6","8417056"
"chr1","191108859","191109154","chr1","199506257","199506556","7","8397398"
"chr1","191109162","191109456","chr1","199505953","199506249","5","8396791"
"chr1","191133719","191134004","chr1","199481343","199481630","5","8347624"
"chr1","191251322","191251628","chr1","199366761","199367062","11","8115439"
"chr1","191298086","191298365","chr1","184555716","184555984","41","6742370"
"chr1","191331852","191332143","chr1","199285599","199285892","9","7953747"
"chr1","191336707","191336970","chr1","199280767","199281032","7","7944060"
"chr1","191349072","191349352","chr1","199268390","199268648","31","7919318"
"chr1","191699275","191699583","chr18","12435610","12435913","40","179263665"
"chr1","191716161","191716456","chr1","198855153","198855448","10","7138992"
"chr1","192061251","192061545","chr1","198512944","198513239","4","6451693"
"chr1","192599236","192599538","chrX","1988125","1988424","32","190611111"
"chr1","192684997","192685306","chr1","197837448","197837752","22","5152451"
"chr1","192753413","192753699","chr1","197768978","197769261","10","5015565"
"chr1","192767289","192767590","chr1","197754806","197755105","12","4987517"
"chr1","192832323","192832624","chr9","41440970","41441273","37","151391353"
"chr1","192939936","192940171","chr1","197581641","197581876","5","4641705"
"chr1","193024847","193025155","chr1","197493502","197493810","6","4468655"
"chr1","193078001","193078314","chr10","30742711","30743020","39","162335290"
"chr1","193241784","193242081","chr1","193704796","193705088","39","463012"
"chr1","193433348","193433644","chr1","197078659","197078956","11","3645311"
"chr1","193541232","193541537","chr1","196974516","196974816","10","3433284"
"chr1","193787812","193788109","chr1","196738941","196739233","13","2951129"
"chr1","193854683","193854966","chr1","196605267","196605545","12","2750584"
"chr1","194227459","194227754","chrX","15981138","15981433","41","178246321"
"chr1","194259376","194259681","chr1","196008963","196009240","35","1749587"
"chr1","194295679","194295977","chr4","36350234","36350532","38","157945445"
"chr1","194333293","194333564","chr1","195937536","195937795","13","1604243"
"chr1","194336075","194336367","chr1","195934700","195934994","2","1598625"
"chr1","194406649","194406937","chr1","195865517","195865811","10","1458868"
"chr1","194415968","194416266","chr1","195857778","195858074","3","1441810"
"chr1","194560802","194561103","chr1","195713642","195713949","7","1152840"
"chr1","195178811","195179097","chr1","195038027","195038313","1","140784"
"chr1","195277809","195278106","chr1","194937186","194937485","3","340623"
"chr1","195926033","195926328","chr1","194275205","194275502","5","1650828"
"chr1","196100641","196100953","chr1","194118819","194119101","36","1981822"
"chr1","196154455","196154762","chr1","194065684","194065990","6","2088771"
"chr1","196172979","196173278","chr1","194047172","194047473","9","2125807"
"chr1","196308036","196308340","chr1","193910523","193910828","7","2397513"
"chr1","196459582","196459875","chr15","32047789","32048073","48","164411793"
"chr1","196477675","196477981","chr1","193757831","193758137","8","2719844"
"chr1","196489056","196489364","chr13","33800550","33800849","42","162688506"
"chr1","196497366","196497669","chr1","193737372","193737678","7","2759994"
"chr1","196512834","196513085","chr1","193714557","193714808","1","2798277"
"chr1","196523178","196523449","chr1","193704796","193705088","22","2818382"
"chr1","196536899","196537193","chr1","193691401","193691696","3","2845498"
"chr1","196570748","196571027","chr1","193657600","193657881","6","2913148"
"chr1","196604278","196604577","chr16","10681836","10682137","42","185922442"
"chr1","196693753","196694036","chr1","193533617","193533902","6","3160136"
"chr1","196703686","196703991","chr1","193523975","193524284","12","3179711"
"chr1","196758670","196758935","chr1","193471069","193471333","5","3287601"
"chr1","196775916","196776170","chr1","149603324","149603566","43","47172592"
"chr1","196838757","196839047","chr1","193388274","193388564","2","3450483"
"chr1","197172844","197173148","chr1","193053157","193053458","9","4119687"
"chr1","197183287","197183585","chr4","74375829","74376129","18","122807458"
"chr1","197411287","197411584","chr1","192756524","192756820","8","4654763"
"chr1","197437513","197437796","chr1","192730341","192730624","4","4707172"
"chr1","197475843","197476152","chr1","192692202","192692510","5","4783641"
"chr1","197479230","197479469","chr1","192688888","192689127","2","4790342"
"chr1","197483279","197483568","chr1","192684419","192684711","11","4798860"
"chr1","197501827","197502139","chr1","192666180","192666492","9","4835647"
"chr1","197532260","197532571","chr1","192634207","192634518","6","4898053"
"chr1","197550169","197550474","chr1","63216852","63217153","38","134333317"
"chr1","197601576","197601919","chr1","192562726","192563047","29","5038850"
"chr1","197636360","197636667","chr1","192527441","192527740","13","5108919"
"chr1","197754712","197755012","chr1","192412080","192412380","2","5342632"
"chr1","198332327","198332595","chr1","191830640","191830908","3","6501687"
"chr1","198583850","198584155","chr1","191580335","191580640","4","7003515"
"chr1","198642020","198642318","chr1","191528659","191528953","13","7113361"
"chr1","198642838","198643142","chr1","191527832","191528139","6","7115006"
"chr1","198678154","198678444","chr1","191491737","191492027","5","7186417"
"chr1","198684023","198684321","chr2","94361123","94361420","37","104322900"
"chr1","198831029","198831335","chr1","191339228","191339516","21","7491801"
"chr1","198931389","198931675","chr1","191239848","191240134","2","7691541"
"chr1","198942719","198942969","chr8","99478730","99478976","41","99463989"
"chr1","199080819","199081123","chr14","60174246","60174545","43","138906573"
"chr1","199387788","199388096","chr1","190784050","190784353","29","8603738"
"chr1","199488889","199489125","chr1","190680586","190680825","5","8808303"
"chr1","199502618","199502913","chr1","190666797","190667106","15","8835821"
"chr1","199682696","199682999","chr1","190486086","190486385","18","9196610"
"chr1","199763478","199763760","chr1","190404612","190404889","22","9358866"
"chr1","199889517","199889792","chr1","24966596","24966868","37","174922921"
"chr1","199954413","199954692","chr1","190212035","190212339","33","9742378"
"chr1","200004356","200004658","chr1","190158617","190158913","14","9845739"
"chr1","200183918","200184215","chr1","189978512","189978809","7","10205406"
"chr1","200366729","200367026","chr1","189803287","189803570","15","10563442"
"chr1","200559123","200559415","chr1","189576801","189577092","1","10982322"
"chr1","200567542","200567841","chr1","189568699","189568995","7","10998843"
"chr1","200683876","200684186","chr4","21823114","21823416","38","178860762"
"chr1","200688850","200689111","chr1","225527861","225528122","3","24839011"
"chr1","200694458","200694762","chr1","225523569","225523892","26","24829111"
"chr1","200774849","200775163","chr1","225448429","225448744","15","24673580"
"chr1","200846054","200846356","chr1","225383502","225383804","10","24537448"
"chr1","201003999","201004293","chr1","224979755","224980049","5","23975756"
"chr1","201075231","201075533","chr3","178720612","178720906","32","22354619"
"chr1","201084313","201084596","chr1","224896149","224896431","6","23811836"
"chr1","201128550","201128850","chr5","37265492","37265795","41","163863058"
"chr1","201411794","201412081","chr20","23349534","23349828","35","178062260"
"chr1","201462084","201462392","chr13","33733969","33734275","38","167728115"
"chr1","201484971","201485270","chr1","224509439","224509736","4","23024468"
"chr1","201489361","201489650","chr1","224504969","224505258","14","23015608"
"chr1","201500146","201500412","chr1","224494182","224494450","10","22994036"
"chr1","201508225","201508534","chr1","224486343","224486644","26","22978118"
"chr1","201557602","201557901","chr1","224434624","224434923","17","22877022"
"chr1","201614884","201615181","chr1","224189006","224189301","17","22574122"
"chr1","201711748","201712038","chr1","224092837","224093127","10","22381089"
"chr1","201741816","201742108","chr13","55203067","55203361","36","146538749"
"chr1","201759201","201759328","chr2","190466477","190466602","14","11292724"
"chr1","201759507","201759665","chr19","12711672","12711831","27","189047835"
"chr1","201793360","201793655","chr1","224012337","224012632","3","22218977"
"chr1","201835064","201835342","chr1","223969727","223970025","22","22134663"
"chr1","201839466","201839774","chr1","223964986","223965295","10","22125520"
"chr1","201857459","201857758","chr2","159817530","159817826","34","42039929"
"chr1","201899431","201899739","chr1","223903771","223904078","14","22004340"
"chr1","201974106","201974408","chr1","223822070","223822369","9","21847964"
"chr1","201975091","201975393","chr1","223822070","223822369","8","21846979"
"chr1","202014716","202015007","chr1","223780078","223780371","12","21765362"
"chr1","202061378","202061678","chr1","223723963","223724264","8","21662585"
"chr1","202065549","202065843","chr11","119869498","119869792","29","82196051"
"chr1","202100008","202100259","chr1","223678445","223678732","43","21578437"
"chr1","202110747","202111043","chr1","223667685","223667959","35","21556938"
"chr1","202117716","202118002","chr7","121564789","121565078","32","80552927"
"chr1","202129009","202129312","chr1","223650837","223651141","12","21521828"
"chr1","202181891","202182148","chr19","20745124","20745378","31","181436767"
"chr1","202195715","202196024","chr3","166477634","166477937","42","35718081"
"chr1","202240873","202241191","chr1","223531785","223532104","15","21290912"
"chr1","202241971","202242274","chr14","63444761","63445065","41","138797210"
"chr1","202268962","202269254","chr1","223503984","223504277","5","21235022"
"chr1","202313747","202314013","chr1","223460264","223460533","8","21146517"
"chr1","202318158","202318450","chr1","223452583","223452878","12","21134425"
"chr1","202368112","202368366","chr1","223358017","223358270","7","20989905"
"chr1","202419965","202420260","chr11","11043759","11044057","36","191376206"
"chr1","202437850","202438154","chr5","158161888","158162191","25","44275962"
"chr1","202440016","202440322","chr1","223273083","223273391","15","20833067"
"chr1","202457452","202457763","chr1","223256397","223256707","14","20798945"
"chr1","202502067","202502292","chr1","223209564","223209789","5","20707497"
"chr1","202589153","202589424","chrX","123492650","123492923","29","79096503"
"chr1","202592521","202592814","chr8","78689284","78689587","39","123903237"
"chr1","202681797","202682096","chr1","223019810","223020108","14","20338013"
"chr1","202750865","202751159","chr1","222952804","222953105","26","20201939"
"chr1","202821442","202821751","chr1","222887324","222887632","8","20065882"
"chr1","202856533","202856820","chr2","91752134","91752432","45","111104399"
"chr1","202871501","202871801","chr1","222836935","222837236","6","19965434"
"chr1","202906204","202906502","chr1","222801500","222801795","13","19895296"
"chr1","202928268","202928568","chr1","222779012","222779312","10","19850744"
"chr1","202932471","202932768","chr1","155147270","155147566","39","47785201"
"chr1","203010283","203010560","chr1","222695529","222695806","5","19685246"
"chr1","203033019","203033335","chr1","222673033","222673347","15","19640014"
"chr1","203116149","203116438","chr2","106222108","106222394","37","96894041"
"chr1","203306107","203306405","chrX","28178417","28178715","38","175127690"
"chr1","203310338","203310627","chr1","222357779","222358072","9","19047441"
"chr1","203314684","203314981","chr1","34378560","34378860","33","168936124"
"chr1","203349715","203350020","chr1","222318635","222318939","5","18968920"
"chr1","203389205","203389503","chr1","222279553","222279849","9","18890348"
"chr1","203574677","203574967","chr1","222089553","222089831","16","18514876"
"chr1","203581896","203582196","chr1","222081699","222082003","20","18499803"
"chr1","203599384","203599687","chr1","222065317","222065622","11","18465933"
"chr1","203609305","203609581","chr1","222055168","222055444","2","18445863"
"chr1","203641432","203641744","chr1","222020085","222020400","13","18378653"
"chr1","203646409","203646708","chr1","222015106","222015405","2","18368697"
"chr1","203662880","203663171","chr1","221998652","221998943","7","18335772"
"chr1","203680112","203680405","chr2","85240194","85240490","30","118439918"
"chr1","203709073","203709350","chr1","221952759","221953036","5","18243686"
"chr1","203732326","203732612","chr16","30745208","30745491","37","172987118"
"chr1","203898584","203898878","chr1","221763087","221763382","7","17864503"
"chr1","203905898","203906170","chr1","221756291","221756563","10","17850393"
"chr1","203910584","203910863","chr13","54840813","54841090","33","149069771"
"chr1","203938710","203939009","chr1","221723814","221724111","10","17785104"
"chr1","203956335","203956622","chr10","18430747","18431035","26","185525588"
"chr1","204018425","204018715","chr1","221637673","221637965","32","17619248"
"chr1","204083464","204083771","chr1","221572816","221573118","13","17489352"
"chr1","204128182","204128475","chr1","221526632","221526927","5","17398450"
"chr1","204142588","204142891","chr15","1075861","1076162","35","203066727"
"chr1","204143255","204143547","chr8","129814720","129815018","46","74328535"
"chr1","204145194","204145509","chr1","221510367","221510688","37","17365173"
"chr1","204192588","204192873","chr1","221460041","221460329","8","17267453"
"chr1","204211653","204211945","chr1","221439831","221440123","8","17228178"
"chr1","204251915","204252187","chr1","221401042","221401314","5","17149127"
"chr1","204252881","204253158","chr1","221399772","221400051","12","17146891"
"chr1","204297657","204297958","chr1","221356037","221356338","8","17058380"
"chr1","204316239","204316549","chr1","221337078","221337387","6","17020839"
"chr1","204326913","204327218","chr1","221325400","221325697","21","16998487"
"chr1","204375610","204375913","chr1","221277481","221277777","13","16901871"
"chr1","204379618","204379927","chr1","221273170","221273478","11","16893552"
"chr1","204402286","204402583","chr1","221253032","221253334","9","16850746"
"chr1","204403422","204403716","chr1","221253032","221253334","30","16849610"
"chr1","204430477","204430775","chr1","221222325","221222621","7","16791848"
"chr1","204490329","204490616","chr1","221162304","221162591","5","16671975"
"chr1","204532780","204533008","chr7","84143993","84144219","30","120388787"
"chr1","204609349","204609649","chr1","63216852","63217153","41","141392497"
"chr1","204746577","204746875","chr1","220902590","220902877","13","16156013"
"chr1","204803931","204804194","chr1","207064650","207064912","37","2260719"
"chr1","204836249","204836556","chr1","220813049","220813355","16","15976800"
"chr1","204900046","204900313","chr4","4620660","4620929","38","200279386"
"chr1","204960135","204960429","chr1","220687757","220688063","17","15727622"
"chr1","204978849","204979148","chr1","125494474","125494770","40","79484375"
"chr1","205088875","205089170","chr1","220558456","220558749","9","15469581"
"chr1","205177571","205177877","chr1","220469962","220470268","6","15292391"
"chr1","205213058","205213350","chr1","220436044","220436347","18","15222986"
"chr1","205217624","205217927","chr1","220431468","220431770","15","15213844"
"chr1","205259099","205259396","chr1","125494474","125494770","35","79764625"
"chr1","205275309","205275608","chr1","220376553","220376849","8","15101244"
"chr1","205395773","205396077","chr1","220255434","220255737","3","14859661"
"chr1","205453056","205453370","chr1","220197622","220197936","6","14744566"
"chr1","205656920","205657212","chr1","219948071","219948361","6","14291151"
"chr1","205690485","205690782","chr1","219914128","219914425","5","14223643"
"chr1","205885300","205885602","chr12","37959538","37959836","35","167925762"
"chr1","205896044","205896343","chr2","40628061","40628359","44","165267983"
"chr1","205902701","205902980","chr5","178208785","178209061","35","27693916"
"chr1","205933005","205933324","chr17","7734665","7734970","43","198198340"
"chr1","205969233","205969525","chr1","219633033","219633331","9","13663800"
"chr1","206058135","206058432","chr1","219543317","219543606","15","13485182"
"chr1","206123957","206124238","chr1","27189508","27189793","17","178934449"
"chr1","206310534","206310831","chr1","219317566","219317864","6","13007032"
"chr1","206346537","206346829","chr1","219281195","219281485","6","12934658"
"chr1","206349399","206349702","chr6","37455177","37455481","42","168894222"
"chr1","206379171","206379427","chr1","219253349","219253620","25","12874178"
"chr1","206384998","206385304","chr13","54790758","54791064","36","151594240"
"chr1","206389519","206389827","chr7","6197957","6198265","40","200191562"
"chr1","206460915","206461225","chr1","12281473","12281782","32","194179442"
"chr1","206472141","206472449","chr1","219168753","219169061","4","12696612"
"chr1","206708906","206709208","chr1","218927147","218927451","31","12218241"
"chr1","206719242","206719534","chr1","218916765","218917057","8","12197523"
"chr1","206720441","206720745","chr1","218915548","218915857","17","12195107"
"chr1","206862751","206863058","chr19","44308078","44308386","36","162554673"
"chr1","206868959","206869256","chr1","218773751","218774047","13","11904792"
"chr1","206958369","206958667","chr1","218681280","218681578","6","11722911"
"chr1","207076756","207077033","chr1","218556878","218557158","11","11480122"
"chr1","207077422","207077723","chr1","218556192","218556490","14","11478770"
"chr1","207091543","207091842","chr1","218537760","218538046","24","11446217"
"chr1","207095717","207096019","chr1","218533125","218533426","6","11437408"
"chr1","207121047","207121347","chr1","218509953","218510250","8","11388906"
"chr1","207176868","207177179","chr1","218440615","218440915","32","11263747"
"chr1","207191555","207191846","chr1","218426774","218427063","5","11235219"
"chr1","207209205","207209503","chr4","21823114","21823416","44","185386091"
"chr1","207243775","207244030","chr1","218373930","218374213","35","11130155"
"chr1","207329743","207330050","chr16","41944651","41944958","32","165385092"
"chr1","207341030","207341334","chr1","22774399","22774706","35","184566631"
"chr1","207431925","207432196","chr1","218135082","218135366","20","10703157"
"chr1","207438182","207438465","chr1","218128779","218129070","14","10690597"
"chr1","207466279","207466564","chr1","218099750","218100035","6","10633471"
"chr1","207476055","207476301","chr1","218089987","218090232","4","10613932"
"chr1","207641861","207642104","chr1","217896327","217896570","4","10254466"
"chr1","207744567","207744876","chr1","217793965","217794274","13","10049398"
"chr1","207804060","207804334","chr1","217735267","217735538","11","9931207"
"chr1","207877040","207877343","chr1","217662065","217662375","15","9785025"
"chr1","207915042","207915332","chr1","217623464","217623755","11","9708422"
"chr1","208008119","208008421","chr1","217528375","217528677","2","9520256"
"chr1","208113741","208114002","chr1","217426103","217426364","9","9312362"
"chr1","208135807","208136102","chr7","97366062","97366357","40","110769745"
"chr1","208273086","208273387","chr1","217267823","217268109","35","8994737"
"chr1","208371046","208371354","chr1","217168848","217169156","8","8797802"
"chr1","208388480","208388777","chr1","217151451","217151747","12","8762971"
"chr1","208400640","208400941","chr2","159817530","159817826","29","48583110"
"chr1","208404005","208404302","chr1","217135587","217135882","12","8731582"
"chr1","208436432","208436736","chr1","217103292","217103602","15","8666860"
"chr1","208462989","208463268","chr1","217077532","217077811","7","8614543"
"chr1","208512330","208512614","chr1","217027235","217027494","38","8514905"
"chr1","208623003","208623306","chr1","216917084","216917387","7","8294081"
"chr1","208660119","208660409","chr1","216879171","216879462","4","8219052"
"chr1","208692226","208692518","chr1","216846900","216847199","31","8154674"
"chr1","208730504","208730800","chr1","216806960","216807250","11","8076456"
"chr1","208806151","208806456","chr1","216729914","216730219","8","7923763"
"chr1","208815201","208815507","chr1","216721203","216721504","9","7906002"
"chr1","208915305","208915607","chr1","216621706","216622008","7","7706401"
"chr1","208994805","208995108","chr1","216546205","216546506","3","7551400"
"chr1","209034425","209034730","chr11","94996337","94996634","39","114038088"
"chr1","209036015","209036280","chr1","216501601","216501868","7","7465586"
"chr1","209052736","209053027","chr20","13845431","13845730","43","195207305"
"chr1","209063066","209063362","chr1","216475595","216475889","5","7412529"
"chr1","209086206","209086499","chr1","216452737","216453036","13","7366531"
"chr1","209171932","209172205","chrX","147944169","147944442","28","61227763"
"chr1","209193805","209194109","chr14","11352083","11352388","34","197841722"
"chr1","209311318","209311615","chr1","216222881","216223179","7","6911563"
"chr1","209507042","209507316","chr5","145983989","145984268","44","63523053"
"chr1","209558062","209558371","chr1","215974629","215974938","7","6416567"
"chr1","209580442","209580746","chr1","215951838","215952133","21","6371396"
"chr1","209623054","209623348","chr1","215910866","215911161","12","6287812"
"chr1","209644581","209644894","chr1","215888589","215888909","11","6244008"
"chr1","209674580","209674884","chr9","64467764","64468068","41","145206816"
"chr1","209703766","209704059","chr1","215829563","215829856","8","6125797"
"chr1","209957705","209958005","chr1","215572917","215573216","3","5615212"
"chr1","210124680","210124989","chr6","73154551","73154862","32","136970129"
"chr1","210182334","210182644","chr1","215349840","215350132","28","5167506"
"chr1","210334517","210334793","chr1","215198310","215198593","9","4863793"
"chr1","210506887","210507194","chr1","214982461","214982766","6","4475574"
"chr1","210589703","210589995","chr1","186523156","186523448","38","24066547"
"chr1","210652089","210652393","chr19","41360817","41361118","37","169291272"
"chr1","210662974","210663282","chr1","162660720","162661027","39","48002254"
"chr1","211015392","211015689","chr1","214493678","214493973","10","3478286"
"chr1","211046145","211046439","chr1","214462906","214463205","19","3416761"
"chr1","211066385","211066681","chr1","214440063","214440363","6","3373678"
"chr1","211363696","211363960","chr7","135127404","135127668","32","76236292"
"chr1","211418229","211418505","chr1","214074384","214074664","7","2656155"
"chr1","211501939","211502241","chr1","213987657","213987961","15","2485718"
"chr1","211625698","211625987","chr1","213855600","213855889","3","2229902"
"chr1","211739656","211739961","chr7","153354545","153354852","34","58385111"
"chr1","211873623","211873935","chr1","213607519","213607795","39","1733896"
"chr1","211896826","211897120","chr3","69168227","69168521","34","142728599"
"chr1","211988309","211988603","chr1","213492398","213492692","2","1504089"
"chr1","211991508","211991813","chr1","213489158","213489457","9","1497650"
"chr1","212130176","212130463","chr1","213350916","213351207","9","1220740"
"chr1","212131938","212132244","chr10","8065693","8065996","47","204066245"
"chr1","212135625","212135935","chr1","213345396","213345706","8","1209771"
"chr1","212168647","212168946","chr1","213311571","213311861","13","1142924"
"chr1","212362209","212362480","chr1","213112507","213112778","3","750298"
"chr1","212392906","212393206","chr16","6754769","6755065","33","205638137"
"chr1","212593482","212593773","chr4","54157080","54157372","33","158436402"
"chr1","212602930","212603219","chr1","212879485","212879781","29","276555"
"chr1","212608743","212609050","chr1","212873776","212874082","9","265033"
"chr1","212618923","212619231","chr1","212863502","212863830","28","244579"
"chr1","212654902","212655196","chr1","212827718","212828012","5","172816"
"chr1","212780427","212780733","chr1","212619704","212620002","13","160723"
"chr1","212840391","212840687","chr1","212560790","212561087","4","279601"
"chr1","212951946","212952179","chr4","68129256","68129489","34","144822690"
"chr1","212989895","212990193","chr1","212375433","212375730","10","614462"
"chr1","213007489","213007797","chr1","212356868","212357175","4","650621"
"chr1","213018239","213018541","chr1","212346143","212346443","8","672096"
"chr1","213035664","213035972","chr1","212328527","212328836","10","707137"
"chr1","213063585","213063826","chr20","28904666","28904904","55","184158919"
"chr1","213068751","213069054","chr1","212296639","212296942","4","772112"
"chr1","213133622","213133927","chr1","212231684","212231992","6","901938"
"chr1","213360329","213360643","chr1","212005934","212006260","15","1354395"
"chr1","213379068","213379348","chr1","211988423","211988703","5","1390645"
"chr1","213418665","213418969","chr3","170225271","170225577","41","43193394"
"chr1","213452336","213452638","chr3","2194531","2194834","36","211257805"
"chr1","213468506","213468785","chr1","211895933","211896224","17","1572573"
"chr1","213471272","213471570","chr1","211893158","211893456","4","1578114"
"chr1","213538343","213538595","chr1","211828133","211828385","9","1710210"
"chr1","213539839","213540142","chr1","211826250","211826551","11","1713589"
"chr1","213608531","213608854","chr1","211758727","211759059","18","1849804"
"chr1","213634703","213634985","chr1","211732976","211733257","5","1901727"
"chr1","213678090","213678373","chr2","201296278","201296562","38","12381812"
"chr1","213682943","213683227","chr1","211684089","211684368","18","1998854"
"chr1","213693232","213693528","chr1","211672737","211673037","11","2020495"
"chr1","213702704","213702995","chr1","211662425","211662716","6","2040279"
"chr1","213717194","213717491","chr1","211648278","211648584","19","2068916"
"chr1","213730918","213731158","chr1","211633712","211633956","7","2097206"
"chr1","213778769","213779040","chr1","211585436","211585714","13","2193333"
"chr1","213782789","213783080","chr1","211581377","211581669","8","2201412"
"chr1","213787598","213787825","chr1","211576388","211576618","9","2211210"
"chr1","213812185","213812371","chr1","211554118","211554304","2","2258067"
"chr1","213846351","213846655","chr1","211517380","211517684","5","2328971"
"chr1","213877006","213877284","chr1","211486574","211486852","2","2390432"
"chr1","213925498","213925774","chr1","211438258","211438534","3","2487240"
"chr1","213951456","213951719","chr1","211412405","211412662","11","2539051"
"chr1","213954180","213954465","chr1","211409635","211409920","3","2544545"
"chr1","213977725","213977858","chr4","28112752","28112885","11","185864973"
"chr1","213995939","213996229","chr2","87131337","87131630","30","126864602"
"chr1","214019852","214020152","chr1","211341469","211341768","3","2678383"
"chr1","214021897","214022195","chr11","34016163","34016458","37","180005734"
"chr1","214049899","214050199","chr1","211310284","211310578","13","2739615"
"chr1","214064337","214064623","chr2","89394469","89394757","46","124669868"
"chr1","214111785","214112077","chr1","211247528","211247822","8","2864257"
"chr1","214140669","214140984","chr1","211218673","211218984","14","2921996"
"chr1","214144218","214144497","chr1","211215166","211215444","3","2929052"
"chr1","214341103","214341406","chr1","211016786","211017103","17","3324317"
"chr1","214341901","214342189","chr6","137228926","137229220","32","77112975"
"chr1","214367098","214367408","chr1","210990701","210991011","5","3376397"
"chr1","214457390","214457672","chr1","210895757","210896056","24","3561633"
"chr1","214506307","214506602","chr1","210846463","210846764","14","3659844"
"chr1","214567772","214567991","chr4","34502806","34503031","32","180064966"
"chr1","214630830","214631128","chr1","210722593","210722887","7","3908237"
"chr1","214649113","214649400","chr1","210703580","210703870","12","3945533"
"chr1","214670273","214670548","chr1","210682736","210682999","23","3987537"
"chr1","214706602","214706887","chr1","39425802","39426074","51","175280800"
"chr1","214785389","214785682","chr1","210575092","210575398","17","4210297"
"chr1","214876519","214876815","chr1","210481449","210481743","5","4395070"
"chr1","214940490","214940747","chr6","39004590","39004852","48","175935900"
"chr1","214944120","214944429","chr1","210413705","210414015","5","4530415"
"chr1","215158373","215158677","chr2","191592761","191593063","38","23565612"
"chr1","215306958","215307250","chr1","210049072","210049357","15","5257886"
"chr1","215395380","215395681","chr1","209967854","209968150","8","5427526"
"chr1","215419280","215419573","chr1","110616707","110617006","38","104802573"
"chr1","215433591","215433859","chr1","209928286","209928564","23","5505305"
"chr1","215445907","215446146","chr16","73907368","73907609","35","141538539"
"chr1","215452945","215453237","chr1","31482751","31483040","37","183970194"
"chr1","215558680","215558971","chr1","209802232","209802523","4","5756448"
"chr1","215582052","215582353","chr1","209778697","209778998","11","5803355"
"chr1","215797075","215797382","chr4","82105646","82105952","42","133691429"
"chr1","215826664","215826963","chr1","209497752","209498057","12","6328912"
"chr1","215882909","215883191","chr1","209441209","209441496","12","6441700"
"chr1","215943918","215944224","chr1","209381318","209381619","10","6562600"
"chr1","215982373","215982666","chr16","42689947","42690240","36","173292426"
"chr1","216152291","216152594","chr1","209176258","209176559","3","6976033"
"chr1","216212966","216213263","chr1","209114068","209114365","1","7098898"
"chr1","216322831","216323140","chr1","208949409","208949719","5","7373422"
"chr1","216395368","216395664","chr2","51108571","51108866","32","165286797"
"chr1","216423303","216423595","chr4","32726560","32726854","32","183696743"
"chr1","216448175","216448473","chr1","208823651","208823953","9","7624524"
"chr1","216449690","216449990","chr1","208822134","208822431","9","7627556"
"chr1","216458525","216458816","chr1","208813318","208813613","13","7645207"
"chr1","216499117","216499409","chr20","52405876","52406176","37","164093241"
"chr1","217054751","217055044","chr13","70811388","70811681","36","146243363"
"chr1","217069589","217069883","chr9","26905410","26905703","36","190164179"
"chr1","217244795","217245097","chr1","208018519","208018811","14","9226276"
"chr1","217354079","217354387","chr1","207909702","207910012","9","9444377"
"chr1","217445582","217445892","chr19","13719074","13719375","43","203726508"
"chr1","217455902","217456196","chr1","207816260","207816568","26","9639642"
"chr1","217476316","217476609","chr1","207795844","207796140","9","9680472"
"chr1","217492674","217492944","chr1","207778627","207778903","13","9714047"
"chr1","217631270","217631578","chr4","31898756","31899058","41","185732514"
"chr1","217756673","217756973","chr1","211341469","211341768","39","6415204"
"chr1","217773973","217774263","chr1","207505007","207505297","2","10268966"
"chr1","217780647","217780953","chr1","207497849","207498155","4","10282798"
"chr1","217783823","217784114","chr1","207494360","207494661","17","10289463"
"chr1","217998118","217998420","chr16","5064956","5065259","34","212933162"
"chr1","218010228","218010521","chr1","207267732","207268026","3","10742496"
"chr1","218039632","218039926","chrX","114655396","114655690","34","103384236"
"chr1","218043117","218043423","chr19","41360817","41361118","37","176682300"
"chr1","218066436","218066729","chr1","207212157","207212451","6","10854279"
"chr1","218074217","218074511","chr1","207204371","207204670","7","10869846"
"chr1","218141078","218141376","chr1","207132905","207133203","7","11008173"
"chr1","218209159","218209422","chr1","207064650","207064912","6","11144509"
"chr1","218696675","218696969","chr1","206571407","206571703","10","12125268"
"chr1","218736844","218737144","chr2","29360545","29360850","40","189376299"
"chr1","218815548","218815832","chr15","111001924","111002208","31","107813624"
"chr1","218918349","218918641","chr1","206297819","206298118","26","12620530"
"chr1","218996571","218996865","chr11","34016163","34016458","38","184980408"
"chr1","219028651","219028957","chr15","78065916","78066218","34","140962735"
"chr1","219072938","219073235","chr1","206145980","206146282","11","12926958"
"chr1","219139007","219139300","chr1","206079704","206079978","21","13059303"
"chr1","219141426","219141718","chr1","206077290","206077584","7","13064136"
"chr1","219490790","219491087","chr1","205724219","205724522","14","13766571"
"chr1","219502466","219502782","chr1","205712382","205712699","8","13790084"
"chr1","219540782","219541089","chr14","115784371","115784680","37","103756411"
"chr1","219541223","219541524","chr1","205674001","205674298","14","13867222"
"chr1","219607324","219607618","chr1","205603266","205603561","5","14004058"
"chr1","219672311","219672606","chr1","205538076","205538367","15","14134235"
"chr1","219682758","219683066","chr1","205528111","205528399","32","14154647"
"chr1","219711304","219711593","chr1","205499473","205499755","13","14211831"
"chr1","219734158","219734450","chr1","205476442","205476735","11","14257716"
"chr1","219742544","219742845","chr1","205468053","205468352","21","14274491"
"chr1","219791573","219791866","chr1","205419828","205420113","9","14371745"
"chr1","219813814","219814105","chr1","205397653","205397951","23","14416161"
"chr1","219927075","219927378","chr13","87502258","87502557","39","132424817"
"chr1","220171061","220171321","chr1","205040235","205040495","3","15130826"
"chr1","220191059","220191370","chr19","30854988","30855297","38","189336071"
"chr1","220301172","220301464","chr1","204910650","204910942","6","15390522"
"chr1","220313019","220313320","chr1","204898827","204899122","13","15414192"
"chr2","167771972","167772274","chr2","184252125","184252430","9","16480153"
"chr2","125960150","125960454","chr2","134502860","134503157","11","8542710"
"chr2","149552885","149553167","chr2","165610117","165610402","11","16057232"
"chr2","172752792","172752986","chr2","188594326","188594528","12","15841534"
"chr2","46823","47125","chr2","587578","587877","34","540755"
"chr2","257497","257801","chr2","372237","372536","12","114740"
"chr2","297761","298044","chr2","327559","327838","7","29798"
"chr2","531081","531346","chr2","38296","38561","4","492785"
"chr2","1264993","1265284","chr2","1480349","1480637","7","215356"
"chr2","1500445","1500744","chr1","221763087","221763382","34","220262642"
"chr2","1547820","1548105","chr2","1806079","1806363","8","258259"
"chr2","1775338","1775631","chr6","131966421","131966716","39","130191083"
"chr2","2606725","2607028","chr2","2856106","2856399","14","249381"
"chr2","2615424","2615741","chr2","2864821","2865135","6","249397"
"chr2","2874414","2874694","chr2","3164300","3164593","24","289886"
"chr2","2878990","2879291","chr2","3168878","3169179","5","289888"
"chr2","2929188","2929430","chr2","3218591","3218833","0","289403"
"chr2","3069444","3069725","chr2","3359666","3359961","20","290222"
"chr2","3084324","3084620","chr2","3372725","3373040","26","288401"
"chr2","3093963","3094255","chr1","54194492","54194783","37","51100529"
"chr2","3148306","3148590","chr2","3437127","3437418","12","288821"
"chr2","3295669","3295985","chr2","3585129","3585439","12","289460"
"chr2","3462216","3462471","chr2","3783217","3783471","7","321001"
"chr2","3695307","3695609","chr2","4097381","4097692","12","402074"
"chr2","3732126","3732429","chr2","4134057","4134362","9","401931"
"chr2","3829036","3829348","chr2","4286387","4286687","14","457351"
"chr2","3904612","3904918","chr2","4360369","4360669","11","455757"
"chr2","4171272","4171583","chr2","4681367","4681678","11","510095"
"chr2","4283423","4283721","chr2","4793955","4794253","2","510532"
"chr2","4391950","4392240","chr8","64971470","64971760","35","60579520"
"chr2","4663794","4664102","chr2","5186239","5186545","5","522445"
"chr2","4774923","4775224","chr2","5298393","5298700","11","523470"
"chr2","4918534","4918830","chr2","5425298","5425601","17","506764"
"chr2","4922997","4923286","chr2","5429741","5430033","4","506744"
"chr2","5336342","5336620","chr1","34227169","34227449","31","28890827"
"chr2","5358229","5358515","chr2","5855121","5855414","12","496892"
"chr2","5414218","5414515","chr11","128953798","128954095","29","123539580"
"chr2","5724370","5724629","chr10","78457703","78457957","41","72733333"
"chr2","5876470","5876773","chr2","6368299","6368577","30","491829"
"chr2","6040868","6041146","chr2","6535281","6535530","36","494413"
"chr2","6078462","6078714","chr5","16930080","16930327","47","10851618"
"chr2","6099121","6099435","chr2","6594562","6594871","10","495441"
"chr2","6470719","6471004","chr2","7006830","7007115","7","536111"
"chr2","6643430","6643737","chr2","7310250","7310558","13","666820"
"chr2","7148610","7148916","chr2","7811316","7811614","17","662706"
"chr2","7198112","7198411","chr2","7860335","7860638","7","662223"
"chr2","7363751","7364060","chr2","8018799","8019108","3","655048"
"chr2","7634103","7634411","chr2","8287031","8287339","8","652928"
"chr2","7858337","7858635","chr2","8517931","8518229","8","659594"
"chr2","8075291","8075592","chr2","8742314","8742607","22","667023"
"chr2","8198278","8198573","chr2","8901008","8901304","9","702730"
"chr2","8348549","8348851","chr2","9049907","9050210","6","701358"
"chr2","8612444","8612717","chr9","35025463","35025746","51","26413019"
"chr2","8665808","8666072","chr2","9370209","9370470","10","704401"
"chr2","8779515","8779794","chr2","9483814","9484097","12","704299"
"chr2","8812403","8812709","chr2","9517055","9517352","15","704652"
"chr2","8988704","8989008","chr2","9688578","9688866","35","699874"
"chr2","9024320","9024608","chr2","9724303","9724591","6","699983"
"chr2","9105059","9105335","chr2","9805242","9805517","5","700183"
"chr2","9170405","9170711","chr2","9873583","9873855","39","703178"
"chr2","9313865","9314182","chr1","5372572","5372896","54","3941293"
"chr2","9458657","9458934","chr2","10165334","10165608","9","706677"
"chr2","9577253","9577555","chr2","10288426","10288740","16","711173"
"chr2","9679348","9679612","chr2","10389703","10389967","1","710355"
"chr2","9705732","9706038","chr2","10417737","10418034","12","712005"
"chr2","9739017","9739327","chr1","27842122","27842432","43","18103105"
"chr2","9793917","9794202","chr2","10560412","10560684","18","766495"
"chr2","9936523","9936814","chr2","10702190","10702485","16","765667"
"chr2","10095104","10095449","chr4","158887930","158888209","102","148792826"
"chr2","10412983","10413242","chr2","11188741","11189022","29","775758"
"chr2","10431580","10431880","chr2","11207367","11207667","13","775787"
"chr2","10485603","10485750","chr2","11262253","11262400","2","776650"
"chr2","10499592","10499825","chr1","113868205","113868431","37","103368613"
"chr2","10631553","10631841","chr2","11402893","11403181","9","771340"
"chr2","10954905","10955172","chrX","123492650","123492923","35","112537745"
"chr2","10983030","10983340","chr2","11751102","11751413","9","768072"
"chr2","11087004","11087228","chr2","11854113","11854337","7","767109"
"chr2","11097373","11097664","chr2","11864883","11865174","4","767510"
"chr2","11496983","11497259","chr2","12257667","12257943","5","760684"
"chr2","11565402","11565707","chr9","91081772","91082073","47","79516370"
"chr2","11724327","11724624","chr2","12486755","12487035","20","762428"
"chr2","12062010","12062315","chr4","166322257","166322565","19","154260247"
"chr2","12140692","12140966","chr2","12908192","12908466","5","767500"
"chr2","12147686","12148001","chr2","12915171","12915487","8","767485"
"chr2","12150669","12150973","chr2","12917594","12917893","9","766925"
"chr2","12217049","12217307","chr2","12983913","12984172","5","766864"
"chr2","12517476","12517790","chr2","13298656","13298955","24","781180"
"chr2","12956673","12956967","chr2","13751325","13751618","25","794652"
"chr2","13286956","13287262","chr2","14081096","14081399","11","794140"
"chr2","13328252","13328543","chr2","14124370","14124656","16","796118"
"chr2","13435151","13435463","chr2","14233622","14233931","21","798471"
"chr2","13499423","13499703","chr2","14295200","14295481","8","795777"
"chr2","13679127","13679427","chr2","14533139","14533441","9","854012"
"chr2","13940891","13941197","chr2","14802458","14802760","26","861567"
"chr2","14020914","14021235","chr7","17581509","17581831","45","3560595"
"chr2","14111726","14111970","chr17","77909020","77909261","35","63797294"
"chr2","14144013","14144183","chr2","15006486","15006656","2","862473"
"chr2","14215020","14215324","chr2","15078677","15078982","1","863657"
"chr2","14270647","14270957","chr1","86726362","86726674","51","72455715"
"chr2","14277811","14278102","chr2","15139079","15139370","7","861268"
"chr2","14459863","14460140","chr2","15325390","15325678","12","865527"
"chr2","14557753","14558053","chr15","9413135","9413430","45","5144618"
"chr2","14800497","14800777","chr2","15668632","15668912","4","868135"
"chr2","15149466","15149753","chr2","16014144","16014434","9","864678"
"chr2","15181791","15182130","chr2","16045966","16046281","43","864175"
"chr2","15346468","15346770","chr2","16211414","16211721","19","864946"
"chr2","15504718","15505011","chr2","16371521","16371820","10","866803"
"chr2","15607747","15608045","chr2","16468252","16468555","14","860505"
"chr2","15657641","15657893","chr7","68823718","68823970","51","53166077"
"chr2","15666356","15666657","chr2","16524558","16524859","8","858202"
"chr2","15913650","15913920","chr2","16772723","16773002","14","859073"
"chr2","15926071","15926235","chr7","52153187","52153352","19","36227116"
"chr2","16057139","16057434","chr1","35250670","35250968","33","19193531"
"chr2","16885946","16886206","chr2","17776317","17776608","39","890371"
"chr2","16908452","16908721","chr2","17799016","17799305","23","890564"
"chr2","17057560","17057872","chr3","13202178","13202482","50","3855382"
"chr2","17328875","17329150","chr1","182600922","182601201","48","165272047"
"chr2","17864198","17864492","chr2","18751310","18751604","4","887112"
"chr2","18238922","18239224","chr2","19125342","19125641","16","886420"
"chr2","18314156","18314470","chr2","19204919","19205224","21","890763"
"chr2","18576658","18576937","chr2","19450022","19450334","37","873364"
"chr2","18618257","18618398","chr5","38266216","38266361","22","19647959"
"chr2","18621962","18622257","chr2","19498594","19498889","5","876632"
"chr2","18623661","18623955","chr2","19500308","19500603","15","876647"
"chr2","18653816","18654104","chr2","19529432","19529720","6","875616"
"chr2","18692492","18692786","chr2","19568854","19569153","7","876362"
"chr2","19267157","19267465","chr2","20253660","20253969","3","986503"
"chr2","19353500","19353785","chr2","20339789","20340074","3","986289"
"chr2","19425224","19425518","chr2","20411961","20412258","6","986737"
"chr2","19585062","19585358","chr2","20570158","20570452","8","985096"
"chr2","19685489","19685787","chr2","20671748","20672039","13","986259"
"chr2","19740172","19740451","chr2","20726792","20727069","8","986620"
"chr2","19756982","19757285","chr2","20743958","20744263","8","986976"
"chr2","19834305","19834607","chr2","20824065","20824370","10","989760"
"chr2","19885838","19886120","chr2","20874160","20874451","16","988322"
"chr2","20128819","20129122","chrX","101065191","101065488","34","80936372"
"chr2","20257600","20257876","chr2","21248165","21248441","3","990565"
"chr2","20260997","20261301","chr2","21251260","21251554","14","990263"
"chr2","20325530","20325826","chr2","21314431","21314723","8","988901"
"chr2","20468477","20468774","chr2","21452268","21452568","4","983791"
"chr2","20554039","20554378","chr2","21594911","21595252","14","1040872"
"chr2","20583957","20584266","chr2","21624513","21624821","5","1040556"
"chr2","20605386","20605676","chr1","8038697","8038989","39","12566689"
"chr2","20614741","20615033","chr2","21655191","21655471","17","1040450"
"chr2","20723433","20723733","chr2","21762322","21762627","11","1038889"
"chr2","21099949","21100237","chr2","22129644","22129933","6","1029695"
"chr2","21524680","21524981","chr1","27243298","27243603","48","5718618"
"chr2","21533438","21533736","chr2","22566725","22567020","13","1033287"
"chr2","21551834","21552139","chr2","22590460","22590765","5","1038626"
"chr2","21612459","21612739","chr2","22656205","22656489","6","1043746"
"chr2","21628812","21629114","chr2","22673241","22673544","7","1044429"
"chr2","21759896","21760205","chr19","40866944","40867252","40","19107048"
"chr2","21780779","21781076","chr2","22824595","22824901","11","1043816"
"chr2","21870569","21870719","chr7","68485792","68485941","17","46615223"
"chr2","21908449","21908726","chr2","22950318","22950613","21","1041869"
"chr2","21971522","21971821","chr19","43505025","43505327","38","21533503"
"chr2","22374839","22375131","chr2","23422572","23422858","12","1047733"
"chr2","22502232","22502500","chr2","23562081","23562349","4","1059849"
"chr2","22602497","22602810","chr6","70591771","70592087","50","47989274"
"chr2","22773651","22773930","chr2","23819820","23820119","39","1046169"
"chr2","22834738","22835010","chr2","23883562","23883834","6","1048824"
"chr2","22893199","22893474","chr1","219669666","219669935","38","196776467"
"chr2","23034336","23034629","chr2","24082420","24082715","4","1048084"
"chr2","23206890","23207210","chr2","24262454","24262771","12","1055564"
"chr2","23634630","23634918","chr2","24681274","24681574","20","1046644"
"chr2","23636517","23636826","chr2","24683158","24683467","10","1046641"
"chr2","23661246","23661553","chr2","24703962","24704276","13","1042716"
"chr2","23864377","23864657","chr2","24918341","24918623","8","1053964"
"chr2","23976063","23976386","chr2","25034394","25034701","20","1058331"
"chr2","24092877","24093170","chr2","25168034","25168327","7","1075157"
"chr2","24401017","24401314","chr10","51694408","51694712","45","27293391"
"chr2","24525648","24525939","chr2","25643957","25644248","4","1118309"
"chr2","24638285","24638597","chr1","39887022","39887330","50","15248737"
"chr2","24787771","24788065","chr2","25903602","25903896","8","1115831"
"chr2","24789139","24789283","chr2","25904969","25905113","6","1115830"
"chr2","24842736","24843043","chr2","25958703","25959009","3","1115967"
"chr2","24863025","24863329","chr2","25979743","25980043","11","1116718"
"chr2","24918030","24918253","chr2","26033752","26033975","4","1115722"
"chr2","24924292","24924577","chr9","93084905","93085175","54","68160613"
"chr2","24979673","24979943","chr2","26095125","26095407","21","1115452"
"chr2","25512790","25513098","chr2","26627338","26627637","19","1114548"
"chr2","25758532","25758827","chr16","8232205","8232502","39","17526327"
"chr2","25942601","25942885","chr7","136873936","136874229","46","110931335"
"chr2","26230849","26231140","chr6","33238170","33238464","49","7007321"
"chr2","26243309","26243619","chr2","27397935","27398242","15","1154626"
"chr2","26358750","26359057","chr2","27511004","27511311","9","1152254"
"chr2","26425941","26426250","chr2","27578339","27578649","11","1152398"
"chr2","26438363","26438655","chr11","55289054","55289346","36","28850691"
"chr2","26577549","26577855","chr2","94680090","94680393","34","68102541"
"chr2","26584869","26585166","chr2","27733224","27733524","15","1148355"
"chr2","26591911","26592206","chr2","27740288","27740583","2","1148377"
"chr2","26737973","26738278","chrX","128903017","128903324","40","102165044"
"chr2","26774979","26775274","chr2","27976817","27977124","17","1201838"
"chr2","27149570","27149844","chr2","28343962","28344251","24","1194392"
"chr2","27181797","27182092","chr2","28432719","28433018","8","1250922"
"chr2","27443397","27443698","chr2","28695774","28696075","5","1252377"
"chr2","27476700","27477001","chr16","14682737","14683035","41","12793963"
"chr2","27625317","27625574","chr2","28873407","28873665","5","1248090"
"chr2","28032767","28033034","chr2","29274466","29274733","5","1241699"
"chr2","28247309","28247583","chr2","29487809","29488081","3","1240500"
"chr2","28449924","28450232","chr2","29698210","29698518","4","1248286"
"chr2","28543801","28544079","chr2","29783640","29783915","8","1239839"
"chr2","28641541","28641841","chr2","29883650","29883963","14","1242109"
"chr2","28691400","28691698","chr2","29938530","29938822","10","1247130"
"chr2","28737761","28738062","chr2","29990586","29990889","6","1252825"
"chr2","28871775","28872054","chr2","96209185","96209484","50","67337410"
"chr2","28916860","28917157","chr2","30168280","30168580","13","1251420"
"chr2","28961934","28962228","chrX","95895454","95895750","31","66933520"
"chr2","29040915","29041197","chr2","30294204","30294482","6","1253289"
"chr2","29080965","29081275","chr2","30333678","30333984","20","1252713"
"chr2","29106767","29107071","chr17","81717846","81718147","36","52611079"
"chr2","29132821","29133128","chr2","30386434","30386742","9","1253613"
"chr2","29167327","29167623","chr2","30419104","30419402","8","1251777"
"chr2","29182389","29182675","chr11","46657662","46657952","48","17475273"
"chr2","29187388","29187697","chr5","183279219","183279523","39","154091831"
"chr2","29201156","29201451","chr2","30452844","30453150","25","1251688"
"chr2","29205552","29205861","chr19","42044617","42044925","35","12839065"
"chr2","29207263","29207508","chr9","35386487","35386730","34","6179224"
"chr2","29226253","29226546","chr2","30477414","30477704","18","1251161"
"chr2","29228383","29228692","chr3","102372696","102373004","43","73144313"
"chr2","29229928","29230214","chr2","30481074","30481359","3","1251146"
"chr2","29312651","29312951","chr2","30561639","30561929","16","1248988"
"chr2","29427250","29427537","chr2","30673668","30673954","13","1246418"
"chr2","29596745","29597016","chr10","32117247","32117519","53","2520502"
"chr2","30144802","30145081","chr2","31335142","31335421","6","1190340"
"chr2","30160786","30161087","chr7","17715520","17715822","35","12445266"
"chr2","30198893","30199206","chr2","31383748","31384028","43","1184855"
"chr2","30261775","30262064","chr2","31453436","31453725","6","1191661"
"chr2","30410728","30411033","chr2","31606978","31607278","7","1196250"
"chr2","30466766","30467065","chr2","31663588","31663887","9","1196822"
"chr2","31118793","31119102","chr2","32313758","32314025","45","1194965"
"chr2","31519883","31520185","chr2","32971159","32971465","12","1451276"
"chr2","32015487","32015603","chr2","33457809","33457925","0","1442322"
"chr2","32075770","32076089","chr7","40311972","40312281","44","8236202"
"chr2","32190114","32190402","chr2","33629548","33629869","37","1439434"
"chr2","32679094","32679399","chr2","34155155","34155455","9","1476061"
"chr2","32773548","32773848","chr2","34250778","34251078","6","1477230"
"chr2","32983946","32984250","chr3","143230513","143230812","29","110246567"
"chr2","33023614","33023913","chr2","34502092","34502384","14","1478478"
"chr2","33066854","33067126","chr2","34545512","34545806","27","1478658"
"chr2","33145841","33146150","chr4","151149695","151150004","35","118003854"
"chr2","33165054","33165358","chr2","34644151","34644449","17","1479097"
"chr2","33261784","33262085","chr15","56843173","56843482","44","23581389"
"chr2","33262322","33262619","chr11","94996337","94996634","34","61734015"
"chr2","33267422","33267704","chr2","34735815","34736117","28","1468393"
"chr2","33345508","33345792","chr2","34813500","34813785","13","1467992"
"chr2","33395329","33395637","chr2","34870671","34870988","13","1475342"
"chr2","33482151","33482411","chr2","34957879","34958136","14","1475728"
"chr2","33486083","33486389","chr2","34961895","34962192","11","1475812"
"chr2","33507986","33508280","chr2","34983044","34983341","3","1475058"
"chr2","33543716","33544015","chr2","35017774","35018073","5","1474058"
"chr2","33577812","33578114","chr2","35052204","35052484","26","1474392"
"chr2","33622654","33622950","chr2","35097335","35097632","7","1474681"
"chr2","33635591","33635879","chr11","94996337","94996634","38","61360746"
"chr2","33641822","33642100","chr2","35115722","35115994","12","1473900"
"chr2","33686644","33686956","chr2","35160626","35160938","12","1473982"
"chr2","33790665","33790957","chr2","35268499","35268790","9","1477834"
"chr2","34178947","34179255","chr2","35656548","35656851","11","1477601"
"chr2","34324799","34325107","chr2","35802177","35802485","5","1477378"
"chr2","34645097","34645406","chr2","36162713","36163022","4","1517616"
"chr2","34648260","34648547","chr2","36165876","36166163","5","1517616"
"chr2","34827271","34827575","chr2","36345377","36345672","14","1518106"
"chr2","35306649","35306958","chr2","36828092","36828373","37","1521443"
"chr2","35309397","35309693","chr2","36831101","36831397","3","1521704"
"chr2","35323811","35324113","chr2","36844237","36844532","13","1520426"
"chr2","35560716","35560993","chr2","37077505","37077782","3","1516789"
"chr2","35638344","35638653","chr2","37156213","37156522","7","1517869"
"chr2","35804509","35804817","chr2","37323093","37323398","14","1518584"
"chr2","35848087","35848367","chr2","37364493","37364773","4","1516406"
"chr2","35880345","35880630","chr2","37394780","37395065","5","1514435"
"chr2","36221836","36222127","chr2","37750919","37751210","4","1529083"
"chr2","36602136","36602456","chr2","38124505","38124812","24","1522369"
"chr2","36734693","36734991","chr2","38257267","38257565","7","1522574"
"chr2","37154576","37154891","chr2","38681175","38681494","14","1526599"
"chr2","37411442","37411742","chr2","38934625","38934925","14","1523183"
"chr2","37597138","37597272","chr2","39129226","39129360","3","1532088"
"chr2","37618684","37618987","chr2","39151390","39151675","33","1532706"
"chr2","37669489","37669788","chr2","39203144","39203429","21","1533655"
"chr2","37684719","37685008","chr1","54194492","54194783","33","16509773"
"chr2","38178501","38178786","chrX","12139372","12139658","34","26039129"
"chr2","38354920","38355241","chr2","39975217","39975545","14","1620297"
"chr2","38562896","38563028","chr4","28112752","28112885","7","10450144"
"chr2","38969026","38969336","chr2","40604454","40604762","11","1635428"
"chr2","38982518","38982823","chr2","40618568","40618871","5","1636050"
"chr2","38992033","38992328","chr2","40628061","40628359","11","1636028"
"chr2","38997809","38998091","chr7","138298701","138298983","40","99300892"
"chr2","39035448","39035757","chr2","40672017","40672324","7","1636569"
"chr2","39093847","39094142","chr9","17622895","17623191","36","21470952"
"chr2","39098948","39099254","chr2","40735765","40736061","11","1636817"
"chr2","39105189","39105495","chrX","107017808","107018117","36","67912619"
"chr2","39222026","39222318","chr2","40860337","40860628","4","1638311"
"chr2","39241278","39241561","chr1","42059759","42060041","44","2818481"
"chr2","39483943","39484245","chr2","41125659","41125954","11","1641716"
"chr2","39588126","39588415","chr15","11532122","11532410","33","28056004"
"chr2","39627674","39627972","chr1","94558768","94559063","28","54931094"
"chr2","39680507","39680755","chr2","41324316","41324585","21","1643809"
"chr2","39682134","39682414","chr2","41325938","41326218","2","1643804"
"chr2","39793777","39794073","chr20","13845431","13845730","27","25948346"
"chr2","39817625","39817919","chr19","3442331","3442626","37","36375294"
"chr2","39833158","39833468","chr16","45883654","45883959","43","6050496"
"chr2","39838970","39839267","chr2","41510585","41510882","8","1671615"
"chr2","40146861","40147141","chr2","41841270","41841577","27","1694409"
"chr2","40291476","40291783","chr2","41981637","41981942","10","1690161"
"chr2","40369532","40369829","chr2","42055593","42055882","9","1686061"
"chr2","40393757","40394036","chr2","42080203","42080470","19","1686446"
"chr2","40883780","40884079","chr2","42616194","42616487","12","1732414"
"chr2","40965941","40966229","chrX","133897742","133898034","39","92931801"
"chr2","40996402","40996749","chr2","42728019","42728368","5","1731617"
"chr2","41015567","41015857","chr2","42745422","42745701","15","1729855"
"chr2","41057087","41057390","chr2","42787752","42788054","7","1730665"
"chr2","41141540","41141832","chr2","42877479","42877770","5","1735939"
"chr2","41166513","41166820","chr2","42903704","42903998","17","1737191"
"chr2","41182991","41183306","chr2","42919728","42920043","6","1736737"
"chr2","41205366","41205668","chr2","42942618","42942920","6","1737252"
"chr2","41283706","41284013","chr2","43020593","43020893","11","1736887"
"chr2","41285321","41285617","chr2","43022145","43022441","3","1736824"
"chr2","41300228","41300530","chr4","105373661","105373961","35","64073433"
"chr2","41333840","41334014","chr2","43070722","43070896","3","1736882"
"chr2","41336662","41336952","chr2","43073991","43074264","21","1737329"
"chr2","41754207","41754510","chr13","69330561","69330861","34","27576354"
"chr2","41762884","41763178","chr7","162663932","162664225","30","120901048"
"chr2","41780080","41780369","chr8","22413765","22414057","40","19366315"
"chr2","41901709","41902002","chr2","43681071","43681371","11","1779362"
"chr2","41982467","41982759","chr2","43760594","43760887","9","1778127"
"chr2","41991330","41991601","chr2","43768912","43769172","20","1777582"
"chr2","42091685","42091985","chr2","43861217","43861542","30","1769532"
"chr2","42186690","42186832","chr11","68896085","68896232","36","26709395"
"chr2","42187546","42187834","chr2","43956064","43956352","2","1768518"
"chr2","42405306","42405569","chr20","284750","285011","32","42120556"
"chr2","42490725","42491032","chr2","44265847","44266154","5","1775122"
"chr2","42525070","42525363","chrX","23229684","23229974","31","19295386"
"chr2","42643983","42644284","chr2","44418694","44418996","11","1774711"
"chr2","42662761","42663063","chr2","44437570","44437874","7","1774809"
"chr2","42683817","42684113","chr2","44458497","44458794","3","1774680"
"chr2","42693070","42693363","chr2","44467442","44467736","10","1774372"
"chr2","42719065","42719360","chr2","44492410","44492698","10","1773345"
"chr2","42854508","42854833","chr2","44628246","44628535","44","1773738"
"chr2","42973003","42973297","chr2","44747854","44748164","21","1774851"
"chr2","43230116","43230405","chr2","44976053","44976345","11","1745937"
"chr2","43232661","43232947","chr2","44978575","44978883","37","1745914"
"chr2","43446684","43446982","chr2","45184772","45185070","5","1738088"
"chr2","43626060","43626364","chr2","45361644","45361944","10","1735584"
"chr2","43720205","43720542","chr2","45456771","45457093","18","1736566"
"chr2","43999802","43999998","chr16","50532073","50532275","34","6532271"
"chr2","44023117","44023424","chr2","45755938","45756245","9","1732821"
"chr2","44412213","44412494","chr2","46153096","46153376","2","1740883"
"chr2","44447285","44447592","chr2","46188453","46188760","5","1741168"
"chr2","44574114","44574417","chr3","112403561","112403868","37","67829447"
"chr2","44749838","44750126","chr2","46493127","46493416","9","1743289"
"chr2","44970104","44970405","chr2","46714856","46715158","4","1744752"
"chr2","45066531","45066827","chr9","54685937","54686233","49","9619406"
"chr2","45120743","45121051","chr2","46865338","46865646","1","1744595"
"chr2","45132262","45132539","chrX","123492650","123492923","33","78360388"
"chr2","45147575","45147884","chr2","46891692","46892002","6","1744117"
"chr2","45533476","45533777","chr2","47364647","47364949","6","1831171"
"chr2","45649073","45649376","chr2","47480687","47480993","12","1831614"
"chr2","45835220","45835503","chr10","81790383","81790667","37","35955163"
"chr2","46494813","46495103","chr11","32392286","32392586","40","14102527"
"chr2","46694953","46695274","chr2","52802906","52803221","8","6107953"
"chr2","46724543","46724821","chr9","75840045","75840324","40","29115502"
"chr2","46800437","46800719","chr2","52910598","52910888","13","6110161"
"chr2","46837627","46837934","chr16","61253797","61254104","37","14416170"
"chr2","46839155","46839453","chr2","52950048","52950345","7","6110893"
"chr2","46860370","46860642","chr14","103360767","103361045","46","56500397"
"chr2","46860706","46861014","chr2","52969365","52969679","32","6108659"
"chr2","46883794","46884099","chr2","52992812","52993110","12","6109018"
"chr2","46893531","46893828","chr2","53002868","53003166","9","6109337"
"chr2","46906696","46906992","chr2","53017828","53018124","7","6111132"
"chr2","46936081","46936297","chr1","25330562","25330777","29","21605519"
"chr2","46989570","46989832","chr2","53099817","53100088","56","6110247"
"chr2","47167976","47168273","chr2","53279461","53279765","8","6111485"
"chr2","47314879","47315185","chr2","53427777","53428082","12","6112898"
"chr2","47529291","47529567","chr2","53646825","53647103","6","6117534"
"chr2","47545910","47546202","chr2","53664030","53664324","14","6118120"
"chr2","47548303","47548608","chr16","68417177","68417484","33","20868874"
"chr2","47587747","47588046","chr17","62271943","62272241","6","14684196"
"chr2","47628667","47628972","chr3","2907703","2908000","37","44720964"
"chr2","47630128","47630429","chr2","53716581","53716882","5","6086453"
"chr2","47665075","47665376","chr2","53753027","53753326","7","6087952"
"chr2","47718934","47719231","chr7","97366062","97366357","29","49647128"
"chr2","47772978","47773284","chr2","53866321","53866624","9","6093343"
"chr2","48133413","48133698","chr4","30882658","30882949","33","17250755"
"chr2","48237478","48237781","chr2","54349996","54350295","11","6112518"
"chr2","48324028","48324334","chr2","54427699","54428005","3","6103671"
"chr2","48329938","48330218","chr2","54433630","54433917","8","6103692"
"chr2","48426112","48426412","chrX","9217941","9218238","33","39208171"
"chr2","48457364","48457593","chr3","3788512","3788743","38","44668852"
"chr2","48478845","48479157","chr2","54532958","54533262","13","6054113"
"chr2","48496287","48496585","chr2","54550639","54550948","16","6054352"
"chr2","48515161","48515448","chr2","54569566","54569854","2","6054405"
"chr2","48540038","48540337","chrX","15505798","15506097","32","33034240"
"chr2","48554359","48554650","chr2","54608566","54608856","2","6054207"
"chr2","48590491","48590788","chr2","54646873","54647169","19","6056382"
"chr2","48596928","48597223","chr2","54653292","54653587","6","6056364"
"chr2","48744270","48744560","chr3","80272005","80272300","37","31527735"
"chr2","48757189","48757491","chr2","54819801","54820110","13","6062612"
"chr2","48765911","48766204","chr2","54828511","54828818","22","6062600"
"chr2","48774308","48774627","chr2","54837161","54837465","25","6062853"
"chr2","48836585","48836887","chr6","35063138","35063438","46","13773447"
"chr2","48889097","48889373","chr2","54950103","54950379","5","6061006"
"chr2","48898500","48898800","chr2","54959464","54959763","2","6060964"
"chr2","48903157","48903452","chr16","55148673","55148968","32","6245516"
"chr2","48978808","48979089","chr2","55040448","55040729","6","6061640"
"chr2","49035535","49035831","chr2","55092934","55093229","10","6057399"
"chr2","49144653","49144948","chr2","55202507","55202802","4","6057854"
"chr2","49173025","49173324","chr2","55230743","55231040","14","6057718"
"chr2","49188145","49188444","chr2","55245873","55246172","5","6057728"
"chr2","49372437","49372754","chr2","55430927","55431238","34","6058490"
"chr2","49570030","49570322","chr2","55628411","55628703","2","6058381"
"chr2","49671990","49672281","chr5","40379457","40379746","37","9292533"
"chr2","49979659","49979954","chr2","56036582","56036877","7","6056923"
"chr2","49998488","49998787","chr2","56057426","56057713","27","6058938"
"chr2","50002463","50002759","chr2","56061708","56062005","7","6059245"
"chr2","50022700","50022971","chr2","202712194","202712464","44","152689494"
"chr2","50025802","50026093","chr1","34227169","34227449","42","15798633"
"chr2","50071152","50071376","chr2","56133048","56133272","1","6061896"
"chr2","50095627","50095759","chr2","56156623","56156755","10","6060996"
"chr2","50103820","50104117","chr2","56163479","56163775","9","6059659"
"chr2","50124480","50124759","chr8","76413611","76413891","27","26289131"
"chr2","50126324","50126599","chr2","56186003","56186284","13","6059679"
"chr2","50196268","50196576","chr2","56389209","56389512","12","6192941"
"chr2","50209055","50209352","chr10","48514594","48514888","26","1694461"
"chr2","50216356","50216656","chr2","56410126","56410427","10","6193770"
"chr2","50249421","50249701","chr2","56442811","56443088","7","6193390"
"chr2","50250337","50250647","chr2","56443724","56444034","4","6193387"
"chr2","50254746","50255027","chr2","56447701","56447982","9","6192955"
"chr2","50266191","50266496","chr2","56460703","56460994","16","6194512"
"chr2","50321541","50321797","chr2","56538697","56538986","40","6217156"
"chr2","50347726","50348017","chr2","56564362","56564645","16","6216636"
"chr2","50490623","50490901","chr19","12883145","12883424","40","37607478"
"chr2","50543820","50544105","chr2","56766499","56766784","6","6222679"
"chr2","50639031","50639325","chr5","98591416","98591702","26","47952385"
"chr2","50653822","50654115","chr2","149190520","149190816","33","98536698"
"chr2","50660633","50660906","chr20","47253449","47253718","48","3407184"
"chr2","50663664","50663951","chr2","56884611","56884910","21","6220947"
"chr2","50690496","50690783","chrX","44731603","44731899","39","5958893"
"chr2","50740673","50740977","chr2","56963237","56963540","3","6222564"
"chr2","51015030","51015328","chr2","57237143","57237442","6","6222113"
"chr2","51122185","51122494","chr19","42338024","42338329","36","8784161"
"chr2","51154845","51155146","chr2","57378363","57378665","5","6223518"
"chr2","51220644","51220939","chr6","171323918","171324217","47","120103274"
"chr2","51337744","51338026","chr2","57562230","57562512","2","6224486"
"chr2","51945436","51945758","chr2","58157254","58157577","6","6211818"
"chr2","52042969","52043269","chr3","154871201","154871498","30","102828232"
"chr2","52105077","52105362","chr2","58322455","58322761","26","6217378"
"chr2","52319456","52319748","chr2","58540981","58541269","8","6221525"
"chr2","52465506","52465810","chr2","58686867","58687171","3","6221361"
"chr2","52513718","52514021","chr2","58742424","58742733","12","6228706"
"chr2","52585704","52586002","chr11","631009","631307","34","51954695"
"chr2","53044351","53044635","chr7","161934846","161935129","35","108890495"
"chr2","53051213","53051483","chr2","59294283","59294553","7","6243070"
"chr2","53080392","53080691","chr13","70811388","70811681","38","17730996"
"chr2","53222520","53222829","chr2","59462582","59462883","21","6240062"
"chr2","53244829","53245126","chr20","26115747","26116048","52","27129082"
"chr2","53258053","53258358","chr2","59498609","59498918","8","6240556"
"chr2","53283109","53283412","chr2","84467065","84467370","43","31183956"
"chr2","53458658","53458964","chr2","59699844","59700148","11","6241186"
"chr2","54164578","54164875","chr2","60422158","60422455","6","6257580"
"chr2","54242926","54243170","chr2","60500796","60501040","8","6257870"
"chr2","54374784","54375086","chr15","58063683","58063984","29","3688899"
"chr2","54607741","54608020","chr2","60865412","60865691","22","6257671"
"chr2","54718185","54718485","chr2","60976896","60977163","46","6258711"
"chr2","54733042","54733330","chr2","60989988","60990273","7","6256946"
"chr2","54757656","54757960","chr2","61017449","61017770","20","6259793"
"chr2","54764557","54764860","chr2","61024367","61024676","9","6259810"
"chr2","54767144","54767440","chr2","61026975","61027267","6","6259831"
"chr2","54790155","54790425","chr2","61050962","61051232","4","6260807"
"chr2","54932923","54933191","chr2","61259430","61259700","5","6326507"
"chr2","54935244","54935513","chr2","61261756","61262013","13","6326512"
"chr2","54981934","54982225","chr3","50093564","50093857","34","4888370"
"chr2","55049777","55050064","chr2","61375340","61375626","6","6325563"
"chr2","55056796","55057069","chr2","61382370","61382637","12","6325574"
"chr2","55068733","55069029","chr2","61393360","61393646","13","6324627"
"chr2","55089049","55089349","chr2","61414647","61414947","2","6325598"
"chr2","55100679","55100964","chr2","61426569","61426865","34","6325890"
"chr2","55119213","55119509","chr2","61445347","61445645","14","6326134"
"chr2","55147750","55148040","chr2","61474431","61474721","5","6326681"
"chr2","55178743","55179051","chr4","151149695","151150004","27","95970952"
"chr2","55258164","55258472","chr2","61582742","61583074","34","6324578"
"chr2","55386664","55386901","chr2","61711469","61711706","4","6324805"
"chr2","55712130","55712435","chr2","62074209","62074517","9","6362079"
"chr2","55883203","55883449","chr2","62302971","62303219","12","6419768"
"chr2","55920984","55921305","chr2","62338320","62338596","46","6417336"
"chr2","55922269","55922590","chr2","62338320","62338596","46","6416051"
"chr2","56328280","56328576","chr2","62728367","62728662","2","6400087"
"chr2","56594564","56594866","chr2","62994227","62994519","23","6399663"
"chr2","56695749","56696044","chr2","40628061","40628359","37","16067688"
"chr2","57060146","57060430","chr3","69217419","69217706","42","12157273"
"chr2","57112596","57112883","chr2","63513942","63514229","7","6401346"
"chr2","57121734","57122040","chr2","63522874","63523168","20","6401140"
"chr2","57342235","57342542","chr4","151149695","151150004","33","93807460"
"chr2","57345482","57345783","chr2","63746200","63746497","8","6400718"
"chr2","57422793","57423086","chr2","63827596","63827901","15","6404803"
"chr2","57462657","57462956","chr2","63867998","63868302","6","6405341"
"chr2","57722426","57722723","chr2","172433297","172433591","39","114710871"
"chr2","57922730","57923029","chr2","64320001","64320298","12","6397271"
"chr2","58075818","58076008","chr13","41674731","41674923","36","16401087"
"chr2","58110173","58110472","chr2","64517176","64517481","10","6407003"
"chr2","58331588","58331877","chr2","64736482","64736771","4","6404894"
"chr2","58377342","58377637","chr2","64796231","64796540","27","6418889"
"chr2","58706387","58706694","chr2","65136238","65136545","15","6429851"
"chr2","58816687","58816946","chr2","65247396","65247655","11","6430709"
"chr2","58857806","58858114","chr20","578611","578919","35","58279195"
"chr2","58998945","58999252","chr2","65426432","65426739","4","6427487"
"chr2","59133664","59133966","chr2","65628853","65629155","8","6495189"
"chr2","59488835","59489064","chr7","84143993","84144219","34","24655158"
"chr2","59806470","59806768","chr12","37959538","37959836","40","21846932"
"chr2","60060371","60060678","chr4","28719545","28719847","34","31340826"
"chr2","60348700","60349026","chr2","66863144","66863442","32","6514444"
"chr2","60409327","60409634","chr2","66923532","66923837","4","6514205"
"chr2","60473567","60473863","chr2","103256851","103257147","39","42783284"
"chr2","60853770","60854061","chr2","67362453","67362742","8","6508683"
"chr2","61055812","61056110","chrX","101065191","101065488","40","40009379"
"chr2","61121873","61122173","chr2","67627300","67627600","4","6505427"
"chr2","61122185","61122471","chr2","67627612","67627897","7","6505427"
"chr2","61142753","61143064","chr2","67648386","67648689","8","6505633"
"chr2","61381738","61382042","chr2","67949202","67949505","6","6567464"
"chr2","61478638","61478944","chr15","77573963","77574270","33","16095325"
"chr2","61529428","61529701","chr2","68104134","68104416","14","6574706"
"chr2","61588007","61588298","chr2","68162708","68162998","8","6574701"
"chr2","61796360","61796651","chr3","16359605","16359908","46","45436755"
"chr2","61861087","61861382","chr2","68439913","68440205","21","6578826"
"chr2","61962456","61962762","chr2","68541145","68541453","9","6578689"
"chr2","61989900","61990227","chr2","68568684","68568988","30","6578784"
"chr2","62013458","62013749","chr2","68592318","68592608","19","6578860"
"chr2","62043978","62044276","chr3","66217239","66217538","42","4173261"
"chr2","62132200","62132489","chr2","68711929","68712218","3","6579729"
"chr2","62182487","62182770","chr2","68762202","68762485","4","6579715"
"chr2","62238463","62238751","chr2","68837814","68838102","4","6599351"
"chr2","62252105","62252392","chr2","68851978","68852265","6","6599873"
"chr2","62305482","62305790","chr2","68908499","68908803","7","6603017"
"chr2","62328279","62328557","chr2","68931254","68931525","14","6602975"
"chr2","62331384","62331677","chr2","68934350","68934644","6","6602966"
"chr2","62378981","62379223","chr14","19106081","19106329","47","43272900"
"chr2","62382492","62382794","chr2","68989196","68989502","13","6606704"
"chr2","62427588","62427883","chr2","69035081","69035368","19","6607493"
"chr2","62480613","62480900","chr2","69091256","69091540","25","6610643"
"chr2","62511541","62511838","chr2","69124506","69124806","11","6612965"
"chr2","62557942","62558246","chr2","69171088","69171393","5","6613146"
"chr2","62599839","62600126","chr3","66669090","66669382","46","4069251"
"chr2","62658395","62658693","chr2","69271189","69271492","10","6612794"
"chr2","62828756","62829054","chr2","69447991","69448286","11","6619235"
"chr2","62832338","62832647","chr2","69451589","69451895","12","6619251"
"chr2","63167614","63167875","chr2","69791975","69792236","9","6624361"
"chr2","63443116","63443414","chr2","70073209","70073507","16","6630093"
"chr2","63528511","63528806","chr2","70158480","70158775","6","6629969"
"chr2","63601377","63601686","chr2","70232645","70232954","1","6631268"
"chr2","63814475","63814754","chr2","70444683","70444961","9","6630208"
"chr2","63868971","63869273","chr2","70499286","70499588","3","6630315"
"chr2","63921020","63921319","chr2","70551651","70551942","12","6630631"
"chr2","63978987","63979278","chr2","70610627","70610922","7","6631640"
"chr2","63994126","63994401","chr2","70625920","70626209","17","6631794"
"chr2","64023083","64023340","chr2","70655413","70655669","9","6632330"
"chr2","64057050","64057361","chr2","70688777","70689062","31","6631727"
"chr2","64067514","64067801","chr2","70700084","70700371","4","6632570"
"chr2","64084557","64084847","chr2","70717176","70717451","19","6632619"
"chr2","64085986","64086294","chr2","70718590","70718906","16","6632604"
"chr2","64097769","64098068","chr2","70730642","70730943","10","6632873"
"chr2","64147143","64147444","chr2","70779615","70779914","10","6632472"
"chr2","64242409","64242694","chr2","70874887","70875168","7","6632478"
"chr2","64351004","64351285","chr19","43198445","43198721","38","21152559"
"chr2","64593752","64594030","chr3","31027003","31027282","34","33566749"
"chr2","64843984","64844274","chr2","71484828","71485113","13","6640844"
"chr2","64929976","64930241","chr2","71568799","71569059","8","6638823"
"chr2","65000481","65000806","chr2","71639775","71640062","45","6639294"
"chr2","65141423","65141713","chr2","71779999","71780289","2","6638576"
"chr2","65172748","65173047","chr2","71811271","71811577","20","6638523"
"chr2","65179983","65180298","chr2","71818509","71818820","7","6638526"
"chr2","65260913","65261217","chr7","39105847","39106139","51","26155066"
"chr2","65428493","65428803","chr2","72065258","72065568","7","6636765"
"chr2","65443411","65443707","chr2","72079933","72080236","13","6636522"
"chr2","65542574","65542816","chr2","72178495","72178740","8","6635921"
"chr2","65838588","65838744","chr1","50266849","50267003","26","15571739"
"chr2","65870625","65870886","chr2","95778221","95778482","68","29907596"
"chr2","65899010","65899304","chr2","72537039","72537333","4","6638029"
"chr2","65945983","65946223","chr2","72583150","72583411","24","6637167"
"chr2","65950995","65951297","chr2","72588150","72588454","7","6637155"
"chr2","65987390","65987690","chr2","72626136","72626432","11","6638746"
"chr2","65996576","65996874","chr2","72635280","72635579","8","6638704"
"chr2","66001742","66002032","chr2","72640794","72641083","10","6639052"
"chr2","66020092","66020397","chr2","72659111","72659416","2","6639019"
"chr2","66038962","66039237","chr2","72678229","72678499","10","6639267"
"chr2","66065594","66065892","chr2","72704577","72704874","11","6638983"
"chr2","66071972","66072270","chr15","58063683","58063984","27","8008289"
"chr2","66106827","66107127","chr2","72747520","72747820","10","6640693"
"chr2","66148659","66148923","chr2","72790119","72790383","4","6641460"
"chr2","66184930","66185228","chr7","62728692","62728990","34","3456238"
"chr2","66708238","66708492","chr2","73353822","73354077","7","6645584"
"chr2","66926146","66926442","chr2","73567101","73567396","8","6640955"
"chr2","67069047","67069351","chr2","73708806","73709107","8","6639759"
"chr2","67312230","67312529","chr2","73994214","73994520","10","6681984"
"chr2","67405435","67405746","chr2","74086305","74086620","11","6680870"
"chr2","67541766","67542015","chr2","74267457","74267694","27","6725691"
"chr2","67586063","67586377","chr2","74312161","74312475","7","6726098"
"chr2","67642140","67642444","chr2","74366803","74367112","14","6724663"
"chr2","67825868","67826155","chr2","74550510","74550797","4","6724642"
"chr2","67852157","67852441","chr2","74576462","74576746","3","6724305"
"chr2","68177477","68177732","chr12","97130852","97131109","35","28953375"
"chr2","68280862","68281163","chr2","75071749","75072050","2","6790887"
"chr2","68317273","68317583","chr2","75108298","75108605","20","6791025"
"chr2","68602195","68602501","chr2","75387574","75387877","9","6785379"
"chr2","68618519","68618828","chr2","75403141","75403445","8","6784622"
"chr2","68642880","68643180","chr2","75422001","75422299","5","6779121"
"chr2","68649032","68649323","chr2","75428155","75428456","17","6779123"
"chr2","68697780","68698079","chr2","75478772","75479071","4","6780992"
"chr2","68714067","68714356","chr2","75495067","75495356","11","6781000"
"chr2","69179675","69179971","chr2","75936571","75936859","15","6756896"
"chr2","69202469","69202766","chr2","75959447","75959744","6","6756978"
"chr2","69254607","69254929","chr2","76011506","76011827","6","6756899"
"chr2","69375455","69375710","chr2","76132664","76132931","16","6757209"
"chr2","69489638","69489938","chr1","27243298","27243603","48","42246340"
"chr2","69505813","69506109","chr2","76255720","76256015","6","6749907"
"chr2","69587066","69587353","chr2","76336599","76336889","5","6749533"
"chr2","69631180","69631485","chr2","76381554","76381859","10","6750374"
"chr2","69689029","69689277","chr2","76442999","76443254","11","6753970"
"chr2","69761367","69761661","chr20","20532965","20533256","45","49228402"
"chr2","69805920","69806204","chr2","76563503","76563783","18","6757583"
"chr2","69914244","69914540","chr2","76673963","76674259","5","6759719"
"chr2","69931687","69931987","chrX","18764380","18764679","37","51167307"
"chr2","70021456","70021754","chr2","76781070","76781380","21","6759614"
"chr2","70200265","70200563","chr7","111938515","111938810","41","41738250"
"chr2","70295770","70296066","chr2","77055958","77056253","4","6760188"
"chr2","70833517","70833811","chr2","77603432","77603732","19","6769915"
"chr2","70865981","70866255","chr2","77635530","77635806","8","6769549"
"chr2","70930547","70930840","chr2","77700223","77700516","5","6769676"
"chr2","70993445","70993728","chr3","31027003","31027282","36","39966442"
"chr2","71030115","71030420","chr15","56881931","56882234","37","14148184"
"chr2","71098569","71098868","chr2","77871666","77871966","2","6773097"
"chr2","71172333","71172628","chr2","77945912","77946207","6","6773579"
"chr2","71272436","71272724","chr2","78046422","78046709","2","6773986"
"chr2","71273496","71273800","chr4","10256088","10256388","32","61017408"
"chr2","71416074","71416368","chr12","85274","85578","46","71330800"
"chr2","71710931","71711238","chr2","78487941","78488239","9","6777010"
"chr2","71924043","71924348","chr2","78704465","78704770","6","6780422"
"chr2","72315689","72315992","chr2","79079713","79080017","9","6764024"
"chr2","72623256","72623452","chr4","536244","536437","25","72087012"
"chr2","72726208","72726502","chr2","79489026","79489320","4","6762818"
"chr2","72785073","72785373","chr2","79547538","79547838","5","6762465"
"chr2","72894581","72894890","chr2","79656125","79656458","26","6761544"
"chr2","72898259","72898557","chrX","143638705","143639008","38","70740446"
"chr2","73336440","73336729","chr2","80093440","80093732","6","6757000"
"chr2","73387615","73387919","chr2","80144418","80144721","10","6756803"
"chr2","73413038","73413334","chr2","80170403","80170696","9","6757365"
"chr2","73468546","73468803","chr2","80226091","80226348","3","6757545"
"chr2","73672463","73672754","chr2","80429251","80429538","12","6756788"
"chr2","73679697","73679998","chr2","80436496","80436796","5","6756799"
"chr2","73758365","73758669","chr2","80515373","80515680","13","6757008"
"chr2","73780029","73780335","chr3","160563030","160563333","37","86783001"
"chr2","73834654","73834951","chr2","80593763","80594061","13","6759109"
"chr2","73969621","73969913","chr4","123382191","123382485","32","49412570"
"chr2","74056207","74056500","chr2","80855772","80856071","9","6799565"
"chr2","74355714","74356022","chr2","81157323","81157625","14","6801609"
"chr2","74942028","74942319","chr2","81746057","81746350","7","6804029"
"chr2","75064195","75064496","chr2","81869136","81869430","11","6804941"
"chr2","75071439","75071736","chr2","81876402","81876699","7","6804963"
"chr2","75130288","75130580","chr2","81941546","81941845","16","6811258"
"chr2","75583553","75583823","chr2","82391734","82392015","25","6808181"
"chr2","75596361","75596656","chr2","82404557","82404850","8","6808196"
"chr2","75603840","75604141","chr2","82412029","82412330","3","6808189"
"chr2","75657463","75657736","chr2","82465662","82465935","10","6808199"
"chr2","75700069","75700374","chr2","82505573","82505878","5","6805504"
"chr2","76032889","76033143","chr2","82836240","82836497","5","6803351"
"chr2","76083514","76083807","chr2","82885878","82886176","19","6802364"
"chr2","76087818","76088127","chr2","82890395","82890698","17","6802577"
"chr2","76121237","76121544","chr2","82920483","82920792","8","6799246"
"chr2","76205414","76205718","chr2","83009490","83009792","18","6804076"
"chr2","76436809","76437107","chr2","83237104","83237405","10","6800295"
"chr2","76780242","76780513","chr2","83600089","83600360","3","6819847"
"chr2","76838710","76839018","chr11","120984946","120985254","39","44146236"
"chr2","76880285","76880583","chr2","83701992","83702283","18","6821707"
"chr2","76961934","76962237","chr2","83776849","83777154","6","6814915"
"chr2","76985945","76986251","chr10","82544162","82544460","39","5558217"
"chr2","77041991","77042288","chr2","83860943","83861232","12","6818952"
"chr2","77054207","77054518","chr2","83873681","83873991","16","6819474"
"chr2","77245459","77245771","chr2","84065480","84065784","12","6820021"
"chr2","77253723","77253989","chr1","118706854","118707116","40","41453131"
"chr2","77268056","77268373","chr2","84089038","84089352","7","6820982"
"chr2","77311272","77311577","chr2","84133548","84133855","7","6822276"
"chr2","77315401","77315677","chr2","84137684","84137960","4","6822283"
"chr2","77343628","77343918","chr2","84164428","84164718","5","6820800"
"chr2","77346167","77346450","chr11","62678433","62678714","35","14667734"
"chr2","77346613","77346898","chr2","84167335","84167620","6","6820722"
"chr2","77376063","77376357","chr2","84198434","84198731","9","6822371"
"chr2","77376378","77376681","chr2","84198754","84199055","7","6822376"
"chr2","77401443","77401755","chr2","84222710","84223020","7","6821267"
"chr2","77409310","77409597","chr2","84230569","84230853","5","6821259"
"chr2","77414682","77414975","chr7","41845808","41846107","35","35568874"
"chr2","77439734","77440026","chr2","84262089","84262381","4","6822355"
"chr2","77444143","77444453","chr2","84266505","84266815","6","6822362"
"chr2","77479760","77480055","chr2","84301956","84302254","20","6822196"
"chr2","77554285","77554567","chr2","84376113","84376395","5","6821828"
"chr2","77583606","77583910","chr2","84405352","84405653","10","6821746"
"chr2","77588453","77588749","chr3","165574800","165575101","44","87986347"
"chr2","77607803","77608098","chr2","84431300","84431579","20","6823497"
"chr2","77642371","77642675","chr2","84467065","84467370","7","6824694"
"chr2","77644730","77645019","chr2","84469422","84469711","4","6824692"
"chr2","77654937","77655227","chr1","10606583","10606867","51","67048354"
"chr2","77684509","77684817","chr2","84509227","84509557","28","6824718"
"chr2","77687645","77687951","chr2","84513651","84513955","22","6826006"
"chr2","77691697","77691990","chr2","84517980","84518271","5","6826283"
"chr2","77698191","77698486","chr2","84524775","84525071","3","6826584"
"chr2","77731895","77732202","chr8","65503753","65504061","31","12228142"
"chr2","77737330","77737594","chr2","84561713","84561995","21","6824383"
"chr2","77807830","77808127","chr2","84628584","84628881","3","6820754"
"chr2","77815994","77816271","chr5","6769722","6770002","30","71046272"
"chr2","77821304","77821600","chr2","84641882","84642181","9","6820578"
"chr2","77836582","77836868","chr2","84656902","84657191","10","6820320"
"chr2","77971633","77971916","chr11","49312708","49312992","28","28658925"
"chr2","78019308","78019611","chr2","84838100","84838396","8","6818792"
"chr2","78093851","78094125","chr15","26993350","26993637","49","51100501"
"chr2","78102457","78102747","chr2","84922326","84922619","8","6819869"
"chr2","78164895","78165182","chr2","84986734","84987042","27","6821839"
"chr2","78203535","78203842","chr2","85026209","85026516","2","6822674"
"chr2","78204599","78204903","chr2","85027285","85027584","10","6822686"
"chr2","78230612","78230896","chr2","85051646","85051932","9","6821034"
"chr2","78242713","78243022","chr2","85063726","85064031","6","6821013"
"chr2","78270987","78271283","chr2","85092762","85093060","6","6821775"
"chr2","78415511","78415807","chr2","85240194","85240490","4","6824683"
"chr2","78503412","78503688","chr2","85328671","85328952","7","6825259"
"chr2","78553246","78553571","chr2","85434973","85435277","24","6881727"
"chr2","78600548","78600845","chr2","85480332","85480626","6","6879784"
"chr2","78608287","78608580","chr2","85487996","85488299","12","6879709"
"chr2","78626409","78626710","chr2","85506059","85506370","20","6879650"
"chr2","78640482","78640772","chr2","85521185","85521468","13","6880703"
"chr2","78744269","78744582","chr1","12281473","12281782","39","66462796"
"chr2","78752134","78752440","chr2","85635191","85635499","9","6883057"
"chr2","78766791","78767087","chr2","85649842","85650138","2","6883051"
"chr2","78783029","78783338","chr6","173279709","173280008","42","94496680"
"chr2","78914957","78915266","chr11","95682104","95682413","38","16767147"
"chr2","78942136","78942441","chr2","85826406","85826711","11","6884270"
"chr2","79154293","79154573","chr2","86035952","86036232","4","6881659"
"chr2","79469408","79469654","chr1","36634341","36634587","35","42835067"
"chr2","79617750","79618053","chr3","165574800","165575101","36","85957050"
"chr2","79718997","79719296","chr8","10375190","10375489","44","69343807"
"chr2","79848662","79848946","chr2","86760024","86760316","13","6911362"
"chr2","80169077","80169375","chr2","87083561","87083865","9","6914484"
"chr2","80217675","80217968","chr2","87131337","87131630","5","6913662"
"chr2","80372058","80372336","chr2","87285159","87285460","26","6913101"
"chr2","80414420","80414719","chr2","87327480","87327783","12","6913060"
"chr2","80568016","80568323","chr2","87480653","87480954","9","6912637"
"chr2","80720895","80721169","chr2","87638964","87639237","7","6918069"
"chr2","81005787","81006062","chr12","79225765","79226040","43","1780022"
"chr2","81009364","81009642","chr2","87927951","87928233","5","6918587"
"chr2","81088402","81088704","chr2","88007562","88007859","12","6919160"
"chr2","81120775","81121086","chr2","88040080","88040390","8","6919305"
"chr2","81131212","81131516","chr2","88050482","88050783","12","6919270"
"chr2","81206004","81206307","chr2","88123929","88124225","16","6917925"
"chr2","81250664","81250976","chr2","88168818","88169127","10","6918154"
"chr2","81303818","81304109","chr2","88221564","88221860","12","6917746"
"chr2","81367291","81367589","chr2","88286625","88286923","5","6919334"
"chr2","81541673","81541970","chr2","88460589","88460886","8","6918916"
"chr2","81908091","81908388","chr5","1765070","1765365","38","80143021"
"chr2","81947699","81947969","chr2","88865030","88865322","24","6917331"
"chr2","81964464","81964767","chrX","14778580","14778885","35","67185884"
"chr2","81969594","81969891","chr2","88894764","88895040","26","6925170"
"chr2","81973621","81973924","chr2","88898724","88899023","8","6925103"
"chr2","82020481","82020791","chr2","88947803","88948110","6","6927322"
"chr2","82184297","82184589","chr2","89115569","89115866","11","6931272"
"chr2","82197789","82198084","chr1","4460596","4460890","28","77737193"
"chr2","82231876","82232113","chr2","89164812","89165049","10","6932936"
"chr2","82232232","82232264","chr15","49938177","49938206","16","32294055"
"chr2","82330884","82331175","chr2","89262915","89263206","4","6932031"
"chr2","82461571","82461869","chr2","89394469","89394757","15","6932898"
"chr2","82482911","82483165","chr6","178787227","178787483","23","96304316"
"chr2","82495012","82495303","chr2","89428066","89428357","4","6933054"
"chr2","82497261","82497570","chr2","89430320","89430628","20","6933059"
"chr2","82500001","82500171","chr9","51995183","51995352","25","30504818"
"chr2","82543575","82543877","chr3","13202178","13202482","31","69341397"
"chr2","82558153","82558427","chr2","89484586","89484882","26","6926433"
"chr2","82561895","82562197","chr2","89488734","89489034","5","6926839"
"chr2","82564017","82564282","chr2","89490858","89491120","4","6926841"
"chr2","82607086","82607283","chr6","73489895","73490094","29","9117191"
"chr2","82616946","82617244","chrX","46687170","46687466","34","35929776"
"chr2","82630791","82631088","chr2","89555754","89556051","8","6924963"
"chr2","82638363","82638674","chr2","89563295","89563605","11","6924932"
"chr2","82660176","82660422","chr2","89585294","89585581","44","6925118"
"chr2","82664541","82664826","chr2","89589377","89589661","7","6924836"
"chr2","82686328","82686618","chr2","89611269","89611560","5","6924941"
"chr2","82690054","82690284","chr19","50549054","50549288","53","32141000"
"chr2","82700639","82700947","chr2","89626071","89626382","8","6925432"
"chr2","82851425","82851726","chr2","89781989","89782290","6","6930564"
"chr2","82852914","82853222","chr2","89783156","89783464","9","6930242"
"chr2","82999201","82999514","chr15","35903328","35903607","68","47095873"
"chr2","83010458","83010766","chr2","89948346","89948654","10","6937888"
"chr2","83087902","83088198","chr2","90026903","90027199","1","6939001"
"chr2","83303724","83304023","chr2","90256654","90256960","10","6952930"
"chr2","83479288","83479590","chr2","90434406","90434709","5","6955118"
"chr2","83518071","83518381","chr2","90473172","90473483","8","6955101"
"chr2","83552262","83552565","chr2","90508649","90508956","14","6956387"
"chr2","83665560","83665858","chr2","90666706","90667003","4","7001146"
"chr2","83707625","83707918","chr2","90708902","90709194","4","7001277"
"chr2","83718796","83719091","chr2","90720425","90720728","15","7001629"
"chr2","83785101","83785400","chr2","90784627","90784927","8","6999526"
"chr2","83823245","83823551","chr8","64803262","64803568","44","19019983"
"chr2","83839573","83839870","chr7","136755914","136756211","2","52916341"
"chr2","83855955","83856254","chr7","136740711","136741007","5","52884756"
"chr2","83863255","83863561","chr6","13601814","13602119","34","70261441"
"chr2","83908013","83908307","chr16","6754769","6755065","30","77153244"
"chr2","84443323","84443603","chr2","91459311","91459591","2","7015988"
"chr2","84482722","84483026","chr2","91497217","91497516","10","7014495"
"chr2","84598108","84598385","chr2","91616581","91616864","9","7018473"
"chr2","84631406","84631696","chr2","91649010","91649270","30","7017604"
"chr2","84641824","84642129","chr2","91659139","91659444","4","7017315"
"chr2","84704407","84704694","chr8","52756471","52756772","44","31947936"
"chr2","84734043","84734344","chr2","91752134","91752432","7","7018091"
"chr2","84752271","84752579","chr2","91770306","91770614","5","7018035"
"chr2","84982553","84982840","chr2","91997379","91997667","5","7014826"
"chr2","84985961","84986217","chr9","118047165","118047415","33","33061204"
"chr2","84987575","84987862","chrX","27267812","27268099","4","57719763"
"chr2","84991381","84991679","chr2","92006551","92006850","4","7015170"
"chr2","84994962","84995256","chr1","183605831","183606124","39","98610869"
"chr2","85022918","85023214","chr2","92041003","92041300","6","7018085"
"chr2","85076133","85076406","chr2","92095148","92095423","7","7019015"
"chr2","85076906","85077199","chr13","44883788","44884078","35","40193118"
"chr2","85130570","85130873","chr2","92149028","92149331","8","7018458"
"chr2","85159062","85159371","chr7","109716885","109717191","33","24557823"
"chr2","85195690","85195978","chr2","92215573","92215869","10","7019883"
"chr2","85237252","85237547","chr2","92259167","92259463","5","7021915"
"chr2","85243916","85244218","chr2","159817530","159817826","35","74573614"
"chr2","85262333","85262622","chr2","148856459","148856748","40","63594126"
"chr2","85323698","85324011","chr2","92348734","92349030","18","7025036"
"chr2","85353648","85353929","chr2","92380388","92380661","11","7026740"
"chr2","85369541","85369829","chrX","23096964","23097248","38","62272577"
"chr2","85376220","85376511","chr10","59865050","59865338","33","25511170"
"chr2","85401773","85402068","chr2","92431288","92431581","5","7029515"
"chr2","85438588","85438886","chr2","142929732","142930030","31","57491144"
"chr2","85469846","85470133","chr2","92499196","92499483","5","7029350"
"chr2","85494708","85495003","chr2","92522807","92523094","11","7028099"
"chr2","85509656","85509952","chr2","92539893","92540180","22","7030237"
"chr2","85532598","85532896","chr2","92564365","92564668","13","7031767"
"chr2","85576233","85576533","chr1","165269488","165269788","40","79693255"
"chr2","85610478","85610781","chr2","92641183","92641485","5","7030705"
"chr2","85700283","85700580","chr1","189568699","189568995","27","103868416"
"chr2","85812081","85812386","chr2","92842570","92842878","7","7030489"
"chr2","85816811","85817108","chrX","54056403","54056701","31","31760408"
"chr2","85821164","85821457","chr2","92851513","92851806","2","7030349"
"chr2","85841516","85841818","chr2","92872216","92872505","16","7030700"
"chr2","85852257","85852546","chr2","92882367","92882675","28","7030110"
"chr2","85870624","85870770","chr7","68485792","68485941","19","17384832"
"chr2","85893899","85894181","chr2","92918736","92919016","6","7024837"
"chr2","85912710","85913001","chr2","92937335","92937631","11","7024625"
"chr2","85938510","85938780","chr2","92962947","92963218","3","7024437"
"chr2","85951651","85951939","chr2","92982631","92982922","7","7030980"
"chr2","85978483","85978774","chr2","197739692","197739985","39","111761209"
"chr2","85986767","85987074","chr2","93022604","93022911","6","7035837"
"chr2","86000927","86001236","chr2","93040593","93040903","6","7039666"
"chr2","86006407","86006701","chr2","93043802","93044093","8","7037395"
"chr2","86020756","86021033","chr7","51321295","51321568","62","34699461"
"chr2","86029419","86029711","chr2","93066123","93066415","6","7036704"
"chr2","86034227","86034520","chr2","93070919","93071215","7","7036692"
"chr2","86068744","86069041","chr2","93105559","93105854","6","7036815"
"chr2","86087308","86087447","chr15","104500004","104500140","20","18412696"
"chr2","86176130","86176414","chr6","81287992","81288274","39","4888138"
"chr2","86226631","86226909","chr6","67313209","67313493","40","18913422"
"chr2","86232809","86233101","chr2","93292845","93293147","14","7060036"
"chr2","86270066","86270344","chr2","93330827","93331140","42","7060761"
"chr2","86277636","86277875","chr2","93341014","93341253","2","7063378"
"chr2","86296173","86296465","chr2","93360054","93360346","5","7063881"
"chr2","86348465","86348760","chr2","93454269","93454564","3","7105804"
"chr2","86399889","86400111","chr15","67381089","67381311","32","19018800"
"chr2","86404764","86405059","chr2","159817530","159817826","40","73412766"
"chr2","86414884","86415177","chr2","93534121","93534413","5","7119237"
"chr2","86415210","86415517","chr2","93534446","93534753","6","7119236"
"chr2","86418334","86418695","chr2","93537354","93537655","64","7119020"
"chr2","86434180","86434450","chr10","80099636","80099909","30","6334544"
"chr2","86435150","86435444","chr2","149190520","149190816","39","62755370"
"chr2","86457195","86457471","chr2","93573294","93573573","8","7116099"
"chr2","86460730","86461056","chr2","93576507","93576802","59","7115777"
"chr2","86461604","86461909","chr2","93577345","93577649","8","7115741"
"chr2","86472068","86472372","chr1","139284674","139284976","35","52812606"
"chr2","86539610","86539907","chr2","93658680","93658961","21","7119070"
"chr2","86543768","86544062","chr2","93662796","93663090","8","7119028"
"chr2","86585491","86585801","chr2","93706383","93706692","5","7120892"
"chr2","86587035","86587337","chr2","93707615","93707917","5","7120580"
"chr2","86617745","86618049","chr2","93740479","93740779","21","7122734"
"chr2","86711829","86712155","chr2","93834394","93834698","30","7122565"
"chr2","86722707","86723013","chr7","77098183","77098491","39","9624524"
"chr2","86818955","86819263","chr13","3139330","3139635","29","83679625"
"chr2","86837301","86837596","chr2","93957972","93958281","22","7120671"
"chr2","86840013","86840277","chr2","93961311","93961575","7","7121298"
"chr2","86854472","86854762","chr2","93977372","93977663","6","7122900"
"chr2","86860040","86860349","chr2","93983886","93984188","14","7123846"
"chr2","86876763","86877062","chr2","94001406","94001701","6","7124643"
"chr2","86893308","86893608","chr4","135897019","135897320","28","49003711"
"chr2","86898386","86898684","chr4","1527672","1527974","28","85370714"
"chr2","86985566","86985855","chrX","138091305","138091593","33","51105739"
"chr2","86998284","86998591","chr2","94121711","94122026","30","7123427"
"chr2","87004417","87004708","chr2","94127818","94128109","4","7123401"
"chr2","87027993","87028298","chr13","43474471","43474778","29","43553522"
"chr2","87039612","87039914","chr2","94164613","94164916","10","7125001"
"chr2","87058308","87058601","chr2","94182728","94183029","17","7124420"
"chr2","87087230","87087520","chr2","94211587","94211873","12","7124357"
"chr2","87152367","87152650","chr2","94280402","94280695","16","7128035"
"chr2","87177251","87177533","chr2","94305705","94306007","24","7128454"
"chr2","87213517","87213816","chr1","97334643","97334950","48","10121126"
"chr2","87220141","87220445","chr2","94361123","94361420","12","7140982"
"chr2","87229473","87229711","chr7","100529747","100529981","41","13300274"
"chr2","87284778","87285064","chr2","94426877","94427164","6","7142099"
"chr2","87311177","87311455","chr2","94452782","94453075","18","7141605"
"chr2","87320097","87320403","chr2","94462206","94462511","5","7142109"
"chr2","87324054","87324340","chr9","27439378","27439664","34","59884676"
"chr2","87344428","87344728","chr2","94485238","94485537","3","7140810"
"chr2","87414728","87415024","chr2","184130494","184130795","41","96715766"
"chr2","87426667","87426965","chr2","94564731","94565029","2","7138064"
"chr2","87460038","87460345","chr2","94598329","94598615","25","7138291"
"chr2","87495360","87495668","chr2","94634014","94634322","9","7138654"
"chr2","87495760","87496055","chr2","94634416","94634707","10","7138656"
"chr2","87523400","87523701","chr2","94661796","94662097","10","7138396"
"chr2","87524377","87524681","chr7","136112903","136113209","37","48588526"
"chr2","87541425","87541734","chr2","94680090","94680393","14","7138665"
"chr2","87559716","87560011","chr2","94700897","94701199","11","7141181"
"chr2","87578261","87578568","chr2","94715936","94716235","14","7137675"
"chr2","87587513","87587803","chr18","15491499","15491792","46","72096014"
"chr2","87588643","87588938","chr2","94726862","94727157","1","7138219"
"chr2","87591081","87591371","chr2","94729309","94729599","6","7138228"
"chr2","87621014","87621316","chr7","155089098","155089402","35","67468084"
"chr2","87624028","87624333","chr2","94760205","94760505","8","7136177"
"chr2","87641987","87642280","chr2","94777872","94778164","6","7135885"
"chr2","87681498","87681793","chr2","94820302","94820598","12","7138804"
"chr2","87694080","87694375","chr2","94832505","94832814","23","7138425"
"chr2","87775319","87775601","chr2","94916366","94916641","8","7141047"
"chr2","87869904","87870206","chr2","95008642","95008940","12","7138738"
"chr2","87880618","87880900","chr2","95019139","95019417","23","7138521"
"chr2","87880995","87881286","chr2","95019504","95019794","15","7138509"
"chr2","87882031","87882323","chrX","31374406","31374694","39","56507625"
"chr2","87912020","87912307","chr2","95049694","95049990","12","7137674"
"chr2","87914301","87914592","chr2","95051984","95052275","6","7137683"
"chr2","87973325","87973605","chr2","95112282","95112568","12","7138957"
"chr2","88037056","88037355","chr11","94996337","94996634","36","6959281"
"chr2","88155577","88155866","chr2","95294312","95294601","3","7138735"
"chr2","88155874","88156173","chr2","95294609","95294906","12","7138735"
"chr2","88162542","88162851","chr2","95301082","95301393","5","7138540"
"chr2","88182942","88183248","chr19","20631949","20632258","35","67550993"
"chr2","88193160","88193451","chr2","95329306","95329601","12","7136146"
"chr2","88196655","88196786","chr2","95333860","95333990","9","7137205"
"chr2","88205606","88205913","chr2","95343811","95344117","9","7138205"
"chr2","88209462","88209755","chr2","95347307","95347600","5","7137845"
"chr2","88212117","88212411","chr2","95349661","95349954","5","7137544"
"chr2","88212565","88212938","chr2","95350109","95350488","12","7137544"
"chr2","88292594","88292869","chr2","95432686","95432965","5","7140092"
"chr2","88292888","88293160","chr2","95432984","95433244","14","7140096"
"chr2","88294791","88295065","chr2","95435193","95435464","6","7140402"
"chr2","88325975","88326263","chr2","95466277","95466565","2","7140302"
"chr2","88326270","88326553","chr2","95466572","95466855","1","7140302"
"chr2","88335712","88336014","chr1","137342088","137342389","40","49006376"
"chr2","88356297","88356596","chr2","95498347","95498646","3","7142050"
"chr2","88569946","88570244","chr2","95742310","95742609","2","7172364"
"chr2","88643877","88644145","chr2","95815109","95815379","7","7171232"
"chr2","88757169","88757475","chr16","5570031","5570335","36","83187138"
"chr2","89025375","89025677","chr2","96209185","96209484","8","7183810"
"chr2","89053187","89053472","chr2","96236684","96236969","1","7183497"
"chr2","89137041","89137334","chr2","96320982","96321273","8","7183941"
"chr2","89268506","89268790","chr2","96455263","96455543","7","7186757"
"chr2","89283504","89283800","chr2","96469837","96470151","32","7186333"
"chr2","89332933","89333225","chr2","96519987","96520278","9","7187054"
"chr2","89447270","89447567","chr18","67288356","67288650","26","22158914"
"chr2","89524110","89524401","chr15","44477779","44478068","34","45046331"
"chr2","89712226","89712519","chr19","38798847","38799139","33","50913379"
"chr2","89753361","89753658","chr2","96937651","96937949","2","7184290"
"chr2","89765419","89765705","chr2","96949682","96949971","6","7184263"
"chr2","89772319","89772617","chr2","96956518","96956816","4","7184199"
"chr2","89869333","89869580","chr2","97054919","97055149","23","7185586"
"chr2","89913725","89914031","chr2","97098928","97099234","10","7185203"
"chr2","89989779","89990086","chr2","97175653","97175960","1","7185874"
"chr2","90071478","90071746","chr2","97258559","97258790","42","7187081"
"chr2","90120209","90120502","chr2","97303956","97304253","10","7183747"
"chr2","90132896","90133194","chr2","97316599","97316899","3","7183703"
"chr2","90230765","90231026","chr2","97415585","97415846","3","7184820"
"chr2","90322919","90323216","chr3","156060477","156060776","32","65737558"
"chr2","90580091","90580385","chr2","97769422","97769716","5","7189331"
"chr2","90611481","90611793","chr2","97809074","97809386","4","7197593"
"chr2","90675467","90675759","chr2","97857869","97858163","7","7182402"
"chr2","90676915","90677202","chr5","111619410","111619698","29","20942495"
"chr2","90747700","90748008","chr2","97925742","97926036","17","7178042"
"chr2","90913341","90913624","chr2","98098161","98098444","7","7184820"
"chr2","90967433","90967732","chr2","98152495","98152793","5","7185062"
"chr2","90970138","90970435","chr2","98155189","98155489","13","7185051"
"chr2","91025826","91026060","chr7","52597350","52597584","17","38428476"
"chr2","91110297","91110601","chr2","98261121","98261414","14","7150824"
"chr2","91168837","91169129","chr2","98320088","98320380","4","7151251"
"chr2","91205223","91205517","chr16","50735438","50735733","40","40469785"
"chr2","91212807","91213100","chr2","98362621","98362913","6","7149814"
"chr2","91262789","91263081","chr2","98429919","98430205","12","7167130"
"chr2","91662406","91662710","chr2","98826051","98826354","6","7163645"
"chr2","91712059","91712354","chr2","98875740","98876034","8","7163681"
"chr2","91724960","91725271","chr2","98888973","98889246","42","7164013"
"chr2","91762398","91762695","chr2","98927445","98927746","5","7165047"
"chr2","91783910","91784207","chr2","98948956","98949254","5","7165046"
"chr2","91786628","91786927","chr2","98951680","98951982","7","7165052"
"chr2","91791607","91791905","chr2","98956981","98957279","3","7165374"
"chr2","91828168","91828497","chr2","98992446","98992770","12","7164278"
"chr2","91976015","91976313","chr15","41751569","41751866","37","50224446"
"chr2","92062617","92062917","chr2","99221199","99221496","7","7158582"
"chr2","92066775","92067062","chr2","99225355","99225657","18","7158580"
"chr2","92126569","92126853","chr2","99283583","99283867","6","7157014"
"chr2","92149343","92149628","chr2","99304029","99304315","3","7154686"
"chr2","92352292","92352586","chr2","99506221","99506514","6","7153929"
"chr2","92378170","92378450","chr2","99529942","99530229","14","7151772"
"chr2","92547051","92547356","chr2","99702523","99702835","16","7155472"
"chr2","92585679","92585977","chr2","99739730","99740028","3","7154051"
"chr2","92666944","92667235","chr16","41804951","41805243","11","50861993"
"chr2","92717291","92717600","chr2","99871329","99871633","7","7154038"
"chr2","92831310","92831606","chr2","99986174","99986466","9","7154864"
"chr2","92888781","92889071","chr2","100039753","100040051","16","7150972"
"chr2","93535037","93535331","chr2","100689364","100689641","22","7154327"
"chr2","93592813","93593104","chr2","100750026","100750323","11","7157213"
"chr2","93608546","93608843","chr2","100765767","100766063","4","7157221"
"chr2","93629347","93629668","chr2","100820445","100820769","9","7191098"
"chr2","93649740","93650037","chr2","100834662","100834955","7","7184922"
"chr2","93666929","93667134","chr16","943984","944180","35","92722945"
"chr2","93673428","93673735","chr2","100858120","100858411","26","7184692"
"chr2","93675494","93675798","chr2","100860181","100860459","30","7184687"
"chr2","93684102","93684400","chr2","100868774","100869073","7","7184672"
"chr2","94947824","94948131","chr2","102172365","102172671","6","7224541"
"chr2","94970223","94970524","chr2","102194821","102195123","7","7224598"
"chr2","94993373","94993649","chr2","102218415","102218691","6","7225042"
"chr2","95000053","95000362","chr2","102225059","102225368","11","7225006"
"chr2","95034831","95035128","chr2","102260015","102260313","9","7225184"
"chr2","95191716","95192018","chr2","102416393","102416702","11","7224677"
"chr2","95508436","95508737","chr2","102744542","102744845","10","7236106"
"chr2","95692029","95692329","chr2","102928050","102928348","8","7236021"
"chr2","95753278","95753584","chr2","83776849","83777154","41","11976429"
"chr2","95776093","95776318","chr17","11908605","11908834","38","83867488"
"chr2","95889185","95889475","chr2","103132883","103133176","19","7243698"
"chr2","95899673","95899902","chr2","103143420","103143649","4","7243747"
"chr2","95950981","95951288","chr2","83776849","83777154","42","12174132"
"chr2","95968355","95968654","chr13","71429858","71430167","26","24538497"
"chr2","96026179","96026478","chr8","10097880","10098176","36","85928299"
"chr2","96230406","96230699","chr2","103501502","103501795","3","7271096"
"chr2","96370937","96371224","chr2","103641999","103642300","20","7271062"
"chr2","96452202","96452508","chr2","103765412","103765717","3","7313210"
"chr2","96756936","96757233","chr2","104072722","104073030","12","7315786"
"chr2","96905837","96906145","chr2","104224042","104224349","6","7318205"
"chr2","96944345","96944639","chr2","104261923","104262217","9","7317578"
"chr2","96992782","96993075","chr2","104315919","104316212","4","7323137"
"chr2","97014578","97014876","chr2","104337625","104337921","7","7323047"
"chr2","97154968","97155101","chr2","104481080","104481213","0","7326112"
"chr2","97269561","97269869","chr2","200856252","200856532","76","103586691"
"chr2","97269920","97270134","chr1","25330562","25330777","31","71939358"
"chr2","97378074","97378370","chr1","26128157","26128451","34","71249917"
"chr2","97532267","97532557","chr2","104866777","104867065","9","7334510"
"chr2","97632237","97632526","chr2","104974132","104974406","22","7341895"
"chr2","97888772","97889081","chr2","105231748","105232057","4","7342976"
"chr2","97905214","97905530","chr12","54726008","54726321","43","43179206"
"chr2","98077946","98078218","chr2","105419939","105420208","9","7341993"
"chr2","98109183","98109441","chrX","144955693","144955948","39","46846510"
"chr2","98138275","98138558","chr2","105480359","105480642","9","7342084"
"chr2","98153235","98153544","chr3","13202178","13202482","32","84951057"
"chr2","98184919","98185243","chr2","105527285","105527583","31","7342366"
"chr2","98187555","98187864","chr2","105529587","105529914","27","7342032"
"chr2","98193813","98194104","chr2","105535892","105536183","6","7342079"
"chr2","98199662","98199968","chr2","105542047","105542350","12","7342385"
"chr2","98254673","98254969","chr2","105640366","105640663","6","7385693"
"chr2","98292050","98292340","chr2","105676400","105676700","14","7384350"
"chr2","98316990","98317273","chr2","105699296","105699599","22","7382306"
"chr2","98409144","98409443","chr2","159817530","159817826","38","61408386"
"chr2","98488962","98489274","chr2","105872365","105872664","14","7383403"
"chr2","98508328","98508632","chr2","105891500","105891804","14","7383172"
"chr2","98714059","98714363","chr2","106097200","106097504","4","7383141"
"chr2","98807533","98807802","chr2","106207789","106208052","10","7400256"
"chr2","98823104","98823387","chr2","106222108","106222394","8","7399004"
"chr2","98849191","98849497","chr2","106249022","106249333","13","7399831"
"chr2","98898266","98898577","chr2","106341336","106341638","17","7443070"
"chr2","98903978","98904270","chr13","7669601","7669895","33","91234377"
"chr2","99048405","99048686","chr2","106489064","106489342","10","7440659"
"chr2","99207188","99207483","chr2","34545512","34545806","34","64661676"
"chr2","99227740","99228034","chr2","106671381","106671645","35","7443641"
"chr2","99345947","99346247","chr2","106789534","106789839","12","7443587"
"chr2","99407507","99407793","chr2","106849643","106849940","14","7442136"
"chr2","99453564","99453871","chr2","106895600","106895906","6","7442036"
"chr2","99476012","99476299","chr2","106918474","106918761","9","7442462"
"chr2","99526295","99526576","chr3","86818205","86818483","38","12708090"
"chr2","99538506","99538802","chr15","103853433","103853726","38","4314927"
"chr2","99588283","99588574","chr2","107028864","107029155","11","7440581"
"chr2","99613324","99613626","chr2","107052808","107053115","13","7439484"
"chr2","99617415","99617716","chr15","64867704","64868011","36","34749711"
"chr2","99617717","99617991","chr11","116214085","116214356","39","16596368"
"chr2","99620060","99620366","chr2","107059975","107060289","14","7439915"
"chr2","99633389","99633662","chr2","107073092","107073391","29","7439703"
"chr2","99647050","99647350","chr4","46223354","46223654","33","53423696"
"chr2","99660371","99660678","chr2","107121654","107121964","6","7461283"
"chr2","99811336","99811613","chr5","7366766","7367042","30","92444570"
"chr2","99885012","99885313","chr2","159817530","159817826","34","59932518"
"chr2","99897926","99898220","chr2","107404123","107404422","11","7506197"
"chr2","99908573","99908761","chr5","717463","717648","32","99191110"
"chr2","99921184","99921490","chr1","42771177","42771482","33","57150007"
"chr2","99923116","99923428","chr2","107429306","107429609","15","7506190"
"chr2","99939392","99939694","chr7","133462935","133463240","35","33523543"
"chr2","99990723","99990980","chr2","107500476","107500733","3","7509753"
"chr2","99991311","99991616","chr1","1258288","1258592","35","98733023"
"chr2","100024767","100025058","chr5","98591416","98591702","30","1433351"
"chr2","100041731","100042019","chr2","107551709","107552000","10","7509978"
"chr2","100048150","100048447","chr2","107558123","107558429","20","7509973"
"chr2","100205250","100205527","chr2","107715740","107716016","6","7510490"
"chr2","100247983","100248290","chr2","107759602","107759908","4","7511619"
"chr2","100253797","100254103","chr2","107765404","107765705","16","7511607"
"chr2","100306685","100306978","chr2","107817790","107818089","12","7511105"
"chr2","100466585","100466889","chr2","107955911","107956210","8","7489326"
"chr2","100488333","100488628","chr2","107977349","107977644","11","7489016"
"chr2","100517956","100518240","chr16","39591098","39591388","48","60926858"
"chr2","100579968","100580272","chr2","108069991","108070292","9","7490023"
"chr2","100739287","100739572","chr2","108225355","108225639","3","7486068"
"chr2","100746622","100746920","chr2","108232438","108232733","15","7485816"
"chr2","100765299","100765598","chr2","108251399","108251702","9","7486100"
"chr2","100775208","100775508","chr2","108261339","108261639","4","7486131"
"chr2","100811262","100811532","chr7","51321295","51321568","38","49489967"
"chr2","100840173","100840469","chr2","108326482","108326780","12","7486309"
"chr2","100892321","100892611","chr2","108378323","108378616","7","7486002"
"chr2","100920419","100920723","chr4","37791755","37792063","38","63128664"
"chr2","101003055","101003327","chr2","108489920","108490204","19","7486865"
"chr2","101043480","101043783","chr20","18686559","18686857","38","82356921"
"chr2","101079959","101080268","chr2","108566317","108566609","21","7486358"
"chr2","101124935","101125239","chr2","108611249","108611557","13","7486314"
"chr2","101129545","101129849","chr2","108615848","108616154","7","7486303"
"chr2","101155804","101156082","chr7","127412181","127412470","61","26256377"
"chr2","101219049","101219361","chr2","108705849","108706156","9","7486800"
"chr2","101261111","101261409","chr2","108748059","108748364","8","7486948"
"chr2","101263915","101264222","chr2","108750544","108750849","4","7486629"
"chr2","101266693","101266969","chr2","108753295","108753569","7","7486602"
"chr2","101300252","101300382","chr8","95159698","95159829","11","6140554"
"chr2","101430454","101430732","chr2","108913413","108913688","5","7482959"
"chr2","101447500","101447811","chr2","108930785","108931102","14","7483285"
"chr2","101532390","101532686","chr2","109039990","109040286","4","7507600"
"chr2","101561849","101562144","chr2","109070068","109070364","8","7508219"
"chr2","101679689","101679977","chr2","109188073","109188366","16","7508384"
"chr2","101702407","101702705","chr5","56701456","56701750","45","45000951"
"chr2","101761938","101762198","chr4","118110737","118111005","45","16348799"
"chr2","101779141","101779431","chr2","109288298","109288588","7","7509157"
"chr2","101783229","101783509","chr2","109292399","109292683","8","7509170"
"chr2","101827325","101827606","chr2","109333650","109333931","6","7506325"
"chr2","101832116","101832402","chr2","109338458","109338752","14","7506342"
"chr2","101851179","101851480","chr2","172216065","172216364","29","70364886"
"chr2","101854775","101855075","chr2","109359536","109359840","7","7504761"
"chr2","101856325","101856629","chr2","109361089","109361391","7","7504764"
"chr2","101882681","101882971","chr2","109386359","109386651","3","7503678"
"chr2","101927669","101927978","chr10","79760386","79760685","42","22167283"
"chr2","101955888","101956187","chr2","109460501","109460799","7","7504613"
"chr2","102008323","102008472","chr16","70283817","70283965","19","31724506"
"chr2","102022106","102022400","chr2","109522478","109522773","3","7500372"
"chr2","102051439","102051750","chr2","109550374","109550683","10","7498935"
"chr2","102101818","102102105","chr8","96390329","96390617","37","5711489"
"chr2","102126838","102127134","chr2","109632405","109632693","12","7505567"
"chr2","102237772","102238045","chr8","66518083","66518371","37","35719689"
"chr2","102285313","102285596","chr2","109787980","109788262","6","7502667"
"chr2","102338614","102338881","chr2","109840429","109840705","17","7501815"
"chr2","102342363","102342668","chr1","121564029","121564325","41","19221666"
"chr2","102410291","102410591","chrX","53214505","53214804","41","49195786"
"chr2","102451025","102451333","chr2","109954994","109955301","13","7503969"
"chr2","102456888","102457195","chr2","109960870","109961178","7","7503982"
"chr2","102460217","102460514","chr2","109964204","109964501","6","7503987"
"chr2","102462456","102462758","chr2","109966440","109966742","1","7503984"
"chr2","102505583","102505882","chr2","110007630","110007935","9","7502047"
"chr2","102581552","102581847","chr2","110081022","110081329","16","7499470"
"chr2","102587373","102587667","chr2","110086665","110086964","10","7499292"
"chr2","102593571","102593841","chr11","116214085","116214356","37","13620514"
"chr2","102654208","102654499","chr2","110158283","110158582","14","7504075"
"chr2","102837759","102838058","chr2","136423840","136424139","4","33586081"
"chr2","102841142","102841440","chr13","65644208","65644504","34","37196934"
"chr2","102842097","102842384","chr2","136419548","136419833","12","33577451"
"chr2","102845057","102845364","chr4","31898756","31899058","32","70946301"
"chr2","102985219","102985481","chr2","110457811","110458073","4","7472592"
"chr2","102991970","102992250","chr2","110464580","110464860","8","7472610"
"chr2","103149276","103149562","chr2","110637311","110637597","3","7488035"
"chr2","103168100","103168400","chr2","110654896","110655199","11","7486796"
"chr2","103215411","103215709","chr20","74743542","74743841","41","28471869"
"chr2","103237585","103237889","chr2","110725836","110726141","14","7488251"
"chr2","103481272","103481550","chr2","110967512","110967811","25","7486240"
"chr2","103655351","103655641","chr16","63921004","63921296","34","39734347"
"chr2","103732402","103732698","chr2","111223790","111224084","4","7491388"
"chr2","103741812","103742110","chr2","111233240","111233538","4","7491428"
"chr2","103745310","103745590","chr2","111236734","111237014","2","7491424"
"chr2","103757466","103757736","chr2","111248053","111248323","3","7490587"
"chr2","103767297","103767598","chr18","24641691","24641987","42","79125606"
"chr2","103773290","103773599","chr2","111265594","111265902","5","7492304"
"chr2","104072141","104072432","chr2","111564924","111565215","7","7492783"
"chr2","104217168","104217443","chr2","111751893","111752167","6","7534725"
"chr2","104455431","104455727","chr2","111986819","111987121","56","7531388"
"chr2","104464651","104464957","chr17","82633586","82633896","39","21831065"
"chr2","104500546","104500843","chr20","53631703","53632001","36","50868843"
"chr2","104641603","104641912","chr10","2689514","2689814","46","101952089"
"chr2","104674965","104675248","chr7","42263616","42263904","41","62411349"
"chr2","104689701","104689996","chr2","112225368","112225664","5","7535667"
"chr2","104718920","104719216","chr2","112263694","112263990","5","7544774"
"chr2","104722639","104722929","chrX","91120011","91120295","43","13602628"
"chr2","104725845","104726134","chr9","92823595","92823886","48","11902250"
"chr2","104758937","104759239","chr11","112398648","112398949","43","7639711"
"chr2","104770994","104771261","chr2","112364674","112364938","10","7593680"
"chr2","104922394","104922673","chr2","112513416","112513695","10","7591022"
"chr2","105175357","105175654","chr2","51108571","51108866","37","54066786"
"chr2","105283286","105283594","chr2","112872598","112872901","13","7589312"
"chr2","105482653","105482942","chr2","113135449","113135736","4","7652796"
"chr2","105778131","105778437","chr2","113428996","113429301","9","7650865"
"chr2","105835454","105835736","chr2","150792570","150792848","30","44957116"
"chr2","105860044","105860350","chr2","113505159","113505465","13","7645115"
"chr2","105944442","105944743","chr2","50882532","50882834","36","55061910"
"chr2","105976708","105977017","chr2","113626792","113627101","1","7650084"
"chr2","105992653","105992947","chrX","117758413","117758706","36","11765760"
"chr2","106011600","106011896","chr11","106579511","106579817","42","567911"
"chr2","106017262","106017536","chr2","113669112","113669386","6","7651850"
"chr2","106029209","106029505","chr18","6387926","6388221","37","99641283"
"chr2","106035478","106035786","chrX","14778580","14778885","35","91256898"
"chr2","106089987","106090280","chr2","113749555","113749849","4","7659568"
"chr2","106097345","106097642","chr2","113756928","113757226","6","7659583"
"chr2","106225743","106226023","chr2","113894475","113894754","6","7668732"
"chr2","106226439","106226741","chr2","113895170","113895472","3","7668731"
"chr2","106244159","106244461","chr16","4256348","4256647","38","101987811"
"chr2","106260785","106261081","chr2","113929856","113930156","10","7669071"
"chr2","106283319","106283639","chr2","113952165","113952478","16","7668846"
"chr2","106360701","106361001","chr2","114026404","114026704","2","7665703"
"chr2","106397997","106398273","chr2","114063761","114064042","32","7665764"
"chr2","106413314","106413611","chr2","114079354","114079650","7","7666040"
"chr2","106463478","106463759","chr16","66300017","66300299","37","40163461"
"chr2","106604299","106604559","chr2","114281870","114282131","4","7677571"
"chr2","106998978","106999267","chr2","114678608","114678909","26","7679630"
"chr2","107021350","107021637","chr2","114695920","114696207","6","7674570"
"chr2","107086822","107087102","chr2","114760557","114760834","11","7673735"
"chr2","107108035","107108309","chr2","114780916","114781190","7","7672881"
"chr2","107396235","107396541","chr2","115066653","115066948","13","7670418"
"chr2","107601116","107601420","chr2","115267545","115267840","15","7666429"
"chr2","107905077","107905383","chr2","115692382","115692689","11","7787305"
"chr2","108032046","108032312","chr2","115828037","115828303","8","7795991"
"chr2","108063330","108063596","chr2","115859460","115859717","12","7796130"
"chr2","108064711","108065010","chr2","115860823","115861113","24","7796112"
"chr2","108118820","108119111","chr2","115914912","115915203","3","7796092"
"chr2","108219554","108219859","chr2","116015773","116016082","11","7796219"
"chr2","108268855","108269141","chr2","116065810","116066089","17","7796955"
"chr2","108270676","108270968","chr2","116067636","116067928","5","7796960"
"chr2","108294868","108295155","chr3","30989322","30989611","40","77305546"
"chr2","108298086","108298364","chr2","116095991","116096268","7","7797905"
"chr2","108304397","108304701","chr2","116103447","116103747","7","7799050"
"chr2","108318841","108319130","chr2","116118776","116119081","18","7799935"
"chr2","108321662","108321955","chr8","78689284","78689587","40","29632378"
"chr2","108343990","108344299","chr2","116143847","116144156","4","7799857"
"chr2","108355853","108356160","chr9","28775635","28775933","47","79580218"
"chr2","108360396","108360676","chr19","11506544","11506836","41","96853852"
"chr2","108364965","108365268","chrX","44627777","44628073","39","63737188"
"chr2","108377745","108378018","chr2","116236948","116237221","6","7859203"
"chr2","108398774","108399071","chr2","116265302","116265593","18","7866528"
"chr2","108476139","108476429","chr2","116342547","116342837","6","7866408"
"chr2","108546482","108546764","chr2","116411692","116411994","22","7865210"
"chr2","108576038","108576259","chr9","54584502","54584722","34","53991536"
"chr2","108607358","108607652","chr2","116475676","116475973","8","7868318"
"chr2","108785197","108785494","chr2","116654731","116655035","15","7869534"
"chr2","108837728","108838031","chr2","116700457","116700764","12","7862729"
"chr2","108885617","108885909","chr2","116755017","116755309","3","7869400"
"chr2","108911561","108911856","chr2","116783036","116783331","18","7871475"
"chr2","108913973","108914258","chr2","116785431","116785716","9","7871458"
"chr2","108939812","108940111","chr2","116811256","116811543","16","7871444"
"chr2","109172939","109173191","chr2","117043425","117043677","1","7870486"
"chr2","109180165","109180448","chr2","117050268","117050551","1","7870103"
"chr2","109253034","109253325","chr2","117127770","117128068","17","7874736"
"chr2","109253800","109254107","chr2","117128531","117128837","14","7874731"
"chr2","109312664","109312962","chr7","94165265","94165563","41","15147399"
"chr2","109454809","109455111","chr2","117328489","117328786","12","7873680"
"chr2","109729705","109729982","chr2","117639722","117640023","29","7910017"
"chr2","109789145","109789443","chr2","117693099","117693393","11","7903954"
"chr2","109909262","109909571","chr2","117812835","117813144","9","7903573"
"chr2","109944132","109944423","chr2","117847929","117848222","5","7903797"
"chr2","110027629","110027915","chr2","117947174","117947458","10","7919545"
"chr2","110347253","110347551","chr2","118275621","118275909","18","7928368"
"chr2","110517710","110517980","chr2","118490186","118490470","23","7972476"
"chr2","110601165","110601384","chr2","118572997","118573236","28","7971832"
"chr2","110703784","110704111","chr7","17581509","17581831","50","93122275"
"chr2","110825213","110825519","chr2","118798502","118798773","37","7973289"
"chr2","110882369","110882656","chr2","118854149","118854436","12","7971780"
"chr2","110998614","110998923","chr2","118963735","118964043","7","7965121"
"chr2","111105211","111105535","chr2","119069083","119069401","10","7963872"
"chr2","111121403","111121700","chr2","119085555","119085855","10","7964152"
"chr2","111166943","111167252","chr2","119127465","119127777","8","7960522"
"chr2","111254374","111254681","chr2","119214556","119214857","10","7960182"
"chr2","111278578","111278865","chr2","119238072","119238363","12","7959494"
"chr2","111545746","111546051","chr2","119507931","119508236","7","7962185"
"chr2","111592308","111592613","chr2","119553809","119554115","11","7961501"
"chr2","111599179","111599452","chr2","119560312","119560589","10","7961133"
"chr2","111697685","111697996","chr2","119646787","119647098","5","7949102"
"chr2","111699249","111699552","chr19","40650560","40650865","42","71048689"
"chr2","111733246","111733548","chr2","119682011","119682315","7","7948765"
"chr2","111758363","111758633","chr2","119707129","119707399","3","7948766"
"chr2","111770267","111770554","chr2","119718825","119719106","15","7948558"
"chr2","111811031","111811335","chr2","119760069","119760371","10","7949038"
"chr2","111970968","111971242","chr2","119920673","119920947","18","7949705"
"chr2","112006171","112006458","chr2","119955854","119956142","8","7949683"
"chr2","112214687","112215000","chr2","120221910","120222224","4","8007223"
"chr2","112367595","112367847","chr2","120373092","120373317","41","8005497"
"chr2","112370628","112370892","chr2","120376843","120377106","7","8006215"
"chr2","112427551","112427855","chr2","120445805","120446106","6","8018254"
"chr2","112804176","112804468","chr2","120859674","120859966","6","8055498"
"chr2","112813654","112813960","chr5","111854264","111854577","40","959390"
"chr2","112952213","112952500","chr2","121007563","121007852","10","8055350"
"chr2","112982250","112982558","chr2","121036832","121037140","8","8054582"
"chr2","113002546","113002829","chr2","121057128","121057412","7","8054582"
"chr2","113101010","113101307","chr2","121158781","121159088","17","8057771"
"chr2","113120852","113121153","chr16","39962297","39962596","39","73158555"
"chr2","113375290","113375597","chr2","121441059","121441337","35","8065769"
"chr2","113411529","113411837","chr2","121476559","121476870","10","8065030"
"chr2","113425971","113426274","chr7","95157109","95157413","33","18268862"
"chr2","113432611","113432897","chr2","121495961","121496236","14","8063350"
"chr2","113559358","113559655","chr2","121619752","121620058","15","8060394"
"chr2","113590177","113590465","chr2","121650798","121651086","2","8060621"
"chr2","113744798","113745104","chr13","54790758","54791064","39","58954040"
"chr2","113745610","113745909","chr2","121805546","121805845","2","8059936"
"chr2","113801469","113801770","chr2","121861593","121861893","4","8060124"
"chr2","113832038","113832338","chr2","121892279","121892579","7","8060241"
"chr2","113841044","113841287","chr6","179384905","179385146","34","65543861"
"chr2","113899629","113899933","chr16","58018397","58018700","41","55881232"
"chr2","113931799","113932079","chr2","121991881","121992136","28","8060082"
"chr2","113969698","113969970","chr19","47567969","47568244","41","66401729"
"chr2","113983235","113983544","chr2","122042170","122042479","4","8058935"
"chr2","114087155","114087416","chr2","122148399","122148686","30","8061244"
"chr2","114200443","114200747","chr2","122262513","122262817","5","8062070"
"chr2","114338384","114338694","chr2","122401501","122401796","24","8063117"
"chr2","114380499","114380776","chr2","122443833","122444110","2","8063334"
"chr2","114591229","114591499","chr7","165718505","165718786","51","51127276"
"chr2","114669749","114670041","chr2","122744687","122744980","4","8074938"
"chr2","115060403","115060681","chr2","123130081","123130374","30","8069678"
"chr2","115101233","115101542","chr2","123171213","123171512","22","8069980"
"chr2","115184850","115185158","chr2","123261300","123261608","7","8076450"
"chr2","115227852","115228153","chr2","123304104","123304401","7","8076252"
"chr2","115241228","115241529","chr2","123317505","123317810","9","8076277"
"chr2","115246495","115246788","chr2","123322769","123323062","4","8076274"
"chr2","115318904","115319213","chr2","36162713","36163022","39","79156191"
"chr2","115320720","115321018","chr1","209176258","209176559","39","93855538"
"chr2","115333628","115333929","chr2","123403215","123403517","6","8069587"
"chr2","115334470","115334740","chr2","123404058","123404328","4","8069588"
"chr2","115345355","115345667","chr5","153388385","153388692","40","38043030"
"chr2","115462698","115462992","chr10","67218899","67219193","39","48243799"
"chr2","115485561","115485856","chr2","123559718","123560018","6","8074157"
"chr2","115525741","115526023","chr2","123600964","123601258","20","8075223"
"chr2","115561909","115562196","chr2","123634900","123635187","3","8072991"
"chr2","115567538","115567818","chr2","123640232","123640509","7","8072694"
"chr2","115580261","115580561","chr7","87503845","87504157","45","28076416"
"chr2","115654194","115654463","chr12","83005228","83005507","38","32648966"
"chr2","115706297","115706608","chr2","123824406","123824717","6","8118109"
"chr2","115708417","115708724","chr2","123826521","123826827","7","8118104"
"chr2","115796630","115796934","chr2","123916539","123916841","6","8119909"
"chr2","115797512","115797770","chr2","123917418","123917676","3","8119906"
"chr2","115899111","115899416","chr10","8065693","8065996","40","107833418"
"chr2","116018467","116018751","chr2","124157055","124157337","8","8138588"
"chr2","116399347","116399650","chr16","50353289","50353590","30","66046058"
"chr2","116480954","116481257","chr2","124610878","124611175","14","8129924"
"chr2","116820025","116820333","chr2","124948036","124948344","9","8128011"
"chr2","117024184","117024488","chr2","125172051","125172355","7","8147867"
"chr2","117464956","117465255","chr2","125613479","125613789","18","8148523"
"chr2","117641507","117641805","chr3","22418634","22418932","35","95222873"
"chr2","117823075","117823351","chr17","37145947","37146222","38","80677128"
"chr2","117962494","117962819","chr2","126151048","126151361","19","8188554"
"chr2","118136402","118136705","chr2","126316690","126316989","8","8180288"
"chr2","118255085","118255249","chr2","126495014","126495178","5","8239929"
"chr2","118443988","118444294","chr2","126691534","126691814","30","8247546"
"chr2","118472565","118472855","chr1","54194492","54194783","35","64278073"
"chr2","118597221","118597522","chr2","126843282","126843578","18","8246061"
"chr2","118615283","118615595","chr2","126861242","126861548","13","8245959"
"chr2","119032273","119032568","chr2","127328612","127328921","18","8296339"
"chr2","119040711","119041016","chr2","127337019","127337297","33","8296308"
"chr2","119061857","119062160","chr2","127358925","127359227","10","8297068"
"chr2","119084722","119085016","chr2","127386318","127386606","11","8301596"
"chr2","119130134","119130433","chr11","34893524","34893826","39","84236610"
"chr2","119503570","119503710","chr3","171851150","171851300","30","52347580"
"chr2","119542217","119542544","chr2","84509227","84509557","41","35032990"
"chr2","119663425","119663689","chr2","127979852","127980118","8","8316427"
"chr2","119973216","119973525","chrX","46828370","46828679","44","73144846"
"chr2","120384586","120384878","chrX","48899742","48900032","46","71484844"
"chr2","120587429","120587702","chr3","64821626","64821903","41","55765803"
"chr2","120866896","120867198","chr2","129178535","129178825","17","8311639"
"chr2","121105707","121106005","chr2","129413610","129413912","12","8307903"
"chr2","121208403","121208678","chr2","129519003","129519280","14","8310600"
"chr2","121210680","121210991","chr2","129521260","129521569","7","8310580"
"chr2","121286597","121286897","chr2","129593721","129594009","17","8307124"
"chr2","121538066","121538350","chr2","129886509","129886802","15","8348443"
"chr2","122016869","122017153","chr2","130415940","130416224","3","8399071"
"chr2","122485273","122485577","chr4","43067568","43067873","45","79417705"
"chr2","122590666","122590974","chr2","130995796","130996095","11","8405130"
"chr2","122605064","122605362","chr2","131010171","131010468","5","8405107"
"chr2","123493475","123493759","chr2","131940571","131940850","14","8447096"
"chr2","123577959","123578250","chr2","132030957","132031207","46","8452998"
"chr2","123882533","123882831","chr2","132337687","132337985","7","8455154"
"chr2","124026822","124027126","chr2","132494686","132494989","3","8467864"
"chr2","124413265","124413572","chr7","21630732","21631028","50","102782533"
"chr2","124902961","124903243","chr2","133468312","133468594","4","8565351"
"chr2","124962994","124963258","chr6","162858907","162859182","43","37895913"
"chr2","125063320","125063617","chr2","133608844","133609141","6","8545524"
"chr2","125082768","125083057","chr2","133628941","133629226","9","8546173"
"chr2","125157089","125157372","chr2","133704894","133705177","4","8547805"
"chr2","125384054","125384351","chr2","133936853","133937152","7","8552799"
"chr2","125449125","125449422","chr2","134003884","134004141","46","8554759"
"chr2","125589251","125589541","chr2","108232438","108232733","37","17356813"
"chr2","125672271","125672625","chr16","44990287","44990625","59","80681984"
"chr2","125733191","125733518","chr2","84509227","84509557","42","41223964"
"chr2","125739760","125740013","chr2","134288654","134288918","15","8548894"
"chr2","125778793","125779103","chr2","134327876","134328174","16","8549083"
"chr2","125835045","125835351","chr4","151149695","151150004","32","25314650"
"chr2","125865514","125865785","chr2","134406373","134406647","6","8540859"
"chr2","125882423","125882632","chr6","76302571","76302777","33","49579852"
"chr2","126139394","126139682","chr2","134676023","134676303","13","8536629"
"chr2","126156853","126157145","chr13","70811388","70811681","41","55345465"
"chr2","126199406","126199609","chr7","139322129","139322332","44","13122723"
"chr2","126199792","126199902","chr5","23838738","23838855","15","102361054"
"chr2","126202713","126203019","chr4","27566663","27566967","36","98636050"
"chr2","126214666","126214910","chr2","134748061","134748305","5","8533395"
"chr2","126456404","126456691","chr2","134996721","134997010","7","8540317"
"chr2","126480547","126480783","chr20","28904666","28904904","52","97575881"
"chr2","126933077","126933351","chr11","122043303","122043585","39","4889774"
"chr2","127011775","127012071","chr2","146388301","146388597","10","19376526"
"chr2","127184667","127184956","chr2","146214418","146214706","4","19029751"
"chr2","127384565","127384873","chr2","146010356","146010663","9","18625791"
"chr2","127431102","127431444","chr3","30115080","30115399","66","97316022"
"chr2","127464356","127464662","chr6","31584630","31584935","32","95879726"
"chr2","127467583","127467893","chr16","38432270","38432579","30","89035313"
"chr2","127486289","127486581","chr12","18281095","18281395","44","109205194"
"chr2","127554646","127554944","chr2","145793141","145793420","21","18238495"
"chr2","127559953","127560254","chr1","159978020","159978317","31","32418067"
"chr2","127583152","127583461","chr2","145764760","145765070","6","18181608"
"chr2","127595163","127595458","chr2","145752774","145753066","7","18157611"
"chr2","127843400","127843706","chr2","145509258","145509562","6","17665858"
"chr2","128034292","128034598","chr17","80853644","80853952","40","47180648"
"chr2","128265678","128265983","chr2","145029817","145030092","30","16764139"
"chr2","128308644","128308952","chr2","144986629","144986932","18","16677985"
"chr2","128633089","128633370","chr2","144667195","144667473","4","16034106"
"chr2","128726192","128726495","chr2","144574061","144574367","11","15847869"
"chr2","128932475","128932784","chr2","144365754","144366063","11","15433279"
"chr2","128939956","128940246","chr2","144358328","144358619","2","15418372"
"chr2","128988259","128988555","chr2","144308513","144308811","7","15320254"
"chr2","129028277","129028573","chr2","144268314","144268609","4","15240037"
"chr2","129291100","129291410","chr2","143904695","143905005","3","14613595"
"chr2","129292974","129293281","chr3","163130791","163131094","35","33837817"
"chr2","129396002","129396294","chr2","143799585","143799896","28","14403583"
"chr2","129449236","129449497","chr1","14456307","14456568","25","114992929"
"chr2","129528730","129529032","chr2","143606063","143606365","3","14077333"
"chr2","129607594","129607900","chr2","143527156","143527462","3","13919562"
"chr2","129613853","129614156","chrX","44627777","44628073","38","84986076"
"chr2","129688737","129689036","chr2","143445694","143445995","7","13756957"
"chr2","129764023","129764302","chr2","143363928","143364235","31","13599905"
"chr2","129803851","129804150","chr2","143328083","143328376","14","13524232"
"chr2","129807555","129807863","chr2","143324373","143324681","5","13516818"
"chr2","130052557","130052866","chr4","113537270","113537578","47","16515287"
"chr2","130140484","130140798","chr2","142999172","142999477","34","12858688"
"chr2","130199408","130199715","chr2","142937507","142937815","4","12738099"
"chr2","130207130","130207429","chr2","142929732","142930030","6","12722602"
"chr2","130266486","130266792","chr1","25636423","25636725","43","104630063"
"chr2","130278670","130278974","chr2","142816673","142816977","4","12538003"
"chr2","130305650","130305962","chr2","142790186","142790496","15","12484536"
"chr2","130308578","130308883","chr18","37259047","37259355","38","93049531"
"chr2","130312165","130312455","chr2","142783552","142783849","10","12471387"
"chr2","130324828","130325131","chr2","142770478","142770778","11","12445650"
"chr2","130351096","130351401","chr2","142744283","142744586","6","12393187"
"chr2","130394381","130394675","chr2","142705038","142705322","20","12310657"
"chr2","130606951","130607245","chr2","142435944","142436238","6","11828993"
"chr2","130703036","130703318","chr4","30749508","30749793","38","99953528"
"chr2","130789395","130789695","chr9","98816756","98817056","39","31972639"
"chr2","130833793","130834097","chr2","142194778","142195084","8","11360985"
"chr2","130848521","130848823","chr6","164537719","164538018","36","33689198"
"chr2","130896070","130896365","chr2","142131859","142132152","5","11235789"
"chr2","130928071","130928391","chr2","142100029","142100348","11","11171958"
"chr2","130967174","130967454","chr2","142059835","142060117","16","11092661"
"chr2","130974234","130974517","chr2","142052788","142053071","11","11078554"
"chr2","130977689","130977946","chr2","142049054","142049325","18","11071365"
"chr2","131024702","131024985","chr2","142001817","142002128","33","10977115"
"chr2","131311138","131311447","chr2","141730672","141730978","12","10419534"
"chr2","131443223","131443523","chr2","141599772","141600078","11","10156549"
"chr2","131452504","131452812","chr2","141590514","141590821","17","10138010"
"chr2","131455836","131456109","chr2","141587530","141587786","20","10131694"
"chr2","131497255","131497521","chr2","141545544","141545812","9","10048289"
"chr2","131540358","131540649","chr2","141502056","141502358","16","9961698"
"chr2","131669703","131670006","chr2","141367496","141367783","20","9697793"
"chr2","131684843","131685137","chr16","42689947","42690240","37","88994896"
"chr2","131686869","131687171","chr2","141350362","141350668","6","9663493"
"chr2","131757079","131757377","chr2","141279403","141279682","22","9522324"
"chr2","131857082","131857393","chr2","141182546","141182857","6","9325464"
"chr2","132158691","132158997","chr2","140729271","140729572","10","8570580"
"chr2","132288035","132288256","chrX","113736345","113736565","32","18551690"
"chr2","132331240","132331557","chr2","140549806","140550125","4","8218566"
"chr2","132613256","132613563","chr2","140260818","140261126","13","7647562"
"chr2","132657739","132658046","chr2","140215314","140215613","13","7557575"
"chr2","132710013","132710322","chr2","140161574","140161882","13","7451561"
"chr2","132718298","132718607","chr2","140153574","140153885","7","7435276"
"chr2","132742985","132743269","chr2","140124674","140124957","5","7381689"
"chr2","132754975","132755280","chr1","63216852","63217153","48","69538123"
"chr2","132787379","132787688","chr2","140027860","140028143","29","7240481"
"chr2","132806833","132807127","chr2","140008327","140008596","31","7201494"
"chr2","132814733","132815034","chr2","140000137","140000446","19","7185404"
"chr2","132844197","132844496","chr2","139970720","139971011","10","7126523"
"chr2","132862710","132863001","chrX","117758413","117758706","40","15104297"
"chr2","132994148","132994449","chr2","139822987","139823286","8","6828839"
"chr2","132995586","132995877","chr2","139821160","139821458","15","6825574"
"chr2","133025214","133025511","chr2","139790924","139791224","10","6765710"
"chr2","133163185","133163488","chr2","139662471","139662771","10","6499286"
"chr2","133213514","133213789","chr2","139605551","139605802","27","6392037"
"chr2","133256684","133256880","chr16","65439180","65439381","33","67817504"
"chr2","133539820","133540063","chr16","73907368","73907609","41","59632452"
"chr2","133573452","133573735","chr1","12484168","12484458","40","121089284"
"chr2","133619586","133619893","chr2","139190280","139190581","10","5570694"
"chr2","133633851","133634154","chr2","139175980","139176283","5","5542129"
"chr2","133779283","133779590","chr2","139035621","139035926","8","5256338"
"chr2","133931322","133931647","chr15","9446951","9447259","53","124484371"
"chr2","133962268","133962545","chr2","138844270","138844535","17","4882002"
"chr2","134031439","134031731","chr2","138772705","138773002","10","4741266"
"chr2","134128786","134129063","chr4","87470273","87470550","37","46658513"
"chr2","134253385","134253689","chr9","13505164","13505461","47","120748221"
"chr2","134265732","134266011","chr2","138517703","138517983","21","4251971"
"chr2","134301215","134301511","chr2","87131337","87131630","45","47169878"
"chr2","134630575","134630915","chr12","88081319","88081640","58","46549256"
"chr2","134709502","134709794","chr2","138071964","138072260","10","3362462"
"chr2","134726935","134727245","chr2","138054513","138054814","17","3327578"
"chr2","134922889","134923205","chr3","30115080","30115399","35","104807809"
"chr2","134985370","134985636","chr2","137797416","137797695","17","2812046"
"chr2","135031597","135031875","chr2","137749750","137750028","2","2718153"
"chr2","135212840","135213137","chr2","137554502","137554803","7","2341662"
"chr2","135218641","135218955","chr2","137548829","137549143","7","2330188"
"chr2","135300166","135300348","chr10","35472532","35472712","24","99827634"
"chr2","135474924","135475233","chr4","166322257","166322565","28","30847333"
"chr2","135526293","135526594","chr2","137241794","137242095","7","1715501"
"chr2","135623588","135623879","chr2","137145101","137145393","5","1521513"
"chr2","135998272","135998582","chr3","80710448","80710752","42","55287824"
"chr2","136120904","136121221","chr2","136646628","136646946","3","525724"
"chr2","136280284","136280566","chr2","136491340","136491648","34","211056"
"chr2","136294436","136294735","chr2","136477494","136477794","6","183058"
"chr2","136433139","136433451","chr1","11475469","11475770","53","124957670"
"chr2","136476079","136476371","chr2","136238396","136238688","4","237683"
"chr2","136517606","136517844","chr1","137190571","137190798","45","672965"
"chr2","136618193","136618500","chr2","136101928","136102234","6","516265"
"chr2","136670410","136670645","chr2","136049336","136049571","1","621074"
"chr2","136741513","136741795","chr2","135981087","135981371","4","760426"
"chr2","136825854","136826153","chr2","135851175","135851482","13","974679"
"chr2","136911898","136912193","chrX","44627777","44628073","38","92284121"
"chr2","136991358","136991662","chr2","135685140","135685444","7","1306218"
"chr2","137309617","137309919","chr2","152987500","152987790","22","15677883"
"chr2","137405870","137406179","chr2","153081822","153082129","11","15675952"
"chr2","137413850","137414066","chr2","153089806","153090022","4","15675956"
"chr2","137618540","137618840","chr6","837021","837324","36","136781519"
"chr2","137633708","137634008","chr11","3796672","3796969","40","133837036"
"chr2","137752530","137752827","chr2","153420841","153421140","13","15668311"
"chr2","138062064","138062376","chr8","44073004","44073312","42","93989060"
"chr2","138127298","138127588","chr2","153789380","153789670","6","15662082"
"chr2","138200485","138200780","chr2","153863879","153864180","17","15663394"
"chr2","138333150","138333428","chr2","153996751","153997031","7","15663601"
"chr2","138561552","138561845","chr2","154270104","154270406","15","15708552"
"chr2","138924449","138924754","chr2","154625086","154625391","4","15700637"
"chr2","139077206","139077510","chr2","154781787","154782092","5","15704581"
"chr2","139332509","139332804","chr2","155035456","155035751","5","15702947"
"chr2","139542689","139542981","chr5","552536","552828","39","138990153"
"chr2","139593016","139593322","chr2","155296864","155297152","24","15703848"
"chr2","139681764","139682069","chr6","75931394","75931699","39","63750370"
"chr2","140053263","140053555","chr2","155745816","155746106","7","15692553"
"chr2","140103321","140103594","chr2","155797910","155798183","6","15694589"
"chr2","140543892","140544197","chr2","156232055","156232375","23","15688163"
"chr2","140554300","140554586","chr19","11868670","11868957","40","128685630"
"chr2","140744953","140745227","chr2","156437837","156438113","10","15692884"
"chr2","141096944","141097248","chr1","109711899","109712200","33","31385045"
"chr2","141216958","141217233","chrX","144475982","144476262","51","3259024"
"chr2","141873144","141873451","chr2","157577749","157578055","5","15704605"
"chr2","141899752","141900056","chr15","11287045","11287356","48","130612707"
"chr2","142009766","142010065","chr2","157710473","157710768","8","15700707"
"chr2","142045477","142045781","chr17","23775743","23776042","32","118269734"
"chr2","142182747","142183017","chr2","157878126","157878398","7","15695379"
"chr2","142231522","142231824","chr6","304437","304739","41","141927085"
"chr2","142322808","142323060","chr11","120318336","120318587","38","22004472"
"chr2","142644003","142644304","chr2","158378564","158378870","7","15734561"
"chr2","143105914","143106237","chrX","18214517","18214838","67","124891397"
"chr2","143337025","143337328","chr2","159076241","159076544","2","15739216"
"chr2","143484079","143484371","chr2","159224730","159225033","16","15740651"
"chr2","143584405","143584672","chr2","159323582","159323869","26","15739177"
"chr2","143590644","143590948","chr2","159329786","159330092","11","15739142"
"chr2","143594500","143594795","chr2","159333649","159333943","7","15739149"
"chr2","143628747","143629050","chr2","159369075","159369378","0","15740328"
"chr2","143634706","143635011","chr4","151149695","151150004","30","7514989"
"chr2","143678764","143679063","chr2","159419028","159419332","9","15740264"
"chr2","143698630","143698887","chr2","159439006","159439263","0","15740376"
"chr2","143706619","143706893","chr4","86846337","86846620","39","56860282"
"chr2","143759550","143759858","chr2","159497294","159497602","6","15737744"
"chr2","143834630","143834914","chr2","159575426","159575732","24","15740796"
"chr2","143841635","143841930","chr2","159641785","159642080","3","15800150"
"chr2","143870859","143871159","chr2","159674301","159674602","4","15803442"
"chr2","143905346","143905637","chr2","159709195","159709491","7","15803849"
"chr2","143961095","143961406","chr2","159764954","159765265","8","15803859"
"chr2","144000374","144000679","chr2","159803879","159804184","3","15803505"
"chr2","144013491","144013787","chr2","159817530","159817826","3","15804039"
"chr2","144053712","144054007","chr2","159854272","159854576","13","15800560"
"chr2","144055746","144056015","chr8","76413611","76413891","40","67642135"
"chr2","144058902","144059203","chr2","159859449","159859726","32","15800547"
"chr2","144060399","144060710","chr6","44327822","44328131","31","99732577"
"chr2","144102231","144102520","chr2","159903901","159904195","10","15801670"
"chr2","144102971","144103257","chr9","103285407","103285693","30","40817564"
"chr2","144108210","144108518","chr2","159909889","159910198","4","15801679"
"chr2","144121492","144121783","chr2","159923219","159923510","3","15801727"
"chr2","144131852","144132149","chr2","159933676","159933975","13","15801824"
"chr2","144137264","144137569","chr19","20631949","20632258","40","123505315"
"chr2","144144364","144144665","chr2","159943991","159944280","16","15799627"
"chr2","144195861","144196171","chr2","159994031","159994335","8","15798170"
"chr2","144219292","144219582","chr5","66767460","66767750","37","77451832"
"chr2","144219585","144219874","chr2","160018787","160019076","4","15799202"
"chr2","144247887","144248199","chr2","160047482","160047796","9","15799595"
"chr2","144263409","144263677","chr2","160062549","160062817","1","15799140"
"chr2","144291528","144291815","chr2","160091615","160091902","3","15800087"
"chr2","144377824","144378120","chr2","160226189","160226485","8","15848365"
"chr2","144476325","144476624","chr16","25975302","25975604","35","118501023"
"chr2","144498205","144498489","chr2","160349229","160349528","28","15851024"
"chr2","144515740","144516019","chr2","160366983","160367263","6","15851243"
"chr2","144618932","144619241","chr2","160473315","160473615","15","15854383"
"chr2","145231144","145231443","chr2","161075560","161075860","4","15844416"
"chr2","145308744","145309037","chr2","161152540","161152846","17","15843796"
"chr2","145485180","145485455","chr2","161336049","161336301","30","15850869"
"chr2","145534692","145534994","chr2","161388201","161388497","19","15853509"
"chr2","145603451","145603751","chr2","161457959","161458262","12","15854508"
"chr2","145666989","145667286","chr2","161522258","161522551","8","15855269"
"chr2","146105844","146106142","chr2","161960788","161961087","4","15854944"
"chr2","146266211","146266520","chr12","84474726","84475035","40","61791485"
"chr2","146395700","146396003","chr2","162301028","162301333","11","15905328"
"chr2","147119322","147119631","chr2","163038412","163038719","25","15919090"
"chr2","147130036","147130344","chr2","163048752","163049052","11","15918716"
"chr2","147186142","147186450","chr2","163102598","163102905","6","15916456"
"chr2","147186498","147186793","chr2","163102953","163103247","9","15916455"
"chr2","147187139","147187443","chr2","163103918","163104222","5","15916779"
"chr2","147202305","147202601","chr2","163120453","163120745","9","15918148"
"chr2","147219609","147219905","chr13","25007726","25008021","37","122211883"
"chr2","147221079","147221391","chr2","163138350","163138664","6","15917271"
"chr2","147233095","147233392","chr2","163151113","163151412","8","15918018"
"chr2","147242981","147243278","chr2","163160820","163161123","11","15917839"
"chr2","147269108","147269385","chr2","163189820","163190098","11","15920712"
"chr2","147463648","147463945","chr2","163378146","163378443","10","15914498"
"chr2","147535540","147535844","chr2","163451402","163451709","14","15915862"
"chr2","147653555","147653867","chr2","163574137","163574452","29","15920582"
"chr2","147700693","147700988","chr2","163622188","163622468","19","15921495"
"chr2","147719160","147719449","chr2","163636760","163637054","16","15917600"
"chr2","147759134","147759434","chr2","163676537","163676836","10","15917403"
"chr2","147765425","147765727","chr2","163682828","163683131","6","15917403"
"chr2","147775323","147775619","chr2","163692444","163692748","12","15917121"
"chr2","147785249","147785555","chr1","97443874","97444180","40","50341375"
"chr2","147811258","147811545","chr2","163728686","163728971","7","15917428"
"chr2","147841341","147841621","chr2","163758411","163758691","9","15917070"
"chr2","147848328","147848628","chr2","163765430","163765732","6","15917102"
"chr2","147897816","147898111","chr1","52212684","52212978","50","95685132"
"chr2","148101083","148101373","chr2","164021610","164021900","2","15920527"
"chr2","148119632","148119938","chr2","164040172","164040472","7","15920540"
"chr2","148634649","148634913","chr2","164636269","164636533","2","16001620"
"chr2","148731377","148731675","chr2","164747268","164747554","16","16015891"
"chr2","148833246","148833559","chr4","17885764","17886072","47","130947482"
"chr2","149090091","149090309","chr9","54584502","54584722","36","94505589"
"chr2","149124659","149124937","chr9","93084905","93085175","40","56039754"
"chr2","149139125","149139402","chr2","165190303","165190574","24","16051178"
"chr2","149145370","149145670","chr2","165196652","165196934","23","16051282"
"chr2","149152557","149152844","chr2","165203847","165204138","9","16051290"
"chr2","149178699","149179025","chr2","182562255","182562578","35","33383556"
"chr2","149217557","149217840","chr2","165272927","165273210","5","16055370"
"chr2","149300140","149300410","chr2","165354465","165354738","8","16054325"
"chr2","149344454","149344720","chr19","16703158","16703425","34","132641296"
"chr2","149404405","149404733","chr2","165461261","165461575","18","16056856"
"chr2","149540361","149540651","chr2","165597958","165598249","8","16057597"
"chr2","149544520","149544803","chr4","20645573","20645866","40","128898947"
"chr2","149561019","149561312","chr5","186931199","186931494","37","37370180"
"chr2","149623176","149623427","chr19","11234882","11235123","45","138388294"
"chr2","149695280","149695404","chr11","66442749","66442880","22","83252531"
"chr2","149711721","149712031","chr11","32266424","32266733","35","117445297"
"chr2","149731531","149731844","chr2","165821239","165821535","29","16089708"
"chr2","149752581","149752872","chr2","165843192","165843483","5","16090611"
"chr2","149768779","149769074","chr2","165859596","165859893","9","16090817"
"chr2","149782317","149782600","chr2","165875562","165875845","5","16093245"
"chr2","149872600","149872896","chr11","34016163","34016458","37","115856437"
"chr2","149941355","149941637","chr2","166029161","166029451","14","16087806"
"chr2","150002373","150002684","chr2","166095550","166095865","10","16093177"
"chr2","150017638","150017944","chr2","166114368","166114670","7","16096730"
"chr2","150065383","150065686","chr2","166162817","166163121","16","16097434"
"chr2","150354956","150355250","chr2","166450389","166450682","11","16095433"
"chr2","150713371","150713663","chr2","166808930","166809188","38","16095559"
"chr2","150723881","150724189","chr2","166819481","166819788","7","16095600"
"chr2","151107610","151107905","chr5","56701456","56701750","35","94406154"
"chr2","151421212","151421509","chr2","167531805","167532099","17","16110593"
"chr2","151463227","151463521","chr2","167575822","167576124","13","16112595"
"chr2","151496965","151497259","chr2","167610071","167610364","4","16113106"
"chr2","151550787","151551088","chrX","97454016","97454311","52","54096771"
"chr2","151562620","151562921","chr2","167675679","167675985","5","16113059"
"chr2","151587688","151587970","chr2","167700713","167701008","16","16113025"
"chr2","151591545","151591853","chr2","167704282","167704590","2","16112737"
"chr2","151736863","151737153","chr2","167850412","167850694","23","16113549"
"chr2","151856184","151856493","chr2","167968982","167969282","28","16112798"
"chr2","151856752","151857049","chr2","167969564","167969839","33","16112812"
"chr2","151885573","151885882","chr2","167998347","167998636","29","16112774"
"chr2","152208236","152208528","chr2","168329861","168330160","10","16121625"
"chr2","152269578","152269880","chr2","168391129","168391431","6","16121551"
"chr2","152382449","152382744","chrX","46687170","46687466","32","105695279"
"chr2","152488434","152488743","chr2","168605419","168605724","15","16116985"
"chr2","152700848","152701158","chr7","137791399","137791707","40","14909449"
"chr2","152785889","152786185","chr2","168906934","168907230","4","16121045"
"chr2","152890654","152890787","chr1","125974340","125974473","11","26916314"
"chr2","152890788","152891095","chr2","169008109","169008418","23","16117321"
"chr2","153135529","153135808","chr2","169263586","169263855","27","16128057"
"chr2","153174141","153174419","chr2","169301227","169301508","8","16127086"
"chr2","153248469","153248759","chr2","159817530","159817826","43","6569061"
"chr2","153384841","153385115","chr2","169545167","169545441","2","16160326"
"chr2","153479848","153480143","chr2","169638654","169638948","3","16158806"
"chr2","153489179","153489461","chr2","169647817","169648105","14","16158638"
"chr2","153551649","153551958","chr2","169708057","169708366","20","16156408"
"chr2","153559601","153559910","chr2","169715999","169716303","8","16156398"
"chr2","153591439","153591709","chr2","169747740","169748010","4","16156301"
"chr2","153666007","153666313","chr8","52639628","52639933","45","101026379"
"chr2","153960505","153960804","chr2","170116498","170116796","7","16155993"
"chr2","153966811","153967121","chr20","51593792","51594099","33","102373019"
"chr2","154098352","154098640","chr14","63591006","63591296","39","90507346"
"chr2","154159584","154159891","chr2","170313526","170313834","8","16153942"
"chr2","154368237","154368508","chr5","108912387","108912665","41","45455850"
"chr2","154595574","154595899","chr20","14079453","14079782","60","140516121"
"chr2","154677148","154677441","chrX","29323814","29324106","38","125353334"
"chr2","154746304","154746608","chr2","170947622","170947924","10","16201318"
"chr2","154859890","154860180","chr7","17181550","17181838","36","137678340"
"chr2","154902098","154902410","chr2","171100216","171100527","9","16198118"
"chr2","154907408","154907734","chr2","171105543","171105851","24","16198135"
"chr2","154932342","154932643","chr2","171134307","171134608","6","16201965"
"chr2","154991763","154992042","chr2","171193093","171193372","5","16201330"
"chr2","155006344","155006642","chr2","171207663","171207968","21","16201319"
"chr2","155026452","155026760","chr2","171227841","171228149","6","16201389"
"chr2","155324632","155324945","chr2","171528832","171529140","11","16204200"
"chr2","155750138","155750437","chr2","171952126","171952432","30","16201988"
"chr2","155769261","155769548","chr2","171971104","171971395","11","16201843"
"chr2","155786979","155787286","chr2","171988849","171989154","7","16201870"
"chr2","155787689","155787995","chr1","39887022","39887330","32","115900667"
"chr2","155809839","155810142","chr2","172012474","172012760","22","16202635"
"chr2","155944721","155945032","chr2","172147684","172147991","13","16202963"
"chr2","156339087","156339375","chr2","172549917","172550206","3","16210830"
"chr2","156364370","156364658","chr2","172575144","172575443","13","16210774"
"chr2","156443159","156443433","chr2","172652651","172652925","16","16209492"
"chr2","156461798","156462077","chr2","172668691","172668971","5","16206893"
"chr2","156499333","156499646","chr2","172706199","172706508","13","16206866"
"chr2","156601307","156601616","chr2","172838501","172838810","4","16237194"
"chr2","156633957","156634267","chr5","145496055","145496364","36","11137902"
"chr2","156674607","156674861","chr2","172914022","172914274","4","16239415"
"chr2","156721391","156721673","chr2","172960756","172961038","6","16239365"
"chr2","156978338","156978618","chr5","183360783","183361061","49","26382445"
"chr2","157561977","157562261","chr2","173817473","173817760","7","16255496"
"chr2","157938663","157938926","chr10","28489400","28489670","45","129449263"
"chr2","157954898","157955205","chr14","6991910","6992210","44","150962988"
"chr2","158082560","158082871","chr2","174331924","174332208","32","16249364"
"chr2","158344897","158345199","chr2","174598524","174598810","20","16253627"
"chr2","158542928","158543221","chr5","186931199","186931494","30","28388271"
"chr2","159071209","159071496","chr2","175305470","175305757","9","16234261"
"chr2","159546803","159547112","chr2","178818563","178818871","7","19271760"
"chr2","159610524","159610846","chr2","178756847","178757169","6","19146323"
"chr2","160006162","160006475","chr2","178366538","178366857","10","18360376"
"chr2","160183451","160183752","chr2","178174640","178174938","8","17991189"
"chr2","160188731","160189052","chr11","96320704","96321015","42","63868027"
"chr2","160255842","160256146","chr2","178100639","178100944","5","17844797"
"chr2","160279237","160279452","chr18","60408836","60409056","35","99870401"
"chr2","160280022","160280167","chr20","20826965","20827111","15","139453057"
"chr2","160293615","160293673","chr5","2745585","2745646","16","157548030"
"chr2","160294428","160294681","chr5","186381170","186381423","40","26086742"
"chr2","160313548","160313845","chr2","178041901","178042201","6","17728353"
"chr2","160319538","160319827","chr2","178035896","178036197","16","17716358"
"chr2","160352719","160352853","chr2","178002915","178003049","4","17650196"
"chr2","160372356","160372664","chr2","177982206","177982508","15","17609850"
"chr2","160385130","160385382","chr9","50891111","50891362","50","109494019"
"chr2","160417801","160418090","chr2","177937265","177937558","8","17519464"
"chr2","160442151","160442450","chr2","177913168","177913464","12","17471017"
"chr2","160444779","160445071","chr6","152918820","152919108","33","7525959"
"chr2","160712557","160712863","chr2","177643405","177643708","6","16930848"
"chr2","160724192","160724501","chr2","177631366","177631664","15","16907174"
"chr2","160885856","160886154","chr7","41845808","41846107","31","119040048"
"chr2","160984839","160985143","chr2","177368335","177368631","11","16383496"
"chr2","161025443","161025721","chr2","177328198","177328498","28","16302755"
"chr2","161045662","161045967","chr2","177308545","177308849","3","16262883"
"chr2","161117116","161117424","chr2","177190063","177190363","13","16072947"
"chr2","161120644","161120936","chr2","177186539","177186841","19","16065895"
"chr2","161544154","161544479","chr2","176743379","176743705","4","15199225"
"chr2","161785088","161785363","chr1","112540894","112541172","48","49244194"
"chr2","161791953","161792245","chr2","176492731","176493030","12","14700778"
"chr2","161846587","161846882","chr8","22239975","22240268","32","139606612"
"chr2","161865692","161865977","chr2","176418505","176418790","7","14552813"
"chr2","161873921","161874195","chr2","176410619","176410896","8","14536698"
"chr2","161994728","161995024","chr2","176289896","176290191","6","14295168"
"chr2","162327511","162327788","chr2","175949719","175949995","6","13622208"
"chr2","163369904","163370201","chr2","179781035","179781327","15","16411131"
"chr2","163706402","163706677","chr18","28684379","28684655","37","135022023"
"chr2","163710587","163710872","chr2","180127296","180127581","7","16416709"
"chr2","163801441","163801751","chr16","68417177","68417484","35","95384264"
"chr2","163869485","163869793","chr2","180292173","180292463","24","16422688"
"chr2","163877841","163878133","chr2","180298959","180299255","6","16421118"
"chr2","163904971","163905266","chr2","180326347","180326644","15","16421376"
"chr2","163930928","163931232","chr13","33800550","33800849","32","130130378"
"chr2","163982578","163982907","chr3","185718952","185719284","53","21736374"
"chr2","164060037","164060341","chr2","180516199","180516497","16","16456162"
"chr2","164065843","164066157","chr2","180522060","180522374","16","16456217"
"chr2","164066304","164066582","chr16","69472899","69473177","38","94593405"
"chr2","164113240","164113524","chr11","121807749","121808041","39","42305491"
"chr2","164128800","164129088","chr11","52880952","52881244","42","111247848"
"chr2","164138798","164139085","chr2","196872681","196872970","37","32733883"
"chr2","164154378","164154696","chr2","180613737","180614051","10","16459359"
"chr2","164164019","164164293","chr2","180623887","180624162","5","16459868"
"chr2","164211111","164211415","chr4","123382191","123382485","41","40828920"
"chr2","164214501","164214786","chr2","180675025","180675315","10","16460524"
"chr2","164223263","164223555","chr1","221998652","221998943","40","57775389"
"chr2","164238203","164238502","chr2","180699325","180699627","7","16461122"
"chr2","164287930","164288236","chr2","180751683","180751989","12","16463753"
"chr2","164435481","164435782","chr2","180906107","180906408","4","16470626"
"chr2","165286609","165286922","chr2","181759232","181759549","11","16472623"
"chr2","165552109","165552403","chr2","182024896","182025191","9","16472787"
"chr2","165581400","165581682","chr7","27042398","27042682","37","138539002"
"chr2","165640260","165640504","chr2","182110537","182110781","4","16470277"
"chr2","165688301","165688609","chr7","133462935","133463240","38","32225366"
"chr2","165745833","165746127","chr6","131966421","131966716","38","33779412"
"chr2","165776348","165776645","chr7","97366062","97366357","35","68410286"
"chr2","165782616","165782923","chr14","57531787","57532093","40","108250829"
"chr2","165784271","165784564","chr2","182259440","182259740","12","16475169"
"chr2","165984869","165985162","chr2","182456895","182457192","10","16472026"
"chr2","166015561","166015819","chr2","182488511","182488806","45","16472950"
"chr2","166110409","166110703","chr2","182577307","182577604","22","16466898"
"chr2","166150017","166150305","chr2","182616756","182617044","3","16466739"
"chr2","166212867","166213153","chr2","182701234","182701520","3","16488367"
"chr2","166244574","166244871","chr2","182732088","182732386","6","16487514"
"chr2","166246197","166246489","chr2","159817530","159817826","44","6428667"
"chr2","166706554","166706861","chr2","183188601","183188876","37","16482047"
"chr2","166814663","166814988","chr6","71552010","71552321","61","95262653"
"chr2","167095228","167095526","chr2","183571053","183571352","3","16475825"
"chr2","167488562","167488862","chr2","183966587","183966881","12","16478025"
"chr2","167529173","167529473","chr2","184005002","184005310","15","16475829"
"chr2","167608014","167608303","chrX","31374406","31374694","37","136233608"
"chr2","167650595","167650897","chr2","184130494","184130795","4","16479899"
"chr2","167790480","167790776","chr2","184271005","184271305","10","16480525"
"chr2","167803530","167803828","chr2","184284493","184284784","12","16480963"
"chr2","167810466","167810762","chr2","184291427","184291701","28","16480961"
"chr2","167820577","167820862","chr2","184301499","184301784","1","16480922"
"chr2","167837595","167837884","chr6","172983145","172983433","37","5145550"
"chr2","167838871","167839171","chr1","25636423","25636725","32","142202448"
"chr2","167850744","167850987","chr9","15239502","15239743","30","152611242"
"chr2","167894576","167894860","chr2","184376637","184376932","21","16482061"
"chr2","167989217","167989496","chr2","184471255","184471534","8","16482038"
"chr2","167990168","167990461","chr2","184472209","184472497","12","16482041"
"chr2","168309507","168309812","chr2","184834207","184834499","19","16524700"
"chr2","168805134","168805433","chr2","185342604","185342900","6","16537470"
"chr2","169117129","169117423","chr2","186809089","186809386","22","17691960"
"chr2","169310368","169310625","chr2","49016996","49017250","35","120293372"
"chr2","169355322","169355601","chr2","10560412","10560684","39","158794910"
"chr2","169476965","169477235","chr2","186441023","186441292","6","16964058"
"chr2","169717299","169717591","chr2","186199712","186200004","3","16482413"
"chr2","169794676","169794957","chr2","186120451","186120732","5","16325775"
"chr2","169926929","169927237","chr2","185989796","185990098","15","16062867"
"chr2","170445086","170445426","chr2","185471551","185471891","10","15026465"
"chr2","170486638","170486932","chr6","137303080","137303373","33","33183558"
"chr2","170537844","170538126","chr19","10238882","10239160","44","160298962"
"chr2","170685367","170685664","chr2","190690623","190690890","38","20005256"
"chr2","170697187","170697445","chr2","190677928","190678186","6","19980741"
"chr2","170840941","170841252","chr2","190534293","190534602","10","19693352"
"chr2","170862645","170862947","chr2","190512983","190513282","8","19650338"
"chr2","170915317","170915622","chr2","190459562","190459867","14","19544245"
"chr2","170959134","170959453","chr2","190415118","190415437","5","19455984"
"chr2","171214024","171214327","chr2","190159932","190160231","12","18945908"
"chr2","171525856","171526187","chr2","189843018","189843327","24","18317162"
"chr2","171590724","171591012","chr2","189775345","189775633","3","18184621"
"chr2","171805280","171805532","chr2","189552575","189552828","3","17747295"
"chr2","171869020","171869297","chr2","189487977","189488253","10","17618957"
"chr2","171971497","171971795","chr2","189385987","189386287","7","17414490"
"chr2","171989462","171989767","chr2","189368696","189369000","11","17379234"
"chr2","172023464","172023762","chr2","189334665","189334962","9","17311201"
"chr2","172056906","172057218","chr5","16888355","16888663","38","155168551"
"chr2","172218431","172218717","chr2","189133365","189133669","29","16914934"
"chr2","172240674","172240970","chr18","51900038","51900332","43","120340636"
"chr2","172294633","172294926","chr6","176418252","176418543","31","4123619"
"chr2","172307682","172307980","chr2","189040982","189041284","7","16733300"
"chr2","172308358","172308626","chr2","189040336","189040616","16","16731978"
"chr2","172312133","172312409","chrX","47283615","47283895","36","125028518"
"chr2","172389246","172389549","chr15","30207368","30207669","34","142181878"
"chr2","172410088","172410394","chr2","188938708","188939020","17","16528620"
"chr2","172417057","172417360","chr2","188932241","188932547","6","16515184"
"chr2","172429002","172429309","chr2","188920166","188920474","3","16491164"
"chr2","172723238","172723526","chr2","188623413","188623700","2","15900175"
"chr2","172770441","172770736","chr2","188576593","188576888","3","15806152"
"chr2","172781848","172782153","chr6","165715397","165715702","39","7066451"
"chr2","172828044","172828330","chr2","188519211","188519509","13","15691167"
"chr2","172906929","172907220","chr2","188433413","188433706","3","15526484"
"chr2","172933281","172933581","chr2","188407263","188407562","5","15473982"
"chr2","172960666","172960859","chr2","188378945","188379138","2","15418279"
"chr2","172973948","172974219","chr2","188364511","188364788","10","15390563"
"chr2","172982817","172983105","chr12","124600017","124600308","42","48382800"
"chr2","172983227","172983534","chr2","188355048","188355356","7","15371821"
"chr2","173014403","173014690","chr11","3172014","3172311","42","169842389"
"chr2","173025641","173025947","chr2","188313443","188313755","17","15287802"
"chr2","173061791","173062080","chr2","188278959","188279225","34","15217168"
"chr2","173080485","173080697","chr2","188260381","188260593","2","15179896"
"chr2","173091143","173091425","chr2","188247884","188248165","4","15156741"
"chr2","173155710","173156004","chr20","2925612","2925906","35","170230098"
"chr2","173160173","173160464","chr9","33796822","33797119","48","139363351"
"chr2","173182583","173182891","chr2","188152876","188153184","9","14970293"
"chr2","173223586","173223859","chr2","188084555","188084826","5","14860969"
"chr2","173224247","173224550","chr2","188083864","188084168","5","14859617"
"chr2","173227717","173228020","chr2","188080380","188080692","16","14852663"
"chr2","173292615","173292915","chr2","188011630","188011926","4","14719015"
"chr2","173309997","173310310","chr2","187994873","187995190","9","14684876"
"chr2","173366414","173366721","chr2","187939237","187939525","21","14572823"
"chr2","173387015","173387317","chr1","125969105","125969405","45","47417910"
"chr2","173409010","173409308","chr2","187896730","187897024","8","14487720"
"chr2","173442711","173443009","chr4","43934519","43934817","35","129508192"
"chr2","173575074","173575381","chr2","187732297","187732597","21","14157223"
"chr2","173638108","173638390","chr2","187667444","187667726","3","14029336"
"chr2","173688121","173688414","chr2","187617105","187617398","8","13928984"
"chr2","173705299","173705589","chr2","187600013","187600308","7","13894714"
"chr2","173710110","173710415","chr2","187592360","187592664","6","13882250"
"chr2","173710469","173710758","chr5","169489657","169489946","45","4220812"
"chr2","173721389","173721679","chr8","9832367","9832656","36","163889022"
"chr2","173821173","173821452","chr2","187479653","187479932","2","13658480"
"chr2","173911882","173912185","chr2","187389250","187389546","16","13477368"
"chr2","173948486","173948727","chr2","187356043","187356309","31","13407557"
"chr2","174045096","174045386","chr2","187257641","187257930","14","13212545"
"chr2","174281820","174282114","chr1","115655199","115655492","36","58626621"
"chr2","174450284","174450560","chr2","195319455","195319710","32","20869171"
"chr2","174466983","174467225","chr2","195303535","195303777","3","20836552"
"chr2","174930766","174931063","chr16","23716404","23716704","35","151214362"
"chr2","174945927","174946225","chr2","194820649","194820944","5","19874722"
"chr2","175213892","175214188","chr2","194554164","194554448","35","19340272"
"chr2","175290702","175290978","chr2","194476771","194477046","15","19186069"
"chr2","175529841","175530149","chr2","194242763","194243071","15","18712922"
"chr2","175532683","175533012","chr2","194239934","194240238","31","18707251"
"chr2","175592433","175592714","chr2","165272927","165273210","38","10319506"
"chr2","175700859","175701161","chr2","91770306","91770614","35","83930553"
"chr2","175749582","175749880","chr2","194021137","194021434","10","18271555"
"chr2","176446464","176446727","chr2","193295296","193295566","18","16848832"
"chr2","176476851","176477140","chr2","193266825","193267116","11","16789974"
"chr2","176502519","176502818","chr2","193241059","193241337","32","16738540"
"chr2","176853060","176853358","chr9","92895163","92895462","33","83957897"
"chr2","176853437","176853479","chr3","175615789","175615825","14","1237648"
"chr2","176853702","176853942","chr20","9313632","9313872","44","167540070"
"chr2","176865753","176866042","chr2","192860612","192860901","2","15994859"
"chr2","176905860","176906151","chr1","43884428","43884718","24","133021432"
"chr2","176974888","176975195","chr2","192747257","192747564","11","15772369"
"chr2","177029569","177029870","chr3","43150637","43150941","32","133878932"
"chr2","177089388","177089698","chr2","192632765","192633076","9","15543377"
"chr2","177099431","177099732","chr2","192622787","192623088","9","15523356"
"chr2","177254477","177254763","chr2","192465925","192466215","9","15211448"
"chr2","177573929","177574186","chr2","192144833","192145090","5","14570904"
"chr2","177606009","177606279","chr2","192110095","192110365","3","14504086"
"chr2","177764275","177764552","chr2","191956866","191957165","28","14192591"
"chr2","177771821","177772121","chr2","191948677","191948981","11","14176856"
"chr2","178125625","178125930","chr2","191592761","191593063","13","13467136"
"chr2","178253902","178254202","chr2","191463906","191464208","7","13210004"
"chr2","178317358","178317625","chr5","178208785","178209061","51","108573"
"chr2","178347236","178347537","chr2","191370608","191370902","13","13023372"
"chr2","178356247","178356522","chr2","191361680","191361955","6","13005433"
"chr2","178436065","178436368","chr1","141208575","141208875","39","37227490"
"chr2","178454055","178454378","chr2","39975217","39975545","47","138478838"
"chr2","178513312","178513596","chr2","191202238","191202519","7","12688926"
"chr2","178515674","178515952","chr2","191199898","191200175","14","12684224"
"chr2","178561966","178562288","chr2","191153744","191154047","24","12591778"
"chr2","178567243","178567535","chr12","124600017","124600308","43","53967226"
"chr2","178590246","178590552","chrX","11631150","11631453","37","166959096"
"chr2","178650127","178650434","chr19","10643893","10644200","43","168006234"
"chr2","178693100","178693400","chr1","212619704","212620002","33","33926604"
"chr2","178786180","178786478","chr3","72207852","72208147","38","106578328"
"chr2","178846129","178846437","chr2","195499123","195499401","32","16652994"
"chr2","178907466","178907719","chr8","39861589","39861840","44","139045877"
"chr2","179212018","179212303","chr2","195874620","195874906","11","16662602"
"chr2","179395037","179395330","chr2","196056602","196056900","9","16661565"
"chr2","179448960","179449251","chr2","196110322","196110619","9","16661362"
"chr2","179476128","179476411","chr2","196137308","196137594","5","16661180"
"chr2","179477778","179478052","chr2","196138954","196139228","4","16661176"
"chr2","179507428","179507729","chr2","196169905","196170207","8","16662477"
"chr2","179622360","179622662","chr1","51251007","51251315","41","128371353"
"chr2","179754300","179754598","chrX","118103194","118103494","29","61651106"
"chr2","179881229","179881580","chrX","68546479","68546836","65","111334750"
"chr2","179927422","179927728","chrX","23669086","23669381","48","156258336"
"chr2","180054612","180054915","chr2","196729241","196729545","10","16674629"
"chr2","180073943","180074251","chr2","196747881","196748178","17","16673938"
"chr2","180180428","180180730","chr3","155832002","155832298","39","24348426"
"chr2","180199858","180200158","chr2","196872681","196872970","26","16672823"
"chr2","180305154","180305408","chr2","196963558","196963812","5","16658404"
"chr2","180673311","180673605","chr2","197346046","197346338","5","16672735"
"chr2","180818573","180818867","chr2","197499200","197499490","7","16680627"
"chr2","180854687","180854995","chr2","197586281","197586589","2","16731594"
"chr2","181266649","181266962","chr4","22455082","22455401","45","158811567"
"chr2","181291253","181291546","chr2","198025971","198026272","18","16734718"
"chr2","181314388","181314668","chr2","198050144","198050440","22","16735756"
"chr2","181325267","181325579","chr16","42113475","42113776","48","139211792"
"chr2","181601414","181601692","chr2","198330905","198331196","16","16729491"
"chr2","181671397","181671441","chr9","12111432","12111473","13","169559965"
"chr2","181671444","181671640","chr2","198448069","198448265","5","16776625"
"chr2","181859028","181859291","chr2","198634015","198634303","28","16774987"
"chr2","182027692","182027962","chr2","198809971","198810241","6","16782279"
"chr2","182225156","182225446","chr2","199003637","199003927","12","16778481"
"chr2","182287423","182287587","chr4","53164382","53164549","35","129123041"
"chr2","182350811","182351119","chr2","199129540","199129838","18","16778729"
"chr2","182378049","182378352","chr2","199156735","199157030","17","16778686"
"chr2","182667377","182667683","chr2","199490051","199490352","10","16822674"
"chr2","182775572","182775878","chr2","199596304","199596607","8","16820732"
"chr2","182797688","182797987","chr2","199618395","199618698","12","16820707"
"chr2","182822985","182823272","chr7","27042398","27042682","38","155780587"
"chr2","182866379","182866680","chr2","199684522","199684823","1","16818143"
"chr2","182867978","182868288","chr2","199686126","199686426","16","16818148"
"chr2","182944449","182944742","chr19","33669364","33669657","34","149275085"
"chr2","182975825","182976120","chr2","199795606","199795901","8","16819781"
"chr2","182987810","182988096","chr4","20645573","20645866","38","162342237"
"chr2","183023170","183023459","chr15","13859033","13859326","34","169164137"
"chr2","183109466","183109766","chr19","10405271","10405574","41","172704195"
"chr2","183307856","183308165","chr2","200120451","200120758","12","16812595"
"chr2","183330507","183330789","chr2","200141699","200141981","6","16811192"
"chr2","183740074","183740377","chr2","200553493","200553787","13","16813419"
"chr2","183751716","183752023","chr2","200565259","200565566","3","16813543"
"chr2","183772872","183773170","chr2","200586256","200586554","17","16813384"
"chr2","183822621","183822898","chr2","95815109","95815379","44","88007512"
"chr2","183857880","183858185","chr7","155089098","155089402","35","28768782"
"chr2","183959082","183959386","chr2","200770040","200770344","5","16810958"
"chr2","184003972","184004238","chr2","200816257","200816523","3","16812285"
"chr2","184104140","184104434","chr2","200918661","200918955","11","16814521"
"chr2","184165431","184165739","chr2","200979920","200980226","6","16814489"
"chr2","184209782","184210068","chr2","201024262","201024548","7","16814480"
"chr2","184301633","184301910","chr2","201133573","201133845","12","16831940"
"chr2","184320782","184321093","chr19","28568473","28568772","36","155752309"
"chr2","184328668","184328969","chr2","201162937","201163237","11","16834269"
"chr2","184391404","184391699","chr2","201226635","201226932","8","16835231"
"chr2","184446160","184446454","chr2","201284415","201284711","8","16838255"
"chr2","184451463","184451738","chr2","201289474","201289749","5","16838011"
"chr2","184458310","184458595","chr2","201296278","201296562","4","16837968"
"chr2","184495982","184496277","chr11","34016163","34016458","29","150479819"
"chr2","184503030","184503328","chr5","25731330","25731623","37","158771700"
"chr2","184541975","184542261","chr2","201387398","201387686","10","16845423"
"chr2","184590587","184590878","chr2","201435813","201436109","14","16845226"
"chr2","184617695","184617975","chr2","201466212","201466492","24","16848517"
"chr2","184630567","184630877","chr2","201479155","201479452","19","16848588"
"chr2","184690854","184691144","chr2","201538918","201539207","20","16848064"
"chr2","184704801","184705109","chr2","201553365","201553674","5","16848564"
"chr2","184821261","184821567","chr2","201698822","201699128","6","16877561"
"chr2","184865604","184865901","chr2","201742208","201742505","4","16876604"
"chr2","184880383","184880683","chr2","201757605","201757905","6","16877222"
"chr2","184883463","184883768","chr2","201760753","201761058","4","16877290"
"chr2","184993225","184993533","chr11","32392286","32392586","37","152600939"
"chr2","185076270","185076555","chr13","107502883","107503167","40","77573387"
"chr2","185139181","185139464","chr2","202022580","202022867","12","16883399"
"chr2","185342310","185342606","chr2","202229696","202229991","9","16887386"
"chr2","185349240","185349536","chr2","159817530","159817826","33","25531710"
"chr2","185378965","185379256","chr2","202267038","202267328","4","16888073"
"chr2","185381315","185381604","chr2","202269363","202269650","5","16888048"
"chr2","185407426","185407727","chr2","202299573","202299869","9","16892147"
"chr2","185462581","185462882","chr2","202352425","202352733","14","16889844"
"chr2","185467292","185467600","chr2","202357153","202357461","5","16889861"
"chr2","185469967","185470265","chr12","104986958","104987258","35","80483009"
"chr2","185505819","185506112","chr2","202391972","202392265","3","16886153"
"chr2","185533277","185533552","chr2","204303656","204303931","4","18770379"
"chr2","185540105","185540385","chr2","204298192","204298491","24","18758087"
"chr2","185704944","185705236","chr2","204141709","204142001","4","18436765"
"chr2","185737298","185737587","chr7","858728","859018","36","184878570"
"chr2","185749596","185749892","chr2","204096661","204096957","9","18347065"
"chr2","185751910","185752200","chrX","135456954","135457247","31","50294956"
"chr2","185776739","185777026","chr2","204069720","204070008","7","18292981"
"chr2","185792974","185793264","chr1","221763087","221763382","36","35970113"
"chr2","185818646","185818943","chr2","204026603","204026901","7","18207957"
"chr2","186070096","186070393","chr2","203773918","203774216","13","17703822"
"chr2","186115722","186116007","chr2","203727799","203728084","8","17612077"
"chr2","186134984","186135274","chr1","8038697","8038989","28","178096287"
"chr2","186153913","186154211","chr2","203688231","203688529","8","17534318"
"chr2","186201358","186201654","chr2","203638803","203639099","0","17437445"
"chr2","186207871","186208159","chr2","203630392","203630660","27","17422521"
"chr2","186301797","186302079","chr2","203532633","203532915","8","17230836"
"chr2","186325428","186325690","chr2","203508394","203508652","6","17182966"
"chr2","186394368","186394668","chr6","171917051","171917343","39","14477317"
"chr2","186397321","186397627","chr14","115784371","115784680","40","70612950"
"chr2","186398138","186398401","chr2","203432858","203433153","41","17034720"
"chr2","186421751","186422040","chr1","31268182","31268479","15","155153569"
"chr2","186424866","186425155","chr2","203406190","203406477","11","16981324"
"chr2","186440623","186440924","chr2","203391620","203391919","10","16950997"
"chr2","186459640","186459915","chr2","203372625","203372896","16","16912985"
"chr2","186466784","186467098","chr2","203358992","203359304","8","16892208"
"chr2","186501407","186501682","chr2","203322398","203322699","32","16820991"
"chr2","186556291","186556582","chr2","203266090","203266378","5","16709799"
"chr2","186620048","186620346","chr2","203167926","203168220","8","16547878"
"chr2","186646640","186646925","chr4","36593263","36593547","35","150053377"
"chr2","186656022","186656322","chr2","203129165","203129460","12","16473143"
"chr2","186749157","186749465","chr2","203036637","203036921","30","16287480"
"chr2","186751499","186751794","chr2","203034320","203034603","20","16282821"
"chr2","186860820","186861076","chr2","202925856","202926112","4","16065036"
"chr2","186871739","186871991","chr2","202915339","202915587","7","16043600"
"chr2","187006633","187006916","chr14","26014421","26014707","46","160992212"
"chr2","187036721","187037029","chr2","202750637","202750945","11","15713916"
"chr2","187044103","187044398","chr19","50673081","50673389","48","136371022"
"chr2","187064210","187064500","chrX","44627777","44628073","36","142436433"
"chr2","187066185","187066497","chr2","202713200","202713512","8","15647015"
"chr2","187067294","187067575","chr2","202712194","202712464","17","15644900"
"chr2","187084403","187084702","chr5","11968781","11969083","41","175115622"
"chr2","187093629","187093930","chr2","94361123","94361420","38","92732506"
"chr2","187116331","187116623","chr2","202663107","202663398","6","15546776"
"chr2","187118053","187118346","chr2","202661062","202661355","4","15543009"
"chr2","187215799","187216100","chr11","94996337","94996634","38","92219462"
"chr2","187228347","187228653","chr2","202545656","202545968","17","15317309"
"chr2","187293000","187293292","chr2","54569566","54569854","39","132723434"
"chr2","187322211","187322507","chr19","28568473","28568772","38","158753738"
"chr2","187334457","187334766","chr20","16387064","16387364","46","170947393"
"chr2","187361520","187361823","chr2","202410818","202411121","5","15049298"
"chr2","187362828","187363128","chr2","202409509","202409810","8","15046681"
"chr3","23068379","23068690","chr9","60069313","60069616","45","37000934"
"chr3","97910669","97910957","chr12","77317855","77318145","32","20592814"
"chr3","151518957","151519242","chr3","155832002","155832298","19","4313045"
"chr3","53660","53956","chr3","42812","43113","15","10848"
"chr3","54324","54624","chr3","42812","43113","10","11512"
"chr3","195843","196101","chr3","183291","183550","9","12552"
"chr3","289597","289899","chr3","281505","281807","16","8092"
"chr3","308109","308396","chr3","299605","299892","1","8504"
"chr3","313443","313733","chr3","305192","305484","7","8251"
"chr3","331420","331651","chr3","325326","325553","10","6094"
"chr3","344691","345002","chr3","338621","338927","10","6070"
"chr3","360415","360719","chr3","354293","354600","18","6122"
"chr3","402510","402813","chr3","396635","396924","23","5875"
"chr3","416289","416585","chr3","410331","410625","15","5958"
"chr3","485315","485616","chr3","480642","480943","6","4673"
"chr3","517631","517930","chr4","95782722","95783021","32","95265091"
"chr3","736778","737070","chr9","27439378","27439664","31","26702600"
"chr3","902568","902869","chr3","908560","908858","6","5992"
"chr3","1043527","1043815","chr3","1046626","1046914","6","3099"
"chr3","1491686","1491986","chr1","209176258","209176559","39","207684572"
"chr3","1595133","1595437","chr3","1594028","1594322","26","1105"
"chr3","1828320","1828617","chr3","1823198","1823493","11","5122"
"chr3","1835880","1836148","chr7","83906995","83907257","38","82071115"
"chr3","1885633","1885910","chr3","1882240","1882517","12","3393"
"chr3","1895412","1895713","chr3","1892714","1892999","19","2698"
"chr3","2188879","2189189","chr3","2194531","2194834","11","5652"
"chr3","2338054","2338352","chr3","2349682","2349991","18","11628"
"chr3","2350591","2350899","chr3","2362975","2363283","6","12384"
"chr3","2437177","2437447","chr3","2450486","2450773","18","13309"
"chr3","2638224","2638521","chr3","2657672","2657968","10","19448"
"chr3","2668037","2668335","chr3","2687962","2688258","7","19925"
"chr3","2730129","2730428","chr1","8784931","8785227","27","6054802"
"chr3","2734523","2734825","chr3","2756397","2756688","24","21874"
"chr3","2741038","2741329","chr3","2763931","2764222","4","22893"
"chr3","2828148","2828414","chr3","2859060","2859324","8","30912"
"chr3","2873418","2873707","chr3","2907703","2908000","13","34285"
"chr3","2879588","2879890","chr3","2913891","2914196","9","34303"
"chr3","2910905","2911213","chr3","2946730","2947038","14","35825"
"chr3","3133830","3134107","chr3","3185699","3185976","1","51869"
"chr3","3147761","3147864","chr6","60282972","60283087","29","57135211"
"chr3","3148447","3148653","chr6","76302571","76302777","27","73154124"
"chr3","3221424","3221732","chr3","3282030","3282339","9","60606"
"chr3","3375775","3376081","chr3","3440287","3440557","41","64512"
"chr3","3488018","3488310","chr3","3555393","3555685","5","67375"
"chr3","3543915","3544225","chr16","25975302","25975604","38","22431387"
"chr3","3567783","3568090","chr3","3634185","3634492","17","66402"
"chr3","3579654","3579939","chr3","3646252","3646543","11","66598"
"chr3","3603052","3603351","chr3","3669293","3669588","9","66241"
"chr3","3611733","3612029","chr3","3678328","3678624","9","66595"
"chr3","3627344","3627640","chr3","3694191","3694487","4","66847"
"chr3","3630474","3630781","chr3","3697000","3697307","5","66526"
"chr3","3638791","3639087","chr5","56701456","56701750","30","53062665"
"chr3","3639402","3639709","chr18","60355907","60356208","45","56716505"
"chr3","3650052","3650355","chr15","92598445","92598754","44","88948393"
"chr3","3670438","3670716","chr3","3740566","3740844","11","70128"
"chr3","3674414","3674722","chr16","69787138","69787447","45","66112724"
"chr3","3679564","3679875","chr3","3751761","3752072","5","72197"
"chr3","3688017","3688282","chr10","83270488","83270753","55","79582471"
"chr3","3689970","3690113","chr3","40720525","40720666","21","37030555"
"chr3","3693661","3693965","chr7","43048161","43048465","30","39354500"
"chr3","3716377","3716608","chr3","3788512","3788743","6","72135"
"chr3","3835508","3835803","chr3","3908043","3908338","8","72535"
"chr3","3869190","3869469","chr3","3941605","3941891","18","72415"
"chr3","3963739","3964047","chr3","4038303","4038611","3","74564"
"chr3","3969239","3969524","chr3","4043530","4043824","21","74291"
"chr3","4277262","4277560","chr3","4351509","4351811","12","74247"
"chr3","4342527","4342830","chr3","4419616","4419903","21","77089"
"chr3","4368050","4368346","chr3","4444066","4444369","14","76016"
"chr3","4469296","4469604","chr3","4841680","4841980","21","372384"
"chr3","4653659","4653912","chr3","4653498","4653751","15","161"
"chr3","4681719","4682005","chr3","4625091","4625382","17","56628"
"chr3","4682403","4682714","chr3","4624386","4624693","17","58017"
"chr3","4689947","4690144","chr10","84797933","84798130","26","80107986"
"chr3","4707053","4707351","chr3","4601314","4601622","17","105739"
"chr3","4726499","4726789","chr3","4582283","4582573","4","144216"
"chr3","4761430","4761692","chr3","4546977","4547265","30","214453"
"chr3","4823069","4823307","chr17","77909020","77909261","35","73085951"
"chr3","4832561","4832776","chr3","4922374","4922583","9","89813"
"chr3","4897394","4897609","chr3","4986582","4986797","2","89188"
"chr3","5050341","5050614","chr4","162422704","162422976","35","157372363"
"chr3","5103012","5103309","chr3","5198310","5198592","27","95298"
"chr3","5131162","5131474","chr7","152675411","152675718","38","147544249"
"chr3","5184350","5184645","chr3","5279016","5279303","34","94666"
"chr3","5364800","5365100","chr3","5459660","5459959","10","94860"
"chr3","5477579","5477837","chr3","5574465","5574740","29","96886"
"chr3","5772914","5773185","chr19","48455949","48456222","36","42683035"
"chr3","5838580","5838857","chr6","9938394","9938673","38","4099814"
"chr3","5864163","5864440","chr3","124065516","124065796","38","118201353"
"chr3","5930183","5930481","chr4","32726560","32726854","36","26796377"
"chr3","5960087","5960363","chr9","93084905","93085175","41","87124818"
"chr3","6002764","6003039","chr3","6098544","6098822","13","95780"
"chr3","6011567","6011846","chr6","57105329","57105608","41","51093762"
"chr3","6045383","6045663","chr14","122771901","122772183","30","116726518"
"chr3","6072163","6072472","chr3","6167865","6168158","25","95702"
"chr3","6075629","6075908","chr9","9598829","9599108","38","3523200"
"chr3","6088758","6089028","chr3","6185141","6185410","11","96383"
"chr3","6123660","6123918","chr3","6220891","6221149","5","97231"
"chr3","6156607","6156887","chr3","184719859","184720139","36","178563252"
"chr3","6675207","6675502","chr3","6807060","6807363","18","131853"
"chr3","6814182","6814439","chrX","137303910","137304166","39","130489728"
"chr3","6820774","6821082","chr4","31898756","31899058","38","25077982"
"chr3","6925396","6925616","chr15","91640009","91640232","28","84714613"
"chr3","6973052","6973361","chr13","33733969","33734275","37","26760917"
"chr3","7029200","7029497","chr3","7151190","7151491","10","121990"
"chr3","7097837","7098113","chr3","7219377","7219653","4","121540"
"chr3","7164795","7164959","chr3","117492787","117492955","21","110327992"
"chr3","7227781","7228041","chr20","284750","285011","33","6943031"
"chr3","7257580","7257876","chr3","7376551","7376854","17","118971"
"chr3","7306793","7307114","chr3","7427758","7428069","15","120965"
"chr3","7310510","7310800","chr3","7431446","7431738","9","120936"
"chr3","7355274","7355544","chr3","7476631","7476901","2","121357"
"chr3","7490455","7490751","chr3","43652064","43652361","40","36161609"
"chr3","7492414","7492653","chr1","57553443","57553685","36","50061029"
"chr3","7564001","7564296","chr3","7684815","7685110","6","120814"
"chr3","7616099","7616395","chr8","10097880","10098176","34","2481781"
"chr3","7789482","7789781","chr3","7912832","7913129","8","123350"
"chr3","7828911","7829235","chr3","7952289","7952612","8","123378"
"chr3","7836513","7836816","chr1","18684620","18684923","38","10848107"
"chr3","7850331","7850640","chr3","7974150","7974459","14","123819"
"chr3","8113830","8114125","chr3","8241250","8241553","15","127420"
"chr3","8272797","8273109","chr3","8399346","8399658","4","126549"
"chr3","8459238","8459534","chr12","57332796","57333084","41","48873558"
"chr3","8486750","8487048","chr2","96209185","96209484","36","87722435"
"chr3","8497327","8497622","chr3","8628348","8628643","2","131021"
"chr3","8515839","8516145","chr3","8694827","8695136","7","178988"
"chr3","8602970","8603259","chr3","8782344","8782633","4","179374"
"chr3","8650288","8650590","chr3","8829543","8829856","17","179255"
"chr3","9272013","9272313","chr3","9456510","9456818","25","184497"
"chr3","9293161","9293459","chr3","9477711","9478006","11","184550"
"chr3","9311486","9311786","chr3","9496002","9496304","4","184516"
"chr3","9391828","9392127","chr1","39322127","39322421","31","29930299"
"chr3","9494554","9494846","chr3","9679854","9680146","11","185300"
"chr3","9508122","9508430","chr3","40048146","40048456","42","30540024"
"chr3","9600839","9601150","chr3","9786606","9786917","9","185767"
"chr3","9628140","9628433","chr3","9815507","9815802","11","187367"
"chr3","9668281","9668575","chr3","9855318","9855611","16","187037"
"chr3","9692242","9692492","chr3","9878848","9879097","3","186606"
"chr3","9693452","9693748","chr3","9880058","9880354","10","186606"
"chr3","9732492","9732771","chr3","9919078","9919374","20","186586"
"chr3","9763817","9764122","chr3","9948819","9949123","6","185002"
"chr3","9783304","9783613","chr3","9967751","9968055","9","184447"
"chr3","9887736","9887929","chr15","634438","634632","27","9253298"
"chr3","9971025","9971316","chr3","10154837","10155128","1","183812"
"chr3","10000001","10000289","chr3","10183731","10184020","28","183730"
"chr3","10004411","10004612","chr1","211339214","211339419","35","201334803"
"chr3","10032584","10032891","chr13","43474471","43474778","41","33441887"
"chr3","10110586","10110873","chr3","10292703","10292979","35","182117"
"chr3","10120474","10120758","chr3","10302564","10302848","4","182090"
"chr3","10126103","10126383","chr17","696578","696857","40","9429525"
"chr3","10200588","10200893","chr8","63724629","63724930","48","53524041"
"chr3","10244113","10244415","chr1","121564029","121564325","44","111319916"
"chr3","10248169","10248455","chr11","45347736","45348026","42","35099567"
"chr3","10285682","10285953","chr3","10477731","10478003","6","192049"
"chr3","10342819","10343114","chr14","94951008","94951302","33","84608189"
"chr3","10370931","10371239","chr3","10559644","10559947","13","188713"
"chr3","10372877","10373142","chr3","10561592","10561883","31","188715"
"chr3","10398047","10398345","chr3","10588334","10588632","18","190287"
"chr3","10437084","10437316","chr12","83696584","83696816","35","73259500"
"chr3","10512032","10512331","chr3","10705617","10705916","10","193585"
"chr3","10743187","10743482","chr3","10901429","10901721","9","158242"
"chr3","10853918","10854209","chr3","11013604","11013897","7","159686"
"chr3","10910511","10910808","chr3","11069297","11069595","5","158786"
"chr3","11167180","11167480","chr3","11329424","11329726","4","162244"
"chr3","11189724","11189999","chr3","11352893","11353192","32","163169"
"chr3","11328206","11328502","chr2","204026603","204026901","32","192698397"
"chr3","11482538","11482844","chrX","1536503","1536807","20","9946035"
"chr3","11483154","11483456","chr3","11645120","11645424","7","161966"
"chr3","11567375","11567668","chr3","11730198","11730493","6","162823"
"chr3","11647393","11647707","chr3","11810416","11810722","13","163023"
"chr3","11765420","11765721","chr3","11927603","11927902","10","162183"
"chr3","11932486","11932761","chr3","12094945","12095225","12","162459"
"chr3","11934218","11934514","chr1","81764535","81764830","34","69830317"
"chr3","12047337","12047642","chr3","12209266","12209574","7","161929"
"chr3","12175674","12175948","chr3","12340309","12340583","0","164635"
"chr3","12257174","12257484","chr3","12423158","12423470","11","165984"
"chr3","12298996","12299291","chr9","50627061","50627358","32","38328065"
"chr3","12301469","12301750","chr3","12467602","12467899","31","166133"
"chr3","12727017","12727272","chr8","75431891","75432158","46","62704874"
"chr3","12783976","12784251","chr3","12956360","12956636","8","172384"
"chr3","12795850","12796052","chr8","28666786","28666988","24","15870936"
"chr3","12804235","12804469","chr3","12977033","12977264","7","172798"
"chr3","12813415","12813648","chr3","12986277","12986509","4","172862"
"chr3","12868703","12869020","chr3","13041492","13041809","4","172789"
"chr3","12904262","12904558","chr3","13075894","13076185","13","171632"
"chr3","12951197","12951488","chr3","13122138","13122431","11","170941"
"chr3","12969782","12970072","chr3","13140778","13141070","4","170996"
"chr3","13000001","13000169","chr14","10246675","10246842","24","2753326"
"chr3","13004737","13005070","chr1","16047817","16048150","52","3043080"
"chr3","13024675","13024970","chr10","82781205","82781500","34","69756530"
"chr3","13031699","13032003","chr3","13202178","13202482","6","170479"
"chr3","13040475","13040761","chr3","13214310","13214596","2","173835"
"chr3","13046090","13046394","chr13","87502258","87502557","47","74456168"
"chr3","13075826","13076127","chr3","13245869","13246170","5","170043"
"chr3","13077246","13077540","chr3","13247298","13247593","3","170052"
"chr3","13090257","13090558","chr3","13259721","13260022","9","169464"
"chr3","13115914","13116218","chr3","13284137","13284442","12","168223"
"chr3","13125318","13125586","chr3","13295394","13295671","12","170076"
"chr3","13224331","13224631","chr1","164853933","164854236","33","151629602"
"chr3","13524253","13524549","chr3","13693333","13693627","5","169080"
"chr3","13709093","13709370","chr3","13878411","13878687","7","169318"
"chr3","13880028","13880290","chr3","14049527","14049795","23","169499"
"chr3","13936457","13936759","chr3","14110103","14110413","20","173646"
"chr3","13956743","13957038","chr3","178720612","178720906","34","164763869"
"chr3","14013360","14013664","chr3","14188026","14188333","8","174666"
"chr3","14075921","14076222","chr3","14251295","14251595","9","175374"
"chr3","14077534","14077752","chr3","14252910","14253128","4","175376"
"chr3","14185747","14186042","chr3","14358979","14359285","32","173232"
"chr3","14255852","14256159","chr3","14429155","14429460","3","173303"
"chr3","14368056","14368353","chr3","14544701","14544997","11","176645"
"chr3","14386980","14387288","chr10","25814298","25814606","36","11427318"
"chr3","14398320","14398626","chr7","95157109","95157413","40","80758789"
"chr3","14431768","14432076","chr13","43474471","43474778","38","29042703"
"chr3","14508464","14508742","chr2","145793141","145793420","36","131284677"
"chr3","14546033","14546314","chr3","14720401","14720682","20","174368"
"chr3","14560346","14560659","chr6","172388018","172388316","17","157827672"
"chr3","14625956","14626255","chr3","14777998","14778291","8","152042"
"chr3","14707464","14707749","chr3","14860168","14860458","14","152704"
"chr3","14765515","14765827","chr3","14917592","14917902","22","152077"
"chr3","14768060","14768359","chr3","14920359","14920660","7","152299"
"chr3","14783250","14783540","chr3","14935472","14935762","5","152222"
"chr3","14784191","14784438","chr3","14936413","14936662","8","152222"
"chr3","14900901","14901210","chr3","15053570","15053860","22","152669"
"chr3","14910374","14910637","chr3","15063249","15063515","29","152875"
"chr3","14924495","14924773","chr3","15077543","15077820","10","153048"
"chr3","14926092","14926395","chr3","15079134","15079438","9","153042"
"chr3","14934718","14935024","chr3","166477634","166477937","37","151542916"
"chr3","14964787","14965049","chr3","15118140","15118401","8","153353"
"chr3","14982183","14982500","chr3","15136146","15136458","11","153963"
"chr3","15008855","15009135","chrX","53937513","53937793","27","38928658"
"chr3","15039836","15040152","chr3","15196377","15196709","23","156541"
"chr3","15054077","15054367","chr3","15210558","15210848","11","156481"
"chr3","15071202","15071492","chr3","15227358","15227642","7","156156"
"chr3","15076551","15076841","chr3","15227358","15227642","10","150807"
"chr3","15103503","15103800","chr3","15254098","15254394","6","150595"
"chr3","15136629","15136929","chr14","53941662","53941963","30","38805033"
"chr3","15142766","15142982","chr3","116584477","116584693","49","101441711"
"chr3","15297582","15297885","chr3","15449806","15450110","13","152224"
"chr3","15342064","15342362","chr3","15495669","15495970","8","153605"
"chr3","15386017","15386308","chr3","15539181","15539478","10","153164"
"chr3","15404665","15404967","chr3","15557621","15557925","9","152956"
"chr3","15519166","15519449","chr3","15676941","15677224","4","157775"
"chr3","15532999","15533301","chr3","15690803","15691106","13","157804"
"chr3","15535603","15535896","chr3","15693414","15693707","7","157811"
"chr3","15548906","15549207","chr3","15706862","15707169","21","157956"
"chr3","15725944","15726250","chr3","15987833","15988140","7","261889"
"chr3","15745793","15746092","chr3","16008546","16008845","4","262753"
"chr3","15755387","15755655","chr3","16018592","16018884","26","263205"
"chr3","15788834","15789139","chr3","16059653","16059961","15","270819"
"chr3","15992463","15992739","chr3","16301020","16301299","4","308557"
"chr3","16498446","16498753","chr12","35369252","35369560","33","18870806"
"chr3","16503809","16504102","chr3","16814215","16814516","12","310406"
"chr3","16711320","16711617","chr3","17020690","17020983","11","309370"
"chr3","16784185","16784447","chr19","14100276","14100554","50","2683909"
"chr3","16784744","16785044","chr3","17094283","17094580","7","309539"
"chr3","16862644","16862937","chr3","17172766","17173065","10","310122"
"chr3","16877803","16878105","chr3","17187935","17188237","4","310132"
"chr3","16983486","16983787","chr5","173476764","173477062","37","156493278"
"chr3","16988425","16988715","chr3","17297398","17297700","14","308973"
"chr3","17057103","17057363","chr3","17363107","17363367","1","306004"
"chr3","17098134","17098426","chr7","72541143","72541435","37","55443009"
"chr3","17107567","17107878","chr3","17412072","17412388","18","304505"
"chr3","17110833","17111148","chr3","17415147","17415463","11","304314"
"chr3","17305879","17306157","chr3","17624308","17624585","7","318429"
"chr3","17369654","17369930","chr4","108333383","108333662","37","90963729"
"chr3","17471459","17471745","chr13","94789799","94790086","31","77318340"
"chr3","17498806","17499105","chr3","17814264","17814559","8","315458"
"chr3","17530384","17530696","chr13","84888097","84888398","42","67357713"
"chr3","17577967","17578268","chr13","24726048","24726345","35","7148081"
"chr3","17609914","17610205","chr3","17918767","17919058","2","308853"
"chr3","17936515","17936807","chr19","35833541","35833836","37","17897026"
"chr3","18023200","18023456","chr3","18369790","18370046","6","346590"
"chr3","18116385","18116678","chr10","13855681","13855975","33","4260704"
"chr3","18150614","18150918","chr3","18497579","18497868","29","346965"
"chr3","18270277","18270578","chr13","43474471","43474778","42","25204194"
"chr3","18510954","18511172","chr17","15541370","15541587","28","2969584"
"chr3","18690080","18690378","chr3","19024140","19024445","14","334060"
"chr3","18733784","18734091","chr9","92574925","92575229","30","73841141"
"chr3","18773456","18773751","chr16","10171832","10172128","37","8601624"
"chr3","18783073","18783381","chr2","165139838","165140143","40","146356765"
"chr3","18861630","18861938","chr2","41981637","41981942","34","23120007"
"chr3","18863419","18863698","chr3","19192525","19192802","4","329106"
"chr3","19075849","19076146","chr3","19403682","19403990","17","327833"
"chr3","19109674","19109977","chr3","19438083","19438380","9","328409"
"chr3","19236716","19237008","chr1","24008099","24008390","36","4771383"
"chr3","19384239","19384525","chr3","19719169","19719449","9","334930"
"chr3","19430145","19430398","chr3","19765706","19765950","14","335561"
"chr3","19900315","19900616","chr3","20242044","20242352","22","341729"
"chr3","20329340","20329632","chr3","20664778","20665070","17","335438"
"chr3","20452241","20452545","chr3","20840770","20841073","12","388529"
"chr3","20474283","20474558","chr3","20862489","20862766","22","388206"
"chr3","20659429","20659709","chr3","21038517","21038797","6","379088"
"chr3","20661098","20661386","chr3","21040186","21040478","12","379088"
"chr3","20666995","20667302","chr3","21046186","21046505","16","379191"
"chr3","20668143","20668425","chr2","42877479","42877770","38","22209336"
"chr3","20796048","20796354","chr3","21179941","21180248","8","383893"
"chr3","20834240","20834516","chr3","21206143","21206419","9","371903"
"chr3","20902458","20902765","chr19","40866944","40867252","40","19964486"
"chr3","21657593","21657893","chr3","22071071","22071369","19","413478"
"chr3","21712656","21712924","chr3","22127606","22127879","21","414950"
"chr3","21714326","21714628","chr3","22129288","22129590","14","414962"
"chr3","21938437","21938761","chr2","84509227","84509557","62","62570790"
"chr3","21995028","21995328","chr3","22418634","22418932","5","423606"
"chr3","22008119","22008391","chr3","22429682","22429956","9","421563"
"chr3","22132226","22132524","chr3","22604552","22604852","6","472326"
"chr3","22340472","22340777","chr3","22812610","22812918","18","472138"
"chr3","22403242","22403529","chr10","15194904","15195190","28","7208338"
"chr3","22618165","22618462","chr3","23092987","23093293","15","474822"
"chr3","22705501","22705796","chr3","23180149","23180440","12","474648"
"chr3","22773052","22773353","chr3","23246953","23247255","5","473901"
"chr3","23196451","23196732","chr8","76413611","76413891","35","53217160"
"chr3","23205939","23206236","chr3","23734935","23735234","7","528996"
"chr3","23300229","23300530","chr5","56701456","56701750","44","33401227"
"chr3","23368603","23368911","chr3","23902427","23902742","9","533824"
"chr3","23376994","23377288","chr3","23910565","23910859","10","533571"
"chr3","23463229","23463526","chr3","24057023","24057320","8","593794"
"chr3","23488076","23488363","chr3","24083152","24083436","7","595076"
"chr3","23509500","23509760","chr3","24102495","24102771","26","592995"
"chr3","23517543","23517830","chr3","24110528","24110815","4","592985"
"chr3","23551480","23551770","chr3","24145188","24145485","19","593708"
"chr3","23610349","23610650","chr3","24206869","24207170","6","596520"
"chr3","23647257","23647453","chr3","24240854","24241050","1","593597"
"chr3","23733844","23734118","chr3","24335389","24335688","28","601545"
"chr3","23792827","23793158","chr3","24392052","24392371","17","599225"
"chr3","23797991","23798266","chr10","7614483","7614755","39","16183508"
"chr3","23820424","23820701","chr3","24425736","24426017","11","605312"
"chr3","23890638","23890909","chr3","24494525","24494796","4","603887"
"chr3","23904410","23904694","chr3","24507907","24508191","9","603497"
"chr3","23976871","23977166","chr16","42689947","42690240","36","18713076"
"chr3","24025812","24026115","chr3","24628282","24628595","18","602470"
"chr3","24045297","24045593","chr3","24648286","24648582","12","602989"
"chr3","24101520","24101747","chr3","24705692","24705919","7","604172"
"chr3","24199520","24199821","chr3","24815885","24816174","20","616365"
"chr3","24203775","24204082","chr6","37455177","37455481","37","13251402"
"chr3","24247661","24247938","chr3","24864523","24864800","14","616862"
"chr3","24314203","24314509","chr3","24930310","24930639","32","616107"
"chr3","24442115","24442415","chr3","25054885","25055181","7","612770"
"chr3","24650129","24650432","chr3","25283256","25283557","18","633127"
"chr3","24673395","24673705","chr3","25306228","25306534","9","632833"
"chr3","24716032","24716332","chr3","25337386","25337689","5","621354"
"chr3","24839854","24840154","chr3","25470795","25471092","8","630941"
"chr3","24960556","24960865","chr3","25596437","25596746","6","635881"
"chr3","25196942","25197227","chr3","25826630","25826923","9","629688"
"chr3","25239584","25239878","chr3","25869502","25869792","5","629918"
"chr3","25386743","25387031","chr3","26023364","26023657","25","636621"
"chr3","25395469","25395772","chr10","14810889","14811196","35","10584580"
"chr3","25458915","25459179","chr3","26099444","26099708","2","640529"
"chr3","25659178","25659448","chr3","26311312","26311584","17","652134"
"chr3","26121287","26121585","chr3","26771681","26771983","6","650394"
"chr3","26172975","26173267","chr16","28958462","28958754","49","2785487"
"chr3","26196429","26196733","chr3","26847279","26847582","17","650850"
"chr3","26262981","26263273","chr3","26914811","26915111","15","651830"
"chr3","26408561","26408772","chr12","65315954","65316163","29","38907393"
"chr3","26427826","26428062","chr3","27073809","27074045","3","645983"
"chr3","26493927","26494244","chr3","27138957","27139274","3","645030"
"chr3","26696468","26696733","chr13","19409210","19409477","44","7287258"
"chr3","27021246","27021518","chr3","27728947","27729224","10","707701"
"chr3","27068486","27068757","chr3","27776728","27776999","11","708242"
"chr3","27167062","27167370","chr3","27870028","27870334","13","702966"
"chr3","27228689","27228986","chr3","27988950","27989241","11","760261"
"chr3","27605970","27606273","chr3","28368908","28369212","14","762938"
"chr3","27630363","27630638","chr4","162422704","162422976","38","134792341"
"chr3","27751897","27752201","chr3","28515163","28515466","12","763266"
"chr3","28048561","28048870","chr3","28809840","28810149","3","761279"
"chr3","28094506","28094816","chrX","54430778","54431091","32","26336272"
"chr3","28103620","28103916","chr3","28863169","28863464","7","759549"
"chr3","28551999","28552245","chr6","83118084","83118330","35","54566085"
"chr3","28669508","28669799","chr3","29508263","29508566","19","838755"
"chr3","28767536","28767839","chr3","29608129","29608436","10","840593"
"chr3","28790684","28790978","chr3","29629223","29629511","15","838539"
"chr3","28812189","28812493","chr3","29649964","29650281","20","837775"
"chr3","29015695","29015993","chr3","29862067","29862369","13","846372"
"chr3","29046431","29046727","chr3","29896863","29897147","26","850432"
"chr3","29190661","29190948","chr1","12484168","12484458","41","16706493"
"chr3","29208193","29208508","chr14","53941662","53941963","50","24733469"
"chr3","29213777","29214063","chr3","30068754","30069039","13","854977"
"chr3","29258042","29258343","chr3","30118418","30118713","12","860376"
"chr3","29264122","29264430","chr3","30124308","30124614","12","860186"
"chr3","29291377","29291659","chr3","30152418","30152700","3","861041"
"chr3","29605326","29605645","chr5","37265492","37265795","52","7660166"
"chr3","30091123","30091412","chr3","30989322","30989611","7","898199"
"chr3","30129109","30129418","chr3","126595630","126595934","30","96466521"
"chr3","30165003","30165303","chr11","75647466","75647763","32","45482463"
"chr3","30183785","30184089","chr3","31080574","31080877","4","896789"
"chr3","30219106","30219364","chr3","31116735","31116994","8","897629"
"chr3","30225019","30225325","chr3","31123015","31123294","34","897996"
"chr3","30265888","30266155","chr3","31163759","31164026","2","897871"
"chr3","30563836","30564131","chr3","31457272","31457568","2","893436"
"chr3","30631573","30631869","chr3","31517058","31517353","8","885485"
"chr3","30673243","30673537","chr3","31558751","31559048","8","885508"
"chr3","30751111","30751391","chr3","31633608","31633888","7","882497"
"chr3","30757321","30757620","chr3","31639826","31640135","13","882505"
"chr3","30872897","30873228","chr4","17738505","17738838","58","13134392"
"chr3","30990150","30990443","chr3","31871424","31871717","5","881274"
"chr3","31389277","31389513","chr3","32275628","32275866","9","886351"
"chr3","31424787","31425077","chrX","17706925","17707211","33","13717862"
"chr3","31728818","31729114","chr13","25007726","25008021","35","6721092"
"chr3","31840370","31840579","chr3","32725101","32725310","2","884731"
"chr3","32070527","32070828","chr3","32943084","32943385","17","872557"
"chr3","32135335","32135638","chr3","33013581","33013884","4","878246"
"chr3","32143183","32143419","chr5","1346179","1346417","38","30797004"
"chr3","32352910","32353207","chr3","33231515","33231811","3","878605"
"chr3","32630615","32630906","chr3","33902866","33903165","14","1272251"
"chr3","32688720","32689024","chr3","33958255","33958559","2","1269535"
"chr3","32695933","32696248","chr13","43203063","43203372","52","10507130"
"chr3","32741896","32742174","chr3","34011566","34011844","9","1269670"
"chr3","32913904","32914214","chr18","68627961","68628269","43","35714057"
"chr3","33082600","33082904","chr7","95157109","95157413","41","62074509"
"chr3","33161853","33162139","chr13","27759040","27759327","36","5402813"
"chr3","33307703","33308009","chr3","34708157","34708459","10","1400454"
"chr3","33337680","33337951","chr3","34740366","34740634","15","1402686"
"chr3","33363885","33364183","chr3","34766208","34766507","3","1402323"
"chr3","33389955","33390248","chr3","34792228","34792518","12","1402273"
"chr3","33395413","33395711","chr3","34797714","34798019","12","1402301"
"chr3","33435738","33436026","chr3","34835625","34835919","11","1399887"
"chr3","33472343","33472635","chr3","34870770","34871063","7","1398427"
"chr3","33521438","33521730","chr3","34919349","34919640","9","1397911"
"chr3","33592927","33593228","chr3","34993817","34994117","11","1400890"
"chr3","33656990","33657267","chr3","35058771","35059061","17","1401781"
"chr3","33675527","33675812","chr12","77317855","77318145","36","43642328"
"chr3","33715565","33715868","chr3","35119086","35119391","6","1403521"
"chr3","33721060","33721337","chr15","18508648","18508914","46","15212412"
"chr3","33724219","33724527","chr3","35127796","35128104","6","1403577"
"chr3","33843466","33843765","chr3","35248349","35248652","11","1404883"
"chr3","34026585","34026874","chr3","43892554","43892846","39","9865969"
"chr3","34254531","34254824","chr3","35718403","35718698","5","1463872"
"chr3","34270682","34270974","chr3","35733975","35734272","10","1463293"
"chr3","34297231","34297525","chr3","2907703","2908000","34","31389528"
"chr3","34327535","34327827","chr3","35791823","35792106","10","1464288"
"chr3","34329903","34330212","chr3","35794495","35794804","8","1464592"
"chr3","34517402","34517711","chr3","35981062","35981341","39","1463660"
"chr3","34555107","34555420","chr3","36020654","36020965","6","1465547"
"chr3","34670417","34670713","chr3","36139262","36139558","3","1468845"
"chr3","34766846","34767130","chr3","36234973","36235262","13","1468127"
"chr3","34818547","34818852","chr3","36289923","36290228","2","1471376"
"chr3","34842902","34843199","chr3","36320095","36320384","11","1477193"
"chr3","34900830","34901132","chr7","111555910","111556215","32","76655080"
"chr3","34909288","34909568","chr16","30426681","30426967","48","4482607"
"chr3","35013247","35013545","chr7","40311972","40312281","51","5298725"
"chr3","35111605","35111906","chr3","36564501","36564806","9","1452896"
"chr3","35170073","35170376","chr9","64467764","64468068","36","29297691"
"chr3","35216332","35216631","chr3","36672658","36672956","18","1456326"
"chr3","35242696","35242988","chr15","78065916","78066218","42","42823220"
"chr3","35257940","35258221","chr3","36714917","36715198","3","1456977"
"chr3","35314979","35315284","chr3","36772557","36772860","6","1457578"
"chr3","35403430","35403608","chr1","9809653","9809825","23","25593777"
"chr3","35403670","35403962","chr3","36859566","36859856","9","1455896"
"chr3","35403965","35404075","chr11","20353637","20353744","21","15050328"
"chr3","35410952","35411254","chr3","36867440","36867745","7","1456488"
"chr3","35546755","35547048","chr3","36997500","36997793","3","1450745"
"chr3","35667570","35667862","chr3","37116432","37116729","11","1448862"
"chr3","35696831","35697115","chr3","37188965","37189249","7","1492134"
"chr3","35806265","35806532","chr3","37292354","37292619","34","1486089"
"chr3","35810269","35810568","chr3","37296307","37296607","14","1486038"
"chr3","35889299","35889601","chr3","37375692","37375978","19","1486393"
"chr3","36047550","36047840","chr3","37528490","37528780","4","1480940"
"chr3","36071172","36071473","chr3","37553504","37553809","18","1482332"
"chr3","36144870","36145170","chr8","120970353","120970653","34","84825483"
"chr3","36211353","36211650","chr3","37686791","37687082","9","1475438"
"chr3","36235930","36236247","chr3","37711233","37711545","16","1475303"
"chr3","36314818","36314989","chr7","164769698","164769872","23","128454880"
"chr3","36338076","36338385","chr6","38126385","38126688","31","1788309"
"chr3","36408161","36408471","chr3","37896379","37896683","12","1488218"
"chr3","36412001","36412311","chr3","37900219","37900542","19","1488218"
"chr3","36552718","36552995","chr4","10911485","10911763","40","25641233"
"chr3","36623873","36624174","chrX","23312754","23313050","39","13311119"
"chr3","36795901","36796199","chr3","38293555","38293853","9","1497654"
"chr3","36840296","36840588","chr3","38338416","38338710","4","1498120"
"chr3","36880410","36880706","chr3","38374942","38375244","10","1494532"
"chr3","36882535","36882765","chrX","40383627","40383860","33","3501092"
"chr3","36896879","36897174","chr3","38391459","38391756","4","1494580"
"chr3","36930471","36930768","chr3","38425410","38425707","9","1494939"
"chr3","36962583","36962873","chr3","38455957","38456246","9","1493374"
"chr3","37005674","37005971","chr3","38498244","38498524","26","1492570"
"chr3","37017801","37018054","chr3","38511907","38512160","16","1494106"
"chr3","37026227","37026522","chr19","3248248","3248543","41","33777979"
"chr3","37071709","37072011","chr1","61410872","61411170","34","24339163"
"chr3","37077672","37077957","chr3","38571473","38571758","6","1493801"
"chr3","37146432","37146602","chr3","38706693","38706863","2","1560261"
"chr3","37153467","37153822","chr14","64710638","64710967","72","27557171"
"chr3","37198851","37199144","chr3","38764709","38765025","28","1565858"
"chr3","37280569","37280860","chr3","38847493","38847784","3","1566924"
"chr3","37439264","37439561","chr3","38958858","38959156","5","1519594"
"chr3","37532237","37532482","chr3","38980329","38980582","12","1448092"
"chr3","37547959","37548260","chr3","39000293","39000596","7","1452334"
"chr3","37566919","37567237","chr9","113011790","113012098","44","75444871"
"chr3","37615463","37615755","chr3","39072385","39072677","4","1456922"
"chr3","37617244","37617540","chr3","39074166","39074458","10","1456922"
"chr3","37643888","37644166","chr3","39101487","39101765","4","1457599"
"chr3","37672349","37672638","chr3","39129822","39130111","8","1457473"
"chr3","37677466","37677751","chr3","39134950","39135235","7","1457484"
"chr3","37705676","37705964","chrX","12139372","12139658","36","25566304"
"chr3","37710083","37710373","chr3","39167468","39167758","2","1457385"
"chr3","37735606","37735907","chr4","1179209","1179510","33","36556397"
"chr3","37738960","37739262","chr3","39198189","39198492","7","1459229"
"chr3","37742693","37742995","chr3","16359605","16359908","47","21383088"
"chr3","37798568","37798861","chr19","3442331","3442626","39","34356237"
"chr3","37800441","37800751","chr3","39257913","39258210","21","1457472"
"chr3","37823267","37823543","chr3","39280248","39280524","5","1456981"
"chr3","37897714","37898026","chr16","23546640","23546948","43","14351074"
"chr3","37916244","37916549","chr5","167183434","167183739","38","129267190"
"chr3","37923367","37923634","chr3","39379559","39379828","5","1456192"
"chr3","37935009","37935309","chr3","39391408","39391713","7","1456399"
"chr3","37979620","37979906","chr9","128534746","128535033","39","90555126"
"chr3","37986998","37987305","chr1","112494754","112495056","38","74507756"
"chr3","37992410","37992671","chr6","178787227","178787483","43","140794817"
"chr3","38007995","38008305","chr1","97443874","97444180","37","59435879"
"chr3","38009052","38009347","chr19","32362061","32362354","33","5646991"
"chr3","38027631","38027925","chr3","39487093","39487386","4","1459462"
"chr3","38039206","38039501","chr3","161692964","161693260","32","123653758"
"chr3","38055741","38056038","chr3","39518651","39518950","6","1462910"
"chr3","38067523","38067654","chr4","28112752","28112885","11","9954771"
"chr3","38068319","38068629","chr9","92895163","92895462","44","54826844"
"chr3","38070825","38071113","chr3","39535583","39535871","2","1464758"
"chr3","38097680","38097972","chr12","110129731","110130022","33","72032051"
"chr3","38113571","38113881","chr3","39577460","39577764","10","1463889"
"chr3","38113906","38114202","chr3","39577789","39578082","9","1463883"
"chr3","38120787","38121082","chr3","39585153","39585448","7","1464366"
"chr3","38239633","38239939","chr20","34072244","34072542","49","4167389"
"chr3","38253127","38253423","chr2","40628061","40628359","34","2374934"
"chr3","38334000","38334291","chr2","163728686","163728971","50","125394686"
"chr3","38359600","38359826","chr1","113868205","113868431","29","75508605"
"chr3","38376481","38376778","chr3","39840873","39841178","17","1464392"
"chr3","38442682","38442983","chr3","40672156","40672442","20","2229474"
"chr3","38454823","38455125","chr3","40658466","40658760","12","2203643"
"chr3","38463058","38463351","chr3","40650561","40650853","6","2187503"
"chr3","38479909","38480194","chr3","40635223","40635501","12","2155314"
"chr3","38617520","38617805","chr3","40496728","40497013","5","1879208"
"chr3","38623423","38623693","chr20","6464074","6464345","38","32159349"
"chr3","38661974","38662265","chr3","40453152","40453437","31","1791178"
"chr3","38701440","38701748","chr3","40409470","40409778","9","1708030"
"chr3","38711672","38711970","chr3","40398989","40399263","31","1687317"
"chr3","38714798","38715092","chr3","40395825","40396136","19","1681027"
"chr3","38746839","38747147","chr3","40361608","40361910","12","1614769"
"chr3","38784567","38784857","chr3","40320678","40320967","10","1536111"
"chr3","38812502","38812714","chr1","25330562","25330777","29","13481940"
"chr3","38821853","38822140","chr7","116313717","116314007","43","77491864"
"chr3","38836705","38836980","chr3","40267295","40267570","10","1430590"
"chr3","38889932","38890213","chr3","40211845","40212156","33","1321913"
"chr3","38982515","38982842","chr3","40116007","40116332","10","1133492"
"chr3","38985859","38986150","chr3","40112751","40113042","7","1126892"
"chr3","38996648","38996956","chr3","40103688","40103996","2","1107040"
"chr3","39002062","39002368","chr11","48332275","48332582","32","9330213"
"chr3","39020531","39020825","chr3","40075077","40075371","1","1054546"
"chr3","39046789","39047088","chr3","40046822","40047111","14","1000033"
"chr3","39061577","39061869","chr1","8038697","8038989","34","31022880"
"chr3","39108454","39108771","chr3","35285636","35285934","47","3822818"
"chr3","39126868","39127158","chr8","65064340","65064626","47","25937472"
"chr3","39178906","39179195","chr3","39915213","39915502","2","736307"
"chr3","39188756","39189051","chr3","40791867","40792170","27","1603111"
"chr3","39195084","39195223","chrX","106887137","106887269","17","67692053"
"chr3","39265840","39266086","chr1","85770242","85770495","41","46504402"
"chr3","39272453","39272750","chr3","123322381","123322676","4","84049928"
"chr3","39296528","39296816","chr3","123346449","123346737","5","84049921"
"chr3","39308309","39308611","chr3","123358548","123358850","6","84050239"
"chr3","39310624","39310921","chr3","123360862","123361154","8","84050238"
"chr3","39348266","39348560","chr3","123399672","123399965","6","84051406"
"chr3","39393908","39394187","chr7","66939528","66939797","42","27545620"
"chr3","39422413","39422684","chr3","123478838","123479111","5","84056425"
"chr3","39462749","39463042","chr3","45936006","45936298","34","6473257"
"chr3","39504763","39505071","chr3","123561986","123562294","5","84057223"
"chr3","39526962","39527263","chr3","123583824","123584114","17","84056862"
"chr3","39540438","39540741","chr3","123597765","123598068","3","84057327"
"chr3","39542594","39542882","chr5","98591416","98591702","30","59048822"
"chr3","39546011","39546302","chr13","70811388","70811681","35","31265377"
"chr3","39555051","39555335","chr3","123613780","123614067","6","84058729"
"chr3","39586964","39587261","chr3","123648382","123648678","6","84061418"
"chr3","39591083","39591374","chr3","123652529","123652820","10","84061446"
"chr3","39597929","39598136","chr3","123659011","123659222","18","84061082"
"chr3","39598223","39598538","chr3","123659293","123659608","29","84061070"
"chr3","39601382","39601661","chr3","123662457","123662736","4","84061075"
"chr3","39605072","39605377","chr12","113650117","113650424","41","74045045"
"chr3","39619987","39620289","chr3","123680326","123680635","10","84060339"
"chr3","39675770","39676068","chr3","123735950","123736248","11","84060180"
"chr3","39688208","39688513","chr2","177643405","177643708","41","137955197"
"chr3","39689410","39689721","chr3","123749196","123749507","5","84059786"
"chr3","39701808","39702131","chr3","123762348","123762628","49","84060540"
"chr3","39812006","39812302","chr5","127443946","127444241","36","87631940"
"chr3","39831035","39831329","chr5","16124720","16125017","37","23706315"
"chr3","39871243","39871535","chr3","123917029","123917321","8","84045786"
"chr3","39895804","39896107","chr3","123940921","123941221","14","84045117"
"chr3","40011913","40012235","chr16","46152311","46152624","41","6140398"
"chr3","40120054","40120349","chr3","124252154","124252447","11","84132100"
"chr3","40150183","40150492","chr3","124282639","124282945","11","84132456"
"chr3","40169498","40169801","chr3","124301883","124302186","3","84132385"
"chr3","40182384","40182670","chr3","124314420","124314725","21","84132036"
"chr3","40315961","40316248","chr3","124448339","124448640","18","84132378"
"chr3","40368623","40368925","chr3","124499554","124499858","9","84130931"
"chr3","40421193","40421499","chr3","124553729","124554035","5","84132536"
"chr3","40485871","40486179","chr19","50673081","50673389","27","10187210"
"chr3","40503966","40504253","chr3","124637956","124638244","9","84133990"
"chr3","40509354","40509649","chr3","124643370","124643670","21","84134016"
"chr3","40511565","40511848","chr7","27042398","27042682","31","13469167"
"chr3","40525510","40525813","chr2","95049694","95049990","39","54524184"
"chr3","40618251","40618530","chr3","124758417","124758696","2","84140166"
"chr3","40625407","40625715","chr3","124765542","124765846","5","84140135"
"chr3","40635171","40635477","chr3","124774993","124775298","4","84139822"
"chr3","40641160","40641437","chr10","7864408","7864679","40","32776752"
"chr3","40648752","40649034","chr16","61188609","61188892","38","20539857"
"chr3","40673134","40673437","chr3","124812681","124812984","6","84139547"
"chr3","40680729","40681035","chr3","124820490","124820796","14","84139761"
"chr3","40717203","40717468","chr4","6584590","6584852","45","34132613"
"chr3","40734674","40734980","chr3","124872137","124872440","11","84137463"
"chr3","40764748","40764993","chr3","124901107","124901351","6","84136359"
"chr3","40769247","40769550","chr3","124905564","124905869","5","84136317"
"chr3","40792103","40792395","chr4","36942711","36943001","39","3849392"
"chr3","40822329","40822622","chr9","97001016","97001305","41","56178687"
"chr3","40824699","40825003","chr1","8456043","8456342","37","32368656"
"chr3","40826363","40826656","chr3","124968710","124969011","13","84142347"
"chr3","40855680","40855977","chr3","124997683","124997983","4","84142003"
"chr3","40869979","40870274","chr3","125012587","125012878","8","84142608"
"chr3","40877517","40877824","chr3","125020415","125020709","19","84142898"
"chr3","41154143","41154435","chr3","125322988","125323279","5","84168845"
"chr3","41167630","41167923","chr3","125336567","125336861","6","84168937"
"chr3","41171296","41171575","chr3","125340547","125340826","3","84169251"
"chr3","41212181","41212370","chr19","13160643","13160827","30","28051538"
"chr3","41232723","41233031","chr3","125403384","125403695","34","84170661"
"chr3","41398796","41399081","chr3","38847493","38847784","48","2551303"
"chr3","41412623","41412900","chr3","125585131","125585411","28","84172508"
"chr3","41434573","41434776","chr6","136254003","136254209","33","94819430"
"chr3","41435075","41435181","chr4","71295300","71295413","25","29860225"
"chr3","41441654","41441956","chr3","125617945","125618248","2","84176291"
"chr3","41468759","41469061","chr3","125645189","125645489","6","84176430"
"chr3","41484986","41485290","chr9","38789383","38789687","37","2695603"
"chr3","41502455","41502730","chr3","125677657","125677928","8","84175202"
"chr3","41509617","41509926","chr3","13202178","13202482","35","28307439"
"chr3","41566804","41567104","chr1","112494754","112495056","35","70927950"
"chr3","41568666","41568955","chr3","125742498","125742786","5","84173832"
"chr3","41651044","41651348","chr16","50353289","50353590","45","8702245"
"chr3","41672613","41672906","chr3","125849360","125849652","2","84176747"
"chr3","41713259","41713566","chr4","30711337","30711645","33","11001922"
"chr3","41715985","41716276","chr3","126144489","126144780","5","84428504"
"chr3","41766781","41767072","chr3","126193158","126193449","1","84426377"
"chr3","41825584","41825882","chr3","126257072","126257364","10","84431488"
"chr3","41870005","41870309","chr3","126302264","126302568","4","84432259"
"chr3","41902070","41902368","chr3","126341548","126341841","7","84439478"
"chr3","41905459","41905774","chr15","92598445","92598754","39","50692986"
"chr3","41925784","41925984","chr3","126362775","126362975","0","84436991"
"chr3","42037963","42038175","chr3","126595184","126595396","2","84557221"
"chr3","42038409","42038714","chr3","126595630","126595934","8","84557221"
"chr3","42060417","42060720","chr3","126616960","126617267","10","84556543"
"chr3","42097589","42097871","chr3","126655963","126656245","3","84558374"
"chr3","42103379","42103682","chr3","126662358","126662649","16","84558979"
"chr3","42110496","42110789","chr3","126669449","126669749","13","84558953"
"chr3","42129207","42129515","chr17","6080213","6080519","35","36048994"
"chr3","42130459","42130702","chr3","126691724","126691967","7","84561265"
"chr3","42138533","42138822","chr3","126700598","126700898","14","84562065"
"chr3","42145538","42145840","chr3","126708802","126709107","11","84563264"
"chr3","42166112","42166358","chr3","126728472","126728718","1","84562360"
"chr3","42182294","42182599","chr3","126743051","126743356","6","84560757"
"chr3","42187405","42187675","chr3","126748161","126748460","32","84560756"
"chr3","42323899","42324208","chr5","16888355","16888663","37","25435544"
"chr3","42346167","42346458","chr11","46915203","46915497","39","4569036"
"chr3","42462190","42462490","chr20","16387064","16387364","35","26075126"
"chr3","42595023","42595179","chr5","68408915","68409072","26","25813892"
"chr3","42595295","42595425","chr5","25698276","25698401","34","16897019"
"chr3","42602627","42602910","chr3","127166296","127166560","25","84563669"
"chr3","42662581","42662840","chr3","127227170","127227430","11","84564589"
"chr3","42663717","42664004","chr3","127228310","127228597","9","84564593"
"chr3","42937504","42937816","chr3","127496594","127496906","7","84559090"
"chr3","42988704","42989013","chr3","127548770","127549079","5","84560066"
"chr3","43003314","43003609","chr3","127563624","127563924","9","84560310"
"chr3","43042758","43043062","chr3","127604038","127604342","3","84561280"
"chr3","43181829","43182130","chr3","127743780","127744083","11","84561951"
"chr3","43198034","43198333","chr3","127763818","127764121","10","84565784"
"chr3","43208141","43208452","chr3","127773668","127773979","2","84565527"
"chr3","43248606","43248831","chrX","59825205","59825430","6","16576599"
"chr3","43259244","43259542","chr2","109964204","109964501","37","66704960"
"chr3","43289907","43290200","chr3","127850821","127851110","9","84560914"
"chr3","43328494","43328767","chr3","157934433","157934709","38","114605939"
"chr3","43339110","43339418","chr9","92574925","92575229","37","49235815"
"chr3","43379916","43380206","chr10","61806032","61806322","35","18426116"
"chr3","43390136","43390444","chr3","127953931","127954222","21","84563795"
"chr3","43478874","43479183","chr3","40954553","40954863","8","2524321"
"chr3","43505008","43505288","chr3","40980610","40980884","11","2524398"
"chr3","43516849","43517158","chr10","81490384","81490694","37","37973535"
"chr3","43553994","43554280","chr3","41023095","41023380","5","2530899"
"chr3","43556732","43557044","chr3","41025990","41026288","36","2530742"
"chr3","43583361","43583663","chr1","25636423","25636725","39","17946938"
"chr3","43589090","43589405","chr3","41064054","41064362","12","2525036"
"chr3","43639010","43639306","chr16","72669604","72669895","36","29030594"
"chr3","43646091","43646378","chr11","106495164","106495452","51","62849073"
"chr3","43696241","43696540","chr3","41168615","41168915","11","2527626"
"chr3","43699091","43699367","chr3","41171209","41171508","30","2527882"
"chr3","43705423","43705725","chr3","41177453","41177755","7","2527970"
"chr3","43747630","43747938","chr3","41220987","41221305","21","2526643"
"chr3","43790922","43791236","chr3","41264345","41264660","9","2526577"
"chr3","43861175","43861476","chr3","41339794","41340095","4","2521381"
"chr3","43883559","43883835","chr3","41362845","41363121","9","2520714"
"chr3","43885159","43885446","chr7","16279866","16280158","40","27605293"
"chr3","43904221","43904529","chr3","41394273","41394581","5","2509948"
"chr3","43935097","43935398","chr3","41424575","41424879","7","2510522"
"chr3","43936342","43936639","chr11","7184249","7184544","43","36752093"
"chr3","43938518","43938811","chr3","41427991","41428283","2","2510527"
"chr3","43953715","43954027","chr3","41443224","41443533","15","2510491"
"chr3","44033025","44033292","chr1","14456307","14456568","35","29576718"
"chr3","44033804","44034099","chr3","41522056","41522334","22","2511748"
"chr3","44060086","44060379","chr3","41562736","41563032","4","2497350"
"chr3","44074576","44074849","chr3","41577842","41578115","4","2496734"
"chr3","44095105","44095389","chr3","41599260","41599544","4","2495845"
"chr3","44117807","44118105","chr3","41622916","41623216","4","2494891"
"chr3","44137564","44137857","chr3","41641758","41642050","7","2495806"
"chr3","44226702","44226991","chr3","41728269","41728556","13","2498433"
"chr3","44245232","44245518","chr3","41748099","41748385","2","2497133"
"chr3","44285779","44286080","chr3","41791176","41791475","4","2494603"
"chr3","44368279","44368588","chr13","43474471","43474778","35","893808"
"chr3","44406846","44407107","chr3","41915606","41915887","22","2491240"
"chr3","44477942","44478240","chr3","41978133","41978425","16","2499809"
"chr3","44482705","44482949","chr1","36634341","36634587","33","7848364"
"chr3","44535076","44535317","chr3","42036912","42037153","6","2498164"
"chr3","44549306","44549616","chr3","42051365","42051676","20","2497941"
"chr3","44560638","44560932","chr3","42062961","42063257","11","2497677"
"chr3","44612747","44613052","chr3","42115226","42115531","5","2497521"
"chr3","44653407","44653707","chr5","173476764","173477062","29","128823357"
"chr3","44751142","44751430","chr15","11532122","11532410","33","33219020"
"chr3","44787196","44787481","chr11","94996337","94996634","48","50209141"
"chr3","44794704","44795019","chr3","42320148","42320472","17","2474556"
"chr3","44807401","44807695","chr3","42333168","42333462","4","2474233"
"chr3","44817110","44817404","chr16","72669604","72669895","32","27852494"
"chr3","44891498","44891801","chr3","43621286","43621589","1","1270212"
"chr3","44970266","44970570","chr3","43538082","43538386","7","1432184"
"chr3","45019409","45019726","chr3","43490418","43490719","20","1528991"
"chr3","45036790","45037097","chr3","43469058","43469362","4","1567732"
"chr3","45145055","45145356","chr3","43338952","43339252","6","1806103"
"chr3","45150696","45150985","chr3","124637956","124638244","37","79487260"
"chr3","45190147","45190434","chr3","43292949","43293236","3","1897198"
"chr3","45210009","45210308","chr3","43272473","43272779","10","1937536"
"chr3","45219314","45219605","chr3","43252762","43253038","23","1966552"
"chr3","45223905","45224168","chr3","172037056","172037307","44","126813151"
"chr3","45233562","45233831","chr3","43238333","43238602","6","1995229"
"chr3","45283869","45284177","chr3","43187741","43188040","14","2096128"
"chr3","45323666","45323970","chr3","43150637","43150941","4","2173029"
"chr3","45329988","45330128","chr3","43145130","43145270","2","2184858"
"chr3","45334973","45335269","chr1","93720553","93720849","34","48385580"
"chr3","45341695","45341923","chr3","43132541","43132769","2","2209154"
"chr3","45349062","45349371","chr3","43124424","43124733","4","2224638"
"chr3","45358142","45358433","chr3","43116361","43116652","4","2241781"
"chr3","45370540","45370847","chr7","43048161","43048465","5","2322379"
"chr3","45373302","45373598","chr5","39749954","39750252","37","5623348"
"chr3","45405196","45405498","chr3","43066910","43067201","17","2338286"
"chr3","45425131","45425309","chr10","79403655","79403833","24","33978524"
"chr3","45496895","45497189","chr3","42361806","42362100","7","3135089"
"chr3","45502231","45502495","chr1","219669666","219669935","40","174167435"
"chr3","45533776","45534055","chr11","110433939","110434213","31","64900163"
"chr3","45556593","45556862","chr3","42418809","42419078","2","3137784"
"chr3","45615317","45615612","chr3","42472397","42472692","5","3142920"
"chr3","45637545","45637814","chr3","42495248","42495549","34","3142297"
"chr3","45677293","45677653","chr9","54641558","54641912","96","8964265"
"chr3","45692106","45692416","chr3","42551217","42551529","7","3140889"
"chr3","45706511","45706787","chr3","42569100","42569360","17","3137411"
"chr3","45723711","45723955","chr7","96594499","96594741","39","50870788"
"chr3","45731176","45731472","chr3","156323805","156324104","24","110592629"
"chr3","45735776","45736086","chr3","42598981","42599289","6","3136795"
"chr3","45744786","45745085","chr7","153858096","153858396","39","108113310"
"chr3","45806835","45807143","chr3","42669239","42669561","18","3137596"
"chr3","45812392","45812559","chr2","50972531","50972699","31","5160139"
"chr3","45886581","45886887","chr3","42754855","42755153","10","3131726"
"chr3","45919081","45919371","chr3","42786991","42787292","14","3132090"
"chr3","45921492","45921800","chr4","151149695","151150004","23","105228203"
"chr3","45965937","45966231","chr7","135720709","135720997","40","89754772"
"chr3","45966257","45966562","chr2","159817530","159817826","40","113851273"
"chr3","45969520","45969800","chr3","42837474","42837754","3","3132046"
"chr3","45976757","45977053","chr3","42844423","42844719","6","3132334"
"chr3","46031684","46031982","chr3","42899895","42900193","5","3131789"
"chr3","46033454","46033761","chr6","154664652","154664959","38","108631198"
"chr3","46042589","46042890","chr3","42910550","42910851","7","3132039"
"chr3","46053723","46054005","chr3","42921004","42921288","6","3132719"
"chr3","46109967","46110267","chr5","117993614","117993913","35","71883647"
"chr3","46113036","46113337","chr1","209176258","209176559","38","163063222"
"chr3","46157036","46157340","chr7","152675411","152675718","34","106518375"
"chr3","46197368","46197645","chr3","48840676","48840950","10","2643308"
"chr3","46240262","46240555","chr20","26668840","26669134","35","19571422"
"chr3","46296009","46296301","chr3","48740577","48740872","8","2444568"
"chr3","46366035","46366331","chr3","48672667","48672963","3","2306632"
"chr3","46399943","46400215","chr2","188089219","188089490","45","141689276"
"chr3","46406232","46406528","chr3","48632370","48632666","4","2226138"
"chr3","46431339","46431648","chr3","48605072","48605381","6","2173733"
"chr3","46437525","46437836","chr3","48599148","48599459","4","2161623"
"chr3","46438616","46438917","chr3","48598057","48598360","6","2159441"
"chr3","46483959","46484227","chr3","48556343","48556622","38","2072384"
"chr3","46498549","46498843","chr3","48541338","48541611","26","2042789"
"chr3","46639040","46639306","chr3","48367659","48367924","10","1728619"
"chr3","46651834","46652128","chr3","48354998","48355289","7","1703164"
"chr3","46717431","46717729","chr3","48289061","48289359","13","1571630"
"chr3","46721431","46721737","chr6","172430778","172431077","36","125709347"
"chr3","46722582","46722856","chrX","47283615","47283895","38","561033"
"chr3","46724749","46724972","chr4","34568497","34568716","48","12156252"
"chr3","46742727","46743032","chr17","24134398","24134708","40","22608329"
"chr3","46816537","46816833","chr3","48186648","48186941","10","1370111"
"chr3","46832173","46832487","chr3","48170565","48170871","13","1338392"
"chr3","46842149","46842440","chr6","131966421","131966716","32","85124272"
"chr3","46848162","46848470","chr3","48154658","48154953","19","1306496"
"chr3","46866496","46866793","chr3","168203080","168203358","49","121336584"
"chr3","46892978","46893281","chr3","48111136","48111432","13","1218158"
"chr3","46922009","46922306","chr3","178720612","178720906","33","131798603"
"chr3","46928255","46928531","chr3","48076096","48076372","7","1147841"
"chr3","46939255","46939530","chr3","48064906","48065181","6","1125651"
"chr3","46942612","46942902","chr3","48061580","48061870","3","1118968"
"chr3","46990805","46991111","chr4","31458371","31458679","48","15532434"
"chr3","46996382","46996543","chr12","20846114","20846272","26","26150268"
"chr3","47093247","47093401","chr12","20846114","20846272","23","26247133"
"chr3","47123677","47123986","chr12","79088336","79088640","38","31964659"
"chr3","47189428","47189716","chr3","47813966","47814255","5","624538"
"chr3","47217793","47218098","chr3","47785787","47786083","12","567994"
"chr3","47242233","47242539","chr3","47764990","47765285","21","522757"
"chr3","47244270","47244572","chr3","47762951","47763256","9","518681"
"chr3","47288062","47288356","chr3","47719045","47719339","6","430983"
"chr3","47365191","47365472","chr3","47643059","47643347","9","277868"
"chr3","47474106","47474411","chr4","43067568","43067873","36","4406538"
"chr3","47499109","47499377","chr3","47507623","47507918","31","8514"
"chr3","47514341","47514641","chr3","47490287","47490588","6","24054"
"chr3","47520955","47521251","chr3","47483730","47484028","7","37225"
"chr3","47552552","47552860","chr3","47452689","47452997","13","99863"
"chr3","47577103","47577383","chr3","47427526","47427806","3","149577"
"chr3","47581019","47581320","chr3","47423585","47423885","2","157434"
"chr3","47591084","47591389","chr3","47411419","47411725","7","179665"
"chr3","47592615","47592922","chr3","47409928","47410234","6","182687"
"chr3","47594633","47594925","chr4","123382191","123382485","41","75787558"
"chr3","47608940","47609224","chr3","47392267","47392551","1","216673"
"chr3","47684497","47684779","chrX","39841180","39841459","38","7843317"
"chr3","47762026","47762321","chr3","47239640","47239931","16","522386"
"chr3","47801589","47801869","chr14","122771901","122772183","28","74970312"
"chr3","47813229","47813527","chr3","47188116","47188414","5","625113"
"chr3","47818923","47819218","chr3","47182421","47182718","6","636502"
"chr3","47884622","47884911","chr3","47115474","47115768","11","769148"
"chr3","48008160","48008459","chr3","46991944","46992233","32","1016216"
"chr3","48053089","48053370","chr3","46946958","46947239","5","1106131"
"chr3","48135386","48135677","chr2","144268314","144268609","43","96132928"
"chr3","48155549","48155842","chr3","46845522","46845820","11","1310027"
"chr3","48269573","48269880","chr3","46742136","46742443","3","1527437"
"chr3","48320538","48320825","chr3","46691315","46691596","8","1629223"
"chr3","48598210","48598498","chr19","17878929","17879216","37","30719281"
"chr3","48730460","48730760","chr11","63893885","63894190","37","15163425"
"chr3","48883750","48884042","chr3","46122573","46122865","6","2761177"
"chr3","48933431","48933710","chr3","46079684","46079963","7","2853747"
"chr3","48943988","48944285","chr20","40034714","40035015","37","8909274"
"chr3","48946329","48946622","chr3","46066980","46067276","9","2879349"
"chr3","49038218","49038531","chr3","45974514","45974819","14","3063704"
"chr3","49075211","49075506","chr3","45936006","45936298","5","3139205"
"chr3","49235555","49235837","chr3","45780847","45781129","4","3454708"
"chr3","49254487","49254803","chr3","45762234","45762550","4","3492253"
"chr3","49371329","49371614","chr13","55496153","55496444","40","6124824"
"chr3","49760527","49760805","chrX","68910312","68910592","33","19149785"
"chr3","49814984","49815281","chr3","45195673","45195972","9","4619311"
"chr3","49882701","49883005","chr3","45125260","45125538","34","4757441"
"chr3","49905424","49905728","chr10","62331135","62331441","36","12425711"
"chr3","49961869","49962137","chr4","118110737","118111005","42","68148868"
"chr3","49989778","49990068","chr7","166421593","166421883","36","116431815"
"chr3","50075269","50075552","chr3","44932686","44932951","25","5142583"
"chr3","50093537","50093755","chr13","27567083","27567289","53","22526454"
"chr3","50131153","50131445","chr4","5748011","5748303","40","44383142"
"chr3","50359090","50359374","chr3","44643117","44643408","16","5715973"
"chr3","50400607","50400902","chr3","44593965","44594260","3","5806642"
"chr3","50430211","50430518","chr7","43414688","43414994","37","7015523"
"chr3","50480493","50480752","chr3","44514143","44514402","6","5966350"
"chr3","50503251","50503543","chr15","103853433","103853726","41","53350182"
"chr3","50545089","50545394","chr3","44449561","44449865","6","6095528"
"chr3","50573787","50574084","chr3","44424521","44424819","4","6149266"
"chr3","50586289","50586572","chr2","180127296","180127581","39","129541007"
"chr3","50654113","50654420","chr3","44346871","44347172","12","6307242"
"chr3","50656446","50656772","chr2","186442876","186443207","38","135786430"
"chr3","50661795","50662102","chr3","179250595","179250901","39","128588800"
"chr3","50698012","50698311","chr10","5729998","5730296","37","44968014"
"chr3","51004640","51004948","chr3","43989514","43989818","6","7015126"
"chr3","51007741","51008009","chr3","43986435","43986728","30","7021306"
"chr3","51023170","51023472","chr3","43971103","43971403","12","7052067"
"chr3","51101623","51101917","chr3","43892554","43892846","4","7209069"
"chr3","51189152","51189457","chr3","43806043","43806350","7","7383109"
"chr3","51311793","51312054","chr3","48931182","48931453","14","2380611"
"chr3","51340927","51341211","chr3","48958518","48958802","6","2382409"
"chr3","51354799","51355108","chr9","94190632","94190943","35","42835833"
"chr3","51389007","51389284","chr3","49009324","49009596","13","2379683"
"chr3","51405891","51406190","chr2","91497217","91497516","34","40091326"
"chr3","51430583","51430889","chr3","49050650","49050928","33","2379933"
"chr3","51492041","51492351","chr3","49107955","49108265","7","2384086"
"chr3","51567616","51567921","chr3","49184278","49184574","14","2383338"
"chr3","51576558","51576849","chr3","43892554","43892846","40","7684004"
"chr3","51587212","51587502","chr3","49203934","49204236","14","2383278"
"chr3","51636424","51636716","chr3","49249557","49249849","8","2386867"
"chr3","51675476","51675791","chr3","49289260","49289557","20","2386216"
"chr3","51675792","51676106","chr9","94190632","94190943","33","42514840"
"chr3","51716446","51716763","chr5","37265492","37265795","49","14450954"
"chr3","51721391","51721695","chr1","162660720","162661027","42","110939329"
"chr3","51724179","51724483","chr11","62610991","62611296","33","10886812"
"chr3","51746017","51746309","chr3","49360135","49360421","13","2385882"
"chr3","51905849","51906142","chr3","49593434","49593729","5","2312415"
"chr3","51921655","51921953","chr3","49503456","49503762","16","2418199"
"chr3","52010266","52010551","chr3","49486027","49486321","13","2524239"
"chr3","52039098","52039364","chr3","49751482","49751748","3","2287616"
"chr3","52044420","52044714","chr1","16214230","16214522","33","35830190"
"chr3","52077936","52078219","chr3","49841427","49841712","6","2236509"
"chr3","52204831","52205128","chr3","49964774","49965073","11","2240057"
"chr3","52232768","52233070","chr3","49992204","49992495","16","2240564"
"chr3","52261798","52261936","chr15","104500004","104500140","17","52238206"
"chr3","52349764","52350058","chr10","30357621","30357916","41","21992143"
"chr3","52358828","52359110","chr3","50202530","50202812","0","2156298"
"chr3","52388834","52389129","chr3","50172579","50172882","15","2216255"
"chr3","52395034","52395326","chr3","50165614","50165903","10","2229420"
"chr3","52405010","52405307","chr7","80050996","80051290","32","27645986"
"chr3","52410742","52411034","chr3","50244896","50245184","10","2165846"
"chr3","52433448","52433755","chr1","42771177","42771482","35","9662271"
"chr3","52447138","52447418","chr3","50282932","50283212","5","2164206"
"chr3","52449439","52449729","chr3","50284562","50284852","1","2164877"
"chr3","52527934","52528247","chr3","50386038","50386351","9","2141896"
"chr3","52552703","52553005","chr3","50402987","50403288","4","2149716"
"chr3","52558537","52558828","chr3","50408789","50409082","24","2149748"
"chr3","52587934","52588232","chrX","96753652","96753950","40","44165718"
"chr3","52609193","52609499","chr3","50459917","50460238","22","2149276"
"chr3","52642047","52642347","chr3","50494180","50494476","13","2147867"
"chr3","52644989","52645123","chr3","50496795","50496929","1","2148194"
"chr3","52658013","52658314","chr2","159817530","159817826","33","107159517"
"chr3","52659020","52659312","chr6","131966421","131966716","35","79307401"
"chr3","52665734","52666035","chr3","50517834","50518136","7","2147900"
"chr3","52675654","52675955","chr3","14251295","14251595","38","38424359"
"chr3","52695862","52696151","chr3","50555874","50556164","5","2139988"
"chr3","52748136","52748423","chr3","50609304","50609600","12","2138832"
"chr3","52790313","52790629","chr3","50652168","50652486","6","2138145"
"chr3","52974501","52974797","chr9","54432681","54432972","36","1458180"
"chr3","52981957","52982252","chr3","51058241","51058536","8","1923716"
"chr3","52983813","52984121","chr3","51060084","51060387","8","1923729"
"chr3","52988354","52988636","chr3","51065221","51065502","13","1923133"
"chr3","52999550","52999805","chr3","51077678","51077955","27","1921872"
"chr3","53004433","53004743","chr3","51082550","51082861","15","1921883"
"chr3","53021761","53022059","chr3","51099884","51100179","7","1921877"
"chr3","53023403","53023702","chr3","51101527","51101820","9","1921876"
"chr3","53039398","53039643","chr3","51117974","51118219","1","1921424"
"chr3","53039644","53039902","chr3","51118220","51118476","4","1921424"
"chr3","53044564","53044860","chr3","51123135","51123435","7","1921429"
"chr3","53069717","53070014","chr3","51148891","51149194","14","1920826"
"chr3","53114273","53114579","chr3","51192500","51192808","10","1921773"
"chr3","53151973","53152272","chr8","10375190","10375489","37","42776783"
"chr3","53228224","53228529","chr3","51308253","51308551","13","1919971"
"chr3","53237884","53238199","chr3","51318328","51318622","31","1919556"
"chr3","53250698","53250829","chr3","51331721","51331852","3","1918977"
"chr3","53268412","53268704","chr3","51348804","51349096","4","1919608"
"chr3","53270076","53270392","chr3","51350444","51350723","41","1919632"
"chr3","53277786","53278075","chr3","51357049","51357332","32","1920737"
"chr3","53354037","53354317","chr3","51489777","51490057","3","1864260"
"chr3","53355257","53355504","chr3","51490681","51490917","36","1864576"
"chr3","53367386","53367688","chr3","51502444","51502747","5","1864942"
"chr3","53384823","53385067","chr3","51517324","51517568","5","1867499"
"chr3","53388178","53388479","chr3","51520304","51520604","6","1867874"
"chr3","53417227","53417527","chr3","51549615","51549915","4","1867612"
"chr3","53455646","53455945","chr19","28568473","28568772","36","24887173"
"chr3","53463712","53464022","chr1","27794889","27795194","41","25668823"
"chr3","53511558","53511810","chr3","51641852","51642104","1","1869706"
"chr3","53568378","53568686","chr3","51697000","51697305","6","1871378"
"chr3","53572766","53573058","chr3","51701381","51701673","4","1871385"
"chr3","53606101","53606254","chr1","28206327","28206495","32","25399774"
"chr3","53606662","53606749","chr4","34095140","34095210","26","19511522"
"chr3","53623555","53623846","chr2","196872681","196872970","35","143249126"
"chr3","53626684","53626934","chr3","4653498","4653751","41","48973186"
"chr3","53629362","53629665","chr3","51760196","51760471","33","1869166"
"chr3","53638752","53639060","chr14","63518444","63518750","34","9879692"
"chr3","53641922","53642197","chr3","51770902","51771178","8","1871020"
"chr3","53644381","53644652","chr3","51773331","51773628","32","1871050"
"chr3","53650437","53650730","chr3","51778140","51778433","2","1872297"
"chr3","53669125","53669419","chr3","51795275","51795573","11","1873850"
"chr3","53676664","53676965","chr3","51802613","51802925","13","1874051"
"chr3","53977611","53977906","chr7","24463392","24463688","33","29514219"
"chr3","53992535","53992823","chr16","2828679","2828972","39","51163856"
"chr3","54033680","54033943","chr5","48350495","48350768","52","5683185"
"chr3","54035278","54035584","chr11","106579511","106579817","34","52544233"
"chr3","54036628","54036900","chr9","26970282","26970556","41","27066346"
"chr3","54039725","54040030","chr1","63216852","63217153","48","9177127"
"chr3","54069329","54069638","chr13","39953620","39953926","37","14115709"
"chr3","54070063","54070333","chr1","36804982","36805253","39","17265081"
"chr3","54117971","54118268","chrX","44736339","44736629","44","9381632"
"chr3","54759488","54759776","chr1","31713801","31714090","41","23045687"
"chr3","54802757","54803008","chr4","117420368","117420632","39","62617611"
"chr3","54827994","54828266","chr7","51321295","51321568","42","3506699"
"chr3","54866322","54866612","chr1","31482751","31483040","40","23383571"
"chr3","54881985","54882195","chr1","162086036","162086244","33","107204051"
"chr3","54912779","54913040","chr1","135153615","135153888","52","80240836"
"chr3","54922171","54922456","chr10","6193101","6193398","41","48729070"
"chr3","54996576","54996887","chr3","55668290","55668602","5","671714"
"chr3","55002106","55002362","chr7","91760344","91760600","53","36758238"
"chr3","55116529","55116831","chr3","55566042","55566344","6","449513"
"chr3","55122962","55123267","chr3","166477634","166477937","42","111354672"
"chr3","55126990","55127288","chr3","55555303","55555595","12","428313"
"chr3","55127298","55127621","chr3","42669239","42669561","39","12458059"
"chr3","55172078","55172364","chr3","55183879","55184158","13","11801"
"chr3","55241702","55242005","chr3","55387700","55388003","1","145998"
"chr3","55243765","55244071","chr3","55385626","55385934","13","141861"
"chr3","55274753","55275047","chr1","26575506","26575793","44","28699247"
"chr3","55287057","55287345","chr13","55382938","55383226","31","95881"
"chr3","55292633","55292926","chr3","55332732","55333024","11","40099"
"chr3","55294568","55294861","chr3","55332732","55333024","10","38164"
"chr3","55296872","55297166","chr1","199285599","199285892","34","143988727"
"chr3","55302165","55302457","chr3","55324399","55324698","15","22234"
"chr3","55326564","55326870","chr15","64867704","64868011","46","9541140"
"chr3","55349440","55349744","chr3","55278947","55279252","9","70493"
"chr3","55357617","55357920","chr3","55270805","55271105","31","86812"
"chr3","55434910","55435120","chr10","84797933","84798130","35","29363023"
"chr3","55437289","55437588","chr3","55153299","55153598","10","283990"
"chr3","55438010","55438317","chr3","55152572","55152877","5","285438"
"chr3","55448402","55448701","chr3","55141353","55141654","4","307049"
"chr3","55462936","55463216","chr3","55126949","55127229","3","335987"
"chr3","55475725","55476019","chr3","55113681","55113973","5","362044"
"chr3","55514874","55515172","chr3","55079830","55080132","9","435044"
"chr3","55524112","55524403","chr3","55070308","55070598","6","453804"
"chr3","55604652","55604924","chr3","54986320","54986589","10","618332"
"chr3","55712508","55712815","chr5","145496055","145496364","33","89783547"
"chr3","55815722","55816029","chr3","54769627","54769935","3","1046095"
"chr3","55875362","55875658","chr1","125494474","125494770","33","69619112"
"chr3","55880941","55881246","chr7","152675411","152675718","34","96794470"
"chr3","55920858","55921158","chr3","54662314","54662620","10","1258544"
"chr3","55922246","55922552","chr1","25636423","25636725","37","30285823"
"chr3","55966112","55966412","chr3","54617475","54617777","9","1348637"
"chr3","56189487","56189762","chr3","54394293","54394552","17","1795194"
"chr3","56447434","56447733","chr3","54141563","54141856","14","2305871"
"chr3","56460981","56461281","chr3","54128416","54128697","27","2332565"
"chr3","56494315","56494608","chr3","54096045","54096340","5","2398270"
"chr3","56585240","56585532","chr3","54006150","54006439","13","2579090"
"chr3","56616190","56616483","chr7","16279866","16280158","31","40336324"
"chr3","56621909","56622220","chr3","53969929","53970236","9","2651980"
"chr3","56638789","56639091","chr3","123611130","123611416","52","66972341"
"chr3","56756354","56756640","chr3","53834742","53835029","7","2921612"
"chr3","56757690","56758009","chr5","46722276","46722597","42","10035414"
"chr3","57000915","57001195","chr3","53589625","53589903","4","3411290"
"chr3","57049022","57049325","chr3","53541682","53541980","13","3507340"
"chr3","57346903","57347202","chr3","53257208","53257521","17","4089695"
"chr3","57467401","57467698","chr2","103256851","103257147","44","45789450"
"chr3","57468757","57469066","chr3","53119487","53119796","9","4349270"
"chr3","57618895","57619190","chr3","52971075","52971365","20","4647820"
"chr3","57837034","57837323","chr3","52705300","52705602","19","5131734"
"chr3","57842603","57842891","chr3","52699724","52700013","8","5142879"
"chr3","57991731","57992016","chr3","52524910","52525159","42","5466821"
"chr3","58059178","58059483","chr12","105706133","105706435","45","47646955"
"chr3","58064329","58064633","chr1","77960911","77961215","41","19896582"
"chr3","58471649","58471946","chr10","5729998","5730296","30","52741651"
"chr3","58560701","58561009","chr3","55917948","55918256","6","2642753"
"chr3","58768352","58768615","chr3","56129811","56130074","10","2638541"
"chr3","58913023","58913291","chr3","56277605","56277873","8","2635418"
"chr3","58997166","58997461","chr3","56362460","56362765","24","2634706"
"chr3","59146273","59146521","chr3","56509738","56509983","5","2636535"
"chr3","59179863","59180162","chr3","56543621","56543920","7","2636242"
"chr3","59399861","59400154","chr17","48498951","48499244","35","10900910"
"chr3","59495717","59496026","chrX","3672786","3673095","40","55822931"
"chr3","59496776","59497068","chr3","56925876","56926172","19","2570900"
"chr3","59940114","59940405","chr3","57336288","57336582","12","2603826"
"chr3","59948879","59949183","chr3","57344923","57345230","12","2603956"
"chr3","59967212","59967504","chr3","57364306","57364598","2","2602906"
"chr3","59987757","59988045","chr3","57385158","57385450","7","2602599"
"chr3","60015743","60016036","chr3","9679854","9680146","32","50335889"
"chr3","60189092","60189389","chr10","62331135","62331441","42","2142043"
"chr3","60475021","60475276","chr5","78898037","78898295","38","18423016"
"chr3","60711421","60711668","chr3","58104676","58104928","8","2606745"
"chr3","60734270","60734581","chr16","61253797","61254104","37","519527"
"chr3","60779081","60779367","chr5","165343826","165344112","46","104564745"
"chr3","60823734","60824043","chr3","58217205","58217502","15","2606529"
"chr3","60873784","60874080","chr3","58266830","58267136","24","2606954"
"chr3","60876350","60876632","chr3","58269395","58269679","9","2606955"
"chr3","61004970","61005255","chr3","58409878","58410159","10","2595092"
"chr3","61123855","61124147","chr3","58532402","58532669","27","2591453"
"chr3","61143525","61143827","chr3","58551948","58552241","13","2591577"
"chr3","61282909","61283108","chr11","1067778","1067970","28","60215131"
"chr3","61779320","61779618","chr3","59191197","59191495","4","2588123"
"chr3","62103664","62103959","chr3","59557299","59557583","21","2546365"
"chr3","62192788","62193088","chr3","59646705","59647010","19","2546083"
"chr3","62964711","62965017","chr3","60435465","60435769","10","2529246"
"chr3","63037030","63037322","chr3","60506466","60506767","12","2530564"
"chr3","63118855","63119166","chr3","60590346","60590657","4","2528509"
"chr3","63199286","63199598","chr3","60672837","60673140","32","2526449"
"chr3","63201236","63201543","chr3","60674787","60675094","3","2526449"
"chr3","63286916","63287216","chr3","60760628","60760925","11","2526288"
"chr3","63397818","63398109","chr3","60873379","60873680","23","2524439"
"chr3","63461545","63461862","chr3","166477634","166477937","41","103016089"
"chr3","63470186","63470486","chr3","60983928","60984233","12","2486258"
"chr3","63474862","63475162","chr3","60988548","60988847","11","2486314"
"chr3","63521976","63522228","chr3","61034155","61034407","9","2487821"
"chr3","63525377","63525694","chr3","61037544","61037858","24","2487833"
"chr3","63537369","63537660","chrX","44586269","44586561","31","18951100"
"chr3","63610394","63610701","chr3","61123962","61124263","9","2486432"
"chr3","63639541","63639841","chr1","88257606","88257908","33","24618065"
"chr3","63663763","63664059","chr2","93185519","93185812","38","29521756"
"chr3","63681258","63681551","chr3","61234051","61234347","18","2447207"
"chr3","63684074","63684360","chr3","61236899","61237182","6","2447175"
"chr3","63703415","63703713","chr18","34881303","34881600","40","28822112"
"chr3","63709372","63709666","chr15","107810669","107810960","30","44101297"
"chr3","63737692","63737992","chr3","61290568","61290870","9","2447124"
"chr3","63753215","63753526","chr3","61305128","61305430","15","2448087"
"chr3","63755915","63756217","chr3","61307814","61308112","14","2448101"
"chr3","63782351","63782632","chr3","61335193","61335481","9","2447158"
"chr3","63788860","63789159","chr7","41845808","41846107","42","21943052"
"chr3","63988690","63988978","chr6","152918820","152919108","38","88930130"
"chr3","63996548","63996852","chr11","92228219","92228516","41","28231671"
"chr3","64097902","64098186","chr3","61649893","61650180","9","2448009"
"chr3","64227858","64228166","chr16","46152311","46152624","33","18075547"
"chr3","64288862","64289164","chr3","61839488","61839797","14","2449374"
"chr3","64686721","64687025","chr3","62224211","62224519","24","2462510"
"chr3","64796439","64796576","chr20","20826965","20827111","25","43969474"
"chr3","64863447","64863717","chr3","62392974","62393231","16","2470473"
"chr3","65109878","65110183","chr3","14188026","14188333","46","50921852"
"chr3","65136112","65136414","chr15","56881931","56882234","46","8254181"
"chr3","65320460","65320752","chr3","62836743","62837025","20","2483717"
"chr3","65502254","65502544","chr10","67218899","67219193","59","1716645"
"chr3","65573781","65574071","chr3","63132866","63133157","10","2440915"
"chr3","65728915","65729219","chr3","63287200","63287500","8","2441715"
"chr3","65739663","65739952","chrX","9505457","9505749","30","56234206"
"chr3","65764456","65764747","chrX","44627777","44628073","40","21136679"
"chr3","65814738","65815035","chr3","63370750","63371043","15","2443988"
"chr3","66200108","66200406","chr3","63742138","63742427","22","2457970"
"chr3","66227317","66227625","chr3","63769940","63770239","13","2457377"
"chr3","66312231","66312540","chr3","63856438","63856740","14","2455793"
"chr3","66332392","66332663","chr3","63877116","63877395","10","2455276"
"chr3","66346285","66346583","chr3","63891546","63891844","5","2454739"
"chr3","66358864","66359147","chr3","63903219","63903501","6","2455645"
"chr3","66363942","66364241","chr3","63908815","63909108","10","2455127"
"chr3","66442319","66442621","chr3","63993549","63993855","6","2448770"
"chr3","66462006","66462308","chr3","64014874","64015175","6","2447132"
"chr3","66470200","66470501","chr19","6673614","6673914","34","59796586"
"chr3","66492378","66492684","chr3","64044608","64044914","10","2447770"
"chr3","66497469","66497758","chr3","64049586","64049875","2","2447883"
"chr3","66498359","66498651","chr3","64050476","64050767","2","2447883"
"chr3","66519751","66520057","chr3","64071467","64071768","9","2448284"
"chr3","66541871","66542165","chr3","64093802","64094091","14","2448069"
"chr3","66547674","66547979","chr3","64099617","64099919","6","2448057"
"chr3","66562812","66563108","chr4","123382191","123382485","29","56819379"
"chr3","66572786","66573090","chr3","64124768","64125072","9","2448018"
"chr3","66582400","66582703","chr3","64134090","64134392","5","2448310"
"chr3","66586290","66586598","chr3","64137916","64138222","9","2448374"
"chr3","66593283","66593579","chr12","78524860","78525157","30","11931577"
"chr3","66609267","66609568","chr3","64160473","64160773","7","2448794"
"chr3","66614652","66614941","chr3","64166889","64167181","7","2447763"
"chr3","66702074","66702351","chr3","64253405","64253701","21","2448669"
"chr3","66740107","66740374","chr3","64300511","64300804","28","2439596"
"chr3","66790350","66790651","chr3","64352145","64352438","11","2438205"
"chr3","66806906","66807192","chr3","18497579","18497868","38","48309327"
"chr3","66983619","66983922","chr3","64537844","64538140","12","2445775"
"chr3","67058891","67059178","chr3","64614459","64614746","7","2444432"
"chr3","67079460","67079756","chr3","64635472","64635764","8","2443988"
"chr3","67089542","67089825","chr3","64645499","64645782","4","2444043"
"chr3","67143997","67144295","chr1","210895757","210896056","34","143751760"
"chr3","67234058","67234359","chr11","9087766","9088064","35","58146292"
"chr3","67258998","67259299","chr3","64816986","64817281","9","2442012"
"chr3","67263611","67263887","chr3","64821626","64821903","8","2441985"
"chr3","67410867","67411165","chr3","64974102","64974402","8","2436765"
"chr3","67411244","67411502","chr5","16930080","16930327","31","50481164"
"chr3","67432870","67433168","chr3","64996881","64997152","29","2435989"
"chr3","67660762","67661063","chr3","65220638","65220946","11","2440124"
"chr3","67669314","67669586","chr3","65229559","65229830","4","2439755"
"chr3","67973274","67973585","chr3","65539798","65540102","12","2433476"
"chr3","68312401","68312697","chr3","65877529","65877828","6","2434872"
"chr3","68649508","68649803","chr3","66217239","66217538","10","2432269"
"chr3","68795934","68796230","chr3","66369740","66370031","17","2426194"
"chr3","68874156","68874467","chr3","66443764","66444072","11","2430392"
"chr3","69096807","69097114","chr3","66669090","66669382","18","2427717"
"chr3","69229322","69229599","chr8","134653431","134653711","33","65424109"
"chr3","69425218","69425519","chrX","96046237","96046536","34","26621019"
"chr3","69615579","69615856","chr3","67189889","67190183","18","2425690"
"chr3","69695994","69696304","chr3","67269349","67269658","8","2426645"
"chr3","69726499","69726798","chr3","67299541","67299840","4","2426958"
"chr3","69835827","69836135","chr3","67408747","67409083","35","2427080"
"chr3","70008366","70008673","chr3","67582785","67583097","16","2425581"
"chr3","70194032","70194319","chr3","67777305","67777592","2","2416727"
"chr3","70209653","70209960","chr2","121847767","121848073","36","51638114"
"chr3","70308197","70308497","chr3","67893947","67894254","27","2414250"
"chr3","70381836","70382121","chr3","67967544","67967851","26","2414292"
"chr3","70564725","70565017","chr19","32362061","32362354","36","38202664"
"chr3","70668691","70668994","chr3","68254203","68254510","13","2414488"
"chr3","70798992","70799278","chr3","68379233","68379519","6","2419759"
"chr3","70960740","70961023","chr3","68556503","68556787","6","2404237"
"chr3","70976982","70977285","chr3","68572718","68573016","11","2404264"
"chr3","71018832","71019144","chr7","152675411","152675718","45","81656579"
"chr3","71038866","71039166","chr3","68635427","68635727","7","2403439"
"chr3","71043692","71043983","chr9","41614211","41614499","34","29429481"
"chr3","71079663","71079969","chr3","68671323","68671626","7","2408340"
"chr3","71102410","71102704","chr3","68694197","68694491","4","2408213"
"chr3","71125808","71126111","chr3","68716150","68716453","4","2409658"
"chr3","71233075","71233376","chr19","34621100","34621401","37","36611975"
"chr3","71255247","71255525","chr3","68845622","68845900","4","2409625"
"chr3","71355852","71356149","chr3","68947179","68947465","15","2408673"
"chr3","71399799","71400098","chr3","68990179","68990485","13","2409620"
"chr3","71414271","71414570","chr3","69005717","69006011","10","2408554"
"chr3","71456859","71457147","chr3","69048253","69048527","16","2408606"
"chr3","71476011","71476301","chr1","92487265","92487559","39","21011254"
"chr3","71483031","71483349","chr8","99390396","99390718","39","27907365"
"chr3","71577316","71577611","chr3","69168227","69168521","6","2409089"
"chr3","71593273","71593571","chr9","96582776","96583059","48","24989503"
"chr3","71618036","71618338","chr3","69209098","69209399","7","2408938"
"chr3","71618775","71619046","chr3","69209842","69210112","5","2408933"
"chr3","71626340","71626625","chr3","69217419","69217706","8","2408921"
"chr3","71839280","71839561","chr3","69440893","69441174","7","2398387"
"chr3","71952506","71952810","chr3","69556312","69556614","8","2396194"
"chr3","72018687","72018968","chr18","69090069","69090351","33","2928618"
"chr3","72168151","72168441","chr3","69777220","69777515","8","2390931"
"chr3","72192573","72192872","chr11","2991360","2991656","41","69201213"
"chr3","72206617","72206925","chr3","69816450","69816748","20","2390167"
"chr3","72451904","72452196","chr3","70058965","70059256","10","2392939"
"chr3","72462037","72462334","chr3","70068811","70069109","3","2393226"
"chr3","72600613","72600922","chr19","50673081","50673389","32","21927532"
"chr3","72873692","72873976","chr3","70460202","70460477","14","2413490"
"chr3","72906736","72907038","chr3","70493483","70493785","7","2413253"
"chr3","72952370","72952621","chr11","33722586","33722849","50","39229784"
"chr3","73039850","73040158","chr3","70631113","70631421","7","2408737"
"chr3","73287904","73288187","chr3","70923619","70923897","9","2364285"
"chr3","73291339","73291635","chr3","70927036","70927327","13","2364303"
"chr3","73390018","73390319","chr3","71024207","71024515","12","2365811"
"chr3","73500493","73500748","chr3","71129541","71129801","9","2370952"
"chr3","73628628","73628928","chr3","71254252","71254554","7","2374376"
"chr3","73712989","73713276","chr3","71339751","71340039","5","2373238"
"chr3","73713279","73713582","chr3","166477634","166477937","38","92764355"
"chr3","73874755","73875053","chr2","159817530","159817826","41","85942775"
"chr3","74433583","74433865","chr3","72069645","72069928","5","2363938"
"chr3","74458931","74459235","chr3","72093131","72093436","12","2365800"
"chr3","74576602","74576909","chr3","72207852","72208147","20","2368750"
"chr3","74618117","74618421","chr3","72249552","72249854","11","2368565"
"chr3","74662986","74663293","chr3","72294044","72294345","12","2368942"
"chr3","74664321","74664621","chr3","72295373","72295657","22","2368948"
"chr3","74707087","74707379","chr2","161960788","161961087","39","87253701"
"chr3","74955634","74955939","chr3","72566921","72567226","4","2388713"
"chr3","75186806","75187099","chr3","72797407","72797703","7","2389399"
"chr3","75275376","75275662","chr3","72886304","72886593","9","2389072"
"chr3","75288941","75289232","chr3","72899563","72899856","6","2389378"
"chr3","75348244","75348551","chr3","72958117","72958425","5","2390127"
"chr3","75386379","75386674","chr3","72995910","72996219","17","2390469"
"chr3","75481055","75481348","chr15","11321438","11321730","38","64159617"
"chr3","75571826","75572079","chr3","73183548","73183802","5","2388278"
"chr3","75715706","75715959","chr3","73328049","73328301","2","2387657"
"chr3","75815256","75815450","chr11","1067778","1067970","24","74747478"
"chr3","75851078","75851392","chr3","73467304","73467623","12","2383774"
"chr3","75937763","75938056","chr3","43892554","43892846","36","32045209"
"chr3","75945275","75945574","chrX","48051198","48051490","37","27894077"
"chr3","76144074","76144340","chr3","37292354","37292619","54","38851720"
"chr3","76359451","76359745","chr3","73798775","73799044","31","2560676"
"chr3","76393734","76394003","chr3","73835489","73835785","34","2558245"
"chr3","76439873","76440178","chr19","45912235","45912536","35","30527638"
"chr3","76555092","76555431","chr2","21594911","21595252","74","54960181"
"chr3","76621218","76621491","chr2","120376843","120377106","51","43755625"
"chr3","76657026","76657285","chr14","7804322","7804576","42","68852704"
"chr3","76726549","76726865","chr7","44886295","44886604","45","31840254"
"chr3","76741502","76741796","chr1","53393191","53393490","39","23348311"
"chr3","76756679","76756965","chr13","87255538","87255831","49","10498859"
"chr3","76992323","76992617","chr3","74004161","74004459","8","2988162"
"chr3","77061052","77061353","chr3","74072311","74072619","23","2988741"
"chr3","77120794","77121099","chr19","50673081","50673389","39","26447713"
"chr3","77125034","77125324","chr3","74136457","74136751","22","2988577"
"chr3","77178042","77178338","chr8","57424193","57424490","32","19753849"
"chr3","77345131","77345433","chr3","74350971","74351268","22","2994160"
"chr3","77863506","77863805","chr3","74873028","74873326","6","2990478"
"chr3","77910468","77910761","chr2","85490857","85491151","34","7580389"
"chr3","77931715","77932019","chr3","74938212","74938509","13","2993503"
"chr3","78026046","78026345","chr3","75031856","75032144","20","2994190"
"chr3","78028038","78028340","chr3","75033845","75034148","3","2994193"
"chr3","78034563","78034865","chr3","126700598","126700898","35","48666035"
"chr3","78101829","78102101","chr3","75106308","75106577","8","2995521"
"chr3","78149430","78149739","chr3","75154423","75154730","15","2995007"
"chr3","78182682","78182974","chr3","75184629","75184921","1","2998053"
"chr3","78183800","78184083","chr3","75185745","75186028","6","2998055"
"chr3","78206815","78207110","chr3","75209416","75209712","8","2997399"
"chr3","78215366","78215672","chr3","75218086","75218393","6","2997280"
"chr3","78218505","78218806","chr3","75220902","75221208","8","2997603"
"chr3","78222103","78222366","chr3","75224518","75224781","8","2997585"
"chr3","78343722","78344009","chr3","75354055","75354343","9","2989667"
"chr3","78345363","78345660","chr3","75355663","75355964","10","2989700"
"chr3","78551570","78551877","chr3","75537096","75537401","18","3014474"
"chr3","78593275","78593569","chr3","75582967","75583261","3","3010308"
"chr3","78607891","78608157","chr9","21669900","21670155","64","56937991"
"chr3","78675205","78675489","chr3","75682817","75683101","6","2992388"
"chr3","78713610","78713879","chr13","38845993","38846258","44","39867617"
"chr3","78724051","78724310","chr3","75724336","75724595","5","2999715"
"chr3","78765796","78766087","chr1","37000477","37000769","33","41765319"
"chr3","78970328","78970610","chr3","75979486","75979774","15","2990842"
"chr3","79757775","79758063","chr3","76764240","76764529","8","2993535"
"chr3","79783488","79783789","chr3","76789314","76789620","10","2994174"
"chr3","79799295","79799588","chr3","76803877","76804176","17","2995418"
"chr3","79939627","79939832","chr16","50532073","50532275","28","29407554"
"chr3","79940788","79940830","chr15","27767704","27767751","11","52173084"
"chr3","80140724","80141033","chr3","77149583","77149892","6","2991141"
"chr3","80333885","80334192","chr3","77343380","77343706","31","2990505"
"chr3","80549471","80549739","chr3","77559671","77559949","18","2989800"
"chr3","80618606","80618883","chr3","77622692","77622966","6","2995914"
"chr3","80730117","80730417","chr3","77736039","77736322","20","2994078"
"chr3","80822408","80822717","chr3","77828675","77828974","13","2993733"
"chr3","80866037","80866328","chr4","21536511","21536807","42","59329526"
"chr3","81019711","81020000","chr3","78026299","78026588","2","2993412"
"chr3","81097994","81098286","chr3","78104323","78104615","5","2993671"
"chr3","81104619","81104890","chr3","78110952","78111223","7","2993667"
"chr3","81119620","81119917","chr3","78126730","78127027","4","2992890"
"chr3","81135217","81135528","chr3","78142712","78143023","6","2992505"
"chr3","81137292","81137593","chr3","78144787","78145091","7","2992505"
"chr3","81148724","81149028","chr3","78156203","78156502","7","2992521"
"chr3","81328452","81328748","chr11","121445783","121446080","39","40117331"
"chr3","81341642","81341950","chr16","39535721","39536029","36","41805921"
"chr3","81508135","81508435","chr3","78667937","78668236","7","2840198"
"chr3","81515217","81515487","chr1","135153615","135153888","40","53638398"
"chr3","81603372","81603681","chr3","78767310","78767607","17","2836062"
"chr3","81678515","81678803","chr3","78842996","78843285","4","2835519"
"chr3","81723598","81723863","chr3","78888489","78888754","9","2835109"
"chr3","81788552","81788857","chr3","79010294","79010599","4","2778258"
"chr3","81850649","81850946","chr3","79071702","79072022","26","2778947"
"chr3","82020403","82020702","chr3","79241931","79242231","7","2778472"
"chr3","82101019","82101328","chr3","79323087","79323389","11","2777932"
"chr3","82185203","82185508","chr20","56680","56987","39","82128523"
"chr3","82207109","82207406","chr3","79429835","79430132","2","2777274"
"chr3","82269244","82269546","chr3","166477634","166477937","39","84208390"
"chr3","82360725","82361041","chr3","79583950","79584226","47","2776775"
"chr3","82394747","82394931","chr5","150247021","150247225","57","67852274"
"chr3","82557894","82558198","chr3","79781542","79781846","5","2776352"
"chr3","83058297","83058600","chr2","159817530","159817826","42","76759233"
"chr3","83081201","83081460","chr3","80307868","80308127","5","2773333"
"chr3","83111888","83112179","chr3","80338418","80338705","8","2773470"
"chr3","83187726","83188025","chr3","80415451","80415754","11","2772275"
"chr3","83419928","83420205","chr3","80652181","80652459","7","2767747"
"chr3","83465760","83466051","chr3","80697975","80698266","2","2767785"
"chr3","83477557","83477858","chr3","80710448","80710752","11","2767109"
"chr3","83508306","83508613","chr3","80741166","80741474","9","2767140"
"chr3","83543584","83543867","chr3","80775227","80775511","10","2768357"
"chr3","83544759","83545058","chr18","34881303","34881600","40","48663456"
"chr3","83555242","83555529","chr7","61999249","61999530","42","21555993"
"chr3","83594567","83594871","chr3","80833225","80833531","9","2761342"
"chr3","83614144","83614436","chr3","80851963","80852265","22","2762181"
"chr3","83628845","83629136","chr3","80867009","80867300","1","2761836"
"chr3","83640775","83641083","chr1","209176258","209176559","44","125535483"
"chr3","83643434","83643639","chr3","80882090","80882295","7","2761344"
"chr3","83657955","83658265","chr1","45674019","45674310","48","37983936"
"chr3","83714832","83715127","chr4","123382191","123382485","33","39667359"
"chr3","83813252","83813551","chr3","81049299","81049597","4","2763953"
"chr3","83866073","83866369","chr10","62331135","62331441","38","21534938"
"chr3","83903740","83904017","chr19","40678906","40679185","44","43224834"
"chr3","83910151","83910457","chr3","81140755","81141061","7","2769396"
"chr3","83914276","83914567","chr3","81144880","81145171","2","2769396"
"chr3","83919856","83920159","chr3","81150437","81150742","5","2769419"
"chr3","83950897","83951199","chr3","81181626","81181929","3","2769271"
"chr3","84016553","84016864","chr3","81248112","81248412","14","2768441"
"chr3","84631868","84632180","chr3","166477634","166477937","36","81845766"
"chr3","84635233","84635534","chr3","81869828","81870135","10","2765405"
"chr3","84640861","84641116","chr14","2406676","2406932","30","82234185"
"chr3","84655566","84655793","chr1","113868205","113868431","37","29212639"
"chr3","84655814","84656112","chr3","81890731","81891025","9","2765083"
"chr3","84665502","84665822","chr1","182676514","182676826","64","98011012"
"chr3","84714309","84714600","chr3","81949441","81949734","7","2764868"
"chr3","84721621","84721915","chr3","81956432","81956727","6","2765189"
"chr3","84736594","84736905","chr19","42338024","42338329","39","42398570"
"chr3","84739550","84739839","chr3","81975644","81975933","3","2763906"
"chr3","84752238","84752533","chr3","81988386","81988679","6","2763852"
"chr3","84753916","84754229","chr3","81990101","81990413","5","2763815"
"chr3","84755175","84755474","chr3","81991374","81991671","5","2763801"
"chr3","84758310","84758602","chr4","123382191","123382485","34","38623881"
"chr3","84765201","84765487","chr14","795232","795524","45","83969969"
"chr3","84778931","84779244","chr3","82016159","82016475","11","2762772"
"chr3","84837955","84838235","chr2","170122863","170123143","37","85284908"
"chr3","84873554","84873864","chr3","179250595","179250901","37","94377041"
"chr3","84912815","84913108","chr3","82148473","82148766","6","2764342"
"chr3","84951535","84951833","chr3","82187366","82187664","12","2764169"
"chr3","85053565","85053870","chr6","170304458","170304759","33","85250893"
"chr3","85208273","85208583","chr3","82443525","82443829","14","2764748"
"chr3","85213203","85213518","chr3","82448424","82448745","13","2764779"
"chr3","85593832","85594120","chr3","82832476","82832775","16","2761356"
"chr3","85687290","85687581","chr3","82925865","82926156","1","2761425"
"chr3","85833626","85833920","chr1","221763087","221763382","37","135929461"
"chr3","85862786","85863087","chr3","83101303","83101604","5","2761483"
"chr3","85865745","85866036","chr3","83104266","83104567","11","2761479"
"chr3","85884294","85884587","chr3","83118139","83118432","7","2766155"
"chr3","85895955","85896254","chr3","83129856","83130135","24","2766099"
"chr3","85913223","85913516","chr3","83147152","83147445","2","2766071"
"chr3","86090782","86091083","chr3","83319284","83319585","1","2771498"
"chr3","86204154","86204454","chr3","83433404","83433712","16","2770750"
"chr3","86216482","86216787","chr3","83445695","83446001","13","2770787"
"chr3","86261773","86262085","chr19","45177122","45177428","37","41084651"
"chr3","86310886","86311194","chrX","14778580","14778885","44","71532306"
"chr3","86399149","86399455","chr3","83627179","83627479","13","2771970"
"chr3","86428436","86428735","chr3","83656137","83656422","24","2772299"
"chr3","86499558","86499839","chr3","83728517","83728798","4","2771041"
"chr3","86657554","86657788","chr3","83887453","83887688","5","2770101"
"chr3","86827922","86828220","chr1","38070014","38070308","41","48757908"
"chr3","86902450","86902756","chr3","84130166","84130473","6","2772284"
"chr3","86975594","86975884","chr3","84203575","84203865","8","2772019"
"chr3","86990727","86991022","chr3","84218716","84219008","6","2772011"
"chr3","87229181","87229475","chr3","84480664","84480961","9","2748517"
"chr3","87361203","87361494","chr15","111295264","111295557","32","23934061"
"chr3","87369190","87369481","chr3","154421512","154421804","32","67052322"
"chr3","87384200","87384507","chr1","20736821","20737127","37","66647379"
"chr3","87401548","87401854","chr3","84693994","84694296","10","2707554"
"chr3","87411762","87412053","chr3","84704420","84704721","20","2707342"
"chr3","87443699","87444015","chr7","112928689","112928988","48","25484990"
"chr3","87474649","87474958","chr3","84769783","84770091","2","2704866"
"chr3","87498819","87499109","chr7","56400189","56400483","38","31098630"
"chr3","87510346","87510640","chr3","84805724","84806020","7","2704622"
"chr3","87544780","87545077","chr3","84839664","84839960","4","2705116"
"chr3","87561602","87561908","chr3","84855781","84856087","2","2705821"
"chr3","87569886","87570195","chr3","84864399","84864707","8","2705487"
"chr3","87608286","87608580","chr3","84902301","84902597","5","2705985"
"chr3","87626998","87627272","chrX","127973942","127974218","41","40346944"
"chr3","87652253","87652424","chr16","10610909","10611073","37","77041344"
"chr3","87652656","87652782","chr3","36270874","36271009","29","51381782"
"chr3","87674824","87675117","chr3","45936006","45936298","38","41738818"
"chr3","87749701","87749924","chr3","85095345","85095568","4","2654356"
"chr3","87864288","87864565","chr3","85212352","85212630","10","2651936"
"chr3","87972783","87973011","chr3","85320743","85320971","1","2652040"
"chr3","88036231","88036523","chr3","85383707","85384000","3","2652524"
"chr3","88062637","88062920","chr3","85411966","85412247","10","2650671"
"chr3","88141748","88142018","chr3","85491017","85491277","36","2650731"
"chr3","88159237","88159533","chr3","85508519","85508814","8","2650718"
"chr3","88753570","88753858","chr3","86101751","86102059","25","2651819"
"chr3","88909692","88909978","chr3","86249250","86249543","35","2660442"
"chr3","89003388","89003681","chr3","86337757","86338050","5","2665631"
"chr3","89142524","89142815","chr3","86476190","86476481","3","2666334"
"chr3","89392873","89393177","chr1","90066848","90067142","45","673975"
"chr3","89396742","89397026","chr3","86725185","86725469","0","2671557"
"chr3","89489118","89489396","chr3","86818205","86818483","3","2670913"
"chr3","89580758","89581045","chr3","86910031","86910318","11","2670727"
"chr3","89686849","89687142","chr3","87017417","87017709","2","2669432"
"chr3","89831880","89832180","chr3","87157112","87157417","7","2674768"
"chr3","89836663","89836973","chr5","111854264","111854577","40","22017601"
"chr3","90082405","90082714","chr3","87405562","87405862","12","2676843"
"chr3","90162229","90162480","chr3","87485177","87485420","13","2677052"
"chr3","90162870","90163154","chr3","87485809","87486099","9","2677061"
"chr3","90174043","90174342","chr3","87497267","87497572","12","2676776"
"chr3","90181972","90182294","chr3","87504908","87505227","7","2677064"
"chr3","90235463","90235755","chr3","87557289","87557581","10","2678174"
"chr3","90420177","90420471","chr3","87744557","87744839","20","2675620"
"chr3","90547830","90548135","chr3","87872465","87872768","7","2675365"
"chr3","90623122","90623375","chr3","87947566","87947809","14","2675556"
"chr3","90747930","90748210","chr5","111763149","111763428","53","21015219"
"chr3","90953164","90953436","chr3","88281269","88281565","30","2671895"
"chr3","91111237","91111517","chr3","88442310","88442590","6","2668927"
"chr3","91452432","91452721","chr3","88771663","88771959","10","2680769"
"chr3","91456540","91456806","chr3","88775773","88776033","18","2680767"
"chr3","91891497","91891800","chr3","89227956","89228265","14","2663541"
"chr3","91912376","91912682","chr3","89248831","89249126","12","2663545"
"chr3","91921343","91921641","chr3","89257483","89257779","9","2663860"
"chr3","92105176","92105468","chr3","41641758","41642050","37","50463418"
"chr3","92584398","92584706","chr3","94293420","94293716","16","1709022"
"chr3","92726345","92726611","chr3","94151130","94151396","8","1424785"
"chr3","92761395","92761686","chr3","94119211","94119503","4","1357816"
"chr3","92889561","92889869","chr3","93985193","93985498","7","1095632"
"chr3","92977152","92977429","chr3","93900817","93901094","2","923665"
"chr3","92984477","92984779","chr3","93893503","93893807","7","909026"
"chr3","93168018","93168323","chr3","93708084","93708392","11","540066"
"chr3","93637133","93637442","chr3","93152563","93152870","12","484570"
"chr3","93656991","93657284","chr3","93132758","93133055","15","524233"
"chr3","93691602","93691912","chr3","93097184","93097464","31","594418"
"chr3","93785727","93785995","chr3","93003741","93004003","9","781986"
"chr3","93881137","93881442","chr16","61253797","61254104","37","32627340"
"chr3","94115735","94116020","chr2","54950103","54950379","41","39165632"
"chr3","94164406","94164701","chr3","92621984","92622279","5","1542422"
"chr3","94179908","94180196","chr3","92606311","92606599","10","1573597"
"chr3","94185696","94185984","chr3","92600396","92600684","4","1585300"
"chr3","94770016","94770310","chr3","91971197","91971497","11","2798819"
"chr3","94840242","94840520","chr3","91901537","91901817","6","2938705"
"chr3","95085790","95086074","chr3","91649609","91649893","4","3436181"
"chr3","95178853","95179169","chr3","91553717","91554028","14","3625136"
"chr3","95294884","95295183","chr3","91432912","91433191","26","3861972"
"chr3","95510815","95511087","chr3","91216555","91216827","8","4294260"
"chr3","95548845","95549148","chr3","91178617","91178920","10","4370228"
"chr3","95747735","95748032","chr3","90929207","90929498","12","4818528"
"chr3","95924056","95924358","chr3","90750949","90751251","10","5173107"
"chr3","95953001","95953110","chr3","175596837","175596940","22","79643836"
"chr3","95962682","95962976","chr2","187617105","187617398","47","91654423"
"chr3","96126301","96126584","chr3","90561111","90561394","3","5565190"
"chr3","96306250","96306545","chr3","154421512","154421804","40","58115262"
"chr3","96416181","96416518","chr3","90263714","90264041","14","6152467"
"chr3","96692241","96692544","chr4","146289794","146290098","36","49597553"
"chr3","96772081","96772393","chr3","89897905","89898215","6","6874176"
"chr3","96971738","96972029","chr3","89697824","89698112","9","7273914"
"chr3","97021101","97021396","chr3","89648265","89648559","4","7372836"
"chr3","97125676","97125975","chr3","89567383","89567682","2","7558293"
"chr3","97169533","97169838","chr3","89525979","89526253","39","7643554"
"chr3","97248951","97249268","chr3","89435755","89436047","35","7813196"
"chr3","97335819","97336123","chr1","44004494","44004799","41","53331325"
"chr3","97410279","97410578","chr3","94934634","94934906","34","2475645"
"chr3","97510208","97510505","chr3","95034492","95034791","9","2475716"
"chr3","97614914","97615221","chr3","95138198","95138508","14","2476716"
"chr3","97651518","97651819","chr3","95173018","95173316","7","2478500"
"chr3","97661168","97661466","chr3","95182655","95182956","9","2478513"
"chr3","97794302","97794605","chr3","95371917","95372217","8","2422385"
"chr3","97877058","97877335","chr3","95456457","95456738","11","2420601"
"chr3","98144483","98144781","chr3","95727112","95727411","9","2417371"
"chr3","98145259","98145544","chr3","95727884","95728169","17","2417375"
"chr3","98161599","98161907","chr19","42044617","42044925","30","56116982"
"chr3","98188051","98188349","chr3","95772164","95772461","15","2415887"
"chr3","98192228","98192525","chr3","95776665","95776984","26","2415563"
"chr3","98192964","98193265","chr3","95777404","95777705","3","2415560"
"chr3","98197242","98197496","chr3","95781339","95781590","6","2415903"
"chr3","98260973","98261285","chr17","1705146","1705447","48","96555827"
"chr3","98380701","98381009","chr3","95965290","95965576","29","2415411"
"chr3","98600527","98600839","chr20","53729579","53729886","34","44870948"
"chr3","98632492","98632796","chr3","96217636","96217938","13","2414856"
"chr3","98712959","98713251","chr3","96305650","96305930","27","2407309"
"chr3","98911514","98911797","chr3","96500055","96500340","4","2411459"
"chr3","98927251","98927538","chr4","30749508","30749793","41","68177743"
"chr3","99108313","99108622","chr3","96685739","96686043","24","2422574"
"chr3","99141284","99141593","chr2","56260544","56260853","38","42880740"
"chr3","99529207","99529507","chr11","32920208","32920510","37","66608999"
"chr3","99799399","99799703","chr4","43934519","43934817","33","55864880"
"chr3","99919455","99919714","chr1","41585230","41585484","45","58334225"
"chr3","100054925","100055231","chr3","97626525","97626831","7","2428400"
"chr3","100101095","100101351","chr3","97672522","97672778","3","2428573"
"chr3","100547363","100547655","chr3","98107376","98107659","14","2439987"
"chr3","100761955","100762088","chr3","98364257","98364390","3","2397698"
"chr3","100828706","100829011","chr3","98427521","98427822","14","2401185"
"chr3","100977630","100977897","chr3","98571392","98571667","12","2406238"
"chr3","100986806","100987075","chr3","98580577","98580845","1","2406229"
"chr3","101061881","101062182","chr3","98651329","98651637","10","2410552"
"chr3","101113544","101113733","chrX","134446930","134447117","29","33333386"
"chr3","101217533","101217845","chr3","98797754","98798063","14","2419779"
"chr3","101493296","101493525","chr3","99081262","99081494","7","2412034"
"chr3","101691758","101692038","chr3","99284141","99284422","9","2407617"
"chr3","101985494","101985787","chr3","99582921","99583218","22","2402573"
"chr3","102058833","102059133","chr3","99658752","99659053","7","2400081"
"chr3","102068943","102069234","chr3","99668861","99669177","27","2400082"
"chr3","102082510","102082772","chr3","99683226","99683495","9","2399284"
"chr3","102238525","102238794","chr3","99838607","99838876","7","2399918"
"chr3","102348089","102348362","chr3","99944455","99944723","11","2403634"
"chr3","102426184","102426467","chr3","100022228","100022511","2","2403956"
"chr3","102464194","102464490","chr3","100059831","100060127","11","2404363"
"chr3","102693444","102693743","chr3","100289672","100289968","10","2403772"
"chr3","102719773","102720061","chr3","100316087","100316348","30","2403686"
"chr3","102808933","102809230","chr3","100405174","100405475","7","2403759"
"chr3","102915365","102915673","chr3","100513286","100513598","9","2402079"
"chr3","102916919","102917217","chr3","100514843","100515146","7","2402076"
"chr3","103067408","103067713","chr3","100666441","100666731","17","2400967"
"chr3","103230882","103231180","chr3","100827178","100827470","9","2403704"
"chr3","103321715","103321966","chr6","160929929","160930178","36","57608214"
"chr3","103406054","103406351","chr3","101037775","101038070","8","2368279"
"chr3","103677447","103677743","chr7","127396317","127396611","32","23718870"
"chr3","103686830","103687137","chr3","101316446","101316739","20","2370384"
"chr3","103704983","103705259","chr3","101334569","101334849","9","2370414"
"chr3","103749500","103749752","chr3","101386106","101386358","3","2363394"
"chr3","103873564","103873852","chr3","101509001","101509287","6","2364563"
"chr3","104010255","104010545","chr3","101646756","101647046","5","2363499"
"chr3","104063875","104064182","chr3","101700799","101701109","26","2363076"
"chr3","104110469","104110568","chr3","101733539","101733634","5","2376930"
"chr3","104112258","104112552","chr3","101735318","101735613","9","2376940"
"chr3","104113372","104113668","chr3","101736433","101736737","12","2376939"
"chr3","104220257","104220542","chr3","123241106","123241391","11","19020849"
"chr3","104283230","104283534","chr18","34881303","34881600","40","69401927"
"chr3","104308747","104309033","chr3","123152625","123152900","12","18843878"
"chr3","104328904","104329213","chr3","123129899","123130208","5","18800995"
"chr3","104571247","104571547","chr17","31230657","31230959","39","73340590"
"chr3","104749316","104749610","chr3","122703788","122704082","6","17954472"
"chr3","104763969","104764272","chr15","78065916","78066218","37","26698053"
"chr3","104778144","104778398","chr12","6722689","6722932","46","98055455"
"chr3","104846889","104847133","chr19","17393250","17393489","38","87453639"
"chr3","105339918","105340220","chr3","122070745","122071053","14","16730827"
"chr3","105785057","105785306","chr3","121581688","121581937","2","15796631"
"chr3","105898501","105898808","chr3","121467295","121467595","16","15568794"
"chr3","105932388","105932681","chr5","16124720","16125017","34","89807668"
"chr3","106037749","106038041","chr3","121331399","121331685","13","15293650"
"chr3","106129904","106130174","chr3","121238943","121239204","20","15109039"
"chr3","106357922","106358217","chr3","121007643","121007949","16","14649721"
"chr3","106426206","106426504","chr2","85490857","85491151","33","20935349"
"chr3","106464992","106465294","chr3","120901205","120901507","12","14436213"
"chr3","106556276","106556575","chr3","120808805","120809104","7","14252529"
"chr3","106981943","106982229","chr3","120382423","120382712","9","13400480"
"chr3","107225964","107226281","chr3","120142865","120143180","18","12916901"
"chr3","107272165","107272470","chr3","120096587","120096896","15","12824422"
"chr3","107340345","107340667","chr3","82074722","82075043","54","25265623"
"chr3","107401782","107402062","chr3","119966275","119966563","11","12564493"
"chr3","108920976","108921255","chr3","118379228","118379507","3","9458252"
"chr3","109189551","109189858","chr2","94182728","94183029","44","15006823"
"chr3","109231944","109232246","chr3","118077880","118078182","4","8845936"
"chr3","109253465","109253763","chr3","118056076","118056375","5","8802611"
"chr3","109290113","109290435","chr1","27794889","27795194","54","81495224"
"chr3","109452881","109453054","chr3","117850722","117850896","3","8397841"
"chr3","109457467","109457772","chr3","117845348","117845624","33","8387881"
"chr3","109478657","109478961","chr3","117822648","117822953","5","8343991"
"chr3","109486597","109486885","chr3","117814793","117815086","14","8328196"
"chr3","109501924","109502213","chr3","117799391","117799691","28","8297467"
"chr3","109576476","109576768","chr2","123322769","123323062","39","13746293"
"chr3","109653518","109653813","chr3","117611458","117611753","4","7957940"
"chr3","109717565","109717871","chr1","139284674","139284976","42","29567109"
"chr3","109783763","109784039","chr3","117493233","117493509","9","7709470"
"chr3","109784317","109784485","chr3","117492787","117492955","1","7708470"
"chr3","109835461","109835720","chr3","117441880","117442138","6","7606419"
"chr3","109859085","109859380","chr3","117418979","117419274","3","7559894"
"chr3","109947116","109947359","chr13","101587351","101587586","47","8359765"
"chr3","109979063","109979360","chr3","101891832","101892131","8","8087231"
"chr3","109990168","109990483","chr3","101903045","101903355","6","8087123"
"chr3","110050277","110050553","chr10","84786278","84786557","34","25263999"
"chr3","110188532","110188842","chr3","102110791","102111091","20","8077741"
"chr3","110293953","110294257","chr4","28719545","28719847","31","81574408"
"chr3","110393404","110393716","chr3","102311557","102311869","7","8081847"
"chr3","110460589","110460900","chr3","102372696","102373004","7","8087893"
"chr3","110623301","110623602","chr3","102532188","102532489","16","8091113"
"chr3","111080460","111080740","chr1","34227169","34227449","31","76853291"
"chr3","111129279","111129602","chr2","182562255","182562578","51","71432976"
"chr3","111423885","111424182","chr3","103457680","103457972","13","7966205"
"chr3","111677376","111677685","chr3","103708771","103709067","22","7968605"
"chr3","111915056","111915330","chr3","103934147","103934419","6","7980909"
"chr3","112034902","112035195","chr3","104053982","104054268","13","7980920"
"chr3","112413641","112413838","chr3","104431919","104432124","21","7981722"
"chr3","112914972","112915281","chr3","104925720","104926029","1","7989252"
"chr3","113119562","113119865","chr3","105150847","105151149","5","7968715"
"chr3","113348180","113348500","chr2","179582629","179582952","48","66234449"
"chr3","113455693","113455974","chr6","145139729","145140009","37","31684036"
"chr3","113620669","113620969","chr3","105663131","105663421","15","7957538"
"chr3","113903250","113903510","chr3","105945200","105945460","2","7958050"
"chr3","113907397","113907673","chr3","105949361","105949641","5","7958036"
"chr3","114011914","114012208","chr3","106053741","106054027","12","7958173"
"chr3","114069297","114069598","chr3","106111377","106111667","16","7957920"
"chr3","114116090","114116383","chr3","106158129","106158417","7","7957961"
"chr3","114129263","114129556","chr3","106171280","106171573","2","7957983"
"chr3","114139092","114139399","chr3","106181110","106181417","1","7957982"
"chr3","114142984","114143256","chr3","106185039","106185321","17","7957945"
"chr3","114259286","114259595","chr3","106306662","106306973","10","7952624"
"chr3","114367445","114367725","chr3","106414487","106414762","10","7952958"
"chr3","114598012","114598312","chr3","106711618","106711918","2","7886394"
"chr3","115206325","115206625","chr3","107326812","107327124","20","7879513"
"chr3","115436896","115437213","chr3","107553665","107553943","44","7883231"
"chr3","115660635","115660926","chr3","107778692","107778986","4","7881943"
"chr3","115768803","115769108","chr3","107888338","107888646","10","7880465"
"chr3","115807514","115807815","chr16","72733551","72733852","43","43073963"
"chr3","115893528","115893818","chr1","38819149","38819445","41","77074379"
"chr3","115903531","115903836","chr3","108018925","108019233","8","7884606"
"chr3","115949485","115949783","chr3","108064720","108065018","3","7884765"
"chr3","116051463","116051756","chr3","108165552","108165845","11","7885911"
"chr3","116436105","116436372","chr2","111207154","111207426","46","5228951"
"chr3","116491388","116491687","chr3","108605284","108605587","8","7886104"
"chr3","116612473","116612761","chr14","79926673","79926960","45","36685800"
"chr3","117269438","117269740","chr3","109414279","109414584","8","7855159"
"chr3","117494392","117494668","chr3","109636688","109636964","7","7857704"
"chr3","117646814","117647087","chr3","109783261","109783557","26","7863553"
"chr3","117829093","117829336","chr7","68403152","68403402","49","49425941"
"chr3","117844299","117844597","chr16","57269589","57269887","34","60574710"
"chr3","117848038","117848333","chr3","110002190","110002492","20","7845848"
"chr3","117994013","117994320","chr3","110182998","110183301","13","7811015"
"chr3","118005294","118005579","chr3","110194216","110194505","5","7811078"
"chr3","118068813","118069113","chr3","110257350","110257654","14","7811463"
"chr3","118157099","118157402","chr3","110346121","110346414","18","7810978"
"chr3","118189634","118189928","chr1","25808301","25808590","39","92381333"
"chr3","118205779","118206040","chr5","98520075","98520333","52","19685704"
"chr3","118216320","118216599","chr3","110406668","110406949","9","7809652"
"chr3","118290938","118291232","chr3","110482784","110483078","5","7808154"
"chr3","118323507","118323802","chr3","110516602","110516900","15","7806905"
"chr3","118495986","118496279","chr3","34919349","34919640","39","83576637"
"chr3","118606132","118606426","chr3","110802529","110802824","5","7803603"
"chr3","118853919","118854207","chr3","111050481","111050769","6","7803438"
"chr3","118898457","118898766","chr3","111091923","111092227","7","7806534"
"chr3","118904425","118904735","chr3","111099756","111100067","5","7804669"
"chr3","119194691","119194984","chr3","111386339","111386625","15","7808352"
"chr3","119244158","119244463","chr5","45372059","45372364","2","73872099"
"chr3","119451371","119451668","chr3","111641760","111642054","23","7809611"
"chr3","119502090","119502395","chr3","111693336","111693641","9","7808754"
"chr3","119718255","119718557","chr1","63216852","63217153","41","56501403"
"chr3","119875635","119875943","chr3","112069815","112070118","8","7805820"
"chr3","119885445","119885708","chr3","112079628","112079891","7","7805817"
"chr3","120155587","120155908","chr1","210895757","210896056","55","90740170"
"chr3","120196208","120196517","chr3","112403561","112403868","13","7792647"
"chr3","120417335","120417569","chr5","40409921","40410155","34","80007414"
"chr3","120454809","120455095","chr3","112677453","112677723","17","7777356"
"chr3","120754100","120754395","chr3","70058965","70059256","42","50695135"
"chr3","120910288","120910580","chr19","48550462","48550755","41","72359826"
"chr3","120968052","120968362","chr3","113202015","113202325","4","7766037"
"chr3","121005411","121005695","chr3","113239284","113239568","6","7766127"
"chr3","121036783","121037089","chr3","113275592","113275898","7","7761191"
"chr3","121107687","121107975","chr3","113352933","113353230","13","7754754"
"chr3","121143688","121143981","chr3","113388818","113389115","8","7754870"
"chr3","121192667","121192991","chr3","113440781","113441090","24","7751886"
"chr3","121195498","121195783","chr3","113443267","113443572","34","7752231"
"chr3","121205829","121206136","chr3","113453593","113453885","19","7752236"
"chr3","121240899","121241191","chr3","113488379","113488673","5","7752520"
"chr3","121342268","121342549","chr4","86248024","86248306","35","35094244"
"chr3","121705367","121705671","chr3","113941067","113941357","22","7764300"
"chr3","122057479","122057760","chr10","84786278","84786557","33","37271201"
"chr3","122497006","122497313","chr3","114696388","114696694","12","7800618"
"chr3","122698692","122698962","chr3","114900891","114901161","5","7797801"
"chr3","123286393","123286669","chr3","115580199","115580475","2","7706194"
"chr3","123417238","123417527","chr3","115715181","115715469","9","7702057"
"chr3","123542212","123542467","chr3","115878227","115878459","26","7663985"
"chr3","123849294","123849598","chr8","63724629","63724930","36","60124665"
"chr3","124003742","124004050","chr3","116350555","116350861","5","7653187"
"chr3","124174888","124175173","chr3","116526474","116526771","25","7648414"
"chr3","124189308","124189607","chr3","116540794","116541084","16","7648514"
"chr3","124229748","124230051","chr3","116580205","116580504","7","7649543"
"chr3","124234020","124234236","chr3","116584477","116584693","3","7649543"
"chr3","124265683","124265976","chr19","33673355","33673647","36","90592328"
"chr3","124281287","124281589","chr20","16420888","16421190","33","107860399"
"chr3","124305711","124305958","chr3","116657533","116657818","43","7648178"
"chr3","124355914","124356224","chr2","68541145","68541453","35","55814769"
"chr3","124406594","124406878","chr3","116758105","116758388","9","7648489"
"chr3","124413130","124413390","chr3","54394293","54394552","41","70018837"
"chr3","124418387","124418682","chr3","116769414","116769717","14","7648973"
"chr3","124447219","124447510","chr3","116798262","116798553","4","7648957"
"chr3","124450846","124451099","chr12","59130051","59130310","37","65320795"
"chr3","124497599","124497903","chr3","116851636","116851932","14","7645963"
"chr3","124530316","124530535","chr9","54584502","54584722","43","69945814"
"chr3","124592761","124593060","chr3","116947442","116947741","3","7645319"
"chr3","124598566","124598876","chr3","116953362","116953672","5","7645204"
"chr3","124918464","124918772","chr3","117348417","117348725","10","7570047"
"chr3","125016788","125017097","chr3","128035212","128035521","6","3018424"
"chr3","125127535","125127832","chr3","128144723","128145020","2","3017188"
"chr3","125292680","125292964","chr15","24784060","24784344","36","100508620"
"chr3","125318266","125318568","chr3","128338128","128338434","15","3019862"
"chr3","125342189","125342428","chr3","128362400","128362641","3","3020211"
"chr3","125385864","125386152","chr16","42689947","42690240","41","82695917"
"chr3","125414141","125414433","chr13","61957704","61958000","31","63456437"
"chr3","125428641","125428935","chr3","128450592","128450900","22","3021951"
"chr3","125468968","125469266","chr2","142906488","142906786","3","17437520"
"chr3","125520994","125521293","chr3","128500673","128500973","9","2979679"
"chr3","125526986","125527283","chr18","67288356","67288650","33","58238630"
"chr3","125564288","125564577","chr3","128591084","128591375","4","3026796"
"chr3","125653574","125653861","chr3","128678709","128678996","2","3025135"
"chr3","125701913","125702218","chr3","128727088","128727386","14","3025175"
"chr3","126139760","126140099","chr3","129252865","129253176","77","3113105"
"chr3","126346697","126346996","chr3","129459352","129459653","12","3112655"
"chr3","126443600","126443905","chr3","129558700","129559008","8","3115100"
"chr3","126476824","126477133","chr3","129592132","129592428","19","3115308"
"chr3","126527939","126528232","chr3","129643403","129643698","6","3115464"
"chr3","126575834","126576111","chr3","129692783","129693090","34","3116949"
"chr3","126743133","126743442","chr3","129860245","129860555","6","3117112"
"chr3","126854500","126854790","chr3","130013255","130013541","7","3158755"
"chr3","126941394","126941689","chr3","130100163","130100458","4","3158769"
"chr3","126981979","126982277","chr13","63591808","63592109","36","63390171"
"chr3","127055214","127055513","chr3","42516130","42516429","41","84539084"
"chr3","127060699","127060969","chr3","130219575","130219866","25","3158876"
"chr3","127092524","127092767","chr6","75910223","75910465","39","51182301"
"chr3","127097148","127097456","chr3","130256277","130256591","10","3159129"
"chr3","127133326","127133615","chrX","94591676","94591967","40","32541650"
"chr3","127170520","127170796","chr3","130329213","130329489","3","3158693"
"chr3","127271765","127272017","chr3","130430735","130430987","6","3158970"
"chr3","127283697","127283992","chr3","130442647","130442942","0","3158950"
"chr3","127287187","127287485","chr16","19872419","19872717","34","107414768"
"chr3","127291154","127291427","chr3","130449785","130450058","7","3158631"
"chr3","127315675","127315969","chr3","130473891","130474185","2","3158216"
"chr3","127441051","127441336","chr3","130599369","130599674","33","3158318"
"chr3","127454724","127455024","chrX","113580694","113580993","39","13874030"
"chr3","127479954","127480230","chr3","130637294","130637596","31","3157340"
"chr3","127525676","127525972","chr3","130682279","130682574","5","3156603"
"chr3","127570449","127570726","chr3","130725942","130726219","4","3155493"
"chr3","127581431","127581733","chr3","130737409","130737714","4","3155978"
"chr3","127598574","127598865","chr2","56236604","56236899","41","71361970"
"chr3","127668605","127668903","chr3","130830126","130830424","3","3161521"
"chr3","127758612","127758812","chr3","130937872","130938072","2","3179260"
"chr3","127759119","127759412","chr2","123322769","123323062","36","4436350"
"chr3","127797809","127798114","chr4","166322257","166322565","23","38524448"
"chr3","127810089","127810320","chr3","130990236","130990468","10","3180147"
"chr3","127831158","127831329","chr3","131010988","131011159","3","3179830"
"chr3","127866014","127866313","chr3","131046262","131046561","6","3180248"
"chr3","128064266","128064578","chr16","10916351","10916657","39","117147915"
"chr3","128066913","128067183","chr7","135127404","135127668","37","7060491"
"chr3","128280504","128280813","chr3","131455232","131455539","9","3174728"
"chr3","128375095","128375397","chr3","131547102","131547402","8","3172007"
"chr3","128386920","128387220","chr2","159817530","159817826","38","31430610"
"chr3","128692082","128692377","chr13","70811388","70811681","33","57880694"
"chr3","129124652","129124944","chr3","132372881","132373173","6","3248229"
"chr3","129145446","129145739","chr3","132394484","132394778","5","3249038"
"chr3","129159181","129159479","chr3","132408350","132408647","6","3249169"
"chr3","129191904","129192142","chr3","132439360","132439598","12","3247456"
"chr3","129343849","129344120","chr3","132593849","132594118","7","3250000"
"chr3","129389711","129389991","chrX","101188584","101188863","29","28201127"
"chr3","129462062","129462315","chr3","132714089","132714329","17","3252027"
"chr3","129519976","129520279","chr2","142744283","142744586","37","13224307"
"chr3","129527132","129527438","chr1","27794889","27795194","41","101732243"
"chr3","129561941","129562225","chr3","132809580","132809874","14","3247639"
"chr3","129974082","129974366","chr3","133224092","133224376","9","3250010"
"chr3","129989840","129990154","chrX","128903017","128903324","43","1086823"
"chr3","130034164","130034462","chr3","133283721","133284019","6","3249557"
"chr3","130036587","130036890","chr3","133286173","133286476","6","3249586"
"chr3","130062706","130063015","chr1","42771177","42771482","45","87291529"
"chr3","130107826","130108097","chr3","133361335","133361631","31","3253509"
"chr3","130124518","130124823","chr16","3357166","3357475","42","126767352"
"chr3","130147786","130148057","chr3","133401374","133401644","7","3253588"
"chr3","130186115","130186401","chr3","133440115","133440400","10","3254000"
"chr3","130250617","130250883","chr4","6584590","6584852","39","123666027"
"chr3","130352576","130352876","chr3","133607689","133607993","11","3255113"
"chr3","130628041","130628322","chr3","133889921","133890202","4","3261880"
"chr3","130714261","130714553","chr3","133975952","133976244","5","3261691"
"chr3","131152688","131152983","chr1","21644560","21644858","42","109508128"
"chr3","131637198","131637506","chr3","134917358","134917658","21","3280160"
"chr3","131649539","131649817","chr3","134929365","134929642","7","3279826"
"chr3","132376432","132376734","chr3","135660135","135660438","6","3283703"
"chr3","132615855","132616153","chr3","135912208","135912516","18","3296353"
"chr3","132701329","132701638","chr5","16888355","16888663","30","115812974"
"chr3","132843172","132843426","chr3","136191000","136191248","15","3347828"
"chr3","133174601","133174890","chr4","29185012","29185294","40","103989589"
"chr3","133220093","133220362","chr7","33128405","33128679","40","100091688"
"chr3","133235109","133235415","chr3","136583732","136584034","9","3348623"
"chr3","133268455","133268755","chr3","136617261","136617561","4","3348806"
"chr3","133329299","133329602","chr5","84621454","84621751","42","48707845"
"chr3","133456786","133457088","chr3","136804329","136804624","15","3347543"
"chr3","133633343","133633655","chr3","136979476","136979789","9","3346133"
"chr3","133672136","133672443","chr3","137020357","137020664","5","3348221"
"chr3","133721841","133722134","chr3","137070726","137070992","38","3348885"
"chr3","133723265","133723553","chr3","137072122","137072411","11","3348857"
"chr3","133743086","133743342","chr3","137092097","137092352","6","3349011"
"chr3","133834013","133834314","chr2","166819481","166819788","37","32985468"
"chr3","133836263","133836568","chr3","137185300","137185610","10","3349037"
"chr3","133956849","133957146","chr3","137306054","137306351","6","3349205"
"chr3","134081577","134081872","chr3","137428910","137429202","9","3347333"
"chr3","134187194","134187485","chr3","137575135","137575428","5","3387941"
"chr3","134215345","134215586","chr3","137603450","137603691","6","3388105"
"chr3","134294801","134294951","chr10","56995889","56996047","26","77298912"
"chr3","134373295","134373604","chr3","137764055","137764362","5","3390760"
"chr3","134436290","134436591","chr3","137828331","137828624","24","3392041"
"chr3","134706682","134706978","chr3","138103513","138103816","16","3396831"
"chr3","134914795","134915096","chr6","132612470","132612770","34","2302325"
"chr3","134944310","134944542","chr3","138330765","138330997","5","3386455"
"chr3","135765199","135765474","chr3","139210223","139210498","5","3445024"
"chr3","136350427","136350726","chr3","139837084","139837382","9","3486657"
"chr3","136352144","136352431","chr3","139838963","139839269","29","3486819"
"chr3","136741240","136741546","chr3","140278036","140278339","6","3536796"
"chr3","136764069","136764297","chr3","140300772","140301000","7","3536703"
"chr3","136912591","136912908","chr12","20896473","20896777","69","116016118"
"chr3","136957395","136957688","chr3","140493866","140494159","3","3536471"
"chr3","137224363","137224672","chr3","140758535","140758844","34","3534172"
"chr3","137239072","137239350","chr3","140773209","140773487","9","3534137"
"chr3","137337119","137337384","chr3","140871303","140871567","5","3534184"
"chr3","137532789","137533067","chr3","141067740","141068020","8","3534951"
"chr3","137769494","137769798","chr3","141305286","141305590","7","3535792"
"chr3","138166486","138166818","chr3","141707316","141707618","37","3540830"
"chr3","138407351","138407609","chr6","178787227","178787483","37","40379876"
"chr3","138813947","138814237","chr3","142359709","142359999","4","3545762"
"chr3","138849664","138849977","chr3","84864399","84864707","38","53985265"
"chr3","138869039","138869339","chr3","142414661","142414962","8","3545622"
"chr3","138883006","138883303","chr11","83904447","83904738","40","54978559"
"chr3","139016903","139017205","chr7","49590553","49590852","37","89426350"
"chr3","139055777","139056081","chr1","115655199","115655492","47","23400578"
"chr3","139078041","139078333","chr4","20645573","20645866","28","118432468"
"chr3","139177309","139177612","chr3","142825278","142825557","33","3647969"
"chr3","139408686","139408999","chr3","143058099","143058413","8","3649413"
"chr3","139502993","139503297","chr3","143158385","143158689","8","3655392"
"chr3","139575162","139575464","chr3","143230513","143230812","9","3655351"
"chr3","139715009","139715315","chr5","42423911","42424206","49","97291098"
"chr3","139785576","139785882","chr3","143442342","143442648","7","3656766"
"chr3","139870224","139870516","chr3","143526170","143526467","11","3655946"
"chr3","140139445","140139752","chr3","143792294","143792601","2","3652849"
"chr3","140165583","140165874","chr3","143817508","143817798","8","3651925"
"chr3","140406096","140406384","chr3","144060584","144060869","9","3654488"
"chr3","140527224","140527520","chr3","144182363","144182660","11","3655139"
"chr3","140843802","140844045","chr3","144508964","144509207","9","3665162"
"chr3","141063909","141064203","chr1","213350916","213351207","51","72287007"
"chr3","141171355","141171650","chr3","144846280","144846575","6","3674925"
"chr3","141293250","141293558","chr3","144989670","144989979","10","3696420"
"chr3","141497965","141498260","chr3","145209260","145209558","7","3711295"
"chr3","141807260","141807557","chr3","145535520","145535816","10","3728260"
"chr3","141883656","141883964","chr3","30115080","30115399","53","111768576"
"chr3","142118997","142119286","chr3","145890286","145890566","19","3771289"
"chr3","142277790","142278092","chr1","36571357","36571666","50","105706433"
"chr3","142746638","142746929","chr3","146564515","146564802","11","3817877"
"chr3","142773565","142773858","chr3","146591373","146591669","6","3817808"
"chr3","142927043","142927348","chr3","146743366","146743672","4","3816323"
"chr3","143005022","143005326","chr5","117993614","117993913","34","25011408"
"chr3","143132890","143133173","chr3","146950651","146950935","3","3817761"
"chr3","143271388","143271592","chr19","53601168","53601379","27","89670220"
"chr3","143274271","143274513","chr3","147090638","147090878","6","3816367"
"chr3","143282746","143283031","chr18","2351340","2351628","39","140931406"
"chr3","143306005","143306285","chr3","147123737","147124017","6","3817732"
"chr3","143614740","143615044","chr3","147432232","147432531","8","3817492"
"chr3","143649961","143650261","chr3","147467475","147467777","4","3817514"
"chr3","143749335","143749627","chr19","38983853","38984148","47","104765482"
"chr3","144151529","144151836","chr14","32741268","32741577","32","111410261"
"chr3","144316171","144316480","chr3","148141918","148142227","7","3825747"
"chr3","144325217","144325518","chr3","148151021","148151320","6","3825804"
"chr3","144597223","144597532","chr19","12775179","12775488","39","131822044"
"chr3","144645790","144646092","chr3","148484868","148485170","10","3839078"
"chr3","144673881","144674180","chrX","62908986","62909285","35","81764895"
"chr3","144706785","144707072","chr4","36321372","36321657","52","108385413"
"chr3","144799305","144799598","chr3","148634293","148634586","4","3834988"
"chr3","144805015","144805305","chr3","148639990","148640274","7","3834975"
"chr3","144845064","144845350","chr3","148679538","148679826","8","3834474"
"chr3","145007837","145008142","chr16","38432270","38432579","47","106575567"
"chr3","145299992","145300300","chr3","149185178","149185479","17","3885186"
"chr3","145665374","145665657","chr11","75778298","75778593","42","69887076"
"chr3","145682519","145682822","chr3","149563619","149563922","2","3881100"
"chr3","145775886","145776189","chr3","149656963","149657265","15","3881077"
"chr3","145785657","145785993","chr3","149667050","149667358","38","3881393"
"chr3","145788776","145789072","chr3","149670121","149670411","10","3881345"
"chr3","145808177","145808470","chr6","69646373","69646670","37","76161804"
"chr3","145860553","145860836","chr3","149741868","149742153","5","3881315"
"chr3","145970883","145971163","chr3","149850117","149850395","8","3879234"
"chr3","146059147","146059449","chr3","149984900","149985195","11","3925753"
"chr3","146128218","146128478","chr9","93084905","93085175","43","53043313"
"chr3","146226240","146226531","chr3","150197710","150198001","1","3971470"
"chr3","146369642","146369801","chr10","56995889","56996047","24","89373753"
"chr3","146675808","146676064","chr3","150643484","150643740","10","3967676"
"chr3","146756398","146756694","chr3","150724546","150724848","15","3968148"
"chr3","146907253","146907542","chr3","150884283","150884574","8","3977030"
"chr3","146978177","146978506","chr2","182562255","182562578","49","35584078"
"chr3","147048260","147048551","chr3","151027252","151027543","5","3978992"
"chr3","147155341","147155618","chr3","151142571","151142852","18","3987230"
"chr3","147176181","147176460","chr3","184719859","184720139","38","37543678"
"chr3","147369125","147369436","chr1","44004494","44004799","35","103364631"
"chr3","147382391","147382672","chr13","87151541","87151819","36","60230850"
"chr3","147393334","147393621","chr2","189775345","189775633","43","42382011"
"chr3","147639866","147640160","chr3","151616582","151616877","8","3976716"
"chr3","148320726","148320976","chr14","13974578","13974828","37","134346148"
"chr3","148392624","148392845","chr3","152638072","152638293","2","4245448"
"chr3","148616534","148616863","chr3","152851869","152852166","36","4235335"
"chr3","148643072","148643374","chr3","152879282","152879585","7","4236210"
"chr3","148819593","148819779","chr2","188378945","188379138","32","39559352"
"chr3","148854453","148854761","chr2","94680090","94680393","34","54174363"
"chr3","149001823","149002128","chr3","153240042","153240346","9","4238219"
"chr3","149007672","149007972","chr3","153246219","153246532","26","4238547"
"chr3","149092385","149092682","chr1","121564029","121564325","36","27528356"
"chr3","149192754","149193052","chr6","132025696","132025992","39","17167058"
"chr3","149300234","149300506","chr3","153527108","153527398","23","4226874"
"chr3","149410794","149411086","chr3","153640372","153640650","20","4229578"
"chr3","149491241","149491501","chr19","49724350","49724611","38","99766891"
"chr3","149496755","149497046","chr3","153760706","153760999","9","4263951"
"chr3","149580857","149581165","chr3","153844685","153844993","3","4263828"
"chr3","149622721","149623020","chr3","153887107","153887412","9","4264386"
"chr3","149790722","149791026","chr3","154055886","154056189","9","4265164"
"chr3","150027141","150027452","chr2","62074209","62074517","38","87952932"
"chr3","150158029","150158323","chr3","154421512","154421804","5","4263483"
"chr3","150274201","150274507","chr3","154543845","154544151","6","4269644"
"chr3","150310459","150310758","chr3","154580046","154580342","9","4269587"
"chr3","150318322","150318562","chr16","38396460","38396698","32","111921862"
"chr3","150435838","150436141","chr3","154702682","154702979","15","4266844"
"chr3","150470167","150470430","chr2","70655413","70655669","41","79814754"
"chr3","150506268","150506573","chr3","154805191","154805496","2","4298923"
"chr3","150571976","150572283","chr3","154871201","154871498","15","4299225"
"chr3","150700964","150701270","chr3","155000202","155000509","7","4299238"
"chr3","150748017","150748313","chr3","155046645","155046944","3","4298628"
"chr3","150757206","150757507","chr3","155055734","155056037","10","4298528"
"chr3","150760730","150761035","chr3","155058193","155058498","3","4297463"
"chr3","150827607","150827913","chr4","105373661","105373961","43","45453946"
"chr3","150830238","150830531","chr3","155126099","155126397","8","4295861"
"chr3","150833641","150833946","chr3","155129513","155129811","13","4295872"
"chr3","150849566","150849871","chr3","155144070","155144374","2","4294504"
"chr3","150889166","150889468","chr11","75647466","75647763","37","75241700"
"chr3","150907679","150907983","chr3","155204742","155205047","8","4297063"
"chr3","150925905","150926050","chr7","43073059","43073194","29","107852846"
"chr3","150936058","150936360","chr16","67222128","67222427","37","83713930"
"chr3","150983118","150983416","chr7","41647454","41647750","35","109335664"
"chr3","150987037","150987331","chr5","56701456","56701750","38","94285581"
"chr3","150988987","150989293","chr3","155284810","155285116","5","4295823"
"chr3","151007317","151007607","chr3","155304139","155304431","2","4296822"
"chr3","151082048","151082351","chr3","155379249","155379552","3","4297201"
"chr3","151105366","151105657","chr3","155403264","155403549","8","4297898"
"chr3","151154976","151155270","chr13","72029886","72030179","31","79125090"
"chr3","151170475","151170785","chr1","42771177","42771482","45","108399298"
"chr3","151176334","151176620","chr3","155474351","155474636","3","4298017"
"chr3","151234824","151235089","chr3","155533424","155533689","2","4298600"
"chr3","151242131","151242417","chr3","155541252","155541535","5","4299121"
"chr3","151273952","151274238","chr3","155575076","155575360","7","4301124"
"chr3","151284082","151284364","chr3","155592063","155592347","10","4307981"
"chr3","151322215","151322493","chr2","104974132","104974406","46","46348083"
"chr3","151371902","151372208","chr3","155679838","155680147","6","4307936"
"chr3","151379154","151379426","chr4","58280250","58280521","45","93098904"
"chr3","151392729","151393033","chr19","45177122","45177428","33","106215607"
"chr3","151417913","151418180","chr1","31079701","31079976","50","120338212"
"chr3","151505648","151505952","chr5","139144255","139144558","41","12361393"
"chr3","151589987","151590271","chr3","155903106","155903385","5","4313119"
"chr3","151618642","151618937","chr3","155932400","155932694","9","4313758"
"chr3","151668208","151668506","chr1","129540953","129541251","43","22127255"
"chr3","151708532","151708799","chr3","156024166","156024433","10","4315634"
"chr3","151711674","151711975","chr3","156027442","156027736","13","4315768"
"chr3","151731223","151731515","chr3","156047121","156047412","7","4315898"
"chr3","151744274","151744553","chr3","156060477","156060776","21","4316203"
"chr3","151814453","151814744","chr3","156132504","156132795","2","4318051"
"chr3","151827459","151827742","chr3","156145154","156145437","7","4317695"
"chr3","151831535","151831813","chr3","156149231","156149508","5","4317696"
"chr3","151846272","151846433","chr3","156163316","156163477","4","4317044"
"chr3","151863604","151863890","chr3","156176592","156176880","4","4312988"
"chr3","151896228","151896517","chr3","156208935","156209224","2","4312707"
"chr3","151919030","151919331","chr3","156232607","156232908","1","4313577"
"chr3","151971320","151971620","chr3","156289160","156289463","13","4317840"
"chr3","151983733","151984021","chr3","156302073","156302361","7","4318340"
"chr3","152004365","152004663","chr3","156323805","156324104","8","4319440"
"chr3","152196325","152196625","chr16","31162778","31163077","45","121033547"
"chr3","152466440","152466750","chr3","156778811","156779124","7","4312371"
"chr3","152572248","152572541","chr3","156884336","156884629","3","4312088"
"chr3","152955590","152955830","chr3","157273960","157274234","36","4318370"
"chr3","152994647","152994767","chr11","48459697","48459813","20","104534950"
"chr3","152994869","152995031","chr12","20846114","20846272","25","132148755"
"chr3","153007547","153007852","chr3","157325503","157325810","14","4317956"
"chr3","153027282","153027592","chr3","157343678","157343988","6","4316396"
"chr3","153050193","153050503","chr3","157367071","157367379","9","4316878"
"chr3","153162648","153162930","chr2","55229773","55230026","74","97932875"
"chr3","153183492","153183808","chr2","94680090","94680393","43","58503402"
"chr3","153185360","153185655","chr3","157502540","157502838","4","4317180"
"chr3","153315225","153315509","chr3","157633249","157633523","15","4318024"
"chr3","153320671","153320956","chr3","157638359","157638646","13","4317688"
"chr3","153408468","153408782","chr3","157724557","157724881","14","4316089"
"chr3","153591224","153591505","chr3","157898662","157898941","5","4307438"
"chr3","153627299","153627588","chr3","157934433","157934709","16","4307134"
"chr3","153733791","153734082","chr3","158041937","158042228","8","4308146"
"chr3","153798449","153798741","chr3","158104671","158104959","11","4306222"
"chr3","153808824","153809081","chr3","158115016","158115273","1","4306192"
"chr3","153862007","153862299","chr3","158199599","158199889","7","4337592"
"chr3","153915203","153915467","chr11","129828899","129829158","36","24086304"
"chr3","154191688","154191980","chr3","158525585","158525877","5","4333897"
"chr3","154307031","154307331","chr3","158640524","158640820","6","4333493"
"chr3","154529200","154529509","chr8","22420232","22420540","35","132108968"
"chr3","154772227","154772529","chr3","159107023","159107333","14","4334796"
"chr3","154833012","154833311","chr3","159169894","159170193","8","4336882"
"chr3","154900169","154900471","chr3","159236833","159237140","24","4336664"
"chr3","155008331","155008610","chr3","159345885","159346164","6","4337554"
"chr3","155031242","155031543","chr9","87903485","87903787","41","67127757"
"chr3","155049093","155049364","chr3","159387191","159387453","11","4338098"
"chr3","155049799","155050104","chr3","166477634","166477937","38","11427835"
"chr3","155309199","155309503","chr4","103327928","103328224","41","51981271"
"chr3","155553600","155553907","chr3","159881278","159881585","5","4327678"
"chr3","155714665","155714975","chr3","160041906","160042214","6","4327241"
"chr3","155813169","155813471","chr3","160135742","160136039","17","4322573"
"chr3","155890571","155890858","chr3","160213431","160213718","3","4322860"
"chr3","155921673","155921963","chr3","160246280","160246583","15","4324607"
"chr3","155928420","155928713","chr3","160252928","160253216","14","4324508"
"chr3","155938755","155939062","chr3","160263735","160264041","9","4324980"
"chr3","156054841","156055145","chr11","749544","749847","32","155305297"
"chr3","156124058","156124356","chr3","160452208","160452506","5","4328150"
"chr3","156193135","156193433","chr3","160516018","160516314","4","4322883"
"chr3","156217946","156218249","chr19","20791323","20791620","50","135426623"
"chr3","156299051","156299349","chr3","160623929","160624237","17","4324878"
"chr3","156320854","156321154","chr3","160645123","160645423","4","4324269"
"chr3","156326542","156326804","chr3","160650802","160651075","19","4324260"
"chr3","156481357","156481651","chr3","160966196","160966491","4","4484839"
"chr3","156516982","156517291","chr3","161002510","161002848","33","4485528"
"chr3","156552629","156552919","chr3","161043631","161043925","9","4491002"
"chr3","156560122","156560403","chr3","161051417","161051702","31","4491295"
"chr3","156615407","156615692","chr3","161108263","161108548","6","4492856"
"chr3","156724745","156725048","chr3","161219890","161220190","10","4495145"
"chr3","157020510","157020816","chr3","161546669","161546972","4","4526159"
"chr3","157157579","157157872","chr3","161692964","161693260","6","4535385"
"chr3","157278632","157278915","chr3","161815476","161815753","9","4536844"
"chr3","157284633","157284931","chr3","161821501","161821800","5","4536868"
"chr3","157286870","157287179","chr3","161823737","161824046","9","4536867"
"chr3","157317180","157317481","chr3","170225271","170225577","40","12908091"
"chr3","157343638","157343946","chr6","34946289","34946598","38","122397349"
"chr3","157379706","157380021","chr3","161923615","161923932","6","4543909"
"chr3","157478968","157479274","chr3","162022975","162023275","19","4544007"
"chr3","158022199","158022505","chr3","162565286","162565593","8","4543087"
"chr3","158137002","158137306","chr3","162679486","162679795","6","4542484"
"chr3","158374508","158374756","chr3","162905378","162905626","1","4530870"
"chr3","158405099","158405379","chr3","162927593","162927869","24","4522494"
"chr3","159617802","159617998","chr12","65315954","65316163","38","94301848"
"chr3","159735076","159735368","chr3","164248697","164248989","5","4513621"
"chr3","159767923","159768191","chr3","164281747","164282015","3","4513824"
"chr3","159805892","159806188","chr3","164319535","164319827","11","4513643"
"chr3","159862687","159862984","chr17","23775743","23776042","33","136086944"
"chr3","159909249","159909542","chr3","164455623","164455915","14","4546374"
"chr3","159914126","159914424","chr3","164460162","164460459","6","4546036"
"chr3","159999199","159999370","chr3","164539398","164539569","9","4540199"
"chr3","160024690","160024991","chr13","15809187","15809483","38","144215503"
"chr3","160065477","160065779","chr3","164607325","164607620","9","4541848"
"chr3","160069638","160069922","chr3","164611662","164611946","4","4542024"
"chr3","160103854","160104139","chr4","30749508","30749793","37","129354346"
"chr3","160115765","160116067","chr3","166477634","166477937","34","6361869"
"chr3","160116762","160117062","chr3","164658968","164659268","5","4542206"
"chr3","160145225","160145524","chr4","123382191","123382485","36","36763034"
"chr3","160167356","160167649","chr3","164714462","164714755","4","4547106"
"chr3","160189237","160189546","chr1","1258288","1258592","34","158930949"
"chr3","160263290","160263583","chr3","164821983","164822278","5","4558693"
"chr3","160290833","160291071","chr3","164849828","164850075","14","4558995"
"chr3","160372986","160373273","chr3","164932568","164932855","2","4559582"
"chr3","160429500","160429794","chr3","164994302","164994601","14","4564802"
"chr3","160431791","160432092","chr3","164996590","164996891","7","4564799"
"chr3","160464387","160464666","chr4","108333383","108333662","34","52131004"
"chr3","160468604","160468902","chr3","165033522","165033818","25","4564918"
"chr3","160544842","160545151","chr3","165332137","165332445","4","4787295"
"chr3","160646083","160646387","chr3","165230999","165231303","3","4584916"
"chr3","160700371","160700676","chr3","165177579","165177884","6","4477208"
"chr3","160763419","160763719","chr3","165115047","165115348","6","4351628"
"chr3","160854064","160854369","chr18","44305309","44305605","42","116548755"
"chr3","160939368","160939656","chr3","165506340","165506620","11","4566972"
"chr3","160948440","160948729","chr3","165514904","165515193","7","4566464"
"chr3","160954323","160954462","chr1","14553879","14554012","18","146400444"
"chr3","160972941","160973234","chr3","165535142","165535435","4","4562201"
"chr3","161009944","161010245","chr3","165574800","165575101","3","4564856"
"chr3","161017434","161017761","chr3","165582286","165582613","1","4564852"
"chr3","161026733","161027013","chr3","165591301","165591581","5","4564568"
"chr3","161071940","161072252","chr3","165636559","165636869","7","4564619"
"chr3","161088457","161088631","chr2","43070722","43070896","22","118017735"
"chr3","161200455","161200755","chr1","221572816","221573118","36","60372361"
"chr3","161234847","161235093","chr4","85863805","85864052","35","75371042"
"chr3","161262341","161262637","chr3","165833695","165833997","10","4571354"
"chr3","161287843","161288151","chr3","165858294","165858602","11","4570451"
"chr3","161288658","161288939","chr3","165859113","165859395","9","4570455"
"chr3","161358119","161358421","chr14","18654276","18654582","32","142703843"
"chr3","161672333","161672633","chr3","166278559","166278851","13","4606226"
"chr3","161844499","161844676","chr16","41796497","41796671","24","120048002"
"chr3","161860681","161860971","chr3","166467350","166467640","5","4606669"
"chr3","161870585","161870890","chr3","166477634","166477937","8","4607049"
"chr3","161921964","161922252","chr3","166529606","166529892","4","4607642"
"chr3","161954888","161955194","chr3","166562710","166563014","5","4607822"
"chr3","161969653","161969961","chr3","166576418","166576722","7","4606765"
"chr3","161971738","161972033","chr3","166578496","166578791","4","4606758"
"chr3","162014023","162014324","chr3","166622310","166622607","13","4608287"
"chr3","162033601","162033924","chr3","166642468","166642788","8","4608867"
"chr3","162039979","162040292","chr3","166649036","166649349","9","4609057"
"chr3","162041679","162041948","chr3","166650742","166651022","26","4609063"
"chr3","162044933","162045133","chrX","38286","38485","32","162006647"
"chr3","162090014","162090137","chr4","116566585","116566710","33","45523429"
"chr3","162165150","162165456","chr3","166774539","166774846","4","4609389"
"chr3","162231826","162232120","chr13","15809187","15809483","35","146422639"
"chr3","162262349","162262673","chr3","166867703","166868003","29","4605354"
"chr3","162285066","162285362","chr3","166895688","166895989","22","4610622"
"chr3","162300649","162300951","chr3","166910434","166910736","2","4609785"
"chr3","162320568","162320863","chr3","166931002","166931299","5","4610434"
"chr3","162328990","162329298","chr3","166938824","166939131","7","4609834"
"chr3","162342503","162342805","chr3","166951398","166951700","21","4608895"
"chr3","162352272","162352566","chr3","166960988","166961282","9","4608716"
"chr3","162369697","162369999","chr12","1362547","1362856","41","161007150"
"chr3","162392673","162392986","chr16","17156934","17157243","38","145235739"
"chr3","162400143","162400448","chrX","44731603","44731899","44","117668540"
"chr3","162415407","162415703","chr3","167023909","167024213","11","4608502"
"chr3","162418255","162418554","chr2","40628061","40628359","37","121790194"
"chr3","162443636","162443946","chr3","167052934","167053238","14","4609298"
"chr3","162569527","162569786","chr3","167180847","167181106","2","4611320"
"chr3","162578346","162578647","chr3","167188246","167188543","10","4609900"
"chr3","162586370","162586556","chr10","74925204","74925396","34","87661166"
"chr3","162586663","162586776","chr9","109625714","109625830","18","52960949"
"chr3","162626852","162627156","chr3","167238681","167238990","7","4611829"
"chr3","162630711","162631002","chr13","70811388","70811681","37","91819323"
"chr3","162636934","162637221","chr3","167248789","167249076","3","4611855"
"chr3","162687509","162687786","chr4","111703512","111703791","36","50983997"
"chr3","162716016","162716325","chr3","167328923","167329232","10","4612907"
"chr3","162837983","162838287","chr3","167506209","167506512","15","4668226"
"chr3","163040206","163040492","chr7","17574846","17575134","46","145465360"
"chr3","163169830","163170135","chr3","167837545","167837851","7","4667715"
"chr3","163264322","163264617","chr7","49590553","49590852","43","113673769"
"chr3","163301828","163302117","chr3","167971974","167972267","10","4670146"
"chr3","163308094","163308396","chr3","167978337","167978610","35","4670243"
"chr3","163321868","163322168","chr3","167991765","167992059","14","4669897"
"chr3","163345688","163345965","chr3","3185699","3185976","33","160159989"
"chr3","163387049","163387344","chr3","168056760","168057064","13","4669711"
"chr3","163448371","163448665","chr20","68593898","68594191","37","94854473"
"chr3","163537220","163537499","chr3","168203080","168203358","6","4665860"
"chr3","163593139","163593416","chr3","168262119","168262404","13","4668980"
"chr3","163679231","163679523","chr3","168354401","168354696","9","4675170"
"chr3","163751829","163752127","chr3","168420208","168420495","27","4668379"
"chr3","163813581","163813893","chr3","168482987","168483301","9","4669406"
"chr3","163823634","163823937","chr3","168493151","168493454","9","4669517"
"chr3","163878596","163878901","chr3","168548145","168548422","33","4669549"
"chr3","163894445","163894716","chr3","168560395","168560663","6","4665950"
"chr3","163984631","163984932","chr3","168651125","168651426","11","4666494"
"chr3","164015830","164016133","chr3","168670965","168671268","6","4655135"
"chr3","164032164","164032471","chr3","126595630","126595934","48","37436534"
"chr3","164041349","164041625","chr3","168696293","168696569","11","4654944"
"chr3","164203337","164203627","chr8","64956438","64956730","38","99246899"
"chr3","164500197","164500498","chr3","169172454","169172756","13","4672257"
"chr3","164618131","164618434","chr3","169338905","169339201","18","4720774"
"chr3","164831701","164832000","chr4","32829016","32829314","36","132002685"
"chr3","164872869","164873202","chr19","9157159","9157493","47","155715710"
"chr3","165009870","165010163","chr3","169777236","169777528","3","4767366"
"chr3","165083121","165083256","chr3","169852475","169852610","2","4769354"
"chr3","165084352","165084652","chr3","169853725","169854029","13","4769373"
"chr3","165102649","165102841","chr3","169871706","169871898","3","4769057"
"chr3","165105341","165105628","chr3","169874397","169874693","18","4769056"
"chr3","165196085","165196386","chrX","114303150","114303452","32","50892935"
"chr3","165221607","165221908","chr3","169992980","169993282","10","4771373"
"chr3","165315983","165316282","chr5","151490320","151490614","52","13825663"
"chr3","165402322","165402612","chr3","175450935","175451219","12","10048613"
"chr3","165433843","165434115","chr3","175416987","175417254","13","9983144"
"chr3","165444858","165445130","chr3","175416987","175417254","13","9972129"
"chr3","165691408","165691711","chr3","175140749","175141053","10","9449341"
"chr3","165765352","165765671","chr3","175065229","175065508","44","9299877"
"chr3","165767761","165768059","chr2","202299573","202299869","39","36531812"
"chr3","165903353","165903683","chr1","199904925","199905248","47","34001572"
"chr3","165948765","165949060","chr3","174884075","174884372","11","8935310"
"chr3","165989163","165989465","chr3","174843436","174843736","7","8854273"
"chr3","166076618","166076908","chr3","174707257","174707533","31","8630639"
"chr3","166153042","166153314","chrX","29454033","29454305","39","136699009"
"chr3","166371797","166372088","chr3","174428530","174428820","5","8056733"
"chr3","166402572","166402858","chr3","174397153","174397439","3","7994581"
"chr3","166429998","166430302","chr3","174370097","174370401","5","7940099"
"chr3","166453124","166453422","chr1","221763087","221763382","31","55309963"
"chr3","166469376","166469664","chr3","174330258","174330546","6","7860882"
"chr3","166474367","166474682","chr3","174326256","174326570","6","7851889"
"chr3","166501212","166501525","chr3","174299762","174300061","23","7798550"
"chr3","166505328","166505624","chr3","64049586","64049875","36","102455742"
"chr3","166565011","166565297","chr3","174236186","174236487","19","7671175"
"chr3","166577688","166577991","chr3","174223140","174223446","15","7645452"
"chr3","166762197","166762481","chr15","29916495","29916776","33","136845702"
"chr3","166853414","166853703","chr3","173946082","173946371","14","7092668"
"chr3","166916066","166916349","chr3","173886163","173886447","4","6970097"
"chr3","167100382","167100680","chr3","173699101","173699399","13","6598719"
"chr3","167243466","167243762","chr3","173558122","173558416","6","6314656"
"chr3","167300535","167300802","chr3","173499655","173499921","6","6199120"
"chr3","167375304","167375590","chr3","173430451","173430737","11","6055147"
"chr3","167396064","167396337","chr3","173411414","173411687","8","6015350"
"chr3","167409355","167409621","chr9","2992409","2992674","38","164416946"
"chr3","167648854","167649134","chr3","173118200","173118480","7","5469346"
"chr3","167931367","167931675","chr3","172833733","172834032","23","4902366"
"chr3","168055023","168055318","chr3","172710902","172711197","6","4655879"
"chr3","168404239","168404547","chr3","172311406","172311714","7","3907167"
"chr3","168585419","168585695","chr3","172133923","172134203","11","3548504"
"chr3","168682247","168682521","chr3","172037056","172037307","25","3354809"
"chr3","168690466","168690774","chr3","172028744","172029052","7","3338278"
"chr3","168745508","168745806","chr3","171975104","171975409","20","3229596"
"chr3","168804339","168804642","chr3","171916242","171916549","12","3111903"
"chr3","168862961","168863257","chr3","171857681","171857972","13","2994720"
"chr3","168955808","168956091","chr4","30749508","30749793","45","138206300"
"chr3","169163651","169163950","chr3","171567016","171567323","17","2403365"
"chr3","169187788","169188069","chr3","171542062","171542369","33","2354274"
"chr3","169294231","169294547","chr3","171435507","171435819","15","2141276"
"chr3","169326649","169326936","chr3","171402744","171403031","5","2076095"
"chr3","169403676","169403983","chr3","171314666","171314961","17","1910990"
"chr3","169490187","169490454","chr3","171237021","171237286","7","1746834"
"chr3","169543898","169544192","chr3","171181572","171181857","18","1637674"
"chr3","169562415","169562719","chr3","171162889","171163196","10","1600474"
"chr3","169638704","169639016","chr3","171085245","171085551","18","1446541"
"chr3","169764005","169764326","chr3","170961812","170962126","14","1197807"
"chr3","169782852","169783144","chr3","170943308","170943597","12","1160456"
"chr3","169800613","169800890","chr3","170925238","170925532","24","1124625"
"chr3","169879413","169879706","chr3","170847022","170847308","32","967609"
"chr3","169977143","169977452","chr3","170751417","170751720","12","774274"
"chr3","169997387","169997691","chr3","170730954","170731258","3","733567"
"chr3","170010399","170010698","chr3","170717931","170718240","21","707532"
"chr3","170029581","170029880","chr3","170698718","170699023","11","669137"
"chr3","170061656","170061965","chr3","170666016","170666330","19","604360"
"chr3","170073875","170074185","chr3","170653071","170653374","17","579196"
"chr3","170077630","170077930","chr3","170648765","170649072","9","571135"
"chr3","170093338","170093630","chr1","135697326","135697617","37","34396012"
"chr3","170108703","170108999","chr3","170616114","170616413","4","507411"
"chr3","170125089","170125385","chr3","170599741","170600042","10","474652"
"chr3","170194745","170195066","chr3","170537162","170537485","12","342417"
"chr3","170237219","170237515","chr5","42423911","42424206","40","127813308"
"chr3","170241051","170241276","chr3","170490325","170490550","4","249274"
"chr3","170271846","170272139","chr16","62065069","62065362","33","108206777"
"chr3","170435549","170435834","chr3","170291369","170291659","8","144180"
"chr3","170449510","170449808","chr3","170275796","170276108","26","173714"
"chr3","170498807","170499113","chr3","170225271","170225577","6","273536"
"chr3","170562797","170563084","chr5","51093281","51093567","34","119469516"
"chr3","170589841","170590127","chr3","170133492","170133775","6","456349"
"chr3","170592384","170592679","chr11","34016163","34016458","39","136576221"
"chr3","170612015","170612310","chr3","170109686","170109982","19","502329"
"chr3","170658127","170658422","chr3","170064593","170064892","7","593534"
"chr3","170706122","170706384","chr3","37292354","37292619","42","133413768"
"chr3","170719777","170720063","chr1","51613740","51614031","40","119106037"
"chr3","170723377","170723590","chr10","84797933","84798130","34","85925444"
"chr3","170734197","170734490","chr3","175643756","175644051","8","4909559"
"chr3","170758544","170758833","chr3","175676197","175676482","7","4917653"
"chr3","170759537","170759830","chr3","175677186","175677478","4","4917649"
"chr3","170771438","170771749","chr3","175684667","175684974","4","4913229"
"chr3","170782858","170783136","chr3","175693900","175694177","6","4911042"
"chr3","170801702","170802007","chr2","191592761","191593063","34","20791059"
"chr3","170804203","170804508","chr5","188997447","188997750","40","18193244"
"chr3","170812832","170813097","chr19","6354785","6355046","43","164458047"
"chr3","170827438","170827717","chr3","175736363","175736642","0","4908925"
"chr3","170869950","170870245","chr3","175779230","175779523","2","4909280"
"chr3","170897155","170897455","chr3","175804004","175804303","10","4906849"
"chr3","170910372","170910668","chr3","175816290","175816593","14","4905918"
"chr3","170912015","170912315","chr6","135675781","135676082","40","35236234"
"chr3","171162830","171163126","chr3","176068124","176068424","14","4905294"
"chr3","171291170","171291471","chr3","176157018","176157325","9","4865848"
"chr3","171320459","171320671","chr10","18738551","18738757","32","152581908"
"chr3","171435816","171436112","chr3","176311687","176311980","4","4875871"
"chr3","171550727","171551017","chr3","176427181","176427470","7","4876454"
"chr3","171622614","171622906","chr3","176529562","176529856","10","4906948"
"chr3","172078958","172079253","chr3","177008133","177008428","6","4929175"
"chr3","172138343","172138651","chr3","177066237","177066545","2","4927894"
"chr3","172166270","172166534","chr11","4511234","4511499","32","167655036"
"chr3","172440479","172440774","chr15","110123834","110124129","32","62316645"
"chr3","172452719","172452968","chr2","147675373","147675635","51","24777346"
"chr3","172466239","172466533","chr3","177392138","177392431","4","4925899"
"chr3","172513423","172513717","chr14","106284674","106284973","44","66228749"
"chr3","172580312","172580625","chr2","126151048","126151361","53","46429264"
"chr3","172625241","172625547","chr1","63216852","63217153","38","109408389"
"chr3","172677078","172677381","chr3","177607320","177607624","8","4930242"
"chr3","172708255","172708542","chr3","177639154","177639444","6","4930899"
"chr3","172710914","172711221","chr3","177641833","177642140","7","4930919"
"chr3","172851928","172852202","chr3","177783395","177783666","8","4931467"
"chr3","172914297","172914604","chr3","177849692","177850000","11","4935395"
"chr3","172947890","172947944","chr7","92625912","92625965","12","80321978"
"chr3","172947965","172948089","chr11","48459697","48459813","30","124488268"
"chr3","172949738","172950039","chr3","177885334","177885622","22","4935596"
"chr3","173088783","173089086","chr3","178026660","178026970","12","4937877"
"chr3","173183067","173183379","chr3","178120731","178121030","20","4937664"
"chr3","173215763","173216070","chr3","178154752","178155055","14","4938989"
"chr3","173232058","173232346","chr3","178171053","178171346","9","4938995"
"chr3","173233276","173233562","chr3","178172268","178172552","5","4938992"
"chr3","173242647","173242940","chr3","178180420","178180720","15","4937773"
"chr3","173298650","173298949","chr3","178235927","178236226","6","4937277"
"chr3","173373804","173374095","chr3","178310345","178310642","15","4936541"
"chr3","173421116","173421399","chr3","178357847","178358130","4","4936731"
"chr3","173441676","173441924","chr5","153297322","153297571","35","20144354"
"chr3","173518085","173518374","chr3","178454725","178455015","7","4936640"
"chr3","173588798","173589068","chr3","178527385","178527658","6","4938587"
"chr3","173629069","173629359","chr3","178566701","178566991","4","4937632"
"chr3","173673931","173674227","chr10","43604802","43605101","36","130069129"
"chr3","173680068","173680363","chr3","178618550","178618840","18","4938482"
"chr3","173683180","173683474","chr3","178621292","178621586","0","4938112"
"chr3","173706772","173706909","chr5","127348010","127348143","17","46358762"
"chr3","173713200","173713500","chr1","129020909","129021205","34","44692291"
"chr3","173739041","173739333","chr3","178680612","178680906","3","4941571"
"chr3","173757890","173758159","chr3","178699707","178700003","36","4941817"
"chr3","173768232","173768476","chr3","178710489","178710729","6","4942257"
"chr3","173779392","173779695","chr3","178720612","178720906","14","4941220"
"chr3","173786768","173787066","chr3","178728302","178728602","8","4941534"
"chr3","173796636","173796808","chr3","117850722","117850896","27","55945914"
"chr3","173799963","173800123","chr16","39584993","39585151","23","134214970"
"chr3","173802118","173802412","chr3","178744187","178744490","23","4942069"
"chr3","173805088","173805386","chr2","30005457","30005755","56","143799631"
"chr3","173815231","173815516","chrX","119597304","119597599","45","54217927"
"chr3","173823504","173823792","chr3","178767194","178767483","8","4943690"
"chr3","173852423","173852727","chr3","178797637","178797932","19","4945214"
"chr3","173860160","173860457","chr3","178805373","178805670","4","4945213"
"chr3","173879308","173879602","chr3","178823852","178824149","9","4944544"
"chr3","173973968","173974274","chr3","178931102","178931408","2","4957134"
"chr3","173993510","173993811","chr1","25636423","25636725","37","148357087"
"chr3","174003416","174003726","chr3","178960780","178961072","22","4957364"
"chr3","174013445","174013737","chr4","116702501","116702796","40","57310944"
"chr3","174014052","174014354","chr3","178972207","178972507","6","4958155"
"chr3","174068563","174068859","chr3","179027568","179027863","7","4959005"
"chr3","174252474","174252753","chr3","179211502","179211775","13","4959028"
"chr3","174289297","174289601","chr3","179250595","179250901","6","4961298"
"chr3","174575493","174575783","chr3","179526044","179526334","17","4950551"
"chr3","174621161","174621458","chr3","179573070","179573367","7","4951909"
"chr3","174828784","174829075","chr3","179781257","179781547","6","4952473"
"chr3","174847917","174848234","chr3","179800360","179800678","4","4952443"
"chr3","174937065","174937340","chr3","179899677","179899952","6","4962612"
"chr3","174993499","174993792","chrX","135456954","135457247","37","39536545"
"chr3","175076238","175076546","chr3","180047683","180047985","21","4971445"
"chr3","175146685","175146995","chr13","54790758","54791064","41","120355927"
"chr3","175158328","175158620","chr3","180129528","180129829","24","4971200"
"chr3","175444135","175444429","chr3","180457519","180457824","15","5013384"
"chr3","175524904","175525213","chr3","41524932","41525236","40","133999972"
"chr3","175604500","175604819","chr3","180616070","180616388","20","5011570"
"chr3","175689082","175689386","chr3","180704880","180705186","8","5015798"
"chr3","175745027","175745326","chr1","86220193","86220496","39","89524834"
"chr3","175910712","175910967","chr3","180928285","180928540","3","5017573"
"chr3","176181034","176181327","chr3","181228384","181228679","18","5047350"
"chr3","176230933","176231179","chr3","181278916","181279178","23","5047983"
"chr3","176274564","176274876","chr3","181322146","181322457","22","5047582"
"chr3","176328730","176329018","chr3","181378741","181379029","8","5050011"
"chr3","176390876","176391161","chr3","181442522","181442806","13","5051646"
"chr3","176400913","176401224","chr3","181453437","181453744","12","5052524"
"chr3","176574810","176575082","chr3","181631571","181631835","13","5056761"
"chr3","176870413","176870722","chr3","181924915","181925225","21","5054502"
"chr3","176902457","176902745","chr12","88102728","88103014","31","88799729"
"chr3","176938398","176938682","chr3","181993043","181993327","4","5054645"
"chr3","177082784","177082916","chr3","182137142","182137274","3","5054358"
"chr3","177413733","177414032","chr3","182644260","182644555","18","5230527"
"chr3","177446912","177447202","chr3","182678091","182678382","4","5231179"
"chr3","177458969","177459268","chr20","12939379","12939679","33","164519590"
"chr3","177483294","177483590","chr3","182714362","182714659","14","5231068"
"chr3","177684081","177684382","chr5","182762975","182763277","36","5078894"
"chr3","177686428","177686700","chr3","182926763","182927034","10","5240335"
"chr3","177918945","177919239","chr3","183150544","183150835","5","5231599"
"chr3","177958608","177958894","chr3","183188893","183189179","2","5230285"
"chr3","178009750","178010030","chr3","183241972","183242252","5","5232222"
"chr3","178047546","178047863","chr1","31162314","31162639","47","146885232"
"chr3","178098596","178098887","chr3","183377391","183377686","12","5278795"
"chr3","178105791","178106086","chr3","183384187","183384482","7","5278396"
"chr3","178112519","178112688","chr3","183392726","183392895","7","5280207"
"chr3","178159042","178159344","chr3","183437370","183437668","12","5278328"
"chr3","178225979","178226268","chr3","39167468","39167758","37","139058511"
"chr3","178274148","178274445","chr3","183550572","183550869","7","5276424"
"chr3","178417422","178417716","chr3","183691412","183691702","12","5273990"
"chr3","178419876","178420210","chr2","84509227","84509557","50","93910649"
"chr3","178453652","178453922","chr3","183730841","183731111","3","5277189"
"chr3","178485847","178486143","chr3","183758509","183758804","7","5272662"
"chr3","178721171","178721469","chr1","8784931","8785227","26","169936240"
"chr3","179161722","179162031","chr3","184470468","184470777","7","5308746"
"chr3","179396766","179397070","chr3","184719859","184720139","30","5323093"
"chr3","179648671","179648973","chr1","44004494","44004799","45","135644177"
"chr3","179792602","179792875","chr4","20507940","20508220","36","159284662"
"chr3","179903155","179903454","chr3","185238208","185238517","14","5335053"
"chr3","180026915","180027209","chr3","185365788","185366085","8","5338873"
"chr3","180167549","180167853","chr3","185552615","185552930","23","5385066"
"chr3","180173844","180174121","chr18","9361654","9361933","41","170812190"
"chr3","180325116","180325416","chr3","185718952","185719284","36","5393836"
"chr4","102760159","102760471","chr4","102808588","102808900","4","48429"
"chr4","32374562","32374866","chr1","28051579","28051885","39","4322983"
"chr4","34209615","34209884","chr4","35811824","35812120","31","1602209"
"chr4","38403915","38404185","chr2","202712194","202712464","35","164308279"
"chr4","42467130","42467423","chr4","44109694","44109998","13","1642564"
"chr4","23694","23990","chr4","25089","25386","4","1395"
"chr4","30197","30490","chr4","31595","31890","13","1398"
"chr4","88480","88773","chr4","92359","92675","31","3879"
"chr4","102451","102730","chr4","105954","106241","21","3503"
"chr4","184785","185082","chr16","26532116","26532413","34","26347331"
"chr4","261442","261750","chr4","263365","263672","8","1923"
"chr4","331204","331513","chr4","335630","335931","17","4426"
"chr4","343393","343697","chr4","346946","347251","2","3553"
"chr4","401352","401645","chr4","407400","407691","6","6048"
"chr4","427362","427666","chr4","434416","434716","7","7054"
"chr4","436001","436303","chr4","445623","445924","5","9622"
"chr4","444147","444444","chr4","453882","454179","4","9735"
"chr4","479082","479393","chr4","488625","488936","2","9543"
"chr4","486743","487018","chr4","496836","497115","20","10093"
"chr4","500560","500866","chr4","510422","510719","21","9862"
"chr4","526289","526482","chr4","536244","536437","4","9955"
"chr4","651942","652256","chr4","662713","663020","13","10771"
"chr4","891484","891780","chrX","1302005","1302302","32","410521"
"chr4","992496","992768","chr4","1009147","1009419","17","16651"
"chr4","1161534","1161841","chr4","1179209","1179510","9","17675"
"chr4","1194167","1194472","chr4","1212312","1212612","15","18145"
"chr4","1240197","1240493","chr4","1258265","1258562","4","18068"
"chr4","1296490","1296792","chr4","1314132","1314434","10","17642"
"chr4","1503457","1503756","chr4","1527672","1527974","12","24215"
"chr4","1515091","1515362","chr4","1539985","1540285","38","24894"
"chr4","1607896","1608169","chr4","1633461","1633716","20","25565"
"chr4","1612453","1612754","chr4","1638003","1638304","6","25550"
"chr4","1827614","1827914","chr4","1853717","1854017","10","26103"
"chr4","1874628","1874937","chr15","92598445","92598754","38","90723817"
"chr4","1921575","1921869","chr4","1948866","1949160","6","27291"
"chr4","2105690","2105891","chr3","126362775","126362975","31","124257085"
"chr4","2259720","2260044","chr3","42669239","42669561","44","40409519"
"chr4","2406687","2406983","chr4","2530007","2530299","13","123320"
"chr4","2505200","2505491","chr4","2627742","2628033","9","122542"
"chr4","2529129","2529417","chr4","2651677","2651965","3","122548"
"chr4","2602970","2603252","chr4","2726535","2726796","26","123565"
"chr4","2656222","2656521","chr3","175632109","175632406","39","172975887"
"chr4","2666545","2666850","chr4","2791760","2792068","10","125215"
"chr4","2678619","2678928","chr4","2804489","2804798","13","125870"
"chr4","2727502","2727788","chr2","114695920","114696207","40","111968418"
"chr4","2756109","2756411","chr4","2886705","2887009","17","130596"
"chr4","2766213","2766503","chr4","2907870","2908159","9","141657"
"chr4","2767564","2767850","chr4","2909224","2909510","6","141660"
"chr4","2844169","2844455","chr4","2979565","2979861","16","135396"
"chr4","2852862","2853163","chr4","2988197","2988489","17","135335"
"chr4","2857104","2857404","chr4","2992456","2992761","12","135352"
"chr4","2998702","2999006","chr4","3139250","3139554","3","140548"
"chr4","3023327","3023582","chr4","3163422","3163677","5","140095"
"chr4","3023629","3023672","chr7","92625912","92625965","14","89602283"
"chr4","3062843","3063136","chr3","155832002","155832298","35","152769159"
"chr4","3103185","3103467","chr4","3242860","3243139","7","139675"
"chr4","3217490","3217785","chr4","3356820","3357116","7","139330"
"chr4","3260876","3261190","chr4","3399505","3399817","13","138629"
"chr4","3277905","3278194","chr16","60290027","60290317","38","57012122"
"chr4","3409855","3410149","chr11","121807749","121808041","37","118397894"
"chr4","3461758","3462061","chr4","36350234","36350532","42","32888476"
"chr4","3530794","3531090","chr4","3672144","3672446","13","141350"
"chr4","3567971","3568265","chr4","3756225","3756513","14","188254"
"chr4","3587457","3587769","chr4","3772907","3773219","9","185450"
"chr4","3715722","3716016","chr4","3903614","3903902","16","187892"
"chr4","3768856","3769140","chr6","37871363","37871650","49","34102507"
"chr4","3794474","3794769","chr4","3979927","3980223","6","185453"
"chr4","3857247","3857444","chr4","4043483","4043684","5","186236"
"chr4","3881465","3881748","chr4","4067430","4067712","15","185965"
"chr4","3913908","3913960","chr9","12111432","12111473","17","8197524"
"chr4","3914126","3914329","chr4","4101043","4101246","7","186917"
"chr4","3948557","3948827","chr4","4129147","4129420","11","180590"
"chr4","4229310","4229592","chr4","4410755","4411039","3","181445"
"chr4","4284929","4285203","chr4","4466652","4466926","6","181723"
"chr4","4435679","4435964","chr4","4620660","4620929","32","184981"
"chr4","4436848","4437132","chr4","4621804","4622100","20","184956"
"chr4","4502092","4502381","chr4","4687461","4687742","10","185369"
"chr4","4516068","4516359","chr4","4701326","4701639","37","185258"
"chr4","4519716","4520000","chr3","43892554","43892846","42","39372838"
"chr4","4540387","4540685","chr3","7286204","7286499","29","2745817"
"chr4","4555665","4555909","chr4","4794599","4794858","22","238934"
"chr4","4558549","4558839","chr4","4797850","4798145","17","239301"
"chr4","4561928","4562202","chr4","4801454","4801731","12","239526"
"chr4","4616924","4617206","chr4","4857333","4857612","6","240409"
"chr4","4627241","4627522","chr4","4867561","4867846","17","240320"
"chr4","4782662","4782978","chr4","5022577","5022901","33","239915"
"chr4","4873186","4873478","chr5","169489657","169489946","36","164616471"
"chr4","4896075","4896370","chr4","5135024","5135318","4","238949"
"chr4","4945140","4945441","chr4","5183300","5183610","16","238160"
"chr4","5054982","5055252","chr4","5287473","5287743","6","232491"
"chr4","5095493","5095798","chr4","5329128","5329441","14","233635"
"chr4","5162370","5162663","chr3","2907703","2908000","29","2254667"
"chr4","5388918","5389218","chr4","5626117","5626399","27","237199"
"chr4","5465087","5465392","chr4","5703867","5704160","25","238780"
"chr4","5509168","5509461","chr4","5748011","5748303","9","238843"
"chr4","5536239","5536527","chr4","5775212","5775492","20","238973"
"chr4","5574231","5574519","chr4","5812483","5812771","5","238252"
"chr4","5658034","5658300","chr4","5895878","5896139","8","237844"
"chr4","6075844","6076150","chr4","6309611","6309920","21","233767"
"chr4","6159774","6160062","chr4","6392651","6392963","26","232877"
"chr4","6366095","6366387","chr4","6577058","6577348","11","210963"
"chr4","6375635","6375904","chr4","6584590","6584852","8","208955"
"chr4","6525679","6525970","chr4","6736371","6736664","6","210692"
"chr4","6586758","6587060","chr10","3178131","3178429","38","3408627"
"chr4","6587531","6587837","chr4","6801076","6801382","5","213545"
"chr4","6713007","6713299","chr4","6934644","6934938","16","221637"
"chr4","6793346","6793653","chr3","80710448","80710752","39","73917102"
"chr4","6868096","6868385","chr4","7096558","7096862","18","228462"
"chr4","6881661","6881969","chr4","7109786","7110096","11","228125"
"chr4","6901999","6902304","chrX","128012150","128012457","37","121110151"
"chr4","7033289","7033589","chrX","28178417","28178715","31","21145128"
"chr4","7072276","7072572","chr4","7299926","7300221","7","227650"
"chr4","7122522","7122813","chr15","93672265","93672559","43","86549743"
"chr4","7224007","7224292","chr12","98721046","98721332","47","91497039"
"chr4","7252431","7252715","chr4","7482430","7482714","8","229999"
"chr4","7265966","7266144","chr8","28275885","28276060","21","21009919"
"chr4","7290915","7291130","chr17","32740305","32740523","26","25449390"
"chr4","7327456","7327750","chr4","7558662","7558955","7","231206"
"chr4","7386424","7386718","chr10","3178131","3178429","35","4208293"
"chr4","7411880","7412141","chr3","78888489","78888754","32","71476609"
"chr4","7464870","7465147","chr4","7695549","7695840","21","230679"
"chr4","7554391","7554693","chr4","7785336","7785641","16","230945"
"chr4","7765480","7765792","chr4","7994451","7994762","8","228971"
"chr4","7826966","7827271","chr4","8055582","8055887","5","228616"
"chr4","7891366","7891649","chr4","8116339","8116621","5","224973"
"chr4","7906436","7906742","chrX","18764380","18764679","47","10857944"
"chr4","7996173","7996478","chr4","8225684","8225988","14","229511"
"chr4","8069069","8069373","chr4","8295732","8296048","17","226663"
"chr4","8325701","8326007","chr4","8551256","8551561","9","225555"
"chr4","8392562","8392865","chr4","8618201","8618481","27","225639"
"chr4","8570435","8570743","chr4","8792770","8793078","8","222335"
"chr4","8582401","8582699","chr4","8804721","8805025","27","222320"
"chr4","8607074","8607344","chr4","8826572","8826842","6","219498"
"chr4","8767291","8767585","chr4","9028435","9028735","18","261144"
"chr4","8815213","8815513","chr4","9076840","9077140","6","261627"
"chr4","8973225","8973545","chr4","9234949","9235255","20","261724"
"chr4","9096070","9096353","chr4","9356813","9357096","5","260743"
"chr4","9131495","9131786","chr4","9390487","9390778","7","258992"
"chr4","9136023","9136301","chr4","9395003","9395285","10","258980"
"chr4","9168893","9169135","chr4","9429472","9429732","25","260579"
"chr4","9377314","9377551","chr4","9646759","9646995","3","269445"
"chr4","9576826","9577135","chr4","9845254","9845563","21","268428"
"chr4","9993127","9993419","chr18","16771880","16772180","35","6778753"
"chr4","10063993","10064272","chr4","10323625","10323904","4","259632"
"chr4","10183874","10184179","chr4","10448371","10448676","12","264497"
"chr4","10236900","10237208","chr4","10502872","10503180","7","265972"
"chr4","10241311","10241612","chr4","10507557","10507860","9","266246"
"chr4","10281127","10281405","chr4","10547355","10547633","1","266228"
"chr4","10319031","10319338","chr4","10585486","10585814","36","266455"
"chr4","10327139","10327445","chr4","10593721","10594029","10","266582"
"chr4","10336799","10337071","chr7","74175728","74175999","46","63838929"
"chr4","10380828","10381114","chr4","10649059","10649346","6","268231"
"chr4","10391446","10391755","chr4","10659526","10659833","11","268080"
"chr4","10400933","10401233","chr4","10668880","10669178","8","267947"
"chr4","10402438","10402707","chr4","10670396","10670669","20","267958"
"chr4","10490610","10490890","chr8","76413611","76413891","30","65923001"
"chr4","10498204","10498493","chr4","10765422","10765711","4","267218"
"chr4","10548408","10548703","chr4","10816617","10816915","5","268209"
"chr4","10574094","10574384","chr4","10842609","10842913","18","268515"
"chr4","10624091","10624385","chr4","10895164","10895456","7","271073"
"chr4","10636146","10636435","chr4","10906898","10907194","19","270752"
"chr4","10640541","10640819","chr4","10911485","10911763","5","270944"
"chr4","10643205","10643504","chr4","10914181","10914473","15","270976"
"chr4","10661083","10661330","chr4","10933332","10933579","1","272249"
"chr4","10676202","10676494","chr16","42689947","42690240","35","32013745"
"chr4","10699934","10700202","chr4","10972811","10973078","5","272877"
"chr4","10720270","10720554","chr4","10993797","10994082","5","273527"
"chr4","10749553","10749844","chrX","29323814","29324106","33","18574261"
"chr4","10844761","10845030","chr4","11122170","11122447","12","277409"
"chr4","10897816","10898090","chr14","45520254","45520531","38","34622438"
"chr4","10927835","10928140","chr4","11204362","11204671","10","276527"
"chr4","10965158","10965449","chr3","43892554","43892846","32","32927396"
"chr4","11039873","11040176","chr4","11320143","11320442","9","280270"
"chr4","11090581","11090842","chr4","11372067","11372332","11","281486"
"chr4","11121909","11122218","chr4","11402167","11402476","9","280258"
"chr4","11287290","11287560","chr4","11566128","11566398","3","278838"
"chr4","11349661","11349959","chr4","11660517","11660812","15","310856"
"chr4","11359991","11360293","chrX","113448447","113448747","38","102088456"
"chr4","11384088","11384392","chr4","11695352","11695667","17","311264"
"chr4","11514678","11514962","chr4","11823739","11824023","6","309061"
"chr4","11577984","11578260","chr4","11888988","11889264","7","311004"
"chr4","11621418","11621703","chr8","76413611","76413891","37","64792193"
"chr4","11642621","11642950","chr4","11953212","11953540","3","310591"
"chr4","11740069","11740363","chr4","12050089","12050393","15","310020"
"chr4","11830791","11831083","chr20","2925612","2925906","29","8905179"
"chr4","11850561","11850820","chr15","2882185","2882445","40","8968376"
"chr4","11853174","11853453","chr4","12163960","12164234","12","310786"
"chr4","11960884","11961165","chr4","12275827","12276108","4","314943"
"chr4","12242339","12242625","chrX","105678947","105679242","42","93436608"
"chr4","12248599","12248889","chr4","12563524","12563813","7","314925"
"chr4","12311116","12311398","chr4","12626085","12626367","4","314969"
"chr4","12378264","12378413","chr16","70283817","70283965","21","57905553"
"chr4","12470316","12470573","chr4","12785132","12785389","2","314816"
"chr4","12576697","12576987","chr4","12891490","12891777","8","314793"
"chr4","12638362","12638660","chr6","159015546","159015841","32","146377184"
"chr4","12663154","12663426","chr3","136046156","136046428","43","123383002"
"chr4","12828161","12828467","chr4","13146500","13146804","5","318339"
"chr4","12888579","12888865","chr4","30749508","30749793","33","17860929"
"chr4","12987872","12988166","chr10","37882835","37883130","36","24894963"
"chr4","12988426","12988732","chr4","13305476","13305782","11","317050"
"chr4","13029805","13030116","chr4","13347293","13347623","32","317488"
"chr4","13069090","13069399","chr4","13386139","13386447","7","317049"
"chr4","13109831","13110138","chr4","13427027","13427333","15","317196"
"chr4","13203985","13204282","chr4","13522449","13522739","16","318464"
"chr4","13273608","13273902","chr4","13592808","13593101","4","319200"
"chr4","13371379","13371628","chr14","46692033","46692278","34","33320654"
"chr4","13515970","13516282","chrX","913342","913651","33","12602628"
"chr4","13548768","13549052","chr4","13907418","13907702","10","358650"
"chr4","13639401","13639704","chr4","13998333","13998630","11","358932"
"chr4","13683516","13683798","chr4","14042838","14043120","8","359322"
"chr4","13693977","13694294","chr13","24985376","24985685","54","11291399"
"chr4","13698789","13699091","chrX","18764380","18764679","37","5065591"
"chr4","13707534","13707835","chr10","3178131","3178429","35","10529403"
"chr4","13717113","13717403","chr4","14077803","14078098","13","360690"
"chr4","13723509","13723813","chr4","14084534","14084842","9","361025"
"chr4","13733976","13734277","chr4","14094661","14094965","13","360685"
"chr4","13786198","13786512","chr5","16888355","16888663","37","3102157"
"chr4","13961525","13961866","chr4","14327734","14328042","59","366209"
"chr4","14201078","14201369","chr4","14567062","14567355","7","365984"
"chr4","14242468","14242748","chr4","14608517","14608797","8","366049"
"chr4","14375072","14375363","chr4","14740334","14740625","1","365262"
"chr4","14428638","14428945","chr4","14793117","14793417","10","364479"
"chr4","14599570","14599860","chr4","14964350","14964639","6","364780"
"chr4","14753006","14753313","chr4","15117955","15118261","9","364949"
"chr4","14885794","14886086","chr4","15255630","15255922","4","369836"
"chr4","14918527","14918824","chr4","15295221","15295521","8","376694"
"chr4","14948302","14948607","chr4","15325354","15325644","38","377052"
"chr4","15005081","15005359","chr4","15382847","15383135","16","377766"
"chr4","15061284","15061591","chr4","15441725","15442032","4","380441"
"chr4","15070500","15070798","chr4","15450652","15450950","11","380152"
"chr4","15072573","15072738","chr19","18224244","18224405","22","3151671"
"chr4","15078722","15079030","chr4","15458472","15458785","11","379750"
"chr4","15093518","15093824","chr4","15473779","15474084","8","380261"
"chr4","15093934","15094212","chr4","15474194","15474472","6","380260"
"chr4","15095807","15096099","chr4","15476111","15476406","6","380304"
"chr4","15148664","15148928","chr20","284750","285011","37","14863914"
"chr4","15165726","15166042","chr4","15540938","15541253","7","375212"
"chr4","15171174","15171465","chr4","15546372","15546663","3","375198"
"chr4","15175223","15175521","chr4","15549967","15550264","6","374744"
"chr4","15260910","15261173","chr4","15635351","15635624","15","374441"
"chr4","15262291","15262580","chr4","30749508","30749793","37","15487217"
"chr4","15274284","15274598","chr4","15648731","15649046","7","374447"
"chr4","15286846","15287150","chr4","15661318","15661618","11","374472"
"chr4","15295649","15295924","chr4","15670051","15670325","7","374402"
"chr4","15332663","15332955","chr4","15707150","15707446","13","374487"
"chr4","15462848","15463137","chr4","15838321","15838606","13","375473"
"chr4","15465955","15466255","chrX","105678947","105679242","36","90212992"
"chr4","15588406","15588705","chr4","15962568","15962874","12","374162"
"chr4","15751963","15752269","chr4","16126579","16126887","13","374616"
"chr4","15767932","15768243","chr4","16142101","16142412","6","374169"
"chr4","15882535","15882835","chr4","16266411","16266711","5","383876"
"chr4","15926455","15926756","chr4","16309534","16309834","12","383079"
"chr4","16341969","16342276","chr4","16727695","16728002","8","385726"
"chr4","16579180","16579480","chr4","16966768","16967047","33","387588"
"chr4","16745283","16745574","chr6","136180028","136180329","52","119434745"
"chr4","16765664","16765895","chr4","17154097","17154328","2","388433"
"chr4","16767516","16767814","chr4","17155945","17156243","2","388429"
"chr4","16963200","16963433","chr9","118047165","118047415","46","101083965"
"chr4","17052877","17053184","chr4","17438462","17438788","23","385585"
"chr4","17176997","17177295","chr4","17561064","17561371","13","384067"
"chr4","17247893","17248219","chr3","42669239","42669561","46","25421346"
"chr4","17276290","17276572","chr2","203532633","203532915","36","186256343"
"chr4","17278008","17278295","chr1","97491297","97491588","39","80213289"
"chr4","17297462","17297749","chr4","17736375","17736662","6","438913"
"chr4","17299575","17299885","chr4","17738505","17738838","25","438930"
"chr4","17322647","17322947","chr4","17760017","17760317","6","437370"
"chr4","17326290","17326579","chr4","17763687","17763976","6","437397"
"chr4","17331744","17332053","chr4","17768680","17768994","9","436936"
"chr4","17375189","17375467","chr4","17820132","17820411","6","444943"
"chr4","17389634","17389926","chr4","17834713","17835018","15","445079"
"chr4","17400077","17400376","chr4","17845186","17845488","7","445109"
"chr4","17406421","17406717","chr4","17851532","17851827","12","445111"
"chr4","17406881","17407189","chr4","17851975","17852283","5","445094"
"chr4","17436492","17436802","chr4","17879121","17879431","7","442629"
"chr4","17443112","17443417","chr4","17885764","17886072","6","442652"
"chr4","17457471","17457778","chr4","17900079","17900385","7","442608"
"chr4","17483295","17483605","chr4","17926763","17927069","10","443468"
"chr4","17504110","17504393","chr8","134653431","134653711","33","117149321"
"chr4","17520204","17520493","chrX","147868133","147868426","44","130347929"
"chr4","17527986","17528283","chr4","17973299","17973608","20","445313"
"chr4","17538225","17538507","chr4","17983585","17983869","6","445360"
"chr4","17541772","17542059","chr4","17987120","17987408","6","445348"
"chr4","17560841","17561138","chr3","124213436","124213733","38","106652595"
"chr4","17579552","17579769","chr4","18025199","18025416","3","445647"
"chr4","17591568","17591873","chr4","18037209","18037514","1","445641"
"chr4","17669910","17670184","chr4","155775468","155775746","33","138105558"
"chr4","17680240","17680541","chr4","18125602","18125903","2","445362"
"chr4","17692607","17692885","chr4","18137936","18138214","7","445329"
"chr4","17702063","17702359","chr4","18148026","18148298","32","445963"
"chr4","17730494","17730783","chr4","18175910","18176201","12","445416"
"chr4","17749592","17749882","chr4","18195927","18196217","9","446335"
"chr4","17916661","17916962","chr4","18366385","18366684","12","449724"
"chr4","18015523","18015804","chr4","18458919","18459223","32","443396"
"chr4","18034844","18035128","chr17","22201562","22201854","33","4166718"
"chr4","18113789","18114089","chr4","18556935","18557229","12","443146"
"chr4","18237469","18237772","chr4","18690008","18690309","7","452539"
"chr4","18251629","18251923","chr4","18704143","18704440","30","452514"
"chr4","18262280","18262582","chr4","18715892","18716195","12","453612"
"chr4","18262868","18263140","chr4","18716466","18716735","9","453598"
"chr4","18505573","18505850","chr4","18962154","18962431","1","456581"
"chr4","18509444","18509738","chr4","18966011","18966311","11","456567"
"chr4","18962848","18963133","chr4","19423473","19423758","4","460625"
"chr4","18977754","18978064","chr4","19438479","19438790","10","460725"
"chr4","19352388","19352666","chr4","19806267","19806571","31","453879"
"chr4","19464505","19464813","chr4","19919071","19919379","15","454566"
"chr4","19551139","19551436","chr20","70721684","70721981","31","51170545"
"chr4","19599772","19600071","chr11","95106653","95106959","41","75506881"
"chr4","19640866","19641163","chr4","20095095","20095392","11","454229"
"chr4","19708850","19709152","chr4","20163582","20163889","10","454732"
"chr4","19739526","19739827","chrX","1988125","1988424","38","17751401"
"chr4","19853014","19853322","chr4","20309375","20309683","8","456361"
"chr4","19857465","19857746","chr4","20313799","20314071","12","456334"
"chr4","19865933","19866229","chr4","20321487","20321783","9","455554"
"chr4","19951784","19952087","chr4","20405901","20406196","12","454117"
"chr4","20016857","20017155","chr4","20471174","20471468","16","454317"
"chr4","20053293","20053572","chr4","20507940","20508220","5","454647"
"chr4","20062034","20062331","chr4","20516686","20516979","16","454652"
"chr4","20130322","20130632","chr4","20585976","20586283","7","455654"
"chr4","20188218","20188510","chr4","20645573","20645866","7","457355"
"chr4","20232591","20232897","chr4","20690136","20690440","4","457545"
"chr4","20362587","20362853","chr4","20813916","20814183","4","451329"
"chr4","20426440","20426652","chr1","25330562","25330777","31","4904122"
"chr4","20555855","20556163","chr4","21007449","21007755","12","451594"
"chr4","20631893","20632180","chr4","21089603","21089889","3","457710"
"chr4","20702642","20702907","chr4","21159767","21160034","6","457125"
"chr4","20727863","20728155","chr11","116493267","116493562","37","95765404"
"chr4","20892153","20892457","chr4","21349163","21349467","6","457010"
"chr4","21083563","21083855","chr4","21536511","21536807","9","452948"
"chr4","21171177","21171483","chr4","21624322","21624629","15","453145"
"chr4","21284047","21284349","chr16","53122406","53122707","34","31838359"
"chr4","21294733","21295045","chr4","21749471","21749776","20","454738"
"chr4","21348482","21348774","chr1","14557471","14557762","35","6791011"
"chr4","21368773","21369075","chr4","21823114","21823416","5","454341"
"chr4","21384017","21384305","chr4","21838424","21838692","24","454407"
"chr4","21385938","21386243","chr4","21839170","21839480","13","453232"
"chr4","21461794","21462089","chr4","21914480","21914775","5","452686"
"chr4","21465106","21465402","chr6","138623503","138623802","42","117158397"
"chr4","21552496","21552773","chr4","22046902","22047181","7","494406"
"chr4","21559951","21560234","chr18","6662737","6663021","44","14897214"
"chr4","21561616","21561912","chr4","22056773","22057072","12","495157"
"chr4","21595673","21595938","chr4","22090341","22090606","3","494668"
"chr4","21628246","21628546","chr4","22122662","22122965","5","494416"
"chr4","21631052","21631345","chr1","50522672","50522965","27","28891620"
"chr4","21648534","21648837","chr8","44905839","44906138","40","23257305"
"chr4","21672721","21673043","chr4","22166749","22167028","46","494028"
"chr4","21674068","21674376","chr4","22168052","22168360","6","493984"
"chr4","21693632","21693794","chr19","18224244","18224405","25","3469388"
"chr4","21768029","21768212","chr13","62414126","62414310","20","40646097"
"chr4","21776051","21776351","chr4","22274582","22274880","5","498531"
"chr4","21809849","21810120","chr4","22308455","22308726","2","498606"
"chr4","21817582","21817873","chr12","88102728","88103014","33","66285146"
"chr4","21836731","21837020","chr4","22336129","22336418","16","499398"
"chr4","21838576","21838860","chr4","115011810","115012097","40","93173234"
"chr4","21853241","21853543","chr4","22352956","22353252","14","499715"
"chr4","21929872","21930174","chr5","7058711","7059007","35","14871161"
"chr4","21956893","21957212","chr4","22455082","22455401","8","498189"
"chr4","21967214","21967516","chr4","22465787","22466092","16","498573"
"chr4","22201896","22202200","chr11","2991360","2991656","44","19210536"
"chr4","22215618","22215913","chr4","22718198","22718485","15","502580"
"chr4","22231758","22232061","chr4","22734330","22734617","23","502572"
"chr4","22237439","22237728","chr2","90708902","90709194","44","68471463"
"chr4","22330788","22331091","chr7","109716885","109717191","35","87386097"
"chr4","22350841","22351135","chr1","125494474","125494770","35","103143633"
"chr4","22361272","22361550","chr4","22862876","22863169","17","501604"
"chr4","22528751","22529059","chr4","23029649","23029979","23","500898"
"chr4","22605498","22605793","chr4","23078669","23078964","4","473171"
"chr4","22647846","22648108","chr4","23127139","23127401","1","479293"
"chr4","22974899","22975204","chr4","23460673","23460977","5","485774"
"chr4","23213445","23213742","chrX","104642329","104642628","34","81428884"
"chr4","23716037","23716275","chr14","46692033","46692278","39","22975996"
"chr4","23753286","23753588","chr4","24291809","24292110","4","538523"
"chr4","23894009","23894258","chr3","9878848","9879097","41","14015161"
"chr4","23958292","23958538","chr15","40618082","40618326","34","16659790"
"chr4","24260724","24261022","chr4","24867619","24867924","16","606895"
"chr4","24288793","24289056","chr4","24895379","24895643","10","606586"
"chr4","24327095","24327390","chr4","123382191","123382485","32","99055096"
"chr4","24389854","24390153","chr16","120734","121029","39","24269120"
"chr4","24533776","24534076","chr4","25142306","25142605","17","608530"
"chr4","24566064","24566360","chr4","25175299","25175600","19","609235"
"chr4","24599344","24599637","chr4","25209503","25209796","2","610159"
"chr4","24619304","24619597","chr4","25230020","25230306","14","610716"
"chr4","24818871","24819171","chr4","25428823","25429125","7","609952"
"chr4","24840381","24840687","chr1","25636423","25636725","33","796042"
"chr4","25012998","25013283","chr4","25676223","25676510","8","663225"
"chr4","25032956","25033257","chr4","25697124","25697426","14","664168"
"chr4","25133313","25133617","chr4","25796523","25796827","6","663210"
"chr4","25232342","25232621","chr4","25896119","25896396","9","663777"
"chr4","25407932","25408214","chr4","26069374","26069656","5","661442"
"chr4","25556355","25556617","chr1","48506660","48506928","50","22950305"
"chr4","25648743","25649003","chr4","26310909","26311169","4","662166"
"chr4","25873159","25873466","chr4","26533906","26534213","10","660747"
"chr4","25975430","25975711","chr4","26635791","26636072","7","660361"
"chr4","25985888","25986179","chr4","26646254","26646546","4","660366"
"chr4","26017865","26018169","chr4","26677837","26678138","5","659972"
"chr4","26022098","26022364","chr4","26682067","26682354","27","659969"
"chr4","26097283","26097577","chr4","26757082","26757395","24","659799"
"chr4","26114026","26114327","chr4","26773819","26774124","4","659793"
"chr4","26122906","26123215","chr4","151149695","151150004","47","125026789"
"chr4","26142799","26143095","chr4","26802822","26803125","13","660023"
"chr4","26159058","26159337","chr4","26818794","26819073","6","659736"
"chr4","26204923","26205165","chr6","139243888","139244144","60","113038965"
"chr4","26261970","26262106","chr4","26917065","26917202","8","655095"
"chr4","26285472","26285780","chr4","26944055","26944380","26","658583"
"chr4","26339257","26339558","chr4","26996809","26997114","12","657552"
"chr4","26394894","26395179","chr1","34227169","34227449","54","7832275"
"chr4","26473148","26473450","chr9","13505164","13505461","37","12967984"
"chr4","26504011","26504303","chr4","27170748","27171044","7","666737"
"chr4","26572789","26573072","chr8","76413611","76413891","34","49840822"
"chr4","26741350","26741653","chr4","27467155","27467459","13","725805"
"chr4","26746884","26747203","chr9","38550607","38550930","52","11803723"
"chr4","26765642","26765942","chr4","27491506","27491803","4","725864"
"chr4","26791437","26791586","chr4","37994316","37994468","21","11202879"
"chr4","26801768","26802060","chr4","27527162","27527453","4","725394"
"chr4","26901317","26901599","chr4","27628323","27628606","10","727006"
"chr4","26914106","26914407","chr4","27640709","27641009","3","726603"
"chr4","26919927","26920236","chr4","27646540","27646864","17","726613"
"chr4","26941053","26941364","chr4","27667926","27668237","5","726873"
"chr4","26957052","26957363","chr4","27683682","27683992","6","726630"
"chr4","27015124","27015414","chr4","27742365","27742654","5","727241"
"chr4","27152683","27152975","chr8","65515380","65515647","64","38362697"
"chr4","27170551","27170834","chr4","27896445","27896744","22","725894"
"chr4","27182544","27182843","chr4","27908696","27908995","4","726152"
"chr4","27199590","27199889","chr8","10375190","10375489","30","16824400"
"chr4","27220992","27221319","chr4","27947079","27947405","10","726087"
"chr4","27257669","27257947","chr4","27983964","27984264","26","726295"
"chr4","27273689","27273972","chr4","28000039","28000289","39","726350"
"chr4","27284231","27284482","chr10","36913776","36914027","39","9629545"
"chr4","27309104","27309416","chr4","28035213","28035512","18","726109"
"chr4","27374595","27374805","chr19","22075302","22075532","59","5299293"
"chr4","27415439","27415696","chr2","107116090","107116354","50","79700651"
"chr4","27463619","27463753","chr1","125974340","125974473","22","98510721"
"chr4","27687265","27687544","chr8","76413611","76413891","31","48726346"
"chr4","27787411","27787700","chr4","28502027","28502316","7","714616"
"chr4","27951908","27952201","chr4","28719545","28719847","11","767637"
"chr4","28031376","28031684","chr4","28800206","28800513","21","768830"
"chr4","28044070","28044379","chr4","28812918","28813221","18","768848"
"chr4","28066136","28066424","chr4","28835660","28835939","12","769524"
"chr4","28068177","28068430","chr1","141636620","141636865","46","113568443"
"chr4","28095963","28096251","chr4","28865209","28865499","8","769246"
"chr4","28115962","28116276","chr4","28885325","28885603","43","769363"
"chr4","28202041","28202242","chr9","17895143","17895344","24","10306898"
"chr4","28290225","28290523","chr4","29063671","29063968","5","773446"
"chr4","28299307","28299588","chr4","29072570","29072828","24","773263"
"chr4","28325611","28325889","chr9","64169484","64169763","32","35843873"
"chr4","28337648","28337961","chr14","69772513","69772816","32","41434865"
"chr4","28457277","28457559","chr4","37394470","37394760","53","8937193"
"chr4","28466699","28466813","chr2","184479687","184479808","16","156012988"
"chr4","28467159","28467342","chr6","130237072","130237260","43","101769913"
"chr4","28492266","28492556","chr16","44706431","44706724","39","16214165"
"chr4","28516058","28516348","chr4","29333686","29333972","6","817628"
"chr4","28545692","28546001","chr4","29362845","29363154","5","817153"
"chr4","28566001","28566292","chr4","29383227","29383530","31","817226"
"chr4","28628808","28629105","chr4","43934519","43934817","37","15305711"
"chr4","28657457","28657738","chr4","29471905","29472188","16","814448"
"chr4","28735576","28735864","chr4","29540042","29540331","4","804466"
"chr4","28808482","28808774","chr4","133253916","133254207","44","104445434"
"chr4","29214403","29214691","chr5","1765070","1765365","40","27449333"
"chr4","29247154","29247456","chr4","30075701","30076022","27","828547"
"chr4","29274522","29274823","chr4","30103879","30104174","27","829357"
"chr4","29277020","29277326","chr4","30107452","30107760","10","830432"
"chr4","29278049","29278332","chr16","4652776","4653062","40","24625273"
"chr4","29299842","29300143","chr4","30129552","30129853","8","829710"
"chr4","29306526","29306837","chr4","30137769","30138080","14","831243"
"chr4","29315644","29315951","chr4","30146560","30146868","15","830916"
"chr4","29316383","29316681","chr4","30147009","30147316","25","830626"
"chr4","29471920","29472228","chr4","30711337","30711645","9","1239417"
"chr4","29503725","29504010","chr4","30749508","30749793","7","1245783"
"chr4","29504840","29505110","chr4","30750623","30750893","4","1245783"
"chr4","29568172","29568447","chr4","30820083","30820375","20","1251911"
"chr4","29652602","29652873","chr4","30902550","30902831","12","1249948"
"chr4","29941476","29941782","chr4","31195161","31195473","20","1253685"
"chr4","29942922","29943228","chr4","31195161","31195473","19","1252239"
"chr4","29978570","29978869","chr4","123382191","123382485","41","93403621"
"chr4","30005653","30005954","chr4","31259559","31259867","13","1253906"
"chr4","30012507","30012811","chr4","31268851","31269155","5","1256344"
"chr4","30024853","30025120","chr4","31280069","31280364","32","1255216"
"chr4","30036692","30036986","chr4","31292252","31292543","17","1255560"
"chr4","30044437","30044723","chr4","31298155","31298441","3","1253718"
"chr4","30078225","30078515","chr1","135697326","135697617","39","105619101"
"chr4","30086612","30086917","chr3","43169081","43169384","42","13082469"
"chr4","30098370","30098675","chr4","31350887","31351199","11","1252517"
"chr4","30239294","30239564","chr11","52997584","52997858","7","22758290"
"chr4","30245512","30245820","chr2","159674301","159674602","39","129428789"
"chr4","30254354","30254644","chr6","54059908","54060206","40","23805554"
"chr4","30287454","30287739","chr4","31534137","31534423","3","1246683"
"chr4","30313374","30313644","chr4","31559203","31559499","29","1245829"
"chr4","30324593","30324884","chr4","31570424","31570724","10","1245831"
"chr4","30350436","30350731","chr19","33673355","33673647","32","3322919"
"chr4","30364409","30364718","chr4","31610830","31611137","11","1246421"
"chr4","30404154","30404457","chr4","31650796","31651099","6","1246642"
"chr4","30413011","30413324","chr4","31658242","31658550","17","1245231"
"chr4","30476891","30477198","chr13","43474471","43474778","39","12997580"
"chr4","30482207","30482511","chr4","31726442","31726749","15","1244235"
"chr4","30507427","30507724","chr4","31754403","31754708","18","1246976"
"chr4","30549547","30549824","chr4","31796748","31797034","11","1247201"
"chr4","30551978","30552272","chr4","31796748","31797034","26","1244770"
"chr4","30577719","30578010","chr4","31822021","31822318","16","1244302"
"chr4","30594733","30595034","chr4","31838328","31838629","6","1243595"
"chr4","30601976","30602290","chr4","31844945","31845232","32","1242969"
"chr4","30602393","30602699","chr4","31845363","31845666","7","1242970"
"chr4","30608133","30608430","chr4","31850799","31851100","13","1242666"
"chr4","30619584","30619860","chr4","31864918","31865203","26","1245334"
"chr4","30623530","30623834","chr4","31869191","31869495","8","1245661"
"chr4","30648440","30648733","chr4","31894837","31895129","6","1246397"
"chr4","30652377","30652676","chr4","31898756","31899058","15","1246379"
"chr4","30715170","30715471","chr17","23775743","23776042","27","6939427"
"chr4","30837801","30838111","chr4","32372313","32372621","4","1534512"
"chr4","30844328","30844621","chr4","32378535","32378827","4","1534207"
"chr4","30874195","30874492","chr4","32408972","32409268","5","1534777"
"chr4","30886791","30887080","chr4","32421934","32422226","7","1535143"
"chr4","30889802","30890096","chr4","32424941","32425233","8","1535139"
"chr4","30916087","30916386","chr4","32450246","32450546","2","1534159"
"chr4","30923617","30923930","chr4","32458024","32458337","8","1534407"
"chr4","30930980","30931303","chr4","32465487","32465812","8","1534507"
"chr4","30931966","30932250","chr4","32466632","32466928","32","1534666"
"chr4","30960108","30960397","chr4","32494378","32494671","7","1534270"
"chr4","31036379","31036677","chr4","32568320","32568624","9","1531941"
"chr4","31128007","31128300","chr4","32656643","32656937","8","1528636"
"chr4","31171524","31171819","chr4","32696799","32697094","6","1525275"
"chr4","31191069","31191352","chr19","10238882","10239160","45","20952187"
"chr4","31195862","31196167","chr4","32724434","32724735","8","1528572"
"chr4","31197969","31198227","chr1","64050672","64050925","31","32852703"
"chr4","31211440","31211732","chr4","32735806","32736099","12","1524366"
"chr4","31212672","31212971","chr1","121564029","121564325","26","90351357"
"chr4","31227272","31227558","chr4","32751487","32751773","4","1524215"
"chr4","31284382","31284685","chr4","32811800","32812093","22","1527418"
"chr4","31296387","31296680","chr4","32829016","32829314","6","1532629"
"chr4","31462507","31462816","chr4","33015447","33015756","9","1552940"
"chr4","31589715","31590013","chr4","33139689","33139988","27","1549974"
"chr4","31635527","31635659","chr19","5652447","5652583","14","25983080"
"chr4","31677849","31678156","chr4","35979334","35979628","78","4301485"
"chr4","31732083","31732376","chr4","33283368","33283665","33","1551285"
"chr4","31808659","31808958","chr4","33405144","33405444","37","1596485"
"chr4","31814289","31814542","chr9","15239502","15239743","45","16574787"
"chr4","31866441","31866738","chr4","33487260","33487568","20","1620819"
"chr4","31881196","31881474","chr1","221393136","221393413","36","189511940"
"chr4","31918074","31918376","chr4","33536884","33537186","12","1618810"
"chr4","32116010","32116313","chr4","33690323","33690614","31","1574313"
"chr4","32154948","32155247","chr9","13505164","13505461","34","18649784"
"chr4","32213768","32214064","chr14","6991910","6992210","41","25221858"
"chr4","32238832","32239034","chr4","33820909","33821111","2","1582077"
"chr4","32314079","32314350","chr4","117420368","117420632","37","85106289"
"chr4","32408813","32409128","chr3","166642468","166642788","38","134233655"
"chr4","32478634","32478943","chr16","9806969","9807277","37","22671665"
"chr4","32487296","32487595","chr4","34071895","34072191","12","1584599"
"chr4","32495708","32495996","chr4","34080139","34080426","14","1584431"
"chr4","32510745","32510962","chr4","34094909","34095114","15","1584164"
"chr4","32511106","32511200","chr4","34095140","34095210","25","1584034"
"chr4","32526412","32526689","chr4","34110487","34110765","4","1584075"
"chr4","32542901","32543202","chr19","45912235","45912536","44","13369334"
"chr4","32592120","32592400","chr4","34177868","34178178","35","1585748"
"chr4","32593365","32593659","chr4","34179114","34179407","6","1585749"
"chr4","32596760","32597061","chr4","34182301","34182607","24","1585541"
"chr4","32597062","32597195","chr1","753877","754012","15","31843185"
"chr4","32617367","32617691","chr2","182562255","182562578","39","149944888"
"chr4","32618961","32619257","chr7","82916594","82916887","41","50297633"
"chr4","32620417","32620699","chr4","34205181","34205456","29","1584764"
"chr4","32620765","32621056","chr3","81144880","81145171","45","48524115"
"chr4","32633181","32633490","chr4","34218071","34218385","38","1584890"
"chr4","32642105","32642397","chr4","34229582","34229874","4","1587477"
"chr4","32642763","32643068","chr4","34230241","34230543","11","1587478"
"chr4","32661443","32661735","chr4","34248765","34249060","6","1587322"
"chr4","32727316","32727605","chr4","34319865","34320159","7","1592549"
"chr4","32796610","32796871","chr20","28904666","28904904","92","3891944"
"chr4","32862278","32862579","chr16","8053087","8053391","35","24809191"
"chr4","32895647","32895952","chr6","138406165","138406469","38","105510518"
"chr4","32901510","32901816","chr4","34508587","34508882","29","1607077"
"chr4","32904276","32904585","chr14","63518444","63518750","35","30614168"
"chr4","33030794","33031049","chr6","178787227","178787483","33","145756433"
"chr4","33333390","33333699","chr4","34938558","34938864","13","1605168"
"chr4","33415013","33415315","chr4","35017137","35017439","8","1602124"
"chr4","33441800","33442096","chr4","35045730","35046036","15","1603930"
"chr4","33442155","33442466","chr4","35046095","35046393","17","1603940"
"chr4","33459984","33460284","chr4","35062952","35063244","10","1602968"
"chr4","33469233","33469532","chr4","35072862","35073163","9","1603629"
"chr4","33477284","33477585","chr7","17715520","17715822","35","15761764"
"chr4","33477693","33477997","chr4","35081608","35081912","6","1603915"
"chr4","33509223","33509511","chr4","35117072","35117347","25","1607849"
"chr4","33518696","33518999","chr4","35125933","35126236","6","1607237"
"chr4","33538063","33538361","chr4","43901534","43901833","31","10363471"
"chr4","33593660","33593926","chr4","35207612","35207879","4","1613952"
"chr4","33699186","33699466","chr17","57910763","57911042","33","24211577"
"chr4","33700947","33701254","chr4","35314655","35314955","11","1613708"
"chr4","33702175","33702460","chr4","35315875","35316160","2","1613700"
"chr4","33712484","33712613","chr4","38057621","38057749","16","4345137"
"chr4","33736800","33737105","chr4","35348046","35348348","15","1611246"
"chr4","33882145","33882436","chr4","35495545","35495837","5","1613400"
"chr4","33903911","33904173","chr4","35517169","35517431","2","1613258"
"chr4","33958860","33959165","chr4","35553095","35553399","10","1594235"
"chr4","34007690","34007967","chr3","27711967","27712240","50","6295723"
"chr4","34015494","34015761","chr10","81431438","81431706","27","47415944"
"chr4","34018110","34018401","chr7","162663932","162664225","34","128645822"
"chr4","34047267","34047593","chr4","35649981","35650304","6","1602714"
"chr4","34098528","34098824","chr4","35703341","35703639","7","1604813"
"chr4","34121770","34122074","chr3","81874731","81875032","33","47752961"
"chr4","34155161","34155445","chr4","35757729","35758009","6","1602568"
"chr4","34156313","34156574","chr4","35758874","35759135","2","1602561"
"chr4","34212232","34212445","chr16","7628681","7628894","31","26583551"
"chr4","34318099","34318404","chr4","35958592","35958900","6","1640493"
"chr4","34338874","34339181","chr19","19073209","19073518","35","15265665"
"chr4","34339790","34340088","chr4","35980235","35980547","17","1640445"
"chr4","34491961","34492268","chr4","36133499","36133808","9","1641538"
"chr4","34520739","34521033","chr4","36162270","36162556","10","1641531"
"chr4","34533149","34533417","chr4","36175378","36175651","9","1642229"
"chr4","34534746","34535040","chr4","36177302","36177603","11","1642556"
"chr4","34538274","34538481","chr4","36179609","36179817","6","1641335"
"chr4","34592311","34592603","chr4","36235455","36235743","9","1643144"
"chr4","34593242","34593542","chr10","39746640","39746931","44","5153398"
"chr4","34593932","34594222","chr4","36235455","36235743","6","1641523"
"chr4","34709520","34709806","chr4","36350234","36350532","17","1640714"
"chr4","34739889","34740160","chr4","36380738","36381018","20","1640849"
"chr4","34750219","34750520","chr4","36391373","36391673","4","1641154"
"chr4","34758608","34758906","chr4","36400373","36400673","5","1641765"
"chr4","34773660","34773970","chr4","36415482","36415760","37","1641822"
"chr4","34889384","34889681","chr4","36529650","36529947","6","1640266"
"chr4","34905306","34905598","chr4","36544746","36545038","3","1639440"
"chr4","34949142","34949433","chr4","36593263","36593547","16","1644121"
"chr4","34977509","34977787","chr4","36622080","36622361","6","1644571"
"chr4","35006550","35006819","chr4","36649999","36650268","2","1643449"
"chr4","35055536","35055839","chr4","36697439","36697738","9","1641903"
"chr4","35177709","35177977","chr4","36810438","36810709","14","1632729"
"chr4","35224751","35225038","chr4","36858245","36858532","4","1633494"
"chr4","35230585","35230877","chr4","36864086","36864383","6","1633501"
"chr4","35244621","35244916","chr7","16279866","16280158","28","18964755"
"chr4","35257734","35258026","chr1","8038697","8038989","32","27219037"
"chr4","35280590","35280885","chr4","20405901","20406196","28","14874689"
"chr4","35308836","35309030","chr15","42230228","42230421","20","6921392"
"chr4","35327925","35328189","chr4","36961558","36961805","20","1633633"
"chr4","35329474","35329781","chr4","36963074","36963381","9","1633600"
"chr4","35545377","35545678","chr7","6595521","6595820","36","28949856"
"chr4","35671067","35671362","chr2","40628061","40628359","35","4956994"
"chr4","35676099","35676399","chr10","12387753","12388048","43","23288346"
"chr4","35697903","35698198","chr4","37333078","37333373","6","1635175"
"chr4","35718050","35718377","chr4","37353257","37353563","35","1635207"
"chr4","35758138","35758428","chr4","37394470","37394760","6","1636332"
"chr4","35771455","35771753","chr4","37404956","37405246","13","1633501"
"chr4","35819945","35820156","chr4","37452176","37452410","28","1632231"
"chr4","35836193","35836495","chr4","37468233","37468544","13","1632040"
"chr4","35850950","35851247","chr4","37482973","37483262","14","1632023"
"chr4","35857157","35857470","chr4","37488851","37489165","6","1631694"
"chr4","35860015","35860312","chr11","34016163","34016458","30","1843852"
"chr4","35871977","35872271","chrX","71650918","71651214","34","35778941"
"chr4","35893422","35893707","chr4","37525776","37526066","7","1632354"
"chr4","35945309","35945614","chr4","37578783","37579087","10","1633474"
"chr4","35968112","35968420","chr12","21825654","21825963","37","14142458"
"chr4","36026388","36026686","chr4","42880492","42880787","45","6854104"
"chr4","36155813","36156113","chr4","37791755","37792063","18","1635942"
"chr4","36228326","36228621","chr4","37862046","37862344","10","1633720"
"chr4","36286407","36286679","chr4","37920060","37920332","9","1633653"
"chr4","36359532","36359705","chr4","37994316","37994468","23","1634784"
"chr4","36368161","36368468","chr4","38003092","38003396","10","1634931"
"chr4","36446597","36446851","chr4","38082291","38082545","1","1635694"
"chr4","36456805","36457098","chr4","38092176","38092459","15","1635371"
"chr4","36460754","36461065","chr4","38096046","38096346","13","1635292"
"chr4","36461331","36461570","chr4","38096458","38096692","7","1635127"
"chr4","36528643","36528895","chr4","38163331","38163576","12","1634688"
"chr4","36651120","36651393","chr3","58269395","58269679","43","21618275"
"chr4","36661860","36662135","chr4","38299789","38300084","33","1637929"
"chr4","36696775","36697078","chr4","38335815","38336120","5","1639040"
"chr4","36699385","36699694","chr16","5570031","5570335","32","31129354"
"chr4","36727452","36727767","chr4","38366691","38367009","6","1639239"
"chr4","36749579","36749840","chr1","14456307","14456568","34","22293272"
"chr4","36830212","36830517","chr1","211517380","211517684","33","174687168"
"chr4","36842976","36843277","chr10","75364227","75364531","36","38521251"
"chr4","36844146","36844438","chr4","38486581","38486873","9","1642435"
"chr4","36875081","36875369","chr4","38517003","38517290","2","1641922"
"chr4","36990411","36990706","chr4","38632449","38632743","3","1642038"
"chr4","37069472","37069778","chr16","39535721","39536029","38","2466249"
"chr4","37071441","37071748","chr4","38712302","38712604","13","1640861"
"chr4","37094583","37094878","chr4","38735730","38736026","5","1641147"
"chr4","37159051","37159324","chr4","38801534","38801806","5","1642483"
"chr4","37276009","37276287","chr4","38907726","38908005","2","1631717"
"chr4","37594159","37594457","chr4","39225999","39226302","10","1631840"
"chr4","37639764","37640061","chr4","123382191","123382485","34","85742427"
"chr4","37644550","37644861","chr4","39276283","39276594","5","1631733"
"chr4","37767320","37767613","chr4","39402327","39402616","16","1635007"
"chr4","37767614","37767918","chr4","39402617","39402926","15","1635003"
"chr4","37786670","37786965","chr4","39423718","39424007","12","1637048"
"chr4","38052099","38052403","chr4","39688690","39688992","11","1636591"
"chr4","38145639","38145933","chr5","78137767","78138061","30","39992128"
"chr4","38221084","38221382","chr4","39851608","39851907","10","1630524"
"chr4","38514698","38514971","chr4","40144004","40144277","11","1629306"
"chr4","38580990","38581279","chr9","41614211","41614499","36","3033221"
"chr4","38596911","38597210","chr14","18010106","18010405","40","20586805"
"chr4","38689558","38689856","chr4","40272185","40272490","15","1582627"
"chr4","38707901","38708206","chr4","40290289","40290578","27","1582388"
"chr4","38764325","38764632","chr4","40346962","40347257","20","1582637"
"chr4","38885252","38885531","chr4","108333383","108333662","37","69448131"
"chr4","39027209","39027512","chr4","40631780","40632084","5","1604571"
"chr4","39100845","39101151","chr13","42603371","42603676","33","3502526"
"chr4","39218366","39218651","chr4","40824197","40824481","12","1605831"
"chr4","39534551","39534860","chr9","97588764","97589065","43","58054213"
"chr4","39596717","39597015","chr4","41232899","41233206","16","1636182"
"chr4","40123298","40123598","chr12","85327426","85327723","38","45204128"
"chr4","40136815","40137098","chr4","41773100","41773378","14","1636285"
"chr4","40217944","40218235","chr12","124600017","124600308","36","84382073"
"chr4","40314706","40315005","chr4","41955411","41955708","7","1640705"
"chr4","40353478","40353763","chr4","41995425","41995710","4","1641947"
"chr4","40729247","40729543","chr4","42364150","42364446","5","1634903"
"chr4","40827716","40827998","chr4","42462695","42462977","5","1634979"
"chr4","40960511","40960813","chr4","42594018","42594313","11","1633507"
"chr4","41122230","41122538","chr14","115784371","115784680","38","74662141"
"chr4","41122542","41122824","chr4","42754657","42754939","6","1632115"
"chr4","41166589","41166879","chr1","61605226","61605534","47","20438637"
"chr4","41203359","41203667","chr4","42830353","42830661","5","1626994"
"chr4","41212183","41212481","chr4","42837726","42838032","14","1625543"
"chr4","41212869","41213164","chr10","82544162","82544460","43","41331293"
"chr4","41218496","41218789","chr7","66493726","66494017","51","25275230"
"chr4","41256332","41256632","chr4","42883710","42884007","6","1627378"
"chr4","41281498","41281765","chr4","42909898","42910169","6","1628400"
"chr4","41320897","41321195","chr17","82002187","82002479","40","40681290"
"chr4","41326819","41327122","chr4","42956422","42956725","5","1629603"
"chr4","41341098","41341404","chr4","42973560","42973854","21","1632462"
"chr4","41342057","41342303","chr3","68072577","68072820","41","26730520"
"chr4","41343536","41343831","chr4","42976367","42976663","15","1632831"
"chr4","41344013","41344282","chr5","57773989","57774259","37","16429976"
"chr4","41362454","41362746","chr16","62065069","62065362","34","20702615"
"chr4","41384772","41384914","chr4","43018445","43018578","12","1633673"
"chr4","41384916","41385198","chr4","43018579","43018872","13","1633663"
"chr4","41420508","41420814","chr4","43054288","43054582","15","1633780"
"chr4","41431875","41432067","chr7","6055687","6055870","36","35376188"
"chr4","41433882","41434182","chr4","43067568","43067873","8","1633686"
"chr4","41456702","41457004","chr4","43091404","43091706","3","1634702"
"chr4","41471374","41471508","chr15","6913110","6913244","14","34558264"
"chr4","41481798","41482102","chr4","43117329","43117628","13","1635531"
"chr4","41498442","41498751","chr4","43135824","43136131","9","1637382"
"chr4","41508289","41508596","chr4","43146244","43146549","9","1637955"
"chr4","41526457","41526765","chr4","43165833","43166140","7","1639376"
"chr4","41562376","41562673","chr4","43204074","43204372","10","1641698"
"chr4","41623150","41623452","chr4","43265531","43265836","12","1642381"
"chr4","41677192","41677483","chr13","86817011","86817298","32","45139819"
"chr4","41781393","41781691","chr7","135324983","135325287","37","93543590"
"chr4","41821971","41822276","chr4","43465088","43465394","9","1643117"
"chr4","41849435","41849734","chr4","43488264","43488563","11","1638829"
"chr4","41856749","41857036","chr4","43496181","43496435","41","1639432"
"chr4","41952591","41952890","chr4","43593961","43594265","13","1641370"
"chr4","41966162","41966442","chr4","43607324","43607604","5","1641162"
"chr4","41984340","41984666","chr4","43623698","43624024","8","1639358"
"chr4","42009267","42009573","chr4","43648680","43648987","5","1639413"
"chr4","42013983","42014281","chr4","43653768","43654060","13","1639785"
"chr4","42093335","42093643","chr4","43732832","43733127","18","1639497"
"chr4","42142933","42143223","chrX","29454033","29454305","48","12688900"
"chr4","42153327","42153577","chr4","43788289","43788539","1","1634962"
"chr4","42166610","42166878","chr4","43801785","43802052","6","1635175"
"chr4","42204073","42204376","chr4","43842276","43842575","11","1638203"
"chr4","42208670","42208951","chr5","56728685","56728971","38","14520015"
"chr4","42213744","42214036","chr4","43855016","43855319","18","1641272"
"chr4","42214630","42214898","chr5","93712631","93712914","65","51498001"
"chr4","42242261","42242567","chr4","43882638","43882947","11","1640377"
"chr4","42259638","42259930","chr4","43901534","43901833","10","1641896"
"chr4","42294787","42295084","chr4","43934519","43934817","7","1639732"
"chr4","42324529","42324834","chr4","43964495","43964804","8","1639966"
"chr4","42329549","42329805","chr4","74101576","74101828","34","31772027"
"chr4","42359167","42359300","chr4","44000341","44000474","4","1641174"
"chr4","42401508","42401812","chr3","16359605","16359908","40","26041903"
"chr4","42404812","42405101","chr4","44044591","44044884","12","1639779"
"chr4","42417153","42417396","chr4","44057231","44057474","1","1640078"
"chr4","42430823","42431115","chr4","44071206","44071497","6","1640383"
"chr4","42438286","42438586","chr4","44078011","44078311","3","1639725"
"chr4","42443877","42444180","chr4","44083844","44084135","16","1639967"
"chr4","42460644","42460913","chr17","6136357","6136628","38","36324287"
"chr4","42463380","42463671","chr4","44105975","44106269","6","1642595"
"chr4","42479781","42480070","chr4","44123579","44123867","11","1643798"
"chr4","42481933","42482187","chr10","38386476","38386753","63","4095457"
"chr4","42505081","42505383","chr4","44150624","44150925","10","1645543"
"chr4","42507417","42507657","chr4","44152871","44153111","2","1645454"
"chr4","42528662","42528966","chr4","44174649","44174945","16","1645987"
"chr4","42531646","42531943","chr4","44177341","44177640","11","1645695"
"chr4","42534433","42534721","chr6","78781426","78781713","38","36246993"
"chr4","42570989","42571252","chr4","44215619","44215882","7","1644630"
"chr4","42584042","42584310","chr4","44229534","44229802","2","1645492"
"chr4","42601137","42601409","chr4","68688247","68688520","36","26087110"
"chr4","42628471","42628766","chr4","44277616","44277914","7","1649145"
"chr4","42719393","42719716","chr4","44404485","44404776","36","1685092"
"chr4","42749876","42750140","chr4","44434977","44435259","21","1685101"
"chr4","42801985","42802288","chr4","44489752","44490055","8","1687767"
"chr4","42820685","42820900","chr9","54584502","54584722","36","11763817"
"chr4","42828178","42828480","chr4","44516089","44516400","15","1687911"
"chr4","42861378","42861672","chr3","45936006","45936298","31","3074628"
"chr4","42915817","42916093","chr4","44604267","44604543","4","1688450"
"chr4","42965453","42965748","chr4","44655399","44655694","5","1689946"
"chr4","42988912","42989210","chr4","44679312","44679604","9","1690400"
"chr4","43011576","43011885","chr4","44704269","44704568","16","1692693"
"chr4","43083253","43083554","chr4","44777186","44777489","9","1693933"
"chr4","43299414","43299552","chr2","86002787","86002920","19","42703373"
"chr4","43410969","43411288","chr4","45160228","45160514","47","1749259"
"chr4","43491888","43492190","chr4","45240561","45240866","6","1748673"
"chr4","43509980","43510223","chr19","17393250","17393489","33","26116730"
"chr4","43524802","43525095","chr4","45274474","45274767","3","1749672"
"chr4","43549187","43549500","chr4","45298836","45299145","10","1749649"
"chr4","43584300","43584596","chr4","45333357","45333652","23","1749057"
"chr4","43619989","43620283","chr3","66669090","66669382","35","23049101"
"chr4","43748782","43749090","chr4","45500412","45500720","7","1751630"
"chr4","43751136","43751441","chr4","45502437","45502716","31","1751301"
"chr4","44468375","44468671","chr4","46223354","46223654","11","1754979"
"chr4","44483572","44483856","chr4","46238598","46238880","10","1755026"
"chr4","44496833","44497111","chr4","46251875","46252142","16","1755042"
"chr4","44513696","44513979","chr4","46272677","46272961","12","1758981"
"chr4","44519314","44519617","chr11","43652889","43653184","46","866425"
"chr4","44567613","44567888","chr4","46326511","46326786","1","1758898"
"chr4","44570156","44570453","chr4","46329055","46329355","4","1758899"
"chr4","44577402","44577674","chr4","46336656","46336930","4","1759254"
"chr4","44733108","44733403","chr4","46493374","46493685","21","1760266"
"chr4","44738584","44738880","chr4","46498853","46499150","4","1760269"
"chr4","45056494","45056803","chr4","46849828","46850136","13","1793334"
"chr4","45199778","45200037","chr4","46993448","46993712","16","1793670"
"chr4","45547321","45547604","chr4","47350060","47350341","14","1802739"
"chr4","45578446","45578729","chr15","111001924","111002208","36","65423478"
"chr4","45640542","45640849","chrX","128871543","128871849","36","83231001"
"chr4","45794295","45794600","chr4","47594833","47595138","9","1800538"
"chr4","45924739","45925015","chrX","101188584","101188863","35","55263845"
"chr4","46083957","46084267","chr4","47889567","47889876","7","1805610"
"chr4","46179450","46179749","chr16","6992292","6992592","35","39187158"
"chr4","46184621","46184920","chr4","47987794","47988096","16","1803173"
"chr4","46540817","46541082","chr4","48349384","48349649","1","1808567"
"chr4","46657832","46658121","chr4","48459299","48459589","6","1801467"
"chr4","46787762","46788007","chr10","36913776","36914027","38","9873986"
"chr4","46956886","46957184","chr2","108232438","108232733","41","61275552"
"chr4","47015918","47016190","chr4","87470273","87470550","40","40454355"
"chr4","47019098","47019370","chr4","87470273","87470550","39","40451175"
"chr4","47100750","47101037","chr1","45201703","45201990","44","1899047"
"chr4","47127891","47128182","chrX","18101219","18101509","48","29026672"
"chr4","47258467","47258764","chr4","49064413","49064694","41","1805946"
"chr4","48043936","48044197","chr7","135127404","135127668","40","87083468"
"chr4","48404027","48404308","chr4","50223267","50223564","38","1819240"
"chr4","48594936","48595230","chr4","50404185","50404483","7","1809249"
"chr4","48661212","48661513","chr4","50465405","50465715","21","1804193"
"chr4","48785844","48786103","chr20","72027244","72027507","39","23241400"
"chr4","48810859","48811110","chr4","50626102","50626353","2","1815243"
"chr4","48829498","48829817","chr4","50645016","50645336","18","1815518"
"chr4","48882366","48882628","chr4","50710285","50710546","5","1827919"
"chr4","48965073","48965354","chr4","50802518","50802799","8","1837445"
"chr4","48984348","48984642","chr4","50822358","50822647","14","1838010"
"chr4","49351255","49351538","chr4","51193820","51194104","5","1842565"
"chr4","49455989","49456279","chr4","51296357","51296647","15","1840368"
"chr4","49551142","49551418","chr4","51397134","51397410","5","1845992"
"chr4","49553376","49553625","chr4","51399362","51399621","14","1845986"
"chr4","49684721","49684992","chr4","51527947","51528229","15","1843226"
"chr4","50120598","50120932","chr4","51961406","51961744","9","1840808"
"chr4","50171227","50171495","chr4","52014696","52014965","6","1843469"
"chr4","50757955","50758255","chr4","52619101","52619402","10","1861146"
"chr4","50832236","50832539","chr2","142744283","142744586","38","91912047"
"chr4","51308491","51308646","chr4","53164382","53164549","12","1855891"
"chr4","51399115","51399404","chr4","53256711","53257005","10","1857596"
"chr4","51438651","51438958","chr16","50353289","50353590","40","1085362"
"chr4","51440488","51440582","chr2","103179787","103179882","15","51739299"
"chr4","51441233","51441404","chr4","53301710","53301870","15","1860477"
"chr4","51442712","51442994","chr4","53303554","53303836","5","1860842"
"chr4","51449264","51449548","chr4","53307252","53307536","2","1857988"
"chr4","51485771","51486053","chr4","53391134","53391414","9","1905363"
"chr4","51653157","51653415","chr4","53554132","53554392","7","1900975"
"chr4","51663869","51664164","chr4","53564508","53564802","6","1900639"
"chr4","51744598","51744885","chr4","53643873","53644164","34","1899275"
"chr4","51820611","51820921","chr4","53721872","53722182","1","1901261"
"chr4","51995126","51995427","chr3","2907703","2908000","40","49087423"
"chr4","52044470","52044771","chr4","53914051","53914354","8","1869581"
"chr4","52093399","52093688","chr9","79055133","79055425","18","26961734"
"chr4","52101652","52101940","chr4","53971436","53971724","3","1869784"
"chr4","52113258","52113517","chr4","53983043","53983332","30","1869785"
"chr4","52113568","52113851","chr4","53983446","53983765","40","1869878"
"chr4","52141673","52141968","chr6","131966421","131966716","35","79824748"
"chr4","52213294","52213589","chr4","54087285","54087583","6","1873991"
"chr4","52217214","52217494","chr4","54091208","54091506","27","1873994"
"chr4","52238821","52239127","chr4","54112465","54112767","14","1873644"
"chr4","52247017","52247315","chr4","54120857","54121151","12","1873840"
"chr4","52295699","52295924","chr2","122028402","122028630","25","69732703"
"chr4","52301719","52302090","chr4","54175128","54175499","3","1873409"
"chr4","52414406","52414715","chr4","54284439","54284748","11","1870033"
"chr4","52424598","52424900","chr4","54293992","54294294","5","1869394"
"chr4","52629113","52629412","chr1","189568699","189568995","32","136939586"
"chr4","52672861","52673136","chr4","54531747","54532022","12","1858886"
"chr4","52736957","52737260","chr4","54596124","54596427","1","1859167"
"chr4","52819770","52820064","chr4","54679292","54679584","4","1859522"
"chr4","52920101","52920402","chr4","54781249","54781555","8","1861148"
"chr4","52959239","52959530","chr4","54819338","54819601","36","1860099"
"chr4","53044012","53044307","chr16","30871428","30871729","36","22172584"
"chr4","53146844","53147139","chr4","55017238","55017543","14","1870394"
"chr4","53191913","53192223","chr20","578611","578919","37","52613302"
"chr4","53369546","53369820","chr14","33965254","33965529","41","19404292"
"chr4","53535488","53535782","chr4","55456293","55456589","19","1920805"
"chr4","53778569","53778847","chr4","55704216","55704518","28","1925647"
"chr4","53814912","53815198","chr4","55739452","55739734","9","1924540"
"chr4","53833725","53834030","chr4","55756028","55756332","16","1922303"
"chr4","53871476","53871760","chr4","55796810","55797097","32","1925334"
"chr4","53893603","53893890","chr6","57105329","57105608","44","3211726"
"chr4","53945006","53945290","chr4","55869493","55869784","9","1924487"
"chr4","53955620","53955916","chr4","55879722","55880018","4","1924102"
"chr4","53963011","53963287","chr4","55887368","55887643","12","1924357"
"chr4","53984939","53985240","chr4","55909202","55909495","14","1924263"
"chr4","53998876","53999176","chr4","55923565","55923841","28","1924689"
"chr4","54047036","54047310","chr4","55971291","55971565","3","1924255"
"chr4","54090288","54090522","chrX","71846849","71847082","39","17756561"
"chr4","54136639","54136921","chr4","56068634","56068928","16","1931995"
"chr4","54144193","54144496","chr4","56076143","56076443","9","1931950"
"chr4","54172086","54172362","chr3","155533424","155533689","38","101361338"
"chr4","54382267","54382562","chr4","56307853","56308143","13","1925586"
"chr4","55217272","55217575","chr4","57146844","57147143","8","1929572"
"chr4","55380884","55381156","chr4","57305256","57305556","32","1924372"
"chr4","55394034","55394327","chr10","46317194","46317494","45","9076840"
"chr4","55775577","55775803","chr2","122028402","122028630","32","66252825"
"chr4","55878080","55878360","chr4","57819294","57819574","1","1941214"
"chr4","55933588","55933897","chr4","57875770","57876079","6","1942182"
"chr4","55953001","55953284","chr4","57894745","57895027","7","1941744"
"chr4","56288604","56288917","chr4","58229371","58229691","10","1940767"
"chr4","56330903","56331200","chr4","58271379","58271676","5","1940476"
"chr4","56352353","56352665","chr4","58292903","58293215","2","1940550"
"chr4","56358035","56358264","chr4","58298593","58298821","4","1940558"
"chr4","56382285","56382577","chr4","58322471","58322764","12","1940186"
"chr4","56393272","56393563","chr4","58333189","58333481","11","1939917"
"chr4","56456335","56456624","chr4","58396428","58396720","10","1940093"
"chr4","56491401","56491707","chr4","58432496","58432802","7","1941095"
"chr4","56653606","56653896","chr4","58590100","58590415","32","1936494"
"chr4","56993441","56993743","chr4","58927621","58927910","18","1934180"
"chr4","57080649","57080955","chr4","59014326","59014633","9","1933677"
"chr4","57129161","57129467","chr4","59061726","59062033","3","1932565"
"chr4","57843638","57843969","chr1","38691960","38692291","44","19151678"
"chr4","58139424","58139680","chr4","60121171","60121426","3","1981747"
"chr4","58148309","58148616","chr4","60129974","60130251","34","1981665"
"chr4","58358213","58358503","chr4","60338692","60338989","19","1980479"
"chr4","58444747","58444992","chr3","144508964","144509207","46","86064217"
"chr4","58594132","58594416","chr13","94907508","94907801","47","36313376"
"chr4","58633492","58633801","chr1","139284674","139284976","42","80651182"
"chr4","58835986","58836281","chr4","60861217","60861513","16","2025231"
"chr4","59133397","59133702","chr4","61189983","61190278","14","2056586"
"chr4","59225991","59226256","chr4","61280732","61281010","19","2054741"
"chr4","59491854","59492172","chr1","10606583","10606867","67","48885271"
"chr4","59492876","59493183","chr6","165715397","165715702","40","106222521"
"chr4","59498719","59499009","chr4","61553209","61553501","11","2054490"
"chr4","59592757","59593054","chr4","61649111","61649408","7","2056354"
"chr4","59629375","59629662","chr4","61685896","61686184","4","2056521"
"chr4","59767392","59767688","chr4","61826184","61826484","10","2058792"
"chr4","59920880","59921148","chr4","10972811","10973078","51","48948069"
"chr4","60010720","60011006","chr4","62066455","62066758","20","2055735"
"chr4","60076545","60076805","chr7","135127404","135127668","34","75050859"
"chr4","60186992","60187277","chr4","62239761","62240046","6","2052769"
"chr4","60304114","60304350","chr4","62357532","62357768","6","2053418"
"chr4","60582590","60582919","chr1","31162314","31162639","44","29420276"
"chr4","60635357","60635644","chr4","62691468","62691781","31","2056111"
"chr4","61299589","61299894","chr4","63442055","63442360","7","2142466"
"chr4","61373251","61373519","chr4","63510084","63510351","23","2136833"
"chr4","61678083","61678394","chr4","63814866","63815214","50","2136783"
"chr4","61805900","61806179","chr4","63945428","63945707","5","2139528"
"chr4","61851983","61852275","chr2","169647817","169648105","46","107795834"
"chr4","61860282","61860580","chr4","64001797","64002090","17","2141515"
"chr4","62076734","62077023","chr4","64216891","64217181","5","2140157"
"chr4","62126515","62126659","chr1","135967601","135967745","17","73841086"
"chr4","62127733","62128045","chr4","64269500","64269810","10","2141767"
"chr4","62385765","62386093","chr1","31162314","31162639","49","31223451"
"chr4","62470273","62470573","chr4","64660635","64660937","8","2190362"
"chr4","62597384","62597671","chr4","64816680","64816947","25","2219296"
"chr4","62921712","62922004","chr4","65143708","65144000","3","2221996"
"chr4","62999086","62999393","chr4","65227593","65227900","7","2228507"
"chr4","63057642","63057943","chr4","65286926","65287222","10","2229284"
"chr4","63111690","63112014","chr4","65341307","65341631","20","2229617"
"chr4","63140961","63141266","chr4","65371147","65371451","10","2230186"
"chr4","63735389","63735686","chr16","70505479","70505773","46","6770090"
"chr4","63748848","63749157","chr4","66021658","66021967","16","2272810"
"chr4","63929280","63929584","chr4","66207123","66207417","18","2277843"
"chr4","63935327","63935622","chr4","66213158","66213467","17","2277831"
"chr4","63990481","63990684","chr3","126362775","126362975","34","62372294"
"chr4","64518104","64518232","chr7","39567317","39567444","40","24950787"
"chr4","64812814","64813080","chr4","67135039","67135304","4","2322225"
"chr4","64968012","64968288","chr20","28758611","28758889","34","36209401"
"chr4","65082886","65083187","chr4","67399737","67400053","21","2316851"
"chr4","65108517","65108807","chr4","67424800","67425094","7","2316283"
"chr4","65430290","65430594","chr3","166477634","166477937","32","101047344"
"chr4","65488515","65488823","chr19","46899570","46899877","36","18588945"
"chr4","65563690","65563951","chr1","28659625","28659889","47","36904065"
"chr4","65602952","65603258","chr4","67908989","67909296","6","2306037"
"chr4","65708163","65708445","chr4","68013792","68014074","4","2305629"
"chr4","65825153","65825431","chr10","27435823","27436099","46","38389330"
"chr4","66052307","66052590","chr2","170122863","170123143","45","104070556"
"chr4","66123117","66123425","chr4","68425802","68426124","23","2302685"
"chr4","66154706","66155012","chr4","68456609","68456918","6","2301903"
"chr4","66214277","66214580","chr20","68556939","68557241","32","2342662"
"chr4","66225479","66225780","chr4","68527472","68527768","9","2301993"
"chr4","66248537","66248842","chr13","43474471","43474778","37","22774066"
"chr4","66374570","66374795","chr7","84143993","84144219","36","17769423"
"chr4","66403926","66404199","chr4","68704314","68704587","3","2300388"
"chr4","66442849","66443148","chr4","68742798","68743122","32","2299949"
"chr4","66568681","66568957","chr4","68870757","68871033","2","2302076"
"chr4","67048491","67048798","chr10","61201590","61201893","29","5846901"
"chr4","67141516","67141829","chr4","69460880","69461188","10","2319364"
"chr4","67200804","67201108","chr4","69519697","69520001","4","2318893"
"chr4","67242348","67242640","chr4","69560676","69560946","30","2318328"
"chr4","67271506","67271782","chr11","110433939","110434213","34","43162433"
"chr4","67364718","67365013","chr4","69674918","69675211","10","2310200"
"chr4","67721962","67722247","chr4","70027132","70027422","20","2305170"
"chr4","67751698","67751976","chr8","2097050","2097327","57","65654648"
"chr4","67982482","67982767","chr4","70287512","70287797","8","2305030"
"chr4","67998351","67998641","chr4","70302591","70302883","7","2304240"
"chr4","68014501","68014801","chr4","70318407","70318697","16","2303906"
"chr4","68159699","68159988","chr4","70464638","70464929","6","2304939"
"chr4","68178752","68179061","chr4","70483625","70483920","20","2304873"
"chr4","68322852","68323153","chr4","1179209","1179510","37","67143643"
"chr4","68610524","68610825","chr4","70916723","70917032","16","2306199"
"chr4","68908683","68908977","chr4","71219841","71220132","5","2311158"
"chr4","69008702","69009014","chr12","120189411","120189718","36","51180709"
"chr4","69018664","69018969","chr16","25975302","25975604","31","43043362"
"chr4","69021336","69021600","chr4","71333656","71333920","4","2312320"
"chr4","69024952","69025243","chr4","71337582","71337876","8","2312630"
"chr4","69046044","69046353","chr4","71357815","71358124","4","2311771"
"chr4","69083742","69084034","chr4","71396856","71397151","9","2313114"
"chr4","69087402","69087717","chr13","54790758","54791064","46","14296644"
"chr4","69098435","69098732","chr4","71411385","71411670","17","2312950"
"chr4","69128618","69128922","chr4","71441176","71441482","9","2312558"
"chr4","69132871","69133184","chr4","71445025","71445340","7","2312154"
"chr4","69145352","69145645","chr4","71458498","71458793","6","2313146"
"chr4","69152894","69153201","chr4","71466054","71466362","8","2313160"
"chr4","69158096","69158398","chr7","49590553","49590852","39","19567543"
"chr4","69180338","69180619","chr6","33238170","33238464","44","35942168"
"chr4","69206921","69207229","chr4","71519552","71519860","2","2312631"
"chr4","69209385","69209654","chr4","71523348","71523634","23","2313963"
"chr4","69231726","69232018","chr7","82916594","82916887","37","13684868"
"chr4","69250150","69250455","chrX","24034392","24034691","48","45215758"
"chr4","69267617","69267915","chr1","153503516","153503812","34","84235899"
"chr4","69268043","69268344","chrX","24599268","24599570","33","44668775"
"chr4","69305054","69305338","chr4","71618769","71619053","3","2313715"
"chr4","69317367","69317663","chr4","71630569","71630860","10","2313202"
"chr4","69340076","69340373","chr4","71655457","71655749","10","2315381"
"chr4","69371653","69371954","chr19","33564060","33564365","34","35807593"
"chr4","69534882","69535179","chr2","159817530","159817826","40","90282648"
"chr4","69725958","69726244","chr4","72045801","72046085","8","2319843"
"chr4","69993372","69993661","chr4","72307582","72307871","15","2314210"
"chr4","70897225","70897518","chr4","73375815","73376105","6","2478590"
"chr4","70990713","70991012","chr4","73469660","73469959","4","2478947"
"chr4","71017728","71018040","chr4","73496758","73497063","9","2479030"
"chr4","71042995","71043294","chr4","73522079","73522376","4","2479084"
"chr4","71307170","71307474","chr1","141769842","141770151","38","70462672"
"chr4","71336836","71337105","chr4","73820528","73820778","24","2483692"
"chr4","71356649","71356945","chr4","73840087","73840383","2","2483438"
"chr4","71370919","71371176","chr4","73854353","73854609","6","2483434"
"chr4","71396147","71396424","chr20","28758611","28758889","35","42637536"
"chr4","71467973","71468273","chr9","110703897","110704192","36","39235924"
"chr4","71474355","71474651","chr4","73968053","73968351","7","2493698"
"chr4","71552310","71552593","chr4","74046708","74046990","7","2494398"
"chr4","71608667","71608919","chr4","74101576","74101828","3","2492909"
"chr4","71739568","71739704","chr2","108848775","108848908","16","37109207"
"chr4","71802122","71802413","chr1","223678445","223678732","25","151876323"
"chr4","71878926","71879223","chr4","74375829","74376129","8","2496903"
"chr4","72016703","72016965","chr4","74509952","74510214","2","2493249"
"chr4","72121491","72121790","chr4","74695513","74695789","31","2574022"
"chr4","72275372","72275662","chr4","14740334","14740625","40","57535038"
"chr4","72771234","72771509","chr4","75363341","75363620","8","2592107"
"chr4","73052162","73052427","chr4","75650605","75650871","5","2598443"
"chr4","73226575","73226880","chr4","75832514","75832806","18","2605939"
"chr4","73233857","73234135","chr4","75839781","75840060","10","2605924"
"chr4","73283325","73283586","chr4","75889154","75889404","23","2605829"
"chr4","73644443","73644729","chr4","76264585","76264868","10","2620142"
"chr4","73651530","73651818","chr1","211895933","211896224","41","138244403"
"chr4","73800351","73800648","chr4","76415803","76416103","11","2615452"
"chr4","73863399","73863716","chr6","70591771","70592087","47","3271628"
"chr4","73953724","73954012","chr3","40126809","40127087","43","33826915"
"chr4","74392306","74392604","chr4","77068946","77069241","8","2676640"
"chr4","74439834","74440122","chr4","77117514","77117801","5","2677680"
"chr4","74507487","74507765","chr4","77179088","77179372","8","2671601"
"chr4","74708768","74709065","chr4","77384576","77384865","18","2675808"
"chr4","75036443","75036746","chr4","77709560","77709859","15","2673117"
"chr4","75160064","75160364","chr4","77834046","77834343","12","2673982"
"chr4","75290569","75290816","chr4","77970507","77970772","29","2679938"
"chr4","75345588","75345902","chr13","86778484","86778790","45","11432896"
"chr4","75512796","75513105","chr4","78198168","78198477","6","2685372"
"chr4","75627462","75627757","chr4","78312830","78313125","7","2685368"
"chr4","75691398","75691682","chr4","78371595","78371878","7","2680197"
"chr4","75936481","75936777","chr4","78603632","78603940","15","2667151"
"chr4","76040472","76040780","chr5","155610254","155610562","44","79569782"
"chr4","76414165","76414460","chr1","209176258","209176559","40","132762093"
"chr4","76512502","76512776","chr4","79211137","79211411","2","2698635"
"chr4","76751872","76752153","chr4","79451501","79451782","6","2699629"
"chr4","76821881","76822189","chr4","79522028","79522331","13","2700147"
"chr4","77422235","77422541","chr4","80148609","80148913","9","2726374"
"chr4","77614146","77614445","chr4","80338098","80338392","9","2723952"
"chr4","77653728","77654035","chr4","80378034","80378340","5","2724306"
"chr4","77663178","77663468","chr4","80387506","80387794","11","2724328"
"chr4","77705400","77705691","chr4","80429758","80430049","4","2724358"
"chr4","77753499","77753800","chr2","159817530","159817826","38","82064031"
"chr4","77818773","77819053","chr4","80540988","80541280","18","2722215"
"chr4","77867530","77867806","chr4","80589556","80589855","26","2722026"
"chr4","77992803","77993103","chr4","80723966","80724273","14","2731163"
"chr4","78068730","78069042","chr4","80797706","80798038","33","2728976"
"chr4","78110400","78110704","chr6","135422417","135422724","34","57312017"
"chr4","78271519","78271805","chr4","81001378","81001668","16","2729859"
"chr4","78434576","78434880","chr4","81164203","81164505","19","2729627"
"chr4","78476008","78476314","chr4","81205433","81205740","7","2729425"
"chr4","78487862","78488141","chr4","81217109","81217388","10","2729247"
"chr4","78545271","78545567","chr4","81274599","81274895","5","2729328"
"chr4","78557106","78557405","chr4","81286417","81286715","6","2729311"
"chr4","78648173","78648480","chr16","68417177","68417484","40","10230996"
"chr4","78794373","78794685","chr4","81521535","81521817","32","2727162"
"chr4","78887225","78887416","chr4","81582139","81582330","4","2694914"
"chr4","79220417","79220708","chr4","81914822","81915113","2","2694405"
"chr4","79368497","79368816","chr4","82061648","82061967","10","2693151"
"chr4","79412557","79412857","chr4","82105646","82105952","8","2693089"
"chr4","79722520","79722826","chr5","37719484","37719786","36","42003036"
"chr4","80439324","80439546","chr2","122028402","122028630","33","41589078"
"chr4","80461745","80462043","chr4","83162471","83162768","1","2700726"
"chr4","80541915","80542241","chr4","83237289","83237623","11","2695374"
"chr4","80911239","80911492","chr12","96854898","96855149","36","15943659"
"chr4","80971250","80971544","chr4","83668933","83669227","6","2697683"
"chr4","81011295","81011572","chr4","83714801","83715080","11","2703506"
"chr4","81024205","81024507","chr4","83727727","83728029","5","2703522"
"chr4","81046264","81046558","chr10","3178131","3178429","32","77868133"
"chr4","81100322","81100625","chr4","83807272","83807576","5","2706950"
"chr4","81104324","81104696","chr8","17809076","17809426","88","63295248"
"chr4","81137114","81137425","chr6","178783941","178784240","44","97646827"
"chr4","81140096","81140399","chr4","83847236","83847541","6","2707140"
"chr4","81297623","81297800","chr3","117850722","117850896","32","36553099"
"chr4","81466592","81466870","chr4","84170820","84171107","14","2704228"
"chr4","81922497","81922788","chr4","84673630","84673922","14","2751133"
"chr4","81948601","81948894","chr4","84699604","84699897","3","2751003"
"chr4","82010694","82010999","chr4","84767771","84768078","8","2757077"
"chr4","82014691","82014988","chr4","84771755","84772052","2","2757064"
"chr4","82490155","82490465","chr13","30550542","30550849","36","51939613"
"chr4","82631053","82631353","chr4","85393319","85393619","5","2762266"
"chr4","82673617","82673903","chr4","85436573","85436859","7","2762956"
"chr4","82859872","82860147","chr5","7366766","7367042","46","75493106"
"chr4","82860621","82860831","chr13","27567083","27567289","34","55293538"
"chr4","82936517","82936818","chr4","85683510","85683804","11","2746993"
"chr4","82960814","82961121","chr4","85708000","85708283","26","2747186"
"chr4","82964021","82964326","chr2","44265847","44266154","51","38698174"
"chr4","82971998","82972293","chr4","85719029","85719327","9","2747031"
"chr4","83029231","83029540","chr4","85773368","85773677","8","2744137"
"chr4","83056151","83056446","chr4","85800978","85801271","5","2744827"
"chr4","83060022","83060327","chr3","142414661","142414962","38","59354639"
"chr4","83094638","83094928","chr4","85838978","85839268","5","2744340"
"chr4","83095906","83096184","chr4","85840251","85840529","3","2744345"
"chr4","83103869","83104172","chr4","85848235","85848538","4","2744366"
"chr4","83119210","83119469","chr4","85863805","85864052","18","2744595"
"chr4","83123872","83124167","chr4","85868541","85868836","13","2744669"
"chr4","83136316","83136589","chr3","31027003","31027282","41","52109313"
"chr4","83150274","83150581","chr6","37439683","37439990","39","45710591"
"chr4","83269971","83270151","chr4","86007973","86008153","4","2738002"
"chr4","83435390","83435683","chr4","86171474","86171765","5","2736084"
"chr4","83476822","83477117","chr10","83438172","83438471","34","38650"
"chr4","83511338","83511564","chr2","139555560","139555787","25","56044222"
"chr4","83582873","83583183","chr4","86316685","86316994","14","2733812"
"chr4","83906702","83906986","chr4","86653995","86654290","16","2747293"
"chr4","84034047","84034337","chr4","86805307","86805604","10","2771260"
"chr4","84075603","84075886","chr4","86846337","86846620","3","2770734"
"chr4","84121447","84121739","chr11","94996337","94996634","46","10874890"
"chr4","84150148","84150441","chr4","86919346","86919620","30","2769198"
"chr4","84160275","84160572","chrX","23669086","23669381","38","60491189"
"chr4","84170303","84170604","chr4","86939392","86939687","14","2769089"
"chr4","84332423","84332724","chr4","87104653","87104954","12","2772230"
"chr4","84351061","84351339","chr3","167376917","167377195","5","83025856"
"chr4","84353106","84353338","chr3","167374930","167375163","5","83021824"
"chr4","84359980","84360287","chr3","167367975","167368283","4","83007995"
"chr4","84390670","84390911","chr1","31741244","31741483","29","52649426"
"chr4","84422916","84423181","chr6","148829119","148829397","41","64406203"
"chr4","84432911","84433203","chr4","87175842","87176133","3","2742931"
"chr4","84669945","84670236","chr4","87412249","87412547","14","2742304"
"chr4","84709704","84710017","chr4","87452256","87452555","22","2742552"
"chr4","84726161","84726438","chr4","87470273","87470550","6","2744112"
"chr4","84754958","84755274","chr19","12775179","12775488","36","71979779"
"chr4","84910548","84910838","chr4","87668070","87668361","8","2757522"
"chr4","84932012","84932320","chr4","87689589","87689900","11","2757577"
"chr4","85009390","85009681","chr11","25850461","25850750","34","59158929"
"chr4","85072215","85072521","chr4","87875104","87875423","15","2802889"
"chr4","85078946","85079238","chr4","87881811","87882102","3","2802865"
"chr4","85097480","85097781","chr4","14094661","14094965","34","71002819"
"chr4","85131426","85131737","chr4","87942043","87942354","6","2810617"
"chr4","85141320","85141612","chr4","87952337","87952634","9","2811017"
"chr4","85151926","85152234","chr4","87963253","87963560","5","2811327"
"chr4","85174142","85174431","chr4","87975276","87975565","2","2801134"
"chr4","85179715","85179944","chr4","87980531","87980757","8","2800816"
"chr4","85225428","85225734","chr4","88025920","88026196","34","2800492"
"chr4","85225804","85226114","chr4","88026266","88026573","12","2800462"
"chr4","85343695","85343987","chr4","88145350","88145642","9","2801655"
"chr4","85344708","85344980","chr4","88146515","88146776","14","2801807"
"chr4","85501446","85501753","chr4","88302350","88302657","12","2800904"
"chr4","85529604","85529893","chr3","154769810","154770099","4","69240206"
"chr4","85605549","85605857","chr4","88388494","88388802","6","2782945"
"chr4","85778767","85779105","chr4","88565538","88565846","41","2786771"
"chr4","86545849","86546160","chr4","89328267","89328566","20","2782418"
"chr4","86782856","86783161","chr4","89563627","89563929","6","2780771"
"chr4","86874801","86875103","chr7","59627316","59627619","38","27247485"
"chr4","86979027","86979304","chr4","89769812","89770107","30","2790785"
"chr4","87404358","87404648","chr4","90200969","90201256","8","2796611"
"chr4","87635401","87635705","chr4","90429074","90429378","9","2793673"
"chr4","87786592","87786899","chr4","90579742","90580030","20","2793150"
"chr4","87792331","87792639","chr5","111854264","111854577","38","24061933"
"chr4","87916555","87916857","chr4","90725020","90725319","13","2808465"
"chr4","88036049","88036347","chr4","90849348","90849646","7","2813299"
"chr4","88616251","88616554","chr2","51169753","51170056","36","37446498"
"chr4","88731667","88731965","chr4","91535066","91535362","8","2803399"
"chr4","89116972","89117278","chr4","91927313","91927643","32","2810341"
"chr4","89571372","89571679","chr4","92420158","92420459","19","2848786"
"chr4","89601579","89601871","chr15","103853433","103853726","50","14251854"
"chr4","89654533","89654866","chr15","10811861","10812187","51","78842672"
"chr4","89714872","89715180","chr2","102744542","102744845","39","13029670"
"chr4","89832770","89833078","chr4","92685348","92685649","14","2852578"
"chr4","89906363","89906638","chr4","92759653","92759928","4","2853290"
"chr4","89956865","89957130","chr4","92811123","92811388","5","2854258"
"chr4","90113522","90113785","chr4","93030060","93030323","4","2916538"
"chr4","90286044","90286355","chr4","93253301","93253607","10","2967257"
"chr4","90963495","90963802","chr4","93989390","93989691","6","3025895"
"chr4","91020412","91020711","chr4","94044419","94044720","9","3024007"
"chr4","91411866","91412179","chr4","94429593","94429907","17","3017727"
"chr4","91664927","91665220","chr16","45131388","45131684","35","46533539"
"chr4","92377263","92377572","chr5","155610254","155610562","39","63232991"
"chr4","92390219","92390527","chr4","95490968","95491276","13","3100749"
"chr4","92437804","92438107","chr8","63724629","63724930","39","28713175"
"chr4","92465697","92465991","chr4","95568006","95568299","3","3102309"
"chr4","92482846","92483146","chr4","95585455","95585754","6","3102609"
"chr4","92633960","92634222","chr4","95732459","95732733","19","3098499"
"chr4","92636753","92637049","chr4","95735277","95735578","14","3098524"
"chr4","92681146","92681449","chr4","95782722","95783021","11","3101576"
"chr4","92927419","92927718","chr4","96033969","96034281","17","3106550"
"chr4","93026278","93026559","chr4","96130791","96131072","4","3104513"
"chr4","93307698","93307982","chr4","96448525","96448809","5","3140827"
"chr4","93443337","93443646","chr15","80440359","80440667","46","13002978"
"chr4","93641379","93641680","chr4","96780294","96780595","3","3138915"
"chr4","93919602","93919884","chr5","178906765","178907048","40","84987163"
"chr4","94180700","94181000","chr4","97320433","97320733","5","3139733"
"chr4","94503079","94503369","chr4","97639105","97639395","8","3136026"
"chr4","94663081","94663376","chr4","97798927","97799222","9","3135846"
"chr4","94726739","94727027","chr4","97860355","97860654","16","3133616"
"chr4","94753837","94754164","chr3","42669239","42669561","41","52084598"
"chr4","94832901","94833149","chr4","97966014","97966263","5","3133113"
"chr4","94871201","94871491","chr4","98010491","98010781","2","3139290"
"chr4","94888632","94888925","chr4","98028779","98029048","26","3140147"
"chr4","94923872","94924171","chr3","37116432","37116729","40","57807440"
"chr4","94935457","94935754","chr4","98073244","98073541","2","3137787"
"chr4","94937582","94937869","chr4","98075388","98075675","3","3137806"
"chr4","95044426","95044728","chr4","98182983","98183284","11","3138557"
"chr4","95107519","95107790","chr4","98246350","98246618","9","3138831"
"chr4","95143413","95143702","chr4","98283490","98283780","4","3140077"
"chr4","95578239","95578538","chr4","98730710","98731005","7","3152471"
"chr4","95627739","95628080","chr4","98780446","98780786","9","3152707"
"chr4","95988983","95989282","chr4","99182402","99182702","8","3193419"
"chr4","96077899","96078189","chr4","99266764","99267054","4","3188865"
"chr4","96167107","96167417","chr4","99352293","99352604","6","3185186"
"chr4","96225640","96225943","chr4","99404848","99405149","3","3179208"
"chr4","96418645","96418949","chr7","6595521","6595820","41","89823124"
"chr4","96430150","96430397","chr4","99612484","99612754","25","3182334"
"chr4","96621696","96621996","chr4","99869597","99869899","4","3247901"
"chr4","97595180","97595464","chr4","101022158","101022464","28","3426978"
"chr4","98039334","98039629","chr4","101527737","101528033","5","3488403"
"chr4","98241096","98241400","chr4","101736443","101736745","5","3495347"
"chr4","98686981","98687280","chr4","102188519","102188818","5","3501538"
"chr4","98767668","98767982","chr17","71291119","71291429","15","27476549"
"chr4","98845776","98846063","chr4","102278266","102278552","15","3432490"
"chr4","99106870","99107160","chr4","102532599","102532889","3","3425729"
"chr4","99165065","99165358","chr4","102593647","102593940","5","3428582"
"chr4","99337347","99337649","chr16","68417177","68417484","42","30920170"
"chr4","99393673","99393982","chr4","106409834","106410141","5","7016161"
"chr4","99802253","99802540","chr4","105944570","105944857","2","6142317"
"chr4","100151105","100151404","chr4","105535410","105535707","6","5384305"
"chr4","100250802","100251102","chr4","105430293","105430594","8","5179491"
"chr4","100296573","100296838","chr4","105384490","105384754","6","5087917"
"chr4","100311014","100311309","chr4","105373661","105373961","10","5062647"
"chr4","100404091","100404367","chr4","105275297","105275582","14","4871206"
"chr4","100438060","100438345","chr17","90303098","90303377","37","10134962"
"chr4","100471727","100472036","chr4","105207921","105208230","7","4736194"
"chr4","100491549","100491831","chr4","105187761","105188043","0","4696212"
"chr4","100592996","100593293","chr4","105091679","105091971","19","4498683"
"chr4","100771517","100771803","chr4","104910393","104910687","12","4138876"
"chr4","100975637","100975941","chr20","30832481","30832777","37","70143156"
"chr4","100988788","100989091","chr1","146307583","146307887","43","45318795"
"chr4","100990697","100990984","chr4","104693737","104694038","19","3703040"
"chr4","101091513","101091807","chr4","104584864","104585166","20","3493351"
"chr4","101318056","101318332","chr4","104359964","104360248","18","3041908"
"chr4","101341922","101342145","chr15","20083362","20083579","39","81258560"
"chr4","101396110","101396392","chr19","17878929","17879216","33","83517181"
"chr4","101446456","101446759","chr4","31898756","31899058","35","69547700"
"chr4","101569892","101570187","chr4","104040305","104040590","18","2470413"
"chr4","101641821","101642102","chr4","103969107","103969388","10","2327286"
"chr4","101645384","101645642","chr20","61462762","61463019","42","40182622"
"chr4","101655794","101656068","chr4","103954833","103955089","20","2299039"
"chr4","101695074","101695373","chr4","103915595","103915891","9","2220521"
"chr4","101725702","101725990","chr4","103885267","103885558","7","2159565"
"chr4","101729640","101729938","chr6","110719828","110720127","29","8990188"
"chr4","101793528","101793821","chr14","75580108","75580399","30","26213420"
"chr4","101821942","101822219","chr4","103752103","103752379","8","1930161"
"chr4","101884639","101884932","chr4","103691655","103691948","5","1807016"
"chr4","101887981","101888287","chr4","103688287","103688596","12","1800306"
"chr4","101947043","101947363","chr15","64867704","64868011","55","37079339"
"chr4","102014572","102014827","chr4","103550755","103551013","6","1536183"
"chr4","102056803","102057037","chr4","103507888","103508114","14","1451085"
"chr4","102078710","102079021","chr11","3530632","3530941","40","98548078"
"chr4","102125282","102125598","chr4","103448283","103448589","18","1323001"
"chr4","102242656","102242962","chr4","103330421","103330715","14","1087765"
"chr4","102245144","102245441","chr4","103327928","103328224","6","1082784"
"chr4","102304843","102305228","chr4","103269071","103269415","47","964228"
"chr4","102365342","102365669","chr12","20896473","20896777","61","81468869"
"chr4","102389019","102389272","chr3","58104676","58104928","39","44284343"
"chr4","102412818","102413123","chr4","103156044","103156343","10","743226"
"chr4","102415284","102415578","chr4","103153146","103153441","5","737862"
"chr4","102422923","102423228","chr4","103144302","103144607","9","721379"
"chr4","102440792","102441085","chr4","103125745","103126038","6","684953"
"chr4","102475315","102475579","chr4","103088690","103088956","7","613375"
"chr4","102483684","102483980","chr13","25051962","25052263","42","77431722"
"chr4","102557298","102557596","chr4","103008733","103009035","14","451435"
"chr4","102559396","102559695","chr4","103006635","103006933","4","447239"
"chr4","102564118","102564414","chrX","113467681","113467972","48","10903563"
"chr4","102568244","102568549","chr4","102997357","102997632","35","429113"
"chr4","102596374","102596640","chr4","102968237","102968504","4","371863"
"chr4","102598236","102598539","chr15","64867704","64868011","40","37730532"
"chr4","102610592","102610857","chr4","102954985","102955260","46","344393"
"chr4","102639903","102640199","chr4","123382191","123382485","35","20742288"
"chr4","102642097","102642400","chr4","102923765","102924068","9","281668"
"chr4","102643086","102643390","chr4","102922772","102923074","7","279686"
"chr4","102694189","102694472","chr4","102873472","102873755","4","179283"
"chr4","102761719","102762016","chr4","102807041","102807338","6","45322"
"chr4","102840946","102841242","chr4","106482904","106483200","13","3641958"
"chr4","102860916","102861220","chr7","153340983","153341286","36","50480067"
"chr4","102949237","102949534","chr1","124485438","124485732","39","21536201"
"chr4","103170987","103171281","chr4","106814362","106814657","3","3643375"
"chr4","103241822","103242131","chr11","49859030","49859338","40","53382792"
"chr4","103292386","103292664","chr4","106932524","106932802","7","3640138"
"chr4","103295549","103295859","chr4","106935995","106936298","16","3640446"
"chr4","103331500","103331791","chr4","106971336","106971627","7","3639836"
"chr4","103347535","103347691","chr4","106986651","106986807","3","3639116"
"chr4","103355171","103355460","chr4","106994100","106994379","15","3638929"
"chr4","103378815","103379115","chr6","131966421","131966716","38","28587606"
"chr4","103389868","103390164","chr4","107029363","107029673","19","3639495"
"chr4","103406648","103406951","chr4","107045913","107046224","10","3639265"
"chr4","103408073","103408374","chr4","107047374","107047675","8","3639301"
"chr4","103435632","103435947","chr4","107073890","107074206","13","3638258"
"chr4","103480528","103480822","chr4","107122140","107122435","4","3641612"
"chr4","103484238","103484535","chr4","107125863","107126160","7","3641625"
"chr4","103526511","103526802","chr4","107168742","107169023","16","3642231"
"chr4","103565699","103565984","chr7","27042398","27042682","32","76523301"
"chr4","103580373","103580640","chr4","107225699","107225966","2","3645326"
"chr4","103631532","103631825","chr4","107277497","107277789","2","3645965"
"chr4","103656341","103656646","chr6","152918820","152919108","48","49262479"
"chr4","103704877","103705186","chr19","20631949","20632258","37","83072928"
"chr4","103726956","103727260","chr4","107378111","107378421","10","3651155"
"chr4","103752377","103752691","chr4","107404351","107404661","7","3651974"
"chr4","103769870","103770095","chr3","116584477","116584693","49","12814607"
"chr4","103784553","103784831","chr4","107438215","107438501","14","3653662"
"chr4","103808536","103808828","chr2","92872216","92872505","37","10936320"
"chr4","103844538","103844833","chr4","107499138","107499433","7","3654600"
"chr4","103847240","103847535","chr4","107502138","107502443","22","3654898"
"chr4","103966773","103967041","chr4","107692045","107692310","10","3725272"
"chr4","104065152","104065453","chr4","107737555","107737858","8","3672403"
"chr4","104197225","104197489","chr4","107867411","107867675","5","3670186"
"chr4","104227360","104227637","chr9","27439378","27439664","40","76787982"
"chr4","104387326","104387621","chr4","108061100","108061395","12","3673774"
"chr4","104414161","104414437","chr3","127227170","127227430","41","22813009"
"chr4","104566089","104566367","chr8","76413611","76413891","39","28152478"
"chr4","104658138","104658417","chr4","108333383","108333662","2","3675245"
"chr4","104728608","104728847","chr4","108404772","108405011","4","3676164"
"chr4","104810093","104810386","chr4","108487188","108487478","13","3677095"
"chr4","104970585","104970881","chr9","52241731","52242025","47","52728854"
"chr4","105190661","105190955","chr4","108878148","108878445","9","3687487"
"chr4","105248050","105248344","chr4","108935768","108936062","6","3687718"
"chr4","105340538","105340833","chr4","109027108","109027401","5","3686570"
"chr4","105593771","105594064","chr4","109330415","109330708","1","3736644"
"chr4","105625550","105625838","chr4","109362984","109363272","8","3737434"
"chr4","105703215","105703511","chr4","109441460","109441759","8","3738245"
"chr4","105733138","105733441","chr2","113749555","113749849","38","8016417"
"chr4","106044395","106044706","chr4","109780028","109780337","5","3735633"
"chr4","106160146","106160452","chr3","166477634","166477937","54","60317488"
"chr4","106182603","106182885","chr4","109918020","109918301","6","3735417"
"chr4","106655383","106655660","chr4","110388433","110388710","3","3733050"
"chr4","107225020","107225319","chr4","111004292","111004592","8","3779272"
"chr4","107309697","107310003","chr4","111091545","111091851","9","3781848"
"chr4","107353901","107354205","chr20","16387064","16387364","34","90966837"
"chr4","107402488","107402787","chr4","111184958","111185251","10","3782470"
"chr4","107562132","107562409","chr4","111344345","111344622","5","3782213"
"chr4","107571234","107571540","chr4","31898756","31899058","38","75672478"
"chr4","107610284","107610512","chr4","111386144","111386372","6","3775860"
"chr4","107648279","107648585","chr4","111423884","111424193","4","3775605"
"chr4","107753055","107753356","chr8","68391461","68391765","34","39361594"
"chr4","107916046","107916349","chr4","111703512","111703791","25","3787466"
"chr4","107986640","107986937","chr4","111774018","111774313","6","3787378"
"chr4","107997779","107998073","chr20","59797775","59798072","32","48200004"
"chr4","108006882","108007190","chr4","111793657","111793959","16","3786775"
"chr4","108022533","108022843","chr4","111809338","111809650","6","3786805"
"chr4","108048164","108048456","chr4","111835354","111835646","4","3787190"
"chr4","108052492","108052788","chr4","111839605","111839900","8","3787113"
"chr4","108096428","108096737","chr4","111884486","111884779","23","3788058"
"chr4","108116991","108117282","chr4","111905663","111905963","15","3788672"
"chr4","108493759","108494035","chr4","112285702","112285978","2","3791943"
"chr4","108668497","108668793","chr4","112466486","112466778","15","3797989"
"chr4","109012128","109012438","chr4","112795148","112795460","5","3783020"
"chr4","109151382","109151688","chr4","112954690","112955027","45","3803308"
"chr4","109338391","109338699","chr4","113141737","113142044","6","3803346"
"chr4","109355986","109356131","chr7","43088634","43088783","17","66267352"
"chr4","109611513","109611776","chr9","3224904","3225169","47","106386609"
"chr4","109703706","109703999","chr4","113500147","113500446","9","3796441"
"chr4","109739476","109739783","chr4","113537270","113537578","6","3797794"
"chr4","109805742","109806039","chr4","113604447","113604746","6","3798705"
"chr4","109922378","109922680","chr4","113768773","113769073","14","3846395"
"chr4","109935649","109935955","chr4","113782199","113782508","7","3846550"
"chr4","110118002","110118289","chr6","78781426","78781713","39","31336576"
"chr4","110166671","110166966","chr4","114012997","114013293","3","3846326"
"chr4","110183400","110183693","chr4","114030763","114031055","2","3847363"
"chr4","110242520","110242815","chr4","114090678","114090975","9","3848158"
"chr4","110416632","110416927","chr2","87131337","87131630","32","23285295"
"chr4","110546508","110546780","chr4","114389616","114389904","19","3843108"
"chr4","110758599","110758904","chr4","114597685","114597986","10","3839086"
"chr4","110826700","110827034","chr4","114666941","114667229","65","3840241"
"chr4","110870250","110870575","chr4","114709765","114710090","4","3839515"
"chr4","110897010","110897305","chr4","114738390","114738685","3","3841380"
"chr4","110926098","110926371","chr4","114767301","114767578","13","3841203"
"chr4","110928390","110928717","chr2","84509227","84509557","38","26419163"
"chr4","110934437","110934723","chr5","98591416","98591702","36","12343021"
"chr4","110999617","110999917","chr4","114843017","114843309","15","3843400"
"chr4","111007106","111007403","chr4","114850483","114850774","15","3843377"
"chr4","111042916","111043213","chr11","34016163","34016458","38","77026753"
"chr4","111046182","111046479","chr4","114888976","114889278","14","3842794"
"chr4","111084583","111084879","chr4","114929100","114929395","9","3844517"
"chr4","111100389","111100683","chr4","114944834","114945138","13","3844445"
"chr4","111117430","111117719","chr4","114962282","114962566","11","3844852"
"chr4","111150770","111151068","chr3","178823852","178824149","32","67673082"
"chr4","111166368","111166655","chr4","115011810","115012097","5","3845442"
"chr4","111364360","111364425","chr15","77688096","77688160","19","33676264"
"chr4","111364732","111364939","chr1","31822944","31823146","34","79541788"
"chr4","111498869","111499101","chr4","115341769","115342001","1","3842900"
"chr4","111516676","111516982","chr1","51647179","51647482","48","59869497"
"chr4","111530208","111530498","chr4","115373595","115373892","15","3843387"
"chr4","111547774","111548067","chr4","115390884","115391181","8","3843110"
"chr4","111556064","111556364","chr4","115399149","115399447","7","3843085"
"chr4","111558944","111559281","chr9","77314014","77314346","53","34244930"
"chr4","111559313","111559611","chr15","93672265","93672559","40","17887048"
"chr4","111559940","111560256","chr4","115402465","115402780","5","3842525"
"chr4","111562264","111562550","chr4","115404756","115405042","10","3842492"
"chr4","111611847","111612137","chr18","48949176","48949466","44","62662671"
"chr4","111646534","111646838","chrX","46613737","46614040","35","65032797"
"chr4","111647324","111647613","chr18","6662737","6663021","51","104984587"
"chr4","111652381","111652652","chr4","115494007","115494278","4","3841626"
"chr4","111686107","111686380","chr4","115528252","115528544","33","3842145"
"chr4","111705993","111706280","chr4","115548377","115548669","9","3842384"
"chr4","111710179","111710436","chr4","115552537","115552799","15","3842358"
"chr4","111725828","111726115","chr4","115568464","115568751","1","3842636"
"chr4","111765354","111765646","chr4","115607626","115607923","16","3842272"
"chr4","111775434","111775741","chr4","115617874","115618180","4","3842440"
"chr4","111797873","111798175","chr20","49509","49806","37","111748364"
"chr4","111878694","111878940","chr4","115721296","115721549","11","3842602"
"chr4","111902840","111903116","chr4","115744966","115745242","3","3842126"
"chr4","111918825","111919119","chr2","85490857","85491151","31","26427968"
"chr4","111994876","111995161","chr18","2351340","2351628","39","109643536"
"chr4","112283969","112284277","chr4","116164707","116165015","5","3880738"
"chr4","112289511","112289797","chr4","116170224","116170512","8","3880713"
"chr4","112339875","112340167","chr4","116220453","116220745","5","3880578"
"chr4","112505805","112506101","chr4","116363797","116364091","7","3857992"
"chr4","112526330","112526626","chr4","116384390","116384689","5","3858060"
"chr4","112532154","112532281","chr4","116389016","116389143","1","3856862"
"chr4","112562263","112562556","chr4","116420573","116420864","5","3858310"
"chr4","112678012","112678139","chr4","116536038","116536165","3","3858026"
"chr4","112682487","112682783","chr4","116540512","116540816","15","3858025"
"chr4","112698880","112699145","chr3","106414487","106414762","50","6284393"
"chr4","112708749","112708874","chr4","116566585","116566710","1","3857836"
"chr4","112819834","112820142","chr4","116689594","116689904","7","3869760"
"chr4","112830054","112830358","chr4","116699945","116700249","1","3869891"
"chr4","112832311","112832608","chr4","116702501","116702796","6","3870190"
"chr4","112852533","112852839","chr4","116723292","116723603","8","3870759"
"chr4","112859581","112859873","chr4","116730346","116730639","8","3870765"
"chr4","112866860","112867159","chr1","83767224","83767525","41","29099636"
"chr4","112867182","112867491","chr16","39535721","39536029","38","73331461"
"chr4","112902274","112902577","chr4","116775522","116775825","4","3873248"
"chr4","112904893","112905194","chr4","116778158","116778458","9","3873265"
"chr4","112912421","112912720","chr1","26219569","26219860","39","86692852"
"chr4","112919761","112920062","chr4","116792613","116792915","6","3872852"
"chr4","112983618","112983924","chr4","116857919","116858221","11","3874301"
"chr4","112986050","112986360","chr4","116860350","116860660","4","3874300"
"chr4","113025597","113025895","chr4","116904438","116904741","9","3878841"
"chr4","113046001","113046291","chrX","17706925","17707211","39","95339076"
"chr4","113064602","113064901","chr4","116943433","116943743","18","3878831"
"chr4","113087666","113087967","chr4","116965165","116965459","12","3877499"
"chr4","113093128","113093424","chr3","156323805","156324104","32","43230677"
"chr4","113113227","113113526","chr16","53122406","53122707","37","59990821"
"chr4","113122698","113122994","chr3","137306054","137306351","45","24183356"
"chr4","113136238","113136537","chr4","117012344","117012642","5","3876106"
"chr4","113149113","113149412","chr4","117025306","117025605","7","3876193"
"chr4","113158782","113159073","chr4","117035021","117035325","22","3876239"
"chr4","113161978","113162248","chr4","117038230","117038500","5","3876252"
"chr4","113178288","113178562","chr4","117054547","117054822","3","3876259"
"chr4","113241563","113241870","chr4","117118567","117118870","9","3877004"
"chr4","113266458","113266758","chr16","58679852","58680150","38","54586606"
"chr4","113312895","113313200","chr4","117193813","117194118","9","3880918"
"chr4","113325922","113326216","chr4","117206837","117207131","5","3880915"
"chr4","113467575","113467856","chr4","117336303","117336584","1","3868728"
"chr4","113532352","113532645","chr4","117401339","117401631","3","3868987"
"chr4","113551662","113551926","chr4","117420368","117420632","6","3868706"
"chr4","113608383","113608683","chr4","117477387","117477682","7","3869004"
"chr4","113627574","113627881","chr4","117496873","117497180","3","3869299"
"chr4","113780881","113781180","chr17","83001545","83001842","32","30779336"
"chr4","113837755","113838033","chr4","117700959","117701230","10","3863204"
"chr4","113934376","113934664","chr4","117797600","117797895","16","3863224"
"chr4","114111279","114111572","chr7","111938515","111938810","35","2172764"
"chr4","114114968","114115276","chr4","117991200","117991516","16","3876232"
"chr4","114170784","114171081","chr4","118047095","118047402","23","3876311"
"chr4","114208535","114208835","chr4","118083757","118084055","8","3875222"
"chr4","114235631","114235904","chr4","118110737","118111005","10","3875106"
"chr4","114327857","114328166","chrX","91535431","91535738","35","22792426"
"chr4","114330193","114330491","chr4","118211370","118211675","13","3881177"
"chr4","114331943","114332227","chr4","118213356","118213655","17","3881413"
"chr4","114361829","114362127","chr10","5729998","5730296","32","108631831"
"chr4","114505765","114506040","chr4","118389577","118389861","13","3883812"
"chr4","114705030","114705341","chr13","32517157","32517465","41","82187873"
"chr4","114744232","114744532","chr4","118627866","118628166","9","3883634"
"chr4","114784316","114784618","chr4","118667710","118668011","8","3883394"
"chr4","114902173","114902472","chr4","20645573","20645866","34","94256600"
"chr4","114911185","114911504","chr4","118795976","118796256","43","3884791"
"chr4","114991448","114991722","chr4","118877324","118877600","6","3885876"
"chr4","115189364","115189598","chr4","119127696","119127930","9","3938332"
"chr4","115230429","115230733","chr4","119168220","119168524","10","3937791"
"chr4","115287631","115287889","chr4","119225205","119225463","4","3937574"
"chr4","115357368","115357663","chr4","119294771","119295065","7","3937403"
"chr4","115428785","115429095","chr4","119366922","119367228","11","3938137"
"chr4","115455723","115456013","chr4","119393576","119393865","12","3937853"
"chr4","115568310","115568613","chr4","119510511","119510805","16","3942201"
"chr4","115589196","115589504","chr4","119531697","119532001","6","3942501"
"chr4","116047925","116048219","chr4","119992969","119993264","5","3945044"
"chr4","116117584","116117878","chr5","826717","827010","40","115290867"
"chr4","116371714","116372022","chr4","120387358","120387666","5","4015644"
"chr4","116599304","116599608","chr13","3139330","3139635","35","113459974"
"chr4","116735634","116735926","chr11","55289054","55289346","30","61446580"
"chr4","116842945","116843213","chr4","120824696","120824965","3","3981751"
"chr4","117152563","117152863","chr4","121279502","121279802","3","4126939"
"chr4","117625672","117625940","chr4","121848152","121848426","11","4222480"
"chr4","117780238","117780525","chr4","122008048","122008335","7","4227810"
"chr4","117840645","117840952","chr4","122073531","122073832","17","4232886"
"chr4","117914330","117914604","chr4","122144481","122144756","4","4230151"
"chr4","117995856","117996147","chr4","122220701","122220991","8","4224845"
"chr4","118038881","118039179","chr4","122263711","122264009","6","4224830"
"chr4","118124805","118125091","chr4","122350742","122351018","15","4225937"
"chr4","118200675","118200955","chr4","122425841","122426123","13","4225166"
"chr4","118297633","118297934","chr4","122521748","122522040","12","4224115"
"chr4","118438282","118438581","chr4","32829016","32829314","43","85609266"
"chr4","118475875","118476173","chr4","122702110","122702407","9","4226235"
"chr4","118528627","118528713","chr2","95128262","95128347","14","23400365"
"chr4","118528933","118529087","chr4","53301710","53301870","30","65227223"
"chr4","118530402","118530698","chr4","122757490","122757786","10","4227088"
"chr4","118650859","118651153","chr4","122877155","122877462","16","4226296"
"chr4","118765253","118765562","chr3","21179941","21180248","31","97585312"
"chr4","118972590","118972895","chr4","123246229","123246531","7","4273639"
"chr4","119034557","119034863","chr4","123307767","123308078","10","4273210"
"chr4","119063842","119064140","chr4","123338479","123338774","8","4274637"
"chr4","119104112","119104395","chr4","123379013","123379300","6","4274901"
"chr4","119107291","119107587","chr4","123382191","123382485","3","4274900"
"chr4","119114942","119115240","chr4","123389836","123390136","8","4274894"
"chr4","119120311","119120588","chr4","123395186","123395463","8","4274875"
"chr4","119158755","119159050","chr4","123433446","123433745","9","4274691"
"chr4","119174224","119174514","chr4","123448924","123449220","9","4274700"
"chr4","119231048","119231345","chr4","123505616","123505910","8","4274568"
"chr4","119328190","119328494","chr4","123594696","123594994","15","4266506"
"chr4","119590117","119590399","chr4","123849802","123850085","4","4259685"
"chr4","119732925","119733225","chr4","123989092","123989393","7","4256167"
"chr4","119749471","119749773","chr16","49972508","49972809","34","69776963"
"chr4","119869357","119869639","chr4","124653768","124654049","8","4784411"
"chr4","119875270","119875551","chr8","76413611","76413891","38","43461659"
"chr4","119913739","119914024","chr4","124705814","124706091","11","4792075"
"chr4","119930195","119930485","chr4","124721600","124721891","6","4791405"
"chr4","119999309","119999542","chr4","124788927","124789160","2","4789618"
"chr4","120001368","120001643","chr4","124791018","124791281","15","4789650"
"chr4","120039368","120039574","chr4","124828118","124828324","2","4788750"
"chr4","120172012","120172318","chr4","124961168","124961474","3","4789156"
"chr4","120802683","120802989","chr4","125554370","125554676","9","4751687"
"chr4","120894576","120894879","chr4","125652286","125652587","13","4757710"
"chr4","121211559","121211812","chr4","125981745","125981998","1","4770186"
"chr4","121443373","121443672","chr1","5801482","5801782","33","115641891"
"chr4","121552414","121552709","chr4","126304167","126304462","10","4751753"
"chr4","121699749","121700044","chr1","76404331","76404627","7","45295418"
"chr4","121859269","121859547","chr4","126653436","126653725","15","4794167"
"chr4","122130920","122131217","chr4","126941821","126942128","17","4810901"
"chr4","122149737","122150043","chr1","63216852","63217153","38","58932885"
"chr4","122249788","122250044","chr4","127049410","127049662","6","4799622"
"chr4","122283681","122283971","chr4","127083984","127084270","7","4800303"
"chr4","122295726","122296035","chr4","127096045","127096356","3","4800319"
"chr4","122393592","122393868","chr10","27194480","27194758","37","95199112"
"chr4","122400187","122400486","chr4","127194640","127194939","9","4794453"
"chr4","122503500","122503766","chr20","284750","285011","45","122218750"
"chr4","122616053","122616361","chr15","56843173","56843482","34","65772880"
"chr4","122773563","122773859","chr4","127569389","127569703","28","4795826"
"chr4","122880357","122880642","chr4","127673009","127673295","6","4792652"
"chr4","122940230","122940522","chr19","33673355","33673647","36","89266875"
"chr4","123050172","123050485","chr4","127837702","127838010","6","4787530"
"chr4","123137580","123137887","chr4","127929121","127929425","5","4791541"
"chr4","123181983","123182268","chr4","127974088","127974373","7","4792105"
"chr4","123209909","123210218","chr4","128001998","128002307","6","4792089"
"chr4","123216823","123217107","chr4","128008877","128009161","4","4792054"
"chr4","123241534","123241839","chr4","128033545","128033845","18","4792011"
"chr4","123261545","123261853","chr4","128053946","128054256","6","4792401"
"chr4","123277381","123277679","chr5","56701456","56701750","43","66575925"
"chr4","123340555","123340841","chr4","128133339","128133625","3","4792784"
"chr4","123352398","123352714","chr4","128145044","128145360","9","4792646"
"chr4","123353804","123354102","chr2","138093864","138094162","39","14740060"
"chr4","123410667","123410961","chr4","128203444","128203747","12","4792777"
"chr4","123418384","123418675","chr4","128211171","128211463","8","4792787"
"chr4","123462302","123462613","chr4","128254766","128255078","5","4792464"
"chr4","123471225","123471525","chr4","128264090","128264390","6","4792865"
"chr4","123502230","123502519","chr2","49889760","49890048","35","73612470"
"chr4","123506761","123507074","chr4","128301447","128301758","10","4794686"
"chr4","123523140","123523400","chr3","17499382","17499656","42","106023758"
"chr4","123535630","123535925","chr4","128330254","128330546","4","4794624"
"chr4","123552545","123552807","chr4","128347189","128347451","8","4794644"
"chr4","123588608","123588913","chr4","128382881","128383182","6","4794273"
"chr4","123626227","123626528","chr4","128426689","128426978","16","4800462"
"chr4","123637233","123637544","chr13","3139330","3139635","34","120497903"
"chr4","123807963","123808258","chr4","128607004","128607297","7","4799041"
"chr4","123847116","123847416","chr4","128645939","128646243","6","4798823"
"chr4","123848394","123848670","chr4","128647225","128647502","10","4798831"
"chr4","123851263","123851403","chr19","51444300","51444436","31","72406963"
"chr4","123851727","123851848","chr20","11425234","11425368","31","112426493"
"chr4","123863819","123864112","chr16","42689947","42690240","27","81173872"
"chr4","123869042","123869292","chr4","128667551","128667801","7","4798509"
"chr4","123940596","123940899","chr4","128740358","128740660","6","4799762"
"chr4","124011216","124011516","chr12","53041631","53041935","34","70969585"
"chr4","124032979","124033243","chr4","128835453","128835717","1","4802474"
"chr4","124115820","124116090","chr4","128921893","128922176","23","4806073"
"chr4","124176278","124176541","chr9","88833277","88833539","34","35343001"
"chr4","124199284","124199587","chr4","129008056","129008351","20","4808772"
"chr4","124222038","124222329","chr4","129031693","129031987","12","4809655"
"chr4","124241181","124241452","chr4","129052512","129052783","1","4811331"
"chr4","124288939","124289233","chr4","129099984","129100277","8","4811045"
"chr4","124323420","124323725","chr6","136001292","136001600","36","11677872"
"chr4","124442177","124442475","chr4","129250071","129250355","22","4807894"
"chr4","124443559","124443864","chr4","129251439","129251746","9","4807880"
"chr4","124480482","124480782","chr4","129289388","129289690","8","4808906"
"chr4","124698100","124698316","chr1","25330562","25330777","27","99367538"
"chr4","124811112","124811419","chr4","129620319","129620626","8","4809207"
"chr4","124855897","124856188","chr4","129665010","129665301","6","4809113"
"chr4","124985048","124985345","chr4","129794392","129794688","4","4809344"
"chr4","125018309","125018609","chr12","74926145","74926438","43","50092164"
"chr4","125259794","125260090","chr4","130078009","130078310","11","4818215"
"chr4","125271979","125272274","chr4","130090214","130090510","8","4818235"
"chr4","125364576","125364868","chr4","130183008","130183300","7","4818432"
"chr4","125450550","125450853","chr4","130270244","130270554","11","4819694"
"chr4","125569838","125570116","chr4","130392559","130392839","8","4822721"
"chr4","125627155","125627463","chr4","130450000","130450307","8","4822845"
"chr4","125673422","125673731","chr4","130496582","130496876","18","4823160"
"chr4","125794821","125795126","chr4","130614786","130615082","12","4819965"
"chr4","125866681","125866990","chr4","130686009","130686322","11","4819328"
"chr4","125907413","125907696","chr18","20497676","20497956","43","105409737"
"chr4","125979245","125979516","chr3","155533424","155533689","40","29554179"
"chr4","126024748","126025042","chr4","130842138","130842432","3","4817390"
"chr4","126167741","126168052","chr1","161456811","161457120","43","35289070"
"chr4","126188345","126188644","chr13","33511158","33511456","36","92677187"
"chr4","126218150","126218444","chr4","131037291","131037585","2","4819141"
"chr4","126240869","126241173","chr4","131060018","131060322","7","4819149"
"chr4","126246173","126246447","chr4","131065659","131065934","10","4819486"
"chr4","126557290","126557584","chr4","7299926","7300221","34","119257364"
"chr4","126757594","126757883","chr4","131567710","131567999","13","4810116"
"chr4","126835844","126836148","chr17","23775743","23776042","42","103060101"
"chr4","126840643","126840948","chr4","131649367","131649672","5","4808724"
"chr4","126961628","126961940","chr4","131808785","131809115","23","4847157"
"chr4","127125542","127125843","chr4","131979791","131980096","8","4854249"
"chr4","127178449","127178733","chr4","132033598","132033882","5","4855149"
"chr4","127210656","127210943","chr4","132066104","132066392","5","4855448"
"chr4","127243702","127243983","chr4","132098674","132098954","1","4854972"
"chr4","127305979","127306265","chr4","132163993","132164279","5","4858014"
"chr4","127314178","127314447","chr4","132171958","132172229","5","4857780"
"chr4","127358130","127358265","chr19","51444300","51444436","31","75913830"
"chr4","127358496","127358672","chr4","132216428","132216604","3","4857932"
"chr4","127437351","127437660","chr4","132294565","132294887","24","4857214"
"chr4","127486443","127486745","chr4","46498853","46499150","47","80987590"
"chr4","127596839","127597135","chr4","132454323","132454619","3","4857484"
"chr4","127622557","127622821","chr4","132479686","132479950","7","4857129"
"chr4","127648029","127648301","chr4","132507570","132507842","3","4859541"
"chr4","127696101","127696384","chr4","132555873","132556156","3","4859772"
"chr4","127743108","127743381","chr4","132604618","132604920","33","4861510"
"chr4","127781054","127781351","chr7","125516438","125516734","33","2264616"
"chr4","127785493","127785727","chr4","132649915","132650149","5","4864422"
"chr4","127834328","127834621","chr4","132698512","132698817","23","4864184"
"chr4","127834757","127835064","chr3","149667050","149667358","38","21832293"
"chr4","127946700","127946950","chr4","132813450","132813697","8","4866750"
"chr4","127955502","127955824","chr4","132821894","132822214","14","4866392"
"chr4","128168132","128168401","chr4","133037041","133037310","4","4868909"
"chr4","128198790","128199083","chr4","133068518","133068807","13","4869728"
"chr4","128200367","128200671","chr4","133069794","133070095","11","4869427"
"chr4","128307185","128307480","chr13","27813719","27814007","32","100493466"
"chr4","128339297","128339600","chr4","133252072","133252368","16","4912775"
"chr4","128341152","128341443","chr4","133253916","133254207","6","4912764"
"chr4","128355345","128355649","chr4","133268095","133268389","20","4912750"
"chr4","128356644","128356935","chr4","133269379","133269657","22","4912735"
"chr4","128524947","128525251","chr4","133440768","133441072","7","4915821"
"chr4","128538219","128538505","chr4","133453784","133454074","7","4915565"
"chr4","128720801","128721110","chr4","133642390","133642698","6","4921589"
"chr4","128724161","128724462","chr15","49257520","49257819","39","79466641"
"chr4","129098759","129099062","chr4","134019084","134019365","26","4920325"
"chr4","129105930","129106227","chr4","134026237","134026541","20","4920307"
"chr4","129134404","129134706","chr4","134050630","134050926","12","4916226"
"chr4","129733800","129734071","chr6","84003217","84003490","38","45730583"
"chr4","129743603","129743907","chr4","134648653","134648948","21","4905050"
"chr4","129771741","129772048","chr4","134677123","134677425","13","4905382"
"chr4","129795840","129796148","chr4","134701166","134701461","17","4905326"
"chr4","130015966","130016264","chr4","134918330","134918628","6","4902364"
"chr4","130084099","130084362","chr9","37265785","37266047","36","92818314"
"chr4","130210277","130210565","chr4","135113148","135113435","4","4902871"
"chr4","130212065","130212267","chr1","140269481","140269686","52","10057416"
"chr4","130375753","130376038","chr4","135285279","135285564","9","4909526"
"chr4","130393212","130393497","chr4","135304579","135304827","41","4911367"
"chr4","130495029","130495327","chr4","135415478","135415776","10","4920449"
"chr4","130495739","130496048","chr4","135416218","135416521","18","4920479"
"chr4","130555939","130556245","chr4","135477459","135477737","37","4921520"
"chr4","130703224","130703531","chr7","152675411","152675718","30","21972187"
"chr4","130704531","130704826","chr4","135660108","135660404","5","4955577"
"chr4","130788985","130789289","chr4","135744071","135744376","8","4955086"
"chr4","130807445","130807721","chr4","135762495","135762767","8","4955050"
"chr4","130826026","130826199","chr9","51995183","51995352","24","78830843"
"chr4","130941867","130942168","chr4","135897019","135897320","4","4955152"
"chr4","130942544","130942843","chrX","44731603","44731899","38","86210941"
"chr4","130967600","130967891","chr9","73143653","73143946","35","57823947"
"chr4","131017690","131017984","chr4","135972882","135973176","6","4955192"
"chr4","131277185","131277484","chr5","16124720","16125017","40","115152465"
"chr4","131488781","131489092","chr4","136444752","136445054","12","4955971"
"chr4","131621358","131621638","chr4","136578262","136578550","14","4956904"
"chr4","131819535","131819838","chr18","11529711","11530017","43","120289824"
"chr4","131863409","131863686","chr4","136823306","136823583","0","4959897"
"chr4","132177685","132177985","chr4","137151969","137152268","4","4974284"
"chr4","132273135","132273423","chr4","137245079","137245368","6","4971944"
"chr4","132294152","132294467","chr4","137266070","137266384","32","4971918"
"chr4","132503450","132503748","chr4","137476798","137477096","9","4973348"
"chr4","132795367","132795676","chr4","137770496","137770787","21","4975129"
"chr4","132817844","132818142","chr4","137792032","137792329","6","4974188"
"chr4","132837542","132837836","chr4","137812468","137812759","18","4974926"
"chr4","132863790","132864102","chr10","3178131","3178429","48","129685659"
"chr4","133267394","133267693","chr4","138240448","138240746","12","4973054"
"chr4","133318822","133319126","chr1","209176258","209176559","43","75857436"
"chr4","133359015","133359311","chr4","138331977","138332269","7","4972962"
"chr4","133635468","133635741","chr4","138605367","138605643","10","4969899"
"chr4","133883913","133884211","chr19","34396296","34396597","49","99487617"
"chr4","134013793","134014090","chr4","138980368","138980665","1","4966575"
"chr4","134069334","134069631","chr2","149190520","149190816","29","15121186"
"chr4","134073174","134073468","chr4","139039936","139040243","17","4966762"
"chr4","134093371","134093660","chr4","139060540","139060829","4","4967169"
"chr4","134119322","134119627","chr4","139085912","139086217","3","4966590"
"chr4","134122946","134123227","chr4","139089888","139090169","6","4966942"
"chr4","134165885","134166191","chr4","139132667","139132973","12","4966782"
"chr4","134182871","134183175","chr4","139149811","139150119","15","4966940"
"chr4","134326669","134326978","chr4","31754403","31754708","49","102572266"
"chr4","134397474","134397765","chr4","139406676","139406969","8","5009202"
"chr4","134553670","134553966","chr6","136126076","136126371","38","1572406"
"chr4","134564252","134564563","chr4","139573953","139574269","7","5009701"
"chr4","134671825","134672116","chr3","43892554","43892846","41","90779271"
"chr4","134894103","134894405","chr2","46308011","46308312","30","88586092"
"chr4","134923530","134923816","chr6","73361350","73361632","51","61562180"
"chr4","135028215","135028494","chr4","140032090","140032371","6","5003875"
"chr4","135034917","135035211","chr4","140038778","140039072","6","5003861"
"chr4","135114549","135114835","chr4","140119189","140119470","9","5004640"
"chr4","135208735","135209040","chr4","140212223","140212527","11","5003488"
"chr4","135250640","135250941","chr17","31230657","31230959","42","104019983"
"chr4","135308978","135309279","chr4","140310546","140310849","9","5001568"
"chr4","135613440","135613727","chr4","140603083","140603370","3","4989643"
"chr4","135791538","135791843","chr18","69408145","69408454","43","66383393"
"chr4","135827207","135827498","chr4","140816373","140816684","34","4989166"
"chr4","136167661","136167968","chr4","141183630","141183937","8","5015969"
"chr4","136168822","136169133","chr4","141184790","141185107","10","5015968"
"chr4","136248653","136248944","chr7","858728","859018","32","135389925"
"chr4","136359055","136359356","chr4","141458441","141458742","7","5099386"
"chr4","136467754","136468024","chr4","141568413","141568689","9","5100659"
"chr4","136510337","136510644","chr4","141613986","141614293","2","5103649"
"chr4","136682816","136683118","chr4","141795230","141795532","3","5112414"
"chr4","136919935","136920218","chr4","142037198","142037478","6","5117263"
"chr4","137075913","137076114","chr4","142194304","142194505","2","5118391"
"chr4","137331418","137331711","chr4","142450922","142451214","8","5119504"
"chr4","137339265","137339545","chr5","98591416","98591702","41","38747849"
"chr4","137642228","137642354","chr5","25698276","25698401","26","111943952"
"chr4","137642596","137642755","chr16","70283817","70283965","25","67358779"
"chr4","137920748","137921029","chr4","143049413","143049690","14","5128665"
"chr4","138209241","138209526","chr14","14565764","14566058","36","123643477"
"chr4","138405794","138406101","chr14","113226651","113226952","44","25179143"
"chr4","138466311","138466606","chr5","77888840","77889139","45","60577471"
"chr4","138494560","138494854","chrX","24046370","24046667","34","114448190"
"chr4","138679203","138679501","chr4","143816113","143816409","11","5136910"
"chr4","138934543","138934823","chr4","144062553","144062835","3","5128010"
"chr4","139102215","139102518","chr4","144229692","144229996","4","5127477"
"chr4","139753950","139754225","chr6","177576442","177576722","40","37822492"
"chr4","139994341","139994647","chr1","27794889","27795194","40","112199452"
"chr4","140026072","140026359","chr4","145204839","145205139","20","5178767"
"chr4","140127782","140128065","chr4","145304540","145304835","20","5176758"
"chr4","140154453","140154707","chr4","145330808","145331061","9","5176355"
"chr4","140658236","140658517","chr4","145855255","145855538","12","5197019"
"chr4","140678782","140679084","chr2","94715936","94716235","38","45962846"
"chr4","140701766","140702070","chr4","145904048","145904353","13","5202282"
"chr4","140774199","140774501","chr4","146019229","146019537","12","5245030"
"chr4","140813549","140813841","chr4","146058776","146059066","8","5245227"
"chr4","141018516","141018787","chr4","146271453","146271735","24","5252937"
"chr4","141022394","141022674","chr4","146275358","146275628","12","5252964"
"chr4","141036301","141036593","chr4","146289794","146290098","13","5253493"
"chr4","141069093","141069388","chr4","146310604","146310904","12","5241511"
"chr4","141113281","141113584","chr8","122227738","122228039","37","18885543"
"chr4","141123724","141124018","chr20","28912825","28913117","36","112210899"
"chr4","141125178","141125478","chr4","146366446","146366749","13","5241268"
"chr4","141128405","141128698","chr4","146370010","146370303","0","5241605"
"chr4","141156411","141156726","chr4","146398546","146398861","3","5242135"
"chr4","141202391","141202684","chr4","146442647","146442940","4","5240256"
"chr4","141408044","141408339","chr4","146654044","146654341","7","5246000"
"chr4","141590784","141591084","chr4","146838422","146838730","17","5247638"
"chr4","141939426","141939743","chr4","147209928","147210245","11","5270502"
"chr4","142093692","142093976","chr4","147356713","147356996","9","5263021"
"chr4","142581709","142582015","chr4","147824530","147824838","5","5242821"
"chr4","142594412","142594721","chr7","152675411","152675718","33","10080999"
"chr4","142841038","142841344","chr4","148087789","148088095","1","5246751"
"chr4","142871163","142871442","chr4","148117325","148117604","7","5246162"
"chr4","142976814","142977120","chr4","148226169","148226475","9","5249355"
"chr4","143037249","143037548","chr4","148284044","148284349","15","5246795"
"chr4","143232464","143232768","chr4","148523626","148523923","15","5291162"
"chr4","143308058","143308335","chr4","148598948","148599224","2","5290890"
"chr4","143316704","143316996","chr4","148607267","148607557","6","5290563"
"chr4","143408186","143408462","chr4","148698940","148699215","6","5290754"
"chr4","143692434","143692728","chr4","148976482","148976778","14","5284048"
"chr4","143718275","143718574","chr9","92895163","92895462","36","50823112"
"chr4","143926721","143927023","chr4","149217814","149218117","8","5291093"
"chr4","143993724","143994014","chr14","9646530","9646822","38","134347194"
"chr4","144019538","144019815","chr4","149311766","149312062","24","5292228"
"chr4","144033472","144033772","chr4","149325706","149326003","12","5292234"
"chr4","144072957","144073264","chr4","149365515","149365795","34","5292558"
"chr4","144203855","144204155","chr4","149500572","149500866","16","5296717"
"chr4","144209134","144209440","chr4","149505872","149506164","21","5296738"
"chr4","144515169","144515459","chr4","149865927","149866219","6","5350758"
"chr4","145238541","145238849","chr9","68400141","68400443","37","76838400"
"chr4","145309060","145309351","chr4","150663363","150663654","5","5354303"
"chr4","145401054","145401368","chr4","150753724","150754037","7","5352670"
"chr4","145684505","145684783","chr4","151034883","151035189","36","5350378"
"chr4","145801284","145801574","chr4","151149695","151150004","24","5348411"
"chr4","145839737","145840057","chr4","151188672","151188992","6","5348935"
"chr4","146116957","146117265","chr4","151457609","151457917","4","5340652"
"chr4","146137465","146137785","chr4","151478402","151478714","13","5340937"
"chr4","146160156","146160451","chr4","151500541","151500836","13","5340385"
"chr4","146201936","146202199","chr4","151540163","151540419","12","5338227"
"chr4","146347862","146348172","chr4","151679916","151680222","12","5332054"
"chr4","146368270","146368554","chr4","115797067","115797350","36","30571203"
"chr4","146821172","146821487","chr13","3139330","3139635","54","143681842"
"chr4","146948610","146948884","chr1","184555716","184555984","40","37607106"
"chr4","147382107","147382410","chr4","152854182","152854493","21","5472075"
"chr4","147855280","147855580","chr4","153329991","153330307","22","5474711"
"chr4","148317012","148317282","chr4","153789270","153789544","9","5472258"
"chr4","148378502","148378802","chr4","153850328","153850624","11","5471826"
"chr4","148385215","148385491","chr4","153857056","153857332","6","5471841"
"chr4","148399680","148399981","chr17","437910","438212","46","147961770"
"chr4","148409171","148409455","chr1","26575506","26575793","51","121833665"
"chr4","148439631","148439937","chr4","153913563","153913869","6","5473932"
"chr4","148494197","148494497","chr4","153967439","153967745","16","5473242"
"chr4","148607109","148607398","chrX","112084773","112085067","40","36522336"
"chr4","148730822","148731124","chr4","154205369","154205671","3","5474547"
"chr4","148745409","148745709","chr4","154220904","154221205","7","5475495"
"chr4","148756883","148757175","chr4","154232443","154232728","12","5475560"
"chr4","148758268","148758548","chr8","76413611","76413891","32","72344657"
"chr4","148775065","148775373","chr4","154249691","154250001","13","5474626"
"chr4","148791982","148792210","chr1","137190571","137190798","33","11601411"
"chr4","148871226","148871533","chr5","40002822","40003131","33","108868404"
"chr4","148893612","148893911","chr4","154370658","154370953","9","5477046"
"chr4","148980781","148981054","chr4","154459253","154459526","2","5478472"
"chr4","149069768","149070053","chr1","5865475","5865752","56","143204293"
"chr4","149363772","149364066","chr4","154878570","154878865","7","5514798"
"chr4","149908440","149908695","chr4","155603823","155604076","10","5695383"
"chr4","150076818","150077148","chr2","84509227","84509557","47","65567591"
"chr4","150282568","150282849","chr4","155983218","155983494","15","5700650"
"chr4","150311762","150312071","chr4","156011822","156012129","6","5700060"
"chr4","150366969","150367276","chr4","156067766","156068073","13","5700797"
"chr4","150453300","150453607","chr4","156152224","156152507","27","5698924"
"chr4","150463361","150463662","chr4","156162286","156162589","5","5698925"
"chr4","150516682","150516979","chr4","156215616","156215907","7","5698934"
"chr4","150598649","150598944","chr4","156297783","156298079","4","5699134"
"chr4","150677952","150678234","chr4","156376599","156376886","10","5698647"
"chr4","150773334","150773633","chr4","156472697","156472997","4","5699363"
"chr4","150933281","150933557","chr4","156632508","156632784","2","5699227"
"chr4","150939156","150939458","chr3","2907703","2908000","43","148031453"
"chr4","150943544","150943825","chr4","156642763","156643046","7","5699219"
"chr4","150983708","150984012","chr4","156681569","156681863","16","5697861"
"chr4","151016183","151016496","chr4","156714987","156715298","10","5698804"
"chr4","151047737","151048028","chr2","184284493","184284784","30","33236756"
"chr4","151267737","151268029","chr4","156966183","156966475","3","5698446"
"chr4","151283723","151284019","chr4","156985615","156985912","7","5701892"
"chr4","151288676","151288979","chr4","156990891","156991190","9","5702215"
"chr4","151354725","151355015","chr4","157059314","157059604","4","5704589"
"chr4","151412799","151413098","chr4","157121867","157122176","15","5709068"
"chr4","151441824","151442101","chr4","157153008","157153285","4","5711184"
"chr4","151467220","151467365","chr16","7584020","7584165","20","143883200"
"chr4","151545866","151546148","chr4","157249472","157249753","4","5703606"
"chr4","151552235","151552530","chr4","157256400","157256697","3","5704165"
"chr4","151554152","151554453","chr4","157258324","157258639","18","5704172"
"chr4","151557349","151557648","chr4","157261201","157261504","11","5703852"
"chr4","151572310","151572612","chr9","110703897","110704192","42","40868413"
"chr4","151619564","151619862","chr4","157325672","157325970","5","5706108"
"chr4","151625939","151626221","chr4","157332015","157332297","3","5706076"
"chr4","151630894","151631202","chr4","157336957","157337266","15","5706063"
"chr4","151632847","151633141","chr4","157338914","157339209","1","5706067"
"chr4","151678717","151679013","chrX","44627777","44628073","25","107050940"
"chr4","151723372","151723668","chr13","65644208","65644504","34","86079164"
"chr4","151761369","151761657","chr4","157466342","157466631","9","5704973"
"chr4","151771756","151772055","chr7","91045272","91045567","38","60726484"
"chr4","151844938","151845236","chr4","157553904","157554205","5","5708966"
"chr4","151866721","151867021","chr4","157574653","157574962","11","5707932"
"chr4","151964700","151965010","chr4","157671249","157671560","8","5706549"
"chr4","151985770","151986079","chr4","157693646","157693955","5","5707876"
"chr4","152004610","152004891","chr4","157712533","157712811","6","5707923"
"chr4","152130873","152131115","chr4","157841488","157841744","18","5710615"
"chr4","152156512","152156798","chr4","157868111","157868397","6","5711599"
"chr4","152321754","152322053","chr4","158034716","158035015","4","5712962"
"chr4","152398384","152398695","chrX","43326686","43326989","38","109071698"
"chr4","152552869","152553153","chr4","158268911","158269195","6","5716042"
"chr4","152764719","152765012","chr4","158478528","158478824","6","5713809"
"chr4","152807041","152807332","chr7","32614729","32615019","34","120192312"
"chr4","152815963","152816260","chr4","158529630","158529926","5","5713667"
"chr4","152828179","152828470","chr4","158542209","158542495","8","5714030"
"chr4","152955425","152955728","chr4","158668387","158668690","8","5712962"
"chr4","153041040","153041322","chr4","158754884","158755166","8","5713844"
"chr4","153121346","153121635","chr4","158834680","158834969","5","5713334"
"chr4","153252804","153253096","chr4","158965590","158965882","3","5712786"
"chr4","153297715","153298023","chr4","159010033","159010340","5","5712318"
"chr4","153610008","153610303","chr4","159326258","159326553","8","5716250"
"chr4","153707937","153708219","chr3","49433375","49433671","44","104274562"
"chr4","153861960","153862239","chr4","159579863","159580140","5","5717903"
"chr4","153869384","153869665","chr4","159586805","159587085","4","5717421"
"chr4","153895202","153895502","chr4","159613043","159613346","4","5717841"
"chr4","153919246","153919478","chr4","159636152","159636384","6","5716906"
"chr4","153941432","153941732","chr4","159654616","159654920","9","5713184"
"chr4","153945043","153945338","chr4","159659018","159659304","17","5713975"
"chr4","154003522","154003830","chr4","159715991","159716284","18","5712469"
"chr4","154063755","154064032","chr4","159776989","159777283","23","5713234"
"chr4","154110451","154110758","chr16","64587450","64587756","31","89523001"
"chr4","154159948","154160240","chr4","159874056","159874348","5","5714108"
"chr4","154163313","154163588","chr4","159877104","159877378","5","5713791"
"chr4","154459484","154459775","chr4","160183537","160183831","12","5724053"
"chr4","154620543","154620825","chr4","160344994","160345278","4","5724451"
"chr4","154754429","154754717","chr4","160479288","160479588","26","5724859"
"chr4","154861287","154861583","chr10","54105900","54106196","34","100755387"
"chr4","154935567","154935862","chr11","34016163","34016458","26","120919404"
"chr4","155013870","155014102","chr4","160838144","160838376","5","5824274"
"chr4","155030147","155030441","chr4","160855463","160855755","3","5825316"
"chr4","155052774","155053021","chr4","160877894","160878141","2","5825120"
"chr4","155077431","155077719","chr16","9796841","9797129","44","145280590"
"chr4","155143058","155143346","chr4","160967718","160968014","17","5824660"
"chr4","155292011","155292319","chr9","93982777","93983084","32","61309234"
"chr4","155295345","155295651","chr4","161124671","161124978","4","5829326"
"chr4","155723911","155724178","chr4","161554667","161554928","8","5830756"
"chr4","155923808","155924063","chr4","161812976","161813230","3","5889168"
"chr4","155945822","155946101","chr4","161835044","161835330","10","5889222"
"chr4","156087254","156087544","chr4","161949473","161949764","2","5862219"
"chr4","156128766","156129045","chr4","162034699","162034974","9","5905933"
"chr4","156150977","156151273","chr4","162056495","162056791","0","5905518"
"chr4","156176644","156176945","chr4","162081900","162082201","9","5905256"
"chr4","156446339","156446633","chr4","162356930","162357224","6","5910591"
"chr4","156481484","156481766","chr4","162389902","162390174","20","5908418"
"chr4","156487567","156487861","chr4","162396495","162396789","2","5908928"
"chr4","156503648","156503946","chr4","162412054","162412352","2","5908406"
"chr4","156514309","156514579","chr4","162422704","162422976","14","5908395"
"chr4","156603942","156604240","chr4","162510572","162510870","6","5906630"
"chr4","156642546","156642842","chr4","162549465","162549754","15","5906919"
"chr4","156651544","156651844","chr2","159817530","159817826","38","3165986"
"chr4","156658311","156658607","chr4","162565280","162565573","10","5906969"
"chr4","156723850","156724148","chr17","9553103","9553397","36","147170747"
"chr4","156819212","156819510","chr4","162725357","162725653","12","5906145"
"chr4","156980608","156980914","chr3","2194531","2194834","40","154786077"
"chr4","157010043","157010348","chr4","162937452","162937757","10","5927409"
"chr4","157014575","157014850","chr4","162941912","162942185","13","5927337"
"chr4","157060119","157060421","chr8","78689284","78689587","35","78370835"
"chr4","157081032","157081333","chr4","163011035","163011326","24","5930003"
"chr4","157113364","157113664","chr4","163042791","163043094","5","5929427"
"chr4","157117686","157117984","chr4","163047105","163047405","17","5929419"
"chr4","157124940","157125230","chr4","163054281","163054571","11","5929341"
"chr4","157159776","157160071","chr4","163089147","163089442","5","5929371"
"chr4","157169077","157169371","chr4","163098792","163099085","7","5929715"
"chr4","157236813","157237126","chr4","163165452","163165762","7","5928639"
"chr4","157308468","157308774","chr5","7148134","7148442","41","150160334"
"chr4","157380542","157380869","chr4","163310676","163311000","18","5930134"
"chr4","157399510","157399817","chr4","163330675","163330982","25","5931165"
"chr4","157554283","157554568","chr18","4233049","4233345","45","153321234"
"chr4","157581832","157582120","chr4","163511640","163511928","2","5929808"
"chr4","157585904","157586205","chr4","163517478","163517769","13","5931574"
"chr4","157608153","157608471","chr4","163534247","163534549","28","5926094"
"chr4","157625583","157625872","chr4","163551967","163552280","28","5926384"
"chr4","157673996","157674282","chr4","163602189","163602475","15","5928193"
"chr4","158179728","158180033","chr4","164109863","164110148","23","5930135"
"chr4","158279049","158279342","chr3","155832002","155832298","28","2447047"
"chr4","158347134","158347418","chr4","164276875","164277178","26","5929741"
"chr4","158442846","158443153","chr4","164372842","164373169","25","5929996"
"chr4","158535668","158535982","chr10","8067508","8067814","41","150468160"
"chr4","158627703","158628010","chr11","107937059","107937368","40","50690644"
"chr4","158741470","158741761","chr2","85092762","85093060","33","73648708"
"chr4","158759950","158760238","chr7","34758340","34758622","43","124001610"
"chr4","158772864","158773162","chr4","164727830","164728128","4","5954966"
"chr4","158912908","158913199","chr2","128991273","128991563","54","29921635"
"chr4","158942166","158942456","chr4","164897049","164897346","13","5954883"
"chr4","159072093","159072387","chr4","165069433","165069753","34","5997340"
"chr4","159288161","159288461","chr4","165282046","165282342","5","5993885"
"chr4","159570220","159570511","chr4","165570232","165570528","14","6000012"
"chr4","159621632","159621928","chr6","73361350","73361632","50","86260282"
"chr4","159690034","159690318","chr4","165693099","165693383","11","6003065"
"chr4","159927061","159927281","chr4","165973620","165973840","4","6046559"
"chr4","160183309","160183601","chr4","166243339","166243626","18","6060030"
"chr4","160237763","160238068","chr4","166297125","166297437","19","6059362"
"chr4","160238388","160238672","chr4","166297731","166298041","31","6059343"
"chr4","160262998","160263299","chr4","166322257","166322565","20","6059259"
"chr4","160630457","160630750","chr4","166695878","166696168","8","6065421"
"chr4","160685071","160685368","chr4","166755981","166756280","13","6070910"
"chr4","160738285","160738584","chr7","68198383","68198684","38","92539902"
"chr4","160891594","160891878","chr4","166963611","166963896","11","6072017"
"chr4","160918760","160919071","chr4","166990326","166990635","19","6071566"
"chr4","160945201","160945502","chr4","167016814","167017116","10","6071613"
"chr4","161311452","161311731","chr4","167557082","167557350","18","6245630"
"chr4","161367100","161367382","chr4","38092176","38092459","29","123274924"
"chr4","161397675","161397857","chr19","13160643","13160827","27","148237032"
"chr4","161404384","161404686","chr14","34990067","34990367","35","126414317"
"chr4","161437834","161438141","chr4","167667459","167667765","15","6229625"
"chr4","161517862","161518153","chr4","167747240","167747527","13","6229378"
"chr4","161524541","161524847","chr4","167753929","167754235","4","6229388"
"chr4","161567591","161567898","chr4","167825313","167825598","31","6257722"
"chr4","161615854","161616176","chrX","44822836","44823144","45","116793018"
"chr4","162037313","162037602","chr4","168299207","168299481","23","6261894"
"chr4","162106578","162106878","chr4","168365756","168366056","2","6259178"
"chr4","162154403","162154626","chr7","84143993","84144219","32","78010410"
"chr4","162158901","162159204","chr4","11282386","11282689","43","150876515"
"chr4","162173904","162174196","chr4","168430881","168431172","3","6256977"
"chr4","162195435","162195715","chr8","62923946","62924246","57","99271489"
"chr4","162212753","162213038","chr4","168470034","168470319","3","6257281"
"chr4","162228415","162228691","chr4","168485130","168485406","7","6256715"
"chr4","162267754","162268061","chr4","168525501","168525807","1","6257747"
"chr4","162527205","162527506","chr13","86778484","86778790","44","75748721"
"chr4","162637605","162637912","chr4","168897332","168897641","14","6259727"
"chr4","162669612","162669915","chr4","169088229","169088532","16","6418617"
"chr4","163199877","163200175","chr4","169635071","169635369","3","6435194"
"chr4","163682614","163682908","chr4","170124293","170124585","15","6441679"
"chr4","163925375","163925679","chr9","64467764","64468068","40","99457611"
"chr4","164548249","164548545","chr4","171540975","171541274","3","6992726"
"chr4","164635968","164636266","chr4","171629236","171629544","25","6993268"
"chr4","164642212","164642521","chr20","56680","56987","35","164585532"
"chr4","164666867","164667162","chr4","171661165","171661460","3","6994298"
"chr4","164708069","164708368","chr4","171701647","171701946","8","6993578"
"chr4","164725932","164726219","chr8","22413765","22414057","39","142312167"
"chr4","165151955","165152260","chr4","171996706","171997008","19","6844751"
"chr4","165275406","165275699","chr8","65450","65745","8","165209956"
"chr4","165276523","165276830","chr8","66569","66878","19","165209954"
"chr5","135266041","135266329","chr5","145053103","145053390","4","9787062"
"chr5","144572143","144572449","chr5","154969619","154969925","11","10397476"
"chr5","115117","115393","chr5","8969825","8970108","10","8854708"
"chr5","136379","136650","chr5","8947287","8947523","43","8810908"
"chr5","188476","188760","chr5","8891804","8892101","20","8703328"
"chr5","200247","200541","chr5","8879761","8880052","4","8679514"
"chr5","221363","221671","chr5","8860212","8860520","6","8638849"
"chr5","239816","240133","chr5","8841800","8842112","30","8601984"
"chr5","593909","594207","chr5","8469406","8469703","10","7875497"
"chr5","598831","599139","chr5","8464404","8464712","9","7865573"
"chr5","602445","602748","chr5","8460820","8461107","23","7858375"
"chr5","715349","715657","chr11","109063126","109063440","35","108347777"
"chr5","744625","744940","chr2","113952165","113952478","44","113207540"
"chr5","815196","815494","chr5","8244709","8245012","13","7429513"
"chr5","831603","831888","chr5","8228517","8228802","6","7396914"
"chr5","843630","843919","chr5","8216606","8216896","28","7372976"
"chr5","859221","859513","chr5","8198836","8199128","4","7339615"
"chr5","863836","864123","chr5","8194231","8194517","9","7330395"
"chr5","936933","937230","chr5","8122649","8122946","11","7185716"
"chr5","956735","957039","chr10","20780482","20780785","36","19823747"
"chr5","1199458","1199755","chr5","7857336","7857630","7","6657878"
"chr5","1268020","1268310","chr8","97191114","97191404","43","95923094"
"chr5","1418730","1419028","chr5","7632343","7632632","13","6213613"
"chr5","1634312","1634624","chr5","7397172","7397484","4","5762860"
"chr5","1663429","1663722","chr5","7366766","7367042","24","5703337"
"chr5","1763493","1763792","chr5","7257271","7257573","17","5493778"
"chr5","1786568","1786863","chr6","137303080","137303373","37","135516512"
"chr5","1860651","1860963","chr5","7160603","7160894","27","5299952"
"chr5","1872490","1872796","chr5","7148134","7148442","9","5275644"
"chr5","1887041","1887330","chr1","26219569","26219860","38","24332528"
"chr5","1962280","1962563","chr5","7058711","7059007","16","5096431"
"chr5","2001419","2001726","chr5","7019629","7019939","10","5018210"
"chr5","2133165","2133461","chr5","6879785","6880081","3","4746620"
"chr5","2263114","2263386","chr5","6751019","6751294","14","4487905"
"chr5","2531562","2531829","chr5","6477911","6478179","9","3946349"
"chr5","2544482","2544628","chr16","42434348","42434492","31","39889866"
"chr5","2649066","2649371","chr4","43934519","43934817","34","41285453"
"chr5","2815329","2815622","chr5","6193819","6194115","7","3378490"
"chr5","2825687","2825981","chr5","6183451","6183752","27","3357764"
"chr5","2855142","2855443","chr2","83732752","83733054","38","80877610"
"chr5","3053434","3053740","chr5","5952992","5953290","16","2899558"
"chr5","3061186","3061492","chr16","58679852","58680150","38","55618666"
"chr5","3284869","3285164","chr5","5720130","5720427","10","2435261"
"chr5","3483817","3484093","chr5","5522841","5523117","3","2039024"
"chr5","3548811","3549117","chr5","5459073","5459375","17","1910262"
"chr5","3702590","3702888","chr5","5302542","5302837","11","1599952"
"chr5","3792254","3792532","chr5","5215195","5215498","29","1422941"
"chr5","4214892","4215189","chr5","4779494","4779791","5","564602"
"chr5","4405362","4405653","chr5","4585849","4586138","9","180487"
"chr5","4467584","4467863","chr5","4523635","4523914","12","56051"
"chr5","4531797","4532090","chr5","4441372","4441671","13","90425"
"chr5","4534538","4534841","chr5","4438616","4438930","25","95922"
"chr5","4580934","4581234","chr5","4392884","4393184","6","188050"
"chr5","4648443","4648750","chr4","151149695","151150004","24","146501252"
"chr5","5259025","5259317","chr5","9787796","9788098","16","4528771"
"chr5","5332097","5332398","chr5","9872812","9873104","17","4540715"
"chr5","5354693","5354987","chr5","9895449","9895745","8","4540756"
"chr5","5395019","5395309","chr5","9936420","9936712","9","4541401"
"chr5","5414443","5414779","chr2","186442876","186443207","49","181028433"
"chr5","5420373","5420656","chr2","150792570","150792848","47","145372197"
"chr5","5421590","5421898","chr5","9961589","9961891","14","4539999"
"chr5","5743498","5743803","chr5","10285214","10285522","11","4541716"
"chr5","5751150","5751455","chr5","10292867","10293163","16","4541717"
"chr5","5935928","5936230","chr5","10478294","10478578","24","4542366"
"chr5","6207643","6207925","chr7","135583846","135584129","34","129376203"
"chr5","6223126","6223436","chrX","114501170","114501477","40","108278044"
"chr5","6335841","6336115","chr5","10891955","10892261","36","4556114"
"chr5","6337196","6337496","chr10","82544162","82544460","40","76206966"
"chr5","6383888","6384196","chr5","10939429","10939736","11","4555541"
"chr5","6805359","6805547","chr1","26334145","26334330","46","19528786"
"chr5","6825524","6825802","chr5","11395132","11395435","32","4569608"
"chr5","6983913","6984201","chr5","11552852","11553141","2","4568939"
"chr5","7026634","7026932","chr5","11595209","11595510","7","4568575"
"chr5","7050601","7050924","chr5","11618841","11619153","19","4568240"
"chr5","7169730","7170026","chr5","11737644","11737934","9","4567914"
"chr5","7218804","7219088","chr5","11787775","11788059","2","4568971"
"chr5","7254362","7254664","chr5","11822506","11822808","8","4568144"
"chr5","7405254","7405554","chr5","11968781","11969083","5","4563527"
"chr5","7455225","7455516","chr11","67592873","67593169","48","60137648"
"chr5","7516298","7516598","chr5","12080137","12080431","19","4563839"
"chr5","7550599","7550905","chr5","12119713","12120063","54","4569114"
"chr5","7579995","7580295","chr17","16351520","16351822","39","8771525"
"chr5","7601500","7601794","chr5","12174189","12174485","21","4572689"
"chr5","7631898","7632191","chr5","12202835","12203130","9","4570937"
"chr5","7700816","7701111","chr5","12271707","12271996","17","4570891"
"chr5","7975871","7976169","chr5","12551004","12551296","10","4575133"
"chr5","8018879","8019168","chr3","42125842","42126131","33","34106963"
"chr5","8249604","8249880","chr5","12817210","12817486","6","4567606"
"chr5","8471707","8471955","chr5","13039073","13039340","25","4567366"
"chr5","8704104","8704383","chr5","13265696","13266001","32","4561592"
"chr5","9057530","9057830","chr1","191103063","191103362","41","182045533"
"chr5","9066985","9067279","chr5","13628180","13628476","8","4561195"
"chr5","9215243","9215516","chr5","13782669","13782938","8","4567426"
"chr5","9239853","9240157","chr5","13808949","13809258","12","4569096"
"chr5","9305401","9305688","chr13","27759040","27759327","31","18453639"
"chr5","9574247","9574541","chr3","183150544","183150835","35","173576297"
"chr5","9610626","9610920","chr7","84585575","84585864","42","74974949"
"chr5","9953867","9954162","chr5","14583768","14584054","9","4629901"
"chr5","9966695","9967002","chr17","51207158","51207466","32","41240463"
"chr5","10192103","10192406","chr5","14771069","14771376","12","4578966"
"chr5","10491351","10491631","chr5","15060242","15060525","16","4568891"
"chr5","10545617","10545932","chr5","15113899","15114201","16","4568282"
"chr5","10547984","10548291","chr5","15116253","15116558","8","4568269"
"chr5","10778511","10778822","chr5","16888355","16888663","35","6109844"
"chr5","11331411","11331692","chr5","15897397","15897680","6","4565986"
"chr5","11447948","11448206","chr13","43201420","43201679","49","31753472"
"chr5","11466844","11467138","chr5","111722198","111722494","38","100255354"
"chr5","11550635","11550929","chr5","16117948","16118244","6","4567313"
"chr5","11557388","11557685","chr5","16124720","16125017","4","4567332"
"chr5","11593624","11593930","chr5","16160689","16160992","11","4567065"
"chr5","11650468","11650753","chr5","16217845","16218132","8","4567377"
"chr5","11660333","11660621","chr5","16227751","16228039","9","4567418"
"chr5","11832834","11833111","chr3","86818205","86818483","37","74985371"
"chr5","11940374","11940659","chr5","16512811","16513095","8","4572437"
"chr5","12102206","12102460","chr5","16673244","16673500","3","4571038"
"chr5","12200588","12200889","chr14","103263633","103263929","38","91063045"
"chr5","12301304","12301574","chr5","16916633","16916906","5","4615329"
"chr5","12314739","12315011","chr5","16930080","16930327","38","4615341"
"chr5","12365579","12365867","chr5","16979456","16979757","19","4613877"
"chr5","12387507","12387808","chr5","17001273","17001573","9","4613766"
"chr5","12391969","12392269","chr5","17005343","17005632","12","4613374"
"chr5","12433937","12434229","chr6","69646373","69646670","35","57212436"
"chr5","12491290","12491572","chr7","159174650","159174928","48","146683360"
"chr5","12510886","12511190","chr5","17132445","17132749","17","4621559"
"chr5","12586539","12586826","chr5","17208723","17209019","13","4622184"
"chr5","13034695","13034982","chr5","17601604","17601896","16","4566909"
"chr5","13124524","13124649","chr2","190466477","190466602","19","177341953"
"chr5","13124929","13125097","chr16","10610909","10611073","21","2514020"
"chr5","13156178","13156463","chr5","17724647","17724932","11","4568469"
"chr5","13454153","13454462","chrX","114501170","114501477","33","101047017"
"chr5","13462721","13462984","chr20","284750","285011","39","13177971"
"chr5","13472004","13472312","chr5","18045823","18046129","9","4573819"
"chr5","13786086","13786235","chr7","68485792","68485941","25","54699706"
"chr5","13823139","13823400","chr4","2726535","2726796","42","11096604"
"chr5","13968863","13969172","chr9","94190632","94190943","35","80221769"
"chr5","13976100","13976410","chr5","18574560","18574869","3","4598460"
"chr5","14038936","14039230","chr5","18636039","18636340","10","4597103"
"chr5","14081384","14081685","chr1","210895757","210896056","43","196814373"
"chr5","14281019","14281324","chr5","18882339","18882643","8","4601320"
"chr5","14311896","14312171","chr11","110433939","110434213","39","96122043"
"chr5","14453416","14453711","chr15","9413135","9413430","37","5040281"
"chr5","14622566","14622840","chr5","19216271","19216552","13","4593705"
"chr5","14792895","14793164","chr5","19391891","19392166","12","4598996"
"chr5","15222905","15223206","chr5","19818760","19819061","9","4595855"
"chr5","15326306","15326615","chr5","19922184","19922492","3","4595878"
"chr5","15478338","15478636","chr5","20071041","20071337","10","4592703"
"chr5","15639437","15639715","chr5","20233964","20234244","6","4594527"
"chr5","15698458","15698760","chr5","20292720","20293023","10","4594262"
"chr5","16250243","16250541","chr5","20897575","20897873","8","4647332"
"chr5","16254851","16255139","chr5","20902193","20902490","20","4647342"
"chr5","16424823","16425117","chr5","21067791","21068087","2","4642968"
"chr5","16507639","16507961","chr5","21149965","21150300","15","4642326"
"chr5","16942895","16943198","chr5","21574254","21574557","8","4631359"
"chr5","17129186","17129482","chr5","21766211","21766497","18","4637025"
"chr5","17142482","17142774","chr5","21779544","21779836","7","4637062"
"chr5","17320116","17320428","chr5","21955877","21956185","17","4635761"
"chr5","17386452","17386763","chr5","22021255","22021558","22","4634803"
"chr5","17429460","17429770","chr19","50673081","50673389","41","33243621"
"chr5","17433953","17434257","chr5","22066887","22067193","14","4632934"
"chr5","17473299","17473593","chr5","22106114","22106409","12","4632815"
"chr5","17497147","17497286","chr10","30724169","30724304","22","13227022"
"chr5","17552896","17553196","chr15","9604849","9605146","40","7948047"
"chr5","17759694","17759999","chr5","22383790","22384097","9","4624096"
"chr5","17933741","17934036","chr5","22559538","22559808","32","4625797"
"chr5","17957201","17957517","chr5","22583116","22583431","6","4625915"
"chr5","18313691","18313995","chr5","22954322","22954623","10","4640631"
"chr5","18373700","18373990","chr5","23014213","23014503","5","4640513"
"chr5","18415348","18415571","chr4","87980531","87980757","41","69565183"
"chr5","18764016","18764274","chr5","23404155","23404440","33","4640139"
"chr5","18893089","18893379","chr5","23534304","23534584","21","4641215"
"chr5","18915467","18915766","chr5","23556837","23557138","7","4641370"
"chr5","18959124","18959394","chr8","28134464","28134730","40","9175340"
"chr5","19047391","19047699","chr5","23688318","23688627","11","4640927"
"chr5","19256688","19256981","chr2","93185519","93185812","39","73928831"
"chr5","19312330","19312619","chr5","23955728","23955998","31","4643398"
"chr5","19330020","19330308","chr5","23973524","23973816","5","4643504"
"chr5","19332440","19332719","chr5","23975927","23976206","7","4643487"
"chr5","19375285","19375576","chr5","24023543","24023841","13","4648258"
"chr5","19410662","19410958","chr20","23349534","23349828","34","3938872"
"chr5","19557623","19557915","chr5","24204916","24205208","15","4647293"
"chr5","19761502","19761796","chr5","24409473","24409767","2","4647971"
"chr5","19830972","19831267","chr5","24478222","24478517","6","4647250"
"chr5","19842937","19843230","chr5","24490148","24490441","3","4647211"
"chr5","19941534","19941830","chr5","24590065","24590364","20","4648531"
"chr5","20014040","20014336","chr5","24663511","24663802","12","4649471"
"chr5","20212510","20212794","chr5","24861248","24861532","3","4648738"
"chr5","20214115","20214414","chr4","29063671","29063968","32","8849556"
"chr5","20256960","20257257","chr5","24905297","24905594","4","4648337"
"chr5","20258508","20258791","chr5","24906847","24907127","6","4648339"
"chr5","20303139","20303441","chr5","24956512","24956806","14","4653373"
"chr5","20309555","20309852","chr3","2907703","2908000","29","17401852"
"chr5","20322335","20322647","chr5","24974941","24975250","15","4652606"
"chr5","20326508","20326798","chr5","24979067","24979370","28","4652559"
"chr5","20356887","20357117","chr5","25009750","25009980","5","4652863"
"chr5","20370383","20370684","chr5","25021255","25021562","13","4650872"
"chr5","20389755","20390053","chr5","25041091","25041384","10","4651336"
"chr5","20415340","20415617","chr5","25067229","25067509","14","4651889"
"chr5","20419602","20419878","chr5","25071792","25072064","11","4652190"
"chr5","20446571","20446879","chr5","25098756","25099064","11","4652185"
"chr5","20458447","20458698","chr9","118047165","118047415","30","97588718"
"chr5","20460038","20460338","chr5","25113617","25113917","2","4653579"
"chr5","20462173","20462453","chr5","25115767","25116046","7","4653594"
"chr5","20466561","20466856","chr7","96281570","96281861","38","75815009"
"chr5","20477037","20477338","chr5","25130157","25130458","12","4653120"
"chr5","20487721","20488023","chr9","98680358","98680654","36","78192637"
"chr5","20492966","20493262","chr5","104191246","104191551","50","83698280"
"chr5","20500708","20500865","chr10","56995889","56996047","23","36495181"
"chr5","20510074","20510368","chr5","25163551","25163847","9","4653477"
"chr5","20626311","20626618","chr11","95682104","95682413","36","75055793"
"chr5","20726662","20726968","chr5","25372433","25372741","21","4645771"
"chr5","20732705","20733005","chr5","25378760","25379065","10","4646055"
"chr5","21011691","21011988","chr5","25659162","25659459","2","4647471"
"chr5","21015118","21015400","chr5","25662277","25662559","3","4647159"
"chr5","21177820","21178129","chr5","25824430","25824740","7","4646610"
"chr5","21226721","21227030","chr5","25873468","25873764","16","4646747"
"chr5","21335989","21336292","chr5","25982679","25982976","12","4646690"
"chr5","21761570","21761858","chr5","26411037","26411325","6","4649467"
"chr5","21799996","21800301","chr5","26449550","26449847","13","4649554"
"chr5","22027848","22028158","chr5","169338874","169339179","39","147311026"
"chr5","22036854","22037150","chr5","26699217","26699511","5","4662363"
"chr5","22045120","22045431","chr5","26707263","26707601","29","4662143"
"chr5","22242440","22242738","chr5","26901943","26902244","30","4659503"
"chr5","22358238","22358531","chr5","27010343","27010644","16","4652105"
"chr5","22539357","22539654","chr5","27198357","27198654","8","4659000"
"chr5","22548503","22548801","chr5","27207469","27207764","7","4658966"
"chr5","22572125","22572431","chr5","27230831","27231129","12","4658706"
"chr5","22578878","22579186","chr16","10122439","10122748","29","12456439"
"chr5","23184059","23184368","chr13","29700509","29700811","40","6516450"
"chr5","23247088","23247382","chr13","65644208","65644504","34","42397120"
"chr5","23617669","23617962","chr5","28267894","28268195","13","4650225"
"chr5","23644515","23644773","chr14","2406676","2406932","36","21237839"
"chr5","24214483","24214792","chr7","77098183","77098491","55","52883700"
"chr5","24229138","24229458","chr1","31162314","31162639","48","6933176"
"chr5","24257551","24257845","chr11","34016163","34016458","48","9758612"
"chr5","24270588","24270880","chr5","28937889","28938181","6","4667301"
"chr5","24461812","24462120","chr11","120984946","120985254","41","96523134"
"chr5","24490313","24490603","chr5","29158824","29159130","33","4668511"
"chr5","24826327","24826637","chr5","29500664","29500967","14","4674337"
"chr5","24968872","24969159","chr14","78253788","78254087","50","53284916"
"chr5","25388038","25388236","chr5","30052486","30052684","3","4664448"
"chr5","25447593","25447887","chr1","115655199","115655492","39","90207606"
"chr5","25474297","25474589","chr5","30136549","30136842","12","4662252"
"chr5","25520834","25521126","chr5","30183184","30183467","19","4662350"
"chr5","25607972","25608262","chr5","30270141","30270425","15","4662169"
"chr5","25639114","25639419","chr20","64019808","64020114","47","38380694"
"chr5","25811881","25812173","chr5","30475802","30476095","7","4663921"
"chr5","26003007","26003314","chr6","34946289","34946598","43","8943282"
"chr5","26234456","26234741","chr5","30901365","30901650","11","4666909"
"chr5","26323239","26323547","chr5","30989847","30990154","7","4666608"
"chr5","26323734","26324032","chr5","30990335","30990633","7","4666601"
"chr5","26467599","26467908","chr5","31137707","31138011","10","4670108"
"chr5","26721039","26721314","chr1","184555716","184555984","52","157834677"
"chr5","26760803","26761117","chr5","31435189","31435492","30","4674386"
"chr5","26840416","26840727","chr5","31511611","31511915","23","4671195"
"chr5","26876789","26877105","chr5","31547723","31548027","28","4670934"
"chr5","26887801","26888088","chr5","31558561","31558844","18","4670760"
"chr5","26907761","26908064","chr5","31572072","31572379","7","4664311"
"chr5","27060084","27060365","chr1","93855284","93855564","45","66795200"
"chr5","27127966","27128262","chr5","31789940","31790236","6","4661974"
"chr5","27277165","27277467","chr5","31962704","31963004","5","4685539"
"chr5","27634581","27634877","chr5","32345109","32345399","12","4710528"
"chr5","27636445","27636739","chr5","32346964","32347259","10","4710519"
"chr5","27703141","27703434","chr5","32413591","32413883","17","4710450"
"chr5","27766948","27767256","chr5","32478954","32479260","10","4712006"
"chr5","27882327","27882627","chr5","32592187","32592488","9","4709860"
"chr5","27969865","27970107","chr8","100147360","100147598","36","72177495"
"chr5","27997074","27997369","chr5","32704440","32704730","19","4707366"
"chr5","28038164","28038463","chr5","32755020","32755326","16","4716856"
"chr5","28150541","28150834","chr5","32870239","32870531","11","4719698"
"chr5","28475998","28476271","chr5","33198594","33198867","11","4722596"
"chr5","28875710","28875985","chr5","33608215","33608490","5","4732505"
"chr5","28951637","28951943","chr5","33683659","33683960","16","4732022"
"chr5","29504346","29504636","chr5","34245406","34245697","14","4741060"
"chr5","29573479","29573758","chr11","133223692","133223973","55","103650213"
"chr5","29826909","29827165","chr5","16930080","16930327","41","12896829"
"chr5","29844315","29844610","chr5","34603070","34603363","6","4758755"
"chr5","29955083","29955356","chr9","123992593","123992861","53","94037510"
"chr5","30035096","30035390","chr13","61957704","61958000","36","31922608"
"chr5","30072324","30072630","chr4","157336957","157337266","35","127264633"
"chr5","30103735","30104041","chr5","34878301","34878583","27","4774566"
"chr5","30214507","30214775","chr5","34973785","34974053","7","4759278"
"chr5","30236175","30236452","chr1","125765533","125765812","43","95529358"
"chr5","30323075","30323363","chr5","35081887","35082174","18","4758812"
"chr5","31177958","31178253","chr9","98680358","98680654","36","67502400"
"chr5","31491722","31491990","chr2","202712194","202712464","31","171220472"
"chr5","31831472","31831782","chr5","36741960","36742270","4","4910488"
"chr5","31838973","31839282","chr5","36749457","36749786","23","4910484"
"chr5","32043715","32044025","chr1","223903771","223904078","45","191860056"
"chr5","32046993","32047286","chr5","36965508","36965801","2","4918515"
"chr5","32300250","32300518","chr5","37218487","37218761","18","4918237"
"chr5","32404473","32404742","chr5","37322584","37322853","6","4918111"
"chr5","32546322","32546591","chr5","37466496","37466790","38","4920174"
"chr5","32604055","32604360","chr1","77960911","77961215","38","45356856"
"chr5","32747459","32747753","chr5","37671348","37671642","3","4923889"
"chr5","32748661","32748954","chr5","37672560","37672854","5","4923899"
"chr5","32795193","32795493","chr5","37719484","37719786","10","4924291"
"chr5","32882789","32883095","chr2","84467065","84467370","48","51584276"
"chr5","32890687","32890988","chr5","37816525","37816819","15","4925838"
"chr5","32919556","32919819","chr5","37845834","37846097","2","4926278"
"chr5","32928832","32929130","chr5","37855068","37855366","11","4926236"
"chr5","32935921","32936219","chr5","37861843","37862141","2","4925922"
"chr5","32962732","32963035","chr11","75647466","75647763","39","42684734"
"chr5","32989495","32989786","chr19","38798847","38799139","33","5809352"
"chr5","33343832","33344136","chr4","31898756","31899058","37","1445076"
"chr5","33348365","33348665","chr5","38270052","38270353","9","4921687"
"chr5","33370974","33371207","chr5","38292373","38292607","4","4921399"
"chr5","33373571","33373870","chr5","38294974","38295278","16","4921403"
"chr5","33440073","33440364","chrX","48051198","48051490","34","14611125"
"chr5","33444789","33445090","chr2","47364647","47364949","37","13919858"
"chr5","33648280","33648581","chr19","51576278","51576580","39","17927998"
"chr5","33671973","33672275","chr5","38595924","38596216","16","4923951"
"chr5","33672721","33673018","chr4","31898756","31899058","40","1773965"
"chr5","33735692","33735980","chr4","115797067","115797350","40","82061375"
"chr5","33874283","33874581","chr5","38801419","38801700","21","4927136"
"chr5","33941060","33941340","chr5","38867672","38867952","2","4926612"
"chr5","34058351","34058648","chr5","38983642","38983937","7","4925291"
"chr5","34091573","34091867","chr20","26668840","26669134","40","7422733"
"chr5","34095158","34095453","chr5","39020175","39020471","6","4925017"
"chr5","34098524","34098804","chr3","155832002","155832298","36","121733478"
"chr5","34112620","34112914","chr5","39038306","39038598","3","4925686"
"chr5","34112978","34113283","chr5","39038662","39038963","9","4925684"
"chr5","34117916","34118225","chr15","85123657","85123963","38","51005741"
"chr5","34310911","34311133","chr5","39303828","39304049","6","4992917"
"chr5","34313916","34314213","chr5","39306815","39307113","8","4992899"
"chr5","34351226","34351508","chr5","39345404","39345685","7","4994178"
"chr5","34385437","34385734","chr2","159817530","159817826","37","125432093"
"chr5","34397450","34397772","chr5","39393500","39393816","12","4996050"
"chr5","34409385","34409688","chr5","39405428","39405731","9","4996043"
"chr5","34432508","34432811","chr1","42771177","42771482","34","8338669"
"chr5","34433869","34434154","chr5","39428530","39428815","3","4994661"
"chr5","34461864","34462163","chr5","39454660","39454953","9","4992796"
"chr5","34507450","34507747","chrX","45664798","45665093","39","11157348"
"chr5","34510931","34511229","chr5","39503784","39504085","8","4992853"
"chr5","34520935","34521230","chr5","39513504","39513800","7","4992569"
"chr5","34525117","34525404","chr1","142265570","142265861","38","107740453"
"chr5","34536697","34537011","chr16","62938376","62938691","35","28401679"
"chr5","34538186","34538396","chr1","11340295","11340506","35","23197891"
"chr5","34540646","34540915","chr5","39534835","39535104","4","4994189"
"chr5","34564594","34564885","chr5","39558368","39558659","6","4993774"
"chr5","34584291","34584583","chr5","39578819","39579114","4","4994528"
"chr5","34633508","34633656","chr16","70283817","70283965","15","35650309"
"chr5","34634002","34634144","chr2","43071336","43071473","43","8437334"
"chr5","34666004","34666204","chr9","57147177","57147377","34","22481173"
"chr5","34667572","34667872","chr5","39662030","39662330","2","4994458"
"chr5","34677147","34677464","chr17","54361047","54361355","41","19683900"
"chr5","34690030","34690321","chr5","39684514","39684807","6","4994484"
"chr5","34695047","34695341","chr5","39691196","39691490","7","4996149"
"chr5","34729090","34729406","chr9","38550607","38550930","56","3821517"
"chr5","34729800","34730082","chr5","39726983","39727263","6","4997183"
"chr5","34733305","34733589","chr5","39730805","39731098","19","4997500"
"chr5","34748873","34749138","chr5","39746035","39746294","12","4997162"
"chr5","34752434","34752733","chr5","39749653","39749953","2","4997219"
"chr5","34752734","34753035","chr5","39749954","39750252","8","4997220"
"chr5","34786408","34786705","chr14","6202195","6202489","33","28584213"
"chr5","34786926","34787198","chr5","39789028","39789300","3","5002102"
"chr5","34827692","34827985","chr5","39826634","39826931","10","4998942"
"chr5","34831017","34831310","chr5","39829636","39829926","4","4998619"
"chr5","34962942","34963244","chr1","20736821","20737127","42","14226121"
"chr5","34969453","34969712","chr5","39968075","39968332","34","4998622"
"chr5","35007229","35007526","chr5","40002822","40003131","45","4995593"
"chr5","35041359","35041662","chr6","167263676","167263979","34","132222317"
"chr5","35114308","35114608","chr5","40151271","40151571","12","5036963"
"chr5","35173987","35174291","chr5","40212328","40212632","12","5038341"
"chr5","35222412","35222732","chr5","40261404","40261715","21","5038992"
"chr5","35269757","35270050","chr5","40309314","40309598","22","5039557"
"chr5","35322937","35323239","chr7","95157109","95157413","39","59834172"
"chr5","35337122","35337409","chr5","40379457","40379746","11","5042335"
"chr5","35339008","35339306","chr5","40381139","40381439","12","5042131"
"chr5","35339312","35339601","chr14","63591006","63591296","36","28251694"
"chr5","35341398","35341692","chr5","40381139","40381439","15","5039741"
"chr5","35341698","35341987","chr14","63591006","63591296","36","28249308"
"chr5","35358089","35358385","chr5","40398211","40398501","9","5040122"
"chr5","35387933","35388235","chr5","40429348","40429649","6","5041415"
"chr5","35389001","35389306","chr5","40430716","40431010","14","5041715"
"chr5","35397001","35397283","chr5","40438738","40439034","27","5041737"
"chr5","35423804","35424100","chr5","40465076","40465381","13","5041272"
"chr5","35454767","35455053","chr5","40495254","40495536","23","5040487"
"chr5","35485747","35486049","chr1","140264628","140264929","39","104778881"
"chr5","35509723","35510027","chr5","40553724","40554024","18","5044001"
"chr5","35674407","35674704","chr3","25054885","25055181","37","10619522"
"chr5","35729926","35730225","chr3","164658968","164659268","33","128929042"
"chr5","35736155","35736412","chrX","124016973","124017236","49","88280818"
"chr5","35833816","35834117","chr8","108431805","108432103","37","72597989"
"chr5","35836203","35836512","chr5","40880771","40881072","15","5044568"
"chr5","36044186","36044490","chr5","41099756","41100062","11","5055570"
"chr5","36135814","36136115","chr5","41190987","41191290","9","5055173"
"chr5","36140707","36141017","chr5","41195384","41195661","39","5054677"
"chr5","36189367","36189676","chr5","41243842","41244156","12","5054475"
"chr5","36194535","36194828","chrX","135456954","135457247","30","99262419"
"chr5","36290078","36290363","chr5","41346066","41346350","6","5055988"
"chr5","36394064","36394351","chr5","41450134","41450412","13","5056070"
"chr5","36446033","36446329","chr5","41502781","41503078","4","5056748"
"chr5","36718558","36718866","chr1","57489251","57489558","42","20770693"
"chr5","36819483","36819754","chrX","123492650","123492923","40","86673167"
"chr5","36819915","36820206","chr5","41880276","41880567","13","5060361"
"chr5","36834211","36834504","chr1","92487265","92487559","34","55653054"
"chr5","36985828","36986117","chr2","170122863","170123143","43","133137035"
"chr5","36989591","36989899","chr11","106579511","106579817","31","69589920"
"chr5","36994715","36994992","chr8","76413611","76413891","33","39418896"
"chr5","37012992","37013300","chr5","42073224","42073534","6","5060232"
"chr5","37042455","37042754","chr5","42103309","42103629","28","5060854"
"chr5","37129623","37129925","chr5","42188291","42188595","7","5058668"
"chr5","37169070","37169371","chr5","42227412","42227713","5","5058342"
"chr5","37303159","37303460","chr5","42359198","42359506","12","5056039"
"chr5","37346954","37347251","chr5","42402847","42403143","5","5055893"
"chr5","37367962","37368255","chr5","42423911","42424206","5","5055949"
"chr5","37804896","37805206","chr14","88044261","88044566","53","50239365"
"chr5","38513791","38514095","chrX","128012150","128012457","37","89498359"
"chr5","38665814","38666089","chr7","51321295","51321568","30","12655481"
"chr5","38850478","38850790","chr8","96316989","96317296","41","57466511"
"chr5","39154814","39155109","chr5","44248326","44248621","5","5093512"
"chr5","39309338","39309645","chr11","55238506","55238805","38","15929168"
"chr5","39685240","39685547","chr5","44763992","44764301","14","5078752"
"chr5","40020329","40020650","chr14","105879031","105879340","49","65858702"
"chr5","40368753","40369028","chr4","158887930","158888209","42","118519177"
"chr5","40500843","40501144","chr5","45511423","45511724","4","5010580"
"chr5","40539203","40539517","chr1","11206549","11206858","49","29332654"
"chr5","40575623","40575919","chr5","45583423","45583712","17","5007800"
"chr5","40731361","40731659","chr5","45734030","45734328","6","5002669"
"chr5","41574462","41574770","chr10","62331135","62331441","32","20756673"
"chr5","41722872","41723178","chr5","46722276","46722597","22","4999404"
"chr5","41800915","41801223","chr5","46796354","46796663","13","4995439"
"chr5","41884361","41884659","chr5","46878932","46879234","13","4994571"
"chr5","42028341","42028648","chr5","47024445","47024754","10","4996104"
"chr5","42041808","42042117","chr6","136180028","136180329","37","94138220"
"chr5","42307171","42307471","chr5","47302761","47303064","4","4995590"
"chr5","42349636","42349929","chr7","82916594","82916887","40","40566958"
"chr5","42449200","42449494","chr5","47457479","47457773","7","5008279"
"chr5","42592719","42592970","chr11","120242759","120243018","68","77650040"
"chr5","42664782","42665065","chr5","47678287","47678569","8","5013505"
"chr5","42711437","42711727","chr10","82662941","82663232","30","39951504"
"chr5","42712846","42713140","chr5","47726491","47726786","9","5013645"
"chr5","42724307","42724615","chr5","47735939","47736235","15","5011632"
"chr5","42760047","42760339","chr5","47771333","47771625","3","5011286"
"chr5","42770194","42770486","chr5","47780875","47781171","9","5010681"
"chr5","42872374","42872671","chr5","47882556","47882857","12","5010182"
"chr5","42882290","42882575","chr5","47892458","47892743","3","5010168"
"chr5","42978434","42978679","chr9","110558999","110559236","61","67580565"
"chr5","42988622","42988932","chr5","48000406","48000715","6","5011784"
"chr5","43182576","43182871","chr5","48197626","48197922","12","5015050"
"chr5","43198455","43198756","chr2","159817530","159817826","37","116619075"
"chr5","43280294","43280603","chr14","115784371","115784680","28","72504077"
"chr5","43336358","43336617","chr5","48350495","48350768","20","5014137"
"chr5","43367661","43367948","chr5","48382059","48382350","9","5014398"
"chr5","43372152","43372455","chr5","48386551","48386842","14","5014399"
"chr5","43789032","43789309","chr5","48804342","48804621","4","5015310"
"chr5","43792628","43792908","chr5","48807938","48808227","12","5015310"
"chr5","43849765","43850053","chr5","48865734","48866022","6","5015969"
"chr5","43992182","43992477","chr5","49008312","49008608","6","5016130"
"chr5","43999031","43999323","chr19","42622968","42623255","36","1376063"
"chr5","44288852","44289148","chr1","153503516","153503812","34","109214664"
"chr5","44307974","44308166","chr11","1067778","1067970","28","43240196"
"chr5","44443570","44443858","chr11","121134860","121135146","38","76691290"
"chr5","44692967","44693249","chr5","50005010","50005292","5","5312043"
"chr5","44818960","44819261","chr5","50127915","50128219","8","5308955"
"chr5","45024615","45024859","chr5","50337088","50337332","2","5312473"
"chr5","45057020","45057313","chr5","50368874","50369167","6","5311854"
"chr5","45215006","45215285","chr5","50537548","50537830","9","5322542"
"chr5","45345847","45346156","chr5","50667360","50667669","7","5321513"
"chr5","45355553","45355856","chr5","50677052","50677325","39","5321499"
"chr5","45370731","45370999","chr2","202712194","202712464","34","157341463"
"chr5","45464901","45465196","chr15","13859033","13859326","35","31605868"
"chr5","45668244","45668530","chr5","51093281","51093567","6","5425037"
"chr5","45708890","45709156","chr5","51174992","51175258","7","5466102"
"chr5","45713456","45713679","chr5","51169797","51170046","33","5456341"
"chr5","45846272","45846566","chr5","51283266","51283560","6","5436994"
"chr5","45867665","45867979","chr5","51304839","51305153","7","5437174"
"chr5","45897000","45897305","chr8","125861505","125861800","41","79964505"
"chr5","45914542","45914831","chr5","51351873","51352162","5","5437331"
"chr5","45933444","45933731","chr6","171917051","171917343","32","125983607"
"chr5","45937205","45937468","chr5","51374314","51374579","8","5437109"
"chr5","45992032","45992337","chr5","51429656","51429957","8","5437624"
"chr5","46004369","46004656","chr5","51442296","51442583","4","5437927"
"chr5","46025891","46026189","chr5","51463215","51463509","14","5437324"
"chr5","46039276","46039577","chr5","51479536","51479838","5","5440260"
"chr5","46056583","46056879","chr5","51496838","51497112","30","5440255"
"chr5","46084274","46084582","chr6","71226350","71226658","35","25142076"
"chr5","46092738","46092996","chr5","51532646","51532910","10","5439908"
"chr5","46167679","46167980","chr5","51613839","51614139","9","5446160"
"chr5","46206737","46207040","chr5","51652907","51653209","2","5446170"
"chr5","46354807","46355102","chr1","148156663","148156961","49","101801856"
"chr5","46395081","46395352","chr19","48455949","48456222","39","2060868"
"chr5","46422836","46423144","chr20","64019808","64020114","45","17596972"
"chr5","46496320","46496607","chr5","51955425","51955711","2","5459105"
"chr5","46519045","46519317","chr5","51977808","51978080","9","5458763"
"chr5","46545028","46545285","chr4","118110737","118111005","42","71565709"
"chr5","46553311","46553602","chr13","14535678","14535972","45","32017633"
"chr5","46597208","46597477","chr5","52055736","52056005","5","5458528"
"chr5","46612432","46612746","chr5","52071921","52072235","3","5459489"
"chr5","46679543","46679844","chr5","52140663","52140944","28","5461120"
"chr5","46691856","46692154","chr5","52152987","52153284","16","5461131"
"chr5","46833394","46833693","chr5","52299040","52299352","19","5465646"
"chr5","46898987","46899287","chr5","52362617","52362912","12","5463630"
"chr5","47063866","47064166","chr5","52522546","52522848","7","5458680"
"chr5","47081461","47081766","chr3","170225271","170225577","34","123143810"
"chr5","47343521","47343829","chr15","56843173","56843482","37","9499652"
"chr5","47458817","47459128","chr5","52930007","52930318","16","5471190"
"chr5","47537224","47537533","chr1","30872533","30872840","37","16664691"
"chr5","47796693","47796965","chr12","9398282","9398558","44","38398411"
"chr5","47867755","47868059","chr5","53390323","53390627","4","5522568"
"chr5","47942355","47942660","chr5","53309942","53310238","13","5367587"
"chr5","48277918","48278214","chr13","87081291","87081583","38","38803373"
"chr5","48315767","48316054","chr7","13939704","13939993","36","34376063"
"chr5","48487043","48487348","chr5","53978687","53978992","1","5491644"
"chr5","48578032","48578226","chr10","83806647","83806840","33","35228615"
"chr5","49573277","49573584","chr19","40866944","40867252","25","8706333"
"chr5","49650241","49650516","chr14","18409529","18409810","52","31240712"
"chr5","49737568","49737855","chr5","55395665","55395950","17","5658097"
"chr5","50210112","50210418","chr5","55860689","55860980","23","5650577"
"chr5","50247238","50247547","chr15","56843173","56843482","33","6595935"
"chr5","50505321","50505625","chr1","24946735","24947039","44","25558586"
"chr5","51082283","51082569","chr5","56728685","56728971","5","5646402"
"chr5","51115690","51115987","chr5","56762167","56762469","10","5646477"
"chr5","51780162","51780458","chr5","57427969","57428258","13","5647807"
"chr5","51795654","51795945","chr9","93667628","93667921","37","41871974"
"chr5","51817675","51817983","chr5","57465760","57466055","14","5648085"
"chr5","51833893","51834195","chr5","57481945","57482248","7","5648052"
"chr5","51855917","51856184","chr5","57503539","57503805","3","5647622"
"chr5","51871765","51872033","chr15","106374896","106375164","40","54503131"
"chr5","51907178","51907484","chr5","57553492","57553813","18","5646314"
"chr5","51918970","51919268","chr5","57565081","57565395","23","5646111"
"chr5","52015217","52015515","chr5","57666282","57666579","13","5651065"
"chr5","52023972","52024273","chr5","57675048","57675346","10","5651076"
"chr5","52122570","52122866","chr5","57773989","57774259","29","5651419"
"chr5","52176777","52177084","chr5","57828618","57828926","6","5651841"
"chr5","52177489","52177797","chr5","57829323","57829630","3","5651834"
"chr5","52298024","52298295","chr5","57951897","57952167","27","5653873"
"chr5","52353521","52353822","chr5","58006956","58007258","10","5653435"
"chr5","52457406","52457711","chr4","9028435","9028735","40","43428971"
"chr5","52512724","52513026","chr5","58164525","58164824","8","5651801"
"chr5","52568470","52568773","chr2","75422001","75422299","36","22853531"
"chr5","52795941","52796242","chr5","58453852","58454152","9","5657911"
"chr5","52847779","52848082","chr4","151149695","151150004","21","98301916"
"chr5","52953784","52954097","chr5","58610337","58610650","4","5656553"
"chr5","53008571","53008866","chr5","58665128","58665427","12","5656557"
"chr5","53051491","53051775","chr8","30404692","30404975","37","22646799"
"chr5","53129414","53129719","chr1","8456043","8456342","39","44673371"
"chr5","53157488","53157794","chr8","93088239","93088542","33","39930751"
"chr5","53202336","53202631","chr7","69138344","69138637","44","15936008"
"chr5","53202987","53203281","chr5","58862934","58863231","5","5659947"
"chr5","53218352","53218626","chr5","58877982","58878251","6","5659630"
"chr5","53221171","53221466","chr5","58880798","58881091","9","5659627"
"chr5","53232400","53232693","chr5","58892019","58892312","4","5659619"
"chr5","53272210","53272508","chr2","93185519","93185812","40","39913309"
"chr5","53287186","53287490","chr5","58949380","58949684","0","5662194"
"chr5","53855891","53856187","chr7","16279866","16280158","40","37576025"
"chr5","53906626","53906923","chr5","59584926","59585220","31","5678300"
"chr5","54075068","54075373","chr1","123432542","123432851","41","69357474"
"chr5","54309920","54310218","chr5","59982565","59982861","8","5672645"
"chr5","54383153","54383432","chr5","60058726","60059021","30","5675573"
"chr5","54471033","54471350","chr5","60148247","60148527","42","5677214"
"chr5","54514022","54514321","chr5","60190234","60190528","12","5676212"
"chr5","54735690","54735975","chr6","137823042","137823326","31","83087352"
"chr5","54869744","54869916","chr5","60553097","60553269","4","5683353"
"chr5","54887490","54887620","chr1","131739881","131740006","21","76852391"
"chr5","54962831","54962992","chr5","60640911","60641071","7","5678080"
"chr5","55637690","55637956","chr1","223305001","223305272","74","167667311"
"chr5","55645775","55646084","chrX","128903017","128903324","36","73257242"
"chr5","55747505","55747809","chr15","90551600","90551895","42","34804095"
"chr5","55912424","55912692","chr2","147675373","147675635","10","91762949"
"chr5","56043401","56043704","chr5","61698938","61699241","10","5655537"
"chr5","56725489","56725771","chr18","9361654","9361933","48","47363835"
"chr5","56985493","56985773","chr5","62640612","62640884","28","5655119"
"chr5","57009884","57010142","chr5","62664180","62664439","4","5654296"
"chr5","57187198","57187494","chr5","24590065","24590364","44","32597133"
"chr5","57247163","57247452","chr5","62912997","62913284","8","5665834"
"chr5","57280874","57281175","chr6","132612470","132612770","47","75331596"
"chr5","57432527","57432829","chr5","63104392","63104680","19","5671865"
"chr5","57862433","57862644","chr16","48118141","48118359","34","9744292"
"chr5","57973424","57973722","chr5","63644095","63644393","5","5670671"
"chr5","57978013","57978321","chr5","63648676","63648983","5","5670663"
"chr5","58004668","58004950","chr5","63673822","63674106","4","5669154"
"chr5","58011892","58012185","chr5","63681503","63681795","4","5669611"
"chr5","58027942","58028237","chrX","9217941","9218238","37","48810001"
"chr5","58032745","58033038","chr5","63701967","63702260","7","5669222"
"chr5","58057425","58057720","chr5","63727150","63727445","7","5669725"
"chr5","58059196","58059486","chr6","170304458","170304759","39","112245262"
"chr5","58062160","58062304","chr5","63732010","63732154","2","5669850"
"chr5","58067339","58067645","chr3","13202178","13202482","36","44865161"
"chr5","58091495","58091779","chr5","63762253","63762535","7","5670758"
"chr5","58147111","58147412","chr5","63819432","63819728","11","5672321"
"chr5","58249964","58250265","chr5","63927330","63927631","4","5677366"
"chr5","58281246","58281547","chr5","63961588","63961888","6","5680342"
"chr5","58408864","58409128","chr5","64087435","64087699","4","5678571"
"chr5","58521959","58522212","chr5","64235590","64235843","5","5713631"
"chr5","58522739","58523031","chr2","110547922","110548217","34","52025183"
"chr5","58674159","58674436","chr18","55420327","55420607","51","3253832"
"chr5","59068767","59069066","chr5","64807924","64808220","13","5739157"
"chr5","59259269","59259558","chr5","65005156","65005452","14","5745887"
"chr5","59450041","59450343","chr11","75647466","75647763","44","16197425"
"chr5","59529061","59529306","chr5","65278931","65279176","13","5749870"
"chr5","59618003","59618285","chr8","76413611","76413891","28","16795608"
"chr5","59885967","59886266","chr16","57269589","57269887","37","2616378"
"chr5","59964671","59964972","chr5","65795290","65795588","21","5830619"
"chr5","60100164","60100471","chr5","65947415","65947724","15","5847251"
"chr5","60127027","60127310","chr5","65974969","65975254","10","5847942"
"chr5","60213663","60213924","chr15","4703044","4703306","45","55510619"
"chr5","60369870","60370170","chr19","40100056","40100357","37","20269814"
"chr5","60396781","60397078","chr19","33673355","33673647","31","26723426"
"chr5","60563136","60563451","chr5","66416469","66416788","11","5853333"
"chr5","60609626","60609935","chr9","118850452","118850760","32","58240826"
"chr5","60683524","60683817","chr5","66591071","66591359","14","5907547"
"chr5","60701727","60702025","chr5","66609012","66609315","11","5907285"
"chr5","60802879","60803178","chr16","72733551","72733852","42","11930672"
"chr5","60858576","60858869","chr5","66767460","66767750","9","5908884"
"chr5","60947562","60947842","chr5","66857394","66857682","20","5909832"
"chr5","61018356","61018643","chr5","66923932","66924220","2","5905576"
"chr5","61080585","61080889","chr8","41517520","41517820","41","19563065"
"chr5","61094457","61094749","chr16","42689947","42690240","29","18404510"
"chr5","61190455","61190748","chr5","67095377","67095670","8","5904922"
"chr5","61228692","61228978","chr1","166222810","166223093","42","104994118"
"chr5","61238391","61238685","chr5","67151957","67152253","8","5913566"
"chr5","61248659","61248909","chr5","67162218","67162470","5","5913559"
"chr5","61657125","61657437","chr5","67566596","67566886","25","5909471"
"chr5","61769722","61770028","chr1","221572816","221573118","42","159803094"
"chr5","62054665","62054969","chr5","67985945","67986244","13","5931280"
"chr5","62065617","62065904","chr5","67996565","67996853","8","5930948"
"chr5","62192010","62192317","chr5","68114314","68114620","8","5922304"
"chr5","62394203","62394492","chr2","88865030","88865322","48","26470827"
"chr5","62477463","62477620","chr5","68408915","68409072","5","5931452"
"chr5","62673653","62673945","chr5","68598974","68599261","15","5925321"
"chr5","62697918","62698190","chr5","68624374","68624643","8","5926456"
"chr5","62941425","62941740","chr5","68909728","68910006","42","5968303"
"chr5","63081584","63081884","chr5","69056402","69056708","10","5974818"
"chr5","63264569","63264836","chr4","46675927","46676192","14","16588642"
"chr5","63397993","63398309","chr1","158799114","158799422","77","95401121"
"chr5","63499511","63499808","chr5","69525739","69526035","9","6026228"
"chr5","63574836","63575125","chr5","69600247","69600536","11","6025411"
"chr5","63654054","63654268","chr5","69687412","69687626","3","6033358"
"chr5","63966630","63966944","chr6","147267123","147267432","48","83300493"
"chr5","63986874","63987175","chr5","70035071","70035375","11","6048197"
"chr5","63992455","63992761","chr4","17900079","17900385","48","46092376"
"chr5","64031107","64031417","chr5","70079705","70080038","36","6048598"
"chr5","64155824","64156133","chr5","70186418","70186725","9","6030594"
"chr5","64216152","64216340","chr5","70242884","70243072","2","6026732"
"chr5","64235543","64235849","chr5","70269377","70269683","4","6033834"
"chr5","64263445","64263730","chr5","70296977","70297254","12","6033532"
"chr5","64388385","64388662","chr5","70430897","70431187","19","6042512"
"chr5","65156094","65156392","chr1","221572816","221573118","45","156416722"
"chr5","65193886","65194196","chr5","71302054","71302367","11","6108168"
"chr5","65313092","65313234","chr5","71413637","71413779","0","6100545"
"chr5","65440372","65440668","chr5","71540858","71541166","25","6100486"
"chr5","65453001","65453308","chr5","71553463","71553762","21","6100462"
"chr5","65454366","65454589","chr9","54584502","54584722","40","10869864"
"chr5","65994018","65994332","chr11","106577610","106577920","45","40583592"
"chr5","66147240","66147550","chr5","72290835","72291158","26","6143595"
"chr5","66280727","66281045","chr5","72425560","72425867","20","6144833"
"chr5","66407523","66407679","chr4","33501824","33501981","20","32905699"
"chr5","66510717","66511024","chr5","72652038","72652347","9","6141321"
"chr5","66557580","66557878","chrX","18764380","18764679","36","47793200"
"chr5","66596614","66596918","chr5","72742296","72742602","10","6145682"
"chr5","66648251","66648544","chr5","72790154","72790447","4","6141903"
"chr5","66663452","66663765","chr5","72805466","72805764","20","6142014"
"chr5","66845887","66846192","chr5","72990581","72990889","10","6144694"
"chr5","67031282","67031565","chr5","73148681","73148967","9","6117399"
"chr5","67323346","67323657","chr5","73439908","73440230","18","6116562"
"chr5","67414339","67414618","chr4","161835044","161835330","26","94420705"
"chr5","67740872","67741158","chr9","2992409","2992674","57","64748463"
"chr5","67824337","67824617","chr5","73941477","73941763","13","6117140"
"chr5","68570135","68570445","chr5","74655971","74656281","9","6085836"
"chr5","69361007","69361288","chr5","75429367","75429649","18","6068360"
"chr5","69504404","69504684","chr5","75573277","75573557","6","6068873"
"chr5","69852091","69852397","chr5","75924358","75924656","21","6072267"
"chr5","69915177","69915454","chr5","75980607","75980885","10","6065430"
"chr5","69996628","69996942","chr5","76069647","76069961","7","6073019"
"chr5","70296601","70296907","chr5","76364665","76364975","19","6068064"
"chr5","70783504","70783761","chr1","122303300","122303557","6","51519796"
"chr5","70898156","70898441","chr5","76992760","76993045","4","6094604"
"chr5","70959280","70959587","chr5","77052496","77052807","12","6093216"
"chr5","71080070","71080375","chr5","77168607","77168914","7","6088537"
"chr5","71087768","71088076","chr5","77176468","77176779","19","6088700"
"chr5","71214706","71215015","chr5","77293980","77294289","5","6079274"
"chr5","71240259","71240516","chr5","77319682","77319941","5","6079423"
"chr5","71409743","71410038","chr5","77492317","77492614","8","6082574"
"chr5","71417926","71418226","chr5","77500513","77500812","3","6082587"
"chr5","71526238","71526534","chr5","77614799","77615092","13","6088561"
"chr5","71544796","71545098","chr5","77632481","77632783","9","6087685"
"chr5","71552821","71553124","chr5","77640104","77640407","4","6087283"
"chr5","71571265","71571541","chr5","77660225","77660511","20","6088960"
"chr5","71578783","71579087","chr5","77668390","77668698","17","6089607"
"chr5","71606341","71606636","chr5","77695281","77695576","28","6088940"
"chr5","71612917","71613206","chr5","77702333","77702624","5","6089416"
"chr5","71637221","71637525","chr5","77729799","77730107","9","6092578"
"chr5","71655059","71655371","chr3","30115080","30115399","44","41539979"
"chr5","71703862","71704153","chr12","68599427","68599722","29","3104435"
"chr5","71706570","71706861","chr5","77796551","77796854","16","6089981"
"chr5","71708955","71709238","chr5","77798628","77798911","4","6089673"
"chr5","71713711","71713998","chr5","77802835","77803121","5","6089124"
"chr5","71720748","71721056","chrX","41521472","41521779","38","30199276"
"chr5","71782975","71783268","chr5","77879762","77880056","7","6096787"
"chr5","71792033","71792328","chr5","77888840","77889139","7","6096807"
"chr5","71808440","71808736","chr5","77904942","77905238","5","6096502"
"chr5","71912098","71912400","chr5","78007760","78008064","8","6095662"
"chr5","71942618","71942921","chr5","78039604","78039906","13","6096986"
"chr5","71967149","71967458","chr5","78063664","78063972","14","6096515"
"chr5","72017165","72017451","chr5","78102646","78102935","9","6085481"
"chr5","72052624","72052915","chr5","78137767","78138061","6","6085143"
"chr5","72083097","72083386","chr5","78167973","78168256","11","6084876"
"chr5","72174564","72174856","chr3","43892554","43892846","36","28282010"
"chr5","72301349","72301641","chr3","3669293","3669588","45","68632056"
"chr5","72316766","72317062","chr5","78402517","78402813","7","6085751"
"chr5","72724543","72724837","chr5","78810038","78810315","26","6085495"
"chr5","72729911","72730216","chr5","78815361","78815666","9","6085450"
"chr5","72812509","72812774","chr5","78898037","78898295","11","6085528"
"chr5","72832184","72832491","chr5","78917461","78917757","30","6085277"
"chr5","72866944","72867249","chr5","78951450","78951755","3","6084506"
"chr5","72928653","72928914","chr5","79006816","79007081","8","6078163"
"chr5","73046602","73046881","chr5","79123207","79123486","4","6076605"
"chr5","73143067","73143362","chr5","79218195","79218489","4","6075128"
"chr5","73172990","73173288","chr1","93720553","93720849","36","20547563"
"chr5","73193548","73193849","chr5","79269833","79270125","19","6076285"
"chr5","73229888","73230178","chr5","79310775","79311067","5","6080887"
"chr5","73657577","73657880","chr1","125969105","125969405","45","52311528"
"chr5","73909695","73910001","chr16","1813845","1814147","39","72095850"
"chr5","73960740","73961049","chr5","80086434","80086743","1","6125694"
"chr5","74144228","74144523","chr5","80270898","80271193","4","6126670"
"chr5","74326703","74326975","chr5","80457559","80457831","2","6130856"
"chr5","74368338","74368621","chr5","80498788","80499071","4","6130450"
"chr5","74381253","74381551","chr5","80512565","80512864","6","6131312"
"chr5","74391761","74392052","chr5","80523104","80523395","5","6131343"
"chr5","74430109","74430421","chr16","68417177","68417484","36","6012932"
"chr5","74475305","74475597","chr5","80607775","80608068","4","6132470"
"chr5","74518428","74518713","chr5","80651343","80651603","32","6132915"
"chr5","74520013","74520333","chr11","88867528","88867847","46","14347515"
"chr5","74581813","74582112","chr9","92895163","92895462","38","18313350"
"chr5","74665047","74665333","chr1","61411175","61411458","40","13253872"
"chr5","74757876","74758144","chr5","80927928","80928226","33","6170052"
"chr5","74759837","74760107","chr5","80929886","80930137","22","6170049"
"chr5","74961491","74961799","chr15","48953737","48954046","34","26007754"
"chr5","75068814","75069091","chr5","81278376","81278679","28","6209562"
"chr5","75254944","75255247","chr1","156081696","156082004","43","80826752"
"chr5","75263482","75263778","chr2","87327480","87327783","40","12063998"
"chr5","75342432","75342717","chr5","81545277","81545561","8","6202845"
"chr5","75375157","75375451","chr5","81575310","81575599","10","6200153"
"chr5","75414755","75415076","chr5","81610768","81611088","9","6196013"
"chr5","75733859","75734132","chr5","81949679","81949953","7","6215820"
"chr5","75798164","75798459","chr5","82015752","82016051","5","6217588"
"chr5","75853486","75853788","chr5","82069756","82070062","14","6216270"
"chr5","76277357","76277637","chr7","67711268","67711554","41","8566089"
"chr5","76318789","76319091","chr5","82581518","82581821","4","6262729"
"chr5","76416512","76416811","chr5","82677959","82678267","14","6261447"
"chr5","76636778","76637088","chr5","82889314","82889627","7","6252536"
"chr5","76787370","76787638","chr5","122193894","122194176","46","45406524"
"chr5","76810034","76810301","chr9","118047165","118047415","43","41237131"
"chr5","76887727","76888010","chr5","83592813","83593110","20","6705086"
"chr5","77121591","77121898","chr19","45177122","45177428","39","31944469"
"chr5","77234572","77234876","chr5","84004214","84004518","4","6769642"
"chr5","77295757","77296052","chr5","84065842","84066133","10","6770085"
"chr5","77322376","77322684","chr5","84092069","84092385","13","6769693"
"chr5","77418205","77418507","chr3","72093131","72093436","40","5325074"
"chr5","77642777","77643063","chr5","84460872","84461156","3","6818095"
"chr5","77816344","77816649","chr5","84633768","84634077","8","6817424"
"chr5","77997280","77997575","chr5","84814278","84814575","6","6816998"
"chr5","78085701","78085988","chr12","98721046","98721332","36","20635345"
"chr5","78420793","78421111","chr5","85234917","85235229","12","6814124"
"chr5","78476089","78476376","chr5","85296861","85297149","8","6820772"
"chr5","78501255","78501546","chr1","8038697","8038989","36","70462558"
"chr5","78578630","78578926","chr5","85403086","85403385","10","6824456"
"chr5","78674298","78674601","chr5","85497494","85497797","6","6823196"
"chr5","78683046","78683340","chr5","85506239","85506534","4","6823193"
"chr5","78762063","78762360","chr5","85585364","85585660","10","6823301"
"chr5","78842053","78842393","chr5","85664888","85665221","18","6822835"
"chr5","78853275","78853572","chr5","85676166","85676420","48","6822891"
"chr5","78962187","78962402","chr5","85789749","85789964","2","6827562"
"chr5","78971242","78971543","chr5","85800978","85801278","4","6829736"
"chr5","79002729","79003018","chr5","85832164","85832453","5","6829435"
"chr5","79580568","79580876","chr11","68539339","68539643","42","11041229"
"chr5","79622286","79622592","chr11","62610991","62611296","42","17011295"
"chr5","79624992","79625297","chr1","121564029","121564325","33","41939037"
"chr5","79658902","79659209","chr5","86493457","86493760","9","6834555"
"chr5","79671790","79672093","chr5","86506360","86506669","12","6834570"
"chr5","79679751","79680031","chr5","86515401","86515678","7","6835650"
"chr5","79683147","79683436","chr5","86524815","86525102","9","6841668"
"chr5","79769813","79770116","chr5","86614165","86614474","10","6844352"
"chr5","79864044","79864316","chr5","86754268","86754540","3","6890224"
"chr5","79909479","79909772","chr1","139931874","139932170","41","60022395"
"chr5","79997546","79997851","chr5","86889413","86889718","8","6891867"
"chr5","80116845","80117143","chr5","87009526","87009826","9","6892681"
"chr5","80129328","80129624","chr5","87021973","87022269","6","6892645"
"chr5","80355969","80356275","chr3","13202178","13202482","34","67153791"
"chr5","80492364","80492656","chr11","34016163","34016458","32","46476201"
"chr5","80504825","80505089","chr5","87387808","87388063","26","6882983"
"chr5","80584876","80585182","chr5","87465435","87465741","6","6880559"
"chr5","81046933","81047184","chr16","23417366","23417617","7","57629567"
"chr5","81144166","81144467","chr5","88038155","88038458","6","6893989"
"chr5","81225805","81226104","chr5","88116223","88116522","10","6890418"
"chr5","81341215","81341533","chr5","88232216","88232523","17","6891001"
"chr5","81489122","81489416","chr5","88385501","88385795","11","6896379"
"chr5","81505120","81505413","chr5","88402035","88402330","6","6896915"
"chr5","81636554","81636855","chr5","88531403","88531703","10","6894849"
"chr5","81714761","81715069","chr5","88614769","88615078","8","6900008"
"chr5","81901634","81901948","chr5","88821674","88821989","6","6920040"
"chr5","81935865","81936151","chr5","88856614","88856899","7","6920749"
"chr5","81936751","81937033","chr5","88857496","88857781","5","6920745"
"chr5","81972936","81973225","chr5","88893671","88893961","8","6920735"
"chr5","82503135","82503422","chr5","89416941","89417239","16","6913806"
"chr5","82535701","82535994","chr1","184776466","184776751","45","102240765"
"chr5","82557730","82558053","chr1","31162314","31162639","50","51395416"
"chr5","82567854","82568126","chr5","89548977","89549250","10","6981123"
"chr5","82586033","82586331","chr5","89567073","89567367","24","6981040"
"chr5","82827537","82827829","chr4","54157080","54157372","36","28670457"
"chr5","83028977","83029293","chr20","72714362","72714671","44","10314615"
"chr5","83161135","83161441","chr5","90154874","90155182","8","6993739"
"chr5","83622029","83622326","chr5","90674340","90674644","10","7052311"
"chr5","83663828","83664137","chr5","90712307","90712616","7","7048479"
"chr5","83875048","83875338","chr5","90916170","90916440","25","7041122"
"chr5","83943429","83943721","chr14","111571417","111571707","39","27627988"
"chr5","84215853","84216146","chr5","91250931","91251234","18","7035078"
"chr5","84230746","84230995","chr5","91265539","91265793","7","7034793"
"chr5","84559390","84559698","chr5","91598554","91598861","5","7039164"
"chr5","84669115","84669412","chr5","91715427","91715723","8","7046312"
"chr5","84804206","84804516","chr5","91853741","91854048","9","7049535"
"chr5","84868495","84868800","chr5","91917508","91917830","25","7049013"
"chr5","84871955","84872263","chr5","91920986","91921290","13","7049031"
"chr5","85222733","85223018","chr5","92268455","92268740","6","7045722"
"chr5","85298327","85298634","chr5","92344122","92344415","21","7045795"
"chr5","85537701","85538005","chr5","92585334","92585635","7","7047633"
"chr5","85733244","85733538","chr5","92780013","92780331","27","7046769"
"chr5","85765849","85766136","chr5","92812194","92812481","3","7046345"
"chr5","85935419","85935707","chr5","92993170","92993458","6","7057751"
"chr5","86062762","86063030","chr5","93120235","93120503","2","7057473"
"chr5","86094301","86094593","chr5","93151940","93152207","28","7057639"
"chr5","86164727","86165023","chr5","93220352","93220654","14","7055625"
"chr5","86195603","86195903","chr5","93251396","93251702","19","7055793"
"chr5","86395429","86395678","chr5","93450062","93450311","5","7054633"
"chr5","86437944","86438209","chr5","93492948","93493240","29","7055004"
"chr5","86466953","86467094","chr13","93124583","93124728","13","6657630"
"chr5","86657374","86657659","chr5","93712631","93712914","10","7055257"
"chr5","86776792","86777105","chrX","40132008","40132313","44","46644784"
"chr5","86966627","86966919","chr5","94076121","94076420","8","7109494"
"chr5","87244726","87245033","chr5","94355541","94355835","21","7110815"
"chr5","87535495","87535775","chr5","94690344","94690624","6","7154849"
"chr5","87756731","87757023","chr5","94918802","94919060","55","7162071"
"chr5","87971351","87971658","chr5","95140593","95140902","9","7169242"
"chr5","88100489","88100765","chr5","95317965","95318237","14","7217476"
"chr5","88259305","88259612","chr5","95473828","95474134","7","7214523"
"chr5","88335302","88335571","chr5","95549595","95549864","13","7214293"
"chr5","88503475","88503784","chr5","95714000","95714306","4","7210525"
"chr5","88700569","88700858","chr5","95917642","95917931","1","7217073"
"chr5","89202202","89202509","chr10","25814298","25814606","34","63387904"
"chr5","89344180","89344475","chr5","96585313","96585608","4","7241133"
"chr5","89678471","89678771","chr5","96972766","96973066","4","7294295"
"chr5","89698459","89698741","chr5","96993849","96994131","3","7295390"
"chr5","89752315","89752620","chr5","97047490","97047795","1","7295175"
"chr5","89827104","89827410","chr5","97122797","97123098","10","7295693"
"chr5","89851183","89851447","chr5","97146865","97147128","7","7295682"
"chr5","90138187","90138488","chr5","97432092","97432394","4","7293905"
"chr5","90214382","90214683","chr5","97543605","97543902","9","7329223"
"chr5","90223329","90223647","chr4","107029363","107029673","44","16806034"
"chr5","90227090","90227380","chr5","97556241","97556533","10","7329151"
"chr5","90239410","90239724","chr5","97568780","97569094","7","7329370"
"chr5","90249152","90249440","chr5","97578512","97578800","6","7329360"
"chr5","90260099","90260367","chr5","97589471","97589739","5","7329372"
"chr5","90276860","90277118","chr5","97605773","97606018","18","7328913"
"chr5","90310927","90311230","chr5","97638396","97638699","4","7327469"
"chr5","90410992","90411300","chr5","97742104","97742439","32","7331112"
"chr5","90517654","90517955","chr5","97857855","97858155","10","7340201"
"chr5","90542465","90542769","chr16","61253797","61254104","34","29288668"
"chr5","90918199","90918484","chr9","64169484","64169763","36","26748715"
"chr5","90924878","90925130","chr5","98323032","98323283","7","7398154"
"chr5","91105074","91105332","chr5","98520075","98520333","3","7415001"
"chr5","91119813","91120125","chrX","136971933","136972241","40","45852120"
"chr5","91175990","91176275","chr5","98591416","98591702","11","7415426"
"chr5","91214373","91214659","chr5","98633465","98633760","15","7419092"
"chr5","91293498","91293790","chr5","98712220","98712499","23","7418722"
"chr5","91303487","91303783","chr5","98722232","98722529","7","7418745"
"chr5","91341580","91341868","chr1","184776466","184776751","44","93434886"
"chr5","92021328","92021635","chr5","99473864","99474172","5","7452536"
"chr5","92134319","92134621","chr5","99586376","99586670","15","7452057"
"chr5","92350716","92351039","chr2","84509227","84509557","54","7841489"
"chr5","92380233","92380540","chr5","99838192","99838499","3","7457959"
"chr5","92440454","92440744","chr5","99898584","99898879","11","7458130"
"chr5","92491183","92491476","chrX","135456954","135457247","37","42965771"
"chr5","92624084","92624411","chr12","88434400","88434690","65","4189684"
"chr5","92652039","92652325","chr5","100115600","100115886","4","7463561"
"chr5","92777635","92777936","chr5","100241085","100241380","9","7463450"
"chr5","92784838","92785144","chr5","100248299","100248608","7","7463461"
"chr5","92897119","92897389","chr5","100374684","100374954","4","7477565"
"chr5","92900156","92900401","chr5","100378573","100378818","3","7478417"
"chr5","93003451","93003749","chr12","117725879","117726180","36","24722428"
"chr5","93303940","93304224","chr5","100782459","100782745","7","7478519"
"chr5","93337438","93337711","chr5","100827184","100827457","6","7489746"
"chr5","93550522","93550830","chr12","37302756","37303057","35","56247766"
"chr5","93663552","93663862","chr5","101167820","101168103","37","7504268"
"chr5","93714465","93714752","chr5","101220769","101221057","7","7506304"
"chr5","93763527","93763835","chr16","74432","74740","38","93689095"
"chr5","93934164","93934457","chr5","101440167","101440463","7","7506003"
"chr5","94087778","94088077","chr5","101588637","101588936","4","7500859"
"chr5","94194730","94195030","chr9","28775635","28775933","40","65419095"
"chr5","94248302","94248588","chr5","101753274","101753558","3","7504972"
"chr5","94413144","94413430","chr5","101916452","101916737","3","7503308"
"chr5","94461746","94462035","chr5","101962352","101962653","32","7500606"
"chr5","94492532","94492834","chr5","101987922","101988216","16","7495390"
"chr5","94627665","94627968","chr5","102125018","102125323","11","7497353"
"chr5","94957248","94957544","chr4","36350234","36350532","32","58607014"
"chr5","95146501","95146812","chr5","102673365","102673674","7","7526864"
"chr5","95389610","95389928","chr5","106362160","106362473","7","10972550"
"chr5","95627959","95628266","chr5","105993766","105994073","17","10365807"
"chr5","95940106","95940412","chr5","105687214","105687521","9","9747108"
"chr5","96295132","96295428","chr5","105333586","105333885","11","9038454"
"chr5","96328735","96329029","chr5","105299899","105300196","8","8971164"
"chr5","96411588","96411646","chr7","17017476","17017552","30","79394112"
"chr5","96411649","96411767","chr10","81068089","81068200","28","15343560"
"chr5","96601258","96601565","chr5","105033243","105033539","22","8431985"
"chr5","96629204","96629503","chr3","78667937","78668236","41","17961267"
"chr5","96763372","96763662","chr5","104829913","104830210","18","8066541"
"chr5","96875435","96875725","chr5","104708033","104708335","21","7832598"
"chr5","96885936","96886230","chr4","54157080","54157372","32","42728856"
"chr5","96903574","96903849","chr11","16429445","16429722","38","80474129"
"chr5","96928735","96929015","chr5","104654441","104654721","1","7725706"
"chr5","96973586","96973848","chr5","104609869","104610123","9","7636283"
"chr5","97089412","97089733","chrX","128903017","128903324","48","31813605"
"chr5","97195186","97195438","chr5","104391348","104391598","6","7196162"
"chr5","97285054","97285267","chr5","104303194","104303408","7","7018140"
"chr5","97392225","97392529","chr5","104191246","104191551","4","6799021"
"chr5","97422438","97422741","chr5","104160640","104160943","6","6738202"
"chr5","97581476","97581745","chr5","104007867","104008129","35","6426391"
"chr5","97632407","97632707","chr5","103956435","103956744","19","6324028"
"chr5","97817349","97817659","chr5","103768391","103768712","20","5951042"
"chr5","98144983","98145290","chr5","103457014","103457340","24","5312031"
"chr5","98776363","98776648","chr5","106508968","106509252","4","7732605"
"chr5","98888057","98888358","chr5","106620500","106620797","15","7732443"
"chr5","98987888","98988174","chr18","25315562","25315847","33","73672326"
"chr5","99092783","99093082","chr5","106825103","106825402","8","7732320"
"chr5","99155240","99155530","chr3","76764240","76764529","35","22391000"
"chr5","99170594","99170893","chr5","106898106","106898404","6","7727512"
"chr5","99198706","99199013","chr5","106926511","106926820","6","7727805"
"chr5","99209676","99209973","chr5","106937482","106937779","5","7727806"
"chr5","99236870","99237144","chr5","106964390","106964664","8","7727520"
"chr5","99296680","99296988","chr5","107024387","107024691","12","7727707"
"chr5","99305569","99305823","chr5","107033306","107033565","8","7727737"
"chr5","99390725","99391029","chr5","107122415","107122725","9","7731690"
"chr5","99733797","99734076","chr5","107473550","107473829","1","7739753"
"chr5","99751614","99751891","chr8","111467890","111468163","35","11716276"
"chr5","99755343","99755617","chr9","21669900","21670155","81","78085443"
"chr5","99922787","99923058","chr5","107661492","107661763","3","7738705"
"chr5","99952761","99953068","chr5","107691153","107691460","4","7738392"
"chr5","99955377","99955674","chr11","94996337","94996634","34","4959040"
"chr5","99989902","99990127","chr3","34863480","34863716","43","65126422"
"chr5","99990162","99990263","chr19","17599276","17599366","26","82390886"
"chr5","100509170","100509448","chr9","91090628","91090906","33","9418542"
"chr5","100575493","100575789","chr2","159817530","159817826","31","59242037"
"chr5","100588063","100588348","chr5","98591416","98591702","37","1996647"
"chr5","100679676","100679965","chr5","108435581","108435868","9","7755905"
"chr5","100688055","100688364","chr5","108443955","108444265","8","7755900"
"chr5","100723390","100723682","chr5","108479502","108479788","18","7756112"
"chr5","100726775","100727068","chr5","108483462","108483748","20","7756687"
"chr5","100777275","100777580","chr5","108533585","108533890","4","7756310"
"chr5","100778727","100779031","chr5","108535370","108535673","14","7756643"
"chr5","100866062","100866338","chr5","108620165","108620470","38","7754103"
"chr5","100897983","100898267","chr5","108646641","108646935","16","7748658"
"chr5","101104934","101105188","chr5","108853088","108853343","7","7748154"
"chr5","101162310","101162591","chr5","108912387","108912665","7","7750077"
"chr5","101192018","101192313","chr5","108943056","108943367","19","7751038"
"chr5","101224233","101224516","chr5","108975265","108975547","3","7751032"
"chr5","101266308","101266595","chr5","109018021","109018316","15","7751713"
"chr5","101321280","101321569","chr5","109072156","109072452","26","7750876"
"chr5","101364512","101364810","chr5","109168067","109168362","8","7803555"
"chr5","101369710","101370020","chr16","51809554","51809859","39","49560156"
"chr5","101379712","101380006","chr5","109183036","109183326","7","7803324"
"chr5","101403508","101403801","chr6","171917051","171917343","40","70513543"
"chr5","101458789","101459089","chr5","109269693","109269993","7","7810904"
"chr5","101472987","101473293","chr12","59037527","59037833","40","42435460"
"chr5","101556520","101556809","chr10","61806032","61806322","33","39750488"
"chr5","101610226","101610546","chr5","109421261","109421587","13","7811035"
"chr5","101717313","101717598","chr5","109527677","109527962","8","7810364"
"chr5","101728868","101729145","chr5","109539277","109539554","8","7810409"
"chr5","101729982","101730286","chr1","114858024","114858327","35","13128042"
"chr5","102128085","102128392","chr5","109936989","109937273","25","7808904"
"chr5","102696899","102697198","chr5","110535884","110536189","19","7838985"
"chr5","102841682","102841941","chr5","110679410","110679669","7","7837728"
"chr5","102921825","102922104","chr5","110758596","110758878","7","7836771"
"chr5","102956379","102956675","chr1","8784931","8785227","32","94171448"
"chr5","102981211","102981509","chr5","110819164","110819462","9","7837953"
"chr5","103031824","103032128","chr5","110873324","110873623","7","7841500"
"chr5","103055665","103055960","chr5","110897501","110897801","7","7841836"
"chr5","103235710","103236022","chr6","143795791","143796105","45","40560081"
"chr5","103325259","103325513","chr5","111182497","111182751","10","7857238"
"chr5","103704376","103704662","chr5","111567117","111567403","6","7862741"
"chr5","103732637","103732944","chr5","111595718","111596024","7","7863081"
"chr5","103750245","103750547","chr5","111614174","111614476","2","7863929"
"chr5","103753270","103753573","chr5","111614174","111614476","5","7860904"
"chr5","103820996","103821285","chr5","111679428","111679717","7","7858432"
"chr5","103834366","103834675","chr5","111693505","111693818","10","7859139"
"chr5","103843317","103843623","chr5","111703447","111703745","15","7860130"
"chr5","103846794","103847063","chr5","111706469","111706734","5","7859675"
"chr5","103859874","103860179","chr5","111731992","111732297","15","7872118"
"chr5","103862210","103862517","chr5","111734318","111734626","17","7872108"
"chr5","103863614","103863905","chr5","111735710","111736002","4","7872096"
"chr5","103883061","103883355","chr6","18947156","18947451","31","84935905"
"chr5","103889813","103890087","chr5","111763149","111763428","7","7873336"
"chr5","103940583","103940843","chr5","111811732","111811992","15","7871149"
"chr5","103966934","103967227","chr5","111837856","111838149","4","7870922"
"chr5","103967774","103968079","chr5","111838696","111839001","10","7870922"
"chr5","103984675","103984986","chr5","111854264","111854577","10","7869589"
"chr5","104020387","104020683","chr5","111890876","111891179","13","7870489"
"chr5","104051765","104052013","chr5","111922397","111922649","15","7870632"
"chr5","104130264","104130572","chr5","111998694","111999001","6","7868430"
"chr5","104315593","104315887","chr5","112183912","112184211","5","7868319"
"chr5","104407023","104407327","chr5","112273939","112274230","16","7866916"
"chr5","104600824","104601124","chr6","69646373","69646670","33","34954451"
"chr5","104734329","104734639","chr5","112604965","112605274","9","7870636"
"chr5","104755735","104756047","chr5","112626599","112626911","4","7870864"
"chr5","104794179","104794458","chr5","112665376","112665656","3","7871197"
"chr5","104838084","104838367","chr5","112709297","112709580","8","7871213"
"chr5","104938924","104939231","chr5","112810455","112810758","21","7871531"
"chr5","105019697","105019996","chr4","32450246","32450546","34","72569451"
"chr5","105525479","105525782","chr3","15079134","15079438","49","90446345"
"chr5","105530882","105531178","chr5","113524651","113524949","15","7993769"
"chr5","105610640","105610938","chr5","113619929","113620227","5","8009289"
"chr5","105704002","105704312","chr5","113716477","113716778","17","8012475"
"chr5","105725747","105726035","chr5","113737876","113738164","7","8012129"
"chr5","105975897","105976200","chrX","18764380","18764679","45","87211517"
"chr5","106101010","106101311","chr12","65293539","65293842","11","40807471"
"chr5","106415040","106415332","chr15","7855904","7856203","44","98559136"
"chr5","106458281","106458520","chr5","114441263","114441509","9","7982982"
"chr5","106516665","106516961","chr5","114500530","114500812","21","7983865"
"chr5","106589426","106589687","chr3","183291","183550","43","106406135"
"chr5","106631896","106632194","chr5","114620890","114621199","17","7988994"
"chr5","106870341","106870644","chr5","114854951","114855258","13","7984610"
"chr5","106920934","106921243","chr5","114905828","114906130","12","7984894"
"chr5","107089506","107089808","chr12","82189023","82189323","43","24900483"
"chr5","107092315","107092620","chrX","113918508","113918817","36","6826193"
"chr5","107367449","107367692","chr5","115356898","115357141","4","7989449"
"chr5","107401937","107402224","chr5","115392072","115392359","5","7990135"
"chr5","107944495","107944780","chr5","115971329","115971608","17","8026834"
"chr5","108268184","108268480","chr1","199505953","199506249","39","91237769"
"chr5","108969749","108969965","chr11","50693126","50693340","40","58276623"
"chr5","108973803","108974088","chr5","117114081","117114366","7","8140278"
"chr5","109129153","109129435","chr5","117270509","117270790","7","8141356"
"chr5","109190147","109190392","chr5","117330781","117331033","13","8140634"
"chr5","109359014","109359307","chr5","117501276","117501569","6","8142262"
"chr5","109427117","109427419","chr5","117570465","117570765","9","8143348"
"chr5","109431158","109431462","chr14","63518444","63518750","37","45912714"
"chr5","109474734","109474989","chr3","162905378","162905626","38","53430644"
"chr5","109536480","109536772","chr5","117677927","117678220","4","8141447"
"chr5","109587640","109587930","chr5","56701456","56701750","32","52886184"
"chr5","109794814","109795120","chr5","117932523","117932824","13","8137709"
"chr5","109857277","109857576","chr5","117993614","117993913","5","8136337"
"chr5","109879562","109879849","chr9","58843693","58843986","78","51035869"
"chr5","109879854","109880182","chr2","186442876","186443207","55","76563022"
"chr5","109915823","109916122","chr5","118053144","118053459","18","8137321"
"chr5","109994860","109995167","chr5","118126962","118127269","8","8132102"
"chr5","110025027","110025310","chr5","118157353","118157638","3","8132326"
"chr5","110069780","110070081","chr5","118199792","118200093","8","8130012"
"chr5","110171499","110171796","chr5","118301689","118301985","6","8130190"
"chr5","110172622","110172926","chr5","118302808","118303113","5","8130186"
"chr5","110266337","110266636","chr5","118397214","118397508","11","8130877"
"chr5","110311764","110312046","chr5","118442480","118442763","5","8130716"
"chr5","110337138","110337436","chr5","118468254","118468553","5","8131116"
"chr5","110346799","110347126","chr5","118477078","118477405","7","8130279"
"chr5","110366908","110367170","chr5","118497170","118497431","10","8130262"
"chr5","110397545","110397831","chr5","118528451","118528740","8","8130906"
"chr5","110444819","110445110","chr5","118576340","118576605","34","8131521"
"chr5","110638439","110638730","chr13","86817011","86817298","51","23821428"
"chr5","110722316","110722602","chr5","118906091","118906377","2","8183775"
"chr5","110912460","110912769","chr5","119096303","119096614","10","8183843"
"chr5","110957025","110957322","chr5","119140702","119140999","1","8183677"
"chr5","110963883","110964220","chr5","119147873","119148211","7","8183990"
"chr5","111089555","111089864","chr5","119259113","119259420","9","8169558"
"chr5","111128586","111128895","chr5","119293063","119293368","12","8164477"
"chr5","111352577","111352879","chr8","63724629","63724930","43","47627948"
"chr5","111587611","111587919","chr5","119696008","119696312","21","8108397"
"chr5","111768867","111769151","chr5","119877366","119877648","7","8108499"
"chr5","111868569","111868878","chrX","128903017","128903324","31","17034448"
"chr5","111897441","111897737","chr5","120006526","120006817","9","8109085"
"chr5","112311602","112311890","chr5","120493488","120493781","9","8181886"
"chr5","112338658","112338956","chr6","110719828","110720127","32","1618830"
"chr5","112382346","112382643","chr5","120563752","120564047","9","8181406"
"chr5","113027993","113028302","chr5","121281281","121281591","10","8253288"
"chr5","113040254","113040534","chr5","121293573","121293853","1","8253319"
"chr5","113241808","113242099","chr5","121534408","121534698","2","8292600"
"chr5","113383171","113383458","chr5","121669914","121670203","4","8286743"
"chr5","113472270","113472579","chr5","121761922","121762226","14","8289652"
"chr5","113504981","113505288","chr5","121794454","121794761","7","8289473"
"chr5","113511626","113511924","chr5","121801090","121801398","14","8289464"
"chr5","113514332","113514631","chr5","121803493","121803785","8","8289161"
"chr5","113590882","113591166","chr5","121879305","121879589","5","8288423"
"chr5","113608817","113609103","chr5","121896558","121896848","8","8287741"
"chr5","113732504","113732782","chr5","122069317","122069593","6","8336813"
"chr5","113857107","113857396","chr5","122193894","122194176","14","8336787"
"chr5","113882915","113883208","chr5","122225546","122225842","8","8342631"
"chr5","114009297","114009606","chr9","52253808","52254116","35","61755489"
"chr5","114020959","114021234","chr1","119228005","119228271","41","5207046"
"chr5","114053160","114053454","chr5","122393906","122394201","10","8340746"
"chr5","114062397","114062690","chr5","122403207","122403514","17","8340810"
"chr5","114064530","114064829","chr5","122405337","122405636","4","8340807"
"chr5","114086104","114086412","chr5","122426935","122427243","7","8340831"
"chr5","114098218","114098525","chr5","122438791","122439099","8","8340573"
"chr5","114149718","114150011","chr5","122488339","122488635","7","8338621"
"chr5","114161786","114162087","chr5","122499039","122499323","25","8337253"
"chr5","114213346","114213653","chr5","122610014","122610323","5","8396668"
"chr5","114262026","114262315","chr9","58365212","58365515","43","55896814"
"chr5","114262496","114262790","chr7","16279866","16280158","45","97982630"
"chr5","114360273","114360469","chr5","122756849","122757047","7","8396576"
"chr5","114516592","114516895","chr5","122911616","122911916","8","8395024"
"chr5","114710948","114711243","chr2","40628061","40628359","41","74082887"
"chr5","114873565","114873871","chr9","3043156","3043458","46","111830409"
"chr5","114943528","114943827","chr5","123375951","123376250","4","8432423"
"chr5","114962690","114962999","chr1","95512959","95513266","36","19449731"
"chr5","114995715","114996012","chr5","123427868","123428169","13","8432153"
"chr5","115384010","115384345","chr5","123823233","123823542","27","8439223"
"chr5","115448568","115448860","chr5","123887859","123888150","9","8439291"
"chr5","115486981","115487292","chr19","12775179","12775488","48","102711802"
"chr5","115555568","115555942","chr5","124060200","124060574","9","8504632"
"chr5","115560499","115560775","chr5","124065100","124065379","5","8504601"
"chr5","115751679","115751983","chr5","124306294","124306599","11","8554615"
"chr5","115835206","115835508","chr5","124391289","124391591","9","8556083"
"chr5","115938494","115938790","chr5","124501308","124501598","17","8562814"
"chr5","116215195","116215480","chr5","124770358","124770642","11","8555163"
"chr5","116328580","116328871","chr5","124930420","124930711","5","8601840"
"chr5","116340441","116340720","chr5","124940380","124940660","4","8599939"
"chr5","116426706","116426978","chr5","125026175","125026454","11","8599469"
"chr5","116464434","116464750","chr5","125063134","125063444","13","8598700"
"chr5","116550197","116550494","chr5","125145914","125146216","25","8595717"
"chr5","116597607","116597908","chr5","125193897","125194198","3","8596290"
"chr5","116996632","116996924","chr5","125581424","125581717","8","8584792"
"chr5","117008063","117008338","chr5","125592801","125593077","6","8584738"
"chr5","117163739","117164033","chr3","2907703","2908000","36","114256036"
"chr5","117373975","117374264","chr2","175305470","175305757","36","57931495"
"chr5","117522163","117522470","chr2","94680090","94680393","38","22842073"
"chr5","117601263","117601563","chr5","126236329","126236623","14","8635066"
"chr5","117660757","117661061","chr5","23688318","23688627","38","93972439"
"chr5","117661416","117661729","chr15","34552858","34553163","58","83108558"
"chr5","117667676","117667975","chr2","172216065","172216364","40","54548389"
"chr5","118253716","118253847","chr3","165473560","165473692","14","47219844"
"chr5","118381157","118381444","chr5","127015917","127016204","1","8634760"
"chr5","118465136","118465443","chr5","127100060","127100367","3","8634924"
"chr5","118467955","118468228","chr5","127102566","127102840","9","8634611"
"chr5","118541504","118541792","chr5","127176102","127176393","7","8634598"
"chr5","118582919","118583162","chr16","12815096","12815338","47","105767823"
"chr5","118591493","118591800","chr11","123114759","123115068","40","4523266"
"chr5","118591801","118591934","chr5","127348010","127348143","0","8756209"
"chr5","118599876","118600168","chr1","115655199","115655492","32","2944677"
"chr5","118611968","118612234","chr3","181278916","181279178","37","62666948"
"chr5","118621416","118621729","chr5","127379676","127379991","9","8758260"
"chr5","118675759","118676055","chr5","127433107","127433402","7","8757348"
"chr5","118682038","118682349","chr5","127439356","127439663","9","8757318"
"chr5","118686608","118686899","chr5","127443946","127444241","8","8757338"
"chr5","118692484","118692791","chr5","127449856","127450160","8","8757372"
"chr5","118721210","118721514","chr5","127478739","127479043","3","8757529"
"chr5","118722812","118723115","chr1","42771177","42771482","34","75951635"
"chr5","119000001","119000219","chr1","25330562","25330777","38","93669439"
"chr5","119179500","119179797","chr5","127940681","127940953","28","8761181"
"chr5","119191692","119192000","chr5","127953347","127953652","12","8761655"
"chr5","119245357","119245664","chr5","128025303","128025610","4","8779946"
"chr5","119249280","119249570","chr5","128028898","128029182","14","8779618"
"chr5","119263394","119263685","chr5","128042953","128043245","5","8779559"
"chr5","119268831","119269142","chr5","128048615","128048919","10","8779784"
"chr5","119286834","119287061","chr12","99615831","99616061","35","19671003"
"chr5","119290934","119291229","chr2","159817530","159817826","35","40526596"
"chr5","119297366","119297667","chr1","8060989","8061289","38","111236377"
"chr5","119304422","119304726","chr5","128083513","128083825","19","8779091"
"chr5","119351302","119351605","chr5","128131656","128131959","3","8780354"
"chr5","119375530","119375833","chr5","128155940","128156243","2","8780410"
"chr5","119479658","119479955","chr5","128261249","128261558","16","8781591"
"chr5","119747559","119747832","chr5","128521140","128521437","26","8773581"
"chr5","119826617","119826921","chr5","128600141","128600446","7","8773524"
"chr5","119872191","119872515","chr5","128642901","128643232","11","8770710"
"chr5","120162016","120162325","chr5","128917026","128917333","7","8755010"
"chr5","120197051","120197356","chr11","95106653","95106959","43","25090398"
"chr5","120656126","120656435","chr6","93588689","93588993","38","27067437"
"chr5","120876987","120877278","chrX","28178417","28178715","40","92698570"
"chr5","121093372","121093692","chr5","129967133","129967452","6","8873761"
"chr5","121358484","121358783","chr15","35389073","35389378","42","85969411"
"chr5","122000072","122000337","chr5","131192312","131192555","28","9192240"
"chr5","122074035","122074329","chr5","131268442","131268736","8","9194407"
"chr5","122356857","122357167","chr5","131559354","131559648","23","9202497"
"chr5","122506829","122507127","chr1","26575506","26575793","46","95931323"
"chr5","122778519","122778827","chr5","131988046","131988350","8","9209527"
"chr5","122954469","122954781","chr7","119362403","119362709","52","3592066"
"chr5","123073731","123074037","chr20","11848855","11849157","44","111224876"
"chr5","123112421","123112694","chr5","132419032","132419306","6","9306611"
"chr5","123175543","123175840","chr5","132475259","132475558","9","9299716"
"chr5","123240449","123240735","chr5","132539309","132539614","25","9298860"
"chr5","123249317","123249616","chr1","26686207","26686506","42","96563110"
"chr5","123338404","123338710","chr13","43474471","43474778","32","79863933"
"chr5","123412478","123412781","chr5","182762975","182763277","29","59350497"
"chr5","123494209","123494499","chr5","132791787","132792077","6","9297578"
"chr5","123529848","123530156","chr5","132827281","132827589","6","9297433"
"chr5","123537150","123537449","chr5","132834536","132834835","10","9297386"
"chr5","123662666","123662963","chrX","17706925","17707211","50","105955741"
"chr5","123914217","123914515","chr16","67222128","67222427","33","56692089"
"chr5","124053326","124053621","chr5","133406285","133406550","35","9352959"
"chr5","124080877","124081177","chr5","133432399","133432699","9","9351522"
"chr5","124439044","124439352","chr5","133798821","133799119","13","9359777"
"chr5","124718592","124718891","chr5","134087469","134087759","34","9368877"
"chr5","124806060","124806325","chr5","134159429","134159693","6","9353369"
"chr5","124881660","124881956","chr3","87557289","87557581","47","37324371"
"chr5","124991191","124991456","chr5","134345859","134346132","16","9354668"
"chr5","125301768","125301962","chr1","173467466","173467659","30","48165698"
"chr5","125302777","125303079","chr5","134662285","134662593","14","9359508"
"chr5","125348230","125348507","chr5","134706903","134707200","33","9358673"
"chr5","125361401","125361699","chr5","134719809","134720102","23","9358408"
"chr5","125580349","125580647","chr5","24590065","24590364","40","100990284"
"chr5","125801048","125801348","chr5","135200275","135200567","14","9399227"
"chr5","125813936","125814236","chr5","135213154","135213452","7","9399218"
"chr5","125988836","125989116","chr18","52423752","52424031","33","73565084"
"chr5","126103925","126104232","chr5","135511971","135512274","8","9408046"
"chr5","126199292","126199461","chr5","135608152","135608321","3","9408860"
"chr5","126411968","126412268","chr16","6754769","6755065","42","119657199"
"chr5","126633418","126633725","chr5","136088118","136088424","11","9454700"
"chr5","127087349","127087645","chr19","12775179","12775488","46","114312170"
"chr5","127146332","127146635","chr5","136688659","136688963","3","9542327"
"chr5","127464535","127464760","chr5","137019079","137019313","16","9554544"
"chr5","127527656","127527960","chr5","137078182","137078462","26","9550526"
"chr5","127816093","127816399","chr5","137366651","137366953","23","9550558"
"chr5","127985482","127985762","chr1","25133308","25133589","38","102852174"
"chr5","128133737","128134058","chr7","87503845","87504157","51","40629892"
"chr5","128271329","128271621","chr5","137819265","137819557","3","9547936"
"chr5","128372397","128372695","chr5","137939170","137939465","13","9566773"
"chr5","128381914","128382219","chr5","137949824","137950130","5","9567910"
"chr5","128475338","128475624","chr5","138036693","138036979","4","9561355"
"chr5","128502397","128502702","chr5","138064328","138064635","7","9561931"
"chr5","128504507","128504804","chr5","138064328","138064635","16","9559821"
"chr5","128572266","128572563","chr5","138132211","138132515","12","9559945"
"chr5","129041251","129041544","chr5","138678574","138678862","18","9637323"
"chr5","129078003","129078277","chr7","51321295","51321568","34","77756708"
"chr5","129254651","129254946","chr5","138889266","138889560","3","9634615"
"chr5","129306531","129306828","chr5","138939246","138939543","9","9632715"
"chr5","129315153","129315442","chr5","138948052","138948341","6","9632899"
"chr5","129327037","129327343","chr11","3530632","3530941","38","125796405"
"chr5","129346173","129346448","chr2","180623887","180624162","37","51277714"
"chr5","129348566","129348864","chr2","159817530","159817826","37","30468964"
"chr5","129352001","129352295","chr12","112213989","112214276","43","17138012"
"chr5","129362727","129363019","chr19","33669364","33669657","37","95693363"
"chr5","129476577","129476874","chr4","69519697","69520001","44","59956880"
"chr5","129509500","129509805","chr3","4601314","4601622","42","124908186"
"chr5","129517931","129518235","chr5","139144255","139144558","7","9626324"
"chr5","129535022","129535338","chr5","139162824","139163140","14","9627802"
"chr5","129600488","129600792","chr2","62074209","62074517","34","67526279"
"chr5","129607719","129608022","chr5","139239134","139239430","12","9631415"
"chr5","129616564","129616859","chr5","139247780","139248069","7","9631216"
"chr5","129654868","129655161","chr5","139285898","139286190","6","9631030"
"chr5","129660687","129660977","chr5","139291394","139291675","16","9630707"
"chr5","129673285","129673568","chr5","139303504","139303799","24","9630219"
"chr5","129692846","129693142","chr5","139326427","139326725","5","9633581"
"chr5","129709093","129709387","chr5","139343778","139344070","7","9634685"
"chr5","129735832","129736119","chr11","71354236","71354528","38","58381596"
"chr5","129746724","129747035","chr3","175632109","175632406","55","45885385"
"chr5","129809131","129809422","chr15","26993350","26993637","30","102815781"
"chr5","130006748","130007050","chr5","139648901","139649203","7","9642153"
"chr5","130037155","130037459","chr5","139678796","139679092","13","9641641"
"chr5","130494057","130494338","chr8","76413611","76413891","26","54080446"
"chr5","130511961","130512247","chr5","140157705","140157991","6","9645744"
"chr5","130514030","130514336","chr5","140159774","140160076","9","9645744"
"chr5","130534645","130534956","chr5","140179775","140180078","16","9645130"
"chr5","130608670","130608965","chr5","140254292","140254590","3","9645622"
"chr5","130764241","130764481","chr5","140461619","140461859","8","9697378"
"chr5","130766819","130767118","chr5","140464241","140464514","31","9697422"
"chr5","130858237","130858544","chr15","56997936","56998235","40","73860301"
"chr5","130867521","130867824","chr5","140561006","140561305","5","9693485"
"chr5","130996076","130996384","chr5","140689518","140689823","17","9693442"
"chr5","130997437","130997630","chr5","140690849","140691040","8","9693412"
"chr5","131024432","131024733","chr5","140717129","140717430","4","9692697"
"chr5","131060596","131060874","chr9","32437461","32437740","34","98623135"
"chr5","131145967","131146259","chr5","140837945","140838231","7","9691978"
"chr5","131511953","131512270","chr5","141218857","141219173","6","9706904"
"chr5","131636793","131637127","chrX","98931008","98931332","52","32705785"
"chr5","131757277","131757566","chr5","141469894","141470184","8","9712617"
"chr5","131833623","131833916","chr5","141548662","141548954","8","9715039"
"chr5","132020891","132021199","chr5","141724285","141724583","15","9703394"
"chr5","132048549","132048839","chr5","141751595","141751900","19","9703046"
"chr5","132392546","132392854","chr3","9967751","9968055","37","122424795"
"chr5","132727229","132727446","chr16","65439180","65439381","47","67288049"
"chr5","132781601","132781894","chr5","142495311","142495596","15","9713710"
"chr5","132827398","132827701","chr5","142541422","142541721","10","9714024"
"chr5","133469874","133470158","chr19","33673355","33673647","50","99796519"
"chr5","133543233","133543533","chr5","143293607","143293908","9","9750374"
"chr5","133565016","133565319","chr5","143315859","143316145","22","9750843"
"chr5","133614029","133614325","chr5","143356113","143356442","42","9742084"
"chr5","133663630","133663936","chr3","64099617","64099919","40","69564013"
"chr5","135204011","135204304","chr5","144995156","144995436","22","9791145"
"chr5","135269706","135270001","chr5","145056465","145056757","6","9786759"
"chr5","135333430","135333719","chr5","145118551","145118849","21","9785121"
"chr5","135349273","135349566","chr5","145134478","145134780","16","9785205"
"chr5","135354543","135354839","chr3","160966196","160966491","36","25611653"
"chr5","135408037","135408318","chr5","145194012","145194320","31","9785975"
"chr5","135418015","135418297","chr5","145204035","145204297","23","9786020"
"chr5","135455904","135456203","chr5","145243245","145243544","5","9787341"
"chr5","135566619","135566918","chr5","145353973","145354244","28","9787354"
"chr5","135718632","135718938","chr5","145496055","145496364","9","9777423"
"chr5","135761538","135761834","chr5","145538658","145538951","6","9777120"
"chr5","135780852","135781159","chr4","31754403","31754708","36","104026449"
"chr5","135852845","135853153","chr5","145628853","145629161","4","9776008"
"chr5","135939307","135939581","chr9","129428116","129428388","43","6511191"
"chr5","136158241","136158540","chr1","25636423","25636725","37","110521818"
"chr5","136208950","136209229","chr5","145983989","145984268","4","9775039"
"chr5","136342762","136343043","chr5","146118024","146118305","12","9775262"
"chr5","136479294","136479587","chr5","146253655","146253948","2","9774361"
"chr5","137380693","137380994","chr5","147186959","147187259","5","9806266"
"chr5","137740872","137741171","chr5","147584209","147584511","7","9843337"
"chr5","137747462","137747769","chr2","165822316","165822621","39","28074854"
"chr5","137772507","137772803","chr1","115655199","115655492","41","22117308"
"chr5","137807805","137808104","chr5","147653489","147653798","16","9845684"
"chr5","138031590","138031898","chr5","147877745","147878045","14","9846155"
"chr5","138403438","138403747","chr5","148244718","148245010","32","9841280"
"chr5","138420137","138420420","chrX","109008325","109008611","41","29411812"
"chr5","138761045","138761345","chr1","27794889","27795194","36","110966156"
"chr5","139005516","139005800","chr5","148856920","148857204","6","9851404"
"chr5","139099049","139099344","chr4","152751450","152751754","15","13652401"
"chr5","139825980","139826164","chr11","122445179","122445364","24","17380801"
"chr5","139940497","139940788","chr5","69600247","69600536","39","70340250"
"chr5","140205294","140205595","chr3","155832002","155832298","43","15626708"
"chr5","140343461","140343760","chr5","150202766","150203068","6","9859305"
"chr5","140356650","140356960","chr5","150215961","150216270","5","9859311"
"chr5","140386832","140387039","chr5","150247021","150247225","9","9860189"
"chr5","140538326","140538622","chr5","150457869","150458163","5","9919543"
"chr5","140577620","140577838","chr5","150496618","150496836","10","9918998"
"chr5","140656338","140656595","chr8","34023425","34023680","39","106632913"
"chr5","140704274","140704571","chr9","117155318","117155612","30","23548956"
"chr5","140724352","140724641","chr5","150686273","150686564","4","9961921"
"chr5","140889980","140890279","chr5","150849843","150850139","6","9959863"
"chr5","140909426","140909712","chr5","150869060","150869346","2","9959634"
"chr5","140947740","140948026","chr2","106222108","106222394","36","34725632"
"chr5","140975466","140975747","chr5","150940039","150940335","46","9964573"
"chr5","140982839","140983111","chr8","121901986","121902248","50","19080853"
"chr5","141003929","141004238","chr4","103915595","103915891","48","37088334"
"chr5","141048554","141048856","chr5","151028910","151029208","5","9980356"
"chr5","141140555","141140841","chr5","151117384","151117671","3","9976829"
"chr5","141244306","141244594","chr5","151218401","151218688","10","9974095"
"chr5","141255281","141255577","chr13","54810521","54810815","33","86444760"
"chr5","141265877","141266162","chr5","151240282","151240567","5","9974405"
"chr5","141266981","141267291","chr5","151241387","151241696","6","9974406"
"chr5","141732368","141732667","chr5","152125749","152126051","17","10393381"
"chr5","141800217","141800512","chr5","152193212","152193504","9","10392995"
"chr5","141915262","141915556","chr6","131966421","131966716","32","9948841"
"chr5","142682579","142682868","chr5","153084264","153084558","9","10401685"
"chr5","142747861","142748163","chr5","153149584","153149885","2","10401723"
"chr5","142812379","142812656","chr5","153213991","153214266","7","10401612"
"chr5","142876395","142876628","chr15","8079510","8079742","24","134796885"
"chr5","142888672","142888961","chr5","153289796","153290090","13","10401124"
"chr5","142895938","142896187","chr5","153297322","153297571","5","10401384"
"chr5","142950721","142951024","chr5","153351247","153351557","14","10400526"
"chr5","142960397","142960642","chr5","153361177","153361421","4","10400780"
"chr5","142984902","142985206","chr5","153385837","153386147","12","10400935"
"chr5","143003028","143003328","chr5","153403267","153403571","10","10400239"
"chr5","143017111","143017402","chr5","153417664","153417954","7","10400553"
"chr5","143017909","143018202","chr7","164716776","164717071","37","21698867"
"chr5","143029957","143030240","chr5","153430868","153431151","6","10400911"
"chr5","143075556","143075835","chr5","153476619","153476894","8","10401063"
"chr5","143419815","143420109","chr5","153832166","153832460","4","10412351"
"chr5","143510104","143510405","chr4","105373661","105373961","35","38136443"
"chr5","143679179","143679437","chr3","73183548","73183802","40","70495631"
"chr5","143832200","143832500","chr5","154241430","154241727","15","10409230"
"chr5","143833910","143834196","chr4","30749508","30749793","35","113084402"
"chr5","143903702","143903992","chr9","102568941","102569236","33","41334761"
"chr5","144066167","144066465","chr11","121445783","121446080","38","22620384"
"chr5","144094385","144094667","chr5","154503927","154504209","5","10409542"
"chr5","144230123","144230415","chr5","154638800","154639097","9","10408677"
"chr5","144288553","144288800","chr5","154698264","154698479","35","10409711"
"chr5","144473929","144474206","chr5","154867857","154868134","4","10393928"
"chr5","144660511","144660816","chr1","174075862","174076164","38","29415351"
"chr5","144704148","144704456","chr5","155610254","155610562","1","10906106"
"chr5","144804276","144804570","chr20","2925612","2925906","35","141878664"
"chr5","144857553","144857856","chr16","53122406","53122707","31","91735147"
"chr5","144919393","144919684","chr5","155399646","155399946","26","10480253"
"chr5","145024485","145024773","chr3","70058965","70059256","40","74965520"
"chr5","145053912","145054213","chr5","155227613","155227911","4","10173701"
"chr5","145097361","145097654","chr1","27579518","27579815","47","117517843"
"chr5","145289618","145289917","chr13","43474471","43474778","43","101815147"
"chr5","145305375","145305683","chr5","155749816","155750126","22","10444441"
"chr5","145360716","145361008","chr5","155846300","155846590","12","10485584"
"chr5","145371733","145372028","chr5","155857750","155858046","7","10486017"
"chr5","145373681","145373988","chr5","155859722","155860021","13","10486041"
"chr5","145410198","145410502","chr5","155896516","155896812","20","10486318"
"chr5","145424021","145424318","chr5","155910343","155910631","16","10486322"
"chr5","145510353","145510656","chr5","155996066","155996367","8","10485713"
"chr5","145519979","145520288","chr1","27794889","27795194","33","117725090"
"chr5","145540695","145540986","chr6","132403184","132403475","35","13137511"
"chr5","145552785","145553102","chr5","156038545","156038848","17","10485760"
"chr5","145736534","145736825","chr5","156226638","156226929","5","10490104"
"chr5","145799705","145799978","chr4","68688247","68688520","34","77111458"
"chr5","145809427","145809725","chr5","156300159","156300457","6","10490732"
"chr5","145864793","145865078","chr4","36593263","36593547","40","109271530"
"chr5","145995007","145995314","chr5","156489731","156490038","13","10494724"
"chr5","146401388","146401697","chr1","12281473","12281782","37","134119915"
"chr5","146413012","146413308","chr5","16124720","16125017","38","130288292"
"chr5","146609929","146610235","chr5","157108975","157109282","10","10499046"
"chr5","146697813","146698039","chr5","157198474","157198715","20","10500661"
"chr5","146803440","146803740","chr5","157303232","157303532","7","10499792"
"chr5","147021510","147021801","chr5","157514219","157514509","7","10492709"
"chr5","147024686","147024975","chr5","157517416","157517705","6","10492730"
"chr5","147119096","147119399","chr5","157606055","157606359","6","10486959"
"chr5","147409027","147409344","chr5","157889215","157889530","4","10480188"
"chr5","147471638","147471946","chr5","157950848","157951150","10","10479210"
"chr5","147495139","147495299","chr5","157973288","157973448","2","10478149"
"chr5","147682964","147683259","chr5","158161888","158162191","10","10478924"
"chr5","147707079","147707367","chr12","78415584","78415873","40","69291495"
"chr5","147799544","147799820","chr5","158282419","158282697","16","10482875"
"chr5","147979742","147980041","chr4","1179209","1179510","30","146800533"
"chr5","148078237","148078506","chr12","88102728","88103014","36","59975509"
"chr5","148088065","148088350","chr5","158569814","158570099","9","10481749"
"chr5","148109034","148109327","chr5","158590123","158590418","11","10481089"
"chr5","148123598","148123895","chr1","200127500","200127799","52","52003902"
"chr5","148130072","148130383","chr5","158611165","158611450","29","10481093"
"chr5","148159538","148159802","chr5","158640080","158640344","6","10480542"
"chr5","148167668","148167936","chr5","158648325","158648598","8","10480657"
"chr5","148178201","148178503","chr5","158658842","158659144","5","10480641"
"chr5","148465285","148465571","chr5","158948379","158948665","8","10483094"
"chr5","148564544","148564847","chr5","159094822","159095124","8","10530278"
"chr5","148621674","148621976","chr5","39379317","39379616","35","109242357"
"chr5","148778154","148778454","chr3","2907703","2908000","39","145870451"
"chr5","148906129","148906389","chr5","159485419","159485679","5","10579290"
"chr5","149044450","149044755","chr5","159619898","159620206","6","10575448"
"chr5","149089933","149090190","chr5","159673066","159673328","10","10583133"
"chr5","149215363","149215667","chr5","159798665","159798966","11","10583302"
"chr5","149389193","149389455","chr5","159958726","159958987","2","10569533"
"chr5","149415202","149415487","chr10","15194904","15195190","47","134220298"
"chr5","149562266","149562546","chr5","160126952","160127229","12","10564686"
"chr5","149620755","149621052","chr5","160186201","160186503","8","10565446"
"chr5","149829937","149830208","chr5","160403872","160404140","6","10573935"
"chr5","149907625","149907907","chr5","160489890","160490171","9","10582265"
"chr5","149913019","149913327","chr7","77098183","77098491","38","72814836"
"chr5","150067884","150068176","chr10","13855681","13855975","35","136212203"
"chr5","150149987","150150290","chr5","160766211","160766509","8","10616224"
"chr5","150199154","150199445","chr1","135697326","135697617","40","14501828"
"chr5","150409359","150409660","chr5","161064198","161064499","7","10654839"
"chr5","150600511","150600804","chr6","137303080","137303373","45","13297431"
"chr5","150708377","150708678","chr5","161416541","161416849","13","10708164"
"chr5","150783256","150783562","chr5","161491162","161491467","16","10707906"
"chr5","150785186","150785475","chr5","161493093","161493382","8","10707907"
"chr5","150799664","150799920","chr5","161507393","161507649","8","10707729"
"chr5","150828378","150828682","chr5","161536941","161537239","12","10708563"
"chr5","150918435","150918763","chr5","161627035","161627354","20","10708600"
"chr5","151085262","151085535","chr5","161806504","161806785","15","10721242"
"chr5","151318721","151319017","chr5","162040042","162040341","8","10721321"
"chr5","151535979","151536277","chr5","162316065","162316362","4","10780086"
"chr5","151658833","151659130","chr20","15389128","15389430","41","136269705"
"chr5","151752190","151752290","chr1","163197256","163197362","29","11445066"
"chr5","151752443","151752614","chr8","119524904","119525069","31","32227539"
"chr5","152133088","152133380","chr5","162982084","162982377","6","10848996"
"chr5","152180943","152181250","chr5","163030366","163030672","7","10849423"
"chr5","152182438","152182734","chr5","163031868","163032164","3","10849430"
"chr5","152374589","152374868","chr5","163232329","163232608","11","10857740"
"chr5","152405681","152406000","chr17","93086234","93086554","57","59319447"
"chr5","152475668","152475972","chr5","163338121","163338426","30","10862453"
"chr5","152526704","152527010","chr5","163392290","163392596","14","10865586"
"chr5","152572445","152572727","chr5","163438397","163438679","8","10865952"
"chr5","152607433","152607698","chr11","110433939","110434213","37","42173494"
"chr5","152764152","152764443","chr7","16279866","16280158","38","136484286"
"chr5","152775971","152776274","chr5","163642965","163643272","13","10866994"
"chr5","152818642","152818950","chr4","43105948","43106256","44","109712694"
"chr5","153036859","153037167","chr5","163904630","163904940","3","10867771"
"chr5","153059209","153059481","chr5","163930082","163930357","5","10870873"
"chr5","153169098","153169394","chr5","164033683","164033975","12","10864585"
"chr5","153180217","153180516","chr5","164044704","164045004","7","10864487"
"chr5","153968764","153969070","chr5","164847380","164847689","21","10878616"
"chr5","154061863","154061998","chr1","140336336","140336469","15","13725527"
"chr5","154276412","154276640","chr8","72192375","72192603","25","82084037"
"chr5","154276713","154277022","chr5","165153617","165153925","10","10876904"
"chr5","154398498","154398788","chr5","165275356","165275643","7","10876858"
"chr5","154415133","154415426","chr5","165290935","165291215","30","10875802"
"chr5","154428833","154429053","chr16","39043571","39043789","35","115385262"
"chr5","154456794","154457062","chr5","165339969","165340234","12","10883175"
"chr5","154460420","154460710","chr10","29609818","29610112","40","124850602"
"chr5","154466360","154466668","chr5","165346540","165346849","12","10880180"
"chr5","154503625","154503924","chr5","165385976","165386274","3","10882351"
"chr5","154538324","154538624","chr5","165419862","165420163","14","10881538"
"chr5","154543203","154543495","chr14","115493193","115493486","46","39050010"
"chr5","154695578","154695866","chr6","33238170","33238464","43","121457408"
"chr5","154783071","154783373","chr5","165669210","165669510","12","10886139"
"chr5","154845606","154845867","chr11","33722586","33722849","38","121123020"
"chr5","154891752","154892049","chr5","165779750","165780047","11","10887998"
"chr5","155018537","155018838","chr5","165904593","165904888","13","10886056"
"chr5","155101345","155101652","chr5","165983948","165984280","28","10882603"
"chr5","155461535","155461834","chr2","94361123","94361420","31","61100412"
"chr5","155463468","155463761","chr9","92288864","92289157","5","63174604"
"chr5","155475353","155475648","chr9","92298692","92298987","7","63176661"
"chr5","155485582","155485880","chr9","92308415","92308710","8","63177167"
"chr5","155488242","155488523","chr4","118389577","118389861","51","37098665"
"chr5","155769752","155770047","chr1","8456043","8456342","46","147313709"
"chr5","155812331","155812611","chr1","11665606","11665889","41","144146725"
"chr5","155838631","155838921","chr1","221763087","221763382","48","65924456"
"chr5","155956556","155956852","chr5","166798867","166799167","12","10842311"
"chr5","156338041","156338334","chr5","167183434","167183739","15","10845393"
"chr5","156510131","156510430","chr7","67193041","67193332","49","89317090"
"chr5","156571123","156571433","chr5","167421564","167421873","6","10850441"
"chr5","156590321","156590603","chr5","167442865","167443160","24","10852544"
"chr5","156835853","156836136","chr5","167697755","167698038","6","10861902"
"chr5","157280897","157281190","chr5","168141063","168141356","8","10860166"
"chr5","157530254","157530487","chr10","74274152","74274385","39","83256102"
"chr5","157548833","157549124","chr5","168414401","168414703","20","10865568"
"chr5","157613588","157613897","chr5","168474076","168474385","6","10860488"
"chr5","157664873","157665149","chr5","168522134","168522413","9","10857261"
"chr5","157668409","157668711","chr5","168525652","168525952","3","10857243"
"chr5","157854096","157854399","chr5","168714128","168714429","13","10860032"
"chr5","157888629","157888874","chr5","168748584","168748829","2","10859955"
"chr5","157940054","157940365","chr5","168800298","168800609","12","10860244"
"chr5","157968348","157968627","chr5","168828477","168828762","17","10860129"
"chr5","158009287","158009544","chr5","168869750","168870007","0","10860463"
"chr5","158069774","158070070","chr5","168966538","168966828","8","10896764"
"chr5","158155421","158155712","chr5","169052846","169053138","9","10897425"
"chr5","158184633","158184949","chr5","169082758","169083064","16","10898125"
"chr5","158191365","158191650","chr5","169089635","169089935","16","10898270"
"chr5","158234803","158235101","chr5","169136946","169137240","9","10902143"
"chr5","158260400","158260684","chr20","44038589","44038880","36","114221811"
"chr5","158263946","158264243","chr5","169166241","169166534","7","10902295"
"chr5","158311659","158311959","chr5","169216508","169216811","12","10904849"
"chr5","158381163","158381481","chr3","167328923","167329232","48","8947760"
"chr5","158434005","158434299","chr5","169338874","169339179","22","10904869"
"chr5","158465493","158465773","chr5","169371298","169371579","5","10905805"
"chr5","158497747","158498045","chr5","169403824","169404112","15","10906077"
"chr5","158584168","158584456","chr5","169489657","169489946","6","10905489"
"chr5","158651063","158651366","chr5","169558763","169559070","8","10907700"
"chr5","158652031","158652318","chr5","169559735","169560021","8","10907704"
"chr5","158709077","158709362","chr5","169617462","169617747","8","10908385"
"chr5","158819729","158819889","chr5","169718557","169718717","3","10898828"
"chr5","158836270","158836555","chr7","27042398","27042682","31","131793872"
"chr5","158849589","158849887","chr2","88865030","88865322","50","69984559"
"chr5","158924986","158925149","chr9","5756757","5756920","23","153168229"
"chr5","158987386","158987678","chrX","135456954","135457247","35","23530432"
"chr5","159038114","159038429","chr5","169940473","169940762","35","10902359"
"chr5","159261917","159262220","chr5","170165429","170165733","9","10903512"
"chr5","159267342","159267632","chr5","170170899","170171196","8","10903557"
"chr5","159287038","159287334","chr5","170191424","170191716","14","10904386"
"chr5","159759971","159760252","chr5","170658347","170658630","6","10898376"
"chr5","160038349","160038638","chr5","170939148","170939440","9","10900799"
"chr5","160103717","160104007","chr5","171004090","171004382","32","10900373"
"chr5","160105326","160105637","chr5","171005352","171005656","17","10900026"
"chr5","160186649","160186935","chr5","171085025","171085311","6","10898376"
"chr5","160275240","160275576","chr5","171170473","171170778","34","10895233"
"chr5","160325838","160326130","chr5","171221260","171221552","6","10895422"
"chr5","160459521","160459818","chr5","15489130","15489426","40","144970391"
"chr5","160965579","160965833","chr15","104421521","104421783","39","56544058"
"chr5","161072311","161072485","chr15","10592958","10593137","31","150479353"
"chr5","161076386","161076686","chr5","84621454","84621751","49","76454932"
"chr5","161124264","161124578","chr13","54790758","54791064","39","106333506"
"chr5","161291267","161291589","chr17","54300989","54301303","44","106990278"
"chr5","161375401","161375700","chr7","119945335","119945628","43","41430066"
"chr5","161484141","161484442","chr5","172341877","172342176","9","10857736"
"chr5","161528617","161528922","chr5","172386438","172386739","19","10857821"
"chr5","161531151","161531457","chr5","172388757","172389063","14","10857606"
"chr5","161726598","161726857","chr5","172599155","172599416","19","10872557"
"chr5","161833114","161833420","chr15","104189456","104189762","43","57643658"
"chr5","161834380","161834680","chr5","172705991","172706283","15","10871611"
"chr5","161886088","161886397","chr5","172758095","172758398","14","10872007"
"chr5","162127707","162128013","chr5","172997443","172997747","5","10869736"
"chr5","162328717","162328989","chr1","45152436","45152707","14","117176281"
"chr5","162444113","162444393","chr5","173316221","173316502","7","10872108"
"chr5","162456672","162456962","chr5","173329115","173329410","17","10872443"
"chr5","162507313","162507613","chr5","173379754","173380054","6","10872441"
"chr5","162604965","162605266","chr5","173476764","173477062","8","10871799"
"chr5","162653937","162654236","chr16","40741110","40741408","30","121912827"
"chr5","162745500","162745795","chr5","173616849","173617146","20","10871349"
"chr5","162866666","162866971","chr15","104076648","104076952","32","58790018"
"chr5","162871997","162872301","chr5","173744367","173744675","13","10872370"
"chr5","162941863","162942152","chr3","123307384","123307668","47","39634479"
"chr5","163101563","163101865","chr5","173969840","173970146","10","10868277"
"chr5","163153288","163153583","chr5","174021775","174022071","5","10868487"
"chr5","163190328","163190588","chr5","174059497","174059755","6","10869169"
"chr5","163408004","163408316","chr5","174335077","174335386","17","10927073"
"chr5","163409974","163410277","chr5","174337053","174337360","10","10927079"
"chr5","163445556","163445830","chr5","174372858","174373139","11","10927302"
"chr5","163561648","163561936","chr5","174493456","174493750","10","10931808"
"chr5","163661995","163662293","chr5","174643001","174643301","12","10981006"
"chr5","163776579","163776876","chr5","174756733","174757032","13","10980154"
"chr5","163852704","163853003","chr16","44843324","44843627","41","119009380"
"chr5","163867747","163868037","chr13","55496153","55496444","42","108371594"
"chr5","164181059","164181316","chr6","75685290","75685550","47","88495769"
"chr5","164207204","164207491","chr12","124470788","124471077","39","39736416"
"chr5","164467540","164467843","chr5","175515856","175516159","8","11048316"
"chr5","164621962","164622255","chr19","33673355","33673647","30","130948607"
"chr5","164624417","164624693","chr5","175682663","175682939","11","11058246"
"chr5","164647524","164647820","chr5","175708183","175708473","14","11060659"
"chr5","164730351","164730650","chr5","175795489","175795794","9","11065138"
"chr5","164857818","164858116","chr5","97857855","97858155","39","66999963"
"chr5","164894179","164894470","chr5","175963174","175963469","11","11068995"
"chr5","164936702","164936977","chr5","176005588","176005863","4","11068886"
"chr5","164947443","164947751","chr5","176016147","176016454","23","11068704"
"chr5","164981742","164982006","chr5","176048494","176048758","12","11066752"
"chr5","164987942","164988241","chr5","176054699","176054994","10","11066757"
"chr5","164991669","164991963","chr20","28912825","28913117","38","136078844"
"chr5","165039108","165039358","chr5","176106549","176106799","3","11067441"
"chr5","165132198","165132501","chr16","57736218","57736518","37","107395980"
"chr5","165150722","165151024","chr5","176217135","176217435","9","11066413"
"chr5","165221510","165221782","chr5","176293182","176293454","3","11071672"
"chr5","165246927","165247205","chr20","28758611","28758889","39","136488316"
"chr5","165267879","165268185","chr5","176335317","176335644","24","11067438"
"chr5","165350984","165351287","chr5","176418128","176418422","14","11067144"
"chr5","165510934","165511214","chr5","176592480","176592762","10","11081546"
"chr5","165572536","165572847","chr5","176654220","176654534","33","11081684"
"chr5","165647455","165647759","chrX","128903017","128903324","44","36744438"
"chr5","165769073","165769367","chr1","115655199","115655492","28","50113874"
"chr5","165899284","165899582","chr5","176992829","176993139","24","11093545"
"chr5","165912102","165912404","chr10","30357621","30357916","42","135554481"
"chr5","165995605","165995891","chr5","177092142","177092427","5","11096537"
"chr5","166217322","166217627","chr5","177319143","177319423","34","11101821"
"chr5","166383818","166384115","chr5","177487215","177487511","7","11103397"
"chr5","166430141","166430431","chr5","177533279","177533570","7","11103138"
"chr5","166545237","166545536","chr5","177653948","177654251","21","11108711"
"chr5","166546208","166546513","chr5","177654922","177655227","16","11108714"
"chr5","166646276","166646585","chr1","12281473","12281782","40","154364803"
"chr5","166703829","166704141","chr5","177812329","177812631","21","11108500"
"chr5","166717952","166718262","chr5","177826449","177826723","49","11108497"
"chr5","166871254","166871545","chr5","177968972","177969263","6","11097718"
"chr5","166931281","166931577","chr6","131966421","131966716","22","34964860"
"chr5","166964923","166965222","chr1","26970551","26970850","38","139994372"
"chr5","167011866","167012162","chr5","178101389","178101687","11","11089523"
"chr5","167226184","167226485","chr5","178315461","178315762","13","11089277"
"chr5","167238142","167238433","chr5","178328975","178329264","8","11090833"
"chr5","167454001","167454294","chr5","178629753","178630042","7","11175752"
"chr5","167563915","167564223","chr5","178740563","178740842","39","11176648"
"chr5","167588584","167588891","chr5","178768408","178768715","7","11179824"
"chr5","167622864","167623171","chr16","45883654","45883959","39","121739210"
"chr5","167637055","167637352","chr5","173476764","173477062","39","5839709"
"chr5","167680241","167680534","chr5","178877150","178877447","10","11196909"
"chr5","167709301","167709584","chr5","178906765","178907048","8","11197464"
"chr5","167771545","167771834","chr5","178968603","178968904","24","11197058"
"chr5","167969558","167969858","chr2","142744283","142744586","41","25225275"
"chr5","168075970","168076282","chr5","179242747","179243024","38","11166777"
"chr5","168141713","168141994","chr6","141141402","141141685","40","27000311"
"chr5","168246547","168246849","chr5","179416912","179417203","21","11170365"
"chr5","168396567","168396869","chr5","179565036","179565338","7","11168469"
"chr5","168577690","168577993","chr5","179743352","179743658","7","11165662"
"chr5","168593927","168594233","chr5","179759789","179760097","9","11165862"
"chr5","168603387","168603693","chr5","179769246","179769547","21","11165859"
"chr5","168704111","168704412","chr5","179869700","179869986","24","11165589"
"chr5","168762962","168763205","chr3","183722317","183722569","38","14959355"
"chr5","169078496","169078795","chr5","180251876","180252177","8","11173380"
"chr5","169100057","169100351","chr5","180273422","180273716","5","11173365"
"chr5","169101347","169101650","chr5","180274708","180275009","18","11173361"
"chr5","169129857","169130165","chr5","180303453","180303779","32","11173596"
"chr5","169292710","169292988","chr5","180465096","180465386","28","11172386"
"chr5","169767176","169767482","chr5","180937862","180938168","6","11170686"
"chr5","170016926","170017228","chr5","181183388","181183697","23","11166462"
"chr5","170213493","170213804","chr5","181382406","181382684","42","11168913"
"chr5","170365947","170366207","chr5","181535511","181535771","2","11169564"
"chr5","170430471","170430773","chrX","128591335","128591644","42","41839136"
"chr5","170697924","170698205","chr5","181873785","181874069","10","11175861"
"chr5","170825698","170826002","chr5","182002914","182003209","12","11177216"
"chr5","171069320","171069625","chr5","182248273","182248578","7","11178953"
"chr5","171178500","171178794","chr5","182359995","182360290","4","11181495"
"chr5","171207981","171208289","chr5","182390657","182390965","14","11182676"
"chr5","171321958","171322267","chr5","182503871","182504181","8","11181913"
"chr5","171451596","171451887","chr5","182634631","182634917","15","11183035"
"chr5","171468219","171468491","chr5","182651316","182651588","2","11183097"
"chr5","171645695","171645995","chr5","182828479","182828777","7","11182784"
"chr5","171662360","171662625","chr5","182845966","182846231","3","11183606"
"chr5","171818116","171818395","chr5","183003718","183004004","19","11185602"
"chr5","171846499","171846802","chrX","124074212","124074507","59","47772287"
"chr5","172067767","172068068","chr5","183360783","183361061","26","11293016"
"chr5","172164133","172164442","chr5","183457485","183457794","7","11293352"
"chr5","172223415","172223701","chr5","183516772","183517064","12","11293357"
"chr5","172232556","172232860","chr5","183525579","183525869","17","11293023"
"chr5","172361885","172362139","chr5","183655262","183655523","10","11293377"
"chr5","172422465","172422706","chr6","179384905","179385146","34","6962440"
"chr5","172439308","172439596","chr5","183733050","183733338","3","11293742"
"chr5","172467248","172467524","chr5","183761335","183761594","20","11294087"
"chr5","172548672","172548948","chr5","183846649","183846925","6","11297977"
"chr5","172562069","172562347","chr5","183860617","183860895","4","11298548"
"chr5","172564387","172564684","chr5","183862934","183863230","4","11298547"
"chr5","172569368","172569650","chr5","183867914","183868196","3","11298546"
"chr5","172590525","172590804","chr5","183888047","183888324","6","11297522"
"chr5","172725618","172725910","chr5","184024426","184024718","8","11298808"
"chr5","172743511","172743574","chr5","2745585","2745646","14","169997926"
"chr5","172744106","172744357","chr16","43972596","43972843","38","128771510"
"chr5","172755730","172756044","chr5","184052598","184052911","6","11296868"
"chr5","172769439","172769729","chr11","94996337","94996634","40","77773102"
"chr5","172904133","172904442","chr2","94680090","94680393","42","78224043"
"chr5","172977803","172978097","chr1","63216852","63217153","44","109760951"
"chr5","173033524","173033808","chr5","184337337","184337621","7","11303813"
"chr5","173064803","173065136","chr9","34810780","34811111","59","138254023"
"chr5","173067013","173067314","chr8","44905839","44906138","38","128161174"
"chr5","173069778","173070070","chr5","184376156","184376452","5","11306378"
"chr5","173075262","173075513","chr5","184381636","184381890","3","11306374"
"chr5","173444028","173444333","chr5","184783674","184783978","7","11339646"
"chr5","173475865","173476198","chr5","184816115","184816448","11","11340250"
"chr5","173636600","173636901","chr16","53122406","53122707","32","120514194"
"chr5","173650136","173650415","chr5","184995647","184995948","29","11345511"
"chr5","173652168","173652455","chr5","184997676","184997963","6","11345508"
"chr5","173661013","173661300","chr5","185007028","185007315","3","11346015"
"chr5","173669248","173669543","chr5","185014920","185015220","17","11345672"
"chr5","173714574","173714847","chr7","13939704","13939993","44","159774870"
"chr5","173716056","173716362","chr5","185063062","185063369","4","11347006"
"chr5","173731136","173731423","chr5","185077553","185077840","6","11346417"
"chr5","173777283","173777586","chr5","185122362","185122664","10","11345079"
"chr5","173790012","173790307","chr6","14181448","14181741","32","159608564"
"chr5","173888963","173889261","chr5","185235513","185235813","7","11346550"
"chr5","174043813","174044111","chr7","6595521","6595820","35","167448292"
"chr5","174185328","174185615","chr5","185531745","185532032","21","11346417"
"chr5","174208887","174209197","chr8","129149676","129149980","34","45059211"
"chr5","174255116","174255412","chr5","185600645","185600941","3","11345529"
"chr5","174417861","174418124","chr5","185763970","185764233","6","11346109"
"chr5","174445823","174446121","chrX","91580819","91581111","36","82865004"
"chr5","174524723","174525025","chr3","16359605","16359908","35","158165118"
"chr5","174530183","174530462","chr5","185881755","185882034","15","11351572"
"chr5","174544121","174544415","chr5","185895571","185895858","15","11351450"
"chr5","174625668","174625977","chr5","185980365","185980679","16","11354697"
"chr5","174769573","174769883","chr5","186131225","186131534","17","11361652"
"chr5","174822312","174822604","chr4","133204273","133204566","9","41618039"
"chr5","174960296","174960548","chr5","186381170","186381423","7","11420874"
"chr5","175023668","175023975","chr5","186442353","186442676","22","11418685"
"chr5","175056064","175056336","chr5","186474664","186474937","10","11418600"
"chr5","175094575","175094866","chr2","106410141","106410433","45","68684434"
"chr5","175099592","175099890","chr5","186519501","186519796","15","11419909"
"chr5","175123264","175123543","chr18","25230528","25230810","41","149892736"
"chr5","175124332","175124620","chr5","186543834","186544130","28","11419502"
"chr5","175125995","175126288","chr3","155832002","155832298","30","19293993"
"chr5","175182113","175182405","chr5","186601644","186601936","6","11419531"
"chr5","175197667","175197978","chr9","92574925","92575229","41","82622742"
"chr5","175231784","175232078","chr5","186647167","186647457","15","11415383"
"chr5","175306227","175306521","chr5","186737778","186738070","6","11431551"
"chr5","175310319","175310623","chr5","121761922","121762226","42","53548397"
"chr5","175364753","175365051","chr5","186797520","186797819","9","11432767"
"chr5","175421045","175421327","chr1","34227169","34227449","36","141193876"
"chr5","175456930","175457242","chr1","25653768","25654072","42","149803162"
"chr5","175473540","175473839","chr5","186931199","186931494","16","11457659"
"chr5","175495900","175496150","chr5","186953621","186953872","6","11457721"
"chr5","175543319","175543593","chr6","166752899","166753171","33","8790420"
"chr5","175560424","175560745","chr5","187019966","187020259","32","11459542"
"chr5","175839490","175839783","chr2","93185519","93185812","27","82653971"
"chr5","175840684","175840986","chr5","187294976","187295277","10","11454292"
"chr5","176416896","176417189","chr19","34325855","34326151","48","142091041"
"chr5","176516229","176516506","chr5","187971465","187971742","5","11455236"
"chr5","176530761","176531032","chr1","22358368","22358644","59","154172393"
"chr5","176535021","176535328","chr5","187990566","187990873","10","11455545"
"chr5","176590152","176590450","chr5","188045481","188045778","8","11455329"
"chr5","176636072","176636352","chr8","76413611","76413891","32","100222461"
"chr5","176728206","176728505","chr5","188182775","188183075","7","11454569"
"chr5","176851550","176851847","chr5","188432674","188432971","5","11581124"
"chr5","176860444","176860769","chr5","188441572","188441893","12","11581128"
"chr5","176892069","176892377","chr5","188477711","188478019","8","11585642"
"chr5","176906189","176906493","chr5","188490504","188490791","21","11584315"
"chr5","176915473","176915768","chr18","34881303","34881600","49","142034170"
"chr5","176946041","176946343","chr5","188533510","188533801","15","11587469"
"chr5","176950035","176950335","chr5","188537487","188537796","14","11587452"
"chr5","176968845","176969139","chr2","110547922","110548217","42","66420923"
"chr5","176975720","176976028","chr5","188562132","188562437","13","11586412"
"chr5","176986762","176987040","chr8","45327517","45327808","45","131659245"
"chr5","176988865","176989166","chrX","88448095","88448397","37","88540770"
"chr5","176993480","176993750","chr5","188580803","188581069","18","11587323"
"chr5","177000433","177000737","chr15","1403032","1403335","47","175597401"
"chr5","177052393","177052687","chr5","188639552","188639848","14","11587159"
"chr5","177057129","177057422","chr5","188646302","188646596","11","11589173"
"chr5","177107602","177107879","chr5","188699704","188699981","5","11592102"
"chr5","177137167","177137472","chr5","23688318","23688627","39","153448849"
"chr5","177143146","177143457","chr1","86991391","86991700","45","90151755"
"chr5","177150913","177151211","chr5","188740526","188740820","17","11589613"
"chr5","177182685","177182984","chr5","188771772","188772069","13","11589087"
"chr5","177186235","177186528","chrX","113265218","113265509","41","63921017"
"chr5","177187120","177187411","chr1","54194492","54194783","36","122992628"
"chr5","177196930","177197231","chr5","188785365","188785649","35","11588435"
"chr5","177233049","177233356","chr5","188854058","188854356","14","11621009"
"chr5","177259633","177259930","chr5","188881070","188881361","11","11621437"
"chr5","177338594","177338892","chr9","92895163","92895462","35","84443431"
"chr5","177378924","177379190","chr5","189004506","189004775","10","11625582"
"chr5","177415000","177415308","chr5","189040945","189041228","28","11625945"
"chr5","177424656","177424949","chr5","189050608","189050902","24","11625952"
"chr5","177433815","177434113","chr3","9967751","9968055","49","167466064"
"chr5","177477182","177477478","chr5","189095166","189095464","7","11617984"
"chr5","177491333","177491626","chr5","189109745","189110038","6","11618412"
"chr5","177590242","177590370","chr5","189208379","189208507","6","11618137"
"chr5","177867335","177867637","chr7","155089098","155089402","33","22778237"
"chr5","177931564","177931865","chr5","189545835","189546133","8","11614271"
"chr5","178026186","178026470","chr7","13939704","13939993","35","164086482"
"chr5","178083628","178083933","chr11","94996337","94996634","48","83087291"
"chr5","178204580","178204882","chr5","189834965","189835267","21","11630385"
"chr5","178206080","178206200","chr5","189836456","189836574","8","11630376"
"chr5","178315725","178316033","chr5","189946253","189946555","9","11630528"
"chr5","178405827","178406127","chr5","190036535","190036832","8","11630708"
"chr5","178461998","178462244","chr17","94696651","94696900","39","83765347"
"chr5","178470678","178470969","chr16","49900376","49900667","38","128570302"
"chr5","178611906","178612199","chr5","190240445","190240739","2","11628539"
"chr5","178694983","178695282","chr5","190325351","190325634","22","11630368"
"chr6","36700056","36700306","chr16","8487212","8487465","33","28212844"
"chr6","51773242","51773505","chr6","56641168","56641431","8","4867926"
"chr6","54657014","54657309","chr16","62065069","62065362","33","7408055"
"chr6","98959206","98959475","chr6","102644327","102644553","46","3685121"
"chr6","84069","84365","chr6","272237","272533","8","188168"
"chr6","107464","107770","chr2","178100639","178100944","45","177993175"
"chr6","114908","115211","chr6","304437","304739","4","189529"
"chr6","165737","165960","chr6","355503","355726","8","189766"
"chr6","243421","243722","chr2","161960788","161961087","34","161717367"
"chr6","509964","510269","chr6","699416","699721","8","189452"
"chr6","640087","640390","chr6","837021","837324","3","196934"
"chr6","1217720","1218024","chr6","1421795","1422093","13","204075"
"chr6","1227775","1228055","chr6","1432158","1432437","13","204383"
"chr6","1349176","1349479","chr6","141974","142276","17","1207202"
"chr6","1350413","1350709","chr16","31291022","31291318","35","29940609"
"chr6","1405709","1405957","chr6","81031","81278","18","1324678"
"chr6","1846894","1847191","chr6","1843108","1843405","18","3786"
"chr6","1949015","1949276","chr6","1940317","1940574","12","8698"
"chr6","2041719","2042020","chr6","2033070","2033368","14","8649"
"chr6","2079617","2079918","chr1","155684536","155684837","41","153604919"
"chr6","2188091","2188400","chr9","94190632","94190943","33","92002541"
"chr6","2287389","2287680","chr6","2280875","2281162","12","6514"
"chr6","2407073","2407339","chr4","117420368","117420632","40","115013295"
"chr6","2530883","2531090","chr6","2546701","2546908","2","15818"
"chr6","2625636","2625944","chr6","2641533","2641840","7","15897"
"chr6","2652644","2652929","chr6","2672438","2672717","12","19794"
"chr6","2659491","2659802","chr6","2679294","2679601","15","19803"
"chr6","2744832","2745131","chr6","2767352","2767649","10","22520"
"chr6","2862085","2862352","chr1","219253349","219253620","44","216391264"
"chr6","2895333","2895639","chr6","2919009","2919316","8","23676"
"chr6","3071791","3072093","chr6","3093482","3093784","7","21691"
"chr6","3438572","3438848","chr6","3513719","3513999","18","75147"
"chr6","3587507","3587785","chr6","3656024","3656302","3","68517"
"chr6","3597160","3597471","chr6","3664775","3665084","12","67615"
"chr6","3776074","3776376","chr13","43474471","43474778","40","39698397"
"chr6","3966039","3966348","chr5","111734318","111734626","44","107768279"
"chr6","4054474","4054782","chr1","57489251","57489558","36","53434777"
"chr6","4436294","4436603","chr6","4493458","4493768","6","57164"
"chr6","4468708","4468987","chr6","4525691","4525980","20","56983"
"chr6","4814493","4814810","chr9","38884848","38885156","44","34070355"
"chr6","5138458","5138744","chr11","15124057","15124349","41","9985599"
"chr6","5302200","5302475","chr9","93084905","93085175","42","87782705"
"chr6","5576565","5576859","chr5","1803150","1803442","40","3773415"
"chr6","5628365","5628663","chr2","83776849","83777154","51","78148484"
"chr6","5873183","5873453","chr6","5946651","5946918","8","73468"
"chr6","6110489","6110762","chr10","84786278","84786557","43","78675789"
"chr6","6194406","6194547","chr9","92874873","92875014","51","86680467"
"chr6","6335015","6335310","chr16","62956126","62956420","34","56621111"
"chr6","7099858","7100027","chr6","7244769","7244938","1","144911"
"chr6","7109485","7109786","chr6","7254097","7254397","10","144612"
"chr6","7411511","7411809","chr18","34881303","34881600","38","27469792"
"chr6","7442316","7442623","chr6","7617054","7617357","10","174738"
"chr6","7450977","7451283","chr6","7625862","7626185","29","174885"
"chr6","7489011","7489348","chr6","7663910","7664201","50","174899"
"chr6","7910029","7910332","chr6","8066292","8066588","30","156263"
"chr6","8657080","8657357","chr6","8896231","8896530","27","239151"
"chr6","8763501","8763808","chr6","9001387","9001699","9","237886"
"chr6","8920924","8921203","chr6","9158138","9158414","10","237214"
"chr6","8952941","8953233","chr6","9189978","9190272","19","237037"
"chr6","9153230","9153531","chr6","39093879","39094180","29","29940649"
"chr6","9193924","9194220","chr6","9426172","9426474","13","232248"
"chr6","9236814","9237118","chr4","42837726","42838032","46","33600912"
"chr6","9263649","9263918","chr6","9496945","9497214","4","233296"
"chr6","9271466","9271766","chr6","9504751","9505053","22","233285"
"chr6","9383383","9383680","chr1","109940155","109940440","49","100556772"
"chr6","9675009","9675323","chr6","9938394","9938673","42","263385"
"chr6","9683431","9683736","chr6","9946812","9947108","14","263381"
"chr6","9835487","9835795","chr6","10101856","10102151","15","266369"
"chr6","10015652","10015945","chr6","10287312","10287604","9","271660"
"chr6","10021436","10021745","chr6","10292728","10293037","5","271292"
"chr6","10030437","10030706","chr6","158407589","158407861","36","148377152"
"chr6","10072276","10072585","chr6","10343118","10343425","11","270842"
"chr6","10087752","10088050","chr6","10357959","10358258","4","270207"
"chr6","10160411","10160634","chr6","10430043","10430253","16","269632"
"chr6","10219743","10219982","chr6","10489198","10489435","6","269455"
"chr6","10291489","10291790","chr5","101987922","101988216","49","91696433"
"chr6","10330574","10330836","chr6","10602076","10602366","35","271502"
"chr6","10416433","10416741","chrX","128903017","128903324","34","118486584"
"chr6","10792664","10792958","chr1","81764535","81764830","33","70971871"
"chr6","10941819","10942116","chr6","11215571","11215869","9","273752"
"chr6","11046489","11046792","chr6","11320133","11320444","14","273644"
"chr6","11062748","11063012","chr11","4511234","4511499","39","6551514"
"chr6","11205720","11205995","chr1","166222810","166223093","42","155017090"
"chr6","11357399","11357701","chr6","11632986","11633288","7","275587"
"chr6","11390836","11391040","chr8","38542471","38542667","33","27151635"
"chr6","11415276","11415567","chr1","39329820","39330106","46","27914544"
"chr6","11455378","11455620","chr6","11731531","11731766","18","276153"
"chr6","11477507","11477788","chr1","34227169","34227449","33","22749662"
"chr6","11491743","11492057","chr6","11769091","11769405","9","277348"
"chr6","11549770","11549866","chr6","11827478","11827574","1","277708"
"chr6","11669904","11670210","chr6","11942914","11943219","5","273010"
"chr6","11777488","11777761","chr6","12051404","12051688","19","273916"
"chr6","11991666","11991951","chr7","112738471","112738757","33","100746805"
"chr6","12509411","12509710","chr6","12736449","12736743","7","227038"
"chr6","12521847","12522094","chr6","12763506","12763769","19","241659"
"chr6","12549289","12549594","chr6","12791151","12791456","4","241862"
"chr6","12734721","12735019","chr6","12977479","12977777","4","242758"
"chr6","12870696","12870836","chr4","54484898","54485037","14","41614202"
"chr6","12921084","12921301","chr3","4986582","4986797","28","7934502"
"chr6","13043874","13044176","chr1","42433003","42433300","32","29389129"
"chr6","13246975","13247280","chr6","13601814","13602119","1","354839"
"chr6","13340608","13340871","chr6","13689758","13690028","10","349150"
"chr6","13365440","13365718","chr6","13714903","13715183","8","349463"
"chr6","13744385","13744671","chr6","14086371","14086657","7","341986"
"chr6","13833791","13833938","chr6","14179218","14179365","2","345427"
"chr6","13836019","13836324","chr6","14181448","14181741","16","345429"
"chr6","13849808","13850098","chr2","106222108","106222394","34","92372300"
"chr6","14031042","14031351","chr6","14419215","14419526","11","388173"
"chr6","14082452","14082758","chr6","14470609","14470915","5","388157"
"chr6","14448018","14448314","chr6","14837424","14837721","8","389406"
"chr6","14535511","14535799","chr6","14925470","14925759","4","389959"
"chr6","14557502","14557798","chr17","3534031","3534326","32","11023471"
"chr6","14628129","14628421","chr6","15017849","15018136","9","389720"
"chr6","14664289","14664581","chr9","114866877","114867165","42","100202588"
"chr6","14909581","14909872","chr6","15309324","15309615","6","399743"
"chr6","14959101","14959406","chr6","15359190","15359491","7","400089"
"chr6","15097949","15098216","chr6","15546870","15547125","17","448921"
"chr6","15748001","15748273","chr1","10606583","10606867","55","5141418"
"chr6","15755731","15756034","chr6","16225292","16225593","18","469561"
"chr6","15935673","15935964","chr6","16406133","16406427","12","470460"
"chr6","16039066","16039370","chr6","16508864","16509168","3","469798"
"chr6","16076291","16076595","chr6","16547005","16547310","9","470714"
"chr6","16303741","16304049","chr6","16771303","16771606","14","467562"
"chr6","16372758","16373067","chr15","25147213","25147522","34","8774455"
"chr6","16551688","16551939","chr1","64050672","64050925","35","47498984"
"chr6","16661743","16662062","chr6","17131439","17131740","22","469696"
"chr6","16671762","16672042","chr6","17142594","17142875","9","470832"
"chr6","16709886","16710180","chr6","17177879","17178171","8","467993"
"chr6","16710761","16711028","chr6","17178751","17179021","6","467990"
"chr6","16752628","16752933","chr6","17220548","17220850","7","467920"
"chr6","16766306","16766590","chr6","17234467","17234751","3","468161"
"chr6","16791194","16791481","chr6","17259538","17259809","22","468344"
"chr6","16825319","16825614","chr6","17292996","17293291","2","467677"
"chr6","16833291","16833594","chr6","17300741","17301063","30","467450"
"chr6","16853629","16853928","chr6","17317631","17317934","27","464002"
"chr6","16855319","16855592","chr6","17319313","17319584","5","463994"
"chr6","16870510","16870811","chr4","54087285","54087583","37","37216775"
"chr6","16872019","16872309","chr6","17336928","17337217","5","464909"
"chr6","16967202","16967481","chr8","76413611","76413891","32","59446409"
"chr6","16973409","16973702","chr6","17440492","17440785","12","467083"
"chr6","16991319","16991604","chr6","17459058","17459337","14","467739"
"chr6","16993807","16994104","chr1","52495073","52495372","36","35501266"
"chr6","17027608","17027920","chr6","17497125","17497434","10","469517"
"chr6","17043628","17043910","chr11","133223692","133223973","41","116180064"
"chr6","17047463","17047755","chr12","68292444","68292736","35","51244981"
"chr6","17048576","17048860","chr6","17518123","17518408","3","469547"
"chr6","17054332","17054639","chr4","36350234","36350532","45","19295902"
"chr6","17090824","17091117","chr6","17561143","17561443","13","470319"
"chr6","17138786","17139047","chr6","17606913","17607178","11","468127"
"chr6","17283554","17283869","chr6","17758182","17758493","16","474628"
"chr6","17304227","17304523","chr6","17778421","17778714","11","474194"
"chr6","17344205","17344457","chr6","17817589","17817840","9","473384"
"chr6","17407324","17407457","chr19","11264737","11264870","12","6142587"
"chr6","17515839","17516139","chr12","9696278","9696587","38","7819561"
"chr6","17577258","17577557","chr10","13433571","13433864","38","4143687"
"chr6","17612153","17612457","chr6","18155844","18156142","12","543691"
"chr6","17622408","17622716","chr4","157336957","157337266","38","139714549"
"chr6","17771657","17771903","chr6","18312636","18312882","4","540979"
"chr6","17858488","17858758","chr6","18401640","18401909","8","543152"
"chr6","17880989","17881274","chr6","18424368","18424651","7","543379"
"chr6","17976021","17976335","chr6","18578527","18578864","29","602506"
"chr6","18342887","18343184","chr6","18947156","18947451","13","604269"
"chr6","18738780","18739060","chr4","43607324","43607604","45","24868544"
"chr6","18758200","18758507","chr6","19342149","19342446","13","583949"
"chr6","18777632","18777927","chr6","19362199","19362496","9","584567"
"chr6","19157145","19157438","chr9","17622895","17623191","34","1534250"
"chr6","19594079","19594345","chr6","20187731","20187997","9","593652"
"chr6","19743440","19743742","chr1","31212498","31212798","39","11469058"
"chr6","19922367","19922652","chr6","20514219","20514501","7","591852"
"chr6","19972631","19972932","chr6","20572118","20572415","37","599487"
"chr6","20193570","20193864","chr6","20796266","20796572","28","602696"
"chr6","20377088","20377377","chr6","20988308","20988597","10","611220"
"chr6","20479338","20479626","chr2","189775345","189775633","44","169296007"
"chr6","20690184","20690424","chr6","75910223","75910465","37","55220039"
"chr6","20878840","20879096","chr6","21482320","21482579","6","603480"
"chr6","20892390","20892670","chr6","21495842","21496132","11","603452"
"chr6","20984292","20984599","chr4","157336957","157337266","36","136352665"
"chr6","21074468","21074736","chr6","21680096","21680365","5","605628"
"chr6","21077300","21077612","chr6","21682925","21683236","8","605625"
"chr6","21086256","21086560","chr6","21692128","21692429","9","605872"
"chr6","21490421","21490722","chr6","22088123","22088430","21","597702"
"chr6","21532766","21533016","chr6","83118084","83118330","43","61585318"
"chr6","21591358","21591655","chr6","22190865","22191159","9","599507"
"chr6","21960531","21960826","chr6","22579357","22579651","11","618826"
"chr6","21966181","21966462","chr6","22586080","22586361","4","619899"
"chr6","22063031","22063340","chr6","22718309","22718612","16","655278"
"chr6","22125960","22126258","chr6","22785877","22786170","11","659917"
"chr6","22179222","22179539","chr3","30115080","30115399","40","7935858"
"chr6","22466284","22466575","chr6","23119860","23120151","6","653576"
"chr6","22546470","22546767","chr6","23204039","23204310","35","657569"
"chr6","22590848","22591151","chr3","166477634","166477937","39","143886786"
"chr6","22714274","22714577","chr6","23380538","23380841","3","666264"
"chr6","22818904","22819180","chr6","23490918","23491220","38","672014"
"chr6","22905726","22906012","chr1","95741264","95741537","49","72835538"
"chr6","23057748","23058062","chr6","23728157","23728469","14","670409"
"chr6","23099405","23099701","chr6","23765907","23766206","33","666502"
"chr6","23186738","23187030","chr6","23859288","23859571","19","672550"
"chr6","23313257","23313554","chr6","23984586","23984883","9","671329"
"chr6","23348155","23348462","chr6","24019153","24019461","8","670998"
"chr6","23452200","23452495","chr6","24124604","24124902","9","672404"
"chr6","23532635","23532886","chr6","24212561","24212812","7","679926"
"chr6","23554476","23554778","chr4","25175299","25175600","44","1620823"
"chr6","23622642","23622934","chr6","24289678","24289970","7","667036"
"chr6","23778878","23779195","chr6","24413909","24414218","12","635031"
"chr6","24031425","24031732","chr9","58869898","58870204","42","34838473"
"chr6","24141901","24142175","chr1","93400729","93401016","58","69258828"
"chr6","24303671","24303979","chr7","152675411","152675718","41","128371740"
"chr6","24319923","24320220","chr1","52311437","52311735","35","27991514"
"chr6","24454558","24454810","chr7","109174017","109174270","40","84719459"
"chr6","25060653","25060932","chr6","25743656","25743931","9","683003"
"chr6","25196993","25197270","chr7","138974415","138974693","33","113777422"
"chr6","25401405","25401710","chr11","55238506","55238805","44","29837101"
"chr6","25516340","25516633","chr6","26193776","26194070","2","677436"
"chr6","25546909","25547213","chr6","26224250","26224549","14","677341"
"chr6","25749208","25749483","chr6","26421244","26421519","5","672036"
"chr6","25765242","25765545","chr6","26437251","26437550","13","672009"
"chr6","25803152","25803435","chr6","26475758","26476061","29","672606"
"chr6","26448634","26448880","chr6","27200367","27200572","46","751733"
"chr6","26744478","26744774","chr6","27551684","27551986","15","807206"
"chr6","26811980","26812275","chr6","27620973","27621268","15","808993"
"chr6","27284361","27284646","chr6","28148053","28148337","11","863692"
"chr6","27500468","27500773","chr6","28359790","28360087","24","859322"
"chr6","27603738","27604001","chr3","151142571","151142852","57","123538833"
"chr6","27767103","27767383","chr6","28633839","28634129","24","866736"
"chr6","27783749","27784003","chr6","28651424","28651701","27","867675"
"chr6","27904206","27904490","chr6","28797689","28797978","10","893483"
"chr6","28049534","28049836","chr6","28936063","28936358","18","886529"
"chr6","28420867","28421142","chr6","29183852","29184158","41","762985"
"chr6","28445506","28445809","chr6","29198706","29199016","10","753200"
"chr6","28447136","28447410","chr8","76413611","76413891","45","47966475"
"chr6","28872827","28873112","chr6","29630866","29631155","10","758039"
"chr6","28923986","28924311","chr6","29684482","29684767","47","760496"
"chr6","28928530","28928809","chr6","29689031","29689310","8","760501"
"chr6","28937310","28937585","chr6","29697715","29697990","7","760405"
"chr6","28938062","28938364","chr6","29698475","29698770","14","760413"
"chr6","28995666","28995973","chr6","29832006","29832315","19","836340"
"chr6","29237972","29238273","chr13","3139330","3139635","32","26098642"
"chr6","29270333","29270630","chr6","30113451","30113748","4","843118"
"chr6","29305177","29305468","chr6","30145074","30145354","20","839897"
"chr6","29313034","29313336","chr6","30152673","30152980","17","839639"
"chr6","29441271","29441520","chr6","30293237","30293486","9","851966"
"chr6","29654295","29654580","chr6","30506976","30507261","10","852681"
"chr6","29684228","29684517","chr6","30537062","30537344","14","852834"
"chr6","29896820","29897117","chr6","30761307","30761611","26","864487"
"chr6","29968461","29968742","chr6","30828280","30828587","31","859819"
"chr6","30299375","30299684","chr11","95682104","95682413","40","65382729"
"chr6","30660755","30661050","chr6","31530801","31531080","26","870046"
"chr6","30714110","30714416","chr6","31584630","31584935","8","870520"
"chr6","31147285","31147565","chr3","41728269","41728556","37","10580984"
"chr6","31216547","31216811","chr6","32098653","32098918","7","882106"
"chr6","31346988","31347288","chr6","32228849","32229149","7","881861"
"chr6","31407785","31408088","chr4","31898756","31899058","46","490971"
"chr6","31410152","31410475","chr6","32292007","32292312","23","881855"
"chr6","31425870","31426175","chr1","12361368","12361675","37","19064502"
"chr6","31443612","31443909","chr6","32325514","32325811","10","881902"
"chr6","31506449","31506757","chr19","46899570","46899877","31","15393121"
"chr6","31534337","31534468","chr6","32422597","32422728","1","888260"
"chr6","31540267","31540565","chr4","162725357","162725653","34","131185090"
"chr6","31553082","31553248","chr14","10246675","10246842","24","21306407"
"chr6","31599522","31599817","chr4","95782722","95783021","32","64183200"
"chr6","31612214","31612511","chr6","32502450","32502742","13","890236"
"chr6","31628624","31628933","chr4","61545545","61545847","34","29916921"
"chr6","31656677","31656979","chr7","62728692","62728990","43","31072015"
"chr6","31691137","31691416","chr6","32579190","32579473","10","888053"
"chr6","31718585","31718876","chr6","32608015","32608306","7","889430"
"chr6","31740036","31740322","chr6","32629988","32630286","20","889952"
"chr6","31762519","31762777","chr6","32651954","32652215","23","889435"
"chr6","31772520","31772830","chr6","32662014","32662306","22","889494"
"chr6","31783644","31783876","chr6","32673150","32673386","7","889506"
"chr6","31830604","31830900","chr4","28719545","28719847","35","3111059"
"chr6","31853529","31853819","chr6","32746270","32746566","14","892741"
"chr6","31897397","31897702","chr6","32789838","32790152","16","892441"
"chr6","31911923","31912241","chr6","32805478","32805800","34","893555"
"chr6","32014481","32014780","chr6","32903876","32904169","17","889395"
"chr6","32060327","32060614","chr6","32947213","32947496","6","886886"
"chr6","32080028","32080314","chr6","32965631","32965917","1","885603"
"chr6","32081127","32081399","chr6","32966732","32967025","30","885605"
"chr6","32088419","32088728","chr4","151149695","151150004","36","119061276"
"chr6","32093982","32094266","chr6","32977900","32978185","8","883918"
"chr6","32129643","32129927","chr6","33015113","33015398","9","885470"
"chr6","32139231","32139530","chr6","33024100","33024397","12","884869"
"chr6","32167178","32167480","chr6","33059755","33060056","6","892577"
"chr6","32168200","32168371","chr14","10246675","10246842","20","21921525"
"chr6","32169306","32169605","chr13","15809187","15809483","50","16360119"
"chr6","32237371","32237659","chr6","33128951","33129232","7","891580"
"chr6","32265896","32266211","chr6","33157981","33158294","5","892085"
"chr6","32274354","32274657","chr6","33166849","33167158","9","892495"
"chr6","32275028","32275256","chr6","33167532","33167760","2","892504"
"chr6","32345752","32346046","chr6","33238170","33238464","5","892418"
"chr6","32579418","32579715","chr6","33475705","33476011","14","896287"
"chr6","32971400","32971707","chr5","121801090","121801398","40","88829690"
"chr6","33063682","33063984","chr6","33970194","33970502","16","906512"
"chr6","33124671","33124958","chr6","34033207","34033497","6","908536"
"chr6","33149887","33150190","chr6","34058802","34059108","22","908915"
"chr6","33179241","33179539","chr6","34087029","34087322","8","907788"
"chr6","33233768","33234062","chr6","34151579","34151873","0","917811"
"chr6","33245250","33245517","chr5","50337088","50337332","64","17091838"
"chr6","33377773","33378056","chr6","34295881","34296161","7","918108"
"chr6","33439994","33440297","chr4","166322257","166322565","29","132882263"
"chr6","33674603","33674915","chr6","34594007","34594313","10","919404"
"chr6","33845032","33845340","chr6","34765822","34766100","36","920790"
"chr6","33861745","33861969","chr6","34782963","34783182","11","921218"
"chr6","33943172","33943481","chr6","34863861","34864169","11","920689"
"chr6","34024711","34025012","chr6","34946289","34946598","13","921578"
"chr6","34145034","34145334","chr6","35063138","35063438","7","918104"
"chr6","34165643","34165947","chr6","35084194","35084495","9","918551"
"chr6","34374815","34375100","chr6","35295259","35295542","10","920444"
"chr6","34379093","34379395","chr8","137149898","137150204","37","102770805"
"chr6","34494853","34495161","chr6","35432392","35432698","15","937539"
"chr6","34552218","34552505","chr6","35489927","35490214","1","937709"
"chr6","34642230","34642531","chr20","13845431","13845730","39","20796799"
"chr6","35026828","35027117","chr12","106224640","106224937","37","71197812"
"chr6","35066556","35066835","chr6","36004504","36004783","7","937948"
"chr6","35128946","35129244","chr6","36061531","36061845","20","932585"
"chr6","35343183","35343475","chrX","103806595","103806889","36","68463412"
"chr6","35487781","35488057","chr6","36410652","36410937","20","922871"
"chr6","35542892","35543170","chr6","36464846","36465128","9","921954"
"chr6","35771805","35772122","chr6","36695369","36695660","36","923564"
"chr6","35925993","35926285","chr6","36855921","36856214","9","929928"
"chr6","35993029","35993330","chr6","36916443","36916752","14","923414"
"chr6","36020065","36020363","chr6","36945061","36945355","12","924996"
"chr6","36042149","36042410","chr1","14456307","14456568","39","21585842"
"chr6","36250704","36251018","chr6","37174752","37175066","13","924048"
"chr6","36278015","36278302","chr6","37202032","37202319","6","924017"
"chr6","36471242","36471548","chr6","37396703","37397009","6","925461"
"chr6","36511359","36511666","chr6","37439683","37439990","6","928324"
"chr6","36527084","36527390","chr6","37455177","37455481","4","928093"
"chr6","36544120","36544415","chr6","37473487","37473778","11","929367"
"chr6","36645203","36645500","chr15","41751569","41751866","34","5106366"
"chr6","36690198","36690500","chr6","37622147","37622447","9","931949"
"chr6","36725911","36726210","chr3","2907703","2908000","35","33818208"
"chr6","36754081","36754362","chr1","224494182","224494450","58","187740101"
"chr6","36776123","36776433","chr2","149898568","149898873","45","113122445"
"chr6","36780672","36780967","chr6","37706689","37706984","5","926017"
"chr6","36782730","36783009","chr6","37708745","37709030","10","926015"
"chr6","36797001","36797271","chr6","37727500","37727772","2","930499"
"chr6","36812394","36812684","chr6","37756337","37756627","7","943943"
"chr6","36836952","36837238","chr6","37844998","37845284","5","1008046"
"chr6","36862596","36862762","chr6","37904981","37905150","4","1042385"
"chr6","36864592","36864867","chr6","37906535","37906811","3","1041943"
"chr6","36927323","36927632","chr6","37976401","37976710","5","1049078"
"chr6","36950567","36950872","chr6","38000607","38000894","22","1050040"
"chr6","37022287","37022596","chr6","38072320","38072629","7","1050033"
"chr6","37069967","37070270","chr6","38126385","38126688","10","1056418"
"chr6","37267737","37268032","chr6","38318535","38318828","6","1050798"
"chr6","37628349","37628689","chr1","38691960","38692291","48","1063611"
"chr6","37678993","37679295","chr6","38735269","38735572","3","1056276"
"chr6","37803836","37804142","chr6","38865433","38865739","19","1061597"
"chr6","37823361","37823683","chr5","4438616","4438930","52","33384745"
"chr6","37861944","37862231","chr6","38924066","38924368","34","1062122"
"chr6","37869105","37869372","chr6","38932910","38933177","12","1063805"
"chr6","37879133","37879425","chr6","38943208","38943503","4","1064075"
"chr6","37940719","37941003","chr6","39004590","39004852","27","1063871"
"chr6","37945163","37945455","chr6","39009089","39009381","6","1063926"
"chr6","38031182","38031491","chr6","39093879","39094180","16","1062697"
"chr6","38117834","38118134","chr3","178720612","178720906","34","140602778"
"chr6","38313738","38313999","chr6","39376067","39376327","2","1062329"
"chr6","38350398","38350663","chr15","11408699","11408968","36","26941699"
"chr6","38472860","38473154","chr6","39533602","39533895","4","1060742"
"chr6","38515281","38515594","chr6","39576024","39576337","2","1060743"
"chr6","38705380","38705661","chr6","39764063","39764345","7","1058683"
"chr6","38764178","38764474","chr6","39821488","39821789","14","1057310"
"chr6","38828605","38828879","chr6","39884305","39884580","6","1055700"
"chr6","39013036","39013301","chr20","38467804","38468064","39","545232"
"chr6","39338891","39339204","chr6","40383912","40384226","13","1045021"
"chr6","39829115","39829419","chr6","40923584","40923886","14","1094469"
"chr6","39859116","39859404","chr6","40953507","40953795","8","1094391"
"chr6","40107152","40107390","chr6","60385611","60385853","34","20278459"
"chr6","40109748","40110053","chr6","41205679","41205983","11","1095931"
"chr6","40133662","40133977","chr6","41237331","41237645","6","1103669"
"chr6","40138052","40138338","chr6","41241715","41242000","4","1103663"
"chr6","40155684","40155985","chr4","168525501","168525807","42","128369817"
"chr6","40178913","40179203","chr3","70058965","70059256","47","29880052"
"chr6","40204320","40204619","chr6","41309902","41310198","12","1105582"
"chr6","40246228","40246521","chr19","48550462","48550755","40","8304234"
"chr6","40261272","40261567","chr6","41366394","41366689","6","1105122"
"chr6","40263593","40263885","chr2","182616756","182617044","48","142353163"
"chr6","40312189","40312482","chr1","135697326","135697617","34","95385137"
"chr6","40314068","40314366","chr6","41419600","41419899","6","1105532"
"chr6","40337411","40337679","chr11","116214085","116214356","39","75876674"
"chr6","40372960","40373269","chr6","103339609","103339915","38","62966649"
"chr6","40426309","40426623","chr1","63216852","63217153","45","22790543"
"chr6","40643504","40643794","chr6","41745021","41745337","34","1101517"
"chr6","41258831","41259130","chr6","42358939","42359242","7","1100108"
"chr6","41572944","41573250","chr6","42655852","42656157","11","1082908"
"chr6","42186267","42186529","chr5","111182497","111182751","44","68996230"
"chr6","42308093","42308380","chr10","80457003","80457295","46","38148910"
"chr6","42483397","42483689","chr8","76413611","76413891","45","33930214"
"chr6","42562406","42562619","chr6","43780534","43780748","7","1218128"
"chr6","42658606","42658904","chr6","43872673","43872974","6","1214067"
"chr6","42660977","42661256","chr6","43875055","43875341","24","1214078"
"chr6","42671008","42671292","chr6","43886468","43886751","6","1215460"
"chr6","42674300","42674596","chr6","43889754","43890056","11","1215454"
"chr6","42686063","42686339","chr12","108330322","108330602","34","65644259"
"chr6","42691341","42691638","chr6","43907027","43907327","11","1215686"
"chr6","42717923","42718230","chr2","56260544","56260853","43","13542621"
"chr6","42741748","42742043","chr1","199285599","199285892","37","156543851"
"chr6","42782260","42782569","chr6","43998791","43999100","5","1216531"
"chr6","42786009","42786303","chr6","44001914","44002210","7","1215905"
"chr6","42792781","42793021","chr19","17393250","17393489","35","25399531"
"chr6","42943912","42944219","chr6","44147869","44148178","8","1203957"
"chr6","42985093","42985403","chr3","104925720","104926029","45","61940627"
"chr6","43041601","43041898","chr6","44245618","44245918","7","1204017"
"chr6","43070617","43070900","chr6","44274612","44274895","4","1203995"
"chr6","43076032","43076335","chr6","44280025","44280321","13","1203993"
"chr6","43124712","43125019","chr6","44327822","44328131","7","1203110"
"chr6","43144213","43144513","chr6","44347327","44347627","5","1203114"
"chr6","43152915","43153223","chr17","55379208","55379516","35","12226293"
"chr6","43166460","43166754","chr6","44376804","44377098","5","1210344"
"chr6","43313604","43313894","chr11","55289054","55289346","37","11975450"
"chr6","43849883","43850211","chr6","56510157","56510483","50","12660274"
"chr6","43884389","43884695","chr6","45284384","45284690","8","1399995"
"chr6","44313779","44314083","chr6","45708015","45708313","11","1394236"
"chr6","44470558","44470854","chr6","45865908","45866202","10","1395350"
"chr6","44490571","44490877","chr1","42771177","42771482","36","1719394"
"chr6","44576200","44576499","chr6","45973394","45973694","11","1397194"
"chr6","44674426","44674688","chr6","46076256","46076518","7","1401830"
"chr6","44833873","44834173","chr6","46290952","46291251","7","1457079"
"chr6","44951929","44952233","chr6","46410485","46410787","12","1458556"
"chr6","45047323","45047622","chr2","46308011","46308312","39","1260688"
"chr6","45196967","45197208","chr12","77811981","77812239","60","32615014"
"chr6","45313127","45313408","chr5","108912387","108912665","33","63599260"
"chr6","46495883","46496142","chr6","51289512","51289771","4","4793629"
"chr6","47207536","47207831","chr6","52000821","52001125","16","4793285"
"chr6","47384573","47384873","chr6","52187716","52188012","9","4803143"
"chr6","47676735","47677023","chr6","52479211","52479507","23","4802476"
"chr6","47692288","47692594","chr3","40409470","40409778","41","7282818"
"chr6","47873454","47873743","chr1","184776466","184776751","35","136903012"
"chr6","47923967","47924270","chr6","52719021","52719324","4","4795054"
"chr6","48217053","48217348","chr10","92238976","92239273","39","44021923"
"chr6","48331533","48331805","chr6","53187888","53188167","14","4856355"
"chr6","48460337","48460648","chr7","27264113","27264416","48","21196224"
"chr6","48461904","48462205","chr13","65644208","65644504","44","17182304"
"chr6","48576831","48577118","chr16","73148116","73148396","48","24571285"
"chr6","49200859","49201163","chr6","54059908","54060206","11","4859049"
"chr6","49393498","49393782","chr6","54257659","54257941","9","4864161"
"chr6","49560036","49560336","chr6","54431367","54431663","9","4871331"
"chr6","49570904","49571215","chr4","157336957","157337266","47","107766053"
"chr6","49615729","49616031","chr6","54489965","54490273","12","4874236"
"chr6","49630383","49630691","chr6","54504111","54504434","27","4873728"
"chr6","49800067","49800373","chr6","54674934","54675236","10","4874867"
"chr6","49887637","49887971","chr2","84509227","84509557","50","34621590"
"chr6","49896202","49896502","chr6","54768498","54768794","9","4872296"
"chr6","50036027","50036316","chr3","70927036","70927327","39","20891009"
"chr6","50094751","50095050","chr6","54959703","54960005","12","4864952"
"chr6","50341944","50342238","chr6","55211246","55211543","9","4869302"
"chr6","50702005","50702324","chr6","55583942","55584236","44","4881937"
"chr6","51192374","51192662","chr19","17878929","17879216","40","33313445"
"chr6","51232530","51232827","chr6","56104372","56104668","10","4871842"
"chr6","51365744","51366046","chr7","155089098","155089402","33","103723354"
"chr6","51453760","51454046","chr6","56326034","56326327","9","4872274"
"chr6","51500251","51500548","chr6","56373714","56374012","10","4873463"
"chr6","51500980","51501273","chr7","27185056","27185350","37","24315924"
"chr6","51530176","51530465","chr6","56403625","56403914","8","4873449"
"chr6","51561284","51561572","chr6","56434649","56434938","6","4873365"
"chr6","51582458","51582702","chr6","56456112","56456360","6","4873654"
"chr6","51635430","51635763","chr6","56510157","56510483","13","4874727"
"chr6","51668558","51668877","chr6","56534611","56534930","9","4866053"
"chr6","51714791","51715091","chr6","56582801","56583088","17","4868010"
"chr6","51732516","51732799","chr6","56600508","56600791","1","4867992"
"chr6","51877683","51877970","chr6","56737774","56738071","15","4860091"
"chr6","51906890","51907136","chr6","56768459","56768705","1","4861569"
"chr6","51907296","51907560","chr6","56768865","56769129","5","4861569"
"chr6","51923361","51923639","chr6","56784421","56784699","6","4861060"
"chr6","51940355","51940653","chr6","39093879","39094180","40","12846476"
"chr6","51942938","51943229","chr6","56803652","56803947","12","4860714"
"chr6","51981006","51981290","chr6","73865204","73865483","35","21884198"
"chr6","52039137","52039433","chr4","123382191","123382485","30","71343054"
"chr6","52077665","52077968","chrX","40224083","40224385","33","11853582"
"chr6","52164749","52165048","chr6","57068333","57068633","7","4903584"
"chr6","52174081","52174377","chr4","32494378","32494671","33","19679703"
"chr6","52182089","52182390","chr6","57086756","57087059","6","4904667"
"chr6","52196868","52197147","chr6","57105329","57105608","6","4908461"
"chr6","52201220","52201534","chr6","57109398","57109684","33","4908178"
"chr6","52212991","52213274","chr1","85224413","85224714","45","33011422"
"chr6","52293043","52293334","chr6","57204167","57204458","8","4911124"
"chr6","52382581","52382882","chr6","57295114","57295393","30","4912533"
"chr6","52651855","52652163","chr6","57562443","57562754","10","4910588"
"chr6","52846204","52846465","chr6","57763671","57763934","4","4917467"
"chr6","52851063","52851345","chr6","57768531","57768807","14","4917468"
"chr6","52979657","52979958","chr6","57895769","57896074","8","4916112"
"chr6","52982616","52982895","chr6","57898729","57899008","4","4916113"
"chr6","52995510","52995781","chr6","57911634","57911905","4","4916124"
"chr6","53115499","53115788","chr4","115011810","115012097","37","61896311"
"chr6","53141432","53141729","chr6","58059413","58059708","10","4917981"
"chr6","53148626","53148907","chr6","58066228","58066497","23","4917602"
"chr6","53159323","53159621","chr11","128953798","128954095","35","75794475"
"chr6","53181130","53181439","chr7","111684557","111684866","38","58503427"
"chr6","53194006","53194312","chr5","16888355","16888663","37","36305651"
"chr6","53220480","53220785","chr6","58145862","58146164","15","4925382"
"chr6","53224523","53224789","chr10","83270488","83270753","39","30045965"
"chr6","53226285","53226580","chr6","58151664","58151952","8","4925379"
"chr6","53247739","53248043","chr6","58173139","58173443","5","4925400"
"chr6","53248604","53248901","chr6","58174007","58174312","11","4925403"
"chr6","53262875","53263177","chr7","164584225","164584524","42","111321350"
"chr6","53305930","53306223","chr1","92863912","92864206","39","39557982"
"chr6","53410335","53410627","chr6","58335357","58335666","25","4925022"
"chr6","53465402","53465703","chr6","58388706","58388985","30","4923304"
"chr6","53551321","53551628","chr6","58474601","58474908","5","4923280"
"chr6","54134547","54134889","chr6","47721650","47721992","4","6412897"
"chr6","54277503","54277785","chr4","87456524","87456808","35","33179021"
"chr6","54294614","54294905","chr6","47896325","47896624","14","6398289"
"chr6","54519300","54519597","chr6","48120885","48121187","8","6398415"
"chr6","54525536","54525842","chr6","48128908","48129218","12","6396628"
"chr6","54779728","54780014","chr6","48384148","48384434","5","6395580"
"chr6","54963687","54963980","chr6","48568450","48568749","9","6395237"
"chr6","55199300","55199603","chr6","49210190","49210489","9","5989110"
"chr6","55452961","55453258","chr6","49466068","49466356","15","5986893"
"chr6","55531295","55531595","chr6","49544579","49544880","8","5986716"
"chr6","55600986","55601275","chr6","49614529","49614817","7","5986457"
"chr6","55668520","55668825","chr16","68417177","68417484","30","12748657"
"chr6","55954142","55954449","chr6","49970205","49970512","9","5983937"
"chr6","56035269","56035579","chr6","50050719","50051041","14","5984550"
"chr6","56128767","56129072","chr6","50144019","50144322","3","5984748"
"chr6","56614262","56614559","chr6","58825278","58825574","5","2211016"
"chr6","56649017","56649318","chr6","58864502","58864799","19","2215485"
"chr6","56695756","56696059","chr6","58911761","58912063","9","2216005"
"chr6","56839548","56839847","chr6","59052789","59053091","7","2213241"
"chr6","57054718","57054973","chr6","59274927","59275197","25","2220209"
"chr6","57101440","57101731","chr6","59321312","59321601","5","2219872"
"chr6","57783695","57784003","chr3","185238208","185238517","33","127454513"
"chr6","57932396","57932693","chr6","60160161","60160441","25","2227765"
"chr6","57947729","57948036","chr20","578611","578919","37","57369118"
"chr6","57948112","57948407","chr8","66518083","66518371","41","8569971"
"chr6","58061908","58062157","chr6","60290675","60290968","47","2228767"
"chr6","58109999","58110275","chr6","60336440","60336706","12","2226441"
"chr6","58126143","58126441","chr6","60352666","60352963","10","2226523"
"chr6","58128990","58129286","chr6","60355824","60356123","8","2226834"
"chr6","58151086","58151361","chr2","202712194","202712464","39","144561108"
"chr6","58155470","58155749","chr6","60383372","60383652","7","2227902"
"chr6","58194125","58194419","chr6","60422137","60422432","6","2228012"
"chr6","58345215","58345524","chr13","43474471","43474778","34","14870744"
"chr6","58379237","58379516","chr6","172983145","172983433","58","114603908"
"chr6","58379544","58379859","chr14","10252482","10252785","44","48127062"
"chr6","58592144","58592406","chr4","6584590","6584852","38","52007554"
"chr6","58768951","58769252","chr5","173476764","173477062","40","114707813"
"chr6","59715474","59715764","chrX","48899742","48900032","42","10815732"
"chr6","59847815","59848078","chr6","62217375","62217633","11","2369560"
"chr6","59902618","59902897","chr6","62271323","62271602","3","2368705"
"chr6","59941659","59941951","chr6","62312741","62313035","7","2371082"
"chr6","59961587","59961864","chr6","62331125","62331408","12","2369538"
"chr6","60064578","60064879","chr6","62428452","62428743","12","2363874"
"chr6","60374574","60374881","chr6","62739526","62739832","5","2364952"
"chr6","60674867","60675160","chr6","63026084","63026374","8","2351217"
"chr6","60699494","60699784","chr15","11532122","11532410","45","49167372"
"chr6","60916695","60916996","chr6","63272424","63272733","12","2355729"
"chr6","61092325","61092629","chr19","17842484","17842786","48","43249841"
"chr6","61270676","61270975","chr6","63622196","63622495","5","2351520"
"chr6","61339071","61339383","chr6","63691231","63691543","3","2352160"
"chr6","61352049","61352331","chr6","63704252","63704534","0","2352203"
"chr6","61442797","61443100","chr6","63797387","63797686","6","2354590"
"chr6","61470780","61471083","chr6","63827994","63828297","3","2357214"
"chr6","61801043","61801339","chr6","64167628","64167924","3","2366585"
"chr6","61919717","61920011","chr6","64287201","64287495","3","2367484"
"chr6","62194190","62194484","chr6","64576036","64576321","9","2381846"
"chr6","62215089","62215376","chr6","64596867","64597152","7","2381778"
"chr6","62275784","62276089","chr6","64657686","64657990","10","2381902"
"chr6","62834027","62834336","chr6","65212780","65213089","8","2378753"
"chr6","63330262","63330510","chr6","65700546","65700800","13","2370284"
"chr6","63431379","63431683","chr6","65801265","65801567","5","2369886"
"chr6","63574060","63574351","chr6","65946165","65946454","7","2372105"
"chr6","63900292","63900589","chr13","61957704","61958000","34","1942588"
"chr6","63937523","63937816","chr1","8038697","8038989","37","55898826"
"chr6","63974477","63974767","chr2","196872681","196872970","37","132898204"
"chr6","64043472","64043760","chr6","66414723","66415010","6","2371251"
"chr6","64131061","64131364","chr6","66501614","66501917","1","2370553"
"chr6","64779357","64779659","chr6","67150104","67150400","11","2370747"
"chr6","64843555","64843852","chr6","67216979","67217294","22","2373424"
"chr6","64876701","64877007","chr6","67250277","67250578","10","2373576"
"chr6","64878042","64878328","chr1","166222810","166223093","37","101344768"
"chr6","64928083","64928369","chr6","67313209","67313493","7","2385126"
"chr6","64928663","64928939","chr6","67313789","67314080","18","2385126"
"chr6","64935669","64935968","chr6","67321574","67321871","7","2385905"
"chr6","64940737","64941028","chr6","67326540","67326816","39","2385803"
"chr6","64945194","64945450","chr6","67331011","67331264","27","2385817"
"chr6","64998032","64998333","chr6","67385060","67385361","2","2387028"
"chr6","65079567","65079866","chr6","67480640","67480931","10","2401073"
"chr6","65084549","65084847","chr1","90050444","90050742","27","24965895"
"chr6","65092626","65092913","chr6","67494899","67495186","6","2402273"
"chr6","65105881","65106176","chr6","67509515","67509811","17","2403634"
"chr6","65116410","65116704","chr6","67519175","67519468","4","2402765"
"chr6","65156854","65157132","chrX","49520854","49521129","48","15636000"
"chr6","65165287","65165585","chr6","67569802","67570100","3","2404515"
"chr6","65200953","65201257","chr5","16888355","16888663","33","48312598"
"chr6","65202587","65202898","chr6","67606283","67606594","13","2403696"
"chr6","65230907","65231163","chr1","146365739","146365995","39","81134832"
"chr6","65233439","65233726","chr6","67637630","67637929","15","2404191"
"chr6","65251395","65251695","chr6","67656137","67656437","5","2404742"
"chr6","65372016","65372313","chr6","67823406","67823706","13","2451390"
"chr6","65435283","65435577","chr6","67890037","67890334","7","2454754"
"chr6","65455135","65455427","chr6","67912933","67913227","7","2457798"
"chr6","65458511","65458805","chr6","67916311","67916577","34","2457800"
"chr6","65458960","65459262","chr6","67916760","67917062","3","2457800"
"chr6","65473415","65473697","chr6","67930685","67930971","11","2457270"
"chr6","65483551","65483833","chr6","67940814","67941092","11","2457263"
"chr6","65609309","65609563","chr6","68067075","68067329","4","2457766"
"chr6","66208332","66208548","chr9","110558999","110559236","82","44350667"
"chr6","66354577","66354851","chr6","68816068","68816343","3","2461491"
"chr6","66534638","66534945","chr1","25636423","25636725","47","40898215"
"chr6","66916827","66917091","chr6","69371229","69371492","5","2454402"
"chr6","66948904","66949193","chr6","69403308","69403596","3","2454404"
"chr6","66966536","66966845","chr16","38432270","38432579","31","28534266"
"chr6","66988063","66988370","chr6","69442983","69443284","16","2454920"
"chr6","67006179","67006484","chr6","69464090","69464397","5","2457911"
"chr6","67082521","67082810","chr12","62088761","62089050","25","4993760"
"chr6","67145765","67146059","chr6","69646373","69646670","8","2500608"
"chr6","67307304","67307572","chr6","69850454","69850722","1","2543150"
"chr6","67432044","67432333","chr6","69975897","69976186","0","2543853"
"chr6","67569387","67569676","chr6","70113664","70113965","20","2544277"
"chr6","67572652","67572940","chr6","70116945","70117236","11","2544293"
"chr6","67686513","67686787","chr6","70240381","70240661","12","2553868"
"chr6","67732071","67732348","chr13","87151541","87151819","29","19419470"
"chr6","67787012","67787290","chr1","30948121","30948403","46","36838891"
"chr6","68050025","68050300","chr6","70605164","70605439","4","2555139"
"chr6","68122297","68122593","chr6","70690018","70690312","4","2567721"
"chr6","68518641","68518935","chr6","71082581","71082868","10","2563940"
"chr6","68525997","68526299","chr6","71090219","71090526","14","2564222"
"chr6","68546666","68546971","chr6","71110597","71110903","16","2563931"
"chr6","68654975","68655277","chr2","83776849","83777154","43","15121874"
"chr6","68806101","68806405","chr6","71362853","71363159","5","2556752"
"chr6","68820776","68821064","chr6","71377563","71377850","1","2556787"
"chr6","68975361","68975653","chr6","71527113","71527405","3","2551752"
"chr6","69010157","69010435","chr6","71562408","71562686","9","2552251"
"chr6","69038375","69038670","chr6","71624723","71624982","40","2586348"
"chr6","69134177","69134448","chr6","71726314","71726581","7","2592137"
"chr6","69134718","69135010","chr6","71726856","71727140","10","2592138"
"chr6","69171758","69171813","chr15","27767704","27767751","14","41404054"
"chr6","69171893","69172129","chr4","37452176","37452410","38","31719717"
"chr6","69223758","69224055","chr6","71817013","71817285","26","2593255"
"chr6","69445359","69445655","chr6","72024784","72025085","14","2579425"
"chr6","69484477","69484757","chr6","72063899","72064179","8","2579422"
"chr6","69515006","69515315","chr6","72094255","72094564","6","2579249"
"chr6","69527062","69527354","chr12","19112070","19112355","40","50414992"
"chr6","69528530","69528815","chr6","72107444","72107729","5","2578914"
"chr6","69715703","69716003","chr6","72296586","72296881","10","2580883"
"chr6","69820240","69820547","chr6","72400013","72400320","10","2579773"
"chr6","70403294","70403585","chr6","72978219","72978510","4","2574925"
"chr6","70447156","70447471","chr6","73022255","73022589","38","2575099"
"chr6","70471939","70472231","chrX","117758413","117758706","29","47286474"
"chr6","70497657","70497953","chr6","73072416","73072713","3","2574759"
"chr6","70535230","70535529","chr6","73110451","73110752","13","2575221"
"chr6","70569539","70569847","chr6","73144321","73144623","17","2574782"
"chr6","70570062","70570358","chr6","73144838","73145134","8","2574776"
"chr6","70580050","70580361","chr6","73154551","73154862","3","2574501"
"chr6","70595584","70595874","chr6","73170754","73171045","6","2575170"
"chr6","70612960","70613245","chr6","73186932","73187218","6","2573972"
"chr6","70671719","70672012","chr6","73245426","73245719","2","2573707"
"chr6","70679456","70679753","chr6","73253816","73254109","10","2574360"
"chr6","70740587","70740876","chr7","138298701","138298983","39","67558114"
"chr6","70749115","70749388","chr5","7366766","7367042","40","63382349"
"chr6","70781228","70781496","chr6","73355567","73355823","16","2574339"
"chr6","70786964","70787234","chr6","73361350","73361632","21","2574386"
"chr6","70904244","70904545","chr6","73473518","73473814","7","2569274"
"chr6","70905681","70905977","chr6","73474960","73475269","17","2569279"
"chr6","70910493","70910781","chr6","73480523","73480811","5","2570030"
"chr6","70919452","70919651","chr6","73489895","73490094","1","2570443"
"chr6","70947452","70947760","chr6","73524612","73524920","26","2577160"
"chr6","70956836","70957138","chr8","127263444","127263751","35","56306608"
"chr6","70972351","70972656","chr5","104191246","104191551","34","33218895"
"chr6","70973223","70973455","chr6","73551646","73551878","5","2578423"
"chr6","71041119","71041411","chr6","73649957","73650253","12","2608838"
"chr6","71065474","71065763","chr6","73674003","73674291","8","2608529"
"chr6","71124714","71125013","chr6","73733348","73733643","9","2608634"
"chr6","71195263","71195556","chr6","73807106","73807398","10","2611843"
"chr6","71244028","71244307","chr6","73865204","73865483","6","2621176"
"chr6","71280881","71281164","chr6","73904031","73904313","8","2623150"
"chr6","71416659","71416958","chr6","74039768","74040070","9","2623109"
"chr6","71425951","71426260","chr6","74049042","74049351","9","2623091"
"chr6","71440029","71440325","chr6","74063077","74063372","7","2623048"
"chr6","71458012","71458314","chr6","74081042","74081344","6","2623030"
"chr6","71683206","71683521","chr6","74295145","74295460","3","2611939"
"chr6","71734526","71734813","chr6","74345882","74346169","4","2611356"
"chr6","71742023","71742156","chr6","74353345","74353478","0","2611322"
"chr6","71806327","71806637","chr4","142656416","142656724","8","70850089"
"chr6","71968743","71969008","chr6","74581226","74581490","4","2612483"
"chr6","72079426","72079690","chr6","74737140","74737406","7","2657714"
"chr6","72079746","72080037","chr16","61188609","61188892","48","10891137"
"chr6","72105104","72105411","chr6","74763813","74764116","13","2658709"
"chr6","72109911","72110213","chr6","74768640","74768947","11","2658729"
"chr6","72125425","72125721","chr6","74784093","74784392","11","2658668"
"chr6","72207048","72207343","chr8","67664892","67665187","30","4542156"
"chr6","72368584","72368859","chr14","45520254","45520531","31","26848330"
"chr6","72411619","72411913","chr6","75072408","75072711","17","2660789"
"chr6","72411973","72412281","chr10","4224199","4224505","42","68187774"
"chr6","72442578","72442876","chr18","51751171","51751467","27","20691407"
"chr6","72502218","72502491","chr1","182319755","182320024","39","109817537"
"chr6","72550940","72551230","chr6","75205766","75206052","14","2654826"
"chr6","72736731","72737011","chr6","75390022","75390318","17","2653291"
"chr6","72830937","72831239","chr6","75480542","75480843","15","2649605"
"chr6","72909207","72909512","chr6","75558074","75558380","2","2648867"
"chr6","72988793","72989109","chr6","75642722","75643003","37","2653929"
"chr6","73023325","73023622","chr6","75675637","75675934","8","2652312"
"chr6","73033217","73033475","chr6","75685290","75685550","6","2652073"
"chr6","73095101","73095405","chr3","47641885","47642189","37","25453216"
"chr6","73164430","73164738","chr15","17206872","17207181","37","55957558"
"chr6","73187949","73188223","chrX","41351496","41351782","37","31836453"
"chr6","73259838","73260120","chr6","75911115","75911395","5","2651277"
"chr6","73261167","73261469","chr6","75912400","75912690","26","2651233"
"chr6","73267952","73268209","chr7","91760344","91760600","33","18492392"
"chr6","73275493","73275801","chr7","135145505","135145809","37","61870012"
"chr6","73280922","73281228","chr6","75931394","75931699","12","2650472"
"chr6","73304236","73304528","chr6","75952531","75952822","7","2648295"
"chr6","73390738","73391027","chr6","76040133","76040422","1","2649395"
"chr6","73407594","73407902","chr6","76057571","76057874","14","2649977"
"chr6","73423408","73423719","chr6","76074378","76074687","8","2650970"
"chr6","73451172","73451461","chr6","76100998","76101282","19","2649826"
"chr6","73521016","73521304","chr6","76171463","76171751","5","2650447"
"chr6","73606323","73606626","chr6","76257127","76257430","12","2650804"
"chr6","73633481","73633776","chr1","189568699","189568995","34","115935218"
"chr6","73653352","73653641","chr3","154421512","154421804","32","80768160"
"chr6","73672437","73672726","chr6","76323839","76324131","11","2651402"
"chr6","73686137","73686435","chr6","76337900","76338197","4","2651763"
"chr6","73686871","73687166","chr15","103853433","103853726","30","30166562"
"chr6","73730489","73730791","chr6","76382052","76382359","20","2651563"
"chr6","73765058","73765336","chr13","87151541","87151819","32","13386483"
"chr6","73931991","73932282","chr6","76586465","76586758","6","2654474"
"chr6","73983243","73983515","chr6","76635949","76636245","27","2652706"
"chr6","73996904","73997196","chr6","76649665","76649961","14","2652761"
"chr6","74098292","74098406","chrX","53505901","53506023","25","20592391"
"chr6","74098977","74099272","chr9","98680358","98680654","33","24581381"
"chr6","74104322","74104618","chr6","76755685","76755987","14","2651363"
"chr6","74217139","74217420","chr6","76867450","76867731","1","2650311"
"chr6","74220157","74220464","chr6","76870435","76870741","9","2650278"
"chr6","74278819","74279124","chr8","63724629","63724930","41","10554190"
"chr6","74289493","74289786","chr3","155382961","155383248","41","81093468"
"chr6","74296982","74297261","chr6","76946804","76947082","4","2649822"
"chr6","74305101","74305393","chr6","76954931","76955222","6","2649830"
"chr6","74329036","74329355","chr6","76980079","76980404","9","2651043"
"chr6","74404868","74405168","chr6","77113142","77113450","26","2708274"
"chr6","74410779","74410915","chr6","77119825","77119960","1","2709046"
"chr6","74448494","74448786","chr6","77161813","77162103","5","2713319"
"chr6","74452598","74452908","chr6","77165910","77166225","7","2713312"
"chr6","74454470","74454773","chr6","77167796","77168099","5","2713326"
"chr6","74575347","74575650","chr6","77290220","77290513","13","2714873"
"chr6","74664635","74664927","chr6","77418940","77419234","9","2754305"
"chr6","74677666","74677901","chr6","77432281","77432514","4","2754615"
"chr6","74699016","74699161","chr6","77455614","77455760","2","2756598"
"chr6","74714461","74714752","chr6","77471007","77471296","14","2756546"
"chr6","74782567","74782865","chr6","77539975","77540272","11","2757408"
"chr6","74976335","74976613","chr6","77735291","77735569","5","2758956"
"chr6","75032970","75033275","chr4","157336957","157337266","43","82303987"
"chr6","75063504","75063803","chr6","77821285","77821579","15","2757781"
"chr6","75163733","75164035","chr6","77920969","77921272","4","2757236"
"chr6","75181804","75182119","chr1","61410872","61411170","55","13770932"
"chr6","75333492","75333780","chr6","78083704","78083988","8","2750212"
"chr6","75424161","75424468","chr6","78171349","78171657","11","2747188"
"chr6","75450135","75450444","chr6","78196997","78197305","21","2746862"
"chr6","75458428","75458726","chr6","78205349","78205655","18","2746921"
"chr6","75525140","75525395","chr3","155533424","155533689","43","80008284"
"chr6","75705939","75706232","chr3","70058965","70059256","32","5646974"
"chr6","75726142","75726434","chr11","34016163","34016458","32","41709979"
"chr6","75957554","75957860","chrX","128903017","128903324","36","52945463"
"chr6","75980693","75980999","chr6","78723869","78724175","5","2743176"
"chr6","75984243","75984539","chr6","78727408","78727704","5","2743165"
"chr6","75987222","75987519","chr6","78730399","78730687","13","2743177"
"chr6","76011341","76011654","chr6","78753669","78753983","2","2742328"
"chr6","76032688","76032980","chr6","78774379","78774685","22","2741691"
"chr6","76039763","76040052","chr6","78781426","78781713","7","2741663"
"chr6","76239331","76239625","chr2","93656035","93656329","34","17416704"
"chr6","76387853","76388139","chr1","39483685","39483969","36","36904168"
"chr6","76512222","76512527","chr7","152675411","152675718","40","76163189"
"chr6","76638942","76639229","chr11","7184249","7184544","46","69454693"
"chr6","76653125","76653434","chr6","79437208","79437517","8","2784083"
"chr6","76666791","76667077","chr6","79450863","79451149","6","2784072"
"chr6","76848032","76848353","chr1","32180633","32180943","39","44667399"
"chr6","76962056","76962360","chr4","39688690","39688992","14","37273366"
"chr6","77207785","77208068","chr6","79991704","79991989","7","2783919"
"chr6","77341472","77341752","chr8","30815155","30815435","41","46526317"
"chr6","77355144","77355445","chr16","15248681","15248980","31","62106463"
"chr6","77460396","77460695","chr6","80255124","80255423","1","2794728"
"chr6","77535238","77535490","chr1","199268390","199268648","40","121733152"
"chr6","77630117","77630417","chr1","148156663","148156961","35","70526546"
"chr6","77754438","77754745","chr6","80549002","80549305","11","2794564"
"chr6","77923114","77923445","chr5","185980365","185980679","58","108057251"
"chr6","78034837","78035088","chr16","70538312","70538562","39","7496525"
"chr6","78164605","78164896","chr4","18187636","18187928","41","59976969"
"chr6","78178334","78178518","chr6","80981784","80981968","12","2803450"
"chr6","78272606","78272876","chr11","6127432","6127699","44","72145174"
"chr6","78381114","78381402","chr6","81190572","81190876","24","2809458"
"chr6","78476298","78476565","chr6","81287992","81288274","17","2811694"
"chr6","78574500","78574778","chr10","70081381","70081658","41","8493119"
"chr6","78795154","78795464","chr6","81609512","81609789","34","2814358"
"chr6","78844526","78844735","chr13","27567083","27567289","41","51277443"
"chr6","78866581","78866882","chr17","20390746","20391037","66","58475835"
"chr6","79092982","79093287","chr4","107632233","107632537","48","28539251"
"chr6","79205112","79205419","chr7","143888532","143888843","42","64683420"
"chr6","79221569","79221865","chr6","82043645","82043942","13","2822076"
"chr6","79869840","79870143","chr6","82656817","82657125","15","2786977"
"chr6","79907151","79907441","chr6","82693994","82694280","11","2786843"
"chr6","79993961","79994235","chr6","82782079","82782343","11","2788118"
"chr6","80263407","80263680","chr6","83118084","83118330","30","2854677"
"chr6","80548975","80549282","chr6","83425423","83425734","12","2876448"
"chr6","80802118","80802399","chr15","102106306","102106586","38","21304188"
"chr6","81099641","81099929","chr6","83978167","83978458","7","2878526"
"chr6","81123020","81123294","chr6","84003217","84003490","6","2880197"
"chr6","81179173","81179464","chr6","84056576","84056867","6","2877403"
"chr6","81198703","81199008","chr5","15116253","15116558","45","66082450"
"chr6","81201798","81202098","chr6","84078545","84078837","22","2876747"
"chr6","81214696","81215007","chr6","84091452","84091768","10","2876756"
"chr6","81217830","81218088","chr6","84094588","84094845","3","2876758"
"chr6","81238561","81238865","chr2","84467065","84467370","43","3228504"
"chr6","81265685","81265992","chr6","84141809","84142118","13","2876124"
"chr6","81279572","81279833","chr6","84157335","84157591","9","2877763"
"chr6","81301101","81301408","chr6","84178726","84179026","13","2877625"
"chr6","81385608","81385890","chr15","106898225","106898510","46","25512617"
"chr6","81768042","81768345","chr6","84651883","84652179","15","2883841"
"chr6","82410418","82410696","chr6","85284837","85285114","2","2874419"
"chr6","82532350","82532651","chr6","85402306","85402608","13","2869956"
"chr6","82700149","82700440","chr6","85554684","85554975","8","2854535"
"chr6","82716616","82716924","chr6","85571211","85571518","6","2854595"
"chr6","82935158","82935459","chr6","85790632","85790938","25","2855474"
"chr6","83194498","83194806","chr10","31743261","31743569","36","51451237"
"chr6","83657916","83658208","chr6","86510684","86510984","17","2852768"
"chr6","84252569","84252842","chr6","87097270","87097530","21","2844701"
"chr6","84520025","84520324","chr6","87365479","87365771","15","2845454"
"chr6","84666773","84667068","chr5","84621454","84621751","39","45319"
"chr6","85018587","85018885","chr1","8456043","8456342","32","76562544"
"chr6","85253771","85254055","chr6","88115240","88115528","9","2861469"
"chr6","85331084","85331381","chr6","88191048","88191345","8","2859964"
"chr6","85365286","85365595","chr1","42771177","42771482","38","42594109"
"chr6","85368891","85369192","chr6","88229298","88229598","3","2860407"
"chr6","85435230","85435531","chr6","88294812","88295115","12","2859582"
"chr6","85471619","85471913","chr6","88334487","88334792","16","2862868"
"chr6","85829128","85829425","chr6","88769321","88769616","11","2940193"
"chr6","85904172","85904435","chr6","88845970","88846234","8","2941798"
"chr6","86145591","86145804","chr6","89088270","89088483","2","2942679"
"chr6","86313746","86314050","chr6","89257312","89257616","3","2943566"
"chr6","86717401","86717702","chr6","89651438","89651746","29","2934037"
"chr6","86803545","86803831","chrX","105678947","105679242","49","18875402"
"chr6","86809107","86809406","chr8","83237000","83237301","31","3572107"
"chr6","87194412","87194693","chr6","90127538","90127819","7","2933126"
"chr6","87284469","87284755","chr6","90219707","90219993","8","2935238"
"chr6","87298965","87299304","chr2","179582629","179582952","64","92283664"
"chr6","87373165","87373429","chr6","90308446","90308716","10","2935281"
"chr6","87493939","87494250","chr6","90436621","90436932","8","2942682"
"chr6","87649695","87649990","chr6","90585914","90586221","14","2936219"
"chr6","87662031","87662368","chr6","90598302","90598633","14","2936271"
"chr6","87663127","87663419","chr14","6202195","6202489","29","81460932"
"chr6","87739267","87739566","chr6","90675577","90675876","5","2936310"
"chr6","87747719","87748031","chr6","90684027","90684331","20","2936308"
"chr6","87774210","87774511","chr6","90710001","90710299","27","2935791"
"chr6","87920077","87920376","chr6","90860298","90860602","11","2940221"
"chr6","88064786","88065094","chr6","91000051","91000357","7","2935265"
"chr6","88066873","88067153","chr6","91002137","91002417","6","2935264"
"chr6","88076565","88076867","chr6","91011880","91012181","7","2935315"
"chr6","88313842","88314141","chr6","91275912","91276221","17","2962070"
"chr6","88438073","88438368","chr6","91399854","91400163","20","2961781"
"chr6","88540512","88540658","chr11","89660545","89660691","14","1120033"
"chr6","88564995","88565297","chr6","91522655","91522950","12","2957660"
"chr6","88607105","88607400","chr6","91565008","91565303","2","2957903"
"chr6","88656157","88656465","chr6","91614423","91614723","14","2958266"
"chr6","88676744","88677079","chr6","91634464","91634799","7","2957720"
"chr6","88693084","88693373","chr6","91650815","91651104","4","2957731"
"chr6","89057787","89058080","chr6","92017494","92017785","6","2959707"
"chr6","89142287","89142590","chr6","92102263","92102569","8","2959976"
"chr6","89269756","89270037","chr3","58269395","58269679","34","31000361"
"chr6","89358871","89359172","chr6","92318881","92319189","14","2960010"
"chr6","89366092","89366395","chr6","92325792","92326099","8","2959700"
"chr6","89599800","89600093","chr6","92560923","92561215","6","2961123"
"chr6","89722856","89723144","chr6","92683753","92684040","6","2960897"
"chr6","89840739","89841032","chr5","37265492","37265795","40","52575247"
"chr6","89918812","89919121","chr6","92883639","92883946","6","2964827"
"chr6","89945138","89945430","chr6","92911273","92911565","7","2966135"
"chr6","90096951","90097262","chr6","93061529","93061828","30","2964578"
"chr6","90153962","90154260","chr6","93115171","93115475","11","2961209"
"chr6","90627132","90627376","chr13","75340429","75340677","36","15286703"
"chr6","90647332","90647651","chr1","12281473","12281782","55","78365859"
"chr6","90759188","90759488","chr6","93723134","93723445","12","2963946"
"chr6","90803927","90804232","chr4","46498853","46499150","38","44305074"
"chr6","91014294","91014594","chr6","93983073","93983376","10","2968779"
"chr6","91205645","91205951","chr13","103375733","103376034","32","12170088"
"chr6","91222835","91223104","chr8","11993229","11993507","21","79229606"
"chr6","91250791","91251069","chr8","133985","134264","21","91116806"
"chr6","91358153","91358455","chr6","94283555","94283857","10","2925402"
"chr6","91523332","91523623","chr6","94445306","94445603","13","2921974"
"chr6","91550747","91551037","chr6","94472581","94472871","10","2921834"
"chr6","91659206","91659500","chr6","94592942","94593235","9","2933736"
"chr6","91945121","91945451","chr6","94958071","94958395","14","3012950"
"chr6","92157897","92158205","chr6","95156806","95157114","5","2998909"
"chr6","92312774","92313080","chr6","95312451","95312757","13","2999677"
"chr6","92443053","92443357","chr9","95444370","95444676","36","3001317"
"chr6","92469271","92469567","chr7","162663932","162664225","35","70194661"
"chr6","92732679","92732987","chr6","95790847","95791145","12","3058168"
"chr6","92872078","92872273","chr15","634438","634632","25","92237640"
"chr6","93089374","93089688","chr3","167328923","167329232","43","74239549"
"chr6","93285846","93286130","chr6","96441493","96441772","7","3155647"
"chr6","93301570","93301871","chr6","96459507","96459807","5","3157937"
"chr6","93488391","93488681","chr6","96643941","96644230","4","3155550"
"chr6","93595686","93595975","chr6","96784072","96784362","3","3188386"
"chr6","93617739","93618045","chr6","96801663","96801973","25","3183924"
"chr6","93842210","93842513","chr6","97250305","97250616","15","3408095"
"chr6","93999278","93999583","chr20","12939379","12939679","37","81059899"
"chr6","94021798","94022134","chr6","97440903","97441193","48","3419105"
"chr6","94114081","94114389","chr6","97534272","97534600","31","3420191"
"chr6","94130810","94131118","chr6","97550730","97551041","11","3419920"
"chr6","94500443","94500736","chr6","97926134","97926441","22","3425691"
"chr6","94676835","94677114","chr6","98101383","98101662","6","3424548"
"chr6","94750431","94750727","chr6","98174456","98174761","12","3424025"
"chr6","95210841","95211129","chr6","98780664","98780952","4","3569823"
"chr6","95490644","95490926","chr6","99044668","99044948","13","3554024"
"chr6","95527763","95528068","chr1","44004494","44004799","38","51523269"
"chr6","96226110","96226406","chr6","99794510","99794803","9","3568400"
"chr6","96448701","96449000","chr3","155832002","155832298","42","59383301"
"chr6","96514456","96514741","chrX","10950571","10950857","49","85563885"
"chr6","96858453","96858733","chr6","100470127","100470406","5","3611674"
"chr6","97026860","97027144","chr6","100639746","100640039","16","3612886"
"chr6","97087705","97088007","chr6","100701946","100702238","20","3614241"
"chr6","97422941","97423215","chr6","101038148","101038422","3","3615207"
"chr6","97546882","97547189","chr9","118850452","118850760","46","21303570"
"chr6","97613541","97613833","chr6","101228494","101228791","14","3614953"
"chr6","97653127","97653428","chr2","103256851","103257147","43","5603724"
"chr6","97772156","97772462","chr6","101387196","101387501","4","3615040"
"chr6","97879934","97880242","chr6","101495465","101495773","5","3615531"
"chr6","98303322","98303605","chr8","134653431","134653711","36","36350109"
"chr6","98318604","98318889","chrX","12139372","12139658","35","86179232"
"chr6","98381619","98381922","chr6","102055951","102056260","24","3674332"
"chr6","98773447","98773742","chr6","102452914","102453221","22","3679467"
"chr6","99224937","99225236","chr6","102935068","102935327","44","3710131"
"chr6","99356668","99356965","chr6","103072170","103072468","11","3715502"
"chr6","99475204","99475490","chr6","103191851","103192136","8","3716647"
"chr6","99543521","99543829","chr6","103257471","103257772","22","3713950"
"chr6","99626711","99627018","chr6","103339609","103339915","13","3712898"
"chr6","99713700","99713996","chr6","103431654","103431955","15","3717954"
"chr6","99939773","99940081","chr6","103665982","103666288","12","3726209"
"chr6","99985202","99985485","chr6","103712840","103713125","12","3727638"
"chr6","100166315","100166637","chr6","103854655","103854959","23","3688340"
"chr6","100313299","100313519","chr7","7217725","7217948","42","93095574"
"chr6","100653387","100653685","chr6","104385007","104385306","5","3731620"
"chr6","100943600","100943902","chr19","6081055","6081357","37","94862545"
"chr6","101036989","101037294","chr6","104772186","104772490","9","3735197"
"chr6","101169486","101169794","chr6","104900150","104900457","7","3730664"
"chr6","101213570","101213868","chr6","104944220","104944534","24","3730650"
"chr6","101223114","101223406","chr6","104953791","104954082","10","3730677"
"chr6","101225624","101225933","chr6","104956301","104956610","4","3730677"
"chr6","101247484","101247776","chr3","43892554","43892846","35","57354930"
"chr6","101849086","101849369","chr6","105600657","105600938","6","3751571"
"chr6","101965577","101965869","chr6","105713621","105713907","15","3748044"
"chr6","102077478","102077771","chr6","105896350","105896639","7","3818872"
"chr6","102189033","102189339","chr6","106009256","106009562","6","3820223"
"chr6","102198179","102198476","chr6","106018379","106018688","18","3820200"
"chr6","102352395","102352689","chr6","106173443","106173736","8","3821048"
"chr6","102417554","102417841","chr6","106239906","106240194","4","3822352"
"chr6","102478939","102479241","chr6","106302609","106302911","9","3823670"
"chr6","102556545","102556818","chr6","106380242","106380517","6","3823697"
"chr6","102670939","102671244","chr6","106490931","106491236","3","3819992"
"chr6","102745054","102745343","chr6","106566792","106567098","22","3821738"
"chr6","102948131","102948412","chr6","106785700","106785981","9","3837569"
"chr6","103045065","103045372","chr19","45177122","45177428","34","57867943"
"chr6","103058334","103058637","chr6","106895070","106895377","9","3836736"
"chr6","103093728","103094015","chr6","106929928","106930216","4","3836200"
"chr6","103166810","103167099","chr2","123634900","123635187","43","20468090"
"chr6","103473004","103473227","chr6","107301471","107301695","14","3828467"
"chr6","103600141","103600444","chr6","107426913","107427217","8","3826772"
"chr6","104400327","104400593","chr8","121901986","121902248","36","17501659"
"chr6","104679849","104680148","chr5","117993614","117993913","37","13313765"
"chr6","104704890","104705186","chr5","56701456","56701750","39","48003434"
"chr6","104746321","104746622","chr6","16771303","16771606","36","87975018"
"chr6","104809369","104809670","chr6","108610842","108611132","11","3801473"
"chr6","105129651","105129933","chr6","108886814","108887096","5","3757163"
"chr6","105716771","105717052","chr6","109475890","109476184","19","3759119"
"chr6","105841434","105841746","chr6","109603814","109604142","25","3762380"
"chr6","105850082","105850390","chrX","143638705","143639008","44","37788623"
"chr6","105909732","105910052","chr6","109672347","109672656","23","3762615"
"chr6","105985332","105985642","chr6","109748718","109749032","11","3763386"
"chr6","106105537","106105833","chr19","8632783","8633081","37","97472754"
"chr6","106106928","106107078","chr16","70283817","70283965","21","35823111"
"chr6","106242540","106242807","chr9","2992409","2992674","18","103250131"
"chr6","106465725","106466021","chr3","124213436","124213733","36","17747711"
"chr6","106557713","106557981","chr6","110170504","110170769","7","3612791"
"chr6","106607474","106607767","chr1","31482751","31483040","34","75124723"
"chr6","106645411","106645714","chr6","110256953","110257261","9","3611542"
"chr6","106678229","106678523","chr6","110289409","110289703","5","3611180"
"chr6","106712327","106712628","chr1","8784931","8785227","46","97927396"
"chr6","106750756","106751059","chr6","110363333","110363637","6","3612577"
"chr6","106772726","106773016","chr6","110385532","110385824","5","3612806"
"chr6","106803738","106804034","chr6","110417646","110417940","4","3613908"
"chr6","106819037","106819342","chr6","110433093","110433401","7","3614056"
"chr6","106827503","106827784","chr6","110441571","110441852","2","3614068"
"chr6","106869866","106870126","chr2","71568799","71569059","42","35301067"
"chr6","106900862","106901172","chr3","164730242","164730549","39","57829380"
"chr6","106908049","106908355","chr6","110524378","110524686","5","3616329"
"chr6","107051340","107051639","chr6","110668375","110668678","8","3617035"
"chr6","107092420","107092725","chr6","110709929","110710236","7","3617509"
"chr6","107102226","107102523","chr6","110719828","110720127","8","3617602"
"chr6","107114919","107115219","chr6","110738069","110738368","4","3623150"
"chr6","107160635","107160940","chr6","110791959","110792250","21","3631324"
"chr6","107360283","107360399","chr1","57995320","57995426","23","49364963"
"chr6","107360480","107360740","chr6","110989976","110990242","12","3629496"
"chr6","107406592","107406897","chr6","111015329","111015634","3","3608737"
"chr6","107500675","107500961","chr6","111112185","111112470","14","3611510"
"chr6","107531274","107531573","chr1","42433003","42433300","37","65098271"
"chr6","107765473","107765759","chr6","111379740","111380026","7","3614267"
"chr6","107951568","107951847","chr6","111562882","111563163","6","3611314"
"chr6","108181613","108181922","chr6","111802598","111802904","10","3620985"
"chr6","108232391","108232696","chr6","111853183","111853491","11","3620792"
"chr6","108501907","108502215","chr6","112115456","112115755","15","3613549"
"chr6","108607785","108608092","chr8","124377293","124377603","35","15769508"
"chr6","108723109","108723408","chr6","112339650","112339949","6","3616541"
"chr6","108925127","108925423","chr6","112531015","112531312","6","3605888"
"chr6","108951810","108952088","chr8","76413611","76413891","28","32538199"
"chr6","109017892","109018186","chr19","33673355","33673647","28","75344537"
"chr6","109412127","109412434","chr6","113022805","113023101","13","3610678"
"chr6","109463291","109463522","chr6","113121032","113121263","4","3657741"
"chr6","109513324","109513621","chr6","113171168","113171462","6","3657844"
"chr6","109818466","109818768","chr6","113473370","113473679","21","3654904"
"chr6","110046317","110046605","chr6","113707554","113707842","4","3661237"
"chr6","110248910","110249198","chr6","113973369","113973664","10","3724459"
"chr6","110305005","110305310","chr6","114027778","114028068","19","3722773"
"chr6","110609070","110609366","chr6","114331037","114331343","18","3721967"
"chr6","110622857","110623155","chr6","114344461","114344759","8","3721604"
"chr6","110631806","110632109","chr6","114352801","114353104","10","3720995"
"chr6","110696932","110697222","chr14","70057386","70057677","32","40639546"
"chr6","110708301","110708632","chr6","114431566","114431893","5","3723265"
"chr6","110780057","110780328","chr7","51321295","51321568","37","59458762"
"chr6","111186455","111186753","chr6","114907198","114907496","3","3720743"
"chr6","111308419","111308727","chr6","115086315","115086621","8","3777896"
"chr6","111348202","111348502","chr6","115123776","115124073","12","3775574"
"chr6","111567688","111567989","chr6","115347374","115347678","5","3779686"
"chr6","111627595","111627860","chr6","115394630","115394895","2","3767035"
"chr6","111768933","111769234","chr6","115526579","115526874","8","3757646"
"chr6","111885710","111886020","chrX","117413509","117413814","44","5527799"
"chr6","111927217","111927518","chr6","115692927","115693228","5","3765710"
"chr6","112003582","112003908","chr8","99390396","99390718","51","12613186"
"chr6","112376225","112376517","chr6","116132003","116132299","10","3755778"
"chr6","112579188","112579480","chr6","116337834","116338128","16","3758646"
"chr6","112837675","112837998","chr6","116644962","116645265","26","3807287"
"chr6","112929077","112929375","chr6","116729908","116730207","5","3800831"
"chr6","113002805","113003099","chr3","2907703","2908000","36","110095102"
"chr6","113015842","113016143","chr6","116817334","116817633","7","3801492"
"chr6","113016823","113017054","chrX","71846849","71847082","27","41169974"
"chr6","113039075","113039368","chr6","116842198","116842493","5","3803123"
"chr6","113067078","113067378","chr11","117312757","117313058","44","4245679"
"chr6","113090903","113091195","chr6","116894253","116894544","11","3803350"
"chr6","113598968","113599275","chr3","165574800","165575101","35","51975832"
"chr6","113773834","113774113","chr6","117569482","117569775","25","3795648"
"chr6","114055068","114055368","chr1","107710079","107710377","45","6344989"
"chr6","114058030","114058305","chr8","43704450","43704727","33","70353580"
"chr6","114519133","114519437","chr4","126337820","126338123","40","11818687"
"chr6","114689679","114689934","chr4","69560676","69560946","53","45129003"
"chr6","114694777","114695066","chr16","31179633","31179923","42","83515144"
"chr6","114917230","114917536","chr13","3134828","3135132","37","111782402"
"chr6","115520682","115520965","chr6","119366614","119366897","1","3845932"
"chr6","115582068","115582379","chr1","53528142","53528444","56","62053926"
"chr6","115889022","115889327","chr6","119734558","119734866","7","3845536"
"chr6","115893766","115894014","chr6","119739318","119739580","21","3845552"
"chr6","116347365","116347591","chr9","64128191","64128409","40","52219174"
"chr6","116527175","116527500","chr8","142446067","142446388","50","25918892"
"chr6","116566698","116566989","chr2","122744687","122744980","31","6177989"
"chr6","116572960","116573271","chr16","39535721","39536029","34","77037239"
"chr6","116584801","116585091","chr5","51093281","51093567","30","65491520"
"chr6","116610754","116611035","chr6","120159417","120159698","8","3548663"
"chr6","116687544","116687820","chr6","120235486","120235762","5","3547942"
"chr6","116776232","116776519","chr1","209441209","209441496","35","92664977"
"chr6","116857125","116857434","chr1","42771177","42771482","29","74085948"
"chr6","117259398","117259678","chr6","120857276","120857556","4","3597878"
"chr6","117373045","117373338","chr6","120974646","120974939","1","3601601"
"chr6","117432379","117432679","chr16","58679852","58680150","30","58752527"
"chr6","117565371","117565616","chr6","121166102","121166347","7","3600731"
"chr6","117620453","117620685","chr6","121218415","121218663","24","3597962"
"chr6","117620997","117621077","chr6","121218967","121219049","3","3597970"
"chr6","118025795","118026104","chr8","89241994","89242295","44","28783801"
"chr6","118355241","118355549","chr6","121991513","121991790","39","3636272"
"chr6","118357713","118358013","chr6","121993990","121994282","12","3636277"
"chr6","118361875","118362162","chr6","121998144","121998430","9","3636269"
"chr6","118385420","118385721","chr6","122021676","122021982","16","3636256"
"chr6","118543787","118544084","chr6","122179960","122180259","7","3636173"
"chr6","118551451","118551748","chr6","122187597","122187895","6","3636146"
"chr6","118575809","118576114","chr6","122211643","122211949","10","3635834"
"chr6","118593103","118593406","chr16","54767631","54767933","37","63825472"
"chr6","118618306","118618594","chr6","122255110","122255379","24","3636804"
"chr6","118618771","118619066","chr6","122255564","122255868","17","3636793"
"chr6","118676627","118676904","chr6","122312994","122313271","4","3636367"
"chr6","118735880","118736160","chr6","122372157","122372457","23","3636277"
"chr6","118744083","118744245","chr3","117492787","117492955","31","1251296"
"chr6","118987966","118988280","chr1","27794889","27795194","41","91193077"
"chr6","119283955","119284252","chrX","9217941","9218238","33","110066014"
"chr6","119792668","119792974","chr6","123479193","123479496","14","3686525"
"chr6","119849662","119849962","chr6","123534047","123534351","11","3684385"
"chr6","120058492","120058800","chr13","43474471","43474778","38","76584021"
"chr6","120133634","120133890","chr6","123897411","123897667","3","3763777"
"chr6","120218291","120218592","chrX","24046370","24046667","39","96171921"
"chr6","120278181","120278456","chr6","124043940","124044215","6","3765759"
"chr6","120285254","120285558","chr6","124051053","124051351","19","3765799"
"chr6","120349162","120349464","chr6","124117275","124117579","8","3768113"
"chr6","120354753","120355026","chr11","109777363","109777636","33","10577390"
"chr6","120379014","120379319","chr14","79203641","79203940","31","41175373"
"chr6","120386292","120386598","chr6","124156108","124156412","25","3769816"
"chr6","120391934","120392077","chr1","135967601","135967745","20","15575667"
"chr6","120392731","120392886","chr11","111147956","111148112","30","9244775"
"chr6","120400740","120401042","chr2","159817530","159817826","51","39416790"
"chr6","120417270","120417556","chr6","124185042","124185327","4","3767772"
"chr6","120433064","120433366","chr6","124212570","124212870","11","3779506"
"chr6","120484015","120484305","chr6","124292430","124292722","7","3808415"
"chr6","120495074","120495374","chr15","58063683","58063984","36","62431391"
"chr6","120518811","120519105","chrX","147944169","147944442","53","27425358"
"chr6","120543112","120543396","chr6","124366707","124366985","11","3823595"
"chr6","120544885","120545186","chr8","63724629","63724930","37","56820256"
"chr6","120558748","120559059","chr6","124382753","124383058","9","3824005"
"chr6","120593041","120593353","chr6","124416601","124416913","2","3823560"
"chr6","120634443","120634725","chr6","124458881","124459163","3","3824438"
"chr6","120755153","120755460","chr6","124581861","124582162","12","3826708"
"chr6","121263993","121264249","chr6","125160838","125161093","4","3896845"
"chr6","121318408","121318690","chr6","77245624","77245890","55","44072784"
"chr6","121497149","121497474","chr6","125405281","125405571","45","3908132"
"chr6","121589021","121589309","chr6","125497263","125497557","21","3908242"
"chr6","121905146","121905419","chr5","183828400","183828679","44","61923254"
"chr6","121973635","121973938","chr13","26322093","26322399","43","95651542"
"chr6","122454841","122455143","chr1","63216852","63217153","34","59237989"
"chr6","122532415","122532705","chr6","126451673","126451952","17","3919258"
"chr6","122989783","122990089","chr17","24607969","24608272","33","98381814"
"chr6","123011329","123011630","chr4","42956422","42956725","38","80054907"
"chr6","123118259","123118572","chr6","127041180","127041490","6","3922921"
"chr6","123518406","123518717","chr6","127536939","127537250","4","4018533"
"chr6","123543256","123543565","chr6","127561618","127561914","16","4018362"
"chr6","123914719","123915015","chr6","127983072","127983364","7","4068353"
"chr6","123925572","123925880","chr10","26272503","26272805","44","97653069"
"chr6","124047585","124047895","chr7","43414688","43414994","40","80632897"
"chr6","124083565","124083840","chr6","128170230","128170505","3","4086665"
"chr6","124098356","124098643","chr6","128190758","128191045","9","4092402"
"chr6","124389374","124389686","chr6","128451361","128451673","5","4061987"
"chr6","124603577","124603881","chr6","128699067","128699373","5","4095490"
"chr6","124801027","124801330","chr6","128897323","128897624","8","4096296"
"chr6","124807640","124807931","chr18","34881303","34881600","36","89926337"
"chr6","124838640","124838952","chr6","128940874","128941186","2","4102234"
"chr6","124842022","124842308","chr8","68096133","68096425","35","56745889"
"chr6","124851533","124851823","chr6","128954153","128954457","18","4102620"
"chr6","124858507","124858796","chr6","128961155","128961444","2","4102648"
"chr6","124879703","124879978","chr6","128984299","128984574","1","4104596"
"chr6","124902015","124902315","chr6","129008061","129008355","20","4106046"
"chr6","124926867","124927151","chr19","34762614","34762907","42","90164253"
"chr6","124984663","124984964","chr6","129090679","129090983","10","4106016"
"chr6","125027463","125027753","chr6","129133548","129133837","7","4106085"
"chr6","125082997","125083306","chr7","152675411","152675718","36","27592414"
"chr6","125089076","125089382","chr6","129194391","129194693","11","4105315"
"chr6","125093437","125093744","chr6","129198737","129199038","11","4105300"
"chr6","125217445","125217746","chr6","129329783","129330084","3","4112338"
"chr6","125237910","125238218","chr6","129350350","129350658","2","4112440"
"chr6","125282924","125283219","chr16","42689947","42690240","32","82592977"
"chr6","125409653","125409958","chr6","129522646","129522924","29","4112993"
"chr6","125493538","125493841","chr6","129609353","129609656","8","4115815"
"chr6","125720917","125721211","chr5","42001663","42001951","37","83719254"
"chr6","126271725","126272026","chr14","79203641","79203940","33","47068084"
"chr6","126424983","126425298","chr6","130541671","130541985","8","4116688"
"chr6","126462363","126462670","chr6","130578767","130579068","10","4116404"
"chr6","126466833","126467135","chr6","130583235","130583537","5","4116402"
"chr6","126476171","126476465","chr6","130592257","130592554","6","4116086"
"chr6","126488464","126488748","chr7","27042398","27042682","40","99446066"
"chr6","126494783","126495092","chr6","130610909","130611218","6","4116126"
"chr6","126504757","126505062","chr6","130622282","130622587","2","4117525"
"chr6","126533167","126533475","chr6","130651490","130651798","6","4118323"
"chr6","126566489","126566777","chr6","130684362","130684651","9","4117873"
"chr6","126570462","126570696","chr19","22075302","22075532","50","104495160"
"chr6","126584170","126584471","chr6","130702033","130702333","4","4117863"
"chr6","126608804","126609091","chr6","130728011","130728298","12","4119207"
"chr6","126617381","126617672","chr16","58679852","58680150","50","67937529"
"chr6","127082736","127083040","chr19","7305887","7306188","32","119776849"
"chr6","127539138","127539441","chr6","131656563","131656857","12","4117425"
"chr6","127558307","127558621","chr1","27794889","27795194","41","99763418"
"chr6","127562316","127562620","chr6","131680061","131680365","9","4117745"
"chr6","127590549","127590844","chr6","131708597","131708892","3","4118048"
"chr6","127614066","127614365","chr6","131732122","131732424","11","4118056"
"chr6","127680433","127680726","chr12","38539992","38540284","28","89140441"
"chr6","127701023","127701316","chr6","131818216","131818510","4","4117193"
"chr6","127738850","127739133","chr6","131856895","131857184","11","4118045"
"chr6","127808084","127808396","chr6","131920788","131921100","8","4112704"
"chr6","127808398","127808674","chr6","131921102","131921378","1","4112704"
"chr6","127823835","127824155","chr5","185980365","185980679","48","58156530"
"chr6","127852615","127852882","chr6","131965361","131965632","9","4112746"
"chr6","127853672","127853965","chr6","131966421","131966716","5","4112749"
"chr6","127981818","127982128","chr6","132096753","132097060","9","4114935"
"chr6","127995422","127995728","chr6","132111661","132111951","21","4116239"
"chr6","127999439","127999748","chr10","62331135","62331441","36","65668304"
"chr6","128047076","128047382","chr6","132158605","132158912","4","4111529"
"chr6","128075448","128075735","chr6","132188651","132188939","28","4113203"
"chr6","128095886","128096194","chrX","101065191","101065488","39","27030695"
"chr6","128139102","128139392","chr6","132256453","132256742","4","4117351"
"chr6","128165973","128166270","chr6","132284912","132285210","8","4118939"
"chr6","128182753","128183057","chr6","132302363","132302671","9","4119610"
"chr6","128198937","128199245","chr6","132318914","132319225","12","4119977"
"chr6","128235717","128236008","chr6","132357917","132358208","2","4122200"
"chr6","128236022","128236295","chr6","132358532","132358805","4","4122510"
"chr6","128263035","128263342","chr8","22048036","22048332","45","106214999"
"chr6","128295670","128295971","chr6","132415668","132415969","4","4119998"
"chr6","128366210","128366511","chr6","132481270","132481571","10","4115060"
"chr6","128379953","128380248","chr6","132495843","132496144","15","4115890"
"chr6","128392581","128392859","chr6","132507594","132507872","7","4115013"
"chr6","128410699","128411003","chr8","78689284","78689587","46","49721415"
"chr6","128430765","128431079","chr6","132541610","132541924","4","4110845"
"chr6","128444204","128444478","chr3","6098544","6098822","49","122345660"
"chr6","128457072","128457350","chr6","132570571","132570870","24","4113499"
"chr6","128463816","128464104","chr1","34227169","34227449","36","94236647"
"chr6","128478118","128478415","chr6","132588386","132588682","8","4110268"
"chr6","128478867","128479172","chr6","132588824","132589129","2","4109957"
"chr6","128502157","128502457","chr6","132612470","132612770","5","4110313"
"chr6","128561166","128561464","chr6","132672258","132672557","5","4111092"
"chr6","128762651","128762968","chr6","132874034","132874345","11","4111383"
"chr6","128797072","128797374","chr6","132908915","132909216","9","4111843"
"chr6","129066113","129066417","chr6","133178775","133179073","8","4112662"
"chr6","129633467","129633769","chr6","133748734","133749029","12","4115267"
"chr6","129810182","129810493","chr10","14792911","14793225","51","115017271"
"chr6","129829283","129829583","chr6","133944143","133944445","9","4114860"
"chr6","129859955","129860262","chr6","133974857","133975164","6","4114902"
"chr6","129964225","129964499","chr6","134079006","134079284","10","4114781"
"chr6","130209707","130210005","chr6","134381198","134381495","2","4171491"
"chr6","130237544","130237842","chr6","134410129","134410426","4","4172585"
"chr6","130447085","130447398","chr3","179250595","179250901","51","48803510"
"chr6","130810365","130810660","chr6","134969320","134969611","12","4158955"
"chr6","131017471","131017763","chr6","135176160","135176452","5","4158689"
"chr6","131105127","131105413","chr6","135263653","135263934","12","4158526"
"chr6","131264671","131264963","chr6","135422417","135422724","23","4157746"
"chr6","131301394","131301660","chr6","135458097","135458363","6","4156703"
"chr6","131411431","131411681","chr6","135574111","135574362","4","4162680"
"chr6","131426426","131426697","chr6","135588659","135588930","5","4162233"
"chr6","131471319","131471411","chr6","11827478","11827574","23","119643841"
"chr6","131473998","131474288","chr6","135638455","135638762","24","4164457"
"chr6","131511590","131511886","chr6","135675781","135676082","12","4164191"
"chr6","131532280","131532551","chr12","98653676","98653945","33","32878604"
"chr6","131578948","131579242","chr6","135743869","135744161","6","4164921"
"chr6","131598990","131599295","chr6","135764711","135765016","6","4165721"
"chr6","131599911","131600119","chr6","135765958","135766166","3","4166047"
"chr6","131611526","131611813","chr19","50346496","50346781","39","81265030"
"chr6","131641123","131641424","chr6","135808035","135808337","8","4166912"
"chr6","131657510","131657795","chr6","135825846","135826134","12","4168336"
"chr6","131717760","131718109","chr6","135888936","135889291","11","4171176"
"chr6","131761862","131762164","chr6","135932540","135932852","17","4170678"
"chr6","131788527","131788826","chr10","5729998","5730296","34","126058529"
"chr6","131801909","131802203","chr6","135975214","135975513","6","4173305"
"chr6","131807281","131807586","chr6","135980911","135981206","12","4173630"
"chr6","131822798","131823094","chr6","135996387","135996687","7","4173589"
"chr6","131866653","131866966","chr6","136041842","136042155","9","4175189"
"chr6","131870821","131871117","chr4","123382191","123382485","33","8488630"
"chr6","131891880","131892179","chr6","136067015","136067313","4","4175135"
"chr6","131907361","131907642","chr2","100852138","100852418","49","31055223"
"chr6","131949778","131949926","chr13","54716821","54716969","19","77232957"
"chr6","131951902","131952206","chr6","136126076","136126371","13","4174174"
"chr6","131988861","131989152","chr1","31482751","31483040","30","100506110"
"chr6","132007852","132008164","chr6","136180028","136180329","20","4172176"
"chr6","132075298","132075619","chr9","92574925","92575229","54","39500373"
"chr6","132080720","132081006","chr4","62239761","62240046","40","69840959"
"chr6","132105014","132105324","chr16","61253797","61254104","38","70851217"
"chr6","132109055","132109346","chr6","136282579","136282869","6","4173524"
"chr6","132167333","132167624","chr6","136338939","136339232","6","4171606"
"chr6","132215806","132216083","chr8","76413611","76413891","30","55802195"
"chr6","132256748","132257048","chr6","136428370","136428670","2","4171622"
"chr6","132265015","132265322","chrX","113274479","113274784","35","18990536"
"chr6","132281421","132281730","chr6","136453051","136453360","13","4171630"
"chr6","132296551","132296845","chr6","136468286","136468576","12","4171735"
"chr6","132342744","132343045","chr4","44150624","44150925","35","88192120"
"chr6","132348530","132348820","chr6","136520620","136520911","7","4172090"
"chr6","132447253","132447552","chr6","136618459","136618774","20","4171206"
"chr6","132468665","132468935","chr6","136640606","136640876","3","4171941"
"chr6","132535818","132536116","chr6","136707531","136707827","9","4171713"
"chr6","132593603","132593882","chr6","136765000","136765293","17","4171397"
"chr6","132620128","132620408","chr6","136792068","136792368","24","4171940"
"chr6","132640970","132641278","chr13","43474471","43474778","41","89166499"
"chr6","132653455","132653757","chr6","136825219","136825517","9","4171764"
"chr6","132719094","132719394","chr6","136893160","136893459","11","4174066"
"chr6","132729367","132729651","chr6","136903434","136903726","12","4174067"
"chr6","132733886","132734179","chr6","136908264","136908554","8","4174378"
"chr6","132785780","132786078","chr6","136969827","136970126","5","4184047"
"chr6","132798665","132798965","chr6","136982171","136982474","7","4183506"
"chr6","132823953","132824250","chr6","137007605","137007902","6","4183652"
"chr6","132885840","132886132","chr6","137070995","137071289","7","4185155"
"chr6","132897116","132897424","chr6","137082467","137082775","4","4185351"
"chr6","132902220","132902527","chr6","137087324","137087633","10","4185104"
"chr6","132905733","132906029","chr6","137091355","137091650","5","4185622"
"chr6","132906695","132906978","chr6","137092314","137092595","8","4185619"
"chr6","132907130","132907433","chr6","137092747","137093050","2","4185617"
"chr6","132913205","132913504","chr6","137098780","137099081","5","4185575"
"chr6","132919193","132919501","chr5","11772565","11772871","11","121146628"
"chr6","132922780","132923086","chr6","137150047","137150340","20","4227267"
"chr6","132948481","132948770","chr6","137175491","137175775","5","4227010"
"chr6","132969714","132970015","chr6","137197696","137198000","4","4227982"
"chr6","132978446","132978747","chr6","137206400","137206701","3","4227954"
"chr6","132999495","132999716","chr17","15541370","15541587","33","117458125"
"chr6","133010044","133010345","chr6","137242992","137243289","8","4232948"
"chr6","133055609","133055907","chr8","63724629","63724930","33","69330980"
"chr6","133065519","133065812","chr6","137303080","137303373","8","4237561"
"chr6","133085628","133085914","chr6","137323433","137323719","1","4237805"
"chr6","133109865","133110162","chr6","137351652","137351940","14","4241787"
"chr6","133121123","133121425","chr6","137364401","137364701","4","4243278"
"chr6","133124760","133125030","chr6","137368284","137368554","7","4243524"
"chr6","133150777","133151050","chr6","137393564","137393833","6","4242787"
"chr6","133152359","133152656","chr6","137395138","137395436","8","4242779"
"chr6","133266404","133266702","chr6","137511155","137511447","8","4244751"
"chr6","133404522","133404801","chr6","137649900","137650179","2","4245378"
"chr6","133436178","133436448","chr6","137681509","137681779","3","4245331"
"chr6","133582170","133582469","chr6","137823042","137823326","17","4240872"
"chr6","133781006","133781284","chrX","100930257","100930537","31","32850749"
"chr6","133811235","133811522","chr6","138056092","138056379","4","4244857"
"chr6","133811584","133811888","chr15","17206872","17207181","42","116604712"
"chr6","133831073","133831363","chrX","49683092","49683385","36","84147981"
"chr6","133841315","133841628","chr6","138089644","138089952","14","4248329"
"chr6","133907287","133907532","chr6","138157212","138157459","5","4249925"
"chr6","133929820","133930135","chr2","142100029","142100348","62","8170209"
"chr6","133943472","133943771","chr3","5459660","5459959","34","128483812"
"chr6","133952274","133952559","chr6","138201646","138201931","9","4249372"
"chr6","133959235","133959508","chr11","116214085","116214356","49","17745150"
"chr6","133964254","133964556","chrX","40224083","40224385","34","93740171"
"chr6","134042168","134042440","chr6","138291968","138292240","2","4249800"
"chr6","134051436","134051740","chr6","138301257","138301558","9","4249821"
"chr6","134052189","134052441","chr6","138302007","138302259","3","4249818"
"chr6","134082821","134083117","chr17","31089203","31089507","39","102993618"
"chr6","134112677","134112980","chr6","138362025","138362332","9","4249348"
"chr6","134115127","134115423","chr6","138365152","138365449","4","4250025"
"chr6","134157436","134157740","chr6","138406165","138406469","6","4248729"
"chr6","134211680","134211977","chr6","138458999","138459305","14","4247319"
"chr6","134233463","134233771","chr8","122970792","122971096","43","11262671"
"chr6","134249580","134249882","chr6","138502996","138503298","6","4253416"
"chr6","134280041","134280341","chr6","138542476","138542780","7","4262435"
"chr6","134361511","134361815","chr6","138623503","138623802","9","4261992"
"chr6","134515630","134515932","chr6","138782790","138783094","6","4267160"
"chr6","134547165","134547460","chr6","138814712","138815006","8","4267547"
"chr6","134558619","134558902","chr6","138826458","138826740","3","4267839"
"chr6","134675365","134675613","chr6","138948058","138948302","9","4272693"
"chr6","134864231","134864515","chr6","139135195","139135479","2","4270964"
"chr6","134882255","134882552","chr15","110220259","110220555","35","24661996"
"chr6","134887022","134887297","chr2","203392947","203393223","39","68505925"
"chr6","134926441","134926726","chr6","139197058","139197343","1","4270617"
"chr6","134973893","134974187","chrX","87548407","87548695","56","47425486"
"chr6","134974828","134975089","chr6","139243888","139244144","10","4269060"
"chr6","134996068","134996341","chr7","51321295","51321568","42","83674773"
"chr6","135038485","135038775","chr1","158906701","158906989","31","23868216"
"chr6","135064875","135065141","chr6","139336528","139336805","14","4271653"
"chr6","135071990","135072291","chr19","41887291","41887592","32","93184699"
"chr6","135077867","135078135","chr6","139358434","139358710","12","4280567"
"chr6","135084479","135084787","chr6","139365458","139365786","23","4280979"
"chr6","135108725","135109022","chr6","139389741","139390031","13","4281016"
"chr6","135349440","135349733","chr6","139629308","139629598","10","4279868"
"chr6","135431239","135431527","chr6","139709157","139709462","19","4277918"
"chr6","135573614","135573837","chr6","139856492","139856715","4","4282878"
"chr6","135585475","135585782","chr6","139869394","139869701","10","4283919"
"chr6","135698118","135698415","chr16","9993147","9993446","38","125704971"
"chr6","135708555","135708845","chr3","154421512","154421804","35","18712957"
"chr6","135736085","135736384","chr6","140012546","140012846","11","4276461"
"chr6","135756651","135756950","chr7","66493726","66494017","41","69262925"
"chr6","135777057","135777221","chr4","53164382","53164549","34","82612675"
"chr6","135796990","135797293","chr6","140077408","140077703","13","4280418"
"chr6","135818833","135819118","chr6","140098827","140099112","9","4279994"
"chr6","135832042","135832342","chr6","140112349","140112649","7","4280307"
"chr6","135848384","135848672","chr6","140128996","140129288","9","4280612"
"chr6","135876142","135876441","chr6","140158220","140158520","9","4282078"
"chr6","135896908","135897211","chr10","81915130","81915433","37","53981778"
"chr6","136015108","136015430","chr5","121761922","121762226","50","14253186"
"chr6","136139051","136139357","chr6","140410016","140410322","9","4270965"
"chr6","136168774","136169085","chr6","140440351","140440653","11","4271577"
"chr6","136191548","136191860","chr6","102452914","102453221","40","33738634"
"chr6","136279956","136280253","chr8","33494747","33495044","33","102785209"
"chr6","136312290","136312589","chr6","140584307","140584602","11","4272017"
"chr6","136388584","136388875","chr1","8038697","8038989","33","128349887"
"chr6","136394957","136395246","chr16","11394050","11394318","67","125000907"
"chr6","136543498","136543787","chr6","140815049","140815345","12","4271551"
"chr6","136575667","136575960","chr8","124512414","124512711","32","12063253"
"chr6","136670277","136670571","chr11","94996337","94996634","39","41673940"
"chr6","136764119","136764427","chr6","141036685","141036991","10","4272566"
"chr6","136782324","136782642","chr6","141054778","141055090","10","4272454"
"chr6","136869288","136869572","chr6","141141402","141141685","7","4272114"
"chr6","136975738","136976035","chr6","141247457","141247751","10","4271719"
"chr6","136982761","136983094","chr6","141254648","141254988","19","4271887"
"chr6","137002101","137002405","chr6","141277371","141277675","3","4275270"
"chr6","137011717","137012020","chr6","141287152","141287460","11","4275435"
"chr6","137032315","137032621","chr6","141307751","141308054","10","4275436"
"chr6","137071745","137071894","chr11","48460194","48460329","33","88611551"
"chr6","137074919","137075217","chr6","141350359","141350655","8","4275440"
"chr6","137190401","137190687","chr6","141468082","141468378","14","4277681"
"chr6","137208275","137208568","chr6","141485949","141486241","5","4277674"
"chr6","137567343","137567651","chr8","22420232","22420540","32","115147111"
"chr6","137657202","137657507","chr1","188065073","188065376","40","50407871"
"chr6","137797713","137797999","chr6","142082513","142082805","12","4284800"
"chr6","137803960","137804263","chr6","142088747","142089046","9","4284787"
"chr6","137943148","137943449","chr6","142265085","142265382","19","4321937"
"chr6","138054359","138054660","chr6","142373766","142374075","12","4319407"
"chr6","138172934","138173219","chr4","123382191","123382485","41","14790743"
"chr6","138255697","138255992","chr6","142620045","142620327","18","4364348"
"chr6","138696439","138696721","chr6","143102513","143102795","5","4406074"
"chr6","138747159","138747455","chr16","62065069","62065362","31","76682090"
"chr6","139068175","139068446","chr6","143554984","143555252","7","4486809"
"chr6","139123485","139123760","chr7","13939704","13939993","41","125183781"
"chr6","139163710","139164009","chr6","143639350","143639651","12","4475640"
"chr6","139298493","139298811","chr6","143795791","143796105","5","4497298"
"chr6","139625366","139625663","chr1","25871701","25871993","39","113753665"
"chr6","139632833","139633122","chr6","144134675","144134955","15","4501842"
"chr6","139645027","139645326","chr6","144147640","144147940","9","4502613"
"chr6","139672146","139672453","chr6","144174386","144174692","4","4502240"
"chr6","139720297","139720590","chr6","144221673","144221967","7","4501376"
"chr6","139744757","139745037","chr6","144247281","144247561","4","4502524"
"chr6","139749475","139749772","chr6","144251313","144251608","8","4501838"
"chr6","139759145","139759439","chr6","144270661","144270968","14","4511516"
"chr6","139787471","139787780","chr6","144300402","144300708","7","4512931"
"chr6","139825377","139825684","chr8","8950776","8951087","39","130874601"
"chr6","139841099","139841392","chr6","144356026","144356319","6","4514927"
"chr6","140278467","140278772","chr6","144810962","144811262","7","4532495"
"chr6","140372563","140372848","chr6","144910198","144910482","6","4537635"
"chr6","140435607","140435905","chr6","144977169","144977471","8","4541562"
"chr6","140484615","140484901","chr6","145026618","145026862","45","4542003"
"chr6","140487073","140487332","chr6","145029041","145029300","3","4541968"
"chr6","140507810","140508105","chr10","5729998","5730296","36","134777812"
"chr6","140515862","140516144","chr6","145059212","145059494","5","4543350"
"chr6","140602227","140602536","chr6","145156409","145156726","12","4554182"
"chr6","140674413","140674708","chr6","145227782","145228074","10","4553369"
"chr6","140818611","140818913","chr10","62331135","62331441","40","78487476"
"chr6","141081688","141081986","chr6","145627283","145627594","16","4545595"
"chr6","141179416","141179667","chr1","39879374","39879636","44","101300042"
"chr6","141226713","141227005","chr6","145773338","145773632","18","4546625"
"chr6","141334768","141335057","chr6","145880473","145880766","13","4545705"
"chr6","141349798","141350096","chr6","145906572","145906868","26","4556774"
"chr6","141373908","141374210","chr6","145929862","145930167","5","4555954"
"chr6","141442654","141442939","chr6","145997055","145997349","13","4554401"
"chr6","142191960","142192248","chr6","146739902","146740190","6","4547942"
"chr6","142526638","142526984","chr16","46527614","46527927","61","95999024"
"chr6","142812373","142812671","chr6","147366317","147366619","12","4553944"
"chr6","142951670","142951977","chr6","147506415","147506722","3","4554745"
"chr6","142978939","142979240","chr6","147533794","147534095","7","4554855"
"chr6","143026482","143026788","chr6","147581375","147581681","4","4554893"
"chr6","143041656","143041985","chr8","142446067","142446388","48","595589"
"chr6","143124956","143125250","chr4","123382191","123382485","33","19742765"
"chr6","143130054","143130324","chr3","181278916","181279178","45","38148862"
"chr6","143169689","143169998","chr6","147733417","147733723","9","4563728"
"chr6","143175137","143175435","chr6","147738870","147739167","6","4563733"
"chr6","143232886","143233204","chr6","147800529","147800842","13","4567643"
"chr6","143243698","143243997","chr6","147811083","147811392","16","4567385"
"chr6","143277706","143277986","chr6","147845131","147845416","10","4567425"
"chr6","143296528","143296830","chr6","147864395","147864701","10","4567867"
"chr6","143439478","143439774","chr6","148009161","148009457","6","4569683"
"chr6","143488571","143488848","chr14","33965254","33965529","31","109523317"
"chr6","143649291","143649571","chr1","188142122","188142399","34","44492831"
"chr6","143692028","143692316","chr6","148262974","148263265","6","4570946"
"chr6","143976546","143976822","chr6","148545153","148545427","2","4568607"
"chr6","143987807","143988099","chr6","148558081","148558374","5","4570274"
"chr6","143996849","143997158","chr6","148566533","148566843","12","4569684"
"chr6","144037052","144037360","chr6","148605195","148605501","7","4568143"
"chr6","144041708","144042017","chr6","148610899","148611206","7","4569191"
"chr6","144054121","144054412","chr2","94361123","94361420","36","49692998"
"chr6","144103225","144103533","chr6","148672177","148672478","13","4568952"
"chr6","144105427","144105722","chr6","148674367","148674661","7","4568940"
"chr6","144230623","144230922","chr6","148821759","148822054","18","4591136"
"chr6","144237974","144238228","chr6","148829119","148829397","33","4591145"
"chr6","144354207","144354497","chr6","148946961","148947250","4","4592754"
"chr6","144362648","144362952","chr6","148955482","148955786","8","4592834"
"chr6","144506451","144506764","chr6","149085642","149085953","8","4579191"
"chr6","144660762","144661049","chr6","149239280","149239563","5","4578518"
"chr6","144673554","144673858","chr6","149252873","149253177","8","4579319"
"chr6","144685913","144686204","chr6","149264997","149265302","31","4579084"
"chr6","144929883","144930193","chr19","20631949","20632258","43","124297934"
"chr6","145026159","145026464","chr16","68417177","68417484","36","76608982"
"chr6","145160224","145160529","chr9","9863440","9863745","44","135296784"
"chr6","145315623","145315921","chr6","149914157","149914456","3","4598534"
"chr6","145333355","145333640","chr6","149931894","149932188","15","4598539"
"chr6","145377232","145377501","chr6","149975597","149975867","4","4598365"
"chr6","145526548","145526825","chr6","150118544","150118821","4","4591996"
"chr6","145558118","145558405","chr6","150145819","150146108","8","4587701"
"chr6","145730265","145730572","chr6","150316239","150316547","7","4585974"
"chr6","145737322","145737637","chr6","150323302","150323617","2","4585980"
"chr6","146122105","146122392","chr6","150725182","150725469","3","4603077"
"chr6","146201404","146201652","chr6","150800828","150801076","10","4599424"
"chr6","146282887","146283187","chr6","150886695","150886995","7","4603808"
"chr6","146732022","146732326","chr6","151335062","151335369","7","4603040"
"chr6","146817804","146818094","chr1","31482751","31483040","33","115335053"
"chr6","146835070","146835362","chr6","151427278","151427552","22","4592208"
"chr6","147157518","147157823","chr6","151801156","151801461","11","4643638"
"chr6","147281577","147281911","chr6","151922985","151923309","16","4641408"
"chr6","147331964","147332269","chr6","151968341","151968645","8","4636377"
"chr6","147423747","147424048","chr6","152058443","152058744","5","4634696"
"chr6","147645613","147645904","chr6","152282249","152282540","3","4636636"
"chr6","147666029","147666335","chr6","152302033","152302335","11","4636004"
"chr6","147930221","147930518","chr6","152569918","152570208","11","4639697"
"chr6","148008067","148008363","chr5","15489130","15489426","34","132518937"
"chr6","148055867","148056155","chr6","152695564","152695852","7","4639697"
"chr6","148064665","148064954","chr5","51093281","51093567","38","96971384"
"chr6","148104955","148105263","chr10","20914648","20914954","41","127190307"
"chr6","148129547","148129851","chr3","165033522","165033818","38","16903975"
"chr6","148141975","148142291","chr6","152785046","152785354","14","4643071"
"chr6","148153632","148153921","chr6","152797432","152797723","9","4643800"
"chr6","148170598","148170890","chr6","152814831","152815125","12","4644233"
"chr6","148195040","148195352","chr1","12281473","12281782","51","135913567"
"chr6","148233856","148234153","chr6","152875361","152875661","6","4641505"
"chr6","148276367","148276655","chr6","152918820","152919108","7","4642453"
"chr6","148285657","148285953","chr6","152928116","152928419","8","4642459"
"chr6","148289248","148289538","chr6","152931704","152931995","3","4642456"
"chr6","148325082","148325328","chr14","110102076","110102316","40","38223006"
"chr6","148331167","148331481","chr6","152975451","152975734","35","4644284"
"chr6","148573663","148573935","chr6","153220550","153220821","14","4646887"
"chr6","148588587","148588852","chr6","153235466","153235729","10","4646879"
"chr6","148709647","148709933","chr6","153357943","153358229","10","4648296"
"chr6","148981213","148981516","chr6","153636977","153637280","5","4655764"
"chr6","149325869","149326159","chr6","154025573","154025860","8","4699704"
"chr6","149404435","149404812","chr6","140056314","140056674","79","9348121"
"chr6","149543794","149544049","chr6","154240444","154240699","2","4696650"
"chr6","149858669","149858975","chr6","154556770","154557054","34","4698101"
"chr6","149967996","149968297","chr6","154664652","154664959","8","4696656"
"chr6","150013276","150013554","chr6","154704580","154704858","4","4691304"
"chr6","150081608","150081911","chr3","15557621","15557925","43","134523987"
"chr6","150098422","150098727","chr6","154791045","154791344","18","4692623"
"chr6","150118834","150119137","chr6","154810764","154811059","14","4691930"
"chr6","150245462","150245756","chr6","154936289","154936583","14","4690827"
"chr6","150435530","150435820","chr2","184284493","184284784","43","33848963"
"chr6","150447284","150447587","chr4","1179209","1179510","33","149268075"
"chr6","150489379","150489607","chr6","155186760","155186987","9","4697381"
"chr6","150531894","150532200","chr6","155230180","155230484","5","4698286"
"chr6","150534713","150535003","chr6","155233025","155233315","2","4698312"
"chr6","150539612","150539896","chr6","155237762","155238047","5","4698150"
"chr6","150641341","150641611","chr1","112594034","112594304","38","38047307"
"chr6","150665586","150665846","chr6","155365977","155366238","4","4700391"
"chr6","150790575","150790855","chr6","155494131","155494402","16","4703556"
"chr6","150803728","150804014","chr6","155507261","155507544","8","4703533"
"chr6","150827303","150827598","chr6","155530641","155530932","15","4703338"
"chr6","150893237","150893585","chr16","15403372","15403724","61","135489865"
"chr6","151087527","151087828","chr6","155768342","155768646","6","4680815"
"chr6","151134103","151134385","chr6","155815858","155816149","14","4681755"
"chr6","151204679","151204977","chr6","155881712","155882011","9","4677033"
"chr6","151301440","151301704","chr16","50000801","50001070","41","101300639"
"chr6","151346897","151347201","chr6","156052923","156053223","12","4706026"
"chr6","151356630","151356899","chr6","156061821","156062100","15","4705191"
"chr6","151377013","151377319","chr6","156082588","156082872","31","4705575"
"chr6","151381416","151381721","chr6","156086797","156087102","4","4705381"
"chr6","151383864","151384203","chr9","6157367","6157685","71","145226497"
"chr6","151388504","151388804","chr6","156093565","156093865","9","4705061"
"chr6","151394661","151394974","chr6","156100787","156101093","28","4706126"
"chr6","151416813","151417002","chr16","49948504","49948698","36","101468309"
"chr6","151417395","151417507","chr1","69148226","69148343","20","82269169"
"chr6","151513369","151513653","chr18","23532208","23532492","45","127981161"
"chr6","151534762","151535050","chr6","156239265","156239553","12","4704503"
"chr6","151969665","151969948","chr6","156679569","156679878","29","4709904"
"chr6","151982650","151982909","chr6","156690857","156691116","12","4708207"
"chr6","152248990","152249281","chr6","156958313","156958619","21","4709323"
"chr6","152384796","152385101","chr20","12939379","12939679","33","139445417"
"chr6","152471647","152471955","chr6","157188219","157188527","4","4716572"
"chr6","152572677","152572914","chr6","157288438","157288674","1","4715761"
"chr6","152574801","152575100","chr6","157290565","157290866","5","4715764"
"chr6","152737287","152737581","chr6","157453176","157453470","6","4715889"
"chr6","153015832","153016132","chr6","157736630","157736930","1","4720798"
"chr6","153102003","153102312","chr6","157874586","157874894","7","4772583"
"chr6","153314606","153314902","chr6","158089316","158089607","10","4774710"
"chr6","153473791","153474082","chr6","158243839","158244130","3","4770048"
"chr6","153504316","153504631","chr6","158272782","158273073","31","4768466"
"chr6","153517194","153517488","chr6","158284550","158284844","6","4767356"
"chr6","153583664","153583960","chr6","158353617","158353922","21","4769953"
"chr6","153639160","153639431","chr6","158407589","158407861","12","4768429"
"chr6","153661339","153661628","chr3","9815507","9815802","39","143845832"
"chr6","153664718","153665013","chr6","158431287","158431587","11","4766569"
"chr6","153739733","153740041","chr6","158504284","158504594","20","4764551"
"chr6","153819350","153819641","chr6","140690923","140691214","38","13128427"
"chr6","153822956","153823251","chr6","158589693","158589987","6","4766737"
"chr6","153883705","153884012","chr6","158650283","158650590","5","4766578"
"chr6","153917354","153917638","chr6","158684753","158685036","4","4767399"
"chr6","154027440","154027755","chr6","158796000","158796311","16","4768560"
"chr6","154108188","154108489","chr19","43505025","43505327","37","110603163"
"chr6","154235747","154236042","chr6","159015546","159015841","7","4779799"
"chr6","154384740","154385039","chr6","159167580","159167881","10","4782840"
"chr6","154575427","154575733","chr6","159355354","159355654","22","4779927"
"chr6","154915133","154915426","chr6","159692913","159693207","17","4777780"
"chr6","154941081","154941363","chr6","159719319","159719583","23","4778238"
"chr6","154994436","154994745","chr6","159774218","159774527","7","4779782"
"chr6","155145920","155146211","chr6","159942827","159943115","8","4796907"
"chr6","155246806","155247142","chr1","21854402","21854737","55","133392404"
"chr6","155673106","155673383","chr8","76413611","76413891","32","79259495"
"chr6","155996249","155996552","chr6","160807187","160807488","10","4810938"
"chr6","155999514","155999826","chr1","159978020","159978317","47","3978506"
"chr6","156116507","156116755","chr6","160929929","160930178","4","4813422"
"chr6","156179172","156179459","chr6","160993358","160993645","12","4814186"
"chr6","156247106","156247404","chr2","126151048","126151361","72","30096058"
"chr6","156376183","156376331","chr6","161184819","161184967","2","4808636"
"chr6","156552575","156552876","chr6","161356564","161356865","11","4803989"
"chr6","156557195","156557480","chr7","138974415","138974693","44","17582780"
"chr6","156678672","156678979","chr6","161484371","161484676","10","4805699"
"chr6","156801235","156801464","chr3","3788512","3788743","36","153012723"
"chr6","156900400","156900706","chr15","30207368","30207669","35","126693032"
"chr6","156929775","156930072","chr20","18686559","18686857","37","138243216"
"chr6","157225731","157225873","chr5","39529825","39529964","13","117695906"
"chr6","157364517","157364807","chr6","162085774","162086063","6","4721257"
"chr6","157713069","157713371","chr6","162434139","162434445","17","4721070"
"chr6","157945377","157945682","chr1","42771177","42771482","40","115174200"
"chr6","157970705","157971013","chr6","162685243","162685552","11","4714538"
"chr6","158085253","158085558","chr6","162799818","162800119","12","4714565"
"chr6","158086220","158086528","chr6","162799818","162800119","14","4713598"
"chr6","158106449","158106768","chr6","162819176","162819482","15","4712727"
"chr6","158136551","158136791","chr19","11862832","11863070","34","146273719"
"chr6","158150108","158150423","chr1","32067065","32067365","42","126083043"
"chr6","158170663","158170966","chr2","102744542","102744845","36","55426121"
"chr6","158530679","158530996","chr5","155610254","155610562","41","2920425"
"chr6","158798584","158798890","chr6","163503634","163503933","15","4705050"
"chr6","158852398","158852705","chr16","58679852","58680150","39","100172546"
"chr6","158873958","158874263","chr6","163579584","163579892","11","4705626"
"chr6","158934502","158934802","chr1","44952108","44952406","42","113982394"
"chr6","158946940","158947235","chr6","163654879","163655170","9","4707939"
"chr6","159167810","159168110","chr15","10513878","10514163","74","148653932"
"chr6","159321620","159321889","chr7","51321295","51321568","42","108000325"
"chr6","159355671","159355963","chr6","164120128","164120439","26","4764457"
"chr6","159357363","159357648","chr6","164121807","164122111","28","4764444"
"chr6","159439841","159440136","chr6","164259300","164259602","12","4819459"
"chr6","159464716","159465015","chr6","164284154","164284461","15","4819438"
"chr6","159508569","159508862","chr6","164328496","164328782","11","4819927"
"chr6","159511890","159512198","chr1","39989942","39990243","31","119521948"
"chr6","159532793","159533031","chr6","164359675","164359915","6","4826882"
"chr6","159620088","159620370","chr6","164448565","164448847","3","4828477"
"chr6","159843593","159843902","chr15","98618110","98618417","35","61225483"
"chr6","159929733","159930048","chr6","164759901","164760216","16","4830168"
"chr6","160128304","160128581","chr6","164956919","164957197","16","4828615"
"chr6","160129919","160130216","chr16","6754769","6755065","35","153375150"
"chr6","160153413","160153714","chr6","164981510","164981809","12","4828097"
"chr6","160208689","160208998","chr19","13719074","13719375","40","146489615"
"chr6","160217543","160217835","chr6","165045626","165045932","19","4828083"
"chr6","160219193","160219490","chr6","165047318","165047617","7","4828125"
"chr6","160271125","160271419","chr6","165098927","165099219","5","4827802"
"chr6","160313147","160313450","chr6","165142362","165142670","22","4829215"
"chr6","160313560","160313864","chr6","165142783","165143084","17","4829223"
"chr6","160317649","160317952","chr6","165146836","165147139","4","4829187"
"chr6","160322040","160322344","chr6","165151165","165151464","6","4829125"
"chr6","160399159","160399454","chr6","165229156","165229464","19","4829997"
"chr6","160481947","160482230","chr3","124065516","124065796","37","36416431"
"chr6","160556233","160556502","chr8","28134464","28134730","48","132421769"
"chr6","160719844","160720158","chr6","165557274","165557595","18","4837430"
"chr6","160872476","160872773","chr6","165715397","165715702","11","4842921"
"chr6","161028712","161028996","chr6","165872739","165873023","2","4844027"
"chr6","161089783","161090098","chr6","165933465","165933780","6","4843682"
"chr6","161371421","161371714","chr6","166211212","166211532","30","4839791"
"chr6","161463351","161463625","chr19","14100276","14100554","40","147363075"
"chr6","161711950","161712249","chr6","166560131","166560430","1","4848181"
"chr6","161714041","161714349","chr6","166562225","166562527","14","4848184"
"chr6","161863852","161864118","chr6","166714632","166714905","9","4850780"
"chr6","161888822","161889122","chr6","166739818","166740121","5","4850996"
"chr6","161905637","161905929","chr14","56823261","56823557","35","105082376"
"chr6","161977473","161977758","chr17","76956608","76956893","36","85020865"
"chr6","162341244","162341535","chr6","167201023","167201324","27","4859779"
"chr6","162343498","162343784","chr14","29466634","29466916","37","132876864"
"chr6","162350227","162350518","chr6","167210168","167210465","11","4859941"
"chr6","162402785","162403088","chr6","167263676","167263979","7","4860891"
"chr6","162565248","162565517","chr6","167427858","167428127","8","4862610"
"chr6","162600451","162600744","chr6","167463090","167463383","18","4862639"
"chr6","162649244","162649547","chr6","167512747","167513041","24","4863503"
"chr6","162940205","162940514","chr6","167807994","167808303","6","4867789"
"chr6","162990791","162991090","chr6","167858160","167858458","10","4867369"
"chr6","163015269","163015578","chr8","34752726","34753035","42","128262543"
"chr6","163096984","163097263","chr6","167963673","167963952","1","4866689"
"chr6","163175557","163175863","chr6","168043251","168043557","3","4867694"
"chr6","163322695","163322947","chr6","168191884","168192134","11","4869189"
"chr6","163389077","163389221","chr7","23207945","23208093","23","140181132"
"chr6","163389222","163389236","chr7","20680418","20680430","4","142708804"
"chr6","163389708","163389830","chr2","190466477","190466602","14","27076769"
"chr6","163456173","163456481","chr6","168326192","168326482","24","4870019"
"chr6","163897382","163897690","chr6","168765237","168765521","28","4867855"
"chr6","164076076","164076377","chr1","9807196","9807495","38","154268880"
"chr6","164238136","164238422","chr6","169105258","169105544","3","4867122"
"chr6","164251011","164251312","chr3","165574800","165575101","36","1323789"
"chr6","164429202","164429463","chr6","169291431","169291696","8","4862229"
"chr6","164485622","164485922","chr6","169348262","169348533","32","4862640"
"chr6","164643207","164643506","chr6","169514691","169514990","3","4871484"
"chr6","164653896","164654194","chr6","169525509","169525823","27","4871613"
"chr6","164665927","164666233","chr6","169537819","169538123","9","4871892"
"chr6","164668574","164668879","chr6","169537819","169538123","6","4869245"
"chr6","164725734","164725878","chr6","169595394","169595538","1","4869660"
"chr6","164747862","164748007","chr6","169620381","169620527","3","4872519"
"chr6","164748876","164749022","chr20","11660080","11660229","40","153088796"
"chr6","164764552","164764846","chr6","169639110","169639404","7","4874558"
"chr6","164767859","164768172","chr6","169643075","169643373","21","4875216"
"chr6","164775188","164775492","chr6","169649859","169650156","17","4874671"
"chr6","164781222","164781458","chr6","169656569","169656805","2","4875347"
"chr6","164786407","164786704","chr6","169663005","169663304","6","4876598"
"chr6","164880159","164880453","chr6","169758271","169758566","11","4878112"
"chr6","165052244","165052512","chr6","169930523","169930793","8","4878279"
"chr6","165086808","165087113","chr6","169967491","169967806","26","4880683"
"chr6","165129127","165129425","chr6","170010362","170010664","11","4881235"
"chr6","165170418","165170725","chr6","170050090","170050394","15","4879672"
"chr6","165199116","165199425","chr6","68661840","68662145","35","96537276"
"chr6","165296193","165296493","chr6","170176047","170176346","9","4879854"
"chr6","165324325","165324603","chr6","170203940","170204218","4","4879615"
"chr6","165366869","165367165","chr6","170246613","170246911","3","4879744"
"chr6","165400745","165401033","chr6","170281325","170281595","29","4880580"
"chr6","165423742","165424045","chr6","170304458","170304759","12","4880716"
"chr6","165447874","165448186","chrX","3672786","3673095","38","161775088"
"chr6","165531791","165532095","chr6","170413317","170413624","13","4881526"
"chr6","165546618","165546930","chr6","170428207","170428519","3","4881589"
"chr6","165564458","165564765","chr6","170446589","170446894","4","4882131"
"chr6","165566839","165567136","chr6","170448693","170448990","4","4881854"
"chr6","165575232","165575527","chr4","36350234","36350532","35","129224998"
"chr6","165579858","165580147","chr8","129202065","129202359","31","36377793"
"chr6","165581327","165581613","chr1","29889793","29890077","36","135691534"
"chr6","165601198","165601433","chr5","159358053","159358289","40","6243145"
"chr6","165622981","165623292","chr6","170520531","170520829","24","4897550"
"chr6","165625161","165625476","chr6","170522284","170522574","55","4897123"
"chr6","165632869","165633167","chr6","170530174","170530472","5","4897305"
"chr6","165691155","165691443","chr6","170593283","170593571","4","4902128"
"chr6","165743788","165744074","chr6","170646476","170646763","6","4902688"
"chr6","165850103","165850261","chr7","125909722","125909889","37","39940381"
"chr6","165893397","165893648","chr6","170796689","170796943","9","4903292"
"chr6","166156074","166156379","chr3","139838963","139839269","41","26317111"
"chr6","166200048","166200329","chr6","171104732","171105015","10","4904684"
"chr6","166249483","166249785","chr1","112494754","112495056","39","53754729"
"chr6","166267570","166267871","chr6","171167151","171167450","3","4899581"
"chr6","166333540","166333827","chr6","171232011","171232312","38","4898471"
"chr6","166388358","166388644","chr18","67288356","67288650","47","99100002"
"chr6","166401535","166401876","chr6","171299915","171300226","34","4898380"
"chr6","166408832","166409137","chr6","171307153","171307458","5","4898321"
"chr6","166415649","166415948","chr6","171313669","171313969","18","4898020"
"chr6","166425612","166425913","chr6","171323918","171324217","6","4898306"
"chr6","166440055","166440328","chr1","34227169","34227449","34","132212886"
"chr6","166449393","166449702","chr7","111674613","111674922","42","54774780"
"chr6","166472181","166472470","chr6","171375653","171375942","3","4903472"
"chr6","166540855","166541143","chr17","54484349","54484642","33","112056506"
"chr6","166834606","166834905","chr6","171740127","171740427","7","4905521"
"chr6","167008723","167009021","chr6","171917051","171917343","9","4908328"
"chr6","167023414","167023717","chr6","171931701","171932004","8","4908287"
"chr6","167195134","167195422","chr17","78241741","78242033","41","88953393"
"chr6","167277851","167278140","chr6","172189281","172189572","13","4911430"
"chr6","167338231","167338511","chr6","172251453","172251735","5","4913222"
"chr6","167366223","167366526","chr6","172279295","172279596","10","4913072"
"chr6","167412594","167412889","chr6","172323391","172323686","15","4910797"
"chr6","167497419","167497712","chr6","172430778","172431077","14","4933359"
"chr6","167650925","167651229","chr6","172590582","172590882","20","4939657"
"chr6","167712420","167712731","chr2","41981637","41981942","42","125730783"
"chr6","167852201","167852509","chrX","107017808","107018117","37","60834393"
"chr6","167924898","167925202","chr6","172863647","172863946","7","4938749"
"chr6","167944126","167944419","chr6","172883554","172883849","5","4939428"
"chr6","167984970","167985251","chr7","139506597","139506877","33","28478373"
"chr6","167992788","167993085","chr1","52311437","52311735","32","115681351"
"chr6","168045731","168046016","chr6","172983145","172983433","7","4937414"
"chr6","168053436","168053749","chr1","161456811","161457120","41","6596625"
"chr6","168075931","168076227","chr6","173014921","173015221","11","4938990"
"chr6","168142622","168142916","chr6","173081920","173082213","11","4939298"
"chr6","168151306","168151609","chr1","44004494","44004799","34","124146812"
"chr6","168341426","168341719","chr6","173279709","173280008","15","4938283"
"chr6","168442682","168442981","chr16","25975302","25975604","37","142467380"
"chr6","168480030","168480330","chr6","173505479","173505779","6","5025449"
"chr6","168525988","168526297","chr15","92598445","92598754","28","75927543"
"chr6","168653158","168653462","chr9","127740820","127741115","49","40912338"
"chr6","168854340","168854635","chrX","44627777","44628073","33","124226563"
"chr6","168930254","168930535","chr6","173948893","173949189","29","5018639"
"chr6","168941135","168941444","chr6","173959751","173960071","16","5018616"
"chr6","168994614","168994923","chr12","100526415","100526724","37","68468199"
"chr6","169005481","169005789","chr15","56843173","56843482","34","112162308"
"chr6","169087096","169087387","chr6","174105938","174106221","12","5018842"
"chr6","169243314","169243615","chr6","174270801","174271097","16","5027487"
"chr6","169342571","169342876","chr6","174386993","174387291","12","5044422"
"chr6","169355333","169355648","chr3","147643864","147644178","49","21711469"
"chr6","169402899","169403189","chr13","7669601","7669895","30","161733298"
"chr6","169414430","169414728","chr6","174460993","174461289","20","5046563"
"chr6","169428124","169428399","chr4","111126784","111127059","36","58301340"
"chr6","169475537","169475821","chr10","17502109","17502399","46","151973428"
"chr6","169484414","169484710","chr2","87131337","87131630","44","82353077"
"chr6","169585044","169585353","chr6","174696017","174696326","5","5110973"
"chr6","169690315","169690573","chr6","174801621","174801897","20","5111306"
"chr6","169691581","169691873","chr19","33673355","33673647","35","136018226"
"chr6","169698845","169699127","chr1","34227169","34227449","35","135471676"
"chr6","169804951","169805259","chr6","179801246","179801553","40","9996295"
"chr6","169868353","169868552","chr8","28666786","28666988","29","141201567"
"chr6","169898470","169898773","chr6","175003590","175003892","6","5105120"
"chr6","170143616","170143911","chr6","175295001","175295296","5","5151385"
"chr6","170275558","170275842","chr1","31482751","31483040","33","138792807"
"chr6","170327749","170328028","chr6","175580266","175580545","3","5252517"
"chr6","170370931","170371239","chr6","175633490","175633796","6","5262559"
"chr6","170412456","170412736","chr6","175675556","175675836","4","5263100"
"chr6","170464731","170465040","chr1","188982583","188982888","38","18517852"
"chr6","170553600","170553919","chr13","54790758","54791064","53","115762842"
"chr6","170615780","170616084","chr6","175890343","175890648","12","5274563"
"chr6","170777651","170777930","chr6","176062819","176063098","2","5285168"
"chr6","170833965","170834258","chr1","50522672","50522965","34","120311293"
"chr6","170973206","170973510","chr6","176264452","176264744","23","5291246"
"chr6","171140309","171140598","chr6","176418252","176418543","10","5277943"
"chr6","171169277","171169502","chr3","116584477","116584693","40","54584800"
"chr6","171291545","171291854","chr6","176584240","176584547","11","5292695"
"chr6","171349328","171349627","chr9","17622895","17623191","35","153726433"
"chr6","171377626","171377898","chr9","101662595","101662868","39","69715031"
"chr6","171384735","171385011","chr13","87151541","87151819","43","84233194"
"chr6","171442336","171442638","chr9","93669060","93669357","40","77773276"
"chr6","171517662","171517962","chr6","176821014","176821314","9","5303352"
"chr6","171597108","171597403","chr6","176898667","176898960","5","5301559"
"chr6","171729622","171729918","chr11","94996337","94996634","35","76733285"
"chr6","171730618","171730940","chr6","177034593","177034885","34","5303975"
"chr6","171824046","171824339","chr1","221572816","221573118","43","49748770"
"chr6","171855618","171855920","chr6","177161800","177162106","17","5306182"
"chr6","171860019","171860323","chr6","177166176","177166482","10","5306157"
"chr6","171884717","171884850","chr6","177188850","177188982","4","5304133"
"chr6","171910051","171910346","chr6","177215270","177215565","2","5305219"
"chr6","171923445","171923742","chr6","177229098","177229391","9","5305653"
"chr6","171994759","171995012","chr6","177366327","177366576","13","5371568"
"chr6","172001745","172002008","chr6","177374226","177374520","53","5372481"
"chr6","172210870","172211150","chr6","177576442","177576722","9","5365572"
"chr6","172313597","172313871","chr6","177686225","177686499","7","5372628"
"chr6","172354442","172354735","chr3","154421512","154421804","32","17932930"
"chr6","172482898","172483158","chr6","177916482","177916720","26","5433584"
"chr6","172483279","172483579","chr3","125906834","125907136","39","46576445"
"chr6","172697183","172697484","chr11","27892620","27892922","39","144804563"
"chr6","172742985","172743278","chr6","176454893","176455178","11","3711908"
"chr6","172751500","172751654","chr6","178156071","178156225","4","5404571"
"chr6","172762478","172762785","chr6","178169951","178170241","27","5407473"
"chr6","172771869","172772161","chr6","178179591","178179883","6","5407722"
"chr6","172778782","172779086","chr6","178186200","178186509","10","5407418"
"chr6","172781505","172781812","chr5","16888355","16888663","30","155893150"
"chr6","172797457","172797746","chr6","178204923","178205212","0","5407466"
"chr6","172838958","172839258","chr6","178245057","178245349","33","5406099"
"chr6","172846340","172846635","chr6","178254405","178254697","14","5408065"
"chr6","172858208","172858508","chr6","178265623","178265921","8","5407415"
"chr6","172861436","172861590","chr6","178156071","178156225","5","5294635"
"chr6","172975200","172975489","chr6","178401915","178402203","3","5426715"
"chr6","172987909","172988218","chr6","178416129","178416441","13","5428220"
"chr6","173003945","173004241","chr6","178432144","178432438","8","5428199"
"chr6","173004708","173005004","chr6","178432915","178433211","4","5428207"
"chr6","173046841","173047149","chr6","178474484","178474792","10","5427643"
"chr6","173047662","173047970","chr16","45883654","45883959","40","127164008"
"chr6","173093236","173093534","chr6","178520874","178521176","14","5427638"
"chr6","173095788","173096088","chr5","37265492","37265795","38","135830296"
"chr6","173277824","173278126","chr6","178705669","178705969","7","5427845"
"chr6","173287980","173288281","chr6","178716400","178716672","50","5428420"
"chr6","173306613","173306924","chr6","178734274","178734586","15","5427661"
"chr6","173358371","173358676","chr6","178783941","178784240","16","5425570"
"chr6","173362092","173362347","chr6","178787227","178787483","6","5425135"
"chr6","173364229","173364484","chr6","178787227","178787483","6","5422998"
"chr6","173385137","173385424","chr6","178811270","178811557","6","5426133"
"chr6","173426839","173427144","chr2","116143847","116144156","41","57282992"
"chr6","173450032","173450325","chr6","178877672","178877964","11","5427640"
"chr6","173485702","173485990","chr6","178913172","178913460","3","5427470"
"chr6","173521005","173521304","chr6","178948116","178948415","7","5427111"
"chr6","173625888","173626193","chr6","179058280","179058593","32","5432392"
"chr6","173677985","173678116","chr6","179163311","179163443","5","5485326"
"chr6","173700552","173700848","chr6","179182405","179182701","3","5481853"
"chr6","173714440","173714707","chr6","179193881","179194148","5","5479441"
"chr6","173724345","173724646","chr6","179203780","179204067","24","5479435"
"chr6","173727924","173728232","chr1","63216852","63217153","43","110511072"
"chr6","173739015","173739318","chr6","179215558","179215861","13","5476543"
"chr6","173804938","173805241","chr6","179287319","179287602","28","5482381"
"chr6","173830373","173830674","chr6","179312246","179312517","37","5481873"
"chr6","173900696","173900973","chr6","179384603","179384879","11","5483907"
"chr6","173900998","173901240","chr6","179384905","179385146","14","5483907"
"chr6","174019840","174020131","chr6","179500810","179501105","11","5480970"
"chr6","174035930","174036230","chr6","179517344","179517646","10","5481414"
"chr6","174188851","174189145","chr6","179840733","179841026","11","5651882"
"chr6","174291468","174291751","chr1","90050444","90050742","44","84241024"
"chr6","174298280","174298613","chr6","179975020","179975311","50","5676740"
"chr6","174421193","174421484","chr3","154421512","154421804","36","19999681"
"chr7","119537483","119537788","chr7","125077963","125078267","4","5540480"
"chr7","1179459","1179765","chr2","93185519","93185812","40","92006060"
"chr7","4325223","4325502","chr7","77342","77621","1","4247881"
"chr7","11140984","11141284","chr7","12776830","12777131","21","1635846"
"chr7","39059312","39059470","chr19","51444877","51445036","39","12385565"
"chr7","45650","45953","chr16","45883654","45883959","39","45838004"
"chr7","146116","146421","chr7","479923","480228","3","333807"
"chr7","334465","334774","chr7","668060","668370","3","333595"
"chr7","526261","526567","chr7","152675411","152675718","33","152149150"
"chr7","634417","634717","chr7","966759","967063","12","332342"
"chr7","651426","651718","chr7","984212","984503","3","332786"
"chr7","671443","671755","chr9","118850452","118850760","35","118179009"
"chr7","723563","723858","chr7","1056190","1056485","4","332627"
"chr7","728476","728777","chr7","1060674","1060974","12","332198"
"chr7","1046781","1047057","chr15","35060698","35060982","43","34013917"
"chr7","1060498","1060782","chr7","1705760","1706044","10","645262"
"chr7","1071173","1071471","chr7","1716815","1717113","4","645642"
"chr7","1077417","1077695","chr8","76413611","76413891","37","75336194"
"chr7","1127482","1127783","chr7","1773465","1773766","3","645983"
"chr7","1148978","1149280","chr18","34881303","34881600","44","33732325"
"chr7","1153125","1153425","chr7","135324983","135325287","31","134171858"
"chr7","1167130","1167424","chr7","1815358","1815657","11","648228"
"chr7","1173865","1174164","chr7","1818613","1818901","17","644748"
"chr7","1178204","1178481","chr3","86818205","86818483","37","85640001"
"chr7","1185505","1185816","chr11","49859030","49859338","42","48673525"
"chr7","1188195","1188488","chr7","1835973","1836267","15","647778"
"chr7","1201660","1201937","chr7","1849384","1849656","10","647724"
"chr7","1233525","1233819","chr3","178720612","178720906","33","177487087"
"chr7","1244214","1244494","chr4","30749508","30749793","37","29505294"
"chr7","1252175","1252472","chr7","1900192","1900487","5","648017"
"chr7","1529045","1529336","chr10","37877989","37878281","34","36348944"
"chr7","1538670","1538979","chr7","2191187","2191495","9","652517"
"chr7","1547429","1547739","chr17","54300989","54301303","32","52753560"
"chr7","1593280","1593594","chrX","40224083","40224385","44","38630803"
"chr7","1707385","1707687","chr7","2796699","2797000","6","1089314"
"chr7","2027542","2027792","chr7","3678780","3679027","12","1651238"
"chr7","2224251","2224545","chr7","3481906","3482209","20","1257655"
"chr7","2350080","2350398","chr7","17647718","17648024","57","15297638"
"chr7","2405408","2405717","chr7","3299374","3299683","6","893966"
"chr7","2448293","2448597","chr7","3256739","3257043","9","808446"
"chr7","2518942","2519245","chr7","3186800","3187093","17","667858"
"chr7","2534840","2535133","chr7","3171195","3171490","13","636355"
"chr7","2550973","2551278","chr7","3154994","3155298","9","604021"
"chr7","2650512","2650768","chr7","3053082","3053345","16","402570"
"chr7","2781381","2781647","chr12","78175857","78176130","42","75394476"
"chr7","2926753","2927061","chr7","4017142","4017443","19","1090389"
"chr7","3119414","3119703","chr7","4208262","4208555","7","1088848"
"chr7","3192621","3192909","chr7","4308346","4308631","10","1115725"
"chr7","3329679","3329972","chr7","4478748","4479041","9","1149069"
"chr7","3526796","3527099","chr7","4731905","4732204","11","1205109"
"chr7","3694163","3694455","chr7","4908573","4908867","10","1214410"
"chr7","3782271","3782567","chr7","4992919","4993210","24","1210648"
"chr7","3911039","3911313","chr7","5169051","5169324","12","1258012"
"chr7","4057227","4057525","chr13","25007726","25008021","50","20950499"
"chr7","4063346","4063641","chr3","49433375","49433671","42","45370029"
"chr7","4068876","4069094","chr7","136354636","136354864","48","132285760"
"chr7","4078582","4078872","chr7","339397","339693","9","3739185"
"chr7","4107806","4108103","chr7","307635","307933","7","3800171"
"chr7","4109356","4109651","chr16","26031411","26031703","34","21922055"
"chr7","4115903","4116205","chr9","118221087","118221391","32","114105184"
"chr7","4134576","4134871","chr7","283116","283408","6","3851460"
"chr7","4207360","4207649","chr7","13939704","13939993","32","9732344"
"chr7","4262268","4262563","chr3","2907703","2908000","31","1354565"
"chr7","4279145","4279433","chr16","6217318","6217608","36","1938173"
"chr7","4284147","4284446","chr7","127041","127342","6","4157106"
"chr7","4357201","4357496","chr7","38155","38449","4","4319046"
"chr7","4393299","4393607","chr7","5332387","5332702","11","939088"
"chr7","4424428","4424713","chr10","61806032","61806322","35","57381604"
"chr7","4468873","4469162","chr15","32444013","32444301","47","27975140"
"chr7","4653934","4654236","chr7","5652843","5653144","8","998909"
"chr7","4693161","4693460","chr11","121445783","121446080","34","116752622"
"chr7","4805600","4805894","chr7","5805702","5805996","3","1000102"
"chr7","4863172","4863455","chr7","5862627","5862914","10","999455"
"chr7","4962797","4963077","chr7","5962308","5962602","17","999511"
"chr7","4983856","4984152","chr7","5984692","5984965","29","1000836"
"chr7","5011390","5011673","chr5","66767460","66767750","31","61756070"
"chr7","5150031","5150334","chr7","6153178","6153481","14","1003147"
"chr7","5165298","5165583","chr7","6168656","6168945","7","1003358"
"chr7","5190487","5190795","chr7","6197957","6198265","4","1007470"
"chr7","5232790","5233073","chr19","3837300","3837585","50","1395490"
"chr7","5273425","5273733","chr7","6280033","6280331","24","1006608"
"chr7","5286024","5286332","chr4","31898756","31899058","38","26612732"
"chr7","5436593","5436902","chr6","44327822","44328131","36","38891229"
"chr7","5463346","5463659","chr12","113019283","113019591","37","107555937"
"chr7","5489360","5489669","chr10","52565336","52565645","35","47075976"
"chr7","5540395","5540686","chr7","6595521","6595820","14","1055126"
"chr7","5559458","5559761","chr5","153277533","153277834","39","147718075"
"chr7","5564853","5565159","chr7","6619341","6619643","9","1054488"
"chr7","5571788","5572074","chr7","6626236","6626525","12","1054448"
"chr7","5585273","5585550","chr7","6639918","6640194","7","1054645"
"chr7","5738962","5739259","chr7","6794106","6794402","6","1055144"
"chr7","5783304","5783608","chr17","1756325","1756625","37","4026979"
"chr7","5972053","5972191","chr4","54484898","54485037","16","48512845"
"chr7","6023096","6023390","chr13","70811388","70811681","31","64788292"
"chr7","6031796","6032057","chr9","93084905","93085175","54","87053109"
"chr7","6056800","6057106","chr7","7115331","7115611","29","1058531"
"chr7","6064041","6064339","chr13","75416924","75417216","40","69352883"
"chr7","6090628","6090919","chr16","45131388","45131684","30","39040760"
"chr7","6117966","6118249","chr7","7179357","7179642","8","1061391"
"chr7","6426724","6427003","chr7","7486637","7486916","5","1059913"
"chr7","6433214","6433527","chr7","7493146","7493463","8","1059932"
"chr7","6621860","6622154","chr7","7719880","7720172","7","1098020"
"chr7","6629397","6629701","chr7","7727401","7727702","5","1098004"
"chr7","6655607","6655922","chr7","7753930","7754225","29","1098323"
"chr7","6835104","6835403","chr16","8232205","8232502","39","1397101"
"chr7","6923179","6923502","chr7","8027272","8027589","16","1104093"
"chr7","6996934","6997216","chr1","159498335","159498614","37","152501401"
"chr7","7060444","7060745","chr7","8156826","8157122","10","1096382"
"chr7","7103111","7103405","chr7","8215890","8216170","25","1112779"
"chr7","7201663","7201971","chr7","8484412","8484714","29","1282749"
"chr7","7238990","7239300","chr16","72733551","72733852","44","65494561"
"chr7","7315974","7316274","chr4","43934519","43934817","43","36618545"
"chr7","7501997","7502307","chr7","8783950","8784258","11","1281953"
"chr7","7710476","7710770","chr7","8991960","8992227","35","1281484"
"chr7","7762883","7763188","chr7","9044086","9044390","17","1281203"
"chr7","8072075","8072383","chr7","9418085","9418394","6","1346010"
"chr7","8317523","8317822","chr7","9663810","9664115","14","1346287"
"chr7","8431675","8431968","chr7","9778453","9778744","8","1346778"
"chr7","8498489","8498784","chr14","12243088","12243387","33","3744599"
"chr7","8540377","8540665","chr7","9888242","9888523","21","1347865"
"chr7","8629787","8630085","chr7","9984474","9984772","4","1354687"
"chr7","8636228","8636518","chr7","9990896","9991185","4","1354668"
"chr7","8716569","8716871","chr14","103395057","103395352","37","94678488"
"chr7","8758412","8758704","chr7","10113238","10113532","8","1354826"
"chr7","8847375","8847660","chr20","2068645","2068928","39","6778730"
"chr7","8857626","8857906","chr7","10214622","10214902","11","1356996"
"chr7","8888844","8889138","chr4","138753361","138753657","8","129864517"
"chr7","9027821","9028107","chr7","10396151","10396427","14","1368330"
"chr7","9051350","9051634","chr7","10420246","10420531","12","1368896"
"chr7","9110110","9110417","chr7","10550325","10550632","7","1440215"
"chr7","9125146","9125433","chr7","10572815","10573113","40","1447669"
"chr7","9319723","9320022","chr4","1179209","1179510","37","8140514"
"chr7","9468516","9468791","chr19","31435816","31436097","49","21967300"
"chr7","9517857","9518152","chr7","11016654","11016949","5","1498797"
"chr7","9523453","9523750","chr7","11021638","11021936","7","1498185"
"chr7","9543396","9543693","chr7","11041737","11042033","8","1498341"
"chr7","9548081","9548377","chr7","11047193","11047490","18","1499112"
"chr7","9558195","9558494","chr7","11058328","11058625","9","1500133"
"chr7","9565272","9565568","chr7","11065419","11065720","12","1500147"
"chr7","9593985","9594251","chr5","2622810","2623069","53","6971175"
"chr7","9617247","9617546","chr7","11119710","11120007","14","1502463"
"chr7","9621370","9621665","chr7","11124744","11125044","13","1503374"
"chr7","9979994","9980289","chr17","54343990","54344278","38","44363996"
"chr7","10042406","10042707","chr7","11545020","11545322","6","1502614"
"chr7","10684160","10684459","chr6","171323918","171324217","30","160639758"
"chr7","10782433","10782741","chr7","12362087","12362395","4","1579654"
"chr7","10868203","10868491","chr7","12446495","12446769","19","1578292"
"chr7","10919283","10919576","chr7","12506109","12506413","18","1586826"
"chr7","11059624","11059897","chr7","12649867","12650140","5","1590243"
"chr7","11064747","11065044","chr7","12655011","12655307","7","1590264"
"chr7","11087948","11088254","chr3","102372696","102373004","38","91284748"
"chr7","11394051","11394350","chr7","13080400","13080696","13","1686349"
"chr7","11475360","11475663","chr7","13161799","13162098","12","1686439"
"chr7","11475981","11476284","chr7","13162396","13162699","12","1686415"
"chr7","11565724","11566029","chr7","13252088","13252392","7","1686364"
"chr7","11739263","11739564","chr7","13429018","13429320","9","1689755"
"chr7","11741224","11741537","chr7","13430963","13431281","14","1689739"
"chr7","11791778","11792062","chr7","13481818","13482106","12","1690040"
"chr7","11997161","11997458","chr5","25163551","25163847","36","13166390"
"chr7","12145485","12145781","chr7","13838894","13839190","18","1693409"
"chr7","12247877","12248169","chr7","13939704","13939993","9","1691827"
"chr7","12276750","12277025","chr7","14015055","14015330","1","1738305"
"chr7","12331844","12332122","chr7","14071517","14071795","9","1739673"
"chr7","12370116","12370367","chr7","14109089","14109340","6","1738973"
"chr7","12498120","12498418","chr7","14242460","14242759","7","1744340"
"chr7","12803089","12803377","chr1","10480713","10481003","41","2322376"
"chr7","12806373","12806525","chr19","35106809","35106961","21","22300436"
"chr7","12952520","12952813","chr7","14757622","14757918","7","1805102"
"chr7","12977350","12977607","chr16","15948415","15948664","38","2971065"
"chr7","13134635","13134950","chr7","152675411","152675718","40","139540776"
"chr7","13202250","13202545","chr7","15008482","15008777","6","1806232"
"chr7","13209035","13209342","chr7","15014855","15015159","4","1805820"
"chr7","13587532","13587791","chr20","284750","285011","39","13302782"
"chr7","13592625","13592919","chr7","15396929","15397219","7","1804304"
"chr7","13745418","13745690","chr7","15545884","15546158","13","1800466"
"chr7","13877669","13877942","chr19","9552490","9552755","48","4325179"
"chr7","14444011","14444309","chr7","16251704","16252000","6","1807693"
"chr7","14473701","14473993","chr7","16279866","16280158","2","1806165"
"chr7","14544283","14544583","chr7","16352052","16352358","21","1807769"
"chr7","14696597","14696881","chr4","30749508","30749793","35","16052911"
"chr7","14728797","14729112","chr7","40311972","40312281","38","25583175"
"chr7","14786560","14786863","chr7","16598597","16598900","5","1812037"
"chr7","14824060","14824353","chr7","16634564","16634861","11","1810504"
"chr7","14831750","14832028","chr7","16642186","16642464","7","1810436"
"chr7","15031664","15031961","chr1","11056587","11056883","38","3975077"
"chr7","15034076","15034331","chr6","178787227","178787483","33","163753151"
"chr7","15064490","15064807","chr1","67239282","67239587","46","52174792"
"chr7","15094843","15095141","chr16","55148673","55148968","33","40053830"
"chr7","15115754","15116042","chr7","16922510","16922798","10","1806756"
"chr7","15152285","15152591","chr7","16962907","16963202","14","1810622"
"chr7","15175568","15175873","chr15","50258083","50258388","33","35082515"
"chr7","15203450","15203721","chr20","28758611","28758889","31","13555161"
"chr7","15244949","15245251","chr7","78889938","78890240","41","63644989"
"chr7","15296542","15296836","chr7","17110896","17111190","6","1814354"
"chr7","15305458","15305727","chr14","11665886","11666156","48","3639572"
"chr7","15359780","15360091","chr14","11352083","11352388","39","4007697"
"chr7","15366052","15366343","chr7","17181550","17181838","8","1815498"
"chr7","15375055","15375350","chr7","17190054","17190362","19","1814999"
"chr7","15436914","15437219","chr7","17250892","17251198","2","1813978"
"chr7","15450063","15450367","chr7","17264392","17264697","7","1814329"
"chr7","15597948","15598235","chr7","17416483","17416780","18","1818535"
"chr7","15599720","15600009","chrX","44627777","44628073","38","29028057"
"chr7","15608737","15609026","chr7","17427764","17428052","4","1819027"
"chr7","15617499","15617797","chr7","17436460","17436756","8","1818961"
"chr7","15659903","15660204","chr7","17479515","17479816","3","1819612"
"chr7","15685624","15685914","chr16","61933234","61933529","37","46247610"
"chr7","15715108","15715409","chr7","17535680","17535980","6","1820572"
"chr7","15734363","15734669","chr1","220376553","220376849","37","204642190"
"chr7","15741517","15741826","chr7","17562392","17562701","2","1820875"
"chr7","15757983","15758270","chr7","17574846","17575134","6","1816863"
"chr7","15764607","15764909","chr7","17581509","17581831","30","1816902"
"chr7","15768319","15768612","chr15","58063683","58063984","38","42295364"
"chr7","15829473","15829754","chr1","223305001","223305272","65","207475528"
"chr7","15830278","15830554","chr7","17642354","17642627","11","1812076"
"chr7","15851033","15851315","chr8","68762220","68762495","43","52911187"
"chr7","15864408","15864539","chr1","125974340","125974473","16","110109932"
"chr7","15891365","15891668","chr7","17703062","17703363","5","1811697"
"chr7","15904449","15904748","chr7","17715520","17715822","12","1811071"
"chr7","15915810","15916109","chr1","89039616","89039913","41","73123806"
"chr7","15937963","15938259","chr7","17749560","17749860","15","1811597"
"chr7","15952771","15953072","chr7","17763943","17764208","38","1811172"
"chr7","15959143","15959437","chr16","49267948","49268241","32","33308805"
"chr7","15963414","15963724","chr7","17774177","17774492","8","1810763"
"chr7","16022519","16022828","chr7","17834848","17835157","6","1812329"
"chr7","16044627","16044907","chrX","47283615","47283895","33","31238988"
"chr7","16069232","16069521","chr7","17882394","17882682","14","1813162"
"chr7","16075227","16075533","chr7","17888382","17888687","9","1813155"
"chr7","16083731","16084033","chr2","51108571","51108866","40","35024840"
"chr7","16084594","16084905","chr7","17897452","17897761","13","1812858"
"chr7","16112160","16112317","chr12","20846114","20846272","20","4733954"
"chr7","16114657","16114833","chr2","43070722","43070896","27","26956065"
"chr7","16136559","16136855","chr3","155832002","155832298","31","139695443"
"chr7","16140513","16140828","chr4","31898756","31899058","52","15758243"
"chr7","16159132","16159417","chr7","17971449","17971734","6","1812317"
"chr7","16161369","16161663","chr7","17973706","17973995","11","1812337"
"chr7","16166336","16166617","chr11","15469930","15470214","42","696406"
"chr7","16172590","16172887","chr7","17986372","17986675","11","1813782"
"chr7","16176302","16176592","chr7","17990072","17990361","7","1813770"
"chr7","16186737","16187042","chr7","18001396","18001701","4","1814659"
"chr7","16268009","16268267","chr13","64464302","64464575","51","48196293"
"chr7","16286343","16286635","chr7","18099338","18099630","4","1812995"
"chr7","16297963","16298263","chr7","18111252","18111551","7","1813289"
"chr7","16326660","16326952","chr7","18139590","18139882","4","1812930"
"chr7","16330262","16330559","chr7","18143197","18143494","3","1812935"
"chr7","16333474","16333768","chr7","18146418","18146712","2","1812944"
"chr7","16364260","16364556","chr7","18179664","18179964","6","1815404"
"chr7","16374120","16374395","chr7","18189510","18189802","18","1815390"
"chr7","16414721","16415018","chr7","18229546","18229843","7","1814825"
"chr7","16502968","16503269","chr7","18318640","18318943","15","1815672"
"chr7","16521069","16521374","chr7","18336341","18336652","23","1815272"
"chr7","16591585","16591830","chr7","18406696","18406971","36","1815111"
"chr7","16690836","16691143","chr7","18507936","18508241","14","1817100"
"chr7","16859356","16859554","chr7","18678059","18678257","3","1818703"
"chr7","16972620","16972909","chr7","18793701","18793990","6","1821081"
"chr7","16975278","16975586","chr7","18796353","18796658","4","1821075"
"chr7","16986682","16986991","chr7","18807471","18807780","7","1820789"
"chr7","17026624","17026867","chr7","18847339","18847581","3","1820715"
"chr7","17053723","17054026","chr2","40628061","40628359","37","23574338"
"chr7","17066735","17067031","chr7","18888864","18889157","8","1822129"
"chr7","17074022","17074320","chr4","141409420","141409721","39","124335398"
"chr7","17109573","17109885","chr7","18935565","18935869","12","1825992"
"chr7","17125002","17125303","chr4","31898756","31899058","40","14773754"
"chr7","17131900","17132205","chr7","18959065","18959369","8","1827165"
"chr7","17133936","17134239","chr7","18961102","18961405","9","1827166"
"chr7","17141561","17141860","chr6","73072416","73072713","32","55930855"
"chr7","17142381","17142674","chr7","18970797","18971099","20","1828416"
"chr7","17204209","17204460","chr7","19031691","19031942","4","1827482"
"chr7","17214602","17214898","chr7","19043319","19043612","9","1828717"
"chr7","17241446","17241751","chr7","19071087","19071386","9","1829641"
"chr7","17249476","17249777","chr7","19083178","19083480","4","1833702"
"chr7","17268730","17269038","chr7","19102702","19103009","9","1833972"
"chr7","17309234","17309511","chr1","34227169","34227449","41","16917935"
"chr7","17415945","17416193","chr7","19258014","19258262","3","1842069"
"chr7","17433986","17434251","chr7","19275992","19276257","10","1842006"
"chr7","17520297","17520597","chr7","19359690","19359984","26","1839393"
"chr7","17520602","17520911","chr12","106140295","106140593","49","88619693"
"chr7","17527037","17527330","chr16","49267948","49268241","34","31740911"
"chr7","17544840","17545149","chr7","19383550","19383858","7","1838710"
"chr7","17618568","17618849","chr7","19457500","19457778","8","1838932"
"chr7","17623694","17623984","chr7","19462624","19462914","3","1838930"
"chr7","17624272","17624571","chr7","19463202","19463503","10","1838930"
"chr7","17932373","17932660","chr7","19773190","19773474","13","1840817"
"chr7","18080554","18080843","chr6","131966421","131966716","33","113885867"
"chr7","18113112","18113421","chr7","19956438","19956747","9","1843326"
"chr7","18189565","18189892","chr3","30115080","30115399","42","11925515"
"chr7","18275363","18275615","chr7","20114549","20114774","30","1839186"
"chr7","18324135","18324439","chr7","20166949","20167250","30","1842814"
"chr7","18342574","18342864","chr1","70298052","70298341","40","51955478"
"chr7","18357323","18357592","chr7","20199714","20199985","6","1842391"
"chr7","18385636","18385942","chr7","20228576","20228879","8","1842940"
"chr7","18390264","18390543","chr7","20233207","20233486","4","1842943"
"chr7","18416530","18416821","chr7","20258621","20258912","10","1842091"
"chr7","18489189","18489477","chr12","38968047","38968338","37","20478858"
"chr7","18572428","18572716","chr7","20414143","20414431","2","1841715"
"chr7","18649059","18649359","chr7","20500842","20501142","5","1851783"
"chr7","18651852","18652166","chr1","8784931","8785227","53","9866921"
"chr7","18659367","18659671","chr1","164853933","164854236","39","146194566"
"chr7","18681156","18681459","chr7","20534390","20534698","13","1853234"
"chr7","18717880","18718157","chr7","20569817","20570124","31","1851937"
"chr7","18732026","18732329","chr1","22466196","22466496","35","3734170"
"chr7","18767323","18767629","chr7","20617839","20618145","6","1850516"
"chr7","18782152","18782432","chr7","20633584","20633866","7","1851432"
"chr7","18784062","18784356","chr7","20637953","20638248","3","1853891"
"chr7","18799486","18799774","chr2","106222108","106222394","36","87422622"
"chr7","18850339","18850632","chr6","179975020","179975311","31","161124681"
"chr7","18881281","18881583","chr7","20738445","20738747","3","1857164"
"chr7","18883083","18883383","chr7","20740266","20740566","6","1857183"
"chr7","18919085","18919391","chr7","20779515","20779817","11","1860430"
"chr7","18925733","18926017","chr7","20786159","20786447","11","1860426"
"chr7","18926392","18926680","chr5","169489657","169489946","32","150563265"
"chr7","18938312","18938597","chr7","20800566","20800851","6","1862254"
"chr7","18941042","18941327","chr7","20803297","20803582","5","1862255"
"chr7","18949225","18949509","chr7","20811470","20811754","5","1862245"
"chr7","19001994","19002299","chr17","31459940","31460241","35","12457946"
"chr7","19007239","19007539","chr7","20866586","20866890","8","1859347"
"chr7","19026239","19026506","chr7","20886211","20886479","5","1859972"
"chr7","19029615","19029894","chr1","166222810","166223093","40","147193195"
"chr7","19070681","19070983","chr7","20929834","20930138","9","1859153"
"chr7","19124584","19124868","chr1","166222810","166223093","35","147098226"
"chr7","19248516","19248826","chr7","21104253","21104563","4","1855737"
"chr7","19252478","19252758","chr7","21108197","21108478","1","1855719"
"chr7","19302267","19302538","chr7","21164678","21164950","12","1862411"
"chr7","19472684","19472977","chr7","21459490","21459781","11","1986806"
"chr7","19532591","19532896","chr7","21515015","21515305","21","1982424"
"chr7","19538681","19538976","chr7","21521083","21521378","8","1982402"
"chr7","19542855","19543157","chr16","20798400","20798707","52","1255545"
"chr7","19548086","19548345","chr7","21530106","21530362","12","1982020"
"chr7","19642193","19642495","chr7","21629809","21630111","2","1987616"
"chr7","19643101","19643392","chr7","21630732","21631028","7","1987631"
"chr7","19687227","19687479","chr1","221317101","221317355","41","201629874"
"chr7","19700993","19701300","chr7","21689781","21690086","7","1988788"
"chr7","19716581","19716876","chr7","21706535","21706832","9","1989954"
"chr7","19805296","19805594","chr13","65644208","65644504","38","45838912"
"chr7","19810914","19811199","chr7","21802400","21802685","5","1991486"
"chr7","19836015","19836313","chr7","21827089","21827389","8","1991074"
"chr7","19939587","19939878","chr7","21929999","21930292","7","1990412"
"chr7","20062287","20062585","chr7","22049082","22049380","8","1986795"
"chr7","20163040","20163302","chr7","68823718","68823970","54","48660678"
"chr7","20784768","20785054","chr6","14925470","14925759","41","5859298"
"chr7","20861886","20862191","chr7","22850812","22851104","17","1988926"
"chr7","20955994","20956276","chr1","27419994","27420277","43","6464000"
"chr7","21404445","21404636","chr7","23451538","23451729","6","2047093"
"chr7","21528529","21528827","chr7","23576088","23576386","2","2047559"
"chr7","21555315","21555598","chr7","23603176","23603460","4","2047861"
"chr7","21560433","21560720","chr7","23608292","23608578","8","2047859"
"chr7","21755301","21755594","chr7","141673277","141673569","38","119917976"
"chr7","22021107","22021394","chr7","24067711","24068001","7","2046604"
"chr7","22413703","22413997","chr7","24463392","24463688","10","2049689"
"chr7","22507051","22507354","chr7","24556810","24557114","7","2049759"
"chr7","22641971","22642258","chr12","113013954","113014246","39","90371983"
"chr7","22773174","22773480","chr2","87327480","87327783","30","64554306"
"chr7","22969445","22969665","chr4","4043483","4043684","44","18925962"
"chr7","22987632","22987928","chr6","137303080","137303373","33","114315448"
"chr7","23149641","23149942","chr7","25206667","25206965","31","2057026"
"chr7","23439613","23439927","chr7","25487557","25487863","12","2047944"
"chr7","23481566","23481872","chr6","34946289","34946598","41","11464723"
"chr7","23828081","23828377","chr7","25879506","25879802","9","2051425"
"chr7","23833659","23833957","chr14","34990067","34990367","39","11156408"
"chr7","24345680","24345986","chr9","94190632","94190943","42","69844952"
"chr7","24392912","24393208","chr7","26480134","26480431","10","2087222"
"chr7","24478308","24478611","chr1","85224413","85224714","36","60746105"
"chr7","24597684","24597979","chr7","26681851","26682148","7","2084167"
"chr7","24630085","24630367","chr7","26715405","26715697","23","2085320"
"chr7","24634637","24634948","chr7","26720248","26720545","22","2085611"
"chr7","24643453","24643756","chr7","26729055","26729345","19","2085602"
"chr7","24665331","24665617","chr7","26750281","26750573","14","2084950"
"chr7","24702104","24702404","chr3","165574800","165575101","33","140872696"
"chr7","24777074","24777368","chr2","93185519","93185812","40","68408445"
"chr7","24834177","24834459","chr7","26919763","26920045","1","2085586"
"chr7","24846862","24847164","chr7","26925149","26925451","3","2078287"
"chr7","24850977","24851275","chr7","26937843","26938133","9","2086866"
"chr7","24864718","24864881","chr1","100917000","100917165","20","76052282"
"chr7","24912051","24912351","chr7","27000501","27000801","8","2088450"
"chr7","24930906","24931202","chr7","27018456","27018749","10","2087550"
"chr7","24944796","24945079","chr6","131966421","131966716","43","107021625"
"chr7","24945081","24945378","chr7","27032597","27032888","11","2087516"
"chr7","24954554","24954843","chr7","27042398","27042682","8","2087844"
"chr7","24956574","24956877","chr7","27044425","27044719","14","2087851"
"chr7","24960682","24960987","chr7","27049789","27050094","5","2089107"
"chr7","24963911","24964218","chr13","63591808","63592109","36","38627897"
"chr7","24979232","24979547","chr10","31743261","31743569","40","6764029"
"chr7","24998357","24998644","chr7","27090623","27090900","31","2092266"
"chr7","25027712","25028000","chr17","32182611","32182903","32","7154899"
"chr7","25035268","25035565","chr7","27128670","27128967","5","2093402"
"chr7","25056022","25056326","chr7","27148508","27148812","8","2092486"
"chr7","25061833","25062143","chr7","27154626","27154932","23","2092793"
"chr7","25091959","25092262","chr7","27185056","27185350","15","2093097"
"chr7","25096731","25097008","chr10","70081381","70081658","43","44984650"
"chr7","25146240","25146508","chr7","27241577","27241850","14","2095337"
"chr7","25169685","25169966","chr7","27264113","27264416","28","2094428"
"chr7","25175060","25175356","chr7","27269795","27270091","2","2094735"
"chr7","25233124","25233424","chr17","23775743","23776042","31","1457381"
"chr7","25244061","25244356","chr7","27393082","27393364","15","2149021"
"chr7","25295327","25295620","chr7","27445720","27445995","19","2150393"
"chr7","25297820","25298129","chr7","27448211","27448521","5","2150391"
"chr7","25797262","25797557","chr7","27956162","27956462","9","2158900"
"chr7","25866532","25866833","chr1","34802540","34802839","41","8936008"
"chr7","25959155","25959462","chr7","28112018","28112325","9","2152863"
"chr7","25982195","25982493","chr7","28134921","28135214","15","2152726"
"chr7","26052122","26052418","chr7","28204854","28205152","14","2152732"
"chr7","26072665","26072957","chr7","28226810","28227086","21","2154145"
"chr7","26162394","26162696","chr7","28316235","28316544","12","2153841"
"chr7","26171979","26172284","chr7","28325744","28326047","4","2153765"
"chr7","26190925","26191210","chr7","28344854","28345162","29","2153929"
"chr7","26217886","26218193","chr15","77573963","77574270","34","51356077"
"chr7","26231023","26231303","chr2","203727799","203728084","35","177496776"
"chr7","26235819","26236113","chr3","133607689","133607993","45","107371870"
"chr7","26245576","26245878","chr7","28450751","28451055","11","2205175"
"chr7","26252950","26253254","chr7","28458119","28458421","5","2205169"
"chr7","26262766","26263043","chr7","28468253","28468530","6","2205487"
"chr7","26273182","26273484","chr7","28478559","28478868","17","2205377"
"chr7","26376862","26377153","chr7","28583723","28584013","4","2206861"
"chr7","26390150","26390465","chr7","28597457","28597752","25","2207307"
"chr7","26443600","26443885","chr7","28653107","28653399","13","2209507"
"chr7","26473018","26473315","chr7","28686965","28687258","11","2213947"
"chr7","26552833","26553131","chr7","28768244","28768545","9","2215411"
"chr7","26600589","26600880","chr7","28815330","28815632","18","2214741"
"chr7","26602433","26602717","chr7","28817589","28817873","6","2215156"
"chr7","26638243","26638531","chr7","28853585","28853882","20","2215342"
"chr7","26661739","26662013","chr7","28877634","28877911","5","2215895"
"chr7","26670007","26670069","chr5","179300389","179300452","33","152630382"
"chr7","26670206","26670386","chr1","37215224","37215407","27","10545018"
"chr7","26862414","26862731","chr7","29079495","29079778","40","2217081"
"chr7","26933629","26933932","chr3","26847279","26847582","34","86350"
"chr7","27527797","27528090","chr7","29748603","29748900","11","2220806"
"chr7","27857102","27857424","chr12","72416972","72417264","65","44559870"
"chr7","27907283","27907558","chr10","7614483","7614755","31","20292800"
"chr7","28034861","28035130","chr3","136046156","136046428","38","108011295"
"chr7","28044315","28044603","chr7","30269343","30269631","7","2225028"
"chr7","28050447","28050747","chr7","30275477","30275764","31","2225030"
"chr7","28067997","28068290","chr4","123382191","123382485","34","95314194"
"chr7","28334321","28334614","chr7","30560529","30560833","19","2226208"
"chr7","28954201","28954493","chr7","31203480","31203777","22","2249279"
"chr7","29009012","29009323","chr7","31258319","31258631","8","2249307"
"chr7","29055399","29055717","chr7","31304336","31304654","15","2248937"
"chr7","29138708","29139017","chr7","143888532","143888843","37","114749824"
"chr7","29376529","29376829","chr7","31624145","31624439","16","2247616"
"chr7","29384977","29385267","chr7","31632579","31632869","7","2247602"
"chr7","29490563","29490859","chr7","31740947","31741242","15","2250384"
"chr7","29527198","29527504","chr7","31778409","31778717","28","2251211"
"chr7","29546915","29547211","chr7","31797864","31798160","13","2250949"
"chr7","29558292","29558597","chr7","31809995","31810301","3","2251703"
"chr7","29580734","29580959","chr6","32673150","32673386","46","3092416"
"chr7","29622378","29622659","chr14","122771901","122772183","35","93149523"
"chr7","29629596","29629873","chr7","31879240","31879516","6","2249644"
"chr7","29648291","29648557","chr7","31898425","31898691","7","2250134"
"chr7","29671435","29671724","chr7","31921219","31921509","4","2249784"
"chr7","29672173","29672467","chr7","31921973","31922259","8","2249800"
"chr7","29684128","29684414","chr7","31933033","31933319","6","2248905"
"chr7","29684573","29684881","chr7","31933474","31933782","10","2248901"
"chr7","29698543","29698835","chr6","132403184","132403475","37","102704641"
"chr7","29713266","29713555","chr7","31965906","31966186","27","2252640"
"chr7","29759855","29760150","chr7","32009652","32009947","10","2249797"
"chr7","29762562","29762864","chr7","32012333","32012632","8","2249771"
"chr7","29807572","29807869","chr7","32068658","32068959","9","2261086"
"chr7","29852972","29853259","chr7","32116686","32116973","4","2263714"
"chr7","29964149","29964418","chr7","32231293","32231555","17","2267144"
"chr7","29973626","29973792","chr14","10246675","10246842","13","19726951"
"chr7","30032961","30033262","chr3","155832002","155832298","39","125799041"
"chr7","30073806","30074111","chr7","32344500","32344805","13","2270694"
"chr7","30254399","30254706","chr7","32525723","32526028","7","2271324"
"chr7","30346801","30347101","chr7","32614729","32615019","17","2267928"
"chr7","30615469","30615778","chr7","32906489","32906798","6","2291020"
"chr7","30814757","30815048","chr3","81144880","81145171","25","50330123"
"chr7","30835061","30835335","chr7","33128405","33128679","5","2293344"
"chr7","30920707","30921014","chr7","33217238","33217542","13","2296531"
"chr7","30959655","30959939","chr7","33256207","33256492","5","2296552"
"chr7","31025986","31026286","chr16","55726891","55727188","48","24700905"
"chr7","31058239","31058547","chr7","33355426","33355726","12","2297187"
"chr7","31228231","31228532","chr7","33527011","33527307","7","2298780"
"chr7","31309392","31309685","chr7","33608171","33608464","2","2298779"
"chr7","31336148","31336429","chr7","33633694","33633977","7","2297546"
"chr7","31346776","31347068","chr1","208813318","208813613","52","177466542"
"chr7","31360306","31360597","chr7","33657799","33658094","6","2297493"
"chr7","31471248","31471505","chr7","33768169","33768452","32","2296921"
"chr7","31474536","31474837","chr7","33771482","33771779","6","2296946"
"chr7","31502737","31503035","chr7","33800007","33800299","11","2297270"
"chr7","31538702","31538985","chr7","33886528","33886811","4","2347826"
"chr7","31546842","31547085","chr6","179384905","179385146","31","147838063"
"chr7","31579235","31579524","chr7","33921598","33921893","10","2342363"
"chr7","31601048","31601342","chr7","33941837","33942139","18","2340789"
"chr7","32068641","32068948","chrX","136971933","136972241","33","104903292"
"chr7","32296235","32296539","chr7","34673296","34673600","4","2377061"
"chr7","32318133","32318414","chr6","177576442","177576722","43","145258309"
"chr7","32350287","32350515","chr7","34727484","34727712","2","2377197"
"chr7","32381740","32382022","chr7","34758340","34758622","4","2376600"
"chr7","32387566","32387872","chr1","112494754","112495056","41","80107188"
"chr7","32394727","32395022","chr7","34771932","34772236","19","2377205"
"chr7","32583378","32583673","chr7","34963329","34963644","23","2379951"
"chr7","32597623","32597928","chr7","34977551","34977856","8","2379928"
"chr7","32598840","32599149","chr10","62331135","62331441","37","29732295"
"chr7","32607511","32607813","chr7","34987591","34987893","5","2380080"
"chr7","32754783","32755074","chr7","35138819","35139107","12","2384036"
"chr7","32874896","32875203","chr3","33958255","33958559","42","1083359"
"chr7","32960685","32960980","chr14","70057386","70057677","43","37096701"
"chr7","32966212","32966529","chr1","129565109","129565420","50","96598897"
"chr7","33044866","33045154","chr7","35432809","35433097","6","2387943"
"chr7","33053555","33053828","chr7","35441538","35441806","19","2387983"
"chr7","33086727","33087037","chr7","35475062","35475372","6","2388335"
"chr7","33098663","33098960","chr7","35486752","35487037","28","2388089"
"chr7","33109971","33110276","chr9","52253808","52254116","38","19143837"
"chr7","33112399","33112700","chr4","151149695","151150004","22","118037296"
"chr7","33217564","33217866","chr7","35604978","35605268","24","2387414"
"chr7","33228248","33228456","chr3","4986582","4986797","35","28241666"
"chr7","33249509","33249815","chr7","35635293","35635591","17","2385784"
"chr7","33393500","33393800","chr7","35777558","35777858","3","2384058"
"chr7","33421257","33421522","chr7","35804342","35804607","6","2383085"
"chr7","33601125","33601430","chr7","35991810","35992112","23","2390685"
"chr7","33616643","33616934","chr7","36007944","36008240","9","2391301"
"chr7","33662759","33663031","chr3","136046156","136046428","35","102383397"
"chr7","33665138","33665431","chr3","154421512","154421804","29","120756374"
"chr7","33669245","33669544","chr10","36581970","36582272","33","2912725"
"chr7","33684728","33684999","chr1","219669666","219669935","36","185984938"
"chr7","33685857","33686156","chr7","36075916","36076220","9","2390059"
"chr7","33719086","33719369","chr7","27042398","27042682","26","6676688"
"chr7","33724961","33725273","chr7","36115481","36115792","15","2390520"
"chr7","33778549","33778824","chr7","36166999","36167281","14","2388450"
"chr7","33811998","33812296","chr2","159817530","159817826","24","126005532"
"chr7","33826347","33826643","chr1","81764535","81764830","34","47938188"
"chr7","33839985","33840290","chr7","36227421","36227724","8","2387436"
"chr7","33852603","33852907","chr7","36239671","36239954","25","2387068"
"chr7","33865942","33866251","chr7","136112903","136113209","35","102246961"
"chr7","33903875","33904166","chr7","36291456","36291741","17","2387581"
"chr7","33991174","33991478","chr5","167183434","167183739","40","133192260"
"chr7","34198090","34198309","chr7","36597948","36598172","10","2399858"
"chr7","34199326","34199621","chr7","36599185","36599480","2","2399859"
"chr7","34477606","34477891","chr7","36874726","36875011","12","2397120"
"chr7","34545236","34545540","chr7","36942478","36942767","19","2397242"
"chr7","34696469","34696781","chr7","37094750","37095062","9","2398281"
"chr7","34702432","34702730","chr13","27345107","27345409","42","7357325"
"chr7","34702782","34703079","chr7","37101396","37101684","21","2398614"
"chr7","35166100","35166402","chr7","37569071","37569373","3","2402971"
"chr7","35255947","35256213","chr7","37655610","37655869","14","2399663"
"chr7","35283115","35283417","chr7","37682962","37683263","9","2399847"
"chr7","35289421","35289730","chr7","37689349","37689655","8","2399928"
"chr7","35512677","35512975","chr1","131206867","131207162","37","95694190"
"chr7","35540623","35540923","chr17","31459940","31460241","45","4080683"
"chr7","35725263","35725562","chr7","38128185","38128485","7","2402922"
"chr7","35804902","35805203","chr7","38208129","38208435","13","2403227"
"chr7","36067086","36067385","chr7","38464755","38465054","2","2397669"
"chr7","36122288","36122586","chr1","26219569","26219860","55","9902719"
"chr7","36211753","36212055","chr7","38602366","38602674","10","2390613"
"chr7","36253698","36254017","chr7","38645798","38646116","7","2392100"
"chr7","36278661","36278949","chr7","38671046","38671332","5","2392385"
"chr7","36402474","36402757","chr5","27237577","27237856","37","9164897"
"chr7","36540670","36540947","chr7","38915678","38915969","18","2375008"
"chr7","36553794","36554102","chr7","38928492","38928796","14","2374698"
"chr7","36581614","36581911","chr7","38954856","38955156","21","2373242"
"chr7","36589413","36589718","chr5","182762975","182763277","36","146173562"
"chr7","36612371","36612652","chr7","38985396","38985676","4","2373025"
"chr7","36619814","36620117","chr7","38992454","38992760","7","2372640"
"chr7","36670534","36670863","chr2","182562255","182562578","44","145891721"
"chr7","36697482","36697777","chrX","15505798","15506097","36","21191684"
"chr7","36716794","36717090","chr3","2907703","2908000","36","33809091"
"chr7","36726630","36726916","chr7","39105847","39106139","15","2379217"
"chr7","36739591","36739886","chr7","39119289","39119584","7","2379698"
"chr7","36745808","36746103","chr7","39125726","39126023","5","2379918"
"chr7","36910744","36911038","chr7","39294100","39294395","17","2383356"
"chr7","37176982","37177109","chr7","39567317","39567444","2","2390335"
"chr7","37240218","37240492","chr7","39630084","39630358","6","2389866"
"chr7","37260404","37260704","chr7","39650212","39650513","6","2389808"
"chr7","37364524","37364828","chr7","39752712","39753018","15","2388188"
"chr7","37365033","37365311","chr7","39753224","39753511","10","2388191"
"chr7","37375108","37375410","chr19","35833541","35833836","32","1541567"
"chr7","37409730","37410040","chr7","39797356","39797652","23","2387626"
"chr7","37454441","37454735","chr7","39841690","39841983","21","2387249"
"chr7","37491756","37492031","chr7","39879272","39879556","15","2387516"
"chr7","37617761","37618062","chr7","40001970","40002271","8","2384209"
"chr7","37682048","37682327","chr7","40066289","40066568","10","2384241"
"chr7","37705761","37706044","chr7","40088513","40088818","25","2382752"
"chr7","37720111","37720415","chr1","63076684","63076990","46","25356573"
"chr7","37855396","37855724","chr12","17699304","17699625","46","20156092"
"chr7","37892046","37892342","chr15","51755059","51755355","34","13863013"
"chr7","37907637","37907951","chr7","40287876","40288184","10","2380239"
"chr7","37931751","37932057","chr7","40311972","40312281","10","2380221"
"chr7","38015581","38015848","chr7","40397454","40397719","6","2381873"
"chr7","38061920","38062238","chr7","40446123","40446438","13","2384203"
"chr7","38110716","38111027","chr7","40494582","40494890","15","2383866"
"chr7","38141420","38141715","chr8","112748016","112748313","32","74606596"
"chr7","38313285","38313602","chr7","40699665","40699966","16","2386380"
"chr7","38403085","38403391","chr7","40790390","40790696","3","2387305"
"chr7","38433647","38433891","chr7","40821774","40822034","24","2388127"
"chr7","38481724","38482009","chr7","140409402","140409691","34","101927678"
"chr7","38494651","38494946","chr7","40884400","40884692","4","2389749"
"chr7","38511338","38511607","chr7","40900957","40901234","11","2389619"
"chr7","38512070","38512360","chr7","40901695","40901987","9","2389625"
"chr7","38567226","38567502","chr7","40951792","40952068","3","2384566"
"chr7","38571059","38571354","chr7","40956174","40956469","4","2385115"
"chr7","38605336","38605632","chr7","40993485","40993781","4","2388149"
"chr7","38609223","38609516","chr6","171323918","171324217","35","132714695"
"chr7","38611848","38612146","chr7","41001032","41001330","3","2389184"
"chr7","38646368","38646666","chr16","10171832","10172128","35","28474536"
"chr7","38656958","38657221","chr7","41046155","41046418","4","2389197"
"chr7","38673103","38673406","chr7","41063463","41063764","22","2390360"
"chr7","38709366","38709664","chr7","41099378","41099673","7","2390012"
"chr7","38721721","38722029","chr7","41112419","41112726","5","2390698"
"chr7","38724706","38725001","chr7","41115367","41115672","19","2390661"
"chr7","38732420","38732713","chr7","41122895","41123189","3","2390475"
"chr7","38767236","38767526","chr7","41157116","41157411","11","2389880"
"chr7","38783028","38783337","chr7","41173054","41173363","23","2390026"
"chr7","38797516","38797817","chr7","41188176","41188476","5","2390660"
"chr7","38820812","38821110","chr7","41211701","41211998","6","2390889"
"chr7","38825775","38826077","chr10","36581970","36582272","36","2243805"
"chr7","38842843","38843139","chr9","98680358","98680654","19","59837515"
"chr7","38849312","38849598","chr1","34227169","34227449","44","4622143"
"chr7","38860122","38860417","chr7","41252240","41252537","5","2392118"
"chr7","38868573","38868795","chr2","103247932","103248173","35","64379359"
"chr7","38873616","38873906","chr7","41264191","41264485","8","2390575"
"chr7","38918486","38918779","chr1","54194492","54194783","23","15276006"
"chr7","38944803","38945096","chr7","41332888","41333183","5","2388085"
"chr7","38976196","38976488","chr7","41366579","41366875","13","2390383"
"chr7","38989445","38989720","chr7","41379491","41379766","3","2390046"
"chr7","39003358","39003650","chr7","41394368","41394659","11","2391010"
"chr7","39023055","39023183","chr8","95159698","95159829","18","56136643"
"chr7","39023944","39024236","chr7","41416376","41416669","7","2392432"
"chr7","39085601","39085897","chr7","41478406","41478702","2","2392805"
"chr7","39093719","39094029","chr16","10171832","10172128","45","28921887"
"chr7","39098310","39098597","chr7","41491389","41491679","10","2393079"
"chr7","39169449","39169742","chr7","41564390","41564681","25","2394941"
"chr7","39200883","39201179","chr1","189568699","189568995","34","150367816"
"chr7","39252938","39253234","chr7","41647454","41647750","5","2394516"
"chr7","39268283","39268584","chr7","41664534","41664835","2","2396251"
"chr7","39308794","39309083","chr7","41704423","41704722","13","2395629"
"chr7","39325383","39325680","chr5","56701456","56701750","31","17376073"
"chr7","39388716","39388929","chr15","109696252","109696465","36","70307536"
"chr7","39421735","39422035","chr7","41799232","41799528","29","2377497"
"chr7","39443957","39444246","chr7","41821870","41822170","26","2377913"
"chr7","39447783","39448064","chr15","103853433","103853726","44","64405650"
"chr7","39451769","39452066","chr7","41829109","41829405","7","2377340"
"chr7","39452953","39453250","chr7","41829109","41829405","7","2376156"
"chr7","39468855","39469154","chr7","41845808","41846107","2","2376953"
"chr7","39471146","39471443","chr7","41848117","41848412","9","2376971"
"chr7","39571981","39572277","chr7","41965328","41965600","32","2393347"
"chr7","39594968","39595277","chr7","41988723","41989032","5","2393755"
"chr7","39595746","39596053","chr5","16888355","16888663","30","22707391"
"chr7","39627013","39627196","chr10","82282164","82282338","38","42655151"
"chr7","39627625","39627747","chr2","184479687","184479808","13","144852062"
"chr7","39701599","39701896","chr7","42095594","42095892","4","2393995"
"chr7","39770857","39771153","chr7","21521083","21521378","39","18249774"
"chr7","39778716","39778991","chr3","93900817","93901094","47","54122101"
"chr7","39836375","39836664","chr7","42237531","42237820","5","2401156"
"chr7","39861801","39862090","chr7","42263616","42263904","6","2401815"
"chr7","39868028","39868329","chr14","78253788","78254087","35","38385760"
"chr7","39889535","39889831","chr5","186931199","186931494","35","147041664"
"chr7","39896774","39897065","chr19","33669364","33669657","35","6227410"
"chr7","40033756","40034053","chr7","42440765","42441064","7","2407009"
"chr7","40056275","40056584","chr7","42463447","42463756","7","2407172"
"chr7","40063904","40064198","chr7","42471192","42471501","24","2407288"
"chr7","40086513","40086817","chr7","42494300","42494607","31","2407787"
"chr7","40104402","40104684","chr7","42512366","42512647","3","2407964"
"chr7","40119433","40119731","chr6","131966421","131966716","35","91846988"
"chr7","40146936","40147227","chr7","42552894","42553160","38","2405958"
"chr7","40399334","40399654","chr7","42806732","42807025","33","2407398"
"chr7","40499147","40499418","chr15","77874788","77875052","42","37375641"
"chr7","40593974","40594278","chr16","72733551","72733852","39","32139577"
"chr7","40598455","40598760","chr8","129149676","129149980","36","88551221"
"chr7","40617611","40617915","chr7","43025863","43026170","11","2408252"
"chr7","40648957","40649259","chr7","43060948","43061250","6","2411991"
"chr7","40661797","40662100","chr7","43074512","43074815","1","2412715"
"chr7","40670019","40670312","chr7","43082818","43083111","8","2412799"
"chr7","40670821","40671145","chr7","43083625","43083936","19","2412804"
"chr7","40676150","40676299","chr7","43088634","43088783","5","2412484"
"chr7","40683851","40684139","chr7","43093615","43093895","12","2409764"
"chr7","40690387","40690688","chr7","43100345","43100646","3","2409958"
"chr7","40691728","40692028","chr7","43101772","43102071","6","2410044"
"chr7","40693563","40693873","chr7","43103581","43103891","8","2410018"
"chr7","40694016","40694306","chr7","43104034","43104324","5","2410018"
"chr7","40699155","40699445","chr7","43109165","43109455","3","2410010"
"chr7","40703370","40703673","chr2","46714856","46715158","35","6011486"
"chr7","40704019","40704310","chr7","43115217","43115509","2","2411198"
"chr7","40713981","40714233","chr7","43125532","43125818","35","2411551"
"chr7","40717221","40717511","chr7","43128829","43129124","6","2411608"
"chr7","40721728","40721996","chr7","43133155","43133423","4","2411427"
"chr7","40723482","40723748","chr7","43134925","43135191","7","2411443"
"chr7","40754162","40754471","chr7","43166719","43167027","3","2412557"
"chr7","40774412","40774696","chr7","43186479","43186770","15","2412067"
"chr7","40848383","40848682","chr7","43261904","43262202","19","2413521"
"chr7","40864200","40864459","chr13","38845993","38846258","31","2018207"
"chr7","40889214","40889500","chr19","10238882","10239160","43","30650332"
"chr7","40931730","40932001","chr7","43344004","43344282","10","2412274"
"chr7","40987194","40987492","chr7","43400375","43400679","13","2413181"
"chr7","40993076","40993354","chr13","87151541","87151819","46","46158465"
"chr7","41002312","41002621","chr7","43414688","43414994","6","2412376"
"chr7","41003312","41003612","chr7","43415670","43415970","8","2412358"
"chr7","41071172","41071469","chr7","43483421","43483696","29","2412249"
"chr7","41081530","41081836","chr7","43493795","43494076","32","2412265"
"chr7","41313311","41313590","chr7","43726989","43727268","13","2413678"
"chr7","41317944","41318190","chr7","43731545","43731804","17","2413601"
"chr7","41332289","41332583","chr7","43744940","43745245","25","2412651"
"chr7","41351347","41351643","chr7","43764220","43764528","15","2412873"
"chr7","41388397","41388708","chr7","43414688","43414994","40","2026291"
"chr7","41442519","41442804","chr7","43887913","43888198","4","2445394"
"chr7","41461479","41461770","chr5","169489657","169489946","32","128028178"
"chr7","41525098","41525399","chr7","43970852","43971158","12","2445754"
"chr7","41590796","41591097","chr7","44034964","44035268","16","2444168"
"chr7","41592162","41592449","chr7","44036332","44036628","16","2444170"
"chr7","41605210","41605511","chr5","84621454","84621751","36","43016244"
"chr7","41642502","41642799","chr7","44086880","44087181","25","2444378"
"chr7","41687670","41687953","chr7","44131192","44131475","2","2443522"
"chr7","41709780","41710087","chr7","44153343","44153651","7","2443563"
"chr7","41746390","41746668","chr7","44189819","44190096","3","2443429"
"chr7","41819385","41819684","chr14","103004886","103005187","31","61185501"
"chr7","41819888","41820184","chr7","44265859","44266144","14","2445971"
"chr7","41823251","41823532","chr7","44270317","44270598","4","2447066"
"chr7","41829827","41830127","chr7","44276985","44277289","18","2447158"
"chr7","41840752","41841052","chr7","44287630","44287929","5","2446878"
"chr7","41886970","41887257","chr7","44335166","44335453","4","2448196"
"chr7","41897863","41898170","chr18","9662481","9662791","38","32235382"
"chr7","41910011","41910314","chr7","44358229","44358531","7","2448218"
"chr7","41933547","41933833","chr7","44381687","44381973","5","2448140"
"chr7","41964278","41964573","chr3","2907703","2908000","36","39056575"
"chr7","41992915","41993219","chr15","25147213","25147522","45","16845702"
"chr7","42254379","42254698","chr7","44698703","44699009","28","2444324"
"chr7","42322361","42322658","chr7","44829304","44829600","5","2506943"
"chr7","42324417","42324676","chr7","44832018","44832278","7","2507601"
"chr7","42362650","42362946","chr7","44869463","44869730","38","2506813"
"chr7","42374735","42375035","chr7","44881082","44881389","13","2506347"
"chr7","42379930","42380237","chr7","44886295","44886604","8","2506365"
"chr7","42466860","42466934","chr6","136256332","136256433","31","93789472"
"chr7","42467182","42467277","chr6","60282972","60283087","30","17815790"
"chr7","42474696","42474998","chr7","44979091","44979397","6","2504395"
"chr7","42528571","42528834","chr7","45032576","45032841","9","2504005"
"chr7","42596124","42596429","chr7","45098739","45099044","9","2502615"
"chr7","42615085","42615375","chr12","88434400","88434690","30","45819315"
"chr7","42731679","42731971","chr7","45232101","45232396","21","2500422"
"chr7","42894911","42895219","chr7","45394363","45394671","8","2499452"
"chr7","43034341","43034642","chr7","45533262","45533563","2","2498921"
"chr7","43035216","43035533","chr7","45534137","45534449","13","2498921"
"chr7","43054587","43054886","chr7","45553829","45554129","16","2499242"
"chr7","43176138","43176428","chr7","45678227","45678514","9","2502089"
"chr7","43207608","43207905","chr7","45709192","45709488","6","2501584"
"chr7","43394830","43395134","chr5","188997447","188997750","37","145602617"
"chr7","43672572","43672873","chr7","46181978","46182276","6","2509406"
"chr7","43691484","43691779","chr7","46200855","46201151","8","2509371"
"chr7","43705157","43705454","chr7","46220456","46220754","5","2515299"
"chr7","43891813","43892102","chr7","46418165","46418459","8","2526352"
"chr7","43912914","43913209","chr7","46439158","46439459","7","2526244"
"chr7","43928187","43928481","chr7","46453802","46454096","1","2525615"
"chr7","43949208","43949506","chr7","46475482","46475774","10","2526274"
"chr7","43957618","43957901","chr7","46483807","46484097","10","2526189"
"chr7","43975599","43975862","chr3","182926763","182927034","43","138951164"
"chr7","44068579","44068885","chr4","162801056","162801361","35","118732477"
"chr7","44072873","44073181","chr7","46599643","46599927","31","2526770"
"chr7","44096703","44097022","chr3","166477634","166477937","48","122380931"
"chr7","44136055","44136363","chr10","62331135","62331441","39","18195080"
"chr7","44770064","44770344","chr7","47291366","47291651","18","2521302"
"chr7","45197979","45198247","chr3","24083152","24083436","47","21114827"
"chr7","45242405","45242708","chr7","47771232","47771533","9","2528827"
"chr7","45275501","45275823","chr2","182562255","182562578","44","137286754"
"chr7","45304687","45304967","chr19","8462032","8462313","40","36842655"
"chr7","45691341","45691645","chr7","48225150","48225453","2","2533809"
"chr7","45731256","45731549","chr7","48264508","48264803","17","2533252"
"chr7","45757430","45757735","chr7","48290653","48290956","9","2533223"
"chr7","46015768","46016079","chr7","48544534","48544844","9","2528766"
"chr7","46065156","46065412","chr7","48593837","48594093","13","2528681"
"chr7","46350141","46350425","chr7","48879201","48879485","9","2529060"
"chr7","46357406","46357683","chr7","48886446","48886725","9","2529040"
"chr7","46357687","46357992","chr7","48886729","48887034","5","2529042"
"chr7","46358137","46358437","chr9","54487197","54487495","41","8129060"
"chr7","46360294","46360610","chr7","48889346","48889657","8","2529052"
"chr7","46471990","46472274","chr4","30749508","30749793","36","15722482"
"chr7","46536186","46536483","chr1","42771177","42771482","38","3765009"
"chr7","46634671","46634967","chr2","93185519","93185812","29","46550848"
"chr7","46725714","46726005","chr5","66767460","66767750","27","20041746"
"chr7","46813213","46813510","chr7","49346672","49346967","6","2533459"
"chr7","46935936","46936228","chr7","49469407","49469699","5","2533471"
"chr7","46973652","46973964","chr7","49506002","49506306","12","2532350"
"chr7","47109522","47109827","chr12","10464679","10464990","42","36644843"
"chr7","47135447","47135707","chr19","19394580","19394839","32","27740867"
"chr7","47396319","47396624","chr12","18281095","18281395","36","29115224"
"chr7","47526387","47526684","chr7","50783463","50783750","18","3257076"
"chr7","47561485","47561782","chr7","50748392","50748697","12","3186907"
"chr7","47761349","47761661","chr10","14810889","14811196","34","32950460"
"chr7","47878225","47878517","chr7","50433539","50433847","22","2555314"
"chr7","47918597","47918894","chr7","50393022","50393320","3","2474425"
"chr7","47937694","47937979","chr7","50374097","50374395","25","2436403"
"chr7","48036877","48037172","chr7","50275987","50276282","2","2239110"
"chr7","48144929","48145229","chr7","50172095","50172394","5","2027166"
"chr7","48308265","48308564","chr2","78487941","78488239","36","30179676"
"chr7","48445441","48445747","chr7","49873351","49873657","6","1427910"
"chr7","48455605","48455923","chr12","101713784","101714101","43","53258179"
"chr7","48477697","48478008","chr15","85809655","85809964","42","37331958"
"chr7","48627977","48628289","chr7","51344614","51344932","10","2716637"
"chr7","48718120","48718395","chr7","51433285","51433570","20","2715165"
"chr7","48734840","48735136","chr7","51449274","51449577","13","2714434"
"chr7","48775590","48775896","chr13","63991377","63991684","34","15215787"
"chr7","48960349","48960635","chr2","70688777","70689062","42","21728428"
"chr7","48967511","48967819","chr7","51678223","51678523","19","2710712"
"chr7","48999481","48999780","chr7","51709368","51709670","7","2709887"
"chr7","49005597","49005851","chr6","178787227","178787483","37","129781630"
"chr7","49022766","49023070","chr16","57736218","57736518","40","8713452"
"chr7","49052198","49052506","chr9","39043024","39043328","38","10009174"
"chr7","49073167","49073472","chr7","51786106","51786413","11","2712939"
"chr7","49152604","49152897","chr7","51866349","51866647","9","2713745"
"chr7","49175059","49175367","chr7","51889453","51889762","5","2714394"
"chr7","49184028","49184336","chr4","42956422","42956725","40","6227606"
"chr7","49262999","49263253","chr8","34023425","34023680","33","15239574"
"chr7","49271815","49271960","chr16","61271829","61271963","36","12000014"
"chr7","49273079","49273382","chr7","51984896","51985200","4","2711817"
"chr7","49381265","49381575","chr7","152675411","152675718","35","103294146"
"chr7","49407570","49407862","chr7","52119661","52119953","1","2712091"
"chr7","49428130","49428428","chr7","52141746","52142048","13","2713616"
"chr7","49440073","49440356","chr7","52152721","52153003","5","2712648"
"chr7","49440540","49440705","chr7","52153187","52153352","2","2712647"
"chr7","49486514","49486822","chr20","578611","578919","41","48907903"
"chr7","49585509","49585815","chr2","143324373","143324681","36","93738864"
"chr7","49608100","49608391","chr7","52312747","52313038","5","2704647"
"chr7","49613468","49613756","chr1","45201703","45201990","39","4411765"
"chr7","49633391","49633683","chr7","52338275","52338565","8","2704884"
"chr7","49638064","49638366","chr3","166477634","166477937","30","116839570"
"chr7","49687360","49687642","chr7","52403507","52403787","5","2716147"
"chr7","49864976","49865274","chr7","52580259","52580557","3","2715283"
"chr7","49866540","49866829","chr7","52582118","52582406","4","2715578"
"chr7","49924028","49924308","chr7","52824391","52824673","7","2900363"
"chr7","49928980","49929285","chr7","52829543","52829839","10","2900563"
"chr7","49938119","49938421","chr7","52838750","52839052","1","2900631"
"chr7","49952873","49953155","chr7","52854031","52854313","4","2901158"
"chr7","49959886","49960184","chr10","30357621","30357916","36","19602265"
"chr7","50008617","50008925","chr5","42073224","42073534","38","7935393"
"chr7","50017978","50018267","chr7","52919783","52920072","8","2901805"
"chr7","50018941","50019205","chr20","2068645","2068928","51","47950296"
"chr7","50026741","50027034","chr7","52929015","52929320","33","2902274"
"chr7","50041198","50041482","chr7","52943733","52944017","6","2902535"
"chr7","50052525","50052825","chr7","52955422","52955721","5","2902897"
"chr7","50056193","50056507","chr7","52959080","52959394","5","2902887"
"chr7","50066765","50067062","chr7","52969601","52969900","3","2902836"
"chr7","50072831","50073135","chr7","52975766","52976070","2","2902935"
"chr7","50091639","50091924","chr2","189775345","189775633","42","139683706"
"chr7","50093595","50093864","chr7","52993873","52994142","4","2900278"
"chr7","50116508","50116805","chr2","204096661","204096957","40","153980153"
"chr7","50262331","50262644","chr17","31230657","31230959","41","19031674"
"chr7","50454231","50454513","chr7","53435353","53435631","9","2981122"
"chr7","50530010","50530315","chr7","53511968","53512271","9","2981958"
"chr7","50536908","50537197","chr7","53518858","53519136","22","2981950"
"chr7","50537779","50538080","chr2","159817530","159817826","33","109279751"
"chr7","50550015","50550320","chr7","53531513","53531806","20","2981498"
"chr7","50648077","50648327","chr7","53631278","53631527","3","2983201"
"chr7","50692127","50692421","chr7","53675286","53675588","12","2983159"
"chr7","50704634","50704946","chr6","143795791","143796105","42","93091157"
"chr7","50773606","50773912","chr1","44004494","44004799","34","6769112"
"chr7","50801280","50801587","chr7","53783457","53783764","3","2982177"
"chr7","50828750","50829038","chr10","18430747","18431035","30","32398003"
"chr7","50837720","50838023","chr20","14821308","14821602","40","36016412"
"chr7","50844654","50844927","chr4","20507940","20508220","34","30336714"
"chr7","51256242","51256542","chr7","54248334","54248637","21","2992092"
"chr7","51522762","51523056","chr7","54518432","54518726","3","2995670"
"chr7","51548624","51548923","chr11","32385303","32385602","39","19163321"
"chr7","51555574","51555866","chr7","54551565","54551857","1","2995991"
"chr7","51677674","51677949","chr1","20525319","20525602","42","31152355"
"chr7","52008947","52009248","chrX","47658843","47659142","39","4350104"
"chr7","52465151","52465438","chr7","126516507","126516798","40","74051356"
"chr7","52472619","52472926","chr7","55467455","55467762","12","2994836"
"chr7","52512177","52512467","chr7","55507042","55507326","15","2994865"
"chr7","52682012","52682323","chr7","55676591","55676890","19","2994579"
"chr7","52904221","52904509","chr7","55893883","55894175","5","2989662"
"chr7","52993689","52993977","chr12","88102728","88103014","36","35109039"
"chr7","53050791","53051099","chr7","56046403","56046711","6","2995612"
"chr7","53294828","53295116","chr7","56343701","56343991","2","3048873"
"chr7","53309931","53310257","chr1","5372572","5372896","56","47937359"
"chr7","53324549","53324857","chr7","56374983","56375291","6","3050434"
"chr7","53329632","53329943","chr1","12281473","12281782","34","41048159"
"chr7","53333476","53333784","chr7","56384921","56385229","4","3051445"
"chr7","53337875","53338129","chr1","207064650","207064912","48","153726775"
"chr7","53341450","53341697","chr1","16770878","16771132","54","36570572"
"chr7","53346548","53346841","chr7","56400189","56400483","5","3053641"
"chr7","53346847","53347132","chr7","56400489","56400774","0","3053642"
"chr7","53364200","53364501","chr7","56417669","56417970","3","3053469"
"chr7","53368459","53368752","chr2","40628061","40628359","41","12740398"
"chr7","53404356","53404631","chr7","150329414","150329699","43","96925058"
"chr7","53423668","53423959","chr4","37482973","37483262","45","15940695"
"chr7","53439838","53440040","chr3","169871706","169871898","59","116431868"
"chr7","53479065","53479338","chr16","73148116","73148396","43","19669051"
"chr7","53844706","53844948","chr7","56913080","56913321","5","3068374"
"chr7","53987638","53987939","chr7","57054925","57055228","5","3067287"
"chr7","53997257","53997525","chr7","57065490","57065765","18","3068233"
"chr7","54311268","54311559","chr7","57385165","57385464","15","3073897"
"chr7","54347386","54347677","chr7","57419681","57419972","8","3072295"
"chr7","54374680","54374964","chr9","17025012","17025309","48","37349668"
"chr7","54380759","54381061","chr7","57454201","57454504","6","3073442"
"chr7","54391634","54391939","chr7","57464342","57464639","14","3072708"
"chr7","54400055","54400350","chr7","57473192","57473485","7","3073137"
"chr7","54404716","54405029","chr7","137254072","137254385","42","82849356"
"chr7","54410935","54411232","chr7","57484376","57484666","12","3073441"
"chr7","54430308","54430596","chr7","57504026","57504314","5","3073718"
"chr7","54466424","54466728","chr7","57539838","57540147","10","3073414"
"chr7","54467345","54467638","chr7","57540764","57541061","6","3073419"
"chr7","54468644","54468949","chr7","57542069","57542375","9","3073425"
"chr7","54489714","54489995","chr7","27042398","27042682","30","27447316"
"chr7","54490916","54491215","chr10","60838472","60838771","35","6347556"
"chr7","54535335","54535625","chr7","57618964","57619253","3","3083629"
"chr7","54538167","54538453","chr7","57621796","57622082","4","3083629"
"chr7","54545764","54546053","chr17","80637506","80637802","47","26091742"
"chr7","54557440","54557725","chr7","57640437","57640712","11","3082997"
"chr7","54612058","54612270","chr1","162086036","162086244","35","107473978"
"chr7","54627663","54628004","chr7","57714610","57714951","2","3086947"
"chr7","55377852","55378145","chr7","58461709","58461997","9","3083857"
"chr7","55405774","55406087","chr7","58489664","58489982","8","3083890"
"chr7","55417310","55417604","chr7","58501227","58501530","12","3083917"
"chr7","55472505","55472774","chr7","58556784","58557052","7","3084279"
"chr7","55490108","55490426","chr7","58574388","58574706","1","3084280"
"chr7","55520760","55521022","chr7","58604903","58605165","4","3084143"
"chr7","55820585","55820874","chr7","58936852","58937142","9","3116267"
"chr7","55853183","55853473","chr1","46846739","46847031","32","9006444"
"chr7","56229309","56229609","chr7","59346246","59346547","3","3116937"
"chr7","56320430","56320735","chr7","59480564","59480869","7","3160134"
"chr7","56328985","56329260","chr4","158887930","158888209","36","102558945"
"chr7","56368575","56368837","chr7","59528316","59528571","15","3159741"
"chr7","56445404","56445715","chr4","37791755","37792063","49","18653649"
"chr7","56456973","56457252","chr14","122771901","122772183","39","66314928"
"chr7","56492278","56492588","chr17","11614420","11614728","38","44877858"
"chr7","56549136","56549422","chr7","59705478","59705761","13","3156342"
"chr7","56570226","56570535","chr7","59727628","59727937","4","3157402"
"chr7","56641389","56641682","chr7","59804324","59804622","6","3162935"
"chr7","56694331","56694631","chr7","59851408","59851712","13","3157077"
"chr7","56700517","56700800","chr7","59857612","59857895","4","3157095"
"chr7","57056181","57056488","chr7","60485834","60486140","2","3429653"
"chr7","57060429","57060716","chr7","60481590","60481886","15","3421161"
"chr7","57073123","57073390","chr18","9361654","9361933","44","47711469"
"chr7","57095717","57096007","chr7","60450992","60451282","2","3355275"
"chr7","57349929","57350226","chr10","21614845","21615140","33","35735084"
"chr7","57401162","57401456","chr7","62479233","62479534","12","5078071"
"chr7","57402131","57402422","chr7","62478266","62478558","7","5076135"
"chr7","57441566","57441877","chr7","62441944","62442254","11","5000378"
"chr7","57454906","57455212","chr7","62422818","62423124","5","4967912"
"chr7","57592461","57592754","chr7","62287860","62288156","6","4695399"
"chr7","57687206","57687488","chrX","68910312","68910592","34","11223106"
"chr7","57852901","57853209","chr7","62023756","62024063","6","4170855"
"chr7","57969148","57969440","chr7","61908678","61908968","6","3939530"
"chr7","58082927","58083226","chr7","61797119","61797422","9","3714192"
"chr7","58100408","58100713","chr7","61778366","61778675","8","3677958"
"chr7","58103626","58103923","chr11","125234569","125234867","39","67130943"
"chr7","58183521","58183821","chr7","61687151","61687438","16","3503630"
"chr7","58183886","58184190","chr1","34160811","34161118","38","24023075"
"chr7","58276118","58276410","chr7","61598333","61598621","8","3322215"
"chr7","58372059","58372353","chr15","41751569","41751866","38","16620490"
"chr7","58421256","58421557","chr7","61448729","61449036","9","3027473"
"chr7","58485903","58486194","chr15","79506882","79507171","35","21020979"
"chr7","58513100","58513410","chr7","61353892","61354204","8","2840792"
"chr7","58516262","58516574","chr7","61350735","61351044","10","2834473"
"chr7","58529213","58529512","chr7","61337436","61337736","2","2808223"
"chr7","58620971","58621269","chr1","93910355","93910647","35","35289384"
"chr7","58630189","58630482","chr7","61235240","61235538","9","2605051"
"chr7","58711292","58711580","chr11","121134860","121135146","32","62423568"
"chr7","58736794","58737095","chr7","61119604","61119905","3","2382810"
"chr7","58868923","58869224","chr7","60991902","60992202","3","2122979"
"chr7","58880177","58880477","chr7","60980908","60981217","22","2100731"
"chr7","58945325","58945618","chr7","60826153","60826446","9","1880828"
"chr7","59041301","59041578","chr7","63292282","63292561","9","4250981"
"chr7","59065184","59065478","chr16","43551468","43551764","38","15513716"
"chr7","59226296","59226595","chr7","63091374","63091672","9","3865078"
"chr7","59321555","59321845","chr7","62994156","62994445","2","3672601"
"chr7","59467598","59467920","chr7","62848453","62848775","6","3380855"
"chr7","59473484","59473785","chr7","62842968","62843272","11","3369484"
"chr7","59517002","59517297","chr7","62798897","62799198","8","3281895"
"chr7","59544634","59544922","chr7","62770186","62770471","5","3225552"
"chr7","59559437","59559740","chr2","83776849","83777154","37","24217412"
"chr7","59560714","59561032","chr7","62754084","62754399","9","3193370"
"chr7","59565456","59565760","chr7","62749349","62749659","13","3183893"
"chr7","59571994","59572277","chr7","62742826","62743110","5","3170832"
"chr7","59586185","59586487","chr7","62728692","62728990","7","3142507"
"chr7","59622565","59622858","chr7","62691859","62692143","11","3069294"
"chr7","59749098","59749386","chr12","88434400","88434690","48","28685302"
"chr7","59785679","59785937","chr9","128076736","128076998","42","68291057"
"chr7","59821450","59821735","chr3","55339295","55339577","53","4482155"
"chr7","59844661","59844953","chr7","63362867","63363162","10","3518206"
"chr7","59970856","59971130","chr7","63483854","63484128","5","3512998"
"chr7","60044146","60044436","chr7","63557421","63557712","7","3513275"
"chr7","60109046","60109322","chr7","63622690","63622966","4","3513644"
"chr7","60123534","60123789","chr7","63637146","63637398","15","3513612"
"chr7","60137230","60137525","chr7","63649759","63650064","15","3512529"
"chr7","60169233","60169525","chr7","63683497","63683785","9","3514264"
"chr7","60172316","60172496","chr7","63686585","63686765","5","3514269"
"chr7","60271788","60272102","chr7","63786437","63786743","17","3514649"
"chr7","60435652","60435950","chr11","128953798","128954095","35","68518146"
"chr7","60507394","60507692","chr7","64022703","64023008","17","3515309"
"chr7","60687350","60687658","chrX","3672786","3673095","39","57014564"
"chr7","60706494","60706801","chr7","64216629","64216936","4","3510135"
"chr7","60765179","60765470","chr7","64275437","64275706","28","3510258"
"chr7","60790016","60790322","chr7","64300564","64300843","35","3510548"
"chr7","60808596","60808904","chr7","64324101","64324408","11","3515505"
"chr7","60843942","60844222","chr7","64359098","64359378","4","3515156"
"chr7","60902437","60902747","chr7","64418977","64419288","9","3516540"
"chr7","61182832","61183149","chr7","64700059","64700375","14","3517227"
"chr7","61197583","61197889","chr7","64713820","64714123","6","3516237"
"chr7","61527670","61527967","chr14","106747707","106747997","62","45220037"
"chr7","61809115","61809412","chr7","65303322","65303619","2","3494207"
"chr7","62013392","62013705","chr7","65563914","65564228","7","3550522"
"chr7","62069486","62069790","chr7","65621196","65621474","34","3551710"
"chr7","62127632","62127878","chr7","65679470","65679716","4","3551838"
"chr7","62250224","62250499","chr7","65800291","65800561","10","3550067"
"chr7","62388789","62389097","chr7","65939803","65940111","7","3551014"
"chr7","62893772","62894074","chr7","66445170","66445472","10","3551398"
"chr7","62932524","62932814","chr7","66484053","66484345","9","3551529"
"chr7","62941880","62942171","chr7","66493726","66494017","7","3551846"
"chr7","62998241","62998536","chr4","168418778","168419075","34","105420537"
"chr7","63055049","63055333","chr7","66604788","66605084","19","3549739"
"chr7","63058392","63058700","chr7","66608169","66608477","4","3549777"
"chr7","63171578","63171867","chr7","66720816","66721105","3","3549238"
"chr7","63194670","63194949","chr7","66744545","66744824","5","3549875"
"chr7","63386615","63386884","chr7","66939528","66939797","11","3552913"
"chr7","63427177","63427479","chr7","66982628","66982944","21","3555451"
"chr7","63452115","63452393","chr7","67008941","67009220","6","3556826"
"chr7","63459494","63459696","chr7","67016127","67016329","5","3556633"
"chr7","63522624","63522889","chr1","119228005","119228271","39","55705381"
"chr7","63579196","63579491","chr7","67126626","67126921","4","3547430"
"chr7","63642857","63643165","chr7","67193041","67193332","22","3550184"
"chr7","63653560","63653857","chr7","67204003","67204313","14","3550443"
"chr7","63976908","63977206","chr7","67544706","67545008","7","3567798"
"chr7","64008748","64009036","chr7","67576911","67577198","4","3568163"
"chr7","64047399","64047705","chr14","11352083","11352388","39","52695316"
"chr7","64051350","64051657","chr7","67626965","67627271","6","3575615"
"chr7","64135453","64135741","chr7","67711268","67711554","23","3575815"
"chr7","64159621","64159893","chr7","67734824","67735099","5","3575203"
"chr7","64166559","64166859","chr7","67740262","67740550","16","3573703"
"chr7","64250420","64250731","chr7","67826172","67826483","3","3575752"
"chr7","64269586","64269898","chr7","67844995","67845297","16","3575409"
"chr7","64303033","64303325","chr7","67878308","67878597","11","3575275"
"chr7","64348381","64348687","chr7","67922387","67922682","18","3574006"
"chr7","64474998","64475270","chr8","57042423","57042706","45","7432575"
"chr7","64493411","64493713","chr7","68068820","68069122","1","3575409"
"chr7","64544383","64544687","chr7","68120707","68121013","12","3576324"
"chr7","64588195","64588490","chr7","68164498","68164799","11","3576303"
"chr7","64609745","64610040","chr7","68198383","68198684","9","3588638"
"chr7","64611451","64611760","chr4","13305476","13305782","33","51305975"
"chr7","64625482","64625727","chr4","85863805","85864052","34","21238323"
"chr7","64655276","64655567","chr7","68245262","68245553","4","3589986"
"chr7","64659855","64660163","chr7","68249906","68250203","14","3590051"
"chr7","64719349","64719648","chr8","38564267","38564562","21","26155082"
"chr7","64799009","64799301","chrX","131564022","131564312","31","66765013"
"chr7","64801149","64801434","chr15","4364534","4364802","47","60436615"
"chr7","64854182","64854474","chr7","68539277","68539567","5","3685095"
"chr7","64935228","64935524","chr7","68620571","68620868","6","3685343"
"chr7","64950395","64950704","chr7","68635464","68635769","9","3685069"
"chr7","65020274","65020571","chr7","68704681","68704961","22","3684407"
"chr7","65089573","65089859","chr7","68774399","68774689","6","3684826"
"chr7","65110515","65110802","chr17","28329912","28330203","30","36780603"
"chr7","65135757","65136007","chr7","68823718","68823970","3","3687961"
"chr7","65146460","65146755","chr10","5729998","5730296","36","59416462"
"chr7","65154627","65154928","chr11","124583532","124583839","41","59428905"
"chr7","65214842","65215144","chr7","68897959","68898265","9","3683117"
"chr7","65223084","65223376","chr16","62065069","62065362","31","3158015"
"chr7","65255053","65255234","chr4","132216428","132216604","28","66961375"
"chr7","65324768","65325057","chr7","69305996","69306279","13","3981228"
"chr7","65432893","65433176","chr7","69413422","69413719","20","3980529"
"chr7","65604892","65605135","chr7","69590936","69591183","20","3986044"
"chr7","65641052","65641330","chr7","69627071","69627348","26","3986019"
"chr7","65834611","65834916","chr7","95157109","95157413","37","29322498"
"chr7","65963567","65963857","chr7","69950954","69951246","8","3987387"
"chr7","66680944","66681250","chr7","70672906","70673169","52","3991962"
"chr7","66770572","66770863","chr10","30357621","30357916","43","36412951"
"chr7","67023995","67024293","chr15","11347906","11348207","38","55676089"
"chr7","67111585","67111877","chr7","71107154","71107446","4","3995569"
"chr7","67124491","67124773","chrX","29323814","29324106","37","37800677"
"chr7","67137905","67138190","chr7","71133951","71134236","5","3996046"
"chr7","67144452","67144742","chr7","71141544","71141835","7","3997092"
"chr7","67161704","67162002","chr7","71159061","71159360","3","3997357"
"chr7","67272928","67273217","chr7","71280689","71280983","8","4007761"
"chr7","67275179","67275486","chr7","71282941","71283240","9","4007762"
"chr7","67401092","67401419","chr7","71415093","71415419","5","4014001"
"chr7","67565559","67565832","chr7","71583691","71583964","4","4018132"
"chr7","67595103","67595421","chr7","71613522","71613816","30","4018419"
"chr7","67596616","67596943","chr7","71614992","71615311","16","4018376"
"chr7","67923128","67923433","chr3","41524932","41525236","43","26398196"
"chr7","68041892","68042179","chr7","72064546","72064833","7","4022654"
"chr7","68089943","68090241","chr7","6595521","6595820","40","61494422"
"chr7","68204896","68205189","chr6","131966421","131966716","44","63761525"
"chr7","68305736","68306033","chr7","72316103","72316399","15","4010367"
"chr7","68523073","68523368","chr7","72541143","72541435","7","4018070"
"chr7","68523383","68523669","chr7","72541475","72541743","25","4018092"
"chr7","68584471","68584606","chr4","28112752","28112885","17","40471719"
"chr7","68589151","68589450","chr7","72605599","72605867","38","4016448"
"chr7","68603507","68603796","chr7","72619897","72620184","13","4016390"
"chr7","68661114","68661423","chr7","72677798","72678108","8","4016684"
"chr7","68803519","68803817","chr7","72817309","72817606","7","4013790"
"chr7","68840451","68840763","chr7","72854126","72854438","5","4013675"
"chr7","68935394","68935657","chr7","72949567","72949831","8","4014173"
"chr7","69028874","69029172","chr7","73043192","73043500","17","4014318"
"chr7","69056908","69057198","chr7","73070940","73071231","9","4014032"
"chr7","69142876","69143162","chr19","33673355","33673647","44","35469521"
"chr7","69251992","69252272","chr7","73263267","73263548","6","4011275"
"chr7","69320087","69320396","chr1","39887022","39887330","35","29433065"
"chr7","69392563","69392859","chr7","73455918","73456218","9","4063355"
"chr7","69539695","69539977","chr8","76413611","76413891","37","6873916"
"chr7","69805960","69806252","chr7","73868826","73869118","5","4062866"
"chr7","69830409","69830689","chr7","73892535","73892826","16","4062126"
"chr7","70041559","70041831","chr7","74105007","74105281","9","4063448"
"chr7","70112717","70112988","chr7","74175728","74175999","4","4063011"
"chr7","70229110","70229406","chr7","74287151","74287444","10","4058041"
"chr7","70230176","70230471","chr7","74288622","74288921","7","4058446"
"chr7","70363614","70363915","chr7","74460518","74460820","2","4096904"
"chr7","70384792","70385090","chr7","74481656","74481940","29","4096864"
"chr7","70403928","70404230","chr7","107019048","107019350","33","36615120"
"chr7","70438794","70439114","chr7","74535746","74536066","39","4096952"
"chr7","70574442","70574750","chr7","74669704","74670013","10","4095262"
"chr7","71069410","71069708","chr7","75173269","75173566","9","4103859"
"chr7","71072546","71072841","chr7","75176411","75176709","15","4103865"
"chr7","71239597","71239904","chr7","75344541","75344843","22","4104944"
"chr7","71285018","71285326","chr7","75389780","75390080","18","4104762"
"chr7","71294193","71294449","chr7","75398965","75399217","10","4104772"
"chr7","71325069","71325338","chr7","75429024","75429300","11","4103955"
"chr7","71332704","71332990","chr7","75436589","75436875","6","4103885"
"chr7","71380489","71380812","chr11","62610991","62611296","54","8769498"
"chr7","71605590","71605882","chr7","75714631","75714916","10","4109041"
"chr7","71937471","71937771","chr7","76096854","76097153","5","4159383"
"chr7","71983050","71983328","chr7","76144573","76144855","11","4161523"
"chr7","72020801","72021089","chr2","152950268","152950555","3","80929467"
"chr7","72612290","72612566","chr7","76838849","76839125","6","4226559"
"chr7","72688294","72688602","chr7","76914847","76915145","17","4226553"
"chr7","72787341","72787599","chr16","5165493","5165748","42","67621848"
"chr7","72814587","72814881","chr7","77220673","77220967","3","4406086"
"chr7","72827220","72827514","chr7","77233014","77233307","4","4405794"
"chr7","72859721","72860027","chr4","146838422","146838730","38","73978701"
"chr7","72923692","72924002","chr1","34802540","34802839","43","38121152"
"chr7","73054643","73054891","chr7","77460588","77460836","8","4405945"
"chr7","73131108","73131416","chr7","77537751","77538058","8","4406643"
"chr7","73224903","73225194","chr5","186362517","186362808","38","113137614"
"chr7","73238641","73238946","chr2","94182728","94183029","41","20944087"
"chr7","73334832","73335122","chr7","77748272","77748584","30","4413440"
"chr7","73362329","73362565","chr7","77775913","77776149","3","4413584"
"chr7","73395597","73395906","chr10","31743261","31743569","33","41652336"
"chr7","73445658","73445977","chr11","56949101","56949409","48","16496557"
"chr7","73465420","73465722","chr7","77877505","77877815","9","4412085"
"chr7","73489027","73489335","chr15","5310815","5311119","41","68178212"
"chr7","73566323","73566619","chr7","77969396","77969696","11","4403073"
"chr7","73649874","73650146","chr7","78053471","78053743","4","4403597"
"chr7","73677130","73677327","chr8","28666786","28666988","33","45010344"
"chr7","73806671","73806974","chr7","78212731","78213040","7","4406060"
"chr7","73992314","73992492","chr7","78397347","78397525","0","4405033"
"chr7","74071476","74071777","chr7","78489004","78489305","5","4417528"
"chr7","74128582","74128866","chr7","78541024","78541308","8","4412442"
"chr7","74195455","74195749","chr7","78679937","78680230","9","4484482"
"chr7","74232128","74232421","chr7","78713452","78713748","9","4481324"
"chr7","74297658","74297954","chr7","78779344","78779648","22","4481686"
"chr7","74407276","74407573","chr7","78889938","78890240","9","4482662"
"chr7","74552329","74552618","chr7","79027640","79027929","10","4475311"
"chr7","74686068","74686306","chr13","1273117","1273351","46","73412951"
"chr7","74745563","74745818","chr13","27706830","27707090","39","47038733"
"chr7","74979654","74979970","chr7","79442374","79442690","6","4462720"
"chr7","75384907","75385205","chr7","79857257","79857558","4","4472350"
"chr7","75389234","75389534","chr7","79860992","79861292","6","4471758"
"chr7","75525136","75525407","chr7","79997716","79997987","4","4472580"
"chr7","75527446","75527743","chr7","80000010","80000313","10","4472564"
"chr7","75531479","75531773","chr7","80004062","80004359","9","4472583"
"chr7","75577962","75578259","chr7","80049895","80050196","6","4471933"
"chr7","75579071","75579366","chr7","80050996","80051290","10","4471925"
"chr7","75640446","75640720","chr7","80114250","80114532","14","4473804"
"chr7","75966883","75967181","chr7","80443339","80443630","8","4476456"
"chr7","76039340","76039609","chr7","80524087","80524389","35","4484747"
"chr7","76188260","76188545","chr7","80695199","80695500","30","4506939"
"chr7","76446262","76446420","chr10","56995889","56996047","22","19450373"
"chr7","76646523","76646815","chr7","81191986","81192276","10","4545463"
"chr7","76666015","76666314","chr7","81211478","81211777","14","4545463"
"chr7","76959795","76960070","chr7","81537717","81537992","6","4577922"
"chr7","76980327","76980623","chr7","81557612","81557908","10","4577285"
"chr7","77032281","77032565","chr7","81607238","81607525","15","4574957"
"chr7","77049754","77050046","chr7","81621252","81621554","20","4571498"
"chr7","77085425","77085710","chr7","81657087","81657389","24","4571662"
"chr7","77119135","77119427","chr7","81690701","81690990","4","4571566"
"chr7","77172552","77172878","chr7","81743287","81743601","16","4570735"
"chr7","77184504","77184819","chr7","81754045","81754343","40","4569541"
"chr7","77446783","77446914","chr7","82021716","82021847","2","4574933"
"chr7","77455032","77455335","chr1","67239282","67239587","32","10215750"
"chr7","77467992","77468233","chr6","179384905","179385146","33","101916913"
"chr7","77582296","77582608","chr13","30550542","30550849","40","47031754"
"chr7","77615527","77615824","chr7","82221658","82221961","15","4606131"
"chr7","77631641","77631943","chr16","50353289","50353590","32","27278352"
"chr7","77674014","77674324","chr7","82283335","82283657","17","4609321"
"chr7","77808001","77808309","chr7","82421395","82421701","8","4613394"
"chr7","77833667","77833976","chr7","82447366","82447677","5","4613699"
"chr7","77836088","77836269","chr7","82449785","82449966","0","4613697"
"chr7","77836829","77837085","chr7","82450526","82450750","36","4613697"
"chr7","77838392","77838665","chr7","82454114","82454388","3","4615722"
"chr7","77871573","77871866","chr7","82491478","82491765","9","4619905"
"chr7","77890265","77890552","chr7","82510636","82510924","3","4620371"
"chr7","77902266","77902551","chr7","82523185","82523470","3","4620919"
"chr7","77910394","77910704","chr7","82531819","82532129","5","4621425"
"chr7","77912629","77912933","chr7","82534660","82534959","13","4622031"
"chr7","77934714","77935012","chr7","82554667","82554969","16","4619953"
"chr7","77951296","77951565","chr7","82571986","82572255","3","4620690"
"chr7","78017544","78017832","chr7","82636813","82637101","2","4619269"
"chr7","78040644","78040954","chr7","82659705","82660016","10","4619061"
"chr7","78074952","78075258","chr8","52346566","52346873","41","25728386"
"chr7","78090662","78090959","chr1","184288565","184288861","39","106197903"
"chr7","78097696","78097990","chr7","82716387","82716680","4","4618691"
"chr7","78107104","78107392","chr7","82725551","82725839","5","4618447"
"chr7","78109846","78110137","chr19","33673355","33673647","40","44436491"
"chr7","78142790","78143095","chr7","82804234","82804538","11","4661444"
"chr7","78145749","78146053","chr7","82806829","82807128","7","4661080"
"chr7","78146205","78146503","chr17","48498951","48499244","30","29647254"
"chr7","78146739","78147067","chr7","82807809","82808108","39","4661070"
"chr7","78212877","78213192","chr3","82196280","82196582","47","3983403"
"chr7","78249269","78249565","chr7","82916594","82916887","7","4667325"
"chr7","78282066","78282347","chrX","101188584","101188863","35","22906518"
"chr7","78466307","78466605","chr7","83135348","83135646","16","4669041"
"chr7","78482806","78483096","chr10","77898173","77898460","35","584633"
"chr7","78501921","78502221","chr7","83163611","83163920","17","4661690"
"chr7","78551640","78551940","chr7","83213220","83213522","6","4661580"
"chr7","79090894","79091192","chr7","83767143","83767436","15","4676249"
"chr7","79214116","79214416","chr7","83889118","83889417","2","4675002"
"chr7","79218344","79218622","chr4","158887930","158888209","32","79669586"
"chr7","79238189","79238480","chr7","83912871","83913163","5","4674682"
"chr7","79318356","79318654","chr1","25636423","25636725","40","53681933"
"chr7","79362634","79362814","chr7","84040431","84040611","2","4677797"
"chr7","79364942","79365251","chr7","84042718","84043022","16","4677776"
"chr7","79368741","79369033","chr7","84046496","84046786","7","4677755"
"chr7","79370242","79370544","chr7","84047995","84048302","7","4677753"
"chr7","79388972","79389273","chr7","84067362","84067662","6","4678390"
"chr7","79404175","79404478","chr2","113545999","113546299","43","34141824"
"chr7","79449673","79449969","chr7","20053195","20053492","52","59396478"
"chr7","79451603","79451829","chr7","84143993","84144219","5","4692390"
"chr7","79456415","79456712","chr8","78689284","78689587","42","767131"
"chr7","79470954","79471261","chr7","84162586","84162886","11","4691632"
"chr7","79497407","79497696","chr10","77898173","77898460","33","1599234"
"chr7","79538694","79538987","chr7","84232357","84232652","3","4693663"
"chr7","79601610","79601907","chr7","84295395","84295693","6","4693785"
"chr7","79648372","79648661","chr1","142335943","142336240","40","62687571"
"chr7","79657619","79657937","chr7","84354471","84354792","24","4696852"
"chr7","79714427","79714731","chr7","84410844","84411148","3","4696417"
"chr7","79715496","79715801","chr7","84411582","84411890","5","4696086"
"chr7","79735309","79735622","chr7","84430780","84431095","13","4695471"
"chr7","79761137","79761420","chr7","84457966","84458218","37","4696829"
"chr7","79797456","79797728","chrX","123492650","123492923","26","43695194"
"chr7","79841180","79841460","chr11","116214085","116214356","47","36372905"
"chr7","79868784","79869085","chr7","84562292","84562588","11","4693508"
"chr7","79872256","79872542","chr7","84565777","84566063","2","4693521"
"chr7","79892524","79892821","chr7","84585575","84585864","23","4693051"
"chr7","79906313","79906603","chr7","84599150","84599446","18","4692837"
"chr7","79915922","79916208","chr7","84608695","84608984","8","4692773"
"chr7","79937292","79937585","chrX","1536503","1536807","34","78400789"
"chr7","79989469","79989776","chr7","84682413","84682692","33","4692944"
"chr7","80010188","80010497","chr15","25147213","25147522","33","54862975"
"chr7","80057767","80058076","chr7","84750243","84750552","11","4692476"
"chr7","80073006","80073286","chr7","84765802","84766099","24","4692796"
"chr7","80205470","80205776","chr7","84894710","84895014","11","4689240"
"chr7","80214549","80214859","chr10","81097714","81098021","33","883165"
"chr7","80253824","80254092","chr7","84945861","84946129","3","4692037"
"chr7","80531327","80531605","chr7","85223096","85223374","3","4691769"
"chr7","80939854","80940147","chr7","85627024","85627308","12","4687170"
"chr7","80943948","80944187","chr3","74292501","74292748","43","6651447"
"chr7","80946870","80947166","chr7","85634937","85635232","4","4688067"
"chr7","81013322","81013625","chr7","85701897","85702199","7","4688575"
"chr7","81077518","81077809","chr7","85766017","85766305","6","4688499"
"chr7","81626077","81626367","chr8","7967972","7968260","44","73658105"
"chr7","81991606","81991890","chr7","86685125","86685410","8","4693519"
"chr7","82344142","82344392","chr7","87047851","87048131","34","4703709"
"chr7","82943637","82943926","chrX","23669086","23669381","39","59274551"
"chr7","83048029","83048337","chr7","87748858","87749151","18","4700829"
"chr7","83125112","83125396","chr7","87825071","87825360","17","4699959"
"chr7","83992101","83992390","chr4","54157080","54157372","39","29835021"
"chr7","84292088","84292391","chr7","89005939","89006234","13","4713851"
"chr7","84809813","84810119","chr7","89448522","89448828","3","4638709"
"chr7","84897326","84897618","chr7","89533672","89533963","2","4636346"
"chr7","84994149","84994461","chr7","89619774","89620086","8","4625625"
"chr7","85048873","85049182","chr13","43474471","43474778","43","41574402"
"chr7","85111662","85111949","chr7","89739492","89739780","11","4627830"
"chr7","85434370","85434651","chr7","90066594","90066888","18","4632224"
"chr7","85570296","85570591","chr7","90202258","90202552","5","4631962"
"chr7","85574742","85575040","chr7","90206692","90206990","5","4631950"
"chr7","85598830","85599145","chr7","90230444","90230749","19","4631614"
"chr7","85619344","85619645","chr10","62331135","62331441","44","23288209"
"chr7","86033741","86034048","chr7","90661726","90662014","25","4627985"
"chr7","86176077","86176382","chr7","90801509","90801811","13","4625432"
"chr7","86216661","86216951","chr4","128008877","128009161","47","41792216"
"chr7","86266529","86266772","chr16","43972596","43972843","32","42293933"
"chr7","86392689","86392973","chr7","91045272","91045567","20","4652583"
"chr7","86405459","86405746","chr8","42231960","42232239","48","44173499"
"chr7","86571688","86571990","chr2","109964204","109964501","39","23392516"
"chr7","86875063","86875362","chr16","22728440","22728748","50","64146623"
"chr7","87022556","87022812","chr7","91760344","91760600","11","4737788"
"chr7","87047136","87047435","chr7","91784441","91784740","2","4737305"
"chr7","87203783","87204075","chr7","91941317","91941622","14","4737534"
"chr7","87232446","87232749","chr7","91969696","91970007","14","4737250"
"chr7","87247165","87247468","chr7","91984373","91984677","9","4737208"
"chr7","87372280","87372581","chr7","92108435","92108725","16","4736155"
"chr7","87435435","87435694","chr7","92171402","92171661","3","4735967"
"chr7","87483978","87484269","chr7","92219701","92219991","8","4735723"
"chr7","87514871","87515170","chr7","92250841","92251140","4","4735970"
"chr7","87634409","87634682","chr7","92372133","92372406","7","4737724"
"chr7","87643052","87643369","chr7","92379934","92380233","24","4736882"
"chr7","87670574","87670860","chr7","92408289","92408577","12","4737715"
"chr7","87672898","87673179","chr7","92410765","92411046","4","4737867"
"chr7","87689685","87689988","chr7","92426839","92427151","16","4737154"
"chr7","87690682","87690973","chr7","92427841","92428127","9","4737159"
"chr7","87710169","87710451","chr7","92444691","92444984","19","4734522"
"chr7","87721548","87721874","chr2","126151048","126151361","45","38429500"
"chr7","87788452","87788757","chr7","92521261","92521545","24","4732809"
"chr7","87795937","87796225","chr5","98591416","98591702","35","10795479"
"chr7","87844498","87844800","chr7","92577279","92577582","5","4732781"
"chr7","87868314","87868613","chr16","6754769","6755065","36","81113545"
"chr7","87892067","87892360","chr8","79544007","79544300","25","8348060"
"chr7","87922697","87922999","chr2","142744283","142744586","35","54821586"
"chr7","87953999","87954298","chr7","92706430","92706729","5","4752431"
"chr7","87961306","87961612","chr8","44905839","44906138","34","43055467"
"chr7","88072456","88072758","chr7","92824828","92825130","7","4752372"
"chr7","88080065","88080359","chr7","92832505","92832800","4","4752440"
"chr7","88085010","88085289","chr7","92837441","92837730","12","4752431"
"chr7","88090322","88090622","chr19","5668019","5668321","32","82422303"
"chr7","88097461","88097772","chr7","92849833","92850144","2","4752372"
"chr7","88149637","88149935","chr1","19420229","19420523","35","68729408"
"chr7","88256134","88256429","chr4","123382191","123382485","40","35126057"
"chr7","88291741","88292047","chr7","93046447","93046748","8","4754706"
"chr7","88337134","88337411","chr7","93090265","93090542","9","4753131"
"chr7","88372395","88372692","chr7","93125827","93126124","9","4753432"
"chr7","88496099","88496393","chr7","93244401","93244696","12","4748302"
"chr7","88537165","88537456","chr7","93285734","93286028","11","4748569"
"chr7","88564597","88564895","chr7","93313377","93313676","6","4748780"
"chr7","88768972","88769268","chr11","94996337","94996634","38","6227365"
"chr7","88921007","88921164","chr19","25439545","25439706","19","63481462"
"chr7","89036829","89037130","chr7","93801839","93802140","4","4765010"
"chr7","89190729","89191048","chr16","61253797","61254104","42","27936932"
"chr7","89278414","89278719","chr7","94041247","94041553","14","4762833"
"chr7","89400630","89400932","chr7","94165265","94165563","9","4764635"
"chr7","89544901","89545101","chr14","78721833","78722029","38","10823068"
"chr7","89558215","89558500","chr7","94329576","94329861","7","4771361"
"chr7","89662892","89663170","chr7","94439997","94440275","5","4777105"
"chr7","89826820","89827127","chr7","94606350","94606657","1","4779530"
"chr7","90559923","90560209","chr7","95337580","95337841","27","4777657"
"chr7","90686101","90686361","chr7","95459643","95459904","10","4773542"
"chr7","90715193","90715469","chr7","95487955","95488228","9","4772762"
"chr7","90778307","90778618","chr7","95642971","95643282","9","4864664"
"chr7","90886165","90886474","chr7","95749905","95750213","12","4863740"
"chr7","90929283","90929581","chr9","68896576","68896871","38","22032707"
"chr7","90994331","90994586","chrX","41416013","41416266","108","49578318"
"chr7","91005727","91005997","chr7","95965289","95965559","3","4959562"
"chr7","91015170","91015479","chr1","63796488","63796794","39","27218682"
"chr7","91028074","91028341","chr7","95987161","95987444","18","4959087"
"chr7","91042287","91042596","chrX","46828370","46828679","37","44213917"
"chr7","91056965","91057258","chr9","27054468","27054806","134","64002497"
"chr7","91060453","91060738","chr6","152918820","152919108","42","61858367"
"chr7","91075516","91075821","chr7","96037684","96037959","33","4962168"
"chr7","91083561","91083868","chr7","96047056","96047336","32","4963495"
"chr7","91084998","91085176","chr7","164769698","164769872","29","73684700"
"chr7","91087873","91088161","chr7","96050517","96050805","7","4962644"
"chr7","91105368","91105704","chr7","96067881","96068216","8","4962513"
"chr7","91108143","91108440","chr7","96070641","96070937","10","4962498"
"chr7","91123666","91123978","chr7","96086404","96086709","10","4962738"
"chr7","91137542","91137755","chr10","3523951","3524161","27","87613591"
"chr7","91187273","91187565","chr7","96153794","96154080","14","4966521"
"chr7","91243137","91243437","chr7","96213970","96214273","7","4970833"
"chr7","91258252","91258560","chr16","39535721","39536029","41","51722531"
"chr7","91278178","91278468","chr7","96248163","96248464","17","4969985"
"chr7","91307561","91307852","chr7","96281570","96281861","6","4974009"
"chr7","91328909","91329216","chr7","96302085","96302394","6","4973176"
"chr7","91330542","91330855","chr7","96303703","96304013","18","4973161"
"chr7","91369332","91369663","chr7","96338791","96339121","2","4969459"
"chr7","91400859","91401153","chr9","92288864","92289157","32","888005"
"chr7","91416657","91416944","chr7","96390748","96391037","6","4974091"
"chr7","91418589","91418881","chr7","96392683","96392975","8","4974094"
"chr7","91437145","91437449","chr1","12281473","12281782","35","79155672"
"chr7","91491113","91491392","chr7","96466386","96466663","6","4975273"
"chr7","91496394","91496691","chr3","185365788","185366085","39","93869394"
"chr7","91526451","91526725","chr3","43944332","43944605","45","47582119"
"chr7","91547441","91547739","chr2","159817530","159817826","35","68270089"
"chr7","91563885","91564181","chr7","96543929","96544226","5","4980044"
"chr7","91616183","91616474","chr1","12484168","12484458","36","79132015"
"chr7","91617795","91618083","chr3","69217419","69217706","37","22400376"
"chr7","91618478","91618779","chr7","96598123","96598424","2","4979645"
"chr7","91700019","91700319","chr7","96676498","96676798","1","4976479"
"chr7","91703167","91703394","chr4","34502806","34503031","31","57200361"
"chr7","91729001","91729291","chr7","96704247","96704537","12","4975246"
"chr7","91758964","91759266","chr7","96733053","96733358","10","4974089"
"chr7","91761329","91761629","chr8","117103298","117103594","40","25341969"
"chr7","91808930","91809250","chr7","96784559","96784879","7","4975629"
"chr7","91849484","91849792","chr7","96825162","96825466","9","4975678"
"chr7","92065953","92066251","chr13","62297364","62297661","41","29768589"
"chr7","92106662","92106951","chr7","97088064","97088353","2","4981402"
"chr7","92183678","92183981","chr7","97164812","97165120","15","4981134"
"chr7","92240521","92240814","chr7","97220281","97220581","14","4979760"
"chr7","92312202","92312491","chr7","97293151","97293441","4","4980949"
"chr7","92385521","92385816","chr7","97366062","97366357","11","4980541"
"chr7","92438268","92438578","chr7","97420210","97420519","11","4981942"
"chr7","92460878","92461168","chr7","97442803","97443093","4","4981925"
"chr7","92472643","92472935","chr7","97454590","97454881","8","4981947"
"chr7","93000065","93000365","chr3","176177648","176177948","43","83177583"
"chr7","93087785","93088067","chr7","98076088","98076377","21","4988303"
"chr7","93124273","93124578","chr2","177308545","177308849","31","84184272"
"chr7","93617400","93617706","chr7","98608038","98608346","12","4990638"
"chr7","93698829","93699130","chr7","98691272","98691573","5","4992443"
"chr7","93772406","93772458","chr15","27767704","27767751","16","66004702"
"chr7","93772715","93772906","chr4","536244","536437","26","93236471"
"chr7","93840538","93840851","chr7","98835832","98836145","6","4995294"
"chr7","94446218","94446522","chr7","99460699","99460995","13","5014481"
"chr7","94526949","94527231","chr7","99541734","99542017","7","5014785"
"chr7","94532354","94532651","chr17","23775743","23776042","33","70756611"
"chr7","94591971","94592250","chr7","99606710","99606989","5","5014739"
"chr7","94611994","94612306","chr5","103768391","103768712","41","9156397"
"chr7","94632032","94632313","chr7","99646514","99646795","1","5014482"
"chr7","94923898","94924160","chr7","99922854","99923145","38","4998956"
"chr7","95098502","95098807","chr4","31898756","31899058","42","63199746"
"chr7","95344317","95344603","chr7","100350558","100350844","5","5006241"
"chr7","95486735","95487030","chr7","100492815","100493103","11","5006080"
"chr7","95523509","95523741","chr7","100529747","100529981","3","5006238"
"chr7","95525572","95525870","chr7","100531771","100532070","6","5006199"
"chr7","95542147","95542464","chr7","100556675","100556974","28","5014528"
"chr7","95553575","95553748","chr16","41796497","41796671","26","53757078"
"chr7","95577773","95578069","chr7","100591892","100592181","8","5014119"
"chr7","95590805","95591101","chr4","123382191","123382485","39","27791386"
"chr7","95611082","95611371","chr9","103285407","103285693","40","7674325"
"chr7","95629301","95629611","chr16","61253797","61254104","35","34375504"
"chr7","95641414","95641707","chr14","6068347","6068644","43","89573067"
"chr7","95734662","95734960","chr17","77044228","77044520","42","18690434"
"chr7","95735417","95735720","chr7","100750528","100750831","5","5015111"
"chr7","95798674","95798945","chr1","17483429","17483710","51","78315245"
"chr7","95856828","95857115","chr7","100877657","100877944","5","5020829"
"chr7","95861716","95862010","chr7","100882638","100882943","16","5020922"
"chr7","96156747","96156996","chr10","28489400","28489670","69","67667347"
"chr7","96263359","96263650","chr7","154883925","154884219","42","58620566"
"chr7","96453489","96453799","chr7","67544706","67545008","64","28908783"
"chr7","96649762","96650071","chr7","101703348","101703644","18","5053586"
"chr7","97034509","97034807","chr10","57695217","57695522","53","39339292"
"chr7","97065753","97066022","chr6","138466080","138466347","57","41400327"
"chr7","97123563","97123834","chr16","12747659","12747928","42","84375904"
"chr7","97200537","97200840","chr7","102268496","102268804","18","5067959"
"chr7","97244398","97244708","chr7","102312419","102312729","3","5068021"
"chr7","97370155","97370464","chr16","3357166","3357475","40","94012989"
"chr7","97395343","97395640","chr7","67126626","67126921","43","30268717"
"chr7","97513192","97513485","chr7","102581021","102581295","28","5067829"
"chr7","97804967","97805235","chr7","102932752","102933034","22","5127785"
"chr7","97818999","97819292","chr7","102946380","102946670","17","5127381"
"chr7","97862950","97863260","chr7","102982652","102982978","33","5119702"
"chr7","98296875","98297187","chr19","35833541","35833836","54","62463334"
"chr7","98450400","98450733","chr7","103649434","103649708","65","5199034"
"chr7","98620713","98621027","chr3","100405174","100405475","48","1784461"
"chr7","98682118","98682408","chr1","210722593","210722887","39","112040475"
"chr7","98772614","98772923","chr7","103967261","103967563","13","5194647"
"chr7","98877481","98877789","chr11","32266424","32266733","42","66611057"
"chr7","99221086","99221401","chr7","104419649","104419964","11","5198563"
"chr7","99222518","99222826","chr7","104421141","104421420","31","5198623"
"chr7","99439242","99439488","chr7","104669595","104669841","10","5230353"
"chr7","99803400","99803694","chr7","105067290","105067590","11","5263890"
"chr7","100118801","100119071","chr7","105441485","105441762","10","5322684"
"chr7","100570139","100570429","chr7","105961919","105962209","4","5391780"
"chr7","100768863","100769147","chr3","31027003","31027282","43","69741860"
"chr7","100769434","100769734","chr3","135899968","135900264","32","35130534"
"chr7","100783509","100783814","chr7","106149116","106149421","2","5365607"
"chr7","101037443","101037736","chr6","131966421","131966716","35","30928978"
"chr7","101106376","101106651","chr7","106449597","106449874","11","5343221"
"chr7","101590742","101590974","chrX","71846849","71847082","35","29743893"
"chr7","101647515","101647818","chr7","107000255","107000555","6","5352740"
"chr7","101652718","101653023","chr10","28933516","28933820","41","72719202"
"chr7","101666174","101666476","chr7","107019048","107019350","7","5352874"
"chr7","101667008","101667300","chr5","56701456","56701750","37","44965552"
"chr7","101674345","101674659","chr7","107026987","107027313","16","5352642"
"chr7","101681362","101681669","chr7","107034297","107034601","6","5352935"
"chr7","101705692","101706000","chr7","107059288","107059596","2","5353596"
"chr7","101750870","101751155","chr7","107105439","107105731","12","5354569"
"chr7","101775751","101776058","chr7","107132188","107132483","13","5356437"
"chr7","101856573","101856845","chr7","107211504","107211802","27","5354931"
"chr7","101860493","101860824","chr16","675884","676219","58","101184609"
"chr7","101874443","101874725","chr7","107229423","107229706","7","5354980"
"chr7","102235641","102235935","chr7","107597264","107597554","9","5361623"
"chr7","102354351","102354655","chr7","107776640","107776939","9","5422289"
"chr7","102458709","102458998","chr7","107883484","107883774","4","5424775"
"chr7","103133799","103134071","chr13","64464302","64464575","43","38669497"
"chr7","103161122","103161418","chr7","108605532","108605828","3","5444410"
"chr7","103340665","103340976","chr7","108791314","108791583","44","5450649"
"chr7","103479730","103479869","chr1","120036311","120036451","18","16556581"
"chr7","103508486","103508784","chr7","108960477","108960774","6","5451991"
"chr7","103530778","103531075","chr7","108982689","108982987","9","5451911"
"chr7","103720834","103721087","chr7","109174017","109174270","6","5453183"
"chr7","103725692","103725961","chr7","109178888","109179157","3","5453196"
"chr7","103743965","103744263","chr7","109196699","109197001","9","5452734"
"chr7","103785532","103785829","chr7","109238516","109238813","4","5452984"
"chr7","104274879","104275180","chr7","109716885","109717191","13","5442006"
"chr7","104363043","104363320","chr7","109812197","109812472","20","5449154"
"chr7","104881971","104882276","chr7","110343802","110344102","13","5461831"
"chr7","104969820","104970114","chr1","140167606","140167899","42","35197786"
"chr7","105081569","105081879","chr7","110535787","110536096","7","5454218"
"chr7","105236443","105236746","chr7","110697050","110697344","21","5460607"
"chr7","105324354","105324648","chr7","110797843","110798141","7","5473489"
"chr7","105332213","105332519","chr7","110804090","110804390","16","5471877"
"chr7","105378018","105378314","chr10","13855681","13855975","39","91522337"
"chr7","105898843","105899092","chr3","9878848","9879097","37","96019995"
"chr7","106030965","106031223","chr7","111535975","111536233","4","5505010"
"chr7","106050495","106050801","chr7","111555910","111556215","4","5505415"
"chr7","106063698","106064002","chr7","111569442","111569740","7","5505744"
"chr7","106095351","106095632","chr7","111601756","111602038","6","5506405"
"chr7","106100420","106100723","chr7","111607879","111608183","8","5507459"
"chr7","106129855","106130138","chr7","111638375","111638661","7","5508520"
"chr7","106133252","106133544","chr7","111641783","111642091","23","5508531"
"chr7","106176391","106176700","chr7","111684557","111684866","5","5508166"
"chr7","106191082","106191355","chr7","111698888","111699161","8","5507806"
"chr7","106227120","106227428","chr5","155610254","155610562","40","49383134"
"chr7","106242783","106243074","chr2","201742208","201742505","44","95499425"
"chr7","106250122","106250427","chr7","111757239","111757514","32","5507117"
"chr7","106302080","106302378","chr6","131966421","131966716","28","25664341"
"chr7","106302557","106302846","chr1","184776466","184776751","42","78473909"
"chr7","106346691","106346993","chr7","111853310","111853604","9","5506619"
"chr7","106348388","106348694","chr7","111855336","111855644","23","5506948"
"chr7","106358949","106359222","chr7","111866478","111866762","19","5507529"
"chr7","106375575","106375873","chr7","111883380","111883678","6","5507805"
"chr7","106392614","106392918","chr16","58679852","58680150","38","47712762"
"chr7","106488999","106489302","chr13","29700509","29700811","38","76788490"
"chr7","106562023","106562320","chr7","112069232","112069539","17","5507209"
"chr7","106615733","106616030","chr7","112123399","112123693","6","5507666"
"chr7","106632092","106632385","chr7","112140098","112140392","5","5508006"
"chr7","106697042","106697320","chr7","112204171","112204468","23","5507129"
"chr7","106792897","106793197","chr9","37391564","37391861","38","69401333"
"chr7","106880107","106880357","chr7","112386283","112386542","10","5506176"
"chr7","106893030","106893335","chr7","112399555","112399857","8","5506525"
"chr7","106914303","106914571","chr3","113589319","113589579","71","6675016"
"chr7","107025435","107025567","chr7","112529348","112529480","0","5503913"
"chr7","107127336","107127642","chr7","112632373","112632679","7","5505037"
"chr7","107162090","107162368","chr7","112667732","112668011","8","5505642"
"chr7","107231363","107231649","chr7","112738471","112738757","7","5507108"
"chr7","107235844","107236151","chr7","43414688","43414994","39","63821156"
"chr7","107238889","107239184","chr7","112746005","112746302","5","5507116"
"chr7","107440190","107440490","chr7","112944436","112944713","29","5504246"
"chr7","107456790","107457086","chr18","67288356","67288650","27","40168434"
"chr7","107464355","107464663","chr6","31584630","31584935","32","75879725"
"chr7","107527550","107527847","chr5","109216721","109217017","35","1689171"
"chr7","107552711","107553015","chr6","177161800","177162106","35","69609089"
"chr7","107609259","107609551","chr7","113114993","113115282","7","5505734"
"chr7","107714610","107714905","chr7","113218266","113218564","9","5503656"
"chr7","107774186","107774494","chr7","113278966","113279273","4","5504780"
"chr7","107800825","107801124","chr20","18686559","18686857","32","89114266"
"chr7","107990571","107990866","chr7","113496615","113496940","40","5506044"
"chr7","108088911","108089147","chr7","113596693","113596929","4","5507782"
"chr7","108167196","108167485","chr7","113674250","113674539","10","5507054"
"chr7","108244021","108244299","chr7","113752151","113752444","15","5508130"
"chr7","108252721","108253018","chr1","50522672","50522965","36","57730049"
"chr7","108314813","108315117","chr7","113822930","113823234","11","5508117"
"chr7","108490481","108490789","chr7","113999255","113999563","6","5508774"
"chr7","108612217","108612531","chr4","26533906","26534213","45","82078311"
"chr7","108825781","108826077","chr7","114340225","114340521","8","5514444"
"chr7","108966715","108967021","chr1","213987657","213987961","37","105020942"
"chr7","108970389","108970688","chr7","114481918","114482216","4","5511529"
"chr7","109028752","109029061","chr9","64467764","64468068","47","44560988"
"chr7","109056327","109056610","chr19","17878929","17879216","35","91177398"
"chr7","109108620","109108927","chr7","114610762","114611068","9","5502142"
"chr7","109123803","109124103","chr7","114627212","114627510","4","5503409"
"chr7","109174096","109174395","chr7","114677501","114677800","3","5503405"
"chr7","109188613","109188906","chr7","114691854","114692147","0","5503241"
"chr7","109206331","109206641","chr7","114709531","114709843","9","5503200"
"chr7","109206765","109207056","chr7","114709963","114710254","4","5503198"
"chr7","109223058","109223305","chrX","137303910","137304166","35","28080852"
"chr7","109265792","109266088","chr7","114776335","114776634","4","5510543"
"chr7","109298559","109298800","chr7","114806285","114806526","6","5507726"
"chr7","109360313","109360598","chr3","27711967","27712240","49","81648346"
"chr7","109366918","109367174","chr1","64050672","64050925","41","45316246"
"chr7","109375746","109376041","chr7","114883604","114883892","14","5507858"
"chr7","109479474","109479720","chr5","16930080","16930327","32","92549394"
"chr7","109663535","109663836","chr7","115170938","115171239","4","5507403"
"chr7","109772762","109772995","chr7","115279462","115279707","19","5506700"
"chr7","109844718","109845027","chr17","31230657","31230959","42","78614061"
"chr7","110063875","110064177","chr4","10256088","10256388","31","99807787"
"chr7","110114120","110114425","chr7","115618848","115619159","19","5504728"
"chr7","110147088","110147394","chr7","115651692","115651992","26","5504604"
"chr7","110756814","110757104","chr7","116313717","116314007","3","5556903"
"chr7","110771360","110771646","chr7","116327171","116327457","2","5555811"
"chr7","110904885","110905184","chr7","116459394","116459706","24","5554509"
"chr7","110906466","110906765","chr16","72733551","72733852","32","38172915"
"chr7","110944441","110944752","chr7","116499633","116499942","7","5555192"
"chr7","110973018","110973256","chr7","116527451","116527707","24","5554433"
"chr7","111239729","111240038","chr7","153354545","153354852","37","42114816"
"chr7","111259093","111259380","chr7","116812721","116813010","15","5553628"
"chr7","111285507","111285794","chr7","116839238","116839521","9","5553731"
"chr7","111288525","111288826","chr7","116842235","116842536","6","5553710"
"chr7","111324417","111324733","chr1","123432542","123432851","48","12108125"
"chr7","111333764","111334060","chr7","116885783","116886080","14","5552019"
"chr7","111357129","111357423","chr13","7669601","7669895","38","103687528"
"chr7","111366409","111366718","chr7","116917790","116918098","9","5551381"
"chr7","111368077","111368381","chr7","116919470","116919773","9","5551393"
"chr7","111476117","111476409","chr8","27383944","27384244","39","84092173"
"chr7","111508033","111508331","chr3","2907703","2908000","38","108600330"
"chr7","111584751","111585056","chr7","117138939","117139243","12","5554188"
"chr7","111598214","111598503","chr7","117152671","117152957","7","5554457"
"chr7","111628020","111628326","chr1","82352900","82353208","38","29275120"
"chr7","111651003","111651265","chr7","51321295","51321568","47","60329708"
"chr7","111662765","111663054","chr7","117205852","117206147","9","5543087"
"chr7","111675970","111676254","chr1","166222810","166223093","36","54546840"
"chr7","111691318","111691612","chr7","117234365","117234650","12","5543047"
"chr7","111701316","111701639","chr2","182562255","182562578","41","70860939"
"chr7","111764220","111764526","chr7","117306214","117306520","3","5541994"
"chr7","111811827","111812115","chr7","117354977","117355263","9","5543150"
"chr7","111812226","111812513","chr7","117355374","117355662","3","5543148"
"chr7","111840021","111840268","chr7","117383547","117383795","6","5543526"
"chr7","111878672","111878979","chr7","117423010","117423319","8","5544338"
"chr7","112001979","112002236","chr7","117546378","117546632","7","5544399"
"chr7","112210313","112210615","chr7","117763211","117763535","29","5552898"
"chr7","112231556","112231863","chr7","117784802","117785110","4","5553246"
"chr7","112439730","112440035","chr7","117998810","117999099","27","5559080"
"chr7","112476677","112476916","chr8","3726861","3727100","47","108749816"
"chr7","112781186","112781479","chr7","118328056","118328336","20","5546870"
"chr7","112998031","112998293","chr16","12747659","12747928","44","100250372"
"chr7","113263116","113263381","chr7","118812520","118812785","5","5549404"
"chr7","113274896","113275176","chr7","118824321","118824603","6","5549425"
"chr7","113298405","113298697","chr1","184776466","184776751","45","71478061"
"chr7","113337871","113338014","chr7","118888666","118888809","3","5550795"
"chr7","113496855","113497154","chr7","119046943","119047242","8","5550088"
"chr7","113812669","113812968","chr7","119362403","119362709","16","5549734"
"chr7","113842404","113842678","chr7","119392113","119392387","5","5549709"
"chr7","113879609","113879824","chr3","170161166","170161370","34","56281557"
"chr7","114229074","114229390","chr7","119774738","119775041","24","5545664"
"chr7","114328074","114328335","chr1","110549087","110549343","36","3778987"
"chr7","114572257","114572557","chr19","41360817","41361118","45","73211440"
"chr7","114601793","114602087","chr7","120144187","120144477","9","5542394"
"chr7","114654030","114654299","chrX","29454033","29454305","33","85199997"
"chr7","114701722","114701958","chr7","120252546","120252780","4","5550824"
"chr7","114715222","114715514","chr13","70811388","70811681","38","43903834"
"chr7","114719898","114720175","chr8","76413611","76413891","32","38306287"
"chr7","114747732","114748016","chr7","120299203","120299487","2","5551471"
"chr7","114815980","114816230","chr7","120367935","120368185","3","5551955"
"chr7","114851272","114851564","chr7","120406847","120407139","4","5555575"
"chr7","114896646","114896817","chr16","41796497","41796671","17","73100149"
"chr7","114950976","114951267","chr7","120506811","120507101","4","5555835"
"chr7","114968679","114968972","chr7","120524424","120524720","9","5555745"
"chr7","115024997","115025298","chr7","120578990","120579290","11","5553993"
"chr7","115029940","115030233","chr7","120583974","120584272","17","5554034"
"chr7","115231752","115232044","chr7","120785040","120785329","9","5553288"
"chr7","115617790","115618072","chr7","121170588","121170863","11","5552798"
"chr7","115685430","115685723","chr7","121237612","121237905","5","5552182"
"chr7","115843067","115843320","chr7","121395339","121395593","5","5552272"
"chr7","115904343","115904639","chr11","101297070","101297365","38","14607273"
"chr7","115920694","115920979","chr7","121467303","121467591","12","5546609"
"chr7","115939631","115939945","chr7","121486485","121486762","42","5546854"
"chr7","115961103","115961399","chr7","121507899","121508197","3","5546796"
"chr7","116017893","116018182","chr7","121564789","121565078","2","5546896"
"chr7","116143597","116143901","chr7","121688906","121689210","2","5545309"
"chr7","116287918","116288217","chr7","121831666","121831961","7","5543748"
"chr7","116531606","116531894","chr7","122078454","122078738","9","5546848"
"chr7","116564140","116564431","chr7","122110515","122110805","8","5546375"
"chr7","116565224","116565496","chr1","39425802","39426074","31","77139422"
"chr7","116580387","116580681","chr7","122127834","122128128","3","5547447"
"chr7","116711720","116712016","chr17","87387206","87387504","44","29324514"
"chr7","117088971","117089257","chr7","122643996","122644282","2","5555025"
"chr7","117100759","117101063","chr7","122655839","122656143","4","5555080"
"chr7","117114840","117115135","chr7","122670298","122670591","4","5555458"
"chr7","117138174","117138467","chr7","122693342","122693635","5","5555168"
"chr7","117139666","117139962","chr7","122694835","122695097","37","5555169"
"chr7","117327537","117327815","chr7","122886069","122886349","5","5558532"
"chr7","117389292","117389599","chr7","122947903","122948208","7","5558611"
"chr7","117450395","117450667","chr7","122997934","122998205","8","5547539"
"chr7","117565292","117565572","chr7","123112985","123113265","2","5547693"
"chr7","117586109","117586390","chr7","6563724","6564005","33","111022385"
"chr7","117645093","117645401","chr7","123189877","123190183","10","5544784"
"chr7","117661226","117661510","chr3","43892554","43892846","37","73768672"
"chr7","117663414","117663709","chr7","123206088","123206392","34","5542674"
"chr7","117700969","117701271","chr7","123244223","123244501","27","5543254"
"chr7","117761116","117761409","chr7","123305314","123305607","3","5544198"
"chr7","117916900","117917208","chr7","123461970","123462294","20","5545070"
"chr7","118017930","118018219","chr7","123562734","123563022","2","5544804"
"chr7","118080239","118080543","chr7","123624959","123625263","4","5544720"
"chr7","118098617","118098917","chr7","123642821","123643123","6","5544204"
"chr7","118185643","118185938","chr7","123729479","123729774","4","5543836"
"chr7","118189068","118189351","chr2","204441087","204441376","49","86252019"
"chr7","118192029","118192330","chr14","6991910","6992210","35","111200119"
"chr7","118205615","118205909","chr13","63058812","63059108","33","55146803"
"chr7","118207012","118207309","chr10","78892574","78892871","2","39314438"
"chr7","118223160","118223448","chr10","78876369","78876658","7","39346791"
"chr7","118234662","118234969","chr7","150108805","150109113","39","31874143"
"chr7","118466870","118467173","chr7","123929248","123929550","5","5462378"
"chr7","118488588","118488851","chr13","32462734","32462986","52","86025854"
"chr7","118815046","118815346","chr7","124277035","124277328","17","5461989"
"chr7","118877734","118878015","chr7","124353918","124354199","2","5476184"
"chr7","119044498","119044813","chr12","13320971","13321279","43","105723527"
"chr7","119159514","119159805","chr7","124631090","124631381","3","5471576"
"chr7","119232799","119233099","chr7","124763458","124763755","9","5530659"
"chr7","119253523","119253814","chr7","124784199","124784490","4","5530676"
"chr7","119286390","119286680","chr7","162663932","162664225","34","43377542"
"chr7","119399496","119399794","chr7","124927671","124927976","10","5528175"
"chr7","119571695","119571992","chr7","125111747","125112047","9","5540052"
"chr7","119630068","119630374","chr7","125171264","125171571","16","5541196"
"chr7","119632259","119632512","chr7","125173432","125173680","8","5541173"
"chr7","119693106","119693416","chr5","182762975","182763277","40","63069869"
"chr7","119755019","119755316","chr7","125298197","125298498","11","5543178"
"chr7","119778431","119778712","chr7","125322511","125322792","6","5544080"
"chr7","119825061","119825363","chr7","125369575","125369879","11","5544514"
"chr7","119827748","119828043","chr7","125372230","125372526","6","5544482"
"chr7","119863584","119863870","chr3","156060477","156060776","46","36196893"
"chr7","119884763","119885063","chr7","125427009","125427314","7","5542246"
"chr7","119898273","119898573","chr1","63216852","63217153","35","56681421"
"chr7","119902912","119903210","chr7","125444797","125445094","6","5541885"
"chr7","119904341","119904637","chr7","125446225","125446517","10","5541884"
"chr7","119933062","119933370","chr7","125474637","125474917","34","5541575"
"chr7","119945488","119945810","chr7","125487927","125488246","8","5542439"
"chr7","119967689","119967990","chr7","125516438","125516734","8","5548749"
"chr7","119970923","119971207","chr4","123382191","123382485","39","3411268"
"chr7","119990570","119990849","chr7","125538947","125539214","14","5548377"
"chr7","119991938","119992225","chr7","125543625","125543927","19","5551687"
"chr7","119993415","119993717","chr7","125545535","125545837","6","5552120"
"chr7","119994884","119995181","chr2","85092762","85093060","33","34902122"
"chr7","120000001","120000280","chr7","125551896","125552204","34","5551895"
"chr7","120036554","120036823","chr7","125596247","125596542","35","5559693"
"chr7","120055060","120055345","chr12","120877698","120877980","32","822638"
"chr7","120120754","120121058","chr7","125681805","125682084","27","5561051"
"chr7","120142676","120142946","chr4","98060756","98061023","43","22081920"
"chr7","120166851","120167152","chrX","24071332","24071627","44","96095519"
"chr7","120178514","120178809","chr7","125741253","125741560","17","5562739"
"chr7","120211001","120211286","chr7","125773678","125773955","14","5562677"
"chr7","120238481","120238800","chr16","9085397","9085706","38","111153084"
"chr7","120247805","120248105","chr7","125809607","125809906","27","5561802"
"chr7","120249777","120250054","chr7","125811253","125811524","6","5561476"
"chr7","120276956","120277264","chr20","14782710","14783020","53","105494246"
"chr7","120287339","120287618","chr1","221393136","221393413","31","101105797"
"chr7","120308592","120308895","chr7","125879554","125879858","6","5570962"
"chr7","120316882","120317134","chr1","219669666","219669935","46","99352784"
"chr7","120324921","120325235","chr7","125895565","125895879","13","5570644"
"chr7","120330544","120330831","chr7","125900619","125900913","11","5570075"
"chr7","120419848","120420163","chr2","91659139","91659444","31","28760709"
"chr7","120434430","120434723","chr7","138993721","138994012","31","18559291"
"chr7","120498509","120498811","chr7","126070818","126071120","4","5572309"
"chr7","120525969","120526264","chr7","126098764","126099063","19","5572795"
"chr7","120626258","120626527","chr3","155533424","155533689","35","34907166"
"chr7","120672783","120673081","chr7","126248807","126249105","10","5576024"
"chr7","120680042","120680338","chr7","126256430","126256731","17","5576388"
"chr7","120743901","120744199","chr7","126339958","126340256","3","5596057"
"chr7","120773037","120773314","chr7","126367810","126368093","12","5594773"
"chr7","120775268","120775569","chr7","126370397","126370693","15","5595129"
"chr7","120777021","120777309","chr7","126372136","126372421","9","5595115"
"chr7","120829872","120830173","chr3","16359605","16359908","39","104470267"
"chr7","120840339","120840629","chr1","12484168","12484458","32","108356171"
"chr7","120848487","120848788","chr7","126442178","126442482","7","5593691"
"chr7","120892654","120892915","chr7","126484294","126484555","4","5591640"
"chr7","120920866","120921159","chr11","32505415","32505714","38","88415451"
"chr7","120925901","120926192","chr7","126516507","126516798","5","5590606"
"chr7","120972784","120973109","chr7","126563484","126563809","7","5590700"
"chr7","120994016","120994315","chr7","126584526","126584825","3","5590510"
"chr7","121037470","121037775","chr13","54790758","54791064","37","66246712"
"chr7","121044244","121044531","chr7","126638305","126638591","7","5594061"
"chr7","121168829","121169125","chr7","126761975","126762273","4","5593146"
"chr7","121331111","121331408","chr7","126925265","126925565","10","5594154"
"chr7","121332360","121332617","chr14","2406676","2406932","31","118925684"
"chr7","121332668","121332715","chr15","27767704","27767751","11","93564964"
"chr7","121387734","121388007","chr20","6464074","6464345","41","114923660"
"chr7","121395072","121395374","chr7","126988344","126988646","9","5593272"
"chr7","121462548","121462795","chr7","127056052","127056293","8","5593504"
"chr7","121477320","121477613","chr7","127070812","127071105","7","5593492"
"chr7","121485679","121485970","chr6","131966421","131966716","34","10480742"
"chr7","121486607","121486749","chr7","127080510","127080652","2","5593903"
"chr7","121497913","121498135","chr4","159636152","159636384","42","38138239"
"chr7","121561436","121561743","chr7","127156357","127156662","9","5594921"
"chr7","121592775","121593080","chr7","127196506","127196810","8","5603731"
"chr7","121639392","121639662","chr7","127244095","127244365","3","5604703"
"chr7","121650935","121651242","chr1","25420094","25420399","45","96230841"
"chr7","121654575","121654871","chrX","101065191","101065488","30","20589384"
"chr7","121682398","121682698","chr7","127289360","127289658","8","5606962"
"chr7","121747889","121748181","chr7","127396317","127396611","3","5648428"
"chr7","121758338","121758646","chr19","40866944","40867252","34","80891394"
"chr7","121762900","121763187","chr7","127412181","127412470","6","5649281"
"chr7","121867474","121867772","chr7","127519329","127519627","6","5651855"
"chr7","121974178","121974469","chr4","30749508","30749793","31","91224670"
"chr7","122221734","122222020","chr7","127903504","127903786","13","5681770"
"chr7","122597681","122597959","chr7","128278992","128279278","15","5681311"
"chr7","122633224","122633414","chr11","1067778","1067970","28","121565446"
"chr7","122653533","122653835","chr7","128618245","128618547","5","5964712"
"chr7","122698881","122699172","chr7","83912871","83913163","43","38786010"
"chr7","123052201","123052515","chr7","129077678","129077992","5","6025477"
"chr7","123055423","123055731","chr7","129080895","129081201","6","6025472"
"chr7","123119173","123119475","chr7","129144517","129144819","5","6025344"
"chr7","123131018","123131297","chr10","27117323","27117600","35","96013695"
"chr7","123183653","123183951","chr8","68391461","68391765","39","54792192"
"chr7","123239621","123239782","chr9","5939586","5939740","22","117300035"
"chr7","123309178","123309456","chr7","13939704","13939993","40","109369474"
"chr7","123390709","123391012","chr7","129413612","129413912","4","6022903"
"chr7","123465767","123466061","chr7","129487079","129487373","7","6021312"
"chr7","123557397","123557685","chr7","129579783","129580074","5","6022386"
"chr7","123586869","123587161","chr7","129609531","129609832","14","6022662"
"chr7","123605582","123605881","chr8","72366750","72367048","31","51238832"
"chr7","123631561","123631839","chr7","129652629","129652907","7","6021068"
"chr7","123650348","123650655","chr7","129670164","129670473","7","6019816"
"chr7","123733363","123733636","chr7","129765548","129765821","8","6032185"
"chr7","123834094","123834370","chr7","129868077","129868353","3","6033983"
"chr7","123924512","123924827","chr7","129956613","129956929","8","6032101"
"chr7","124046867","124047154","chr1","45201703","45201990","38","78845164"
"chr7","124056480","124056785","chr7","130085338","130085652","14","6028858"
"chr7","124133003","124133292","chr7","130169916","130170205","2","6036913"
"chr7","124271778","124272066","chr15","16982234","16982522","37","107289544"
"chr7","124435218","124435504","chr7","130471131","130471417","1","6035913"
"chr7","124454619","124454962","chr7","130490729","130491040","42","6036110"
"chr7","124814957","124815284","chr1","38691960","38692291","59","86122997"
"chr7","124858290","124858565","chr7","130899160","130899434","6","6040870"
"chr7","124977953","124978242","chr7","131018103","131018400","12","6040150"
"chr7","125069292","125069581","chr7","131109610","131109906","15","6040318"
"chr7","125095666","125095955","chr7","131135932","131136218","8","6040266"
"chr7","125162956","125163268","chr2","121158781","121159088","33","4004175"
"chr7","125240369","125240668","chr7","131282460","131282759","3","6042091"
"chr7","125281101","125281396","chr7","131323027","131323322","2","6041926"
"chr7","125291414","125291709","chr7","131333077","131333379","16","6041663"
"chr7","125316509","125316815","chr3","89248831","89249126","47","36067678"
"chr7","125330367","125330657","chr7","131372417","131372709","6","6042050"
"chr7","125512334","125512616","chr7","131592643","131592924","15","6080309"
"chr7","125655272","125655556","chr7","131729971","131730256","8","6074699"
"chr7","125755840","125756134","chr7","131833961","131834258","5","6078121"
"chr7","125872624","125872926","chr7","131951221","131951523","9","6078597"
"chr7","125994985","125995255","chr7","132066302","132066584","15","6071317"
"chr7","126280964","126281246","chr7","132354607","132354896","7","6073643"
"chr7","126488058","126488321","chr13","38845993","38846258","32","87642065"
"chr7","126492404","126492718","chr7","132588246","132588559","2","6095842"
"chr7","126696156","126696465","chr7","132880557","132880869","6","6184401"
"chr7","126703718","126703906","chr7","132888164","132888368","20","6184446"
"chr7","126949723","126950021","chr6","131966421","131966716","36","5016698"
"chr7","127140275","127140567","chr7","133340453","133340745","3","6200178"
"chr7","127238234","127238540","chr7","133440299","133440604","10","6202065"
"chr7","127254603","127254893","chr7","133456677","133456967","7","6202074"
"chr7","127260882","127261185","chr7","133462935","133463240","10","6202053"
"chr7","127264228","127264528","chr7","133466288","133466586","8","6202060"
"chr7","127305299","127305599","chr7","133507525","133507830","12","6202226"
"chr7","127537989","127538280","chr7","133741662","133741955","4","6203673"
"chr7","127544376","127544686","chr7","133748069","133748368","16","6203693"
"chr7","127568338","127568472","chr19","6080121","6080254","19","121488217"
"chr7","127570403","127570697","chr7","133776265","133776559","5","6205862"
"chr7","127649471","127649757","chr10","13855681","13855975","37","113793790"
"chr7","127650190","127650491","chr7","133856365","133856666","5","6206175"
"chr7","127717300","127717609","chr7","133923832","133924141","3","6206532"
"chr7","127803650","127803943","chr7","134009021","134009315","1","6205371"
"chr7","127869706","127870009","chr7","134073317","134073621","13","6203611"
"chr7","128235006","128235308","chr7","134432694","134432999","8","6197688"
"chr7","128316329","128316640","chr7","134515100","134515414","6","6198771"
"chr7","128474563","128474865","chr7","134677965","134678263","11","6203402"
"chr7","128560408","128560712","chr16","67222128","67222427","27","61338280"
"chr7","128562660","128562984","chr2","40735765","40736061","63","87826895"
"chr7","128783411","128783703","chr7","135017953","135018246","3","6234542"
"chr7","128825146","128825432","chr7","135062954","135063240","6","6237808"
"chr7","128837181","128837472","chr7","135074578","135074873","8","6237397"
"chr7","128890218","128890500","chr7","135127404","135127668","21","6237186"
"chr7","128907988","128908267","chr7","135145505","135145809","34","6237517"
"chr7","128991602","128991876","chr7","135234871","135235147","5","6243269"
"chr7","129011021","129011302","chr7","135256198","135256488","10","6245177"
"chr7","129040334","129040634","chr2","85649842","85650138","35","43390492"
"chr7","129065573","129065857","chr19","14100276","14100554","53","114965297"
"chr7","129078581","129078882","chr7","135315731","135316027","8","6237150"
"chr7","129079944","129080131","chr19","51542942","51543135","29","77537002"
"chr7","129115059","129115353","chr7","135353346","135353639","6","6238287"
"chr7","129125898","129126185","chr7","135416256","135416544","4","6290358"
"chr7","129127059","129127343","chr5","66767460","66767750","36","62359599"
"chr7","129202251","129202529","chr7","135496804","135497082","5","6294553"
"chr7","129203033","129203242","chr9","106573564","106573771","29","22629469"
"chr7","129220484","129220774","chr3","43892554","43892846","30","85327930"
"chr7","129259082","129259376","chr3","305192","305484","38","128953890"
"chr7","129283078","129283361","chr7","135583846","135584129","4","6300768"
"chr7","129339738","129340029","chr1","92863912","92864206","37","36475826"
"chr7","129346458","129346755","chr4","146654044","146654341","40","17307586"
"chr7","129427745","129428040","chr7","135729639","135729934","7","6301894"
"chr7","129439421","129439726","chr13","3139330","3139635","35","126300091"
"chr7","129479616","129479910","chr7","135785479","135785773","3","6305863"
"chr7","129489342","129489588","chr7","135795918","135796198","35","6306576"
"chr7","129494339","129494637","chr2","159817530","159817826","28","30323191"
"chr7","129507297","129507569","chr7","135813913","135814192","17","6306616"
"chr7","129518414","129518692","chr7","135825255","135825533","7","6306841"
"chr7","129582752","129583062","chr10","62331135","62331441","38","67251617"
"chr7","129596066","129596332","chr7","135905940","135906207","5","6309874"
"chr7","129626155","129626462","chr16","10681836","10682137","42","118944319"
"chr7","129772350","129772663","chr7","136049403","136049715","14","6277053"
"chr7","129774038","129774330","chr7","136051408","136051695","11","6277370"
"chr7","129803182","129803476","chr7","136080299","136080590","8","6277117"
"chr7","129836238","129836543","chr7","136112903","136113209","6","6276665"
"chr7","129882000","129882273","chr7","136161710","136161983","15","6279710"
"chr7","129965595","129965885","chr7","136249924","136250215","6","6284329"
"chr7","130055870","130056160","chr7","136343040","136343329","5","6287170"
"chr7","130066696","130066987","chr7","136354330","136354628","12","6287634"
"chr7","130066995","130067223","chr7","136354636","136354864","4","6287641"
"chr7","130101892","130102217","chr7","136391963","136392291","4","6290071"
"chr7","130120283","130120523","chrX","44604556","44604792","30","85515727"
"chr7","130202441","130202733","chr7","136496498","136496793","6","6294057"
"chr7","130217990","130218276","chr7","136512001","136512287","2","6294011"
"chr7","130300057","130300344","chr11","76880257","76880539","36","53419800"
"chr7","130332398","130332672","chr7","136628033","136628306","5","6295635"
"chr7","130346829","130347114","chr6","69421282","69421566","35","60925547"
"chr7","130354125","130354400","chr7","136650769","136651044","5","6296644"
"chr7","130388260","130388569","chr2","47364647","47364949","37","83023613"
"chr7","130391886","130392188","chr7","136688477","136688764","33","6296591"
"chr7","130394176","130394463","chr7","136690128","136690415","8","6295952"
"chr7","130444345","130444643","chr1","221572816","221573118","30","91128471"
"chr7","130471136","130471425","chr7","136790007","136790294","11","6318871"
"chr7","130521754","130522054","chr7","136839188","136839489","7","6317434"
"chr7","130562279","130562577","chr7","136873936","136874229","10","6311657"
"chr7","130753532","130753825","chr7","127396317","127396611","40","3357215"
"chr7","130823792","130824102","chr7","137133099","137133409","3","6309307"
"chr7","130842901","130843173","chr7","137153110","137153382","12","6310209"
"chr7","130848321","130848627","chr3","165574800","165575101","30","34726479"
"chr7","130863318","130863608","chr7","137172930","137173225","11","6309612"
"chr7","130944223","130944538","chr7","137254072","137254385","6","6309849"
"chr7","130957113","130957374","chr7","137265627","137265888","8","6308514"
"chr7","131050777","131051070","chr7","137359561","137359851","15","6308784"
"chr7","131067403","131067675","chr7","137376085","137376359","8","6308682"
"chr7","131136927","131137210","chr7","137445333","137445612","25","6308406"
"chr7","131248765","131249068","chr7","137558275","137558568","17","6309510"
"chr7","131256017","131256309","chr7","137565936","137566228","8","6309919"
"chr7","131270402","131270709","chr7","137580933","137581240","4","6310531"
"chr7","131275347","131275647","chr3","55079830","55080132","33","76195517"
"chr7","131295880","131296188","chr16","25975302","25975604","38","105320578"
"chr7","131298484","131298769","chr3","154421512","154421804","41","23123028"
"chr7","131408620","131408913","chr6","131966421","131966716","30","557801"
"chr7","131450475","131450769","chr7","137759542","137759836","6","6309067"
"chr7","131466603","131466890","chr7","137775709","137775996","4","6309106"
"chr7","131482235","131482546","chr7","137791399","137791707","10","6309164"
"chr7","131571455","131571756","chr7","137881393","137881694","1","6309938"
"chr7","131735992","131736290","chr16","10171832","10172128","36","121564160"
"chr7","131739836","131740099","chr7","138045247","138045515","6","6305411"
"chr7","131749755","131750051","chr7","138055198","138055497","9","6305443"
"chr7","131769258","131769556","chr7","138074045","138074338","9","6304787"
"chr7","131949858","131950167","chr4","96033969","96034281","35","35915889"
"chr7","131961702","131962001","chr7","138298701","138298983","26","6336999"
"chr7","131964027","131964325","chr6","131966421","131966716","27","2394"
"chr7","132031130","132031432","chr7","138367036","138367336","7","6335906"
"chr7","132071035","132071319","chr7","138408801","138409093","12","6337766"
"chr7","132343922","132344217","chr7","127412181","127412470","36","4931741"
"chr7","132512410","132512704","chr7","138855768","138856063","3","6343358"
"chr7","132549817","132550110","chr7","138893352","138893639","14","6343535"
"chr7","132600891","132601180","chr15","26993350","26993637","42","105607541"
"chr7","132613546","132613828","chr8","140583293","140583578","39","7969747"
"chr7","132630228","132630538","chr10","86807338","86807647","34","45822890"
"chr7","132647717","132648005","chr7","138993721","138994012","7","6346004"
"chr7","132669637","132669946","chr7","139015945","139016252","9","6346308"
"chr7","132708352","132708648","chr7","139058772","139059079","19","6350420"
"chr7","132729357","132729643","chr7","139079838","139080120","12","6350481"
"chr7","132804151","132804475","chr7","139153166","139153459","36","6349015"
"chr7","132832798","132833110","chr7","129671320","129671628","43","3161478"
"chr7","132856804","132857103","chr7","139207790","139208087","13","6350986"
"chr7","132927033","132927310","chr7","139277703","139277980","3","6350670"
"chr7","132936067","132936365","chr8","120970353","120970653","41","11965714"
"chr7","132970016","132970305","chrX","94591676","94591967","28","38378340"
"chr7","133003194","133003494","chr7","139354439","139354739","11","6351245"
"chr7","133064723","133065013","chr7","139417606","139417895","10","6352883"
"chr7","133121196","133121490","chr7","139474898","139475195","15","6353702"
"chr7","133164222","133164518","chr7","139518903","139519201","6","6354681"
"chr7","133422752","133423048","chr2","109964204","109964501","34","23458548"
"chr7","133425338","133425643","chr7","139783612","139783924","28","6358274"
"chr7","133432263","133432544","chr7","139790484","139790767","7","6358221"
"chr7","133433071","133433312","chr7","109174017","109174270","42","24259054"
"chr7","133445651","133445948","chr11","94996337","94996634","42","38449314"
"chr7","133474294","133474595","chr7","139833334","139833642","15","6359040"
"chr7","133548662","133548959","chr7","139908931","139909227","2","6360269"
"chr7","133554157","133554428","chr7","139914413","139914683","1","6360256"
"chr7","133558950","133559249","chr7","139919548","139919846","6","6360598"
"chr7","133561298","133561597","chr7","139921574","139921873","6","6360276"
"chr7","133683552","133683851","chr7","140046575","140046874","3","6363023"
"chr7","133746445","133746600","chr12","20846114","20846272","21","112900331"
"chr7","133795685","133795978","chr7","140163565","140163845","17","6367880"
"chr7","133893347","133893663","chr16","39535721","39536029","48","94357626"
"chr7","133913783","133914060","chr19","48455949","48456222","52","85457834"
"chr7","133926452","133926711","chr6","178787227","178787483","43","44860775"
"chr7","134003572","134003881","chr17","80853644","80853952","32","53149928"
"chr7","134004793","134005072","chr7","140370699","140370978","14","6365906"
"chr7","134011880","134012245","chr7","140377742","140378107","20","6365862"
"chr7","134045105","134045398","chr5","56701456","56701750","35","77343649"
"chr7","134113862","134114128","chr7","140485638","140485907","14","6371776"
"chr7","134423957","134424264","chr7","140796507","140796814","4","6372550"
"chr7","134490834","134491128","chr7","140866521","140866788","36","6375687"
"chr7","134551167","134551431","chr7","140926632","140926896","3","6375465"
"chr7","134584255","134584556","chr7","140959744","140960066","25","6375489"
"chr7","134727606","134727888","chr5","183268445","183268725","33","48540839"
"chr7","134836787","134837088","chrX","1988125","1988424","43","132848662"
"chr7","134917523","134917719","chr5","158186373","158186578","36","23268850"
"chr7","135107590","135107880","chr7","141479125","141479416","11","6371535"
"chr7","135304695","135304908","chr9","66908151","66908366","31","68396544"
"chr7","135606462","135606759","chr7","142032539","142032837","2","6426077"
"chr7","135617098","135617376","chr7","142043289","142043567","4","6426191"
"chr7","135926714","135927005","chr7","142352125","142352430","17","6425411"
"chr7","136000001","136000216","chrX","113736345","113736565","34","22263656"
"chr7","136178167","136178466","chr7","142600316","142600614","23","6422149"
"chr7","136392022","136392296","chr7","142813732","142814006","3","6421710"
"chr7","136485223","136485531","chr4","31898756","31899058","44","104586467"
"chr7","136508469","136508768","chr7","142933459","142933729","34","6424990"
"chr7","136509420","136509700","chr18","13638223","13638503","44","122871197"
"chr7","136693724","136694012","chr7","143119580","143119867","8","6425856"
"chr7","136817902","136818213","chr15","94322075","94322384","49","42495827"
"chr7","136828650","136828941","chr7","143254757","143255052","9","6426107"
"chr7","136885840","136886142","chr16","1735883","1736180","45","135149957"
"chr7","136894510","136894818","chr7","143320356","143320663","5","6425846"
"chr7","136901426","136901741","chr3","42669239","42669561","53","94232187"
"chr7","136980698","136981005","chr16","41944651","41944958","40","95036047"
"chr7","137140344","137140627","chr7","143572043","143572327","8","6431699"
"chr7","137199229","137199528","chr7","143630668","143630968","13","6431439"
"chr7","137427268","137427570","chr7","143857499","143857801","6","6430231"
"chr7","137458305","137458616","chr7","143888532","143888843","17","6430227"
"chr7","137529801","137530083","chr7","143959569","143959851","6","6429768"
"chr7","137535721","137536017","chr7","143965103","143965398","6","6429382"
"chr7","137542595","137542885","chr7","143972227","143972517","4","6429632"
"chr7","137726697","137726992","chr7","144158589","144158886","10","6431892"
"chr7","137754732","137755023","chr7","144187409","144187698","12","6432677"
"chr7","137757367","137757658","chr1","54194492","54194783","32","83562875"
"chr7","138011648","138011956","chr9","64467764","64468068","33","73543884"
"chr7","138103476","138103775","chr7","144586180","144586490","26","6482704"
"chr7","138733148","138733449","chr1","8784931","8785227","45","129948217"
"chr7","138814689","138814995","chrX","91535431","91535738","39","47279258"
"chr7","138928443","138928760","chr6","135422417","135422724","44","3506026"
"chr7","138983028","138983341","chr7","145503996","145504287","28","6520968"
"chr7","139353806","139354110","chr7","145874082","145874388","17","6520276"
"chr7","139436822","139437124","chr7","145962728","145963028","10","6525906"
"chr7","139494748","139495054","chr7","146022969","146023272","12","6528221"
"chr7","139613727","139614022","chr4","42594018","42594313","34","97019709"
"chr7","139616697","139616988","chrX","44987781","44988071","40","94628916"
"chr7","139641446","139641727","chr7","146169740","146170025","15","6528294"
"chr7","139775729","139776030","chr7","146295733","146296033","10","6520004"
"chr7","140121306","140121620","chr7","146635706","146636020","5","6514400"
"chr7","140274387","140274703","chr12","120189411","120189718","49","20084976"
"chr7","140296252","140296556","chr7","146815365","146815665","7","6519113"
"chr7","140318363","140318654","chr15","6126667","6126960","40","134191696"
"chr7","140333360","140333646","chr7","146853866","146854152","7","6520506"
"chr7","140492788","140493093","chr7","147054672","147054979","6","6561884"
"chr7","140505398","140505690","chr7","147067572","147067842","23","6562174"
"chr7","140587237","140587425","chr13","24169198","24169386","29","116418039"
"chr7","140731303","140731628","chr7","147299011","147299308","38","6567708"
"chr7","140737556","140737840","chr7","147305628","147305912","2","6568072"
"chr7","141203337","141203646","chr7","43414688","43414994","36","97788649"
"chr7","141309185","141309467","chr7","147886733","147887016","7","6577548"
"chr7","141325693","141326004","chr7","147903301","147903593","35","6577608"
"chr7","141352414","141352714","chr7","147930011","147930311","11","6577597"
"chr7","141366868","141367177","chr7","147944668","147944971","15","6577800"
"chr7","141379333","141379635","chr7","147957136","147957438","11","6577803"
"chr7","141466753","141467058","chr7","148039415","148039719","5","6572662"
"chr7","141468349","141468657","chr7","148041011","148041319","8","6572662"
"chr7","141559683","141559957","chr7","148132357","148132657","32","6572674"
"chr7","141695638","141695953","chr7","148263924","148264241","12","6568286"
"chr7","141702977","141703265","chr1","36793000","36793289","45","104909977"
"chr7","141953783","141954080","chr7","148521765","148522062","5","6567982"
"chr7","141974032","141974334","chr7","148542217","148542514","19","6568185"
"chr7","142102861","142103182","chr2","80730630","80730953","52","61372231"
"chr7","142377301","142377405","chr11","48459697","48459813","28","93917604"
"chr7","142377609","142377774","chr4","132216428","132216604","34","10161181"
"chr7","142797197","142797506","chr7","148881511","148881822","9","6084314"
"chr7","143074397","143074703","chr5","104191246","104191551","43","38883151"
"chr7","143151250","143151542","chrX","48051198","48051490","34","95100052"
"chr7","143193361","143193578","chr7","149256754","149256971","4","6063393"
"chr7","143524551","143524857","chr5","40002822","40003131","45","103521729"
"chr7","143618996","143619298","chr7","149671710","149672020","13","6052714"
"chr7","143721007","143721274","chr7","149770464","149770734","8","6049457"
"chr7","143730762","143731051","chrX","9505457","9505749","33","134225305"
"chr7","143986325","143986622","chr7","150009823","150010124","15","6023498"
"chr7","144088373","144088679","chr7","150108805","150109113","8","6020432"
"chr7","144221027","144221338","chr7","38602366","38602674","42","105618661"
"chr7","144362162","144362469","chr7","150389925","150390234","15","6027763"
"chr7","144497479","144497780","chr7","150526071","150526367","11","6028592"
"chr7","144563635","144563949","chr7","150592814","150593128","3","6029179"
"chr7","144630672","144630963","chr7","150662034","150662314","18","6031362"
"chr7","144649034","144649338","chr1","39887022","39887330","33","104762012"
"chr7","144672733","144673027","chr2","99986174","99986466","44","44686559"
"chr7","144721721","144722007","chr11","122611930","122612221","34","22109791"
"chr7","145012090","145012379","chr7","151044737","151045042","23","6032647"
"chr7","145037703","145038005","chr7","151071031","151071328","10","6033328"
"chr7","145105560","145105863","chr7","151138441","151138750","13","6032881"
"chr7","145138015","145138303","chr16","42689947","42690240","39","102448068"
"chr7","145235613","145235912","chr7","151271026","151271323","5","6035413"
"chr7","145255409","145255717","chr7","151290785","151291091","10","6035376"
"chr7","145390510","145390817","chr7","151424558","151424864","2","6034048"
"chr7","145429746","145430057","chr1","125369433","125369739","31","20060313"
"chr7","145493751","145494016","chr7","151528193","151528458","8","6034442"
"chr7","145510231","145510536","chr7","151545923","151546238","16","6035692"
"chr7","145634272","145634567","chr7","151665797","151666099","10","6031525"
"chr7","145640525","145640818","chr7","151672356","151672644","16","6031831"
"chr7","145647064","145647373","chr7","151679214","151679524","7","6032150"
"chr7","145649488","145649722","chr5","25009750","25009980","52","120639738"
"chr7","145670726","145671033","chr7","151702648","151702950","8","6031922"
"chr7","145724703","145724997","chr7","151758035","151758328","5","6033332"
"chr7","145736228","145736531","chr8","78689284","78689587","29","67046944"
"chr7","145754313","145754615","chr7","151787389","151787691","1","6033076"
"chr7","145790652","145790941","chr7","151823036","151823330","13","6032384"
"chr7","145933602","145933888","chr7","151972770","151973053","6","6039168"
"chr7","145997736","145998019","chr7","152037206","152037491","7","6039470"
"chr7","146058223","146058503","chr7","152099645","152099925","10","6041422"
"chr7","146106456","146106748","chr5","169489657","169489946","37","23383201"
"chr7","146187780","146188076","chr1","182646871","182647166","39","36459091"
"chr7","146189827","146190130","chr7","152236558","152236865","13","6046731"
"chr7","146265246","146265534","chr7","17731367","17731655","37","128533879"
"chr7","146362727","146363025","chr16","68417177","68417484","48","77945550"
"chr7","146377656","146377965","chr7","152428491","152428794","18","6050835"
"chr7","146590123","146590429","chr10","62331135","62331441","34","84258988"
"chr7","146614033","146614328","chr7","152664196","152664492","11","6050163"
"chr7","146624190","146624497","chr7","152675411","152675718","13","6051221"
"chr7","146632163","146632467","chr7","152682948","152683261","14","6050785"
"chr7","146902902","146903190","chr7","152952180","152952468","2","6049278"
"chr7","147078306","147078581","chr7","153129754","153130027","6","6051448"
"chr7","147106558","147106867","chr18","44702240","44702547","35","102404318"
"chr7","147135831","147136122","chr7","153188872","153189169","12","6053041"
"chr7","147136309","147136622","chr7","153189356","153189667","6","6053047"
"chr7","147158488","147158779","chr2","61474431","61474721","29","85684057"
"chr7","147212693","147212985","chr7","153267478","153267771","7","6054785"
"chr7","147227949","147228236","chr7","153282829","153283117","4","6054880"
"chr7","147261772","147262067","chr7","153316016","153316310","5","6054244"
"chr7","147263435","147263721","chr7","153317681","153317967","5","6054246"
"chr7","147286501","147286803","chr7","153340983","153341286","9","6054482"
"chr7","147300522","147300828","chr7","153354545","153354852","6","6054023"
"chr7","147539347","147539636","chr7","127412181","127412470","29","20127166"
"chr7","147581029","147581323","chr7","153635271","153635566","3","6054242"
"chr7","147612038","147612291","chr7","153665386","153665641","5","6053348"
"chr7","147647328","147647621","chr7","153701309","153701600","5","6053981"
"chr7","147803675","147803963","chr7","153858096","153858396","17","6054421"
"chr7","148101429","148101731","chr7","154147436","154147724","23","6046007"
"chr7","148147648","148147981","chr7","154193114","154193426","25","6045466"
"chr7","148154950","148155290","chr7","154200429","154200768","8","6045479"
"chr7","148180299","148180601","chr7","154253993","154254295","7","6073694"
"chr7","148181238","148181531","chr7","154254932","154255226","2","6073694"
"chr7","148221113","148221427","chr7","154294765","154295048","35","6073652"
"chr7","148224209","148224500","chr7","154297504","154297796","6","6073295"
"chr7","148248106","148248404","chr7","154322582","154322886","10","6074476"
"chr7","148388563","148388858","chr7","154471284","154471568","17","6082721"
"chr7","148524292","148524601","chr7","77098183","77098491","34","71426109"
"chr7","148780552","148780856","chr8","131396131","131396430","30","17384421"
"chr7","148798838","148799114","chr7","154878454","154878735","15","6079616"
"chr7","148804304","148804599","chr7","154883925","154884219","12","6079621"
"chr7","148858207","148858499","chr7","154935460","154935749","11","6077253"
"chr7","148888857","148889126","chr7","154966017","154966279","9","6077160"
"chr7","148915019","148915326","chr7","154992733","154993025","22","6077714"
"chr7","148998170","148998464","chr7","155073485","155073774","22","6075315"
"chr7","149125992","149126311","chr1","125989776","125990094","47","23136216"
"chr7","149293809","149294090","chr7","155391335","155391640","31","6097526"
"chr7","149317571","149317713","chr11","53069514","53069654","15","96248057"
"chr7","149330976","149331266","chr11","103533440","103533733","33","45797536"
"chr7","149334371","149334667","chr14","67992975","67993270","37","81341396"
"chr7","149334988","149335292","chr16","7138408","7138712","32","142196580"
"chr7","149353017","149353308","chr4","103330421","103330715","37","46022596"
"chr7","149358794","149359088","chr7","155455638","155455931","2","6096844"
"chr7","149378972","149379267","chr7","155475899","155476165","34","6096927"
"chr7","149394919","149395227","chr7","155491827","155492135","5","6096908"
"chr7","149409851","149410113","chr7","155507089","155507355","7","6097238"
"chr7","149421265","149421561","chr7","155518880","155519179","7","6097615"
"chr7","149442299","149442587","chr3","69217419","69217706","29","80224880"
"chr7","149445266","149445576","chr7","155543879","155544186","9","6098613"
"chr7","149481943","149482244","chr2","159817530","159817826","34","10335587"
"chr7","149600307","149600542","chr15","47719073","47719308","50","101881234"
"chr7","149694408","149694721","chr7","155794723","155795036","8","6100315"
"chr7","149720933","149721218","chr7","155821080","155821363","12","6100147"
"chr7","149755225","149755511","chr5","30901365","30901650","39","118853860"
"chr7","149817120","149817386","chr5","2622810","2623069","33","147194310"
"chr7","149820055","149820275","chr7","155921287","155921507","4","6101232"
"chr7","149917853","149918141","chr11","121807749","121808041","33","28110104"
"chr7","149961995","149962278","chr7","156063424","156063707","1","6101429"
"chr7","150240928","150241235","chr7","156344392","156344698","18","6103464"
"chr7","150247140","150247445","chr7","156350631","156350927","20","6103491"
"chr7","150286555","150286838","chr7","156390269","156390551","6","6103714"
"chr7","150293894","150294204","chr7","156397698","156398005","7","6103804"
"chr7","150300250","150300554","chr11","61823888","61824191","32","88476362"
"chr7","150442707","150443032","chr3","82074722","82075043","41","68367985"
"chr7","150532303","150532605","chr7","156642950","156643249","15","6110647"
"chr7","150556484","150556796","chr1","42771177","42771482","49","107785307"
"chr7","150577377","150577681","chr1","51251007","51251315","36","99326370"
"chr7","150758813","150759122","chr15","2385223","2385530","36","148373590"
"chr7","150845601","150845895","chr7","156952799","156953073","35","6107198"
"chr7","150865944","150866232","chr7","156972616","156972904","8","6106672"
"chr7","151074456","151074751","chr7","157184388","157184683","3","6109932"
"chr7","151426608","151426888","chr6","60383372","60383652","43","91043236"
"chr7","151625360","151625681","chr7","157748071","157748403","21","6122711"
"chr7","151910973","151911261","chr18","44002373","44002660","36","107908600"
"chr7","152247740","152248041","chr7","158360769","158361076","9","6113029"
"chr7","152507446","152507731","chr8","97191114","97191404","42","55316332"
"chr7","152557412","152557707","chr7","158669352","158669647","2","6111940"
"chr7","152648403","152648690","chr7","158759103","158759390","4","6110700"
"chr7","152656419","152656713","chr7","158767448","158767728","31","6111029"
"chr7","152695716","152696011","chr7","158804419","158804715","4","6108703"
"chr7","152733548","152733859","chr7","158843874","158844186","7","6110326"
"chr7","152895894","152896183","chr7","159008173","159008458","14","6112279"
"chr7","152965398","152965680","chr9","27439378","27439664","38","125526020"
"chr7","153063387","153063673","chr7","159174650","159174928","12","6111263"
"chr7","153350328","153350640","chr7","159465743","159466054","5","6115415"
"chr7","153400203","153400514","chr7","159510252","159510563","5","6110049"
"chr7","153594217","153594360","chr7","159708832","159708977","4","6114615"
"chr7","153884962","153885272","chr7","159997772","159998082","4","6112810"
"chr7","154000001","154000278","chr2","201355918","201356192","37","47355917"
"chr7","154089904","154090225","chr7","160209729","160210047","10","6119825"
"chr7","154332042","154332319","chr7","160451886","160452163","7","6119844"
"chr7","154476281","154476587","chr8","38908809","38909111","41","115567472"
"chr7","154556540","154556826","chr7","160676161","160676446","5","6119621"
"chr7","154639586","154639864","chr7","160758771","160759061","24","6119185"
"chr7","154790527","154790818","chr16","29127823","29128118","44","125662704"
"chr7","154982445","154982732","chr7","161104026","161104306","23","6121581"
"chr7","155047281","155047591","chr7","161170007","161170318","7","6122726"
"chr7","155078310","155078601","chrX","125998581","125998870","36","29079729"
"chr7","155257883","155258184","chr7","161383029","161383330","5","6125146"
"chr7","155278600","155278911","chr6","68661840","68662145","39","86616760"
"chr7","155308589","155308896","chr7","161434163","161434471","11","6125574"
"chr7","155530808","155531106","chr7","161663805","161664101","6","6132997"
"chr7","155532481","155532778","chr7","161665476","161665778","12","6132995"
"chr7","155567745","155568022","chr7","161703640","161703915","8","6135895"
"chr7","155622034","155622345","chr7","161759093","161759405","9","6137059"
"chr7","155811904","155812198","chrX","105678947","105679242","34","50132957"
"chr7","155873680","155873957","chr19","33556216","33556491","34","122317464"
"chr7","155944639","155944947","chr11","128562483","128562792","40","27382156"
"chr7","156150104","156150411","chr4","40631780","40632084","40","115518324"
"chr7","156225611","156225912","chr1","97443874","97444180","45","58781737"
"chr7","156298899","156299206","chr7","162447939","162448244","9","6149040"
"chr7","156379296","156379593","chr14","115928847","115929141","37","40450449"
"chr7","156393041","156393339","chrX","54056403","54056701","34","102336638"
"chr7","156424390","156424689","chr9","92895163","92895462","40","63529227"
"chr7","156430163","156430499","chr17","84294728","84295060","64","72135435"
"chr7","156459575","156459844","chr7","162609782","162610051","3","6150207"
"chr7","156505652","156505953","chr3","5459660","5459959","37","151045992"
"chr7","156529859","156530164","chr7","162680903","162681208","2","6151044"
"chr7","156558109","156558412","chr7","162710835","162711138","8","6152726"
"chr7","156596138","156596450","chr2","201760753","201761058","38","45164615"
"chr7","156671487","156671792","chr7","162824893","162825198","7","6153406"
"chr7","156931100","156931328","chr7","163084437","163084665","2","6153337"
"chr7","156932811","156933122","chr7","163086144","163086438","20","6153333"
"chr7","157022809","157023139","chr7","163182933","163183263","1","6160124"
"chr7","157168322","157168622","chr2","159817530","159817826","37","2649208"
"chr7","157488871","157489169","chr7","163653670","163653985","33","6164799"
"chr7","157779008","157779296","chr7","163943870","163944156","10","6164862"
"chr7","157939245","157939536","chr7","164102837","164103125","9","6163592"
"chr7","158024857","158025166","chr10","31743261","31743569","39","126281596"
"chr7","158092871","158093170","chr7","164255657","164255956","3","6162786"
"chr7","158101421","158101724","chr7","164265375","164265678","7","6163954"
"chr7","158107591","158107897","chr2","177308545","177308849","36","19200954"
"chr7","158121822","158122109","chr5","169489657","169489946","34","11367835"
"chr7","158123683","158123975","chr7","164286951","164287245","2","6163268"
"chr7","158126041","158126341","chr8","71944338","71944637","41","86181703"
"chr7","158187098","158187396","chr7","164350108","164350405","7","6163010"
"chr7","158206181","158206423","chr7","164372812","164373056","7","6166631"
"chr7","158219899","158220201","chr7","164387015","164387318","7","6167116"
"chr7","158250974","158251281","chr5","16888355","16888663","36","141362619"
"chr7","158292210","158292507","chr14","112805686","112805983","36","45486524"
"chr7","158305509","158305803","chr6","34087029","34087322","36","124218480"
"chr7","158312784","158313062","chr8","2097050","2097327","32","156215734"
"chr7","158336441","158336734","chr7","31624145","31624439","39","126712296"
"chr7","158350550","158350836","chr9","60449378","60449666","36","97901172"
"chr7","158510766","158511062","chr7","164574085","164574381","7","6063319"
"chr7","158520124","158520422","chr7","164584225","164584524","4","6064101"
"chr7","158606856","158607134","chr1","121614654","121614935","33","36992202"
"chr7","158624224","158624513","chr7","164688363","164688652","10","6064139"
"chr7","158627245","158627551","chr7","164691063","164691369","5","6063818"
"chr7","158651211","158651516","chr7","164716776","164717071","12","6065565"
"chr7","158685669","158685989","chr7","164755589","164755907","10","6069920"
"chr7","158686029","158686337","chr1","154181081","154181390","33","4504948"
"chr7","158699350","158699521","chr7","164769698","164769872","3","6070348"
"chr7","158703947","158704233","chr7","164774225","164774513","9","6070278"
"chr7","158715130","158715435","chr7","164786240","164786545","3","6071110"
"chr7","158721045","158721335","chr7","164791524","164791820","11","6070479"
"chr7","158722171","158722479","chr7","164792709","164793019","6","6070538"
"chr7","158727018","158727280","chr9","37265785","37266047","35","121461233"
"chr7","158741481","158741768","chr7","164811976","164812267","15","6070495"
"chr7","158783751","158784039","chr7","164852139","164852428","5","6068388"
"chr7","158806890","158807194","chr7","164875462","164875771","11","6068572"
"chr7","158867545","158867819","chr4","68688247","68688520","33","90179298"
"chr7","158874415","158874640","chr7","164962211","164962436","3","6087796"
"chr7","158901905","158902193","chr4","31898756","31899058","39","127003149"
"chr7","158920251","158920544","chr7","165014280","165014573","7","6094029"
"chr7","158939153","158939461","chr7","165035557","165035849","21","6096404"
"chr7","159015253","159015556","chr9","60069313","60069616","37","98945940"
"chr7","159026973","159027249","chr8","76413611","76413891","35","82613362"
"chr7","159179377","159179666","chr7","165272172","165272461","11","6092795"
"chr7","159206172","159206479","chrX","19056210","19056519","39","140149962"
"chr7","159228628","159228942","chr7","165322048","165322362","12","6093420"
"chr7","159236042","159236332","chr7","165329547","165329837","5","6093505"
"chr7","159250762","159251041","chr7","138974415","138974693","39","20276347"
"chr7","159252545","159252774","chr1","113868205","113868431","35","45384340"
"chr7","159254646","159254926","chr7","165348651","165348931","4","6094005"
"chr7","159273092","159273422","chr7","165367385","165367715","8","6094293"
"chr7","159307066","159307372","chr7","165401022","165401330","12","6093956"
"chr7","159355030","159355327","chr13","65644208","65644504","30","93710822"
"chr7","159406282","159406595","chr7","165508671","165508984","0","6102389"
"chr7","159410049","159410356","chr7","165512441","165512747","10","6102392"
"chr7","159516313","159516602","chr1","119264908","119265197","28","40251405"
"chr7","159519846","159520158","chr1","159978020","159978317","61","458174"
"chr7","159523644","159523946","chr12","65053742","65054040","46","94469902"
"chr7","159565487","159565787","chr7","165714858","165715158","5","6149371"
"chr7","159570995","159571303","chr7","165721526","165721834","8","6150531"
"chr7","159713222","159713519","chr7","165868357","165868657","15","6155135"
"chr7","159759052","159759362","chr7","44886295","44886604","40","114872757"
"chr7","159778740","159779037","chr14","112015271","112015566","32","47763469"
"chr7","159788915","159789226","chr7","165945940","165946251","0","6157025"
"chr7","159801274","159801584","chr7","165958206","165958516","4","6156932"
"chr7","159852218","159852524","chr18","11546135","11546442","37","148306083"
"chr7","159880006","159880294","chr7","166045180","166045468","5","6165174"
"chr7","159975721","159976015","chr14","11845538","11845831","40","148130183"
"chr7","159977162","159977463","chr1","114858024","114858327","44","45119138"
"chr7","160033512","160033684","chr2","43070722","43070896","30","116962790"
"chr7","160131738","160132029","chr7","166309011","166309302","0","6177273"
"chr7","160243459","160243749","chr7","166421593","166421883","3","6178134"
"chr7","160400037","160400337","chr7","166579311","166579611","7","6179274"
"chr7","160684110","160684392","chr7","166865896","166866178","5","6181786"
"chr7","161023257","161023556","chr20","74743542","74743841","32","86279715"
"chr7","161031886","161032195","chr7","167212379","167212688","9","6180493"
"chr7","161148554","161148854","chr1","139284674","139284976","34","21863880"
"chr7","161178816","161179120","chr7","167361910","167362210","11","6183094"
"chr7","161192299","161192500","chr19","53601168","53601379","29","107591131"
"chr7","161197341","161197650","chr7","167378078","167378375","19","6180737"
"chr7","161460734","161461036","chr9","92574925","92575229","32","68885809"
"chr7","161483419","161483713","chr7","167619740","167620032","11","6136321"
"chr7","161520767","161521063","chr7","167657461","167657757","4","6136694"
"chr7","161523214","161523510","chr7","167660364","167660660","5","6137150"
"chr7","161524160","161524457","chr7","167661305","167661603","17","6137145"
"chr7","161578981","161579242","chr12","97241805","97242073","47","64337176"
"chr7","161728041","161728307","chr1","32089051","32089323","47","129638990"
"chr7","161745792","161746101","chr7","167892942","167893251","3","6147150"
"chr7","162130057","162130335","chr7","169451118","169451395","5","7321061"
"chr8","36700013","36700164","chr11","63369866","63370016","50","26669853"
"chr8","39190323","39190630","chr2","121158781","121159088","36","81968458"
"chr8","330107","330378","chr4","118110737","118111005","54","117780630"
"chr8","412550","412837","chr8","546268","546557","5","133718"
"chr8","466819","467128","chr1","11416163","11416472","39","10949344"
"chr8","536491","536792","chr8","675619","675920","3","139128"
"chr8","623442","623747","chr8","762750","763051","18","139308"
"chr8","624907","625219","chr8","764212","764514","15","139305"
"chr8","698070","698364","chr8","841897","842192","7","143827"
"chr8","725086","725383","chr8","869562","869863","16","144476"
"chr8","1161312","1161617","chr8","1310638","1310946","18","149326"
"chr8","1214344","1214646","chr8","1362214","1362519","11","147870"
"chr8","1278254","1278558","chr8","1426801","1427107","9","148547"
"chr8","1624897","1625233","chr8","1606476","1606785","33","18421"
"chr8","1642876","1643166","chr8","1625557","1625847","4","17319"
"chr8","1694577","1694909","chr8","1677625","1677957","12","16952"
"chr8","1800029","1800315","chr8","66518083","66518371","32","64718054"
"chr8","2001636","2001925","chr8","1998775","1999064","4","2861"
"chr8","2052077","2052347","chr8","2097050","2097327","9","44973"
"chr8","2189492","2189748","chr8","2238400","2238648","9","48908"
"chr8","2218610","2218899","chr8","2266212","2266502","9","47602"
"chr8","2399352","2399649","chr8","2445203","2445500","9","45851"
"chr8","2465452","2465742","chr8","2514335","2514625","4","48883"
"chr8","2537832","2538142","chr19","45177122","45177428","43","42639290"
"chr8","2598700","2598989","chr9","22008244","22008530","37","19409544"
"chr8","2623450","2623749","chr5","84621454","84621751","37","81998004"
"chr8","2775881","2776168","chr8","2842560","2842827","26","66679"
"chr8","2788065","2788368","chrX","12911910","12912212","36","10123845"
"chr8","2885662","2885941","chr8","2956643","2956922","10","70981"
"chr8","2992454","2992733","chr8","3077360","3077640","18","84906"
"chr8","3164720","3164998","chr8","3254452","3254729","7","89732"
"chr8","3225825","3226110","chr8","3309268","3309554","7","83443"
"chr8","3270258","3270564","chr11","34016163","34016458","39","30745905"
"chr8","3484475","3484739","chr8","3606153","3606434","26","121678"
"chr8","3552648","3552939","chr8","3677446","3677750","16","124798"
"chr8","3592087","3592386","chr8","3715376","3715677","9","123289"
"chr8","3598553","3598853","chr4","158034716","158035015","39","154436163"
"chr8","3603585","3603824","chr8","3726861","3727100","8","123276"
"chr8","3628781","3628987","chr3","170161166","170161370","27","166532385"
"chr8","3652012","3652311","chr8","3773405","3773696","12","121393"
"chr8","3766635","3766935","chr1","209176258","209176559","34","205409623"
"chr8","3910582","3910882","chr9","1386829","1387123","57","2523753"
"chr8","4054516","4054821","chr16","53122406","53122707","35","49067890"
"chr8","4132044","4132355","chr8","4594910","4595205","36","462866"
"chr8","4240436","4240744","chr8","4704790","4705099","13","464354"
"chr8","4355022","4355330","chr8","4818560","4818849","25","463538"
"chr8","4409449","4409737","chr8","4873369","4873656","9","463920"
"chr8","4557175","4557449","chr8","5021336","5021630","27","464161"
"chr8","4685062","4685347","chr1","8038697","8038989","34","3353635"
"chr8","4692278","4692573","chr8","5158632","5158925","12","466354"
"chr8","4850161","4850450","chr8","5316476","5316763","5","466315"
"chr8","5319033","5319328","chr8","5832329","5832624","4","513296"
"chr8","5411688","5411990","chr8","5925086","5925380","25","513398"
"chr8","5624890","5625172","chr8","6138406","6138697","15","513516"
"chr8","5822816","5823105","chr3","43892554","43892846","39","38069738"
"chr8","5883978","5884285","chr8","6389094","6389403","15","505116"
"chr8","5955753","5955968","chr5","25009750","25009980","57","19053997"
"chr8","5972311","5972609","chr6","131966421","131966716","32","125994110"
"chr8","6004464","6004768","chr8","6510970","6511279","12","506506"
"chr8","6026506","6026791","chr8","6533884","6534169","5","507378"
"chr8","6039626","6039906","chr8","6547688","6547968","4","508062"
"chr8","6066451","6066761","chr15","11052092","11052400","44","4985641"
"chr8","6071367","6071672","chr8","6579574","6579877","7","508207"
"chr8","6085545","6085820","chr8","6593478","6593753","2","507933"
"chr8","6136893","6137201","chr14","115784371","115784680","43","109647478"
"chr8","6219328","6219638","chr8","6728937","6729234","21","509609"
"chr8","6236245","6236548","chr8","6746513","6746809","21","510268"
"chr8","6393867","6394167","chr8","6902955","6903251","7","509088"
"chr8","6594316","6594616","chr8","7466756","7467054","13","872440"
"chr8","6749162","6749475","chr8","63724629","63724930","42","56975467"
"chr8","6753838","6754146","chr13","103375733","103376034","23","96621895"
"chr8","6821746","6822055","chr8","66569","66878","25","6755177"
"chr8","6983229","6983524","chr8","7788161","7788455","8","804932"
"chr8","7021757","7022065","chr8","7828019","7828327","7","806262"
"chr8","7026734","7027027","chr2","93185519","93185812","39","86158785"
"chr8","7056976","7057274","chr10","82544162","82544460","32","75487186"
"chr8","7063134","7063437","chr8","7869596","7869902","10","806462"
"chr8","7065201","7065494","chr8","7871703","7871996","7","806502"
"chr8","7073099","7073379","chr8","7880534","7880813","4","807435"
"chr8","7103455","7103748","chr8","7909675","7909968","1","806220"
"chr8","7163209","7163498","chr8","7967972","7968260","3","804763"
"chr8","7214066","7214355","chr8","8019044","8019334","2","804978"
"chr8","7219045","7219331","chr13","64464302","64464575","47","57245257"
"chr8","7243147","7243435","chr2","159323582","159323869","35","152080435"
"chr8","7255314","7255626","chr8","8061320","8061632","15","806006"
"chr8","7387959","7388237","chr8","8194723","8195007","7","806764"
"chr8","7529366","7529671","chr8","8341611","8341918","8","812245"
"chr8","7596639","7596931","chr3","165033522","165033818","42","157436883"
"chr8","7640016","7640221","chr8","28815591","28815770","57","21175575"
"chr8","7645393","7645679","chr8","8456077","8456368","10","810684"
"chr8","7764449","7764748","chr8","8575648","8575945","3","811199"
"chr8","7804190","7804470","chr12","119089042","119089324","35","111284852"
"chr8","7850886","7851182","chr8","8662757","8663053","6","811871"
"chr8","7886706","7887003","chr8","8699808","8700119","17","813102"
"chr8","7924151","7924463","chrX","44669959","44670265","43","36745808"
"chr8","8093556","8093846","chr8","8950776","8951087","22","857220"
"chr8","8127545","8127779","chr8","8985961","8986195","2","858416"
"chr8","8132881","8133179","chr8","8990414","8990709","5","857533"
"chr8","8417991","8418295","chr11","106579511","106579817","34","98161520"
"chr8","8593555","8593841","chr8","9478754","9479037","8","885199"
"chr8","8750822","8751084","chr8","9636652","9636914","3","885830"
"chr8","8938746","8939051","chr8","9832367","9832656","17","893621"
"chr8","9159901","9160197","chr8","10097880","10098176","4","937979"
"chr8","9192639","9192947","chr1","27243298","27243603","37","18050659"
"chr8","9360219","9360514","chr8","10299517","10299815","11","939298"
"chr8","9378323","9378628","chr8","10318022","10318326","15","939699"
"chr8","9402153","9402447","chr8","10341297","10341595","9","939144"
"chr8","9429331","9429621","chr19","51871575","51871859","43","42442244"
"chr8","9434464","9434763","chr8","10375190","10375489","8","940726"
"chr8","9538146","9538434","chr10","7096296","7096585","35","2441850"
"chr8","9580619","9580926","chr8","10517615","10517911","21","936996"
"chr8","9637364","9637652","chr8","10574551","10574839","8","937187"
"chr8","9876220","9876526","chr13","3139330","3139635","27","6736890"
"chr8","9920077","9920383","chr13","3139330","3139635","29","6780747"
"chr8","9941747","9942038","chr8","10874231","10874522","0","932484"
"chr8","9962732","9963014","chr8","10894333","10894611","12","931601"
"chr8","9977644","9977897","chr6","138408968","138409231","50","128431324"
"chr8","10120446","10120732","chr3","178720612","178720906","44","168600166"
"chr8","10175299","10175601","chr8","11244053","11244361","10","1068754"
"chr8","10299996","10300297","chr8","11364588","11364892","7","1064592"
"chr8","10330336","10330610","chr8","3606153","3606434","47","6724183"
"chr8","10584604","10584882","chr8","11649745","11650033","16","1065141"
"chr8","10786494","10786743","chr8","11903518","11903779","13","1117024"
"chr8","10796848","10797153","chr11","101855790","101856096","40","91058942"
"chr8","10833795","10834103","chr8","11950697","11951005","7","1116902"
"chr8","10881293","10881571","chr8","11993229","11993507","16","1111936"
"chr8","10898470","10898764","chr5","8198836","8199128","18","2699634"
"chr8","10916739","10917007","chr8","11993229","11993507","20","1076490"
"chr8","10963129","10963438","chr4","14094661","14094965","35","3131532"
"chr8","10965644","10965930","chr8","12042233","12042519","11","1076589"
"chr8","11031787","11032074","chr8","12108444","12108731","9","1076657"
"chr8","11059686","11059999","chr17","58249149","58249454","47","47189463"
"chr8","11279131","11279448","chr8","12355695","12356006","15","1076564"
"chr8","11486711","11487011","chrX","118103194","118103494","32","106616483"
"chr8","11651009","11651309","chr8","12795068","12795354","17","1144059"
"chr8","11889474","11889730","chr7","77460588","77460836","41","65571114"
"chr8","11999563","11999853","chr8","13694737","13695026","4","1695174"
"chr8","12114352","12114661","chr8","13811194","13811508","24","1696842"
"chr8","12272068","12272373","chrX","3672786","3673095","41","8599282"
"chr8","12381085","12381369","chr8","14082768","14083050","9","1701683"
"chr8","12555094","12555378","chr8","14257217","14257510","19","1702123"
"chr8","12822866","12823147","chr8","14560887","14561165","5","1738021"
"chr8","12843060","12843346","chr8","14581055","14581345","12","1737995"
"chr8","12843963","12844252","chrX","107926984","107927271","4","95083021"
"chr8","12861787","12862090","chr10","8065693","8065996","37","4796094"
"chr8","13172202","13172511","chr19","42044617","42044925","31","28872415"
"chr8","13203106","13203410","chr1","112494754","112495056","37","99291648"
"chr8","13369994","13370280","chr8","15118544","15118835","9","1748550"
"chr8","13389629","13389852","chrX","113736345","113736565","32","100346716"
"chr8","13408485","13408770","chr8","15157260","15157545","9","1748775"
"chr8","13484036","13484332","chr5","6465008","6465290","50","7019028"
"chr8","13527191","13527484","chr8","15272306","15272605","13","1745115"
"chr8","13533545","13533826","chr4","36622080","36622361","43","23088535"
"chr8","13846737","13847028","chr8","15591291","15591583","6","1744554"
"chr8","13995824","13996133","chr8","15738003","15738295","32","1742179"
"chr8","14413697","14413962","chr6","178787227","178787483","47","164373530"
"chr8","14653351","14653617","chr9","93084905","93085175","56","78431554"
"chr8","14662205","14662461","chr8","16424143","16424402","12","1761938"
"chr8","14758693","14758980","chr14","118231189","118231477","38","103472496"
"chr8","14785805","14786094","chr8","16546512","16546787","26","1760707"
"chr8","14844130","14844427","chrX","54056403","54056701","41","39212273"
"chr8","15036760","15037051","chr8","16804045","16804353","22","1767285"
"chr8","15101400","15101718","chr8","16868676","16868964","35","1767276"
"chr8","15109512","15109816","chr8","16876770","16877076","8","1767258"
"chr8","15132502","15132808","chr8","16899742","16900056","16","1767240"
"chr8","15180884","15181157","chr8","16947798","16948070","7","1766914"
"chr8","15380927","15381232","chr8","17143000","17143305","8","1762073"
"chr8","15389297","15389602","chr8","17150564","17150869","5","1761267"
"chr8","15526596","15526870","chr8","17293845","17294119","6","1767249"
"chr8","15589229","15589468","chr8","17356931","17357169","11","1767702"
"chr8","15733946","15734238","chr8","17502378","17502672","8","1768432"
"chr8","15753144","15753442","chr8","17521357","17521656","7","1768213"
"chr8","15821172","15821469","chr1","121564029","121564325","37","105742857"
"chr8","15827127","15827372","chr8","17600989","17601273","42","1773862"
"chr8","15868463","15868754","chr8","17641025","17641315","4","1772562"
"chr8","15871558","15871812","chr2","70655413","70655669","46","54783855"
"chr8","15886951","15887240","chr8","17659526","17659815","5","1772575"
"chr8","15889073","15889366","chr8","17661400","17661694","8","1772327"
"chr8","15956014","15956309","chr8","17726976","17727271","12","1770962"
"chr8","16037459","16037628","chr8","28275885","28276060","26","12238426"
"chr8","16298965","16299262","chr8","18142318","18142624","15","1843353"
"chr8","16337359","16337657","chr8","18180720","18181020","2","1843361"
"chr8","16369110","16369416","chr8","18212092","18212398","15","1842982"
"chr8","16460266","16460568","chr8","18302994","18303296","7","1842728"
"chr8","16483485","16483776","chr8","18325552","18325849","17","1842067"
"chr8","16601235","16601522","chr8","18442100","18442387","5","1840865"
"chr8","16649170","16649464","chr18","8685637","8685929","43","7963533"
"chr8","16827817","16828118","chr8","18670062","18670369","12","1842245"
"chr8","16837187","16837489","chr8","18679628","18679933","12","1842441"
"chr8","16967775","16968071","chr8","18858155","18858456","10","1890380"
"chr8","17057280","17057571","chr8","18949868","18950160","8","1892588"
"chr8","17229533","17229849","chr3","112403561","112403868","44","95174028"
"chr8","17281616","17281875","chr8","19164347","19164606","7","1882731"
"chr8","17311858","17312134","chr8","19196146","19196422","4","1884288"
"chr8","17333348","17333645","chr8","19217747","19218045","10","1884399"
"chr8","17522029","17522349","chr6","70591771","70592087","53","53069742"
"chr8","17536934","17537174","chr8","19417544","19417784","6","1880610"
"chr8","17584344","17584650","chr8","19462900","19463206","14","1878556"
"chr8","17589662","17589958","chr8","19467821","19468118","4","1878159"
"chr8","17602634","17602913","chr8","19481057","19481335","8","1878423"
"chr8","17627464","17627768","chr8","19505705","19506005","15","1878241"
"chr8","17670872","17671165","chr8","19547864","19548161","10","1876992"
"chr8","17989465","17989765","chr8","19858905","19859205","6","1869440"
"chr8","18003507","18003814","chr17","58249149","58249454","35","40245642"
"chr8","18048879","18049181","chr8","19917149","19917467","26","1868270"
"chr8","18303042","18303342","chr8","20173741","20174035","15","1870699"
"chr8","18676958","18677125","chr8","20590761","20590928","3","1913803"
"chr8","18762872","18763178","chr8","20675172","20675473","8","1912300"
"chr8","18886897","18887184","chr8","20796788","20797075","6","1909891"
"chr8","19198948","19199236","chr8","21161047","21161335","5","1962099"
"chr8","19246600","19246905","chr8","21208456","21208760","3","1961856"
"chr8","19388863","19389177","chr8","21361510","21361821","16","1972647"
"chr8","19461522","19461820","chr8","21432303","21432613","20","1970781"
"chr8","19664316","19664624","chr10","8065693","8065996","36","11598623"
"chr8","19761687","19762107","chr8","21733848","21734219","54","1972161"
"chr8","19773004","19773311","chr5","24590065","24590364","45","4817061"
"chr8","19773660","19773902","chr8","21745873","21746115","3","1972213"
"chr8","19875737","19876021","chr8","21846667","21846951","8","1970930"
"chr8","19899483","19899764","chr8","21869559","21869840","4","1970076"
"chr8","20000002","20000303","chr8","21971834","21972135","4","1971832"
"chr8","20076215","20076510","chr8","22048036","22048332","8","1971821"
"chr8","20165691","20165985","chr8","22136906","22137200","4","1971215"
"chr8","20205065","20205374","chr3","13202178","13202482","35","7002887"
"chr8","20250996","20251281","chr2","150792570","150792848","42","130541574"
"chr8","20361031","20361289","chr8","22331049","22331307","2","1970018"
"chr8","20405084","20405380","chr20","20721767","20722061","43","316683"
"chr8","20411993","20412282","chr8","22381464","22381749","8","1969471"
"chr8","20444405","20444701","chr8","22413765","22414057","5","1969360"
"chr8","20450874","20451181","chr8","22420232","22420540","3","1969358"
"chr8","20455444","20455745","chr3","165574800","165575101","40","145119356"
"chr8","20565174","20565447","chr8","22535679","22535949","8","1970505"
"chr8","20649787","20650083","chr2","109964204","109964501","32","89314417"
"chr8","20874694","20874980","chr1","37000477","37000769","37","16125783"
"chr8","20983160","20983492","chr14","12387341","12387675","51","8595819"
"chr8","21011585","21011895","chr8","23036979","23037288","24","2025394"
"chr8","21128942","21129241","chr8","23187077","23187369","11","2058135"
"chr8","21139912","21140214","chr6","133944143","133944445","41","112804231"
"chr8","21241894","21242196","chr13","19816394","19816698","45","1425500"
"chr8","21374496","21374799","chr8","23380456","23380757","7","2005960"
"chr8","21425991","21426288","chr8","23427599","23427898","8","2001608"
"chr8","21466066","21466247","chr14","78721833","78722029","42","57255767"
"chr8","21524258","21524569","chr8","23528358","23528665","15","2004100"
"chr8","21606004","21606305","chr8","23609881","23610177","7","2003877"
"chr8","21912468","21912767","chr5","52021316","52021619","39","30108848"
"chr8","21943566","21943874","chr8","23946470","23946777","15","2002904"
"chr8","21983828","21984108","chr8","23988166","23988450","11","2004338"
"chr8","22203183","22203478","chr6","131966421","131966716","33","109763238"
"chr8","22250516","22250767","chr8","24257708","24257957","8","2007192"
"chr8","22406492","22406786","chr8","24417432","24417728","14","2010940"
"chr8","22552400","22552709","chr8","24557098","24557405","7","2004698"
"chr8","22900732","22900945","chr8","24899710","24899923","6","1998978"
"chr8","22912862","22913182","chr8","24911825","24912124","36","1998963"
"chr8","22927942","22928238","chr8","24925299","24925575","25","1997357"
"chr8","22998919","22999225","chr20","43752807","43753111","41","20753888"
"chr8","23036643","23036937","chr1","52311437","52311735","41","29274794"
"chr8","23060976","23061279","chr8","25053316","25053619","9","1992340"
"chr8","23099957","23100252","chr8","25093455","25093756","13","1993498"
"chr8","23304697","23304996","chr8","25297403","25297697","15","1992706"
"chr8","23318210","23318515","chr13","54790758","54791064","31","31472548"
"chr8","23334296","23334606","chr7","37569071","37569373","42","14234775"
"chr8","23391917","23392211","chr8","25384514","25384810","10","1992597"
"chr8","23403357","23403666","chr8","25395892","25396201","3","1992535"
"chr8","23492807","23493096","chr8","25485894","25486183","10","1993087"
"chr8","23514397","23514687","chr8","25509136","25509442","21","1994739"
"chr8","23531281","23531586","chr8","25526507","25526811","16","1995226"
"chr8","23685647","23685949","chr3","155832002","155832298","40","132146355"
"chr8","23720775","23721070","chr8","25717465","25717754","14","1996690"
"chr8","23781752","23782017","chr8","25776056","25776326","8","1994304"
"chr8","24204372","24204531","chr8","26202107","26202266","4","1997735"
"chr8","24224057","24224362","chr8","26221825","26222133","11","1997768"
"chr8","24257697","24257976","chrX","126763924","126764209","35","102506227"
"chr8","24274129","24274416","chr8","26268867","26269158","9","1994738"
"chr8","24324050","24324354","chr8","26315041","26315325","31","1990991"
"chr8","24396701","24396967","chr8","26387963","26388230","10","1991262"
"chr8","24478201","24478504","chr8","26468507","26468818","12","1990306"
"chr8","24495726","24496013","chr8","26486858","26487149","8","1991132"
"chr8","24603272","24603593","chr8","26595253","26595573","6","1991981"
"chr8","24877239","24877520","chr14","18409529","18409810","47","6467710"
"chr8","24997732","24998002","chr8","26985330","26985600","7","1987598"
"chr8","25437308","25437601","chr8","27411394","27411687","7","1974086"
"chr8","25586287","25586479","chr1","37215224","37215407","37","11628937"
"chr8","25586528","25586643","chrX","371838","371957","16","25214690"
"chr8","25629645","25629944","chr8","27606018","27606316","9","1976373"
"chr8","25772111","25772409","chr8","27742258","27742558","4","1970147"
"chr8","25789270","25789547","chr8","27759815","27760117","29","1970545"
"chr8","25843908","25844214","chr8","27814718","27815024","4","1970810"
"chr8","25878566","25878764","chr4","142194304","142194505","32","116315738"
"chr8","25943478","25943787","chr8","27913651","27913954","18","1970173"
"chr8","25995421","25995660","chr8","27964447","27964711","29","1969026"
"chr8","26096586","26096885","chr5","16124720","16125017","39","9971866"
"chr8","26101786","26102093","chr8","28073008","28073308","16","1971222"
"chr8","26123188","26123482","chr8","28094357","28094662","14","1971169"
"chr8","26163358","26163625","chr8","28134464","28134730","4","1971106"
"chr8","26266558","26266851","chr8","28237308","28237601","8","1970750"
"chr8","26305014","26305189","chr8","28275885","28276060","3","1970871"
"chr8","26342628","26342931","chr8","28311985","28312285","16","1969357"
"chr8","26374472","26374744","chr8","28344055","28344327","5","1969583"
"chr8","26391747","26392026","chr8","28361072","28361344","8","1969325"
"chr8","26490332","26490572","chr19","22075302","22075532","49","4415030"
"chr8","26497682","26497990","chr8","28463805","28464113","9","1966123"
"chr8","26513182","26513475","chr8","28478026","28478316","14","1964844"
"chr8","26535896","26536201","chr8","28501516","28501838","19","1965620"
"chr8","26641929","26642235","chr7","31624145","31624439","40","4982216"
"chr8","26654224","26654526","chr14","122428146","122428445","39","95773922"
"chr8","26689415","26689719","chr8","28655778","28656079","10","1966363"
"chr8","26700367","26700646","chr10","84786278","84786557","37","58085911"
"chr8","26733071","26733362","chr3","48061580","48061870","34","21328509"
"chr8","26737042","26737332","chr8","28703672","28703966","11","1966630"
"chr8","26751623","26751915","chr8","28718529","28718821","3","1966906"
"chr8","26756788","26757083","chr8","28723670","28723965","3","1966882"
"chr8","26781373","26781670","chr15","41250261","41250554","51","14468888"
"chr8","26823890","26824165","chr8","28790196","28790471","4","1966306"
"chr8","26848717","26848896","chr8","28815591","28815770","0","1966874"
"chr8","26862676","26862970","chr8","28829381","28829673","9","1966705"
"chr8","26951948","26952256","chr8","28920902","28921203","10","1968954"
"chr8","27019001","27019267","chr8","28984264","28984531","7","1965263"
"chr8","27078955","27079248","chr8","29037337","29037633","9","1958382"
"chr8","27152496","27152807","chr8","29118267","29118572","15","1965771"
"chr8","27156408","27156695","chr8","29122175","29122462","2","1965767"
"chr8","27212966","27213273","chr7","17535680","17535980","37","9677286"
"chr8","27347751","27348031","chr10","18430747","18431035","39","8917004"
"chr8","27366275","27366557","chr8","29334587","29334862","21","1968312"
"chr8","27507565","27507871","chr8","29478158","29478465","16","1970593"
"chr8","27582196","27582489","chr8","29552440","29552733","6","1970244"
"chr8","27662681","27662849","chr1","160072921","160073087","24","132410240"
"chr8","27662900","27663004","chr3","175596837","175596940","15","147933937"
"chr8","27663168","27663202","chr7","114323883","114323919","9","86660715"
"chr8","27666824","27667123","chr1","25636423","25636725","34","2030401"
"chr8","27691088","27691386","chr8","29660909","29661208","6","1969821"
"chr8","28081286","28081577","chr8","30058909","30059200","5","1977623"
"chr8","28135600","28135901","chr8","30114177","30114483","14","1978577"
"chr8","28188062","28188354","chr1","31482751","31483040","37","3294689"
"chr8","28252556","28252852","chr8","30241579","30241876","2","1989023"
"chr8","28282755","28283062","chr4","123382191","123382485","38","95099436"
"chr8","28298885","28299198","chr8","30288347","30288658","15","1989462"
"chr8","28306642","28306903","chr8","30295217","30295487","31","1988575"
"chr8","28361723","28362015","chr15","6597401","6597693","31","21764322"
"chr8","28395292","28395583","chr8","30382220","30382538","36","1986928"
"chr8","28400664","28400963","chr16","14682737","14683035","28","13717927"
"chr8","28418072","28418273","chr5","122756849","122757047","32","94338777"
"chr8","28449509","28449791","chr8","30436776","30437065","9","1987267"
"chr8","28529292","28529592","chr8","30516364","30516658","9","1987072"
"chr8","28560567","28560870","chr10","5729998","5730296","45","22830569"
"chr8","28561219","28561475","chr8","30548515","30548772","3","1987296"
"chr8","28667633","28667939","chr8","30653129","30653436","10","1985496"
"chr8","28717679","28717975","chr8","30706171","30706471","8","1988492"
"chr8","28742729","28743023","chr8","30730029","30730323","3","1987300"
"chr8","28754412","28754703","chr8","30740817","30741112","14","1986405"
"chr8","28765991","28766223","chr8","30752433","30752665","4","1986442"
"chr8","28830325","28830610","chr8","30815155","30815435","8","1984830"
"chr8","28836177","28836495","chr10","62331135","62331441","46","33494958"
"chr8","28890741","28891044","chr8","30876978","30877283","8","1986237"
"chr8","29136701","29137006","chr8","31120592","31120898","7","1983891"
"chr8","29357934","29358247","chr8","31340719","31341030","11","1982785"
"chr8","29379635","29379913","chr8","31362359","31362632","30","1982724"
"chr8","29542436","29542618","chr15","25499815","25500000","30","4042621"
"chr8","29543149","29543434","chr8","31521772","31522071","18","1978623"
"chr8","29574867","29575160","chr1","35250670","35250968","30","5675803"
"chr8","29697845","29698118","chr1","207064650","207064912","43","177366805"
"chr8","29737946","29738233","chr8","31725947","31726234","20","1988001"
"chr8","29977091","29977369","chr1","179151184","179151461","34","149174093"
"chr8","30214388","30214639","chr1","141636620","141636865","43","111422232"
"chr8","30256418","30256699","chr8","32245518","32245791","14","1989100"
"chr8","30385031","30385323","chr8","32381081","32381388","21","1996050"
"chr8","30418256","30418560","chr8","32414058","32414355","16","1995802"
"chr8","30593447","30593753","chr1","188255618","188255928","31","157662171"
"chr8","30695447","30695742","chr8","32705377","32705674","7","2009930"
"chr8","30764735","30765036","chr6","170561071","170561373","35","139796336"
"chr8","30784410","30784732","chr1","31522989","31523296","62","738579"
"chr8","30794718","30794993","chr8","32808339","32808624","24","2013621"
"chr8","30808335","30808649","chr8","32821986","32822299","4","2013651"
"chr8","30921815","30922076","chr8","32945334","32945585","29","2023519"
"chr8","31424480","31424788","chr8","33445122","33445431","3","2020642"
"chr8","31469219","31469516","chr14","18840355","18840651","32","12628864"
"chr8","31471821","31472125","chr8","33494747","33495044","17","2022926"
"chr8","31535633","31535932","chr8","33559345","33559639","13","2023712"
"chr8","31622268","31622584","chr8","33648863","33649177","18","2026595"
"chr8","31627525","31627826","chr8","33653842","33654143","7","2026317"
"chr8","31627981","31628275","chr8","33654298","33654590","8","2026317"
"chr8","31641341","31641534","chr4","4043483","4043684","47","27597858"
"chr8","31711527","31711818","chr14","16055383","16055676","38","15656144"
"chr8","31823374","31823676","chr8","33848778","33849079","9","2025404"
"chr8","31877623","31877932","chr8","33902811","33903118","6","2025188"
"chr8","31977131","31977433","chr8","33994493","33994785","15","2017362"
"chr8","32007084","32007345","chr8","34023425","34023680","7","2016341"
"chr8","32295884","32296175","chr8","34327144","34327434","13","2031260"
"chr8","32498000","32498292","chr8","34527412","34527666","41","2029412"
"chr8","32508543","32508844","chr3","45936006","45936298","48","13427463"
"chr8","32563749","32564056","chr8","34599250","34599557","5","2035501"
"chr8","32617140","32617439","chr8","34650291","34650590","5","2033151"
"chr8","32717589","32717884","chr8","34747115","34747411","4","2029526"
"chr8","32723202","32723510","chr8","34752726","34753035","9","2029524"
"chr8","32877932","32878228","chr8","34908971","34909266","11","2031039"
"chr8","33093614","33093921","chr12","9901125","9901428","44","23192489"
"chr8","33121093","33121390","chr8","35203792","35204094","13","2082699"
"chr8","33157978","33158272","chrX","117758413","117758706","47","84600435"
"chr8","33222953","33223256","chr8","35298298","35298631","34","2075345"
"chr8","33271766","33272037","chr8","35347568","35347838","11","2075802"
"chr8","33305486","33305787","chr8","35381517","35381808","40","2076031"
"chr8","33359901","33360202","chr8","35435759","35436060","2","2075858"
"chr8","33383783","33384066","chr8","35459318","35459617","20","2075535"
"chr8","33666130","33666438","chr2","123559718","123560018","48","89893588"
"chr8","33730781","33731088","chr16","20798400","20798707","42","12932381"
"chr8","33808244","33808534","chr8","35882450","35882740","7","2074206"
"chr8","33907202","33907486","chr7","27042398","27042682","33","6864804"
"chr8","33971275","33971579","chr8","36044764","36045065","4","2073489"
"chr8","34039883","34040185","chr1","139284674","139284976","37","105244791"
"chr8","34068130","34068433","chr8","36150792","36151088","11","2082662"
"chr8","34243830","34244131","chr8","36324206","36324515","16","2080376"
"chr8","34496808","34497107","chr8","36590420","36590727","17","2093612"
"chr8","34583455","34583756","chr8","36682979","36683274","9","2099524"
"chr8","34924699","34924991","chr8","37025697","37025990","10","2100998"
"chr8","35239834","35240112","chr8","37342541","37342822","6","2102707"
"chr8","35280951","35281249","chr8","37384076","37384373","2","2103125"
"chr8","35332229","35332519","chr2","184284493","184284784","36","148952264"
"chr8","35339471","35339765","chr11","94996337","94996634","36","59656866"
"chr8","35596596","35596878","chr9","27439378","27439664","42","8157218"
"chr8","35797741","35798037","chr8","37900718","37901012","9","2102977"
"chr8","35860370","35860659","chr8","37963164","37963452","4","2102794"
"chr8","35907206","35907510","chr8","38010647","38010954","6","2103441"
"chr8","35917079","35917406","chr3","42669239","42669561","46","6752160"
"chr8","35932503","35932812","chr8","38039967","38040275","5","2107464"
"chr8","35937935","35938226","chr8","38045127","38045418","4","2107192"
"chr8","35979493","35979786","chr10","82662941","82663232","33","46683448"
"chr8","35986069","35986320","chr13","47979092","47979356","40","11993023"
"chr8","36111102","36111410","chr8","38217268","38217581","11","2106166"
"chr8","36148183","36148476","chr8","38253962","38254262","33","2105779"
"chr8","36193326","36193634","chr8","38293667","38293967","17","2100341"
"chr8","36193976","36194211","chr14","57076576","57076815","45","20882600"
"chr8","36197159","36197450","chr8","38297824","38298132","19","2100665"
"chr8","36220401","36220694","chr10","13855681","13855975","34","22364720"
"chr8","36275914","36276178","chr19","47567969","47568244","50","11292055"
"chr8","36296386","36296666","chr8","38404572","38404854","17","2108186"
"chr8","36312675","36312966","chr15","5330961","5331255","36","30981714"
"chr8","36319708","36320019","chr8","38428052","38428363","5","2108344"
"chr8","36338211","36338506","chr1","222015106","222015405","36","185676895"
"chr8","36351918","36352218","chr14","7879844","7880152","29","28472074"
"chr8","36355906","36356224","chr8","38464623","38464941","7","2108717"
"chr8","36386393","36386614","chr7","163084437","163084665","36","126698044"
"chr8","36389242","36389543","chr8","38497549","38497849","9","2108307"
"chr8","36398011","36398287","chr8","38507671","38507948","14","2109660"
"chr8","36411482","36411784","chr8","38520751","38521053","3","2109269"
"chr8","36414399","36414708","chr8","38523976","38524285","3","2109577"
"chr8","36415466","36415769","chr9","17622895","17623191","43","18792571"
"chr8","36432473","36432669","chr8","38542471","38542667","0","2109998"
"chr8","36441062","36441358","chr16","58679852","58680150","35","22238790"
"chr8","36445342","36445651","chr8","38554992","38555301","1","2109650"
"chr8","36494771","36495068","chr8","38606284","38606578","7","2111513"
"chr8","36603126","36603413","chr8","38714889","38715175","5","2111763"
"chr8","36661458","36661755","chr8","38769998","38770292","10","2108540"
"chr8","36673439","36673758","chr8","38781799","38782123","7","2108360"
"chr8","36700382","36700416","chr7","114323883","114323919","6","77623501"
"chr8","36732302","36732592","chr1","26219569","26219860","44","10512733"
"chr8","36747315","36747638","chr8","38854411","38854723","12","2107096"
"chr8","36802102","36802402","chr8","38908809","38909111","10","2106707"
"chr8","36922621","36922924","chr8","39029809","39030114","8","2107188"
"chr8","36933612","36933924","chr8","39040373","39040685","7","2106761"
"chr8","36939017","36939318","chr1","110245651","110245954","35","73306634"
"chr8","36955284","36955500","chr9","66908151","66908366","27","29952867"
"chr8","37072355","37072646","chr8","39217159","39217450","4","2144804"
"chr8","37073847","37074138","chr8","39218651","39218942","4","2144804"
"chr8","37185439","37185743","chr8","39336663","39336966","9","2151224"
"chr8","37206284","37206517","chr8","39357471","39357703","5","2151187"
"chr8","37277247","37277531","chr8","54091794","54092080","49","16814547"
"chr8","37285419","37285718","chr10","5729998","5730296","38","31555421"
"chr8","37305414","37305719","chr8","39457960","39458256","16","2152546"
"chr8","37581146","37581419","chr8","39746382","39746694","45","2165236"
"chr8","37991327","37991639","chr8","40306729","40307065","30","2315402"
"chr8","38148501","38148776","chr8","40459825","40460118","30","2311324"
"chr8","38163706","38163998","chr8","40475301","40475590","14","2311595"
"chr8","38171271","38171557","chr8","40484155","40484436","14","2312884"
"chr8","38185390","38185674","chr8","40497527","40497815","13","2312137"
"chr8","38218762","38219049","chr12","37302756","37303057","43","916006"
"chr8","38312794","38313101","chr8","40627054","40627361","7","2314260"
"chr8","38341283","38341575","chr8","40655348","40655639","6","2314065"
"chr8","38406637","38406935","chr8","40720168","40720461","10","2313531"
"chr8","38440128","38440406","chr1","188142122","188142399","30","149701994"
"chr8","38567283","38567565","chr15","106898225","106898510","43","68330942"
"chr8","38625287","38625600","chr8","40936852","40937164","14","2311565"
"chr8","38677194","38677489","chr8","40989318","40989622","12","2312124"
"chr8","38730147","38730450","chr16","5570031","5570335","36","33160116"
"chr8","38746125","38746430","chr5","145496055","145496364","33","106749930"
"chr8","38911816","38912101","chr5","85832164","85832453","35","46920348"
"chr8","38970583","38970870","chr1","20525319","20525602","43","18445264"
"chr8","38971540","38971830","chr8","41275596","41275883","6","2304056"
"chr8","38984152","38984406","chr8","41288213","41288464","7","2304061"
"chr8","39060380","39060629","chr8","43958303","43958554","7","4897923"
"chr8","39135101","39135376","chr8","43883457","43883728","12","4748356"
"chr8","39289820","39290124","chr8","43725476","43725781","11","4435656"
"chr8","39319796","39320103","chr8","43704450","43704727","33","4384654"
"chr8","39350578","39350845","chr8","43674985","43675262","17","4324407"
"chr8","39351520","39351836","chr4","171487523","171487840","46","132136003"
"chr8","39487806","39488114","chr8","43537409","43537717","5","4049603"
"chr8","39500652","39500942","chr8","43525293","43525593","12","4024641"
"chr8","39546494","39546799","chr8","43479886","43480201","14","3933392"
"chr8","39687864","39688138","chr1","152456094","152456366","35","112768230"
"chr8","39755265","39755552","chr8","43276853","43277140","7","3521588"
"chr8","39797561","39797829","chr1","10174204","10174457","48","29623357"
"chr8","39821540","39821848","chr4","157336957","157337266","41","117515417"
"chr8","39834083","39834380","chr20","70721684","70721981","34","30887601"
"chr8","40071141","40071437","chr1","14055469","14055768","32","26015672"
"chr8","40174892","40175137","chr8","42802097","42802346","6","2627205"
"chr8","40236807","40237102","chr13","87173661","87173954","41","46936854"
"chr8","40245008","40245305","chr8","42731096","42731392","6","2486088"
"chr8","40299008","40299282","chr1","223305001","223305272","74","183005993"
"chr8","40308357","40308641","chr8","42667743","42668024","7","2359386"
"chr8","40326314","40326620","chr8","42650057","42650363","2","2323743"
"chr8","40334161","40334470","chr8","42643413","42643722","2","2309252"
"chr8","40340241","40340552","chr8","42637507","42637803","23","2297266"
"chr8","40348719","40349036","chr5","158161888","158162191","49","117813169"
"chr8","40433777","40434063","chr8","42543086","42543372","2","2109309"
"chr8","40498710","40499010","chr8","42478430","42478730","7","1979720"
"chr8","40521518","40521811","chr8","42454362","42454666","12","1932844"
"chr8","40611354","40611616","chr8","42369062","42369324","6","1757708"
"chr8","40633214","40633504","chr8","42347562","42347850","6","1714348"
"chr8","40682193","40682489","chr8","42295064","42295355","12","1612871"
"chr8","40695573","40695892","chr8","42282315","42282635","7","1586742"
"chr8","40716345","40716654","chr8","42261544","42261852","8","1545199"
"chr8","40743541","40743779","chr20","28904666","28904904","52","11838875"
"chr8","40746118","40746402","chr8","42231960","42232239","13","1485842"
"chr8","40756757","40757067","chr8","42221280","42221585","10","1464523"
"chr8","40799426","40799725","chr3","165574800","165575101","34","124775374"
"chr8","40810014","40810307","chr3","2907703","2908000","34","37902311"
"chr8","40814356","40814626","chr8","42162922","42163192","6","1348566"
"chr8","40820847","40821100","chr8","42156274","42156535","9","1335427"
"chr8","40840654","40840949","chr8","42136110","42136404","3","1295456"
"chr8","40843747","40844013","chr3","75224518","75224781","48","34380771"
"chr8","40930491","40930803","chr8","42036665","42036972","13","1106174"
"chr8","40935003","40935294","chr8","42032153","42032444","4","1097150"
"chr8","40936782","40937039","chr20","284750","285011","34","40652032"
"chr8","40958805","40959108","chr8","42008507","42008806","11","1049702"
"chr8","40971053","40971345","chr8","41995499","41995791","4","1024446"
"chr8","41069866","41070172","chr8","41902884","41903186","9","833018"
"chr8","41071779","41072050","chr8","41901008","41901278","7","829229"
"chr8","41081263","41081545","chr8","41891370","41891653","4","810107"
"chr8","41135541","41135832","chr11","34016163","34016458","37","7119378"
"chr8","41151627","41151927","chr8","41823001","41823300","10","671374"
"chr8","41167924","41168215","chr19","33669364","33669657","36","7498560"
"chr8","41179763","41180050","chr8","41794949","41795236","8","615186"
"chr8","41235217","41235511","chr7","119945335","119945628","40","78710118"
"chr8","41251330","41251639","chr8","41722669","41722984","14","471339"
"chr8","41257966","41258257","chr8","41716028","41716319","6","458062"
"chr8","41261232","41261523","chr13","45653985","45654267","46","4392753"
"chr8","41317980","41318291","chr5","121801090","121801398","40","80483110"
"chr8","41362943","41363250","chr8","41606638","41606944","6","243695"
"chr8","41380764","41381063","chr1","27579518","27579815","34","13801246"
"chr8","41407061","41407320","chr8","41561464","41561723","5","154403"
"chr8","41408859","41409146","chr8","41559949","41560239","9","151090"
"chr8","41410984","41411279","chr8","41557815","41558115","15","146831"
"chr8","41428223","41428416","chr16","943984","944180","28","40484239"
"chr8","41437476","41437764","chr8","41531612","41531905","19","94136"
"chr8","41441200","41441503","chr8","41517520","41517820","8","76320"
"chr8","41455511","41455818","chr8","41504553","41504836","28","49042"
"chr8","43238441","43238747","chr8","44258779","44259085","8","1020338"
"chr8","43270713","43271017","chr1","42771177","42771482","40","499536"
"chr8","43296590","43296878","chr8","44197714","44198002","7","901124"
"chr8","43327784","43328058","chr8","44167437","44167722","13","839653"
"chr8","43366775","43367072","chr8","44817685","44817978","9","1450910"
"chr8","43419497","43419784","chr3","166607162","166607458","43","123187665"
"chr8","43447530","43447828","chr8","44905839","44906138","5","1458309"
"chr8","43509088","43509401","chr8","44967235","44967548","11","1458147"
"chr8","43618880","43619164","chr8","45076179","45076436","34","1457299"
"chr8","43738914","43739230","chr8","99390396","99390718","51","55651482"
"chr8","43779584","43779881","chr8","45294399","45294699","7","1514815"
"chr8","43783247","43783527","chr8","45298054","45298335","7","1514807"
"chr8","43786588","43786887","chr8","45301410","45301709","8","1514822"
"chr8","43790992","43791290","chr8","45305809","45306095","16","1514817"
"chr8","43801204","43801511","chr8","45316007","45316315","18","1514803"
"chr8","43813369","43813660","chr8","45327517","45327808","4","1514148"
"chr8","43888510","43888804","chrX","1988125","1988424","43","41900385"
"chr8","43899112","43899391","chr8","45413607","45413884","5","1514495"
"chr8","43931930","43932219","chr8","45446643","45446935","9","1514713"
"chr8","43957603","43957905","chr8","45472018","45472318","4","1514415"
"chr8","43984009","43984287","chr7","27042398","27042682","46","16941611"
"chr8","44024779","44025066","chr8","45541140","45541429","11","1516361"
"chr8","44067600","44067894","chr8","45585342","45585637","7","1517742"
"chr8","44124207","44124490","chr8","45645892","45646175","4","1521685"
"chr8","44146293","44146586","chr3","151616582","151616877","35","107470289"
"chr8","44166143","44166422","chr8","45687667","45687951","10","1521524"
"chr8","44530570","44530872","chr8","46059401","46059708","7","1528831"
"chr8","44638210","44638507","chr8","46170880","46171176","3","1532670"
"chr8","45326103","45326381","chr16","73148116","73148396","43","27822013"
"chr8","45354189","45354487","chr8","46927237","46927544","10","1573048"
"chr8","45369535","45369824","chr8","46942311","46942600","7","1572776"
"chr8","45867540","45867848","chr3","170225271","170225577","40","124357731"
"chr8","46128848","46129117","chr8","47723909","47724182","7","1595061"
"chr8","46177381","46177689","chr8","47772667","47772975","5","1595286"
"chr8","46471700","46471997","chr8","51295554","51295854","19","4823854"
"chr8","46899100","46899389","chr8","50866406","50866695","4","3967306"
"chr8","47024459","47024722","chr8","50727513","50727776","4","3703054"
"chr8","47272416","47272720","chr8","50466184","50466465","34","3193768"
"chr8","47379448","47379730","chr8","50367163","50367446","5","2987715"
"chr8","47592391","47592685","chr8","50069932","50070226","7","2477541"
"chr8","47678153","47678462","chr5","121801090","121801398","38","74122937"
"chr8","47697233","47697527","chr1","31212498","31212798","40","16484735"
"chr8","47875662","47875958","chr8","49785759","49786053","10","1910097"
"chr8","47934137","47934442","chr17","51207158","51207466","47","3273021"
"chr8","48001682","48001976","chr8","49652966","49653260","8","1651284"
"chr8","48081204","48081489","chr8","49572972","49573256","7","1491768"
"chr8","48100023","48100171","chr16","70283817","70283965","15","22183794"
"chr8","48104134","48104435","chr8","49548686","49548990","11","1444552"
"chr8","48181670","48181917","chr8","49471572","49471819","2","1289902"
"chr8","48348475","48348769","chr8","49257077","49257365","13","908602"
"chr8","48399121","48399416","chr8","49205009","49205317","17","805888"
"chr8","48445083","48445388","chr8","49159845","49160148","8","714762"
"chr8","48498958","48499234","chr8","49106660","49106957","27","607702"
"chr8","48544045","48544315","chr8","49061661","49061930","6","517616"
"chr8","48646993","48647280","chr2","106222108","106222394","36","57575115"
"chr8","48673707","48674012","chr15","11532122","11532410","49","37141585"
"chr8","48719367","48719667","chr8","48878724","48879020","7","159357"
"chr8","48816762","48817048","chr8","48785630","48785917","4","31132"
"chr8","48824740","48825047","chr8","48777817","48778119","10","46923"
"chr8","48975266","48975559","chr8","48637381","48637675","9","337885"
"chr8","49187433","49187732","chr7","6595521","6595820","38","42591912"
"chr8","49340004","49340313","chr8","48229539","48229847","5","1110465"
"chr8","49633683","49633989","chr7","152675411","152675718","37","103041728"
"chr8","49834326","49834611","chr8","51664073","51664367","13","1829747"
"chr8","49859044","49859337","chr8","51688861","51689162","17","1829817"
"chr8","49885317","49885613","chr8","51715577","51715872","7","1830260"
"chr8","49904169","49904472","chr5","175515856","175516159","34","125611687"
"chr8","49919642","49919955","chr8","51750993","51751306","2","1831351"
"chr8","49978070","49978367","chr8","51811903","51812203","13","1833833"
"chr8","49990755","49991013","chr5","78898037","78898295","36","28907282"
"chr8","50019334","50019623","chr8","51852846","51853139","7","1833512"
"chr8","50087382","50087678","chr9","117961116","117961409","36","67873734"
"chr8","50147958","50148244","chr8","51988704","51988985","6","1840746"
"chr8","50180590","50180881","chr8","52022070","52022361","1","1841480"
"chr8","50190291","50190581","chr8","52031520","52031798","19","1841229"
"chr8","50194335","50194381","chr15","27767704","27767751","14","22426631"
"chr8","50194388","50194577","chr19","32370449","32370635","27","17823939"
"chr8","50228269","50228551","chr8","52066743","52067025","3","1838474"
"chr8","50293809","50294109","chr8","52133895","52134198","13","1840086"
"chr8","50312290","50312572","chr8","52157492","52157775","8","1845202"
"chr8","50384873","50385171","chr11","121445783","121446080","30","71060910"
"chr8","50484698","50484996","chr8","52328632","52328928","12","1843934"
"chr8","50503205","50503512","chr8","52346566","52346873","5","1843361"
"chr8","50591243","50591499","chr10","80417931","80418186","41","29826688"
"chr8","50596479","50596744","chr16","70562859","70563130","45","19966380"
"chr8","50793689","50793994","chr8","52639628","52639933","6","1845939"
"chr8","50831100","50831396","chrX","1302005","1302302","34","49529095"
"chr8","50858027","50858328","chr8","52756471","52756772","11","1898444"
"chr8","50861995","50862284","chr18","9623855","9624144","37","41238140"
"chr8","51046020","51046320","chr8","52945554","52945847","10","1899534"
"chr8","51267876","51268160","chr8","53169765","53170048","9","1901889"
"chr8","51357525","51357830","chr8","53265012","53265317","3","1907487"
"chr8","51457921","51458207","chr7","984212","984503","32","50473709"
"chr8","51487868","51488153","chr8","53397626","53397914","6","1909758"
"chr8","51784490","51784796","chr8","53705316","53705625","10","1920826"
"chr8","51858598","51858898","chr8","53779358","53779658","4","1920760"
"chr8","51874772","51875074","chr8","21971834","21972135","35","29902938"
"chr8","51890615","51890855","chr8","53811378","53811618","1","1920763"
"chr8","51926926","51927233","chr8","53848141","53848449","6","1921215"
"chr8","51981619","51981887","chr10","24624044","24624304","46","27357575"
"chr8","52060885","52061214","chr8","53981245","53981544","59","1920360"
"chr8","52069917","52070200","chr8","53991248","53991532","6","1921331"
"chr8","52073127","52073421","chr8","53994460","53994755","7","1921333"
"chr8","52099872","52100162","chr8","54025476","54025770","8","1925604"
"chr8","52129928","52130204","chr8","54055753","54056029","1","1925825"
"chr8","52130641","52130952","chr8","54056455","54056767","12","1925814"
"chr8","52135640","52135897","chr1","41585230","41585484","45","10550410"
"chr8","52160930","52161222","chr8","54085454","54085747","6","1924524"
"chr8","52167547","52167826","chr8","54091794","54092080","15","1924247"
"chr8","52251732","52251994","chr8","54177007","54177265","13","1925275"
"chr8","52266420","52266718","chr4","123382191","123382485","30","71115771"
"chr8","52283842","52284131","chr20","14821308","14821602","36","37462534"
"chr8","52323905","52324208","chr8","54254184","54254481","15","1930279"
"chr8","52331520","52331815","chr8","54261809","54262104","11","1930289"
"chr8","52542976","52543270","chr5","78137767","78138061","38","25594791"
"chr8","52561710","52562012","chr16","48588291","48588602","43","3973419"
"chr8","52607721","52607986","chr8","54548630","54548896","8","1940909"
"chr8","52741864","52742151","chr8","54690042","54690332","7","1948178"
"chr8","52803082","52803389","chr8","54750230","54750538","14","1947148"
"chr8","52921262","52921558","chr8","54867518","54867819","17","1946256"
"chr8","53006208","53006488","chr8","54951664","54951948","7","1945456"
"chr8","53060339","53060643","chr8","55004027","55004329","3","1943688"
"chr8","53114222","53114478","chr8","55060594","55060854","18","1946372"
"chr8","53167728","53168013","chr8","55111186","55111477","12","1943458"
"chr8","53195607","53195836","chr8","72432829","72433057","29","19237222"
"chr8","53357581","53357890","chr3","104925720","104926029","36","51568139"
"chr8","53380101","53380410","chr8","55320725","55321034","8","1940624"
"chr8","53606446","53606738","chr20","68636550","68636843","37","15030104"
"chr8","53846223","53846544","chr11","6657895","6658219","36","47188328"
"chr8","53936215","53936518","chr15","4437472","4437772","37","49498743"
"chr8","53954352","53954521","chr2","50972531","50972699","25","2981821"
"chr8","54194814","54195120","chr3","156323805","156324104","41","102128991"
"chr8","54533435","54533729","chr8","56516933","56517235","17","1983498"
"chr8","54539548","54539845","chr8","56523030","56523333","27","1983482"
"chr8","54570046","54570341","chr8","56554197","56554493","12","1984151"
"chr8","54692996","54693272","chr10","82544162","82544460","45","27851166"
"chr8","54757994","54758282","chr8","56735564","56735855","5","1977570"
"chr8","54761205","54761510","chr8","56738482","56738789","13","1977277"
"chr8","54924577","54924855","chr8","56904952","56905235","13","1980375"
"chr8","55036533","55036831","chr8","57017927","57018225","3","1981394"
"chr8","55106553","55106860","chr8","57086345","57086651","17","1979792"
"chr8","55373280","55373562","chr8","57408747","57409021","16","2035467"
"chr8","55574999","55575308","chr8","57626753","57627048","19","2051754"
"chr8","55605672","55605999","chr4","150294350","150294649","62","94688678"
"chr8","55689351","55689635","chr7","150329414","150329699","48","94640063"
"chr8","55760720","55761019","chr8","57814138","57814435","3","2053418"
"chr8","55810725","55811007","chr8","57862948","57863230","1","2052223"
"chr8","56178958","56179244","chr8","58230875","58231161","8","2051917"
"chr8","56189289","56189588","chr8","58240092","58240399","17","2050803"
"chr8","56272731","56272885","chr10","56995889","56996047","24","723158"
"chr8","56345267","56345548","chr8","58393804","58394085","11","2048537"
"chr8","56351984","56352277","chr8","58400646","58400940","8","2048662"
"chr8","56430086","56430388","chr8","58481548","58481846","11","2051462"
"chr8","56552058","56552361","chr8","58603805","58604107","5","2051747"
"chr8","56682460","56682756","chr8","58735096","58735392","6","2052636"
"chr8","56719462","56719773","chr8","58771811","58772115","10","2052349"
"chr8","57361625","57361962","chr4","27947079","27947405","65","29414546"
"chr8","57370982","57371231","chr8","59424733","59424993","16","2053751"
"chr8","57384983","57385285","chr8","59438738","59439036","11","2053755"
"chr8","57438690","57438998","chr8","59493374","59493683","10","2054684"
"chr8","57982885","57983191","chr8","60044179","60044486","11","2061294"
"chr8","58730577","58730879","chr16","72733551","72733852","37","14002974"
"chr8","59123229","59123497","chr8","61175648","61175916","3","2052419"
"chr8","59128794","59129104","chr8","61181197","61181503","6","2052403"
"chr8","59170674","59170967","chr1","54194492","54194783","45","4976182"
"chr8","59409406","59409715","chr9","39043024","39043328","39","20366382"
"chr8","60295107","60295413","chr8","62387038","62387374","32","2091931"
"chr8","60298288","60298587","chr8","62390211","62390510","8","2091923"
"chr8","60470409","60470718","chr8","62623164","62623446","35","2152755"
"chr8","60511729","60512023","chr8","62669281","62669560","35","2157552"
"chr8","60764913","60765218","chr8","62923946","62924246","7","2159033"
"chr8","60801577","60801849","chr8","62961079","62961351","6","2159502"
"chr8","60842011","60842317","chr8","62999117","62999423","12","2157106"
"chr8","60952780","60953083","chr8","63111121","63111424","4","2158341"
"chr8","61020717","61021013","chr8","63192426","63192735","15","2171709"
"chr8","61322232","61322536","chr1","33986106","33986414","38","27336126"
"chr8","61461012","61461303","chrX","135456954","135457247","38","73995942"
"chr8","61466756","61467060","chr8","63641715","63642019","5","2174959"
"chr8","61490435","61490610","chr2","43070722","43070896","32","18419713"
"chr8","61501341","61501641","chr8","63674597","63674898","3","2173256"
"chr8","61542808","61543115","chr16","61253797","61254104","33","289011"
"chr8","61548643","61548939","chr8","63724629","63724930","13","2175986"
"chr8","61602023","61602302","chr8","63788052","63788332","2","2186029"
"chr8","61608285","61608575","chr8","63794317","63794618","23","2186032"
"chr8","61614773","61614992","chr17","31682220","31682442","38","29932553"
"chr8","61626860","61627166","chr2","90256654","90256960","38","28629794"
"chr8","61652789","61653076","chr8","63837509","63837796","4","2184720"
"chr8","61696923","61697192","chr1","219669666","219669935","43","157972743"
"chr8","61700348","61700645","chr8","63887126","63887422","9","2186778"
"chr8","61820536","61820863","chr7","17581509","17581831","45","44239027"
"chr8","62093476","62093783","chr8","64285749","64286057","7","2192273"
"chr8","62384852","62385116","chr1","140029081","140029349","49","77644229"
"chr8","62509171","62509475","chr8","64703290","64703599","5","2194119"
"chr8","62574404","62574705","chr8","64769286","64769586","5","2194882"
"chr8","62586981","62587281","chr8","64781617","64781918","5","2194636"
"chr8","62608943","62609248","chr8","64803262","64803568","7","2194319"
"chr8","62609396","62609687","chr11","109860021","109860313","36","47250625"
"chr8","62734477","62734781","chr8","64929569","64929879","11","2195092"
"chr8","62760089","62760382","chr8","64956438","64956730","6","2196349"
"chr8","62764163","62764478","chr8","64960502","64960797","27","2196339"
"chr8","62773322","62773612","chr8","64971470","64971760","2","2198148"
"chr8","62830910","62831216","chr8","65027964","65028270","2","2197054"
"chr8","62866959","62867244","chr8","65064340","65064626","6","2197381"
"chr8","62885515","62885796","chr8","65082665","65082945","6","2197150"
"chr8","62959544","62959776","chr8","65152835","65153107","43","2193291"
"chr8","62963350","62963646","chr8","65156643","65156938","6","2193293"
"chr8","62967037","62967318","chr8","65160133","65160415","5","2193096"
"chr8","62978965","62979274","chr8","65172152","65172458","7","2193187"
"chr8","63003715","63003993","chr8","65196707","65196985","3","2192992"
"chr8","63023698","63023992","chr9","70785713","70786007","36","7762015"
"chr8","63042936","63043243","chr2","87327480","87327783","33","24284544"
"chr8","63044930","63045209","chr8","65238408","65238710","30","2193478"
"chr8","63093274","63093581","chrX","3672786","3673095","36","59420488"
"chr8","63122794","63123100","chr8","65315713","65316019","3","2192919"
"chr8","63156969","63157256","chr10","89703537","89703831","37","26546568"
"chr8","63227776","63228068","chr9","41254391","41254684","41","21973385"
"chr8","63232112","63232419","chr8","65424580","65424887","3","2192468"
"chr8","63276482","63276776","chr15","16982234","16982522","48","46294248"
"chr8","63300806","63301095","chr8","65494367","65494654","6","2193561"
"chr8","63310803","63311112","chr8","65503753","65504061","7","2192950"
"chr8","63321863","63322127","chr8","65515380","65515647","10","2193517"
"chr8","63444821","63445121","chr8","65636744","65637029","18","2191923"
"chr8","63563435","63563679","chr8","65793250","65793449","47","2229815"
"chr8","63579931","63580219","chr8","65809788","65810079","8","2229857"
"chr8","63644002","63644297","chr8","65871890","65872191","9","2227888"
"chr8","63794653","63794956","chr8","66021363","66021668","9","2226710"
"chr8","64103295","64103598","chr8","66337616","66337923","6","2234321"
"chr8","64258510","64258817","chr8","66495534","66495856","23","2237024"
"chr8","64280873","64281165","chr8","66518083","66518371","10","2237210"
"chr8","64318180","64318487","chr8","66555602","66555908","5","2237422"
"chr8","64369896","64370194","chr18","44305309","44305605","43","20064587"
"chr8","64496187","64496462","chr8","66791302","66791580","4","2295115"
"chr8","64780401","64780680","chr8","67077575","67077860","11","2297174"
"chr8","65132777","65133027","chr8","67429068","67429307","37","2296291"
"chr8","65152407","65152710","chr1","122339227","122339505","33","57186820"
"chr8","65336428","65336734","chr8","67599647","67599954","7","2263219"
"chr8","65401566","65401857","chr8","67664892","67665187","10","2263326"
"chr8","65446063","65446358","chr8","67710942","67711233","7","2264879"
"chr8","65655795","65656067","chr8","67919041","67919313","5","2263246"
"chr8","65689483","65689791","chr7","77098183","77098491","35","11408700"
"chr8","65773736","65774032","chr8","68035756","68036038","17","2262020"
"chr8","65790863","65791156","chr8","68052689","68052982","4","2261826"
"chr8","65798909","65799206","chr8","68068314","68068620","16","2269405"
"chr8","65818352","65818499","chr11","98461254","98461401","18","32642902"
"chr8","65822999","65823301","chr8","68091008","68091310","7","2268009"
"chr8","65828521","65828811","chr8","68096133","68096425","4","2267612"
"chr8","65839946","65840249","chr8","68106398","68106699","7","2266452"
"chr8","65844933","65845236","chr19","33669364","33669657","34","32175569"
"chr8","65846981","65847257","chr14","33965254","33965529","44","31881727"
"chr8","65891908","65892151","chr13","75340429","75340677","26","9448521"
"chr8","65914971","65915270","chr8","68184574","68184873","7","2269603"
"chr8","65921262","65921564","chr8","68190994","68191299","8","2269732"
"chr8","65973698","65974006","chr8","68252443","68252745","17","2278745"
"chr8","66043806","66044095","chr8","68325648","68325938","7","2281842"
"chr8","66097790","66098062","chr9","87797994","87798264","36","21700204"
"chr8","66109198","66109501","chr8","68391461","68391765","6","2282263"
"chr8","66123285","66123574","chr8","68405516","68405824","23","2282231"
"chr8","66163604","66163921","chr14","63518444","63518750","53","2645160"
"chr8","66426857","66427147","chr8","68762220","68762495","20","2335363"
"chr8","66445401","66445688","chr6","131966421","131966716","40","65521020"
"chr8","66502172","66502488","chr8","68837489","68837804","6","2335317"
"chr8","66534561","66534860","chr8","68872953","68873252","8","2338392"
"chr8","66700365","66700675","chr8","69044593","69044889","21","2344228"
"chr8","66894449","66894727","chr9","59997491","59997770","40","6896958"
"chr8","66968783","66969083","chr8","69359644","69359943","3","2390861"
"chr8","67101776","67102023","chr8","69492666","69492912","4","2390890"
"chr8","67436780","67437088","chr8","69825400","69825678","31","2388620"
"chr8","67477603","67477910","chr1","12281473","12281782","39","55196130"
"chr8","67549223","67549530","chr10","62331135","62331441","39","5218088"
"chr8","67674587","67674897","chr8","70106844","70107121","39","2432257"
"chr8","67936092","67936398","chr8","70382516","70382830","17","2446424"
"chr8","68074980","68075305","chrX","62945894","62946213","54","5129086"
"chr8","68299391","68299691","chr7","164255657","164255956","34","95956266"
"chr8","68457818","68458118","chr8","70910148","70910448","7","2452330"
"chr8","68588125","68588426","chr8","71044809","71045110","5","2456684"
"chr8","68763898","68764212","chr8","71220682","71220999","13","2456784"
"chr8","68828249","68828542","chr8","71285559","71285850","9","2457310"
"chr8","69027300","69027604","chr8","71488569","71488873","3","2461269"
"chr8","69087956","69088248","chr8","71531212","71531515","18","2443256"
"chr8","69325341","69325634","chr8","71768587","71768880","10","2443246"
"chr8","69404505","69404781","chr9","9598829","9599108","42","59805676"
"chr8","69415972","69416271","chr8","71860589","71860888","10","2444617"
"chr8","69464496","69464810","chr4","157336957","157337266","40","87872461"
"chr8","69465792","69466064","chr8","71910730","71911001","8","2444938"
"chr8","69495392","69495685","chr8","71940448","71940740","7","2445056"
"chr8","69499660","69499960","chr8","71944338","71944637","8","2444678"
"chr8","69543044","69543348","chr8","71987740","71988034","15","2444696"
"chr8","69551968","69552264","chr8","71996408","71996702","10","2444440"
"chr8","69565549","69565859","chr4","43297155","43297457","45","26268394"
"chr8","69568482","69568777","chr8","72014042","72014337","9","2445560"
"chr8","69576264","69576546","chr8","72022075","72022357","7","2445811"
"chr8","69594589","69594854","chr8","72040233","72040498","4","2445644"
"chr8","69619159","69619440","chr1","219669666","219669935","40","150050507"
"chr8","69630032","69630324","chr8","72075707","72075999","6","2445675"
"chr8","69653150","69653283","chr8","72098881","72099014","1","2445731"
"chr8","69663598","69663705","chr3","175596837","175596940","16","105933239"
"chr8","69717081","69717380","chr19","34702955","34703249","47","35014126"
"chr8","69726196","69726504","chr15","29507004","29507308","36","40219192"
"chr8","69744307","69744606","chr2","138093864","138094162","27","68349557"
"chr8","69785714","69786009","chr1","159978020","159978317","41","90192306"
"chr8","69809152","69809458","chr8","72257969","72258272","4","2448817"
"chr8","69830273","69830570","chr18","67288356","67288650","37","2541917"
"chr8","69848642","69848935","chr8","72295966","72296272","19","2447324"
"chr8","69933666","69933958","chr5","56701456","56701750","36","13232210"
"chr8","69976694","69976989","chr1","115655199","115655492","40","45678505"
"chr8","69982194","69982422","chr8","72432829","72433057","2","2450635"
"chr8","70020907","70021184","chr8","72471865","72472146","7","2450958"
"chr8","70078148","70078440","chr8","72529041","72529341","13","2450893"
"chr8","70137034","70137320","chr8","72588112","72588397","3","2451078"
"chr8","70278312","70278605","chr8","72727140","72727437","14","2448828"
"chr8","70373243","70373558","chr8","72821523","72821836","7","2448280"
"chr8","70437245","70437554","chr8","72886599","72886909","5","2449354"
"chr8","70498552","70498851","chr8","72938412","72938718","9","2439860"
"chr8","70667351","70667623","chr8","73103635","73103906","11","2436284"
"chr8","70878980","70879282","chr5","23556837","23557138","38","47322143"
"chr8","70893097","70893403","chr4","43960035","43960343","42","26933062"
"chr8","71194584","71194867","chr8","73632914","73633196","14","2438330"
"chr8","71249160","71249450","chr8","73695126","73695416","8","2445966"
"chr8","71277749","71278052","chr8","73724733","73725032","24","2446984"
"chr8","71370320","71370579","chr8","73817768","73818022","9","2447448"
"chr8","71480967","71481267","chr8","73935162","73935461","8","2454195"
"chr8","71759121","71759406","chr8","74231564","74231849","5","2472443"
"chr8","71843517","71843813","chr8","74315931","74316208","24","2472414"
"chr8","71940474","71940783","chr8","74419282","74419590","12","2478808"
"chr8","72291770","72292055","chr8","74775640","74775925","4","2483870"
"chr8","72405563","72405817","chr8","74888917","74889168","10","2483354"
"chr8","72464898","72465200","chr8","74947075","74947384","12","2482177"
"chr8","72581213","72581491","chr8","75063318","75063596","2","2482105"
"chr8","72797413","72797715","chr8","75274615","75274912","10","2477202"
"chr8","72816490","72816728","chr8","75295207","75295445","4","2478717"
"chr8","72918824","72919135","chr8","75397197","75397475","36","2478373"
"chr8","72954089","72954358","chr8","75431891","75432158","9","2477802"
"chr8","73095751","73096059","chr8","75582803","75583111","3","2487052"
"chr8","73131698","73131996","chr8","75618808","75619108","5","2487110"
"chr8","73868519","73868824","chr5","128044969","128045270","21","54176450"
"chr8","73913261","73913566","chr8","76458602","76458907","7","2545341"
"chr8","74027039","74027171","chr2","93620313","93620445","16","19593274"
"chr8","74027649","74027939","chr8","76564328","76564619","6","2536679"
"chr8","74327926","74328228","chr8","76865408","76865710","12","2537482"
"chr8","74947060","74947349","chr8","77478886","77479172","9","2531826"
"chr8","75230156","75230489","chr2","84509227","84509557","41","9279071"
"chr8","75295685","75296005","chr8","77824404","77824709","28","2528719"
"chr8","75360295","75360603","chr8","77888786","77889094","5","2528491"
"chr8","75497694","75498001","chr8","78021817","78022106","20","2524123"
"chr8","75526048","75526338","chr8","78052254","78052544","5","2526206"
"chr8","75576608","75576909","chr11","34016163","34016458","37","41560445"
"chr8","75599645","75599960","chr8","78120977","78121273","24","2521332"
"chr8","75853473","75853767","chr8","78389264","78389563","14","2535791"
"chr8","75899087","75899396","chr8","78435905","78436215","6","2536818"
"chr8","75928001","75928290","chr8","78463678","78463969","15","2535677"
"chr8","75934066","75934376","chr8","78469748","78470056","5","2535682"
"chr8","75954676","75954969","chr8","78491898","78492201","20","2537222"
"chr8","76031418","76031716","chr8","78570678","78570975","14","2539260"
"chr8","76044084","76044384","chr1","209381318","209381619","35","133337234"
"chr8","76107836","76108145","chr8","78645944","78646254","3","2538108"
"chr8","76149561","76149863","chr8","78689284","78689587","9","2539723"
"chr8","76189681","76189978","chr8","78730674","78730966","9","2540993"
"chr8","76192809","76193103","chr6","18162369","18162665","33","58030440"
"chr8","76280827","76281125","chr5","42423911","42424206","32","33856916"
"chr8","76299051","76299343","chr8","78842995","78843289","8","2543944"
"chr8","76481650","76481943","chr8","79019090","79019398","16","2537440"
"chr8","76558538","76558843","chr8","79099104","79099404","7","2540566"
"chr8","76816908","76817203","chr8","79353729","79354028","9","2536821"
"chr8","76887745","76887900","chr8","79424922","79425077","3","2537177"
"chr8","76888020","76888166","chr20","11660080","11660229","28","65227940"
"chr8","76993882","76994192","chr8","79527765","79528074","7","2533883"
"chr8","77032104","77032384","chr8","79565479","79565758","3","2533375"
"chr8","77152655","77152949","chr17","62271943","62272241","18","14880712"
"chr8","77300957","77301255","chr8","79836011","79836309","7","2535054"
"chr8","77320300","77320489","chr19","32370449","32370635","20","44949851"
"chr8","77341059","77341331","chr8","79875063","79875333","12","2534004"
"chr8","77452067","77452364","chr8","79981132","79981434","19","2529065"
"chr8","77675779","77676048","chr4","133037041","133037310","55","55361262"
"chr8","77758518","77758819","chr8","80288786","80289085","13","2530268"
"chr8","77809756","77810034","chr8","80337431","80337709","18","2527675"
"chr8","78097690","78097996","chr8","80616521","80616827","3","2518831"
"chr8","78169185","78169482","chr8","80687558","80687865","29","2518373"
"chr8","78189370","78189621","chr8","80707544","80707816","28","2518174"
"chr8","78321337","78321626","chr8","80843640","80843928","6","2522303"
"chr8","78331846","78332129","chr8","80854030","80854313","9","2522184"
"chr8","78356659","78356963","chr8","80878524","80878842","23","2521865"
"chr8","78637863","78638144","chr8","81182006","81182287","7","2544143"
"chr8","78764539","78764830","chr8","81307906","81308217","27","2543367"
"chr8","78770240","78770488","chr8","81313297","81313545","8","2543057"
"chr8","78964079","78964343","chr8","81513142","81513406","4","2549063"
"chr8","79059444","79059719","chr2","29783640","29783915","53","49275804"
"chr8","79280458","79280733","chr8","81875976","81876283","35","2595518"
"chr8","79497874","79498183","chr8","82093272","82093583","6","2595398"
"chr8","79701923","79702220","chr8","82273348","82273648","10","2571425"
"chr8","79882997","79883300","chr8","82514085","82514387","5","2631088"
"chr8","79898882","79899184","chrX","28178417","28178715","38","51720465"
"chr8","79957191","79957498","chr8","82591647","82591943","20","2634456"
"chr8","79987416","79987712","chr8","82622881","82623177","4","2635465"
"chr8","79989826","79990139","chr8","82625308","82625603","23","2635482"
"chr8","80016289","80016595","chr8","82651692","82652001","13","2635403"
"chr8","80078414","80078721","chr8","82714828","82715131","14","2636414"
"chr8","80186023","80186323","chr6","43872673","43872974","44","36313350"
"chr8","80318823","80319098","chr8","82968460","82968735","4","2649637"
"chr8","80435660","80435947","chr4","12563524","12563813","37","67872136"
"chr8","80477314","80477577","chr8","83120335","83120594","9","2643021"
"chr8","80595008","80595305","chr8","83237000","83237301","18","2641992"
"chr8","80905243","80905528","chr8","83543262","83543547","8","2638019"
"chr8","80959089","80959392","chr8","83597730","83598027","13","2638641"
"chr8","80982009","80982278","chr8","83620612","83620883","3","2638603"
"chr8","81005008","81005232","chr16","39043571","39043789","37","41961437"
"chr8","81095899","81096185","chr8","83733822","83734108","9","2637923"
"chr8","81285376","81285664","chr4","31898756","31899058","49","49386620"
"chr8","81441901","81442210","chr8","84058529","84058838","3","2616628"
"chr8","81561141","81561389","chr8","84178073","84178302","21","2616932"
"chr8","81806298","81806610","chr8","99695315","99695626","43","17889017"
"chr8","82004230","82004538","chr9","38884848","38885156","38","43119382"
"chr8","82056497","82056793","chr8","84719811","84720107","9","2663314"
"chr8","82058546","82058828","chr8","84721862","84722135","19","2663316"
"chr8","82084023","82084324","chr8","84747446","84747743","11","2663423"
"chr8","82092350","82092672","chr8","84755801","84756098","32","2663451"
"chr8","82098052","82098341","chr8","84760352","84760640","12","2662300"
"chr8","82463485","82463789","chr8","85173514","85173808","18","2710029"
"chr8","82583115","82583426","chr8","85346442","85346728","32","2763327"
"chr8","82676176","82676465","chr8","85441880","85442165","6","2765704"
"chr8","82954225","82954525","chr8","85724751","85725048","12","2770526"
"chr8","82981594","82981893","chr8","85752949","85753254","17","2771355"
"chr8","83033534","83033832","chr8","85808037","85808335","2","2774503"
"chr8","83115533","83115822","chr13","32290868","32291157","50","50824665"
"chr8","83370513","83370826","chr8","86148866","86149169","17","2778353"
"chr8","83817363","83817669","chr8","86727061","86727368","8","2909698"
"chr8","84057319","84057625","chr8","86970625","86970930","9","2913306"
"chr8","84163283","84163575","chrX","117758413","117758706","38","33595130"
"chr8","84340631","84340928","chr8","87250185","87250489","18","2909554"
"chr8","84477116","84477397","chr8","87400195","87400476","5","2923079"
"chr8","84624375","84624696","chr8","87545952","87546267","16","2921577"
"chr8","84836303","84836574","chr8","54000145","54000427","46","30836158"
"chr8","85451659","85451915","chr8","88437890","88438145","6","2986231"
"chr8","85773418","85773728","chr10","32958926","32959227","55","52814492"
"chr8","85952349","85952648","chr8","89023713","89024012","5","3071364"
"chr8","86173590","86173891","chr8","89241994","89242295","5","3068404"
"chr8","86237348","86237653","chr8","89304879","89305189","12","3067531"
"chr8","86464579","86464861","chr8","89537679","89537970","14","3073100"
"chr8","86473660","86473963","chr8","89546846","89547137","15","3073186"
"chr8","86550214","86550517","chr8","89623157","89623462","8","3072943"
"chr8","86664215","86664515","chr8","89727349","89727648","9","3063134"
"chr8","86975560","86975854","chr8","90032240","90032536","5","3056680"
"chr8","86983817","86984081","chr10","38982854","38983119","37","48000963"
"chr8","87028659","87028955","chr8","90085350","90085644","10","3056691"
"chr8","87284149","87284457","chr8","90344420","90344728","9","3060271"
"chr8","87342556","87342858","chr8","90411424","90411713","24","3068868"
"chr8","87528030","87528335","chr8","90596733","90597041","8","3068703"
"chr8","87653914","87654226","chr8","90720517","90720854","31","3066603"
"chr8","87654685","87654982","chr16","42689947","42690240","37","44964738"
"chr8","87661599","87661904","chr8","90728583","90728891","12","3066984"
"chr8","87684064","87684309","chr1","57553443","57553685","39","30130621"
"chr8","87707603","87707878","chr3","64821626","64821903","44","22885977"
"chr8","88144619","88144906","chr8","91214610","91214898","3","3069991"
"chr8","88503485","88503789","chr8","91582304","91582606","6","3078819"
"chr8","88604152","88604431","chr8","76413611","76413891","30","12190541"
"chr8","88749216","88749534","chr8","91827771","91828079","12","3078555"
"chr8","88829113","88829422","chr8","91907358","91907667","7","3078245"
"chr8","88920508","88920795","chr8","91997812","91998100","5","3077304"
"chr8","89072852","89073160","chr8","92150951","92151245","20","3078099"
"chr8","89162286","89162589","chr8","92238188","92238497","17","3075902"
"chr8","89177068","89177346","chr3","3185699","3185976","34","85991369"
"chr8","89214819","89215109","chr6","131966421","131966716","46","42751602"
"chr8","89255280","89255588","chr8","92327347","92327654","4","3072067"
"chr8","89348556","89348833","chr8","92420982","92421259","10","3072426"
"chr8","89477828","89478128","chr8","92555464","92555757","11","3077636"
"chr8","89479289","89479583","chr8","92556924","92557214","8","3077635"
"chr8","89800671","89800972","chr8","92886681","92886979","7","3086010"
"chr8","90003975","90004278","chr8","93088239","93088542","5","3084264"
"chr8","90020825","90021125","chr8","93104720","93105021","6","3083895"
"chr8","90044066","90044330","chr1","39287135","39287418","41","50756931"
"chr8","90074735","90075028","chr8","93165613","93165909","8","3090878"
"chr8","90138156","90138463","chr4","31898756","31899058","39","58239400"
"chr8","90156338","90156623","chr8","93244863","93245148","0","3088525"
"chr8","90161956","90162255","chr11","64483075","64483375","38","25678881"
"chr8","90180695","90180960","chr11","104123517","104123785","39","13942822"
"chr8","90208901","90209195","chr8","93296065","93296359","4","3087164"
"chr8","90213080","90213371","chr8","93300273","93300565","5","3087193"
"chr8","90262988","90263291","chr8","93350439","93350742","3","3087451"
"chr8","90277145","90277446","chr8","93360871","93361170","30","3083726"
"chr8","90277827","90278133","chr8","93364458","93364764","10","3086631"
"chr8","90287453","90287750","chr8","93373741","93374030","9","3086288"
"chr8","90292567","90292835","chr9","87797994","87798264","32","2494573"
"chr8","90316287","90316581","chr8","93402014","93402307","4","3085727"
"chr8","90361489","90361673","chr8","93448384","93448568","3","3086895"
"chr8","90369332","90369620","chr4","30749508","30749793","39","59619824"
"chr8","90379405","90379696","chr8","93467371","93467663","16","3087966"
"chr8","90427966","90428266","chr8","93520142","93520444","8","3092176"
"chr8","90543900","90544211","chr8","93637197","93637508","5","3093297"
"chr8","91032805","91033104","chr8","94131308","94131601","12","3098503"
"chr8","91177498","91177791","chr8","94275397","94275690","5","3097899"
"chr8","91190161","91190458","chr8","94287746","94288047","9","3097585"
"chr8","91206909","91207204","chr8","94304493","94304788","5","3097584"
"chr8","91543115","91543424","chr8","94710132","94710469","34","3167017"
"chr8","91657756","91658057","chr8","94823851","94824148","11","3166095"
"chr8","91739752","91740097","chr8","94948057","94948386","22","3208305"
"chr8","91746530","91746791","chr8","94954845","94955106","3","3208315"
"chr8","91749812","91750102","chr8","94958092","94958382","2","3208280"
"chr8","91790452","91790753","chr8","94998811","94999109","9","3208359"
"chr8","91841647","91841945","chr8","95050531","95050829","6","3208884"
"chr8","91884972","91885251","chr5","6769722","6770002","32","85115250"
"chr8","91910021","91910283","chr8","95118680","95118939","7","3208659"
"chr8","91978400","91978698","chr8","95188762","95189063","11","3210362"
"chr8","91981602","91981909","chr8","95191690","95191995","7","3210088"
"chr8","92046212","92046512","chr10","5729998","5730296","37","86316214"
"chr8","92067677","92067986","chr8","95274764","95275073","7","3207087"
"chr8","92107484","92107781","chr8","95316058","95316367","16","3208574"
"chr8","92137206","92137517","chr8","95345845","95346157","5","3208639"
"chr8","92139542","92139847","chr8","95348217","95348490","40","3208675"
"chr8","92191001","92191295","chr8","95400948","95401245","9","3209947"
"chr8","92452931","92453207","chr8","95775230","95775463","47","3322299"
"chr8","92529450","92529693","chr1","36634341","36634587","34","55895109"
"chr8","92865827","92866020","chr15","634438","634632","29","92231389"
"chr8","92893061","92893347","chr8","96205830","96206104","14","3312769"
"chr8","92972674","92972939","chr8","96283761","96284026","3","3311087"
"chr8","92986343","92986612","chr8","96297659","96297926","9","3311316"
"chr8","92995956","92996220","chr8","96307328","96307590","14","3311372"
"chr8","93005913","93006216","chr8","96316989","96317296","10","3311076"
"chr8","93006226","93006533","chr8","96317306","96317613","10","3311080"
"chr8","93016677","93016959","chr2","56925937","56926208","51","36090740"
"chr8","93022263","93022569","chr2","180553828","180554132","46","87531565"
"chr8","93064884","93065177","chr8","96377684","96377981","7","3312800"
"chr8","93078018","93078306","chr8","96390329","96390617","4","3312311"
"chr8","93100478","93100788","chr8","96409509","96409816","14","3309031"
"chr8","93146106","93146421","chrX","96078491","96078803","41","2932385"
"chr8","93188936","93189226","chr8","96501445","96501735","5","3312509"
"chr8","93190334","93190622","chr8","96502845","96503139","8","3312511"
"chr8","93205316","93205615","chr8","96521404","96521703","4","3316088"
"chr8","93296067","93296369","chr8","96609111","96609410","5","3313044"
"chr8","93382801","93383032","chr14","123332070","123332299","69","29949269"
"chr8","93412143","93412439","chr8","96727297","96727594","5","3315154"
"chr8","93555979","93556273","chr8","96873530","96873825","7","3317551"
"chr8","93569926","93570226","chr8","96888240","96888540","5","3318314"
"chr8","93619995","93620285","chr8","96936740","96937030","6","3316745"
"chr8","93783013","93783304","chr8","97099861","97100152","2","3316848"
"chr8","93950055","93950347","chr8","97266656","97266944","7","3316601"
"chr8","93995129","93995422","chr8","97311745","97312038","1","3316616"
"chr8","94054986","94055270","chr4","109362984","109363272","32","15307998"
"chr8","94060471","94060750","chr10","57746983","57747264","48","36313488"
"chr8","94085986","94086282","chr8","97431237","97431533","5","3345251"
"chr8","94389131","94389432","chr8","97759815","97760113","10","3370684"
"chr8","94404291","94404581","chr8","97774991","97775281","6","3370700"
"chr8","94417407","94417541","chr2","139237704","139237838","17","44820297"
"chr8","94489761","94490069","chr8","97857045","97857353","1","3367284"
"chr8","94548636","94548909","chr8","97917152","97917439","20","3368516"
"chr8","94692754","94693024","chr15","61792407","61792686","44","32900347"
"chr8","94728713","94729023","chr1","51690744","51691053","50","43037969"
"chr8","95170175","95170477","chr8","98608003","98608301","12","3437828"
"chr8","95292966","95293248","chr8","98734653","98734956","26","3441687"
"chr8","95345897","95346035","chr2","146692693","146692833","19","51346796"
"chr8","95480791","95481092","chr8","98916430","98916729","6","3435639"
"chr8","95607745","95608051","chr8","99044569","99044871","12","3436824"
"chr8","95626496","95626777","chr8","99063304","99063589","10","3436808"
"chr8","95630367","95630676","chr8","99067172","99067467","19","3436805"
"chr8","95690881","95691212","chr8","99128912","99129195","54","3438031"
"chr8","95945710","95946009","chr7","22850812","22851104","46","73094898"
"chr8","95959137","95959440","chr8","99390396","99390718","26","3431259"
"chr8","95967348","95967571","chr8","99398630","99398853","5","3431282"
"chr8","96008153","96008432","chr7","96527516","96527784","43","519363"
"chr8","96048584","96048895","chr8","99480902","99481195","41","3432318"
"chr8","96094765","96095065","chr8","99533313","99533602","12","3438548"
"chr8","96215690","96215973","chr4","36622080","36622361","42","59593610"
"chr8","96257149","96257458","chr8","99695315","99695626","12","3438166"
"chr8","96328170","96328458","chr1","22466196","22466496","48","73861974"
"chr8","96351291","96351594","chr3","2362975","2363283","41","93988316"
"chr8","96397997","96398275","chr3","124065516","124065796","35","27667519"
"chr8","96533719","96534007","chr8","99978328","99978616","4","3444609"
"chr8","96621617","96621925","chr7","78212731","78213040","41","18408886"
"chr8","96633825","96634131","chr8","100080438","100080743","6","3446613"
"chr8","96675362","96675651","chr8","100119991","100120278","18","3444629"
"chr8","96702387","96702697","chr6","147864395","147864701","41","51162008"
"chr8","96722249","96722562","chr5","7148134","7148442","42","89574115"
"chr8","96760170","96760488","chr4","22455082","22455401","45","74305088"
"chr8","96772052","96772279","chr8","100222035","100222262","7","3449983"
"chr8","96790494","96790809","chr9","45875554","45875870","59","50914940"
"chr8","96793981","96794276","chr8","100244455","100244748","11","3450474"
"chr8","96801918","96802203","chr8","100252405","100252684","18","3450487"
"chr8","96855365","96855666","chr8","100306175","100306476","6","3450810"
"chr8","96930122","96930354","chr4","37452176","37452410","40","59477946"
"chr8","96980990","96981283","chr8","100433176","100433472","11","3452186"
"chr8","97488059","97488317","chr10","21335994","21336251","35","76152065"
"chr8","97490791","97491093","chr1","121564029","121564325","33","24073238"
"chr8","97528451","97528743","chr3","178720612","178720906","37","81192161"
"chr8","97603735","97604074","chr2","84509227","84509557","45","13094508"
"chr8","97642432","97642725","chr7","112123399","112123693","38","14480967"
"chr8","97649677","97649972","chr8","101106478","101106785","15","3456801"
"chr8","97654092","97654368","chr1","182319755","182320024","41","84665663"
"chr8","97657572","97657849","chr8","101118410","101118707","26","3460838"
"chr8","97707886","97708229","chr8","101166308","101166646","9","3458422"
"chr8","97709900","97710192","chr3","2907703","2908000","31","94802197"
"chr8","97774233","97774443","chr19","53601168","53601379","35","44173065"
"chr8","97774588","97774885","chr8","10097880","10098176","31","87676708"
"chr8","97807123","97807422","chr8","101258028","101258327","9","3450905"
"chr8","97808491","97808790","chr8","101258028","101258327","9","3449537"
"chr8","97974838","97975137","chr8","101422894","101423200","10","3448056"
"chr8","97979593","97979864","chr8","101427699","101427974","12","3448106"
"chr8","98029226","98029535","chr8","101477415","101477724","9","3448189"
"chr8","98061353","98061667","chr9","52253808","52254116","39","45807545"
"chr8","98070755","98071062","chr15","25147213","25147522","33","72923542"
"chr8","98104697","98104999","chr1","27355896","27356196","39","70748801"
"chr8","98191994","98192299","chr8","101642560","101642850","17","3450566"
"chr8","98227751","98228054","chr3","178720612","178720906","33","80492861"
"chr8","98238841","98239138","chr8","101692867","101693164","7","3454026"
"chr8","98248966","98249098","chr8","101702831","101702963","3","3453865"
"chr8","98291677","98291981","chr8","101747249","101747551","10","3455572"
"chr8","98392185","98392472","chr8","101847577","101847887","29","3455392"
"chr8","98464717","98465032","chr8","101921255","101921559","14","3456538"
"chr8","98485984","98486249","chr13","43247029","43247298","52","55238955"
"chr8","98585034","98585330","chr4","38632449","38632743","37","59952585"
"chr8","98591686","98591992","chr8","102200211","102200515","8","3608525"
"chr8","98614115","98614427","chr8","102222680","102222989","8","3608565"
"chr8","98799990","98800200","chr1","162086036","162086244","29","63286046"
"chr8","98828958","98829247","chr8","102494426","102494729","20","3665468"
"chr8","98909637","98909980","chr1","97443874","97444180","61","1465763"
"chr8","99078820","99079129","chr12","751221","751530","40","98327599"
"chr8","99126797","99127093","chr8","102806696","102806979","15","3679899"
"chr8","99157154","99157477","chr8","102837346","102837661","11","3680192"
"chr8","99595707","99595996","chr8","103277064","103277354","5","3681357"
"chr8","100127845","100128143","chr8","103802986","103803285","7","3675141"
"chr8","100283216","100283488","chr8","103978164","103978431","8","3694948"
"chr8","100486374","100486672","chr8","104236980","104237280","8","3750606"
"chr8","100536774","100537063","chr19","38215716","38216007","34","62321058"
"chr8","100581267","100581556","chr8","104332698","104332991","17","3751431"
"chr8","100766682","100766937","chr8","104516246","104516503","8","3749564"
"chr8","101066111","101066404","chr8","104797793","104798086","3","3731682"
"chr8","101119552","101119629","chr3","185117156","185117232","15","83997604"
"chr8","101119857","101120012","chrX","75295307","75295467","28","25824550"
"chr8","101484785","101485083","chr8","105215389","105215687","6","3730604"
"chr8","101728629","101728934","chr8","105460982","105461287","8","3732353"
"chr8","101748501","101748753","chr9","37265785","37266047","50","64482716"
"chr8","102397429","102397741","chr8","106214153","106214465","13","3816724"
"chr8","102447569","102447849","chr8","106269761","106270031","12","3822192"
"chr8","102472615","102472905","chr8","106295315","106295605","3","3822700"
"chr8","102628131","102628439","chrX","3672786","3673095","41","98955345"
"chr8","102686380","102686683","chr8","106511449","106511755","7","3825069"
"chr8","102737646","102737940","chr8","106563095","106563391","5","3825449"
"chr8","102739721","102740021","chr8","106565172","106565463","28","3825451"
"chr8","102806107","102806411","chr3","133607689","133607993","43","30801582"
"chr8","102908106","102908409","chr8","106735633","106735935","3","3827527"
"chr8","103052136","103052427","chr8","106877143","106877433","8","3825007"
"chr8","103198319","103198577","chr8","107021472","107021725","8","3823153"
"chr8","103235805","103236110","chr8","107059364","107059650","28","3823559"
"chr8","103541787","103542118","chr2","182562255","182562578","44","79020468"
"chr8","103589356","103589660","chr8","107410790","107411094","14","3821434"
"chr8","103643515","103643787","chr8","107464936","107465207","5","3821421"
"chr8","103893359","103893665","chr16","44843324","44843627","39","59050035"
"chr8","104034199","104034491","chr8","107853720","107854018","16","3819521"
"chr8","104065915","104066217","chr8","107885291","107885591","18","3819376"
"chr8","104538791","104539085","chr7","162663932","162664225","39","58125141"
"chr8","104609429","104609736","chr8","108431805","108432103","20","3822376"
"chr8","104874549","104874859","chr8","108699372","108699682","10","3824823"
"chr8","104944670","104944970","chr8","108822497","108822798","6","3877827"
"chr8","104967259","104967545","chr8","108843875","108844161","9","3876616"
"chr8","104982309","104982620","chr8","108858980","108859306","20","3876671"
"chr8","104993750","104994036","chr12","75845150","75845437","13","29148600"
"chr8","104999744","105000000","chr8","108874571","108874854","28","3874827"
"chr8","105250449","105250740","chr8","109126086","109126394","24","3875637"
"chr8","105253177","105253481","chr6","138406165","138406469","35","33152988"
"chr8","105379440","105379742","chr8","109257520","109257821","8","3878080"
"chr8","105466599","105466904","chr8","109361697","109362007","13","3895098"
"chr8","105821258","105821563","chr8","109768272","109768579","7","3947014"
"chr8","105857965","105858136","chr14","111154537","111154709","34","5296572"
"chr8","106282068","106282376","chr8","110234882","110235190","5","3952814"
"chr8","106458563","106458868","chr11","75647466","75647763","42","30811097"
"chr8","106473697","106473949","chr8","110439701","110439953","3","3966004"
"chr8","106554590","106554877","chr8","110519501","110519788","7","3964911"
"chr8","106604336","106604634","chr8","110573189","110573487","6","3968853"
"chr8","106616001","106616292","chr8","110584877","110585157","24","3968876"
"chr8","106617025","106617320","chr2","30005457","30005755","53","76611568"
"chr8","106785468","106785768","chr4","123382191","123382485","43","16596723"
"chr8","106970263","106970571","chr8","111008699","111009007","8","4038436"
"chr8","107009136","107009486","chr8","111052960","111053310","3","4043824"
"chr8","107087294","107087594","chr5","138973751","138974030","71","31886457"
"chr8","107139533","107139807","chr8","111184343","111184617","4","4044810"
"chr8","107318559","107318836","chr8","111375630","111375919","12","4057071"
"chr8","107346760","107347051","chr8","111402987","111403290","17","4056227"
"chr8","107450602","107450905","chr8","111506816","111507119","2","4056214"
"chr8","107600672","107600960","chr8","111659741","111660032","8","4059069"
"chr8","107806318","107806601","chr8","111881342","111881625","9","4075024"
"chr8","108222423","108222707","chr8","112298355","112298656","25","4075932"
"chr8","108390519","108390830","chr8","112469238","112469548","7","4078719"
"chr8","108678404","108678703","chr8","112748016","112748313","7","4069612"
"chr8","109319331","109319637","chr1","90066848","90067142","40","19252483"
"chr8","109343373","109343676","chr9","92574925","92575229","29","16768448"
"chr8","109622039","109622340","chr8","113753361","113753664","6","4131322"
"chr8","109712539","109712868","chr8","113895063","113895344","51","4182524"
"chr8","109879242","109879504","chr1","184555716","184555984","46","74676474"
"chr8","109923324","109923627","chr8","114149102","114149400","12","4225778"
"chr8","110043835","110044129","chr8","114277540","114277834","4","4233705"
"chr8","110140192","110140467","chr8","114374205","114374479","6","4234013"
"chr8","110161297","110161605","chr8","114395409","114395717","15","4234112"
"chr8","110217815","110218110","chr1","115655199","115655492","42","5437384"
"chr8","110254773","110255080","chr8","114489973","114490261","24","4235200"
"chr8","110264101","110264396","chr8","114499577","114499869","7","4235476"
"chr8","110279778","110280078","chr8","114515234","114515535","8","4235456"
"chr8","110449158","110449469","chr8","114687087","114687394","16","4237929"
"chr8","110473645","110473915","chr8","114711392","114711662","5","4237747"
"chr8","110480525","110480829","chr2","84467065","84467370","36","26013460"
"chr8","110907433","110907742","chr8","115149580","115149878","29","4242147"
"chr8","110966491","110966816","chr8","115204854","115205138","46","4238363"
"chr8","111002600","111002900","chr8","115241420","115241695","38","4238820"
"chr8","111174452","111174741","chr8","115410210","115410491","16","4235758"
"chr8","111353797","111354106","chr13","15051732","15052045","31","96302065"
"chr8","111583745","111584052","chr8","115832058","115832365","2","4248313"
"chr8","111702143","111702452","chr8","115950543","115950852","6","4248400"
"chr8","111851164","111851472","chr8","116102749","116103048","13","4251585"
"chr8","112267045","112267324","chr8","116518394","116518694","26","4251349"
"chr8","112497813","112498130","chr8","116753206","116753517","10","4255393"
"chr8","112505734","112506015","chr8","116761126","116761407","6","4255392"
"chr8","112848652","112848942","chr8","117103298","117103594","17","4254646"
"chr8","112873050","112873360","chr8","117127616","117127924","13","4254566"
"chr8","112952885","112953191","chr10","8065693","8065996","37","104887192"
"chr8","112981786","112982091","chr8","117236040","117236354","14","4254254"
"chr8","113043032","113043335","chr8","117297025","117297322","10","4253993"
"chr8","113103716","113104018","chr1","35613129","35613428","44","77490587"
"chr8","113120627","113120918","chr8","117375647","117375956","24","4255020"
"chr8","113463617","113463925","chr1","22466196","22466496","43","90997421"
"chr8","113762933","113763235","chr8","118007724","118008040","25","4244791"
"chr8","113865008","113865269","chr1","14456307","14456568","34","99408701"
"chr8","114106217","114106412","chr7","137526496","137526691","22","23420279"
"chr8","114161451","114161757","chr8","118399979","118400284","13","4238528"
"chr8","114177803","114178103","chr16","61253797","61254104","39","52924006"
"chr8","114218500","114218761","chr8","118456325","118456586","3","4237825"
"chr8","114298779","114299073","chr8","118532169","118532463","6","4233390"
"chr8","114399311","114399609","chr8","118642387","118642690","14","4243076"
"chr8","114668730","114669011","chr8","118914592","118914873","2","4245862"
"chr8","114708003","114708307","chr8","118952925","118953229","8","4244922"
"chr8","114760328","114760635","chr8","119007804","119008111","5","4247476"
"chr8","114776319","114776630","chr8","119025060","119025373","8","4248741"
"chr8","114810841","114811139","chr8","119060558","119060864","20","4249717"
"chr8","114812398","114812643","chr8","119062121","119062367","4","4249723"
"chr8","114844636","114844932","chr8","119095549","119095845","13","4250913"
"chr8","114847442","114847732","chr1","45201703","45201990","41","69645739"
"chr8","114886000","114886270","chr20","6464074","6464345","40","108421926"
"chr8","114909059","114909350","chr2","92354122","92354416","43","22554937"
"chr8","114949492","114949791","chr8","119195959","119196258","4","4246467"
"chr8","114952532","114952838","chr8","119198960","119199266","2","4246428"
"chr8","115032155","115032456","chr8","119278473","119278774","4","4246318"
"chr8","115106741","115107021","chr1","124731927","124732210","45","9625186"
"chr8","115108471","115108743","chr8","119356014","119356288","10","4247543"
"chr8","115186081","115186373","chr8","119434201","119434491","12","4248120"
"chr8","115275102","115275394","chr8","119528917","119529213","6","4253815"
"chr8","115315989","115316234","chr6","135765958","135766166","58","20449969"
"chr8","115568037","115568333","chr8","119798566","119798865","10","4230529"
"chr8","115571630","115571842","chr8","119802462","119802674","3","4230832"
"chr8","115571950","115572087","chr5","127348010","127348143","13","11776060"
"chr8","115579580","115579895","chr8","119810994","119811306","11","4231414"
"chr8","115625232","115625539","chr1","39887022","39887330","35","75738210"
"chr8","115786127","115786426","chr8","120015527","120015826","6","4229400"
"chr8","115853329","115853635","chr11","128562483","128562792","37","12709154"
"chr8","115944295","115944577","chr8","120118176","120118458","8","4173881"
"chr8","116057666","116057921","chr8","120233924","120234179","6","4176258"
"chr8","116316383","116316693","chr4","151149695","151150004","51","34833312"
"chr8","116398096","116398400","chr10","82544162","82544460","40","33853934"
"chr8","116542427","116542727","chr8","120723269","120723582","17","4180842"
"chr8","116568911","116569208","chr8","120756255","120756556","15","4187344"
"chr8","116584858","116585130","chr8","120772096","120772368","6","4187238"
"chr8","116665362","116665642","chr8","120851878","120852163","9","4186516"
"chr8","116781269","116781568","chr8","120970353","120970653","12","4189084"
"chr8","116868115","116868402","chr3","39167468","39167758","42","77700647"
"chr8","116907632","116907937","chr8","121100441","121100746","3","4192809"
"chr8","116974865","116975172","chr8","121163441","121163742","9","4188576"
"chr8","116995025","116995315","chr8","121183379","121183665","6","4188354"
"chr8","117034244","117034547","chr8","121222045","121222348","3","4187801"
"chr8","117155086","117155391","chr8","121345715","121346023","12","4190629"
"chr8","117227969","117228262","chr8","121419832","121420125","8","4191863"
"chr8","117333158","117333447","chr8","121515739","121515984","50","4182581"
"chr8","117579038","117579333","chr8","121770262","121770558","10","4191224"
"chr8","117711377","117711639","chr8","121901986","121902248","5","4190609"
"chr8","117784769","117785047","chr8","121976855","121977136","7","4192086"
"chr8","117854428","117854721","chr8","122045970","122046264","9","4191542"
"chr8","117907722","117908012","chr1","115353593","115353882","42","2554129"
"chr8","118034672","118034973","chr8","122227738","122228039","4","4193066"
"chr8","118054589","118054899","chr8","122247941","122248250","10","4193352"
"chr8","118065790","118066083","chr2","155035456","155035751","35","36969666"
"chr8","118109936","118110238","chr8","122303094","122303388","14","4193158"
"chr8","118135070","118135377","chr8","122328053","122328361","10","4192983"
"chr8","118154604","118154897","chr8","122347172","122347465","7","4192568"
"chr8","118168961","118169264","chr8","122361803","122362105","6","4192842"
"chr8","118212321","118212614","chrX","44627777","44628073","32","73584544"
"chr8","118225220","118225528","chr8","122419188","122419497","6","4193968"
"chr8","118243319","118243623","chr8","122435702","122436006","7","4192383"
"chr8","118270199","118270499","chr8","122461745","122462046","7","4191546"
"chr8","118301675","118301978","chr8","122493294","122493597","7","4191619"
"chr8","118309347","118309653","chr8","122500025","122500310","24","4190678"
"chr8","118335320","118335628","chr9","87903485","87903787","42","30431835"
"chr8","118429918","118430212","chr8","122617516","122617811","3","4187598"
"chr8","118705407","118705723","chr8","122896413","122896720","20","4191006"
"chr8","118766977","118767269","chr2","61474431","61474721","36","57292546"
"chr8","118774060","118774337","chr8","122965092","122965373","8","4191032"
"chr8","118779790","118780094","chr8","122970792","122971096","3","4191002"
"chr8","118817030","118817321","chr8","123007131","123007421","7","4190101"
"chr8","118892108","118892398","chr8","123078651","123078938","16","4186543"
"chr8","118978429","118978717","chr8","123160116","123160403","4","4181687"
"chr8","118998953","118999236","chr8","123181008","123181296","8","4182055"
"chr8","119184675","119184973","chr8","123369780","123370085","18","4185105"
"chr8","119283885","119284190","chr8","123471494","123471797","15","4187609"
"chr8","119342136","119342412","chr8","123530022","123530298","2","4187886"
"chr8","119359889","119360184","chr9","96035376","96035665","34","23324513"
"chr8","119366817","119367123","chr8","123553116","123553396","28","4186299"
"chr8","119409360","119409658","chr8","123594259","123594556","9","4184899"
"chr8","119462572","119462883","chr8","123647631","123647941","8","4185059"
"chr8","119485283","119485577","chr8","123670884","123671178","7","4185601"
"chr8","119528369","119528516","chr7","68485792","68485941","18","51042577"
"chr8","119662494","119662761","chr8","123847343","123847610","5","4184849"
"chr8","119663510","119663543","chr7","114323883","114323919","7","5339627"
"chr8","119859280","119859575","chr8","124050486","124050778","17","4191206"
"chr8","119942812","119943101","chr8","124134354","124134643","6","4191542"
"chr8","120142961","120143271","chr8","124377293","124377603","5","4234332"
"chr8","120143769","120144071","chr8","124378104","124378404","5","4234335"
"chr8","120343544","120343841","chr8","124576297","124576577","21","4232753"
"chr8","120385077","120385274","chr10","12435436","12435628","29","107949641"
"chr8","120399467","120399754","chr8","124634100","124634386","4","4234633"
"chr8","120408428","120408730","chr16","43505012","43505307","40","76903416"
"chr8","120474675","120474984","chr7","152675411","152675718","37","32200736"
"chr8","120539287","120539584","chr8","124776406","124776703","17","4237119"
"chr8","120716401","120716680","chr8","124956078","124956354","10","4239677"
"chr8","120773725","120773991","chr5","158640080","158640344","44","37866355"
"chr8","120909619","120909917","chr8","125157316","125157610","9","4247697"
"chr8","120974464","120974760","chr8","125221940","125222237","8","4247476"
"chr8","120978592","120978904","chr11","125234569","125234867","47","4255977"
"chr8","121024241","121024547","chr8","125277269","125277543","37","4253028"
"chr8","121094429","121094677","chr8","125347559","125347793","14","4253130"
"chr8","121268309","121268604","chr9","17622895","17623191","33","103645414"
"chr8","121275647","121275945","chr16","53122406","53122707","40","68153241"
"chr8","121306485","121306767","chrX","91120011","91120295","49","30186474"
"chr8","121378114","121378423","chr6","39093879","39094180","40","82284235"
"chr8","121512569","121512857","chr8","125779210","125779499","7","4266641"
"chr8","121586567","121586862","chr8","125852478","125852776","13","4265911"
"chr8","121595615","121595917","chr8","125861505","125861800","10","4265890"
"chr8","121603454","121603746","chr8","125868958","125869256","20","4265504"
"chr8","121784551","121784746","chr6","17443795","17443984","33","104340756"
"chr8","121784978","121785077","chrX","96798642","96798733","17","24986336"
"chr8","121833384","121833691","chr8","126109258","126109565","1","4275874"
"chr8","121868234","121868491","chr8","126145060","126145317","1","4276826"
"chr8","121906419","121906722","chr8","126182947","126183256","11","4276528"
"chr8","121933123","121933410","chr8","126208426","126208713","7","4275303"
"chr8","121956076","121956385","chr1","42771177","42771482","38","79184899"
"chr8","121972116","121972426","chr8","126247479","126247776","19","4275363"
"chr8","122161898","122162189","chr8","126499168","126499476","34","4337270"
"chr8","122241348","122241621","chr8","126584009","126584286","8","4342661"
"chr8","122264031","122264336","chr8","126606692","126606997","5","4342661"
"chr8","122588231","122588534","chr8","126931824","126932126","6","4343593"
"chr8","122667911","122668183","chr8","127012375","127012669","39","4344464"
"chr8","122685707","122686016","chr7","155089098","155089402","47","32403391"
"chr8","122701358","122701635","chr8","127046146","127046430","10","4344788"
"chr8","122714584","122714908","chrX","104334848","104335143","78","18379736"
"chr8","122740128","122740436","chr8","127084844","127085164","17","4344716"
"chr8","122761653","122761941","chr8","127107054","127107339","11","4345401"
"chr8","122776609","122776894","chr8","127121823","127122118","12","4345214"
"chr8","122812328","122812621","chr8","127158009","127158302","4","4345681"
"chr8","122826865","122827165","chr8","127172887","127173187","6","4346022"
"chr8","122917473","122917772","chr8","127263444","127263751","12","4345971"
"chr8","122959978","122960275","chr8","127304764","127305061","12","4344786"
"chr8","122960897","122961199","chr5","117993614","117993913","43","4967283"
"chr8","123033522","123033828","chr8","127381513","127381800","31","4347991"
"chr8","123110394","123110748","chr8","127458298","127458625","39","4347904"
"chr8","123257160","123257452","chr8","127604545","127604836","2","4347385"
"chr8","123271714","123272026","chr1","217103292","217103602","41","93831578"
"chr8","123394316","123394614","chr8","127741798","127742096","4","4347482"
"chr8","123630436","123630733","chr8","127972657","127972951","13","4342221"
"chr8","123772839","123773121","chr8","128126870","128127152","2","4354031"
"chr8","123953983","123954265","chr8","128309225","128309509","7","4355242"
"chr8","123990568","123990867","chr8","128353517","128353816","5","4362949"
"chr8","124228603","124228889","chr4","122425841","122426123","37","1802762"
"chr8","124412703","124412990","chr8","128766709","128766996","4","4354006"
"chr8","124460068","124460352","chr8","128812062","128812346","6","4351994"
"chr8","124795860","124796156","chr8","129149676","129149980","12","4353816"
"chr8","124847981","124848275","chr8","129202065","129202359","5","4354084"
"chr8","124860879","124861166","chr8","129215565","129215852","4","4354686"
"chr8","124892437","124892706","chr8","129247756","129248026","4","4355319"
"chr8","124934780","124935073","chr5","66767460","66767750","37","58167320"
"chr8","124972168","124972470","chr17","23775743","23776042","42","101196425"
"chr8","125086884","125087174","chr1","8038697","8038989","35","117048187"
"chr8","125125933","125126233","chr8","129484745","129485045","4","4358812"
"chr8","125349653","125349935","chr8","129707972","129708249","22","4358319"
"chr8","125421701","125421993","chr8","129814720","129815018","13","4393019"
"chr8","125456419","125456712","chr8","129849073","129849363","11","4392654"
"chr8","125485869","125486168","chr8","129878729","129879031","14","4392860"
"chr8","126272038","126272333","chr8","130636614","130636916","12","4364576"
"chr8","126592947","126593252","chr8","130968232","130968530","22","4375285"
"chr8","126853418","126853714","chr8","131225448","131225742","12","4372030"
"chr8","127024159","127024448","chr8","131396131","131396430","16","4371972"
"chr8","127039118","127039391","chr8","131411085","131411358","5","4371967"
"chr8","127277187","127277454","chr8","131649421","131649690","15","4372234"
"chr8","127791340","127791649","chr7","115131131","115131437","45","12660209"
"chr8","127909007","127909217","chr12","65315954","65316163","23","62593053"
"chr8","128345973","128346280","chr8","132721129","132721419","26","4375156"
"chr8","128420369","128420673","chr8","132797213","132797517","4","4376844"
"chr8","128438621","128438953","chr8","132815957","132816263","32","4377336"
"chr8","128446942","128447256","chr8","132823974","132824288","4","4377032"
"chr8","128489462","128489748","chr1","26575506","26575793","31","101913956"
"chr8","128693014","128693312","chr8","133067774","133068072","7","4374760"
"chr8","128944576","128944882","chr8","133330306","133330612","10","4385730"
"chr8","128957966","128958274","chr8","133343883","133344191","8","4385917"
"chr8","129386282","129386551","chr8","133773168","133773438","5","4386886"
"chr8","129426667","129426957","chr8","133816522","133816826","25","4389855"
"chr8","129626191","129626486","chr8","134017209","134017499","17","4391018"
"chr8","129993779","129994085","chr13","33800550","33800849","41","96193229"
"chr8","130174150","130174456","chr8","134557081","134557386","10","4382931"
"chr8","130271499","130271808","chr8","134653431","134653711","34","4381932"
"chr8","130363844","130364142","chr8","62923946","62924246","41","67439898"
"chr8","130381798","130382100","chr8","134765411","134765707","10","4383613"
"chr8","130592710","130592999","chr8","134983435","134983729","11","4390725"
"chr8","130633002","130633245","chr8","135024687","135024954","31","4391685"
"chr8","130645794","130646098","chr8","135037716","135038020","17","4391922"
"chr8","130782771","130783078","chr19","50673081","50673389","29","80109690"
"chr8","130896374","130896677","chr8","135287397","135287698","21","4391023"
"chr8","130979640","130979949","chr8","135371087","135371401","17","4391447"
"chr8","131399627","131399933","chr8","135792474","135792766","24","4392847"
"chr8","131564844","131565153","chr8","135954247","135954556","13","4389403"
"chr8","131574069","131574359","chr8","135963477","135963767","10","4389408"
"chr8","131584074","131584389","chr8","135972784","135973086","19","4388710"
"chr8","131602365","131602657","chr8","135992829","135993118","15","4390464"
"chr8","131625335","131625644","chr8","136015299","136015603","10","4389964"
"chr8","131626822","131627131","chr8","136016781","136017089","7","4389959"
"chr8","131695526","131695824","chr8","123594259","123594556","59","8101267"
"chr8","131771768","131772076","chr8","136164214","136164519","17","4392446"
"chr8","132084628","132084931","chr8","136494068","136494383","25","4409440"
"chr8","132248857","132249140","chr8","136650028","136650309","7","4401171"
"chr8","132375613","132375911","chr8","136775811","136776120","13","4400198"
"chr8","132458888","132459189","chr8","136867009","136867308","11","4408121"
"chr8","132710523","132710826","chr8","137149898","137150204","13","4439375"
"chr8","132730542","132730823","chr8","137169915","137170194","13","4439373"
"chr8","132731818","132732119","chr8","137171176","137171480","8","4439358"
"chr8","132836149","132836429","chr4","158754884","158755166","39","25918735"
"chr8","133096256","133096577","chr8","137535442","137535741","35","4439186"
"chr8","133135486","133135765","chr2","170122863","170123143","36","36987377"
"chr8","133304106","133304415","chr8","137743502","137743811","1","4439396"
"chr8","133453054","133453342","chr4","30749508","30749793","43","102703546"
"chr8","133625492","133625763","chr2","188089219","188089490","5","54463727"
"chr8","133635363","133635673","chr2","188099075","188099385","12","54463712"
"chr8","134200093","134200337","chr8","138610124","138610377","12","4410031"
"chr8","134224677","134224965","chr8","138635325","138635627","18","4410648"
"chr8","134380473","134380756","chr8","138781533","138781816","10","4401060"
"chr8","134514399","134514697","chr8","138915320","138915625","10","4400921"
"chr8","134762248","134762541","chr6","131966421","131966716","39","2795827"
"chr8","134826620","134826923","chr8","139232906","139233208","7","4406286"
"chr8","134926863","134927170","chr8","139337526","139337847","20","4410663"
"chr8","135148687","135148967","chr8","139538053","139538348","33","4389366"
"chr8","135175071","135175368","chr8","139563851","139564152","12","4388780"
"chr8","135280240","135280550","chr2","121158781","121159088","50","14121459"
"chr8","135293323","135293603","chr20","68434923","68435211","42","66858400"
"chr8","135298165","135298447","chr8","139690423","139690706","7","4392258"
"chr8","135313438","135313736","chr8","139705147","139705445","5","4391709"
"chr8","135338984","135339202","chr8","139729176","139729394","3","4390192"
"chr8","135343990","135344243","chrX","144955693","144955948","37","9611703"
"chr8","135372807","135373085","chr8","139761839","139762119","6","4389032"
"chr8","135408292","135408588","chr8","139796473","139796769","6","4388181"
"chr8","135430177","135430474","chr8","124576297","124576577","21","10853880"
"chr8","135493373","135493668","chr7","127396317","127396611","42","8097056"
"chr8","135558706","135559010","chr8","139943660","139943967","12","4384954"
"chr8","135767258","135767445","chr8","140151076","140151263","5","4383818"
"chr8","135839550","135839849","chr2","94361123","94361420","34","41478427"
"chr8","135885198","135885490","chr1","11932755","11933047","42","123952443"
"chr8","135896623","135896900","chr17","76965393","76965670","33","58931230"
"chr8","135899617","135899905","chr8","94275397","94275690","41","41624220"
"chr8","136666681","136666983","chr8","141051114","141051413","20","4384433"
"chr8","137767121","137767410","chr8","142161849","142162139","7","4394728"
"chr8","137879272","137879522","chr8","142274136","142274389","12","4394864"
"chr8","137914010","137914327","chr9","18502702","18503021","45","119411308"
"chr8","137925137","137925322","chr12","112435507","112435696","26","25489630"
"chr8","137929487","137929775","chr2","68934350","68934644","45","68995137"
"chr8","138049109","138049412","chr8","142446067","142446388","26","4396958"
"chr8","138164726","138165015","chr3","43892554","43892846","32","94272172"
"chr8","138172051","138172346","chr8","142568445","142568734","14","4396394"
"chr8","138204078","138204350","chr8","142600717","142600979","16","4396639"
"chr8","138308525","138308809","chr8","142706351","142706635","9","4397826"
"chr8","138312005","138312314","chr8","142709825","142710137","8","4397820"
"chr8","138398609","138398918","chr8","142797061","142797365","26","4398452"
"chr8","138460323","138460617","chr8","142860474","142860767","8","4400151"
"chr8","138478588","138478864","chr16","53286988","53287267","34","85191600"
"chr8","138498021","138498260","chr8","142898572","142898813","5","4400551"
"chr8","138559560","138559853","chr8","142964215","142964508","1","4404655"
"chr8","138562319","138562519","chr1","5875160","5875366","36","132687159"
"chr8","138624751","138625047","chr8","143032142","143032442","6","4407391"
"chr8","138639546","138639846","chr8","143046694","143046992","9","4407148"
"chr8","138703022","138703300","chr8","143114328","143114623","21","4411306"
"chr8","138743749","138744043","chrX","135456954","135457247","36","3286795"
"chr8","138811539","138811843","chr8","143488810","143489114","7","4677271"
"chr8","138920102","138920393","chr5","169489657","169489946","36","30569555"
"chr8","138936742","138937026","chr8","143611338","143611636","24","4674596"
"chr8","139006108","139006393","chr8","143710291","143710574","8","4704183"
"chr8","139013936","139014209","chr8","143718101","143718374","4","4704165"
"chr8","139122063","139122350","chr8","143825820","143826112","12","4703757"
"chr8","139131257","139131556","chr6","171313669","171313969","37","32182412"
"chr8","139152874","139153182","chr15","29507004","29507308","31","109645870"
"chr8","139181720","139182012","chr8","143888171","143888463","0","4706451"
"chr8","139215310","139215581","chr8","143921348","143921622","6","4706038"
"chr8","139229922","139230214","chr8","79544007","79544300","36","59685915"
"chr8","139252050","139252385","chr8","143959273","143959570","58","4707223"
"chr8","139283459","139283751","chr8","143989717","143990009","3","4706258"
"chr8","139283894","139284199","chr8","143990150","143990457","9","4706256"
"chr8","139287570","139287874","chr8","143993812","143994119","5","4706242"
"chr8","139354964","139355260","chr1","62428179","62428473","37","76926785"
"chr8","139390695","139390983","chr8","144098420","144098709","7","4707725"
"chr8","139403914","139404218","chr3","13202178","13202482","43","126201736"
"chr8","139437726","139438018","chr8","144144173","144144465","4","4706447"
"chr8","139441627","139441933","chr8","144148701","144149007","5","4707074"
"chr8","139492463","139492754","chr8","144199274","144199565","4","4706811"
"chr9","1834733","1835016","chr1","166222810","166223093","32","164388077"
"chr9","54919135","54919430","chr9","57526964","57527261","8","2607829"
"chr9","156924","157226","chr9","119100","119397","12","37824"
"chr9","230057","230391","chr2","94163628","94163948","77","93933571"
"chr9","379539","379831","chr9","344923","345219","14","34616"
"chr9","411945","412240","chr9","378336","378627","13","33609"
"chr9","525805","526069","chr3","33666663","33666928","17","33140858"
"chr9","562181","562500","chrX","128903017","128903324","52","128340836"
"chr9","979959","980253","chr3","178720612","178720906","34","177740653"
"chr9","993776","994095","chr9","802805","803114","25","190971"
"chr9","1116648","1116951","chr9","928120","928422","10","188528"
"chr9","1120221","1120493","chr9","931687","931966","14","188534"
"chr9","1125493","1125789","chr9","937098","937386","14","188395"
"chr9","1126631","1126921","chr9","938230","938519","3","188401"
"chr9","1129467","1129771","chr3","126595630","126595934","42","125466163"
"chr9","1504388","1504682","chr1","121766160","121766453","30","120261772"
"chr9","1578311","1578599","chr9","1386829","1387123","15","191482"
"chr9","1669140","1669417","chr2","49889760","49890048","43","48220620"
"chr9","1701544","1701841","chr9","1512813","1513090","26","188731"
"chr9","1810449","1810754","chr9","1619310","1619610","18","191139"
"chr9","1982368","1982644","chr9","1791187","1791463","8","191181"
"chr9","1992329","1992632","chr1","22774399","22774706","36","20782070"
"chr9","2016210","2016502","chr11","16573731","16574022","40","14557521"
"chr9","2314306","2314606","chr9","2120449","2120751","8","193857"
"chr9","2468990","2469287","chr16","57736218","57736518","49","55267228"
"chr9","2510888","2511160","chr9","2319226","2319486","18","191662"
"chr9","2511353","2511396","chr3","175615789","175615825","17","173104436"
"chr9","2536512","2536821","chr9","2345143","2345450","10","191369"
"chr9","2647151","2647451","chr19","3464814","3465111","37","817663"
"chr9","2816373","2816674","chr9","2626986","2627285","8","189387"
"chr9","2823633","2823897","chr9","2634221","2634501","21","189412"
"chr9","2898669","2898957","chr12","59064903","59065194","43","56166234"
"chr9","2996532","2996719","chr5","717463","717648","32","2279069"
"chr9","3004327","3004626","chr9","2818450","2818750","7","185877"
"chr9","3040538","3040847","chr9","2854415","2854724","9","186123"
"chr9","3080494","3080790","chr4","123382191","123382485","34","120301697"
"chr9","3124429","3124731","chr11","128953798","128954095","36","125829369"
"chr9","3148149","3148423","chr7","51321295","51321568","34","48173146"
"chr9","3178958","3179266","chr16","17728074","17728367","49","14549116"
"chr9","3322753","3323053","chr9","3043156","3043458","6","279597"
"chr9","3384657","3384949","chr9","3103076","3103358","21","281581"
"chr9","3445327","3445607","chrX","118103194","118103494","47","114657867"
"chr9","3491082","3491373","chr9","3211428","3211722","8","279654"
"chr9","3504716","3504981","chr9","3224904","3225169","2","279812"
"chr9","3572759","3573052","chr9","3295336","3295629","9","277423"
"chr9","3584956","3585238","chr9","3307929","3308211","11","277027"
"chr9","3702950","3703260","chr9","3455972","3456281","16","246978"
"chr9","3812840","3813140","chr1","88257606","88257908","36","84444766"
"chr9","3843473","3843699","chr12","83696584","83696816","36","79853111"
"chr9","4095671","4095963","chr16","23840416","23840708","47","19744745"
"chr9","4129860","4130150","chr9","3883149","3883444","13","246711"
"chr9","4160810","4161113","chr13","33800550","33800849","34","29639740"
"chr9","4172236","4172545","chr9","3924711","3925020","4","247525"
"chr9","4276267","4276601","chr1","31162314","31162639","51","26886047"
"chr9","4581536","4581845","chr9","4328475","4328796","16","253061"
"chr9","4792481","4792789","chr9","4539096","4539395","17","253385"
"chr9","5031097","5031398","chr9","4800986","4801282","18","230111"
"chr9","5033631","5033929","chr9","4803511","4803809","2","230120"
"chr9","5260404","5260711","chr9","4994664","4994966","26","265740"
"chr9","5338014","5338301","chr11","100706131","100706425","37","95368117"
"chr9","5450418","5450708","chr3","50093564","50093857","40","44643146"
"chr9","5487489","5487780","chr9","5164367","5164662","18","323122"
"chr9","5705465","5705767","chr9","5378177","5378482","25","327288"
"chr9","5728079","5728374","chr9","5401343","5401638","20","326736"
"chr9","5785164","5785471","chrX","101127955","101128252","41","95342791"
"chr9","5930192","5930477","chr9","5606854","5607147","14","323338"
"chr9","5973909","5974202","chr9","5650585","5650878","7","323324"
"chr9","6030885","6031154","chr9","5711684","5711926","33","319201"
"chr9","6033908","6034203","chr9","5714486","5714777","8","319422"
"chr9","6037132","6037426","chr9","5717703","5717997","2","319429"
"chr9","6043038","6043330","chr9","5723654","5723953","16","319384"
"chr9","6070380","6070674","chr9","5752530","5752818","7","317850"
"chr9","6074006","6074221","chr7","136354636","136354864","45","130280630"
"chr9","6150901","6151207","chr9","5868627","5868935","15","282274"
"chr9","6179165","6179471","chr9","5895594","5895915","22","283571"
"chr9","6222550","6222704","chr9","5939586","5939740","2","282964"
"chr9","6270969","6271272","chr9","5988283","5988586","12","282686"
"chr9","6374185","6374450","chr9","6087597","6087876","23","286588"
"chr9","6441861","6442181","chr9","6157367","6157685","6","284494"
"chr9","6460686","6460999","chr9","6175818","6176113","27","284868"
"chr9","6479411","6479710","chr17","23775743","23776042","28","17296332"
"chr9","6620539","6620771","chr9","6336276","6336535","36","284263"
"chr9","6625985","6626287","chr9","6341900","6342205","10","284085"
"chr9","6651138","6651450","chr4","28719545","28719847","43","22068407"
"chr9","6808785","6809055","chr7","44971414","44971684","36","38162629"
"chr9","6833695","6833996","chr8","21971834","21972135","36","15138139"
"chr9","6891073","6891367","chr1","31482751","31483040","34","24591678"
"chr9","6954847","6955052","chr6","2546701","2546908","29","4408146"
"chr9","6955103","6955187","chr8","48953625","48953725","24","41998522"
"chr9","7034669","7034975","chr9","6755392","6755698","2","279277"
"chr9","7266690","7266963","chr9","6982376","6982675","28","284314"
"chr9","7384186","7384493","chr9","7101760","7102070","19","282426"
"chr9","7501908","7502208","chr9","7217139","7217438","4","284769"
"chr9","7519208","7519516","chr9","7234383","7234690","6","284825"
"chr9","7547399","7547720","chr4","123382191","123382485","55","115834792"
"chr9","7578222","7578551","chr9","7350284","7350591","29","227938"
"chr9","7592060","7592357","chr9","7363989","7364286","2","228071"
"chr9","7726986","7727296","chr9","7549569","7549876","16","177417"
"chr9","7779837","7780143","chr9","7602433","7602739","7","177404"
"chr9","7901755","7902032","chr13","33274570","33274852","52","25372815"
"chr9","7904214","7904457","chr9","7723618","7723856","9","180596"
"chr9","7917126","7917420","chr9","7736496","7736788","6","180630"
"chr9","7959179","7959470","chr9","7779818","7780113","14","179361"
"chr9","8093309","8093593","chr9","7913349","7913633","6","179960"
"chr9","8111275","8111553","chr9","7931319","7931590","8","179956"
"chr9","8239936","8240247","chr9","8060451","8060762","11","179485"
"chr9","8241233","8241525","chr9","8061747","8062033","13","179486"
"chr9","8293795","8294099","chr9","8114625","8114928","12","179170"
"chr9","8509096","8509342","chr3","3788512","3788743","62","4720584"
"chr9","8571116","8571426","chr4","45500412","45500720","43","36929296"
"chr9","8575600","8575902","chr9","8394523","8394805","26","181077"
"chr9","8642083","8642380","chr9","8460659","8460948","21","181424"
"chr9","8764303","8764579","chr9","8583506","8583776","11","180797"
"chr9","8779936","8780196","chr9","8598842","8599103","10","181094"
"chr9","9048407","9048707","chr9","8867322","8867626","12","181085"
"chr9","9083369","9083676","chr9","8901942","8902245","6","181427"
"chr9","9123525","9123738","chr16","7628681","7628894","36","1494844"
"chr9","9240407","9240703","chr15","9413135","9413430","35","172728"
"chr9","9250908","9251212","chr9","9070195","9070500","12","180713"
"chr9","9275230","9275504","chrX","114484754","114485028","37","105209524"
"chr9","9357210","9357500","chr9","9174632","9174930","17","182578"
"chr9","9406635","9406941","chr9","9223889","9224197","7","182746"
"chr9","9519793","9520100","chr3","41533503","41533812","39","32013710"
"chr9","9584988","9585294","chr9","9393516","9393822","4","191472"
"chr9","9714443","9714733","chr9","9532281","9532574","23","182162"
"chr9","9727811","9728118","chr9","9598829","9599108","30","128982"
"chr9","9835155","9835464","chr9","9701285","9701591","19","133870"
"chr9","9948316","9948615","chr12","113831306","113831606","38","103882990"
"chr9","9984609","9984911","chr9","9846038","9846340","5","138571"
"chr9","10001674","10001983","chr9","9863440","9863745","9","138234"
"chr9","10072884","10073171","chr9","9937119","9937410","11","135765"
"chr9","10094727","10095021","chr9","3211428","3211722","40","6883299"
"chr9","10269999","10270271","chr14","32856724","32857003","38","22586725"
"chr9","10298015","10298311","chr7","136873936","136874229","37","126575921"
"chr9","10335692","10335983","chr12","77317855","77318145","32","66982163"
"chr9","10441198","10441504","chr9","10302723","10303030","7","138475"
"chr9","10491160","10491437","chr9","10352384","10352661","3","138776"
"chr9","10542279","10542547","chr9","10402976","10403239","11","139303"
"chr9","10569166","10569467","chr11","7184249","7184544","46","3384917"
"chr9","10712986","10713291","chr9","10569013","10569313","10","143973"
"chr9","10764371","10764658","chr9","10620248","10620538","16","144123"
"chr9","10781285","10781578","chr9","10637200","10637493","4","144085"
"chr9","10900302","10900623","chr9","10754596","10754916","13","145706"
"chr9","11048806","11049107","chr9","10899986","10900266","36","148820"
"chr9","11133713","11134016","chr9","10984722","10985023","5","148991"
"chr9","11555081","11555387","chr9","11415948","11416255","7","139133"
"chr9","11590004","11590312","chr9","11450789","11451102","9","139215"
"chr9","11597173","11597428","chr9","11458021","11458272","12","139152"
"chr9","11608918","11609223","chr9","11469721","11470027","14","139197"
"chr9","11824055","11824346","chr3","43892554","43892846","32","32068499"
"chr9","11844819","11845130","chr9","11706990","11707303","6","137829"
"chr9","11898343","11898581","chr9","11758815","11759053","2","139528"
"chr9","11963790","11964080","chr9","11826020","11826307","10","137770"
"chr9","12041745","12042035","chr9","11903561","11903851","4","138184"
"chr9","12082798","12083097","chr9","11944869","11945167","7","137929"
"chr9","12130778","12131071","chr9","11990394","11990696","14","140384"
"chr9","12177575","12177881","chr1","209176258","209176559","34","196998683"
"chr9","12190721","12191019","chr10","79760386","79760685","42","67569665"
"chr9","12210232","12210523","chr9","12068136","12068426","6","142096"
"chr9","12215862","12216161","chr9","12073150","12073443","7","142712"
"chr9","12251563","12251792","chr9","12109795","12110004","21","141768"
"chr9","12267494","12267716","chr9","12126807","12127030","6","140687"
"chr9","12297462","12297728","chr9","12156986","12157252","5","140476"
"chr9","12328715","12329023","chr9","12188131","12188436","16","140584"
"chr9","12338653","12338946","chr9","12198165","12198451","12","140488"
"chr9","12364017","12364311","chr9","12222944","12223229","13","141073"
"chr9","12423110","12423254","chr9","12282228","12282371","3","140882"
"chr9","12429105","12429400","chr11","34016163","34016458","34","21587058"
"chr9","12496870","12497177","chr14","19160529","19160838","35","6663659"
"chr9","12499033","12499310","chr14","45520254","45520531","40","33021221"
"chr9","12523036","12523329","chr9","12396631","12396922","9","126405"
"chr9","12610438","12610731","chr9","12486792","12487087","12","123646"
"chr9","12642828","12643139","chr9","12520596","12520898","18","122232"
"chr9","12671508","12671809","chr9","12548943","12549244","6","122565"
"chr9","12672861","12673157","chr9","12550295","12550589","16","122566"
"chr9","12723130","12723431","chr9","12600443","12600739","8","122687"
"chr9","12729748","12730040","chr9","12610977","12611270","15","118771"
"chr9","12790640","12790929","chr9","12673761","12674049","3","116879"
"chr9","12869284","12869579","chr9","12753262","12753555","6","116022"
"chr9","12973542","12973837","chr9","12861018","12861305","33","112524"
"chr9","13047855","13048140","chr9","12941378","12941663","9","106477"
"chr9","13150475","13150740","chr9","13043264","13043529","1","107211"
"chr9","13164115","13164412","chr9","13057102","13057397","4","107013"
"chr9","13191019","13191309","chr9","13084054","13084358","20","106965"
"chr9","13238912","13239013","chr19","49577868","49577960","36","36338956"
"chr9","13239064","13239199","chr5","127348010","127348143","13","114108946"
"chr9","13354470","13354773","chr9","13227907","13228208","7","126563"
"chr9","13491383","13491517","chr19","5652447","5652583","9","7838936"
"chr9","13491847","13492147","chr16","62065069","62065362","36","48573222"
"chr9","13498172","13498479","chr9","13374966","13375242","37","123206"
"chr9","13503715","13504011","chr9","13380584","13380879","19","123131"
"chr9","13510877","13511157","chr9","13387937","13388212","16","122940"
"chr9","13622946","13623250","chr9","13505164","13505461","11","117782"
"chr9","13869441","13869754","chr9","13755070","13755383","7","114371"
"chr9","13871947","13872248","chr2","40628061","40628359","33","26756114"
"chr9","13877646","13877940","chr9","13762605","13762899","4","115041"
"chr9","13966229","13966524","chr9","13855769","13856061","8","110460"
"chr9","13967506","13967787","chr9","13857015","13857282","20","110491"
"chr9","13987673","13987983","chr9","13877078","13877387","12","110595"
"chr9","13988731","13989029","chr18","15491499","15491792","46","1502768"
"chr9","14253308","14253595","chr9","14148693","14148980","6","104615"
"chr9","14327373","14327671","chr9","14222117","14222424","30","105256"
"chr9","14459043","14459332","chr1","12484168","12484458","39","1974875"
"chr9","14711075","14711382","chr9","14607812","14608110","17","103263"
"chr9","14810306","14810594","chr9","14711090","14711367","17","99216"
"chr9","14899293","14899587","chr13","87255538","87255831","34","72356245"
"chr9","14961603","14961911","chr2","166819481","166819788","33","151857878"
"chr9","14970944","14971246","chr9","14869695","14870009","26","101249"
"chr9","14993036","14993348","chr9","14891772","14892081","10","101264"
"chr9","14998664","14998952","chr9","14897132","14897420","13","101532"
"chr9","15004044","15004352","chr9","14902453","14902760","8","101591"
"chr9","15069670","15069977","chr9","14968520","14968817","13","101150"
"chr9","15117706","15118020","chr9","15016859","15017170","9","100847"
"chr9","15181179","15181480","chr9","15080799","15081100","5","100380"
"chr9","15197143","15197449","chr9","15093465","15093771","14","103678"
"chr9","15217074","15217379","chr1","212619704","212620002","38","197402630"
"chr9","15274901","15275138","chr9","15239502","15239743","9","35399"
"chr9","15275962","15276260","chr9","15240571","15240877","9","35391"
"chr9","15339954","15340252","chr18","34881303","34881600","35","19541349"
"chr9","15368900","15369198","chr9","15334254","15334558","10","34646"
"chr9","15381628","15381911","chr1","139503089","139503378","47","124121461"
"chr9","15412921","15413225","chr3","166477634","166477937","38","151064713"
"chr9","15426072","15426331","chr9","15393747","15394027","31","32325"
"chr9","15454068","15454391","chr9","15421883","15422203","8","32185"
"chr9","15460144","15460482","chr16","25975302","25975604","65","10515158"
"chr9","15560703","15560979","chr9","15532240","15532515","6","28463"
"chr9","15623357","15623660","chr9","15593160","15593463","7","30197"
"chr9","15648884","15649187","chr9","15618580","15618882","6","30304"
"chr9","15664271","15664577","chrX","91535431","91535738","31","75871160"
"chr9","15722945","15723236","chr9","15696984","15697275","3","25961"
"chr9","15723595","15723894","chr9","15697634","15697933","6","25961"
"chr9","15726442","15726714","chr12","97241805","97242073","38","81515363"
"chr9","15756126","15756424","chr7","126836811","126837107","37","111080685"
"chr9","15781263","15781550","chr3","169777236","169777528","40","153995973"
"chr9","15801162","15801467","chr9","15770423","15770728","3","30739"
"chr9","15922622","15922963","chr9","15906416","15906718","69","16206"
"chr9","16029827","16030140","chr9","16013439","16013748","15","16388"
"chr9","16042977","16043255","chr9","16027856","16028134","4","15121"
"chr9","16167530","16167841","chr9","16152252","16152569","13","15278"
"chr9","16169411","16169720","chrX","107017808","107018117","38","90848397"
"chr9","16207272","16207575","chr9","16191436","16191743","9","15836"
"chr9","16273424","16273721","chr9","16257845","16258143","12","15579"
"chr9","16292940","16293078","chr16","61271829","61271963","15","44978889"
"chr9","16316377","16316680","chr9","16299150","16299452","8","17227"
"chr9","16346128","16346437","chr9","16331862","16332147","30","14266"
"chr9","16371176","16371475","chr9","16355919","16356216","10","15257"
"chr9","16379467","16379759","chr9","16364215","16364508","16","15252"
"chr9","16466987","16467268","chr9","16452343","16452624","1","14644"
"chr9","16494981","16495277","chr9","16479851","16480153","16","15130"
"chr9","16516961","16517240","chr9","16502421","16502699","7","14540"
"chr9","16551959","16552263","chr7","152675411","152675718","38","136123452"
"chr9","16589388","16589671","chr9","16575316","16575599","8","14072"
"chr9","16996527","16996826","chr9","17492153","17492468","20","495626"
"chr9","17019418","17019720","chr6","137303080","137303373","52","120283662"
"chr9","17035854","17036159","chr9","17532403","17532705","10","496549"
"chr9","17073765","17074074","chr16","25975302","25975604","35","8901537"
"chr9","17079128","17079430","chr9","17574409","17574708","9","495281"
"chr9","17092722","17093013","chr9","17588395","17588686","2","495673"
"chr9","17121022","17121317","chr9","17618326","17618621","8","497304"
"chr9","17137562","17137870","chr10","31743261","31743569","36","14605699"
"chr9","17153278","17153579","chr9","17652616","17652917","6","499338"
"chr9","17183080","17183370","chr16","60290027","60290317","40","43106947"
"chr9","17331180","17331485","chr9","17820669","17820972","11","489489"
"chr9","17348342","17348631","chr9","17838097","17838385","3","489755"
"chr9","17405340","17405635","chr3","129643403","129643698","33","112238063"
"chr9","17453442","17453749","chr4","128301447","128301758","36","110848005"
"chr9","17617753","17618059","chr9","18129433","18129735","12","511680"
"chr9","17651485","17651726","chr9","18161412","18161654","11","509927"
"chr9","17688459","17688764","chrX","1277013","1277319","32","16411446"
"chr9","17771441","17771570","chr9","18334150","18334279","4","562709"
"chr9","17896186","17896482","chr15","103853433","103853726","38","85957247"
"chr9","17932874","17933041","chr14","10246675","10246842","19","7686199"
"chr9","17938295","17938607","chr9","18502702","18503021","14","564407"
"chr9","18028293","18028612","chr9","18592793","18593108","15","564500"
"chr9","18044634","18044920","chr9","18609131","18609417","3","564497"
"chr9","18095649","18095957","chr9","18665616","18665925","9","569967"
"chr9","18122882","18123176","chr9","18697796","18698088","6","574914"
"chr9","18152209","18152509","chrX","3175793","3176096","37","14976416"
"chr9","18275760","18276055","chr16","45883654","45883959","41","27607894"
"chr9","18277445","18277695","chr9","18930189","18930439","5","652744"
"chr9","18289676","18289974","chr9","18942526","18942824","4","652850"
"chr9","18314177","18314479","chr3","49433375","49433671","37","31119198"
"chr9","18329378","18329593","chr3","4986582","4986797","29","13342796"
"chr9","18348528","18348804","chr9","19003535","19003811","6","655007"
"chr9","18384513","18384813","chr9","19039992","19040293","6","655479"
"chr9","18470696","18470993","chr9","3883149","3883444","43","14587547"
"chr9","18557877","18558179","chr9","19188007","19188312","13","630130"
"chr9","18604174","18604460","chr9","19242602","19242884","17","638428"
"chr9","18660428","18660686","chr9","19294562","19294825","7","634134"
"chr9","18674207","18674476","chr1","48506660","48506928","47","29832453"
"chr9","18679999","18680283","chr9","19312141","19312425","15","632142"
"chr9","18844899","18845207","chr7","152675411","152675718","30","133830512"
"chr9","19028718","19028922","chr9","17895143","17895344","34","1133575"
"chr9","19381719","19382012","chr9","20037643","20037950","31","655924"
"chr9","19604715","19605005","chr16","55952201","55952494","34","36347486"
"chr9","19990422","19990726","chr9","20655004","20655306","8","664582"
"chr9","20152707","20153006","chr7","138298701","138298983","49","118145994"
"chr9","20274885","20275194","chr1","51690744","51691053","35","31415859"
"chr9","20459637","20459925","chr9","21114757","21115047","10","655120"
"chr9","20651048","20651356","chr9","21301048","21301356","4","650000"
"chr9","20701774","20702077","chr9","21352041","21352340","6","650267"
"chr9","20703191","20703480","chr9","21353451","21353741","5","650260"
"chr9","20729310","20729597","chr9","21378921","21379207","2","649611"
"chr9","20746554","20746854","chr9","21396597","21396897","5","650043"
"chr9","20863596","20863892","chr1","192756524","192756820","33","171892928"
"chr9","20877523","20877769","chr1","217896327","217896570","36","197018804"
"chr9","20929265","20929559","chr9","21583822","21584115","7","654557"
"chr9","21000459","21000765","chr9","21653371","21653671","12","652912"
"chr9","21006134","21006432","chr2","144308513","144308811","37","123302379"
"chr9","21008855","21009164","chr9","21661290","21661587","16","652435"
"chr9","21018206","21018477","chr2","184472209","184472497","43","163454003"
"chr9","21096623","21096939","chr9","21746632","21746948","7","650009"
"chr9","21099194","21099494","chr18","34881303","34881600","27","13782109"
"chr9","21105410","21105696","chr9","21756434","21756718","4","651024"
"chr9","21140026","21140274","chr9","21789581","21789829","0","649555"
"chr9","21176405","21176664","chr8","121901986","121902248","32","100725581"
"chr9","21201505","21201803","chr9","21851563","21851861","1","650058"
"chr9","21223767","21223949","chr9","21873208","21873390","2","649441"
"chr9","21231219","21231523","chr19","40866944","40867252","52","19635725"
"chr9","21238116","21238375","chr9","21888216","21888475","6","650100"
"chr9","21257150","21257458","chr9","21905785","21906095","4","648635"
"chr9","21271923","21272219","chr9","21920200","21920502","27","648277"
"chr9","21291979","21292278","chr15","58063683","58063984","33","36771704"
"chr9","21360475","21360766","chr9","22008244","22008530","8","647769"
"chr9","21491734","21492009","chr9","22150167","22150441","6","658433"
"chr9","21551467","21551645","chr9","22211188","22211366","0","659721"
"chr9","21553294","21553599","chr1","88257606","88257908","42","66704312"
"chr9","21800635","21800924","chr9","22456660","22456949","4","656025"
"chr9","21803714","21803965","chr9","22459729","22459980","4","656015"
"chr9","21901406","21901703","chr9","22556868","22557165","3","655462"
"chr9","22103961","22104257","chr4","128330254","128330546","35","106226293"
"chr9","22196944","22197223","chr9","22853209","22853487","6","656265"
"chr9","22204218","22204525","chr9","22860569","22860847","32","656351"
"chr9","22256640","22256934","chr9","22913122","22913416","4","656482"
"chr9","22414302","22414587","chr9","23072678","23072965","7","658376"
"chr9","22448573","22448870","chr9","23107126","23107418","6","658553"
"chr9","22533171","22533482","chr9","23191956","23192248","26","658785"
"chr9","22713779","22714070","chr9","23371217","23371508","9","657438"
"chr9","22860738","22861045","chr9","23512683","23512990","6","651945"
"chr9","22937204","22937513","chr1","57489251","57489558","33","34552047"
"chr9","22983100","22983396","chr3","2907703","2908000","39","20075397"
"chr9","22988401","22988707","chr9","23639947","23640251","7","651546"
"chr9","23005586","23005868","chr9","23667042","23667325","5","661456"
"chr9","23012509","23012809","chr9","23674126","23674426","4","661617"
"chr9","23067280","23067566","chr9","23727158","23727444","7","659878"
"chr9","23174638","23174937","chr9","23834149","23834443","13","659511"
"chr9","23188762","23189018","chr9","23848228","23848497","16","659466"
"chr9","23314601","23314822","chr16","39043571","39043789","32","15728970"
"chr9","23532142","23532418","chr9","24191575","24191884","42","659433"
"chr9","23792460","23792762","chr13","26175974","26176278","43","2383514"
"chr9","23919799","23920109","chr9","24577470","24577770","28","657671"
"chr9","23927114","23927419","chr9","24584755","24585060","11","657641"
"chr9","24061178","24061474","chr9","24720030","24720326","5","658852"
"chr9","24077978","24078282","chr9","24736879","24737185","12","658901"
"chr9","24164134","24164444","chr1","188132346","188132653","31","163968212"
"chr9","24386714","24387000","chr8","83543262","83543547","36","59156548"
"chr9","24927062","24927359","chr9","25539097","25539391","10","612035"
"chr9","25025391","25025692","chr9","25634483","25634786","9","609092"
"chr9","25088644","25088939","chr9","25697734","25698028","3","609090"
"chr9","25100088","25100397","chr1","63216852","63217153","42","38116764"
"chr9","25267224","25267522","chr4","20405901","20406196","33","4861323"
"chr9","25304010","25304305","chr9","25907911","25908213","14","603901"
"chr9","25349077","25349377","chr3","165574800","165575101","43","140225723"
"chr9","25846375","25846662","chr9","26462902","26463189","3","616527"
"chr9","25858701","25859011","chr7","117784802","117785110","35","91926101"
"chr9","25879711","25880014","chr9","26492652","26492955","12","612941"
"chr9","25886554","25886842","chr2","93185519","93185812","43","67298965"
"chr9","25919165","25919451","chr2","204069720","204070008","38","178150555"
"chr9","26007647","26007953","chr9","26617002","26617308","4","609355"
"chr9","26102708","26102984","chr9","26710143","26710421","11","607435"
"chr9","26172404","26172537","chr9","26781488","26781621","1","609084"
"chr9","26178902","26179211","chr9","26788506","26788814","11","609604"
"chr9","26295323","26295618","chr9","26905410","26905703","6","610087"
"chr9","26314184","26314477","chr9","26924147","26924440","4","609963"
"chr9","26363468","26363741","chr9","26970282","26970556","5","606814"
"chr9","26405977","26406245","chr8","114711392","114711662","35","88305415"
"chr9","26445738","26446043","chr13","43474471","43474778","31","17028733"
"chr9","26466368","26466661","chrX","1988125","1988424","42","24478243"
"chr9","26484767","26485067","chr9","27096299","27096600","11","611532"
"chr9","26488579","26488879","chr9","27100100","27100401","14","611521"
"chr9","26532151","26532431","chr9","27144335","27144615","15","612184"
"chr9","26631308","26631587","chr9","27238595","27238873","5","607287"
"chr9","26831947","26832230","chr9","27439378","27439664","6","607431"
"chr9","27072530","27072836","chr9","27640073","27640381","7","567543"
"chr9","27078880","27079024","chrX","113551393","113551539","22","86472513"
"chr9","27084385","27084691","chr8","96316989","96317296","36","69232604"
"chr9","27087503","27087814","chr9","27655085","27655390","13","567582"
"chr9","27372519","27372806","chr9","27985773","27986065","11","613254"
"chr9","27429449","27429736","chr9","28042840","28043128","6","613391"
"chr9","27670364","27670678","chr9","28282803","28283082","41","612439"
"chr9","27780268","27780572","chr9","28395429","28395740","22","615161"
"chr9","27788558","27788811","chr9","28403867","28404122","15","615309"
"chr9","27836397","27836670","chr8","76413611","76413891","34","48577214"
"chr9","27841894","27842168","chr9","28456457","28456731","5","614563"
"chr9","27879212","27879521","chr9","28493418","28493725","15","614206"
"chr9","27890243","27890541","chr10","72858072","72858372","35","44967829"
"chr9","27945113","27945402","chr13","27081829","27082114","42","863284"
"chr9","27948378","27948684","chr1","42771177","42771482","31","14822799"
"chr9","27951612","27951925","chr9","28588240","28588516","44","636628"
"chr9","27978847","27979111","chr16","73148116","73148396","51","45169269"
"chr9","28000949","28001235","chr9","28678786","28679084","18","677837"
"chr9","28094646","28094950","chr9","28775635","28775933","21","680989"
"chr9","28117921","28118214","chr6","32662014","32662306","35","4544093"
"chr9","28148497","28148642","chr9","28832451","28832595","3","683954"
"chr9","28177715","28177996","chr9","28861414","28861695","2","683699"
"chr9","28251474","28251776","chr9","28935413","28935715","3","683939"
"chr9","28270941","28271245","chr9","28954844","28955148","9","683903"
"chr9","28440147","28440451","chr9","29125407","29125711","9","685260"
"chr9","28515171","28515456","chr9","29199661","29199957","22","684490"
"chr9","28529420","28529570","chr13","93124583","93124728","20","64595163"
"chr9","28677592","28677868","chr9","29363720","29363996","4","686128"
"chr9","28704831","28705123","chr9","29391431","29391725","7","686600"
"chr9","28709298","28709589","chr9","29396186","29396487","12","686888"
"chr9","28732274","28732579","chr9","29418046","29418344","11","685772"
"chr9","28990692","28990994","chr9","29678253","29678557","10","687561"
"chr9","29058711","29059006","chr1","199563855","199564156","40","170505144"
"chr9","29164010","29164317","chr9","29850995","29851293","14","686985"
"chr9","29229197","29229496","chrX","54056403","54056701","29","24827206"
"chr9","29251268","29251572","chr9","29940514","29940818","14","689246"
"chr9","29366814","29367107","chr9","30056392","30056682","12","689578"
"chr9","29367108","29367223","chr9","30056683","30056797","6","689575"
"chr9","29482462","29482771","chr9","30178548","30178849","12","696086"
"chr9","29499661","29499954","chr9","30195481","30195777","11","695820"
"chr9","29500532","29500783","chr9","30196363","30196614","3","695831"
"chr9","29561666","29561970","chr9","30257877","30258184","13","696211"
"chr9","29699670","29699923","chr9","30394009","30394265","11","694339"
"chr9","29751071","29751369","chrX","114655396","114655690","45","84904325"
"chr9","29773842","29774099","chr6","158296243","158296520","60","128522401"
"chr9","29787003","29787312","chr1","39887022","39887330","31","10100019"
"chr9","29865935","29866262","chr11","133502791","133503108","45","103636856"
"chr9","29900577","29900880","chr3","43652064","43652361","41","13751487"
"chr9","29913880","29913911","chr9","12111432","12111473","11","17802448"
"chr9","29913912","29914070","chr1","94498187","94498345","21","64584275"
"chr9","29953430","29953728","chr9","30650311","30650609","2","696881"
"chr9","29983148","29983418","chrX","143322751","143323028","63","113339603"
"chr9","29990240","29990491","chr9","30689007","30689289","36","698767"
"chr9","30219007","30219308","chr2","149022310","149022607","12","118803303"
"chr9","30348753","30349058","chr4","37791755","37792063","44","7443002"
"chr9","30397325","30397621","chr9","31068345","31068641","4","671020"
"chr9","30476816","30477134","chr9","31148836","31149154","4","672020"
"chr9","30479388","30479694","chr9","31151730","31152024","15","672342"
"chr9","30552461","30552769","chr9","31223818","31224126","7","671357"
"chr9","30593567","30593869","chr9","31264954","31265256","6","671387"
"chr9","30644963","30645272","chr1","22466196","22466496","35","8178767"
"chr9","31093031","31093340","chr16","20798400","20798707","34","10294631"
"chr9","31214919","31215216","chr9","31962253","31962529","29","747334"
"chr9","31275419","31275713","chr9","32022755","32023045","10","747336"
"chr9","31308973","31309268","chr9","32056484","32056779","4","747511"
"chr9","31339216","31339508","chr9","32086773","32087063","7","747557"
"chr9","31348177","31348472","chr9","32095745","32096041","7","747568"
"chr9","31348510","31348815","chr9","32096306","32096608","6","747796"
"chr9","31349761","31350066","chr9","32097556","32097857","7","747795"
"chr9","31389923","31390222","chr9","32137752","32138051","6","747829"
"chr9","31462297","31462535","chr9","32213216","32213453","3","750919"
"chr9","31539244","31539547","chr9","32290269","32290578","17","751025"
"chr9","31550107","31550412","chr9","32301011","32301316","5","750904"
"chr9","31606770","31607069","chr9","32366205","32366498","9","759435"
"chr9","31625506","31625800","chr9","32384184","32384488","20","758678"
"chr9","31655409","31655683","chr14","46703277","46703560","44","15047868"
"chr9","31674353","31674661","chr9","32437461","32437740","33","763108"
"chr9","31676642","31676895","chr8","34023425","34023680","41","2346783"
"chr9","31681460","31681745","chr9","32444271","32444568","20","762811"
"chr9","31711492","31711696","chr9","32475122","32475326","4","763630"
"chr9","31712176","31712440","chr9","37265785","37266047","40","5553609"
"chr9","31836142","31836447","chr9","32603866","32604170","14","767724"
"chr9","31916077","31916365","chr4","32829016","32829314","42","912939"
"chr9","32026928","32027228","chr9","32810795","32811094","21","783867"
"chr9","32075544","32075827","chr9","32869822","32870121","23","794278"
"chr9","32419879","32420188","chr9","33221518","33221827","3","801639"
"chr9","32422961","32423243","chr9","33224619","33224908","12","801658"
"chr9","32462807","32463105","chr9","33261563","33261860","3","798756"
"chr9","32543874","32544178","chr9","33342845","33343152","7","798971"
"chr9","32711994","32712293","chr17","31459940","31460241","34","1252054"
"chr9","32735166","32735467","chr18","34403365","34403666","32","1668199"
"chr9","32803784","32804053","chr9","33603200","33603480","15","799416"
"chr9","32994046","32994341","chr9","33796822","33797119","10","802776"
"chr9","33003048","33003325","chr9","33805848","33806125","4","802800"
"chr9","33120285","33120553","chr9","33923383","33923650","6","803098"
"chr9","33292953","33293251","chr9","34096274","34096569","8","803321"
"chr9","33410972","33411263","chr9","34213837","34214122","21","802865"
"chr9","33414010","33414304","chr9","34215689","34215981","12","801679"
"chr9","33466232","33466545","chr9","34267434","34267747","7","801202"
"chr9","33594730","33595012","chr9","34396388","34396674","9","801658"
"chr9","33667741","33668013","chr9","34470394","34470671","10","802653"
"chr9","33677921","33678207","chr9","34481011","34481305","10","803090"
"chr9","33748287","33748591","chr9","34551374","34551674","13","803087"
"chr9","33987694","33987982","chr9","34795401","34795688","7","807707"
"chr9","34003080","34003386","chr9","34810780","34811111","30","807700"
"chr9","34003707","34004035","chr11","32385303","32385602","71","1618404"
"chr9","34086001","34086297","chr9","34893776","34894072","7","807775"
"chr9","34117918","34118211","chr9","34926148","34926441","10","808230"
"chr9","34216720","34217003","chr9","35025463","35025746","5","808743"
"chr9","34234853","34235151","chr9","35044481","35044778","11","809628"
"chr9","34259513","34259800","chr9","35068639","35068934","25","809126"
"chr9","34305129","34305437","chr9","35114680","35114987","2","809551"
"chr9","34397834","34398123","chr9","35200311","35200599","18","802477"
"chr9","34404993","34405265","chr9","35207619","35207857","38","802626"
"chr9","34456509","34456817","chr9","35258301","35258609","5","801792"
"chr9","34472562","34472871","chr9","35273310","35273619","6","800748"
"chr9","34488445","34488737","chr9","35288819","35289128","22","800374"
"chr9","34522105","34522409","chr9","35322387","35322700","23","800282"
"chr9","34571713","34572009","chr9","35370313","35370608","3","798600"
"chr9","34576373","34576645","chr9","35374743","35375028","15","798370"
"chr9","34587405","34587648","chr9","35386487","35386730","5","799082"
"chr9","34642193","34642485","chr9","35441884","35442172","11","799691"
"chr9","34702392","34702682","chr9","35499424","35499716","9","797032"
"chr9","34714946","34715230","chr7","138298701","138298983","44","103583755"
"chr9","34737328","34737601","chr9","35534497","35534778","16","797169"
"chr9","34805438","34805751","chrX","71543445","71543755","34","36738007"
"chr9","34859813","34860095","chr9","35657509","35657772","24","797696"
"chr9","35644879","35645184","chr9","37707098","37707404","5","2062219"
"chr9","35686992","35687271","chr4","111703512","111703791","44","76016520"
"chr9","35836265","35836549","chr6","177576442","177576722","50","141740177"
"chr9","35881609","35881915","chr9","37932163","37932484","18","2050554"
"chr9","35964139","35964396","chr4","6584590","6584852","44","29379549"
"chr9","36058028","36058305","chr9","36381138","36381415","4","323110"
"chr9","36067870","36068179","chr9","36395667","36395970","13","327797"
"chr9","36070356","36070652","chr9","36398129","36398425","8","327773"
"chr9","36103394","36103717","chr3","30115080","30115399","51","5988314"
"chr9","36318780","36319092","chr9","37386776","37387086","6","1067996"
"chr9","36323129","36323428","chr9","37391125","37391428","13","1067996"
"chr9","36323562","36323864","chr9","37391564","37391861","8","1068002"
"chr9","36338797","36339082","chr13","40099637","40099925","46","3760840"
"chr9","36340521","36340810","chr9","37408180","37408468","5","1067659"
"chr9","36341343","36341618","chr9","37409024","37409299","5","1067681"
"chr9","36368391","36368697","chr1","42771177","42771482","37","6402786"
"chr9","36373307","36373610","chr9","37440095","37440402","15","1066788"
"chr9","36399181","36399490","chr9","37465893","37466195","15","1066712"
"chr9","36420157","36420437","chr9","37487068","37487348","3","1066911"
"chr9","36433921","36434231","chr9","37501425","37501738","9","1067504"
"chr9","36437543","36437852","chr9","37505064","37505373","7","1067521"
"chr9","36440023","36440329","chr9","37507547","37507841","13","1067524"
"chr9","36440605","36440761","chr9","5939586","5939740","19","30501019"
"chr9","36454310","36454447","chr9","37521719","37521856","4","1067409"
"chr9","36482564","36482853","chr9","37550192","37550480","6","1067628"
"chr9","36491121","36491395","chr7","135583846","135584129","36","99092725"
"chr9","36549100","36549406","chr11","7184249","7184544","39","29364851"
"chr9","36556552","36556861","chr13","3139330","3139635","33","33417222"
"chr9","36570034","36570320","chr7","20101685","20101970","40","16468349"
"chr9","36613109","36613401","chr9","37951605","37951908","15","1338496"
"chr9","36695532","36695835","chr9","84829109","84829401","45","48133577"
"chr9","36816420","36816728","chr9","38150826","38151125","17","1334406"
"chr9","36824016","36824314","chr9","38158506","38158804","5","1334490"
"chr9","36844799","36845097","chr9","38177609","38177904","11","1332810"
"chr9","36867264","36867510","chr9","38200432","38200679","6","1333168"
"chr9","36877201","36877492","chr9","38210838","38211127","19","1333637"
"chr9","36892004","36892290","chr2","106222108","106222394","40","69330104"
"chr9","36907501","36907807","chr5","77888840","77889139","42","40981339"
"chr9","36952692","36952982","chr4","108935768","108936062","37","71983076"
"chr9","36954982","36955278","chr4","32829016","32829314","38","4125966"
"chr9","36986032","36986356","chr3","166642468","166642788","47","129656436"
"chr9","36999804","37000000","chrX","66006154","66006359","36","29006350"
"chr9","37022143","37022448","chr15","85123657","85123963","40","48101514"
"chr9","37127071","37127355","chr1","102053513","102053795","42","64926442"
"chr9","37153763","37154054","chr9","38255658","38255905","49","1101895"
"chr9","37638386","37638685","chr9","38742154","38742453","9","1103768"
"chr9","37639573","37639871","chr9","38743340","38743638","6","1103767"
"chr9","37658980","37659278","chr9","38761935","38762233","4","1102955"
"chr9","37681128","37681434","chr7","133462935","133463240","41","95781807"
"chr9","37686921","37687224","chr9","38789383","38789687","7","1102462"
"chr9","37715949","37716257","chr9","38818720","38819020","13","1102771"
"chr9","37716268","37716574","chr9","38819042","38819349","31","1102774"
"chr9","37733827","37734129","chr9","38836581","38836884","15","1102754"
"chr9","37734828","37735135","chr9","38837593","38837893","10","1102765"
"chr9","37773498","37773814","chr9","38878600","38878905","16","1105102"
"chr9","37779746","37780054","chr9","38884848","38885156","8","1105102"
"chr9","37780553","37780849","chr5","1803150","1803442","38","35977403"
"chr9","37787256","37787548","chr9","38892185","38892478","5","1104929"
"chr9","37799034","37799274","chr4","37452176","37452410","28","346858"
"chr9","37900615","37900923","chr9","39043024","39043328","8","1142409"
"chr9","38114363","38114613","chr2","70655413","70655669","45","32541050"
"chr9","38281864","38282168","chr9","39420061","39420364","10","1138197"
"chr9","38695578","38695810","chr16","57627733","57627976","39","18932155"
"chr9","39074602","39074909","chr9","40236059","40236362","12","1161457"
"chr9","39099998","39100282","chr9","40261424","40261708","10","1161426"
"chr9","39186550","39186841","chr15","109215974","109216266","36","70029424"
"chr9","39187467","39187730","chr20","284750","285011","33","38902717"
"chr9","39203964","39204256","chr1","199285599","199285892","32","160081635"
"chr9","39233242","39233513","chr9","40790180","40790450","4","1556938"
"chr9","39395099","39395391","chr9","41058391","41058686","8","1663292"
"chr9","39502057","39502369","chr9","41169501","41169813","4","1667444"
"chr9","39535485","39535791","chr9","41203120","41203423","12","1667635"
"chr9","39575207","39575507","chr10","25619444","25619740","39","13955763"
"chr9","39646304","39646586","chr9","41327141","41327423","15","1680837"
"chr9","39650710","39651013","chr9","41331384","41331687","3","1680674"
"chr9","39697188","39697484","chr5","109216721","109217017","30","69519533"
"chr9","39793088","39793381","chr2","149190520","149190816","34","109397432"
"chr9","39808485","39808793","chr13","29700509","29700811","46","10107976"
"chr9","39847368","39847667","chr9","44160305","44160609","7","4312937"
"chr9","40116261","40116563","chr9","43898408","43898701","10","3782147"
"chr9","40125310","40125599","chr15","44384210","44384513","38","4258900"
"chr9","40177158","40177430","chr9","43845241","43845517","22","3668083"
"chr9","40182108","40182405","chr9","43840298","43840598","8","3658190"
"chr9","40224803","40225105","chr9","43798765","43799065","8","3573962"
"chr9","40354348","40354635","chr12","120877698","120877980","29","80523350"
"chr9","40453330","40453630","chr9","43570272","43570576","10","3116942"
"chr9","40643303","40643600","chr2","115267545","115267840","37","74624242"
"chr9","40813707","40814015","chr9","43209690","43209968","32","2395983"
"chr9","41106797","41107098","chr9","42921083","42921380","8","1814286"
"chr9","41313318","41313623","chr4","7096558","7096862","42","34216760"
"chr9","41361043","41361343","chr16","58679852","58680150","37","17318809"
"chr9","41542897","41543192","chr9","42485902","42486195","6","943005"
"chr9","41624942","41625247","chr9","42404125","42404423","10","779183"
"chr9","41832392","41832695","chr9","42192781","42193082","8","360389"
"chr9","41846445","41846732","chr9","42178757","42179044","4","332312"
"chr9","42039463","42039752","chr2","122744687","122744980","41","80705224"
"chr9","42111449","42111753","chr9","41915564","41915865","25","195885"
"chr9","42409516","42409815","chr9","44621517","44621813","13","2212001"
"chr9","42457005","42457303","chr9","44577336","44577635","5","2120331"
"chr9","42503041","42503334","chr2","94729309","94729599","36","52226268"
"chr9","42526317","42526614","chr9","44505426","44505714","15","1979109"
"chr9","42540511","42540810","chr9","44491608","44491906","8","1951097"
"chr9","42558440","42558718","chr7","151463340","151463620","33","108904900"
"chr9","42758764","42759054","chr9","41530266","41530556","2","1228498"
"chr9","42851622","42851660","chr9","12111432","12111473","9","30740190"
"chr9","42851661","42851934","chr9","41614211","41614499","21","1237450"
"chr9","43041292","43041586","chr9","92895163","92895462","35","49853871"
"chr9","43079076","43079381","chr9","45295291","45295596","8","2216215"
"chr9","43080189","43080491","chr1","22373320","22373619","39","20706869"
"chr9","43217364","43217665","chr9","45438564","45438868","9","2221200"
"chr9","43233582","43233880","chr9","45454699","45454991","9","2221117"
"chr9","43272998","43273293","chr9","45493194","45493493","9","2220196"
"chr9","43290199","43290341","chr3","40720525","40720666","18","2569674"
"chr9","43292669","43292962","chr9","45510956","45511249","10","2218287"
"chr9","43315467","43315776","chr9","45532127","45532436","7","2216660"
"chr9","43333218","43333488","chr1","9824731","9825000","71","33508487"
"chr9","43359941","43360280","chr11","19880153","19880487","48","23479788"
"chr9","43423257","43423561","chr8","129878729","129879031","45","86455472"
"chr9","43433937","43434240","chr4","151149695","151150004","45","107715758"
"chr9","43456677","43456983","chr9","45676110","45676416","9","2219433"
"chr9","43495141","43495440","chr1","12523128","12523425","39","30972013"
"chr9","43497628","43497926","chr15","86200563","86200857","40","42702935"
"chr9","43499007","43499317","chr9","45737580","45737892","7","2238573"
"chr9","43532980","43533278","chr9","45771844","45772143","3","2238864"
"chr9","43536490","43536783","chr9","45775113","45775404","7","2238623"
"chr9","43622174","43622469","chr9","45865351","45865646","4","2243177"
"chr9","43625764","43626046","chr13","70811388","70811681","45","27185624"
"chr9","43630633","43630952","chr9","45874881","45875192","17","2244248"
"chr9","43873506","43873639","chr9","46115606","46115739","4","2242100"
"chr9","43975515","43975806","chr13","70811388","70811681","28","26835873"
"chr9","44231187","44231485","chr9","46530080","46530381","11","2298893"
"chr9","44356429","44356733","chr2","84467065","84467370","31","40110636"
"chr9","44371164","44371470","chr9","46674456","46674738","32","2303292"
"chr9","44814082","44814390","chr16","9806969","9807277","32","35007113"
"chr9","44900142","44900436","chr9","98680358","98680654","44","53780216"
"chr9","45709482","45709747","chr9","48140795","48141070","20","2431313"
"chr9","45720973","45721273","chr9","48152418","48152725","11","2431445"
"chr9","45723565","45723870","chr9","48155017","48155322","5","2431452"
"chr9","45728335","45728625","chr4","92811123","92811388","71","47082788"
"chr9","45742034","45742332","chr9","48169871","48170174","19","2427837"
"chr9","45758405","45758625","chr7","20114549","20114774","48","25643856"
"chr9","45867595","45867879","chr9","48295965","48296259","22","2428370"
"chr9","45933415","45933717","chr9","48360821","48361144","36","2427406"
"chr9","45954215","45954414","chr9","57147177","57147377","28","11192962"
"chr9","45987759","45988043","chr9","48414169","48414450","10","2426410"
"chr9","46049937","46050241","chr9","48475758","48476062","8","2425821"
"chr9","46215839","46216145","chr9","48641234","48641529","19","2425395"
"chr9","46261664","46261964","chr9","48687004","48687313","21","2425340"
"chr9","46320839","46320950","chr7","14781389","14781499","28","31539450"
"chr9","46482373","46482668","chr9","48905700","48905995","5","2423327"
"chr9","46657117","46657414","chr9","49128564","49128861","6","2471447"
"chr9","46863540","46863848","chr9","49338064","49338342","34","2474524"
"chr9","46864968","46865251","chr9","49338064","49338342","8","2473096"
"chr9","46997815","46998094","chr9","49498111","49498391","16","2500296"
"chr9","47454756","47455042","chr9","49955384","49955695","34","2500628"
"chr9","47544009","47544295","chr9","50045931","50046212","9","2501922"
"chr9","47564178","47564477","chr9","50067742","50068034","12","2503564"
"chr9","47572652","47572958","chr9","50076202","50076497","15","2503550"
"chr9","47579448","47579748","chr9","50082965","50083262","7","2503517"
"chr9","47772596","47772931","chr19","9157159","9157493","44","38615437"
"chr9","47869402","47869696","chr1","92863912","92864206","32","44994510"
"chr9","48255755","48256069","chr9","51303867","51304155","30","3048112"
"chr9","48399449","48399747","chr8","33494747","33495044","40","14904702"
"chr9","48644911","48645206","chr9","50910294","50910598","14","2265383"
"chr9","48657114","48657411","chr9","50899108","50899395","26","2241994"
"chr9","48737247","48737530","chr9","50817885","50818168","25","2080638"
"chr9","48927818","48928112","chr9","50627061","50627358","13","1699243"
"chr9","49000989","49001258","chr9","50552053","50552322","11","1551064"
"chr9","49156613","49156917","chr4","1179209","1179510","34","47977404"
"chr9","49293306","49293586","chr9","50264455","50264741","12","971149"
"chr9","49428462","49428747","chr9","50127179","50127464","9","698717"
"chr9","49475626","49475918","chr9","51988178","51988472","10","2512552"
"chr9","49482610","49482779","chr9","51995183","51995352","5","2512573"
"chr9","49529069","49529378","chr9","52044393","52044702","4","2515324"
"chr9","49571800","49572071","chr9","52087944","52088215","10","2516144"
"chr9","49576391","49576696","chr9","52092533","52092835","8","2516142"
"chr9","49648647","49648908","chr9","52168272","52168537","9","2519625"
"chr9","49721120","49721414","chr9","52241731","52242025","3","2520611"
"chr9","49805610","49805909","chr9","52325858","52326157","6","2520248"
"chr9","49885555","49885857","chr9","52418984","52419287","21","2533429"
"chr9","50017034","50017216","chr7","6055953","6056137","31","43961081"
"chr9","50070334","50070631","chr9","52605215","52605512","5","2534881"
"chr9","50291184","50291484","chr6","131966421","131966716","30","81675237"
"chr9","50297058","50297345","chr9","52804949","52805236","9","2507891"
"chr9","50691183","50691471","chr9","53247190","53247477","4","2556007"
"chr9","50888356","50888662","chr9","53444677","53444984","8","2556321"
"chr9","50891326","50891626","chr9","57526964","57527261","34","6635638"
"chr9","50984560","50984870","chr9","53537098","53537408","6","2552538"
"chr9","51101235","51101510","chr9","53653623","53653900","7","2552388"
"chr9","51305452","51305759","chr9","53858927","53859234","2","2553475"
"chr9","51319608","51319910","chr9","53873001","53873308","12","2553393"
"chr9","51637158","51637441","chrX","94591676","94591967","45","42954518"
"chr9","51676844","51677152","chr15","56843173","56843482","32","5166329"
"chr9","51696454","51696758","chr9","54275768","54276076","12","2579314"
"chr9","51716955","51717237","chr9","54295595","54295880","6","2578640"
"chr9","51721925","51722237","chr9","54300876","54301186","3","2578951"
"chr9","51726203","51726500","chr9","54304785","54305082","9","2578582"
"chr9","51738609","51738886","chr9","54317748","54318009","35","2579139"
"chr9","51815416","51815712","chr9","54392252","54392551","19","2576836"
"chr9","51855825","51856116","chr9","54432681","54432972","2","2576856"
"chr9","51909844","51910148","chr9","54487197","54487495","10","2577353"
"chr9","51933949","51934246","chr6","44280025","44280321","39","7653924"
"chr9","52003286","52003506","chr9","54584502","54584722","7","2581216"
"chr9","52007124","52007424","chr9","54588335","54588635","3","2581211"
"chr9","52036208","52036521","chr9","54617799","54618114","10","2581591"
"chr9","52037912","52038140","chr5","153361177","153361421","52","101323265"
"chr9","52161699","52161885","chr19","32370449","32370635","30","19791250"
"chr9","52198430","52198723","chr9","57019375","57019669","7","4820945"
"chr9","52303776","52304078","chr9","56915229","56915517","28","4611453"
"chr9","52675220","52675533","chr9","56545390","56545700","11","3870170"
"chr9","53075742","53076051","chr9","56112187","56112507","12","3036445"
"chr9","53581755","53582057","chr9","55612548","55612846","13","2030793"
"chr9","53819275","53819568","chr9","55368086","55368380","5","1548811"
"chr9","53934711","53935022","chr9","55252860","55253171","10","1318149"
"chr9","53937579","53937873","chr9","55250007","55250303","6","1312428"
"chr9","54140523","54140820","chr9","55048929","55049200","32","908406"
"chr9","54356610","54356884","chr9","54834542","54834816","6","477932"
"chr9","54362240","54362537","chrX","54056403","54056701","31","305837"
"chr9","54420153","54420458","chr4","31754403","31754708","35","22665750"
"chr9","54442607","54442913","chr9","54753216","54753523","5","310609"
"chr9","54470212","54470491","chr9","54724697","54724998","28","254485"
"chr9","54501701","54501978","chr9","54693333","54693608","8","191632"
"chr9","54503172","54503509","chr1","154299577","154299905","49","99796405"
"chr9","54508813","54509107","chr9","54685937","54686233","8","177124"
"chr9","54531009","54531300","chr9","57138159","57138446","12","2607150"
"chr9","54539834","54540034","chr9","57147177","57147377","3","2607343"
"chr9","54568111","54568413","chr9","57176191","57176496","8","2608080"
"chr9","54730591","54730906","chr16","61253797","61254104","49","6523206"
"chr9","54779557","54779851","chr3","125336567","125336861","35","70557010"
"chr9","54804484","54804789","chr9","57412425","57412701","32","2607941"
"chr9","54913815","54914120","chr9","57521949","57522254","2","2608134"
"chr9","54920995","54921287","chr9","57528822","57529116","9","2607827"
"chr9","54931114","54931411","chr9","57538170","57538469","6","2607056"
"chr9","54960802","54961108","chr1","162660720","162661027","37","107699918"
"chr9","55015556","55015843","chr9","57631403","57631697","12","2615847"
"chr9","55042686","55042981","chr11","45347736","45348026","32","9694950"
"chr9","55061721","55062026","chr8","96316989","96317296","30","41255268"
"chr9","55323702","55324008","chr3","170225271","170225577","44","114901569"
"chr9","55345251","55345551","chr9","57967868","57968146","24","2622617"
"chr9","55363839","55364093","chr9","57986745","57987028","32","2622906"
"chr9","55371296","55371579","chr9","57994479","57994763","3","2623183"
"chr9","55525218","55525509","chr9","58161335","58161630","6","2636117"
"chr9","55536376","55536674","chr9","58172404","58172703","5","2636028"
"chr9","55537604","55537890","chr9","58173634","58173921","7","2636030"
"chr9","55559598","55559882","chr9","58194886","58195168","7","2635288"
"chr9","55583104","55583402","chr2","142435944","142436238","36","86852840"
"chr9","55587296","55587597","chrX","54056403","54056701","39","1530893"
"chr9","55603390","55603678","chr9","34396388","34396674","38","21207002"
"chr9","55670426","55670744","chr9","124948634","124948941","41","69278208"
"chr9","55731607","55731916","chr9","58365212","58365515","8","2633605"
"chr9","55763446","55763711","chrX","7737456","7737718","36","48025990"
"chr9","55768709","55769007","chr9","58398480","58398775","7","2629771"
"chr9","55781350","55781657","chr9","58411705","58412012","13","2630355"
"chr9","55821108","55821307","chr15","634438","634632","23","55186670"
"chr9","55869326","55869606","chrX","41510631","41510914","38","14358695"
"chr9","55913302","55913608","chr9","58546509","58546817","11","2633207"
"chr9","55997229","55997533","chr9","58632001","58632308","8","2634772"
"chr9","56007761","56008063","chr9","58642101","58642404","1","2634340"
"chr9","56098985","56099263","chr9","58733335","58733631","22","2634350"
"chr9","56104814","56105126","chr15","48953737","48954046","35","7151077"
"chr9","56116655","56116961","chr10","14414453","14414758","34","41702202"
"chr9","56124095","56124374","chr9","58757713","58757992","5","2633618"
"chr9","56139688","56139982","chr2","188519211","188519509","43","132379523"
"chr9","56152084","56152279","chr15","634438","634632","24","55517646"
"chr9","56174179","56174444","chr9","58811965","58812230","2","2637786"
"chr9","56202733","56203009","chr9","58840350","58840631","15","2637617"
"chr9","56205922","56206240","chr9","58843693","58843986","34","2637771"
"chr9","56225118","56225427","chr2","56260544","56260853","30","35426"
"chr9","56229089","56229393","chr9","58869898","58870204","5","2640809"
"chr9","56308245","56308529","chr19","11833951","11834240","35","44474294"
"chr9","56312506","56312797","chr9","58954253","58954545","4","2641747"
"chr9","56317939","56318219","chr15","111001924","111002208","39","54683985"
"chr9","56321106","56321409","chr1","22373320","22373619","32","33947786"
"chr9","56325404","56325696","chr9","58967260","58967553","3","2641856"
"chr9","56333397","56333693","chr9","58975602","58975898","5","2642205"
"chr9","56467653","56467931","chr9","59114126","59114425","24","2646473"
"chr9","56531062","56531353","chr16","62956126","62956420","38","6425064"
"chr9","56534144","56534442","chr16","10171832","10172128","43","46362312"
"chr9","56535876","56536145","chr9","59184759","59185046","24","2648883"
"chr9","56561385","56561687","chr9","59211418","59211718","7","2650033"
"chr9","56567493","56567788","chr2","103256851","103257147","40","46689358"
"chr9","56569116","56569423","chr9","59219645","59219951","9","2650529"
"chr9","56761152","56761451","chr9","59402040","59402348","11","2640888"
"chr9","56777606","56777925","chr9","59418287","59418605","7","2640681"
"chr9","56808317","56808598","chr9","59448764","59449045","2","2640447"
"chr9","56849945","56850250","chr7","95157109","95157413","35","38307164"
"chr9","56877688","56877908","chr9","59517201","59517421","3","2639513"
"chr9","56879575","56879877","chr9","59519088","59519389","8","2639513"
"chr9","56955498","56955776","chr9","59595039","59595344","34","2639541"
"chr9","56976864","56977137","chr9","59616819","59617110","22","2639955"
"chr9","56985878","56986194","chr9","59626001","59626311","10","2640123"
"chr9","57025874","57026176","chr4","31898756","31899058","40","25127118"
"chr9","57034407","57034704","chr9","102568941","102569236","38","45534534"
"chr9","57035014","57035324","chr1","188982583","188982888","36","131947569"
"chr9","57048977","57049286","chr9","59694210","59694509","11","2645233"
"chr9","57054315","57054610","chr9","59700242","59700536","4","2645927"
"chr9","57055875","57056112","chr5","40409921","40410155","31","16645954"
"chr9","57074654","57074967","chr14","18300910","18301225","44","38773744"
"chr9","57140348","57140647","chr17","23775743","23776042","36","33364605"
"chr9","57189987","57190289","chr9","59838754","59839054","10","2648767"
"chr9","57249963","57250261","chr9","59893325","59893626","24","2643362"
"chr9","57250616","57250925","chr9","59893983","59894292","7","2643367"
"chr9","57334228","57334522","chr9","59979468","59979768","10","2645240"
"chr9","57352436","57352715","chr9","59997491","59997770","6","2645055"
"chr9","57355861","57356161","chr9","60000910","60001215","11","2645049"
"chr9","57424181","57424486","chr9","60069313","60069616","18","2645132"
"chr9","57434968","57435260","chr9","60080336","60080630","15","2645368"
"chr9","57439393","57439696","chr9","60084764","60085072","11","2645371"
"chr9","57444840","57445110","chr9","60090676","60090945","7","2645836"
"chr9","57461488","57461780","chr9","60106427","60106721","10","2644939"
"chr9","57483364","57483721","chr9","60128160","60128512","12","2644796"
"chr9","57520204","57520509","chr9","60161176","60161481","10","2640972"
"chr9","57534731","57535016","chr9","60175999","60176284","3","2641268"
"chr9","57535199","57535492","chr9","60176461","60176760","13","2641262"
"chr9","57608564","57608851","chr9","60246905","60247199","10","2638341"
"chr9","57620339","57620633","chr9","60258100","60258388","11","2637761"
"chr9","57673759","57674009","chr9","60311767","60312044","33","2638008"
"chr9","57705028","57705307","chr9","60343669","60343948","2","2638641"
"chr9","57734278","57734569","chr9","60373081","60373362","30","2638803"
"chr9","57807586","57807873","chr9","60449378","60449666","4","2641792"
"chr9","57856148","57856427","chr7","44189819","44190096","34","13666329"
"chr9","57860724","57861026","chr9","60504334","60504636","7","2643610"
"chr9","57870856","57871147","chr10","27603379","27603669","31","30267477"
"chr9","57890386","57890691","chrX","128903017","128903324","34","71012631"
"chr9","58052723","58053011","chr9","60697453","60697738","19","2644730"
"chr9","58082254","58082566","chr9","60727299","60727611","11","2645045"
"chr9","58425652","58425953","chr9","61073616","61073917","9","2647964"
"chr9","58533153","58533454","chr9","61180914","61181213","13","2647761"
"chr9","58545368","58545652","chr9","61193170","61193454","14","2647802"
"chr9","58898244","58898532","chr9","61541665","61541953","2","2643421"
"chr9","59024176","59024484","chr9","61664994","61665288","22","2640818"
"chr9","59082974","59083261","chr9","61724042","61724327","4","2641068"
"chr9","59315856","59316146","chr9","62012669","62012959","8","2696813"
"chr9","59358661","59358906","chr6","179384905","179385146","31","120026244"
"chr9","59382339","59382635","chr9","62081208","62081500","20","2698869"
"chr9","59386648","59386808","chr19","21207349","21207512","25","38179299"
"chr9","59469813","59470117","chr9","62169227","62169531","5","2699414"
"chr9","59515345","59515648","chr9","62214381","62214673","21","2699036"
"chr9","59537838","59538140","chr9","62236881","62237183","9","2699043"
"chr9","59604266","59604555","chr9","62298589","62298877","8","2694323"
"chr9","59650596","59650905","chr9","62345118","62345431","8","2694522"
"chr9","59954604","59954904","chr9","62644586","62644886","3","2689982"
"chr9","60056582","60056857","chr11","110433939","110434213","35","50377357"
"chr9","60120274","60120558","chr9","62811387","62811677","14","2691113"
"chr9","60256717","60257025","chr10","62331135","62331441","53","2074418"
"chr9","60286389","60286682","chr15","100301770","100302065","34","40015381"
"chr9","60329227","60329508","chr9","63021699","63021983","12","2692472"
"chr9","60400069","60400368","chr9","63093267","63093564","9","2693198"
"chr9","60417306","60417599","chr9","63111139","63111434","7","2693833"
"chr9","60442956","60443261","chr1","42771177","42771482","39","17671779"
"chr9","60451177","60451484","chr9","63146492","63146799","3","2695315"
"chr9","60454173","60454459","chr6","131966421","131966716","37","71512248"
"chr9","60464136","60464439","chr9","63159572","63159878","5","2695436"
"chr9","60549896","60550055","chr19","10751688","10751836","26","49798208"
"chr9","60604153","60604425","chr8","76413611","76413891","35","15809458"
"chr9","60622020","60622310","chr9","63319825","63320115","2","2697805"
"chr9","60630810","60631119","chr9","63327984","63328293","6","2697174"
"chr9","60631315","60631509","chr9","63328489","63328683","1","2697174"
"chr9","60652332","60652514","chr2","128693585","128693775","34","68041253"
"chr9","60652701","60652831","chr3","51331721","51331852","14","9320980"
"chr9","60657540","60657851","chr8","122970792","122971096","34","62313252"
"chr9","60681412","60681721","chr9","63380853","63381154","14","2699441"
"chr9","60704920","60705050","chr3","2965731","2965863","15","57739189"
"chr9","60714106","60714415","chr9","63413198","63413490","19","2699092"
"chr9","60724277","60724578","chr18","34881303","34881600","33","25842974"
"chr9","60735335","60735629","chr16","42689947","42690240","31","18045388"
"chr9","60748176","60748454","chr9","63438389","63438665","9","2690213"
"chr9","60766601","60766904","chr4","1638003","1638304","39","59128598"
"chr9","60809481","60809771","chr9","63503664","63503952","2","2694183"
"chr9","60848430","60848737","chr9","63545723","63546027","6","2697293"
"chr9","60854564","60854842","chr9","63551643","63551925","5","2697079"
"chr9","60869617","60869880","chr9","63565911","63566173","7","2696294"
"chr9","60897703","60897998","chr14","118316307","118316599","35","57418604"
"chr9","60936021","60936175","chr9","63631809","63631963","2","2695788"
"chr9","60956623","60956909","chr9","63653512","63653797","5","2696889"
"chr9","61004328","61004620","chr9","63705028","63705322","10","2700700"
"chr9","61059614","61059913","chr9","63758506","63758829","29","2698892"
"chr9","61064305","61064587","chr16","61188609","61188892","36","124304"
"chr9","61071693","61071987","chr10","82544162","82544460","31","21472469"
"chr9","61111558","61111851","chr9","63810203","63810496","5","2698645"
"chr9","61132094","61132389","chr16","23716404","23716704","45","37415690"
"chr9","61149260","61149551","chr9","63848231","63848515","13","2698971"
"chr9","61154494","61154784","chr9","63853642","63853927","9","2699148"
"chr9","61164576","61164868","chr9","63865809","63866102","4","2701233"
"chr9","61167517","61167812","chr9","63868640","63868941","10","2701123"
"chr9","61201572","61201820","chr1","221317101","221317355","54","160115529"
"chr9","61237723","61237970","chr1","124891110","124891372","48","63653387"
"chr9","61259887","61260179","chr9","63962539","63962827","10","2702652"
"chr9","61280253","61280558","chr9","63982810","63983124","14","2702557"
"chr9","61342120","61342413","chr5","63819432","63819728","35","2477312"
"chr9","61348592","61348886","chr9","64053541","64053854","24","2704949"
"chr9","61359787","61360094","chr9","64065651","64065957","7","2705864"
"chr9","61365001","61365282","chr3","85212352","85212630","41","23847351"
"chr9","61380740","61381028","chr9","64087376","64087662","4","2706636"
"chr9","61389981","61390270","chr9","64095493","64095784","6","2705512"
"chr9","61403362","61403659","chr9","64109184","64109483","5","2705822"
"chr9","61416236","61416532","chr9","64121076","64121372","3","2704840"
"chr9","61424035","61424296","chr11","95250339","95250599","39","33826304"
"chr9","61435477","61435768","chr9","64139871","64140165","6","2704394"
"chr9","61466120","61466385","chr9","64173444","64173713","10","2707324"
"chr9","61477707","61477902","chr9","64185019","64185215","3","2707312"
"chr9","61496010","61496293","chr9","64206879","64207153","9","2710869"
"chr9","61496449","61496755","chr9","64207309","64207615","5","2710860"
"chr9","61498047","61498345","chr9","64209229","64209513","16","2711182"
"chr9","61517556","61517867","chr3","170225271","170225577","39","108707715"
"chr9","61521973","61522270","chr1","139503089","139503378","49","77981116"
"chr9","61532878","61533167","chr7","6595521","6595820","40","54937357"
"chr9","61558122","61558419","chr9","64270835","64271129","15","2712713"
"chr9","61632624","61632927","chr9","64347446","64347748","5","2714822"
"chr9","61752253","61752562","chr9","64467764","64468068","11","2715511"
"chr9","61783309","61783540","chr3","132439360","132439598","43","70656051"
"chr9","61794440","61794736","chr9","64510441","64510734","6","2716001"
"chr9","61820634","61820946","chr9","64537485","64537797","3","2716851"
"chr9","61823066","61823380","chr9","64539916","64540215","25","2716850"
"chr9","61923200","61923461","chr9","64642604","64642861","11","2719404"
"chr9","61937627","61937935","chr9","64657598","64657906","6","2719971"
"chr9","61961882","61962195","chr9","64682300","64682608","13","2720418"
"chr9","61978700","61978990","chr9","64699190","64699478","8","2720490"
"chr9","61983310","61983602","chr9","64703798","64704092","5","2720488"
"chr9","61987117","61987429","chr9","64708233","64708549","9","2721116"
"chr9","61999047","61999336","chr9","64719586","64719875","8","2720539"
"chr9","62001034","62001333","chr9","64722761","64723060","8","2721727"
"chr9","62001544","62001848","chr9","64723264","64723567","13","2721720"
"chr9","62008459","62008747","chr12","77317855","77318145","43","15309396"
"chr9","62013303","62013610","chr14","8705565","8705873","41","53307738"
"chr9","62023459","62023740","chr6","131966421","131966716","42","69942962"
"chr9","62050148","62050442","chr9","64759825","64760124","10","2709677"
"chr9","62065206","62065497","chr9","64775855","64776146","7","2710649"
"chr9","62085202","62085500","chr9","64795855","64796150","6","2710653"
"chr9","62092597","62092896","chr9","64804161","64804448","18","2711564"
"chr9","62384614","62384927","chr9","65105456","65105769","7","2720842"
"chr9","62470525","62470802","chr9","65193227","65193499","8","2722702"
"chr9","62572754","62573041","chr9","65297063","65297352","8","2724309"
"chr9","62700898","62701191","chr9","65431388","65431693","16","2730490"
"chr9","62819010","62819308","chr7","41647454","41647750","32","21171556"
"chr9","62862871","62863000","chr9","65590531","65590661","2","2727660"
"chr9","62928882","62929198","chr3","171435507","171435819","40","108506625"
"chr9","62949900","62950187","chr9","65674244","65674530","7","2724344"
"chr9","63172134","63172443","chr9","65924953","65925262","12","2752819"
"chr9","63846169","63846463","chr5","25163551","25163847","35","38682618"
"chr9","63888915","63889183","chr9","66639808","66640076","5","2750893"
"chr9","64056275","64056571","chr1","199505953","199506249","45","135449678"
"chr9","64067980","64068274","chr9","66808978","66809273","8","2740998"
"chr9","64068455","64068752","chr9","66809453","66809750","1","2740998"
"chr9","64093123","64093413","chr9","66834511","66834798","6","2741388"
"chr9","64116940","64117220","chr9","66858281","66858561","3","2741341"
"chr9","64166102","64166326","chr9","66908151","66908366","14","2742049"
"chr9","64178169","64178471","chr9","66920225","66920527","6","2742056"
"chr9","64530785","64531081","chr9","67263108","67263403","8","2732323"
"chr9","64576960","64577245","chr7","27042398","27042682","35","37534562"
"chr9","64596359","64596661","chr9","67328093","67328385","15","2731734"
"chr9","64706694","64706973","chr9","67435706","67435983","6","2729012"
"chr9","64831461","64831750","chr4","158542209","158542495","49","93710748"
"chr9","64849836","64850045","chr10","18738551","18738757","30","46111285"
"chr9","65036199","65036494","chr9","67838019","67838320","10","2801820"
"chr9","65494608","65494910","chr1","27794889","27795194","36","37699719"
"chr9","65512208","65512516","chr9","68321733","68322041","7","2809525"
"chr9","65630405","65630710","chrX","15505798","15506097","35","50124607"
"chr9","65644454","65644762","chr14","115784371","115784680","39","50139917"
"chr9","65734144","65734447","chr11","65158563","65158865","35","575581"
"chr9","65854618","65854926","chr9","68666418","68666725","6","2811800"
"chr9","66039405","66039708","chr9","68864353","68864650","10","2824948"
"chr9","66071500","66071653","chr12","107121770","107121917","17","41050270"
"chr9","66083729","66084017","chr9","68908945","68909231","10","2825216"
"chr9","66203622","66203922","chr9","69026534","69026831","8","2822912"
"chr9","66259869","66260169","chr7","127396317","127396611","39","61136448"
"chr9","66281222","66281529","chr9","69105018","69105324","6","2823796"
"chr9","66321149","66321452","chr10","86807338","86807647","35","20486189"
"chr9","66348087","66348393","chr9","69171806","69172098","16","2823719"
"chr9","66363674","66363954","chr16","73148116","73148396","41","6784442"
"chr9","66385142","66385427","chr13","27759040","27759327","40","38626102"
"chr9","66394525","66394820","chr9","54685937","54686233","39","11708588"
"chr9","66473469","66473748","chr1","222055168","222055444","36","155581699"
"chr9","66474498","66474791","chr4","54157080","54157372","35","12317418"
"chr9","66489365","66489674","chr9","69312888","69313196","5","2823523"
"chr9","66492840","66493124","chr9","69316047","69316337","12","2823207"
"chr9","66575266","66575552","chr9","69397286","69397573","5","2822020"
"chr9","66589665","66589957","chr9","69412589","69412888","10","2822924"
"chr9","66642646","66642913","chr9","69477837","69478104","1","2835191"
"chr9","66654827","66655094","chr9","69477837","69478104","1","2823010"
"chr9","66693261","66693569","chr16","9390150","9390448","42","57303111"
"chr9","66741428","66741698","chr9","69564078","69564346","10","2822650"
"chr9","66743136","66743403","chr9","69565788","69566057","12","2822652"
"chr9","66748437","66748739","chr9","69571077","69571378","3","2822640"
"chr9","66752773","66753065","chrX","1988125","1988424","38","64764648"
"chr9","66762680","66762982","chr9","69585453","69585746","12","2822773"
"chr9","66769206","66769512","chr9","69591940","69592243","7","2822734"
"chr9","66770918","66771229","chr9","69593650","69593960","10","2822732"
"chr9","66782234","66782533","chr9","69604988","69605288","4","2822754"
"chr9","66787508","66787786","chr13","87151541","87151819","36","20364033"
"chr9","66797813","66798117","chr9","69618974","69619276","9","2821161"
"chr9","66859575","66859870","chr9","69685674","69685967","10","2826099"
"chr9","67023438","67023729","chr9","69846966","69847258","6","2823528"
"chr9","67400942","67401239","chr9","70224990","70225289","7","2824048"
"chr9","67738688","67738986","chr4","135897019","135897320","35","68158331"
"chr9","67817553","67817855","chr9","70637026","70637332","8","2819473"
"chr9","67870181","67870494","chr15","7993546","7993855","39","59876635"
"chr9","67958517","67958826","chr9","70782364","70782665","21","2823847"
"chr9","67961874","67962174","chr9","70785713","70786007","19","2823839"
"chr9","67974061","67974358","chr9","70797890","70798184","14","2823829"
"chr9","68557719","68557970","chr9","71380363","71380614","9","2822644"
"chr9","68947966","68948273","chr9","71780795","71781102","4","2832829"
"chr9","68970292","68970576","chr9","71803170","71803449","12","2832878"
"chr9","69242222","69242520","chr16","41770333","41770631","31","27471889"
"chr9","69287570","69287857","chr9","72121581","72121874","8","2834011"
"chr9","69322380","69322659","chr3","31027003","31027282","35","38295377"
"chr9","69680168","69680496","chr9","72515037","72515333","38","2834869"
"chr9","69716940","69717212","chr16","40244880","40245150","43","29472060"
"chr9","69819532","69819825","chr9","72655606","72655899","15","2836074"
"chr9","69929977","69930286","chr9","72766055","72766364","3","2836078"
"chr9","69986202","69986511","chr9","72821048","72821356","7","2834846"
"chr9","70116863","70117146","chr9","72951504","72951787","9","2834641"
"chr9","70306924","70307217","chr9","73143653","73143946","5","2836729"
"chr9","70318312","70318619","chr9","73155190","73155501","10","2836878"
"chr9","70573289","70573586","chr9","73402850","73403144","10","2829561"
"chr9","70799891","70800183","chr6","14181448","14181741","36","56618443"
"chr9","70913150","70913419","chr9","73737032","73737301","4","2823882"
"chr9","71042495","71042801","chr9","73866862","73867170","9","2824367"
"chr9","71158508","71158811","chr2","48724224","48724526","45","22434284"
"chr9","71495892","71496187","chr9","74330272","74330571","12","2834380"
"chr9","71700064","71700358","chr9","74535091","74535387","5","2835027"
"chr9","72037029","72037330","chr9","74880118","74880423","6","2843089"
"chr9","72212429","72212703","chrX","767098","767376","43","71445331"
"chr9","72386836","72387137","chrX","1536503","1536807","23","70850333"
"chr9","72647640","72647948","chr9","75505107","75505408","11","2857467"
"chr9","72791635","72791926","chr9","75657472","75657751","17","2865837"
"chr9","72968867","72969146","chr9","75840045","75840324","14","2871178"
"chr9","73258908","73259230","chr9","76132722","76133029","20","2873814"
"chr9","73739159","73739341","chr12","59144137","59144324","25","14595022"
"chr9","73921627","73921909","chr9","76771204","76771488","3","2849577"
"chr9","74094224","74094523","chr4","1179209","1179510","38","72915015"
"chr9","74201980","74202269","chr9","77065938","77066227","8","2863958"
"chr9","74284135","74284436","chr9","77147250","77147554","14","2863115"
"chr9","74287664","74287956","chr9","77150757","77151053","17","2863093"
"chr9","74378735","74379035","chr15","64867704","64868011","42","9511031"
"chr9","74520747","74521027","chr9","77387433","77387713","6","2866686"
"chr9","74604573","74604874","chr9","77472999","77473300","7","2868426"
"chr9","74746938","74747195","chr9","77617679","77617939","11","2870741"
"chr9","74751675","74751982","chr9","77622444","77622740","21","2870769"
"chr9","74852818","74853103","chr9","77718710","77718995","3","2865892"
"chr9","74890705","74891009","chr4","42956422","42956725","41","31934283"
"chr9","75033772","75034047","chr9","77881410","77881691","11","2847638"
"chr9","75224305","75224615","chr9","78074324","78074627","11","2850019"
"chr9","75507376","75507697","chr9","78549430","78549738","16","3042054"
"chr9","75570164","75570468","chr9","78611678","78611963","29","3041514"
"chr9","75704106","75704383","chr9","78744066","78744374","44","3039960"
"chr9","75746495","75746800","chr9","78786413","78786719","7","3039918"
"chr9","75935017","75935311","chr9","78972323","78972617","14","3037306"
"chr9","76023337","76023632","chr9","79055133","79055425","12","3031796"
"chr9","76195679","76195972","chr9","79215187","79215481","18","3019508"
"chr9","76369283","76369578","chr5","84621454","84621751","29","8252171"
"chr9","76727065","76727297","chr19","1486447","1486681","47","75240618"
"chr9","76870352","76870638","chr9","79889520","79889809","22","3019168"
"chr9","76979834","76980125","chr9","80011120","80011416","8","3031286"
"chr9","77094821","77094956","chr17","24349722","24349856","14","52745099"
"chr9","77133619","77133911","chr9","80165135","80165436","14","3031516"
"chr9","77349640","77349953","chr9","80382347","80382659","12","3032707"
"chr9","77445778","77446084","chr8","63724629","63724930","40","13721149"
"chr9","77557206","77557497","chr4","123382191","123382485","34","45824985"
"chr9","77665186","77665494","chrX","91535431","91535738","40","13870245"
"chr9","78139113","78139417","chr9","81176414","81176723","8","3037301"
"chr9","78245484","78245792","chr16","48588291","48588602","33","29657193"
"chr9","78249056","78249351","chr9","81286473","81286770","8","3037417"
"chr9","78558371","78558676","chr5","77888840","77889139","43","669531"
"chr9","78685307","78685593","chr9","81723316","81723608","13","3038009"
"chr9","78929602","78929904","chr9","82022997","82023299","3","3093395"
"chr9","79345029","79345334","chr9","82438534","82438839","5","3093505"
"chr9","79433117","79433391","chr4","15474194","15474472","38","63958923"
"chr9","79445697","79445988","chr9","82535558","82535843","21","3089861"
"chr9","79552007","79552302","chr9","82640674","82640968","8","3088667"
"chr9","79571446","79571768","chr18","43616082","43616391","56","35955364"
"chr9","79728671","79728965","chr9","82811874","82812168","7","3083203"
"chr9","79796184","79796494","chr4","37791755","37792063","32","42004429"
"chr9","79828757","79829065","chr9","82912364","82912671","9","3083607"
"chr9","79836827","79837129","chr9","82919792","82920092","12","3082965"
"chr9","79840841","79841138","chr9","82923808","82924101","8","3082967"
"chr9","79998971","79999277","chr9","83082773","83083080","6","3083802"
"chr9","80001579","80001885","chr9","83085678","83085972","20","3084099"
"chr9","80143008","80143303","chr9","83226574","83226871","6","3083566"
"chr9","80437602","80437905","chr9","83526181","83526485","7","3088579"
"chr9","80764596","80764904","chr9","83862402","83862678","42","3097806"
"chr9","80934680","80934977","chr9","84033538","84033835","10","3098858"
"chr9","81178519","81178791","chr9","84275169","84275437","9","3096650"
"chr9","81202056","81202300","chr9","84298721","84298965","5","3096665"
"chr9","81241999","81242254","chr1","64050672","64050925","34","17191327"
"chr9","81347055","81347332","chr1","13756142","13756418","43","67590913"
"chr9","81415561","81415787","chr9","84507061","84507287","3","3091500"
"chr9","81486845","81487130","chr3","161108263","161108548","39","79621418"
"chr9","81585349","81585655","chr4","151149695","151150004","35","69564346"
"chr9","81615918","81616213","chr9","84708744","84709028","14","3092826"
"chr9","81617738","81618023","chr8","108843875","108844161","42","27226137"
"chr9","81733403","81733691","chr9","84829109","84829401","10","3095706"
"chr9","81746511","81746803","chr9","84842504","84842797","7","3095993"
"chr9","81805957","81806244","chr9","84901991","84902280","9","3096034"
"chr9","82211818","82212121","chr9","85359259","85359565","13","3147441"
"chr9","82317186","82317497","chr9","85465126","85465437","14","3147940"
"chr9","82629884","82630160","chr9","85848809","85849091","15","3218925"
"chr9","82740119","82740414","chr9","85963320","85963610","9","3223201"
"chr9","82806003","82806305","chr1","129540953","129541251","45","46734950"
"chr9","82909159","82909457","chr9","86128552","86128850","8","3219393"
"chr9","83110612","83110878","chr9","86330288","86330558","11","3219676"
"chr9","83526355","83526643","chr9","86788466","86788754","2","3262111"
"chr9","83698681","83698970","chr8","57424193","57424490","43","26274488"
"chr9","83750775","83751085","chr9","87013163","87013473","13","3262388"
"chr9","83770738","83771043","chr9","87033493","87033795","6","3262755"
"chr9","83873310","83873619","chr9","87125261","87125570","9","3251951"
"chr9","83965440","83965743","chr11","11043759","11044057","39","72921681"
"chr9","83972850","83973142","chr9","87224879","87225167","11","3252029"
"chr9","84032812","84033052","chr9","87284689","87284926","5","3251877"
"chr9","84118064","84118363","chr9","87369062","87369361","6","3250998"
"chr9","84123690","84123996","chr9","87374506","87374797","25","3250816"
"chr9","84172277","84172568","chr9","87422928","87423236","25","3250651"
"chr9","84181009","84181306","chr9","87430864","87431160","11","3249855"
"chr9","84193365","84193659","chr9","87443127","87443422","4","3249762"
"chr9","84201961","84202253","chr9","87451450","87451740","16","3249489"
"chr9","84209646","84209940","chr9","87459172","87459466","6","3249526"
"chr9","84212582","84212904","chr2","84509227","84509557","45","296645"
"chr9","84218081","84218381","chr9","87466879","87467178","7","3248798"
"chr9","84218887","84219194","chr9","87467679","87467983","6","3248792"
"chr9","84229956","84230262","chr9","87478650","87478947","18","3248694"
"chr9","84379557","84379865","chr9","87626280","87626589","8","3246723"
"chr9","84405342","84405637","chr9","87652378","87652673","10","3247036"
"chr9","84406403","84406709","chr9","87653764","87654069","4","3247361"
"chr9","84421448","84421758","chr9","87673620","87673929","9","3252172"
"chr9","84431555","84431863","chr9","87683461","87683767","9","3251906"
"chr9","84457362","84457676","chr1","140114992","140115305","43","55657630"
"chr9","84470397","84470698","chr9","87719983","87720284","9","3249586"
"chr9","84547603","84547873","chr9","87797994","87798264","2","3250391"
"chr9","84570777","84571085","chr1","162660720","162661027","36","78089943"
"chr9","84589453","84589761","chr7","40311972","40312281","42","44277481"
"chr9","84593839","84594144","chr4","31898756","31899058","32","52695083"
"chr9","84619130","84619425","chr9","87866785","87867076","4","3247655"
"chr9","84638668","84638965","chr9","87886985","87887274","13","3248317"
"chr9","84653434","84653738","chr1","42771177","42771482","38","41882257"
"chr9","84654629","84654926","chr9","87903485","87903787","12","3248856"
"chr9","84779667","84779971","chr9","88029569","88029865","15","3249902"
"chr9","84781462","84781753","chr9","88031355","88031647","5","3249893"
"chr9","84818341","84818646","chr9","88068042","88068345","9","3249701"
"chr9","84847301","84847596","chr9","88097701","88097999","5","3250400"
"chr9","84878773","84879064","chr9","88128584","88128875","6","3249811"
"chr9","84890513","84890791","chr8","2097050","2097327","40","82793463"
"chr9","84939536","84939845","chr9","88189465","88189768","8","3249929"
"chr9","85008595","85008904","chr9","88259806","88260114","5","3251211"
"chr9","85049471","85049778","chr9","88303263","88303571","10","3253792"
"chr9","85220992","85221308","chr9","88480052","88480372","8","3259060"
"chr9","85244908","85245201","chr9","88503562","88503853","8","3258654"
"chr9","85250928","85251215","chr9","88509571","88509859","3","3258643"
"chr9","85257059","85257340","chr9","88516043","88516324","4","3258984"
"chr9","85294987","85295286","chr9","88556040","88556349","19","3261053"
"chr9","85301936","85302239","chr6","110738069","110738368","35","25436133"
"chr9","85409916","85410212","chrX","9217941","9218238","26","76191975"
"chr9","85463133","85463432","chr16","58679852","58680150","41","26783281"
"chr9","85517343","85517475","chr16","24682907","24683038","15","60834436"
"chr9","85574727","85574985","chr9","88833277","88833539","6","3258550"
"chr9","85599923","85600226","chr9","88858935","88859222","21","3259012"
"chr9","85633667","85633964","chr4","20645573","20645866","34","64988094"
"chr9","85672334","85672613","chr9","88928222","88928502","7","3255888"
"chr9","86238246","86238544","chr9","89484045","89484347","5","3245799"
"chr9","86292501","86292799","chr9","89538877","89539171","8","3246376"
"chr9","86352164","86352449","chr7","32614729","32615019","37","53737435"
"chr9","86502740","86503020","chr9","89752408","89752692","8","3249668"
"chr9","86558103","86558389","chr9","89802839","89803137","23","3244736"
"chr9","86581268","86581568","chr9","89825954","89826254","13","3244686"
"chr9","86628082","86628375","chr9","89864815","89865108","10","3236733"
"chr9","86812274","86812561","chr9","90301635","90301922","20","3489361"
"chr9","86952332","86952648","chr9","90446072","90446407","25","3493740"
"chr9","87021818","87022118","chr9","90688176","90688466","18","3666358"
"chr9","87086231","87086526","chr9","90757468","90757756","18","3671237"
"chr9","87279034","87279335","chr9","90952891","90953195","11","3673857"
"chr9","87281940","87282247","chr9","90955753","90956064","21","3673813"
"chr9","87320851","87321163","chr4","37791755","37792063","42","49529096"
"chr9","87385039","87385362","chr15","58063683","58063984","54","29321356"
"chr9","87386310","87386612","chr7","41647454","41647750","38","45738856"
"chr9","87406818","87407119","chr9","91081772","91082073","4","3674954"
"chr9","87415350","87415628","chr9","91090628","91090906","5","3675278"
"chr9","87530292","87530581","chr17","31494702","31494991","34","56035590"
"chr9","87762789","87763091","chr9","91445906","91446203","9","3683117"
"chr9","88127158","88127457","chrX","4161792","4162095","37","83965366"
"chr9","88165140","88165434","chr9","91853017","91853300","22","3687877"
"chr9","88281836","88282138","chr10","59659004","59659307","41","28622832"
"chr9","88381801","88382078","chr9","92071386","92071678","24","3689585"
"chr9","88430306","88430620","chr3","50394938","50395252","8","38035368"
"chr9","88447590","88447899","chr19","50673081","50673389","33","37774509"
"chr9","88499032","88499315","chr4","158887930","158888209","40","70388898"
"chr9","88513068","88513366","chr9","92203950","92204248","17","3690882"
"chr9","88589257","88589555","chr9","92331314","92331615","4","3742057"
"chr9","88618899","88619181","chr9","92361489","92361771","4","3742590"
"chr9","88643972","88644251","chr19","8462032","8462313","33","80181940"
"chr9","88649252","88649547","chr10","79155844","79156136","34","9493408"
"chr9","88682788","88683071","chr9","92425630","92425913","3","3742842"
"chr9","88832544","88832853","chr9","92574925","92575229","9","3742381"
"chr9","89069056","89069360","chr9","92811623","92811924","25","3742567"
"chr9","89081883","89082176","chr9","92823595","92823886","18","3741712"
"chr9","89112376","89112682","chr9","92854498","92854798","26","3742122"
"chr9","89118922","89119218","chr9","92861604","92861899","4","3742682"
"chr9","89152487","89152790","chr9","92895163","92895462","11","3742676"
"chr9","89195537","89195808","chr9","92941859","92942130","5","3746322"
"chr9","89199661","89199968","chr9","92945979","92946282","9","3746318"
"chr9","89201951","89202231","chr9","92948264","92948541","8","3746313"
"chr9","89226935","89227223","chr9","92974166","92974455","6","3747231"
"chr9","89342008","89342281","chr9","93084905","93085175","4","3742897"
"chr9","89349852","89350138","chr9","93092736","93093048","30","3742884"
"chr9","89359824","89360124","chr1","26970551","26970850","34","62389273"
"chr9","89374610","89374903","chr3","154421512","154421804","41","65046902"
"chr9","89419462","89419755","chr5","37466496","37466790","30","51952966"
"chr9","89438641","89438932","chr9","93183528","93183822","4","3744887"
"chr9","89470683","89470991","chr9","93215519","93215826","6","3744836"
"chr9","89491662","89491958","chr3","69168227","69168521","33","20323435"
"chr9","89824208","89824504","chr9","93583244","93583540","7","3759036"
"chr9","89863224","89863525","chr9","93622183","93622484","5","3758959"
"chr9","89908525","89908818","chr9","93667628","93667921","1","3759103"
"chr9","89909957","89910252","chr9","93669060","93669357","9","3759103"
"chr9","89966152","89966445","chr4","58322471","58322764","44","31643681"
"chr9","90092385","90092679","chr9","93852976","93853271","5","3760591"
"chr9","90165683","90165987","chr7","155089098","155089402","26","64923415"
"chr9","90185368","90185674","chr9","93949261","93949569","7","3763893"
"chr9","90216203","90216499","chr9","93980273","93980580","17","3764070"
"chr9","90218694","90218993","chr9","93982777","93983084","16","3764083"
"chr9","90290899","90291164","chr9","94055779","94056074","37","3764880"
"chr9","90303803","90304110","chr9","94067696","94068005","10","3763893"
"chr9","90326817","90327087","chr9","94090752","94091024","5","3763935"
"chr9","90501277","90501583","chr10","38610845","38611152","42","51890432"
"chr9","90592359","90592673","chr9","94369414","94369728","6","3777055"
"chr9","90824780","90824913","chr9","94648772","94648905","1","3823992"
"chr9","91113175","91113475","chr2","161960788","161961087","35","70847613"
"chr9","91132659","91132959","chr9","94961831","94962114","22","3829172"
"chr9","91158483","91158798","chr9","94987593","94987909","10","3829110"
"chr9","91199676","91199999","chr4","157693646","157693955","43","66493970"
"chr9","91292241","91292545","chr9","95126895","95127175","30","3834654"
"chr9","91340825","91341122","chr9","95171512","95171806","10","3830687"
"chr9","91440050","91440307","chr9","95272369","95272639","18","3832319"
"chr9","91518360","91518607","chr1","13533047","13533283","42","77985313"
"chr9","91527557","91527867","chr9","95359965","95360276","8","3832408"
"chr9","91529991","91530268","chr9","95362424","95362699","14","3832433"
"chr9","91531924","91532223","chr9","95364370","95364668","16","3832446"
"chr9","91608546","91608676","chr11","48608109","48608241","39","43000437"
"chr9","91609048","91609198","chr19","35106809","35106961","21","56502239"
"chr9","91647179","91647457","chr9","95475747","95476029","5","3828568"
"chr9","91666534","91666844","chr9","95494934","95495250","11","3828400"
"chr9","91728881","91729175","chr9","95558389","95558678","9","3829508"
"chr9","91738428","91738726","chr9","95570787","95571091","8","3832359"
"chr9","91769000","91769305","chr9","95601424","95601725","13","3832424"
"chr9","91802812","91803118","chr9","95637396","95637705","10","3834584"
"chr9","91803870","91804168","chr9","95638429","95638731","10","3834559"
"chr9","91870995","91871277","chr4","21089603","21089889","37","70781392"
"chr9","91874023","91874334","chr9","95714588","95714889","17","3840565"
"chr9","91876332","91876635","chr9","95716890","95717188","9","3840558"
"chr9","91967988","91968298","chr1","52359754","52360062","47","39608234"
"chr9","91970844","91971143","chr9","95811970","95812268","4","3841126"
"chr9","91976313","91976619","chr9","95817441","95817740","11","3841128"
"chr9","91985603","91985906","chr9","95826141","95826445","6","3840538"
"chr9","92076057","92076286","chr9","54584502","54584722","32","37491555"
"chr9","92113158","92113448","chr9","41614211","41614499","39","50498947"
"chr9","92163724","92164025","chr2","147696781","147697081","31","55533057"
"chr9","92194003","92194204","chr7","168072983","168073185","25","75878980"
"chr9","92211851","92212146","chr9","96053145","96053442","11","3841294"
"chr9","92379831","92380158","chr14","12570730","12571049","54","79809101"
"chr9","92434938","92435224","chr9","96279896","96280182","5","3844958"
"chr9","92516420","92516700","chr9","96402841","96403120","8","3886421"
"chr9","92733116","92733409","chr13","70811388","70811681","37","21921728"
"chr9","92763124","92763423","chr9","96678574","96678872","6","3915450"
"chr9","92839734","92840045","chr16","62938376","62938691","50","29901358"
"chr9","92930103","92930411","chr9","96845038","96845344","8","3914935"
"chr9","92945295","92945608","chr9","96861990","96862303","12","3916695"
"chr9","92999002","92999311","chr9","96914382","96914691","4","3915380"
"chr9","93082461","93082749","chr9","97001016","97001305","3","3918555"
"chr9","93093244","93093413","chr9","51995183","51995352","19","41098061"
"chr9","93116853","93117159","chr18","64389275","64389582","37","28727578"
"chr9","93136397","93136701","chr9","97052617","97052917","8","3916220"
"chr9","93155401","93155691","chr9","97071586","97071876","3","3916185"
"chr9","93210537","93210835","chr7","123929248","123929550","40","30718711"
"chr9","93256247","93256555","chr9","97171935","97172241","5","3915688"
"chr9","93410844","93411121","chr9","97326555","97326834","6","3915711"
"chr9","93484517","93484811","chr9","97402954","97403245","7","3918437"
"chr9","93507886","93508181","chr9","97428374","97428671","8","3920488"
"chr9","93542803","93543047","chr9","97463121","97463365","4","3920318"
"chr9","93555851","93556146","chr9","97477029","97477324","4","3921178"
"chr9","93563417","93563717","chr16","68023687","68023987","43","25539730"
"chr9","93575760","93576051","chr9","97496905","97497195","6","3921145"
"chr9","93593059","93593353","chr9","97514223","97514531","18","3921164"
"chr9","93593761","93594038","chr9","97514936","97515213","5","3921175"
"chr9","93619901","93620204","chr9","97541393","97541701","13","3921492"
"chr9","93622320","93622628","chr8","99044569","99044871","41","5422249"
"chr9","93637295","93637588","chr9","97558872","97559166","5","3921577"
"chr9","93641437","93641718","chr9","97563988","97564267","8","3922551"
"chr9","93674479","93674771","chr1","20786135","20786425","33","72888344"
"chr9","93716584","93716700","chr9","97638881","97638993","7","3922297"
"chr9","93729951","93730226","chr9","97652085","97652360","3","3922134"
"chr9","93763303","93763609","chrX","128871543","128871849","48","35108240"
"chr9","93787968","93788266","chr9","97710647","97710945","2","3922679"
"chr9","93801921","93802210","chr9","97726014","97726304","3","3924093"
"chr9","93842960","93843263","chr9","97767538","97767842","8","3924578"
"chr9","93903971","93904280","chr9","97823001","97823306","6","3919030"
"chr9","93924867","93925167","chr9","97847241","97847548","10","3922374"
"chr9","93925777","93926074","chr9","97848158","97848452","7","3922381"
"chr9","93940312","93940565","chr9","97863313","97863583","21","3923001"
"chr9","93957498","93957795","chr9","97880759","97881058","8","3923261"
"chr9","93997925","93998222","chr9","97919923","97920209","33","3921998"
"chr9","94039560","94039852","chr15","10874711","10875003","32","83164849"
"chr9","94062439","94062741","chr9","97982771","97983076","10","3920332"
"chr9","94134941","94135233","chr9","98057205","98057498","6","3922264"
"chr9","94135683","94135832","chr7","43088634","43088783","13","51047049"
"chr9","94149790","94150085","chr9","98071532","98071832","7","3921742"
"chr9","94160794","94161055","chr9","98082529","98082790","2","3921735"
"chr9","94175461","94175755","chr9","98097546","98097840","4","3922085"
"chr9","94222349","94222594","chr9","98150875","98151107","16","3928526"
"chr9","94253522","94253830","chr9","106774244","106774550","33","12520722"
"chr9","94280745","94281039","chr9","98208183","98208475","7","3927438"
"chr9","94330984","94331277","chr9","98258902","98259190","15","3927918"
"chr9","94346007","94346301","chr9","98273915","98274209","2","3927908"
"chr9","94361398","94361652","chr9","98290596","98290853","4","3929198"
"chr9","94397305","94397617","chrX","113918508","113918817","40","19521203"
"chr9","94557384","94557684","chr9","98486032","98486347","20","3928648"
"chr9","94557949","94558235","chr9","98486613","98486899","12","3928664"
"chr9","94588765","94589061","chr9","98521077","98521382","15","3932312"
"chr9","94603545","94603841","chr9","98537272","98537560","11","3933727"
"chr9","94658780","94659088","chr2","166819481","166819788","40","72160701"
"chr9","94664203","94664499","chr9","98598809","98599104","19","3934606"
"chr9","94673425","94673722","chr9","98608626","98608922","6","3935201"
"chr9","94682440","94682739","chr9","98621946","98622254","12","3939506"
"chr9","94686592","94686884","chr9","98626326","98626621","5","3939734"
"chr9","94709880","94710180","chr9","98651536","98651836","1","3941656"
"chr9","94711781","94712050","chr9","98653443","98653731","22","3941662"
"chr9","94739960","94740260","chr9","98680358","98680654","8","3940398"
"chr9","94766378","94766677","chr9","98708327","98708629","4","3941949"
"chr9","94778656","94778965","chr3","43150637","43150941","40","51628019"
"chr9","94779651","94779958","chr9","98721830","98722141","14","3942179"
"chr9","94842328","94842632","chr9","98786358","98786662","5","3944030"
"chr9","94871172","94871469","chr9","98816756","98817056","7","3945584"
"chr9","94951364","94951677","chr9","98897314","98897627","1","3945950"
"chr9","94988977","94989267","chr9","98935676","98935967","28","3946699"
"chr9","95007364","95007639","chr9","98952487","98952764","7","3945123"
"chr9","95061948","95062247","chr7","44036332","44036628","35","51025616"
"chr9","95113928","95114217","chr10","82662941","82663232","35","12450987"
"chr9","95117467","95117749","chr9","99110545","99110827","0","3993078"
"chr9","95141537","95141834","chr7","2255752","2256045","40","92885785"
"chr9","95142266","95142562","chr9","100055875","100056174","40","4913609"
"chr9","95162475","95162768","chr9","99144669","99144962","3","3982194"
"chr9","95170975","95171276","chr9","99152706","99152995","17","3981731"
"chr9","95173400","95173682","chr3","101334569","101334849","46","6161169"
"chr9","95187248","95187556","chr9","99168680","99168988","2","3981432"
"chr9","95195607","95195878","chr9","99177404","99177680","6","3981797"
"chr9","95209738","95210016","chr9","99196629","99196910","6","3986891"
"chr9","95224350","95224641","chr9","96035376","96035665","29","811026"
"chr9","95246017","95246326","chr4","37791755","37792063","39","57454262"
"chr9","95256612","95256904","chr1","8038697","8038989","34","87217915"
"chr9","95331919","95332226","chr9","99320846","99321152","5","3988927"
"chr9","95355983","95356284","chr9","99344644","99344947","10","3988661"
"chr9","95360325","95360613","chr9","99349292","99349581","3","3988967"
"chr9","95390985","95391275","chr9","99379836","99380126","8","3988851"
"chr9","95500933","95501243","chr9","99491236","99491547","4","3990303"
"chr9","95533579","95533881","chr9","99523726","99524024","8","3990147"
"chr9","95640266","95640575","chr9","99630201","99630508","6","3989935"
"chr9","95753385","95753639","chr9","99739475","99739746","20","3986090"
"chr9","95819413","95819708","chr9","99805216","99805513","5","3985803"
"chr9","95945608","95945916","chr9","99931212","99931517","3","3985604"
"chr9","95953486","95953779","chr10","15351162","15351465","49","80602324"
"chr9","95979506","95979801","chr9","99964787","99965082","10","3985281"
"chr9","96055193","96055481","chr6","78781426","78781713","32","17273767"
"chr9","96070600","96070906","chr9","100055875","100056174","13","3985275"
"chr9","96288530","96288818","chr9","100272776","100273065","3","3984246"
"chr9","96439408","96439693","chr9","100424734","100425020","9","3985326"
"chr9","96454011","96454307","chrX","135456954","135457247","35","39002943"
"chr9","96732121","96732382","chr9","100718929","100719206","18","3986808"
"chr9","96820916","96821225","chr9","100807389","100807695","11","3986473"
"chr9","96841538","96841844","chr9","100827755","100828057","17","3986217"
"chr9","96860984","96861282","chr7","164255657","164255956","32","67394673"
"chr9","96907811","96908101","chr12","88434400","88434690","30","8473411"
"chr9","97016948","97017225","chr9","101000389","101000666","4","3983441"
"chr9","97235131","97235429","chr6","110733581","110733882","45","13498450"
"chr9","97247059","97247370","chr9","64467764","64468068","35","32779295"
"chr9","97626423","97626719","chr9","103397732","103398007","28","5771309"
"chr9","97727259","97727537","chr4","157712533","157712811","46","59985274"
"chr9","97736019","97736306","chr9","103285407","103285693","5","5549388"
"chr9","97802676","97802975","chr10","5729998","5730296","35","92072678"
"chr9","98086559","98086816","chr15","26061707","26061964","40","72024852"
"chr9","98202352","98202643","chr9","102809085","102809403","30","4606733"
"chr9","98385143","98385409","chr9","102623186","102623463","17","4238043"
"chr9","98439677","98439906","chr9","54584502","54584722","27","43855175"
"chr9","98461128","98461408","chr9","102547768","102548049","14","4086640"
"chr9","98513320","98513589","chr12","78175857","78176130","36","20337463"
"chr9","98520941","98521248","chr3","131455232","131455539","37","32934291"
"chr9","98532389","98532635","chr9","102475194","102475458","23","3942805"
"chr9","98582318","98582621","chr9","102423101","102423411","16","3840783"
"chr9","98630163","98630453","chr9","102375584","102375874","16","3745421"
"chr9","99065624","99065931","chr9","101943128","101943436","2","2877504"
"chr9","99539688","99539970","chr9","101467944","101468228","6","1928256"
"chr9","99600460","99600764","chr9","101406422","101406729","6","1805962"
"chr9","99744887","99745165","chr9","103761502","103761779","14","4016615"
"chr9","99782447","99782742","chr9","103918424","103918720","7","4135977"
"chr9","99810498","99810797","chr3","2907703","2908000","32","96902795"
"chr9","99935205","99935490","chr18","49199302","49199591","30","50735903"
"chr9","100164605","100164917","chr9","104305429","104305741","14","4140824"
"chr9","100370261","100370564","chr9","104511296","104511602","7","4141035"
"chr9","100730904","100731195","chr11","55289054","55289346","34","45441850"
"chr9","100752726","100752998","chr3","64821626","64821903","40","35931100"
"chr9","100780900","100781196","chr9","104992197","104992487","11","4211297"
"chr9","100787516","100787822","chr9","104998836","104999142","2","4211320"
"chr9","100870203","100870469","chr9","105083238","105083503","5","4213035"
"chr9","100896474","100896770","chr9","110703897","110704192","35","9807423"
"chr9","100901554","100901860","chr9","105112949","105113253","6","4211395"
"chr9","100999671","100999977","chr9","105208461","105208752","19","4208790"
"chr9","101291138","101291432","chr19","6702669","6702965","37","94588469"
"chr9","101484686","101484967","chr9","105699296","105699569","13","4214610"
"chr9","101647682","101647957","chr9","105859293","105859570","9","4211611"
"chr9","101771601","101771901","chr1","93720553","93720849","37","8051048"
"chr9","101852362","101852658","chr9","106072397","106072695","6","4220035"
"chr9","101889632","101889928","chr9","106109380","106109674","10","4219748"
"chr9","101909971","101910257","chr9","106162763","106163048","11","4252792"
"chr9","101959563","101959826","chr9","106211315","106211578","3","4251752"
"chr9","102016954","102017251","chr9","106266770","106267071","8","4249816"
"chr9","102180561","102180816","chr9","106432479","106432777","44","4251918"
"chr9","102208953","102209244","chr9","106461234","106461525","5","4252281"
"chr9","102229781","102230091","chr9","106482153","106482463","7","4252372"
"chr9","102244705","102245011","chr9","106497409","106497702","17","4252704"
"chr9","102264681","102264969","chr9","106517479","106517767","5","4252798"
"chr9","102285058","102285344","chr9","106538592","106538876","6","4253534"
"chr9","102320102","102320309","chr9","106573564","106573771","6","4253462"
"chr9","102360587","102360899","chr15","104076648","104076952","32","1716061"
"chr9","102440493","102440772","chr9","106694993","106695274","17","4254500"
"chr9","102448266","102448542","chr9","106702742","106703017","5","4254476"
"chr9","102501642","102501942","chr9","106755520","106755815","8","4253878"
"chr9","102520478","102520784","chr9","106774244","106774550","11","4253766"
"chr9","102545177","102545484","chr9","106798944","106799249","7","4253767"
"chr9","102728279","102728577","chr9","106981714","106982005","13","4253435"
"chr9","102748125","102748400","chr9","107001168","107001443","4","4253043"
"chr9","102867971","102868266","chr9","107122728","107123023","2","4254757"
"chr9","103294462","103294771","chr16","25975302","25975604","44","77319160"
"chr9","103356210","103356509","chr9","107607122","107607422","5","4250912"
"chr9","103391075","103391386","chr9","107642365","107642675","6","4251290"
"chr9","103929630","103929784","chr9","108181909","108182063","1","4252279"
"chr9","103981912","103982217","chr9","108232782","108233084","6","4250870"
"chr9","103996812","103997119","chr9","108247900","108248211","8","4251088"
"chr9","104050556","104050856","chr1","25636423","25636725","26","78414133"
"chr9","104275914","104276217","chr9","108528410","108528713","7","4252496"
"chr9","104336926","104337207","chr11","133223692","133223973","32","28886766"
"chr9","104351099","104351384","chr9","108602714","108602997","11","4251615"
"chr9","104404285","104404577","chr9","108655957","108656264","18","4251672"
"chr9","104479536","104479832","chr9","108730012","108730311","6","4250476"
"chr9","104547362","104547647","chr9","108799281","108799572","8","4251919"
"chr9","104549171","104549458","chr9","108801095","108801382","1","4251924"
"chr9","104578978","104579278","chr9","108831148","108831439","15","4252170"
"chr9","104735428","104735697","chr9","108990887","108991156","10","4255459"
"chr9","104736564","104736843","chr9","108992030","108992309","1","4255466"
"chr9","104742402","104742711","chr3","13202178","13202482","36","91540224"
"chr9","104785910","104786189","chr9","109041230","109041498","15","4255320"
"chr9","104833431","104833730","chr1","25636423","25636725","35","79197008"
"chr9","105250469","105250761","chr9","109510088","109510381","2","4259619"
"chr9","105283569","105283875","chr9","109543167","109543463","26","4259598"
"chr9","105394512","105394766","chr9","109654460","109654715","13","4259948"
"chr9","105413793","105414106","chr9","109673470","109673770","16","4259677"
"chr9","105465529","105465774","chr6","149180065","149180312","37","43714536"
"chr9","105637292","105637579","chr9","109896859","109897147","4","4259567"
"chr9","105665242","105665503","chr9","109924771","109925066","42","4259529"
"chr9","105742257","105742469","chr9","110001870","110002076","21","4259613"
"chr9","105775186","105775483","chr2","109964204","109964501","39","4189018"
"chr9","105819785","105820068","chr9","110080772","110081061","12","4260987"
"chr9","105826777","105827073","chr9","110087569","110087870","10","4260792"
"chr9","105947739","105948038","chr8","67664892","67665187","34","38282847"
"chr9","106021960","106022264","chr9","110283465","110283751","25","4261505"
"chr9","106399401","106399685","chr17","77058077","77058356","49","29341324"
"chr9","106410453","106410749","chr9","110665442","110665736","5","4254989"
"chr9","106419254","106419552","chr15","48190343","48190638","41","58228911"
"chr9","106449946","106450227","chr9","110703897","110704192","17","4253951"
"chr9","106556614","106556918","chr9","110811988","110812285","20","4255374"
"chr9","106584614","106584914","chr9","110834989","110835282","13","4250375"
"chr9","106679797","106680103","chr9","110928271","110928579","8","4248474"
"chr9","106704904","106705204","chr9","110953059","110953359","3","4248155"
"chr9","106928550","106928854","chr9","111173413","111173715","4","4244863"
"chr9","106938215","106938514","chr9","111183080","111183379","6","4244865"
"chr9","107036935","107037249","chr9","111287791","111288093","16","4250856"
"chr9","107179811","107180069","chr9","111436747","111437006","3","4256936"
"chr9","107232317","107232584","chr9","111497740","111498003","12","4265423"
"chr9","107906039","107906345","chr7","43414688","43414994","36","64491351"
"chr9","107962156","107962458","chr9","112272814","112273116","4","4310658"
"chr9","108057796","108058095","chr9","112368389","112368690","12","4310593"
"chr9","108187248","108187552","chr9","112492948","112493252","9","4305700"
"chr9","108191381","108191692","chr3","149667050","149667358","41","41475669"
"chr9","108304161","108304450","chr9","112609476","112609766","10","4305315"
"chr9","108335652","108335984","chr9","112640950","112641267","16","4305298"
"chr9","108385359","108385642","chr9","112690862","112691145","4","4305503"
"chr9","108597909","108598199","chr9","112901505","112901805","15","4303596"
"chr9","108610593","108610907","chr9","112914180","112914469","36","4303587"
"chr9","108709625","108709933","chr9","113011790","113012098","3","4302165"
"chr9","108740231","108740535","chr9","113042743","113043046","4","4302512"
"chr9","109269890","109270209","chr6","93588689","93588993","47","15681201"
"chr9","109490065","109490377","chr9","113790459","113790788","22","4300394"
"chr9","109514277","109514600","chr9","113814688","113814994","18","4300411"
"chr9","109932250","109932551","chr9","4990250","4990553","44","104942000"
"chr9","110135576","110135882","chr3","9967751","9968055","31","100167825"
"chr9","110196584","110196863","chr9","114544700","114544977","7","4348116"
"chr9","110349451","110349726","chr9","114694323","114694598","3","4344872"
"chr9","110398581","110398873","chr9","114738122","114738415","7","4339541"
"chr9","110490113","110490391","chrX","101188584","101188863","34","9301529"
"chr9","110526731","110527019","chr9","114866877","114867165","2","4340146"
"chr9","110624455","110624668","chr9","114968732","114968944","3","4344277"
"chr9","110645999","110646288","chr9","114990833","114991122","4","4344834"
"chr9","110681303","110681585","chr7","82716387","82716680","41","27964916"
"chr9","110687439","110687738","chr9","115043220","115043514","11","4355781"
"chr9","110726877","110727169","chr3","22418634","22418932","36","88308243"
"chr9","110728728","110729020","chr9","115092337","115092629","9","4363609"
"chr9","110758000","110758259","chr2","43768912","43769172","41","66989088"
"chr9","110768264","110768561","chr9","115132910","115133207","7","4364646"
"chr9","110784344","110784642","chr9","115148318","115148616","8","4363974"
"chr9","110794156","110794463","chr7","52975766","52976070","37","57818390"
"chr9","110868813","110869072","chr9","115238671","115238934","9","4369858"
"chr9","110875608","110875891","chr9","115245199","115245482","7","4369591"
"chr9","111061587","111061896","chr9","115434964","115435275","4","4373377"
"chr9","111092041","111092345","chr1","22466196","22466496","36","88625845"
"chr9","111126943","111127229","chr9","115502409","115502695","8","4375466"
"chr9","111167515","111167812","chr9","115542622","115542928","18","4375107"
"chr9","111180232","111180533","chr9","115555419","115555720","6","4375187"
"chr9","111219929","111220223","chr3","67791530","67791827","48","43428399"
"chr9","111282625","111282881","chr1","41585230","41585484","32","69697395"
"chr9","111331356","111331654","chr9","115705455","115705756","15","4374099"
"chr9","111340965","111341269","chr9","115715253","115715556","6","4374288"
"chr9","111350895","111351206","chr9","115725446","115725757","2","4374551"
"chr9","111369174","111369471","chr8","72366750","72367048","35","39002424"
"chr9","111541431","111541727","chr9","115910056","115910355","17","4368625"
"chr9","111654599","111654900","chr9","116017933","116018227","10","4363334"
"chr9","111670805","111671109","chr9","116035872","116036176","11","4365067"
"chr9","111844127","111844419","chr2","64736482","64736771","37","47107645"
"chr9","111943745","111944052","chr9","116308175","116308482","3","4364430"
"chr9","111989991","111990291","chr9","116357230","116357540","20","4367239"
"chr9","112023829","112024123","chr9","116392134","116392429","12","4368305"
"chr9","112370680","112370960","chr9","116744619","116744899","5","4373939"
"chr9","112383165","112383458","chr9","116757016","116757309","3","4373851"
"chr9","112470276","112470553","chr9","116839502","116839781","6","4369226"
"chr9","112634708","112635020","chr9","117006795","117007075","39","4372087"
"chr9","112635112","112635426","chr9","117007194","117007506","8","4372082"
"chr9","112663134","112663418","chr9","117037364","117037649","7","4374230"
"chr9","112781067","112781370","chr9","117155318","117155612","15","4374251"
"chr9","112784846","112785127","chr9","117159087","117159350","31","4374241"
"chr9","112870834","112871123","chr9","117245059","117245348","3","4374225"
"chr9","112914835","112915139","chr9","117289091","117289384","12","4374256"
"chr9","112929049","112929353","chr9","117351822","117352129","21","4422773"
"chr9","113024350","113024636","chr19","17878929","17879216","41","95145421"
"chr9","113115211","113115507","chr9","117539281","117539571","10","4424070"
"chr9","113139303","113139601","chr19","5647789","5648088","38","107491514"
"chr9","113149597","113149880","chr1","121663022","121663305","3","8513425"
"chr9","113189612","113189829","chr9","117616559","117616776","5","4426947"
"chr9","113212004","113212314","chr9","117640776","117641085","3","4428772"
"chr9","113299944","113300238","chr9","117729653","117729947","8","4429709"
"chr9","113442302","113442583","chr8","134653431","134653711","28","21211129"
"chr9","113495158","113495454","chr9","117926006","117926302","5","4430848"
"chr9","113505671","113505968","chr4","123382191","123382485","33","9876520"
"chr9","113511896","113512174","chr9","117942606","117942882","8","4430710"
"chr9","113518294","113518448","chr16","70283817","70283965","17","43234477"
"chr9","113529295","113529594","chr9","117960254","117960547","11","4430959"
"chr9","113530163","113530458","chr9","117961116","117961409","6","4430953"
"chr9","113534102","113534411","chr9","117966734","117967036","9","4432632"
"chr9","113567997","113568292","chr9","117999149","117999444","5","4431152"
"chr9","113597711","113598020","chr9","118029389","118029695","15","4431678"
"chr9","113603854","113604150","chr9","118035744","118036039","16","4431890"
"chr9","113615184","113615467","chr11","95202855","95203142","32","18412329"
"chr9","113620863","113621148","chr9","118053506","118053790","6","4432643"
"chr9","113634947","113635246","chr9","118068180","118068479","8","4433233"
"chr9","113786162","113786466","chr9","118221087","118221391","4","4434925"
"chr9","113885663","113885968","chr9","118317676","118317981","6","4432013"
"chr9","114054387","114054677","chr9","118485065","118485352","4","4430678"
"chr9","114313660","114313892","chr9","118755657","118755888","14","4441997"
"chr9","114405994","114406290","chr9","118850452","118850760","18","4444458"
"chr9","114668707","114669016","chr9","119111598","119111907","5","4442891"
"chr9","114967879","114968180","chr9","119414327","119414626","6","4446448"
"chr9","115189968","115190265","chr7","16279866","16280158","38","98910102"
"chr9","115280218","115280512","chr9","119727540","119727831","14","4447322"
"chr9","115287223","115287543","chr9","119734970","119735289","8","4447747"
"chr9","115594002","115594281","chr9","120039554","120039850","27","4445552"
"chr9","115609421","115609721","chr9","120055332","120055631","5","4445911"
"chr9","115677033","115677339","chr9","120150440","120150745","8","4473407"
"chr9","115956635","115956944","chr9","120425533","120425842","3","4468898"
"chr9","115972208","115972514","chr6","137206400","137206701","44","21234192"
"chr9","115999802","116000000","chr16","50532073","50532275","34","65467729"
"chr9","116002501","116002799","chr9","120472258","120472558","18","4469757"
"chr9","116018933","116019231","chr9","120489676","120489974","7","4470743"
"chr9","116031546","116031849","chr19","40650560","40650865","36","75380986"
"chr9","116328124","116328345","chr14","12988074","12988300","33","103340050"
"chr9","116368246","116368541","chr9","120846745","120847040","1","4478499"
"chr9","116441558","116441854","chr9","120923076","120923368","12","4481518"
"chr9","116465963","116466184","chr9","120941900","120942121","3","4475937"
"chr9","116472309","116472603","chr9","120948213","120948516","19","4475904"
"chr9","116518510","116518769","chr9","120994876","120995136","5","4476366"
"chr9","116597130","116597407","chr9","121075438","121075718","7","4478308"
"chr9","116653708","116654002","chr9","121130326","121130624","11","4476618"
"chr9","117034710","117035010","chr9","121514656","121514957","4","4479946"
"chr9","117037306","117037614","chr9","121517254","121517540","32","4479948"
"chr9","117154309","117154613","chr9","121645890","121646194","3","4491581"
"chr9","117405319","117405628","chr16","57736218","57736518","48","59669101"
"chr9","117472778","117473063","chr9","121962397","121962702","24","4489619"
"chr9","117543403","117543742","chr9","122034429","122034731","52","4491026"
"chr9","117665023","117665312","chr9","122156143","122156432","9","4491120"
"chr9","118282973","118283279","chr9","122777473","122777781","15","4494500"
"chr9","118315983","118316265","chr9","122810793","122811076","4","4494810"
"chr9","118365849","118366142","chr9","122859588","122859881","1","4493739"
"chr9","118416631","118416918","chr12","98721046","98721332","40","19695585"
"chr9","118461650","118461939","chr9","122956151","122956443","8","4494501"
"chr9","118564279","118564573","chr16","62065069","62065362","32","56499210"
"chr9","118585227","118585529","chr10","22422559","22422855","48","96162668"
"chr9","118612720","118613018","chr9","123110224","123110522","6","4497504"
"chr9","118972038","118972337","chr3","65877529","65877828","36","53094509"
"chr9","119190752","119191059","chr9","123758116","123758419","17","4567364"
"chr9","119236435","119236754","chr9","123804614","123804934","9","4568179"
"chr9","119426130","119426384","chr9","123992593","123992861","20","4566463"
"chr9","119429520","119429816","chr9","123995996","123996292","7","4566476"
"chr9","119630277","119630555","chr9","124243846","124244126","8","4613569"
"chr9","119647011","119647313","chr9","124260339","124260641","7","4613328"
"chr9","120096946","120097209","chr9","124762433","124762688","21","4665487"
"chr9","120164960","120165263","chr9","124827417","124827721","5","4662457"
"chr9","120169684","120169989","chr9","124832165","124832471","4","4662481"
"chr9","120280027","120280337","chr11","107937059","107937368","37","12342968"
"chr9","120287321","120287628","chr9","124948634","124948941","22","4661313"
"chr9","120839159","120839463","chr9","125503230","125503546","16","4664071"
"chr9","121037195","121037495","chr9","125712949","125713254","20","4675754"
"chr9","121194602","121194903","chr9","125870444","125870743","8","4675842"
"chr9","121472263","121472564","chr9","126149381","126149681","12","4677118"
"chr9","121516236","121516502","chr20","14646795","14647065","44","106869441"
"chr9","121521335","121521644","chr9","126198108","126198417","5","4676773"
"chr9","121589760","121590071","chr9","126266385","126266688","13","4676625"
"chr9","121605564","121605872","chr9","126282468","126282759","32","4676904"
"chr9","122083137","122083445","chr9","126787756","126788065","11","4704619"
"chr9","122195074","122195383","chr9","126904251","126904560","17","4709177"
"chr9","122300559","122300851","chr9","127016246","127016538","11","4715687"
"chr9","122399342","122399636","chr9","127125251","127125558","26","4725909"
"chr9","122440476","122440777","chr15","85123657","85123963","33","37316819"
"chr9","122742027","122742330","chr9","127472383","127472686","8","4730356"
"chr9","122843150","122843402","chr9","127581249","127581501","7","4738099"
"chr9","122953167","122953471","chr9","127687900","127688194","12","4734733"
"chr9","122976078","122976386","chr9","127710571","127710887","36","4734493"
"chr9","123326295","123326559","chr9","128076736","128076998","13","4750441"
"chr9","123400925","123401221","chr9","128106890","128107186","11","4705965"
"chr9","123452605","123452897","chr9","128158052","128158348","9","4705447"
"chr9","123507548","123507845","chrX","28178417","28178715","28","95329131"
"chr9","123515646","123515832","chr9","128222107","128222304","13","4706461"
"chr9","123519579","123519861","chr9","128225680","128225988","28","4706101"
"chr9","123532167","123532457","chr9","128237003","128237300","24","4704836"
"chr9","123783773","123784062","chr9","128497622","128497911","8","4713849"
"chr9","123806940","123807247","chr19","20631949","20632258","38","103174991"
"chr9","123819989","123820274","chr9","128534746","128535033","8","4714757"
"chr9","123873193","123873480","chr5","56728685","56728971","32","67144508"
"chr9","123971069","123971355","chr9","128690434","128690720","6","4719365"
"chr9","124701371","124701643","chr9","129428116","129428388","3","4726745"
"chr9","124865164","124865476","chr1","162660720","162661027","32","37795556"
"chrX","89128658","89128961","chrX","93449436","93449740","8","4320778"
"chrX","22282022","22282329","chrX","24411727","24412032","7","2129705"
"chrX","87424945","87425229","chrX","91734527","91734793","24","4309582"
"chrX","96206828","96207125","chrX","101127955","101128252","8","4921127"
"chrX","2020","2312","chr9","27439378","27439664","40","27437358"
"chrX","6160","6433","chr19","48455949","48456222","41","48449789"
"chrX","16561","16862","chrX","1662797","1663101","7","1646236"
"chrX","45253","45530","chrX","1690852","1691129","4","1645599"
"chrX","60846","61145","chrX","1706262","1706565","8","1645416"
"chrX","97756","98055","chrX","1743964","1744259","6","1646208"
"chrX","194288","194575","chr2","134996721","134997010","27","134802433"
"chrX","377072","377368","chr1","21088784","21089081","22","20711712"
"chrX","389840","390136","chrX","2082789","2083095","16","1692949"
"chrX","543285","543583","chrX","2236058","2236360","11","1692773"
"chrX","715871","716196","chr10","27701032","27701345","47","26985161"
"chrX","724244","724510","chr5","122193894","122194176","46","121469650"
"chrX","862373","862666","chr6","166302976","166303255","46","165440603"
"chrX","950789","951082","chrX","2652055","2652352","10","1701266"
"chrX","1038575","1038883","chr1","27879066","27879372","37","26840491"
"chrX","1072736","1073028","chr3","41641758","41642050","32","40569022"
"chrX","1102318","1102623","chr19","6081055","6081357","39","4978737"
"chrX","1293142","1293432","chrX","3003906","3004195","8","1710764"
"chrX","1465769","1466067","chrX","3175793","3176096","10","1710024"
"chrX","1686041","1686336","chrX","3438021","3438316","5","1751980"
"chrX","1708446","1708755","chrX","3460061","3460386","21","1751615"
"chrX","1850567","1850861","chr1","12484168","12484458","32","10633601"
"chrX","1924458","1924767","chrX","3672786","3673095","7","1748328"
"chrX","2049025","2049304","chrX","3799153","3799430","3","1750128"
"chrX","2090618","2090915","chr15","51755059","51755355","46","49664441"
"chrX","2249534","2249843","chrX","4007054","4007351","17","1757520"
"chrX","2255727","2255938","chrX","4013259","4013470","1","1757532"
"chrX","2259252","2259576","chrX","4016830","4017114","44","1757578"
"chrX","2362088","2362390","chr8","63724629","63724930","31","61362541"
"chrX","2407420","2407724","chrX","4161792","4162095","6","1754372"
"chrX","3355666","3355950","chr2","99304029","99304315","42","95948363"
"chrX","3430530","3430817","chrX","5181544","5181840","15","1751014"
"chrX","3641010","3641285","chrX","5394542","5394819","5","1753532"
"chrX","4133063","4133350","chrX","5888988","5889275","4","1755925"
"chrX","5345985","5346280","chrX","7101893","7102192","9","1755908"
"chrX","5433122","5433401","chrX","7215182","7215461","2","1782060"
"chrX","5643158","5643449","chrX","7430694","7430985","4","1787536"
"chrX","5720018","5720289","chrX","7513796","7514071","12","1793778"
"chrX","5792185","5792460","chr5","1961414","1961691","38","3830771"
"chrX","5887154","5887457","chrX","7683531","7683837","9","1796377"
"chrX","5908459","5908735","chrX","7703512","7703816","33","1795053"
"chrX","5943126","5943394","chrX","7737456","7737718","13","1794330"
"chrX","5956886","5957188","chrX","7754705","7754985","26","1797819"
"chrX","6227708","6228017","chrX","8023723","8024018","22","1796015"
"chrX","6703258","6703502","chr1","36634341","36634587","34","29931083"
"chrX","6728577","6728860","chrX","8547172","8547455","2","1818595"
"chrX","7028997","7029305","chr16","41944651","41944958","29","34915654"
"chrX","7250031","7250338","chr5","189095166","189095464","38","181845135"
"chrX","7269843","7270151","chrX","9084950","9085257","7","1815107"
"chrX","7402079","7402376","chrX","9217941","9218238","1","1815862"
"chrX","7403577","7403866","chrX","9219440","9219729","1","1815863"
"chrX","7687295","7687587","chrX","9505457","9505749","4","1818162"
"chrX","7977220","7977525","chrX","9798741","9799048","9","1821521"
"chrX","8151062","8151363","chrX","9969280","9969570","12","1818218"
"chrX","8386639","8386930","chrX","10207392","10207682","3","1820753"
"chrX","8404035","8404329","chrX","10224847","10225138","6","1820812"
"chrX","8434709","8434974","chrX","10256882","10257140","10","1822173"
"chrX","8475380","8475649","chrX","10298419","10298690","3","1823039"
"chrX","9097928","9098211","chrX","10950571","10950857","11","1852643"
"chrX","9363950","9364252","chrX","11265952","11266273","22","1902002"
"chrX","9635950","9636253","chr1","19420229","19420523","40","9784279"
"chrX","9663421","9663730","chrX","11565141","11565473","29","1901720"
"chrX","9698481","9698785","chr13","3139330","3139635","30","6559151"
"chrX","9728241","9728548","chrX","11631150","11631453","14","1902909"
"chrX","9818436","9818740","chrX","11722826","11723132","8","1904390"
"chrX","9837910","9838192","chr7","27042398","27042682","34","17204488"
"chrX","9873304","9873610","chr7","11545020","11545322","37","1671716"
"chrX","9888186","9888488","chrX","11792454","11792751","10","1904268"
"chrX","9889948","9890255","chr1","97443874","97444180","40","87553926"
"chrX","10009686","10009983","chrX","11912037","11912336","9","1902351"
"chrX","10012223","10012520","chr8","44905839","44906138","34","34893616"
"chrX","10088240","10088549","chr11","62610991","62611296","32","52522751"
"chrX","10239046","10239277","chr12","83696584","83696816","24","73457538"
"chrX","10244291","10244558","chr15","106374896","106375164","31","96130605"
"chrX","10707175","10707485","chrX","12612513","12612817","10","1905338"
"chrX","10825731","10826012","chr3","75979486","75979774","44","65153755"
"chrX","10938574","10938842","chr1","211352167","211352438","39","200413593"
"chrX","11000689","11000987","chrX","12911910","12912212","7","1911221"
"chrX","11023193","11023453","chr9","87797994","87798264","46","76774801"
"chrX","11193232","11193508","chrX","13102324","13102595","8","1909092"
"chrX","11201999","11202298","chrX","13110931","13111229","7","1908932"
"chrX","11230696","11230983","chrX","13141436","13141729","10","1910740"
"chrX","11321057","11321344","chrX","13237354","13237641","4","1916297"
"chrX","11519944","11520221","chrX","13435469","13435711","35","1915525"
"chrX","12368056","12368243","chr10","83806647","83806840","32","71438591"
"chrX","12529351","12529655","chr1","142506631","142506939","36","129977280"
"chrX","12551700","12551972","chrX","14525831","14526102","4","1974131"
"chrX","12603102","12603407","chr5","104191246","104191551","36","91588144"
"chrX","12606223","12606514","chr16","62065069","62065362","33","49458846"
"chrX","12622971","12623218","chr3","52524910","52525159","44","39901939"
"chrX","12730569","12730875","chrX","14714085","14714393","8","1983516"
"chrX","12978024","12978315","chrX","14964529","14964822","6","1986505"
"chrX","13274533","13274856","chrX","15258941","15259238","31","1984408"
"chrX","13293829","13294107","chrX","15278167","15278437","11","1984338"
"chrX","13509668","13509931","chrX","15489977","15490240","3","1980309"
"chrX","13525199","13525494","chrX","15505798","15506097","7","1980599"
"chrX","13699216","13699521","chr4","166322257","166322565","22","152623041"
"chrX","13909656","13909964","chr10","86807338","86807647","35","72897682"
"chrX","13981474","13981740","chrX","16093365","16093650","32","2111891"
"chrX","13985472","13985753","chrX","16103078","16103361","11","2117606"
"chrX","14000397","14000557","chrX","16117936","16118096","1","2117539"
"chrX","14013086","14013373","chrX","16130658","16130945","2","2117572"
"chrX","14251599","14251899","chrX","16367937","16368242","9","2116338"
"chrX","14254321","14254627","chr9","113011790","113012098","36","98757469"
"chrX","14313483","14313656","chr10","81409642","81409819","48","67096159"
"chrX","14314058","14314184","chr19","19704711","19704836","20","5390653"
"chrX","14323407","14323699","chrX","16439495","16439791","9","2116088"
"chrX","14557882","14558172","chr2","64736482","64736771","38","50178600"
"chrX","14577742","14578042","chrX","16702609","16702909","4","2124867"
"chrX","15175806","15176114","chrX","17291811","17292119","4","2116005"
"chrX","15566337","15566620","chrX","17706925","17707211","4","2140588"
"chrX","15653179","15653488","chrX","17793062","17793371","2","2139883"
"chrX","15665859","15666161","chrX","17807209","17807511","7","2141350"
"chrX","15694724","15695012","chrX","17835789","17836077","1","2141065"
"chrX","15712856","15713152","chrX","17854712","17855006","7","2141856"
"chrX","15912668","15912938","chrX","18055108","18055373","8","2142440"
"chrX","15960147","15960362","chr1","30316054","30316272","31","14355907"
"chrX","16031697","16031997","chrX","18174488","18174786","11","2142791"
"chrX","16048326","16048621","chr3","45936006","45936298","31","29887680"
"chrX","16068254","16068548","chrX","18210665","18210972","20","2142411"
"chrX","16072027","16072348","chrX","18214517","18214838","8","2142490"
"chrX","16078894","16079183","chrX","18221621","18221910","7","2142727"
"chrX","16082982","16083251","chr6","166714632","166714905","40","150631650"
"chrX","16112725","16113025","chrX","18255658","18255962","6","2142933"
"chrX","16166364","16166666","chrX","18308071","18308372","5","2141707"
"chrX","16213713","16214004","chrX","18355869","18356159","3","2142156"
"chrX","16442578","16442876","chrX","18590442","18590737","8","2147864"
"chrX","16609770","16610069","chrX","18764380","18764679","7","2154610"
"chrX","16708406","16708712","chr2","165822316","165822621","33","149113910"
"chrX","16853760","16854061","chrX","19016457","19016762","9","2162697"
"chrX","16872943","16873247","chrX","19035634","19035938","1","2162691"
"chrX","16888644","16888925","chrX","19051120","19051406","8","2162476"
"chrX","16893729","16894038","chrX","19056210","19056519","4","2162481"
"chrX","17024802","17025118","chrX","19189918","19190236","6","2165116"
"chrX","17072786","17073065","chrX","19242600","19242879","1","2169814"
"chrX","17299031","17299334","chrX","19470832","19471135","4","2171801"
"chrX","17318029","17318134","chr2","15132153","15132269","25","2185876"
"chrX","17318598","17318778","chr18","6206372","6206553","46","11112226"
"chrX","17337851","17338154","chr8","63724629","63724930","32","46386778"
"chrX","17365413","17365708","chrX","19537426","19537728","11","2172013"
"chrX","17370558","17370856","chr14","100128198","100128508","37","82757640"
"chrX","17374166","17374410","chr19","12045154","12045392","53","5329012"
"chrX","17390485","17390694","chr16","13500002","13500210","29","3890483"
"chrX","17402611","17402908","chrX","19574918","19575215","3","2172307"
"chrX","17427594","17427886","chr7","95928202","95928495","35","78500608"
"chrX","17459060","17459376","chrX","19631749","19632057","12","2172689"
"chrX","17472644","17472914","chr11","6214928","6215200","42","11257716"
"chrX","18943606","18943837","chr6","132067261","132067494","45","113123655"
"chrX","19123669","19123947","chrX","21281817","21282095","4","2158148"
"chrX","19209875","19210178","chrX","21367701","21368003","8","2157826"
"chrX","19213900","19214175","chrX","21371721","21371994","6","2157821"
"chrX","19225037","19225345","chrX","21382827","21383135","2","2157790"
"chrX","19266294","19266586","chrX","21424543","21424831","13","2158249"
"chrX","19538297","19538599","chr16","39535721","39536029","39","19997424"
"chrX","19557464","19557761","chr11","34016163","34016458","34","14458699"
"chrX","19697544","19697852","chrX","21861210","21861512","8","2163666"
"chrX","19823133","19823410","chr3","3185699","3185976","37","16637434"
"chrX","20213941","20214239","chr7","31624145","31624439","37","11410204"
"chrX","20247157","20247469","chrX","22377222","22377526","16","2130065"
"chrX","20313615","20313868","chr7","1694534","1694773","41","18619081"
"chrX","20349329","20349636","chrX","22480134","22480435","7","2130805"
"chrX","20425226","20425531","chr2","178818563","178818871","46","158393337"
"chrX","20514851","20515149","chr1","25636423","25636725","33","5121572"
"chrX","20517023","20517302","chrX","22653250","22653532","11","2136227"
"chrX","20610812","20611110","chrX","22746199","22746497","2","2135387"
"chrX","20751007","20751311","chr16","25975302","25975604","37","5224295"
"chrX","20837253","20837553","chrX","22941802","22942102","3","2104549"
"chrX","20920418","20920721","chrX","23022800","23023091","14","2102382"
"chrX","20959963","20960259","chrX","23059568","23059863","4","2099605"
"chrX","20964808","20965110","chr1","218773751","218774047","48","197808943"
"chrX","20997367","20997651","chrX","23096964","23097248","5","2099597"
"chrX","21048538","21048835","chrX","23148182","23148479","4","2099644"
"chrX","21062099","21062397","chrX","23161988","23162284","9","2099889"
"chrX","21077773","21078090","chr3","185238208","185238517","47","164160435"
"chrX","21108628","21108912","chrX","23212400","23212684","5","2103772"
"chrX","21125615","21125907","chrX","23229684","23229974","4","2104069"
"chrX","21128582","21128862","chr7","61999249","61999530","47","40870667"
"chrX","21129561","21129843","chr5","98591416","98591702","36","77461855"
"chrX","21137171","21137474","chr7","155089098","155089402","35","133951927"
"chrX","21171147","21171456","chrX","23278706","23279008","15","2107559"
"chrX","21188499","21188798","chrX","23305368","23305667","4","2116869"
"chrX","21194321","21194617","chrX","23312754","23313050","6","2118433"
"chrX","21221664","21221823","chrX","23341787","23341948","4","2120123"
"chrX","21221910","21222185","chr5","54048112","54048385","49","32826202"
"chrX","21234304","21234609","chrX","23354323","23354622","15","2120019"
"chrX","21268761","21269058","chr2","108232438","108232733","38","86963677"
"chrX","21292984","21293297","chrX","23413139","23413434","23","2120155"
"chrX","21299633","21299933","chrX","23419826","23420126","7","2120193"
"chrX","21315750","21316047","chrX","23437240","23437522","23","2121490"
"chrX","21339412","21339706","chrX","23461877","23462170","7","2122465"
"chrX","21386694","21386990","chr3","13693333","13693627","37","7693361"
"chrX","21392965","21393258","chr1","8814111","8814404","34","12578854"
"chrX","21419080","21419388","chrX","23543362","23543674","11","2124282"
"chrX","21421532","21421737","chr19","12657166","12657369","25","8764366"
"chrX","21424726","21425031","chrX","23549074","23549377","5","2124348"
"chrX","21430608","21430898","chrX","23554974","23555268","7","2124366"
"chrX","21431339","21431618","chrX","23555788","23556084","30","2124449"
"chrX","21495288","21495583","chrX","23622943","23623238","5","2127655"
"chrX","21501972","21502256","chrX","23629881","23630165","6","2127909"
"chrX","21531525","21531798","chrX","23658988","23659261","1","2127463"
"chrX","21541579","21541876","chrX","23669086","23669381","6","2127507"
"chrX","21568788","21569057","chrX","23696517","23696786","9","2127729"
"chrX","21643791","21644102","chr1","162660720","162661027","35","141016929"
"chrX","21654190","21654473","chr2","72756307","72756586","32","51102117"
"chrX","21697834","21698126","chrX","23826092","23826387","8","2128258"
"chrX","21765903","21766209","chrX","23900401","23900680","30","2134498"
"chrX","21810982","21811287","chrX","23945033","23945336","16","2134051"
"chrX","21900482","21900782","chrX","24034392","24034691","3","2133910"
"chrX","21908997","21909302","chrX","24042943","24043239","11","2133946"
"chrX","21938805","21939100","chrX","24071332","24071627","3","2132527"
"chrX","22013775","22014073","chrX","24147722","24148019","4","2133947"
"chrX","22015191","22015504","chrX","24149145","24149448","11","2133954"
"chrX","22016067","22016382","chrX","24150009","24150320","9","2133942"
"chrX","22088141","22088360","chrX","95271825","95272052","42","73183684"
"chrX","22094639","22094945","chrX","24228012","24228317","6","2133373"
"chrX","22198402","22198698","chrX","24328905","24329211","14","2130503"
"chrX","22240853","22241149","chrX","24371300","24371602","8","2130447"
"chrX","22262268","22262575","chrX","24392601","24392907","6","2130333"
"chrX","22271937","22272227","chrX","24402292","24402583","5","2130355"
"chrX","22347752","22348043","chrX","24478592","24478891","11","2130840"
"chrX","22353134","22353452","chrX","24484314","24484635","5","2131180"
"chrX","22357222","22357505","chr20","2068645","2068928","38","20288577"
"chrX","22396015","22396285","chrX","24527114","24527384","2","2131099"
"chrX","22456711","22456999","chrX","24582673","24582961","5","2125962"
"chrX","22471798","22472090","chrX","24598058","24598348","6","2126260"
"chrX","22473010","22473312","chrX","24599268","24599570","3","2126258"
"chrX","22524509","22524840","chr19","7305887","7306188","57","15218622"
"chrX","22771086","22771372","chrX","24902922","24903200","12","2131836"
"chrX","22846354","22846649","chrX","24976089","24976390","10","2129735"
"chrX","22898113","22898413","chrX","25027448","25027748","3","2129335"
"chrX","23288210","23288512","chr15","58063683","58063984","30","34775473"
"chrX","23743978","23744269","chrX","25902083","25902371","5","2158105"
"chrX","23747423","23747698","chrX","25905538","25905816","7","2158115"
"chrX","23867232","23867526","chr2","93656035","93656329","37","69788803"
"chrX","23950050","23950361","chr3","13202178","13202482","42","10747872"
"chrX","24025400","24025684","chr4","158887930","158888209","33","134862530"
"chrX","24029005","24029287","chrX","26191015","26191295","11","2162010"
"chrX","24334800","24335102","chrX","26562932","26563233","4","2228132"
"chrX","24361656","24361992","chrX","26589781","26590116","4","2228125"
"chrX","24394626","24394916","chr15","103853433","103853726","39","79458807"
"chrX","24489820","24490120","chrX","26715626","26715927","3","2225806"
"chrX","24617159","24617467","chr10","62331135","62331441","39","37713976"
"chrX","24648114","24648413","chrX","101127955","101128252","35","76479841"
"chrX","24752858","24753157","chrX","27000066","27000359","7","2247208"
"chrX","24792139","24792446","chr13","37601187","37601495","39","12809048"
"chrX","24797118","24797414","chr12","87806785","87807079","38","63009667"
"chrX","24837925","24838231","chrX","27082506","27082811","3","2244581"
"chrX","25056615","25056900","chrX","27316333","27316619","6","2259718"
"chrX","25091346","25091628","chr11","46750610","46750885","37","21659264"
"chrX","25327560","25327855","chrX","27570601","27570903","8","2243041"
"chrX","25456549","25456850","chrX","27693437","27693735","6","2236888"
"chrX","25609458","25609755","chrX","27904745","27905042","2","2295287"
"chrX","25730342","25730651","chr20","27930153","27930463","40","2199811"
"chrX","25877440","25877720","chrX","28178417","28178715","22","2300977"
"chrX","25894753","25895044","chrX","28196385","28196679","6","2301632"
"chrX","26082123","26082431","chr1","44004494","44004799","43","17922371"
"chrX","26121787","26122110","chrX","28420954","28421277","2","2299167"
"chrX","26248317","26248623","chrX","28552307","28552614","7","2303990"
"chrX","26282389","26282687","chr1","27794889","27795194","40","1512500"
"chrX","26301073","26301334","chrX","28605039","28605300","6","2303966"
"chrX","26401057","26401366","chrX","28708868","28709177","9","2307811"
"chrX","26476707","26477013","chrX","28784288","28784594","11","2307581"
"chrX","26542611","26542928","chrX","28857444","28857760","10","2314833"
"chrX","26543536","26543835","chrX","28858358","28858662","15","2314822"
"chrX","26545342","26545639","chrX","28860170","28860477","25","2314828"
"chrX","26601363","26601666","chrX","28917927","28918223","16","2316564"
"chrX","26662179","26662495","chrX","28978618","28978900","41","2316439"
"chrX","26664944","26665251","chr1","95497088","95497395","41","68832144"
"chrX","26716796","26717084","chrX","29033467","29033755","6","2316671"
"chrX","26734786","26735075","chrX","29051744","29052033","3","2316958"
"chrX","26990849","26991144","chrX","29306669","29306964","2","2315820"
"chrX","27001497","27001788","chrX","29323814","29324106","2","2322317"
"chrX","27092409","27092711","chrX","29415387","29415690","4","2322978"
"chrX","27157477","27157781","chr2","107073092","107073391","51","79915615"
"chrX","27181958","27182265","chrX","29506320","29506617","16","2324362"
"chrX","27190389","27190695","chrX","29514326","29514651","24","2323937"
"chrX","27287522","27287833","chrX","29610864","29611172","7","2323342"
"chrX","27295381","27295669","chr6","152918820","152919108","25","125623439"
"chrX","27553349","27553636","chr4","30749508","30749793","36","3196159"
"chrX","27562137","27562405","chrX","29891200","29891471","6","2329063"
"chrX","27611441","27611746","chrX","29942608","29942913","4","2331167"
"chrX","27681978","27682286","chrX","30012486","30012794","7","2330508"
"chrX","27861238","27861525","chrX","30192745","30193032","5","2331507"
"chrX","27907937","27908222","chrX","30244668","30244955","9","2336731"
"chrX","27944397","27944706","chrX","30282298","30282607","9","2337901"
"chrX","27958580","27958887","chrX","43613029","43613338","38","15654449"
"chrX","27965688","27965940","chr5","95549595","95549864","39","67583907"
"chrX","28020629","28020918","chr7","13939704","13939993","44","14080925"
"chrX","28037010","28037313","chrX","30376755","30377064","10","2339745"
"chrX","28041319","28041622","chrX","30381790","30382092","12","2340471"
"chrX","28048758","28049030","chrX","30389264","30389536","2","2340506"
"chrX","28291383","28291684","chrX","30630479","30630777","7","2339096"
"chrX","28315347","28315657","chr3","102532188","102532489","38","74216841"
"chrX","28317770","28318080","chr8","78435905","78436215","41","50118135"
"chrX","28339135","28339434","chrX","30677695","30677993","11","2338560"
"chrX","28465893","28466197","chr13","39953620","39953926","38","11487727"
"chrX","28565593","28565890","chrX","30916577","30916872","7","2350984"
"chrX","28566268","28566582","chr1","12281473","12281782","38","16284795"
"chrX","28708672","28708980","chrX","31063227","31063534","3","2354555"
"chrX","28748455","28748756","chrX","31108727","31109028","6","2360272"
"chrX","28999073","28999356","chrX","31374406","31374694","9","2375333"
"chrX","29005523","29005806","chrX","31380870","31381153","4","2375347"
"chrX","29072512","29072826","chr20","65971734","65972044","11","36899222"
"chrX","29344331","29344639","chrX","31721192","31721489","14","2376861"
"chrX","29746345","29746659","chrX","32119584","32119886","16","2373239"
"chrX","29759978","29760245","chr2","203630392","203630660","37","173870414"
"chrX","29860136","29860439","chrX","32234144","32234450","10","2374008"
"chrX","29930725","29931022","chrX","32298313","32298604","12","2367588"
"chrX","29990293","29990592","chrX","32358031","32358331","10","2367738"
"chrX","30044966","30045244","chrX","32411141","32411442","30","2366175"
"chrX","30223636","30223923","chr1","135773644","135773936","49","105550008"
"chrX","30357939","30358244","chrX","32729693","32729995","7","2371754"
"chrX","30485896","30486203","chr5","16888355","16888663","36","13597541"
"chrX","30548265","30548574","chrX","32916563","32916872","6","2368298"
"chrX","30609721","30610009","chrX","32980664","32980952","9","2370943"
"chrX","30804113","30804408","chrX","33180135","33180430","0","2376022"
"chrX","30895175","30895484","chrX","33269162","33269471","11","2373987"
"chrX","30923931","30924224","chrX","33296438","33296732","3","2372507"
"chrX","31841346","31841618","chrX","34298183","34298455","8","2456837"
"chrX","31879072","31879380","chrX","34332939","34333246","3","2453867"
"chrX","31887835","31888146","chrX","34341305","34341619","5","2453470"
"chrX","31959589","31959882","chrX","34413639","34413930","6","2454050"
"chrX","32015385","32015686","chrX","34471186","34471480","10","2455801"
"chrX","32050017","32050304","chrX","34502560","34502847","2","2452543"
"chrX","32079992","32080296","chrX","34532597","34532901","2","2452605"
"chrX","32242259","32242566","chrX","34693285","34693595","11","2451026"
"chrX","32253794","32254062","chrX","34707053","34707319","8","2453259"
"chrX","32276636","32276932","chrX","9217941","9218238","39","23058695"
"chrX","32378448","32378717","chrX","34884803","34885072","4","2506355"
"chrX","32387427","32387736","chrX","34893793","34894102","13","2506366"
"chrX","32394062","32394338","chrX","34900434","34900710","4","2506372"
"chrX","32509971","32510280","chrX","35015386","35015676","33","2505415"
"chrX","32863181","32863481","chr1","8456043","8456342","36","24407138"
"chrX","32939844","32940147","chr4","126337820","126338123","40","93397976"
"chrX","32978935","32979177","chr1","57553443","57553685","38","24574508"
"chrX","33001154","33001473","chr4","14094661","14094965","48","18906493"
"chrX","33006533","33006815","chrX","35536612","35536894","2","2530079"
"chrX","33046443","33046726","chr12","20505819","20506112","41","12540624"
"chrX","33065109","33065262","chr19","33066739","33066905","33","1630"
"chrX","33066709","33066986","chrX","35598995","35599271","3","2532286"
"chrX","33067714","33068003","chrX","35600001","35600290","13","2532287"
"chrX","33235744","33236024","chrX","35776631","35776918","17","2540887"
"chrX","33236893","33237180","chrX","35777786","35778074","14","2540893"
"chrX","33270231","33270517","chrX","35811556","35811841","5","2541325"
"chrX","33298882","33299174","chrX","35840683","35840980","11","2541801"
"chrX","33319546","33319841","chrX","35860867","35861168","8","2541321"
"chrX","33406746","33407049","chr16","50450052","50450356","32","17043306"
"chrX","33505742","33506052","chr4","17492453","17492764","39","16013289"
"chrX","33926876","33927186","chrX","36466374","36466683","5","2539498"
"chrX","33951163","33951464","chrX","36490638","36490935","9","2539475"
"chrX","34089447","34089768","chr5","66741385","66741701","41","32651938"
"chrX","34272409","34272713","chr7","37569071","37569373","31","3296662"
"chrX","34401203","34401471","chrX","89086840","89087104","10","54685637"
"chrX","34402079","34402347","chrX","89086840","89087104","10","54684761"
"chrX","35086451","35086750","chrX","37616597","37616896","5","2530146"
"chrX","35441307","35441616","chrX","37984761","37985065","9","2543454"
"chrX","35551549","35551833","chrX","38259674","38259956","19","2708125"
"chrX","35560222","35560490","chrX","38268576","38268846","7","2708354"
"chrX","35956482","35956782","chrX","38672827","38673122","8","2716345"
"chrX","35968914","35969222","chrX","38685589","38685887","15","2716675"
"chrX","37125207","37125484","chrX","39828642","39828921","2","2703435"
"chrX","37137418","37137698","chrX","39841180","39841459","8","2703762"
"chrX","37229307","37229614","chr9","116392134","116392429","46","79162827"
"chrX","37315097","37315397","chr1","121564029","121564325","35","84248932"
"chrX","37348974","37349285","chr9","39043024","39043328","31","1694050"
"chrX","37393953","37394261","chr7","51889453","51889762","37","14495500"
"chrX","37407101","37407406","chr3","166477634","166477937","40","129070533"
"chrX","37426166","37426471","chrX","40132008","40132313","5","2705842"
"chrX","37455916","37456209","chrX","40162158","40162456","5","2706242"
"chrX","37676426","37676659","chrX","40383627","40383860","0","2707201"
"chrX","38068613","38068909","chr11","123259154","123259456","32","85190541"
"chrX","38083564","38083873","chrX","40790590","40790899","15","2707026"
"chrX","38192523","38192817","chrX","40895506","40895800","2","2702983"
"chrX","38244147","38244455","chrX","40946483","40946793","9","2702336"
"chrX","38249550","38249854","chrX","40951930","40952234","7","2702380"
"chrX","38265634","38265931","chrX","40968989","40969286","6","2703355"
"chrX","38273141","38273437","chrX","40977081","40977376","12","2703940"
"chrX","38318947","38319256","chrX","41021858","41022163","8","2702911"
"chrX","38328487","38328779","chrX","41031385","41031678","3","2702898"
"chrX","38421133","38421418","chrX","41133717","41134003","4","2712584"
"chrX","38445489","38445750","chrX","41158548","41158809","1","2713059"
"chrX","38489765","38490050","chrX","41206873","41207158","2","2717108"
"chrX","38493741","38494040","chrX","41210504","41210803","9","2716763"
"chrX","38515626","38515934","chr1","44548505","44548810","35","6032879"
"chrX","38519751","38520045","chr3","2907703","2908000","42","35612048"
"chrX","38570490","38570801","chr9","124948634","124948941","43","86378144"
"chrX","38580220","38580513","chrX","41316302","41316591","23","2736082"
"chrX","38581919","38582221","chrX","41318316","41318624","26","2736397"
"chrX","38593470","38593770","chrX","41340625","41340923","3","2747155"
"chrX","38605040","38605326","chrX","41351496","41351782","3","2746456"
"chrX","38614134","38614443","chr14","63518444","63518750","38","24904310"
"chrX","38634875","38635176","chr2","172549917","172550206","45","133915042"
"chrX","38672068","38672378","chrX","41417283","41417592","19","2745215"
"chrX","38674436","38674735","chrX","41419683","41419982","8","2745247"
"chrX","38686462","38686688","chr7","84143993","84144219","27","45457531"
"chrX","38687924","38688217","chrX","41433533","41433826","3","2745609"
"chrX","38710765","38711085","chrX","41461511","41461823","11","2750746"
"chrX","38752810","38753107","chrX","41503863","41504160","5","2751053"
"chrX","38770400","38770707","chrX","41521472","41521779","9","2751072"
"chrX","38818293","38818584","chrX","41571436","41571727","5","2753143"
"chrX","38860237","38860544","chr16","15739271","15739577","36","23120966"
"chrX","38889447","38889742","chrX","41641674","41641967","5","2752227"
"chrX","38988250","38988547","chrX","41739817","41740115","3","2751567"
"chrX","39023242","39023515","chr16","50000801","50001070","55","10977559"
"chrX","39191182","39191478","chrX","41950763","41951059","21","2759581"
"chrX","39286966","39287262","chr12","3766632","3766928","33","35520334"
"chrX","39556525","39556840","chr7","125487927","125488246","49","85931402"
"chrX","40140203","40140487","chr3","70923619","70923897","43","30783416"
"chrX","40559810","40560107","chrX","43326686","43326989","8","2766876"
"chrX","40748322","40748629","chrX","43560772","43561071","11","2812450"
"chrX","40869810","40870100","chrX","43681197","43681487","2","2811387"
"chrX","41312145","41312452","chrX","44388625","44388925","19","3076480"
"chrX","41313275","41313582","chr1","42771177","42771482","35","1457902"
"chrX","41359632","41359934","chrX","44435761","44436063","3","3076129"
"chrX","41405788","41406094","chrX","44486416","44486720","8","3080628"
"chrX","41415695","41415999","chrX","44496319","44496626","6","3080624"
"chrX","41428153","41428456","chrX","44508383","44508696","20","3080230"
"chrX","41455444","41455745","chrX","44536496","44536790","12","3081052"
"chrX","41505263","41505551","chrX","44585861","44586156","11","3080598"
"chrX","41505662","41505952","chrX","44586269","44586561","6","3080607"
"chrX","41523570","41523878","chr13","54790758","54791064","32","13267188"
"chrX","41547504","41547777","chrX","44627777","44628073","33","3080273"
"chrX","41560872","41561161","chr12","98721046","98721332","33","57160174"
"chrX","41563854","41564142","chrX","44645951","44646246","11","3082097"
"chrX","41587104","41587410","chrX","44669959","44670265","2","3082855"
"chrX","41595681","41595977","chrX","44677312","44677613","17","3081631"
"chrX","41622585","41622886","chrX","44706567","44706860","14","3083982"
"chrX","41646532","41646836","chrX","44730020","44730328","5","3083488"
"chrX","41648120","41648422","chrX","44731603","44731899","9","3083483"
"chrX","41653154","41653443","chrX","44736339","44736629","8","3083185"
"chrX","41674943","41675204","chr11","33722586","33722849","46","7952357"
"chrX","41695677","41695976","chrX","44777946","44778244","3","3082269"
"chrX","41729206","41729420","chrX","44810518","44810732","3","3081312"
"chrX","41762714","41763012","chr2","159817530","159817826","36","118054816"
"chrX","41791520","41791820","chrX","44874753","44875059","14","3083233"
"chrX","41809631","41809938","chrX","44893474","44893771","15","3083843"
"chrX","41816217","41816511","chr11","104293431","104293730","39","62477214"
"chrX","41817546","41817840","chr7","16279866","16280158","42","25537680"
"chrX","41820695","41820992","chrX","44903630","44903922","16","3082935"
"chrX","41827735","41828031","chrX","44910675","44910979","17","3082940"
"chrX","41829363","41829661","chrX","44912246","44912548","14","3082883"
"chrX","41864813","41865099","chrX","44946857","44947134","12","3082044"
"chrX","41870296","41870602","chrX","44952328","44952634","1","3082032"
"chrX","41902451","41902738","chrX","44987781","44988071","5","3085330"
"chrX","41922137","41922445","chrX","128903017","128903324","46","86980880"
"chrX","42047713","42048012","chrX","45135322","45135621","5","3087609"
"chrX","42083441","42083737","chrX","45173143","45173440","2","3089702"
"chrX","42683267","42683580","chrX","45802470","45802749","38","3119203"
"chrX","42835702","42835946","chr17","77909020","77909261","36","35073318"
"chrX","42843579","42843875","chrX","45960343","45960636","8","3116764"
"chrX","42859346","42859647","chr15","58063683","58063984","42","15204337"
"chrX","42922576","42922864","chrX","46038610","46038897","2","3116034"
"chrX","42938133","42938434","chrX","46053537","46053840","6","3115404"
"chrX","42991073","42991382","chrX","46106130","46106439","8","3115057"
"chrX","43243619","43243914","chrX","46362919","46363216","12","3119300"
"chrX","43274652","43274959","chrX","46393307","46393617","8","3118655"
"chrX","43276353","43276658","chrX","46394994","46395300","6","3118641"
"chrX","43312513","43312822","chr15","92598445","92598754","31","49285932"
"chrX","43496869","43497176","chrX","46613737","46614040","10","3116868"
"chrX","43504591","43504887","chrX","46621446","46621744","6","3116855"
"chrX","43546826","43547110","chrX","46662975","46663251","16","3116149"
"chrX","43569139","43569436","chrX","46621446","46621744","7","3052307"
"chrX","43572087","43572383","chrX","46687170","46687466","7","3115083"
"chrX","43577619","43577897","chrX","46692714","46692995","8","3115095"
"chrX","43622023","43622306","chrX","46737290","46737594","32","3115267"
"chrX","43651164","43651463","chrX","46765824","46766134","12","3114660"
"chrX","43711984","43712293","chrX","46828370","46828679","1","3116386"
"chrX","43795951","43796245","chrX","46913192","46913485","9","3117241"
"chrX","43870557","43870873","chr16","62938376","62938691","36","19067819"
"chrX","43993785","43994051","chr20","29581132","29581400","40","14412653"
"chrX","44062015","44062309","chr19","13719074","13719375","34","30342941"
"chrX","44194670","44194949","chrX","47319968","47320232","18","3125298"
"chrX","44326014","44326304","chrX","47501502","47501801","10","3175488"
"chrX","44336211","44336487","chrX","47512600","47512878","6","3176389"
"chrX","44342839","44343130","chrX","47519201","47519495","8","3176362"
"chrX","44350486","44350768","chr6","75642722","75643003","35","31292236"
"chrX","44381634","44381932","chrX","15608036","15608334","33","28773598"
"chrX","44389145","44389383","chrX","47565367","47565595","11","3176222"
"chrX","44395241","44395583","chrX","47575717","47576069","21","3180476"
"chrX","44425292","44425581","chr6","152918820","152919108","34","108493528"
"chrX","44474208","44474507","chrX","47656697","47656994","7","3182489"
"chrX","44479647","44479954","chrX","47661459","47661768","6","3181812"
"chrX","44486856","44487151","chr11","34016163","34016458","32","10470693"
"chrX","44555826","44556144","chrX","47736488","47736786","24","3180662"
"chrX","44596091","44596397","chr1","118300331","118300640","65","73704240"
"chrX","44613641","44613930","chrX","47795568","47795857","0","3181927"
"chrX","44625560","44625854","chrX","47807424","47807716","4","3181864"
"chrX","44833575","44833873","chrX","48015671","48015978","15","3182096"
"chrX","44889080","44889388","chrX","48071134","48071442","14","3182054"
"chrX","45121550","45121871","chr1","34416651","34416977","55","10704899"
"chrX","45158499","45158795","chrX","48333032","48333328","3","3174533"
"chrX","45163732","45164033","chrX","48327801","48328102","3","3164069"
"chrX","45173662","45173970","chrX","48318135","48318443","4","3144473"
"chrX","45216642","45216952","chrX","48382040","48382350","3","3165398"
"chrX","45252521","45252828","chrX","48418158","48418462","10","3165637"
"chrX","45267871","45268139","chrX","48433984","48434263","13","3166113"
"chrX","45283805","45284094","chr13","61508971","61509262","49","16225166"
"chrX","45292304","45292613","chrX","48459529","48459838","9","3167225"
"chrX","45311225","45311496","chr4","74695513","74695789","47","29384288"
"chrX","45328148","45328453","chrX","48534578","48534883","2","3206430"
"chrX","45339136","45339442","chrX","48545498","48545804","9","3206362"
"chrX","45357230","45357504","chr5","24117729","24118005","45","21239501"
"chrX","45381138","45381435","chrX","48586641","48586941","12","3205503"
"chrX","45404227","45404522","chrX","48609045","48609338","3","3204818"
"chrX","45502955","45503251","chrX","48713309","48713605","3","3210354"
"chrX","45530072","45530361","chr9","26905410","26905703","29","18624662"
"chrX","45573686","45573994","chr1","42504625","42504934","36","3069061"
"chrX","45578548","45578834","chrX","48794182","48794468","7","3215634"
"chrX","45641654","45641963","chrX","48859752","48860043","25","3218098"
"chrX","45692099","45692409","chrX","48911775","48912085","13","3219676"
"chrX","45767745","45768048","chrX","48989384","48989683","9","3221639"
"chrX","45857151","45857444","chrX","49092763","49093055","2","3235612"
"chrX","45874079","45874374","chr3","72207852","72208147","41","26333773"
"chrX","45883530","45883818","chrX","49114114","49114404","3","3230584"
"chrX","45888563","45888863","chrX","49118974","49119282","14","3230411"
"chrX","45888874","45889183","chr15","64867704","64868011","40","18978830"
"chrX","45911654","45911976","chrX","49142221","49142530","21","3230567"
"chrX","45913381","45913670","chrX","49144509","49144800","6","3231128"
"chrX","45948740","45949039","chrX","49179364","49179674","13","3230624"
"chrX","46000850","46001141","chrX","49231611","49231909","31","3230761"
"chrX","46022547","46022841","chrX","49253480","49253776","3","3230933"
"chrX","46035432","46035719","chr5","66767460","66767750","37","20732028"
"chrX","46045178","46045475","chr3","87421491","87421788","3","41376313"
"chrX","46080980","46081266","chrX","49309646","49309933","5","3228666"
"chrX","46094565","46094865","chrX","49323464","49323765","8","3228899"
"chrX","46116398","46116690","chrX","49355735","49356030","10","3239337"
"chrX","46153315","46153591","chrX","49386341","49386616","5","3233026"
"chrX","46286676","46286957","chrX","49520854","49521129","9","3234178"
"chrX","46437685","46437982","chr3","50093564","50093857","31","3655879"
"chrX","46454335","46454630","chrX","49683092","49683385","6","3228757"
"chrX","47029792","47030107","chrX","50233471","50233786","9","3203679"
"chrX","47071891","47072201","chrX","50277462","50277775","5","3205571"
"chrX","47505009","47505309","chrX","128903017","128903324","38","81398008"
"chrX","48128994","48129281","chrX","51317121","51317407","3","3188127"
"chrX","48132366","48132654","chrX","51320682","51320967","8","3188316"
"chrX","48372115","48372415","chrX","51573979","51574285","8","3201864"
"chrX","48407003","48407297","chrX","51603811","51604106","5","3196808"
"chrX","48471023","48471330","chrX","51651742","51652051","4","3180719"
"chrX","48518900","48519201","chrX","51796441","51796742","4","3277541"
"chrX","48545142","48545440","chr20","21253432","21253722","50","27291710"
"chrX","48590619","48590921","chrX","51869142","51869443","12","3278523"
"chrX","49051003","49051276","chr6","162858907","162859182","40","113807904"
"chrX","49420366","49420652","chrX","52238465","52238752","3","2818099"
"chrX","49492522","49492819","chr4","20405901","20406196","38","29086621"
"chrX","49504480","49504768","chrX","52372212","52372500","1","2867732"
"chrX","49564547","49564819","chr12","21698492","21698765","40","27866055"
"chrX","49639610","49639906","chr8","67664892","67665187","29","18025282"
"chrX","49710154","49710469","chrX","52531516","52531827","26","2821362"
"chrX","49747532","49747842","chrX","52569917","52570227","9","2822385"
"chrX","49776069","49776366","chrX","52621144","52621442","16","2845075"
"chrX","49841609","49841929","chr4","36164537","36164851","46","13677072"
"chrX","49843636","49843947","chrX","52690541","52690851","5","2846905"
"chrX","49916073","49916353","chrX","52762094","52762392","35","2846021"
"chrX","49923160","49923421","chr7","95337580","95337841","35","45414420"
"chrX","49941350","49941517","chr3","117492787","117492955","28","67551437"
"chrX","49977917","49978213","chrX","52828912","52829213","10","2850995"
"chrX","49986375","49986667","chrX","52836969","52837267","8","2850594"
"chrX","50048727","50049028","chr1","42504625","42504934","46","7544102"
"chrX","50230090","50230388","chrX","53074571","53074874","11","2844481"
"chrX","50316687","50316978","chrX","53167316","53167609","8","2850629"
"chrX","50321687","50321958","chrX","53172745","53173024","10","2851058"
"chrX","50344812","50345119","chrX","53196355","53196659","10","2851543"
"chrX","50351648","50351961","chrX","53204171","53204485","7","2852523"
"chrX","50353065","50353379","chrX","53204171","53204485","5","2851106"
"chrX","50361561","50361855","chrX","53214505","53214804","6","2852944"
"chrX","50367464","50367764","chrX","53220427","53220727","3","2852963"
"chrX","50384160","50384465","chrX","53240524","53240828","5","2856364"
"chrX","50395591","50395889","chr1","90050444","90050742","36","39654853"
"chrX","50468991","50469233","chrX","53375214","53375462","9","2906223"
"chrX","50505632","50505916","chrX","53412350","53412634","2","2906718"
"chrX","50512720","50513013","chrX","53419396","53419691","7","2906676"
"chrX","50517947","50518251","chrX","53424299","53424598","7","2906352"
"chrX","50539179","50539440","chrX","53448486","53448746","6","2909307"
"chrX","50541765","50542059","chrX","53451073","53451367","6","2909308"
"chrX","50545893","50546172","chrX","41133717","41134003","38","9412176"
"chrX","50553364","50553674","chrX","53462505","53462818","10","2909141"
"chrX","50600112","50600423","chr18","43616082","43616391","27","6984030"
"chrX","50604405","50604696","chrX","53514624","53514917","9","2910219"
"chrX","50646465","50646772","chrX","53556450","53556760","23","2909985"
"chrX","50661926","50662177","chrX","68796198","68796442","77","18134272"
"chrX","50755578","50755866","chrX","53666044","53666340","10","2910466"
"chrX","50820800","50821100","chr11","34016163","34016458","34","16804637"
"chrX","50829659","50829824","chr14","10246675","10246842","15","40582984"
"chrX","50864501","50864797","chrX","53776480","53776783","13","2911979"
"chrX","50872866","50873143","chrX","53784859","53785127","13","2911993"
"chrX","50884621","50884929","chrX","53796426","53796733","92","2911805"
"chrX","50911412","50911719","chrX","53824439","53824742","9","2913027"
"chrX","50939657","50939956","chrX","53853476","53853770","6","2913819"
"chrX","50958635","50958947","chrX","53873533","53873845","3","2914898"
"chrX","50966558","50966733","chr3","38706693","38706863","22","12259865"
"chrX","50977710","50977999","chr15","11321438","11321730","33","39656272"
"chrX","50991717","50992019","chrX","53910014","53910323","8","2918297"
"chrX","51017764","51018067","chrX","53937513","53937793","26","2919749"
"chrX","51027637","51027947","chr13","86778484","86778790","36","35750847"
"chrX","51044033","51044331","chrX","53964892","53965196","10","2920859"
"chrX","51075321","51075507","chr7","6055953","6056137","30","45019368"
"chrX","51132322","51132616","chrX","54052358","54052651","6","2920036"
"chrX","51136115","51136411","chrX","54056403","54056701","5","2920288"
"chrX","51180280","51180545","chrX","54099596","54099896","42","2919316"
"chrX","51532284","51532623","chrX","54430778","54431091","29","2898494"
"chrX","51778859","51779166","chr3","126595630","126595934","34","74816771"
"chrX","52014468","52014628","chr1","21397140","21397297","24","30617328"
"chrX","52033632","52033941","chrX","54975517","54975802","28","2941885"
"chrX","52296626","52296925","chr7","152675411","152675718","34","100378785"
"chrX","52485269","52485512","chr19","17393250","17393489","36","35092019"
"chrX","52668766","52669052","chr3","154421512","154421804","44","101752746"
"chrX","52897443","52897727","chrX","56100160","56100444","4","3202717"
"chrX","53165970","53166273","chr15","14078384","14078687","39","39087586"
"chrX","53200682","53200984","chrX","56491905","56492204","4","3291223"
"chrX","53271305","53271595","chrX","102618033","102618318","42","49346728"
"chrX","53534315","53534543","chrX","56964797","56965025","2","3430482"
"chrX","54141252","54141563","chr10","62331135","62331441","39","8189883"
"chrX","54318930","54319198","chr6","162858907","162859182","41","108539977"
"chrX","55345718","55346002","chrX","58351780","58352064","3","3006062"
"chrX","56055471","56055660","chr13","24169198","24169386","30","31886273"
"chrX","56214213","56214480","chrX","59254458","59254724","4","3040245"
"chrX","56396526","56396831","chrX","59484974","59485270","11","3088448"
"chrX","56553030","56553336","chr19","40866944","40867252","40","15686086"
"chrX","56630198","56630529","chr2","84509227","84509557","43","27879029"
"chrX","56739092","56739391","chrX","59823301","59823596","6","3084209"
"chrX","56803473","56803777","chrX","59890359","59890662","6","3086886"
"chrX","56813383","56813692","chrX","59900251","59900559","4","3086868"
"chrX","56918503","56918718","chrX","99281828","99282045","30","42363325"
"chrX","56922367","56922668","chrX","60012021","60012322","5","3089654"
"chrX","57137280","57137586","chrX","60218779","60219091","14","3081499"
"chrX","57418840","57419119","chrX","60522446","60522755","35","3103606"
"chrX","57464439","57464745","chrX","60570405","60570710","12","3105966"
"chrX","57619898","57620202","chrX","60766190","60766494","6","3146292"
"chrX","58367451","58367757","chrX","61447852","61448173","16","3080401"
"chrX","58520716","58521013","chr18","64378958","64379266","53","5858242"
"chrX","58562594","58562882","chrX","61654468","61654759","12","3091874"
"chrX","58727141","58727409","chr16","45152849","45153118","46","13574292"
"chrX","59081085","59081378","chrX","62116601","62116902","13","3035516"
"chrX","59517846","59518126","chr6","172888407","172888688","34","113370561"
"chrX","59807650","59807891","chr12","83941801","83942043","34","24134151"
"chrX","59817409","59817706","chrX","62908986","62909285","6","3091577"
"chrX","59943989","59944261","chr7","51321295","51321568","31","8622694"
"chrX","59953372","59953655","chr9","8050701","8050983","37","51902671"
"chrX","59964051","59964343","chrX","63056833","63057128","6","3092782"
"chrX","60038077","60038386","chrX","63129286","63129595","7","3091209"
"chrX","60141014","60141302","chrX","63226890","63227181","7","3085876"
"chrX","60151557","60151846","chrX","63237486","63237775","1","3085929"
"chrX","60182294","60182593","chrX","63268379","63268671","8","3086085"
"chrX","60346495","60346785","chrX","63440676","63440966","3","3094181"
"chrX","60728952","60729258","chrX","128903017","128903324","26","68174065"
"chrX","60835962","60836265","chr8","38908809","38909111","29","21927153"
"chrX","60867944","60868224","chr7","27042398","27042682","35","33825546"
"chrX","60904079","60904379","chr16","45131388","45131684","34","15772691"
"chrX","61158154","61158454","chrX","64242104","64242418","25","3083950"
"chrX","61269191","61269496","chrX","17949300","17949607","53","43319891"
"chrX","61291965","61292274","chrX","64379038","64379341","11","3087073"
"chrX","61373021","61373338","chrX","64461118","64461424","16","3088097"
"chrX","61647357","61647644","chrX","64742890","64743177","2","3095533"
"chrX","61657126","61657416","chrX","64752660","64752955","7","3095534"
"chrX","61658399","61658708","chr1","223964986","223965295","39","162306587"
"chrX","61731419","61731704","chrX","64831227","64831495","17","3099808"
"chrX","61742952","61743238","chr7","161934846","161935129","46","100191894"
"chrX","62420308","62420600","chrX","65636660","65636950","8","3216352"
"chrX","62503377","62503671","chrX","65720526","65720820","22","3217149"
"chrX","62566911","62567224","chr1","25420094","25420399","42","37146817"
"chrX","62620792","62621100","chrX","65837907","65838210","9","3217115"
"chrX","62655853","62656167","chrX","65872875","65873185","9","3217022"
"chrX","62682105","62682406","chrX","66010323","66010604","23","3328218"
"chrX","62724488","62724786","chr15","9413135","9413430","38","53311353"
"chrX","62750953","62751154","chr8","48954034","48954234","30","13796919"
"chrX","62780249","62780522","chrX","66109191","66109466","9","3328942"
"chrX","62801568","62801853","chrX","66132363","66132648","5","3330795"
"chrX","62808357","62808633","chrX","66138519","66138794","4","3330162"
"chrX","62812472","62812737","chrX","66142633","66142896","5","3330161"
"chrX","62813705","62814000","chrX","66143862","66144157","5","3330157"
"chrX","62901222","62901497","chr14","31055241","31055518","36","31845981"
"chrX","63037443","63037750","chrX","66377093","66377400","6","3339650"
"chrX","63038513","63038797","chrX","66378146","66378449","32","3339633"
"chrX","63052953","63053246","chrX","66393250","66393544","4","3340297"
"chrX","63298325","63298621","chr7","31624145","31624439","32","31674180"
"chrX","63485929","63486220","chrX","66863049","66863357","27","3377120"
"chrX","63538275","63538573","chrX","66915383","66915681","7","3377108"
"chrX","63539631","63539926","chrX","66916738","66917033","5","3377107"
"chrX","63570698","63570998","chrX","66940310","66940618","12","3369612"
"chrX","63584716","63585009","chr2","161960788","161961087","38","98376072"
"chrX","63639101","63639409","chrX","67007124","67007431","14","3368023"
"chrX","63664142","63664433","chrX","67031391","67031682","2","3367249"
"chrX","63680637","63680937","chrX","67047569","67047867","4","3366932"
"chrX","63758883","63759192","chrX","67123453","67123762","0","3364570"
"chrX","63807833","63808119","chr2","52950048","52950345","34","10857785"
"chrX","63825677","63825983","chrX","67196804","67197112","11","3371127"
"chrX","63965099","63965351","chrX","67332947","67333224","28","3367848"
"chrX","64051143","64051438","chrX","67420775","67421076","9","3369632"
"chrX","64222915","64223215","chrX","67528972","67529272","2","3306057"
"chrX","64255582","64255718","chr10","27573419","27573551","15","36682163"
"chrX","64458127","64458414","chrX","67892000","67892289","5","3433873"
"chrX","64918797","64919088","chrX","68335803","68336093","5","3417006"
"chrX","64964948","64965245","chrX","68381436","68381733","2","3416488"
"chrX","64966316","64966623","chrX","68382804","68383111","11","3416488"
"chrX","64973275","64973582","chr17","5477209","5477518","48","59496066"
"chrX","65052978","65053286","chrX","68467314","68467622","4","3414336"
"chrX","65058435","65058739","chrX","68471967","68472271","2","3413532"
"chrX","65065183","65065492","chrX","68478669","68478972","9","3413486"
"chrX","65073444","65073744","chrX","68487478","68487778","4","3414034"
"chrX","65124341","65124612","chrX","68539078","68539371","25","3414737"
"chrX","65433670","65433978","chrX","68826978","68827286","2","3393308"
"chrX","65436130","65436422","chrX","68829431","68829723","2","3393301"
"chrX","65462380","65462687","chrX","68855728","68856036","5","3393348"
"chrX","65465495","65465802","chrX","68859162","68859469","3","3393667"
"chrX","65498797","65499042","chrX","69040518","69040763","5","3541721"
"chrX","65632201","65632502","chrX","68910312","68910592","24","3278111"
"chrX","65724974","65725274","chr3","2194531","2194834","35","63530443"
"chrX","65761257","65761564","chrX","3672786","3673095","42","62088471"
"chrX","65773074","65773377","chrX","69169726","69170027","4","3396652"
"chrX","65777175","65777485","chrX","69173314","69173640","18","3396139"
"chrX","65821179","65821464","chrX","69205310","69205607","18","3384131"
"chrX","65897010","65897310","chrX","69279602","69279900","6","3382592"
"chrX","66215599","66215889","chr7","138298701","138298983","40","72083102"
"chrX","67391201","67391499","chr1","26970551","26970850","38","40420650"
"chrX","67431545","67431841","chrX","73769665","73769963","5","6338120"
"chrX","67567057","67567358","chrX","70996005","70996305","4","3428948"
"chrX","67965395","67965672","chr14","61088987","61089268","5","6876408"
"chrX","68001167","68001474","chrX","71279223","71279532","7","3278056"
"chrX","68070158","68070429","chr3","75106308","75106577","45","7036150"
"chrX","68257605","68257898","chr12","98721046","98721332","35","30463441"
"chrX","68265019","68265330","chrX","71543445","71543755","3","3278426"
"chrX","68293904","68294217","chr3","156289160","156289463","43","87995256"
"chrX","68295978","68296279","chr7","96042596","96042895","6","27746618"
"chrX","68321687","68321956","chrX","71606903","71607172","6","3285216"
"chrX","68353224","68353520","chrX","71640373","71640669","3","3287149"
"chrX","68363713","68364009","chrX","71650918","71651214","0","3287205"
"chrX","68364750","68365054","chrX","71651954","71652258","2","3287204"
"chrX","68405773","68406064","chr20","27466312","27466604","43","40939461"
"chrX","68425565","68425846","chr1","39287135","39287418","28","29138430"
"chrX","68479470","68479768","chr5","63819432","63819728","38","4660038"
"chrX","68520879","68521191","chr16","61253797","61254104","34","7267082"
"chrX","68525829","68526109","chrX","71817493","71817773","2","3291664"
"chrX","68539568","68539859","chrX","71831189","71831480","2","3291621"
"chrX","68555257","68555490","chrX","71846849","71847082","1","3291592"
"chrX","68567023","68567328","chrX","71858583","71858889","11","3291560"
"chrX","68591824","68592112","chrX","71884047","71884350","17","3292223"
"chrX","68596878","68597187","chrX","71889927","71890244","13","3293049"
"chrX","68608844","68609153","chrX","71902854","71903163","5","3294010"
"chrX","68629868","68630168","chrX","71923504","71923797","8","3293636"
"chrX","68631628","68631915","chrX","71925025","71925312","3","3293397"
"chrX","68666273","68666567","chrX","71960707","71961001","4","3294434"
"chrX","68744179","68744466","chrX","72098871","72099166","15","3354692"
"chrX","69845081","69845379","chrX","73358791","73359089","3","3513710"
"chrX","70214193","70214488","chrX","73728457","73728756","10","3514264"
"chrX","70382345","70382653","chr4","33015447","33015756","31","37366898"
"chrX","70435124","70435418","chrX","73981200","73981505","18","3546076"
"chrX","70582586","70582881","chrX","74141325","74141629","13","3558739"
"chrX","70630744","70631009","chrX","74191756","74192022","4","3561012"
"chrX","71010997","71011294","chrX","74566351","74566646","6","3555354"
"chrX","71087545","71087822","chrX","74644434","74644711","3","3556889"
"chrX","71096754","71097046","chrX","74653391","74653683","3","3556637"
"chrX","71118506","71118800","chrX","74674381","74674681","10","3555875"
"chrX","71156169","71156484","chrX","74712020","74712318","24","3555851"
"chrX","71197468","71197781","chrX","74759222","74759558","30","3561754"
"chrX","71367690","71367984","chrX","74929398","74929694","9","3561708"
"chrX","71596688","71596966","chrX","75159112","75159391","9","3562424"
"chrX","71898259","71898506","chr17","29309885","29310103","63","42588374"
"chrX","72039791","72040098","chrX","75688134","75688443","9","3648343"
"chrX","72184367","72184668","chr1","63216852","63217153","41","8967515"
"chrX","72225488","72225788","chrX","75883832","75884129","6","3658344"
"chrX","72269728","72270045","chrX","75929971","75930287","10","3660243"
"chrX","72413063","72413377","chr3","179800360","179800678","47","107387297"
"chrX","72618877","72619181","chrX","76320824","76321124","8","3701947"
"chrX","72870893","72871194","chrX","76590510","76590804","10","3719617"
"chrX","72977361","72977661","chr1","85224413","85224714","37","12247052"
"chrX","73000001","73000164","chr7","52153187","52153352","27","20846814"
"chrX","73001853","73002148","chr8","41823001","41823300","39","31178852"
"chrX","73003782","73004088","chrX","76725537","76725864","32","3721755"
"chrX","73030441","73030740","chr19","551512","551811","5","72478929"
"chrX","73043236","73043524","chrX","76763101","76763402","19","3719865"
"chrX","73111523","73111818","chrX","76826530","76826833","16","3715007"
"chrX","73173558","73173864","chrX","76894199","76894479","27","3720641"
"chrX","73527469","73527778","chrX","77238872","77239204","30","3711403"
"chrX","74417075","74417383","chrX","78124656","78124959","9","3707581"
"chrX","74534190","74534494","chrX","78242369","78242674","12","3708179"
"chrX","75212721","75213033","chrX","79021200","79021508","7","3808479"
"chrX","75239591","75239892","chrX","79040932","79041233","5","3801341"
"chrX","75574126","75574369","chrX","79378445","79378698","11","3804319"
"chrX","75707636","75707938","chrX","79511425","79511733","9","3803789"
"chrX","75711311","75711613","chr3","154421512","154421804","48","78710201"
"chrX","77502187","77502495","chrX","81441122","81441420","18","3938935"
"chrX","77638272","77638545","chrX","81570202","81570475","1","3931930"
"chrX","77656287","77656622","chrX","81589750","81590074","25","3933463"
"chrX","77773187","77773428","chr6","179384905","179385146","37","101611718"
"chrX","77980804","77981061","chrX","81942717","81942975","5","3961913"
"chrX","77996199","77996508","chrX","81957808","81958116","8","3961609"
"chrX","78190842","78191138","chr4","116702501","116702796","45","38511659"
"chrX","78269627","78269928","chrX","82224329","82224633","5","3954702"
"chrX","78535640","78535945","chrX","82518476","82518781","0","3982836"
"chrX","78607409","78607718","chr11","62610991","62611296","45","15996418"
"chrX","79280366","79280687","chr12","120066993","120067303","51","40786627"
"chrX","79349428","79349728","chr15","9413135","9413430","40","69936293"
"chrX","79358137","79358425","chrX","83298198","83298480","19","3940061"
"chrX","79367455","79367761","chrX","83307480","83307789","18","3940025"
"chrX","79820711","79821013","chrX","83731406","83731706","8","3910695"
"chrX","79867807","79868080","chrX","147944169","147944442","33","68076362"
"chrX","79923197","79923505","chrX","83833340","83833620","33","3910143"
"chrX","80086961","80087239","chrX","83987473","83987758","12","3900512"
"chrX","80290515","80290824","chr1","11422034","11422343","41","68868481"
"chrX","80305942","80306237","chrX","84217641","84217939","16","3911699"
"chrX","80307029","80307327","chrX","84217641","84217939","14","3910612"
"chrX","80308646","80308806","chrX","84219259","84219419","8","3910613"
"chrX","80583116","80583411","chrX","84527263","84527561","9","3944147"
"chrX","80666961","80667263","chrX","84615637","84615949","19","3948676"
"chrX","80904076","80904367","chrX","84853638","84853929","6","3949562"
"chrX","81370940","81371243","chrX","85329100","85329401","15","3958160"
"chrX","81639891","81640176","chrX","85596673","85596958","2","3956782"
"chrX","82091992","82092304","chrX","86050025","86050319","23","3958033"
"chrX","82146802","82147093","chrX","86104808","86105096","4","3958006"
"chrX","82188304","82188613","chrX","86145555","86145856","12","3957251"
"chrX","82357426","82357689","chrX","86324535","86324798","0","3967109"
"chrX","82452678","82452984","chr2","178818563","178818871","42","96365885"
"chrX","82479463","82479767","chrX","86444741","86445045","4","3965278"
"chrX","82624327","82624624","chrX","86639156","86639453","10","4014829"
"chrX","82839209","82839500","chrX","86844326","86844617","2","4005117"
"chrX","82866396","82866696","chr8","38908809","38909111","36","43957587"
"chrX","83053642","83053963","chr6","17300741","17301063","50","65752901"
"chrX","83166263","83166563","chr16","11760971","11761268","38","71405292"
"chrX","83217967","83218226","chrX","87228031","87228289","8","4010064"
"chrX","83254151","83254450","chr7","111938515","111938810","32","28684364"
"chrX","83407587","83407892","chrX","87413354","87413653","8","4005767"
"chrX","83544956","83545247","chrX","87548407","87548695","13","4003451"
"chrX","83564801","83565103","chrX","87570468","87570777","15","4005667"
"chrX","83792656","83792960","chrX","87794705","87795010","6","4002049"
"chrX","83796315","83796605","chrX","87798679","87798969","8","4002364"
"chrX","83842973","83843279","chrX","87844156","87844469","15","4001183"
"chrX","84077159","84077447","chrX","88086270","88086571","17","4009111"
"chrX","84119856","84120155","chrX","88128842","88129142","4","4008986"
"chrX","84126153","84126446","chrX","88134173","88134474","13","4008020"
"chrX","84198429","84198729","chr6","99794510","99794803","35","15596081"
"chrX","84406750","84407066","chrX","88407786","88408101","6","4001036"
"chrX","84447424","84447726","chrX","88448095","88448397","3","4000671"
"chrX","84649368","84649663","chrX","88671070","88671367","4","4021702"
"chrX","84661313","84661619","chrX","88683036","88683308","39","4021723"
"chrX","84666827","84667109","chrX","88688487","88688786","23","4021660"
"chrX","84904206","84904532","chr5","66416469","66416788","50","18487737"
"chrX","85099691","85099970","chrX","89377232","89377512","4","4277541"
"chrX","86221137","86221429","chrX","90514477","90514770","5","4293340"
"chrX","86427772","86428056","chrX","90720401","90720682","7","4292629"
"chrX","86515042","86515355","chrX","90809324","90809602","37","4294282"
"chrX","86611974","86612278","chrX","90911572","90911865","17","4299598"
"chrX","86613933","86614231","chrX","90913522","90913811","11","4299589"
"chrX","86617587","86617896","chrX","90917142","90917451","10","4299555"
"chrX","86656842","86657138","chrX","90956724","90957015","11","4299882"
"chrX","86697709","86698011","chr13","29700509","29700811","30","56997200"
"chrX","86740086","86740382","chrX","91038946","91039243","5","4298860"
"chrX","86751916","86752200","chrX","91051060","91051344","5","4299144"
"chrX","86756173","86756469","chrX","91055308","91055604","10","4299135"
"chrX","86818693","86818972","chrX","91120011","91120295","11","4301318"
"chrX","87050083","87050384","chr1","210895757","210896056","34","123845674"
"chrX","87072803","87073128","chr2","84509227","84509557","36","2563576"
"chrX","87088576","87088895","chrX","91398741","91399057","14","4310165"
"chrX","87098255","87098550","chrX","91409197","91409492","4","4310942"
"chrX","87114775","87115079","chrX","91426039","91426334","16","4311264"
"chrX","87135352","87135654","chrX","91447424","91447725","3","4312072"
"chrX","87152041","87152320","chrX","91464463","91464742","5","4312422"
"chrX","87222961","87223269","chrX","91535431","91535738","3","4312470"
"chrX","87239334","87239634","chrX","91547889","91548183","10","4308555"
"chrX","87270138","87270433","chr16","10171832","10172128","38","77098306"
"chrX","87273054","87273317","chr1","223676434","223676699","24","136403380"
"chrX","87337321","87337618","chr13","87502258","87502557","31","164937"
"chrX","87385560","87385867","chr5","37265492","37265795","39","50120068"
"chrX","87392018","87392332","chr10","22107242","22107549","46","65284776"
"chrX","87459752","87460057","chr12","113870563","113870864","38","26410811"
"chrX","87472639","87472887","chrX","91785178","91785421","11","4312539"
"chrX","88233959","88234250","chrX","92558241","92558532","6","4324282"
"chrX","88593592","88593890","chrX","92912292","92912590","3","4318700"
"chrX","88891078","88891385","chr13","43474471","43474778","33","45416607"
"chrX","88947524","88947747","chrX","93270744","93270992","30","4323220"
"chrX","89313237","89313513","chrX","93616823","93617103","7","4303586"
"chrX","89747292","89747583","chrX","94067101","94067398","11","4319809"
"chrX","89897207","89897499","chrX","94218587","94218879","1","4321380"
"chrX","90276725","90277024","chrX","94591676","94591967","12","4314951"
"chrX","90549560","90549863","chrX","94877950","94878254","13","4328390"
"chrX","90746551","90746834","chrX","95074990","95075273","9","4328439"
"chrX","90880516","90880811","chr5","57675048","57675346","36","33205468"
"chrX","90893968","90894282","chrX","95226122","95226430","8","4332154"
"chrX","90894659","90894968","chr5","127478739","127479043","38","36584080"
"chrX","90895145","90895279","chrX","95227298","95227432","2","4332153"
"chrX","90902212","90902513","chr18","34881303","34881600","31","56020909"
"chrX","90914642","90914941","chrX","95246898","95247197","7","4332256"
"chrX","90974339","90974615","chr3","7219377","7219653","45","83754962"
"chrX","91013677","91013953","chr3","5574465","5574740","49","85439212"
"chrX","91014004","91014046","chr7","114323883","114323919","14","23309879"
"chrX","91056708","91057013","chrX","95383010","95383310","11","4326302"
"chrX","91076204","91076511","chrX","95402956","95403262","9","4326752"
"chrX","91081778","91082085","chrX","95408448","95408753","6","4326670"
"chrX","91150417","91150716","chrX","95478621","95478920","8","4328204"
"chrX","91178403","91178705","chrX","95505440","95505747","5","4327037"
"chrX","91187271","91187551","chrX","95514418","95514724","27","4327147"
"chrX","91195193","91195350","chr10","56995889","56996047","14","34199304"
"chrX","91204613","91204905","chr1","31482751","31483040","32","59721862"
"chrX","91210720","91210855","chrX","95537962","95538097","1","4327242"
"chrX","91215951","91216247","chr17","92110900","92111199","6","894949"
"chrX","91216938","91217213","chrX","95544283","95544559","7","4327345"
"chrX","91238891","91239185","chrX","95566574","95566863","24","4327683"
"chrX","91248310","91248618","chrX","95576022","95576327","6","4327712"
"chrX","91299736","91299975","chr5","40409921","40410155","37","50889815"
"chrX","91434940","91435247","chr11","32266424","32266733","35","59168516"
"chrX","91567789","91568085","chrX","95895454","95895750","0","4327665"
"chrX","91961279","91961579","chr11","68941831","68942137","39","23019448"
"chrX","92115300","92115596","chrX","96589568","96589864","5","4474268"
"chrX","92254336","92254635","chrX","96731920","96732220","5","4477584"
"chrX","92318763","92319063","chr1","81764535","81764830","37","10554228"
"chrX","92337529","92337787","chrX","96817454","96817712","4","4479925"
"chrX","92338897","92339204","chrX","96819155","96819462","5","4480258"
"chrX","92520862","92521166","chrX","96996653","96996957","2","4475791"
"chrX","92630528","92630812","chrX","97098888","97099172","3","4468360"
"chrX","92935850","92936111","chr2","70655413","70655669","30","22280437"
"chrX","92989346","92989639","chrX","97454016","97454311","6","4464670"
"chrX","93024627","93024918","chr15","90551600","90551895","38","2473027"
"chrX","93089789","93090085","chrX","97555013","97555309","2","4465224"
"chrX","93104813","93105074","chrX","97570305","97570575","13","4465492"
"chrX","93299522","93299840","chrX","97956510","97956828","3","4656988"
"chrX","93320567","93320875","chr7","152675411","152675718","41","59354844"
"chrX","93462217","93462515","chr19","45912235","45912536","44","47549982"
"chrX","93464236","93464538","chrX","98122120","98122420","6","4657884"
"chrX","94014500","94014811","chrX","98797361","98797672","5","4782861"
"chrX","94141846","94142149","chrX","98931008","98931332","27","4789162"
"chrX","94437743","94437960","chrX","99281828","99282045","2","4844085"
"chrX","94869064","94869353","chrX","99705386","99705675","3","4836322"
"chrX","94960533","94960813","chr11","16429445","16429722","42","78531088"
"chrX","95338270","95338568","chr1","77960911","77961215","42","17377359"
"chrX","95368807","95369116","chrX","100194763","100195064","8","4825956"
"chrX","95464253","95464563","chrX","100336015","100336324","7","4871762"
"chrX","95510867","95511158","chrX","100390934","100391224","6","4880067"
"chrX","96048795","96049083","chrX","100930257","100930537","11","4881462"
"chrX","96075789","96076090","chrX","100957234","100957532","12","4881445"
"chrX","96143561","96143856","chrX","101065191","101065488","4","4921630"
"chrX","96204328","96204628","chrX","101125460","101125755","11","4921132"
"chrX","96249882","96250177","chrX","101170568","101170863","4","4920686"
"chrX","96316205","96316491","chrX","101222145","101222436","7","4905940"
"chrX","96704048","96704344","chrX","101604643","101604937","2","4900595"
"chrX","96729929","96730207","chrX","101630572","101630850","4","4900643"
"chrX","97263000","97263296","chr1","112494754","112495056","39","15231754"
"chrX","97299269","97299557","chrX","102200143","102200435","7","4900874"
"chrX","97347975","97348265","chr5","186543834","186544130","42","89195859"
"chrX","97743558","97743809","chrX","102654070","102654323","3","4910512"
"chrX","97799439","97799737","chrX","102704118","102704416","4","4904679"
"chrX","97831797","97832099","chrX","102736419","102736725","9","4904622"
"chrX","97881355","97881657","chr1","25636423","25636725","34","72244932"
"chrX","97937453","97937731","chrX","102845224","102845502","5","4907771"
"chrX","98012097","98012396","chrX","62908986","62909285","39","35103111"
"chrX","98217625","98217936","chr1","221337078","221337387","37","123119453"
"chrX","98544346","98544617","chrX","103488659","103488907","27","4944313"
"chrX","98729514","98729811","chrX","103661130","103661429","3","4931616"
"chrX","98819701","98820009","chr16","61856830","61857133","47","36962871"
"chrX","98873761","98874057","chrX","103806595","103806889","6","4932834"
"chrX","98888857","98889157","chr8","68391461","68391765","37","30497396"
"chrX","99008267","99008565","chr2","40628061","40628359","31","58380206"
"chrX","99072371","99072671","chrX","104014398","104014673","28","4942027"
"chrX","99282473","99282717","chrX","104229322","104229583","19","4946849"
"chrX","99387921","99388222","chr4","95782722","95783021","36","3605199"
"chrX","99471131","99471424","chrX","104420086","104420379","1","4948955"
"chrX","99626049","99626358","chrX","104573373","104573680","12","4947324"
"chrX","99629957","99630247","chrX","104577264","104577541","13","4947307"
"chrX","99697160","99697460","chrX","104642329","104642628","9","4945169"
"chrX","100405341","100405653","chrX","105346261","105346567","10","4940920"
"chrX","100518028","100518332","chrX","105461829","105462133","1","4943801"
"chrX","100595065","100595362","chrX","105532361","105532659","5","4937296"
"chrX","100739974","100740260","chrX","105676912","105677194","6","4936938"
"chrX","100742035","100742335","chrX","105678947","105679242","9","4936912"
"chrX","100821560","100821834","chr1","219669666","219669935","36","118848106"
"chrX","100856392","100856674","chrX","105793283","105793577","15","4936891"
"chrX","100895816","100896121","chrX","105832900","105833196","13","4937084"
"chrX","100907519","100907829","chr1","57489251","57489558","33","43418268"
"chrX","100971047","100971352","chr10","86807338","86807647","35","14163709"
"chrX","101411532","101411847","chrX","128903017","128903324","41","27491485"
"chrX","101683308","101683599","chrX","106639069","106639374","19","4955761"
"chrX","101936602","101936912","chrX","106889235","106889548","7","4952633"
"chrX","101975455","101975762","chrX","106928963","106929270","8","4953508"
"chrX","102058563","102058867","chrX","107017808","107018117","6","4959245"
"chrX","102097465","102097776","chrX","107057009","107057318","5","4959544"
"chrX","102393228","102393530","chr16","57736218","57736518","33","44657010"
"chrX","102475214","102475506","chrX","107471611","107471905","9","4996397"
"chrX","102531409","102531702","chrX","107526780","107527074","6","4995371"
"chrX","102543167","102543348","chr4","132216428","132216604","29","29673261"
"chrX","102568053","102568347","chrX","107582795","107583087","7","5014742"
"chrX","102675134","102675432","chrX","107693984","107694290","19","5018850"
"chrX","102770922","102771219","chrX","107788735","107789041","14","5017813"
"chrX","102910381","102910670","chrX","107926984","107927271","4","5016603"
"chrX","102957843","102958099","chr13","107348024","107348278","58","4390181"
"chrX","103011055","103011314","chrX","108024794","108025051","9","5013739"
"chrX","103987798","103987936","chr19","5652447","5652583","16","98335351"
"chrX","104052823","104053129","chr2","159817530","159817826","35","55764707"
"chrX","104233894","104234188","chrX","109270747","109271041","1","5036853"
"chrX","104348963","104349259","chrX","109384773","109385069","3","5035810"
"chrX","104397099","104397406","chrX","109430707","109430991","29","5033608"
"chrX","104487723","104488025","chrX","109522995","109523299","11","5035272"
"chrX","104496301","104496607","chr2","159878291","159878598","33","55381990"
"chrX","104530246","104530555","chr5","111854264","111854577","34","7324018"
"chrX","104661536","104661811","chrX","109702069","109702344","3","5040533"
"chrX","104928587","104928892","chrX","110018787","110019092","3","5090200"
"chrX","105433051","105433351","chrX","110601625","110601930","10","5168574"
"chrX","105568250","105568555","chrX","110729932","110730217","22","5161682"
"chrX","105640637","105640896","chr3","3788512","3788743","73","101852125"
"chrX","105719520","105719711","chr7","137526496","137526691","27","31806976"
"chrX","105804428","105804733","chrX","110962911","110963205","21","5158483"
"chrX","106347993","106348296","chrX","111608522","111608831","17","5260529"
"chrX","106809870","106810151","chr6","67313209","67313493","31","39496661"
"chrX","106835926","106836221","chrX","112084773","112085067","4","5248847"
"chrX","106846897","106847187","chr1","81764535","81764830","38","25082362"
"chrX","107078529","107078816","chr12","98721046","98721332","36","8357483"
"chrX","107130251","107130552","chr6","110738069","110738368","34","3607818"
"chrX","107182234","107182510","chrX","112432637","112432913","2","5250403"
"chrX","107183497","107183808","chrX","112433892","112434203","8","5250395"
"chrX","107196374","107196655","chrX","112446424","112446716","15","5250050"
"chrX","107498166","107498460","chrX","112744358","112744652","4","5246192"
"chrX","107535798","107536107","chrX","128903017","128903324","36","21367219"
"chrX","107543198","107543483","chr17","87741211","87741495","35","19801987"
"chrX","107593647","107593707","chr4","104265944","104266006","18","3327703"
"chrX","107593785","107594036","chr1","64050672","64050925","36","43543113"
"chrX","107785399","107785693","chrX","113030713","113031007","6","5245314"
"chrX","107901437","107901727","chr5","56701456","56701750","43","51199981"
"chrX","107917056","107917349","chrX","113161903","113162197","3","5244847"
"chrX","108013129","108013443","chrX","113259781","113260097","7","5246652"
"chrX","108018576","108018874","chrX","113265218","113265509","12","5246642"
"chrX","108027661","108027965","chrX","113274479","113274784","2","5246818"
"chrX","108032393","108032679","chr9","27439378","27439664","44","80593015"
"chrX","108047092","108047388","chrX","113292708","113293003","5","5245616"
"chrX","108075219","108075528","chrX","113321529","113321837","6","5246310"
"chrX","108103125","108103418","chrX","113349578","113349871","7","5246453"
"chrX","108107952","108108246","chrX","113355012","113355306","7","5247060"
"chrX","108121842","108122099","chr14","2406676","2406932","32","105715166"
"chrX","108138714","108139050","chrX","113387235","113387565","10","5248521"
"chrX","108166059","108166362","chr17","31230657","31230959","35","76935402"
"chrX","108188846","108189136","chrX","113436666","113436946","18","5247820"
"chrX","108199005","108199299","chrX","113447747","113448041","2","5248742"
"chrX","108199701","108200002","chrX","113448447","113448747","5","5248746"
"chrX","108216621","108216924","chrX","113465044","113465349","11","5248423"
"chrX","108218944","108219235","chrX","113467681","113467972","2","5248737"
"chrX","108221062","108221369","chrX","113469800","113470093","22","5248738"
"chrX","108237091","108237397","chr11","63893885","63894190","35","44343206"
"chrX","108239682","108239971","chr1","153720804","153721094","37","45481122"
"chrX","108298923","108299069","chrX","113551393","113551539","1","5252470"
"chrX","108327079","108327377","chrX","113580694","113580993","1","5253615"
"chrX","108328078","108328334","chr6","24212561","24212812","37","84115517"
"chrX","108392261","108392558","chrX","113645311","113645609","6","5253050"
"chrX","108422454","108422754","chrX","113690756","113691057","2","5268302"
"chrX","108454794","108455107","chrX","113722812","113723122","3","5268018"
"chrX","108455582","108455892","chrX","113723597","113723894","18","5268015"
"chrX","108473240","108473439","chr4","142194304","142194505","30","33721064"
"chrX","108637868","108638177","chrX","113918508","113918817","4","5280640"
"chrX","108712201","108712491","chrX","113980196","113980491","10","5267995"
"chrX","108894739","108895027","chrX","114154405","114154688","8","5259666"
"chrX","108969510","108969802","chr2","87131337","87131630","40","21838173"
"chrX","108972249","108972546","chrX","114233997","114234294","2","5261748"
"chrX","108988222","108988494","chrX","114249973","114250249","9","5261751"
"chrX","109012595","109012881","chr1","35512943","35513215","67","73499652"
"chrX","109019797","109020070","chr1","219669666","219669935","28","110649869"
"chrX","109044679","109044981","chrX","114303150","114303452","3","5258471"
"chrX","109081262","109081548","chrX","114339969","114340255","8","5258707"
"chrX","109085428","109085732","chrX","114344152","114344447","24","5258724"
"chrX","109220832","109221095","chrX","114484754","114485028","13","5263922"
"chrX","109238035","109238338","chrX","114501170","114501477","7","5263135"
"chrX","109252996","109253302","chrX","114516136","114516443","4","5263140"
"chrX","109254730","109254910","chrX","114517918","114518098","2","5263188"
"chrX","109364309","109364587","chrX","114624928","114625206","3","5260619"
"chrX","109448231","109448515","chrX","114703696","114703982","6","5255465"
"chrX","109454496","109454769","chrX","114709977","114710250","4","5255481"
"chrX","109491116","109491442","chrX","114746591","114746900","20","5255475"
"chrX","109560690","109561007","chr15","25147213","25147522","37","84413477"
"chrX","109585446","109585753","chrX","114841001","114841329","27","5255555"
"chrX","109622273","109622573","chrX","114881975","114882275","7","5259702"
"chrX","109738439","109738713","chrX","114998068","114998341","3","5259629"
"chrX","110249452","110249744","chr11","111239377","111239666","40","989925"
"chrX","110254695","110254982","chr2","99304029","99304315","35","10950666"
"chrX","110561462","110561595","chrX","24858","24991","14","110536604"
"chrX","110779860","110780180","chrX","116010506","116010811","21","5230646"
"chrX","110913285","110913582","chr3","50093564","50093857","40","60819721"
"chrX","111216607","111216914","chrX","116463353","116463658","9","5246746"
"chrX","111656696","111656988","chrX","116885556","116885847","4","5228860"
"chrX","111951138","111951427","chrX","117188247","117188536","2","5237109"
"chrX","112171556","112171854","chrX","117413509","117413814","9","5241953"
"chrX","112219743","112220052","chrX","117460525","117460837","9","5240782"
"chrX","112299528","112299835","chrX","117544911","117545202","17","5245383"
"chrX","112301634","112301934","chrX","117547041","117547335","11","5245407"
"chrX","112321318","112321628","chrX","117567682","117567997","17","5246364"
"chrX","112332535","112332840","chrX","117582673","117582978","2","5250138"
"chrX","112381949","112382262","chrX","117639799","117640109","4","5257850"
"chrX","112382883","112383042","chr11","31780242","31780401","20","80602641"
"chrX","112411963","112412231","chrX","117669265","117669533","3","5257302"
"chrX","112419589","112419884","chrX","117676246","117676542","9","5256657"
"chrX","112445319","112445608","chr6","131966421","131966716","41","19521102"
"chrX","112461013","112461300","chrX","117719452","117719742","6","5258439"
"chrX","112471167","112471476","chrX","117729306","117729614","6","5258139"
"chrX","112480551","112480833","chrX","117737189","117737471","7","5256638"
"chrX","112492784","112493049","chrX","117749119","117749384","1","5256335"
"chrX","112502774","112503067","chrX","117758413","117758706","6","5255639"
"chrX","112514474","112514637","chr10","56995889","56996047","33","55518585"
"chrX","112541502","112541788","chrX","117796040","117796324","5","5254538"
"chrX","112543333","112543625","chr3","42125842","42126131","41","70417491"
"chrX","112606711","112606997","chrX","117862451","117862735","7","5255740"
"chrX","112611814","112612092","chrX","117867554","117867840","12","5255740"
"chrX","112636342","112636648","chrX","117892112","117892424","8","5255770"
"chrX","112681946","112682250","chrX","117938041","117938345","3","5256095"
"chrX","112761307","112761609","chr7","133462935","133463240","37","20701628"
"chrX","112771404","112771686","chrX","118017685","118017967","2","5246281"
"chrX","112851647","112851957","chrX","118103194","118103494","15","5251547"
"chrX","113009844","113010158","chrX","118261685","118262001","8","5251841"
"chrX","113018567","113018818","chrX","118270412","118270665","8","5251845"
"chrX","113166663","113166955","chrX","118416862","118417162","19","5250199"
"chrX","113370344","113370645","chrX","118619443","118619742","5","5249099"
"chrX","113512272","113512586","chrX","118765098","118765412","3","5252826"
"chrX","113520440","113520730","chrX","118775095","118775384","5","5254655"
"chrX","114310282","114310576","chrX","119597304","119597599","6","5287022"
"chrX","115100178","115100460","chrX","120429686","120429956","18","5329508"
"chrX","115214182","115214491","chrX","120540472","120540780","10","5326290"
"chrX","115221655","115221962","chr3","60674787","60675094","46","54546868"
"chrX","115431969","115432267","chrX","120778058","120778357","7","5346089"
"chrX","115544454","115544733","chrX","120915687","120915966","4","5371233"
"chrX","116080157","116080468","chrX","121397533","121397841","14","5317376"
"chrX","116118638","116118936","chrX","121436016","121436317","11","5317378"
"chrX","116308088","116308397","chrX","121643254","121643574","16","5335166"
"chrX","116748077","116748368","chr14","78253788","78254087","41","38494289"
"chrX","116866534","116866837","chrX","122399413","122399727","13","5532879"
"chrX","116963754","116964068","chr3","14251295","14251595","50","102712459"
"chrX","117215120","117215400","chrX","122749659","122749938","5","5534539"
"chrX","117394834","117395147","chrX","122937904","122938211","11","5543070"
"chrX","117510742","117511043","chrX","123064550","123064859","23","5553808"
"chrX","117660829","117661134","chrX","123214217","123214522","6","5553388"
"chrX","117769729","117769996","chr5","16930080","16930327","59","100839649"
"chrX","117840941","117841233","chrX","123398256","123398550","4","5557315"
"chrX","117846156","117846454","chrX","123403479","123403776","2","5557323"
"chrX","117865521","117865829","chrX","123422954","123423262","6","5557433"
"chrX","117891057","117891349","chrX","123448914","123449206","3","5557857"
"chrX","117891541","117891847","chrX","123449398","123449704","5","5557857"
"chrX","117932072","117932407","chrX","123489772","123490109","7","5557700"
"chrX","117938794","117939072","chr3","31027003","31027282","24","86911791"
"chrX","118153404","118153659","chrX","123711528","123711769","20","5558124"
"chrX","118157602","118157902","chrX","123715696","123715995","6","5558094"
"chrX","118219763","118220046","chrX","123769406","123769682","17","5549643"
"chrX","118298441","118298717","chrX","123846563","123846839","3","5548122"
"chrX","118324194","118324502","chrX","123873867","123874176","11","5549673"
"chrX","118364660","118364976","chrX","123914711","123915020","9","5550051"
"chrX","118400269","118400582","chrX","123950180","123950469","32","5549911"
"chrX","118460382","118460641","chrX","124016973","124017236","7","5556591"
"chrX","118478370","118478678","chrX","124035610","124035913","9","5557240"
"chrX","118519781","118520086","chrX","124077691","124077989","34","5557910"
"chrX","118525987","118526284","chrX","124083895","124084188","8","5557908"
"chrX","118584174","118584470","chrX","124143648","124143944","1","5559474"
"chrX","118846149","118846441","chr16","62065069","62065362","34","56781080"
"chrX","118883839","118884133","chrX","124443589","124443891","10","5559750"
"chrX","119195617","119195905","chrX","124758413","124758705","4","5562796"
"chrX","119589258","119589528","chrX","125158635","125158904","6","5569377"
"chrX","119973535","119973818","chrX","125610021","125610305","1","5636486"
"chrX","120014723","120015004","chrX","125660913","125661181","18","5646190"
"chrX","120022139","120022431","chr4","123382191","123382485","36","3360052"
"chrX","120026571","120026868","chrX","125672818","125673111","5","5646247"
"chrX","120051895","120052196","chr2","46714856","46715158","40","73337039"
"chrX","120104914","120105232","chr3","42669239","42669561","39","77435675"
"chrX","120365697","120365986","chrX","125998581","125998870","2","5632884"
"chrX","120458514","120458822","chr10","32566034","32566338","30","87892480"
"chrX","121088771","121089054","chrX","126763924","126764209","6","5675153"
"chrX","121552645","121552779","chrX","127239580","127239714","1","5686935"
"chrX","121592122","121592393","chr1","39425802","39426074","37","82166320"
"chrX","121732542","121732837","chrX","127417194","127417500","23","5684652"
"chrX","121748167","121748467","chrX","127432807","127433107","7","5684640"
"chrX","121910150","121910451","chrX","127592533","127592831","5","5682383"
"chrX","122286219","122286529","chrX","127973942","127974218","38","5687723"
"chrX","122324079","122324413","chrX","128012150","128012457","30","5688071"
"chrX","122464593","122464888","chrX","128156581","128156868","20","5691988"
"chrX","122503672","122503979","chrX","128194870","128195177","4","5691198"
"chrX","122509394","122509671","chrX","128200773","128201064","16","5691379"
"chrX","122689064","122689356","chrX","128361147","128361439","5","5672083"
"chrX","122731965","122732272","chrX","128405410","128405709","16","5673445"
"chrX","122743982","122744262","chrX","128417449","128417713","21","5673467"
"chrX","122749891","122750195","chr15","12028378","12028681","34","110721513"
"chrX","122760434","122760737","chr13","30550542","30550849","36","92209892"
"chrX","122805105","122805401","chrX","128480461","128480759","3","5675356"
"chrX","122817049","122817353","chrX","128492826","128493132","5","5675777"
"chrX","122904699","122904999","chrX","128581511","128581815","8","5676812"
"chrX","122914617","122914926","chrX","128591335","128591644","4","5676718"
"chrX","122996938","122997244","chrX","128679927","128680233","7","5682989"
"chrX","123049689","123049986","chr16","58679852","58680150","29","64369837"
"chrX","123101473","123101747","chrX","114998068","114998341","40","8103405"
"chrX","123138319","123138613","chrX","128819455","128819754","7","5681136"
"chrX","123149654","123149960","chr13","29700509","29700811","39","93449145"
"chrX","123199608","123199911","chrX","128903017","128903324","41","5703409"
"chrX","123199937","123200248","chrX","128882326","128882633","11","5682389"
"chrX","123217873","123218178","chr8","44905839","44906138","41","78312034"
"chrX","123223195","123223500","chrX","128905567","128905872","1","5682372"
"chrX","123240099","123240392","chrX","128922045","128922340","7","5681946"
"chrX","123258295","123258595","chrX","128940080","128940380","6","5681785"
"chrX","123263170","123263347","chr2","30393132","30393308","32","92870038"
"chrX","123414654","123414899","chrX","129082526","129082764","13","5667872"
"chrX","123421593","123421906","chrX","129090023","129090312","28","5668430"
"chrX","123664329","123664631","chrX","129319248","129319544","8","5654919"
"chrX","123924726","123925026","chrX","129579532","129579832","4","5654806"
"chrX","124143751","124144046","chrX","129798689","129798984","9","5654938"
"chrX","124182974","124183280","chrX","129839170","129839475","8","5656196"
"chrX","124183281","124183414","chr4","28112752","28112885","8","96070529"
"chrX","124270184","124270481","chrX","129926497","129926772","35","5656313"
"chrX","124282558","124282858","chr16","30567065","30567364","32","93715493"
"chrX","124316074","124316341","chrX","129971746","129972006","10","5655672"
"chrX","124446233","124446526","chrX","130105261","130105582","30","5659028"
"chrX","124573093","124573402","chr1","44270054","44270361","38","80303039"
"chrX","125000955","125001252","chr1","155147270","155147566","36","30146315"
"chrX","125016435","125016739","chrX","130692926","130693234","16","5676491"
"chrX","125027948","125028240","chr3","45936006","45936298","39","79091942"
"chrX","125062042","125062340","chr7","95157109","95157413","37","29904933"
"chrX","125070795","125071087","chrX","130752224","130752516","3","5681429"
"chrX","125076822","125077131","chr4","28719545","28719847","36","96357277"
"chrX","125418527","125418838","chrX","131105144","131105455","6","5686617"
"chrX","125733399","125733704","chr16","69787138","69787447","39","55946261"
"chrX","125877516","125877809","chrX","131564022","131564312","5","5686506"
"chrX","125899578","125899868","chrX","131585164","131585453","4","5685586"
"chrX","126003458","126003757","chrX","131685140","131685438","4","5681682"
"chrX","126115709","126115997","chr18","6662737","6663021","46","119452972"
"chrX","126154193","126154484","chrX","131837647","131837938","3","5683454"
"chrX","126190034","126190312","chr16","30745208","30745491","45","95444826"
"chrX","126221603","126221913","chrX","131905133","131905444","4","5683530"
"chrX","126750802","126751126","chrX","132451001","132451292","38","5700199"
"chrX","126984705","126984987","chrX","132698855","132699137","4","5714150"
"chrX","127036239","127036527","chrX","132750676","132750964","6","5714437"
"chrX","127438590","127438881","chrX","133165259","133165551","16","5726669"
"chrX","127672032","127672331","chrX","133395374","133395678","8","5723342"
"chrX","128625626","128625898","chr3","19192525","19192802","41","109433101"
"chrX","128717289","128717589","chrX","134539727","134540024","7","5822438"
"chrX","128832108","128832416","chrX","134655197","134655502","10","5823089"
"chrX","128838308","128838599","chrX","134661113","134661402","6","5822805"
"chrX","128841550","128841847","chr16","29127823","29128118","45","99713727"
"chrX","128884604","128884889","chrX","134708126","134708411","2","5823522"
"chrX","128958194","128958501","chrX","134784256","134784563","5","5826062"
"chrX","129043214","129043519","chrX","134870032","134870338","5","5826818"
"chrX","129091571","129091912","chrX","134916842","134917181","4","5825271"
"chrX","129129774","129130072","chrX","134954845","134955130","13","5825071"
"chrX","129139816","129140118","chrX","134964463","134964777","19","5824647"
"chrX","129178989","129179296","chrX","135003911","135004222","16","5824922"
"chrX","129348440","129348744","chrX","135182455","135182760","9","5834015"
"chrX","129389246","129389522","chrX","135229516","135229792","4","5840270"
"chrX","129414954","129415238","chrX","135255391","135255684","25","5840437"
"chrX","129446502","129446796","chrX","135286921","135287213","5","5840419"
"chrX","129479606","129479903","chrX","135323580","135323875","7","5843974"
"chrX","129520145","129520439","chr3","165033522","165033818","44","35513377"
"chrX","129541353","129541651","chr19","14298156","14298454","37","115243197"
"chrX","129546144","129546435","chrX","135392766","135393060","7","5846622"
"chrX","129609189","129609482","chrX","135456954","135457247","4","5847765"
"chrX","129638083","129638370","chr6","78781426","78781713","41","50856657"
"chrX","129688559","129688854","chrX","135534191","135534474","15","5845632"
"chrX","129881464","129881771","chrX","135778740","135779049","8","5897276"
"chrX","130195104","130195397","chrX","135950535","135950819","17","5755431"
"chrX","130438076","130438383","chrX","136195172","136195476","11","5757096"
"chrX","130648128","130648460","chrX","136403560","136403884","12","5755432"
"chrX","130695156","130695465","chrX","136450665","136450973","18","5755509"
"chrX","130751367","130751674","chr9","92574925","92575229","36","38176442"
"chrX","131203555","131203863","chrX","136971933","136972241","2","5768378"
"chrX","131273020","131273325","chrX","137043857","137044132","33","5770837"
"chrX","131526094","131526349","chrX","137303910","137304166","5","5777816"
"chrX","131630639","131630910","chrX","137413232","137413503","5","5782593"
"chrX","131896779","131897085","chr7","38602366","38602674","32","93294413"
"chrX","132017903","132018194","chrX","137790009","137790300","5","5772106"
"chrX","132043360","132043664","chr1","81764535","81764830","41","50278825"
"chrX","132296845","132297133","chrX","138091305","138091593","4","5794460"
"chrX","132343667","132343970","chrX","138136449","138136756","10","5792782"
"chrX","132496668","132496996","chrX","138290242","138290539","45","5793574"
"chrX","132514103","132514413","chr4","151149695","151150004","38","18635592"
"chrX","132556678","132556955","chrX","138349409","138349686","5","5792731"
"chrX","132687511","132687804","chrX","138565201","138565491","10","5877690"
"chrX","132771941","132772231","chr3","9815507","9815802","46","122956434"
"chrX","132945868","132946173","chrX","138821077","138821372","16","5875209"
"chrX","133013002","133013294","chrX","138887163","138887455","6","5874161"
"chrX","133021682","133021994","chrX","138895884","138896175","24","5874202"
"chrX","133075365","133075637","chrX","138950486","138950757","3","5875121"
"chrX","133148356","133148667","chr13","23562535","23562844","45","109585821"
"chrX","133216035","133216338","chrX","139101002","139101305","8","5884967"
"chrX","133318091","133318366","chrX","139203160","139203435","2","5885069"
"chrX","133899597","133899903","chr16","61253797","61254104","31","72645800"
"chrX","134035072","134035379","chrX","139933601","139933909","9","5898529"
"chrX","134157184","134157480","chrX","101127955","101128252","32","33029229"
"chrX","134190890","134191214","chrX","140084674","140084975","31","5893784"
"chrX","134244125","134244425","chrX","140137006","140137308","5","5892881"
"chrX","134358501","134358822","chr7","125487927","125488246","53","8870574"
"chrX","134464076","134464345","chr19","53372013","53372280","58","81092063"
"chrX","134893124","134893436","chrX","140794946","140795254","9","5901822"
"chrX","135011787","135012063","chrX","140923427","140923704","2","5911640"
"chrX","135029147","135029439","chrX","140940986","140941278","2","5911839"
"chrX","135766696","135766973","chrX","141716536","141716813","6","5949840"
"chrX","136130419","136130710","chr16","42689947","42690240","31","93440472"
"chrX","136569975","136570271","chrX","142545590","142545891","7","5975615"
"chrX","137107647","137107937","chrX","143073810","143074111","14","5966163"
"chrX","137555299","137555576","chrX","143322751","143323028","1","5767452"
"chrX","137591148","137591452","chrX","143280148","143280448","5","5689000"
"chrX","137653665","137653954","chrX","143638705","143639008","16","5985040"
"chrX","137981142","137981449","chrX","143962466","143962745","34","5981324"
"chrX","138232096","138232378","chrX","144201230","144201512","1","5969134"
"chrX","138424776","138425059","chrX","144390242","144390522","12","5965466"
"chrX","138433459","138433759","chrX","144398931","144399232","8","5965472"
"chrX","138476717","138477022","chrX","144444231","144444523","17","5967514"
"chrX","138510392","138510646","chrX","144475982","144476262","27","5965590"
"chrX","138526143","138526384","chr1","57553443","57553685","34","80972700"
"chrX","138582018","138582325","chrX","144547433","144547740","2","5965415"
"chrX","138592356","138592633","chrX","144557739","144558016","3","5965383"
"chrX","138607054","138607359","chr7","133462935","133463240","34","5144119"
"chrX","138610506","138610799","chrX","144575761","144576067","16","5965255"
"chrX","138643171","138643453","chrX","144608514","144608796","4","5965343"
"chrX","138670038","138670334","chrX","144638207","144638503","3","5968169"
"chrX","138729153","138729445","chrX","144697900","144698189","7","5968747"
"chrX","138735906","138736165","chr13","43201420","43201679","45","95534486"
"chrX","138736209","138736282","chr1","7107253","7107332","17","131628956"
"chrX","138741386","138741678","chrX","144710260","144710552","2","5968874"
"chrX","138788778","138789068","chrX","144757512","144757802","1","5968734"
"chrX","138907886","138908195","chrX","144896308","144896644","31","5988422"
"chrX","138969114","138969371","chrX","144955693","144955948","2","5986579"
"chrX","139259851","139260147","chrX","145247015","145247312","8","5987164"
"chrX","139282612","139282901","chr1","54194492","54194783","30","85088120"
"chrX","139605215","139605523","chrX","145599686","145599994","4","5994471"
"chrX","139694552","139694851","chr8","119798566","119798865","33","19895986"
"chrX","139818062","139818360","chrX","145823721","145824019","2","6005659"
"chrX","139904944","139905232","chrX","145908288","145908576","2","6003344"
"chrX","139958935","139959242","chrX","44496319","44496626","41","95462616"
"chrX","139986148","139986430","chr6","139336528","139336805","44","649620"
"chrX","140304537","140304816","chrX","146344973","146345252","5","6040436"
"chrX","140424183","140424464","chrX","146473641","146473923","7","6049458"
"chrX","140484623","140484914","chrX","146539585","146539869","13","6054962"
"chrX","141257603","141257907","chr19","2402687","2402991","39","138854916"
"chrX","141285084","141285389","chrX","113448447","113448747","34","27836637"
"chrX","141363773","141364073","chrX","147367569","147367878","22","6003796"
"chrX","141387166","141387463","chrX","24042943","24043239","45","117344223"
"chrX","141474292","141474537","chr1","141636620","141636865","28","162328"
"chrX","141518507","141518657","chrX","147519214","147519364","2","6000707"
"chrX","141617603","141617910","chrX","147617333","147617640","4","5999730"
"chrX","141700792","141701088","chr5","111722198","111722494","44","29978594"
"chrX","141745839","141746138","chrX","147766397","147766695","7","6020558"
"chrX","141843591","141843887","chr16","6754769","6755065","41","135088822"
"chrX","141847121","141847414","chrX","147868133","147868426","1","6021012"
"chrX","141862145","141862448","chrX","147883376","147883675","12","6021231"
"chrX","141871785","141872076","chrX","147893773","147894059","7","6021988"
"chrX","141875367","141875668","chrX","147897415","147897716","4","6022048"
"chrX","141887590","141887888","chr10","48514594","48514888","42","93372996"
"chrX","141901166","141901439","chrX","147944169","147944442","1","6043003"
"chrX","142148236","142148541","chrX","148170379","148170685","2","6022143"
"chrX","142229702","142230000","chr10","60838472","60838771","32","81391230"
"chrX","142302199","142302480","chrX","148328667","148328940","16","6026468"
"chrX","142316394","142316692","chrX","148344114","148344412","6","6027720"
"chrX","142391514","142391791","chrX","148420181","148420458","2","6028667"
"chrX","142937310","142937607","chrX","148967511","148967827","25","6030201"
"chrX","142980342","142980636","chrX","149008432","149008725","5","6028090"
"chrX","143105322","143105630","chrX","149141071","149141377","31","6035749"
"chr10","655179","655488","chr10","678787","679094","15","23608"
"chr10","32636696","32636989","chr10","32568867","32569159","10","67829"
"chr10","76021719","76021822","chr10","81068089","81068200","30","5046370"
"chr10","90701701","90702009","chr10","92584598","92584906","5","1882897"
"chr10","22491","22769","chr10","18578","18856","7","3913"
"chr10","137223","137510","chr10","136849","137137","3","374"
"chr10","209788","210079","chr10","214618","214910","2","4830"
"chr10","236891","237200","chr14","115784371","115784680","33","115547480"
"chr10","248290","248582","chr16","2828679","2828972","30","2580389"
"chr10","264206","264515","chr3","2907703","2908000","47","2643497"
"chr10","279261","279557","chr10","285323","285621","4","6062"
"chr10","281349","281644","chr2","112225368","112225664","36","111944019"
"chr10","288783","289069","chr10","295950","296236","3","7167"
"chr10","289891","290189","chr11","94996337","94996634","56","94706446"
"chr10","373561","373869","chr10","379392","379704","10","5831"
"chr10","432985","433281","chr10","440304","440596","11","7319"
"chr10","459546","459853","chr12","106224640","106224937","40","105765094"
"chr10","552805","553099","chr10","571384","571680","7","18579"
"chr10","559098","559369","chr10","578303","578591","24","19205"
"chr10","631944","632226","chr10","654293","654580","18","22349"
"chr10","642259","642601","chr10","664719","665061","7","22460"
"chr10","646835","647123","chr10","670442","670732","5","23607"
"chr10","651696","651987","chr10","674954","675255","14","23258"
"chr10","977361","977655","chr7","84232357","84232652","26","83254996"
"chr10","1079926","1080230","chr16","14682737","14683035","33","13602811"
"chr10","1088283","1088567","chr10","1110347","1110631","10","22064"
"chr10","1133547","1133856","chr10","1153568","1153877","13","20021"
"chr10","1237041","1237350","chr10","1260766","1261066","14","23725"
"chr10","1357736","1358060","chr14","48938719","48939023","47","47580983"
"chr10","1454188","1454480","chr10","1480978","1481270","5","26790"
"chr10","1481470","1481764","chr10","1513937","1514237","13","32467"
"chr10","1484681","1484981","chr10","1517149","1517449","5","32468"
"chr10","1942943","1943230","chr10","1995573","1995862","8","52630"
"chr10","2147357","2147647","chrX","23190051","23190338","66","21042694"
"chr10","2205374","2205663","chr10","2258501","2258790","3","53127"
"chr10","2219723","2220018","chr10","2272114","2272409","5","52391"
"chr10","2222656","2222959","chr1","139284674","139284976","45","137062018"
"chr10","2238331","2238627","chr10","2291148","2291444","4","52817"
"chr10","2521713","2522013","chr6","124315653","124315955","33","121793940"
"chr10","2566107","2566371","chr10","2633458","2633725","13","67351"
"chr10","2616867","2617170","chr10","2689514","2689814","6","72647"
"chr10","2900776","2901076","chr10","2974606","2974906","7","73830"
"chr10","2944930","2945232","chr10","3020376","3020673","7","75446"
"chr10","3101600","3101897","chr10","3178131","3178429","7","76531"
"chr10","3443106","3443254","chr11","125022263","125022410","18","121579157"
"chr10","3456090","3456284","chr10","84797933","84798130","17","81341843"
"chr10","3873379","3873688","chr10","3947840","3948149","8","74461"
"chr10","4029372","4029651","chr10","4115279","4115558","7","85907"
"chr10","4202339","4202632","chr10","4291347","4291641","14","89008"
"chr10","4633907","4634199","chrX","117758413","117758706","33","113124506"
"chr10","4692096","4692350","chr1","86197220","86197475","35","81505124"
"chr10","4812535","4812843","chr16","22068980","22069287","33","17256445"
"chr10","4856232","4856508","chr16","34443821","34444101","40","29587589"
"chr10","5214803","5215097","chr10","32997069","32997372","24","27782266"
"chr10","5376161","5376473","chr10","5489770","5490078","9","113609"
"chr10","5388139","5388417","chr7","151463340","151463620","28","146075201"
"chr10","5434271","5434573","chr4","119168220","119168524","37","113733949"
"chr10","5486927","5487226","chr10","5601151","5601460","13","114224"
"chr10","5534586","5534904","chr10","5647670","5647989","11","113084"
"chr10","5612739","5613032","chr10","5729998","5730296","9","117259"
"chr10","5708508","5708787","chr2","29783640","29783915","43","24075132"
"chr10","5873878","5874176","chr10","5990724","5991024","9","116846"
"chr10","5895641","5895933","chr3","178720612","178720906","35","172824971"
"chr10","6039217","6039524","chr10","6161327","6161632","10","122110"
"chr10","6165446","6165728","chr10","6288203","6288485","7","122757"
"chr10","6185791","6186075","chr10","6310779","6311060","18","124988"
"chr10","6305497","6305799","chr10","6436538","6436841","8","131041"
"chr10","6772652","6772950","chr10","6904064","6904363","9","131412"
"chr10","6937724","6938017","chr10","7067799","7068091","5","130075"
"chr10","6966443","6966731","chr10","7096296","7096585","4","129853"
"chr10","6998788","6999091","chr10","7129041","7129349","11","130253"
"chr10","7335300","7335563","chr10","7480405","7480668","3","145105"
"chr10","7371155","7371445","chr10","7515020","7515318","15","143865"
"chr10","7381015","7381236","chr10","7524914","7525132","13","143899"
"chr10","7448960","7449293","chr10","7597717","7598007","56","148757"
"chr10","7466133","7466413","chr10","7614483","7614755","17","148350"
"chr10","7490131","7490408","chr10","7637905","7638182","5","147774"
"chr10","7632039","7632340","chr10","7783364","7783666","4","151325"
"chr10","7664926","7665226","chr2","40628061","40628359","32","32963135"
"chr10","7677881","7678196","chr10","7827436","7827751","10","149555"
"chr10","7707065","7707337","chr10","7864408","7864679","5","157343"
"chr10","7880528","7880810","chr16","61188609","61188892","24","53308081"
"chr10","7887025","7887330","chr7","33355426","33355726","34","25468401"
"chr10","7899785","7900080","chr10","8065693","8065996","13","165908"
"chr10","7901587","7901895","chr10","8067508","8067814","14","165921"
"chr10","7945152","7945444","chr10","8112042","8112337","11","166890"
"chr10","8107047","8107339","chr10","8271589","8271881","7","164542"
"chr10","8371152","8371459","chr10","8542019","8542326","18","170867"
"chr10","8374322","8374612","chr10","8545196","8545490","10","170874"
"chr10","8398603","8398904","chr10","8569385","8569678","14","170782"
"chr10","8411699","8411970","chr10","8577583","8577856","9","165884"
"chr10","8454495","8454784","chr10","8620231","8620516","8","165736"
"chr10","8495318","8495623","chr10","8662111","8662416","10","166793"
"chr10","9059422","9059716","chr10","9223463","9223757","10","164041"
"chr10","9097855","9098135","chr13","54840813","54841090","29","45742958"
"chr10","9133568","9133871","chr10","9288927","9289223","16","155359"
"chr10","9167954","9168242","chr15","92603047","92603337","43","83435093"
"chr10","9313523","9313810","chr1","223267076","223267357","57","213953553"
"chr10","9413932","9414234","chr4","31898756","31899058","37","22484824"
"chr10","9423501","9423798","chr8","57424193","57424490","26","48000692"
"chr10","9437000","9437148","chr16","70283817","70283965","18","60846817"
"chr10","9631347","9631660","chr7","43414688","43414994","40","33783341"
"chr10","9680799","9681096","chr10","9870530","9870844","31","189731"
"chr10","9696626","9696927","chr10","9886369","9886669","9","189743"
"chr10","9749508","9749823","chr10","9938353","9938670","5","188845"
"chr10","9753429","9753729","chr10","9942278","9942578","8","188849"
"chr10","9783903","9784209","chr10","9972858","9973164","2","188955"
"chr10","9850718","9851012","chr10","10039183","10039486","12","188465"
"chr10","10012574","10012865","chr7","166421593","166421883","32","156409019"
"chr10","10038087","10038362","chr10","10229763","10230039","11","191676"
"chr10","10061222","10061515","chr10","10253042","10253336","6","191820"
"chr10","10324838","10325134","chr10","10510203","10510499","5","185365"
"chr10","10355581","10355868","chr10","10540801","10541088","2","185220"
"chr10","10358384","10358662","chr10","10544216","10544488","8","185832"
"chr10","10384929","10385238","chr2","107121654","107121964","31","96736725"
"chr10","10420222","10420516","chr10","10604594","10604889","4","184372"
"chr10","10449135","10449399","chr10","10633314","10633578","6","184179"
"chr10","10469403","10469609","chr7","139322129","139322332","35","128852726"
"chr10","10469946","10470050","chr6","136256332","136256433","17","125786386"
"chr10","10471992","10472305","chr10","10657397","10657710","4","185405"
"chr10","10489473","10489740","chr10","83270488","83270753","27","72781015"
"chr10","10536090","10536354","chr4","120922436","120922703","9","110386346"
"chr10","10547144","10547281","chr5","127348010","127348143","19","116800866"
"chr10","10550363","10550662","chr2","163684847","163685146","33","153134484"
"chr10","10580402","10580700","chr10","10721802","10722106","10","141400"
"chr10","10596611","10596895","chr10","10736085","10736368","8","139474"
"chr10","10653887","10654139","chr2","202925856","202926112","47","192271969"
"chr10","10675781","10676045","chr6","87420624","87420885","30","76744843"
"chr10","10681485","10681763","chr10","10819663","10819939","5","138178"
"chr10","10754679","10754975","chr10","10894227","10894517","15","139548"
"chr10","10762629","10762922","chrX","135456954","135457247","34","124694325"
"chr10","10781022","10781331","chr10","10920232","10920540","7","139210"
"chr10","10896698","10897001","chr10","11033953","11034250","26","137255"
"chr10","10912577","10912879","chr2","191592761","191593063","35","180680184"
"chr10","10945495","10945781","chr10","11083822","11084108","6","138327"
"chr10","11010290","11010598","chr10","11148517","11148809","27","138227"
"chr10","11029730","11029970","chr10","11168738","11168978","2","139008"
"chr10","11064268","11064578","chr10","11203415","11203720","10","139147"
"chr10","11249687","11249995","chr10","11394956","11395265","10","145269"
"chr10","11374340","11374568","chr10","11519132","11519363","5","144792"
"chr10","11476781","11477070","chr15","103853433","103853726","35","92376652"
"chr10","11482699","11482976","chr10","11627231","11627509","9","144532"
"chr10","11642053","11642358","chr10","11791503","11791806","7","149450"
"chr10","11669688","11670010","chr2","179582629","179582952","52","167912941"
"chr10","12037589","12037878","chr10","12178574","12178863","6","140985"
"chr10","12072630","12072939","chr10","12214298","12214607","9","141668"
"chr10","12103865","12104171","chr19","33633402","33633706","36","21529537"
"chr10","12110891","12111190","chr10","12296232","12296534","13","185341"
"chr10","12138994","12139286","chr10","12323455","12323748","15","184461"
"chr10","12156789","12156948","chr7","14781151","14781320","33","2624362"
"chr10","12157288","12157404","chr9","109625714","109625830","18","97468426"
"chr10","12163364","12163613","chr4","85863805","85864052","39","73700441"
"chr10","12190832","12191123","chr10","12374044","12374337","13","183212"
"chr10","12203832","12204128","chr10","12387753","12388048","10","183921"
"chr10","12220371","12220536","chr10","12403792","12403956","7","183421"
"chr10","12229490","12229783","chr5","40379457","40379746","32","28149967"
"chr10","12238352","12238648","chr10","12421913","12422209","4","183561"
"chr10","12246246","12246540","chr10","12429449","12429743","3","183203"
"chr10","12250364","12250671","chr10","12433856","12434164","7","183492"
"chr10","12251365","12251661","chr1","50522672","50522965","35","38271307"
"chr10","12256840","12257150","chr1","27842122","27842432","37","15585282"
"chr10","12271531","12271829","chr10","12455128","12455426","4","183597"
"chr10","12288693","12288999","chr18","34881303","34881600","37","22592610"
"chr10","12295223","12295501","chr10","12477856","12478135","10","182633"
"chr10","12306232","12306513","chr10","12490982","12491263","6","184750"
"chr10","12312023","12312310","chr10","12495417","12495704","4","183394"
"chr10","12313564","12313860","chr10","12496949","12497246","7","183385"
"chr10","12316216","12316498","chrX","66132363","66132648","43","53816147"
"chr10","12323512","12323797","chr10","12507666","12507969","22","184154"
"chr10","12392618","12392927","chr10","12577392","12577701","9","184774"
"chr10","12397457","12397749","chr10","12582839","12583131","7","185382"
"chr10","12421830","12422115","chr10","12607512","12607800","5","185682"
"chr10","12428868","12429155","chr10","12631781","12632069","7","202913"
"chr10","12432662","12432958","chr10","12635313","12635610","3","202651"
"chr10","12450695","12450990","chr10","12654817","12655118","13","204122"
"chr10","12457287","12457582","chr10","12661500","12661798","23","204213"
"chr10","12536449","12536691","chr1","11994761","11994998","36","541688"
"chr10","12581445","12581738","chr10","12787946","12788243","8","206501"
"chr10","12929571","12929813","chr10","13141373","13141625","16","211802"
"chr10","12949701","12949989","chr10","13161755","13162042","7","212054"
"chr10","12953174","12953481","chr14","115784371","115784680","38","102831197"
"chr10","13135741","13136047","chr10","13354528","13354844","15","218787"
"chr10","13215415","13215705","chr10","13433571","13433864","8","218156"
"chr10","13336452","13336760","chr10","13557912","13558218","17","221460"
"chr10","13430341","13430644","chr10","13654413","13654717","6","224072"
"chr10","13554863","13555144","chr10","13781248","13781529","3","226385"
"chr10","13579587","13579891","chr10","13807127","13807413","22","227540"
"chr10","13624174","13624470","chr10","13852370","13852672","12","228196"
"chr10","13627480","13627775","chr10","13855681","13855975","1","228201"
"chr10","13637188","13637472","chr10","13865447","13865731","7","228259"
"chr10","13672126","13672408","chr12","116808877","116809162","42","103136751"
"chr10","13705322","13705648","chr3","42669239","42669561","39","28963917"
"chr10","13718357","13718655","chr10","13947697","13947995","2","229340"
"chr10","13726058","13726362","chr10","13955409","13955710","14","229351"
"chr10","13753268","13753575","chr10","13982408","13982716","3","229140"
"chr10","13790144","13790442","chr10","14018576","14018886","21","228432"
"chr10","13808623","13808928","chr2","21452268","21452568","41","7643645"
"chr10","13974534","13974837","chr10","14204968","14205270","5","230434"
"chr10","14002830","14003129","chr1","27579518","27579815","30","13576688"
"chr10","14015211","14015507","chr10","14246556","14246856","10","231345"
"chr10","14062377","14062601","chr1","113868205","113868431","26","99805828"
"chr10","14073238","14073544","chr1","21520714","21521026","44","7447476"
"chr10","14164385","14164676","chr10","14397610","14397904","7","233225"
"chr10","14166517","14166726","chr12","65315954","65316163","27","51149437"
"chr10","14174218","14174507","chr10","14407945","14408234","4","233727"
"chr10","14178799","14179108","chr10","14414453","14414758","6","235654"
"chr10","14230569","14230860","chr7","117152671","117152957","39","102922102"
"chr10","14239730","14240011","chr10","14476001","14476275","12","236271"
"chr10","14279066","14279363","chr10","14514901","14515196","11","235835"
"chr10","14301948","14302256","chr10","14537895","14538205","16","235947"
"chr10","14348810","14349097","chr10","14585896","14586183","3","237086"
"chr10","14401515","14401821","chr10","14636409","14636708","16","234894"
"chr10","14474055","14474346","chr10","14699026","14699317","4","224971"
"chr10","14569458","14569762","chr10","14792911","14793225","17","223453"
"chr10","14586382","14586688","chr10","14810889","14811196","5","224507"
"chr10","14876796","14877085","chr10","15100783","15101073","7","223987"
"chr10","14891981","14892290","chr10","15116485","15116793","6","224504"
"chr10","14938049","14938344","chr10","15163472","15163767","5","225423"
"chr10","14976208","14976508","chr16","9085397","9085706","38","5890811"
"chr10","14997127","14997424","chr16","62065069","62065362","28","47067942"
"chr10","15065698","15065993","chr4","20405901","20406196","29","5340203"
"chr10","15076233","15076537","chr10","15313931","15314236","13","237698"
"chr10","15112024","15112327","chr10","15351162","15351465","11","239138"
"chr10","15131697","15131990","chr10","15371883","15372178","9","240186"
"chr10","15181289","15181571","chr10","15426785","15427067","2","245496"
"chr10","15267986","15268293","chr10","15513561","15513864","8","245575"
"chr10","15486954","15487253","chr10","15734918","15735219","12","247964"
"chr10","15524022","15524314","chr10","15772535","15772825","10","248513"
"chr10","15767496","15767779","chr10","16003763","16004043","12","236267"
"chr10","15870069","15870362","chr10","16109170","16109458","9","239101"
"chr10","16112687","16112981","chr2","159817530","159817826","28","143704843"
"chr10","16116734","16117028","chr15","104712636","104712930","35","88595902"
"chr10","16245028","16245294","chr10","16486562","16486828","10","241534"
"chr10","16569922","16570228","chr10","16843731","16844027","15","273809"
"chr10","16583173","16583479","chr6","135422417","135422724","39","118839244"
"chr10","16680207","16680518","chr10","16942925","16943236","4","262718"
"chr10","16697141","16697300","chr19","21207349","21207512","30","4510208"
"chr10","16702604","16702874","chr19","2652806","2653095","21","14049798"
"chr10","16706110","16706345","chr10","16969072","16969303","7","262962"
"chr10","16758692","16758921","chr10","17026607","17026836","6","267915"
"chr10","16773527","16773837","chr4","2227293","2227600","17","14546234"
"chr10","16826027","16826306","chr10","17046044","17046321","7","220017"
"chr10","16837714","16837869","chr11","111872051","111872200","21","95034337"
"chr10","16842176","16842482","chr2","121158781","121159088","38","104316605"
"chr10","16846055","16846350","chr7","67544706","67545008","41","50698651"
"chr10","16851576","16851873","chr10","17071716","17072019","8","220140"
"chr10","16856674","16856970","chr1","121564029","121564325","32","104707355"
"chr10","16872549","16872687","chr5","58242308","58242449","16","41369759"
"chr10","16885563","16885872","chr11","63893885","63894190","39","47008322"
"chr10","16907792","16908097","chr10","17125155","17125458","22","217363"
"chr10","16925460","16925757","chr10","17142916","17143210","6","217456"
"chr10","16930263","16930569","chr10","17147707","17148016","4","217444"
"chr10","16938838","16939127","chr10","17157296","17157585","7","218458"
"chr10","16943706","16943870","chr10","17162211","17162375","2","218505"
"chr10","16955070","16955366","chr10","17173971","17174267","3","218901"
"chr10","16960701","16961008","chr10","17179175","17179476","13","218474"
"chr10","16993442","16993710","chr10","17211535","17211807","8","218093"
"chr10","16994930","16995242","chr8","63724629","63724930","38","46729699"
"chr10","17030582","17030889","chr1","92536061","92536367","39","75505479"
"chr10","17051598","17051853","chr10","17270360","17270616","9","218762"
"chr10","17201867","17202146","chr12","64347499","64347779","31","47145632"
"chr10","17282648","17282948","chr10","17502109","17502399","25","219461"
"chr10","17461980","17462279","chr10","17682683","17682979","12","220703"
"chr10","17527987","17528294","chr10","17746359","17746653","20","218372"
"chr10","17786634","17786938","chr2","107558123","107558429","38","89771489"
"chr10","17811004","17811317","chr3","8829543","8829856","41","8981461"
"chr10","17882065","17882372","chr10","18104387","18104694","6","222322"
"chr10","18115587","18115880","chr10","18337622","18337911","6","222035"
"chr10","18166669","18166964","chr10","18391041","18391334","9","224372"
"chr10","18204983","18205271","chr10","18430747","18431035","4","225764"
"chr10","18336433","18336729","chr10","18567333","18567629","1","230900"
"chr10","18357453","18357746","chr2","109964204","109964501","34","91606751"
"chr10","18364551","18364836","chr10","18595774","18596058","8","231223"
"chr10","18385103","18385395","chr10","18615980","18616259","31","230877"
"chr10","18411759","18412051","chr10","18642322","18642614","5","230563"
"chr10","18412052","18412349","chr10","18642615","18642916","13","230563"
"chr10","18424302","18424588","chr10","18656506","18656793","5","232204"
"chr10","18509154","18509289","chr10","18744854","18744989","5","235700"
"chr10","18548399","18548704","chr10","18783953","18784256","4","235554"
"chr10","18555523","18555812","chr10","18791079","18791368","10","235556"
"chr10","18627909","18628202","chr10","18861436","18861731","13","233527"
"chr10","18730563","18730866","chr4","7096558","7096862","35","11634005"
"chr10","18794109","18794400","chr10","19001523","19001814","4","207414"
"chr10","18923890","18924196","chr10","19133456","19133760","14","209566"
"chr10","18930526","18930820","chr10","19139928","19140222","2","209402"
"chr10","18968473","18968782","chr10","19181810","19182120","8","213337"
"chr10","19126436","19126745","chr10","19345670","19345979","9","219234"
"chr10","19190085","19190397","chr10","19408159","19408471","7","218074"
"chr10","19307519","19307823","chr10","19522968","19523243","35","215449"
"chr10","19328735","19329023","chr10","19543977","19544265","7","215242"
"chr10","19587977","19588251","chr10","19807473","19807747","6","219496"
"chr10","19651559","19651860","chr10","19874303","19874601","9","222744"
"chr10","19722637","19722920","chr10","19947666","19947950","8","225029"
"chr10","19769105","19769424","chr10","19996213","19996532","5","227108"
"chr10","19895347","19895636","chr10","20129231","20129491","32","233884"
"chr10","19907221","19907516","chr1","209176258","209176559","36","189269037"
"chr10","19929914","19930215","chr10","20163639","20163965","37","233725"
"chr10","19965139","19965439","chr10","20199936","20200236","12","234797"
"chr10","20049554","20049855","chr10","20282744","20283046","15","233190"
"chr10","20069003","20069301","chr10","20301493","20301791","5","232490"
"chr10","20448472","20448778","chr10","20709162","20709468","6","260690"
"chr10","20449365","20449670","chr10","20709162","20709468","6","259797"
"chr10","20483109","20483404","chr16","29127823","29128118","35","8644714"
"chr10","20520248","20520551","chr10","20780482","20780785","5","260234"
"chr10","20541392","20541686","chr10","20801819","20802113","5","260427"
"chr10","20605172","20605482","chr10","20865810","20866120","2","260638"
"chr10","20615709","20616008","chr14","10252482","10252785","31","10363227"
"chr10","20618564","20618870","chr16","50353289","50353590","37","29734725"
"chr10","20657584","20657890","chr10","20914648","20914954","5","257064"
"chr10","20700433","20700738","chr10","20957392","20957701","9","256959"
"chr10","20751335","20751649","chr10","21008417","21008694","40","257082"
"chr10","20795397","20795734","chr10","21052622","21052937","28","257225"
"chr10","20835558","20835852","chr1","209176258","209176559","44","188340700"
"chr10","20908724","20909037","chr9","94190632","94190943","43","73281908"
"chr10","20983537","20983835","chr16","62065069","62065362","39","41081532"
"chr10","21132044","21132359","chr9","92574925","92575229","44","71442881"
"chr10","21159479","21159739","chr19","38044347","38044608","39","16884868"
"chr10","21321460","21321743","chr8","76413611","76413891","35","55092151"
"chr10","21587657","21587956","chr4","36350234","36350532","33","14762577"
"chr10","21615151","21615450","chr10","21225874","21226170","4","389277"
"chr10","21724526","21724783","chr10","21335994","21336251","2","388532"
"chr10","21850208","21850515","chr9","52253808","52254116","38","30403600"
"chr10","21949043","21949336","chr10","21614845","21615140","9","334198"
"chr10","21982997","21983293","chr10","21647995","21648299","16","335002"
"chr10","22065019","22065292","chr10","21728603","21728899","31","336416"
"chr10","22261777","22262086","chr10","21923653","21923989","30","338124"
"chr10","22333519","22333809","chr10","21995258","21995542","15","338261"
"chr10","22359416","22359706","chr1","20786135","20786425","41","1573281"
"chr10","22374068","22374377","chr10","22035776","22036085","7","338292"
"chr10","22428875","22429166","chr3","154421512","154421804","34","131992637"
"chr10","22445630","22445933","chr10","22107242","22107549","5","338388"
"chr10","22491807","22492108","chr10","22153851","22154151","4","337956"
"chr10","22527703","22528001","chr10","22184306","22184604","2","343397"
"chr10","22570734","22571046","chr10","22227255","22227566","8","343479"
"chr10","22764265","22764562","chr10","22422559","22422855","6","341706"
"chr10","22791807","22792105","chr10","22450109","22450406","18","341698"
"chr10","22849552","22849860","chr13","48955996","48956305","39","26106444"
"chr10","22956172","22956431","chr6","46076256","46076518","41","23120084"
"chr10","22965170","22965462","chr10","22624494","22624781","11","340676"
"chr10","23059583","23059858","chr10","22720848","22721125","7","338735"
"chr10","23102476","23102758","chr10","22764243","22764526","3","338233"
"chr10","23136817","23137098","chr9","75840045","75840324","39","52703228"
"chr10","23142436","23142719","chr10","22805203","22805486","4","337233"
"chr10","23203224","23203528","chr10","22865991","22866288","16","337233"
"chr10","23219254","23219552","chr10","22881125","22881421","3","338129"
"chr10","23635479","23635763","chr19","19487582","19487866","36","4147897"
"chr10","23776900","23777194","chr10","23562417","23562711","8","214483"
"chr10","23949059","23949340","chrX","101188584","101188863","29","77239525"
"chr10","24137471","24137751","chr10","23924723","23925004","7","212748"
"chr10","24221733","24222030","chr1","153503516","153503812","36","129281783"
"chr10","24244802","24245106","chr10","24030337","24030639","9","214465"
"chr10","24432463","24432771","chr10","24216727","24217031","8","215736"
"chr10","24444202","24444492","chr9","41614211","41614499","39","17170009"
"chr10","24839098","24839361","chr10","24624044","24624304","7","215054"
"chr10","24887500","24887805","chr10","24672286","24672585","11","215214"
"chr10","24935963","24936263","chr10","24719720","24720020","6","216243"
"chr10","25154510","25154799","chr9","27054468","27054806","73","1899958"
"chr10","25229471","25229753","chr10","25021756","25022038","4","207715"
"chr10","25321531","25321842","chr10","25192452","25192754","14","129079"
"chr10","25484472","25484774","chr10","25354861","25355154","18","129611"
"chr10","25586132","25586436","chr10","25459263","25459573","14","126869"
"chr10","25653818","25654085","chr2","202712194","202712464","40","177058376"
"chr10","25695292","25695591","chr3","175632109","175632406","38","149936817"
"chr10","25705871","25706166","chr10","25582049","25582343","16","123822"
"chr10","25743196","25743488","chr10","25619444","25619740","5","123752"
"chr10","25758881","25759170","chr10","25635194","25635483","5","123687"
"chr10","25773952","25774137","chr4","71294818","71295002","28","45520866"
"chr10","25806718","25807004","chr10","25683283","25683569","10","123435"
"chr10","25936109","25936416","chr10","25814298","25814606","8","121811"
"chr10","25989103","25989410","chr10","25867318","25867622","9","121785"
"chr10","26390233","26390541","chr10","26272503","26272805","14","117730"
"chr10","26512677","26512976","chr10","26398208","26398507","4","114469"
"chr10","26530229","26530533","chr10","26419587","26419889","8","110642"
"chr10","26558986","26559276","chr10","26450211","26450501","6","108775"
"chr10","26648644","26648945","chr10","26540483","26540784","8","108161"
"chr10","26681175","26681482","chr10","26573240","26573548","6","107935"
"chr10","26797666","26797943","chr11","15469930","15470214","40","11327736"
"chr10","26856554","26856843","chr10","26747086","26747376","8","109468"
"chr10","26892430","26892724","chr10","26783475","26783769","4","108955"
"chr10","26908185","26908460","chr10","26799211","26799483","7","108974"
"chr10","26914287","26914537","chr9","30196363","30196614","36","3282076"
"chr10","27053745","27054033","chr10","26949108","26949396","3","104637"
"chr10","27068252","27068438","chr10","26962961","26963147","1","105291"
"chr10","27092444","27092753","chr10","26986988","26987297","5","105456"
"chr10","27112115","27112414","chr10","27006320","27006617","10","105795"
"chr10","27116473","27116786","chr10","27010686","27010999","9","105787"
"chr10","27164185","27164462","chr13","75464986","75465258","40","48300801"
"chr10","27182690","27182981","chr10","27077905","27078196","6","104785"
"chr10","27187338","27187623","chr3","4546977","4547265","39","22640361"
"chr10","27201172","27201463","chr10","27077905","27078196","7","123267"
"chr10","27222656","27222966","chr10","27117323","27117600","35","105333"
"chr10","27226707","27226943","chr11","49616005","49616214","66","22389298"
"chr10","27227020","27227118","chr4","103051385","103051478","14","75824365"
"chr10","27256689","27256922","chr10","27151356","27151589","2","105333"
"chr10","27264733","27265028","chr1","112494754","112495056","39","85230021"
"chr10","27265931","27266249","chr10","27160809","27161126","7","105122"
"chr10","27301690","27302001","chr4","151478402","151478714","37","124176712"
"chr10","27323003","27323312","chr10","27215101","27215410","6","107902"
"chr10","27432256","27432551","chr10","27324493","27324787","5","107763"
"chr10","27461498","27461797","chr10","27362724","27363031","17","98774"
"chr10","27472509","27472780","chr12","89885009","89885278","36","62412500"
"chr10","27490130","27490430","chr8","63724629","63724930","32","36234499"
"chr10","27500615","27500900","chr3","4419616","4419903","29","23080999"
"chr10","27532410","27532695","chr10","27435823","27436099","12","96587"
"chr10","27552188","27552492","chr3","16359605","16359908","34","11192583"
"chr10","27582966","27583255","chr10","27485490","27485778","1","97476"
"chr10","27625006","27625301","chr10","27528807","27529105","10","96199"
"chr10","27665147","27665447","chr10","27570121","27570427","17","95026"
"chr10","27698759","27699049","chr10","27603379","27603669","8","95380"
"chr10","27717375","27717667","chr15","100194148","100194436","30","72476773"
"chr10","27759602","27759910","chr10","27665647","27665944","15","93955"
"chr10","27794893","27795205","chr10","27701032","27701345","11","93861"
"chr10","27857240","27857528","chrX","40935544","40935838","46","13078304"
"chr10","28111931","28112219","chr10","28018858","28019146","8","93073"
"chr10","28174045","28174208","chr9","51995183","51995352","24","23821138"
"chr10","28220467","28220763","chr10","28127267","28127562","5","93200"
"chr10","28237174","28237462","chr10","28144366","28144651","4","92808"
"chr10","28244998","28245294","chr20","2925612","2925906","39","25319386"
"chr10","28278052","28278295","chr16","43972596","43972843","33","15694544"
"chr10","28305763","28306065","chr10","28212115","28212417","5","93648"
"chr10","28342659","28342958","chr10","28247384","28247685","8","95275"
"chr10","28360470","28360780","chr3","13202178","13202482","35","15158292"
"chr10","28381835","28382174","chr10","28284607","28284944","5","97228"
"chr10","28391366","28391660","chr10","28294404","28294694","12","96962"
"chr10","28394379","28394656","chr5","7160603","7160894","45","21233776"
"chr10","28441258","28441558","chr11","34016163","34016458","40","5574905"
"chr10","28448220","28448515","chr6","140690923","140691214","40","112242703"
"chr10","28449536","28449827","chr10","28355658","28355949","4","93878"
"chr10","28456311","28456528","chr10","28362460","28362678","2","93851"
"chr10","28471255","28471542","chr3","42062961","42063257","59","13591706"
"chr10","28477563","28477855","chr3","39379559","39379828","64","10901996"
"chr10","28481013","28481328","chr10","28387077","28387358","36","93936"
"chr10","28524624","28524909","chr10","28432424","28432709","2","92200"
"chr10","28527493","28527770","chr19","33556216","33556491","35","5028723"
"chr10","28580038","28580310","chr10","28489400","28489670","15","90638"
"chr10","28592037","28592312","chr10","28501651","28501926","2","90386"
"chr10","28593707","28594000","chr10","28503642","28503935","11","90065"
"chr10","28611581","28611863","chr10","28522222","28522503","10","89359"
"chr10","28617453","28617755","chr5","7257271","7257573","32","21360182"
"chr10","28673395","28673646","chr14","123332070","123332299","67","94658675"
"chr10","28688339","28688623","chr10","28600067","28600362","19","88272"
"chr10","28689199","28689344","chr16","70283817","70283965","19","41594618"
"chr10","28700291","28700588","chr10","28612368","28612665","4","87923"
"chr10","28730808","28731088","chr10","28643954","28644235","5","86854"
"chr10","28733089","28733386","chr10","28646238","28646535","4","86851"
"chr10","28782511","28782797","chr10","28695976","28696264","6","86535"
"chr10","28785108","28785410","chr10","28698901","28699215","15","86207"
"chr10","28802415","28802717","chr10","28716661","28716954","14","85754"
"chr10","28831849","28832159","chr8","30278683","30278993","39","1446834"
"chr10","28875026","28875325","chrX","128871543","128871849","41","99996517"
"chr10","29014385","29014689","chr3","166477634","166477937","41","137463249"
"chr10","29016096","29016382","chr10","28933516","28933820","23","82580"
"chr10","29035195","29035500","chr10","28952559","28952867","4","82636"
"chr10","29038677","29038971","chr10","28956055","28956349","2","82622"
"chr10","29055053","29055349","chr10","28972153","28972438","23","82900"
"chr10","29072436","29072720","chr10","28990379","28990662","8","82057"
"chr10","29121841","29122135","chr2","149190520","149190816","40","120068679"
"chr10","29125610","29125914","chr13","3139330","3139635","32","25986280"
"chr10","29128673","29128971","chr15","44384210","44384513","36","15255537"
"chr10","29131179","29131477","chr10","29048997","29049302","10","82182"
"chr10","29248727","29249028","chr10","29165044","29165349","12","83683"
"chr10","29257263","29257555","chr10","29173298","29173590","7","83965"
"chr10","29274312","29274609","chr10","29191339","29191636","5","82973"
"chr10","29290155","29290443","chr10","29207464","29207761","20","82691"
"chr10","29303219","29303516","chr10","29220184","29220481","3","83035"
"chr10","29315394","29315569","chr2","43070722","43070896","34","13755328"
"chr10","29330869","29331178","chr10","29249570","29249866","17","81299"
"chr10","29441118","29441401","chr10","29363743","29364025","2","77375"
"chr10","29456716","29457020","chr10","29379976","29380279","8","76740"
"chr10","29577464","29577762","chr10","29500114","29500412","3","77350"
"chr10","29684301","29684595","chr10","29609818","29610112","8","74483"
"chr10","29687186","29687493","chr14","12678227","12678528","35","17008959"
"chr10","29750696","29750955","chr10","21335994","21336251","41","8414702"
"chr10","29753514","29753828","chr10","29676596","29676911","5","76918"
"chr10","29782719","29782958","chrX","40383627","40383860","41","10600908"
"chr10","29854673","29854966","chr10","29781056","29781348","9","73617"
"chr10","29860644","29860941","chr10","29787405","29787716","16","73239"
"chr10","29868879","29869143","chr10","29795652","29795944","38","73227"
"chr10","29873253","29873551","chr10","29799251","29799552","7","74002"
"chr10","29887899","29888201","chr10","29812949","29813246","8","74950"
"chr10","29890010","29890313","chr10","29815044","29815347","6","74966"
"chr10","29893316","29893630","chr10","29818966","29819277","6","74350"
"chr10","29925657","29925968","chr14","18968060","18968368","40","10957597"
"chr10","29976658","29976949","chr10","29907877","29908171","10","68781"
"chr10","29982680","29982985","chr3","126595630","126595934","43","96612950"
"chr10","29983072","29983287","chr19","31008538","31008752","26","1025466"
"chr10","29998159","29998458","chr10","29929650","29929949","4","68509"
"chr10","30022733","30023038","chr10","29953431","29953733","11","69302"
"chr10","30031475","30031759","chr16","62065069","62065362","45","32033594"
"chr10","30037327","30037621","chr10","29967988","29968277","11","69339"
"chr10","30065911","30066213","chr15","88061418","88061718","40","57995507"
"chr10","30083842","30084139","chr10","30014436","30014730","6","69406"
"chr10","30097427","30097728","chr15","58063683","58063984","37","27966256"
"chr10","30125389","30125683","chr10","30056270","30056562","8","69119"
"chr10","30153647","30153898","chr10","30084483","30084733","5","69164"
"chr10","30202712","30203010","chr10","30134163","30134468","11","68549"
"chr10","30288085","30288391","chr10","30219954","30220254","11","68131"
"chr10","30423059","30423299","chr1","36634341","36634587","29","6211282"
"chr10","30489761","30490060","chr10","30425547","30425844","4","64214"
"chr10","30576129","30576359","chr17","77909020","77909261","34","47332891"
"chr10","30595482","30595776","chr10","30535990","30536278","7","59492"
"chr10","30645972","30646263","chr10","30586958","30587249","3","59014"
"chr10","30651266","30651554","chr10","30592218","30592506","4","59048"
"chr10","30668471","30668780","chr10","30609736","30610047","7","58735"
"chr10","30673885","30674184","chr1","22531624","22531923","38","8142261"
"chr10","30690087","30690398","chr10","30631490","30631767","35","58597"
"chr10","30717606","30717903","chr10","30658423","30658720","3","59183"
"chr10","30733465","30733770","chr15","7846645","7846950","38","22886820"
"chr10","30751021","30751299","chr2","104866777","104867065","42","74115756"
"chr10","30761967","30762103","chr11","48608109","48608241","26","17846142"
"chr10","30762886","30763022","chr2","94362014","94362145","15","63599128"
"chr10","30776909","30777193","chr1","122273868","122274153","35","91496959"
"chr10","30781413","30781709","chr3","69168227","69168521","37","38386814"
"chr10","30782583","30782879","chr2","26627338","26627637","51","4155245"
"chr10","30785265","30785573","chr10","30728022","30728318","15","57243"
"chr10","30786528","30786818","chr10","30729271","30729562","6","57257"
"chr10","30789323","30789456","chr10","30732403","30732537","2","56920"
"chr10","30797692","30798025","chr10","30742711","30743020","29","54981"
"chr10","30830351","30830643","chr10","30779002","30779291","5","51349"
"chr10","30867635","30867934","chr10","30817131","30817430","1","50504"
"chr10","30874246","30874524","chr10","30828552","30828831","6","45694"
"chr10","30894979","30895284","chr10","30849309","30849589","28","45670"
"chr10","30986348","30986643","chr10","30941793","30942085","8","44555"
"chr10","31008802","31009095","chr9","128106890","128107186","35","97098088"
"chr10","31067527","31067835","chr2","166819481","166819788","40","135751954"
"chr10","31123292","31123579","chr10","31072217","31072505","20","51075"
"chr10","31166815","31167139","chr1","161295109","161295429","47","130128294"
"chr10","31222932","31223224","chr10","31178434","31178739","17","44498"
"chr10","31229190","31229460","chr10","31184676","31184947","20","44514"
"chr10","31258423","31258699","chr10","31214832","31215108","3","43591"
"chr10","31289531","31289830","chr10","31244896","31245196","7","44635"
"chr10","31298425","31298704","chr10","31254590","31254869","3","43835"
"chr10","31306628","31306934","chr10","31264152","31264458","9","42476"
"chr10","31336727","31337007","chr10","31294090","31294370","6","42637"
"chr10","31404716","31405009","chr10","31368154","31368447","5","36562"
"chr10","31426778","31427068","chr10","31388794","31389084","5","37984"
"chr10","31439857","31440163","chr10","31401002","31401308","2","38855"
"chr10","31449803","31450102","chr10","31411871","31412170","6","37932"
"chr10","31463804","31464099","chr6","131966421","131966716","36","100502617"
"chr10","31528574","31528858","chr10","31489734","31490018","3","38840"
"chr10","31613893","31614175","chr7","27042398","27042682","35","4571495"
"chr10","31614369","31614676","chr18","37259047","37259355","30","5644678"
"chr10","31619075","31619374","chr10","31540422","31540724","14","78653"
"chr10","31669171","31669473","chr10","31590500","31590804","10","78671"
"chr10","31699616","31699914","chr10","31620927","31621225","2","78689"
"chr10","31743809","31744113","chr10","31664793","31665089","25","79016"
"chr10","31747579","31747827","chr10","31668542","31668790","6","79037"
"chr10","31772001","31772291","chr2","189775345","189775633","31","158003344"
"chr10","31790738","31791046","chr10","31714041","31714344","10","76697"
"chr10","31799185","31799498","chr10","31722480","31722790","14","76705"
"chr10","31813528","31813831","chr10","31738246","31738551","7","75282"
"chr10","31818522","31818831","chr10","31743261","31743569","3","75261"
"chr10","31870015","31870305","chr10","31797233","31797531","14","72782"
"chr10","31874637","31874932","chr10","31802171","31802472","11","72466"
"chr10","31933309","31933590","chr10","31862965","31863246","16","70344"
"chr10","31990278","31990568","chrX","9505457","9505749","30","22484821"
"chr10","32088579","32088897","chr10","32020615","32020917","21","67964"
"chr10","32182442","32182712","chr10","32117247","32117519","11","65195"
"chr10","32267060","32267354","chr10","32199390","32199680","14","67670"
"chr10","32271588","32271877","chr10","32203944","32204228","16","67644"
"chr10","32317701","32318003","chr10","32250506","32250810","13","67195"
"chr10","32322615","32322898","chr10","32255096","32255380","8","67519"
"chr10","32341277","32341549","chr10","81431438","81431706","31","49090161"
"chr10","32342560","32342862","chr10","32274017","32274322","6","68543"
"chr10","32400547","32400803","chr2","43768912","43769172","55","11368365"
"chr10","32404084","32404372","chr10","32335998","32336305","22","68086"
"chr10","32420575","32420875","chrX","43560772","43561071","41","11140197"
"chr10","32522358","32522648","chr10","32457073","32457365","7","65285"
"chr10","32527588","32527797","chr10","32461924","32462133","8","65664"
"chr10","32553679","32553987","chr15","56843173","56843482","39","24289494"
"chr10","32570337","32570626","chr9","54301912","54302199","36","21731575"
"chr10","32591878","32592170","chr10","32522617","32522908","6","69261"
"chr10","32618421","32618700","chr10","32550248","32550518","17","68173"
"chr10","32634162","32634463","chr10","32566034","32566338","10","68128"
"chr10","32735269","32735509","chr9","38200432","38200679","31","5465163"
"chr10","32742177","32742489","chr10","32678523","32678819","21","63654"
"chr10","32754126","32754376","chr2","49016996","49017250","45","16262870"
"chr10","32758480","32758786","chr10","32694820","32695128","9","63660"
"chr10","32928817","32929013","chr2","188378945","188379138","24","155450128"
"chr10","32935277","32935571","chr5","109168067","109168362","37","76232790"
"chr10","33021372","33021673","chr10","32958926","32959227","8","62446"
"chr10","33023332","33023628","chr10","32960887","32961167","25","62445"
"chr10","33060734","33061028","chr10","32997069","32997372","18","63665"
"chr10","33079711","33079995","chr10","33014775","33015059","7","64936"
"chr10","33130701","33131004","chr10","33066934","33067240","14","63767"
"chr10","33163894","33164208","chr10","33093588","33093889","19","70306"
"chr10","33207164","33207423","chr10","33138022","33138279","6","69142"
"chr10","33220546","33220850","chr10","33151561","33151868","9","68985"
"chr10","33272412","33272711","chr10","33202364","33202663","1","70048"
"chr10","33274582","33274880","chr10","33205551","33205849","8","69031"
"chr10","33324317","33324613","chr10","33259199","33259495","4","65118"
"chr10","33367724","33368028","chr8","115950543","115950852","36","82582819"
"chr10","33395519","33395803","chr10","33330214","33330505","11","65305"
"chr10","33410433","33410734","chr10","33345169","33345473","7","65264"
"chr10","33459533","33459836","chr10","33394864","33395167","6","64669"
"chr10","33547037","33547192","chr20","11660080","11660229","33","21886957"
"chr10","33547312","33547464","chr16","70283817","70283965","18","36736505"
"chr10","33587497","33587818","chr5","46722276","46722597","45","13134779"
"chr10","33652762","33653049","chr10","33589499","33589785","7","63263"
"chr10","33653947","33654213","chr10","33590698","33590937","28","63249"
"chr10","33654947","33655255","chr10","33591497","33591793","17","63450"
"chr10","33691877","33692181","chr10","33628470","33628774","4","63407"
"chr10","33899164","33899470","chr10","33854795","33855101","3","44369"
"chr10","33942585","33942873","chr10","33898199","33898488","5","44386"
"chr10","34098200","34098486","chr4","14094661","14094965","52","20003539"
"chr10","34146565","34146815","chr10","34105875","34106129","10","40690"
"chr10","34280618","34280920","chr9","102568941","102569236","33","68288323"
"chr10","34474696","34474993","chr10","34479459","34479733","29","4763"
"chr10","34535331","34535601","chr10","34564724","34564989","9","29393"
"chr10","34557589","34557885","chr9","3211428","3211722","26","31346161"
"chr10","34581570","34581857","chr10","34610381","34610668","4","28811"
"chr10","34873556","34873862","chr10","8067508","8067814","37","26806048"
"chr10","35004847","35005152","chr10","35032832","35033137","7","27985"
"chr10","35015715","35016021","chr20","578611","578919","32","34437104"
"chr10","35049570","35049863","chr16","24776031","24776323","35","10273539"
"chr10","35292933","35293224","chr10","35320714","35321009","11","27781"
"chr10","35351595","35351906","chr3","170225271","170225577","48","134873676"
"chr10","35442776","35443060","chr10","35470589","35470873","4","27813"
"chr10","35446185","35446489","chr10","35474221","35474519","12","28036"
"chr10","35463140","35463442","chr10","35490456","35490762","7","27316"
"chr10","35517110","35517405","chr10","35545777","35546073","8","28667"
"chr10","35572959","35573218","chr10","35605086","35605380","36","32127"
"chr10","35602511","35602769","chr8","42369062","42369324","36","6766551"
"chr10","35634004","35634307","chr10","35671007","35671307","6","37003"
"chr10","35734470","35734779","chr10","35777445","35777753","9","42975"
"chr10","35762688","35762991","chr10","35806917","35807215","10","44229"
"chr10","35809572","35809860","chr2","30481074","30481359","39","5328498"
"chr10","35855347","35855656","chr10","35903274","35903589","8","47927"
"chr10","35873161","35873397","chr19","50549054","50549288","53","14675893"
"chr10","35924305","35924582","chr10","35973328","35973605","1","49023"
"chr10","35941818","35942127","chr10","35990259","35990568","6","48441"
"chr10","35963270","35963555","chr10","36015197","36015480","7","51927"
"chr10","35991069","35991347","chr1","44406494","44406783","39","8415425"
"chr10","36069523","36069799","chr10","36124787","36125063","3","55264"
"chr10","36073916","36074181","chr10","36129174","36129439","1","55258"
"chr10","36094904","36095174","chr10","36149550","36149809","19","54646"
"chr10","36176939","36177256","chr10","36233306","36233624","3","56367"
"chr10","36216900","36217189","chr10","36270791","36271082","5","53891"
"chr10","36225002","36225304","chr10","36279195","36279498","4","54193"
"chr10","36251669","36251974","chr10","36306005","36306314","12","54336"
"chr10","36276472","36276749","chr10","36331376","36331651","8","54904"
"chr10","36370962","36371271","chr10","36427759","36428069","13","56797"
"chr10","36524150","36524459","chr10","36581970","36582272","16","57820"
"chr10","36562605","36562893","chr10","36620409","36620697","4","57804"
"chr10","36655063","36655377","chr4","22455082","22455401","41","14199981"
"chr10","36659132","36659427","chr10","36724413","36724711","11","65281"
"chr10","36688829","36689139","chr3","147643864","147644178","50","110955035"
"chr10","36713435","36713732","chr10","36781941","36782238","3","68506"
"chr10","36758234","36758534","chr10","36827347","36827649","6","69113"
"chr10","36774733","36775020","chr10","36844150","36844437","3","69417"
"chr10","36819411","36819692","chr10","36889116","36889399","8","69705"
"chr10","36839510","36839761","chr10","36913776","36914027","3","74266"
"chr10","36840653","36840955","chr10","36914926","36915223","12","74273"
"chr10","36903123","36903424","chr10","36977957","36978258","7","74834"
"chr10","36951290","36951578","chr1","81764535","81764830","39","44813245"
"chr10","36970805","36971105","chr10","37048547","37048842","8","77742"
"chr10","36983451","36983749","chr10","37061289","37061586","6","77838"
"chr10","36984117","36984421","chr10","37061953","37062254","3","77836"
"chr10","37018621","37018920","chr7","6595521","6595820","33","30423100"
"chr10","37036346","37036637","chr10","37112128","37112396","30","75782"
"chr10","37440415","37440651","chr20","56953993","56954244","54","19513578"
"chr10","37651726","37651981","chr1","14456307","14456568","28","23195419"
"chr10","37680113","37680414","chr1","172626497","172626800","10","134946384"
"chr10","37760771","37761044","chr10","37837981","37838269","24","77210"
"chr10","37778215","37778526","chr10","37855660","37855972","6","77445"
"chr10","37786139","37786435","chr6","79450863","79451149","49","41664724"
"chr10","37787749","37788054","chr10","37866392","37866694","8","78643"
"chr10","37790859","37791148","chr10","37869541","37869830","6","78682"
"chr10","37799088","37799377","chr10","37877989","37878281","7","78901"
"chr10","37801779","37802056","chr12","120877698","120877980","41","83075919"
"chr10","37803707","37804007","chr10","37882835","37883130","10","79128"
"chr10","37826408","37826495","chr10","37913793","37913880","0","87385"
"chr10","37872613","37872908","chr10","82259271","82259567","30","44386658"
"chr10","37902059","37902367","chr10","37988137","37988431","16","86078"
"chr10","37921210","37921524","chrX","46828370","46828679","45","8907160"
"chr10","37985741","37986009","chr10","38982854","38983119","32","997113"
"chr10","38232614","38232925","chr12","9696278","9696587","41","28536336"
"chr10","38269610","38269910","chr10","38351930","38352229","15","82320"
"chr10","38297571","38297869","chr10","38379527","38379826","11","81956"
"chr10","38305162","38305446","chr10","38386476","38386753","16","81314"
"chr10","38310317","38310620","chr10","38391581","38391886","6","81264"
"chr10","38328857","38329153","chr10","38409787","38410083","8","80930"
"chr10","38361256","38361560","chr10","38442709","38443011","12","81453"
"chr10","38369243","38369542","chr10","38450748","38451046","14","81505"
"chr10","38374867","38375156","chr10","38456358","38456648","4","81491"
"chr10","38387424","38387719","chr4","123382191","123382485","36","84994767"
"chr10","38405140","38405435","chr10","38488458","38488753","2","83318"
"chr10","38416777","38417056","chr8","53429531","53429808","38","15012754"
"chr10","38417455","38417754","chr10","38500514","38500813","4","83059"
"chr10","38447862","38448108","chr7","61345524","61345765","39","22897662"
"chr10","38468506","38468815","chr10","38550378","38550687","7","81872"
"chr10","38469716","38469999","chr10","38551608","38551891","5","81892"
"chr10","38480007","38480315","chr10","38562544","38562854","7","82537"
"chr10","38498599","38498891","chr7","139919548","139919846","38","101420949"
"chr10","38520238","38520542","chrX","43560772","43561071","35","5040534"
"chr10","38581300","38581600","chr19","40067821","40068118","32","1486521"
"chr10","38621966","38622267","chr10","38707879","38708179","7","85913"
"chr10","38714732","38715028","chr10","38798916","38799212","5","84184"
"chr10","38735669","38735936","chr4","107225699","107225966","32","68490030"
"chr10","38751651","38751895","chr4","85863805","85864052","33","47112154"
"chr10","38784332","38784635","chr1","125969105","125969405","38","87184773"
"chr10","38894128","38894393","chr10","38982854","38983119","2","88726"
"chr10","39149438","39149737","chr2","372237","372536","46","38777201"
"chr10","39161279","39161564","chr10","39246818","39247103","11","85539"
"chr10","39238241","39238547","chr4","43067568","43067873","34","3829327"
"chr10","39390772","39391015","chr16","12815096","12815338","35","26575676"
"chr10","39438306","39438579","chr10","39522465","39522738","3","84159"
"chr10","39661974","39662278","chr10","39746640","39746931","18","84666"
"chr10","39693820","39694108","chr10","39778518","39778806","9","84698"
"chr10","39763132","39763428","chr10","39847198","39847497","4","84066"
"chr10","39983186","39983494","chr10","40066162","40066470","8","82976"
"chr10","40052308","40052604","chr10","40140663","40140958","3","88355"
"chr10","40259641","40259941","chr10","40348201","40348505","14","88560"
"chr10","40384247","40384541","chr10","40464052","40464336","13","79805"
"chr10","40775825","40776116","chr10","40899998","40900294","27","124173"
"chr10","40877462","40877765","chr10","41004197","41004500","7","126735"
"chr10","41330079","41330385","chr10","41504318","41504614","21","174239"
"chr10","41375770","41376076","chr10","41550899","41551194","30","175129"
"chr10","41607961","41608245","chr10","41785145","41785430","4","177184"
"chr10","41994288","41994567","chr10","42169888","42170168","6","175600"
"chr10","42037298","42037591","chr10","42211282","42211589","17","173984"
"chr10","42221421","42221717","chr10","42397143","42397439","8","175722"
"chr10","42748637","42748909","chr10","42915689","42915961","4","167052"
"chr10","43102615","43102898","chr10","43265974","43266239","26","163359"
"chr10","43108095","43108391","chr1","121564029","121564325","32","78455934"
"chr10","43200235","43200519","chr10","43364102","43364386","9","163867"
"chr10","43202021","43202313","chr10","43365887","43366177","8","163866"
"chr10","43213505","43213808","chr10","43377727","43378026","12","164222"
"chr10","43293560","43293854","chr1","186523156","186523448","35","143229596"
"chr10","43329901","43330188","chr10","43494129","43494411","11","164228"
"chr10","43441465","43441770","chr10","43604802","43605101","9","163337"
"chr10","43471065","43471370","chr1","42771177","42771482","29","699888"
"chr10","43518751","43519036","chr10","43681974","43682259","6","163223"
"chr10","43526882","43527194","chr5","77888840","77889139","54","34361958"
"chr10","43877318","43877610","chr4","123382191","123382485","35","79504873"
"chr10","44390836","44391121","chr10","44652060","44652346","10","261224"
"chr10","44761358","44761665","chr10","45033557","45033862","10","272199"
"chr10","45295025","45295346","chr10","45571027","45571307","42","276002"
"chr10","45461759","45462072","chrX","44496319","44496626","44","965440"
"chr10","45500674","45500905","chr10","45785500","45785738","13","284826"
"chr10","45794258","45794567","chr10","46076227","46076556","30","281969"
"chr10","45831239","45831529","chr5","552536","552828","32","45278703"
"chr10","46208345","46208642","chr10","46494940","46495234","7","286595"
"chr10","46253238","46253541","chr20","14899639","14899938","36","31353599"
"chr10","46340144","46340438","chr10","46625904","46626208","14","285760"
"chr10","46371764","46372070","chr10","46657614","46657917","10","285850"
"chr10","46384812","46385120","chr10","46670715","46671022","5","285903"
"chr10","46437415","46437694","chr10","46722646","46722921","7","285231"
"chr10","46442170","46442467","chr10","46727710","46728007","0","285540"
"chr10","46686064","46686369","chr10","47047791","47048094","4","361727"
"chr10","46727042","46727332","chr10","47088917","47089212","11","361875"
"chr10","46849789","46850061","chr10","47208630","47208909","10","358841"
"chr10","46931084","46931363","chr10","47292228","47292507","5","361144"
"chr10","46984387","46984685","chr10","47344401","47344699","8","360014"
"chr10","47008704","47008999","chr10","47368402","47368697","4","359698"
"chr10","47012588","47012726","chr10","47372225","47372363","2","359637"
"chr10","47021689","47021985","chr5","56701456","56701750","36","9679767"
"chr10","47029599","47029899","chr10","47389237","47389550","18","359638"
"chr10","47053177","47053430","chr10","47414396","47414677","31","361219"
"chr10","47072899","47073208","chr10","47434106","47434414","6","361207"
"chr10","47131500","47131803","chr10","47492924","47493228","7","361424"
"chr10","47258862","47259158","chr10","47614805","47615101","3","355943"
"chr10","47390476","47390775","chr1","206145980","206146282","39","158755504"
"chr10","47512959","47513262","chr10","47866688","47866987","15","353729"
"chr10","47674888","47675181","chr10","48033040","48033333","5","358152"
"chr10","47696355","47696650","chr10","48054810","48055105","4","358455"
"chr10","47732164","47732469","chr20","43752807","43753111","37","3979357"
"chr10","47788058","47788371","chr3","16359605","16359908","44","31428453"
"chr10","47985142","47985441","chr10","48345917","48346213","8","360775"
"chr10","47994139","47994452","chr15","56843173","56843482","43","8849034"
"chr10","48140852","48141149","chr10","48498773","48499070","3","357921"
"chr10","48151041","48151338","chr10","48508920","48509221","20","357879"
"chr10","48156693","48156987","chr10","48514594","48514888","7","357901"
"chr10","48500571","48500874","chr10","48856685","48856997","17","356114"
"chr10","48664488","48664794","chr10","49021798","49022095","17","357310"
"chr10","48805782","48806076","chr10","49163556","49163852","26","357774"
"chr10","48858808","48859117","chr10","49217082","49217368","28","358274"
"chr10","49020488","49020766","chr10","49380800","49381097","28","360312"
"chr10","49025275","49025580","chr1","114858024","114858327","37","65832749"
"chr10","49037143","49037451","chr1","128445050","128445355","43","79407907"
"chr10","49285147","49285453","chr10","49653747","49654053","4","368600"
"chr10","49436118","49436418","chr10","49803870","49804177","35","367752"
"chr10","49508133","49508439","chr10","49876648","49876942","21","368515"
"chr10","49516344","49516644","chr8","10375190","10375489","42","39141154"
"chr10","49520450","49520746","chr10","49888991","49889292","9","368541"
"chr10","49539555","49539846","chr10","49908116","49908409","12","368561"
"chr10","49664297","49664604","chr10","50033437","50033746","7","369140"
"chr10","49790223","49790528","chr10","50160541","50160869","32","370318"
"chr10","49891809","49892102","chr10","50262336","50262628","3","370527"
"chr10","49906808","49907114","chr10","50277410","50277706","15","370602"
"chr10","49925359","49925665","chr10","50298130","50298434","8","372771"
"chr10","49975396","49975700","chr7","37569071","37569373","34","12406325"
"chr10","49977807","49978110","chr10","50353613","50353916","9","375806"
"chr10","50009185","50009477","chr14","63591006","63591296","35","13581821"
"chr10","50099098","50099379","chr10","50474741","50475022","5","375643"
"chr10","50127205","50127527","chr14","12570730","12571049","51","37556475"
"chr10","50135037","50135345","chr10","50510451","50510759","1","375414"
"chr10","50221975","50222281","chr10","50596440","50596747","8","374465"
"chr10","50271497","50271794","chr1","92863912","92864206","28","42592415"
"chr10","50545539","50545844","chr10","50922715","50922998","23","377176"
"chr10","50755063","50755364","chr10","51123252","51123554","8","368189"
"chr10","50807058","50807361","chr10","51175899","51176210","19","368841"
"chr10","50821306","50821621","chr10","51191743","51192023","40","370437"
"chr10","50869873","50870169","chr10","51240659","51240952","6","370786"
"chr10","50908534","50908808","chr10","51282546","51282819","8","374012"
"chr10","50976580","50976876","chr10","51351253","51351554","12","374673"
"chr10","51012298","51012563","chr10","51386840","51387105","5","374542"
"chr10","51052759","51053056","chr2","110547922","110548217","41","59495163"
"chr10","51174218","51174506","chr10","51574923","51575210","8","400705"
"chr10","51194706","51194994","chr10","51595267","51595555","2","400561"
"chr10","51222667","51222943","chr10","51619361","51619655","28","396694"
"chr10","51286642","51286938","chr10","51686195","51686491","7","399553"
"chr10","51293808","51294114","chr10","51694408","51694712","8","400600"
"chr10","51308196","51308487","chr10","51709023","51709318","14","400827"
"chr10","51326814","51327111","chr19","13692193","13692482","20","37634621"
"chr10","51583353","51583652","chr10","52012114","52012427","16","428761"
"chr10","51988677","51988991","chr5","16888355","16888663","47","35100322"
"chr10","52174324","52174627","chr16","19872419","19872717","39","32301905"
"chr10","52453092","52453403","chr9","94190632","94190943","39","41737540"
"chr10","52504746","52505037","chr10","52929377","52929668","3","424631"
"chr10","52538953","52539232","chr10","52960481","52960760","13","421528"
"chr10","52596786","52597106","chr10","53017172","53017482","27","420386"
"chr10","52666905","52667194","chr13","70811388","70811681","32","18144483"
"chr10","52752469","52752755","chr10","53173791","53174077","5","421322"
"chr10","52852905","52853198","chr12","88617416","88617708","35","35764511"
"chr10","53069009","53069315","chr10","53486216","53486513","25","417207"
"chr10","53252240","53252533","chr2","182456895","182457192","34","129204655"
"chr10","53261060","53261353","chr13","70811388","70811681","29","17550328"
"chr10","53317456","53317729","chr6","169291431","169291696","41","115973975"
"chr10","53320375","53320667","chr10","53735919","53736219","8","415544"
"chr10","53341294","53341603","chr10","53756860","53757169","3","415566"
"chr10","53423329","53423613","chr10","53839487","53839771","2","416158"
"chr10","53475849","53476156","chr10","53890884","53891191","8","415035"
"chr10","53610494","53610771","chr7","69627071","69627348","35","16016577"
"chr10","53690488","53690789","chr10","54105900","54106196","10","415412"
"chr10","53782209","53782499","chr10","54198973","54199264","8","416764"
"chr10","54054329","54054598","chr11","97358246","97358518","33","43303917"
"chr10","54080269","54080577","chr10","54504722","54505027","6","424453"
"chr10","54150128","54150435","chr10","54574886","54575193","6","424758"
"chr10","54152506","54152791","chr10","54577166","54577456","13","424660"
"chr10","54168127","54168421","chr10","54592802","54593096","6","424675"
"chr10","54199504","54199831","chr10","54624907","54625233","6","425403"
"chr10","54280200","54280496","chr10","54705474","54705768","8","425274"
"chr10","54893198","54893500","chr4","31898756","31899058","37","22994442"
"chr10","55041836","55042122","chr10","55480151","55480461","34","438315"
"chr10","55194180","55194450","chr11","109225012","109225278","35","54030832"
"chr10","55334612","55334917","chr10","55777364","55777641","33","442752"
"chr10","55421297","55421585","chr10","55867333","55867621","2","446036"
"chr10","55598786","55599079","chr10","56043311","56043602","10","444525"
"chr10","56114247","56114509","chr12","44219733","44220011","46","11894514"
"chr10","56128914","56129220","chr5","155610254","155610562","34","99481340"
"chr10","56392178","56392472","chr10","25619444","25619740","48","30772734"
"chr10","56449363","56449673","chr15","45237141","45237439","46","11212222"
"chr10","56499618","56499929","chr10","56854822","56855139","9","355204"
"chr10","56573068","56573362","chr10","56926473","56926772","11","353405"
"chr10","56639963","56640121","chr10","56995889","56996047","3","355926"
"chr10","56738054","56738361","chr10","57090986","57091293","5","352932"
"chr10","57099507","57099816","chr10","57465706","57466016","8","366199"
"chr10","57327935","57328243","chr10","57746983","57747264","33","419048"
"chr10","57328342","57328540","chr10","57747334","57747530","7","418992"
"chr10","57372562","57372859","chr15","56788390","56788685","33","584172"
"chr10","57683946","57684231","chr10","58162787","58163067","11","478841"
"chr10","57818097","57818390","chr10","58291182","58291475","2","473085"
"chr10","57856198","57856451","chr10","58329089","58329342","1","472891"
"chr10","57949510","57949807","chr10","58422147","58422447","6","472637"
"chr10","58005537","58005838","chr16","25975302","25975604","34","32030235"
"chr10","58012488","58012772","chr10","58494081","58494363","20","481593"
"chr10","58024006","58024300","chr10","58504698","58504992","14","480692"
"chr10","58030206","58030514","chr10","58520445","58520751","21","490239"
"chr10","58039979","58040275","chr1","162912892","162913187","41","104872913"
"chr10","58052890","58053164","chr1","19601398","19601665","51","38451492"
"chr10","58112763","58113059","chr10","58607339","58607635","16","494576"
"chr10","58205029","58205333","chr10","58714904","58715209","1","509875"
"chr10","58465371","58465670","chr17","24194","24494","10","58441177"
"chr10","58496076","58496344","chr13","38845993","38846258","33","19650083"
"chr10","58540917","58541228","chr9","94190632","94190943","34","35649715"
"chr10","58563186","58563481","chr3","155832002","155832298","27","97268816"
"chr10","58616609","58616896","chr2","111751893","111752167","53","53135284"
"chr10","58717069","58717342","chr10","59054628","59054901","5","337559"
"chr10","58957767","58958060","chr10","59322275","59322574","7","364508"
"chr10","58981215","58981526","chr16","26309549","26309854","39","32671666"
"chr10","58989222","58989499","chr10","59350235","59350519","14","361013"
"chr10","59047172","59047466","chr10","59407499","59407803","18","360327"
"chr10","59082327","59082628","chr10","59445050","59445351","14","362723"
"chr10","59091286","59091585","chr10","59453191","59453485","19","361905"
"chr10","59092761","59093065","chr10","59454984","59455288","9","362223"
"chr10","59106529","59106833","chr1","88257606","88257908","35","29151077"
"chr10","59127034","59127332","chr10","59488505","59488783","30","361471"
"chr10","59133447","59133748","chr10","59496815","59497122","20","363368"
"chr10","59134022","59134330","chr10","59497408","59497710","17","363386"
"chr10","59156589","59156870","chr14","31494455","31494733","43","27662134"
"chr10","59171139","59171399","chr10","59573813","59574079","19","402674"
"chr10","59171860","59172177","chr10","59574426","59574739","48","402566"
"chr10","59202485","59202783","chr2","161960788","161961087","36","102758303"
"chr10","59231067","59231376","chr10","59635309","59635618","6","404242"
"chr10","59236755","59237056","chr10","36581970","36582272","32","22654785"
"chr10","59242629","59242934","chr10","59646662","59646964","39","404033"
"chr10","59278387","59278675","chr1","31115364","31115663","37","28163023"
"chr10","59279325","59279631","chr16","50353289","50353590","39","8926036"
"chr10","59322996","59323247","chr4","69560676","69560946","55","10237680"
"chr10","59355730","59356021","chr11","32385303","32385602","38","26970427"
"chr10","59365084","59365487","chr20","53675281","53675658","100","5689803"
"chr10","59368580","59368851","chrY","896994","897261","39","58471586"
"chr10","59375070","59375360","chr10","59781112","59781402","15","406042"
"chr10","59445332","59445633","chrX","135456954","135457247","44","76011622"
"chr10","59453704","59453991","chr10","59860089","59860373","7","406385"
"chr10","59483727","59484024","chr16","120734","121029","40","59362993"
"chr10","59484840","59485133","chr10","59895849","59896137","9","411009"
"chr10","59485391","59485697","chr10","59892861","59893155","28","407470"
"chr10","59487199","59487447","chr10","59894975","59895223","7","407776"
"chr10","59516183","59516483","chr10","59926201","59926512","20","410018"
"chr10","59537690","59537956","chr1","130365628","130365895","40","70827938"
"chr10","59538557","59538849","chr19","33669364","33669657","32","25869193"
"chr10","59568768","59569054","chr10","59980510","59980806","20","411742"
"chr10","59573411","59573715","chr17","80853644","80853952","43","21280233"
"chr10","59588029","59588311","chr10","60000662","60000951","9","412633"
"chr10","59589853","59590174","chr10","60002439","60002760","5","412586"
"chr10","59609057","59609349","chr10","60021257","60021549","6","412200"
"chr10","59609895","59610165","chr4","57819294","57819574","58","1790601"
"chr10","59619668","59619979","chr10","60032779","60033090","1","413111"
"chr10","59662548","59662837","chr1","54194492","54194783","28","5468056"
"chr10","59667702","59667995","chr10","60080987","60081280","2","413285"
"chr10","59669640","59669903","chr5","93120235","93120503","37","33450595"
"chr10","59680035","59680337","chr10","60092315","60092623","29","412280"
"chr10","59813972","59814218","chr10","60226164","60226409","18","412192"
"chr10","59889070","59889384","chr10","60302417","60302729","5","413347"
"chr10","59914652","59914943","chr10","60328403","60328697","4","413751"
"chr10","59918423","59918723","chr10","60332180","60332478","5","413757"
"chr10","59986392","59986683","chr10","60396733","60397011","17","410341"
"chr10","60020299","60020579","chr10","60431244","60431525","6","410945"
"chr10","60068769","60069047","chr5","173329580","173329862","36","113260811"
"chr10","60170990","60171291","chr1","27794889","27795194","45","32376101"
"chr10","60226070","60226366","chr10","60679158","60679471","39","453088"
"chr10","60258677","60258971","chrX","44627777","44628073","42","15630900"
"chr10","60386756","60387052","chr10","60838472","60838771","7","451716"
"chr10","60410421","60410721","chr10","60863507","60863810","5","453086"
"chr10","60440495","60440808","chr10","60894339","60894651","7","453844"
"chr10","60494116","60494421","chr10","60951858","60952159","13","457742"
"chr10","60497057","60497352","chr10","60954796","60955090","8","457739"
"chr10","60552157","60552476","chr3","30115080","30115399","39","30437077"
"chr10","60636596","60636885","chr10","61096064","61096362","13","459468"
"chr10","60704035","60704326","chr10","61166282","61166579","19","462247"
"chr10","60738844","60739148","chr10","61201590","61201893","6","462746"
"chr10","60757357","60757636","chr10","61219993","61220271","3","462636"
"chr10","60786960","60787261","chr10","82544162","82544460","39","21757202"
"chr10","60811075","60811378","chr10","61274378","61274679","6","463303"
"chr10","60914703","60914955","chr10","61380403","61380655","6","465700"
"chr10","60929194","60929501","chr8","124378104","124378404","43","63448910"
"chr10","61044500","61044776","chr10","61507167","61507443","5","462667"
"chr10","61210142","61210426","chr10","61680694","61680970","39","470552"
"chr10","61214420","61214709","chr8","67664892","67665187","43","6450472"
"chr10","61293644","61293941","chr10","61764679","61764975","10","471035"
"chr10","61335391","61335682","chr10","61806032","61806322","8","470641"
"chr10","61689274","61689585","chr10","62219325","62219633","13","530051"
"chr10","61730581","61730868","chr10","62262789","62263076","5","532208"
"chr10","61747548","61747839","chr10","62279850","62280142","7","532302"
"chr10","61755613","61755922","chr10","62288333","62288632","12","532720"
"chr10","61796098","61796404","chr10","62331135","62331441","3","535037"
"chr10","61924500","61924804","chr10","62458892","62459192","11","534392"
"chr10","61947780","61948046","chr10","62482043","62482310","7","534263"
"chr10","61966542","61966843","chr10","62502297","62502599","7","535755"
"chr10","61975797","61976061","chr10","62511288","62511553","6","535491"
"chr10","61977714","61978008","chr10","62513172","62513470","10","535458"
"chr10","61987789","61988090","chr10","62522157","62522456","19","534368"
"chr10","62025093","62025384","chr10","62566516","62566807","3","541423"
"chr10","62129371","62129635","chr10","62676276","62676540","4","546905"
"chr10","62158525","62158814","chr11","96128566","96128854","35","33970041"
"chr10","62173572","62173872","chr2","70779615","70779914","44","8606043"
"chr10","62174834","62175125","chr6","130684362","130684651","34","68509528"
"chr10","62175439","62175731","chr6","153357943","153358229","39","91182504"
"chr10","62193740","62194029","chr19","8462032","8462313","42","53731708"
"chr10","62215110","62215381","chr10","62781393","62781671","60","566283"
"chr10","62245942","62246245","chr10","62812512","62812804","24","566570"
"chr10","62307453","62307744","chr10","62874239","62874531","7","566786"
"chr10","62318852","62319141","chr10","62887116","62887405","3","568264"
"chr10","62323938","62324236","chr10","62892129","62892428","6","568191"
"chr10","62381252","62381538","chr10","62949509","62949794","3","568257"
"chr10","62425635","62425921","chr10","62996709","62996995","6","571074"
"chr10","62436776","62437031","chr10","63007550","63007805","5","570774"
"chr10","62477471","62477770","chr10","63054831","63055124","8","577360"
"chr10","62490675","62490973","chr10","63070705","63070998","11","580030"
"chr10","62540173","62540481","chr10","63128492","63128799","7","588319"
"chr10","62563752","62564050","chr2","161960788","161961087","30","99397036"
"chr10","62568483","62568793","chrX","1536503","1536807","25","61031980"
"chr10","62568999","62569302","chr15","13864271","13864570","33","48704728"
"chr10","62614229","62614534","chr10","63207343","63207648","6","593114"
"chr10","62618107","62618413","chr10","63211535","63211848","12","593428"
"chr10","62625492","62625759","chr10","83270488","83270753","28","20644996"
"chr10","62654751","62655032","chr10","63249691","63249972","0","594940"
"chr10","62717118","62717402","chr10","63310556","63310840","4","593438"
"chr10","62730705","62730981","chr10","63324193","63324476","32","593488"
"chr10","62736625","62736906","chr10","63330018","63330298","5","593393"
"chr10","62740917","62741214","chr5","24409473","24409767","45","38331444"
"chr10","62784784","62785087","chr1","25636423","25636725","45","37148361"
"chr10","62786750","62787049","chr10","63379459","63379727","33","592709"
"chr10","62799109","62799400","chrX","135456954","135457247","33","72657845"
"chr10","62802711","62802992","chr10","63396178","63396455","7","593467"
"chr10","62826846","62827149","chr10","63420667","63420970","4","593821"
"chr10","62927537","62927810","chr10","63522313","63522585","3","594776"
"chr10","62932819","62933117","chr10","63527558","63527863","10","594739"
"chr10","62985631","62985900","chr10","63580419","63580689","6","594788"
"chr10","63193065","63193368","chr1","44004494","44004799","42","19188571"
"chr10","63217225","63217516","chr10","63812646","63812933","20","595421"
"chr10","63223242","63223544","chr3","166477634","166477937","33","103254392"
"chr10","63300369","63300639","chr10","63908979","63909251","6","608610"
"chr10","63407005","63407298","chr10","64014387","64014683","22","607382"
"chr10","63451242","63451526","chr10","64054437","64054730","28","603195"
"chr10","63592378","63592672","chr10","64220688","64220992","34","628310"
"chr10","63606189","63606466","chr10","64234291","64234566","6","628102"
"chr10","63608321","63608609","chr2","106222108","106222394","36","42613787"
"chr10","63611690","63611976","chr10","64239033","64239313","11","627343"
"chr10","63825466","63825760","chr10","64670688","64670979","11","845222"
"chr10","63827798","63828092","chr4","58322471","58322764","31","5505327"
"chr10","63916162","63916458","chr8","62923946","62924246","48","992216"
"chr10","64159382","64159667","chr10","64987486","64987771","7","828104"
"chr10","64246048","64246356","chr10","65076647","65076953","26","830599"
"chr10","64361184","64361485","chr6","135422417","135422724","47","71061233"
"chr10","64537465","64537766","chr5","57675048","57675346","38","6862417"
"chr10","64603811","64604084","chr14","45520254","45520531","46","19083557"
"chr10","64636748","64637023","chr10","66432992","66433269","5","1796244"
"chr10","64669146","64669444","chr10","66464450","66464747","4","1795304"
"chr10","64674093","64674381","chr10","66469075","66469363","5","1794982"
"chr10","64810685","64810985","chr10","66604968","66605268","4","1794283"
"chr10","64845539","64845840","chr10","66640764","66641062","10","1795225"
"chr10","64855106","64855402","chr16","31291022","31291318","41","33564084"
"chr10","64929636","64929932","chrX","46687170","46687466","36","18242466"
"chr10","64940725","64941006","chr18","13638223","13638503","48","51302502"
"chr10","64969364","64969653","chr10","66768577","66768865","4","1799213"
"chr10","64997316","64997600","chr15","50025764","50026052","32","14971552"
"chr10","65079270","65079579","chr10","66387843","66388152","7","1308573"
"chr10","65108290","65108588","chrX","24046370","24046667","40","41061920"
"chr10","65119632","65119872","chr10","66264318","66264555","9","1144686"
"chr10","65157403","65157714","chr9","116051095","116051403","46","50893692"
"chr10","65158807","65159111","chr1","193691401","193691696","45","128532594"
"chr10","65159491","65159789","chr1","70200354","70200650","51","5040863"
"chr10","65161795","65162069","chr2","150792570","150792848","41","85630775"
"chr10","65163531","65163832","chr7","87361959","87362258","44","22198428"
"chr10","65202991","65203294","chr1","139284674","139284976","37","74081683"
"chr10","65309377","65309601","chr10","65280902","65281126","17","28475"
"chr10","65359319","65359614","chr16","42689947","42690240","44","22669372"
"chr10","65412591","65412902","chr7","43414688","43414994","53","21997903"
"chr10","65446720","65447020","chr10","67356729","67357029","11","1910009"
"chr10","65516008","65516298","chr10","67283897","67284188","6","1767889"
"chr10","65552388","65552691","chr10","67248503","67248810","7","1696115"
"chr10","65572378","65572677","chr1","12523128","12523425","38","53049250"
"chr10","65573769","65574070","chr10","67226853","67227158","20","1653084"
"chr10","65581770","65582064","chr10","67218899","67219193","6","1637129"
"chr10","65615496","65615678","chr14","3942089","3942265","30","61673407"
"chr10","65655519","65655822","chr10","67144793","67145096","5","1489274"
"chr10","65656162","65656404","chr1","149603324","149603566","41","83947162"
"chr10","65663463","65663746","chr10","67136929","67137211","3","1473466"
"chr10","65672281","65672555","chr10","67128140","67128437","23","1455859"
"chr10","65756358","65756649","chr9","3211428","3211722","37","62544930"
"chr10","65800972","65801143","chr7","125909722","125909889","25","60108750"
"chr10","65827347","65827640","chr10","66973760","66974044","18","1146413"
"chr10","65871630","65871931","chr10","66926977","66927278","6","1055347"
"chr10","65909724","65909992","chr10","66885857","66886118","11","976133"
"chr10","65918947","65919234","chr10","66875766","66876071","36","956819"
"chr10","65960158","65960454","chr3","2907703","2908000","30","63052455"
"chr10","65966785","65967085","chr10","66827259","66827564","9","860474"
"chr10","65972983","65973289","chr10","66820924","66821230","21","847941"
"chr10","65982697","65982987","chr2","93656035","93656329","45","27673338"
"chr10","66056988","66057281","chr6","132403184","132403475","30","66346196"
"chr10","66150569","66150877","chr10","67422536","67422845","7","1271967"
"chr10","66188560","66188860","chr10","67460158","67460455","6","1271598"
"chr10","66195753","66196052","chr10","67467011","67467315","10","1271258"
"chr10","66781202","66781508","chr10","68015030","68015332","13","1233828"
"chr10","66783469","66783744","chr10","68017293","68017569","7","1233824"
"chr10","67059833","67060147","chr10","68293509","68293823","4","1233676"
"chr10","67080360","67080664","chr10","68314349","68314653","4","1233989"
"chr10","67095803","67096091","chr10","68329786","68330071","8","1233983"
"chr10","67157263","67157534","chr10","68389561","68389833","5","1232298"
"chr10","67201051","67201341","chr10","68434634","68434925","5","1233583"
"chr10","67215461","67215780","chr10","68448483","68448786","20","1233022"
"chr10","67314961","67315269","chr3","15557621","15557925","37","51757340"
"chr10","67399338","67399632","chr10","68631761","68632069","27","1232423"
"chr10","67444094","67444276","chr4","86007973","86008153","28","18563879"
"chr10","67552578","67552861","chr10","68783993","68784268","13","1231415"
"chr10","67554373","67554683","chr10","68785788","68786098","3","1231415"
"chr10","67940763","67941039","chr10","69175195","69175473","13","1234432"
"chr10","67948653","67948911","chr10","69182817","69183083","18","1234164"
"chr10","68060448","68060757","chr10","69297252","69297565","13","1236804"
"chr10","68075640","68075925","chr10","69312430","69312717","14","1236790"
"chr10","68116238","68116545","chr10","69354205","69354512","4","1237967"
"chr10","68366831","68367139","chr10","69605410","69605718","9","1238579"
"chr10","68372772","68373081","chr10","69611256","69611569","8","1238484"
"chr10","68398291","68398546","chr1","141545325","141545569","46","73147034"
"chr10","68696787","68697079","chr12","98721046","98721332","37","30024259"
"chr10","68844884","68845161","chr10","70081381","70081658","3","1236497"
"chr10","68854944","68855244","chr10","70091406","70091709","9","1236462"
"chr10","68874459","68874738","chr14","72884856","72885140","37","4010397"
"chr10","68979326","68979626","chr10","70228175","70228476","6","1248849"
"chr10","69020021","69020304","chr10","70269380","70269665","5","1249359"
"chr10","69067732","69068038","chr10","70316458","70316769","10","1248726"
"chr10","69164030","69164367","chr10","70463946","70464295","19","1299916"
"chr10","69178731","69179020","chr10","70478070","70478358","4","1299339"
"chr10","69309499","69309787","chr10","70608968","70609256","5","1299469"
"chr10","69314202","69314500","chr10","70612769","70613066","2","1298567"
"chr10","69331349","69331643","chr10","70630030","70630323","6","1298681"
"chr10","69346165","69346438","chr10","36331376","36331651","45","33014789"
"chr10","69367222","69367504","chr11","119959356","119959647","43","50592134"
"chr10","69413289","69413598","chr10","70711771","70712074","10","1298482"
"chr10","69595961","69596250","chr10","70849991","70850280","4","1254030"
"chr10","69618204","69618530","chr11","6657895","6658219","45","62960309"
"chr10","69811861","69812163","chr10","71070694","71071002","10","1258833"
"chr10","69901379","69901678","chr7","20617839","20618145","33","49283540"
"chr10","69910789","69911092","chr10","71173467","71173775","8","1262678"
"chr10","69912869","69913169","chr10","71175553","71175853","6","1262684"
"chr10","69936091","69936388","chr10","71198675","71198978","16","1262584"
"chr10","69968963","69969263","chr10","71227276","71227576","10","1258313"
"chr10","70126500","70126782","chr10","71384485","71384773","12","1257985"
"chr10","70139154","70139463","chr10","71398812","71399121","5","1259658"
"chr10","70139825","70140105","chr10","71399483","71399746","25","1259658"
"chr10","70145956","70146268","chr10","71423216","71423531","10","1277260"
"chr10","70154668","70154977","chr13","39250335","39250644","35","30904333"
"chr10","70164892","70165187","chr1","142335943","142336240","31","72171051"
"chr10","70168147","70168455","chr10","71447072","71447374","14","1278925"
"chr10","70186184","70186479","chr10","71465831","71466127","4","1279647"
"chr10","70198785","70199080","chr10","71477435","71477729","7","1278650"
"chr10","70219441","70219733","chr10","71497732","71498024","2","1278291"
"chr10","70227293","70227588","chr10","71505917","71506211","3","1278624"
"chr10","70255805","70256091","chr10","71535399","71535686","6","1279594"
"chr10","70299273","70299569","chr10","71578744","71579035","15","1279471"
"chr10","70342398","70342705","chr10","71624830","71625143","12","1282432"
"chr10","70386680","70386968","chr16","42689947","42690240","29","27696733"
"chr10","70425495","70425805","chr10","71708216","71708531","8","1282721"
"chr10","70508987","70509295","chr10","71793113","71793421","4","1284126"
"chr10","70619614","70619909","chr10","71904367","71904664","9","1284753"
"chr10","70625012","70625333","chr2","182562255","182562578","45","111937243"
"chr10","70684192","70684487","chr10","71968427","71968720","5","1284235"
"chr10","70760192","70760497","chr9","42404125","42404423","36","28356067"
"chr10","70836461","70836763","chr10","72119277","72119580","7","1282816"
"chr10","70916566","70916873","chr10","72199066","72199372","8","1282500"
"chr10","70916874","70917172","chr10","72199378","72199676","2","1282504"
"chr10","70995261","70995539","chr10","72278033","72278317","8","1282772"
"chr10","71008811","71009121","chr10","72291742","72292051","8","1282931"
"chr10","71027082","71027387","chr10","82544162","82544460","35","11517080"
"chr10","71066063","71066364","chr10","72348478","72348777","9","1282415"
"chr10","71161755","71162059","chr10","72447523","72447831","8","1285768"
"chr10","71167068","71167358","chr18","52069354","52069642","44","19097714"
"chr10","71171632","71171924","chr10","72450688","72450984","9","1279056"
"chr10","71235794","71236079","chr10","72514788","72515075","13","1278994"
"chr10","71304065","71304317","chr7","109174017","109174270","35","37869952"
"chr10","71308706","71308865","chr10","72586175","72586335","5","1277469"
"chr10","71310127","71310267","chr10","72587579","72587719","3","1277452"
"chr10","71319093","71319391","chr18","45072213","45072513","29","26246880"
"chr10","71433226","71433519","chr10","72708145","72708443","14","1274919"
"chr10","71454092","71454386","chr10","72728357","72728651","10","1274265"
"chr10","71510388","71510681","chr10","72784768","72785058","7","1274380"
"chr10","71583578","71583878","chr10","72858072","72858372","5","1274494"
"chr10","71584872","71585029","chrX","16117936","16118096","20","55466936"
"chr10","71592927","71593057","chr10","72866888","72867018","0","1273961"
"chr10","71598853","71599135","chr10","72875010","72875268","33","1276157"
"chr10","71641122","71641425","chr10","72918140","72918443","3","1277018"
"chr10","71690230","71690530","chr10","72967606","72967904","7","1277376"
"chr10","71718414","71718721","chr4","31898756","31899058","31","39819658"
"chr10","71732749","71733046","chr10","73010056","73010358","14","1277307"
"chr10","71793739","71794034","chr10","73072165","73072461","8","1278426"
"chr10","71846031","71846333","chr10","73125659","73125978","18","1279628"
"chr10","71855117","71855407","chr10","73134793","73135085","6","1279676"
"chr10","71981268","71981572","chrX","40224083","40224385","45","31757185"
"chr10","71994783","71995071","chr10","73281706","73281994","7","1286923"
"chr10","72000002","72000135","chr4","103795500","103795631","19","31795498"
"chr10","72028231","72028362","chr8","95159698","95159829","12","23131467"
"chr10","72058341","72058634","chr10","73351311","73351611","16","1292970"
"chr10","72071362","72071555","chr10","83806647","83806840","24","11735285"
"chr10","72095283","72095599","chr10","73387964","73388261","26","1292681"
"chr10","72111567","72111842","chr10","73404051","73404326","3","1292484"
"chr10","72118818","72119106","chr10","73411524","73411810","10","1292706"
"chr10","72133606","72133914","chr10","73425781","73426089","7","1292175"
"chr10","72139855","72140159","chr10","73432975","73433273","11","1293120"
"chr10","72143496","72143818","chr3","185552615","185552930","48","113409119"
"chr10","72148828","72149100","chr10","73441171","73441457","19","1292343"
"chr10","72166623","72166884","chr10","73457829","73458089","5","1291206"
"chr10","72191415","72191716","chr10","73480978","73481272","13","1289563"
"chr10","72231558","72231806","chr10","73520200","73520449","7","1288642"
"chr10","72233358","72233571","chr16","13500002","13500210","29","58733356"
"chr10","72253010","72253320","chr10","27633570","27633879","40","44619440"
"chr10","72257014","72257312","chr10","73548999","73549301","13","1291985"
"chr10","72258865","72259160","chr10","73550844","73551137","7","1291979"
"chr10","72267420","72267715","chr5","186931199","186931494","37","114663779"
"chr10","72274948","72275206","chr4","71333656","71333920","42","941292"
"chr10","72298364","72298653","chr10","73587947","73588241","13","1289583"
"chr10","72330718","72331004","chr10","73622526","73622807","11","1291808"
"chr10","72331007","72331301","chr10","73622810","73623102","7","1291803"
"chr10","72341358","72341651","chr13","72029886","72030179","30","311472"
"chr10","72359801","72360099","chr10","73656513","73656811","5","1296712"
"chr10","72363269","72363575","chr10","73659667","73659973","3","1296398"
"chr10","72392762","72393069","chr10","71198675","71198978","41","1194087"
"chr10","72394326","72394619","chr1","142335943","142336240","37","69941617"
"chr10","72395869","72396166","chr11","4565223","4565518","32","67830646"
"chr10","72431760","72432058","chr9","62214381","62214673","43","10217379"
"chr10","72528811","72529106","chr10","73828841","73829136","5","1300030"
"chr10","72565553","72565857","chr10","73864976","73865280","5","1299423"
"chr10","72583564","72583843","chr10","73882220","73882499","5","1298656"
"chr10","72585328","72585624","chr10","73883651","73883947","6","1298323"
"chr10","72603120","72603395","chr10","73901132","73901436","32","1298012"
"chr10","72624569","72624876","chr3","41339794","41340095","38","31284775"
"chr10","72691765","72692065","chr10","73987442","73987729","14","1295677"
"chr10","72729511","72729791","chr10","74025468","74025748","14","1295957"
"chr10","72738119","72738407","chr3","50093564","50093857","41","22644555"
"chr10","72923443","72923745","chr15","64836947","64837249","33","8086496"
"chr10","72942912","72943207","chr10","29249570","29249866","35","43693342"
"chr10","72966410","72966643","chr10","74274152","74274385","6","1307742"
"chr10","73011021","73011315","chr10","74318850","74319143","9","1307829"
"chr10","73080123","73080448","chr10","74386005","74386324","19","1305882"
"chr10","73109737","73110027","chr6","152918820","152919108","35","79809083"
"chr10","73139215","73139524","chr1","42771177","42771482","43","30368038"
"chr10","73167968","73168244","chr10","74509403","74509679","15","1341435"
"chr10","73169230","73169528","chr10","74510657","74510954","12","1341427"
"chr10","73200804","73201111","chr10","74542112","74542419","4","1341308"
"chr10","73341352","73341633","chr10","74681643","74681945","25","1340291"
"chr10","73551564","73551875","chr1","188132346","188132653","35","114580782"
"chr10","73624771","73624984","chr13","27567083","27567289","39","46057688"
"chr10","73652831","73653110","chr10","74993532","74993811","4","1340701"
"chr10","73825727","73826020","chr10","75172662","75172954","8","1346935"
"chr10","73856580","73856874","chr2","78487941","78488239","29","4631361"
"chr10","73980171","73980475","chr10","75324574","75324878","5","1344403"
"chr10","73988550","73988847","chr10","75332492","75332782","17","1343942"
"chr10","73997776","73998086","chr10","75341622","75341932","13","1343846"
"chr10","74020605","74020875","chrX","123492650","123492923","35","49472045"
"chr10","74048337","74048579","chr10","75392285","75392527","4","1343948"
"chr10","74110159","74110464","chr10","75456128","75456433","10","1345969"
"chr10","74238326","74238629","chr10","75584924","75585227","7","1346598"
"chr10","74319810","74320084","chr9","93084905","93085175","36","18765095"
"chr10","74393449","74393727","chr3","136046156","136046428","41","61652707"
"chr10","74466629","74466906","chr16","61188609","61188892","34","13278020"
"chr10","74475766","74476072","chr10","75821361","75821666","8","1345595"
"chr10","74479157","74479461","chr10","75825027","75825328","18","1345870"
"chr10","74484574","74484880","chr10","75830342","75830645","10","1345768"
"chr10","74510467","74510768","chr10","75857031","75857330","3","1346564"
"chr10","74524160","74524489","chr2","84509227","84509557","43","9985067"
"chr10","74538431","74538740","chr1","51251007","51251315","43","23287424"
"chr10","74638416","74638723","chr14","8705565","8705873","34","65932851"
"chr10","74650817","74651085","chr10","75995741","75996003","9","1344924"
"chr10","74677383","74677678","chr10","76022249","76022543","9","1344866"
"chr10","74814058","74814356","chr10","76158180","76158448","37","1344122"
"chr10","74980591","74980892","chr10","76363447","76363734","25","1382856"
"chr10","74983026","74983315","chr10","76365902","76366193","10","1382876"
"chr10","75121696","75122001","chr10","76506882","76507184","8","1385186"
"chr10","75159911","75160197","chr7","4908573","4908867","41","70251338"
"chr10","75273583","75273879","chr3","135899968","135900264","44","60626385"
"chr10","75401301","75401578","chr10","76790229","76790506","4","1388928"
"chr10","75452612","75452922","chr10","76841777","76842089","12","1389165"
"chr10","75707242","75707563","chr10","77091786","77092072","40","1384544"
"chr10","75743262","75743556","chr10","77127876","77128176","19","1384614"
"chr10","75797131","75797410","chr10","77182396","77182681","10","1385265"
"chr10","75813844","75814144","chr6","132625640","132625939","36","56811796"
"chr10","75832440","75832739","chr10","77219853","77220152","6","1387413"
"chr10","75881633","75881922","chr10","77269895","77270193","15","1388262"
"chr10","75890848","75891137","chr16","72669604","72669895","37","3221244"
"chr10","75918843","75919137","chr1","54194492","54194783","29","21724351"
"chr10","76021473","76021667","chr10","12435436","12435628","24","63586037"
"chr10","76046412","76046719","chr10","77435427","77435734","3","1389015"
"chr10","76160296","76160592","chr10","77583427","77583721","6","1423131"
"chr10","76161305","76161599","chr10","77583427","77583721","3","1422122"
"chr10","76221471","76221763","chr1","46846739","46847031","37","29374732"
"chr10","76306764","76307056","chr10","77726596","77726889","4","1419832"
"chr10","76309269","76309548","chr10","77729102","77729381","8","1419833"
"chr10","76372318","76372626","chr10","77792850","77793155","7","1420532"
"chr10","76424061","76424349","chr10","77845318","77845607","4","1421257"
"chr10","76440051","76440356","chr10","77861335","77861640","5","1421284"
"chr10","76466658","76466921","chr10","77887917","77888180","3","1421259"
"chr10","76477213","76477501","chr10","77898173","77898460","4","1420960"
"chr10","76604620","76604910","chr10","78024700","78024990","10","1420080"
"chr10","76612021","76612234","chr6","17598306","17598524","51","59013715"
"chr10","76658170","76658450","chr10","78078950","78079229","5","1420780"
"chr10","76745232","76745527","chr17","15082441","15082734","38","61662791"
"chr10","76787798","76788099","chr10","78211517","78211818","10","1423719"
"chr10","76834229","76834526","chr10","30425547","30425844","28","46408682"
"chr10","76876279","76876576","chr13","101566286","101566572","44","24690007"
"chr10","76922603","76922880","chr10","78350678","78350955","10","1428075"
"chr10","76929283","76929585","chr14","48938719","48939023","34","27990564"
"chr10","76980492","76980783","chr10","78408401","78408692","10","1427909"
"chr10","76980814","76981109","chr5","67151957","67152253","34","9828857"
"chr10","76982282","76982571","chr9","57138159","57138446","38","19844123"
"chr10","76982574","76982887","chr10","78410482","78410804","12","1427908"
"chr10","76990471","76990767","chr9","27054468","27054806","80","49936003"
"chr10","77016034","77016322","chr10","78443242","78443527","6","1427208"
"chr10","77050213","77050481","chr10","78477518","78477788","9","1427305"
"chr10","77234235","77234527","chr10","79002448","79002737","11","1768213"
"chr10","77244382","77244659","chr10","79013300","79013577","7","1768918"
"chr10","77251562","77251844","chr10","79020443","79020726","8","1768881"
"chr10","77254548","77254857","chr10","13982408","13982716","31","63272140"
"chr10","77367216","77367508","chr10","79108896","79109190","15","1741680"
"chr10","77414102","77414397","chr10","79155844","79156136","10","1741742"
"chr10","77501868","77502150","chr10","79244301","79244583","9","1742433"
"chr10","77632695","77632994","chr10","79375808","79376118","27","1743113"
"chr10","77661062","77661240","chr10","79403655","79403833","3","1742593"
"chr10","77703466","77703780","chr3","30115080","30115399","40","47588386"
"chr10","77766647","77766952","chr10","79508492","79508799","11","1741845"
"chr10","77790965","77791257","chr10","79534575","79534867","3","1743610"
"chr10","77837728","77838022","chr5","8122649","8122946","36","69715079"
"chr10","77953720","77954019","chr10","79695347","79695652","8","1741627"
"chr10","78016306","78016605","chr10","79760386","79760685","3","1744080"
"chr10","78099465","78099757","chr2","98261121","98261414","34","20161656"
"chr10","78103162","78103456","chr10","79849325","79849604","18","1746163"
"chr10","78105129","78105424","chr7","43778570","43778861","35","34326559"
"chr10","78127511","78127706","chr1","16609962","16610154","34","61517549"
"chr10","78128025","78128155","chr10","79879683","79879814","2","1751658"
"chr10","78205769","78206072","chr10","79955332","79955633","8","1749563"
"chr10","78211286","78211574","chr6","90219707","90219993","29","12008421"
"chr10","78310667","78310955","chr11","34022243","34022531","36","44288424"
"chr10","78318013","78318339","chr10","80063524","80063846","6","1745511"
"chr10","78352760","78353033","chr10","80099636","80099909","6","1746876"
"chr10","78398709","78399000","chr10","80145916","80146206","6","1747207"
"chr10","78463775","78464081","chr10","80213538","80213820","27","1749763"
"chr10","78481151","78481446","chr4","36544746","36545038","31","41936405"
"chr10","78530016","78530314","chr7","6595521","6595820","31","71934495"
"chr10","78539987","78540278","chr1","125494474","125494770","45","46954487"
"chr10","78553233","78553534","chr10","80301059","80301356","7","1747826"
"chr10","78555191","78555448","chr10","80303027","80303284","4","1747836"
"chr10","78571101","78571382","chr18","20497676","20497956","44","58073425"
"chr10","78579199","78579487","chr10","80326772","80327060","8","1747573"
"chr10","78627190","78627496","chr1","39887022","39887330","37","38740168"
"chr10","78648821","78649122","chr10","80395067","80395371","9","1746246"
"chr10","78678107","78678413","chr7","152675411","152675718","38","73997304"
"chr10","78708780","78709061","chr10","80455626","80455925","20","1746846"
"chr10","78757774","78758077","chr10","80505622","80505926","6","1747848"
"chr10","78763185","78763489","chr10","80511360","80511664","7","1748175"
"chr10","78764308","78764616","chr10","80515044","80515353","4","1750736"
"chr10","78802808","78803113","chr10","80552411","80552717","9","1749603"
"chr10","78837103","78837384","chr10","80587527","80587821","20","1750424"
"chr10","78842659","78842983","chr5","57553492","57553813","41","21289167"
"chr10","78847072","78847361","chr10","80596945","80597236","6","1749873"
"chr10","78862118","78862417","chr10","80611845","80612148","9","1749727"
"chr10","78888415","78888592","chr19","32370449","32370635","29","46517966"
"chr10","78904151","78904458","chr3","9967751","9968055","43","68936400"
"chr10","78906504","78906803","chr10","80654390","80654702","25","1747886"
"chr10","78934655","78934935","chr8","76413611","76413891","35","2521044"
"chr10","79097143","79097461","chr10","80848454","80848743","34","1751311"
"chr10","79114293","79114591","chr10","80865023","80865318","6","1750730"
"chr10","79158814","79159114","chr10","80909225","80909525","2","1750411"
"chr10","79204196","79204498","chr3","126595630","126595934","41","47391434"
"chr10","79254517","79254809","chr10","81006262","81006563","16","1751745"
"chr10","79271705","79271994","chr12","112213989","112214276","39","32942284"
"chr10","79275618","79275918","chr10","81006262","81006563","36","1730644"
"chr10","79315553","79315819","chr10","81067137","81067410","16","1751584"
"chr10","79316013","79316315","chr13","43474471","43474778","41","35841542"
"chr10","79324459","79324718","chr8","65515380","65515647","51","13809079"
"chr10","79342155","79342453","chr10","81095261","81095561","6","1753106"
"chr10","79344605","79344766","chr19","25439545","25439706","22","53905060"
"chr10","79345715","79346022","chr10","81097714","81098021","3","1751999"
"chr10","79385107","79385240","chr10","81137213","81137346","0","1752106"
"chr10","79388739","79389052","chr8","99390396","99390718","42","20001657"
"chr10","79390774","79391072","chr10","81142646","81142939","14","1751872"
"chr10","79415035","79415328","chr4","114597685","114597986","46","35182650"
"chr10","79420227","79420529","chr1","85224413","85224714","42","5804186"
"chr10","79433586","79433888","chr11","32392286","32392586","36","47041300"
"chr10","79516823","79517121","chr7","111938515","111938810","36","32421692"
"chr10","79555106","79555402","chr19","6673614","6673914","41","72881492"
"chr10","79601005","79601309","chr4","31898756","31899058","34","47702249"
"chr10","79674965","79675267","chrX","48899742","48900032","36","30775223"
"chr10","79688666","79688760","chr16","15504163","15504247","31","64184503"
"chr10","79689516","79689646","chr10","81445554","81445684","2","1756038"
"chr10","79723316","79723614","chr10","81477867","81478161","16","1754551"
"chr10","79735819","79736128","chr10","81490384","81490694","14","1754565"
"chr10","79766393","79766687","chr10","81522176","81522472","7","1755783"
"chr10","79789967","79790273","chr10","81542944","81543249","10","1752977"
"chr10","79791216","79791508","chr10","81544486","81544770","21","1753270"
"chr10","79875474","79875762","chr7","984212","984503","43","78891262"
"chr10","80037853","80038137","chr10","81790383","81790667","13","1752530"
"chr10","80142585","80142893","chr10","81893254","81893563","10","1750669"
"chr10","80164448","80164757","chr10","81915130","81915433","9","1750682"
"chr10","80235387","80235677","chr3","69168227","69168521","30","11067160"
"chr10","80304828","80305132","chr7","45098739","45099044","31","35206089"
"chr10","80314419","80314697","chr10","82064741","82065036","23","1750322"
"chr10","80384194","80384490","chr10","82130742","82131038","6","1746548"
"chr10","80428803","80429108","chr10","82176386","82176682","16","1747583"
"chr10","80486693","80486995","chr10","82234149","82234451","9","1747456"
"chr10","80522816","80523121","chr10","82271447","82271752","9","1748631"
"chr10","80532330","80532621","chr19","33669364","33669657","34","46862966"
"chr10","80582481","80582779","chr10","82332840","82333138","5","1750359"
"chr10","80713693","80713996","chrX","130833792","130834094","39","50120099"
"chr10","80719124","80719417","chr10","82474554","82474849","5","1755430"
"chr10","80752175","80752464","chr10","82506492","82506781","2","1754317"
"chr10","80760609","80760878","chr2","202712194","202712464","41","121951585"
"chr10","80767651","80767945","chr10","82521808","82522109","11","1754157"
"chr10","80774308","80774601","chr10","82528799","82529093","4","1754491"
"chr10","80789005","80789305","chr10","82544162","82544460","7","1755157"
"chr10","80790025","80790173","chr10","82545470","82545618","2","1755445"
"chr10","80836294","80836581","chr10","82592001","82592291","14","1755707"
"chr10","80837990","80838282","chr10","82593697","82593991","6","1755707"
"chr10","80850560","80850859","chr10","82606313","82606597","21","1755753"
"chr10","80896756","80897032","chr10","82658167","82658435","19","1761411"
"chr10","80897528","80897815","chr10","82658931","82659220","15","1761403"
"chr10","80901541","80901831","chr10","82662941","82663232","8","1761400"
"chr10","80953045","80953354","chr7","9678229","9678546","45","71274816"
"chr10","80954396","80954534","chr7","123192682","123192823","18","42238286"
"chr10","80995171","80995470","chr10","82781205","82781500","11","1786034"
"chr10","81015335","81015634","chr10","82803323","82803629","14","1787988"
"chr10","81019797","81020106","chr16","22672674","22672981","36","58347123"
"chr10","81088927","81089220","chr10","82875302","82875589","18","1786375"
"chr10","81114785","81115083","chr10","82901456","82901762","12","1786671"
"chr10","81116642","81116943","chr2","47364647","47364949","35","33751995"
"chr10","81238857","81239151","chr10","83032333","83032643","20","1793476"
"chr10","81242920","81243229","chr19","12775179","12775488","31","68467741"
"chr10","81250169","81250495","chr10","83043713","83044023","20","1793544"
"chr10","81258950","81259249","chr10","83052475","83052777","8","1793525"
"chr10","81266305","81266603","chr10","83061700","83062000","3","1795395"
"chr10","81275574","81275849","chr14","6213632","6213915","39","75061942"
"chr10","81291582","81291858","chr5","48804342","48804621","40","32487240"
"chr10","81302987","81303299","chr10","83100140","83100453","3","1797153"
"chr10","81303590","81303876","chr10","83100743","83101033","6","1797153"
"chr10","81338605","81338908","chr10","83135358","83135667","10","1796753"
"chr10","81358485","81358779","chr10","83154931","83155223","13","1796446"
"chr10","81360461","81360746","chr10","83156589","83156862","17","1796128"
"chr10","81387325","81387615","chr10","83182712","83183004","15","1795387"
"chr10","81390341","81390618","chr10","83186088","83186365","3","1795747"
"chr10","81393807","81394085","chr10","83189839","83190118","9","1796032"
"chr10","81488535","81488804","chr10","83304357","83304626","7","1815822"
"chr10","81540840","81541139","chr10","83349203","83349502","7","1808363"
"chr10","81542043","81542344","chr10","83350063","83350385","38","1808020"
"chr10","81582476","81582778","chr10","83387314","83387615","4","1804838"
"chr10","81587371","81587559","chr13","24169198","24169386","25","57418173"
"chr10","81592964","81593265","chr20","26115747","26116048","39","55477217"
"chr10","81630227","81630532","chr10","83438172","83438471","10","1807945"
"chr10","81643184","81643492","chr7","38602366","38602674","41","43040818"
"chr10","81693913","81694168","chr10","83500741","83500995","5","1806828"
"chr10","81709610","81709901","chr10","83516428","83516720","6","1806818"
"chr10","81711345","81711617","chr10","83518322","83518594","6","1806977"
"chr10","81722599","81722843","chr10","83529266","83529510","2","1806667"
"chr10","81732057","81732352","chr10","83539056","83539350","6","1806999"
"chr10","81753876","81754174","chr10","83560681","83560981","19","1806805"
"chr10","81755605","81755898","chr10","83561825","83562115","8","1806220"
"chr10","81836876","81837173","chr10","83651539","83651831","10","1814663"
"chr10","81863235","81863528","chr10","83679195","83679493","10","1815960"
"chr10","81870476","81870756","chr10","83686055","83686336","1","1815579"
"chr10","81904518","81904826","chr10","83719765","83720073","11","1815247"
"chr10","81938491","81938775","chr1","208813318","208813613","43","126874827"
"chr10","81948993","81949285","chr10","83762238","83762531","8","1813245"
"chr10","81962809","81963122","chr10","83776232","83776535","16","1813423"
"chr10","81985710","81985903","chr10","83806647","83806840","2","1820937"
"chr10","81996905","81997217","chr20","64019808","64020114","41","17977097"
"chr10","82003248","82003536","chr10","83825673","83825968","20","1822425"
"chr10","82014175","82014471","chr10","83836605","83836901","5","1822430"
"chr10","82048602","82048897","chr16","11760971","11761268","36","70287631"
"chr10","82095760","82096047","chr15","26993350","26993637","34","55102410"
"chr10","82106192","82106464","chr10","83930758","83931026","8","1824566"
"chr10","82122601","82122893","chr10","83948462","83948753","6","1825861"
"chr10","82130534","82130844","chr10","83956082","83956389","11","1825548"
"chr10","82131318","82131623","chr10","83956859","83957188","27","1825541"
"chr10","82133078","82133340","chr10","83958653","83958911","6","1825575"
"chr10","82221270","82221572","chr10","84041317","84041623","15","1820047"
"chr10","82235804","82236108","chr10","84056338","84056646","16","1820534"
"chr10","82281759","82282052","chr10","84101772","84102066","12","1820013"
"chr10","82299850","82300149","chr10","84122590","84122891","17","1822740"
"chr10","82333685","82333982","chr10","84157410","84157704","16","1823725"
"chr10","82377552","82377825","chr10","84205271","84205544","4","1827719"
"chr10","82380713","82381011","chr11","94996337","94996634","40","12615624"
"chr10","82450084","82450381","chr10","84276700","84276996","7","1826616"
"chr10","82507296","82507591","chr1","97443874","97444180","51","14936578"
"chr10","82507592","82507902","chr10","84334551","84334861","5","1826959"
"chr10","82519658","82519959","chrX","44627777","44628073","33","37891881"
"chr10","82535538","82535813","chr10","84363426","84363701","3","1827888"
"chr10","82568038","82568323","chr10","84395855","84396140","7","1827817"
"chr10","82756781","82757120","chr2","84509227","84509557","48","1752446"
"chr10","82767047","82767362","chr10","84625807","84626114","12","1858760"
"chr10","82773003","82773298","chr20","2925612","2925906","38","79847391"
"chr10","82811540","82811847","chr10","84736586","84736893","5","1925046"
"chr10","82860091","82860391","chr10","84785802","84786106","7","1925711"
"chr10","82860563","82860870","chr15","32176384","32176682","30","50684179"
"chr10","82880830","82881135","chr8","68391461","68391765","41","14489369"
"chr10","82963921","82964212","chr1","115655199","115655492","40","32691278"
"chr10","82965009","82965294","chr10","84892397","84892682","5","1927388"
"chr10","82978114","82978408","chr10","84904599","84904894","5","1926485"
"chr10","83048777","83049069","chr3","20242044","20242352","51","62806733"
"chr10","83083631","83083946","chr1","27243298","27243603","36","55840333"
"chr10","83139213","83139522","chr10","85072795","85073104","5","1933582"
"chr10","83215619","83215923","chr10","85149358","85149655","15","1933739"
"chr10","83252729","83253027","chr10","85187733","85188001","32","1935004"
"chr10","83266125","83266422","chr15","66824554","66824853","42","16441571"
"chr10","83271677","83271985","chr7","43414688","43414994","30","39856989"
"chr10","83334849","83335153","chr1","88257606","88257908","51","4922757"
"chr10","83368004","83368298","chr1","195934700","195934994","31","112566696"
"chr10","83404811","83405109","chr10","85330689","85330985","7","1925878"
"chr10","83542228","83542516","chr10","85463080","85463368","4","1920852"
"chr10","83575123","83575426","chr10","85498322","85498628","13","1923199"
"chr10","83735942","83736240","chr10","85659045","85659349","13","1923103"
"chr10","83838689","83838960","chr10","85765991","85766287","31","1927302"
"chr10","84052884","84053192","chr10","85974506","85974827","21","1921622"
"chr10","84152799","84153087","chr10","86072693","86072981","11","1919894"
"chr10","84175608","84175909","chr10","86095393","86095705","23","1919785"
"chr10","84179155","84179459","chr10","86098893","86099186","16","1919738"
"chr10","84204949","84205251","chr6","39093879","39094180","39","45111070"
"chr10","84388678","84388987","chr10","86310899","86311201","13","1922221"
"chr10","84724641","84724943","chr1","125494474","125494770","32","40769833"
"chr10","84862976","84863284","chr10","86807338","86807647","11","1944362"
"chr10","84886663","84886921","chr10","86830711","86830973","12","1944048"
"chr10","84966832","84967137","chr9","92574925","92575229","33","7608093"
"chr10","84968786","84969083","chr12","3766632","3766928","39","81202154"
"chr10","84979741","84980043","chr10","86925374","86925686","21","1945633"
"chr10","85005115","85005423","chr10","86951522","86951828","14","1946407"
"chr10","85013506","85013785","chr10","86960741","86961016","10","1947235"
"chr10","85031257","85031556","chr10","86979532","86979833","10","1948275"
"chr10","85243362","85243671","chr8","28463805","28464113","33","56779557"
"chr10","85298503","85298795","chr2","85240194","85240490","31","58309"
"chr10","85365127","85365403","chr6","145139729","145140009","32","59774602"
"chr10","85381274","85381575","chr10","87330727","87331027","20","1949453"
"chr10","85448930","85449229","chr10","87403219","87403517","6","1954289"
"chr10","85450169","85450441","chr10","87404481","87404776","26","1954312"
"chr10","85486326","85486545","chr19","21985021","21985244","38","63501305"
"chr10","85563964","85564285","chr10","87524377","87524686","29","1960413"
"chr10","85633442","85633573","chr10","87593678","87593809","5","1960236"
"chr10","85644668","85644968","chr10","87604902","87605188","29","1960234"
"chr10","85665910","85666217","chr10","87625638","87625946","6","1959728"
"chr10","85733726","85734029","chr1","44004494","44004799","39","41729232"
"chr10","85756925","85757233","chr6","44327822","44328131","40","41429103"
"chr10","85759559","85759848","chr10","87716735","87717036","22","1957176"
"chr10","85914987","85915278","chr10","87872833","87873124","7","1957846"
"chr10","86035151","86035431","chr10","87990831","87991120","10","1955680"
"chr10","86229944","86230226","chr10","88228368","88228660","13","1998424"
"chr10","86338130","86338354","chr10","88334237","88334483","27","1996107"
"chr10","86384232","86384518","chr10","88387448","88387731","10","2003216"
"chr10","86519859","86520107","chr8","58416909","58417167","47","28102950"
"chr10","86635764","86636072","chr10","88636236","88636544","4","2000472"
"chr10","86638231","86638507","chr11","110433939","110434213","39","23795708"
"chr10","86658861","86659133","chr10","88660014","88660287","7","2001153"
"chr10","86659816","86660088","chr10","88660014","88660287","8","2000198"
"chr10","86672037","86672333","chr10","88671463","88671759","11","1999426"
"chr10","86684874","86685177","chr20","13845431","13845730","34","72839443"
"chr10","86713546","86713856","chr10","88718027","88718332","12","2004481"
"chr10","86716643","86716936","chr10","88723725","88724018","17","2007082"
"chr10","86753566","86753861","chr5","106825103","106825402","33","20071537"
"chr10","86870754","86871036","chr10","88903988","88904270","4","2033234"
"chr10","86904198","86904494","chr10","88941127","88941423","8","2036929"
"chr10","86906400","86906697","chr3","154871201","154871498","25","67964801"
"chr10","86957745","86957951","chr6","17598306","17598524","44","69359439"
"chr10","86969460","86969773","chr10","89008169","89008481","4","2038709"
"chr10","86995221","86995525","chr10","89035031","89035318","26","2039810"
"chr10","87042784","87043080","chr10","89075106","89075410","27","2032322"
"chr10","87118037","87118333","chr10","89155002","89155296","11","2036965"
"chr10","87137982","87138288","chr10","89175116","89175418","11","2037134"
"chr10","87309125","87309427","chr10","89343584","89343885","16","2034459"
"chr10","87637035","87637332","chr10","89674222","89674506","15","2037187"
"chr10","87665871","87666163","chr10","89703537","89703831","5","2037666"
"chr10","87861549","87861855","chr6","71226350","71226658","41","16635199"
"chr10","87891173","87891464","chrX","48051198","48051490","37","39839975"
"chr10","88002137","88002417","chrX","53937513","53937793","34","34064624"
"chr10","88065541","88065845","chr10","90123099","90123398","12","2057558"
"chr10","88076415","88076696","chr10","90134009","90134283","8","2057594"
"chr10","88103242","88103552","chr10","90160722","90161028","12","2057480"
"chr10","88142155","88142466","chrX","133395374","133395678","44","45253219"
"chr10","88165683","88165988","chr10","90220405","90220711","8","2054722"
"chr10","88167867","88168164","chr10","90222588","90222885","5","2054721"
"chr10","88255289","88255577","chr9","17622895","17623191","46","70632394"
"chr10","88430499","88430787","chr10","90492690","90492978","11","2062191"
"chr10","88463611","88463912","chr10","90526424","90526731","15","2062813"
"chr10","88641212","88641513","chr13","20755435","20755736","12","67885777"
"chr10","88648401","88648694","chr7","154883925","154884219","32","66235524"
"chr10","89190940","89191249","chr15","92598445","92598754","39","3407505"
"chr10","89470053","89470327","chr3","86818205","86818483","41","2651848"
"chr10","89741184","89741494","chrX","128903017","128903324","38","39161833"
"chr10","89746717","89747027","chr10","91630780","91631090","11","1884063"
"chr10","89913808","89914009","chr1","205577030","205577240","54","115663222"
"chr10","89976876","89977069","chr10","91849763","91849956","7","1872887"
"chr10","90027432","90027737","chr2","46308011","46308312","57","43719421"
"chr10","90059966","90060233","chr10","91941031","91941298","5","1881065"
"chr10","90071246","90071553","chr10","91952445","91952752","7","1881199"
"chr10","90089961","90090253","chr10","91971633","91971925","5","1881672"
"chr10","90226956","90227252","chr10","92106710","92107011","10","1879754"
"chr10","90257056","90257350","chr1","25636423","25636725","35","64620633"
"chr10","90286042","90286349","chr3","131455232","131455539","37","41169190"
"chr10","90289973","90290281","chr10","92171073","92171381","3","1881100"
"chr10","90334993","90335294","chr10","92211712","92212005","13","1876719"
"chr10","90390304","90390602","chr12","3766632","3766928","33","86623672"
"chr10","90449769","90450065","chr10","92326263","92326559","7","1876494"
"chr10","90477802","90478092","chr4","30749508","30749793","38","59728294"
"chr10","90496643","90496932","chr1","184776466","184776751","42","94279823"
"chr10","90516779","90517071","chr10","92398057","92398359","20","1881278"
"chr10","90522670","90522910","chr10","92403757","92403997","8","1881087"
"chr10","90533126","90533422","chr10","92414025","92414321","3","1880899"
"chr10","90535296","90535594","chr10","92416194","92416493","7","1880898"
"chr10","90586504","90586769","chr10","75387562","75387833","41","15198942"
"chr10","90633916","90634217","chr15","58063683","58063984","31","32570233"
"chr10","90635420","90635714","chr10","92516625","92516921","7","1881205"
"chr10","90650128","90650433","chr10","92533944","92534249","4","1883816"
"chr10","90695643","90695916","chr10","92578533","92578811","7","1882890"
"chr10","90811554","90811854","chr10","92689725","92690025","9","1878171"
"chr11","32112524","32112816","chr11","33941436","33941730","6","1828912"
"chr11","78380998","78381299","chr11","82014859","82015164","20","3633861"
"chr11","92536690","92536990","chr11","92875579","92875883","11","338889"
"chr11","129630172","129630441","chr11","130725299","130725563","11","1095127"
"chr11","144678","144979","chr11","123259154","123259456","29","123114476"
"chr11","220791","221058","chr11","197459","197727","8","23332"
"chr11","266455","266739","chr11","243232","243511","18","23223"
"chr11","369004","369307","chr9","60069313","60069616","29","59700309"
"chr11","428786","429077","chr11","398861","399151","13","29925"
"chr11","439030","439334","chr11","408294","408583","27","30736"
"chr11","469591","469856","chr4","43801785","43802052","36","43332194"
"chr11","487519","487827","chr11","457501","457802","17","30018"
"chr11","653759","654059","chr11","630708","631008","4","23051"
"chr11","665800","666100","chr11","642989","643277","22","22811"
"chr11","667142","667389","chr11","644319","644566","2","22823"
"chr11","692196","692507","chr11","670141","670450","15","22055"
"chr11","702525","702819","chr11","680026","680314","20","22499"
"chr11","727050","727365","chr11","704049","704358","17","23001"
"chr11","728384","728695","chr11","705378","705697","16","23006"
"chr11","767909","768197","chr11","746296","746584","3","21613"
"chr11","769867","770172","chr11","748254","748558","9","21613"
"chr11","771165","771468","chr11","749544","749847","4","21621"
"chr11","779260","779556","chr5","84621454","84621751","34","83842194"
"chr11","796786","797065","chr8","76413611","76413891","35","75616825"
"chr11","802239","802536","chr11","780649","780946","4","21590"
"chr11","823168","823464","chr11","800586","800889","7","22582"
"chr11","948696","948994","chr11","928177","928472","8","20519"
"chr11","965023","965293","chr11","952235","952526","32","12788"
"chr11","993137","993253","chr15","40538391","40538503","21","39545254"
"chr11","993804","993975","chr16","10610909","10611073","27","9617105"
"chr11","1007625","1007917","chr11","998075","998365","3","9550"
"chr11","1018822","1019101","chr19","1659276","1659556","47","640454"
"chr11","1060342","1060651","chr11","1051631","1051938","15","8711"
"chr11","1075777","1076082","chrX","114303150","114303452","41","113227373"
"chr11","1081317","1081513","chr11","1067778","1067970","31","13539"
"chr11","1090268","1090560","chr11","1082204","1082496","6","8064"
"chr11","1094756","1095030","chr11","1086753","1087054","31","8003"
"chr11","1095031","1095160","chr11","1087055","1087184","0","7976"
"chr11","1098778","1099072","chr2","159817530","159817826","26","158718752"
"chr11","1124590","1124883","chr11","1138702","1138991","16","14112"
"chr11","1160210","1160516","chr11","1175629","1175933","11","15419"
"chr11","1188981","1189264","chr11","1204042","1204325","9","15061"
"chr11","1308560","1308840","chr11","1323739","1324021","9","15179"
"chr11","1339556","1339847","chr1","12484168","12484458","35","11144612"
"chr11","1348443","1348737","chr11","1362539","1362830","9","14096"
"chr11","1521045","1521345","chr11","1530243","1530549","21","9198"
"chr11","1534098","1534398","chr6","67150104","67150400","41","65616006"
"chr11","1612858","1613157","chr11","1624189","1624483","12","11331"
"chr11","1667180","1667478","chrX","18308071","18308372","30","16640891"
"chr11","1737120","1737418","chr11","1753952","1754257","21","16832"
"chr11","1743013","1743299","chr18","52423752","52424031","41","50680739"
"chr11","1744897","1745184","chr11","1762142","1762438","14","17245"
"chr11","1830205","1830368","chr7","52153187","52153352","23","50322982"
"chr11","2078577","2078875","chr11","2107380","2107678","3","28803"
"chr11","2111465","2111772","chr11","2139656","2139963","5","28191"
"chr11","2228534","2228836","chr11","2258743","2259045","5","30209"
"chr11","2783167","2783367","chr4","4043483","4043684","50","1260316"
"chr11","2788195","2788475","chr8","8615562","8615850","71","5827367"
"chr11","2917915","2918176","chr11","2961467","2961741","22","43552"
"chr11","2930990","2931292","chr11","2974469","2974764","16","43479"
"chr11","2935181","2935484","chr11","2978354","2978657","14","43173"
"chr11","2949322","2949629","chr11","2993813","2994119","7","44491"
"chr11","2982706","2983001","chr1","54194492","54194783","45","51211786"
"chr11","2992925","2993233","chr11","3042673","3042968","22","49748"
"chr11","3005634","3005934","chr11","3055445","3055741","9","49811"
"chr11","3075263","3075489","chr13","27567083","27567289","44","24491820"
"chr11","3180063","3180354","chr11","3236656","3236947","14","56593"
"chr11","3252814","3253108","chr11","3309017","3309300","15","56203"
"chr11","3304495","3304797","chr11","3360019","3360321","9","55524"
"chr11","3306632","3306937","chr11","3362171","3362476","3","55539"
"chr11","3476048","3476357","chr11","3530632","3530941","13","54584"
"chr11","3493775","3494077","chr7","44034964","44035268","41","40541189"
"chr11","3532818","3533116","chr4","164897049","164897346","43","161364231"
"chr11","3723553","3723834","chr11","3785090","3785371","3","61537"
"chr11","4006479","4006774","chrX","46687170","46687466","35","42680691"
"chr11","4015153","4015454","chr11","4073618","4073923","9","58465"
"chr11","4122460","4122768","chr11","4176381","4176689","9","53921"
"chr11","4196824","4197120","chr11","4250108","4250401","10","53284"
"chr11","4403007","4403313","chr11","4496828","4497134","9","93821"
"chr11","4418156","4418421","chr11","4511234","4511499","4","93078"
"chr11","4471580","4471875","chr11","4565223","4565518","4","93643"
"chr11","4520023","4520313","chr11","4613150","4613440","10","93127"
"chr11","4526651","4526960","chr11","4620634","4620943","9","93983"
"chr11","4737142","4737428","chr5","98591416","98591702","35","93854274"
"chr11","4775579","4775875","chr6","90675577","90675876","36","85899998"
"chr11","4847133","4847447","chr11","4939363","4939673","7","92230"
"chr11","5020315","5020632","chr11","5114088","5114381","43","93773"
"chr11","5028817","5029142","chr9","45875554","45875870","48","40846737"
"chr11","5142890","5143190","chr11","5238705","5239004","2","95815"
"chr11","5705128","5705445","chr20","35455809","35456113","37","29750681"
"chr11","5782887","5783191","chr11","5907385","5907696","16","124498"
"chr11","5943106","5943402","chr11","6065743","6066039","12","122637"
"chr11","6002727","6003000","chr11","6127432","6127699","9","124705"
"chr11","6177057","6177340","chr11","6304798","6305086","13","127741"
"chr11","6240246","6240548","chr15","58063683","58063984","46","51823437"
"chr11","6324283","6324586","chr10","61201590","61201893","36","54877307"
"chr11","6335941","6336211","chr11","6467548","6467825","50","131607"
"chr11","6361724","6362026","chr15","78065916","78066218","38","71704192"
"chr11","6385753","6386052","chr11","75647466","75647763","37","69261713"
"chr11","6398517","6398818","chr1","42771177","42771482","41","36372660"
"chr11","6420509","6420806","chr10","62331135","62331441","38","55910626"
"chr11","6461725","6462021","chr11","6592933","6593234","6","131208"
"chr11","6503370","6503658","chr11","6636222","6636541","36","132852"
"chr11","6524654","6524864","chr11","50693126","50693340","26","44168472"
"chr11","6527289","6527621","chr11","6657895","6658219","10","130606"
"chr11","6529964","6530302","chr1","38691960","38692291","46","32161996"
"chr11","6620306","6620624","chrX","1536503","1536807","41","5083803"
"chr11","6642619","6642847","chr2","122028402","122028630","33","115385783"
"chr11","6674678","6674970","chr11","6809976","6810271","6","135298"
"chr11","6682012","6682307","chr11","6816630","6816939","18","134618"
"chr11","6699207","6699498","chr4","149505872","149506164","35","142806665"
"chr11","6712984","6713265","chr11","6850253","6850543","13","137269"
"chr11","6813222","6813534","chr11","7012523","7012842","15","199301"
"chr11","6813540","6813836","chr11","7012848","7013144","4","199308"
"chr11","6843125","6843418","chr1","51660404","51660703","36","44817279"
"chr11","6989227","6989524","chr11","7184249","7184544","5","195022"
"chr11","7001484","7001772","chr11","7197071","7197360","3","195587"
"chr11","7019958","7020192","chr11","7215421","7215667","17","195463"
"chr11","7028318","7028627","chr11","7223322","7223621","13","195004"
"chr11","7052801","7053063","chr11","7248326","7248589","3","195525"
"chr11","7117194","7117488","chr11","7312676","7312973","8","195482"
"chr11","7237928","7238230","chr11","7435996","7436298","6","198068"
"chr11","7308575","7308881","chr11","7506746","7507052","14","198171"
"chr11","7552496","7552755","chr11","7749094","7749353","2","196598"
"chr11","7711788","7712078","chr11","7906996","7907286","5","195208"
"chr11","7804605","7804893","chr11","8000153","8000445","10","195548"
"chr11","7806948","7807217","chr12","112213989","112214276","48","104407041"
"chr11","7812348","7812647","chr11","8007779","8008081","12","195431"
"chr11","7839583","7839898","chr16","10916351","10916657","47","3076768"
"chr11","7856290","7856598","chr11","8054855","8055163","7","198565"
"chr11","7857088","7857391","chr1","129540953","129541251","48","121683865"
"chr11","7896086","7896357","chr11","8096279","8096562","27","200193"
"chr11","7912422","7912730","chr3","41524932","41525236","47","33612510"
"chr11","7915442","7915736","chr11","8116737","8117038","25","201295"
"chr11","7919118","7919369","chr5","67162218","67162470","34","59243100"
"chr11","7935623","7935915","chr11","8128975","8129271","20","193352"
"chr11","7948674","7948955","chr3","81847535","81847828","50","73898861"
"chr11","7950635","7950922","chrX","88978789","88979076","12","81028154"
"chr11","7964593","7964889","chr11","8150814","8151114","9","186221"
"chr11","7969668","7969947","chr11","8156689","8156972","16","187021"
"chr11","7972058","7972369","chr11","8160329","8160607","38","188271"
"chr11","7976369","7976676","chr11","8164379","8164686","8","188010"
"chr11","7981789","7982066","chr11","8170420","8170703","6","188631"
"chr11","7982365","7982662","chr11","8171015","8171310","3","188650"
"chr11","7984970","7985261","chr5","8198836","8199128","16","213866"
"chr11","8010727","8011003","chrX","88997038","88997314","16","80986311"
"chr11","8011866","8012159","chr13","75416924","75417216","40","67405058"
"chr11","8020903","8021205","chr11","8454210","8454513","20","433307"
"chr11","8043876","8044175","chrX","104642329","104642628","37","96598453"
"chr11","8069083","8069385","chr1","67239282","67239587","44","59170199"
"chr11","8071756","8072028","chr11","8503579","8503855","13","431823"
"chr11","8105943","8106221","chr11","8539824","8540103","17","433881"
"chr11","8114075","8114393","chr20","59117589","59117896","48","51003514"
"chr11","8114933","8115229","chr11","8549544","8549846","16","434611"
"chr11","8125661","8125944","chr18","23532208","23532492","41","15406547"
"chr11","8182133","8182430","chr11","8619150","8619454","13","437017"
"chr11","8183690","8183998","chr11","8620711","8621019","7","437021"
"chr11","8428344","8428599","chr5","16673244","16673500","31","8244900"
"chr11","8494120","8494407","chr11","8933419","8933712","16","439299"
"chr11","8545491","8545789","chr11","8985480","8985778","6","439989"
"chr11","8599360","8599660","chr11","9039194","9039487","20","439834"
"chr11","8645910","8646194","chr11","9084383","9084686","26","438473"
"chr11","8705264","8705578","chr4","157336957","157337266","43","148631693"
"chr11","8751556","8751848","chr11","9195557","9195849","4","444001"
"chr11","8823801","8824100","chr11","9269167","9269466","3","445366"
"chr11","9470894","9471201","chr11","9916214","9916521","3","445320"
"chr11","9754156","9754458","chrX","54056403","54056701","32","44302247"
"chr11","10033822","10034117","chr1","121564029","121564325","28","111530207"
"chr11","10063031","10063330","chr11","10506855","10507156","5","443824"
"chr11","10079655","10079919","chr11","10523685","10523949","4","444030"
"chr11","10090366","10090668","chr11","10534475","10534778","5","444109"
"chr11","10093939","10094087","chr11","10538364","10538512","3","444425"
"chr11","10101816","10102121","chr4","133069794","133070095","39","122967978"
"chr11","10139753","10140053","chr11","10585532","10585836","6","445779"
"chr11","10156920","10157227","chr10","40348201","40348505","47","30191281"
"chr11","10200746","10201049","chr11","10648857","10649161","9","448111"
"chr11","10417153","10417444","chr11","11043759","11044057","10","626606"
"chr11","10631950","10632247","chr11","11305536","11305819","18","673586"
"chr11","10698763","10699060","chr11","11378039","11378341","11","679276"
"chr11","10772780","10773071","chr5","8198836","8199128","16","2573944"
"chr11","10944061","10944369","chr4","156916816","156917123","35","145972755"
"chr11","11236435","11236748","chr11","12187966","12188282","14","951531"
"chr11","11288468","11288769","chr11","12239919","12240225","15","951451"
"chr11","11474419","11474717","chr11","12428246","12428536","13","953827"
"chr11","11580750","11581045","chr11","12539384","12539677","8","958634"
"chr11","11683303","11683613","chr11","12643067","12643374","9","959764"
"chr11","11721198","11721497","chr1","140264628","140264929","41","128543430"
"chr11","11748247","11748548","chr11","12739140","12739445","10","990893"
"chr11","11776795","11777038","chr9","15239502","15239743","33","3462707"
"chr11","11791874","11792167","chr11","12784835","12785132","10","992961"
"chr11","11827593","11827893","chr11","12819944","12820237","16","992351"
"chr11","11861191","11861482","chr11","12854059","12854365","23","992868"
"chr11","11895084","11895382","chr11","12891145","12891444","8","996061"
"chr11","11963703","11963991","chr11","12960004","12960292","8","996301"
"chr11","11965606","11965913","chr11","12961598","12961906","15","995992"
"chr11","11965923","11966212","chr11","12961916","12962209","7","995993"
"chr11","11991530","11991839","chr11","12985443","12985752","4","993913"
"chr11","11997265","11997558","chr7","140409402","140409691","43","128412137"
"chr11","12021899","12022194","chr4","30749508","30749793","45","18727609"
"chr11","12210826","12211107","chr11","13207103","13207382","14","996277"
"chr11","12228431","12228565","chr10","83392553","83392686","13","71164122"
"chr11","12259195","12259490","chr11","13256717","13257021","20","997522"
"chr11","12354743","12355040","chr11","13349092","13349393","9","994349"
"chr11","12359267","12359561","chr10","89035031","89035318","42","76675764"
"chr11","12359713","12359946","chr19","50549054","50549288","51","38189341"
"chr11","12426614","12426884","chrX","123492650","123492923","40","111066036"
"chr11","12438198","12438485","chr11","13432280","13432576","12","994082"
"chr11","12524617","12524900","chr11","13519337","13519620","5","994720"
"chr11","12593551","12593698","chr20","20826965","20827111","23","8233414"
"chr11","12628325","12628599","chr11","13622905","13623179","3","994580"
"chr11","12630341","12630640","chrX","147868133","147868426","46","135237792"
"chr11","12802150","12802441","chr11","13795344","13795630","9","993194"
"chr11","13493743","13494037","chr7","162663932","162664225","36","149170189"
"chr11","13654761","13655057","chr11","34016163","34016458","32","20361402"
"chr11","13783411","13783699","chr11","14792151","14792436","6","1008740"
"chr11","13866466","13866760","chr1","199285599","199285892","38","185419133"
"chr11","13955159","13955443","chr11","14964450","14964733","3","1009291"
"chr11","13978920","13979198","chr2","122305059","122305340","44","108326139"
"chr11","13987242","13987530","chr10","7096296","7096585","38","6890946"
"chr11","14011180","14011477","chr11","15020738","15021035","10","1009558"
"chr11","14071409","14071544","chr11","15081107","15081242","1","1009698"
"chr11","14115044","14115337","chr11","15124057","15124349","3","1009013"
"chr11","14143227","14143519","chr17","82002187","82002479","35","67858960"
"chr11","14229862","14230169","chr16","22728440","22728748","46","8498578"
"chr11","14341456","14341742","chr4","107878722","107879006","34","93537266"
"chr11","14422629","14422908","chr11","15413980","15414263","18","991351"
"chr11","14506963","14507266","chr11","15502361","15502664","10","995398"
"chr11","14515249","14515542","chrX","117758413","117758706","28","103243164"
"chr11","14592021","14592311","chr4","119807870","119808177","53","105215849"
"chr11","14670880","14671169","chr11","15673041","15673330","14","1002161"
"chr11","14725353","14725640","chr11","15728767","15729067","17","1003414"
"chr11","14816301","14816628","chr11","15813250","15813552","29","996949"
"chr11","15228000","15228299","chr11","16231112","16231418","15","1003112"
"chr11","15396928","15397140","chr9","66908151","66908366","38","51511223"
"chr11","15426088","15426365","chr11","16429445","16429722","7","1003357"
"chr11","15438427","15438633","chr1","101995860","101996065","29","86557433"
"chr11","15542839","15543133","chr11","16548059","16548358","13","1005220"
"chr11","15612726","15613017","chr11","16610710","16611001","3","997984"
"chr11","15614442","15614723","chr11","16612442","16612723","4","998000"
"chr11","15913267","15913574","chr1","27355896","27356196","38","11442629"
"chr11","16690339","16690642","chr5","188997447","188997750","43","172307108"
"chr11","16930200","16930492","chr11","17973859","17974151","14","1043659"
"chr11","16963808","16964102","chr11","18007372","18007695","32","1043564"
"chr11","16998103","16998412","chr11","18043026","18043333","9","1044923"
"chr11","17271117","17271431","chr11","18364286","18364593","16","1093169"
"chr11","17766724","17767025","chr11","19069680","19069979","4","1302956"
"chr11","17863265","17863556","chr11","19170660","19170953","11","1307395"
"chr11","17869538","17869825","chr11","19176904","19177191","1","1307366"
"chr11","18237515","18237838","chr11","19539165","19539516","47","1301650"
"chr11","18238755","18239053","chr11","19540429","19540726","8","1301674"
"chr11","18272950","18273238","chr11","19573906","19574194","2","1300956"
"chr11","18512871","18513151","chr11","19820913","19821193","1","1308042"
"chr11","18569408","18569701","chr4","158034716","158035015","31","139465308"
"chr11","18615464","18615767","chr11","19914267","19914571","11","1298803"
"chr11","18888562","18888854","chr11","20188440","20188739","9","1299878"
"chr11","18908960","18909265","chr11","20208311","20208616","4","1299351"
"chr11","18934007","18934309","chr11","20233042","20233342","9","1299035"
"chr11","18935166","18935455","chr11","20234194","20234478","8","1299028"
"chr11","18988273","18988564","chr11","20287144","20287459","38","1298871"
"chr11","18998922","18999214","chr11","20297198","20297494","10","1298276"
"chr11","19053139","19053392","chr13","106205788","106206050","37","87152649"
"chr11","19092937","19093275","chr11","20394781","20395119","4","1301844"
"chr11","19104604","19104865","chr11","20406486","20406714","40","1301882"
"chr11","19130384","19130689","chr11","20432589","20432893","7","1302205"
"chr11","19150878","19151189","chr2","77603432","77603732","68","58452554"
"chr11","19217409","19217704","chr9","3211428","3211722","28","16005981"
"chr11","19246630","19246941","chr11","20547906","20548208","16","1301276"
"chr11","19350474","19350770","chr4","6934644","6934938","33","12415830"
"chr11","19445787","19446087","chr1","42771177","42771482","33","23325390"
"chr11","19581293","19581597","chr11","20893332","20893636","1","1312039"
"chr11","19642309","19642611","chr11","20954854","20955147","12","1312545"
"chr11","19651690","19651946","chr5","104609869","104610123","41","84958179"
"chr11","19706586","19706846","chr11","21024974","21025234","7","1318388"
"chr11","19820093","19820397","chr11","21143442","21143746","8","1323349"
"chr11","19865534","19865836","chr19","50109585","50109887","6","30244051"
"chr11","20179096","20179379","chr11","21560437","21560720","3","1381341"
"chr11","20196194","20196499","chr11","21577529","21577835","12","1381335"
"chr11","20227746","20228050","chr11","21608917","21609213","18","1381171"
"chr11","20242165","20242474","chr11","21622721","21623034","16","1380556"
"chr11","20516745","20517045","chr11","21914460","21914755","19","1397715"
"chr11","20656977","20657274","chr11","22066100","22066397","4","1409123"
"chr11","20722391","20722678","chr11","22136043","22136321","11","1413652"
"chr11","20875159","20875470","chr11","22287687","22287998","3","1412528"
"chr11","20882982","20883282","chr11","22293402","22293697","8","1410420"
"chr11","21018377","21018696","chr11","22428689","22428973","41","1410312"
"chr11","21355515","21355814","chr11","22746824","22747122","6","1391309"
"chr11","21496712","21497006","chr11","22886813","22887107","1","1390101"
"chr11","21536957","21537216","chr6","56768865","56769129","39","35231908"
"chr11","21560306","21560588","chr11","22948203","22948487","3","1387897"
"chr11","21573468","21573777","chr11","22961712","22962020","9","1388244"
"chr11","21580353","21580648","chrX","44627777","44628073","32","23047424"
"chr11","21711242","21711550","chr11","23096930","23097239","9","1385688"
"chr11","22380705","22380997","chr11","23762446","23762720","26","1381741"
"chr11","22411083","22411390","chr11","23836827","23837124","16","1425744"
"chr11","23045967","23046262","chr18","34881303","34881600","32","11835336"
"chr11","23213433","23213704","chr11","24707021","24707329","38","1493588"
"chr11","23579085","23579379","chr11","25052547","25052852","22","1473462"
"chr11","23680396","23680700","chr7","43048161","43048465","12","19367765"
"chr11","23701755","23701995","chr9","12111501","12111735","43","11590254"
"chr11","23794235","23794528","chr11","25265888","25266178","11","1471653"
"chr11","24096776","24097035","chr11","25576885","25577149","11","1480109"
"chr11","24158524","24158807","chr11","25636927","25637209","8","1478403"
"chr11","24252736","24253044","chr11","25732051","25732360","5","1479315"
"chr11","24327834","24328110","chr8","76413611","76413891","27","52085777"
"chr11","24371375","24371669","chr11","25850461","25850750","9","1479086"
"chr11","24455357","24455663","chr11","25933098","25933407","13","1477741"
"chr11","24486108","24486417","chr11","25965935","25966244","14","1479827"
"chr11","24608755","24609060","chr11","26090038","26090341","9","1481283"
"chr11","24641066","24641339","chr11","26122711","26123007","33","1481645"
"chr11","24666080","24666381","chr5","187294976","187295277","39","162628896"
"chr11","24689151","24689360","chr16","8109225","8109435","31","16579926"
"chr11","24821116","24821404","chr11","26303816","26304106","7","1482700"
"chr11","24851350","24851644","chr11","26334486","26334780","4","1483136"
"chr11","24972116","24972414","chr11","26456918","26457216","5","1484802"
"chr11","25003182","25003479","chr2","159817530","159817826","43","134814348"
"chr11","25089346","25089619","chr11","26588711","26588984","4","1499365"
"chr11","25227914","25228211","chr11","26724611","26724908","6","1496697"
"chr11","25392232","25392535","chr11","26890644","26890952","11","1498412"
"chr11","25529661","25529941","chr11","27024912","27025193","9","1495251"
"chr11","25553808","25554102","chr11","27049349","27049626","36","1495541"
"chr11","25619194","25619496","chr11","27114575","27114873","12","1495381"
"chr11","25775589","25775897","chr11","27275511","27275819","5","1499922"
"chr11","25813527","25813818","chr1","139931874","139932170","41","114118347"
"chr11","25869962","25870267","chr11","27369794","27370099","8","1499832"
"chr11","25902528","25902838","chr11","27402099","27402409","6","1499571"
"chr11","25984677","25984971","chr3","66669090","66669382","33","40684413"
"chr11","26052922","26053218","chr11","27561893","27562198","16","1508971"
"chr11","26181797","26182098","chr11","27691158","27691460","8","1509361"
"chr11","26196132","26196420","chr4","6934644","6934938","33","19261488"
"chr11","26326573","26326877","chr11","27892620","27892922","9","1566047"
"chr11","26384800","26385075","chr11","27950825","27951100","3","1566025"
"chr11","26458639","26458931","chr11","28025181","28025471","5","1566542"
"chr11","26472860","26473147","chr11","28045799","28046087","9","1572939"
"chr11","26482752","26482999","chr11","28055699","28055943","10","1572947"
"chr11","26941851","26942161","chr11","28513398","28513708","6","1571547"
"chr11","26991379","26991676","chr14","12530906","12531202","32","14460473"
"chr11","27126922","27127214","chr11","28699949","28700231","28","1573027"
"chr11","27208703","27208987","chr11","28779113","28779398","7","1570410"
"chr11","27235175","27235503","chr11","28805037","28805365","16","1569862"
"chr11","27375822","27376128","chr1","63216852","63217153","35","35841030"
"chr11","27501440","27501748","chr1","220687757","220688063","38","193186317"
"chr11","27566022","27566322","chr11","29145869","29146170","5","1579847"
"chr11","27784193","27784478","chr2","88865030","88865322","41","61080837"
"chr11","27804061","27804365","chr11","29380225","29380522","30","1576164"
"chr11","27831338","27831639","chr11","29407098","29407399","6","1575760"
"chr11","28380002","28380312","chr11","30009238","30009541","12","1629236"
"chr11","28592615","28592921","chr16","72838372","72838684","45","44245757"
"chr11","28840526","28840814","chr19","19487582","19487866","47","9352944"
"chr11","29034817","29035138","chr11","30728418","30728722","22","1693601"
"chr11","29143634","29143907","chr4","171869171","171869454","52","142725537"
"chr11","29179986","29180281","chr11","30873765","30874060","10","1693779"
"chr11","29183427","29183723","chr11","30882130","30882432","19","1698703"
"chr11","29372593","29372929","chr11","31072216","31072548","18","1699623"
"chr11","29619432","29619727","chr11","31374190","31374484","12","1754758"
"chr11","29749413","29749709","chr2","40628061","40628359","39","10878648"
"chr11","29864840","29865138","chr11","31667181","31667478","14","1802341"
"chr11","29908501","29908800","chr11","31708646","31708940","6","1800145"
"chr11","29976638","29976930","chr11","31782730","31783022","3","1806092"
"chr11","30436695","30437004","chr11","32251925","32252216","20","1815230"
"chr11","30451236","30451543","chr11","32266424","32266733","9","1815188"
"chr11","30481846","30482115","chr11","32297356","32297627","4","1815510"
"chr11","30519752","30520017","chr11","32336347","32336612","4","1816595"
"chr11","30552184","30552475","chr11","32369063","32369353","5","1816879"
"chr11","30555643","30555936","chr11","32372448","32372743","14","1816805"
"chr11","30567716","30568010","chr18","67288356","67288650","38","36720640"
"chr11","30570804","30571093","chr4","14740334","14740625","39","15830470"
"chr11","30571248","30571558","chr11","32385303","32385602","27","1814055"
"chr11","30578314","30578616","chr11","32392286","32392586","8","1813972"
"chr11","30587686","30587971","chr11","32401654","32401943","7","1813968"
"chr11","30590273","30590546","chr12","78175857","78176130","37","47585584"
"chr11","30590853","30591164","chr14","106862586","106862894","48","76271733"
"chr11","30602158","30602452","chr11","34016163","34016458","36","3414005"
"chr11","30629948","30630256","chr3","170225271","170225577","32","139595323"
"chr11","30636740","30637038","chr11","32452143","32452443","20","1815403"
"chr11","30683172","30683474","chr11","32498500","32498800","18","1815328"
"chr11","30690105","30690404","chr11","32505415","32505714","5","1815310"
"chr11","30718127","30718412","chr11","32535473","32535758","5","1817346"
"chr11","30739364","30739604","chr11","32556331","32556568","7","1816967"
"chr11","30852074","30852252","chr16","41796497","41796671","31","10944423"
"chr11","30862072","30862371","chr11","32680626","32680918","13","1818554"
"chr11","30878429","30878726","chr11","32697020","32697317","19","1818591"
"chr11","30917454","30917759","chr11","32735409","32735714","7","1817955"
"chr11","30930557","30930834","chr14","45520254","45520531","27","14589697"
"chr11","30971091","30971383","chr11","32789633","32789935","11","1818542"
"chr11","31084849","31085142","chr11","32917908","32918202","7","1833059"
"chr11","31085930","31086228","chr11","32917908","32918202","13","1831978"
"chr11","31134943","31135237","chr9","98680358","98680654","33","67545415"
"chr11","31136383","31136672","chr7","4908573","4908867","36","26227810"
"chr11","31139018","31139313","chr11","32977143","32977431","13","1838125"
"chr11","31153379","31153678","chr16","57736218","57736518","39","26582839"
"chr11","31156291","31156589","chr1","12523128","12523425","37","18633163"
"chr11","31174988","31175120","chr11","33019656","33019788","3","1844668"
"chr11","31214836","31215156","chr19","40866944","40867252","51","9652108"
"chr11","31232194","31232463","chr11","33085700","33085969","7","1853506"
"chr11","31237133","31237433","chr11","33090467","33090768","7","1853334"
"chr11","31275479","31275796","chr11","133502791","133503108","46","102227312"
"chr11","31294903","31295191","chr4","14740334","14740625","29","16554569"
"chr11","31297151","31297229","chr7","5169325","5169405","16","26127826"
"chr11","31311136","31311439","chr11","33130270","33130562","18","1819134"
"chr11","31323663","31323964","chr11","33143222","33143528","22","1819559"
"chr11","31329452","31329745","chr17","8200159","8200453","35","23129293"
"chr11","31355374","31355644","chr11","33176328","33176599","2","1820954"
"chr11","31370441","31370732","chrX","40224083","40224385","34","8853642"
"chr11","31423049","31423336","chr11","33243908","33244194","7","1820859"
"chr11","31424064","31424363","chr11","33244923","33245222","15","1820859"
"chr11","31427129","31427438","chr11","33248035","33248342","10","1820906"
"chr11","31559250","31559536","chr11","33380558","33380847","7","1821308"
"chr11","31586518","31586819","chr11","33409608","33409909","6","1823090"
"chr11","31623238","31623532","chr11","33446981","33447265","14","1823743"
"chr11","31639051","31639315","chr11","33463769","33464027","11","1824718"
"chr11","31652489","31652790","chr11","33477002","33477300","10","1824513"
"chr11","31685087","31685407","chr1","13200318","13200636","50","18484769"
"chr11","31718467","31718750","chr11","33544914","33545196","6","1826447"
"chr11","31719595","31719877","chr11","33544914","33545196","3","1825319"
"chr11","31727550","31727852","chr11","33556600","33556902","12","1829050"
"chr11","31738172","31738476","chr11","33567054","33567358","6","1828882"
"chr11","31741101","31741386","chr16","30426681","30426967","40","1314420"
"chr11","31741926","31742232","chr11","33570770","33571075","6","1828844"
"chr11","31881284","31881563","chr11","33713153","33713440","10","1831869"
"chr11","31899598","31899895","chr7","94165265","94165563","33","62265667"
"chr11","31912192","31912479","chr11","33749550","33749838","4","1837358"
"chr11","31929236","31929535","chr11","33766449","33766739","36","1837213"
"chr11","31940526","31940817","chr11","33777899","33778197","17","1837373"
"chr11","31997358","31997649","chr3","43892554","43892846","26","11895196"
"chr11","32017796","32018090","chr11","33846687","33846982","2","1828891"
"chr11","32044468","32044772","chr11","33873861","33874167","38","1829393"
"chr11","32091680","32091988","chr20","68446572","68446879","43","36354892"
"chr11","32101439","32101731","chr11","33930668","33930960","5","1829229"
"chr11","32110251","32110571","chr11","33939165","33939482","5","1828914"
"chr11","32121236","32121533","chr11","33950138","33950436","5","1828902"
"chr11","32129143","32129449","chr8","122493294","122493597","43","90364151"
"chr11","32132088","32132379","chr1","54194492","54194783","29","22062404"
"chr11","32162537","32162837","chr11","33992274","33992567","15","1829737"
"chr11","32187110","32187404","chr11","34016163","34016458","6","1829053"
"chr11","32193500","32193799","chr11","34022243","34022531","21","1828743"
"chr11","32209267","32209576","chr16","51809554","51809859","38","19600287"
"chr11","32212472","32212770","chr11","34041848","34042146","10","1829376"
"chr11","32221287","32221583","chr11","34050390","34050680","20","1829103"
"chr11","32264286","32264585","chr11","34094466","34094772","15","1830180"
"chr11","32292983","32293277","chr11","34122695","34122972","23","1829712"
"chr11","32327236","32327523","chr11","34158079","34158359","10","1830843"
"chr11","32734421","32734726","chr20","13845431","13845730","40","18888990"
"chr11","32857567","32857876","chr11","34734525","34734834","8","1876958"
"chr11","33011363","33011663","chr11","34893524","34893826","12","1882161"
"chr11","33863665","33863940","chr11","35697116","35697393","8","1833451"
"chr11","33994506","33994806","chr11","35833398","35833699","3","1838892"
"chr11","34021728","34021974","chr9","118047165","118047415","41","84025437"
"chr11","34029897","34030192","chr11","35867661","35867959","4","1837764"
"chr11","34115576","34115884","chr11","35962136","35962444","5","1846560"
"chr11","34854273","34854527","chr11","37046130","37046388","5","2191857"
"chr11","34889021","34889326","chr15","48953737","48954046","38","14064716"
"chr11","34990539","34990836","chr11","37186884","37187181","1","2196345"
"chr11","35578368","35578657","chr5","39749954","39750252","49","4171586"
"chr11","35768793","35768994","chr10","18738551","18738757","28","17030242"
"chr11","35777260","35777537","chr11","37951098","37951379","9","2173838"
"chr11","35825984","35826292","chr11","38002147","38002454","9","2176163"
"chr11","35970988","35971293","chr11","38160702","38161008","8","2189714"
"chr11","36283285","36283590","chr11","38511773","38512079","14","2228488"
"chr11","36395124","36395426","chr11","38621437","38621720","26","2226313"
"chr11","36462682","36462990","chr11","38684783","38685091","4","2222101"
"chr11","36516687","36516993","chr11","38737760","38738068","8","2221073"
"chr11","36677747","36678038","chr11","38899821","38900126","20","2222074"
"chr11","36820911","36821206","chr4","36544746","36545038","34","276165"
"chr11","36858364","36858658","chr11","39081395","39081690","3","2223031"
"chr11","37128164","37128456","chr11","39392932","39393224","2","2264768"
"chr11","37157799","37158099","chr11","39422292","39422585","17","2264493"
"chr11","37193694","37193987","chr11","39457534","39457826","8","2263840"
"chr11","37277387","37277691","chr11","39541710","39542007","13","2264323"
"chr11","37457016","37457311","chr11","39783841","39784135","9","2326825"
"chr11","37922313","37922624","chr11","40252118","40252427","5","2329805"
"chr11","37973360","37973659","chr11","40300703","40301002","7","2327343"
"chr11","37991705","37992002","chr11","40319055","40319329","26","2327350"
"chr11","38023897","38024199","chr11","40352461","40352763","4","2328564"
"chr11","38045002","38045310","chr15","58063683","58063984","35","20018681"
"chr11","38123306","38123604","chr11","40453612","40453907","10","2330306"
"chr11","38229374","38229673","chr1","112494754","112495056","32","74265380"
"chr11","38387701","38387977","chr11","40712223","40712507","15","2324522"
"chr11","38502057","38502358","chr20","2440324","2440625","38","36061733"
"chr11","38776060","38776361","chr2","159817530","159817826","37","121041470"
"chr11","39308926","39309213","chr11","41700940","41701230","9","2392014"
"chr11","39371097","39371392","chr16","55148673","55148968","34","15777576"
"chr11","39374775","39375027","chr3","4653498","4653751","32","34721277"
"chr11","39392792","39393081","chr5","169489657","169489946","36","130096865"
"chr11","39470184","39470471","chr16","42689947","42690240","36","3219763"
"chr11","39477817","39478118","chr11","41876332","41876633","10","2398515"
"chr11","39538878","39539184","chr11","41937619","41937928","10","2398741"
"chr11","39794871","39795177","chr10","62331135","62331441","34","22536264"
"chr11","39851739","39852036","chr11","42259631","42259928","3","2407892"
"chr11","40217016","40217320","chr11","42648816","42649114","8","2431800"
"chr11","40927276","40927534","chr11","43367935","43368193","5","2440659"
"chr11","41208372","41208667","chr11","43652889","43653184","10","2444517"
"chr11","41288001","41288300","chr3","156323805","156324104","33","115035804"
"chr11","41377599","41377907","chr9","94190632","94190943","43","52813033"
"chr11","41394149","41394440","chr11","43825632","43825918","8","2431483"
"chr11","41479944","41480240","chr11","43911463","43911760","10","2431519"
"chr11","41539624","41539931","chr11","43972560","43972862","7","2432936"
"chr11","41560174","41560461","chr11","43993068","43993357","3","2432894"
"chr11","41571094","41571373","chr3","31027003","31027282","37","10544091"
"chr11","41573129","41573421","chr11","44006188","44006478","4","2433059"
"chr11","41593304","41593601","chr2","104261923","104262217","43","62668619"
"chr11","41594540","41594825","chr1","209441209","209441496","31","167846669"
"chr11","41600654","41600950","chr11","44033349","44033650","27","2432695"
"chr11","41629454","41629734","chr11","44062082","44062361","4","2432628"
"chr11","41692975","41693268","chr11","44126653","44126948","5","2433678"
"chr11","42904888","42905186","chr11","45327733","45328031","2","2422845"
"chr11","42908521","42908819","chr3","154421512","154421804","36","111512991"
"chr11","42916845","42917114","chr11","45339705","45339974","8","2422860"
"chr11","42917693","42917996","chr11","45340553","45340853","20","2422860"
"chr11","42924902","42925193","chr11","45347736","45348026","3","2422834"
"chr11","42971088","42971388","chr20","16387064","16387364","34","26584024"
"chr11","43060485","43060786","chr11","45528748","45529051","13","2468263"
"chr11","43492484","43492797","chr11","45976495","45976804","9","2484011"
"chr11","43588428","43588722","chr11","46072045","46072335","10","2483617"
"chr11","43591056","43591358","chr11","46074685","46074983","9","2483629"
"chr11","43601899","43602205","chr11","46085238","46085544","11","2483339"
"chr11","43759994","43760301","chr11","46242965","46243273","8","2482971"
"chr11","43884466","43884770","chr11","94996337","94996634","36","51111871"
"chr11","43920277","43920578","chr1","139284674","139284976","46","95364397"
"chr11","44037095","44037346","chr7","109174017","109174270","40","65136922"
"chr11","44127138","44127430","chr11","46621279","46621574","7","2494141"
"chr11","44163897","44164191","chr11","46657662","46657952","6","2493765"
"chr11","44185203","44185476","chr11","103570642","103570917","46","59385439"
"chr11","44261725","44262000","chr11","46750610","46750885","5","2488885"
"chr11","44307051","44307334","chr11","46796170","46796462","14","2489119"
"chr11","44386517","44386793","chr11","46876372","46876648","1","2489855"
"chr11","44387545","44387810","chr13","38845993","38846258","41","5541552"
"chr11","44412054","44412311","chr11","46898612","46898851","19","2486558"
"chr11","44449036","44449379","chrX","123489772","123490109","69","79040736"
"chr11","44508467","44508786","chr11","46995474","46995751","44","2487007"
"chr11","44527081","44527374","chr11","47013605","47013898","5","2486524"
"chr11","44534687","44534902","chr11","47021430","47021653","14","2486743"
"chr11","44547751","44548041","chr5","56701456","56701750","35","12153705"
"chr11","44549733","44550037","chr5","63961588","63961888","36","19411855"
"chr11","44583355","44583653","chr11","47070476","47070776","9","2487121"
"chr11","44586549","44586833","chr11","47075027","47075312","5","2488478"
"chr11","44589636","44589937","chr11","47078302","47078598","9","2488666"
"chr11","44597119","44597419","chr11","47085689","47085987","7","2488570"
"chr11","44601667","44601972","chr11","47090413","47090718","3","2488746"
"chr11","44660416","44660720","chr19","33182549","33182857","35","11477867"
"chr11","44681591","44681890","chr11","47169267","47169573","12","2487676"
"chr11","44704934","44705164","chr7","84143993","84144219","30","39439059"
"chr11","44786885","44787171","chr11","47279818","47280103","5","2492933"
"chr11","44787174","44787462","chr7","113114993","113115282","38","68327819"
"chr11","44796890","44797186","chr11","47289836","47290134","14","2492946"
"chr11","44876889","44877065","chr11","47369179","47369355","4","2492290"
"chr11","44904235","44904543","chr11","47396369","47396677","5","2492134"
"chr11","44941714","44941998","chrX","109008325","109008611","36","64066611"
"chr11","44951126","44951428","chr2","149190520","149190816","40","104239394"
"chr11","44953227","44953519","chr11","47445381","47445673","7","2492154"
"chr11","44972988","44973300","chr11","47461599","47461911","4","2488611"
"chr11","45029950","45030254","chr11","47516679","47516983","6","2486729"
"chr11","45047625","45047934","chr16","61253797","61254104","35","16206172"
"chr11","45080010","45080317","chr1","188982583","188982888","36","143902573"
"chr11","45081391","45081699","chr1","188982583","188982888","40","143901192"
"chr11","45106085","45106376","chr8","67664892","67665187","32","22558807"
"chr11","45110495","45110772","chr1","184555716","184555984","38","139445221"
"chr11","45114341","45114653","chr14","10833921","10834233","7","34280420"
"chr11","45118051","45118328","chr14","10830233","10830510","5","34287818"
"chr11","45222430","45222712","chr11","47684129","47684411","2","2461699"
"chr11","45228469","45228771","chr11","47690459","47690761","4","2461990"
"chr11","45239222","45239525","chr18","7419416","7419717","39","37819806"
"chr11","45251475","45251765","chr11","47711491","47711792","18","2460016"
"chr11","45278073","45278370","chr11","47739199","47739497","4","2461126"
"chr11","45310596","45310888","chr11","47772443","47772727","23","2461847"
"chr11","45324430","45324727","chr11","47786590","47786887","6","2462160"
"chr11","45348732","45349022","chr11","47814577","47814867","4","2465845"
"chr11","45365130","45365439","chr11","47829635","47829943","12","2464505"
"chr11","45386364","45386659","chr11","47849800","47850097","7","2463436"
"chr11","45418280","45418585","chr11","47885144","47885449","9","2466864"
"chr11","45503084","45503376","chr11","47974139","47974433","7","2471055"
"chr11","45536087","45536330","chr11","48005914","48006167","14","2469827"
"chr11","45543113","45543402","chr11","48013617","48013907","7","2470504"
"chr11","45561580","45561887","chr19","12775179","12775488","34","32786401"
"chr11","45572347","45572639","chr11","48042437","48042726","23","2470090"
"chr11","45585683","45585976","chr11","48054971","48055268","7","2469288"
"chr11","45590019","45590302","chr11","48058779","48059061","2","2468760"
"chr11","45636110","45636409","chr11","48106062","48106369","12","2469952"
"chr11","45723871","45724156","chr11","48194730","48195014","19","2470859"
"chr11","45837306","45837586","chr11","48312505","48312785","4","2475199"
"chr11","45841605","45841881","chr13","38845993","38846258","43","6995612"
"chr11","45859044","45859353","chr11","48332275","48332582","7","2473231"
"chr11","45903762","45904055","chr3","154421512","154421804","32","108517750"
"chr11","45919614","45919890","chr7","43483421","43483696","29","2436193"
"chr11","45947400","45947701","chr11","48419708","48420007","5","2472308"
"chr11","45960930","45961220","chr6","70690018","70690312","39","24729088"
"chr11","45983906","45984181","chr13","32679562","32679850","43","13304344"
"chr11","45992996","45993285","chr11","48469118","48469411","13","2476122"
"chr11","45993602","45993897","chr11","48469724","48470018","7","2476122"
"chr11","46000506","46000800","chr11","48476469","48476769","8","2475963"
"chr11","46053730","46054045","chr11","48529880","48530195","7","2476150"
"chr11","46055431","46055740","chr11","48532072","48532381","8","2476641"
"chr11","46097261","46097554","chrX","9505457","9505749","35","36591804"
"chr11","46125480","46125742","chr11","48599713","48599975","7","2474233"
"chr11","46128383","46128652","chr20","71234066","71234345","19","25105683"
"chr11","46130614","46130893","chr11","48604530","48604811","4","2473916"
"chr11","46134059","46134343","chr15","11408699","11408968","51","34725360"
"chr11","46149237","46149523","chr1","20786135","20786425","39","25363102"
"chr11","46154127","46154418","chr11","48629137","48629428","4","2475010"
"chr11","46191299","46191608","chr11","48668304","48668613","7","2477005"
"chr11","46199472","46199808","chr14","5432862","5433174","91","40766610"
"chr11","46199836","46200152","chr17","80853644","80853952","42","34653808"
"chr11","46201670","46201994","chr11","48680566","48680868","30","2478896"
"chr11","46208221","46208537","chr11","48690054","48690370","2","2481833"
"chr11","46231217","46231511","chr3","178720612","178720906","31","132489395"
"chr11","46233207","46233512","chr11","48715563","48715870","21","2482356"
"chr11","46239252","46239564","chr11","48722580","48722883","15","2483328"
"chr11","46239679","46239962","chr11","48722999","48723286","9","2483320"
"chr11","46266572","46266816","chr11","48749767","48750007","9","2483195"
"chr11","46289049","46289354","chr11","48772989","48773292","4","2483940"
"chr11","46290406","46290702","chr11","48774346","48774642","9","2483940"
"chr11","46294877","46295176","chr11","48778498","48778797","4","2483621"
"chr11","46334398","46334686","chr11","48818462","48818752","8","2484064"
"chr11","46339654","46339946","chr11","48823435","48823727","5","2483781"
"chr11","46378828","46379123","chr11","48862882","48863176","7","2484054"
"chr11","46414556","46414855","chr11","48895887","48896185","5","2481331"
"chr11","46482505","46482791","chr11","48971659","48971945","4","2489154"
"chr11","46620226","46620520","chr11","49116968","49117247","23","2496742"
"chr11","46628286","46628588","chr3","2907703","2908000","41","43720583"
"chr11","46672939","46673232","chr5","56701456","56701750","38","10028517"
"chr11","46720317","46720611","chr11","49217326","49217627","13","2497009"
"chr11","46732239","46732525","chr11","49229003","49229292","7","2496764"
"chr11","46777580","46777883","chr11","49276549","49276857","9","2498969"
"chr11","46791875","46792164","chr11","49292741","49293032","3","2500866"
"chr11","46810929","46811213","chr11","49312708","49312992","1","2501779"
"chr11","46820215","46820519","chr11","49322212","49322513","11","2501997"
"chr11","46825161","46825453","chr11","49327173","49327465","5","2502012"
"chr11","46840160","46840457","chr11","49342544","49342841","5","2502384"
"chr11","46859867","46860145","chr11","49363971","49364258","12","2504104"
"chr11","46862395","46862693","chr11","49366214","49366502","26","2503819"
"chr11","46867209","46867502","chr2","93656035","93656329","31","46788826"
"chr11","46905072","46905360","chr16","60290027","60290317","36","13384955"
"chr11","46925049","46925339","chr11","46915203","46915497","31","9846"
"chr11","46956944","46957198","chr11","49462437","49462678","22","2505493"
"chr11","46963505","46963813","chr11","49468648","49468954","10","2505143"
"chr11","46997235","46997532","chr6","140690923","140691214","42","93693688"
"chr11","47017948","47018234","chr11","49543729","49544016","8","2525781"
"chr11","47020565","47020683","chr5","23838738","23838855","23","23181827"
"chr11","47021199","47021385","chr16","49948504","49948698","33","2927305"
"chr11","47052554","47052862","chr14","115155042","115155351","37","68102488"
"chr11","47058177","47058476","chr11","49583718","49584019","9","2525541"
"chr11","47070792","47071090","chr3","43892554","43892846","41","3178238"
"chr11","47078510","47078801","chr11","49603961","49604255","8","2525451"
"chr11","47083505","47083825","chr11","49607995","49608313","10","2524490"
"chr11","47090606","47090712","chr11","49615576","49615684","3","2524970"
"chr11","47091029","47091238","chr11","49616005","49616214","2","2524976"
"chr11","47094017","47094323","chr11","49618980","49619251","39","2524963"
"chr11","47104230","47104540","chr11","49629509","49629819","4","2525279"
"chr11","47134347","47134650","chr11","49659372","49659680","7","2525025"
"chr11","47152013","47152317","chr13","33733969","33734275","32","13418044"
"chr11","47215153","47215462","chr11","49740155","49740455","16","2525002"
"chr11","47300051","47300355","chrX","104642329","104642628","30","57342278"
"chr11","47333953","47334236","chr11","49859030","49859338","28","2525077"
"chr11","47357408","47357705","chr19","14933398","14933690","41","32424010"
"chr11","47445321","47445628","chr11","49971163","49971471","10","2525842"
"chr11","47459291","47459573","chr14","26014421","26014707","38","21444870"
"chr11","47482004","47482296","chr11","50008037","50008327","9","2526033"
"chr11","47631547","47631835","chr11","50157352","50157658","22","2525805"
"chr11","47651659","47651953","chr11","50177293","50177597","16","2525634"
"chr11","47731250","47731540","chr11","50258904","50259195","4","2527654"
"chr11","47812425","47812714","chr1","8038697","8038989","31","39773728"
"chr11","47861798","47862075","chr11","50767156","50767432","6","2905358"
"chr11","48013596","48013888","chr11","50921710","50922002","6","2908114"
"chr11","48029266","48029575","chr9","118850452","118850760","38","70821186"
"chr11","48199398","48199706","chr16","69787138","69787447","36","21587740"
"chr11","48204814","48205090","chr11","51112076","51112352","5","2907262"
"chr11","48250197","48250501","chr11","51155616","51155925","8","2905419"
"chr11","48481964","48482181","chrX","113736345","113736565","29","65254381"
"chr11","48512257","48512574","chr9","94190632","94190943","32","45678375"
"chr11","48589992","48590293","chr11","51508556","51508857","7","2918564"
"chr11","48593530","48593816","chr11","51512272","51512565","13","2918742"
"chr11","48611364","48611656","chr19","35833541","35833836","33","12777823"
"chr11","48619082","48619371","chr11","51537130","51537421","4","2918048"
"chr11","48626644","48626911","chr11","51545316","51545583","4","2918672"
"chr11","48634187","48634468","chr11","51553482","51553771","12","2919295"
"chr11","48660084","48660381","chr6","137303080","137303373","37","88642996"
"chr11","48661539","48661847","chr11","51580925","51581228","8","2919386"
"chr11","48679347","48679643","chr11","51599161","51599460","11","2919814"
"chr11","48684231","48684536","chr11","51603006","51603309","8","2918775"
"chr11","48691317","48691616","chr11","51609800","51610097","4","2918483"
"chr11","48696744","48697043","chr11","51615290","51615589","6","2918546"
"chr11","48707147","48707443","chr3","178720612","178720906","39","130013465"
"chr11","48718632","48718934","chr11","51625665","51625945","26","2907033"
"chr11","48718945","48719257","chr11","51625956","51626269","7","2907011"
"chr11","48731609","48731894","chr11","51630486","51630743","31","2898877"
"chr11","48738330","48738637","chr11","51638436","51638732","13","2900106"
"chr11","48816896","48817197","chr11","51716961","51717258","11","2900065"
"chr11","48824684","48824992","chr11","51724746","51725048","9","2900062"
"chr11","48856689","48856963","chr11","51757050","51757331","21","2900361"
"chr11","48856994","48857275","chr11","51757050","51757331","4","2900056"
"chr11","48969758","48970052","chr2","172433297","172433591","33","123463539"
"chr11","48977601","48977903","chr11","51881204","51881507","4","2903603"
"chr11","48994771","48995056","chr6","78781426","78781713","31","29786655"
"chr11","49029846","49030146","chr1","211274038","211274336","38","162244192"
"chr11","49052341","49052643","chr11","51954690","51954993","6","2902349"
"chr11","49118727","49118817","chr14","386361","386453","13","48732366"
"chr11","49119183","49119399","chr19","49472092","49472319","38","352909"
"chr11","49127681","49127963","chr11","52032615","52032908","15","2904934"
"chr11","49129742","49130034","chr11","52032615","52032908","6","2902873"
"chr11","49131857","49132149","chr14","94873450","94873747","32","45741593"
"chr11","49132444","49132738","chr2","40628061","40628359","35","8504383"
"chr11","49172023","49172235","chr9","54584502","54584722","36","5412479"
"chr11","49175364","49175656","chr11","52079146","52079439","5","2903782"
"chr11","49178534","49178831","chr11","52082697","52083009","19","2904163"
"chr11","49185648","49185869","chr11","52090532","52090758","8","2904884"
"chr11","49197921","49198201","chr11","52103586","52103856","35","2905665"
"chr11","49212448","49212744","chr11","52117778","52118076","6","2905330"
"chr11","49269324","49269628","chr11","52179209","52179501","14","2909885"
"chr11","49280518","49280821","chr11","52191200","52191507","6","2910682"
"chr11","49282559","49282858","chr2","109964204","109964501","36","60681645"
"chr11","49290592","49290895","chr11","52201040","52201343","0","2910448"
"chr11","49309535","49309826","chr11","52219558","52219849","2","2910023"
"chr11","49313023","49313327","chr7","6595521","6595820","43","42717502"
"chr11","49322433","49322736","chr11","52232632","52232932","11","2910199"
"chr11","49409062","49409350","chr11","52318379","52318663","8","2909317"
"chr11","49420793","49421085","chr11","52330704","52330992","7","2909911"
"chr11","49440996","49441297","chr11","52351217","52351518","8","2910221"
"chr11","49457171","49457452","chr11","52366545","52366834","15","2909374"
"chr11","49491997","49492307","chr11","52401581","52401872","22","2909584"
"chr11","49945602","49945896","chr11","52859627","52859923","8","2914025"
"chr11","49946411","49946696","chr11","52860434","52860729","16","2914023"
"chr11","49948081","49948387","chr11","52862376","52862682","1","2914295"
"chr11","49966378","49966666","chr11","52880952","52881244","12","2914574"
"chr11","50008963","50009254","chr11","52917516","52917807","12","2908553"
"chr11","50013439","50013721","chr11","52921828","52922110","6","2908389"
"chr11","50036690","50036984","chr11","52942644","52942934","10","2905954"
"chr11","50105775","50106083","chr11","53029903","53030184","29","2924128"
"chr11","50195806","50196105","chr11","53122691","53122983","10","2926885"
"chr11","50232399","50232707","chr1","12281473","12281782","38","37950926"
"chr11","50244747","50245040","chr11","53172191","53172484","2","2927444"
"chr11","50259522","50259795","chr11","53186923","53187196","7","2927401"
"chr11","50311609","50311908","chr7","43414688","43414994","39","6896921"
"chr11","50485768","50486062","chr11","53413220","53413529","28","2927452"
"chr11","50820337","50820634","chr11","53790666","53790961","6","2970329"
"chr11","50827848","50828144","chrUn_NW_014808549v1","353","651","8","50827495"
"chr11","51287606","51287914","chr11","54441375","54441684","7","3153769"
"chr11","51294859","51295156","chr11","54448627","54448918","10","3153768"
"chr11","51308619","51308916","chr11","54465245","54465547","10","3156626"
"chr11","51333613","51333916","chr11","54489804","54490105","5","3156191"
"chr11","51384532","51384832","chr11","104195420","104195722","41","52810888"
"chr11","51390817","51391104","chr11","54549746","54550039","11","3158929"
"chr11","51494111","51494404","chr11","54651905","54652199","4","3157794"
"chr11","51537145","51537434","chr20","62596312","62596600","34","11059167"
"chr11","51557601","51557829","chr11","54714808","54715037","5","3157207"
"chr11","51568702","51569009","chr11","54725630","54725937","28","3156928"
"chr11","51617725","51618028","chr11","54775778","54776080","11","3158053"
"chr11","51620663","51620959","chr11","54778546","54778842","3","3157883"
"chr11","51622793","51623082","chr2","175305470","175305757","27","123682677"
"chr11","51629705","51630014","chr11","54786938","54787245","11","3157233"
"chr11","51652252","51652546","chr11","54809179","54809477","7","3156927"
"chr11","51709259","51709557","chr11","54871284","54871591","12","3162025"
"chr11","51753251","51753543","chr14","56823261","56823557","34","5070010"
"chr11","51797853","51798148","chr7","107597264","107597554","40","55799411"
"chr11","51832002","51832302","chr11","54999278","54999575","18","3167276"
"chr11","51874834","51875118","chr9","103285407","103285693","39","51410573"
"chr11","51936542","51936838","chr14","107621142","107621438","31","55684600"
"chr11","51960906","51961185","chrX","44645951","44646246","46","7314955"
"chr11","51978350","51978637","chr11","55172693","55172983","6","3194343"
"chr11","51988974","51989282","chr11","55183196","55183482","29","3194222"
"chr11","52046837","52047128","chr11","55238506","55238805","12","3191669"
"chr11","52051654","52051971","chr11","55242913","55243230","18","3191259"
"chr11","52089152","52089431","chr11","55280272","55280566","18","3191120"
"chr11","52097058","52097361","chr1","63216852","63217153","40","11119794"
"chr11","52098241","52098533","chr11","55289054","55289346","3","3190813"
"chr11","52115143","52115430","chr11","55306152","55306440","2","3191009"
"chr11","52139761","52140003","chr16","12815096","12815338","32","39324665"
"chr11","52237365","52237612","chr10","36913776","36914027","35","15323589"
"chr11","52238769","52239049","chr11","55432563","55432840","5","3193794"
"chr11","52250163","52250465","chr11","55444207","55444505","13","3194044"
"chr11","52250790","52251081","chr11","55444506","55444784","18","3193716"
"chr11","52266966","52267252","chr6","140690923","140691214","41","88423957"
"chr11","52278958","52279243","chr18","10213344","10213630","39","42065614"
"chr11","52284512","52284743","chr11","55477571","55477802","4","3193059"
"chr11","52290097","52290391","chr1","31482751","31483040","39","20807346"
"chr11","52348255","52348542","chr11","55531186","55531469","8","3182931"
"chr11","52393004","52393305","chr1","151906853","151907152","39","99513849"
"chr11","52415808","52416114","chr11","55604953","55605259","2","3189145"
"chr11","52582460","52582738","chr11","55794451","55794726","3","3211991"
"chr11","52656911","52657202","chr11","7312676","7312973","33","45344235"
"chr11","52815386","52815677","chr11","56032371","56032664","6","3216985"
"chr11","52821463","52821771","chr8","53705316","53705625","36","883853"
"chr11","52833010","52833260","chr11","56050664","56050914","6","3217654"
"chr11","52835926","52836216","chr11","56053898","56054206","20","3217972"
"chr11","52846073","52846373","chr1","93720553","93720849","32","40874480"
"chr11","52891268","52891565","chr11","56110435","56110731","4","3219167"
"chr11","52909891","52910189","chr11","56128185","56128478","11","3218294"
"chr11","52975932","52976260","chr11","56193949","56194276","8","3218017"
"chr11","52977344","52977625","chr11","56195348","56195632","6","3218004"
"chr11","53008028","53008335","chr11","56225191","56225488","18","3217163"
"chr11","53010072","53010386","chr1","188982583","188982888","44","135972511"
"chr11","53069481","53069780","chr11","56288789","56289063","34","3219308"
"chr11","53129828","53130136","chr11","56349452","56349761","9","3219624"
"chr11","53141871","53142169","chr11","56362008","56362308","8","3220137"
"chr11","53229101","53229402","chr11","56449332","56449633","5","3220231"
"chr11","53341554","53341858","chr11","56563472","56563780","18","3221918"
"chr11","53381485","53381786","chr10","62331135","62331441","31","8949650"
"chr11","53389868","53390169","chr1","216546205","216546506","40","163156337"
"chr11","53396395","53396691","chr11","56618184","56618480","3","3221789"
"chr11","53461359","53461659","chr13","29700509","29700811","41","23760850"
"chr11","53714333","53714636","chr11","56949101","56949409","13","3234768"
"chr11","54297799","54298101","chr8","63724629","63724930","42","9426830"
"chr11","54308434","54308742","chr11","57590460","57590757","14","3282026"
"chr11","54493524","54493814","chr11","57781366","57781660","13","3287842"
"chr11","54606066","54606360","chr11","57892617","57892908","18","3286551"
"chr11","54942467","54942729","chr4","117420368","117420632","52","62477901"
"chr11","55207998","55208312","chr11","58507966","58508278","10","3299968"
"chr11","55865223","55865521","chr11","59187424","59187724","4","3322201"
"chr11","56016003","56016150","chr20","20826965","20827111","20","35189038"
"chr11","56095461","56095753","chrX","105676912","105677194","51","49581451"
"chr11","56313917","56314217","chr11","59658802","59659104","12","3344885"
"chr11","56623696","56624003","chr11","60012421","60012734","13","3388725"
"chr11","56639968","56640268","chr11","60023063","60023362","14","3383095"
"chr11","57664246","57664489","chr16","54181903","54182140","32","3482343"
"chr11","57938104","57938395","chr11","61250424","61250730","16","3312320"
"chr11","58056987","58057277","chr11","61371265","61371556","9","3314278"
"chr11","58065539","58065838","chr11","61380057","61380359","9","3314518"
"chr11","58081123","58081455","chr11","61395182","61395515","26","3314059"
"chr11","58139564","58139872","chr11","61453955","61454255","20","3314391"
"chr11","58217050","58217355","chr9","4990250","4990553","32","53226800"
"chr11","58276312","58276580","chr4","22090341","22090606","33","36185971"
"chr11","58387684","58388009","chr11","61703072","61703393","14","3315388"
"chr11","58581398","58581699","chr11","61897125","61897428","6","3315727"
"chr11","58585254","58585554","chrX","53853476","53853770","39","4731778"
"chr11","58621651","58621953","chr11","61936917","61937220","5","3315266"
"chr11","58751892","58752183","chr11","62069338","62069629","13","3317446"
"chr11","59201073","59201375","chr11","62526022","62526324","4","3324949"
"chr11","59250754","59251053","chr11","62577077","62577371","12","3326323"
"chr11","59284595","59284897","chr11","62610991","62611296","10","3326396"
"chr11","59337863","59338152","chr1","92863912","92864206","43","33526049"
"chr11","59338419","59338717","chr11","62664792","62665094","7","3326373"
"chr11","59351228","59351509","chr11","62678433","62678714","7","3327205"
"chr11","59499747","59500000","chr1","141636620","141636865","34","82136873"
"chr11","59596353","59596630","chr11","62913066","62913360","22","3316713"
"chr11","59703833","59704140","chr2","44265847","44266154","44","15437986"
"chr11","59708251","59708559","chr11","63031559","63031864","7","3323308"
"chr11","59759618","59759927","chr11","63086110","63086423","11","3326492"
"chr11","59776555","59776844","chr11","63103348","63103637","5","3326793"
"chr11","59779158","59779459","chr11","63105919","63106220","7","3326761"
"chr11","59787120","59787402","chr11","63114755","63115037","3","3327635"
"chr11","59807904","59808208","chr6","837021","837324","34","58970883"
"chr11","59825116","59825392","chr11","63154445","63154751","32","3329329"
"chr11","59835710","59836008","chr11","63165281","63165576","12","3329571"
"chr11","59893211","59893504","chr11","63222348","63222645","7","3329137"
"chr11","59977669","59977999","chr11","63308447","63308751","26","3330778"
"chr11","59994425","59994559","chr11","63325580","63325714","1","3331155"
"chr11","60021211","60021517","chr11","63352090","63352396","1","3330879"
"chr11","60026003","60026294","chr11","63356505","63356799","14","3330502"
"chr11","60045567","60045849","chr11","63368128","63368412","7","3322561"
"chr11","60046870","60047175","chr11","63371470","63371775","7","3324600"
"chr11","60103284","60103558","chr11","63427969","63428243","1","3324685"
"chr11","60122968","60123269","chr2","138093864","138094162","35","77970896"
"chr11","60135155","60135456","chr12","58244221","58244523","28","1890934"
"chr11","60179582","60179878","chr5","16124720","16125017","39","44054862"
"chr11","60259969","60260239","chr11","63584369","63584642","4","3324400"
"chr11","60291595","60291886","chr11","63617222","63617520","11","3325627"
"chr11","60307523","60307763","chr14","45283338","45283579","29","15024185"
"chr11","60421266","60421562","chr11","63754755","63755058","13","3333489"
"chr11","60488605","60488907","chr11","63822029","63822329","7","3333424"
"chr11","60560670","60560972","chr11","63893885","63894190","5","3333215"
"chr11","61130578","61130854","chrX","123492650","123492923","35","62362072"
"chr11","61144750","61145059","chr11","64481231","64481542","9","3336481"
"chr11","61146593","61146896","chr11","64483075","64483375","11","3336482"
"chr11","61193684","61193987","chr9","43570272","43570576","40","17623412"
"chr11","61349009","61349309","chr11","64686571","64686871","8","3337562"
"chr11","61500116","61500422","chr11","64845191","64845493","9","3345075"
"chr11","61655513","61655769","chr11","65000125","65000381","11","3344612"
"chr11","61743480","61743771","chr7","162663932","162664225","39","100920452"
"chr11","61782268","61782586","chr11","65129479","65129799","7","3347211"
"chr11","61795742","61796051","chr11","65143909","65144218","8","3348167"
"chr11","61812255","61812555","chr11","65158563","65158865","10","3346308"
"chr11","61992360","61992666","chr11","65339098","65339376","34","3346738"
"chr11","62146191","62146481","chr11","65493127","65493415","12","3346936"
"chr11","62217828","62218133","chr20","578611","578919","47","61639217"
"chr11","62500862","62501162","chr11","65840922","65841223","4","3340060"
"chr11","62664716","62665004","chr11","66007329","66007618","5","3342613"
"chr11","62744164","62744466","chr10","70091406","70091709","37","7347242"
"chr11","62815269","62815527","chr3","4653498","4653751","42","58161771"
"chr11","62841613","62841909","chr11","66184475","66184771","3","3342862"
"chr11","62961723","62962032","chr4","157336957","157337266","38","94375234"
"chr11","63077638","63077941","chr11","66423011","66423307","17","3345373"
"chr11","63138292","63138575","chr16","73148116","73148396","45","10009824"
"chr11","63266935","63267218","chr11","66624714","66624997","2","3357779"
"chr11","63676408","63676696","chr4","115011810","115012097","32","51335402"
"chr11","63683225","63683505","chr16","62065069","62065362","39","1618156"
"chr11","63724940","63725214","chr14","49859467","49859739","45","13865473"
"chr11","63725384","63725670","chr11","67082541","67082827","9","3357157"
"chr11","63778619","63778919","chr11","67138738","67139039","18","3360119"
"chr11","63805820","63806123","chr11","67165715","67166019","7","3359895"
"chr11","63911984","63912271","chr11","67270005","67270296","13","3358021"
"chr11","63981016","63981309","chr11","67339290","67339593","18","3358274"
"chr11","64021812","64022106","chr4","54157080","54157372","34","9864732"
"chr11","64072905","64073207","chr3","2907703","2908000","39","61165202"
"chr11","64100208","64100504","chr5","27230831","27231129","38","36869377"
"chr11","64118007","64118310","chr3","52705300","52705602","36","11412707"
"chr11","64122875","64123173","chr11","67462080","67462378","4","3339205"
"chr11","64136445","64136737","chr11","67475620","67475901","14","3339175"
"chr11","64207019","64207296","chr9","75840045","75840324","48","11633026"
"chr11","64212554","64212847","chr7","84232357","84232652","41","20019803"
"chr11","64230197","64230492","chr11","67569586","67569881","7","3339389"
"chr11","64253523","64253808","chr11","67592873","67593169","13","3339350"
"chr11","64322997","64323288","chr11","67662694","67663006","25","3339697"
"chr11","64330915","64331212","chr7","133462935","133463240","45","69132020"
"chr11","64542421","64542719","chr11","67891632","67891931","4","3349211"
"chr11","64588043","64588335","chr11","67937710","67938002","4","3349667"
"chr11","64637322","64637624","chr11","67986819","67987121","5","3349497"
"chr11","64657647","64657951","chr11","68007138","68007439","17","3349491"
"chr11","64731937","64732234","chr3","42754855","42755153","34","21977082"
"chr11","64894588","64894883","chr11","68249628","68249924","5","3355040"
"chr11","64999403","64999695","chr11","68352446","68352733","10","3353043"
"chr11","65002223","65002513","chr7","27042398","27042682","34","37959825"
"chr11","65107895","65108187","chr3","43892554","43892846","40","21215341"
"chr11","65185081","65185383","chr11","68539339","68539643","23","3354258"
"chr11","65252080","65252393","chr2","56247431","56247740","36","9004649"
"chr11","65256214","65256518","chr11","68646819","68647117","20","3390605"
"chr11","65368127","65368418","chr11","68758419","68758714","10","3390292"
"chr11","65471768","65472061","chr11","34016163","34016458","32","31455605"
"chr11","65505164","65505309","chr11","68896085","68896232","12","3390921"
"chr11","65519742","65520055","chr11","68910986","68911299","8","3391244"
"chr11","65555595","65555898","chr11","68941831","68942137","5","3386236"
"chr11","65646947","65647256","chr11","69032441","69032713","42","3385494"
"chr11","65774737","65775027","chr11","69162054","69162343","3","3387317"
"chr11","65799274","65799576","chrX","14778580","14778885","29","51020694"
"chr11","65960210","65960514","chr11","69356340","69356648","11","3396130"
"chr11","66096597","66096873","chr11","69495877","69496154","3","3399280"
"chr11","66176873","66177172","chr11","69573931","69574232","15","3397058"
"chr11","66290300","66290609","chr11","69686469","69686778","5","3396169"
"chr11","66727353","66727629","chr11","70118159","70118439","14","3390806"
"chr11","66971369","66971617","chr11","70360997","70361245","2","3389628"
"chr11","67123411","67123719","chr11","70514394","70514702","6","3390983"
"chr11","67205618","67205913","chr11","55279372","55279671","33","11926246"
"chr11","67241323","67241616","chr4","46498853","46499150","50","20742470"
"chr11","67268128","67268422","chr11","70659008","70659302","7","3390880"
"chr11","67272742","67273050","chr11","70663609","70663913","16","3390867"
"chr11","67285388","67285673","chr11","70676250","70676535","5","3390862"
"chr11","67417987","67418290","chr5","104191246","104191551","40","36773259"
"chr11","67925637","67925929","chr11","71354236","71354528","24","3428599"
"chr11","67983130","67983436","chr11","71415569","71415862","17","3432439"
"chr11","68261534","68261845","chr11","71690728","71691032","18","3429194"
"chr11","68361407","68361689","chr11","71792872","71793152","10","3431465"
"chr11","68401987","68402289","chr11","71833950","71834256","22","3431963"
"chr11","68554216","68554524","chr1","44004494","44004799","38","24549722"
"chr11","68625463","68625771","chr11","72109343","72109645","10","3483880"
"chr11","68804518","68804796","chr12","9398282","9398558","42","59406236"
"chr11","68889298","68889589","chr4","32726560","32726854","39","36162738"
"chr11","69294206","69294501","chr11","72782522","72782815","11","3488316"
"chr11","69456618","69456915","chr11","72956021","72956322","8","3499403"
"chr11","69757868","69758191","chr11","73258659","73258960","24","3500791"
"chr11","69825892","69826192","chr11","73327410","73327709","12","3501518"
"chr11","69887404","69887711","chr1","18691163","18691467","63","51196241"
"chr11","70045056","70045364","chr11","73595192","73595500","7","3550136"
"chr11","70050472","70050623","chr11","73600642","73600793","4","3550170"
"chr11","70053892","70054199","chr11","73604041","73604347","9","3550149"
"chr11","70219336","70219636","chr11","73747182","73747478","10","3527846"
"chr11","70483934","70484232","chr11","73934292","73934590","10","3450358"
"chr11","70701383","70701691","chr5","104191246","104191551","38","33489863"
"chr11","70760294","70760566","chr11","74210850","74211105","20","3450556"
"chr11","70967168","70967444","chr11","74436813","74437091","6","3469645"
"chr11","71131189","71131511","chr14","813193","813502","48","70317996"
"chr11","71163947","71164250","chr11","74640934","74641237","11","3476987"
"chr11","71243207","71243504","chr11","74719543","74719842","10","3476336"
"chr11","71267851","71268134","chr7","158767448","158767728","51","87499597"
"chr11","71339741","71340036","chr3","154871201","154871498","37","83531460"
"chr11","71501879","71502150","chr11","74978701","74979004","35","3476822"
"chr11","71502790","71503082","chr11","74979612","74979904","3","3476822"
"chr11","71507461","71507779","chr11","74984446","74984763","2","3476985"
"chr11","71512509","71512806","chr11","74989452","74989759","16","3476943"
"chr11","71588522","71588828","chr10","62331135","62331441","33","9257387"
"chr11","71714266","71714562","chr11","75192017","75192311","11","3477751"
"chr11","71835239","71835409","chr1","53541056","53541226","23","18294183"
"chr11","71932866","71933165","chr11","75402332","75402635","11","3469466"
"chr11","72014944","72015253","chr5","16888355","16888663","43","55126589"
"chr11","72025549","72025839","chr11","75510122","75510415","6","3484573"
"chr11","72058514","72058818","chr1","132839297","132839602","43","60780783"
"chr11","72062059","72062352","chr11","75546940","75547233","3","3484881"
"chr11","72100869","72101171","chr11","75586056","75586353","14","3485187"
"chr11","72136728","72137030","chr11","75620077","75620375","8","3483349"
"chr11","72164425","72164732","chr11","75647466","75647763","19","3483041"
"chr11","72204021","72204329","chr11","75686093","75686399","10","3482072"
"chr11","72245671","72245961","chr11","75728553","75728835","24","3482882"
"chr11","72337221","72337516","chr11","75821080","75821375","6","3483859"
"chr11","72418343","72418631","chrX","35777786","35778074","36","36640557"
"chr11","72746243","72746556","chr11","76232060","76232372","14","3485817"
"chr11","73037038","73037333","chr16","19825334","19825629","47","53211704"
"chr11","73382871","73383160","chr11","76880257","76880539","13","3497386"
"chr11","73420191","73420493","chr11","76917565","76917867","3","3497374"
"chr11","73606436","73606740","chr11","77102238","77102539","15","3495802"
"chr11","73622407","73622715","chr11","77118518","77118826","9","3496111"
"chr11","73754458","73754657","chr11","77248990","77249189","2","3494532"
"chr11","73907183","73907333","chr3","84545848","84545992","29","10638665"
"chr11","73907454","73907569","chr19","5401378","5401502","43","68506076"
"chr11","74043798","74044108","chr11","77548609","77548919","3","3504811"
"chr11","74073748","74074019","chr8","95118680","95118939","57","21044932"
"chr11","74266184","74266490","chr11","77765033","77765341","7","3498849"
"chr11","74321641","74321926","chr11","77819778","77820063","10","3498137"
"chr11","74547815","74548104","chr11","78051581","78051870","5","3503766"
"chr11","74852496","74852805","chr11","78357929","78358237","5","3505433"
"chr11","74886424","74886718","chr11","78392662","78392952","7","3506238"
"chr11","74898359","74898662","chr11","78402130","78402443","18","3503771"
"chr11","74921448","74921711","chr11","78426200","78426463","5","3504752"
"chr11","74962006","74962293","chr11","78459421","78459711","5","3497415"
"chr11","75044017","75044316","chr11","78540742","78541044","6","3496725"
"chr11","75075387","75075673","chr11","78572048","78572334","2","3496661"
"chr11","75086307","75086617","chr15","80108695","80109003","42","5022388"
"chr11","75198494","75198796","chr11","78692031","78692335","8","3493537"
"chr11","75226756","75227055","chr11","78720627","78720937","20","3493871"
"chr11","75265151","75265442","chr11","78759414","78759706","7","3494263"
"chr11","75285341","75285636","chr11","78780275","78780573","8","3494934"
"chr11","75300375","75300663","chr11","78796172","78796460","2","3495797"
"chr11","75550652","75550924","chr11","79057628","79057902","3","3506976"
"chr11","75555198","75555470","chr11","79062492","79062765","3","3507294"
"chr11","75901884","75902158","chr11","79413247","79413523","8","3511363"
"chr11","75906570","75906852","chr11","79417713","79417995","8","3511143"
"chr11","76129676","76129963","chr16","42689947","42690240","27","33439729"
"chr11","76503157","76503461","chr3","16359605","16359908","38","60143552"
"chr11","76547982","76548293","chr1","27842122","27842432","44","48705860"
"chr11","76692946","76693212","chr11","80255212","80255481","10","3562266"
"chr11","76781410","76781703","chr11","80339903","80340206","24","3558493"
"chr11","76847892","76848180","chr11","80407659","80407975","31","3559767"
"chr11","77228013","77228322","chr3","16359605","16359908","39","60868408"
"chr11","77341854","77342129","chr11","80901704","80901999","28","3559850"
"chr11","77514581","77514875","chr11","81124774","81125075","8","3610193"
"chr11","78030308","78030574","chr11","81654371","81654639","7","3624063"
"chr11","78105168","78105471","chr11","81728338","81728646","11","3623170"
"chr11","78115673","78115972","chr11","81743729","81744026","8","3628056"
"chr11","78118175","78118465","chr11","81746249","81746539","3","3628074"
"chr11","78207430","78207727","chr11","81834230","81834527","8","3626800"
"chr11","78229373","78229675","chr11","81856051","81856360","9","3626678"
"chr11","78235400","78235700","chr3","154543845","154544151","40","76308445"
"chr11","78246809","78247079","chr9","93084905","93085175","38","14838096"
"chr11","78264658","78264940","chr2","170122863","170123143","32","91858205"
"chr11","78392971","78393275","chr11","82033051","82033356","11","3640080"
"chr11","78578529","78578807","chr11","82223025","82223304","16","3644496"
"chr11","78586719","78586993","chr11","82231239","82231520","15","3644520"
"chr11","78875026","78875307","chr11","82556425","82556704","7","3681399"
"chr11","78949078","78949386","chr11","82631440","82631736","19","3682362"
"chr11","78953035","78953327","chr11","82635368","82635661","5","3682333"
"chr11","79231589","79231875","chr1","25636423","25636725","45","53595166"
"chr11","79507932","79508236","chr11","83269262","83269568","13","3761330"
"chr11","79602993","79603287","chr11","48469724","48470018","51","31133269"
"chr11","79655415","79655548","chr11","83420720","83420853","6","3765305"
"chr11","80097718","80097995","chr11","83904447","83904738","19","3806729"
"chr11","80177376","80177706","chr11","83981077","83981364","45","3803701"
"chr11","80697392","80697696","chr11","84549430","84549735","7","3852038"
"chr11","80800662","80800939","chr11","84655423","84655702","7","3854761"
"chr11","81084592","81084883","chr11","84936483","84936775","8","3851891"
"chr11","81241571","81241892","chr3","42669239","42669561","39","38572332"
"chr11","81327290","81327577","chr11","85233045","85233332","6","3905755"
"chr11","81638357","81638685","chr2","84509227","84509557","51","2870870"
"chr11","81913441","81913716","chr11","85890046","85890320","5","3976605"
"chr11","82136552","82136832","chr2","52258709","52258987","4","29877843"
"chr11","82359246","82359548","chr14","6991910","6992210","36","75367336"
"chr11","82609104","82609391","chr1","14557471","14557762","32","68051633"
"chr11","82632888","82633181","chr2","51710300","51710591","11","30922588"
"chr11","82711056","82711327","chr4","43801785","43802052","41","38909271"
"chr11","82911316","82911618","chr2","51430405","51430706","13","31480911"
"chr11","83082017","83082324","chr2","51258354","51258658","6","31823663"
"chr11","83156783","83157041","chr1","141636620","141636865","44","58479837"
"chr11","83168053","83168356","chr2","51169753","51170056","4","31998300"
"chr11","83171788","83172075","chr2","51167700","51167987","3","32004088"
"chr11","83207900","83208199","chr2","51132089","51132387","7","32075811"
"chr11","83233715","83234011","chr2","51108571","51108866","5","32125144"
"chr11","83315709","83315986","chr2","51023600","51023851","41","32292109"
"chr11","83341286","83341584","chr2","50998669","50998970","35","32342617"
"chr11","83357840","83358134","chr2","50982169","50982464","6","32375671"
"chr11","83367582","83367876","chr10","631699","631995","28","82735883"
"chr11","83390284","83390416","chr16","61271829","61271963","10","22118455"
"chr11","83457387","83457682","chr2","50882532","50882834","10","32574855"
"chr11","83524507","83524802","chr2","50815133","50815424","9","32709374"
"chr11","83535757","83536065","chr2","50803595","50803914","31","32732162"
"chr11","83615991","83616275","chr2","50721201","50721485","9","32894790"
"chr11","83617168","83617464","chr4","123382191","123382485","28","39765023"
"chr11","83632315","83632561","chr2","50696256","50696502","0","32936059"
"chr11","83833056","83833363","chr2","50494520","50494816","15","33338536"
"chr11","83838309","83838613","chr2","50489273","50489578","3","33349036"
"chr11","83846846","83847144","chr2","50480120","50480434","21","33366726"
"chr11","83863451","83863639","chr8","68200113","68200300","30","15663338"
"chr11","83866393","83866686","chr14","117556545","117556839","28","33690152"
"chr11","83899213","83899515","chr2","50422049","50422357","14","33477164"
"chr11","83910670","83910963","chr2","50411089","50411387","15","33499581"
"chr11","83912229","83912538","chr9","52253808","52254116","37","31658421"
"chr11","83926540","83926823","chr2","50393910","50394191","7","33532630"
"chr11","83936209","83936505","chr2","50384380","50384675","6","33551829"
"chr11","83961795","83962075","chr2","50359304","50359588","9","33602491"
"chr11","83967979","83968261","chr2","50353019","50353302","8","33614960"
"chr11","84028880","84029182","chr20","14348381","14348682","37","69680499"
"chr11","84049576","84049877","chr1","44004494","44004799","37","40045082"
"chr11","84061084","84061395","chr2","50266229","50266540","4","33794855"
"chr11","84138549","84138846","chr2","50064054","50064355","12","34074495"
"chr11","84212475","84212783","chr9","94190632","94190943","33","9978157"
"chr11","84217311","84217620","chr2","49987323","49987628","19","34229988"
"chr11","84313547","84313826","chr2","49889760","49890048","14","34423787"
"chr11","84370184","84370483","chr2","49832120","49832416","4","34538064"
"chr11","84385416","84385728","chr2","49814659","49814944","34","34570757"
"chr11","84405026","84405322","chr1","25636423","25636725","35","58768603"
"chr11","84412170","84412460","chr2","49786342","49786632","8","34625828"
"chr11","84443257","84443574","chr12","120625117","120625426","45","36181860"
"chr11","84486531","84486800","chr2","49715902","49716159","15","34770629"
"chr11","84499421","84499706","chr2","188623413","188623700","41","104123992"
"chr11","84519197","84519502","chr2","85487996","85488299","34","968799"
"chr11","84643024","84643323","chr2","49562449","49562748","2","35080575"
"chr11","84656171","84656333","chr2","49549465","49549627","1","35106706"
"chr11","84961416","84961708","chr2","49245618","49245914","10","35715798"
"chr11","85052543","85052849","chr2","49154913","49155219","13","35897630"
"chr11","85066751","85067050","chr2","49141062","49141361","1","35925689"
"chr11","85091799","85092092","chr2","49116830","49117131","17","35974969"
"chr11","85101699","85101990","chr2","49107307","49107598","5","35994392"
"chr11","85102880","85103152","chr2","49106146","49106418","11","35996734"
"chr11","85121801","85122107","chr2","49086949","49087253","8","36034852"
"chr11","85132029","85132309","chr9","41614211","41614499","42","43517818"
"chr11","85190060","85190314","chr2","49016996","49017250","7","36173064"
"chr11","85387237","85387530","chr2","48813089","48813383","8","36574148"
"chr11","85452807","85453098","chr2","48747447","48747738","4","36705360"
"chr11","85475757","85476056","chr2","48724224","48724526","8","36751533"
"chr11","85480066","85480284","chr2","48719998","48720210","7","36760068"
"chr11","86327536","86327812","chr19","17878929","17879216","43","68448607"
"chr11","86513492","86513781","chrX","114339969","114340255","41","27826477"
"chr11","86773259","86773543","chr11","86778730","86779019","8","5471"
"chr11","87271434","87271710","chr11","87322902","87323194","28","51468"
"chr11","87375600","87375900","chr11","87424900","87425198","11","49300"
"chr11","87402482","87402740","chr11","87450874","87451128","9","48392"
"chr11","87432931","87433246","chr11","87482573","87482872","23","49642"
"chr11","87632561","87632712","chr11","87732151","87732302","3","99590"
"chr11","87902001","87902312","chr19","40866944","40867252","36","47035057"
"chr11","87963415","87963725","chr11","88063463","88063773","15","100048"
"chr11","88236632","88236901","chr11","88348094","88348364","5","111462"
"chr11","88339096","88339365","chr9","23971139","23971411","37","64367957"
"chr11","88351476","88351767","chr11","88462325","88462613","10","110849"
"chr11","88457934","88458226","chr3","70058965","70059256","41","18398969"
"chr11","88627571","88627865","chr1","125494474","125494770","33","36866903"
"chr11","88756063","88756394","chr11","88867528","88867847","18","111465"
"chr11","88757408","88757683","chr3","64821626","64821903","33","23935782"
"chr11","88815043","88815355","chr11","88930561","88930872","7","115518"
"chr11","88828996","88829137","chr14","100802771","100802911","16","11973775"
"chr11","89320007","89320304","chr11","89445700","89446004","15","125693"
"chr11","89411213","89411511","chr11","89536328","89536630","12","125115"
"chr11","90000310","90000541","chr11","90220360","90220592","4","220050"
"chr11","90104476","90104771","chr11","90369850","90370145","3","265374"
"chr11","90506208","90506508","chr11","90789920","90790225","16","283712"
"chr11","90546781","90547076","chr11","90830604","90830903","8","283823"
"chr11","90872037","90872299","chr11","91147303","91147564","4","275266"
"chr11","90902965","90903268","chr11","91177922","91178225","6","274957"
"chr11","91172390","91172684","chr11","91449734","91450024","6","277344"
"chr11","91489587","91489879","chr11","91822240","91822533","7","332653"
"chr11","91619911","91620220","chr11","91953114","91953422","8","333203"
"chr11","91889936","91890235","chr11","92228219","92228516","7","338283"
"chr11","91976790","91977071","chr11","92315398","92315679","13","338608"
"chr11","92154580","92154888","chr11","92495595","92495903","2","341015"
"chr11","92224326","92224625","chr1","221763087","221763382","35","129538761"
"chr11","92299415","92299706","chr11","92637583","92637874","9","338168"
"chr11","92305899","92306180","chr11","92643620","92643900","8","337721"
"chr11","92307863","92308156","chr11","92645572","92645866","7","337709"
"chr11","92314000","92314302","chr11","92651656","92651962","8","337656"
"chr11","92329489","92329778","chr11","92667055","92667345","5","337566"
"chr11","92379056","92379350","chr11","92716322","92716615","17","337266"
"chr11","92395609","92395913","chr17","58372670","58372973","34","34022939"
"chr11","92460294","92460627","chr2","179582629","179582952","61","87122335"
"chr11","92522960","92523244","chr11","92861359","92861652","17","338399"
"chr11","92686133","92686439","chr11","93028668","93028975","5","342535"
"chr11","92722264","92722417","chr19","35106809","35106961","20","57615455"
"chr11","92730412","92730712","chr11","93078046","93078350","16","347634"
"chr11","92737999","92738283","chr5","98591416","98591702","26","5853417"
"chr11","92803292","92803335","chr3","175615789","175615825","14","82812497"
"chr11","92803654","92803920","chrX","7737456","7737718","35","85066198"
"chr11","92806185","92806480","chr3","156323805","156324104","44","63517620"
"chr11","92836011","92836309","chr11","93185134","93185443","17","349123"
"chr11","92839791","92840101","chr11","93189096","93189404","14","349305"
"chr11","92869504","92869792","chr11","93219517","93219805","4","350013"
"chr11","92900489","92900771","chr11","93250489","93250772","8","350000"
"chr11","92992629","92992930","chr11","93341306","93341607","33","348677"
"chr11","93033737","93034025","chr2","51108571","51108866","42","41925166"
"chr11","93148598","93148900","chr11","93492792","93493094","5","344194"
"chr11","93573669","93573970","chr11","93975248","93975542","22","401579"
"chr11","93688471","93688771","chr11","94092208","94092500","14","403737"
"chr11","93777397","93777694","chr11","94182115","94182414","6","404718"
"chr11","93897096","93897390","chr11","94301129","94301421","10","404033"
"chr11","93901445","93901745","chr11","94305124","94305425","3","403679"
"chr11","93913695","93914013","chr11","94317040","94317354","14","403345"
"chr11","93958533","93958822","chr11","94362479","94362768","5","403946"
"chr11","94118176","94118477","chr11","94523212","94523515","8","405036"
"chr11","94187912","94188199","chr11","94591404","94591691","2","403492"
"chr11","94254624","94254906","chr11","94659252","94659535","3","404628"
"chr11","94268706","94269000","chr11","94673045","94673335","8","404339"
"chr11","94343299","94343584","chr11","94749235","94749538","30","405936"
"chr11","94353941","94354219","chr11","94759612","94759885","23","405671"
"chr11","94365810","94365959","chr6","77455614","77455760","19","16910196"
"chr11","94420918","94421220","chr1","188948361","188948660","39","94527443"
"chr11","94428281","94428595","chr11","94832916","94833230","4","404635"
"chr11","94431648","94431941","chr11","94836289","94836571","14","404641"
"chr11","94437319","94437614","chr11","94841648","94841945","8","404329"
"chr11","94482801","94483100","chr11","94887787","94888085","8","404986"
"chr11","94497080","94497373","chr13","108203933","108204209","83","13706853"
"chr11","94503679","94503938","chr11","94908592","94908875","25","404913"
"chr11","94535393","94535672","chr11","94940163","94940442","6","404770"
"chr11","94537583","94537895","chr11","94942345","94942657","4","404762"
"chr11","94544695","94544988","chr16","45131388","45131684","29","49413307"
"chr11","94552033","94552329","chr11","94957510","94957807","9","405477"
"chr11","94554012","94554314","chr11","94959795","94960098","15","405783"
"chr11","94590532","94590827","chr11","94996337","94996634","11","405805"
"chr11","94598567","94598870","chr11","95004373","95004677","7","405806"
"chr11","94600392","94600682","chr19","17878929","17879216","32","76721463"
"chr11","94625071","94625381","chr11","95030558","95030868","8","405487"
"chr11","94702826","94703140","chr1","97916977","97917285","41","3214151"
"chr11","94703141","94703449","chr11","95106653","95106959","6","403512"
"chr11","94716871","94717169","chr11","95120377","95120680","13","403506"
"chr11","94778800","94779109","chr11","95181859","95182165","8","403059"
"chr11","94850917","94851177","chr11","95250339","95250599","6","399422"
"chr11","94944974","94945270","chr11","95389810","95390106","6","444836"
"chr11","94961613","94961921","chr11","95407102","95407411","11","445489"
"chr11","94968557","94968837","chr1","34227169","34227449","38","60741388"
"chr11","94978738","94978987","chr11","95424577","95424826","4","445839"
"chr11","94983720","94984014","chr11","95430336","95430639","13","446616"
"chr11","95010057","95010353","chr11","95455526","95455821","6","445469"
"chr11","95015727","95016036","chr11","17779200","17779509","34","77236527"
"chr11","95021594","95021894","chr11","95466660","95466954","7","445066"
"chr11","95078169","95078480","chr11","95526370","95526675","13","448201"
"chr11","95158031","95158180","chr11","95607242","95607390","2","449211"
"chr11","95187141","95187437","chr11","95637438","95637734","7","450297"
"chr11","95231085","95231391","chr11","95682104","95682413","9","451019"
"chr11","95245551","95245851","chr11","95695343","95695642","4","449792"
"chr11","95277369","95277626","chr11","95727131","95727386","8","449762"
"chr11","95448592","95448892","chr11","95906080","95906388","10","457488"
"chr11","95459522","95459732","chr11","95917305","95917511","9","457783"
"chr11","95464532","95464733","chr4","142194304","142194505","29","46729772"
"chr11","95472482","95472770","chr11","95930686","95930969","9","458204"
"chr11","95474120","95474426","chr11","95932324","95932633","6","458204"
"chr11","95500358","95500668","chr11","95952072","95952381","11","451714"
"chr11","95540344","95540641","chr11","95993351","95993648","8","453007"
"chr11","95596916","95597197","chr11","96047905","96048186","2","450989"
"chr11","95599518","95599848","chr17","25927834","25928171","59","69671684"
"chr11","95624208","95624507","chr1","89039616","89039913","33","6584592"
"chr11","95671673","95671981","chr11","96123689","96123967","31","452016"
"chr11","95676526","95676814","chr11","96128566","96128854","2","452040"
"chr11","95754655","95754948","chr2","159817530","159817826","41","64062875"
"chr11","95759842","95760147","chr16","9868725","9869029","37","85891117"
"chr11","95779343","95779640","chr11","96237561","96237860","10","458218"
"chr11","95780294","95780570","chr11","96238502","96238778","19","458208"
"chr11","95809785","95810095","chr10","31743261","31743569","40","64066524"
"chr11","95818825","95819126","chr11","96275280","96275581","12","456455"
"chr11","95864669","95864961","chr13","54810521","54810815","44","41054148"
"chr11","95868086","95868405","chr11","96320704","96321015","15","452618"
"chr11","95875650","95875926","chr11","96328278","96328556","4","452628"
"chr11","95921514","95921810","chr6","137303080","137303373","33","41381566"
"chr11","96020749","96021055","chr11","96482832","96483143","8","462083"
"chr11","96131046","96131355","chr11","96593406","96593715","4","462360"
"chr11","96166378","96166665","chr11","96628746","96629033","5","462368"
"chr11","96268383","96268693","chr11","96736386","96736696","4","468003"
"chr11","96293321","96293619","chr6","31584630","31584935","41","64708691"
"chr11","96449174","96449470","chr11","96916594","96916890","3","467420"
"chr11","96718634","96718936","chr1","30932722","30933025","42","65785912"
"chr11","96818279","96818590","chr1","212873776","212874082","32","116055497"
"chr11","96895022","96895331","chr1","34160811","34161118","36","62734211"
"chr11","97153645","97153947","chr11","97620636","97620938","9","466991"
"chr11","97203942","97204241","chr13","32776841","32777138","40","64427101"
"chr11","97304787","97305091","chr8","10375190","10375489","46","86929597"
"chr11","97559537","97559846","chr11","98036281","98036584","20","476744"
"chr11","97653628","97653927","chr11","98127126","98127425","11","473498"
"chr11","97723542","97723827","chr11","98197607","98197892","2","474065"
"chr11","97757058","97757370","chr11","98230661","98230973","8","473603"
"chr11","97767930","97768219","chr16","6754769","6755065","30","91013161"
"chr11","97830815","97831111","chr11","98303530","98303828","13","472715"
"chr11","97855704","97855991","chr11","106732467","106732758","34","8876763"
"chr11","97857571","97857873","chr11","98330119","98330427","14","472548"
"chr11","97868253","97868537","chr11","98342092","98342376","4","473839"
"chr11","97870803","97871093","chr11","98344657","98344946","6","473854"
"chr11","97979973","97980268","chr3","2907703","2908000","29","95072270"
"chr11","97991189","97991483","chr2","171679592","171679886","44","73688403"
"chr11","98001015","98001297","chr11","98471217","98471499","5","470202"
"chr11","98048207","98048520","chr11","98529654","98529966","16","481447"
"chr11","98107456","98107750","chr11","98589855","98590149","4","482399"
"chr11","98299504","98299781","chr11","98782258","98782535","1","482754"
"chr11","98546748","98547044","chr11","99058534","99058814","18","511786"
"chr11","98576753","98577026","chr11","99088484","99088757","2","511731"
"chr11","99185704","99185997","chr8","108431805","108432103","43","9246101"
"chr11","99259707","99259995","chrX","94591676","94591967","35","4668031"
"chr11","99275946","99276234","chr16","55952201","55952494","31","43323745"
"chr11","99450140","99450408","chr11","99969405","99969687","16","519265"
"chr11","99468087","99468391","chr11","99987664","99987961","9","519577"
"chr11","99492739","99493044","chr13","29700509","29700811","34","69792230"
"chr11","99503987","99504292","chr11","100024675","100024975","13","520688"
"chr11","99521284","99521589","chr11","100041952","100042250","12","520668"
"chr11","99528699","99529007","chr11","100049360","100049668","9","520661"
"chr11","99565448","99565750","chr1","63216852","63217153","36","36348596"
"chr11","99588321","99588624","chr9","91081772","91082073","37","8506549"
"chr11","99589687","99589994","chr11","100110350","100110657","7","520663"
"chr11","99609056","99609359","chr8","63724629","63724930","44","35884427"
"chr11","99854177","99854490","chr11","100386351","100386664","10","532174"
"chr11","99930380","99930688","chr12","21749105","21749413","36","78181275"
"chr11","100009435","100009704","chr11","100541705","100541976","13","532270"
"chr11","100064874","100065169","chr11","100597192","100597489","22","532318"
"chr11","100121177","100121474","chr11","100655096","100655392","12","533919"
"chr11","100305377","100305658","chr8","76413611","76413891","30","23891766"
"chr11","100352298","100352591","chr11","100896580","100896880","8","544282"
"chr11","100387924","100388190","chr11","100928118","100928375","18","540194"
"chr11","100464361","100464652","chr11","101004205","101004496","6","539844"
"chr11","100684137","100684442","chr11","101287157","101287463","3","603020"
"chr11","100693983","100694278","chr11","101297070","101297365","9","603087"
"chr11","100740330","100740644","chr11","101343570","101343884","4","603240"
"chr11","100759477","100759773","chr11","101363871","101364169","5","604394"
"chr11","100781550","100781848","chr11","101386042","101386306","37","604492"
"chr11","100843325","100843616","chr11","101445744","101446035","5","602419"
"chr11","100852055","100852357","chr2","28432719","28433018","32","72419336"
"chr11","100958012","100958299","chr11","101564496","101564791","19","606484"
"chr11","101001938","101002225","chr11","101619180","101619486","24","617242"
"chr11","101023383","101023676","chr1","37000477","37000769","35","64022906"
"chr11","101144163","101144438","chr11","101760404","101760678","3","616241"
"chr11","101186678","101186984","chr11","101807028","101807331","16","620350"
"chr11","101224807","101225093","chr11","101849907","101850195","6","625100"
"chr11","101228404","101228703","chr11","101853982","101854286","7","625578"
"chr11","101265497","101265795","chr11","101891424","101891722","2","625927"
"chr11","101458936","101459230","chr11","102095605","102095871","29","636669"
"chr11","101873151","101873440","chr11","102511461","102511766","22","638310"
"chr11","101961731","101962028","chr11","102595304","102595581","22","633573"
"chr11","101965706","101966007","chr11","102599212","102599483","37","633506"
"chr11","102023596","102023892","chr11","102657311","102657601","15","633715"
"chr11","102146326","102146616","chr3","43892554","43892846","38","58253772"
"chr11","102263824","102264079","chr5","111730336","111730602","65","9466512"
"chr11","102411055","102411343","chr11","103043613","103043880","29","632558"
"chr11","102773262","102773569","chr11","103402761","103403068","9","629499"
"chr11","102901030","102901323","chr11","103533440","103533733","3","632410"
"chr11","102907355","102907649","chr11","103539771","103540061","8","632416"
"chr11","102938495","102938728","chr11","103570642","103570917","44","632147"
"chr11","103144694","103144985","chr11","103779547","103779821","25","634853"
"chr11","103148057","103148368","chr11","103782557","103782867","5","634500"
"chr11","103199898","103200196","chr11","103834525","103834823","4","634627"
"chr11","103200748","103201050","chr11","103835376","103835670","15","634628"
"chr11","103226568","103226854","chr11","103861500","103861786","8","634932"
"chr11","103434047","103434341","chr11","104122230","104122524","4","688183"
"chr11","103435339","103435599","chr11","104123517","104123785","17","688178"
"chr11","103456354","103456656","chr11","104144744","104145046","4","688390"
"chr11","103501264","103501573","chr11","104188524","104188833","4","687260"
"chr11","103508143","103508436","chr11","104195420","104195722","18","687277"
"chr11","103518892","103519170","chr11","104207221","104207505","8","688329"
"chr11","103525275","103525530","chr11","104214008","104214263","7","688733"
"chr11","103526420","103526718","chr11","104215573","104215866","11","689153"
"chr11","103557236","103557535","chr11","104247292","104247592","12","690056"
"chr11","103563930","103564234","chr11","104254293","104254597","14","690363"
"chr11","103593703","103594001","chr11","104293431","104293730","15","699728"
"chr11","103645181","103645459","chr11","104340752","104341030","2","695571"
"chr11","103724598","103724890","chr11","104419911","104420214","23","695313"
"chr11","103847239","103847551","chr11","104543130","104543439","9","695891"
"chr11","103945341","103945630","chr1","31482751","31483040","36","72462590"
"chr11","104046492","104046796","chr11","104746389","104746672","32","699897"
"chr11","104227295","104227598","chr11","124583532","124583839","34","20356237"
"chr11","104258063","104258339","chr11","104966745","104967021","9","708682"
"chr11","104262525","104262813","chr11","104971039","104971333","19","708514"
"chr11","104358490","104358787","chr1","4460596","4460890","38","99897894"
"chr11","104363603","104363892","chr11","105076134","105076431","15","712531"
"chr11","104374596","104374894","chr11","105087305","105087603","5","712709"
"chr11","104386130","104386419","chr11","105098834","105099124","3","712704"
"chr11","104540211","104540519","chr12","83405211","83405520","36","21135000"
"chr11","104567696","104567989","chr11","34016163","34016458","29","70551533"
"chr11","104588476","104588782","chr7","137791399","137791707","37","33202923"
"chr11","104635228","104635506","chr11","105352674","105352945","21","717446"
"chr11","104731454","104731761","chr11","105450371","105450666","18","718917"
"chr11","104814748","104815057","chr8","22420232","22420540","39","82394516"
"chr11","105075351","105075659","chr2","149360642","149360949","44","44285291"
"chr11","105411480","105411783","chr11","106129884","106130180","26","718404"
"chr11","105460685","105460998","chr11","106181313","106181621","16","720628"
"chr11","105466532","105466810","chr11","106187273","106187556","9","720741"
"chr11","105521056","105521363","chr11","106241181","106241491","13","720125"
"chr11","105540436","105540705","chrX","7737456","7737718","30","97802980"
"chr11","105646516","105646801","chr11","106365711","106365997","7","719195"
"chr11","105692215","105692508","chr11","106413600","106413900","16","721385"
"chr11","105779733","105780015","chr11","106495164","106495452","13","715431"
"chr11","105787713","105788006","chr11","106503139","106503434","6","715426"
"chr11","105790436","105790732","chr5","186737778","186738070","39","80947342"
"chr11","105849739","105850046","chr11","106565473","106565780","7","715734"
"chr11","105862096","105862400","chr11","106577610","106577920","9","715514"
"chr11","105864034","105864194","chrX","16117936","16118096","24","89746098"
"chr11","105901438","105901740","chr11","106617211","106617513","2","715773"
"chr11","105910059","105910364","chr7","71107154","71107446","52","34802905"
"chr11","105922184","105922492","chr11","106637464","106637766","6","715280"
"chr11","105994731","105995034","chr11","106713341","106713647","8","718610"
"chr11","106013875","106014165","chr11","106732467","106732758","4","718592"
"chr11","106030190","106030485","chrX","101065191","101065488","30","4964999"
"chr11","106181674","106181965","chr11","106899263","106899554","5","717589"
"chr11","106185673","106185944","chr11","106903240","106903514","5","717567"
"chr11","106189492","106189790","chr11","106907062","106907359","6","717570"
"chr11","106366746","106367040","chr11","107079422","107079717","9","712676"
"chr11","106606908","106607225","chr11","107320021","107320297","47","713113"
"chr11","106862183","106862471","chr6","152695564","152695852","28","45833381"
"chr11","106867075","106867372","chr11","107583134","107583440","21","716059"
"chr11","106878670","106878949","chr11","107594134","107594413","4","715464"
"chr11","107010316","107010594","chr20","71234066","71234345","31","35776250"
"chr11","107043121","107043364","chr6","75910223","75910465","38","31132898"
"chr11","107102513","107102790","chr11","107812187","107812464","3","709674"
"chr11","107231113","107231401","chr11","107937059","107937368","29","705946"
"chr11","107667140","107667430","chr14","106762782","106763070","41","904358"
"chr11","107688071","107688354","chr11","108473500","108473783","6","785429"
"chr11","107852014","107852330","chr11","108637020","108637336","1","785006"
"chr11","107871094","107871393","chr11","108655784","108656078","11","784690"
"chr11","107877383","107877686","chr11","108661956","108662259","7","784573"
"chr11","107885904","107886198","chr11","108671162","108671456","2","785258"
"chr11","107919974","107920271","chr11","108704191","108704488","6","784217"
"chr11","108001848","108002150","chr11","108787978","108788273","21","786130"
"chr11","108035082","108035357","chr14","45520254","45520531","33","62514828"
"chr11","108157749","108158048","chr11","108937416","108937712","8","779667"
"chr11","108168483","108168792","chr16","68417177","68417484","42","39751306"
"chr11","108192354","108192645","chr11","108971903","108972194","6","779549"
"chr11","108204556","108204854","chr3","2907703","2908000","41","105296853"
"chr11","108279612","108279915","chr11","109057898","109058203","10","778286"
"chr11","108284777","108285092","chr11","109063126","109063440","7","778349"
"chr11","108368548","108368856","chr11","109153107","109153417","15","784559"
"chr11","108436499","108436760","chr11","109225012","109225278","9","788513"
"chr11","108542102","108542391","chr11","109329618","109329885","30","787516"
"chr11","108562938","108563240","chr11","109349793","109350092","8","786855"
"chr11","108594878","108595193","chr3","166477634","166477937","47","57882756"
"chr11","108672743","108673029","chr11","109460233","109460519","3","787490"
"chr11","108717894","108718200","chr11","109505689","109505999","13","787795"
"chr11","108990190","108990496","chr11","109777363","109777636","37","787173"
"chr11","109012915","109013202","chr11","109801361","109801655","10","788446"
"chr11","109075272","109075566","chr11","109860021","109860313","6","784749"
"chr11","109083928","109084229","chr11","109868372","109868662","14","784444"
"chr11","109105870","109106165","chr11","109891512","109891804","6","785642"
"chr11","109179515","109179794","chr5","27237577","27237856","32","81941938"
"chr11","109195693","109195988","chr11","109981858","109982163","13","786165"
"chr11","109200766","109201072","chr11","109986991","109987292","8","786225"
"chr11","109235987","109236211","chr11","110016358","110016591","12","780371"
"chr11","109236509","109236592","chr11","110016888","110016972","2","780379"
"chr11","109252122","109252430","chr4","157336957","157337266","36","48084835"
"chr11","109284088","109284398","chr11","110062524","110062828","13","778436"
"chr11","109285914","109286203","chr11","110064344","110064636","6","778430"
"chr11","109289313","109289614","chr11","110067762","110068063","4","778449"
"chr11","109297985","109298275","chr11","110076555","110076844","6","778570"
"chr11","109299224","109299510","chr7","154992733","154993025","40","45693509"
"chr11","109312008","109312315","chr11","110091988","110092296","6","779980"
"chr11","109313297","109313596","chr11","110093278","110093573","7","779981"
"chr11","109399582","109399876","chr1","115655199","115655492","33","6255617"
"chr11","109426232","109426525","chr11","110210228","110210518","15","783996"
"chr11","109427978","109428291","chr1","23197718","23198024","48","86230260"
"chr11","109477650","109477921","chr11","110259350","110259620","6","781700"
"chr11","109516320","109516611","chr11","110298682","110298976","12","782362"
"chr11","109522720","109523020","chr18","6809810","6810107","35","102712910"
"chr11","109539552","109539837","chr7","67193041","67193332","37","42346511"
"chr11","109570743","109571039","chr11","110406238","110406532","6","835495"
"chr11","109579358","109579646","chr11","110414536","110414824","3","835178"
"chr11","109597777","109598070","chr11","110431769","110432063","3","833992"
"chr11","109599618","109599892","chr11","110433939","110434213","2","834321"
"chr11","109612716","109613020","chr3","43150637","43150941","37","66462079"
"chr11","109642294","109642603","chr19","41154391","41154697","41","68487903"
"chr11","109674452","109674758","chr11","110508034","110508341","8","833582"
"chr11","109731331","109731643","chr11","110564548","110564854","10","833217"
"chr11","109740280","109740577","chr1","159978020","159978317","32","50237740"
"chr11","109740668","109740917","chr11","110574142","110574391","3","833474"
"chr11","109754734","109755042","chr11","110589245","110589545","14","834511"
"chr11","109857959","109858257","chr11","110691075","110691381","14","833116"
"chr11","110169791","110170071","chr11","111013188","111013479","18","843397"
"chr11","110393484","110393772","chr11","111239377","111239666","3","845893"
"chr11","110452210","110452514","chr11","111297782","111298085","5","845572"
"chr11","110510437","110510736","chr11","111356581","111356880","3","846144"
"chr11","110518607","110518912","chr1","42771177","42771482","33","67747430"
"chr11","110559021","110559319","chr11","111407842","111408140","4","848821"
"chr11","110640557","110640813","chr11","111489932","111490184","6","849375"
"chr11","110647635","110647873","chr11","111496501","111496739","7","848866"
"chr11","110659142","110659437","chr11","111507574","111507869","6","848432"
"chr11","110674523","110674819","chr11","111520623","111520922","9","846100"
"chr11","110686027","110686269","chr11","111532436","111532678","6","846409"
"chr11","110698396","110698695","chr11","111544959","111545258","2","846563"
"chr11","110713838","110714146","chr11","111560090","111560397","8","846252"
"chr11","110723252","110723547","chr11","111570639","111570931","4","847387"
"chr11","110732523","110732823","chr15","105708257","105708558","37","5024266"
"chr11","110776749","110777028","chr1","34227169","34227449","30","76549580"
"chr11","110780191","110780487","chr11","111632692","111632988","5","852501"
"chr11","110784940","110785270","chr4","11953212","11953540","62","98831728"
"chr11","110797552","110797854","chr11","111648428","111648717","31","850876"
"chr11","110813295","110813603","chr11","111664236","111664544","3","850941"
"chr11","110834591","110834855","chr11","111687629","111687894","2","853038"
"chr11","110853851","110854162","chr11","111706448","111706752","11","852597"
"chr11","110880945","110881240","chr11","111737495","111737792","5","856550"
"chr11","110899775","110900070","chr11","111756162","111756459","5","856387"
"chr11","110910017","110910222","chr11","111766998","111767203","2","856981"
"chr11","110949262","110949565","chr11","111807566","111807872","12","858304"
"chr11","110961323","110961630","chr8","63724629","63724930","34","47236694"
"chr11","110967586","110967895","chr19","10600675","10600983","33","100366911"
"chr11","110968075","110968399","chr2","113952165","113952478","40","2984090"
"chr11","110969823","110970127","chr11","111825311","111825609","16","855488"
"chr11","111005727","111006017","chr10","80457003","80457295","40","30548724"
"chr11","111006943","111007230","chr4","114030763","114031055","39","3023820"
"chr11","111071633","111071933","chr2","62074209","62074517","38","48997424"
"chr11","111075435","111075726","chr18","9667393","9667692","39","101408042"
"chr11","111106794","111107053","chr11","111909994","111910252","7","803200"
"chr11","111144011","111144317","chr10","31743261","31743569","33","79400750"
"chr11","111236302","111236592","chr11","112061633","112061934","19","825331"
"chr11","111264312","111264608","chr11","112089823","112090119","6","825511"
"chr11","111272640","111272940","chr11","112097070","112097376","17","824430"
"chr11","111283481","111283761","chr3","3185699","3185976","45","108097782"
"chr11","111302922","111303222","chr2","161960788","161961087","39","50657866"
"chr11","111320736","111321045","chr11","112144453","112144762","7","823717"
"chr11","111322582","111322883","chr11","112147851","112148150","12","825269"
"chr11","111335923","111336211","chr11","121134860","121135146","33","9798937"
"chr11","111345276","111345576","chr11","112168256","112168560","7","822980"
"chr11","111365481","111365775","chr11","112189085","112189378","7","823604"
"chr11","111366388","111366669","chr11","111149054","111149350","28","217334"
"chr11","111417795","111418111","chr11","112242609","112242888","41","824814"
"chr11","111451544","111451844","chr11","112276677","112276975","4","825133"
"chr11","111494092","111494380","chr11","112320038","112320326","3","825946"
"chr11","111560336","111560658","chr11","112385320","112385639","8","824984"
"chr11","111565376","111565656","chr11","112390303","112390582","5","824927"
"chr11","111592428","111592700","chr11","112419322","112419594","4","826894"
"chr11","111596926","111597162","chr11","112423835","112424061","12","826909"
"chr11","112201446","112201742","chr11","113029163","113029459","7","827717"
"chr11","112229819","112230133","chr11","113057396","113057699","16","827577"
"chr11","112300187","112300489","chr11","113126711","113127005","9","826524"
"chr11","112395622","112395933","chr11","113220328","113220631","15","824706"
"chr11","112474032","112474336","chr1","39887022","39887330","35","72587010"
"chr11","112530289","112530564","chr11","113360544","113360817","4","830255"
"chr11","112556262","112556545","chr1","52239341","52239620","44","60316921"
"chr11","112635094","112635379","chr11","113469810","113470092","22","834716"
"chr11","112718037","112718339","chr11","113543557","113543870","24","825520"
"chr11","112885024","112885326","chr11","113710793","113711095","7","825769"
"chr11","112927972","112928139","chr3","117492787","117492955","27","4564815"
"chr11","113396289","113396570","chr11","114221253","114221532","10","824964"
"chr11","113511301","113511610","chr2","83776849","83777154","37","29734452"
"chr11","113596650","113596947","chr1","125149530","125149824","37","11552880"
"chr11","113737793","113738101","chr15","98030777","98031083","36","15707016"
"chr11","113761192","113761492","chr11","114585078","114585384","15","823886"
"chr11","113768475","113768776","chr11","114592435","114592714","27","823960"
"chr11","113801385","113801675","chr11","114623292","114623581","5","821907"
"chr11","113856586","113856879","chr11","114679949","114680240","12","823363"
"chr11","113943838","113944123","chr11","114766431","114766716","2","822593"
"chr11","113989913","113990208","chr11","114812820","114813089","30","822907"
"chr11","114032775","114032994","chr17","15541370","15541587","29","98491405"
"chr11","114033045","114033146","chr4","71295300","71295413","33","42737745"
"chr11","114081361","114081645","chr11","114906421","114906707","7","825060"
"chr11","114102140","114102447","chr11","114926477","114926784","4","824337"
"chr11","114513538","114513839","chr11","115334991","115335284","21","821453"
"chr11","114581161","114581473","chr11","115402239","115402542","33","821078"
"chr11","114843151","114843449","chr11","115665685","115665991","17","822534"
"chr11","114934872","114935150","chr2","70688777","70689062","35","44246095"
"chr11","115015684","115015996","chr11","115841596","115841907","10","825912"
"chr11","115060717","115060987","chr11","115890073","115890336","17","829356"
"chr11","115146891","115147185","chr11","115974785","115975078","8","827894"
"chr11","115233503","115233808","chr11","116061760","116062065","5","828257"
"chr11","115324940","115325239","chr11","116153085","116153384","8","828145"
"chr11","115330080","115330383","chr3","166477634","166477937","33","51147554"
"chr11","115351614","115351890","chr11","116179966","116180242","4","828352"
"chr11","115385726","115385996","chr11","116214085","116214356","5","828359"
"chr11","115401789","115402097","chr11","116229495","116229803","4","827706"
"chr11","115460068","115460369","chr11","116288169","116288471","5","828101"
"chr11","115493443","115493743","chr11","116322002","116322306","7","828559"
"chr11","115557509","115557796","chr11","116387685","116387973","5","830176"
"chr11","115596630","115596900","chr1","61411175","61411458","41","54185455"
"chr11","115628470","115628764","chr1","45674019","45674310","45","69954451"
"chr11","115645328","115645627","chr3","165574800","165575101","38","49929472"
"chr11","115745606","115745890","chr11","116576231","116576518","5","830625"
"chr11","116004185","116004478","chr11","116841060","116841343","14","836875"
"chr11","116076902","116077217","chr11","116918868","116919182","5","841966"
"chr11","116220442","116220742","chr11","117063000","117063302","9","842558"
"chr11","116419713","116419997","chr11","117266358","117266652","17","846645"
"chr11","116421985","116422298","chr11","117268646","117268949","18","846661"
"chr11","116433393","116433688","chr11","117279108","117279404","5","845715"
"chr11","116465348","116465652","chr11","117312757","117313058","7","847409"
"chr11","116497586","116497880","chr11","117345164","117345456","7","847578"
"chr11","116534806","116535108","chr1","39989942","39990243","35","76544864"
"chr11","116898919","116899228","chr11","117746847","117747165","18","847928"
"chr11","116923829","116924130","chr11","117771792","117772091","7","847963"
"chr11","117040101","117040403","chr11","117915660","117915963","4","875559"
"chr11","117203696","117203987","chr11","118083406","118083699","4","879710"
"chr11","117215127","117215421","chr11","118095777","118096074","10","880650"
"chr11","117231960","117232252","chr9","87866785","87867076","32","29365175"
"chr11","117300514","117300798","chr11","118181883","118182167","10","881369"
"chr11","117308588","117308882","chr12","89478668","89478957","33","27829920"
"chr11","117313777","117314072","chr11","118194876","118195170","10","881099"
"chr11","117326246","117326556","chr11","118209146","118209456","13","882900"
"chr11","117363922","117364174","chr9","15239502","15239743","37","102124420"
"chr11","117376887","117377173","chr11","118262354","118262637","22","885467"
"chr11","117393835","117394126","chr16","42689947","42690240","30","74703888"
"chr11","117428611","117428891","chr11","118315908","118316188","5","887297"
"chr11","117432536","117432841","chr11","118319957","118320248","15","887421"
"chr11","117444240","117444557","chr11","118331677","118331984","19","887437"
"chr11","117487039","117487340","chr11","118368290","118368591","4","881251"
"chr11","117498636","117498936","chr11","118379957","118380256","10","881321"
"chr11","117527873","117528167","chr11","118409288","118409560","24","881415"
"chr11","117531913","117532079","chr9","51995183","51995352","23","65536730"
"chr11","117539200","117539489","chr11","118419945","118420226","14","880745"
"chr11","117577552","117577860","chr9","102568941","102569236","40","15008611"
"chr11","117591371","117591620","chr11","118473543","118473815","27","882172"
"chr11","117619741","117620033","chr11","118502234","118502531","9","882493"
"chr11","117662982","117663274","chr11","118545804","118546099","9","882822"
"chr11","117756182","117756474","chr15","50005754","50006046","32","67750428"
"chr11","117790035","117790316","chr11","118673685","118673978","16","883650"
"chr11","118191402","118191701","chr11","119132487","119132792","13","941085"
"chr11","118306172","118306490","chr11","119246829","119247144","14","940657"
"chr11","118497908","118498215","chr11","119436268","119436570","19","938360"
"chr11","118528145","118528445","chr11","119466413","119466713","5","938268"
"chr11","118584692","118584958","chr11","119523472","119523752","27","938780"
"chr11","118586249","118586556","chr11","119525027","119525323","24","938778"
"chr11","118831495","118831782","chr10","13855681","13855975","37","104975814"
"chr11","118932166","118932459","chr11","119869498","119869792","7","937332"
"chr11","118941586","118941890","chr17","11362803","11363099","30","107578783"
"chr11","118989351","118989645","chr11","119926271","119926564","6","936920"
"chr11","119019550","119019858","chr11","119956449","119956757","4","936899"
"chr11","119022451","119022743","chr11","119959356","119959647","4","936905"
"chr11","119087779","119088076","chr11","120027733","120028032","10","939954"
"chr11","119089184","119089487","chr11","120029126","120029406","27","939942"
"chr11","119100828","119101154","chr11","120040282","120040592","19","939454"
"chr11","119109089","119109390","chr11","120048515","120048817","8","939426"
"chr11","119117038","119117331","chr11","120056453","120056747","6","939415"
"chr11","119197451","119197753","chr11","120155020","120155304","23","957569"
"chr11","119216431","119216738","chr1","209176258","209176559","41","89959827"
"chr11","119285207","119285494","chr12","98721046","98721332","29","20564161"
"chr11","119298871","119299168","chr11","120256979","120257275","2","958108"
"chr11","119304387","119304693","chr11","120262480","120262778","13","958093"
"chr11","119307099","119307410","chr11","120265133","120265444","5","958034"
"chr11","119355559","119355842","chr11","120313283","120313578","18","957724"
"chr11","119359964","119360214","chr11","120318336","120318587","4","958372"
"chr11","119417396","119417672","chr11","120376946","120377224","10","959550"
"chr11","119418790","119419089","chr11","120378344","120378643","12","959554"
"chr11","119433275","119433557","chr14","106241561","106241844","41","13191714"
"chr11","119436702","119436993","chr11","120396494","120396784","4","959792"
"chr11","119436996","119437274","chr7","136628033","136628306","38","17191037"
"chr11","119444340","119444641","chr11","120404296","120404602","6","959956"
"chr11","119538447","119538746","chr11","34016163","34016458","31","85522284"
"chr11","119555350","119555620","chr11","120515948","120516230","25","960598"
"chr11","119626523","119626822","chr11","120587904","120588203","2","961381"
"chr11","119640120","119640423","chr11","120600781","120601080","13","960661"
"chr11","119670139","119670434","chr11","120636890","120637181","9","966751"
"chr11","119671088","119671390","chr11","120637827","120638132","11","966739"
"chr11","119770379","119770677","chr11","120743207","120743502","18","972828"
"chr11","119786092","119786391","chr14","107314660","107314962","46","12471432"
"chr11","119886175","119886472","chr11","120879662","120879967","11","993487"
"chr11","119968211","119968483","chr11","120960532","120960794","12","992321"
"chr11","119976106","119976408","chr11","55238506","55238805","39","64737600"
"chr11","119979356","119979653","chr1","90066848","90067142","43","29912508"
"chr11","119992413","119992722","chr11","120983167","120983476","4","990754"
"chr11","119994312","119994617","chr11","120984946","120985254","6","990634"
"chr11","120029186","120029440","chr11","121019608","121019862","5","990422"
"chr11","120061465","120061764","chr11","121052755","121053054","3","991290"
"chr11","120063968","120064279","chr11","121055346","121055626","35","991378"
"chr11","120143655","120143941","chr11","121134860","121135146","4","991205"
"chr11","120157001","120157276","chr19","10238882","10239160","33","109918119"
"chr11","120301183","120301460","chr11","121289975","121290253","3","988792"
"chr11","120412333","120412639","chr1","44004494","44004799","42","76407839"
"chr11","120456340","120456639","chr11","121445783","121446080","5","989443"
"chr11","120494545","120494852","chr14","51950557","51950863","35","68543988"
"chr11","120563303","120563612","chr11","121557607","121557921","11","994304"
"chr11","120572350","120572644","chr11","121566592","121566889","10","994242"
"chr11","120595048","120595350","chr11","121589875","121590183","14","994827"
"chr11","120613501","120613801","chr9","119727540","119727831","42","885961"
"chr11","120618087","120618394","chr11","121613589","121613895","6","995502"
"chr11","120653707","120654009","chr16","42689947","42690240","45","77963760"
"chr11","120677079","120677328","chr1","36634341","36634587","38","84042738"
"chr11","120680667","120680976","chr17","11614420","11614728","35","109066247"
"chr11","120692883","120693190","chr11","121680741","121681039","14","987858"
"chr11","120718707","120719011","chr11","121708138","121708440","9","989431"
"chr11","120720913","120721105","chr8","72108949","72109137","29","48611964"
"chr11","120770675","120770958","chr11","96035280","96035566","41","24735395"
"chr11","120792643","120792879","chr9","18161412","18161654","33","102631231"
"chr11","120814975","120815267","chr11","121807749","121808041","12","992774"
"chr11","120854335","120854594","chr11","121852141","121852400","6","997806"
"chr11","120858988","120859277","chr11","121857077","121857372","12","998089"
"chr11","120873441","120873598","chr4","106986651","106986807","27","13886790"
"chr11","120881830","120882117","chr9","27439378","27439664","41","93442452"
"chr11","120913330","120913619","chr11","121909785","121910068","10","996455"
"chr11","120927495","120927789","chr11","121923242","121923544","9","995747"
"chr11","120930810","120931105","chr11","121927526","121927824","10","996716"
"chr11","120934808","120935108","chr11","121931751","121932047","9","996943"
"chr11","120945750","120946041","chr16","17448698","17448989","33","103497052"
"chr11","120947530","120947821","chr16","17448698","17448989","33","103498832"
"chr11","120955985","120956278","chr11","121951404","121951699","3","995419"
"chr11","120958809","120959105","chr18","20497676","20497956","57","100461133"
"chr11","121010388","121010672","chr11","122008545","122008829","3","998157"
"chr11","121026234","121026528","chr11","122023560","122023856","23","997326"
"chr11","121029097","121029378","chr11","122026111","122026392","3","997014"
"chr11","121046675","121046807","chr1","31016784","31016913","27","90029891"
"chr11","121155494","121155801","chr11","122152665","122152974","6","997171"
"chr11","121264261","121264543","chr11","122267859","122268141","3","1003598"
"chr11","121274089","121274379","chr11","122278747","122279045","24","1004658"
"chr11","121324707","121325001","chr11","122333988","122334281","9","1009281"
"chr11","121339663","121339928","chr6","139243888","139244144","52","17904225"
"chr11","121351190","121351498","chr11","122361611","122361914","12","1010421"
"chr11","121426145","121426330","chr11","122445179","122445364","3","1019034"
"chr11","121458637","121458877","chr11","122478913","122479153","6","1020276"
"chr11","121557748","121558035","chr11","122580334","122580625","5","1022586"
"chr11","121568320","121568623","chr11","122591763","122592062","23","1023443"
"chr11","121577308","121577598","chr18","49199302","49199591","33","72378006"
"chr11","121589122","121589412","chr11","122611930","122612221","2","1022808"
"chr11","121616614","121616919","chr5","104191246","104191551","46","17425368"
"chr11","121624192","121624471","chr6","162858907","162859182","53","41234715"
"chr11","121675186","121675305","chrX","371838","371957","17","121303348"
"chr11","121682126","121682429","chr1","221572816","221573118","42","99890690"
"chr11","121682436","121682731","chr1","139931874","139932170","39","18249438"
"chr11","121731433","121731565","chr2","139237704","139237838","18","17506271"
"chr11","121746280","121746570","chr20","20532965","20533256","38","101213315"
"chr11","121786248","121786544","chr1","45944801","45945100","38","75841447"
"chr11","121795770","121795997","chr11","50681612","50681806","35","71114158"
"chr11","121797437","121797739","chr11","50680565","50680867","0","71116872"
"chr11","121804187","121804501","chr11","50673864","50674169","15","71130323"
"chr11","121808052","121808313","chr11","50670081","50670334","12","71137971"
"chr11","121812507","121812744","chr11","50665171","50665448","41","71147336"
"chr11","121814632","121814924","chr11","50663208","50663501","6","71151424"
"chr11","121854328","121854632","chr11","50621557","50621856","13","71232771"
"chr11","121898930","121899232","chr11","50576573","50576875","9","71322357"
"chr11","121915168","121915478","chr11","50560639","50560949","3","71354529"
"chr11","121969188","121969498","chrX","120868653","120868977","63","1100535"
"chr11","121972647","121972939","chr4","54157080","54157372","29","67815567"
"chr11","122029102","122029380","chr11","50440884","50441184","26","71588218"
"chr11","122077551","122077860","chr11","50390294","50390601","12","71687257"
"chr11","122095682","122095821","chr4","54484898","54485037","16","67610784"
"chr11","122139340","122139645","chr11","124583532","124583839","33","2444192"
"chr11","122246578","122246878","chr11","122920378","122920675","4","673800"
"chr11","122331376","122331660","chr11","133223692","133223973","33","10892316"
"chr11","122441519","122441828","chr11","123114759","123115068","4","673240"
"chr11","122511204","122511463","chr11","123184888","123185147","2","673684"
"chr11","122515587","122515884","chr11","123189257","123189556","8","673670"
"chr11","122537506","122537789","chr11","123211840","123212122","4","674334"
"chr11","122541757","122542042","chr11","123216295","123216577","9","674538"
"chr11","122542086","122542387","chr11","123216621","123216931","12","674535"
"chr11","122566360","122566651","chr11","123241424","123241716","4","675064"
"chr11","122580234","122580538","chr11","123259154","123259456","6","678920"
"chr11","122631164","122631434","chr11","123317810","123318079","5","686646"
"chr11","122664462","122664767","chr17","7958182","7958490","45","114706280"
"chr11","122674040","122674339","chr11","123364830","123365132","7","690790"
"chr11","122689389","122689679","chr2","106222108","106222394","32","16467281"
"chr11","122724698","122725001","chr11","123416131","123416435","9","691433"
"chr11","122740581","122740877","chr11","123432078","123432377","13","691497"
"chr11","122742496","122742791","chr3","123346449","123346737","42","603953"
"chr11","122747770","122748061","chr11","123440314","123440603","12","692544"
"chr11","122768243","122768536","chr11","123460037","123460328","4","691794"
"chr11","122781566","122781864","chr11","123474666","123474964","7","693100"
"chr11","122782341","122782627","chr10","67218899","67219193","47","55563442"
"chr11","122787937","122788236","chr11","123482487","123482782","11","694550"
"chr11","122789919","122790249","chr11","123484754","123485084","6","694835"
"chr11","122796804","122797099","chr6","131966421","131966716","32","9169617"
"chr11","122810585","122810895","chr11","123505080","123505391","9","694495"
"chr11","122818241","122818535","chr2","144268314","144268609","36","21450073"
"chr11","122819054","122819360","chr6","154664652","154664959","35","31845598"
"chr11","122883239","122883501","chr1","118706854","118707116","39","4176385"
"chr11","122887036","122887344","chr11","123586135","123586444","8","699099"
"chr11","122904254","122904566","chr11","123604218","123604530","5","699964"
"chr11","122922194","122922491","chr7","126836811","126837107","40","3914617"
"chr11","122983774","122984063","chr5","169489657","169489946","37","46505883"
"chr11","123136246","123136541","chr11","123831798","123832097","9","695552"
"chr11","123333662","123333952","chr11","124096012","124096303","6","762350"
"chr11","123382504","123382787","chr11","124144600","124144883","5","762096"
"chr11","123400924","123401226","chr11","124163827","124164129","7","762903"
"chr11","123414810","123415098","chr11","124177592","124177884","7","762782"
"chr11","123431751","123432058","chr11","124196614","124196923","15","764863"
"chr11","123438557","123438830","chr7","138298701","138298983","38","14860144"
"chr11","123541499","123541807","chr7","77098183","77098491","31","46443316"
"chr11","123673899","123674202","chr11","124483798","124484103","11","809899"
"chr11","123780267","123780574","chr11","124583532","124583839","6","803265"
"chr11","124062912","124063208","chr11","124871585","124871885","7","808673"
"chr11","124101914","124102224","chr11","124913614","124913922","15","811700"
"chr11","124231031","124231335","chr11","125043179","125043460","39","812148"
"chr11","124262518","124262773","chr12","96854898","96855149","45","27407620"
"chr11","124262824","124262883","chr7","92625912","92625965","13","31636912"
"chr11","124289578","124289875","chr5","2372274","2372565","48","121917304"
"chr11","124292989","124293227","chr1","13533047","13533283","31","110759942"
"chr11","124332616","124332905","chr11","125146137","125146432","14","813521"
"chr11","124335709","124336010","chr11","125148644","125148944","8","812935"
"chr11","124379964","124380272","chr11","125194249","125194557","6","814285"
"chr11","124381805","124382105","chr11","125196093","125196394","5","814288"
"chr11","124386800","124387087","chr11","125200701","125200986","3","813901"
"chr11","124422126","124422426","chr11","125234569","125234867","7","812443"
"chr11","124443168","124443454","chr11","125254181","125254467","3","811013"
"chr11","124474073","124474326","chr11","125285387","125285640","2","811314"
"chr11","124510044","124510335","chr11","125322262","125322549","18","812218"
"chr11","124645844","124646114","chr11","125457710","125457977","30","811866"
"chr11","124972242","124972525","chr11","125792947","125793235","7","820705"
"chr11","125005438","125005745","chr11","125826989","125827284","18","821551"
"chr11","125007981","125008309","chr11","125829496","125829823","13","821515"
"chr11","125072018","125072307","chr11","125890598","125890889","3","818580"
"chr11","125145796","125146100","chr11","125962172","125962475","9","816376"
"chr11","125155839","125156115","chr11","125972556","125972831","10","816717"
"chr11","125176252","125176567","chr11","125993612","125993917","14","817360"
"chr11","125214664","125214972","chr11","126030135","126030443","8","815471"
"chr11","125349584","125349883","chr2","204026603","204026901","29","78677019"
"chr11","125386684","125386985","chr11","126196544","126196843","11","809860"
"chr11","125468536","125468846","chr11","126278010","126278278","48","809474"
"chr11","125582386","125582693","chr11","126392810","126393128","19","810424"
"chr11","125981950","125982202","chr11","126857758","126858010","5","875808"
"chr11","126093665","126093966","chr1","115655199","115655492","35","10438466"
"chr11","126192671","126192953","chr7","34758340","34758622","34","91434331"
"chr11","126365113","126365395","chr11","127325545","127325827","3","960432"
"chr11","126400398","126400696","chrX","44987781","44988071","50","81412617"
"chr11","126968336","126968645","chr6","136001292","136001600","41","9032956"
"chr11","127004597","127004902","chr11","127959811","127960116","3","955214"
"chr11","127322247","127322492","chrX","13435469","13435711","34","113886778"
"chr11","127337707","127338008","chr11","128297442","128297744","13","959735"
"chr11","127451645","127451949","chr1","141208575","141208875","41","13756930"
"chr11","127582536","127582834","chr1","25636423","25636725","26","101946113"
"chr11","127595298","127595593","chr2","188011630","188011926","43","60416332"
"chr11","127630222","127630524","chr1","88257606","88257908","30","39372616"
"chr11","127776653","127776956","chr11","128730627","128730929","10","953974"
"chr11","127993883","127994191","chr11","128953798","128954095","11","959915"
"chr11","128049082","128049373","chr11","129010180","129010463","11","961098"
"chr11","128118577","128118876","chr17","95638218","95638516","37","32480359"
"chr11","128202981","128203287","chr11","129173958","129174262","14","970977"
"chr11","128593595","128593880","chr11","129698769","129699081","33","1105174"
"chr11","128619430","128619730","chr11","129723668","129723976","11","1104238"
"chr11","128714865","128715172","chr11","129809113","129809419","5","1094248"
"chr11","128735322","128735584","chr11","129828899","129829158","7","1093577"
"chr11","128759876","128760186","chr11","129853655","129853964","6","1093779"
"chr11","129292178","129292468","chr1","140707781","140708066","41","11415603"
"chr11","129368998","129369302","chr3","15643866","15644163","35","113725132"
"chr11","129690771","129691077","chr11","130787560","130787867","6","1096789"
"chr11","129798845","129799137","chr4","30882658","30882949","39","98916187"
"chr11","129810577","129810858","chr11","130915202","130915483","2","1104625"
"chr11","129989412","129989695","chr11","131094791","131095074","5","1105379"
"chr11","130002359","130002658","chr20","18686559","18686857","29","111315800"
"chr11","130253607","130253898","chr11","131398244","131398551","28","1144637"
"chr11","130417075","130417371","chr11","131788908","131789204","11","1371833"
"chr11","130480322","130480625","chr11","131627804","131628105","9","1147482"
"chr11","130577139","130577435","chr11","131788908","131789204","12","1211769"
"chr11","130941815","130942102","chr11","132252224","132252512","11","1310409"
"chr11","130942589","130942872","chr11","132252994","132253279","16","1310405"
"chr11","130981675","130981983","chr11","132292306","132292614","8","1310631"
"chr11","131010165","131010472","chr3","2907703","2908000","44","128102462"
"chr11","131024991","131025284","chr11","132338512","132338810","15","1313521"
"chr11","131033377","131033672","chr11","132348473","132348766","5","1315096"
"chr11","131033675","131033807","chr11","132348769","132348901","1","1315094"
"chr11","131069097","131069378","chr16","62258865","62259152","41","68810232"
"chr11","131083894","131084198","chr11","132627397","132627701","7","1543503"
"chr11","131109216","131109524","chr2","116143847","116144156","35","14965369"
"chr11","131141207","131141512","chr11","132564564","132564862","12","1423357"
"chr11","131205619","131205922","chr11","132500088","132500388","8","1294469"
"chr11","131242062","131242354","chr11","132466458","132466752","5","1224396"
"chr11","131269640","131269887","chr11","132434883","132435153","25","1165243"
"chr11","131329462","131329770","chr11","132691716","132692024","5","1362254"
"chr11","131364760","131365006","chr11","132723032","132723278","6","1358272"
"chr11","131390881","131391184","chr3","2907703","2908000","35","128483178"
"chr11","131516720","131517025","chr13","88338765","88339069","33","43177955"
"chr11","131680726","131681017","chr11","133060175","133060466","8","1379449"
"chr11","131766415","131766711","chr11","133142266","133142561","5","1375851"
"chr11","131792645","131792938","chr11","133167555","133167849","10","1374910"
"chr11","131860445","131860734","chr18","15491499","15491792","35","116368946"
"chr11","131877576","131877881","chr9","92574925","92575229","34","39302651"
"chr11","131976001","131976302","chr11","133502791","133503108","18","1526790"
"chr11","131976964","131977240","chrX","148420181","148420458","41","16443217"
"chr11","132012881","132013182","chr4","146654044","146654341","36","14641163"
"chr11","132031984","132032282","chr11","133444044","133444340","11","1412060"
"chr11","132040434","132040736","chr11","133435540","133435836","17","1395106"
"chr11","132063187","132063486","chr11","133415422","133415721","8","1352235"
"chr11","132126506","132126785","chr11","133352370","133352649","4","1225864"
"chr11","132252026","132252307","chr11","133223692","133223973","2","971666"
"chr12","8781807","8782095","chr12","32945164","32945449","7","24163357"
"chr12","32374612","32374902","chr12","57418806","57419097","5","25044194"
"chr12","89522152","89522449","chr12","110035463","110035734","30","20513311"
"chr12","172214","172521","chr12","23734623","23734929","10","23562409"
"chr12","302841","303146","chr12","24109852","24110161","10","23807011"
"chr12","670569","670893","chr12","24580816","24581108","35","23910247"
"chr12","699067","699376","chr12","24610644","24610943","15","23911577"
"chr12","823360","823626","chr12","24724573","24724832","10","23901213"
"chr12","845423","845731","chr3","124765542","124765846","38","123920119"
"chr12","847948","848246","chr13","69201450","69201746","37","68353502"
"chr12","953132","953431","chr12","24852066","24852365","6","23898934"
"chr12","1092276","1092581","chr12","24994689","24994996","13","23902413"
"chr12","1097569","1097871","chr12","25000326","25000630","10","23902757"
"chr12","1525793","1526087","chr10","82781205","82781500","42","81255412"
"chr12","1588443","1588775","chr6","56510157","56510483","52","54921714"
"chr12","1608888","1609189","chr12","25555893","25556195","10","23947005"
"chr12","1660466","1660752","chr12","25607946","25608243","19","23947480"
"chr12","1819242","1819521","chr12","25768152","25768458","30","23948910"
"chr12","2503963","2504258","chr7","135720709","135720997","61","133216746"
"chr12","2542357","2542666","chr12","26540182","26540491","10","23997825"
"chr12","2610607","2610892","chr11","15469930","15470214","44","12859323"
"chr12","2636235","2636555","chr15","25147213","25147522","49","22510978"
"chr12","2809770","2810059","chr10","8569385","8569678","42","5759615"
"chr12","2969373","2969684","chr12","26972554","26972860","12","24003181"
"chr12","3048272","3048472","chr12","27053030","27053230","3","24004758"
"chr12","3073626","3073921","chr12","27080373","27080663","6","24006747"
"chr12","3142396","3142647","chr7","155507089","155507355","46","152364693"
"chr12","3507301","3507598","chr12","27495411","27495707","8","23988110"
"chr12","3860005","3860314","chr12","27909185","27909492","13","24049180"
"chr12","3978219","3978496","chr12","28029082","28029359","10","24050863"
"chr12","4047703","4048010","chr12","28098774","28099067","15","24051071"
"chr12","4135739","4136037","chr12","28185901","28186195","11","24050162"
"chr12","4189255","4189514","chr12","28241252","28241511","5","24051997"
"chr12","4767075","4767367","chr12","28850832","28851134","13","24083757"
"chr12","4838893","4839198","chr12","28915942","28916254","13","24077049"
"chr12","4850210","4850501","chr5","66767460","66767750","38","61917250"
"chr12","4906652","4906953","chr12","28980704","28981005","6","24074052"
"chr12","5176773","5177114","chr4","118215766","118216094","58","113038993"
"chr12","5254709","5255009","chr12","29352678","29352979","13","24097969"
"chr12","5767240","5767549","chr12","29872450","29872758","7","24105210"
"chr12","5992415","5992719","chr12","30100390","30100697","7","24107975"
"chr12","6101136","6101269","chr12","30208705","30208838","2","24107569"
"chr12","6468482","6468735","chr12","30575849","30576142","40","24107367"
"chr12","6655462","6655767","chr12","30763894","30764192","12","24108432"
"chr12","6815300","6815608","chr1","85224413","85224714","40","78409113"
"chr12","6822385","6822682","chr5","9787796","9788098","43","2965411"
"chr12","6824724","6825041","chr12","30939785","30940099","6","24115061"
"chr12","7210521","7210790","chr12","31326207","31326476","5","24115686"
"chr12","7226776","7227079","chr12","31342447","31342742","16","24115671"
"chr12","7598833","7599134","chr12","31706466","31706796","32","24107633"
"chr12","7814172","7814450","chr2","62338320","62338596","50","54524148"
"chr12","8167798","8168083","chr14","9459847","9460135","51","1292049"
"chr12","8259555","8259843","chr12","32381168","32381456","9","24121613"
"chr12","8553535","8553846","chr15","56843173","56843482","38","48289638"
"chr12","8725451","8725749","chr2","161960788","161961087","41","153235337"
"chr12","8886917","8887215","chr9","92895163","92895462","40","84008246"
"chr12","8951257","8951554","chr12","33111338","33111629","17","24160081"
"chr12","9060944","9061209","chr12","33211186","33211451","1","24150242"
"chr12","9221928","9222239","chr12","33375422","33375742","15","24153494"
"chr12","10098388","10098692","chr12","34263210","34263512","7","24164822"
"chr12","10115469","10115758","chr12","34280261","34280550","2","24164792"
"chr12","10189907","10190214","chr12","34354608","34354914","10","24164701"
"chr12","10232296","10232607","chr12","34397615","34397911","20","24165319"
"chr12","10246476","10246786","chr12","34411779","34412089","2","24165303"
"chr12","10289703","10289990","chr12","34454741","34455032","8","24165038"
"chr12","10309454","10309721","chr12","34474498","34474760","7","24165044"
"chr12","10364143","10364404","chr7","692377","692646","88","9671766"
"chr12","10377586","10377730","chr13","93124583","93124728","16","82746997"
"chr12","10382205","10382514","chr4","17492453","17492764","40","7110248"
"chr12","10418559","10418861","chr12","34583985","34584289","4","24165426"
"chr12","10465050","10465348","chr12","34631016","34631315","8","24165966"
"chr12","10670242","10670552","chr12","34832235","34832546","4","24161993"
"chr12","10774562","10774842","chr12","34994552","34994829","6","24219990"
"chr12","10943377","10943679","chr12","35160889","35161196","8","24217512"
"chr12","10994292","10994531","chr12","35211803","35212042","4","24217511"
"chr12","11157180","11157488","chr12","35369252","35369560","1","24212072"
"chr12","11266475","11266763","chr12","35791451","35791746","7","24524976"
"chr12","11292803","11293085","chr12","35765658","35765939","6","24472855"
"chr12","11311150","11311451","chr13","43474471","43474778","44","32163321"
"chr12","11312335","11312641","chr12","35746077","35746377","18","24433742"
"chr12","11523128","11523438","chr12","35531873","35532183","4","24008745"
"chr12","11678860","11679144","chr12","35897623","35897908","7","24218763"
"chr12","11835769","11836043","chr12","36052719","36052995","11","24216950"
"chr12","11858800","11859088","chr12","36076400","36076688","12","24217600"
"chr12","12023540","12023840","chr12","36263572","36263869","7","24240032"
"chr12","12167032","12167335","chr12","36406505","36406782","32","24239473"
"chr12","12242707","12242986","chr12","36478795","36479076","6","24236088"
"chr12","12347592","12347895","chr12","36586803","36587104","9","24239211"
"chr12","12506442","12506744","chr12","36761290","36761574","22","24254848"
"chr12","12562976","12563264","chrX","147868133","147868426","47","135305157"
"chr12","12720963","12721265","chr12","36977727","36978005","31","24256764"
"chr12","12767681","12767967","chr12","37024283","37024562","19","24256602"
"chr12","12912546","12912828","chr12","37171116","37171421","31","24258570"
"chr12","13044106","13044406","chr12","37302756","37303057","9","24258650"
"chr12","13065347","13065691","chr14","32675867","32676215","59","19610520"
"chr12","13176128","13176421","chr12","37432909","37433211","12","24256781"
"chr12","13201750","13202041","chr11","83904447","83904738","34","70702697"
"chr12","13486164","13486444","chr7","74481656","74481940","34","60995492"
"chr12","13588038","13588333","chr12","37876847","37877145","7","24288809"
"chr12","13591949","13592253","chrX","6555550","6555851","43","7036399"
"chr12","13625065","13625353","chr12","37912784","37913073","3","24287719"
"chr12","13670209","13670516","chr12","37956119","37956426","5","24285910"
"chr12","13732827","13733112","chr12","38019620","38019905","2","24286793"
"chr12","13757599","13757892","chr16","42689947","42690240","31","28932348"
"chr12","13843462","13843755","chr12","38129906","38130199","4","24286444"
"chr12","14094247","14094542","chr12","38374811","38375107","5","24280564"
"chr12","14119097","14119392","chr12","38399693","38399988","4","24280596"
"chr12","14127851","14128143","chr12","38408438","38408718","17","24280587"
"chr12","14147514","14147808","chr12","38427923","38428218","11","24280409"
"chr12","14237226","14237517","chr12","38520263","38520554","3","24283037"
"chr12","14256968","14257262","chr12","38539992","38540284","18","24283024"
"chr12","14272241","14272492","chr12","38556471","38556722","5","24284230"
"chr12","14287869","14288175","chr12","38572057","38572363","8","24284188"
"chr12","14320423","14320730","chr12","38604368","38604671","20","24283945"
"chr12","14374088","14374370","chr12","38660013","38660296","9","24285925"
"chr12","14384454","14384754","chr13","25007726","25008021","37","10623272"
"chr12","14393761","14394067","chr2","172216065","172216364","42","157822304"
"chr12","14408577","14408882","chr7","78212731","78213040","33","63804154"
"chr12","14427554","14427850","chr12","38750955","38751251","4","24323401"
"chr12","14461655","14461942","chr12","38785348","38785636","8","24323693"
"chr12","14503798","14504097","chr12","38826865","38827166","10","24323067"
"chr12","14505934","14506100","chr2","50972531","50972699","24","36466597"
"chr12","14535694","14536008","chrX","105346261","105346567","42","90810567"
"chr12","14644233","14644523","chr12","38968047","38968338","7","24323814"
"chr12","14655933","14656195","chr12","38979805","38980071","8","24323872"
"chr12","14672929","14673201","chr12","38997256","38997528","5","24324327"
"chr12","14676686","14676994","chr12","39001009","39001317","15","24324323"
"chr12","14698590","14698873","chr12","39021824","39022107","10","24323234"
"chr12","14792235","14792521","chr12","39111780","39112060","12","24319545"
"chr12","14838254","14838555","chr12","39157435","39157735","8","24319181"
"chr12","14916747","14917035","chr16","17006550","17006846","43","2089803"
"chr12","15021453","15021760","chr12","39340178","39340485","12","24318725"
"chr12","15039388","15039658","chr12","39358446","39358722","16","24319058"
"chr12","15195234","15195551","chr5","106240647","106240950","56","91045413"
"chr12","15275382","15275666","chr12","39603607","39603891","6","24328225"
"chr12","15527509","15527796","chr12","39862026","39862318","8","24334517"
"chr12","15592141","15592440","chr2","76673963","76674259","38","61081822"
"chr12","15605849","15606147","chr12","39937212","39937501","11","24331363"
"chr12","15652761","15653060","chr12","39983844","39984117","34","24331083"
"chr12","15777530","15777809","chr9","19003535","19003811","47","3226005"
"chr12","16160755","16161054","chr2","159817530","159817826","41","143656775"
"chr12","16280194","16280431","chr12","40972422","40972659","9","24692228"
"chr12","16733239","16733537","chr9","17622895","17623191","44","889656"
"chr12","16748376","16748682","chr12","41454491","41454798","12","24706115"
"chr12","16763299","16763568","chr12","41469212","41469507","30","24705913"
"chr12","16886510","16886797","chr12","41632228","41632515","4","24745718"
"chr12","16923916","16924199","chr5","98591416","98591702","34","81667500"
"chr12","16994611","16994871","chr12","41739258","41739522","10","24744647"
"chr12","17317947","17318244","chr12","42061151","42061451","19","24743204"
"chr12","17457367","17457663","chr12","42199797","42200093","4","24742430"
"chr12","17510763","17511077","chr9","118850452","118850760","44","101339689"
"chr12","17622257","17622518","chr12","42370018","42370276","8","24747761"
"chr12","17873266","17873569","chr12","42681858","42682160","9","24808592"
"chr12","18158133","18158419","chr16","60290027","60290317","42","42131894"
"chr12","18360963","18361228","chr4","69560676","69560946","43","51199713"
"chr12","18376857","18377162","chr12","43197281","43197586","3","24820424"
"chr12","18389306","18389593","chr12","43209736","43210013","19","24820430"
"chr12","18502532","18502823","chr12","43324805","43325103","14","24822273"
"chr12","18574510","18574786","chr12","43397528","43397810","10","24823018"
"chr12","18952737","18953003","chr12","43787328","43787598","8","24834591"
"chr12","19024056","19024354","chr12","43863031","43863325","6","24838975"
"chr12","19028395","19028692","chr12","43867366","43867674","13","24838971"
"chr12","19130167","19130447","chr12","43966074","43966354","2","24835907"
"chr12","19254330","19254659","chr12","44090399","44090706","24","24836069"
"chr12","19325365","19325582","chr13","34909509","34909721","34","15584144"
"chr12","19374995","19375273","chr12","44219733","44220011","2","24844738"
"chr12","19384213","19384520","chr12","44228431","44228737","5","24844218"
"chr12","19455922","19456229","chr7","16279866","16280158","44","3176056"
"chr12","19615209","19615518","chr12","44468312","44468621","4","24853103"
"chr12","19840605","19840906","chr20","14347588","14347891","31","5493017"
"chr12","19910097","19910356","chr12","44757656","44757911","11","24847559"
"chr12","19937937","19938229","chr12","44785534","44785841","20","24847597"
"chr12","19956161","19956463","chr12","44802613","44802915","4","24846452"
"chr12","20345212","20345533","chr12","45184686","45185007","7","24839474"
"chr12","20713028","20713337","chr7","51889453","51889762","34","31176425"
"chr12","20759545","20759840","chr12","45595243","45595537","26","24835698"
"chr12","20797848","20798139","chr12","45636830","45637121","5","24838982"
"chr12","20806047","20806339","chr10","80457003","80457295","43","59650956"
"chr12","20843152","20843448","chr12","45684189","45684485","5","24841037"
"chr12","20956421","20956708","chr12","45794662","45794949","6","24838241"
"chr12","21071136","21071432","chr12","45911910","45912205","12","24840774"
"chr12","21079045","21079336","chr12","45919935","45920226","4","24840890"
"chr12","21092986","21093262","chr12","45933858","45934132","5","24840872"
"chr12","21134760","21135066","chr6","71226350","71226658","36","50091590"
"chr12","21327071","21327365","chr12","46168656","46168951","5","24841585"
"chr12","21332501","21332814","chr3","166477634","166477937","46","145145133"
"chr12","21391430","21391733","chr12","46234230","46234537","10","24842800"
"chr12","21420069","21420390","chr12","46261367","46261690","7","24841298"
"chr12","21436071","21436378","chr19","33564060","33564365","42","12127989"
"chr12","21441166","21441462","chr12","46282178","46282474","4","24841012"
"chr12","21445651","21445929","chr12","46286664","46286946","7","24841013"
"chr12","21468121","21468408","chr4","123382191","123382485","39","101914070"
"chr12","21468685","21469012","chr12","46310493","46310772","58","24841808"
"chr12","21581391","21581668","chr12","46433976","46434253","2","24852585"
"chr12","21603531","21603821","chr12","46456029","46456319","8","24852498"
"chr12","21620806","21621093","chr12","46473277","46473594","35","24852471"
"chr12","21648994","21649297","chr12","46501925","46502228","3","24852931"
"chr12","21660177","21660479","chr12","46516655","46516963","10","24856478"
"chr12","21708130","21708436","chr14","63518444","63518750","39","41810314"
"chr12","21769101","21769395","chr12","46625737","46626016","22","24856636"
"chr12","21946353","21946643","chrX","39704649","39704938","33","17758296"
"chr12","22070432","22070726","chr12","46932691","46932997","22","24862259"
"chr12","22224818","22225132","chr12","47087804","47088118","6","24862986"
"chr12","22234852","22235143","chr12","47097818","47098121","20","24862966"
"chr12","22321139","22321441","chr12","47185138","47185440","3","24863999"
"chr12","22340143","22340445","chr2","68541145","68541453","48","46201002"
"chr12","22632919","22633200","chr12","47496124","47496405","3","24863205"
"chr12","22854280","22854545","chr16","12747659","12747928","44","10106621"
"chr12","22935930","22936228","chr12","47785222","47785520","5","24849292"
"chr12","22942736","22943039","chr12","47792029","47792330","6","24849293"
"chr12","23101086","23101395","chr12","47943972","47944274","13","24842886"
"chr12","23136412","23136709","chr1","9807196","9807495","41","13329216"
"chr12","23515555","23515839","chr12","48358224","48358503","7","24842669"
"chr12","23830922","23831226","chr12","48683273","48683579","4","24852351"
"chr12","23909709","23909981","chr12","48762566","48762842","16","24852857"
"chr12","24058594","24058889","chr12","48913216","48913512","7","24854622"
"chr12","24296089","24296379","chr3","176427181","176427470","35","152131092"
"chr12","24538907","24539209","chr12","49404483","49404781","21","24865576"
"chr12","24577945","24578237","chr12","49443106","49443402","13","24865161"
"chr12","25035751","25036032","chr12","49957018","49957298","5","24921267"
"chr12","25166419","25166728","chr15","92598445","92598754","41","67432026"
"chr12","25344518","25344807","chr12","50264864","50265153","3","24920346"
"chr12","25359821","25360136","chr12","50280454","50280733","39","24920633"
"chr12","25399534","25399813","chr12","50327335","50327608","10","24927801"
"chr12","25701691","25701874","chr1","12214989","12215175","27","13486702"
"chr12","25894438","25894735","chr1","14579510","14579807","36","11314928"
"chr12","26020471","26020766","chr12","68292444","68292736","34","42271973"
"chr12","26149537","26149836","chr5","39379317","39379616","35","13229780"
"chr12","26414008","26414315","chr12","51337394","51337689","13","24923386"
"chr12","26510804","26511109","chr12","51432577","51432886","8","24921773"
"chr12","26755063","26755361","chr12","51680649","51680948","9","24925586"
"chr12","26854355","26854637","chr12","51780568","51780862","13","24926213"
"chr12","27125367","27125675","chr12","52105132","52105448","16","24979765"
"chr12","27340630","27340928","chr12","52317059","52317367","16","24976429"
"chr12","27622151","27622457","chr12","52600545","52600854","27","24978394"
"chr12","28068160","28068469","chr12","53041631","53041935","19","24973471"
"chr12","28095851","28096144","chr12","53068851","53069144","6","24973000"
"chr12","28363051","28363349","chr12","53332143","53332443","5","24969092"
"chr12","28488290","28488594","chr1","27794889","27795194","44","693401"
"chr12","28523169","28523483","chr12","53501203","53501509","23","24978034"
"chr12","29080481","29080779","chr12","54103429","54103726","9","25022948"
"chr12","29149635","29149937","chr12","54172470","54172772","3","25022835"
"chr12","29267260","29267567","chr12","54291144","54291451","4","25023884"
"chr12","29646059","29646367","chr12","54670606","54670913","11","25024547"
"chr12","29701016","29701322","chr12","54726008","54726321","15","25024992"
"chr12","29846544","29846837","chr20","13550086","13550371","44","16296458"
"chr12","30099748","30100038","chr12","55136868","55137158","4","25037120"
"chr12","30112582","30112884","chr12","55149306","55149609","4","25036724"
"chr12","30132211","30132506","chr5","56701456","56701750","31","26569245"
"chr12","30148239","30148559","chr1","164622044","164622364","55","134473805"
"chr12","30196204","30196505","chr12","53041631","53041935","44","22845427"
"chr12","30246588","30246889","chr11","50621557","50621856","32","20374969"
"chr12","30342167","30342470","chr12","55379849","55380152","4","25037682"
"chr12","30375827","30376153","chr12","55413186","55413502","17","25037359"
"chr12","30786498","30786791","chr12","55817602","55817898","5","25031104"
"chr12","30794048","30794338","chr12","55825462","55825750","6","25031414"
"chr12","30799065","30799374","chr12","55830517","55830820","11","25031452"
"chr12","30802982","30803269","chr12","55834757","55835045","4","25031775"
"chr12","31071974","31072274","chr12","56102530","56102830","7","25030556"
"chr12","31279111","31279351","chr5","173505040","173505290","45","142225929"
"chr12","31413907","31414204","chr12","56443903","56444200","6","25029996"
"chr12","31426600","31426902","chr12","56455769","56456072","5","25029169"
"chr12","31480228","31480528","chr14","79203641","79203940","31","47723413"
"chr12","31501175","31501464","chr12","56534535","56534839","17","25033360"
"chr12","31586739","31587046","chr15","58063683","58063984","39","26476944"
"chr12","31658827","31659117","chr12","56697270","56697560","2","25038443"
"chr12","31708676","31708972","chr12","56746614","56746916","10","25037938"
"chr12","31717143","31717441","chr12","56755965","56756264","12","25038822"
"chr12","31721795","31722095","chr12","56760434","56760741","13","25038639"
"chr12","31780070","31780366","chr12","56811471","56811767","6","25031401"
"chr12","31797502","31797806","chr12","56829267","56829575","6","25031765"
"chr12","31835291","31835572","chr12","56867550","56867829","8","25032259"
"chr12","31883231","31883508","chr12","56914697","56914974","4","25031466"
"chr12","31978178","31978477","chr7","155089098","155089402","40","123110920"
"chr12","31987981","31988270","chr12","57022925","57023213","3","25034944"
"chr12","32035798","32036059","chr16","24707567","24707836","46","7328231"
"chr12","32286598","32286890","chr12","57332796","57333084","9","25046198"
"chr12","32288412","32288690","chr12","57334594","57334872","3","25046182"
"chr12","32366622","32366934","chr12","57410758","57411057","18","25044136"
"chr12","32371338","32371635","chr12","57415502","57415799","3","25044164"
"chr12","32374037","32374324","chr12","57418230","57418518","8","25044193"
"chr12","32374913","32375222","chr12","57419108","57419410","13","25044195"
"chr12","32379650","32379937","chr12","57423816","57424105","5","25044166"
"chr12","32389739","32390070","chr12","57433969","57434267","40","25044230"
"chr12","32504171","32504471","chr12","57547693","57547995","9","25043522"
"chr12","32612444","32612742","chr20","18686559","18686857","35","13925885"
"chr12","32615690","32615988","chr12","57667119","57667417","4","25051429"
"chr12","32625339","32625633","chr11","15124057","15124349","37","17501282"
"chr12","32653968","32654239","chr12","57736303","57736574","6","25082335"
"chr12","32694395","32694698","chr12","57778362","57778667","8","25083967"
"chr12","32978834","32979125","chr12","58057409","58057710","14","25078575"
"chr12","33036809","33037076","chr12","58116237","58116534","35","25079428"
"chr12","33047297","33047506","chr12","58126866","58127075","2","25079569"
"chr12","33067505","33067790","chr14","68620571","68620860","33","35553066"
"chr12","33085497","33085790","chr12","58164425","58164703","19","25078928"
"chr12","33120768","33121072","chr12","58199120","58199420","10","25078352"
"chr12","33141465","33141784","chr2","58157254","58157577","49","25015789"
"chr12","33158397","33158697","chr10","28933516","28933820","39","4224881"
"chr12","33167523","33167832","chr12","58244221","58244523","10","25076698"
"chr12","33196121","33196417","chr19","33673355","33673647","32","477234"
"chr12","33200182","33200485","chr12","58276441","58276746","9","25076259"
"chr12","33211760","33212069","chr12","58288364","58288673","3","25076604"
"chr12","33387714","33388010","chr12","58471616","58471910","11","25083902"
"chr12","33404899","33405197","chr12","58489748","58490053","12","25084849"
"chr12","33434706","33435014","chr12","58519852","58520161","7","25085146"
"chr12","33435897","33436129","chr4","85863805","85864052","44","52427908"
"chr12","33528054","33528353","chr12","58612999","58613302","9","25084945"
"chr12","33547423","33547715","chr12","58632050","58632339","20","25084627"
"chr12","33579548","33579850","chr12","58664876","58665176","8","25085328"
"chr12","33677390","33677685","chr12","58763912","58764210","11","25086522"
"chr12","33690187","33690482","chr12","58776846","58777141","3","25086659"
"chr12","33747617","33747917","chr10","5729998","5730296","35","28017619"
"chr12","33748101","33748410","chr12","58835309","58835618","14","25087208"
"chr12","33761818","33762121","chr18","16043575","16043873","39","17718243"
"chr12","33778513","33778823","chr12","58867219","58867529","11","25088706"
"chr12","33790139","33790420","chr6","152918820","152919108","37","119128681"
"chr12","33819955","33820243","chr17","28303429","28303717","37","5516526"
"chr12","33846303","33846584","chr12","58936073","58936336","24","25089770"
"chr12","33895356","33895641","chr12","58988304","58988590","7","25092948"
"chr12","33897981","33898268","chrX","94591676","94591967","36","60693695"
"chr12","33927531","33927809","chr14","33965254","33965529","32","37723"
"chr12","33937323","33937578","chr12","59031389","59031644","3","25094066"
"chr12","33941103","33941405","chr12","59037527","59037833","10","25096424"
"chr12","33967474","33967773","chr12","59064903","59065194","16","25097429"
"chr12","33967783","33968054","chr12","59065209","59065483","10","25097426"
"chr12","34031499","34031758","chr12","59130051","59130310","1","25098552"
"chr12","34042111","34042403","chr12","59140646","59140938","5","25098535"
"chr12","34048868","34049164","chr12","59148300","59148603","14","25099432"
"chr12","34254207","34254483","chr5","27237577","27237856","31","7016630"
"chr12","34269575","34269873","chr12","59369994","59370292","3","25100419"
"chr12","34302031","34302305","chr12","59401674","59401955","10","25099643"
"chr12","34309091","34309378","chr12","59408736","59409023","11","25099645"
"chr12","34345035","34345326","chr12","59445363","59445651","6","25100328"
"chr12","34478989","34479274","chr11","8126038","8126327","53","26352951"
"chr12","34481660","34481957","chr12","59585265","59585567","12","25103605"
"chr12","34972244","34972541","chr12","60079478","60079765","11","25107234"
"chr12","34973214","34973514","chr12","60080428","60080724","8","25107214"
"chr12","35053359","35053648","chr12","60162418","60162710","4","25109059"
"chr12","35136557","35136860","chr12","60246975","60247278","3","25110418"
"chr12","35142554","35142840","chr12","60252999","60253285","6","25110445"
"chr12","35310509","35310813","chr1","27243298","27243603","37","8067211"
"chr12","35368671","35368953","chr12","60473529","60473813","5","25104858"
"chr12","35642652","35642959","chr3","178720612","178720906","47","143077960"
"chr12","35790531","35790843","chr1","77960911","77961215","37","42170380"
"chr12","35874264","35874543","chr12","60971144","60971422","7","25096880"
"chr12","35947709","35948005","chr12","61045629","61045928","4","25097920"
"chr12","36148412","36148707","chr12","61248590","61248881","13","25100178"
"chr12","36253494","36253791","chr12","61354532","61354829","11","25101038"
"chr12","36257973","36258261","chr12","61359370","61359659","7","25101397"
"chr12","36286146","36286455","chr12","61385907","61386216","12","25099761"
"chr12","36327220","36327538","chr3","30115080","30115399","39","6212140"
"chr12","36346326","36346606","chrX","129090023","129090312","47","92743697"
"chr12","36354643","36354930","chr6","152918820","152919108","29","116564177"
"chr12","36373199","36373502","chr12","61471168","61471471","9","25097969"
"chr12","36389214","36389496","chr12","61487152","61487434","0","25097938"
"chr12","36426567","36426873","chr9","64467764","64468068","37","28041197"
"chr12","36434090","36434396","chr9","64467764","64468068","37","28033674"
"chr12","36438750","36439046","chr12","61536249","61536548","5","25097499"
"chr12","36447682","36447936","chr12","61545497","61545753","7","25097815"
"chr12","36461957","36462244","chr12","61559474","61559761","3","25097517"
"chr12","36500412","36500715","chr12","61598224","61598518","14","25097812"
"chr12","36538163","36538429","chr12","61635979","61636244","10","25097816"
"chr12","36570435","36570734","chr12","61668885","61669181","10","25098450"
"chr12","36810865","36811171","chr12","61905771","61906077","5","25094906"
"chr12","36852006","36852292","chr12","61946570","61946858","9","25094564"
"chr12","36868636","36868937","chr16","68417177","68417484","40","31548541"
"chr12","36874644","36874931","chr12","61965782","61966060","19","25091138"
"chr12","36896587","36896902","chr2","123634900","123635187","66","86738313"
"chr12","36998754","36999044","chr12","62088761","62089050","9","25090007"
"chr12","37055075","37055372","chr12","62145976","62146284","19","25090901"
"chr12","37178597","37178901","chr12","62267733","62268040","7","25089136"
"chr12","37305742","37305996","chr12","62396361","62396615","4","25090619"
"chr12","37710803","37711087","chr12","62803537","62803821","8","25092734"
"chr12","37853758","37854056","chr1","16210912","16211212","40","21642846"
"chr12","37909863","37910176","chr12","63003251","63003557","10","25093388"
"chr12","37918938","37919229","chr12","63013289","63013579","9","25094351"
"chr12","38076864","38077118","chr12","63167371","63167626","2","25090507"
"chr12","38150134","38150436","chr12","63241371","63241673","7","25091237"
"chr12","38199219","38199527","chr12","63291684","63291993","5","25092465"
"chr12","38213039","38213331","chr12","63307558","63307849","4","25094519"
"chr12","38249262","38249557","chr12","63344401","63344702","8","25095139"
"chr12","38272435","38272661","chr6","173603368","173603598","44","135330933"
"chr12","38827953","38828244","chr12","63926367","63926658","11","25098414"
"chr12","39038431","39038700","chr12","64177406","64177673","6","25138975"
"chr12","39047227","39047524","chr12","64186198","64186482","21","25138971"
"chr12","39070969","39071264","chr12","64210290","64210586","1","25139321"
"chr12","39132575","39132867","chr12","64271359","64271659","12","25138784"
"chr12","39207253","39207533","chr12","64347499","64347779","5","25140246"
"chr12","39233450","39233749","chr12","64374574","64374873","5","25141124"
"chr12","39403564","39403860","chr12","64545052","64545348","6","25141488"
"chr12","39671962","39672247","chr12","64811689","64811974","5","25139727"
"chr12","39815713","39816019","chr12","64969183","64969490","2","25153470"
"chr12","39900223","39900521","chr12","65053443","65053741","6","25153220"
"chr12","39900522","39900826","chr12","65053742","65054040","20","25153220"
"chr12","39997672","39997999","chr12","65154707","65155030","21","25157035"
"chr12","40012756","40013041","chr12","65169898","65170185","6","25157142"
"chr12","40018339","40018636","chr12","65175514","65175815","10","25157175"
"chr12","40076391","40076690","chr12","65234547","65234849","8","25158156"
"chr12","40113950","40114270","chr3","42669239","42669561","49","2555289"
"chr12","40141589","40141798","chr12","65315954","65316163","3","25174365"
"chr12","40190099","40190408","chr3","167367975","167368283","37","127177876"
"chr12","40318928","40319219","chr12","65493528","65493802","29","25174600"
"chr12","40342972","40343231","chr12","65517371","65517631","7","25174399"
"chr12","40421984","40422249","chr12","65595747","65596010","7","25173763"
"chr12","40658875","40659182","chrX","136971933","136972241","34","96313058"
"chr12","40746590","40746852","chr12","65922384","65922646","8","25175794"
"chr12","40780092","40780377","chr12","65956967","65957251","6","25176875"
"chr12","40818976","40819275","chr19","37522601","37522900","7","3296375"
"chr12","41032192","41032498","chr12","66212594","66212900","7","25180402"
"chr12","41039227","41039547","chr1","158799114","158799422","48","117759887"
"chr12","41115059","41115353","chr12","66301306","66301604","9","25186247"
"chr12","41136717","41136994","chr12","66323434","66323715","10","25186717"
"chr12","41745737","41746048","chr1","155684536","155684837","46","113938799"
"chr12","41808431","41808737","chr12","66998477","66998782","2","25190046"
"chr12","41843952","41844256","chr12","67033553","67033862","12","25189601"
"chr12","42054219","42054497","chr7","36156329","36156605","41","5897890"
"chr12","42150944","42151252","chr3","156289160","156289463","45","114138216"
"chr12","42926352","42926625","chr12","68124612","68124880","16","25198260"
"chr12","43082803","43083094","chr3","15821629","15821920","41","27261174"
"chr12","43097173","43097464","chr12","68292444","68292736","4","25195271"
"chr12","43190421","43190703","chr12","68382780","68383062","6","25192359"
"chr12","43386168","43386456","chr12","68585488","68585776","4","25199320"
"chr12","43399156","43399453","chr12","68599427","68599722","7","25200271"
"chr12","43465134","43465421","chr12","68667085","68667372","12","25201951"
"chr12","43571132","43571419","chr1","164853933","164854236","43","121282801"
"chr12","43830947","43831250","chr17","20020464","20020779","51","23810483"
"chr12","44100744","44101047","chr12","69305637","69305940","4","25204893"
"chr12","44104268","44104583","chr12","69309149","69309454","60","25204881"
"chr12","44128094","44128410","chr12","69333015","69333331","7","25204921"
"chr12","44263966","44264268","chr12","69504605","69504908","5","25240639"
"chr12","44296124","44296405","chr12","69537891","69538172","6","25241767"
"chr12","44528998","44529290","chr17","41312708","41313005","40","3216290"
"chr12","44675499","44675832","chr12","69913901","69914210","31","25238402"
"chr12","44680971","44681313","chr12","69919369","69919672","45","25238398"
"chr12","44849849","44850122","chr12","70087592","70087865","2","25237743"
"chr12","44915224","44915524","chr12","70152765","70153059","11","25237541"
"chr12","44926633","44926923","chr3","70058965","70059256","29","25132332"
"chr12","45009099","45009391","chr12","70247047","70247340","7","25237948"
"chr12","45047744","45048048","chr12","70289728","70290040","12","25241984"
"chr12","45195224","45195408","chr6","17443795","17443984","34","27751429"
"chr12","45195828","45195962","chr12","70463939","70464073","0","25268111"
"chr12","45573470","45573694","chr12","70851668","70851892","7","25278198"
"chr12","45591224","45591496","chr12","70869655","70869927","3","25278431"
"chr12","47039471","47039753","chr12","72416972","72417264","20","25377501"
"chr12","47046100","47046396","chr12","72423622","72423919","5","25377522"
"chr12","47192721","47193017","chr12","72569164","72569462","8","25376443"
"chr12","47221171","47221322","chr16","18814671","18814822","22","28406500"
"chr12","47330839","47331150","chr12","72701713","72702009","24","25370874"
"chr12","47383742","47384011","chr12","72751902","72752172","3","25368160"
"chr12","48004721","48005021","chr12","73379881","73380190","14","25375160"
"chr12","48448800","48449117","chr12","73832549","73832854","22","25383749"
"chr12","48512952","48513247","chr12","73896814","73897108","9","25383862"
"chr12","48559829","48560139","chr12","73943212","73943522","8","25383383"
"chr12","48662242","48662415","chr16","10610909","10611073","34","38051333"
"chr12","48662670","48662803","chr12","74045759","74045892","1","25383089"
"chr12","48713473","48713759","chr12","74096914","74097201","3","25383441"
"chr12","48734486","48734783","chr20","18686559","18686857","38","30047927"
"chr12","48830371","48830668","chr12","74255834","74256131","9","25425463"
"chr12","48855017","48855316","chr12","74280621","74280919","5","25425604"
"chr12","48857431","48857720","chr12","74283701","74284007","20","25426270"
"chr12","48858306","48858593","chr12","74284575","74284862","6","25426269"
"chr12","48871539","48871837","chr8","23427599","23427898","33","25443940"
"chr12","48926340","48926650","chr12","74357371","74357673","19","25431031"
"chr12","49158621","49158902","chr12","74603274","74603556","2","25444653"
"chr12","49459607","49459903","chr12","74926145","74926438","9","25466538"
"chr12","49486054","49486322","chr12","74953467","74953737","4","25467413"
"chr12","49618489","49618759","chr12","75085650","75085930","16","25467161"
"chr12","49625895","49626204","chr12","75093055","75093363","12","25467160"
"chr12","49699736","49700024","chr12","75157566","75157850","13","25457830"
"chr12","49761422","49761726","chr12","75219080","75219382","6","25457658"
"chr12","49937541","49937845","chr7","155089098","155089402","37","105151557"
"chr12","50069952","50070256","chr12","75589514","75589805","17","25519562"
"chr12","50072730","50073028","chr12","75592281","75592585","9","25519551"
"chr12","50184080","50184368","chr13","70435293","70435581","35","20251213"
"chr12","50291706","50292002","chr12","75810622","75810917","2","25518916"
"chr12","50467814","50468125","chr5","42073224","42073534","45","8394590"
"chr12","50620319","50620597","chr12","76143618","76143897","6","25523299"
"chr12","51002727","51003002","chr12","76549327","76549601","13","25546600"
"chr12","51049906","51050216","chr17","80853644","80853952","33","29803738"
"chr12","51126650","51126939","chr12","76674313","76674601","9","25547663"
"chr12","51136432","51136739","chr7","40311972","40312281","44","10824460"
"chr12","51232949","51233236","chrX","54693201","54693490","40","3460252"
"chr12","51291770","51292076","chr16","61253797","61254104","35","9962027"
"chr12","51297231","51297511","chr12","76848211","76848491","3","25550980"
"chr12","51365731","51366035","chr12","76917995","76918288","14","25552264"
"chr12","51439110","51439408","chr16","72733551","72733852","38","21294441"
"chr12","51651302","51651597","chr19","35833541","35833836","36","15817761"
"chr12","51668779","51669043","chr12","77221665","77221929","4","25552886"
"chr12","51748452","51748741","chr12","77317855","77318145","4","25569403"
"chr12","51840675","51840974","chr19","17348876","17349180","31","34491799"
"chr12","51853133","51853422","chr12","77447357","77447648","12","25594224"
"chr12","51919245","51919543","chr12","77511605","77511894","19","25592360"
"chr12","51986158","51986456","chr12","77631445","77631742","13","25645287"
"chr12","52128075","52128367","chr7","113114993","113115282","42","60986918"
"chr12","52222147","52222461","chr12","78042059","78042368","9","25819912"
"chr12","52223639","52223945","chr12","78043535","78043845","9","25819896"
"chr12","52352919","52353204","chr12","78175857","78176130","15","25822938"
"chr12","52434556","52434847","chr16","42689947","42690240","27","9744609"
"chr12","52581672","52581958","chr12","78469156","78469463","27","25887484"
"chr12","52637292","52637590","chr12","78524860","78525157","5","25887568"
"chr12","52788538","52788839","chr12","78675701","78676002","7","25887163"
"chr12","52815121","52815418","chr12","78702658","78702954","5","25887537"
"chr12","52826210","52826499","chr12","78714766","78715058","8","25888556"
"chr12","52889204","52889316","chr16","3324369","3324480","19","49564835"
"chr12","53034944","53035101","chr2","197254395","197254543","35","144219451"
"chr12","53088776","53089070","chr12","78984319","78984615","8","25895543"
"chr12","53191743","53192048","chr12","79088336","79088640","4","25896593"
"chr12","53203881","53204196","chr12","79100065","79100373","16","25896184"
"chr12","53246146","53246423","chr7","116442706","116442972","43","63196560"
"chr12","53328125","53328399","chr12","79225765","79226040","8","25897640"
"chr12","53676346","53676556","chr3","3788512","3788743","54","49887834"
"chr12","53698632","53698921","chr12","79562789","79563081","10","25864157"
"chr12","53755983","53756289","chr12","79627294","79627601","6","25871311"
"chr12","53892430","53892738","chr12","79762883","79763186","9","25870453"
"chr12","54307587","54307893","chr12","80192157","80192459","9","25884570"
"chr12","54825385","54825678","chr20","2767919","2768213","36","52057466"
"chr12","54861162","54861465","chr12","80737164","80737471","13","25876002"
"chr12","54936388","54936694","chr15","104189456","104189762","53","49253068"
"chr12","55062360","55062664","chr12","80935563","80935866","4","25873203"
"chr12","55066034","55066320","chr12","80939259","80939545","3","25873225"
"chr12","55133895","55134203","chr12","81002850","81003154","11","25868955"
"chr12","55233990","55234253","chr12","81103188","81103451","11","25869198"
"chr12","55470068","55470197","chr9","32417127","32417258","28","23052941"
"chr12","55500541","55500833","chr2","152591064","152591354","5","97090523"
"chr12","55573775","55574068","chr2","152518285","152518550","38","96944510"
"chr12","55624958","55625245","chr2","152466320","152466605","4","96841362"
"chr12","55880086","55880366","chr2","152231999","152232266","19","96351913"
"chr12","56139768","56140078","chr2","151984228","151984536","13","95844460"
"chr12","56356591","56356830","chr2","151754880","151755119","5","95398289"
"chr12","56374421","56374714","chr2","151739740","151740031","5","95365319"
"chr12","56535941","56536180","chr2","151578713","151578953","4","95042772"
"chr12","56555180","56555452","chr2","151558249","151558547","34","95003069"
"chr12","56567757","56568069","chr2","151545726","151546029","20","94977969"
"chr12","56962768","56963063","chr1","142335943","142336240","44","85373175"
"chr12","56991382","56991675","chr2","151127983","151128275","9","94136601"
"chr12","57048914","57049222","chr2","151070139","151070439","16","94021225"
"chr12","57153615","57153915","chr2","150962404","150962698","13","93808789"
"chr12","57328205","57328496","chr2","150797357","150797645","6","93469152"
"chr12","57333019","57333304","chr2","150792570","150792848","11","93459551"
"chr12","57405341","57405606","chr3","136046156","136046428","35","78640815"
"chr12","57424316","57424613","chr1","209176258","209176559","43","151751942"
"chr12","57835884","57836146","chr2","150294622","150294884","1","92458738"
"chr12","58039704","58040002","chr1","54194492","54194783","39","3845212"
"chr12","58069283","58069581","chr2","150059710","150060014","19","91990427"
"chr12","58190446","58190737","chr2","149938609","149938908","12","91748163"
"chr12","58336113","58336420","chr2","149791029","149791333","13","91454916"
"chr12","58377578","58377710","chr3","165473560","165473692","17","107095982"
"chr12","58487183","58487480","chr2","149638223","149638525","18","91151040"
"chr12","58519121","58519407","chr2","149606386","149606671","5","91087265"
"chr12","58579492","58579726","chr3","12977033","12977264","43","45602459"
"chr12","58598366","58598670","chr2","149527699","149527990","19","90929333"
"chr12","58614502","58614806","chr2","149511538","149511846","16","90897036"
"chr12","58639630","58639930","chr2","149488541","149488839","4","90848911"
"chr12","58667201","58667505","chr2","149460656","149460958","10","90793455"
"chr12","58671351","58671624","chr19","48455949","48456222","38","10215402"
"chr12","58729400","58729688","chr13","26320162","26320446","47","32409238"
"chr12","58766751","58767060","chr2","149360642","149360949","6","90593891"
"chr12","58910727","58911018","chr2","149216622","149216913","2","90305895"
"chr12","59032117","59032414","chr1","80585878","80586179","40","21553761"
"chr12","59063737","59064035","chr2","149065001","149065293","9","90001264"
"chr12","59109234","59109517","chr2","148958354","148958637","3","89849120"
"chr12","59111839","59112122","chr18","9361654","9361933","47","49750185"
"chr12","59129920","59130205","chr2","148939034","148939321","5","89809114"
"chr12","59132947","59133247","chr11","32266424","32266733","40","26866523"
"chr12","59148558","59148848","chr2","148920135","148920425","10","89771577"
"chr12","59156616","59156916","chr2","148913082","148913374","17","89756466"
"chr12","59191674","59191975","chr2","148880230","148880528","12","89688556"
"chr12","59210893","59211193","chr2","148863097","148863397","7","89652204"
"chr12","59213567","59213852","chr1","90066848","90067142","50","30853281"
"chr12","59218847","59219138","chr2","148856459","148856748","7","89637612"
"chr12","59254200","59254496","chr1","92863912","92864206","30","33609712"
"chr12","59256311","59256604","chr2","148818253","148818555","16","89561942"
"chr12","59417216","59417525","chr15","56843173","56843482","33","2574043"
"chr12","59505156","59505344","chr2","148571147","148571335","1","89065991"
"chr12","59564795","59565092","chr2","148511441","148511738","3","88946646"
"chr12","59641860","59642136","chr2","148432182","148432458","5","88790322"
"chr12","59909224","59909527","chr2","148160071","148160368","33","88250847"
"chr12","60115837","60116109","chr8","2097050","2097327","41","58018787"
"chr12","60213795","60214104","chr5","40465076","40465381","46","19748719"
"chr12","60289367","60289625","chr2","147776576","147776833","3","87487209"
"chr12","60370015","60370335","chr3","42669239","42669561","34","17700776"
"chr12","60370532","60370825","chr2","147695983","147696276","7","87325451"
"chr12","60397885","60398190","chr2","159817530","159817826","43","99419645"
"chr12","60436636","60436936","chrX","54056403","54056701","40","6380233"
"chr12","61202344","61202641","chr2","146797593","146797887","12","85595249"
"chr12","61284145","61284455","chr2","146719971","146720252","31","85435826"
"chr12","62504271","62504566","chr12","82189023","82189323","10","19684752"
"chr12","62589990","62590274","chr9","95558389","95558678","43","32968399"
"chr12","62606300","62606612","chr12","82289852","82290131","39","19683552"
"chr12","62738496","62738791","chr12","82423091","82423355","34","19684595"
"chr12","62818354","62818626","chr12","82503497","82503769","4","19685143"
"chr12","62820683","62821002","chr12","82505535","82505824","30","19684852"
"chr12","62901299","62901607","chr1","42771177","42771482","39","20130122"
"chr12","62916936","62917242","chr12","82617155","82617467","17","19700219"
"chr12","62947717","62948001","chr12","82649435","82649719","3","19701718"
"chr12","62954251","62954562","chr12","82655724","82656036","6","19701473"
"chr12","62959474","62959759","chr1","135506029","135506310","41","72546555"
"chr12","62996451","62996737","chr12","82699195","82699481","7","19702744"
"chr12","63203523","63203819","chr12","82909931","82910226","9","19706408"
"chr12","63238843","63239149","chr12","82944827","82945133","3","19705984"
"chr12","63299859","63300171","chr16","38432270","38432579","32","24867589"
"chr12","63429328","63429604","chr12","83132205","83132481","5","19702877"
"chr12","63566712","63567015","chr12","83272185","83272489","5","19705473"
"chr12","63590353","63590631","chr5","187971465","187971742","37","124381112"
"chr12","63633639","63633936","chr12","83337631","83337927","6","19703992"
"chr12","63700274","63700561","chr12","83399007","83399298","8","19698733"
"chr12","63706492","63706801","chr12","83405211","83405520","7","19698719"
"chr12","63867132","63867420","chr12","83562363","83562672","26","19695231"
"chr12","63883566","63883875","chr12","83578988","83579278","29","19695422"
"chr12","63933134","63933442","chr12","83631979","83632287","6","19698845"
"chr12","63982952","63983279","chr12","83681730","83682055","4","19698778"
"chr12","64009747","64010046","chr12","83709236","83709529","18","19699489"
"chr12","64033166","64033463","chr12","83732768","83733064","7","19699602"
"chr12","64055603","64055891","chr6","152918820","152919108","28","88863217"
"chr12","64062546","64062826","chr12","83761315","83761595","3","19698769"
"chr12","64083699","64083993","chr4","123382191","123382485","29","59298492"
"chr12","64084293","64084598","chr12","83807718","83808023","11","19723425"
"chr12","64107086","64107382","chr12","83810317","83810614","3","19703231"
"chr12","64135994","64136288","chr12","83839896","83840186","5","19703902"
"chr12","64147180","64147484","chr12","83853105","83853410","8","19705925"
"chr12","64156536","64156811","chr12","83860810","83861087","6","19704274"
"chr12","64175728","64176022","chr12","83883206","83883500","4","19707478"
"chr12","64177781","64178075","chr12","118810083","118810383","42","54632302"
"chr12","64181909","64182202","chr12","83889047","83889340","1","19707138"
"chr12","64195709","64195972","chr12","83902602","83902865","3","19706893"
"chr12","64238578","64238893","chr13","30550542","30550849","36","33688036"
"chr12","64243873","64244178","chr12","83951379","83951683","9","19707506"
"chr12","64253900","64254193","chr12","83960565","83960858","1","19706665"
"chr12","64260440","64260573","chr5","127348010","127348143","13","63087570"
"chr12","64277346","64277648","chr12","83986583","83986876","13","19709237"
"chr12","64287512","64287807","chr17","3534031","3534326","38","60753481"
"chr12","64295184","64295477","chr12","84004676","84004971","6","19709492"
"chr12","64318755","64319059","chr7","33355426","33355726","42","30963329"
"chr12","64345035","64345331","chr12","84054530","84054824","4","19709495"
"chr12","64376028","64376315","chr12","84085269","84085556","2","19709241"
"chr12","64393683","64393991","chr2","110081022","110081329","43","45687339"
"chr12","64418451","64418723","chr12","84127898","84128170","5","19709447"
"chr12","64420477","64420712","chr1","137190571","137190798","30","72770094"
"chr12","64421002","64421285","chr12","84131006","84131285","9","19710004"
"chr12","64427475","64427809","chr12","84137757","84138090","3","19710282"
"chr12","64432691","64432989","chr12","84143197","84143495","8","19710506"
"chr12","64445915","64446210","chr12","84156672","84156967","5","19710757"
"chr12","64478159","64478448","chr12","84188784","84189074","7","19710625"
"chr12","64484710","64485011","chr12","84195341","84195643","5","19710631"
"chr12","64498194","64498495","chr12","84208343","84208667","32","19710149"
"chr12","64508403","64508682","chrX","129090023","129090312","44","64581620"
"chr12","64509712","64509998","chr12","84219858","84220144","3","19710146"
"chr12","64536363","64536645","chr19","10238882","10239160","40","54297481"
"chr12","64544463","64544761","chr2","188433413","188433706","52","123888950"
"chr12","64562064","64562373","chr12","84272068","84272377","12","19710004"
"chr12","64605679","64605974","chr12","84359834","84360105","27","19754155"
"chr12","64628836","64629132","chr12","84380648","84380944","2","19751812"
"chr12","64722664","64722973","chr12","84474726","84475035","5","19752062"
"chr12","64766270","64766578","chr12","84519302","84519610","4","19753032"
"chr12","64789207","64789469","chr12","84542340","84542628","30","19753133"
"chr12","64803336","64803635","chr5","39379317","39379616","35","25424019"
"chr12","64813165","64813441","chr8","111467890","111468163","38","46654725"
"chr12","64814833","64815105","chr12","84569298","84569573","9","19754465"
"chr12","64867588","64867888","chr12","84623291","84623596","14","19755703"
"chr12","64870660","64870959","chr12","84626384","84626684","4","19755724"
"chr12","65050809","65051101","chr12","84807823","84808139","26","19757014"
"chr12","65139209","65139511","chr12","84895678","84895981","1","19756469"
"chr12","65139843","65140145","chr1","209176258","209176559","30","144036415"
"chr12","65157948","65158253","chr7","52141746","52142048","32","13016202"
"chr12","65163793","65164049","chr7","139803863","139804120","36","74640070"
"chr12","65182103","65182219","chr12","84938388","84938509","5","19756285"
"chr12","65200959","65201270","chr12","84959396","84959704","4","19758437"
"chr12","65212548","65212854","chr12","84971042","84971354","16","19758494"
"chr12","65222525","65222829","chr12","84980857","84981161","6","19758332"
"chr12","65232798","65233087","chr12","84991444","84991726","12","19758646"
"chr12","65241397","65241683","chr17","61384269","61384565","42","3857128"
"chr12","65382487","65382792","chr12","85136346","85136650","12","19753859"
"chr12","65422105","65422400","chr12","85176196","85176483","14","19754091"
"chr12","65489319","65489608","chr12","85242758","85243047","3","19753439"
"chr12","65565470","65565606","chr12","85319146","85319278","8","19753676"
"chr12","65573370","65573674","chr12","85327426","85327723","13","19754056"
"chr12","65578032","65578317","chr12","85332049","85332334","4","19754017"
"chr12","65580426","65580717","chr15","50005754","50006046","33","15574672"
"chr12","65599411","65599685","chrX","101188584","101188863","40","35589173"
"chr12","65695065","65695328","chr12","85446031","85446305","16","19750966"
"chr12","65995062","65995367","chr12","85748417","85748719","5","19753355"
"chr12","66175748","66176051","chr12","85929482","85929781","7","19753734"
"chr12","66180132","66180425","chr12","85933539","85933831","5","19753407"
"chr12","66615861","66616142","chr12","86413925","86414206","4","19798064"
"chr12","67025400","67025691","chr2","134996721","134997010","34","67971321"
"chr12","67095487","67095791","chr12","86881149","86881423","33","19785662"
"chr12","67224948","67225254","chr12","87011163","87011471","9","19786215"
"chr12","67264645","67264945","chr12","87050643","87050936","12","19785998"
"chr12","67300724","67301018","chr12","87087156","87087447","8","19786432"
"chr12","67330267","67330575","chr12","87117894","87118209","14","19787627"
"chr12","67823628","67823936","chr12","87610193","87610501","3","19786565"
"chr12","67911771","67911976","chr7","168072983","168073185","30","100161212"
"chr12","67914882","67915180","chr17","77048222","77048524","33","9133340"
"chr12","67938072","67938317","chr5","173505040","173505290","36","105566968"
"chr12","67949104","67949398","chr6","67399708","67400003","32","549396"
"chr12","67997763","67998045","chr1","93000086","93000373","55","25002323"
"chr12","68021406","68021703","chr12","87806785","87807079","4","19785379"
"chr12","68024779","68025076","chr15","49257520","49257819","33","18767259"
"chr12","68085426","68085612","chr9","21873208","21873390","25","46212218"
"chr12","68085613","68085673","chr4","34095140","34095210","20","33990473"
"chr12","68105468","68105789","chr12","87885754","87886068","11","19780286"
"chr12","68106643","68106891","chrX","102654070","102654323","41","34547427"
"chr12","68168338","68168638","chr3","49433375","49433671","37","18734963"
"chr12","68248435","68248743","chr12","88037304","88037612","6","19788869"
"chr12","68292540","68292846","chr12","88081319","88081640","17","19788779"
"chr12","68313901","68314186","chr12","88102728","88103014","3","19788827"
"chr12","68498213","68498520","chr12","88285995","88286303","9","19787782"
"chr12","68517764","68518070","chr11","104144744","104145046","39","35626980"
"chr12","68645064","68645354","chr12","88434400","88434690","11","19789336"
"chr12","68728727","68729011","chrX","35777786","35778074","38","32950941"
"chr12","68828125","68828418","chr12","88617416","88617708","5","19789291"
"chr12","69124026","69124319","chr14","56823261","56823557","23","12300765"
"chr12","69435429","69435737","chr12","89218488","89218793","11","19783059"
"chr12","69489417","69489719","chr11","15268596","15268897","49","54220821"
"chr12","69500014","69500123","chr1","31568405","31568522","18","37931609"
"chr12","69502453","69502756","chr12","89284717","89285015","10","19782264"
"chr12","69554730","69555017","chr12","89337185","89337479","10","19782455"
"chr12","69582251","69582543","chr11","34016163","34016458","32","35566088"
"chr12","69649503","69649803","chr16","41944651","41944958","46","27704852"
"chr12","69652076","69652383","chr12","89437849","89438156","4","19785773"
"chr12","69653552","69653870","chr20","28912825","28913117","54","40740727"
"chr12","69686746","69687030","chr3","64645499","64645782","34","5041247"
"chr12","69692277","69692566","chr12","89478668","89478957","4","19786391"
"chr12","69694427","69694724","chr16","72733551","72733852","31","3039124"
"chr12","69701899","69702205","chr12","89488907","89489211","6","19787008"
"chr12","69703436","69703734","chr12","89490706","89491001","13","19787270"
"chr12","69706193","69706490","chr12","89493482","89493779","3","19787289"
"chr12","69750922","69751217","chr12","89538925","89539207","17","19788003"
"chr12","69779718","69779865","chr12","89564949","89565092","11","19785231"
"chr12","69827163","69827450","chr12","89616041","89616334","16","19788878"
"chr12","69830904","69831204","chr12","89620116","89620417","21","19789212"
"chr12","69876884","69877179","chr12","89666018","89666313","3","19789134"
"chr12","69939011","69939302","chr12","89727614","89727908","24","19788603"
"chr12","69964934","69965250","chr12","89753468","89753782","6","19788534"
"chr12","69967493","69967801","chr12","89756004","89756312","17","19788511"
"chr12","70007875","70008184","chr12","89795405","89795714","2","19787530"
"chr12","70017557","70017861","chr12","89804342","89804646","6","19786785"
"chr12","70066780","70067069","chr12","89854074","89854362","21","19787294"
"chr12","70072713","70073013","chr12","89860000","89860295","16","19787287"
"chr12","70104168","70104457","chr12","89854074","89854362","16","19749906"
"chr12","70153785","70154091","chr12","89939043","89939343","15","19785258"
"chr12","70156731","70157032","chr16","17475253","17475556","41","52681478"
"chr12","70182897","70183214","chr12","89963376","89963666","33","19780479"
"chr12","70216163","70216461","chr12","89995825","89996130","11","19779662"
"chr12","70236719","70237013","chr12","90016507","90016802","9","19779788"
"chr12","70305356","70305654","chr12","90085149","90085447","3","19779793"
"chr12","70724017","70724322","chr12","90512564","90512868","9","19788547"
"chr12","70976198","70976474","chr12","90763124","90763401","11","19786926"
"chr12","70981043","70981347","chr9","63865184","63865486","30","7115859"
"chr12","71219175","71219480","chr1","42771177","42771482","38","28447998"
"chr12","71421069","71421367","chr12","91214906","91215208","14","19793837"
"chr12","71506392","71506624","chr12","91303443","91303675","4","19797051"
"chr12","71526532","71526840","chr7","133462935","133463240","30","61936403"
"chr12","71783875","71784175","chr7","133462935","133463240","38","61679060"
"chr12","71878313","71878612","chr12","91670874","91671174","11","19792561"
"chr12","72012201","72012507","chr12","91804943","91805248","8","19792742"
"chr12","72047477","72047783","chr12","91839748","91840055","8","19792271"
"chr12","72114579","72114844","chr12","91898270","91898561","34","19783691"
"chr12","72142505","72142805","chr12","91921032","91921332","7","19778527"
"chr12","72290906","72291215","chr12","92072776","92073085","2","19781870"
"chr12","72488280","72488535","chr12","92272478","92272735","5","19784198"
"chr12","72748928","72749214","chr12","92580369","92580662","20","19831441"
"chr12","72865921","72866195","chr12","92696375","92696655","10","19830454"
"chr12","72976429","72976730","chr12","92805822","92806127","10","19829393"
"chr12","73246718","73247017","chr12","93080295","93080599","12","19833577"
"chr12","73302070","73302374","chr12","93133432","93133734","4","19831362"
"chr12","73366888","73367166","chr12","93207147","93207417","18","19840259"
"chr12","73415347","73415640","chr12","93254309","93254601","9","19838962"
"chr12","73583865","73584190","chr12","93424425","93424749","13","19840560"
"chr12","73813899","73814200","chr12","93722909","93723193","32","19909010"
"chr12","73984031","73984345","chr15","25147213","25147522","36","48836818"
"chr12","74307868","74308163","chr12","94223084","94223350","33","19915216"
"chr12","74555331","74555650","chr12","94519639","94519959","3","19964308"
"chr12","74799767","74800071","chr12","94778423","94778718","17","19978656"
"chr12","74914053","74914360","chr1","223903771","223904078","41","148989718"
"chr12","75103296","75103579","chr12","95120474","95120782","28","20017178"
"chr12","75123815","75124086","chr12","95140513","95140783","5","20016698"
"chr12","75259141","75259411","chr12","95273947","95274217","6","20014806"
"chr12","75396778","75397079","chr2","69451589","69451895","36","5945189"
"chr12","75540288","75540573","chr4","30749508","30749793","36","44790780"
"chr12","75555499","75555821","chr12","95575134","95575456","8","20019635"
"chr12","75672125","75672423","chr12","95689390","95689679","18","20017265"
"chr12","75718591","75718892","chr12","95735402","95735696","26","20016811"
"chr12","76012000","76012299","chr12","96116701","96117010","13","20104701"
"chr12","76335801","76336099","chr12","96427863","96428160","6","20092062"
"chr12","76396416","76396717","chr19","8632783","8633081","36","67763633"
"chr12","76443124","76443406","chr2","106222108","106222394","34","29778984"
"chr12","76652395","76652657","chr1","207064650","207064912","43","130412255"
"chr12","76689285","76689575","chr12","96784436","96784727","6","20095151"
"chr12","76722475","76722768","chr5","66767460","66767750","32","9955015"
"chr12","76760380","76760629","chr12","96854898","96855149","6","20094518"
"chr12","76816961","76817253","chr3","81949441","81949734","35","5132480"
"chr12","76906691","76906988","chr16","42689947","42690240","33","34216744"
"chr12","76963113","76963420","chr8","63724629","63724930","39","13238484"
"chr12","77036922","77037186","chr12","97130852","97131109","18","20093930"
"chr12","77070686","77070980","chr12","97164609","97164905","12","20093923"
"chr12","77091981","77092274","chr12","97185511","97185811","15","20093530"
"chr12","77126160","77126467","chr12","97218778","97219087","11","20092618"
"chr12","77148906","77149174","chr12","97241805","97242073","4","20092899"
"chr12","77233159","77233461","chr12","97324876","97325177","9","20091717"
"chr12","77265240","77265534","chr12","97357153","97357450","5","20091913"
"chr12","77272725","77273024","chr12","97364688","97364994","12","20091963"
"chr12","77351895","77352187","chr12","97444395","97444686","6","20092500"
"chr12","77662049","77662356","chr12","97803615","97803920","10","20141566"
"chr12","77684862","77685167","chrX","128903017","128903324","36","51218155"
"chr12","77702198","77702488","chr6","68573864","68574151","36","9128334"
"chr12","77752718","77753003","chr12","97895025","97895318","11","20142307"
"chr12","77756899","77757185","chr12","97899145","97899431","3","20142246"
"chr12","77790707","77791007","chr12","97932647","97932948","8","20141940"
"chr12","77834080","77834372","chr12","97975999","97976294","10","20141919"
"chr12","77854489","77854795","chr12","97996984","97997289","4","20142495"
"chr12","77878112","77878412","chr12","98022729","98023029","8","20144617"
"chr12","77899901","77900194","chr12","98044808","98045104","12","20144907"
"chr12","77919236","77919526","chr12","98063997","98064287","5","20144761"
"chr12","77953404","77953719","chr12","98098786","98099067","38","20145382"
"chr12","77963522","77963787","chr12","98109980","98110244","11","20146458"
"chr12","78171688","78171994","chr12","98377815","98378121","12","20206127"
"chr12","78263298","78263591","chr12","98468478","98468783","21","20205180"
"chr12","78365796","78366098","chr2","94680090","94680393","30","16314294"
"chr12","78389359","78389652","chr12","98594980","98595277","10","20205621"
"chr12","78413158","78413456","chr12","98619784","98620072","16","20206626"
"chr12","78447155","78447455","chr12","98653676","98653945","34","20206521"
"chr12","78467035","78467330","chr12","98674582","98674877","3","20207547"
"chr12","78514224","78514511","chr12","98721046","98721332","5","20206822"
"chr12","78562423","78562729","chr12","98769236","98769532","13","20206813"
"chr12","78679224","78679470","chr12","98886862","98887108","3","20207638"
"chr12","79252662","79252966","chr12","99454010","99454313","6","20201348"
"chr12","79388646","79388947","chr12","99590367","99590661","12","20201721"
"chr12","79414082","79414388","chr3","52705300","52705602","40","26708782"
"chr12","79457321","79457626","chr12","99659964","99660269","3","20202643"
"chr12","79902600","79902903","chr12","100108673","100108976","12","20206073"
"chr12","79974234","79974491","chr20","73865215","73865463","50","6109019"
"chr12","79974762","79975067","chr9","44621517","44621813","49","35353245"
"chr12","80039782","80039958","chr8","28275885","28276060","21","51763897"
"chr12","80065983","80066276","chr12","100272346","100272636","8","20206363"
"chr12","80068803","80069107","chr12","100275780","100276093","14","20206977"
"chr12","80112977","80113275","chr12","100321397","100321694","9","20208420"
"chr12","80153607","80153916","chr5","145496055","145496364","41","65342448"
"chr12","80168779","80169078","chr12","100376150","100376448","4","20207371"
"chr12","80194138","80194446","chr12","100401068","100401392","17","20206930"
"chr12","80204946","80205245","chr1","8456043","8456342","35","71748903"
"chr12","80205352","80205653","chr12","100412385","100412685","10","20207033"
"chr12","80273938","80274166","chr12","100481120","100481351","12","20207182"
"chr12","80290906","80291213","chr12","100497926","100498247","16","20207020"
"chr12","80318373","80318707","chr12","100526415","100526724","28","20208042"
"chr12","80349090","80349379","chr3","43892554","43892846","33","36456536"
"chr12","80358307","80358611","chr12","37956119","37956426","39","42402188"
"chr12","80368978","80369265","chr12","100578530","100578817","7","20209552"
"chr12","80427357","80427646","chr12","100637596","100637879","10","20210239"
"chr12","80439927","80440223","chr12","100650497","100650793","1","20210570"
"chr12","80444300","80444601","chr12","100654908","100655209","7","20210608"
"chr12","80507885","80508173","chr12","100721451","100721728","19","20213566"
"chr12","80512141","80512435","chr12","100725166","100725461","2","20213025"
"chr12","80592722","80593014","chr12","100805448","100805736","11","20212726"
"chr12","80605731","80606028","chr1","38838128","38838427","40","41767603"
"chr12","80610578","80610865","chr12","100822609","100822892","25","20212031"
"chr12","80645105","80645402","chr10","13855681","13855975","34","66789424"
"chr12","80674497","80674799","chr12","100885829","100886137","21","20211332"
"chr12","80684606","80684901","chr12","100896206","100896497","16","20211600"
"chr12","80687778","80688072","chr12","100899384","100899678","6","20211606"
"chr12","80755486","80755785","chr12","100968788","100969086","4","20213302"
"chr12","80955247","80955547","chr12","101169597","101169936","44","20214350"
"chr12","81054450","81054751","chr12","101268853","101269153","4","20214403"
"chr12","81104033","81104327","chr12","101318439","101318735","6","20214406"
"chr12","81129603","81129889","chr12","101343646","101343932","10","20214043"
"chr12","81221832","81222132","chr2","204026603","204026901","31","122804771"
"chr12","81228914","81229207","chr2","159817530","159817826","34","78588616"
"chr12","81270757","81271066","chr14","15392965","15393273","38","65877792"
"chr12","81274008","81274297","chr12","101487922","101488215","8","20213914"
"chr12","81276856","81277154","chr12","101490617","101490894","24","20213761"
"chr12","81289066","81289375","chr12","101502691","101502994","21","20213625"
"chr12","81335760","81336069","chr12","101548546","101548858","11","20212786"
"chr12","81492483","81492793","chr12","101713784","101714101","12","20221301"
"chr12","81583628","81583918","chr1","135697326","135697617","34","54113698"
"chr12","81658858","81659153","chr11","34016163","34016458","30","47642695"
"chr12","81691144","81691469","chr3","166642468","166642788","39","84951324"
"chr12","81883540","81883842","chr1","197754806","197755105","43","115871266"
"chr12","82110696","82111003","chr12","102328386","102328684","22","20217690"
"chr12","82337476","82337727","chr12","102603359","102603610","5","20265883"
"chr12","82396765","82397088","chr19","46486663","46486979","45","35910102"
"chr12","82467823","82468131","chr12","102743581","102743886","12","20275758"
"chr12","82685739","82686010","chr12","102957796","102958067","12","20272057"
"chr12","82766069","82766370","chr12","103040051","103040351","6","20273982"
"chr12","83069185","83069485","chrX","23305368","23305667","38","59763817"
"chr12","83276127","83276425","chr12","103566793","103567098","16","20290666"
"chr12","83512998","83513289","chr12","103803600","103803891","16","20290602"
"chr12","83792478","83792766","chr12","104124251","104124539","1","20331773"
"chr12","83941052","83941347","chr12","104273432","104273728","5","20332380"
"chr12","84032720","84033018","chr12","104363385","104363681","8","20330665"
"chr12","84150133","84150426","chr12","104477935","104478247","21","20327802"
"chr12","84352519","84352812","chr1","69563268","69563560","32","14789251"
"chr12","84449643","84449926","chr12","104780926","104781221","18","20331283"
"chr12","84651763","84652043","chr12","104986958","104987258","25","20335195"
"chr12","84666825","84667138","chr12","105001677","105001991","14","20334852"
"chr12","84772996","84773304","chr12","105116942","105117249","9","20343946"
"chr12","84783888","84784186","chr12","105128185","105128483","3","20344297"
"chr12","84843295","84843612","chr12","105188446","105188730","33","20345151"
"chr12","84887836","84888128","chr12","105231664","105231956","11","20343828"
"chr12","84901273","84901578","chr11","104195420","104195722","46","19294147"
"chr12","85075989","85076299","chr12","105430492","105430792","23","20354503"
"chr12","85221343","85221645","chr12","105578503","105578801","15","20357160"
"chr12","85223147","85223449","chr12","105580730","105581035","7","20357583"
"chr12","85284280","85284560","chr12","105641837","105642116","2","20357557"
"chr12","85348042","85348339","chr12","105706133","105706435","10","20358091"
"chr12","85576091","85576395","chr12","105933306","105933610","18","20357215"
"chr12","85721692","85721977","chr3","174397153","174397439","38","88675461"
"chr12","85759275","85759564","chr12","106140295","106140593","12","20381020"
"chr12","85774922","85775191","chr12","106155975","106156239","13","20381053"
"chr12","85841710","85842001","chrX","10950571","10950857","44","74891139"
"chr12","85844673","85844967","chr12","106224640","106224937","15","20379967"
"chr12","85875898","85876200","chr20","27332382","27332672","43","58543516"
"chr12","85940193","85940522","chr12","106319947","106320276","13","20379754"
"chr12","85988305","85988601","chr12","106367765","106368060","4","20379460"
"chr12","86141666","86141964","chr12","106524487","106524785","1","20382821"
"chr12","86265240","86265535","chr12","106655428","106655723","3","20390188"
"chr12","86290254","86290536","chr1","116998086","116998379","48","30707832"
"chr12","86323026","86323310","chr12","106713543","106713836","13","20390517"
"chr12","86456268","86456569","chr12","106846312","106846613","12","20390044"
"chr12","86516554","86516862","chr12","106907042","106907350","13","20390488"
"chr12","86587482","86587772","chr12","106978447","106978741","15","20390965"
"chr12","86633429","86633733","chr12","107022347","107022651","5","20388918"
"chr12","86729860","86730145","chr12","107118010","107118295","2","20388150"
"chr12","86733623","86733770","chr12","107121770","107121917","1","20388147"
"chr12","86757133","86757440","chr12","107145444","107145746","11","20388311"
"chr12","86910781","86911083","chr12","107311528","107311835","10","20400747"
"chr12","86920333","86920587","chr3","4653498","4653751","37","82266835"
"chr12","87036152","87036467","chr12","107435286","107435601","7","20399134"
"chr12","87068836","87069143","chr12","107470042","107470347","8","20401206"
"chr12","87369615","87369892","chr12","107774397","107774674","4","20404782"
"chr12","87500203","87500501","chr12","107905631","107905929","6","20405428"
"chr12","87526957","87527264","chr12","107934143","107934447","10","20407186"
"chr12","87600890","87601177","chr12","108011099","108011386","5","20410209"
"chr12","87787028","87787322","chr12","108203533","108203827","5","20416505"
"chr12","87857476","87857755","chr12","108330322","108330602","6","20472846"
"chr12","87995586","87995869","chr12","108472952","108473234","7","20477366"
"chr12","88490515","88490838","chr12","108965390","108965715","11","20474875"
"chr12","88627635","88627932","chr12","109136027","109136336","18","20508392"
"chr12","88815173","88815468","chr12","109332068","109332364","5","20516895"
"chr12","89199744","89200037","chr12","109709432","109709726","13","20509688"
"chr12","89399485","89399774","chr12","109912968","109913255","6","20513483"
"chr12","89503491","89503778","chr13","27759040","27759327","35","61744451"
"chr12","89519597","89519862","chr12","110032863","110033136","16","20513266"
"chr12","89523378","89523687","chr12","110036666","110036976","12","20513288"
"chr12","89551773","89552065","chr12","110064953","110065248","18","20513180"
"chr12","89571371","89571670","chr12","110084920","110085219","7","20513549"
"chr12","89614323","89614619","chr12","110129731","110130022","9","20515408"
"chr12","89710334","89710636","chr3","2907703","2908000","45","86802631"
"chr12","89745343","89745624","chr12","110260523","110260804","16","20515180"
"chr12","89840185","89840490","chr12","110357066","110357376","22","20516881"
"chr12","90275773","90276080","chr12","110840803","110841101","25","20565030"
"chr12","90492213","90492525","chr12","111056913","111057227","14","20564700"
"chr12","90599088","90599359","chr12","111160615","111160886","8","20561527"
"chr12","90640727","90641017","chr12","111202035","111202334","13","20561308"
"chr12","90888104","90888410","chr3","164658968","164659268","41","73770864"
"chr12","91247761","91248065","chr12","111858678","111858986","8","20610917"
"chr12","91253051","91253359","chr12","35160889","35161196","41","56092162"
"chr12","91269998","91270299","chr12","111880991","111881293","10","20610993"
"chr12","91271401","91271705","chr12","111882391","111882694","10","20610990"
"chr12","91277796","91278103","chr12","111889138","111889445","9","20611342"
"chr12","91429614","91429899","chr12","112036870","112037160","12","20607256"
"chr12","91588056","91588349","chr12","112190478","112190771","1","20602422"
"chr12","91611986","91612273","chr12","112213989","112214276","5","20602003"
"chr12","91612592","91612888","chr12","112214595","112214888","6","20602003"
"chr12","91726523","91726821","chr5","138939246","138939543","37","47212723"
"chr12","91767862","91768152","chr12","112372902","112373187","9","20605040"
"chr12","91769091","91769377","chr12","112374128","112374415","4","20605037"
"chr12","91784991","91785177","chr1","12214989","12215175","25","79570002"
"chr12","91785676","91785971","chr12","112390076","112390366","18","20604400"
"chr12","91788817","91789107","chr12","112392580","112392860","24","20603763"
"chr12","91801651","91801957","chr2","27976817","27977124","39","63824834"
"chr12","91831852","91832041","chr12","112435507","112435696","1","20603655"
"chr12","91832294","91832335","chr9","12111432","12111473","13","79720862"
"chr12","91846825","91847134","chr12","112451004","112451314","4","20604179"
"chr12","91863814","91864119","chr12","112467957","112468259","8","20604143"
"chr12","91868717","91869013","chr12","98721046","98721332","38","6852329"
"chr12","92023283","92023573","chr12","112621160","112621452","10","20597877"
"chr12","92075706","92076003","chr12","112673950","112674247","3","20598244"
"chr12","92416101","92416400","chr12","113013954","113014246","19","20597853"
"chr12","92420719","92421017","chr12","113019283","113019591","19","20598564"
"chr12","92438688","92439015","chr2","159817530","159817826","56","67378842"
"chr12","92445406","92445703","chr12","113043051","113043340","13","20597645"
"chr12","92450295","92450594","chr12","113048255","113048556","13","20597960"
"chr12","92543390","92543682","chr12","113139981","113140269","7","20596591"
"chr12","92556471","92556768","chr12","113152823","113153120","8","20596352"
"chr12","92567337","92567615","chr12","113164109","113164388","14","20596772"
"chr12","92600216","92600501","chr12","113192588","113192891","24","20592372"
"chr12","92603336","92603641","chr12","113195709","113196011","7","20592373"
"chr12","92816433","92816723","chr9","54432681","54432972","33","38383752"
"chr12","92983736","92984027","chr12","113577647","113577937","8","20593911"
"chr12","92985620","92985925","chr12","113579539","113579832","16","20593919"
"chr12","92988867","92989181","chr12","113582805","113583113","12","20593938"
"chr12","93038523","93038816","chr13","75416924","75417216","34","17621599"
"chr12","93054651","93054960","chr12","113650117","113650424","11","20595466"
"chr12","93055138","93055438","chr11","94996337","94996634","37","1941199"
"chr12","93061175","93061462","chr12","113656578","113656864","4","20595403"
"chr12","93094129","93094426","chr3","155832002","155832298","32","62737873"
"chr12","93120049","93120345","chr12","113719471","113719770","6","20599422"
"chr12","93131130","93131432","chr12","113730943","113731246","31","20599813"
"chr12","93140036","93140332","chr12","113739538","113739837","10","20599502"
"chr12","93165811","93166104","chr17","24607969","24608272","38","68557842"
"chr12","93190652","93190947","chr12","113791389","113791695","16","20600737"
"chr12","93225596","93225896","chr12","113831306","113831606","6","20605710"
"chr12","93227252","93227522","chr12","113832952","113833222","7","20605700"
"chr12","93261748","93262026","chr7","138974415","138974693","36","45712667"
"chr12","93280940","93281231","chr7","141673277","141673569","34","48392337"
"chr12","93283868","93284185","chr12","113935757","113936046","37","20651889"
"chr12","93307203","93307481","chr5","7366766","7367042","46","85940437"
"chr12","93455769","93456073","chr12","114114320","114114613","16","20658551"
"chr12","93461751","93462060","chr12","114119966","114120275","3","20658215"
"chr12","93491961","93492261","chr1","42771177","42771482","35","50720784"
"chr12","93540393","93540704","chr12","114202945","114203256","4","20662552"
"chr12","93544751","93545040","chr12","114206490","114206782","5","20661739"
"chr12","93563540","93563843","chr12","114224752","114225064","29","20661212"
"chr12","93570580","93570891","chr12","114231769","114232079","6","20661189"
"chr12","93600318","93600605","chr12","114261885","114262168","23","20661567"
"chr12","93626935","93627229","chr12","114286624","114286919","10","20659689"
"chr12","93688571","93688873","chr12","114350936","114351232","29","20662365"
"chr12","93769867","93770179","chr12","114431843","114432150","13","20661976"
"chr12","93871274","93871587","chr2","179582629","179582952","46","85711355"
"chr12","94010776","94011060","chr12","114676194","114676478","3","20665418"
"chr12","94030821","94031104","chr15","16161350","16161635","38","77869471"
"chr12","94034261","94034567","chr12","114701860","114702165","5","20667599"
"chr12","94378300","94378595","chr4","123382191","123382485","36","29003891"
"chr12","94397619","94397919","chr7","131677920","131678217","38","37280301"
"chr12","94403926","94404237","chr12","115101626","115101937","7","20697700"
"chr12","94424554","94424853","chr1","81764535","81764830","40","12660019"
"chr12","94451122","94451415","chr12","115148364","115148658","10","20697242"
"chr12","94457717","94458016","chr13","87502258","87502557","35","6955459"
"chr12","94484862","94485130","chr10","7614483","7614755","35","86870379"
"chr12","94489379","94489681","chr4","13146500","13146804","35","81342879"
"chr12","94525551","94525847","chr12","115226938","115227235","6","20701387"
"chr12","94605280","94605556","chr12","115307438","115307714","6","20702158"
"chr12","94629360","94629662","chr12","115331808","115332119","19","20702448"
"chr12","94642998","94643278","chr12","115345531","115345811","3","20702533"
"chr12","94668018","94668308","chr12","115371073","115371367","7","20703055"
"chr12","94740129","94740420","chr12","115445539","115445825","13","20705410"
"chr12","94749410","94749709","chr1","54194492","54194783","46","40554918"
"chr12","94757631","94757942","chr12","115462964","115463275","9","20705333"
"chr12","94768030","94768307","chr12","115473411","115473715","33","20705381"
"chr12","94778595","94778903","chr12","115483717","115484009","29","20705122"
"chr12","94861290","94861583","chr1","210895757","210896056","37","116034467"
"chr12","94887469","94887778","chr2","110081022","110081329","36","15193553"
"chr12","94892182","94892490","chr5","104191246","104191551","34","9299064"
"chr12","95038683","95038953","chr12","115751125","115751402","15","20712442"
"chr12","95133962","95134238","chr12","115845745","115846021","5","20711783"
"chr12","95143392","95143693","chrX","117413509","117413814","39","22270117"
"chr12","95153754","95154064","chr12","115866658","115866968","3","20712904"
"chr12","95412117","95412410","chr12","116126825","116127116","21","20714708"
"chr12","95630917","95631204","chr12","116316530","116316818","19","20685613"
"chr12","95678834","95679119","chr12","116364902","116365191","10","20686068"
"chr12","95682204","95682501","chr14","78253788","78254087","41","17428416"
"chr12","95801650","95801959","chr4","157336957","157337266","36","61535307"
"chr12","95949171","95949449","chr1","92976068","92976340","52","2973103"
"chr12","95984241","95984534","chr12","116663008","116663307","11","20678767"
"chr12","96050791","96051095","chr12","116731378","116731682","9","20680587"
"chr12","96109829","96110103","chr12","116790589","116790888","29","20680760"
"chr12","96119388","96119685","chr12","116800642","116800935","13","20681254"
"chr12","96195486","96195806","chr12","116877914","116878219","25","20682428"
"chr12","96254911","96255182","chr1","37192272","37192550","46","59062639"
"chr12","96265820","96266126","chr1","97443874","97444180","30","1178054"
"chr12","96406529","96406802","chr12","117116247","117116521","7","20709718"
"chr12","96503836","96504132","chr12","117209322","117209637","35","20705486"
"chr12","96540180","96540485","chr12","117244413","117244704","29","20704233"
"chr12","96567157","96567459","chr12","117269904","117270207","10","20702747"
"chr12","96694808","96695115","chrX","128903017","128903324","34","32208209"
"chr12","96730542","96730829","chr12","117430187","117430474","12","20699645"
"chr12","96739295","96739592","chr12","117439030","117439328","12","20699735"
"chr12","97026210","97026517","chr12","117725879","117726180","8","20699669"
"chr12","97079365","97079657","chr12","117779057","117779358","23","20699692"
"chr12","97121062","97121322","chr12","117821220","117821475","8","20700158"
"chr12","97139761","97140068","chr20","28643539","28643841","55","68496222"
"chr12","97159212","97159511","chr12","117860847","117861146","7","20701635"
"chr12","97184468","97184758","chr12","117933846","117934136","6","20749378"
"chr12","97208339","97208579","chr12","117957927","117958181","17","20749588"
"chr12","97222882","97223175","chr12","117973131","117973424","5","20750249"
"chr12","97280589","97280897","chr12","118031485","118031793","4","20750896"
"chr12","97295897","97296175","chr12","118047139","118047419","13","20751242"
"chr12","97458868","97459160","chr12","118209948","118210240","9","20751080"
"chr12","97466247","97466544","chr12","118217545","118217823","34","20751298"
"chr12","97682243","97682536","chr16","70355292","70355584","38","27326951"
"chr12","97896825","97897120","chr12","118774464","118774763","7","20877639"
"chr12","97900026","97900336","chr14","9185562","9185868","39","88714464"
"chr12","97921845","97922143","chr12","118798884","118799185","10","20877039"
"chr12","97927359","97927645","chr2","179915651","179915937","4","81988292"
"chr12","97932930","97933230","chr12","118810083","118810383","4","20877153"
"chr12","98028534","98028835","chr12","118904346","118904638","18","20875812"
"chr12","98211229","98211518","chr12","119089042","119089324","11","20877813"
"chr12","98372264","98372566","chr12","119252910","119253213","15","20880646"
"chr12","98563816","98564100","chr12","119442875","119443159","7","20879059"
"chr12","98620852","98621152","chr12","119498388","119498689","13","20877536"
"chr12","98626122","98626430","chr20","578611","578919","37","98047511"
"chr12","98806377","98806681","chr12","119685800","119686104","4","20879423"
"chr12","98867618","98867927","chr12","25000326","25000630","33","73867292"
"chr12","99035832","99036084","chr12","119916536","119916789","3","20880704"
"chr12","99147046","99147356","chr12","120066993","120067303","2","20919947"
"chr12","99219127","99219431","chr12","120141442","120141730","20","20922315"
"chr12","99267235","99267543","chr12","120189411","120189718","11","20922176"
"chr12","99357004","99357309","chr12","120279670","120279962","17","20922666"
"chr12","99400607","99400903","chr1","160746617","160746912","30","61346010"
"chr12","99409023","99409327","chr12","120338475","120338782","22","20929452"
"chr12","99523207","99523499","chr12","120453580","120453876","14","20930373"
"chr12","99646183","99646445","chr12","120576918","120577179","4","20930735"
"chr12","99698146","99698454","chr12","120625117","120625426","19","20926971"
"chr12","99727377","99727685","chr12","120654686","120654999","11","20927309"
"chr12","99753734","99754017","chr12","120682369","120682656","6","20928635"
"chr12","99801886","99802187","chr12","120732243","120732538","14","20930357"
"chr12","99811894","99812191","chr3","155832002","155832298","36","56020108"
"chr12","99836904","99837206","chr7","16352052","16352358","38","83484852"
"chr12","99890056","99890169","chr7","135418148","135418264","18","35528092"
"chr12","99890971","99891144","chr16","75347784","75347947","43","24543187"
"chr12","99944770","99945047","chr12","120877698","120877980","14","20932928"
"chr12","99992411","99992708","chrX","41739817","41740115","33","58252594"
"chr12","100164080","100164387","chr12","121103107","121103416","12","20939027"
"chr12","100212524","100212814","chr10","29967988","29968277","43","70244536"
"chr12","100306398","100306695","chr3","2907703","2908000","35","97398695"
"chr12","100603916","100604210","chr1","31482751","31483040","37","69121165"
"chr12","100668122","100668415","chr12","121596163","121596453","17","20928041"
"chr12","100953540","100953815","chr12","121882621","121882896","5","20929081"
"chr12","101249030","101249339","chr19","12775179","12775488","45","88473851"
"chr12","101256311","101256605","chr3","178720612","178720906","28","77464301"
"chr12","101448711","101449002","chr3","45936006","45936298","37","55512705"
"chr12","101457804","101458087","chr4","157766628","157766913","66","56308824"
"chr12","101940458","101940739","chr9","53653623","53653900","36","48286835"
"chr12","102727494","102727800","chr12","123752212","123752507","15","21024718"
"chr12","102855349","102855657","chr12","123913102","123913407","13","21057753"
"chr12","102936091","102936390","chr12","123995971","123996268","7","21059880"
"chr12","102985355","102985664","chr2","68541145","68541453","40","34444210"
"chr12","103013610","103013758","chr1","135967601","135967745","26","32953991"
"chr12","103077145","103077448","chr12","124143753","124144052","6","21066608"
"chr12","103089574","103089860","chr1","128504108","128504392","43","25414534"
"chr12","103129290","103129598","chr12","124195438","124195746","5","21066148"
"chr12","103140891","103141177","chr12","124207802","124208088","8","21066911"
"chr12","103219655","103219954","chr12","124291321","124291616","5","21071666"
"chr12","103247376","103247679","chr12","124318628","124318931","6","21071252"
"chr12","103251129","103251429","chr1","121564029","121564325","36","18312900"
"chr12","103307907","103308216","chr12","124379558","124379862","37","21071651"
"chr12","103324779","103325000","chr12","124396907","124397127","6","21072128"
"chr12","103397009","103397298","chr12","124470788","124471077","2","21073779"
"chr12","103445266","103445579","chr12","124519461","124519772","4","21074195"
"chr12","103449843","103450149","chr12","124524280","124524587","9","21074437"
"chr12","103527002","103527299","chr12","124605781","124606079","6","21078779"
"chr12","103541820","103542126","chr14","115784371","115784680","39","12242551"
"chr12","103603813","103603976","chr13","95853746","95853904","11","7750067"
"chr12","103609766","103610075","chr1","20736821","20737127","36","82872945"
"chr12","103656377","103656635","chr16","66253137","66253387","44","37403240"
"chr12","103786872","103787160","chr12","125143094","125143381","7","21356222"
"chr12","103794946","103795251","chr12","125157044","125157333","22","21362098"
"chr12","103929900","103930208","chr12","125297228","125297537","12","21367328"
"chr12","103983236","103983544","chr12","125350554","125350867","17","21367318"
"chr13","67763963","67764261","chr13","69909216","69909514","4","2145253"
"chr13","71958513","71958805","chr13","74109261","74109538","23","2150748"
"chr13","100794286","100794585","chr13","105156668","105156967","6","4362382"
"chr13","160233","160444","chr13","161436","161646","3","1203"
"chr13","454658","454956","chr13","462361","462613","49","7703"
"chr13","476028","476292","chr7","135127404","135127668","33","134651376"
"chr13","605815","606079","chr1","54449422","54449695","46","53843607"
"chr13","662318","662629","chr3","33958255","33958559","43","33295937"
"chr13","870359","870663","chr7","95157109","95157413","37","94286750"
"chr13","1080901","1081157","chr13","1123948","1124211","17","43047"
"chr13","1097371","1097639","chr1","119228005","119228271","38","118130634"
"chr13","1228383","1228616","chr13","1273117","1273351","23","44734"
"chr13","1554835","1555142","chr13","1640485","1640792","13","85650"
"chr13","1711196","1711480","chr4","30749508","30749793","34","29038312"
"chr13","1721266","1721553","chr13","1791453","1791740","6","70187"
"chr13","1747941","1748248","chr13","32517157","32517465","32","30769216"
"chr13","1832586","1832881","chrX","46465964","46466258","37","44633378"
"chr13","1848335","1848659","chr13","1918855","1919177","12","70520"
"chr13","2011511","2011817","chr13","2083976","2084282","6","72465"
"chr13","2049679","2049938","chr13","2121797","2122054","7","72118"
"chr13","2124047","2124328","chr13","2197980","2198261","7","73933"
"chr13","2133180","2133480","chr2","109146671","109146969","39","107013491"
"chr13","2209471","2209766","chrX","91580819","91581111","40","89371348"
"chr13","2264274","2264573","chr13","2339220","2339518","7","74946"
"chr13","2318771","2319065","chr13","2393532","2393842","22","74761"
"chr13","2513035","2513347","chr13","2587604","2587905","15","74569"
"chr13","2643467","2643769","chr4","1527672","1527974","43","1115795"
"chr13","2777989","2778291","chr13","2865572","2865875","9","87583"
"chr13","2807332","2807500","chr2","50972531","50972699","31","48165199"
"chr13","2807823","2808129","chr13","2897133","2897438","12","89310"
"chr13","2959005","2959306","chr3","178720612","178720906","41","175761607"
"chr13","3023461","3023754","chr12","38730045","38730338","73","35706584"
"chr13","3035767","3036068","chr13","3502584","3502885","3","466817"
"chr13","3668773","3669029","chr8","95118680","95118939","40","91449907"
"chr13","3765384","3765693","chr13","4255046","4255354","7","489662"
"chr13","3821023","3821172","chr16","64032903","64033034","38","60211880"
"chr13","3821676","3821779","chr6","136256332","136256433","17","132434656"
"chr13","3995938","3996241","chr3","123358548","123358850","41","119362610"
"chr13","4203695","4203996","chr13","3139330","3139635","8","1064365"
"chr13","4274954","4275257","chr17","48498951","48499244","43","44223997"
"chr13","4297254","4297566","chr13","3237872","3238184","14","1059382"
"chr13","4303153","4303447","chrX","23945033","23945336","42","19641880"
"chr13","4324395","4324658","chr17","58869463","58869717","39","54545068"
"chr13","4456765","4457040","chr13","3403430","3403704","34","1053335"
"chr13","4494261","4494544","chr13","5094054","5094337","6","599793"
"chr13","4523173","4523456","chr7","27042398","27042682","46","22519225"
"chr13","4539378","4539681","chr9","95714588","95714889","37","91175210"
"chr13","4908700","4909014","chr13","5558182","5558495","11","649482"
"chr13","5378212","5378494","chr13","6025613","6025901","9","647401"
"chr13","5441352","5441651","chr11","52880952","52881244","47","47439600"
"chr13","5479243","5479552","chr13","6126997","6127304","12","647754"
"chr13","5508670","5508940","chr3","114900891","114901161","37","109392221"
"chr13","5551127","5551292","chr13","6198911","6199066","15","647784"
"chr13","5551335","5551465","chr13","6199107","6199231","16","647772"
"chr13","5614263","5614559","chr13","6261207","6261498","9","646944"
"chr13","5636097","5636236","chr1","120036311","120036451","19","114400214"
"chr13","5656181","5656488","chr13","6304083","6304390","17","647902"
"chr13","5662226","5662532","chr3","157325503","157325810","39","151663277"
"chr13","5676304","5676601","chr13","6325091","6325384","11","648787"
"chr13","5699871","5700181","chr13","6348601","6348913","28","648730"
"chr13","5737670","5737967","chr13","6384759","6385056","4","647089"
"chr13","5920929","5921211","chr13","6574578","6574858","5","653649"
"chr13","6174691","6174980","chr13","6836204","6836500","12","661513"
"chr13","6184595","6184881","chr13","6842943","6843229","0","658348"
"chr13","6553070","6553371","chr13","7208391","7208699","12","655321"
"chr13","6561543","6561812","chr13","7216823","7217092","5","655280"
"chr13","6563967","6564248","chr13","7219244","7219525","8","655277"
"chr13","6641484","6641792","chr13","7296831","7297153","24","655347"
"chr13","6848680","6848981","chr13","7502641","7502942","2","653961"
"chr13","6957067","6957377","chr13","7609347","7609658","9","652280"
"chr13","7016608","7016899","chr13","7669601","7669895","10","652993"
"chr13","7107953","7108261","chr13","7763081","7763371","22","655128"
"chr13","7180211","7180534","chr13","7831826","7832149","3","651615"
"chr13","7214278","7214573","chr13","7865852","7866138","15","651574"
"chr13","7244242","7244541","chr13","7895807","7896108","6","651565"
"chr13","7356264","7356569","chr13","8009533","8009838","3","653269"
"chr13","8002111","8002401","chr13","8657930","8658219","9","655819"
"chr13","8034745","8035034","chr1","109940155","109940440","36","101905410"
"chr13","8063979","8064273","chr13","8720361","8720657","6","656382"
"chr13","8228907","8229194","chr13","8884685","8884976","7","655778"
"chr13","8232909","8233212","chr13","8888352","8888658","9","655443"
"chr13","8375738","8376043","chr1","139284674","139284976","37","130908936"
"chr13","8459960","8460237","chr11","47075027","47075312","48","38615067"
"chr13","8572642","8572943","chrX","53853476","53853770","38","45280834"
"chr13","8620183","8620473","chr13","9325352","9325642","6","705169"
"chr13","8694828","8695129","chr13","9399533","9399835","8","704705"
"chr13","8731816","8732114","chr13","9436127","9436425","4","704311"
"chr13","8738212","8738520","chr13","9442627","9442939","7","704415"
"chr13","8743038","8743344","chr18","34881303","34881600","27","26138265"
"chr13","8745874","8746041","chr14","10246675","10246842","20","1500801"
"chr13","8752346","8752644","chr1","203760404","203760696","45","195008058"
"chr13","8788397","8788708","chr13","9492968","9493279","3","704571"
"chr13","8817680","8817976","chr13","9523443","9523740","8","705763"
"chr13","8839629","8839906","chr13","9545799","9546075","4","706170"
"chr13","8856744","8856997","chr13","9563573","9563821","10","706829"
"chr13","8857512","8857814","chr14","16510334","16510631","36","7652822"
"chr13","8861698","8861988","chr18","27319732","27320020","38","18458034"
"chr13","8896929","8897228","chr13","9600712","9601008","14","703783"
"chr13","8940715","8940931","chr13","9646718","9646934","2","706003"
"chr13","9025440","9025728","chr1","87763483","87763772","38","78738043"
"chr13","9110088","9110384","chr13","9825638","9825930","16","715550"
"chr13","9133651","9133942","chr13","9847128","9847418","7","713477"
"chr13","9162326","9162624","chr13","9875253","9875574","27","712927"
"chr13","9217650","9217938","chr13","9931226","9931511","4","713576"
"chr13","9218671","9218961","chr1","45674019","45674310","53","36455348"
"chr13","9277302","9277598","chr13","9987225","9987530","14","709923"
"chr13","9346728","9347030","chr13","10058546","10058848","8","711818"
"chr13","9350485","9350776","chr13","10061999","10062289","6","711514"
"chr13","9448568","9448873","chr13","10157933","10158230","16","709365"
"chr13","9500001","9500279","chr1","120455514","120455792","37","110955513"
"chr13","9611606","9611894","chr8","142706351","142706635","50","133094745"
"chr13","9796260","9796583","chr13","10504833","10505115","48","708573"
"chr13","9879782","9880069","chr13","10592865","10593152","6","713083"
"chr13","9938405","9938706","chr13","10650598","10650906","15","712193"
"chr13","9957386","9957686","chr13","10670270","10670570","6","712884"
"chr13","9965341","9965634","chr13","10678250","10678548","11","712909"
"chr13","9975110","9975397","chr13","10688142","10688429","4","713032"
"chr13","9979801","9980085","chr5","155801351","155801618","23","145821550"
"chr13","10009895","10010157","chr13","10724958","10725220","3","715063"
"chr13","10028238","10028583","chr13","10751216","10751546","18","722978"
"chr13","10045000","10045278","chr16","73148116","73148396","41","63103116"
"chr13","10077625","10077896","chr13","10800661","10800947","26","723036"
"chr13","10153994","10154256","chr13","10877992","10878287","37","723998"
"chr13","10186759","10187048","chr13","10912102","10912401","16","725343"
"chr13","10367776","10368083","chr13","11097689","11097980","35","729913"
"chr13","10376279","10376581","chr1","25636423","25636725","32","15260144"
"chr13","10431469","10431774","chr12","53041631","53041935","40","42610162"
"chr13","10522333","10522638","chr13","11254389","11254684","19","732056"
"chr13","10650649","10650956","chr13","11379621","11379926","12","728972"
"chr13","10672125","10672433","chr13","11401096","11401404","7","728971"
"chr13","10673190","10673498","chr13","11402168","11402475","7","728978"
"chr13","10744138","10744431","chr13","11472302","11472595","3","728164"
"chr13","11393405","11393681","chr13","12125715","12125992","12","732310"
"chr13","11726970","11727268","chr13","12499727","12500000","31","772757"
"chr13","11879057","11879363","chr13","12651413","12651719","8","772356"
"chr13","12134135","12134431","chr13","12909332","12909630","8","775197"
"chr13","12244040","12244345","chr13","30550542","30550849","32","18306502"
"chr13","12744511","12744813","chr13","13535191","13535493","3","790680"
"chr13","12874312","12874505","chr11","1067778","1067970","28","11806534"
"chr13","12916664","12916964","chr13","13707296","13707597","5","790632"
"chr13","12956290","12956542","chr13","13746889","13747160","24","790599"
"chr13","13059237","13059534","chr13","13858109","13858399","9","798872"
"chr13","13087895","13088195","chr13","13886539","13886840","12","798644"
"chr13","13686750","13687028","chr13","14535678","14535972","27","848928"
"chr13","13982126","13982426","chr13","14832885","14833181","8","850759"
"chr13","13990284","13990504","chr13","14841131","14841351","1","850847"
"chr13","14055636","14055927","chr1","81764535","81764830","39","67708899"
"chr13","14088636","14088942","chr13","14942161","14942467","2","853525"
"chr13","14219230","14219502","chr13","15070892","15071164","5","851662"
"chr13","14352441","14352752","chr13","15206487","15206782","22","854046"
"chr13","14436688","14436979","chr13","15302660","15302952","11","865972"
"chr13","14495764","14496062","chr13","15361202","15361494","15","865438"
"chr13","14573881","14574187","chr8","127263444","127263751","38","112689563"
"chr13","14608061","14608367","chr13","15473033","15473349","17","864972"
"chr13","14642514","14642822","chr13","15510380","15510683","8","867866"
"chr13","14648746","14649048","chr13","15516297","15516600","12","867551"
"chr13","14941242","14941546","chr13","15809187","15809483","10","867945"
"chr13","15102987","15103292","chr13","15971445","15971750","5","868458"
"chr13","15189885","15190188","chr7","62023756","62024063","35","46833871"
"chr13","15198798","15199111","chr13","16065737","16066050","11","866939"
"chr13","15249926","15250216","chr13","16160397","16160685","4","910471"
"chr13","15360122","15360429","chr16","5570031","5570335","40","9790091"
"chr13","15482318","15482626","chr13","16393110","16393417","9","910792"
"chr13","15705387","15705659","chr13","16615627","16615890","21","910240"
"chr13","15831401","15831706","chr13","16740883","16741190","9","909482"
"chr13","15912235","15912543","chr13","16823452","16823760","2","911217"
"chr13","15972027","15972264","chr13","16882664","16882901","4","910637"
"chr13","16139723","16140030","chr13","17053869","17054190","18","914146"
"chr13","16279110","16279401","chr2","64736482","64736771","43","48457372"
"chr13","16561000","16561292","chr1","54194492","54194783","41","37633492"
"chr13","16676078","16676381","chr13","17577422","17577729","9","901344"
"chr13","16677592","16677867","chr13","17578921","17579206","16","901329"
"chr13","16893457","16893765","chr13","17799896","17800201","11","906439"
"chr13","17346651","17346810","chr3","113189486","113189649","23","95842835"
"chr13","17347029","17347150","chr11","111318751","111318872","14","93971722"
"chr13","17785702","17786001","chr6","110738069","110738368","48","92952367"
"chr13","17940404","17940666","chr4","117420368","117420632","35","99479964"
"chr13","17954606","17954900","chr13","18873045","18873340","3","918439"
"chr13","17965171","17965455","chr13","18883587","18883877","11","918416"
"chr13","18015840","18016147","chr13","18934395","18934702","9","918555"
"chr13","18410741","18411030","chr13","19319905","19320194","2","909164"
"chr13","18911215","18911517","chr13","19816394","19816698","6","905179"
"chr13","19035933","19036202","chr13","19938955","19939219","9","903022"
"chr13","19079744","19080049","chr13","19982496","19982775","31","902752"
"chr13","19085667","19085978","chr13","19988973","19989285","10","903306"
"chr13","19116048","19116329","chr13","86817011","86817298","45","67700963"
"chr13","19127376","19127734","chrX","26589781","26590116","67","7462405"
"chr13","19249441","19249750","chr13","20204071","20204380","4","954630"
"chr13","19265544","19265839","chr13","20220648","20220947","8","955104"
"chr13","19366960","19367250","chr13","20322215","20322506","6","955255"
"chr13","19489948","19490256","chr13","20445589","20445898","3","955641"
"chr13","19555405","19555727","chr2","80730630","80730953","48","61175225"
"chr13","19727899","19728190","chrX","15505798","15506097","33","4222101"
"chr13","19782655","19782936","chr13","20893895","20894177","4","1111240"
"chr13","20079452","20079708","chr13","21268886","21269141","5","1189434"
"chr13","20123375","20123687","chr13","21313931","21314243","4","1190556"
"chr13","20174310","20174603","chr13","21365723","21366016","8","1191413"
"chr13","20455547","20455854","chr13","21656870","21657183","19","1201323"
"chr13","20843233","20843539","chr13","22038987","22039293","9","1195754"
"chr13","20879074","20879371","chr13","22074535","22074825","11","1195461"
"chr13","21075520","21075824","chr13","22266276","22266575","13","1190756"
"chr13","21144762","21145070","chr13","22334772","22335099","24","1190010"
"chr13","21362378","21362664","chr1","26575506","26575793","42","5213128"
"chr13","21463960","21464258","chr5","84621454","84621751","37","63157494"
"chr13","21555347","21555626","chr13","22746856","22747151","22","1191509"
"chr13","21653168","21653433","chr13","22838317","22838591","11","1185149"
"chr13","21662803","21663110","chr13","22847657","22847964","8","1184854"
"chr13","21773422","21773702","chr13","22955425","22955702","10","1182003"
"chr13","21866276","21866576","chr13","23048782","23049088","14","1182506"
"chr13","21941563","21941864","chr13","23123476","23123777","9","1181913"
"chr13","21962222","21962569","chr1","38691960","38692291","57","16729738"
"chr13","21970114","21970414","chr13","23151770","23152074","7","1181656"
"chr13","22268619","22268915","chr13","23454423","23454720","5","1185804"
"chr13","22274522","22274811","chr13","23460308","23460597","2","1185786"
"chr13","22288382","22288696","chr8","22420232","22420540","42","131850"
"chr13","22414426","22414725","chr13","23602150","23602449","6","1187724"
"chr13","22629254","22629553","chr13","23817183","23817482","7","1187929"
"chr13","22861975","22862266","chr7","121564789","121565078","37","98702814"
"chr13","22886917","22887230","chr13","24072455","24072766","4","1185538"
"chr13","22900212","22900517","chr1","25636423","25636725","34","2736211"
"chr13","22911085","22911382","chr9","92574925","92575229","35","69663840"
"chr13","22941112","22941390","chr13","24138691","24138969","3","1197579"
"chr13","22974824","22975012","chr13","24169198","24169386","4","1194374"
"chr13","22983941","22984232","chr13","24177995","24178291","17","1194054"
"chr13","22984447","22984717","chr7","51321295","51321568","40","28336848"
"chr13","22990366","22990657","chr13","24183804","24184096","9","1193438"
"chr13","22998661","22998879","chr13","24192198","24192416","3","1193537"
"chr13","23033610","23033866","chr13","24226604","24226862","4","1192994"
"chr13","23062314","23062609","chr13","24254594","24254890","9","1192280"
"chr13","23082272","23082571","chr13","24274978","24275277","10","1192706"
"chr13","23108182","23108490","chr13","24300138","24300447","13","1191956"
"chr13","23175744","23176039","chr13","24368836","24369131","11","1193092"
"chr13","23254325","23254619","chr3","111641760","111642054","40","88387435"
"chr13","23327745","23328044","chr16","54767631","54767933","45","31439886"
"chr13","23395077","23395368","chr1","10606583","10606867","45","12788494"
"chr13","23397556","23397858","chr4","1179209","1179510","27","22218347"
"chr13","23415333","23415624","chr13","24611593","24611881","11","1196260"
"chr13","23444776","23445071","chr13","24640476","24640782","14","1195700"
"chr13","23467478","23467766","chr13","24663948","24664234","4","1196470"
"chr13","23484397","23484696","chr13","24681480","24681780","5","1197083"
"chr13","23498644","23498875","chr7","84143993","84144219","40","60645349"
"chr13","23524425","23524720","chr13","24726048","24726345","8","1201623"
"chr13","23712981","23713272","chr13","24913831","24914122","7","1200850"
"chr13","23781936","23782234","chr13","24985376","24985685","19","1203440"
"chr13","23828082","23828373","chr13","25034992","25035286","5","1206910"
"chr13","23845657","23845958","chr13","25051962","25052263","12","1206305"
"chr13","23915701","23916002","chr13","25117690","25117984","16","1201989"
"chr13","23990606","23990923","chr13","25196279","25196590","21","1205673"
"chr13","23992145","23992437","chr13","25198128","25198423","8","1205983"
"chr13","24056936","24057237","chr13","25265441","25265742","5","1208505"
"chr13","24085191","24085492","chr13","25294424","25294724","2","1209233"
"chr13","24092433","24092735","chr13","25301841","25302143","4","1209408"
"chr13","24103623","24103928","chr13","25312951","25313258","23","1209328"
"chr13","24128647","24128939","chr13","25338895","25339196","16","1210248"
"chr13","24157609","24157909","chr13","25367780","25368080","4","1210171"
"chr13","24179639","24179915","chr3","64821626","64821903","34","40641987"
"chr13","24180599","24180906","chr13","25392174","25392489","12","1211575"
"chr13","24203381","24203691","chr13","25414698","25415007","3","1211317"
"chr13","24239405","24239673","chr13","25451596","25451863","9","1212191"
"chr13","24288095","24288396","chrX","118103194","118103494","35","93815099"
"chr13","24385404","24385693","chr1","25792109","25792401","9","1406705"
"chr13","24398788","24399125","chr17","25927834","25928171","50","1529046"
"chr13","24450114","24450401","chr3","42125842","42126131","37","17675728"
"chr13","24468328","24468613","chr8","76413611","76413891","40","51945283"
"chr13","24484162","24484459","chr6","81190572","81190876","40","56706410"
"chr13","24554552","24554817","chr3","49050650","49050928","39","24496098"
"chr13","24644813","24645117","chr13","25858997","25859300","8","1214184"
"chr13","24650820","24651128","chr13","25865317","25865625","6","1214497"
"chr13","24717911","24718222","chr13","25933564","25933875","5","1215653"
"chr13","24738606","24738900","chr5","56701456","56701750","35","31962850"
"chr13","24763182","24763467","chr13","25976778","25977084","25","1213596"
"chr13","24797055","24797358","chr13","26009806","26010103","15","1212751"
"chr13","24817862","24818159","chr13","26031100","26031397","5","1213238"
"chr13","24897676","24897963","chr13","26113799","26114086","5","1216123"
"chr13","24926576","24926875","chr13","26143769","26144063","7","1217193"
"chr13","24934595","24934899","chr13","26152458","26152760","13","1217863"
"chr13","24937442","24937788","chr13","26155284","26155610","23","1217842"
"chr13","24937795","24938087","chr13","26155617","26155906","6","1217822"
"chr13","24942647","24942938","chr19","28568473","28568772","38","3625826"
"chr13","24949670","24949963","chr13","26167599","26167892","6","1217929"
"chr13","24958992","24959264","chr13","71709721","71709994","29","46750729"
"chr13","24959655","24959688","chr7","114323883","114323919","6","89364228"
"chr13","24961404","24961700","chr5","56701456","56701750","36","31740052"
"chr13","25001468","25001772","chr3","72249552","72249854","36","47248084"
"chr13","25002935","25003230","chr13","26232436","26232734","8","1229501"
"chr13","25008705","25009004","chr13","26238227","26238526","4","1229522"
"chr13","25034223","25034531","chr3","112403561","112403868","34","87369338"
"chr13","25062251","25062395","chr13","26295363","26295507","3","1233112"
"chr13","25071334","25071633","chr6","131966421","131966716","40","106895087"
"chr13","25086949","25087240","chr13","26320162","26320446","8","1233213"
"chr13","25088891","25089197","chr13","26322093","26322399","4","1233202"
"chr13","25104172","25104478","chr8","23427599","23427898","43","1676573"
"chr13","25123885","25124129","chr12","79143023","79143255","58","54019138"
"chr13","25156461","25156751","chr13","26389115","26389395","13","1232654"
"chr13","25184166","25184456","chr7","68539277","68539567","38","43355111"
"chr13","25226454","25226745","chr1","8038697","8038989","31","17187757"
"chr13","25231942","25232219","chr13","26470626","26470898","8","1238684"
"chr13","25289471","25289774","chr13","26528429","26528732","3","1238958"
"chr13","25321833","25322130","chr13","26562776","26563073","5","1240943"
"chr13","25372586","25372864","chr13","26619059","26619337","4","1246473"
"chr13","25402735","25403031","chr13","26649193","26649495","8","1246458"
"chr13","25417222","25417502","chr13","26663969","26664257","22","1246747"
"chr13","25422882","25423187","chr15","41305883","41306189","29","15883001"
"chr13","25758446","25758760","chr13","27001035","27001341","16","1242589"
"chr13","25816744","25817043","chr13","27064643","27064942","3","1247899"
"chr13","25833814","25834102","chr13","27081829","27082114","5","1248015"
"chr13","25840412","25840704","chr13","27088101","27088397","6","1247689"
"chr13","25887112","25887411","chr13","27136857","27137134","24","1249745"
"chr13","25971671","25971968","chr13","27224027","27224333","9","1252356"
"chr13","25985508","25985807","chr13","27238026","27238324","4","1252518"
"chr13","26092053","26092355","chr13","27345107","27345409","2","1253054"
"chr13","26103198","26103506","chr13","27355928","27356250","18","1252730"
"chr13","26175737","26176032","chr14","12792832","12793127","32","13382905"
"chr13","26224893","26225200","chr13","27479818","27480128","12","1254925"
"chr13","26227964","26228259","chr13","27482898","27483193","7","1254934"
"chr13","26251308","26251604","chr13","27505827","27506123","2","1254519"
"chr13","26309327","26309567","chr5","16930080","16930327","29","9379247"
"chr13","26315119","26315433","chr13","27572864","27573178","4","1257745"
"chr13","26320301","26320598","chr2","159817530","159817826","35","133497229"
"chr13","26348643","26348952","chr4","151149695","151150004","35","124801052"
"chr13","26386038","26386318","chr13","27643354","27643647","19","1257316"
"chr13","26386872","26387173","chr16","6754769","6755065","40","19632103"
"chr13","26391386","26391660","chr13","27648655","27648931","9","1257269"
"chr13","26393696","26393992","chr13","27650984","27651275","12","1257288"
"chr13","26396742","26397039","chr13","27654025","27654328","11","1257283"
"chr13","26424726","26425017","chr2","163728686","163728971","44","137303960"
"chr13","26425672","26425949","chr2","105419939","105420208","39","78994267"
"chr13","26433431","26433733","chr13","27691676","27691950","34","1258245"
"chr13","26447467","26447727","chr13","27706830","27707090","5","1259363"
"chr13","26462101","26462415","chr13","27720631","27720945","3","1258530"
"chr13","26499481","26499768","chr13","27759040","27759327","7","1259559"
"chr13","26515614","26515904","chr13","27778729","27779030","16","1263115"
"chr13","26559288","26559585","chr13","27822175","27822484","15","1262887"
"chr13","26580793","26581073","chr13","27845577","27845872","29","1264784"
"chr13","26717782","26718076","chr13","27982554","27982851","7","1264772"
"chr13","26810747","26811039","chr13","28078280","28078577","11","1267533"
"chr13","26851488","26851782","chr13","28119704","28119998","2","1268216"
"chr13","27021408","27021706","chr13","28299608","28299906","9","1278200"
"chr13","27267462","27267756","chr13","28547292","28547586","7","1279830"
"chr13","27285823","27286128","chr13","28564951","28565256","3","1279128"
"chr13","27313240","27313539","chr13","28592304","28592608","10","1279064"
"chr13","27335282","27335601","chr13","28613109","28613437","17","1277827"
"chr13","27415085","27415362","chr11","96123689","96123967","35","68708604"
"chr13","27610556","27610834","chr13","28885902","28886180","5","1275346"
"chr13","27686904","27687207","chr3","48598057","48598360","37","20911153"
"chr13","27701492","27701792","chr13","28977314","28977615","13","1275822"
"chr13","27752777","27753063","chr13","29029662","29029941","13","1276885"
"chr13","27824453","27824735","chr13","29100633","29100915","7","1276180"
"chr13","27967154","27967467","chr13","29243797","29244110","2","1276643"
"chr13","27999675","27999974","chr13","29277199","29277501","21","1277524"
"chr13","28069949","28070235","chr13","29348501","29348785","10","1278552"
"chr13","28350408","28350718","chr13","29625633","29625944","10","1275225"
"chr13","28424775","28425078","chr13","29700509","29700811","4","1275734"
"chr13","28443379","28443682","chr13","29719456","29719760","16","1276077"
"chr13","28453590","28453887","chr13","29729658","29729962","14","1276068"
"chr13","28514671","28514959","chr13","29789279","29789568","5","1274608"
"chr13","28637123","28637415","chr13","29916582","29916875","9","1279459"
"chr13","28661303","28661599","chr3","35285636","35285934","38","6624333"
"chr13","28790257","28790526","chr13","30071344","30071613","2","1281087"
"chr13","29057193","29057463","chr13","30347968","30348268","32","1290775"
"chr13","29126858","29127164","chr16","61253797","61254104","38","32126939"
"chr13","29190964","29191267","chr9","64467764","64468068","42","35276800"
"chr13","29202508","29202799","chr13","30494608","30494900","9","1292100"
"chr13","29413734","29414042","chr13","30709231","30709533","14","1295497"
"chr13","29425926","29426231","chr11","62610991","62611296","43","33185065"
"chr13","29742832","29743126","chr1","90050444","90050742","40","60307612"
"chr13","29801315","29801614","chr13","31178542","31178844","12","1377227"
"chr13","29807092","29807390","chr13","31184321","31184615","12","1377229"
"chr13","29861811","29862079","chr11","48599713","48599975","57","18737902"
"chr13","29965239","29965545","chr13","31344470","31344765","16","1379231"
"chr13","30263145","30263387","chr13","31646102","31646344","2","1382957"
"chr13","30432439","30432745","chr13","31818218","31818524","4","1385779"
"chr13","30860516","30860823","chr13","32308419","32308725","11","1447903"
"chr13","30892114","30892385","chr13","32339397","32339665","7","1447283"
"chr13","30995097","30995391","chr13","32442483","32442780","5","1447386"
"chr13","31067735","31068028","chr13","32517157","32517465","23","1449422"
"chr13","31073076","31073369","chrX","95566574","95566863","44","64493498"
"chr13","31073536","31073825","chr13","32523003","32523293","7","1449467"
"chr13","31113183","31113468","chr13","32562230","32562513","8","1449047"
"chr13","31155582","31155883","chr1","8784931","8785227","30","22370651"
"chr13","31191621","31191909","chr13","32642938","32643224","6","1451317"
"chr13","31216921","31217199","chrX","101188584","101188863","30","69971663"
"chr13","31222291","31222600","chr2","165822316","165822621","37","134600025"
"chr13","31227437","31227725","chr13","32679562","32679850","4","1452125"
"chr13","31249290","31249588","chr13","32701475","32701773","6","1452185"
"chr13","31251218","31251508","chr13","32703396","32703687","2","1452178"
"chr13","31274411","31274674","chr13","32726644","32726909","8","1452233"
"chr13","31309026","31309331","chr13","32760741","32761048","7","1451715"
"chr13","31319480","31319771","chr5","186362517","186362808","34","155043037"
"chr13","31325521","31325814","chr13","32776841","32777138","10","1451320"
"chr13","31337484","31337771","chr6","131966421","131966716","48","100628937"
"chr13","31385862","31386152","chr1","184776466","184776751","37","153390604"
"chr13","31420289","31420585","chr13","32872256","32872553","10","1451967"
"chr13","31421474","31421769","chr13","32873424","32873717","4","1451950"
"chr13","31421802","31422100","chr13","32873750","32874048","5","1451948"
"chr13","31542078","31542377","chr13","32995256","32995553","7","1453178"
"chr13","31547141","31547430","chr13","33000245","33000534","5","1453104"
"chr13","31587809","31588103","chr13","33040249","33040542","7","1452440"
"chr13","31593999","31594275","chr13","33046742","33047018","2","1452743"
"chr13","31628554","31628846","chr13","33080914","33081209","8","1452360"
"chr13","31643710","31643972","chr13","33096274","33096535","3","1452564"
"chr13","31669510","31669810","chr2","159817530","159817826","29","128148020"
"chr13","31681500","31681790","chr13","33132938","33133233","7","1451438"
"chr13","31754214","31754512","chr13","33206341","33206639","5","1452127"
"chr13","31768290","31768568","chr13","33220438","33220717","3","1452148"
"chr13","31784676","31784993","chr5","103768391","103768712","41","71983715"
"chr13","31829842","31830135","chr13","33274570","33274852","22","1444728"
"chr13","31954410","31954701","chr7","27042398","27042682","35","4912012"
"chr13","32015744","32015964","chr7","136354636","136354864","39","104338892"
"chr13","32057645","32057953","chr19","45177122","45177428","35","13119477"
"chr13","32067253","32067550","chr13","33511158","33511456","3","1443905"
"chr13","32101582","32101870","chr13","33545512","33545799","5","1443930"
"chr13","32176229","32176535","chr13","33619719","33620015","18","1443490"
"chr13","32293303","32293607","chr13","33733969","33734275","18","1440666"
"chr13","32301597","32301895","chr19","28568473","28568772","32","3733124"
"chr13","32359255","32359557","chr13","33800550","33800849","6","1441295"
"chr13","32395889","32396186","chr13","33838310","33838607","11","1442421"
"chr13","32398441","32398738","chr13","33840866","33841163","4","1442425"
"chr13","32475283","32475578","chr3","135899968","135900264","41","103424685"
"chr13","32500358","32500657","chr13","33944007","33944309","4","1443649"
"chr13","32502468","32502760","chr13","33946393","33946689","10","1443925"
"chr13","32518287","32518582","chr1","155147270","155147566","31","122628983"
"chr13","32536815","32537125","chr13","33980240","33980548","19","1443425"
"chr13","32880153","32880440","chr6","137823042","137823326","32","104942889"
"chr13","32883850","32884136","chr13","34326157","34326443","5","1442307"
"chr13","33007312","33007614","chr16","10681836","10682137","37","22325476"
"chr13","33046440","33046749","chr13","34488820","34489129","9","1442380"
"chr13","33069752","33070049","chr4","172513572","172513868","35","139443820"
"chr13","33127684","33127986","chr10","82544162","82544460","41","49416478"
"chr13","33515907","33516203","chr3","2907703","2908000","38","30608204"
"chr13","33619410","33619701","chr13","35005595","35005886","2","1386185"
"chr13","33654497","33654785","chr13","35040863","35041151","2","1386366"
"chr13","33769039","33769344","chr13","35156980","35157286","10","1387941"
"chr13","33824822","33825096","chr8","111467890","111468163","40","77643068"
"chr13","33838397","33838688","chr13","35279985","35280275","9","1441588"
"chr13","33900767","33901075","chr13","69270633","69270941","40","35369866"
"chr13","33932474","33932768","chr13","35374229","35374526","14","1441755"
"chr13","34470041","34470318","chr13","35916872","35917141","11","1446831"
"chr13","34516651","34516945","chr13","35967445","35967738","8","1450794"
"chr13","34533359","34533668","chr3","30115080","30115399","56","4418279"
"chr13","34667542","34667842","chr13","36123628","36123928","5","1456086"
"chr13","34989484","34989789","chr13","36468735","36469040","3","1479251"
"chr13","35134306","35134605","chr13","36614311","36614613","9","1480005"
"chr13","35279516","35279810","chr13","36756863","36757156","7","1477347"
"chr13","35400660","35400961","chr13","36879327","36879628","16","1478667"
"chr13","35688581","35688887","chr13","37168042","37168340","11","1479461"
"chr13","35728633","35728926","chr13","37208730","37209023","2","1480097"
"chr13","35789441","35789736","chr3","154421512","154421804","40","118632071"
"chr13","35808285","35808567","chr13","37288711","37289001","16","1480426"
"chr13","35843849","35844161","chr13","37325419","37325737","12","1481570"
"chr13","35912096","35912384","chr13","37394397","37394685","1","1482301"
"chr13","35977683","35977982","chr13","37462519","37462803","20","1484836"
"chr13","35999139","35999436","chr13","37483237","37483534","4","1484098"
"chr13","36005231","36005523","chr13","37489777","37490063","8","1484546"
"chr13","36020624","36020915","chr1","164323776","164324067","33","128303152"
"chr13","36119494","36119799","chr13","37601187","37601495","12","1481693"
"chr13","36125042","36125322","chr13","37606868","37607150","9","1481826"
"chr13","36141911","36142198","chr13","37623756","37624034","14","1481845"
"chr13","36220068","36220363","chr14","79203641","79203940","38","42983573"
"chr13","36224242","36224538","chr13","37706900","37707195","16","1482658"
"chr13","36340912","36341184","chr4","158887930","158888209","42","122547018"
"chr13","36406965","36407258","chr13","37889074","37889366","7","1482109"
"chr13","37003199","37003492","chr13","38494225","38494527","13","1491026"
"chr13","37033764","37034049","chr3","9679854","9680146","36","27353910"
"chr13","37344639","37344932","chr13","38837147","38837436","8","1492508"
"chr13","37352576","37352872","chr2","159817530","159817826","26","122464954"
"chr13","37365831","37366124","chr13","38859507","38859800","4","1493676"
"chr13","37380748","37381054","chr13","38874102","38874408","13","1493354"
"chr13","37399981","37400290","chr5","155610254","155610562","35","118210273"
"chr13","37463486","37463787","chr13","38959895","38960192","7","1496409"
"chr13","37486077","37486374","chr3","178720612","178720906","43","141234535"
"chr13","37629249","37629294","chr7","114323883","114323919","16","76694634"
"chr13","37629605","37629746","chr7","20787255","20787413","34","16842350"
"chr13","37702600","37702887","chr15","103853433","103853726","46","66150833"
"chr13","37705069","37705360","chr13","39205502","39205791","5","1500433"
"chr13","37734131","37734440","chr13","39235575","39235876","13","1501444"
"chr13","37748847","37749155","chr13","39250335","39250644","9","1501488"
"chr13","37759927","37760230","chr13","39261510","39261816","8","1501583"
"chr13","37791684","37791973","chr13","39291684","39291973","1","1500000"
"chr13","37806802","37807097","chr13","39306633","39306928","2","1499831"
"chr13","37817424","37817730","chr13","39319585","39319891","8","1502161"
"chr13","37906148","37906456","chrX","44822836","44823144","31","6916688"
"chr13","37918390","37918694","chr2","56260544","56260853","41","18342154"
"chr13","38023820","38024114","chr13","39528183","39528483","10","1504363"
"chr13","38059205","38059503","chr13","39563873","39564175","8","1504668"
"chr13","38192137","38192418","chr13","39822783","39823027","45","1630646"
"chr13","38198619","38198932","chr13","39829618","39829901","37","1630999"
"chr13","38233410","38233716","chr13","39867194","39867500","8","1633784"
"chr13","38261873","38262165","chr13","61508971","61509262","38","23247098"
"chr13","38318662","38318971","chr13","39953620","39953926","8","1634958"
"chr13","38340185","38340222","chr7","114323883","114323919","8","75983698"
"chr13","38340273","38340553","chr13","39975309","39975608","28","1635036"
"chr13","38359867","38360176","chr13","39994519","39994827","5","1634652"
"chr13","38463718","38464020","chr13","40099637","40099925","17","1635919"
"chr13","38482581","38482865","chr13","40118131","40118415","1","1635550"
"chr13","38666503","38666793","chr13","40297746","40298036","5","1631243"
"chr13","39024090","39024394","chr8","69359644","69359943","36","30335554"
"chr13","39120414","39120682","chr13","40754627","40754895","7","1634213"
"chr13","39145280","39145564","chr4","115797067","115797350","33","76651787"
"chr13","39194594","39194888","chr13","40828592","40828890","6","1633998"
"chr13","39233037","39233329","chr13","40865121","40865415","5","1632084"
"chr13","39567188","39567486","chr13","41211277","41211576","8","1644089"
"chr13","39626262","39626570","chr13","41269889","41270197","8","1643627"
"chr13","40186617","40186799","chr9","21873208","21873390","30","18313409"
"chr13","40327724","40328033","chrX","128903017","128903324","47","88575293"
"chr13","40440826","40441124","chr6","171917051","171917343","34","131476225"
"chr13","40590396","40590703","chr13","42239123","42239423","11","1648727"
"chr13","40678108","40678387","chr13","42327548","42327827","5","1649440"
"chr13","40952294","40952596","chr13","42603371","42603676","11","1651077"
"chr13","41003633","41003937","chr13","42653770","42654062","14","1650137"
"chr13","41093339","41093603","chr13","42743782","42744046","7","1650443"
"chr13","41135278","41135563","chr13","42785378","42785663","18","1650100"
"chr13","41260204","41260504","chr13","42910940","42911248","10","1650736"
"chr13","41401101","41401402","chr13","43052809","43053110","8","1651708"
"chr13","41458282","41458578","chr13","43110219","43110515","1","1651937"
"chr13","41458890","41459197","chr6","179801246","179801553","40","138342356"
"chr13","41460691","41460985","chr13","43112953","43113247","1","1652262"
"chr13","41469108","41469422","chr13","43121566","43121873","13","1652458"
"chr13","41501378","41501688","chr13","43157113","43157420","4","1655735"
"chr13","41512355","41512643","chr5","98591416","98591702","39","57079061"
"chr13","41520946","41521251","chr13","43176554","43176850","11","1655608"
"chr13","41525407","41525701","chr13","43181400","43181689","11","1655993"
"chr13","41526401","41526605","chr19","12657166","12657369","31","28869235"
"chr13","41543233","41543491","chr13","43201420","43201679","7","1658187"
"chr13","41544871","41545157","chr13","43203063","43203372","29","1658192"
"chr13","41553205","41553503","chr3","9815507","9815802","33","31737698"
"chr13","41569675","41569917","chr6","179384905","179385146","32","137815230"
"chr13","41583438","41583713","chr1","184555716","184555984","42","142972278"
"chr13","41589657","41589926","chr13","43247029","43247298","16","1657372"
"chr13","41617920","41618224","chr13","43278757","43279061","4","1660837"
"chr13","41626009","41626315","chr13","43286840","43287146","7","1660831"
"chr13","41650023","41650331","chr13","43311540","43311848","3","1661517"
"chr13","41652940","41653244","chr13","43314535","43314834","12","1661595"
"chr13","41710424","41710658","chr13","43375353","43375599","25","1664929"
"chr13","41763210","41763512","chr13","43428580","43428883","22","1665370"
"chr13","41767564","41767859","chr13","43432951","43433247","4","1665387"
"chr13","41808491","41808793","chr13","43474471","43474778","16","1665980"
"chr13","41814209","41814510","chr13","43480236","43480544","11","1666027"
"chr13","41823698","41823986","chr13","43489424","43489708","6","1665726"
"chr13","41824770","41825064","chr5","109216721","109217017","33","67391951"
"chr13","41940378","41940686","chrX","105346261","105346567","44","63405883"
"chr13","41955592","41955900","chr1","27842122","27842432","46","14113470"
"chr13","42177441","42177748","chr13","43878286","43878580","18","1700845"
"chr13","42206023","42206310","chr13","43906840","43907129","4","1700817"
"chr13","42219519","42219794","chr13","43920678","43920957","7","1701159"
"chr13","42286383","42286675","chr13","43986231","43986524","6","1699848"
"chr13","42484987","42485290","chr13","44186415","44186716","9","1701428"
"chr13","42576233","42576502","chr13","44278290","44278557","7","1702057"
"chr13","42586942","42587246","chr13","44290072","44290375","10","1703130"
"chr13","42947297","42947598","chr13","44703809","44704109","3","1756512"
"chr13","42968234","42968550","chr13","44725468","44725784","2","1757234"
"chr13","43060996","43061295","chr13","44821063","44821363","4","1760067"
"chr13","43067503","43067816","chr13","44826191","44826498","9","1758688"
"chr13","43082519","43082831","chr13","44841511","44841805","24","1758992"
"chr13","43123842","43124131","chr13","44883788","44884078","5","1759946"
"chr13","43144422","43144737","chr13","44905073","44905386","12","1760651"
"chr13","43181158","43181466","chr13","44942016","44942325","7","1760858"
"chr13","43184126","43184405","chr13","87151541","87151819","35","43967415"
"chr13","43229339","43229635","chr1","19420229","19420523","40","23809110"
"chr13","43232309","43232597","chr1","3371142","3371433","37","39861167"
"chr13","43241204","43241488","chr13","45001493","45001777","5","1760289"
"chr13","43259898","43260191","chr12","778957","779249","33","42480941"
"chr13","43268718","43269012","chr6","152918820","152919108","33","109650102"
"chr13","43281127","43281434","chr13","45041657","45041964","1","1760530"
"chr13","43365625","43365914","chr13","45124905","45125194","2","1759280"
"chr13","43368242","43368533","chr7","166421593","166421883","41","123053351"
"chr13","43401300","43401581","chrX","68910312","68910592","37","25509012"
"chr13","43483953","43484259","chr13","45239619","45239926","4","1755666"
"chr13","43529445","43529744","chr13","43474471","43474778","32","54974"
"chr13","43585906","43586203","chr13","45338395","45338696","7","1752489"
"chr13","43693889","43694186","chr13","45446164","45446464","9","1752275"
"chr13","43714080","43714391","chr6","70591771","70592087","44","26877691"
"chr13","43745807","43746102","chr13","45498181","45498476","9","1752374"
"chr13","44111859","44112146","chr13","45854523","45854818","11","1742664"
"chr13","44149039","44149332","chr13","45891578","45891870","1","1742539"
"chr13","44490318","44490573","chr13","46230111","46230370","7","1739793"
"chr13","44612431","44612737","chr13","46346982","46347287","6","1734551"
"chr13","44616659","44616958","chr10","82544162","82544460","30","37927503"
"chr13","44681989","44682274","chr13","46413364","46413662","26","1731375"
"chr13","44862634","44862943","chr7","40311972","40312281","30","4550662"
"chr13","45143375","45143663","chr13","46878950","46879238","5","1735575"
"chr13","45420868","45421168","chr13","47157551","47157844","10","1736683"
"chr13","45590756","45591045","chr13","47327395","47327687","10","1736639"
"chr13","45705042","45705338","chr13","47442549","47442845","8","1737507"
"chr13","45735670","45735892","chr13","47472515","47472737","1","1736845"
"chr13","45737107","45737412","chr13","47473947","47474245","17","1736840"
"chr13","45914115","45914403","chr13","47652914","47653202","5","1738799"
"chr13","45934240","45934535","chr13","47672720","47673016","9","1738480"
"chr13","46128596","46128830","chr13","47865448","47865682","4","1736852"
"chr13","46202992","46203273","chr13","47940879","47941164","8","1737887"
"chr13","46237222","46237532","chr2","87327480","87327783","38","41090258"
"chr13","46240582","46240846","chr13","47979092","47979356","5","1738510"
"chr13","46251845","46252154","chr13","47990060","47990341","36","1738215"
"chr13","46297327","46297614","chr13","48035481","48035767","13","1738154"
"chr13","46323240","46323545","chr13","48061302","48061616","17","1738062"
"chr13","46351776","46352053","chr13","54840813","54841090","27","8489037"
"chr13","46361564","46361865","chr13","48095618","48095921","35","1734054"
"chr13","46363784","46364082","chrX","91580819","91581111","36","45217035"
"chr13","46366970","46367260","chr2","189775345","189775633","37","143408375"
"chr13","46374380","46374673","chr13","48110779","48111072","22","1736399"
"chr13","46395270","46395563","chr13","48138824","48139111","16","1743554"
"chr13","46430170","46430463","chr13","48178713","48179015","16","1748543"
"chr13","46569370","46569666","chr13","48317728","48318024","7","1748358"
"chr13","46724782","46725067","chr13","48455344","48455629","6","1730562"
"chr13","46794037","46794336","chr13","48523575","48523882","12","1729538"
"chr13","46806542","46806847","chr13","48535300","48535609","10","1728758"
"chr13","46811687","46811969","chr13","48540456","48540738","2","1728769"
"chr13","46822821","46823129","chr7","152675411","152675718","36","105852590"
"chr13","46831480","46831776","chr13","48560637","48560962","33","1729157"
"chr13","46881514","46881801","chr13","48610834","48611121","6","1729320"
"chr13","46888426","46888695","chr9","87797994","87798264","37","40909568"
"chr13","46907913","46908206","chr13","48637831","48638128","8","1729918"
"chr13","46911475","46911778","chr13","48641385","48641688","6","1729910"
"chr13","46914441","46914744","chr13","48644344","48644653","8","1729903"
"chr13","46916760","46917051","chr13","48646662","48646952","6","1729902"
"chr13","46932148","46932424","chr13","48662419","48662696","9","1730271"
"chr13","47155966","47156244","chr13","48889566","48889855","22","1733600"
"chr13","47165412","47165708","chr13","48899155","48899453","10","1733743"
"chr13","47223078","47223388","chr13","48955996","48956305","7","1732918"
"chr13","47334260","47334560","chr9","92895163","92895462","35","45560903"
"chr13","47407206","47407498","chr13","49185087","49185379","8","1777881"
"chr13","47436262","47436555","chr13","49214370","49214663","8","1778108"
"chr13","47541919","47542222","chr13","49328903","49329207","7","1786984"
"chr13","47546982","47547285","chr2","161960788","161961087","43","114413806"
"chr13","47621042","47621349","chr13","49410623","49410934","25","1789581"
"chr13","47626689","47626993","chrX","128903017","128903324","39","81276328"
"chr13","47661810","47662127","chr3","42669239","42669561","40","4992571"
"chr13","47674637","47674937","chr20","16387064","16387364","33","31287573"
"chr13","47702182","47702470","chr13","49486123","49486425","24","1783941"
"chr13","47712785","47713058","chr13","49497014","49497278","9","1784229"
"chr13","47834399","47834720","chr13","49619408","49619739","17","1785009"
"chr13","48385804","48386103","chr13","50164229","50164525","14","1778425"
"chr13","48524455","48524753","chr13","50300831","50301116","21","1776376"
"chr13","48662687","48663001","chr13","50436978","50437294","5","1774291"
"chr13","48778691","48778996","chr6","154664652","154664959","43","105885961"
"chr13","48912786","48913090","chr13","50681618","50681927","19","1768832"
"chr13","48942551","48942862","chr13","50757230","50757535","8","1814679"
"chr13","49044666","49044939","chr13","50856622","50856921","29","1811956"
"chr13","49091179","49091462","chr13","50904446","50904732","8","1813267"
"chr13","49240170","49240461","chr13","51052645","51052936","5","1812475"
"chr13","49351533","49351805","chr15","98059289","98059565","31","48707756"
"chr13","49353703","49354002","chr4","1527672","1527974","34","47826031"
"chr13","49903932","49904242","chr13","51739520","51739830","11","1835588"
"chr13","50346713","50346988","chr2","100852138","100852418","44","50505425"
"chr13","50406742","50407038","chr11","34016163","34016458","42","16390579"
"chr13","50438748","50439061","chr3","80833225","80833531","42","30394477"
"chr13","50446925","50447228","chr3","49289260","49289557","44","1157665"
"chr13","50563149","50563445","chr20","12939379","12939679","31","37623770"
"chr13","50579179","50579479","chr13","52284577","52284875","12","1705398"
"chr13","50666509","50666803","chr13","52378755","52379051","10","1712246"
"chr13","50845598","50845901","chr1","27243298","27243603","44","23602300"
"chr13","50921393","50921657","chr13","52649617","52649881","5","1728224"
"chr13","50938879","50939155","chr13","52670116","52670392","7","1731237"
"chr13","51336381","51336694","chr13","53073875","53074180","14","1737494"
"chr13","51345751","51346049","chr13","53082572","53082870","3","1736821"
"chr13","51392412","51392675","chr13","53130916","53131180","12","1738504"
"chr13","51455271","51455548","chr13","53197103","53197379","3","1741832"
"chr13","51468954","51469259","chr13","53210700","53210997","17","1741746"
"chr13","51475536","51475842","chr13","53218402","53218711","12","1742866"
"chr13","51532465","51532749","chr13","53276747","53277031","3","1744282"
"chr13","51728317","51728601","chr13","53475474","53475769","16","1747157"
"chr13","51951716","51952019","chr16","50353289","50353590","36","1598427"
"chr13","52450484","52450779","chr4","31898756","31899058","41","20551728"
"chr13","52597463","52597758","chr13","54375958","54376253","6","1778495"
"chr13","52626055","52626352","chr13","54404621","54404917","6","1778566"
"chr13","52668960","52669258","chr13","54447234","54447533","12","1778274"
"chr13","52765404","52765684","chr8","76413611","76413891","33","23648207"
"chr13","52845809","52846070","chr15","2882185","2882445","39","49963624"
"chr13","52901877","52902177","chr13","54682889","54683186","5","1781012"
"chr13","52935079","52935227","chr13","54716821","54716969","3","1781742"
"chr13","52956344","52956616","chr13","54730778","54731054","7","1774434"
"chr13","52963973","52964283","chr13","54738719","54739029","10","1774746"
"chr13","53002909","53003202","chr13","54779893","54780186","3","1776984"
"chr13","53033692","53033987","chr13","54810521","54810815","11","1776829"
"chr13","53065003","53065280","chr13","54840813","54841090","5","1775810"
"chr13","53079392","53079601","chr13","54856000","54856220","18","1776608"
"chr13","53089258","53089578","chr15","32747733","32748049","50","20341525"
"chr13","53126957","53127266","chr13","54902942","54903251","2","1775985"
"chr13","53187971","53188270","chr13","54963571","54963864","12","1775600"
"chr13","53222691","53223000","chr13","54998334","54998643","17","1775643"
"chr13","53266503","53266794","chr13","55039293","55039581","15","1772790"
"chr13","53388115","53388393","chr13","55154460","55154738","13","1766345"
"chr13","53390641","53390902","chr13","55156980","55157241","2","1766339"
"chr13","53415062","53415355","chr13","55181431","55181723","3","1766369"
"chr13","53436904","53437206","chr13","55203067","55203361","20","1766163"
"chr13","53688945","53689237","chr13","55496153","55496444","9","1807208"
"chr13","53730872","53731177","chr13","55538489","55538794","4","1807617"
"chr13","53816428","53816713","chr13","55623843","55624130","5","1807415"
"chr13","53890232","53890521","chr13","55694141","55694437","10","1803909"
"chr13","54181247","54181499","chr13","55990154","55990408","6","1808907"
"chr13","54306744","54307035","chr13","56115468","56115765","10","1808724"
"chr13","54356554","54356860","chr13","56166379","56166679","16","1809825"
"chr13","54363318","54363606","chr13","56174067","56174356","17","1810749"
"chr13","54398977","54399268","chr1","8038697","8038989","31","46360280"
"chr13","54428536","54428837","chr13","56239699","56239988","15","1811163"
"chr13","54437828","54438124","chr13","56249326","56249640","19","1811498"
"chr13","54446297","54446583","chr13","56257606","56257892","9","1811309"
"chr13","54464261","54464541","chr13","56276420","56276694","12","1812159"
"chr13","54514869","54515161","chr13","56326641","56326933","3","1811772"
"chr13","54525573","54525874","chr13","56337315","56337621","11","1811742"
"chr13","54552616","54552880","chr13","56363782","56364050","9","1811166"
"chr13","54604996","54605292","chr13","56416841","56417143","15","1811845"
"chr13","54623522","54623817","chr1","210895757","210896056","44","156272235"
"chr13","54635723","54635997","chr13","56448613","56448887","3","1812890"
"chr13","54701662","54701960","chr13","56514301","56514599","2","1812639"
"chr13","54750348","54750646","chr13","56562478","56562777","7","1812130"
"chr13","54770101","54770403","chr13","56581335","56581641","8","1811234"
"chr13","54822684","54822999","chr1","223903771","223904078","41","169081087"
"chr13","54852781","54853080","chr13","56664420","56664720","3","1811639"
"chr13","54853660","54853949","chr13","56665300","56665589","6","1811640"
"chr13","54871539","54871837","chr13","56682548","56682846","2","1811009"
"chr13","54949055","54949364","chr13","56765966","56766270","11","1816911"
"chr13","55087680","55087970","chr17","42200930","42201212","49","12886750"
"chr13","55112397","55112717","chrX","123914711","123915020","41","68802314"
"chr13","55234140","55234449","chr13","57051384","57051678","17","1817244"
"chr13","55489526","55489827","chr13","57300564","57300868","8","1811038"
"chr13","55673620","55673898","chr1","206077290","206077584","45","150403670"
"chr13","56017153","56017436","chr13","57826619","57826896","12","1809466"
"chr13","56458602","56458903","chr13","58330450","58330773","28","1871848"
"chr13","56509199","56509480","chr11","106187273","106187556","34","49678074"
"chr13","56801348","56801613","chr1","95741264","95741537","49","38939916"
"chr13","57112337","57112601","chr2","202712194","202712464","28","145599857"
"chr13","57844281","57844550","chr13","59696530","59696799","0","1852249"
"chr13","58330940","58331229","chr13","60191928","60192209","13","1860988"
"chr13","58484574","58484884","chr13","60345924","60346204","35","1861350"
"chr13","58993359","58993663","chr13","60855178","60855480","12","1861819"
"chr13","59370481","59370568","chr19","34428342","34428432","13","24942139"
"chr13","59370622","59370825","chr15","10193886","10194101","38","49176736"
"chr13","59608935","59609227","chr13","61480907","61481170","33","1871972"
"chr13","59616713","59617012","chr7","6595521","6595820","37","53021192"
"chr13","59635855","59636146","chr13","61508971","61509262","3","1873116"
"chr13","59662463","59662766","chr6","171323918","171324217","45","111661455"
"chr13","59699165","59699454","chr13","61573779","61574068","2","1874614"
"chr13","59748664","59748946","chr13","61622678","61622960","5","1874014"
"chr13","59797162","59797422","chr13","61672034","61672297","9","1874872"
"chr13","59984731","59985031","chr13","61857115","61857423","12","1872384"
"chr13","60021463","60021752","chr15","105710251","105710549","41","45688788"
"chr13","60072704","60073001","chr13","61946235","61946531","4","1873531"
"chr13","60077247","60077529","chr13","61951202","61951486","9","1873955"
"chr13","60083861","60084159","chr13","61957704","61958000","8","1873843"
"chr13","60105938","60106219","chr4","3211925","3212207","33","56894013"
"chr13","60118553","60118797","chr13","61995683","61995927","4","1877130"
"chr13","60136041","60136333","chr13","62013559","62013856","11","1877518"
"chr13","60244731","60245030","chr13","62120993","62121293","8","1876262"
"chr13","60248983","60249269","chr6","106239906","106240194","45","45990923"
"chr13","60300757","60301063","chr6","31584630","31584935","52","28716127"
"chr13","60305865","60306173","chr13","62187575","62187881","7","1881710"
"chr13","60310334","60310638","chr13","62191319","62191629","9","1880985"
"chr13","60325612","60325915","chr13","62205530","62205833","3","1879918"
"chr13","60333481","60333789","chr13","62212775","62213083","2","1879294"
"chr13","60335279","60335557","chr4","43054288","43054582","41","17280991"
"chr13","60366450","60366718","chr13","62247160","62247428","3","1880710"
"chr13","60379007","60379305","chr13","62259839","62260117","25","1880832"
"chr13","60393778","60394087","chr15","56843173","56843482","44","3550605"
"chr13","60403562","60403871","chr12","92805822","92806127","41","32402260"
"chr13","60408286","60408587","chr13","62290340","62290627","17","1882054"
"chr13","60408864","60409146","chr4","10911485","10911763","43","49497379"
"chr13","60414213","60414509","chr13","62297364","62297661","4","1883151"
"chr13","60417904","60418185","chr13","62300896","62301176","5","1882992"
"chr13","60429283","60429553","chr13","62314301","62314567","10","1885018"
"chr13","60430085","60430368","chr13","62314777","62315060","6","1884692"
"chr13","60433351","60433641","chr13","62317921","62318208","9","1884570"
"chr13","60434063","60434362","chr3","2907703","2908000","40","57526360"
"chr13","60442194","60442522","chrX","24484314","24484635","50","35957880"
"chr13","60448710","60448992","chr13","62335212","62335479","17","1886502"
"chr13","60456616","60456903","chr13","62343752","62344011","32","1887136"
"chr13","60462465","60462756","chr13","62349947","62350238","4","1887482"
"chr13","60466211","60466498","chr2","94598329","94598615","44","34132118"
"chr13","60473621","60473918","chr13","62361524","62361821","6","1887903"
"chr13","60481661","60481958","chr13","62370043","62370339","8","1888382"
"chr13","60490648","60490919","chr13","62380658","62380925","8","1890010"
"chr13","60491063","60491366","chr2","180553828","180554132","39","120062765"
"chr13","60492028","60492338","chr13","62382036","62382338","11","1890008"
"chr13","60507880","60508176","chr13","62398331","62398628","5","1890451"
"chr13","60508646","60508937","chr13","62399360","62399631","21","1890714"
"chr13","60522795","60522979","chr13","62414126","62414310","6","1891331"
"chr13","60526949","60527258","chr13","62418251","62418568","12","1891302"
"chr13","60545220","60545511","chr13","62435209","62435498","6","1889989"
"chr13","60550645","60550973","chr1","38691960","38692291","32","21858685"
"chr13","60575583","60575903","chr1","221572816","221573118","48","160997233"
"chr13","60603496","60603788","chr16","42689947","42690240","30","17913549"
"chr13","60678017","60678326","chr13","62569293","62569602","11","1891276"
"chr13","60679680","60679974","chr13","62570962","62571252","15","1891282"
"chr13","60699751","60700026","chr16","72977219","72977498","37","12277468"
"chr13","60711916","60712220","chr13","62602911","62603219","11","1890995"
"chr13","60720264","60720567","chr13","62610636","62610931","14","1890372"
"chr13","60781196","60781498","chr2","113545999","113546299","37","52764803"
"chr13","60814642","60814918","chr15","106006595","106006871","47","45191953"
"chr13","60829287","60829587","chr13","62718750","62719050","11","1889463"
"chr13","60831115","60831403","chr13","62720575","62720864","17","1889460"
"chr13","60833206","60833520","chr13","62722664","62722975","5","1889458"
"chr13","60838399","60838557","chr13","62728210","62728365","5","1889811"
"chr13","60845276","60845571","chr13","62737029","62737319","20","1891753"
"chr13","60848656","60848928","chr13","62740291","62740592","34","1891635"
"chr13","60868327","60868630","chr4","151149695","151150004","52","90281368"
"chr13","60875049","60875345","chr2","136423840","136424139","35","75548791"
"chr13","60890849","60891152","chr13","62784319","62784622","2","1893470"
"chr13","60930052","60930351","chr13","62825364","62825665","6","1895312"
"chr13","61014915","61015221","chr13","62920465","62920772","9","1905550"
"chr13","61039554","61039747","chr1","173467466","173467659","22","112427912"
"chr13","61079085","61079390","chr7","152675411","152675718","40","91596326"
"chr13","61137432","61137719","chr11","15124057","15124349","44","46013375"
"chr13","61153246","61153542","chr13","63058812","63059108","0","1905566"
"chr13","61158035","61158324","chr13","63071911","63072198","9","1913876"
"chr13","61191203","61191491","chr17","78226413","78226698","41","17035210"
"chr13","61200726","61201034","chr13","63114134","63114416","29","1913408"
"chr13","61256859","61257155","chr11","34016163","34016458","36","27240696"
"chr13","61291978","61292269","chr13","63206393","63206685","4","1914415"
"chr13","61338989","61339290","chr13","63253487","63253788","10","1914498"
"chr13","61381699","61381994","chr13","63307796","63308089","9","1926097"
"chr13","61479098","61479401","chr15","49257520","49257819","36","12221578"
"chr13","61668531","61668828","chr13","63591808","63592109","8","1923277"
"chr13","61748812","61749121","chr13","63677277","63677581","7","1928465"
"chr13","61765951","61766255","chr13","63694229","63694534","6","1928278"
"chr13","61791109","61791401","chr13","63719502","63719802","14","1928393"
"chr13","61815480","61815773","chr13","63744977","63745268","5","1929497"
"chr13","61911452","61911760","chr13","63841238","63841543","8","1929786"
"chr13","62020801","62021119","chr13","63951644","63951962","7","1930843"
"chr13","62061940","62062245","chr13","63991377","63991684","6","1929437"
"chr13","62064983","62065224","chr13","101587351","101587586","62","39522368"
"chr13","62092902","62093217","chr4","37791755","37792063","43","24301147"
"chr13","62190390","62190676","chr1","12484168","12484458","40","49706222"
"chr13","62214254","62214548","chr13","64142732","64143026","2","1928478"
"chr13","62419465","62419755","chr13","64346697","64346986","5","1927232"
"chr13","62531565","62531852","chr13","64464302","64464575","18","1932737"
"chr13","62780582","62780881","chr13","64713483","64713761","28","1932901"
"chr13","62956278","62956549","chr13","64887430","64887701","6","1931152"
"chr13","62963824","62964120","chr6","131966421","131966716","36","69002597"
"chr13","62983199","62983521","chr7","166579311","166579611","65","103596112"
"chr13","62989383","62989648","chr13","64918456","64918718","7","1929073"
"chr13","63006577","63006871","chr13","64935266","64935556","7","1928689"
"chr13","63015491","63015790","chr13","64944397","64944691","12","1928906"
"chr13","63044503","63044803","chr13","64975806","64976106","6","1931303"
"chr13","63195628","63195780","chr19","35106809","35106961","23","28088819"
"chr13","63552483","63552790","chr16","39535721","39536029","36","24016762"
"chr13","63582390","63582702","chr13","65512459","65512771","5","1930069"
"chr13","63713016","63713305","chr13","65644208","65644504","11","1931192"
"chr13","63760445","63760755","chr13","54790758","54791064","34","8969687"
"chr13","63978592","63978898","chr13","43474471","43474778","37","20504121"
"chr13","64045732","64046032","chr13","65982610","65982904","23","1936878"
"chr13","64076562","64076855","chr16","62065069","62065362","35","2011493"
"chr13","64079484","64079718","chr12","83941801","83942043","39","19862317"
"chr13","64089055","64089330","chr13","66024349","66024624","6","1935294"
"chr13","64090536","64090834","chr13","66025851","66026126","30","1935315"
"chr13","64093544","64093748","chr13","66028835","66029038","10","1935291"
"chr13","64130303","64130608","chr13","66071701","66072007","4","1941398"
"chr13","64138042","64138336","chr13","66079789","66080087","6","1941747"
"chr13","64204823","64205092","chr13","66148245","66148514","4","1943422"
"chr13","64212508","64212799","chr13","66155248","66155539","1","1942740"
"chr13","64302318","64302625","chr13","66244245","66244551","9","1941927"
"chr13","64358863","64359157","chr13","66300997","66301278","17","1942134"
"chr13","64368641","64368931","chr1","27579518","27579815","37","36789123"
"chr13","64417408","64417708","chr13","66358879","66359178","8","1941471"
"chr13","64471839","64472151","chr13","66414067","66414364","17","1942228"
"chr13","64528771","64529065","chr3","81890731","81891025","38","17361960"
"chr13","64546526","64546798","chr13","66495932","66496204","1","1949406"
"chr13","64570780","64571076","chr13","66519522","66519815","8","1948742"
"chr13","64600121","64600429","chr13","66549379","66549695","11","1949258"
"chr13","65369866","65370155","chrX","46532157","46532454","40","18837709"
"chr13","65378306","65378597","chr13","67361612","67361921","24","1983306"
"chr13","65702041","65702361","chr13","67686207","67686518","16","1984166"
"chr13","66072600","66072880","chr4","36622080","36622361","31","29450520"
"chr13","66074308","66074613","chr13","68146007","68146312","3","2071699"
"chr13","66294494","66294770","chr13","68432685","68432961","1","2138191"
"chr13","66407894","66408174","chr13","68547981","68548247","20","2140087"
"chr13","66759752","66760048","chr13","68908192","68908500","19","2148440"
"chr13","66856922","66857248","chr13","69005171","69005505","22","2148249"
"chr13","66978372","66978656","chr13","69126667","69126966","19","2148295"
"chr13","67028413","67028700","chr13","69184809","69185096","2","2156396"
"chr13","67033418","67033742","chr13","69189815","69190139","14","2156397"
"chr13","67045049","67045344","chr13","69201450","69201746","5","2156401"
"chr13","67053874","67054161","chr13","69210096","69210383","4","2156222"
"chr13","67090029","67090327","chr7","6595521","6595820","37","60494508"
"chr13","67115213","67115518","chr13","69270633","69270941","10","2155420"
"chr13","67119853","67120141","chr13","69275233","69275527","11","2155380"
"chr13","67158590","67158880","chr13","69314017","69314314","10","2155427"
"chr13","67159169","67159476","chr13","69314603","69314910","5","2155434"
"chr13","67163041","67163349","chr13","69318474","69318774","19","2155433"
"chr13","67175259","67175572","chr13","69330561","69330861","16","2155302"
"chr13","67211679","67211981","chr13","69364016","69364319","8","2152337"
"chr13","67251632","67251922","chr13","69402629","69402921","14","2150997"
"chr13","67369245","67369525","chr13","69513629","69513912","5","2144384"
"chr13","68009494","68009784","chr13","70155686","70155975","5","2146192"
"chr13","68170285","68170581","chr13","70317241","70317537","3","2146956"
"chr13","68243160","68243466","chr13","70389695","70389994","20","2146535"
"chr13","68256668","68256965","chr13","70402548","70402844","24","2145880"
"chr13","68288098","68288406","chr13","70435293","70435581","29","2147195"
"chr13","68308341","68308648","chr3","155832002","155832298","35","87523661"
"chr13","68321960","68322261","chr3","64099617","64099919","39","4222343"
"chr13","68343670","68343964","chr13","70493206","70493507","14","2149536"
"chr13","68352010","68352308","chr13","70501208","70501506","5","2149198"
"chr13","68480696","68480997","chr2","94361123","94361420","32","25880427"
"chr13","68576557","68576868","chr7","125857986","125858299","35","57281429"
"chr13","68646245","68646521","chr13","70798907","70799157","42","2152662"
"chr13","68662149","68662445","chr13","70811388","70811681","8","2149239"
"chr13","68796191","68796499","chrX","3672786","3673095","52","65123405"
"chr13","68974369","68974673","chr13","71126195","71126499","2","2151826"
"chr13","68994149","68994429","chr13","71147034","71147312","6","2152885"
"chr13","69001545","69001836","chr13","71154801","71155088","13","2153256"
"chr13","69041564","69041862","chr1","35582529","35582827","36","33459035"
"chr13","69045461","69045752","chr13","71201400","71201683","15","2155939"
"chr13","69084625","69084936","chr13","71242802","71243103","15","2158177"
"chr13","69115937","69116229","chr5","2278708","2279002","36","66837229"
"chr13","69147700","69147994","chr13","71306234","71306527","8","2158534"
"chr13","69187791","69188087","chr11","94996337","94996634","32","25808546"
"chr13","69197099","69197393","chr13","71356687","71356981","5","2159588"
"chr13","69208110","69208387","chr6","76744361","76744637","18","7536251"
"chr13","69236264","69236566","chr9","18129433","18129735","34","51106831"
"chr13","69239910","69240204","chr13","71393386","71393660","35","2153476"
"chr13","69274818","69275124","chr13","71429858","71430167","6","2155040"
"chr13","69275940","69276235","chr13","71430988","71431282","4","2155048"
"chr13","69443098","69443363","chr11","118409288","118409560","44","48966190"
"chr13","69549000","69549272","chr13","71709721","71709994","5","2160721"
"chr13","69610506","69610801","chr13","71768908","71769205","5","2158402"
"chr13","69875605","69875906","chr13","72029886","72030179","9","2154281"
"chr13","69937825","69938080","chr13","72091581","72091834","11","2153756"
"chr13","69986157","69986470","chr13","72139806","72140122","14","2153649"
"chr13","69997939","69998236","chr13","72150936","72151234","21","2152997"
"chr13","70023210","70023502","chr16","62065069","62065362","30","7958141"
"chr13","70135488","70135797","chr4","151149695","151150004","34","81014207"
"chr13","70224404","70224715","chr13","72375292","72375598","9","2150888"
"chr13","70232548","70232853","chr13","72383425","72383734","10","2150877"
"chr13","70403944","70404243","chr13","72555593","72555892","5","2151649"
"chr13","70425642","70425949","chr13","72580897","72581203","7","2155255"
"chr13","70442648","70442940","chr13","72597777","72598072","8","2155129"
"chr13","70785674","70785982","chr13","72940640","72940949","7","2154966"
"chr13","70914543","70914845","chr3","2362975","2363283","43","68551568"
"chr13","70922919","70923209","chrX","17706925","17707211","35","53215994"
"chr13","71302778","71303111","chr15","80108695","80109003","61","8805917"
"chr13","71443536","71443838","chr13","73606534","73606837","8","2162998"
"chr13","71839352","71839652","chr9","60069313","60069616","45","11770039"
"chr13","71976061","71976342","chr13","74126576","74126859","9","2150515"
"chr13","71976990","71977192","chr9","17895143","17895344","31","54081847"
"chr13","72018622","72018811","chr13","74168968","74169157","1","2150346"
"chr13","72143583","72143880","chr13","74302474","74302759","20","2158891"
"chr13","72146199","72146473","chr7","158767448","158767728","44","86621249"
"chr13","72151882","72152175","chr16","62956126","62956420","36","9195756"
"chr13","72171498","72171809","chr13","74329901","74330211","6","2158403"
"chr13","72211433","72211721","chr2","89394469","89394757","40","17183036"
"chr13","72287475","72287756","chr13","74446403","74446683","1","2158928"
"chr13","72312990","72313299","chr13","74472115","74472410","28","2159125"
"chr13","72596050","72596313","chr15","50063802","50064037","78","22532248"
"chr13","72739472","72739785","chr13","74891575","74891886","8","2152103"
"chr13","72751572","72751874","chr10","26272503","26272805","36","46479069"
"chr13","72985497","72985806","chr13","75141345","75141654","19","2155848"
"chr13","72996423","72996712","chr13","75152437","75152728","11","2156014"
"chr13","73041176","73041478","chr13","75197014","75197316","7","2155838"
"chr13","73046134","73046430","chr13","75202430","75202727","7","2156296"
"chr13","73060658","73060969","chr13","75217684","75217983","14","2157026"
"chr13","73066277","73066573","chr13","75223992","75224286","9","2157715"
"chr13","73186964","73187211","chr13","75340429","75340677","5","2153465"
"chr13","73216491","73216794","chr13","75369136","75369438","7","2152645"
"chr13","73264351","73264643","chr13","75416924","75417216","1","2152573"
"chr13","73312076","73312372","chr13","75464404","75464700","4","2152328"
"chr13","73312658","73312935","chr13","75464986","75465258","10","2152328"
"chr13","73538806","73539097","chr13","75692915","75693211","16","2154109"
"chr13","73542226","73542507","chr13","75696330","75696595","23","2154104"
"chr13","73636625","73636915","chr13","75789314","75789622","24","2152689"
"chr13","73680052","73680323","chr13","75834873","75835142","6","2154821"
"chr13","73791900","73792210","chr13","75944925","75945212","55","2153025"
"chr13","73807795","73808092","chr13","75962021","75962321","6","2154226"
"chr13","74030337","74030646","chr16","9085397","9085706","40","64944940"
"chr13","74553181","74553481","chr13","76719423","76719723","10","2166242"
"chr13","74642330","74642632","chr13","76807774","76808071","14","2165444"
"chr13","74659481","74659780","chr13","76824933","76825226","14","2165452"
"chr13","74974499","74974795","chr13","77132538","77132834","3","2158039"
"chr13","75111637","75111952","chr13","77329866","77330184","5","2218229"
"chr13","75182935","75183238","chr13","77401534","77401832","20","2218599"
"chr13","75197932","75198200","chr13","77418919","77419191","5","2220987"
"chr13","75634762","75635069","chr13","77855085","77855383","20","2220323"
"chr13","75745752","75746051","chr13","77975886","77976211","32","2230134"
"chr13","75961921","75962204","chr13","78192748","78193051","23","2230827"
"chr13","76046506","76046806","chr13","78275170","78275473","11","2228664"
"chr13","76070195","76070501","chr13","78299638","78299942","17","2229443"
"chr13","76107900","76108197","chr13","78344995","78345291","6","2237095"
"chr13","76113677","76113983","chr1","162660720","162661027","38","86547043"
"chr13","76592327","76592585","chr15","2882185","2882445","41","73710142"
"chr13","76799858","76800164","chr13","79343662","79343970","10","2543804"
"chr13","76803987","76804297","chr13","79348107","79348389","47","2544120"
"chr13","76904426","76904686","chr13","79440176","79440436","8","2535750"
"chr13","77236682","77236986","chr19","5647789","5648088","43","71588893"
"chr13","77373658","77373964","chr13","79909767","79910062","19","2536109"
"chr13","77392284","77392564","chr2","99304029","99304315","48","21911745"
"chr13","77912807","77913101","chr7","82874575","82874872","39","4961768"
"chr13","77991489","77991763","chr13","80571647","80571921","5","2580158"
"chr13","78312222","78312516","chr13","80892647","80892967","30","2580425"
"chr13","78549289","78549590","chr13","81132443","81132742","15","2583154"
"chr13","78645837","78646143","chr13","81229297","81229602","6","2583460"
"chr13","78704916","78705225","chr13","81288320","81288626","15","2583404"
"chr13","78805459","78805733","chr13","81388813","81389087","3","2583354"
"chr13","78994886","78995186","chr13","81575558","81575867","23","2580672"
"chr13","79291875","79292181","chr11","95682104","95682413","27","16390229"
"chr13","79331686","79331963","chr13","81907566","81907838","29","2575880"
"chr13","79346172","79346462","chr13","81921429","81921720","6","2575257"
"chr13","79445472","79445756","chr13","82026935","82027205","19","2581463"
"chr13","79479630","79479861","chr3","138330765","138330997","51","58851135"
"chr13","79624190","79624469","chr13","82199729","82200034","30","2575539"
"chr13","79666762","79667060","chr13","82242785","82243083","19","2576023"
"chr13","79702766","79703071","chr13","82279469","82279773","6","2576703"
"chr13","79969403","79969694","chr7","1835973","1836267","44","78133430"
"chr13","80199732","80200029","chr13","82751585","82751875","10","2551853"
"chr13","80532672","80532976","chr13","83161210","83161508","12","2628538"
"chr13","80603427","80603714","chr13","83232406","83232681","35","2628979"
"chr13","80618846","80619143","chr8","101258028","101258327","39","20639182"
"chr13","80635489","80635777","chr13","83266133","83266421","3","2630644"
"chr13","80736638","80736925","chr13","83366545","83366834","13","2629907"
"chr13","81004625","81004946","chr13","83630733","83631035","28","2626108"
"chr13","81108855","81109162","chr13","83772071","83772371","16","2663216"
"chr13","81318873","81319156","chr13","83978580","83978863","11","2659707"
"chr13","81356386","81356679","chr11","48469724","48470018","42","32886662"
"chr13","81364891","81365185","chr13","84024006","84024301","10","2659115"
"chr13","81437445","81437748","chr13","84107661","84107968","16","2670216"
"chr13","81624236","81624508","chr13","84291500","84291780","12","2667264"
"chr13","81662995","81663304","chr13","84330345","84330654","4","2667350"
"chr13","81719398","81719685","chr13","84388255","84388551","15","2668857"
"chr13","81782844","81783144","chr16","58679852","58680150","34","23102992"
"chr13","82112675","82112977","chr13","84822772","84823075","10","2710097"
"chr13","82178055","82178354","chr13","84888097","84888398","10","2710042"
"chr13","82318672","82318962","chr9","41614211","41614499","40","40704461"
"chr13","82342068","82342351","chr13","85047738","85048021","10","2705670"
"chr13","82412110","82412407","chr13","85115035","85115340","20","2702925"
"chr13","82647802","82648089","chr1","180243834","180244121","41","97596032"
"chr13","82663275","82663574","chr8","78689284","78689587","43","3973991"
"chr13","82692880","82693179","chr13","85379581","85379878","14","2686701"
"chr13","83534736","83535038","chr13","86524165","86524467","6","2989429"
"chr13","83613175","83613460","chr13","86603347","86603640","14","2990172"
"chr13","83665562","83665867","chr11","124583532","124583839","41","40917970"
"chr13","83673496","83673797","chr13","86667964","86668259","28","2994468"
"chr13","83683632","83683931","chr13","86677753","86678048","7","2994121"
"chr13","83699215","83699494","chr13","86692384","86692663","11","2993169"
"chr13","83722453","83722762","chr13","86724437","86724733","20","3001984"
"chr13","83732536","83732827","chr3","43892554","43892846","33","39839982"
"chr13","83736225","83736489","chr13","86737720","86737984","2","3001495"
"chr13","83750202","83750470","chr13","86751814","86752082","5","3001612"
"chr13","83779439","83779741","chr5","56701456","56701750","43","27077983"
"chr13","83809865","83810161","chr13","86811791","86812083","7","3001926"
"chr13","83815064","83815361","chr13","86817011","86817298","13","3001947"
"chr13","83847620","83847926","chr12","13320971","13321279","36","70526649"
"chr13","83849623","83849918","chr13","86852601","86852897","9","3002978"
"chr13","83852540","83852836","chr13","86855192","86855489","6","3002652"
"chr13","83892839","83893131","chr13","86895303","86895594","3","3002464"
"chr13","83911743","83912045","chr13","86914490","86914791","6","3002747"
"chr13","84011306","84011602","chr13","87013039","87013333","8","3001733"
"chr13","84079982","84080274","chr13","87081291","87081583","10","3001309"
"chr13","84098632","84098921","chr11","94673045","94673335","34","10574413"
"chr13","84106262","84106559","chr13","87106940","87107240","9","3000678"
"chr13","84114432","84114732","chr13","87115112","87115412","4","3000680"
"chr13","84129730","84130034","chr13","87130423","87130723","11","3000693"
"chr13","84148607","84148929","chr13","87150702","87151008","37","3002095"
"chr13","84170496","84170788","chr13","87173661","87173954","4","3003165"
"chr13","84215387","84215693","chr13","87217973","87218280","7","3002586"
"chr13","84253748","84254039","chr13","87255538","87255831","8","3001790"
"chr13","84267198","84267508","chr16","62938376","62938691","35","21328822"
"chr13","84307918","84308222","chr13","87313186","87313490","4","3005268"
"chr13","84319499","84319761","chr13","87325995","87326257","8","3006496"
"chr13","84330800","84331094","chr13","87339296","87339594","6","3008496"
"chr13","84361217","84361519","chr3","131455232","131455539","39","47094015"
"chr13","84374102","84374397","chr13","87383661","87383956","1","3009559"
"chr13","84415769","84416046","chr13","87424927","87425203","7","3009158"
"chr13","84485397","84485697","chr13","87502258","87502557","2","3016861"
"chr13","84556118","84556412","chr13","87573112","87573403","10","3016994"
"chr13","84569828","84570116","chr11","129105242","129105532","41","44535414"
"chr13","84581340","84581647","chr13","30550542","30550849","34","54030798"
"chr13","84591329","84591619","chr13","87608887","87609172","8","3017558"
"chr13","84604394","84604696","chr13","87621763","87622067","5","3017369"
"chr13","84668607","84668916","chr13","87680080","87680389","7","3011473"
"chr13","84724284","84724589","chr13","87736349","87736650","12","3012065"
"chr13","84737701","84738034","chr13","87749769","87750102","5","3012068"
"chr13","84768658","84768966","chrX","44496319","44496626","40","40272339"
"chr13","84807222","84807520","chr7","154883925","154884219","47","70076703"
"chr13","84834640","84834947","chr13","87846515","87846811","20","3011875"
"chr13","84880752","84881023","chr13","87892668","87892938","5","3011916"
"chr13","85029585","85029884","chr13","88043625","88043926","7","3014040"
"chr13","85084923","85085220","chr13","88099045","88099341","10","3014122"
"chr13","85087801","85088100","chr13","88101681","88101977","8","3013880"
"chr13","85137405","85137673","chr13","88148840","88149127","25","3011435"
"chr13","85146307","85146620","chr13","88157724","88158037","1","3011417"
"chr13","85188728","85189007","chr13","88199693","88199972","7","3010965"
"chr13","85326719","85327015","chr13","88338765","88339069","9","3012046"
"chr13","85380122","85380433","chr13","88389532","88389841","7","3009410"
"chr13","85773491","85773797","chr7","155089098","155089402","39","69315607"
"chr13","85896542","85896844","chr13","89384714","89385016","5","3488172"
"chr13","85934097","85934406","chr13","89422510","89422810","13","3488413"
"chr13","85937510","85937812","chr13","89425900","89426203","9","3488390"
"chr13","85943692","85943993","chr1","88257606","88257908","31","2313914"
"chr13","86036545","86036863","chr3","30115080","30115399","36","55921465"
"chr13","86249235","86249532","chr13","89731973","89732270","7","3482738"
"chr13","86268600","86268895","chrX","117758413","117758706","33","31489813"
"chr13","86274332","86274634","chr13","89756325","89756625","27","3481993"
"chr13","86304093","86304395","chr13","89790862","89791155","17","3486769"
"chr13","86362037","86362252","chr13","89850320","89850535","4","3488283"
"chr13","86410069","86410374","chr13","26175974","26176278","42","60234095"
"chr13","86411155","86411429","chr13","89893552","89893826","7","3482397"
"chr13","86446548","86446849","chr13","89930361","89930662","8","3483813"
"chr13","86467313","86467547","chr1","36634341","36634587","42","49832972"
"chr13","86491276","86491570","chr13","89978018","89978315","10","3486742"
"chr13","86497331","86497637","chr13","89984724","89985030","13","3487393"
"chr13","86841144","86841434","chr1","37000477","37000769","38","49840667"
"chr13","87204477","87204756","chr13","90686898","90687153","29","3482421"
"chr13","87472365","87472665","chr13","91021333","91021640","17","3548968"
"chr13","87491893","87492194","chr13","91041360","91041661","4","3549467"
"chr13","87636800","87637101","chr2","121158781","121159088","42","33521981"
"chr13","87638173","87638463","chr1","52311437","52311735","40","35326736"
"chr13","87638564","87638823","chr1","46985032","46985302","43","40653532"
"chr13","87717554","87717862","chr13","91459863","91460170","9","3742309"
"chr13","87731398","87731681","chr1","20786135","20786425","38","66945263"
"chr13","87736343","87736655","chr13","91478249","91478559","7","3741906"
"chr13","87784405","87784700","chr13","91530462","91530761","12","3746057"
"chr13","88191147","88191449","chr19","40866944","40867252","48","47324203"
"chr13","88213368","88213670","chr13","91996123","91996427","7","3782755"
"chr13","88285642","88285939","chr13","92070071","92070367","4","3784429"
"chr13","88304222","88304529","chr2","107121654","107121964","41","18817432"
"chr13","88374363","88374658","chr7","2255752","2256045","32","86118611"
"chr13","88508081","88508378","chr13","92295234","92295531","8","3787153"
"chr13","88549337","88549636","chr13","92338007","92338310","7","3788670"
"chr13","88568455","88568747","chr13","92356423","92356714","4","3787968"
"chr13","88585819","88586048","chr13","92377066","92377298","6","3791247"
"chr13","88621333","88621636","chr13","92425285","92425589","8","3803952"
"chr13","88644670","88644979","chr13","92448738","92449050","10","3804068"
"chr13","88650322","88650591","chr3","75106308","75106577","49","13544014"
"chr13","88651626","88651925","chr13","92455042","92455322","28","3803416"
"chr13","88654984","88655290","chr13","92456514","92456821","6","3801530"
"chr13","88658281","88658566","chr7","16279866","16280158","41","72378415"
"chr13","88659427","88659725","chr1","101172839","101173138","14","12513412"
"chr13","88659941","88660246","chr9","92574925","92575229","34","3914984"
"chr13","88704973","88705274","chr13","92506059","92506358","12","3801086"
"chr13","88778454","88778744","chr13","92578380","92578670","6","3799926"
"chr13","88788723","88789021","chr11","62610991","62611296","45","26177732"
"chr13","88849038","88849335","chr20","68593898","68594191","38","20255140"
"chr13","88888236","88888530","chr13","92693717","92694011","7","3805481"
"chr13","88896050","88896345","chr8","143114328","143114623","38","54218278"
"chr13","89149101","89149399","chr13","92972060","92972360","10","3822959"
"chr13","89280844","89281141","chr13","93098984","93099279","12","3818140"
"chr13","89427834","89428129","chr13","93259100","93259390","11","3831266"
"chr13","89539393","89539693","chr4","31898756","31899058","45","57640637"
"chr13","89818459","89818758","chr15","7855904","7856203","30","81962555"
"chr13","89982556","89982825","chr20","284750","285011","42","89697806"
"chr13","90157189","90157446","chr13","94017030","94017287","2","3859841"
"chr13","90230300","90230636","chr13","94090125","94090438","24","3859825"
"chr13","90283267","90283567","chr10","5729998","5730296","35","84553269"
"chr13","90342442","90342748","chr13","94202458","94202759","18","3860016"
"chr13","90441913","90442210","chr2","94182728","94183029","39","3740815"
"chr13","90451626","90451909","chr13","94324941","94325222","7","3873315"
"chr13","90518527","90518836","chr15","794197","794499","37","89724330"
"chr13","90669756","90670054","chr13","94538788","94539089","16","3869032"
"chr13","90680604","90680902","chr13","94538788","94539089","25","3858184"
"chr13","90845527","90845803","chr13","94716404","94716682","6","3870877"
"chr13","90873115","90873408","chr13","94745141","94745440","11","3872026"
"chr13","90900582","90900734","chr13","94772277","94772429","5","3871695"
"chr13","90991754","90992058","chr6","81190572","81190876","34","9801182"
"chr13","91037251","91037561","chr13","94907508","94907801","20","3870257"
"chr13","91101042","91101334","chr13","94971335","94971628","5","3870293"
"chr13","91122307","91122592","chr13","94992025","94992328","27","3869718"
"chr13","91129999","91130314","chr6","71552010","71552321","47","19577989"
"chr13","91135549","91135850","chr7","136112903","136113209","38","44977354"
"chr13","91251352","91251640","chr13","95121592","95121880","5","3870240"
"chr13","91392772","91393087","chr13","95285344","95285659","3","3892572"
"chr13","91442691","91442983","chr13","95363313","95363605","3","3920622"
"chr13","91779638","91779947","chr13","95696030","95696337","4","3916392"
"chr13","91813857","91814174","chrX","107693984","107694290","48","15880127"
"chr13","91854853","91855078","chr1","137190571","137190798","30","45335718"
"chr13","91858902","91859216","chr13","95778956","95779270","6","3920054"
"chr13","91864071","91864361","chr13","95784102","95784393","8","3920031"
"chr13","91922301","91922458","chr13","95853746","95853904","4","3931445"
"chr13","91935609","91935885","chr13","95854848","95855120","8","3919239"
"chr13","91993839","91994102","chr13","95963507","95963772","11","3969668"
"chr13","92026669","92026977","chr13","95996921","95997229","6","3970252"
"chr13","92050562","92050859","chr13","96020071","96020364","11","3969509"
"chr13","92343013","92343316","chr13","96311444","96311747","7","3968431"
"chr13","92364634","92364929","chr1","121564029","121564325","32","29199395"
"chr13","92415727","92416024","chr3","155832002","155832298","36","63416275"
"chr13","92435068","92435371","chr13","96402277","96402576","14","3967209"
"chr13","92439416","92439720","chr13","96406288","96406591","13","3966872"
"chr13","92483368","92483651","chrX","101188584","101188863","39","8705216"
"chr13","92504605","92504908","chr3","166477634","166477937","31","73973029"
"chr13","92623782","92624059","chr13","96670316","96670594","4","4046534"
"chr13","92665611","92665878","chr13","96712325","96712593","4","4046714"
"chr13","92668366","92668651","chr6","165872739","165873023","33","73204373"
"chr13","92682441","92682737","chr13","96728773","96729080","13","4046332"
"chr13","92732620","92732915","chr16","62065069","62065362","35","30667551"
"chr13","92821075","92821386","chr13","96874118","96874425","9","4053043"
"chr13","92942950","92943231","chr13","96999310","96999618","33","4056360"
"chr13","92979018","92979317","chr19","18101055","18101353","37","74877963"
"chr13","92981733","92982022","chr13","97043640","97043929","2","4061907"
"chr13","92989017","92989331","chr13","97050914","97051218","15","4061897"
"chr13","93011271","93011579","chr13","97073851","97074159","5","4062580"
"chr13","93053286","93053553","chr13","97121356","97121624","21","4068070"
"chr13","93089868","93090162","chr16","62956126","62956420","32","30133742"
"chr13","93091595","93091901","chr13","97159119","97159424","4","4067524"
"chr13","93170958","93171237","chr13","97238180","97238464","7","4067222"
"chr13","93207001","93207305","chr13","97274549","97274854","4","4067548"
"chr13","93245926","93246223","chr13","97313679","97313969","13","4067753"
"chr13","93380638","93380931","chr13","97439626","97439919","5","4058988"
"chr13","93805511","93805820","chr13","97863154","97863459","17","4057643"
"chr13","93942066","93942366","chr13","97995292","97995590","5","4053226"
"chr13","94636351","94636670","chr13","98688938","98689257","14","4052587"
"chr13","94915021","94915166","chr6","77455614","77455760","23","17459407"
"chr13","94996933","94997228","chr13","99056672","99056970","4","4059739"
"chr13","95013949","95014243","chr13","99074115","99074408","4","4060166"
"chr13","95254431","95254728","chr13","99311447","99311737","14","4057016"
"chr13","95278657","95278972","chr13","99336608","99336918","9","4057951"
"chr13","95418085","95418372","chr2","204441087","204441376","29","109023002"
"chr13","95425823","95426100","chrX","141716536","141716813","37","46290713"
"chr13","95760952","95761240","chr13","99819193","99819480","11","4058241"
"chr13","95896815","95897085","chr15","782182","782445","45","95114633"
"chr13","95901747","95902016","chr9","52168272","52168537","56","43733475"
"chr13","95912878","95913186","chr13","99969809","99970115","5","4056931"
"chr13","96002349","96002650","chr13","100064344","100064646","5","4061995"
"chr13","96051355","96051643","chr4","130614786","130615082","41","34563431"
"chr13","96266152","96266433","chr20","2068645","2068928","43","94197507"
"chr13","96696773","96697080","chr13","100803895","100804196","16","4107122"
"chr13","96988482","96988714","chr6","32673150","32673386","38","64315332"
"chr13","97041112","97041416","chr13","101053938","101054234","18","4012826"
"chr13","97245664","97245965","chr13","101257691","101257992","4","4012027"
"chr13","97351781","97352085","chr15","92598445","92598754","36","4753336"
"chr13","97488820","97489109","chr13","101498940","101499229","2","4010120"
"chr13","97545240","97545516","chr7","138298701","138298983","43","40753461"
"chr13","97564699","97564960","chr4","23127139","23127401","61","74437560"
"chr13","97565605","97565808","chr19","12657166","12657369","26","84908439"
"chr13","97580491","97580726","chr13","101587351","101587586","7","4006860"
"chr13","97580822","97581127","chr2","161960788","161961087","36","64379966"
"chr13","97598840","97599141","chr13","101606405","101606709","14","4007565"
"chr13","97822943","97823252","chr13","101822893","101823200","25","3999950"
"chr13","98135421","98135687","chr13","102131228","102131494","13","3995807"
"chr13","98244218","98244507","chr13","102248086","102248373","17","4003868"
"chr13","98514909","98515175","chr1","28659625","28659889","42","69855284"
"chr13","98740718","98741028","chr13","102775505","102775815","8","4034787"
"chr13","98779329","98779632","chr13","102813748","102814051","6","4034419"
"chr13","98944443","98944746","chr13","102982160","102982456","14","4037717"
"chr13","99132887","99133191","chr7","63786437","63786743","45","35346450"
"chr13","99255710","99256016","chr14","10252482","10252785","41","89003228"
"chr13","99278975","99279221","chr9","118047165","118047415","37","18768190"
"chr13","99391895","99392200","chr4","31898756","31899058","32","67493139"
"chr13","99400849","99401157","chr13","103764794","103765088","17","4363945"
"chr13","99486007","99486296","chr13","103847853","103848132","16","4361846"
"chr13","99578325","99578590","chr19","48455949","48456222","38","51122376"
"chr13","99695374","99695665","chr13","104054857","104055148","3","4359483"
"chr13","99793428","99793725","chr1","220376553","220376849","34","120583125"
"chr13","99881477","99881776","chr13","104234808","104235107","5","4353331"
"chr13","99907690","99907983","chr13","104262948","104263241","2","4355258"
"chr13","99933019","99933322","chr13","104288812","104289117","8","4355793"
"chr13","100066943","100067249","chr13","104425483","104425790","16","4358540"
"chr13","100130724","100130985","chr13","104495754","104496016","6","4365030"
"chr13","100203390","100203682","chr13","104569525","104569836","27","4366135"
"chr13","100236230","100236512","chr13","104602524","104602803","17","4366294"
"chr13","100291609","100291898","chr13","104657253","104657539","31","4365644"
"chr13","100757935","100758230","chr7","6595521","6595820","34","94162414"
"chr13","100811403","100811704","chr13","105172582","105172883","5","4361179"
"chr13","100842611","100842915","chr7","126988344","126988646","38","26145733"
"chr13","100881446","100881751","chr13","105241679","105241985","1","4360233"
"chr13","100908998","100909297","chr13","105269726","105270028","11","4360728"
"chr13","100918706","100918994","chr13","105279093","105279385","13","4360387"
"chr13","100972793","100973084","chr13","105333255","105333543","5","4360462"
"chr13","100973743","100974049","chr2","46714856","46715158","41","54258887"
"chr13","100974829","100975075","chr13","105335634","105335879","8","4360805"
"chr13","100981828","100982077","chr13","105342628","105342877","4","4360800"
"chr13","100991890","100992165","chr13","105352530","105352788","25","4360640"
"chr13","101001054","101001354","chr13","105362283","105362588","10","4361229"
"chr13","101341806","101342114","chr13","105698994","105699289","26","4357188"
"chr13","101347085","101347357","chr13","105704327","105704599","10","4357242"
"chr13","101476643","101476943","chr13","105816622","105816923","5","4339979"
"chr13","101723315","101723595","chr13","106059423","106059703","9","4336108"
"chr13","101864913","101865180","chr13","106205788","106206050","11","4340875"
"chr13","101945605","101945909","chr13","106285044","106285351","10","4339439"
"chr13","102028338","102028640","chr13","106367974","106368277","2","4339636"
"chr13","102045543","102045847","chr3","43150637","43150941","43","58894906"
"chr13","102220133","102220415","chr13","106561982","106562264","9","4341849"
"chr13","102272512","102272809","chr13","106613837","106614134","7","4341325"
"chr13","102552140","102552429","chr19","18796506","18796795","38","83755634"
"chr13","102571935","102572241","chr13","106823560","106823865","5","4251625"
"chr13","102667239","102667526","chr6","149292013","149292301","37","46624774"
"chr13","102789629","102789904","chr13","107045080","107045354","11","4255451"
"chr13","103036702","103036991","chr13","107286261","107286550","9","4249559"
"chr13","103099089","103099396","chr3","139838963","139839269","38","36739874"
"chr13","103153297","103153592","chr13","107403276","107403564","16","4249979"
"chr13","103176489","103176781","chr1","14557471","14557762","34","88619018"
"chr13","103221547","103221856","chr13","107492043","107492347","15","4270496"
"chr13","103231859","103232138","chr13","107502883","107503167","16","4271024"
"chr13","103306982","103307286","chr7","44886295","44886604","39","58420687"
"chr13","103313785","103314080","chr13","44841511","44841805","37","58472274"
"chr13","103315456","103315746","chr13","107587141","107587431","4","4271685"
"chr13","103327983","103328277","chr12","115182577","115182874","34","11854594"
"chr13","103338359","103338659","chr15","14363011","14363311","36","88975348"
"chr13","103340285","103340598","chr1","28051579","28051885","45","75288706"
"chr13","103384753","103385055","chr13","107655538","107655839","7","4270785"
"chr13","103388993","103389275","chr13","107659466","107659748","10","4270473"
"chr13","103421951","103422253","chr13","107692988","107693291","5","4271037"
"chr13","103438755","103439048","chr13","107711103","107711396","3","4272348"
"chr13","103525745","103526049","chr13","107799953","107800258","4","4274208"
"chr13","103653517","103653825","chr13","107928892","107929201","18","4275375"
"chr13","103819890","103820192","chr13","108086993","108087305","14","4267103"
"chr13","103941970","103942245","chr13","108206516","108206791","8","4264546"
"chr13","103948881","103949189","chr13","108213418","108213714","25","4264537"
"chr13","104120786","104121092","chr13","108386695","108387002","9","4265909"
"chr13","104255459","104255770","chr13","108542655","108542950","23","4287196"
"chr13","104345666","104345950","chr13","108874955","108875242","22","4529289"
"chr13","104554777","104555040","chr13","108874955","108875242","31","4320178"
"chr13","104883012","104883319","chr13","91271761","91272068","17","13611251"
"chr13","105093178","105093483","chr5","123427868","123428169","39","18334690"
"chr13","105175893","105176193","chr12","23885798","23886091","14","81290095"
"chr13","105504235","105504529","chr16","52984454","52984743","47","52519781"
"chr13","105625026","105625329","chr12","22953810","22954105","12","82671216"
"chr13","105638803","105639098","chr12","22939983","22940292","21","82698820"
"chr13","105848589","105848869","chr12","22731633","22731940","33","83116956"
"chr13","105975058","105975365","chr12","22610757","22611064","10","83364301"
"chr13","106063863","106064156","chrX","48051198","48051490","33","58012665"
"chr13","106144019","106144326","chr12","22447501","22447808","3","83696518"
"chr13","106426062","106426369","chr12","22172909","22173211","13","84253153"
"chr13","106730167","106730471","chr12","21825654","21825963","11","84904513"
"chr13","106785262","106785548","chr12","21770540","21770826","3","85014722"
"chr13","106807156","106807461","chr12","21749105","21749413","11","85058051"
"chr13","106847817","106848115","chr3","155832002","155832298","28","48984185"
"chr13","106856756","106857061","chr12","21698492","21698765","34","85158264"
"chr13","106936262","106936547","chr1","120455514","120455792","44","13519252"
"chr13","106948832","106949117","chr12","21607546","21607830","7","85341286"
"chr13","106967611","106967912","chr12","21588304","21588601","9","85379307"
"chr13","106993230","106993530","chr14","104933014","104933313","39","2060216"
"chr13","107000724","107001010","chr12","21553410","21553696","4","85447314"
"chr13","107073484","107073754","chr12","21479619","21479889","13","85593865"
"chr13","107187917","107188203","chr12","21361539","21361825","7","85826378"
"chr13","107199446","107199728","chr7","27042398","27042682","39","80157048"
"chr13","107239824","107240126","chr4","105373661","105373961","31","1866163"
"chr13","107281127","107281420","chr12","21273702","21273997","7","86007425"
"chr13","107290241","107290540","chr12","21264526","21264833","15","86025715"
"chr13","107304663","107304944","chr12","21250194","21250471","8","86054469"
"chr13","107345807","107346074","chr16","14952914","14953177","48","92392893"
"chr13","107494724","107495015","chr12","21058892","21059183","12","86435832"
"chr13","107516346","107516576","chr12","21036266","21036496","2","86480080"
"chr13","107528437","107528744","chr12","38572057","38572363","38","68956380"
"chr13","107553462","107553745","chr12","20996324","20996606","9","86557138"
"chr13","107559741","107560035","chr12","20990112","20990409","9","86569629"
"chr13","107703873","107704031","chr12","20846114","20846272","2","86857759"
"chr13","107743038","107743340","chr12","20805322","20805621","8","86937716"
"chr13","107771755","107772049","chr2","110547922","110548217","37","2776167"
"chr13","107786451","107786753","chr12","20761118","20761419","5","87025333"
"chr13","107800772","107801072","chr3","176177648","176177948","37","68376876"
"chr13","107812579","107812881","chr12","20735740","20736038","7","87076839"
"chr13","107814301","107814598","chr12","20734025","20734320","7","87080276"
"chr13","107927542","107927847","chr12","20615883","20616188","7","87311659"
"chr13","107957330","107957616","chr12","20585587","20585868","8","87371743"
"chr13","108038832","108039123","chr12","20505819","20506112","4","87533013"
"chr13","108098422","108098723","chr12","20444763","20445064","6","87653659"
"chr13","108123897","108124144","chr12","20419393","20419640","2","87704504"
"chr13","108192744","108193040","chr6","171917051","171917343","39","63724307"
"chr13","108276828","108277120","chr1","12484168","12484458","38","95792660"
"chr13","108337065","108337392","chr11","6657895","6658219","46","101679170"
"chr13","108815759","108816047","chr12","19738310","19738605","12","89077449"
"chr13","108873352","108873652","chr12","19679884","19680184","6","89193468"
"chr13","108938908","108939204","chr12","19614228","19614523","8","89324680"
"chr13","108949338","108949641","chr12","19602907","19603210","7","89346431"
"chr13","109116755","109117057","chr12","19435432","19435743","16","89681323"
"chr13","109400167","109400452","chr12","19112070","19112355","3","90288097"
"chr13","109543829","109544138","chr12","18968607","18968913","9","90575222"
"chr13","109567580","109567877","chr12","18943782","18944079","5","90623798"
"chr13","110233152","110233460","chr12","18281095","18281395","24","91952057"
"chr13","110241791","110242083","chr12","18272471","18272759","13","91969320"
"chr13","110273554","110273837","chr12","18241992","18242273","5","92031562"
"chr13","110306249","110306551","chr12","18208569","18208882","18","92097680"
"chr13","110413230","110413538","chr1","44256732","44257032","46","66156498"
"chr13","110457703","110458000","chr12","18057852","18058150","5","92399851"
"chr13","110471533","110471826","chr12","18044307","18044609","21","92427226"
"chr13","110589869","110590192","chr12","17926397","17926691","36","92663472"
"chr13","110648130","110648396","chr12","17866752","17867018","5","92781378"
"chr13","110790141","110790433","chr12","17724078","17724368","7","93066063"
"chr13","110795021","110795312","chr12","17719002","17719282","15","93076019"
"chr13","110806618","110806913","chr12","17707420","17707711","6","93099198"
"chr13","110815301","110815608","chr12","17699304","17699625","17","93115997"
"chr13","110842881","110843188","chr12","120189411","120189718","30","9346530"
"chr13","110843398","110843693","chr12","17670647","17670943","19","93172751"
"chr13","110880010","110880318","chr12","17634951","17635249","20","93245059"
"chr13","110898983","110899238","chr14","2406676","2406932","30","108492307"
"chr13","110908240","110908546","chr12","17600740","17601045","10","93307500"
"chr13","110933630","110933895","chr12","17575902","17576167","5","93357728"
"chr13","110958501","110958748","chr12","17550238","17550486","7","93408263"
"chr13","110967879","110968186","chr12","17539478","17539784","6","93428401"
"chr13","111131957","111132263","chr12","17379277","17379552","37","93752680"
"chr13","111212416","111212710","chr12","17301985","17302279","8","93910431"
"chr13","111341392","111341635","chr8","100147360","100147598","35","11194032"
"chr13","111386253","111386559","chr12","17123908","17124210","8","94262345"
"chr13","111396101","111396402","chr12","17114008","17114315","17","94282093"
"chr13","111550427","111550724","chr12","16964749","16965052","11","94585678"
"chr13","111559383","111559681","chr12","16955743","16956041","14","94603640"
"chr13","111598565","111598865","chr4","31898756","31899058","40","79699809"
"chr13","111639812","111640111","chr12","16875565","16875868","8","94764247"
"chr13","111694042","111694351","chr12","16821191","16821465","37","94872851"
"chr13","111749316","111749623","chr9","97514223","97514531","33","14235093"
"chr13","111870539","111870830","chr13","75416924","75417216","40","36453615"
"chr13","111978390","111978697","chr12","16532331","16532627","20","95446059"
"chr13","112085287","112085580","chr12","16425840","16426133","5","95659447"
"chr13","112271470","112271795","chr12","16237939","16238262","6","96033531"
"chr13","112300097","112300397","chr14","34990067","34990367","42","77310030"
"chr13","112520176","112520505","chr12","15931006","15931314","42","96589170"
"chr13","112563946","112564245","chr5","84621454","84621751","42","27942492"
"chr13","112610047","112610337","chr2","96320982","96321273","39","16289065"
"chr13","112705778","112706055","chr12","15754958","15755234","8","96950820"
"chr13","112871086","112871382","chr12","15548390","15548685","17","97322696"
"chr13","112879867","112880163","chr12","15540246","15540546","9","97339621"
"chr13","112926062","112926349","chr12","15500330","15500617","2","97425732"
"chr13","113024336","113024642","chr12","15403183","15403472","27","97621153"
"chr13","113072274","113072543","chr12","15355293","15355564","2","97716981"
"chr13","113107528","113107822","chr12","15326319","15326605","23","97781209"
"chr13","113134019","113134299","chr12","15299484","15299764","6","97834535"
"chr13","113201130","113201313","chr19","32370449","32370635","28","80830681"
"chr13","113345526","113345835","chr12","15023250","15023567","21","98322276"
"chr13","113851691","113851981","chr12","14510856","14511146","2","99340835"
"chr13","114259381","114259688","chr12","14071860","14072163","6","100187521"
"chr13","114277014","114277319","chr12","14054203","14054508","18","100222811"
"chr13","114562835","114563126","chr12","13763720","13764001","17","100799115"
"chr13","114564480","114564770","chr12","13762068","13762355","18","100802412"
"chr13","114631629","114631930","chr12","13696412","13696713","2","100935217"
"chr13","115092142","115092438","chr12","13235491","13235793","14","101856651"
"chr13","115455797","115456100","chr12","12869360","12869661","11","102586437"
"chr13","115676851","115677130","chr1","34227169","34227449","40","81449682"
"chr13","115877211","115877495","chr12","12451292","12451576","7","103425919"
"chr13","116472423","116472723","chr12","11821185","11821488","13","104651238"
"chr13","116486337","116486619","chr12","11807139","11807420","4","104679198"
"chr13","116608680","116608939","chr19","16703158","16703425","44","99905522"
"chr13","116621113","116621414","chr3","135899968","135900264","40","19278855"
"chr13","116663812","116664119","chr12","11629118","11629420","24","105034694"
"chr13","116888524","116888833","chr12","11398856","11399159","9","105489668"
"chr13","116943661","116943970","chr12","11343106","11343418","10","105600555"
"chr13","116971802","116972104","chr12","11315132","11315437","7","105656670"
"chr13","117119677","117119972","chr12","11166046","11166344","13","105953631"
"chr13","117149063","117149345","chr13","27759040","27759327","35","89390023"
"chr13","117160137","117160401","chr12","11125023","11125288","6","106035114"
"chr13","117494712","117494971","chr20","284750","285011","37","117209962"
"chr13","117528525","117528828","chr3","166477634","166477937","35","48949109"
"chr13","117574988","117575298","chr12","10653415","10653721","17","106921573"
"chr13","117665429","117665741","chr12","10564904","10565216","8","107100525"
"chr13","117766458","117766770","chr12","10464679","10464990","15","107301779"
"chr13","117769967","117770252","chr12","10461294","10461578","1","107308673"
"chr13","118214332","118214630","chr12","10016411","10016710","6","108197921"
"chr13","118221661","118221940","chr12","10009275","10009567","29","108212386"
"chr13","118233093","118233385","chr12","9998165","9998457","5","108234928"
"chr13","118241512","118241792","chr12","9989694","9989974","5","108251818"
"chr13","118333220","118333528","chr12","9901125","9901428","10","108432095"
"chr13","118389082","118389393","chr12","9844099","9844412","33","108544983"
"chr13","118461951","118462256","chr12","9768855","9769160","8","108693096"
"chr13","118544914","118545212","chr7","21929999","21930292","47","96614915"
"chr13","118710255","118710549","chr12","9518897","9519191","7","109191358"
"chr13","118723110","118723398","chr12","9506435","9506740","20","109216675"
"chr13","118734267","118734565","chr12","9496181","9496488","19","109238086"
"chr13","118736681","118736978","chr12","9493773","9494070","11","109242908"
"chr13","118751473","118751724","chr4","117420368","117420632","40","1331105"
"chr13","118791738","118792036","chr12","9434252","9434568","31","109357486"
"chr13","118822861","118823146","chr5","500969","501251","51","118321892"
"chr13","118827949","118828227","chr12","9398282","9398558","12","109429667"
"chr13","118882990","118883250","chr1","207064650","207064912","33","88181660"
"chr13","118888337","118888628","chr12","9342688","9342987","18","109545649"
"chr13","118931906","118932225","chr11","88867528","88867847","43","30064378"
"chr13","118968663","118968964","chr12","9256534","9256830","17","109712129"
"chr13","119076330","119076626","chr12","9150011","9150295","18","109926319"
"chr13","119199408","119199716","chr12","9027867","9028175","3","110171541"
"chr13","119239615","119239923","chr12","8996668","8996977","10","110242947"
"chr13","119264684","119264991","chr2","74366803","74367112","51","44897881"
"chr13","119325849","119326158","chr12","8909973","8910261","32","110415876"
"chr13","119355428","119355703","chr12","8880992","8881243","38","110474436"
"chr13","119373748","119374057","chr12","8862983","8863294","20","110510765"
"chr13","119415492","119415799","chr12","8828037","8828342","10","110587455"
"chr13","119976213","119976502","chr12","8264474","8264761","10","111711739"
"chr13","120058093","120058346","chr12","8137522","8137788","22","111920571"
"chr13","120077652","120077939","chr1","109940155","109940440","43","10137497"
"chr13","120102260","120102566","chr12","8093999","8094303","9","112008261"
"chr13","120108166","120108471","chr6","34946289","34946598","42","85161877"
"chr13","120575583","120575854","chr12","7616585","7616856","3","112958998"
"chr13","120661781","120662067","chr12","7530315","7530608","22","113131466"
"chr13","120687824","120688116","chr12","7500419","7500707","9","113187405"
"chr13","120694551","120694841","chrX","90514477","90514770","41","30180074"
"chr13","120747136","120747427","chr12","7442868","7443159","6","113304268"
"chr13","120836129","120836438","chr12","7355992","7356300","5","113480137"
"chr13","120928549","120928850","chr12","7259714","7260015","4","113668835"
"chr13","121270908","121271144","chr12","6928533","6928759","39","114342375"
"chr13","121383684","121383979","chr12","6814114","6814405","11","114569570"
"chr13","121472806","121473113","chr12","6725607","6725894","34","114747199"
"chr13","121475788","121476031","chr12","6722689","6722932","6","114753099"
"chr13","121583177","121583479","chr12","6612050","6612352","10","114971127"
"chr13","121766579","121766878","chr12","6427090","6427391","7","115339489"
"chr13","121866119","121866417","chr12","6333188","6333481","21","115532931"
"chr13","121892056","121892355","chr12","6307111","6307414","12","115584945"
"chr13","122018342","122018655","chr12","6175929","6176232","19","115842413"
"chr13","122064122","122064399","chr12","6128435","6128712","10","115935687"
"chr13","122091574","122091879","chr12","6100995","6101281","24","115990579"
"chr13","122147973","122148276","chr12","6044786","6045096","12","116103187"
"chr13","122170966","122171214","chr12","6023277","6023525","5","116147689"
"chr13","122243957","122244252","chr12","5938065","5938371","17","116305892"
"chr13","122353861","122354152","chr11","32505415","32505714","47","89848446"
"chr13","122536275","122536408","chr12","5615250","5615383","3","116921025"
"chr13","122585061","122585368","chr12","5567083","5567385","17","117017978"
"chr13","122589387","122589653","chr12","5562794","5563055","7","117026593"
"chr13","123269160","123269459","chr12","4749801","4750100","3","118519359"
"chr13","123327046","123327339","chr12","4690699","4690997","18","118636347"
"chr13","123367618","123367913","chr12","4648024","4648325","7","118719594"
"chr13","123388074","123388312","chr12","4626342","4626598","30","118761732"
"chr13","123483579","123483858","chr12","4519508","4519784","12","118964071"
"chr13","123491114","123491265","chr14","17207060","17207211","22","106284054"
"chr13","123503841","123504123","chr12","4499368","4499666","30","119004473"
"chr13","123528469","123528775","chr12","4475861","4476180","21","119052608"
"chr13","123659379","123659687","chr5","171170473","171170778","36","47511094"
"chr13","123689532","123689804","chr12","4299115","4299382","17","119390417"
"chr13","123702242","123702534","chr12","4286732","4287024","7","119415510"
"chr13","123724965","123725258","chr7","68539277","68539567","38","55185688"
"chr13","123902214","123902514","chr2","51108571","51108866","37","72793643"
"chr13","123929298","123929586","chr12","83860810","83861087","48","40068488"
"chr13","124009938","124010229","chr12","3835048","3835335","10","120174890"
"chr13","124078687","124078980","chr12","3766632","3766928","11","120312055"
"chr13","124194780","124195085","chr16","9085397","9085706","37","115109383"
"chr13","124220277","124220566","chr13","89978018","89978315","44","34242259"
"chr13","124220986","124221275","chr13","89978018","89978315","44","34242968"
"chr13","124254525","124254826","chr2","159817530","159817826","36","35563005"
"chr13","124303306","124303596","chr12","3546620","3546910","11","120756686"
"chr13","124485520","124485808","chr9","27439378","27439664","35","97046142"
"chr13","124516237","124516532","chr11","2991360","2991656","37","121524877"
"chr13","124653130","124653403","chr12","3199982","3200258","7","121453148"
"chr13","124747244","124747524","chr12","3100296","3100577","12","121646948"
"chr13","124767414","124767710","chr3","178720612","178720906","36","53953198"
"chr13","124774204","124774507","chr12","3073242","3073545","3","121700962"
"chr13","124787622","124787914","chr12","3059513","3059808","20","121728109"
"chr13","124813236","124813545","chr12","3033214","3033523","14","121780022"
"chr13","124914254","124914552","chr12","2928274","2928565","11","121985980"
"chr13","125020647","125020937","chr12","2818108","2818398","6","122202539"
"chr13","125023264","125023555","chr12","2815472","2815769","7","122207792"
"chr13","125060727","125061036","chr12","2775052","2775348","22","122285675"
"chr13","125126529","125126866","chr12","2706515","2706828","30","122420014"
"chr13","125127525","125127831","chrX","14778580","14778885","43","110348945"
"chr13","125155076","125155363","chr3","81956432","81956727","38","43198644"
"chr13","125188175","125188487","chr4","11204362","11204671","36","113983813"
"chr13","125219621","125219915","chr12","2609992","2610285","13","122609629"
"chr13","125243100","125243409","chr2","56260544","56260853","33","68982556"
"chr13","125297163","125297456","chr12","2542076","2542362","18","122755087"
"chr13","125356662","125356954","chrX","101065191","101065488","38","24291471"
"chr13","125402545","125402842","chr12","2434896","2435191","12","122967649"
"chr13","125410301","125410600","chr12","2427119","2427418","16","122983182"
"chr13","125418974","125419282","chr12","2420339","2420637","28","122998635"
"chr13","125537005","125537300","chr12","2245121","2245415","11","123291884"
"chr13","125596965","125597262","chr12","2160702","2160992","24","123436263"
"chr13","125599479","125599734","chr4","22090341","22090606","44","103509138"
"chr13","125858002","125858307","chr12","1904654","1904960","13","123953348"
"chr13","125890044","125890305","chr12","1874469","1874739","14","124015575"
"chr13","125980281","125980573","chr1","8814111","8814404","33","117166170"
"chr13","126186536","126186832","chr12","1593494","1593794","13","124593042"
"chr13","126188654","126188785","chr4","28112752","28112885","14","98075902"
"chr13","126188799","126188846","chr7","114323883","114323919","24","11864916"
"chr13","126189358","126189451","chr20","70695311","70695414","27","55494047"
"chr13","126404338","126404628","chr12","1372435","1372723","21","125031903"
"chr13","126414686","126415008","chr12","1362547","1362856","22","125052139"
"chr13","126575655","126575952","chr12","1207115","1207413","10","125368540"
"chr13","126693641","126693923","chr12","1086650","1086922","15","125606991"
"chr13","126782421","126782731","chr12","1001158","1001463","14","125781263"
"chr13","126786651","126786951","chr12","996937","997244","10","125789714"
"chr13","126858656","126858959","chr12","920344","920639","11","125938312"
"chr13","127004072","127004362","chr12","778957","779249","6","126225115"
"chr13","127031766","127032074","chr12","751221","751530","18","126280545"
"chr13","127119589","127119883","chr12","664821","665114","9","126454768"
"chr13","127312935","127313192","chr7","109174017","109174270","39","18138918"
"chr13","127424540","127424847","chr12","85274","85578","13","127339266"
"chr13","127436708","127437003","chr12","73047","73350","12","127363661"
"chr13","127455912","127456196","chr12","54053","54355","22","127401859"
"chr13","127485670","127485956","chr12","20093","20379","5","127465577"
"chr13","127521673","127521965","chr8","65450","65745","15","127456223"
"chr13","127523422","127523731","chr8","66569","66878","13","127456853"
"chr13","127605283","127605571","chr7","52338275","52338565","38","75267008"
"chr13","127781441","127781730","chr6","152918820","152919108","43","25137379"
"chr13","127815671","127815976","chr12","495870","496182","15","127319801"
"chr13","127888022","127888318","chr12","568364","568665","17","127319658"
"chr13","127890720","127891020","chr12","571062","571356","12","127319658"
"chr13","127901071","127901380","chr16","61169598","61169907","42","66731473"
"chr13","127988411","127988700","chr2","87131337","87131630","32","40857074"
"chr13","128002639","128002941","chr12","57547693","57547995","32","70454946"
"chr13","128012978","128013286","chr1","92673061","92673369","43","35339917"
"chr13","128036567","128036851","chr1","54194492","54194783","37","73842075"
"chr14","24034","24353","chr14","12163","12481","7","11871"
"chr14","89945","90245","chr11","34016163","34016458","40","33926218"
"chr14","102056","102351","chr14","86052","86349","9","16004"
"chr14","130895","131036","chr4","54484898","54485037","17","54354003"
"chr14","131762","131776","chr1","164798454","164798468","9","164666692"
"chr14","132235","132393","chr14","114443","114601","5","17792"
"chr14","184802","185071","chr14","172043","172339","31","12759"
"chr14","265112","265409","chr14","266340","266637","11","1228"
"chr14","291107","291368","chr14","292655","292916","4","1548"
"chr14","295822","296055","chr14","297792","298025","7","1970"
"chr14","350617","350913","chr14","356233","356528","3","5616"
"chr14","359758","360049","chr14","365444","365737","12","5686"
"chr14","380444","380738","chr3","178720612","178720906","32","178340168"
"chr14","421809","422108","chr14","424789","425088","11","2980"
"chr14","426085","426392","chr14","428790","429088","14","2705"
"chr14","443001","443310","chr14","445858","446167","2","2857"
"chr14","476596","476895","chr14","479064","479361","3","2468"
"chr14","507377","507688","chr14","515976","516288","9","8599"
"chr14","558217","558503","chr14","564650","564948","22","6433"
"chr14","562562","562861","chr2","159817530","159817826","34","159254968"
"chr14","587526","587715","chr11","1067778","1067970","32","480252"
"chr14","587744","588036","chr13","87255538","87255831","34","86667794"
"chr14","590734","590980","chr5","78898037","78898295","35","78307303"
"chr14","625167","625469","chr4","62066455","62066758","43","61441288"
"chr14","645858","646157","chr3","178720612","178720906","34","178074754"
"chr14","660175","660474","chr14","668328","668627","6","8153"
"chr14","692120","692432","chr14","702673","702985","7","10553"
"chr14","711157","711445","chrX","113161903","113162197","41","112450746"
"chr14","772998","773304","chr11","106637464","106637766","37","105864466"
"chr14","793243","793537","chr14","792396","792690","3","847"
"chr14","813114","813424","chr14","813193","813502","10","79"
"chr14","903916","904219","chr1","141208575","141208875","32","140304659"
"chr14","1085031","1085328","chr14","1157382","1157680","10","72351"
"chr14","1324181","1324484","chr12","3766632","3766928","42","2442451"
"chr14","1343500","1343810","chr14","1493463","1493773","10","149963"
"chr14","1351104","1351418","chr6","147267123","147267432","39","145916019"
"chr14","1354832","1355136","chr1","209176258","209176559","43","207821426"
"chr14","1475743","1476051","chr2","98826051","98826354","49","97350308"
"chr14","1476816","1477086","chr10","26799211","26799483","48","25322395"
"chr14","1781203","1781493","chr3","49433375","49433671","28","47652172"
"chr14","1847164","1847452","chr14","2009015","2009308","10","161851"
"chr14","2131105","2131400","chr18","67288356","67288650","33","65157251"
"chr14","2232317","2232605","chr5","67996565","67996853","40","65764248"
"chr14","3085327","3085634","chr3","131455232","131455539","41","128369905"
"chr14","3111747","3112040","chr14","3291340","3291631","5","179593"
"chr14","3290467","3290774","chr14","3470941","3471259","16","180474"
"chr14","3314667","3314968","chr14","3495835","3496144","33","181168"
"chr14","3331654","3331925","chr14","3588042","3588316","8","256388"
"chr14","3451745","3452051","chr17","80853644","80853952","42","77401899"
"chr14","3453451","3453700","chr14","3675162","3675413","4","221711"
"chr14","3542890","3543167","chr14","3764381","3764662","11","221491"
"chr14","3550795","3551077","chr14","3771965","3772251","5","221170"
"chr14","3574559","3574845","chr14","3795021","3795330","30","220462"
"chr14","3719293","3719469","chr14","3942089","3942265","1","222796"
"chr14","3832276","3832582","chr4","32450246","32450546","42","28617970"
"chr14","4048681","4048943","chr14","4270858","4271119","6","222177"
"chr14","4071830","4072126","chr14","4294358","4294652","3","222528"
"chr14","4135813","4136101","chr14","4363360","4363648","2","227547"
"chr14","4153430","4153729","chr14","4380807","4381106","8","227377"
"chr14","4187840","4188135","chr14","4414785","4415080","5","226945"
"chr14","4190709","4191011","chr1","34134681","34134992","27","29943972"
"chr14","4193357","4193642","chr7","27042398","27042682","29","22849041"
"chr14","4326707","4326990","chr14","94898788","94899069","35","90572081"
"chr14","4373484","4373762","chr3","17499382","17499656","34","13125898"
"chr14","4414508","4414813","chr14","11352083","11352388","34","6937575"
"chr14","4445225","4445526","chr14","4682542","4682844","13","237317"
"chr14","4453450","4453749","chr11","95526370","95526675","43","91072920"
"chr14","4626962","4627265","chr14","4863515","4863825","12","236553"
"chr14","4638764","4639075","chr14","70183776","70184085","37","65545012"
"chr14","4838138","4838437","chr14","5078193","5078483","11","240055"
"chr14","5045794","5046035","chr6","75910223","75910465","41","70864429"
"chr14","5195217","5195521","chr14","5432862","5433174","19","237645"
"chr14","5261683","5261983","chr14","5495784","5496084","6","234101"
"chr14","5358754","5359058","chr1","16225799","16226107","43","10867045"
"chr14","5386717","5387019","chr14","5621310","5621605","14","234593"
"chr14","5456530","5456827","chr7","41647454","41647750","38","36190924"
"chr14","5504498","5504777","chr14","5736928","5737209","11","232430"
"chr14","5790745","5791041","chr14","6068347","6068644","5","277602"
"chr14","5838145","5838436","chr14","6115437","6115737","15","277292"
"chr14","5841054","5841295","chr20","741445","741691","40","5099609"
"chr14","5847157","5847466","chrX","128903017","128903324","33","123055860"
"chr14","5894390","5894686","chr14","6173770","6174069","10","279380"
"chr14","5915806","5916140","chr2","182562255","182562578","51","176646449"
"chr14","5922697","5923001","chr14","6202195","6202489","12","279498"
"chr14","5934485","5934768","chr14","6213632","6213915","5","279147"
"chr14","6014735","6015034","chr14","6293815","6294111","10","279080"
"chr14","6139346","6139657","chr14","6420582","6420889","8","281236"
"chr14","6140006","6140307","chr14","6421241","6421542","10","281235"
"chr14","6143967","6144258","chr14","6425193","6425484","3","281226"
"chr14","6144396","6144693","chr14","6425622","6425920","5","281226"
"chr14","6167359","6167661","chr14","6447441","6447744","4","280082"
"chr14","6246395","6246702","chr14","118198042","118198349","44","111951647"
"chr14","6311175","6311480","chr14","6596556","6596850","19","285381"
"chr14","6399945","6400244","chr14","6691711","6692010","3","291766"
"chr14","6493646","6493949","chr8","119095549","119095845","35","112601903"
"chr14","6514552","6514841","chr14","6806070","6806359","10","291518"
"chr14","6516843","6517164","chr16","62938376","62938691","43","56421533"
"chr14","6523755","6524063","chr14","6815785","6816090","8","292030"
"chr14","6574432","6574736","chr14","6865819","6866125","9","291387"
"chr14","6579846","6580140","chr14","6871009","6871298","6","291163"
"chr14","6761992","6762275","chr14","7061390","7061677","9","299398"
"chr14","6764715","6765010","chr14","7064114","7064405","13","299399"
"chr14","6766218","6766488","chr11","110211953","110212211","65","103445735"
"chr14","6817116","6817414","chr16","19872419","19872717","37","13055303"
"chr14","6856453","6856752","chr3","2907703","2908000","32","3948750"
"chr14","6863368","6863674","chr14","7162296","7162602","4","298928"
"chr14","6873660","6873972","chr14","7173956","7174268","4","300296"
"chr14","6890791","6891095","chr5","104191246","104191551","39","97300455"
"chr14","6908361","6908634","chr5","7366766","7367042","34","458405"
"chr14","6929663","6929963","chr14","7231249","7231542","12","301586"
"chr14","6966519","6966811","chr14","7273775","7274062","8","307256"
"chr14","6984459","6984722","chr18","25783924","25784185","40","18799465"
"chr14","7011096","7011374","chr7","151463340","151463620","38","144452244"
"chr14","7020526","7020829","chr1","112494754","112495056","33","105474228"
"chr14","7028631","7028949","chr1","5818874","5819186","49","1209757"
"chr14","7036682","7036982","chr14","7348057","7348357","3","311375"
"chr14","7089830","7090137","chr1","25420094","25420399","32","18330264"
"chr14","7120128","7120431","chr14","7435030","7435332","15","314902"
"chr14","7121340","7121637","chr14","7436393","7436689","10","315053"
"chr14","7132576","7132857","chr6","156061821","156062100","51","148929245"
"chr14","7139441","7139718","chr14","7454565","7454841","6","315124"
"chr14","7177487","7177775","chr6","37871363","37871650","55","30693876"
"chr14","7256011","7256301","chr14","7573860","7574153","6","317849"
"chr14","7262900","7263185","chr14","7581406","7581691","4","318506"
"chr14","7277848","7278130","chr14","7598093","7598389","18","320245"
"chr14","7291396","7291697","chr8","78689284","78689587","36","71397888"
"chr14","7350087","7350384","chr14","7653769","7654073","13","303682"
"chr14","7385836","7386145","chr5","40002822","40003131","35","32616986"
"chr14","7411970","7412103","chr19","11264737","11264870","15","3852767"
"chr14","7436685","7436986","chr14","7740258","7740559","2","303573"
"chr14","7456951","7457247","chr14","7761550","7761846","5","304599"
"chr14","7465785","7466042","chr14","7769336","7769592","8","303551"
"chr14","7486680","7486962","chr14","78929369","78929653","40","71442689"
"chr14","7499789","7499997","chr13","27567083","27567289","28","20067294"
"chr14","7560711","7560987","chr15","98059289","98059565","38","90498578"
"chr14","7591236","7591536","chr14","7896904","7897204","4","305668"
"chr14","7593623","7593925","chr2","40628061","40628359","35","33034438"
"chr14","7597149","7597447","chr2","121805546","121805845","31","114208397"
"chr14","7606144","7606439","chr14","7912504","7912799","9","306360"
"chr14","7673396","7673703","chr14","7997524","7997833","10","324128"
"chr14","7705551","7705843","chr4","123382191","123382485","42","115676640"
"chr14","7708524","7708839","chr14","8033509","8033800","30","324985"
"chr14","7712950","7713230","chr14","8038003","8038295","18","325053"
"chr14","7717172","7717444","chr14","8041874","8042146","3","324702"
"chr14","7728772","7729089","chr14","8050999","8051294","26","322227"
"chr14","7738028","7738290","chr14","8060264","8060528","5","322236"
"chr14","7746882","7747179","chr6","38943208","38943503","43","31196326"
"chr14","8081491","8081789","chr14","8403950","8404248","1","322459"
"chr14","8135272","8135571","chr14","8460962","8461258","9","325690"
"chr14","8205716","8206015","chr4","31898756","31899058","31","23693040"
"chr14","8235526","8235802","chr14","8562573","8562840","9","327047"
"chr14","8284657","8284946","chr8","96390329","96390617","35","88105672"
"chr14","8309979","8310269","chr14","8639202","8639508","23","329223"
"chr14","8379782","8380106","chr14","8705565","8705873","18","325783"
"chr14","8384210","8384512","chr14","8709427","8709727","8","325217"
"chr14","8432331","8432634","chr14","8756004","8756305","7","323673"
"chr14","8460888","8461197","chr14","8784994","8785303","4","324106"
"chr14","8663217","8663508","chr14","9010280","9010566","11","347063"
"chr14","8744245","8744517","chr14","9099581","9099853","4","355336"
"chr14","8744522","8744810","chr14","9099858","9100142","8","355336"
"chr14","8749452","8749741","chr14","9105147","9105436","6","355695"
"chr14","8812328","8812627","chr14","9168479","9168787","14","356151"
"chr14","8831357","8831649","chr14","9185562","9185868","17","354205"
"chr14","8878197","8878517","chr14","9232992","9233315","10","354795"
"chr14","8904463","8904772","chr9","53873001","53873308","43","44968538"
"chr14","8916352","8916660","chr14","9278293","9278601","6","361941"
"chr14","8920004","8920312","chr14","9281419","9281695","33","361415"
"chr14","9011168","9011338","chr10","84797933","84798130","41","75786765"
"chr14","9081858","9082147","chr11","111629916","111630203","6","102548058"
"chr14","9083049","9083336","chr14","70447566","70447852","42","61364517"
"chr14","9165951","9166252","chr2","159817530","159817826","37","150651579"
"chr14","9182542","9182837","chr7","136785116","136785414","36","127602574"
"chr14","9183090","9183381","chr14","9553913","9554202","18","370823"
"chr14","9228028","9228327","chr14","9599097","9599396","7","371069"
"chr14","9259594","9259888","chr14","9630482","9630777","3","370888"
"chr14","9266982","9267264","chr14","9637866","9638146","11","370884"
"chr14","9312429","9312717","chr14","9689031","9689318","8","376602"
"chr14","9430438","9430745","chr14","9809496","9809776","30","379058"
"chr14","9716413","9716712","chr14","10106259","10106562","8","389846"
"chr14","9724021","9724322","chr14","10113863","10114164","5","389842"
"chr14","9763272","9763522","chr11","120242759","120243018","77","110479487"
"chr14","9779345","9779629","chr19","13865913","13866201","41","4086568"
"chr14","9781551","9781855","chr14","10217540","10217843","14","435989"
"chr14","9787716","9788011","chr1","218773751","218774047","42","208986035"
"chr14","9791518","9791809","chr17","95638218","95638516","38","85846700"
"chr14","9811374","9811541","chr14","10246675","10246842","3","435301"
"chr14","9817333","9817636","chr14","10252482","10252785","5","435149"
"chr14","9870535","9870846","chr14","10305718","10306026","10","435183"
"chr14","9907380","9907676","chr13","65644208","65644504","32","55736828"
"chr14","9929154","9929442","chr14","10365748","10366038","5","436594"
"chr14","9936449","9936753","chr14","10373091","10373393","13","436642"
"chr14","10074609","10074907","chr14","10510794","10511092","1","436185"
"chr14","10088404","10088720","chr14","10525510","10525824","4","437106"
"chr14","10095541","10095841","chr14","10533035","10533339","5","437494"
"chr14","10123868","10124164","chr20","18686559","18686857","42","8562691"
"chr14","10136649","10136925","chr14","10575291","10575567","5","438642"
"chr14","10169295","10169548","chr8","123691368","123691622","41","113522073"
"chr14","10225176","10225469","chr14","10693932","10694224","6","468756"
"chr14","10240304","10240601","chr1","63216852","63217153","34","52976548"
"chr14","10240945","10241251","chr14","10710233","10710534","8","469288"
"chr14","10256186","10256466","chr14","10725763","10726042","3","469577"
"chr14","10278490","10278791","chr2","103256851","103257147","35","92978361"
"chr14","10334466","10334778","chr14","10869806","10870115","12","535340"
"chr14","10335818","10336112","chr14","10871186","10871480","4","535368"
"chr14","10345240","10345464","chr2","122028402","122028630","28","111683162"
"chr14","10367565","10367880","chr2","68541145","68541453","39","58173580"
"chr14","10390252","10390401","chr3","114993003","114993156","29","104602751"
"chr14","10431030","10431300","chr6","120235486","120235762","40","109804456"
"chr14","10459359","10459661","chr14","10998598","10998903","6","539239"
"chr14","10585206","10585517","chr2","159817530","159817826","39","149232324"
"chr14","10587232","10587536","chr14","11170891","11171193","12","583659"
"chr14","10713072","10713377","chr5","37265492","37265795","39","26552420"
"chr14","10742856","10743152","chr14","11315003","11315302","8","572147"
"chr14","10778324","10778610","chr14","11352083","11352388","23","573759"
"chr14","10787074","10787354","chr14","11361170","11361453","9","574096"
"chr14","10917929","10918240","chr14","11494442","11494751","6","576513"
"chr14","10931486","10931565","chr11","6901717","6901783","21","4029769"
"chr14","10931868","10932112","chr6","179384905","179385146","39","168453037"
"chr14","10956726","10957032","chrX","62908986","62909285","41","51952260"
"chr14","10964131","10964443","chr14","11539381","11539695","9","575250"
"chr14","10967908","10968194","chr14","11543774","11544058","7","575866"
"chr14","10992564","10992894","chr2","84509227","84509557","48","73516663"
"chr14","10996601","10996886","chr14","11572055","11572340","3","575454"
"chr14","11035340","11035641","chr14","11608743","11609040","9","573403"
"chr14","11091752","11092024","chr14","11665886","11666156","9","574134"
"chr14","11097340","11097618","chr7","34758340","34758622","39","23661000"
"chr14","11098844","11099145","chr14","11671796","11672098","5","572952"
"chr14","11100103","11100402","chr14","11673322","11673621","1","573219"
"chr14","11181325","11181616","chr14","11762467","11762779","24","581142"
"chr14","11229384","11229692","chr16","9085397","9085706","34","2143987"
"chr14","11236054","11236350","chr14","11815542","11815840","6","579488"
"chr14","11240141","11240450","chr2","94680090","94680393","40","83439949"
"chr14","11243197","11243484","chrX","94591676","94591967","30","83348479"
"chr14","11260106","11260380","chr14","11840658","11840940","11","580552"
"chr14","11264889","11265145","chr20","54776049","54776303","39","43511160"
"chr14","11280629","11280907","chr14","11861162","11861440","5","580533"
"chr14","11290864","11291123","chr5","2622810","2623069","36","8668054"
"chr14","11327537","11327701","chr19","1249778","1249923","42","10077759"
"chr14","11351269","11351559","chr4","25142306","25142605","35","13791037"
"chr14","11354531","11354819","chr5","66767460","66767750","37","55412929"
"chr14","11369908","11370189","chr14","11951287","11951560","19","581379"
"chr14","11370339","11370633","chr14","11951724","11952017","5","581385"
"chr14","11391457","11391678","chr16","39043571","39043789","34","27652114"
"chr14","11534645","11534957","chr14","12082378","12082687","15","547733"
"chr14","11659937","11660200","chr14","12212047","12212314","18","552110"
"chr14","11685766","11686065","chr1","142335943","142336240","33","130650177"
"chr14","11690795","11691094","chr14","12241919","12242212","18","551124"
"chr14","11691997","11692287","chr14","12243088","12243387","9","551091"
"chr14","11739268","11739565","chr14","12288893","12289188","20","549625"
"chr14","11756429","11756725","chr14","12305311","12305603","5","548882"
"chr14","11762205","11762484","chr14","12311118","12311397","2","548913"
"chr14","11828433","11828740","chr11","120984946","120985254","30","109156513"
"chr14","11837586","11837895","chr14","12387341","12387675","28","549755"
"chr14","11838962","11839254","chr14","12388698","12388986","9","549736"
"chr14","11914341","11914633","chrX","18590442","18590737","32","6676101"
"chr14","11938543","11938839","chr14","12488207","12488503","4","549664"
"chr14","11968235","11968504","chr14","12517492","12517763","3","549257"
"chr14","11981413","11981711","chr14","12530906","12531202","8","549493"
"chr14","12021518","12021838","chr14","12570730","12571049","5","549212"
"chr14","12104158","12104495","chr15","12703135","12703442","64","598977"
"chr14","12130194","12130495","chr14","12678227","12678528","2","548033"
"chr14","12245342","12245638","chr14","12792832","12793127","6","547490"
"chr14","12292963","12293273","chr14","13020897","13021211","10","727934"
"chr14","12296907","12297172","chr14","64506541","64506801","47","52209634"
"chr14","12315217","12315502","chr14","12998537","12998826","8","683320"
"chr14","12325748","12326043","chr15","27399615","27399913","33","15073867"
"chr14","12329990","12330270","chr14","12983870","12984150","5","653880"
"chr14","12356166","12356442","chr14","12958631","12958905","4","602465"
"chr14","12418130","12418424","chr14","12899563","12899857","2","481433"
"chr14","12432331","12432629","chr14","12884374","12884685","20","452043"
"chr14","12437082","12437389","chr14","12879918","12880225","0","442836"
"chr14","12457840","12458143","chr14","12859644","12859947","7","401804"
"chr14","12468847","12469150","chr14","12848006","12848300","12","379159"
"chr14","12494006","12494302","chr1","195934700","195934994","36","183440694"
"chr14","12508516","12508806","chr14","12799475","12799765","12","290959"
"chr14","12641138","12641426","chr14","13204376","13204680","20","563238"
"chr14","12764458","12764766","chr14","13325276","13325584","10","560818"
"chr14","12768415","12768708","chr14","13329397","13329695","8","560982"
"chr14","12833442","12833736","chr14","13393688","13393963","25","560246"
"chr14","12937360","12937680","chr14","13499181","13499503","15","561821"
"chr14","12982733","12983035","chr14","13544747","13545046","23","562014"
"chr14","13131930","13132227","chr14","13690332","13690636","25","558402"
"chr14","13384749","13384999","chr14","13974578","13974828","2","589829"
"chr14","13522933","13523237","chr14","14114720","14115027","22","591787"
"chr14","13543315","13543591","chr14","14135297","14135574","8","591982"
"chr14","13648671","13648965","chr14","14238140","14238435","2","589469"
"chr14","13661597","13661893","chr14","14251308","14251613","14","589711"
"chr14","13770430","13770736","chr14","14360054","14360350","22","589624"
"chr14","13822047","13822334","chr14","14415240","14415528","6","593193"
"chr14","13909872","13910100","chr12","83696584","83696816","36","69786712"
"chr14","13939540","13939819","chr14","14536602","14536881","2","597062"
"chr14","13944458","13944768","chr14","14541468","14541765","22","597010"
"chr14","13969160","13969350","chr10","12435436","12435628","27","1533724"
"chr14","14358167","14358445","chr14","14949515","14949797","13","591348"
"chr14","14535592","14535900","chr14","15070439","15070735","27","534847"
"chr14","14605011","14605312","chr14","15140359","15140660","1","535348"
"chr14","14626564","14626861","chr14","15162623","15162930","10","536059"
"chr14","14855228","14855419","chr12","112435507","112435696","21","97580279"
"chr14","14893835","14894148","chr14","15436344","15436655","5","542509"
"chr14","15270259","15270521","chr8","42369062","42369324","6","27098803"
"chr14","15307231","15307521","chr14","15848715","15849004","3","541484"
"chr14","15364061","15364343","chr14","15914245","15914536","11","550184"
"chr14","15401804","15402101","chr18","34881303","34881600","37","19479499"
"chr14","15421299","15421591","chr14","15971264","15971566","13","549965"
"chr14","15453316","15453593","chr14","16003363","16003640","1","550047"
"chr14","15464708","15464971","chr13","64464302","64464575","47","48999594"
"chr14","15468003","15468297","chr14","118393426","118393717","36","102925423"
"chr14","15488121","15488392","chr14","16040392","16040673","13","552271"
"chr14","15501360","15501659","chr14","16055383","16055676","13","554023"
"chr14","15549676","15549963","chr14","16106555","16106843","4","556879"
"chr14","15594916","15595203","chr14","16156366","16156663","14","561450"
"chr14","15640283","15640583","chr14","16201731","16202044","29","561448"
"chr14","15641677","15641986","chr3","13202178","13202482","37","2439499"
"chr14","15704867","15705169","chr9","18129433","18129735","31","2424566"
"chr14","15706516","15706825","chr3","43150637","43150941","34","27444121"
"chr14","15948587","15948867","chr14","16510334","16510631","29","561747"
"chr14","16012703","16013003","chr14","16574553","16574857","34","561850"
"chr14","16208740","16209048","chr1","93720553","93720849","47","77511813"
"chr14","16215836","16216098","chr11","33722586","33722849","52","17506750"
"chr14","16342051","16342208","chr19","16007664","16007824","29","334387"
"chr14","16543841","16543993","chr14","17207060","17207211","9","663219"
"chr14","16578417","16578717","chr3","135899968","135900264","47","119321551"
"chr14","16699210","16699490","chr1","120455514","120455792","35","103756304"
"chr14","16744841","16745139","chr6","171323918","171324217","35","154579077"
"chr14","17096785","17097113","chr11","6657895","6658219","42","10438890"
"chr14","17120792","17121100","chr14","17949291","17949591","12","828499"
"chr14","17194827","17195128","chr14","18026628","18026924","14","831801"
"chr14","17203258","17203536","chr14","18036521","18036818","22","833263"
"chr14","17207623","17207921","chr14","18041925","18042223","7","834302"
"chr14","17215750","17216049","chr14","18049772","18050072","9","834022"
"chr14","17235464","17235782","chr14","18071429","18071747","6","835965"
"chr14","17236356","17236648","chr14","18072341","18072632","5","835985"
"chr14","17237233","17237556","chr6","136180028","136180329","55","118942795"
"chr14","17242787","17243050","chr19","19394580","19394839","28","2151793"
"chr14","17248526","17248830","chr14","18084209","18084504","17","835683"
"chr14","17297129","17297438","chr16","32790205","32790514","28","15493076"
"chr14","17304931","17305225","chr15","6597401","6597693","36","10707530"
"chr14","17307995","17308260","chr6","169291431","169291696","38","151983436"
"chr14","17332542","17332819","chr14","18165477","18165754","2","832935"
"chr14","17337974","17338249","chr19","48455949","48456222","35","31117975"
"chr14","17348104","17348411","chr14","18181481","18181786","5","833377"
"chr14","17366362","17366663","chr14","18200042","18200338","13","833680"
"chr14","17368115","17368402","chr14","18201790","18202086","15","833675"
"chr14","17375818","17376106","chr14","18209523","18209812","9","833705"
"chr14","17431659","17431940","chr14","18267566","18267849","5","835907"
"chr14","17431947","17432252","chr14","18267856","18268163","10","835909"
"chr14","17449458","17449742","chr14","18284883","18285167","2","835425"
"chr14","17462079","17462387","chr14","18297498","18297816","17","835419"
"chr14","17465108","17465280","chr14","10246675","10246842","18","7218433"
"chr14","17483115","17483404","chr14","18318497","18318786","4","835382"
"chr14","17489038","17489346","chr14","18326381","18326699","24","837343"
"chr14","17499096","17499358","chr14","18336113","18336395","26","837017"
"chr14","17516530","17516773","chr14","18353134","18353378","4","836604"
"chr14","17520050","17520345","chr14","18356954","18357249","7","836904"
"chr14","17529634","17529930","chr14","18367474","18367769","10","837840"
"chr14","17538285","17538580","chr13","54810521","54810815","36","37272236"
"chr14","17622064","17622357","chr1","189568699","189568995","34","171946635"
"chr14","17690110","17690372","chr14","18527662","18527933","11","837552"
"chr14","17702300","17702606","chr14","18539974","18540282","12","837674"
"chr14","17717714","17718020","chr14","18556355","18556665","11","838641"
"chr14","17726938","17727241","chr14","18564508","18564805","11","837570"
"chr14","17783332","17783640","chr14","18627481","18627789","8","844149"
"chr14","17811702","17812012","chr14","18654276","18654582","11","842574"
"chr14","17817040","17817331","chr14","18660738","18661036","10","843698"
"chr14","17871767","17872064","chr12","78524860","78525157","30","60653093"
"chr14","17973780","17974077","chr14","18820831","18821128","5","847051"
"chr14","17992618","17992928","chr14","18840355","18840651","20","847737"
"chr14","18037788","18038076","chr14","18885517","18885807","3","847729"
"chr14","18061589","18061872","chr14","18908716","18908998","6","847127"
"chr14","18119584","18119888","chr14","18968060","18968368","5","848476"
"chr14","18124696","18125015","chr14","18972956","18973235","44","848260"
"chr14","18145068","18145375","chr1","34160811","34161118","37","16015743"
"chr14","18197713","18198005","chr14","19042829","19043121","2","845116"
"chr14","18225456","18225748","chr14","19072467","19072749","15","847011"
"chr14","18248507","18248763","chr14","19095077","19095340","16","846570"
"chr14","18298041","18298337","chr14","19142742","19143003","35","844701"
"chr14","18298520","18298823","chr3","166477634","166477937","39","148179114"
"chr14","18301423","18301720","chr14","19146570","19146866","5","845147"
"chr14","18315630","18315939","chr14","19160529","19160838","8","844899"
"chr14","18421908","18422221","chr15","85240987","85241293","46","66819079"
"chr14","18443718","18444020","chr14","19294788","19295090","9","851070"
"chr14","18456124","18456423","chr14","19306757","19307052","10","850633"
"chr14","18464370","18464670","chr14","19315290","19315592","28","850920"
"chr14","18482930","18483217","chr14","19335556","19335851","12","852626"
"chr14","18491046","18491341","chr14","19343726","19344023","13","852680"
"chr14","18498213","18498531","chr14","19350310","19350619","38","852097"
"chr14","18498532","18498836","chr14","19350620","19350914","17","852088"
"chr14","18514790","18515086","chr14","19367698","19367993","8","852908"
"chr14","18524854","18525152","chr14","19378093","19378392","5","853239"
"chr14","18534610","18534919","chr3","166477634","166477937","32","147943024"
"chr14","18539407","18539720","chr14","19392965","19393278","10","853558"
"chr14","18550106","18550407","chr14","19403564","19403859","16","853458"
"chr14","18564958","18565261","chr14","19419113","19419415","13","854155"
"chr14","18567039","18567342","chr14","19419113","19419415","12","852074"
"chr14","18614873","18615185","chr14","19468896","19469205","10","854023"
"chr14","18625585","18625884","chr14","19481118","19481410","12","855533"
"chr14","18630926","18631228","chr4","120358289","120358587","9","101727363"
"chr14","18666688","18666988","chr14","19524062","19524362","2","857374"
"chr14","18703238","18703540","chr14","19560496","19560802","10","857258"
"chr14","18736996","18737298","chr14","19593688","19593994","6","856692"
"chr14","18779680","18779983","chr14","19638078","19638412","33","858398"
"chr14","18785602","18785889","chr14","19643726","19644013","1","858124"
"chr14","18826742","18827039","chr14","19686027","19686323","5","859285"
"chr14","18886802","18887100","chr10","82544162","82544460","44","63657360"
"chr14","18900305","18900601","chr14","19761584","19761886","29","861279"
"chr14","18982327","18982627","chr14","19844059","19844359","0","861732"
"chr14","18986295","18986593","chr14","19848252","19848554","10","861957"
"chr14","18995991","18996246","chr20","741445","741691","47","18254546"
"chr14","19186085","19186353","chr14","20044012","20044278","5","857927"
"chr14","19383974","19384264","chr12","77447357","77447648","38","58063383"
"chr14","19409543","19409849","chr14","20268299","20268605","4","858756"
"chr14","19425910","19426132","chr6","113121032","113121263","35","93695122"
"chr14","19446162","19446462","chr14","20303594","20303893","4","857432"
"chr14","19603022","19603317","chr14","20461531","20461826","8","858509"
"chr14","19723424","19723716","chr14","20581318","20581610","3","857894"
"chr14","20103049","20103354","chr14","12243088","12243387","46","7859961"
"chr14","20211873","20212181","chr2","84467065","84467370","28","64255192"
"chr14","20309516","20309815","chr14","21185168","21185466","11","875652"
"chr14","20368987","20369288","chr14","21243777","21244082","11","874790"
"chr14","20389798","20390105","chr14","21264288","21264587","19","874490"
"chr14","20454127","20454439","chr14","21327830","21328142","1","873703"
"chr14","20992997","20993312","chr14","21872601","21872920","11","879604"
"chr14","21099279","21099569","chr14","21978203","21978492","5","878924"
"chr14","21117250","21117559","chr16","50353289","50353590","37","29236039"
"chr14","21259585","21259883","chr2","159817530","159817826","26","138557945"
"chr14","21272158","21272454","chr6","131966421","131966716","25","110694263"
"chr14","21315551","21315860","chr7","95157109","95157413","38","73841558"
"chr14","21472328","21472623","chr4","20405901","20406196","31","1066427"
"chr14","21483799","21484092","chr14","22363037","22363330","3","879238"
"chr14","21586259","21586565","chr7","63786437","63786743","33","42200178"
"chr14","21645630","21645924","chr2","87131337","87131630","33","65485707"
"chr14","21687385","21687695","chr7","152675411","152675718","34","130988026"
"chr14","21837736","21838027","chr14","22769350","22769614","30","931614"
"chr14","21960403","21960700","chr14","22890748","22891045","1","930345"
"chr14","22402066","22402372","chr14","23343878","23344186","15","941812"
"chr14","22543264","22543572","chr14","23483610","23483918","9","940346"
"chr14","22570275","22570481","chr6","135765958","135766166","40","113195683"
"chr14","23123917","23124222","chr14","105879031","105879340","43","82755114"
"chr14","23291746","23292030","chr14","24208907","24209191","5","917161"
"chr14","23346218","23346538","chr14","24261766","24262061","32","915548"
"chr14","23441463","23441772","chr14","24418378","24418685","16","976915"
"chr14","23502160","23502456","chr14","24478250","24478555","17","976090"
"chr14","23533803","23534093","chr14","24508234","24508524","7","974431"
"chr14","23610715","23610993","chr14","24580626","24580900","16","969911"
"chr14","23740818","23741092","chr14","24711698","24711972","4","970880"
"chr14","24133991","24134255","chr14","25116297","25116556","12","982306"
"chr14","24213128","24213429","chr14","25195616","25195923","11","982488"
"chr14","24380814","24381120","chr14","25364269","25364565","11","983455"
"chr14","24562127","24562443","chr14","25547558","25547869","10","985431"
"chr14","24586957","24587254","chr14","25571533","25571835","14","984576"
"chr14","24590558","24590849","chr14","25575136","25575427","3","984578"
"chr14","24606946","24607229","chr14","25592153","25592436","7","985207"
"chr14","24646408","24646710","chr14","25631681","25631983","12","985273"
"chr14","24680946","24681234","chr14","25664876","25665160","11","983930"
"chr14","24741990","24742305","chr14","25727280","25727597","14","985290"
"chr14","24933594","24933891","chr14","25919181","25919487","12","985587"
"chr14","25028260","25028541","chr14","26014421","26014707","8","986161"
"chr14","25039695","25040015","chr5","152374464","152374770","51","127334769"
"chr14","25058713","25059018","chr14","26042796","26043102","6","984083"
"chr14","25441220","25441519","chr14","26429983","26430279","18","988763"
"chr14","25536803","25537097","chr3","124213436","124213733","41","98676633"
"chr14","25627785","25628094","chr7","43414688","43414994","40","17786903"
"chr14","25709423","25709705","chr14","26766017","26766299","4","1056594"
"chr14","25789898","25790202","chr1","79549886","79550193","33","53759988"
"chr14","25804611","25804899","chr16","30426681","30426967","42","4622070"
"chr14","25924462","25924770","chr14","26981101","26981409","7","1056639"
"chr14","26045861","26046162","chr14","27099623","27099919","16","1053762"
"chr14","26193263","26193571","chr14","27245746","27246054","15","1052483"
"chr14","26215926","26216224","chr14","27266030","27266328","12","1050104"
"chr14","26272702","26272966","chr14","27341385","27341649","6","1068683"
"chr14","26605223","26605492","chr14","27675536","27675807","4","1070313"
"chr14","26608511","26608804","chr3","43892554","43892846","37","17284043"
"chr14","26667490","26667784","chr14","27737941","27738235","9","1070451"
"chr14","28177662","28177957","chr14","29215179","29215499","31","1037517"
"chr14","28205505","28205777","chr14","29242034","29242306","5","1036529"
"chr14","28209453","28209749","chr7","164584225","164584524","43","136374772"
"chr14","28371447","28371739","chr14","29413133","29413425","6","1041686"
"chr14","28425866","28426148","chr14","29466634","29466916","5","1040768"
"chr14","28475196","28475503","chr14","29517062","29517367","13","1041866"
"chr14","28815250","28815577","chr14","29859538","29859832","36","1044288"
"chr14","28960357","28960635","chr14","30004680","30004960","7","1044323"
"chr14","29000726","29001003","chr3","157934433","157934709","44","128933707"
"chr14","29049272","29049566","chr14","30086768","30087062","15","1037496"
"chr14","29078089","29078349","chr14","30115550","30115841","37","1037461"
"chr14","29175502","29175801","chr14","30221139","30221435","11","1045637"
"chr14","29221132","29221437","chr14","30266839","30267141","10","1045707"
"chr14","29227813","29228117","chr4","31898756","31899058","35","2670943"
"chr14","29268414","29268710","chr14","30314104","30314386","25","1045690"
"chr14","29463625","29463910","chr14","30510141","30510445","24","1046516"
"chr14","29518860","29519163","chrX","27082506","27082811","41","2436354"
"chr14","29554497","29554795","chr1","27794889","27795194","42","1759608"
"chr14","29570047","29570321","chr14","30618091","30618368","8","1048044"
"chr14","29596507","29596813","chr14","30644678","30644977","11","1048171"
"chr14","29647919","29648237","chr14","30695974","30696267","32","1048055"
"chr14","29653079","29653381","chr14","30701168","30701442","30","1048089"
"chr14","29891743","29892018","chr14","30938461","30938736","5","1046718"
"chr14","30071303","30071596","chr5","188646302","188646596","37","158574999"
"chr14","30130698","30131007","chr14","31178892","31179200","5","1048194"
"chr14","30343161","30343468","chr14","31392994","31393301","6","1049833"
"chr14","30444434","30444725","chr14","31494455","31494733","19","1050021"
"chr14","30545943","30546226","chr14","31594340","31594618","14","1048397"
"chr14","30601308","30601562","chr14","31649329","31649583","7","1048021"
"chr14","30676167","30676454","chr14","31725170","31725457","12","1049003"
"chr14","30725981","30726288","chr14","31775231","31775529","18","1049250"
"chr14","30789196","30789488","chr14","31837330","31837622","3","1048134"
"chr14","30838776","30839060","chr14","31887718","31888002","3","1048942"
"chr14","30842936","30843230","chr10","13433571","13433864","30","17409365"
"chr14","30849292","30849583","chr14","31897918","31898209","3","1048626"
"chr14","30850704","30851003","chr14","31899339","31899643","10","1048635"
"chr14","30873684","30873977","chr14","31921832","31922125","2","1048148"
"chr14","30911170","30911453","chr14","31958293","31958575","6","1047123"
"chr14","30959521","30959836","chr14","32006377","32006692","11","1046856"
"chr14","31298442","31298751","chr14","32344041","32344349","4","1045599"
"chr14","31496572","31496882","chr14","32543610","32543911","11","1047038"
"chr14","31509687","31509994","chr14","32556621","32556923","7","1046934"
"chr14","31531231","31531521","chr14","32578567","32578867","13","1047336"
"chr14","31538581","31538890","chr1","82352900","82353208","42","50814319"
"chr14","31552533","31552812","chr14","32600102","32600381","3","1047569"
"chr14","31584442","31584751","chr14","32632391","32632698","9","1047949"
"chr14","31593202","31593514","chr14","32641461","32641771","11","1048259"
"chr14","31627387","31627682","chr14","32676860","32677150","15","1049473"
"chr14","31658807","31659040","chr5","40409921","40410155","36","8751114"
"chr14","31661378","31661676","chr14","32710735","32711042","11","1049357"
"chr14","31679771","31680075","chr14","32729459","32729763","6","1049688"
"chr14","31692094","31692404","chr14","32741268","32741577","5","1049174"
"chr14","31694678","31694987","chr17","82633586","82633896","37","50938908"
"chr14","31715018","31715323","chr14","32764951","32765257","8","1049933"
"chr14","31765260","31765548","chr16","1386082","1386375","34","30379178"
"chr14","31787754","31788053","chr14","32837434","32837733","13","1049680"
"chr14","31807035","31807314","chr14","32856724","32857003","2","1049689"
"chr14","31848621","31848902","chr14","32898895","32899175","9","1050274"
"chr14","31864495","31864796","chr4","31898756","31899058","31","34261"
"chr14","31918983","31919275","chr14","32957371","32957663","1","1038388"
"chr14","31938542","31938833","chr20","2925612","2925906","40","29012930"
"chr14","31963166","31963476","chr14","33001960","33002268","14","1038794"
"chr14","31964701","31965014","chr14","33003494","33003809","4","1038793"
"chr14","32016083","32016375","chr14","33056517","33056807","7","1040434"
"chr14","32031658","32031937","chrX","47283615","47283895","38","15251957"
"chr14","32070382","32070680","chr14","33111028","33111326","2","1040646"
"chr14","32153614","32153937","chr7","17581509","17581831","50","14572105"
"chr14","32170856","32171131","chr9","91090628","91090906","33","58919772"
"chr14","32198079","32198388","chr13","43474471","43474778","40","11276392"
"chr14","32205864","32206154","chr14","33255919","33256211","8","1050055"
"chr14","32219040","32219345","chr8","22420232","22420540","48","9798808"
"chr14","32236104","32236410","chr14","33284359","33284659","9","1048255"
"chr14","32271557","32271857","chr14","33321050","33321350","7","1049493"
"chr14","32278509","32278817","chr14","33328310","33328618","6","1049801"
"chr14","32282147","32282452","chr14","33331883","33332187","8","1049736"
"chr14","32321804","32322090","chr3","12940758","12941023","118","19381046"
"chr14","32373236","32373527","chr14","33422372","33422677","33","1049136"
"chr14","32428020","32428308","chr1","92487265","92487559","34","60059245"
"chr14","32446235","32446523","chr14","33496070","33496362","10","1049835"
"chr14","32498165","32498455","chr14","33547621","33547909","8","1049456"
"chr14","32514804","32515004","chr2","188378945","188379138","27","155864141"
"chr14","32562955","32563247","chr14","33613817","33614114","9","1050862"
"chr14","32781390","32781706","chr14","33842905","33843214","10","1061515"
"chr14","32840124","32840432","chr14","33901714","33902000","36","1061590"
"chr14","32862756","32863056","chr14","33924005","33924303","7","1061249"
"chr14","32867464","32867770","chr14","33928705","33929010","3","1061241"
"chr14","32904005","32904302","chr14","33965254","33965529","51","1061249"
"chr14","33067065","33067377","chr14","34129432","34129732","16","1062367"
"chr14","33132086","33132392","chr14","34194109","34194415","8","1062023"
"chr14","33237011","33237315","chr14","34347516","34347820","2","1110505"
"chr14","33437923","33438200","chr14","34541809","34542087","4","1103886"
"chr14","33544599","33544903","chr14","34647731","34648024","21","1103132"
"chr14","33615772","33616079","chr14","34713019","34713326","5","1097247"
"chr14","33644802","33645091","chr14","34743691","34743980","4","1098889"
"chr14","33686147","33686451","chr14","34786049","34786340","23","1099902"
"chr14","33886318","33886597","chr14","34980024","34980301","25","1093706"
"chr14","33895689","33895983","chr14","34990067","34990367","14","1094378"
"chr14","34037750","34038042","chr14","35132153","35132434","15","1094403"
"chr14","34491233","34491522","chr14","35583221","35583512","10","1091988"
"chr14","34601627","34601929","chr14","35692672","35692971","27","1091045"
"chr14","34728164","34728458","chr14","35816042","35816338","10","1087878"
"chr14","34975593","34975882","chrX","13237354","13237641","46","21738239"
"chr14","35118008","35118310","chr2","94680090","94680393","34","59562082"
"chr14","35380347","35380655","chr14","36470761","36471065","8","1090414"
"chr14","35498090","35498389","chr14","36592402","36592695","9","1094312"
"chr14","35872312","35872606","chr14","36964244","36964538","2","1091932"
"chr14","35955646","35955850","chr14","37046672","37046876","1","1091026"
"chr14","36241230","36241517","chr14","37338844","37339128","8","1097614"
"chr14","36331216","36331468","chr14","37429980","37430218","17","1098764"
"chr14","36378785","36379105","chr4","22455082","22455401","47","13923703"
"chr14","36969529","36969829","chr14","38070438","38070742","11","1100909"
"chr14","37052375","37052650","chr14","38151616","38151891","2","1099241"
"chr14","37631913","37632219","chrX","104642329","104642628","42","67010416"
"chr14","37810347","37810643","chr14","38902865","38903162","14","1092518"
"chr14","38099890","38100131","chr14","39198281","39198522","1","1098391"
"chr14","38214845","38215157","chr14","39312497","39312805","11","1097652"
"chr14","38427107","38427410","chr14","39524519","39524822","6","1097412"
"chr14","38476610","38476741","chr1","125974340","125974473","18","87497730"
"chr14","38479913","38480226","chr14","39579608","39579918","10","1099695"
"chr14","38615060","38615368","chr14","39723586","39723897","16","1108526"
"chr14","38615397","38615694","chr1","54194492","54194783","42","15579095"
"chr14","38616521","38616846","chr14","39725067","39725364","37","1108546"
"chr14","38630677","38630956","chr14","39738654","39738918","19","1107977"
"chr14","38792788","38793074","chr14","39898104","39898389","10","1105316"
"chr14","38801912","38802198","chr14","39907445","39907728","12","1105533"
"chr14","38803422","38803701","chr14","39908980","39909258","17","1105558"
"chr14","38824798","38825105","chr14","39930379","39930688","11","1105581"
"chr14","39006024","39006254","chr8","72192375","72192603","32","33186351"
"chr14","39441725","39442022","chr7","161934846","161935129","52","122493121"
"chr14","39515141","39515401","chr14","40640012","40640268","7","1124871"
"chr14","39536836","39537141","chr14","40662469","40662780","19","1125633"
"chr14","39643474","39643728","chr14","40768843","40769088","20","1125369"
"chr14","40011747","40012067","chr4","36164537","36164851","54","3847210"
"chr14","40025459","40025762","chr2","159674301","159674602","38","119648842"
"chr14","40103189","40103473","chr2","170122863","170123143","42","130019674"
"chr14","40402360","40402641","chr11","3309017","3309300","40","37093343"
"chr14","40455305","40455606","chr14","41709056","41709352","14","1253751"
"chr14","40780634","40780936","chr1","85224413","85224714","33","44443779"
"chr14","40868961","40869125","chr2","25904969","25905113","46","14963992"
"chr14","41056423","41056704","chr6","91002137","91002417","42","49945714"
"chr14","41062341","41062635","chr2","93185519","93185812","38","52123178"
"chr14","41084322","41084620","chr14","42332336","42332635","4","1248014"
"chr14","41105476","41105793","chr14","42354367","42354685","5","1248891"
"chr14","41393351","41393648","chr20","23349534","23349828","43","18043817"
"chr14","41427149","41427445","chr14","42691997","42692293","3","1264848"
"chr14","41536425","41536729","chr14","42843451","42843748","17","1307026"
"chr14","41553377","41553667","chr5","56701456","56701750","41","15148079"
"chr14","41776372","41776668","chr14","43105696","43106000","12","1329324"
"chr14","41917857","41918160","chr8","10375190","10375489","37","31542667"
"chr14","41920625","41920924","chr14","43263397","43263697","9","1342772"
"chr14","41958056","41958357","chr14","43302076","43302382","11","1344020"
"chr14","42189568","42189848","chr14","43534219","43534499","5","1344651"
"chr14","42449176","42449431","chr14","43799483","43799738","5","1350307"
"chr14","42475626","42475908","chr7","151463340","151463620","45","108987714"
"chr14","42967868","42968163","chr14","44304973","44305268","6","1337105"
"chr14","43027282","43027577","chr14","44359651","44359960","22","1332369"
"chr14","43063114","43063421","chr14","44393320","44393596","34","1330206"
"chr14","43171042","43171361","chr14","44494379","44494699","13","1323337"
"chr14","43267119","43267433","chr14","44607300","44607613","10","1340181"
"chr14","43376310","43376620","chr1","97443874","97444180","35","54067564"
"chr14","43685237","43685539","chr4","42880492","42880787","38","804745"
"chr14","43826117","43826449","chr1","60745681","60746015","59","16919564"
"chr14","43933046","43933302","chr14","45283338","45283579","47","1350292"
"chr14","43950757","43951058","chr14","45300620","45300926","11","1349863"
"chr14","43997385","43997675","chr14","45347202","45347490","10","1349817"
"chr14","44172288","44172565","chr14","45520254","45520531","3","1347966"
"chr14","44206448","44206748","chr2","136423840","136424139","32","92217392"
"chr14","44266447","44266751","chr6","132612470","132612770","43","88346023"
"chr14","44400395","44400679","chr14","45781694","45781980","7","1381299"
"chr14","44506222","44506493","chr14","45886325","45886600","8","1380103"
"chr14","44566789","44567068","chr14","45946622","45946902","5","1379833"
"chr14","44657038","44657349","chr14","46087986","46088299","8","1430948"
"chr14","44676799","44677087","chr14","46107842","46108130","5","1431043"
"chr14","44750756","44751053","chr14","46181655","46181948","14","1430899"
"chr14","44776257","44776556","chr14","46207490","46207776","19","1431233"
"chr14","44838842","44839132","chr6","132612470","132612770","41","87773628"
"chr14","44974287","44974596","chr14","46409989","46410284","17","1435702"
"chr14","45258271","45258516","chr14","46692033","46692278","2","1433762"
"chr14","45290324","45290629","chr14","46722115","46722420","3","1431791"
"chr14","45647338","45647634","chr2","161960788","161961087","40","116313450"
"chr14","46079596","46079904","chrX","128903017","128903324","34","82823421"
"chr14","46080013","46080317","chr14","47504724","47505056","35","1424711"
"chr14","46094313","46094587","chr14","47519555","47519829","2","1425242"
"chr14","46129792","46130102","chrX","128903017","128903324","28","82773225"
"chr14","46159526","46159827","chr14","47585458","47585758","4","1425932"
"chr14","46160997","46161297","chr14","47586920","47587223","8","1425923"
"chr14","46197361","46197625","chr1","14456307","14456568","35","31741054"
"chr14","46197959","46198229","chr14","47623268","47623564","33","1425309"
"chr14","46302967","46303268","chr14","47731000","47731305","9","1428033"
"chr14","46375966","46376262","chr14","47807402","47807699","7","1431436"
"chr14","46390776","46391062","chr14","47821934","47822197","26","1431158"
"chr14","46413687","46413984","chr14","47845605","47845899","7","1431918"
"chr14","46464211","46464513","chr15","26676539","26676831","47","19787672"
"chr14","46487384","46487684","chr14","47919861","47920169","11","1432477"
"chr14","46501194","46501468","chr14","47934700","47934975","7","1433506"
"chr14","46523141","46523440","chr19","35833541","35833836","36","10689600"
"chr14","46595794","46596086","chr14","48029161","48029453","1","1433367"
"chr14","46656068","46656357","chr14","48091465","48091751","12","1435397"
"chr14","46694524","46694803","chr14","48131828","48132102","11","1437304"
"chr14","46813645","46813938","chr14","106747707","106747997","50","59934062"
"chr14","46851121","46851429","chr14","48250758","48251064","10","1399637"
"chr14","46916845","46917149","chr14","48316089","48316394","13","1399244"
"chr14","47159782","47160081","chr14","48560822","48561124","10","1401040"
"chr14","47271281","47271583","chr14","48678540","48678842","2","1407259"
"chr14","47529457","47529764","chr14","48938719","48939023","10","1409262"
"chr14","47543615","47543912","chr14","48954253","48954558","13","1410638"
"chr14","47552531","47552826","chr7","31624145","31624439","32","15928386"
"chr14","47605684","47605991","chr14","49016514","49016821","9","1410830"
"chr14","47690023","47690306","chr14","49110770","49111055","10","1420747"
"chr14","47690318","47690616","chr14","49111067","49111369","13","1420749"
"chr14","47714498","47714786","chr16","30426681","30426967","40","17287817"
"chr14","47721135","47721429","chr14","49141865","49142146","20","1420730"
"chr14","47723490","47723792","chr1","16210912","16211212","35","31512578"
"chr14","47726488","47726787","chr14","49147217","49147528","19","1420729"
"chr14","47729174","47729464","chr14","49149980","49150270","6","1420806"
"chr14","47739010","47739267","chr20","23341655","23341913","37","24397355"
"chr14","47756430","47756682","chr9","17636806","17637052","37","30119624"
"chr14","47757345","47757644","chr4","123382191","123382485","37","75624846"
"chr14","47758392","47758698","chr14","49179588","49179894","3","1421196"
"chr14","47767784","47768091","chr14","49188830","49189141","9","1421046"
"chr14","47786416","47786722","chrX","49179364","49179674","33","1392948"
"chr14","47866008","47866301","chr14","49285691","49285984","2","1419683"
"chr14","47893577","47893866","chr14","49314556","49314845","6","1420979"
"chr14","47893867","47894170","chr14","49314846","49315154","10","1420979"
"chr14","47894387","47894671","chr14","49315372","49315654","5","1420985"
"chr14","47904525","47904820","chr14","49325856","49326152","7","1421331"
"chr14","47921828","47922120","chr10","12374044","12374337","38","35547784"
"chr14","47929626","47929912","chr14","49350622","49350907","8","1420996"
"chr14","47932755","47933050","chr14","49353746","49354036","8","1420991"
"chr14","47985088","47985386","chr14","49405556","49405854","5","1420468"
"chr14","48155460","48155756","chr14","49580421","49580717","3","1424961"
"chr14","48223011","48223311","chr14","49648180","49648478","9","1425169"
"chr14","48316456","48316748","chr14","49797384","49797676","5","1480928"
"chr14","48383159","48383428","chr14","49859467","49859739","7","1476308"
"chr14","48471930","48472220","chr14","49953281","49953580","14","1481351"
"chr14","48751358","48751648","chr11","67910636","67910928","37","19159278"
"chr14","48832079","48832382","chr14","50306998","50307298","13","1474919"
"chr14","48974358","48974625","chr14","50451428","50451695","4","1477070"
"chr14","49378468","49378767","chr14","50858068","50858374","14","1479600"
"chr14","49581314","49581633","chr14","51064889","51065205","5","1483575"
"chr14","49597127","49597455","chr14","51083077","51083406","9","1485950"
"chr14","49912624","49912929","chr14","51391707","51392015","7","1479083"
"chr14","49965019","49965294","chr14","51442637","51442906","6","1477618"
"chr14","50121950","50122227","chr14","51596754","51597040","14","1474804"
"chr14","50179794","50180041","chr14","51654017","51654262","7","1474223"
"chr14","50265302","50265561","chr7","43133155","43133423","46","7132147"
"chr14","50312179","50312474","chr14","51775553","51775856","18","1463374"
"chr14","50415539","50415828","chr14","51881237","51881521","12","1465698"
"chr14","50431721","50432034","chr14","51897477","51897774","19","1465756"
"chr14","50469673","50469977","chr14","51936152","51936456","4","1466479"
"chr14","50483790","50484096","chr14","51950557","51950863","5","1466767"
"chr14","50567455","50567745","chr7","68704681","68704961","50","18137226"
"chr14","50606296","50606576","chr1","124731927","124732210","46","74125631"
"chr14","50686803","50687098","chr14","52158135","52158453","31","1471332"
"chr14","50754743","50755046","chr14","52221569","52221872","9","1466826"
"chr14","51180329","51180620","chr14","52640048","52640339","6","1459719"
"chr14","51196998","51197284","chr14","52655497","52655779","8","1458499"
"chr14","51268239","51268547","chr5","84621454","84621751","44","33353215"
"chr14","51310740","51311049","chr14","52769068","52769375","11","1458328"
"chr14","51318637","51318924","chr14","52794868","52795151","7","1476231"
"chr14","51462786","51463075","chr14","52940065","52940346","10","1477279"
"chr14","51755605","51755905","chr6","131966421","131966716","37","80210816"
"chr14","51789114","51789256","chr1","135967601","135967745","17","84178487"
"chr14","51893208","51893504","chr2","188519211","188519509","32","136626003"
"chr14","52132663","52132956","chr9","122956151","122956443","36","70823488"
"chr14","52183008","52183307","chr14","53662188","53662485","7","1479180"
"chr14","52308453","52308652","chr3","126362775","126362975","30","74054322"
"chr14","52349578","52349887","chr14","53833047","53833327","32","1483469"
"chr14","52456971","52457273","chr14","53941662","53941963","6","1484691"
"chr14","52473091","52473382","chr14","53957681","53957972","8","1484590"
"chr14","52581623","52581914","chr14","54066118","54066407","3","1484495"
"chr14","52771365","52771666","chr14","54256637","54256938","9","1485272"
"chr14","53103662","53103959","chr14","54587168","54587465","7","1483506"
"chr14","53338509","53338825","chr14","54821918","54822232","5","1483409"
"chr14","53461386","53461691","chr9","64467764","64468068","34","11006378"
"chr14","53662379","53662621","chr14","55151426","55151669","7","1489047"
"chr14","53735083","53735368","chr14","55226258","55226562","26","1491175"
"chr14","54053544","54053843","chr14","55554059","55554348","14","1500515"
"chr14","54130298","54130594","chr14","55630728","55631022","4","1500430"
"chr14","54203131","54203441","chr14","55703747","55704057","3","1500616"
"chr14","54434115","54434394","chr14","55952586","55952859","9","1518471"
"chr14","54464383","54464676","chr14","55982625","55982919","7","1518242"
"chr14","54552765","54553068","chr14","56072082","56072381","26","1519317"
"chr14","54588338","54588607","chr14","56103367","56103636","2","1515029"
"chr14","54691471","54691768","chr14","56206059","56206355","6","1514588"
"chr14","54836977","54837284","chr14","56345608","56345914","4","1508631"
"chr14","55052639","55052929","chr4","36942711","36943001","36","18109928"
"chr14","55247295","55247573","chr14","56760125","56760402","5","1512830"
"chr14","55303706","55303983","chr1","129044233","129044506","43","73740527"
"chr14","55319061","55319370","chr14","56832663","56832968","5","1513602"
"chr14","55361966","55362200","chr14","56873486","56873720","6","1511520"
"chr14","55372722","55373021","chr1","8784931","8785227","33","46587791"
"chr14","55387866","55388187","chr14","56904164","56904489","11","1516298"
"chr14","55389462","55389727","chr14","56905764","56906029","2","1516302"
"chr14","55414746","55415045","chr14","56930204","56930507","7","1515458"
"chr14","55415066","55415352","chr14","56930528","56930814","4","1515462"
"chr14","55502570","55502862","chr14","57018341","57018633","4","1515771"
"chr14","55503242","55503526","chr14","57018997","57019302","26","1515755"
"chr14","55537888","55538188","chr14","57050581","57050881","9","1512693"
"chr14","55545037","55545327","chr14","57058157","57058445","12","1513120"
"chr14","55563118","55563367","chr14","57076576","57076815","13","1513458"
"chr14","55566131","55566419","chr14","57079555","57079842","5","1513424"
"chr14","55596687","55596981","chr14","57109399","57109688","8","1512712"
"chr14","55609059","55609343","chr14","57121246","57121534","8","1512187"
"chr14","55617909","55618208","chr14","57129189","57129488","5","1511280"
"chr14","55629648","55629957","chr14","57141531","57141831","20","1511883"
"chr14","55630011","55630321","chr20","34109678","34109981","38","21520333"
"chr14","55667284","55667574","chr14","57180968","57181258","3","1513684"
"chr14","55676678","55676947","chr14","57190610","57190883","6","1513932"
"chr14","55678064","55678369","chr19","42338024","42338329","37","13340040"
"chr14","55696597","55696902","chr14","57212556","57212857","7","1515959"
"chr14","55700962","55701239","chr14","57216766","57217069","27","1515804"
"chr14","55715076","55715371","chr7","6595521","6595820","38","49119555"
"chr14","55730379","55730667","chr14","57248589","57248875","5","1518210"
"chr14","55740077","55740386","chr14","57258152","57258464","9","1518075"
"chr14","55748254","55748559","chr14","57266682","57266981","10","1518428"
"chr14","55807509","55807806","chr14","57324785","57325086","10","1517276"
"chr14","55809042","55809326","chr14","57326316","57326600","2","1517274"
"chr14","55911879","55912176","chr14","57429661","57429952","8","1517782"
"chr14","55975876","55976173","chr14","57493302","57493601","9","1517426"
"chr14","56008738","56009028","chr1","216475595","216475889","47","160466857"
"chr14","56012007","56012302","chr14","57531787","57532093","20","1519780"
"chr14","56064005","56064310","chr14","57585031","57585310","33","1521026"
"chr14","56122918","56123216","chr14","57641938","57642233","13","1519020"
"chr14","56648259","56648568","chr14","58228153","58228463","7","1579894"
"chr14","57177069","57177367","chrX","3672786","3673095","39","53504283"
"chr14","57272480","57272793","chr14","59115965","59116269","15","1843485"
"chr14","57652055","57652313","chr14","59498777","59499035","6","1846722"
"chr14","57845075","57845347","chr1","36804982","36805253","38","21040093"
"chr14","57845543","57845872","chrX","114841001","114841329","48","56995458"
"chr14","57853786","57854021","chr5","1346179","1346417","39","56507607"
"chr14","57855320","57855614","chr4","32829016","32829314","40","25026304"
"chr14","57976304","57976515","chr7","168072983","168073185","40","110096679"
"chr14","58038455","58038758","chr14","59864150","59864453","6","1825695"
"chr14","58323497","58323789","chr5","80040479","80040772","42","21716982"
"chr14","58377240","58377538","chr14","60174246","60174545","4","1797006"
"chr14","58391808","58392098","chr14","60188061","60188353","4","1796253"
"chr14","58446663","58446969","chr14","60242914","60243218","8","1796251"
"chr14","58522456","58522759","chr14","60318957","60319259","3","1796501"
"chr14","58559618","58559906","chr14","60356198","60356487","11","1796580"
"chr14","58661146","58661452","chr14","60457633","60457912","34","1796487"
"chr14","58752395","58752699","chr7","43048161","43048465","13","15704234"
"chr14","58954728","58954984","chr14","60744743","60744999","3","1790015"
"chr14","58983501","58983804","chr16","25975302","25975604","36","33008199"
"chr14","59305288","59305589","chr5","39379317","39379616","43","19925971"
"chr14","59557991","59558284","chr7","165035557","165035849","44","105477566"
"chr14","59564771","59565079","chr14","61489712","61489990","35","1924941"
"chr14","59588644","59588951","chr14","61514829","61515133","7","1926185"
"chr14","59809397","59809696","chr14","61716354","61716672","24","1906957"
"chr14","60095299","60095607","chr14","62078498","62078807","12","1983199"
"chr14","60271034","60271321","chrX","117758413","117758706","36","57487379"
"chr14","60275369","60275664","chr14","62263374","62263668","5","1988005"
"chr14","60459691","60459976","chr14","62605785","62606070","6","2146094"
"chr14","60646075","60646388","chr14","62801188","62801490","17","2155113"
"chr14","60735737","60735985","chr14","62895849","62896111","18","2160112"
"chr14","60766790","60767062","chr8","76413611","76413891","34","15646821"
"chr14","61195492","61195786","chr14","63345556","63345852","6","2150064"
"chr14","61310369","61310663","chr14","63461954","63462264","22","2151585"
"chr14","61356928","61357232","chr14","63507923","63508227","8","2150995"
"chr14","61367436","61367728","chr14","63518444","63518750","15","2151008"
"chr14","61385421","61385728","chr14","63536298","63536602","7","2150877"
"chr14","61403022","61403285","chr14","63553620","63553883","6","2150598"
"chr14","61427952","61428243","chr14","63577932","63578223","4","2149980"
"chr14","61440990","61441282","chr14","63591006","63591296","10","2150016"
"chr14","61475514","61475816","chr14","63628049","63628343","12","2152535"
"chr14","61476907","61477199","chr14","63629450","63629742","5","2152543"
"chr14","61496427","61496716","chr14","63649249","63649540","9","2152822"
"chr14","61515735","61516019","chr14","63668295","63668576","7","2152560"
"chr14","61517954","61518231","chr14","63670509","63670789","8","2152555"
"chr14","61527428","61527732","chr2","40628061","40628359","43","20899367"
"chr14","61643454","61643734","chr14","63798084","63798364","0","2154630"
"chr14","61671721","61672024","chr16","25975302","25975604","35","35696419"
"chr14","61680240","61680529","chr14","63835353","63835644","6","2155113"
"chr14","61783240","61783532","chr14","63938365","63938652","8","2155125"
"chr14","61804290","61804587","chr14","63960044","63960335","8","2155754"
"chr14","61931035","61931329","chr14","64087135","64087434","15","2156100"
"chr14","61983794","61984110","chr14","64142716","64143037","12","2158922"
"chr14","62210391","62210700","chr14","64368254","64368563","8","2157863"
"chr14","62214315","62214618","chr14","64372172","64372483","10","2157857"
"chr14","62275711","62276009","chr15","100648013","100648303","41","38372302"
"chr14","62322620","62322912","chr1","8038697","8038989","36","54283923"
"chr14","62344592","62344852","chr14","64506541","64506801","2","2161949"
"chr14","62478029","62478292","chr4","6584590","6584852","31","55893439"
"chr14","62550249","62550554","chrX","3175793","3176096","33","59374456"
"chr14","62591423","62591708","chr14","64751697","64751987","10","2160274"
"chr14","62605699","62606012","chr14","64766056","64766370","7","2160357"
"chr14","62610501","62610809","chr14","64769621","64769927","7","2159120"
"chr14","62779831","62780128","chr2","161960788","161961087","34","99180957"
"chr14","62936907","62937208","chr13","70811388","70811681","39","7874481"
"chr14","63024853","63025141","chr14","65193263","65193559","12","2168410"
"chr14","63261752","63262045","chr12","112673950","112674247","32","49412198"
"chr14","63312629","63312914","chr14","65480700","65480994","14","2168071"
"chr14","63343771","63344074","chr14","65510873","65511171","8","2167102"
"chr14","63388186","63388487","chr14","65555893","65556190","31","2167707"
"chr14","63406958","63407266","chr2","121158781","121159088","35","57751823"
"chr14","63436900","63437199","chr14","65606578","65606885","9","2169678"
"chr14","63446702","63446999","chr10","30357621","30357916","27","33089081"
"chr14","63507939","63508218","chr14","65679229","65679508","2","2171290"
"chr14","63530371","63530564","chr1","173467466","173467659","23","109937095"
"chr14","63533268","63533590","chr14","65708167","65708483","13","2174899"
"chr14","63559408","63559696","chr11","46074685","46074983","43","17484723"
"chr14","63568268","63568537","chr14","65742913","65743182","1","2174645"
"chr14","63626106","63626412","chr19","28392083","28392390","40","35234023"
"chr14","63628553","63628841","chr14","65805019","65805305","5","2176466"
"chr14","63646624","63646907","chr14","65823804","65824087","4","2177180"
"chr14","63668458","63668737","chr14","65845716","65845996","11","2177258"
"chr14","63668889","63669178","chr14","65846149","65846438","4","2177260"
"chr14","63687665","63687971","chr8","44905839","44906138","44","18781826"
"chr14","63692440","63692737","chr5","84621454","84621751","24","20929014"
"chr14","63715303","63715596","chr14","65891360","65891653","4","2176057"
"chr14","63733162","63733475","chr7","38602366","38602674","42","25130796"
"chr14","63759992","63760283","chr17","27228152","27228444","39","36531840"
"chr14","63767007","63767310","chr14","65943230","65943533","6","2176223"
"chr14","63785907","63786189","chr14","65963980","65964265","5","2178073"
"chr14","63822303","63822608","chr14","65998915","65999207","21","2176612"
"chr14","63852023","63852326","chr14","66075364","66075673","13","2223341"
"chr14","64126741","64127017","chr14","66347987","66348263","4","2221246"
"chr14","64202629","64202919","chr14","66425669","66425955","18","2223040"
"chr14","64297129","64297443","chr14","66532590","66532904","2","2235461"
"chr14","64417991","64418293","chr2","177308545","177308849","39","112890554"
"chr14","64427525","64427798","chr6","138466080","138466347","39","74038555"
"chr14","64466860","64467163","chr14","66746243","66746546","3","2279383"
"chr14","64505458","64505752","chr14","66784962","66785255","5","2279504"
"chr14","64926534","64926814","chr14","67208572","67208852","6","2282038"
"chr14","64943253","64943533","chr14","67222683","67222978","20","2279430"
"chr14","64997359","64997659","chr10","61274378","61274679","29","3722981"
"chr14","65144972","65145272","chr16","14682737","14683035","31","50462235"
"chr14","65178264","65178560","chr3","2907703","2908000","33","62270561"
"chr14","65222828","65223124","chr14","67511789","67512089","12","2288961"
"chr14","65385978","65386227","chr3","9878848","9879097","39","55507130"
"chr14","65424570","65424888","chr5","23688318","23688627","48","41736252"
"chr14","65430107","65430399","chr14","67765411","67765704","13","2335304"
"chr14","65499204","65499506","chr14","67834164","67834469","9","2334960"
"chr14","65532063","65532357","chr14","67867502","67867790","13","2335439"
"chr14","65538970","65539263","chr14","67874786","67875080","7","2335816"
"chr14","65543776","65544069","chr14","67879275","67879565","9","2335499"
"chr14","65549000","65549291","chr14","111571417","111571707","36","46022417"
"chr14","65573304","65573598","chr14","67908179","67908475","7","2334875"
"chr14","65658575","65658868","chr14","67992975","67993270","9","2334400"
"chr14","65683475","65683784","chr14","68018662","68018979","17","2335187"
"chr14","65694880","65695158","chr10","78711955","78712231","38","13017075"
"chr14","65712675","65712973","chr4","123382191","123382485","35","57669516"
"chr14","65734699","65735004","chr1","33868892","33869193","40","31865807"
"chr14","65769765","65770059","chr14","68107586","68107875","12","2337821"
"chr14","65882956","65883232","chr9","97326555","97326834","37","31443599"
"chr14","65965134","65965300","chr14","10246675","10246842","17","55718459"
"chr14","66147087","66147392","chr14","115784371","115784680","35","49637284"
"chr14","66155699","66156029","chr14","68493748","68494079","4","2338049"
"chr14","66246829","66246986","chr14","68583735","68583892","1","2336906"
"chr14","66251034","66251331","chr14","68587949","68588241","10","2336915"
"chr14","66275259","66275563","chr14","68612173","68612475","9","2336914"
"chr14","66283692","66283983","chr14","68620571","68620860","8","2336879"
"chr14","66323645","66323938","chr14","68660608","68660900","2","2336963"
"chr14","66683294","66683596","chr14","69020694","69020994","9","2337400"
"chr14","66721377","66721543","chr9","99124753","99124923","28","32403376"
"chr14","66798485","66798772","chr14","69136911","69137197","5","2338426"
"chr14","66874230","66874529","chr14","69214579","69214876","6","2340349"
"chr14","66886900","66887184","chr14","69227302","69227594","12","2340402"
"chr14","67031435","67031740","chr16","10122439","10122748","35","56908996"
"chr14","67036591","67036890","chr14","69375534","69375835","11","2338943"
"chr14","67093559","67093788","chr12","83696584","83696816","34","16603025"
"chr14","67345855","67346149","chr14","69680021","69680316","7","2334166"
"chr14","67381813","67382113","chr14","69714764","69715054","15","2332951"
"chr14","67385353","67385643","chr10","61806032","61806322","32","5579321"
"chr14","67405690","67405981","chr13","70811388","70811681","27","3405698"
"chr14","67417732","67418021","chr14","69755444","69755733","3","2337712"
"chr14","67434725","67435027","chr14","69772513","69772816","5","2337788"
"chr14","67491437","67491736","chr14","69835886","69836189","19","2344449"
"chr14","67499012","67499321","chr14","69843443","69843747","11","2344431"
"chr14","67515757","67516057","chr14","69860564","69860864","3","2344807"
"chr14","67634182","67634472","chr14","69980274","69980568","9","2346092"
"chr14","67678008","67678283","chr14","70025363","70025638","5","2347355"
"chr14","67685508","67685792","chr14","70032576","70032856","11","2347068"
"chr14","67716684","67716987","chr8","78789142","78789436","42","11072458"
"chr14","67765185","67765486","chr14","70113536","70113836","10","2348351"
"chr14","67834424","67834598","chr16","41796497","41796671","20","26037927"
"chr14","67921232","67921529","chr14","70270495","70270796","12","2349263"
"chr14","67952807","67953097","chr14","70298482","70298772","6","2345675"
"chr14","67970397","67970692","chr16","45131388","45131684","24","22839009"
"chr14","67986566","67986862","chr14","70332201","70332494","5","2345635"
"chr14","68093786","68094081","chr14","70439674","70439971","4","2345888"
"chr14","68102041","68102327","chr14","70447566","70447852","4","2345525"
"chr14","68132507","68132769","chr14","70476975","70477241","10","2344468"
"chr14","68181766","68182067","chr16","57269589","57269887","32","10912177"
"chr14","68300631","68300940","chr14","70645116","70645426","8","2344485"
"chr14","68312030","68312287","chr14","70656163","70656420","4","2344133"
"chr14","68506042","68506325","chr14","70853946","70854245","22","2347904"
"chr14","68811672","68811956","chr14","71151258","71151542","12","2339586"
"chr14","68827971","68828263","chr14","71167056","71167352","8","2339085"
"chr14","69400600","69400908","chr14","71737812","71738118","11","2337212"
"chr14","69598344","69598643","chr4","28719545","28719847","41","40878799"
"chr14","69630711","69631006","chr14","71965318","71965615","4","2334607"
"chr14","69701404","69701713","chr14","72038811","72039120","12","2337407"
"chr14","69765313","69765603","chr14","72100893","72101174","15","2335580"
"chr14","70001448","70001754","chr14","72331008","72331314","14","2329560"
"chr14","70020798","70021098","chr14","72351112","72351412","4","2330314"
"chr14","70151428","70151729","chr4","31898756","31899058","41","38252672"
"chr14","70304249","70304556","chr14","72618891","72619199","6","2314642"
"chr14","70457352","70457660","chr14","72771822","72772130","9","2314470"
"chr14","70505781","70506070","chr14","72827337","72827626","4","2321556"
"chr14","70556364","70556659","chr14","72878065","72878349","22","2321701"
"chr14","70561446","70561730","chr14","72883146","72883428","5","2321700"
"chr14","70563157","70563441","chr14","72884856","72885140","4","2321699"
"chr14","70600910","70601203","chr14","72921317","72921611","7","2320407"
"chr14","70738153","70738456","chr14","73050867","73051173","4","2312714"
"chr14","70920476","70920792","chr14","73228178","73228496","6","2307702"
"chr14","71056590","71056888","chr14","73354135","73354434","7","2297545"
"chr14","71282508","71282825","chr6","70591771","70592087","44","690737"
"chr14","71755428","71755728","chr14","74141032","74141330","8","2385604"
"chr14","71762361","71762619","chr5","2622810","2623069","42","69139551"
"chr14","71827669","71827970","chr14","74207064","74207362","8","2379395"
"chr14","71871949","71872253","chr14","74252620","74252932","19","2380671"
"chr14","72012281","72012603","chr14","74397010","74397311","30","2384729"
"chr14","72075909","72076219","chr14","74459917","74460223","13","2384008"
"chr14","72265507","72265814","chr14","74648116","74648423","3","2382609"
"chr14","72407932","72408148","chr13","27567083","27567289","38","44840849"
"chr14","72423151","72423454","chr14","74813004","74813307","2","2389853"
"chr14","72932870","72933178","chr14","75317296","75317602","5","2384426"
"chr14","72936533","72936841","chr14","75317296","75317602","5","2380763"
"chr14","73064670","73064960","chr14","75444189","75444477","7","2379519"
"chr14","73070118","73070329","chr14","75448988","75449225","32","2378870"
"chr14","73080273","73080585","chr14","75459483","75459791","15","2379210"
"chr14","73123528","73123796","chr14","75502334","75502604","18","2378806"
"chr14","73167390","73167676","chr14","75546980","75547268","7","2379590"
"chr14","73189990","73190262","chr12","119089042","119089324","45","45899052"
"chr14","73200508","73200801","chr14","75580108","75580399","6","2379600"
"chr14","73235970","73236277","chr14","75615286","75615594","3","2379316"
"chr14","73320945","73321230","chr14","75706097","75706397","24","2385152"
"chr14","73377433","73377698","chr1","184555716","184555984","34","111178283"
"chr14","73415444","73415738","chr14","75801835","75802129","6","2386391"
"chr14","73437159","73437452","chr14","75822952","75823243","8","2385793"
"chr14","73873524","73873836","chr14","76309834","76310116","34","2436310"
"chr14","74011486","74011794","chr14","76446920","76447227","19","2435434"
"chr14","74139999","74140284","chr14","76574498","76574783","11","2434499"
"chr14","74187893","74188189","chr14","76622916","76623210","8","2435023"
"chr14","74206976","74207259","chr17","57910763","57911042","44","16296213"
"chr14","74237707","74238021","chr14","76673587","76673900","9","2435880"
"chr14","74382654","74382927","chr14","76819425","76819695","8","2436771"
"chr14","74634503","74634800","chr14","77081901","77082198","7","2447398"
"chr14","74822198","74822486","chr14","77281328","77281620","5","2459130"
"chr14","75605931","75606203","chr2","202712194","202712464","44","127106263"
"chr14","75609166","75609450","chr14","78173067","78173351","10","2563901"
"chr14","75642663","75642959","chr14","78206487","78206783","6","2563824"
"chr14","75643203","75643498","chr6","178705669","178705969","33","103062466"
"chr14","75689789","75690088","chr14","78253788","78254087","3","2563999"
"chr14","75715729","75715984","chr14","78278950","78279214","12","2563221"
"chr14","75750978","75751274","chr5","173476764","173477062","42","97725786"
"chr14","75788063","75788369","chr14","78351198","78351500","10","2563135"
"chr14","75835210","75835496","chr8","76413611","76413891","48","578401"
"chr14","75992459","75992769","chr1","77960911","77961215","47","1968452"
"chr14","76084071","76084387","chr1","27842122","27842432","39","48241949"
"chr14","76110800","76111097","chr14","78674151","78674448","5","2563351"
"chr14","76115951","76116248","chr14","78679291","78679593","7","2563340"
"chr14","76348549","76348859","chr14","78910475","78910785","5","2561926"
"chr14","76353240","76353535","chr13","44841511","44841805","36","31511729"
"chr14","76367463","76367747","chr14","78929369","78929653","4","2561906"
"chr14","76376899","76377203","chr1","114858024","114858327","45","38481125"
"chr14","76391327","76391630","chr14","78952438","78952737","8","2561111"
"chr14","76432281","76432593","chr14","78993594","78993893","18","2561313"
"chr14","76634506","76634807","chr14","79203641","79203940","8","2569135"
"chr14","76733104","76733412","chr14","79304314","79304621","11","2571210"
"chr14","76981947","76982244","chr14","79554954","79555254","10","2573007"
"chr14","77012041","77012342","chr8","125868958","125869256","36","48856917"
"chr14","77013976","77014287","chr14","79587355","79587665","12","2573379"
"chr14","77017788","77018083","chr14","79591158","79591455","11","2573370"
"chr14","77042025","77042337","chr14","79615795","79616112","15","2573770"
"chr14","77044264","77044553","chr14","79618021","79618310","5","2573757"
"chr14","77054511","77054790","chr14","79628891","79629186","22","2574380"
"chr14","77058112","77058411","chr1","92629647","92629946","44","15571535"
"chr14","77076639","77076925","chr14","79649583","79649867","6","2572944"
"chr14","77093076","77093342","chr14","79665980","79666267","27","2572904"
"chr14","77125379","77125666","chr14","79698175","79698462","1","2572796"
"chr14","77597948","77598254","chr14","80177248","80177554","9","2579300"
"chr14","77931486","77931712","chr4","132649915","132650149","40","54718429"
"chr14","78217673","78217930","chr14","80800759","80801005","17","2583086"
"chr14","78240252","78240534","chr14","80823431","80823714","15","2583179"
"chr14","78443504","78443804","chr14","81054390","81054687","8","2610886"
"chr14","78461738","78462030","chr1","196134146","196134438","36","117672408"
"chr14","78682458","78682758","chr14","81294587","81294871","21","2612129"
"chr14","78705342","78705626","chr3","55339295","55339577","44","23366047"
"chr14","78796919","78797228","chr7","45098739","45099044","42","33698180"
"chr14","79239099","79239418","chr3","5459660","5459959","57","73779439"
"chr14","79319601","79319898","chr14","81946024","81946320","4","2626423"
"chr14","79327108","79327405","chr14","81953531","81953829","12","2626423"
"chr14","79540375","79540669","chr14","82180738","82181033","9","2640363"
"chr14","79541277","79541571","chr14","82180738","82181033","10","2639461"
"chr14","79776116","79776399","chr14","82472887","82473170","9","2696771"
"chr14","79795793","79796076","chr14","82472887","82473170","9","2677094"
"chr14","80083546","80083875","chr1","38691960","38692291","55","41391586"
"chr14","80347970","80348273","chr14","83107397","83107701","12","2759427"
"chr14","80423885","80424217","chr14","83182629","83182961","7","2758744"
"chr14","80693271","80693569","chr14","83459544","83459837","13","2766273"
"chr14","80924800","80925108","chr1","20542434","20542743","43","60382366"
"chr14","81156428","81156736","chr14","83936561","83936859","16","2780133"
"chr14","82104183","82104490","chr14","84965842","84966150","3","2861659"
"chr14","82585217","82585517","chr11","93268759","93269059","37","10683542"
"chr14","82938115","82938378","chr14","85797846","85798106","9","2859731"
"chr14","82996473","82996761","chr14","85856069","85856355","5","2859596"
"chr14","83111425","83111694","chr14","85971124","85971393","3","2859699"
"chr14","83164563","83164858","chr4","31822021","31822318","33","51342542"
"chr14","83170436","83170732","chr14","86033261","86033559","5","2862825"
"chr14","83171062","83171354","chr7","130270780","130271076","35","47099718"
"chr14","83453280","83453576","chr14","86327465","86327765","26","2874185"
"chr14","83601636","83601938","chr6","131732122","131732424","36","48130486"
"chr14","83652184","83652471","chr4","30749508","30749793","27","52902676"
"chr14","83716143","83716451","chrX","128903017","128903324","28","45186874"
"chr14","83852672","83852988","chr2","182562255","182562578","48","98709583"
"chr14","84244271","84244536","chr14","87109667","87109933","6","2865396"
"chr14","84255032","84255329","chr14","87119750","87120046","4","2864718"
"chr14","84415448","84415734","chr11","121134860","121135146","32","36719412"
"chr14","84708216","84708498","chr18","6662737","6663021","47","78045479"
"chr14","84843200","84843502","chr14","87702168","87702469","6","2858968"
"chr14","84869311","84869593","chr14","87728247","87728525","8","2858936"
"chr14","84981078","84981359","chr9","93084905","93085175","42","8103827"
"chr14","84986094","84986395","chr14","87846506","87846806","10","2860412"
"chr14","85184205","85184510","chr14","88044261","88044566","3","2860056"
"chr14","85301057","85301334","chr14","88170287","88170555","14","2869230"
"chr14","85381879","85382190","chr14","88251137","88251452","8","2869258"
"chr14","85734620","85734921","chr2","48724224","48724526","48","37010396"
"chr14","85806657","85806968","chr11","32266424","32266733","38","53540233"
"chr14","85838478","85838781","chr14","88710522","88710817","11","2872044"
"chr14","85940713","85941019","chrX","11631150","11631453","40","74309563"
"chr14","86439766","86440056","chr14","89363971","89364252","18","2924205"
"chr14","86745753","86746061","chr14","89688695","89688997","14","2942942"
"chr14","87244058","87244352","chr14","90294571","90294864","9","3050513"
"chr14","87369787","87370092","chr14","90419408","90419713","4","3049621"
"chr14","87476434","87476721","chr10","15194904","15195190","45","72281530"
"chr14","87646923","87647224","chr14","90705330","90705631","6","3058407"
"chr14","87763361","87763620","chr14","90818869","90819128","4","3055508"
"chr14","87767101","87767395","chr5","84621454","84621751","46","3145647"
"chr14","87795386","87795667","chr14","90851173","90851454","4","3055787"
"chr14","87824476","87824775","chr14","90877918","90878217","10","3053442"
"chr14","87914860","87915166","chr11","20893332","20893636","35","67021528"
"chr14","88134764","88135088","chr14","91231444","91231764","10","3096680"
"chr14","88181625","88181939","chrX","128903017","128903324","40","40721392"
"chr14","88332591","88332897","chr14","91512735","91513041","13","3180144"
"chr14","88400662","88400954","chr14","91582811","91583103","7","3182149"
"chr14","88616456","88616701","chr14","91837260","91837514","17","3220804"
"chr14","88804625","88804922","chr14","92041140","92041437","2","3236515"
"chr14","89093603","89093902","chr14","92341400","92341697","16","3247797"
"chr14","89134012","89134295","chr14","92382271","92382554","5","3248259"
"chr14","89215959","89216234","chr14","92464553","92464828","4","3248594"
"chr14","89444247","89444512","chr14","92685900","92686170","11","3241653"
"chr14","89731117","89731418","chr7","164584225","164584524","37","74853108"
"chr14","90020634","90020945","chr14","93307196","93307497","26","3286562"
"chr14","90039437","90039746","chr14","93325721","93326023","26","3286284"
"chr14","90214882","90215194","chr15","38617435","38617754","51","51597447"
"chr14","90311825","90312146","chr8","121345715","121346023","44","31033890"
"chr14","90382401","90382679","chr3","124065516","124065796","38","33683115"
"chr14","90430753","90431059","chr14","93716289","93716595","7","3285536"
"chr14","90512956","90513255","chr14","93799501","93799802","17","3286545"
"chr14","90796639","90796917","chr14","94087758","94088027","16","3291119"
"chr14","91238951","91239224","chr14","94523838","94524107","13","3284887"
"chr14","91296813","91297110","chr14","94578476","94578773","5","3281663"
"chr14","91477550","91477840","chr14","94761007","94761297","5","3283457"
"chr14","91541434","91541737","chr14","94829139","94829439","10","3287705"
"chr14","91586330","91586625","chr14","94873450","94873747","8","3287120"
"chr14","91611367","91611675","chr14","94898788","94899069","35","3287421"
"chr14","91644812","91645146","chr14","94932205","94932515","29","3287393"
"chr14","91663855","91664150","chr14","94951008","94951302","8","3287153"
"chr14","91665477","91665775","chr12","101436533","101436809","74","9771056"
"chr14","91696708","91697036","chr14","94984562","94984846","52","3287854"
"chr14","91705112","91705418","chr3","154543845","154544151","34","62838733"
"chr14","91708175","91708480","chr14","94996104","94996395","30","3287929"
"chr14","91736571","91736860","chr14","95024280","95024576","21","3287709"
"chr14","91745133","91745439","chr14","95032734","95033042","8","3287601"
"chr14","91747824","91748107","chr14","95035426","95035719","18","3287602"
"chr14","91758456","91758752","chr14","95046075","95046365","7","3287619"
"chr14","91770558","91770857","chr14","95058156","95058465","18","3287598"
"chr14","91786838","91787121","chr14","95074468","95074751","2","3287630"
"chr14","91851367","91851656","chr14","95138944","95139262","30","3287577"
"chr14","91965694","91965986","chr14","95253567","95253867","25","3287873"
"chr14","92031998","92032288","chr6","172983145","172983433","39","80951147"
"chr14","92082895","92083198","chr14","95375838","95376143","11","3292943"
"chr14","92151600","92151899","chr14","95445147","95445446","15","3293547"
"chr14","92291918","92292154","chr19","50549054","50549288","52","41742864"
"chr14","92394834","92395139","chr14","95701793","95702112","16","3306959"
"chr14","92666384","92666675","chr2","189775345","189775633","33","97108961"
"chr14","92696828","92697122","chrX","3175793","3176096","43","89521035"
"chr14","92733608","92733897","chr14","96039602","96039891","7","3305994"
"chr14","92734034","92734320","chr8","9832367","9832656","34","82901667"
"chr14","92986136","92986430","chr1","142335943","142336240","37","49349807"
"chr14","93154716","93155008","chr14","96478488","96478779","2","3323772"
"chr14","93257912","93258216","chr14","96580042","96580342","12","3322130"
"chr14","93374168","93374459","chr1","31482751","31483040","40","61891417"
"chr14","93568662","93568954","chr14","96899729","96900020","6","3331067"
"chr14","94235359","94235665","chr14","97546116","97546424","19","3310757"
"chr14","94282230","94282535","chr14","97592486","97592763","32","3310256"
"chr14","94401213","94401512","chr14","97708438","97708740","16","3307225"
"chr14","94782678","94782995","chr14","98279395","98279720","14","3496717"
"chr14","94894417","94894749","chr14","98380744","98381067","25","3486327"
"chr14","95033190","95033480","chr14","98517930","98518223","12","3484740"
"chr14","95036976","95037291","chr7","67544706","67545008","43","27492270"
"chr14","95191266","95191568","chr14","98671325","98671599","32","3480059"
"chr14","95401099","95401365","chr14","98880776","98881050","22","3479677"
"chr14","95439998","95440296","chr14","98919730","98920032","6","3479732"
"chr14","95926074","95926359","chr14","99450360","99450646","19","3524286"
"chr14","96038687","96038975","chr14","99563511","99563799","10","3524824"
"chr14","96104339","96104651","chr14","99625313","99625623","17","3520974"
"chr14","96209065","96209363","chr14","99730476","99730777","5","3521411"
"chr14","96477804","96478099","chr14","100002207","100002510","11","3524403"
"chr14","96561943","96562233","chr3","2657672","2657968","34","93904271"
"chr14","96563547","96563809","chr14","100192503","100192764","4","3628956"
"chr14","96605952","96606250","chr14","100234497","100234803","11","3628545"
"chr14","96635322","96635582","chr14","100263886","100264146","8","3628564"
"chr14","96723900","96724212","chr3","15557621","15557925","44","81166279"
"chr14","96822865","96823156","chr5","169489657","169489946","35","72666792"
"chr14","96875361","96875675","chr13","81229297","81229602","38","15646064"
"chr14","96926486","96926796","chr14","100552589","100552915","32","3626103"
"chr14","97065125","97065411","chr14","100690907","100691200","32","3625782"
"chr14","97081588","97081879","chr15","13859033","13859326","39","83222555"
"chr14","97150994","97151284","chr14","100784639","100784928","16","3633645"
"chr14","97169359","97169499","chr14","100802771","100802911","4","3633412"
"chr14","97227782","97228006","chr14","100862435","100862654","11","3634653"
"chr14","97240680","97240817","chr14","100875213","100875350","3","3634533"
"chr14","97281471","97281781","chr14","100915351","100915661","4","3633880"
"chr14","97290414","97290722","chr14","100925532","100925835","15","3635118"
"chr14","97313577","97313879","chr14","100950515","100950812","13","3636938"
"chr14","97332024","97332313","chr14","100972282","100972563","16","3640258"
"chr14","97388218","97388512","chr14","101029616","101029920","15","3641398"
"chr14","97416477","97416765","chr14","101058935","101059216","10","3642458"
"chr14","97417803","97418086","chr4","30749508","30749793","39","66668295"
"chr14","97421711","97422002","chr14","101064371","101064661","4","3642660"
"chr14","97475816","97476123","chr14","101118537","101118838","15","3642721"
"chr14","97506811","97507111","chr14","101151779","101152081","5","3644968"
"chr14","97508355","97508627","chr14","101153326","101153598","3","3644971"
"chr14","97529259","97529555","chr1","93910355","93910647","32","3618904"
"chr14","97531671","97531897","chr14","101176701","101176927","3","3645030"
"chr14","97634730","97634866","chr2","139237704","139237838","18","41602974"
"chr14","97665411","97665709","chr1","200127500","200127799","35","102462089"
"chr14","97679775","97680062","chr15","7855904","7856203","45","89823871"
"chr14","97690489","97690776","chr14","101335605","101335900","14","3645116"
"chr14","97716630","97716939","chr14","101361611","101361916","8","3644981"
"chr14","97744260","97744552","chr14","101390200","101390472","25","3645940"
"chr14","97753348","97753586","chr5","159673066","159673328","48","61919718"
"chr14","97765520","97765766","chr14","101411131","101411377","0","3645611"
"chr14","97830950","97831258","chr14","101478316","101478644","29","3647366"
"chr14","97859113","97859363","chr19","7378846","7379095","47","90480267"
"chr14","98009881","98010185","chr14","101657200","101657504","4","3647319"
"chr14","98106217","98106525","chr14","101757662","101757960","15","3651445"
"chr14","98231365","98231663","chr13","65644208","65644504","37","32587157"
"chr14","98267868","98268176","chr14","101917349","101917658","5","3649481"
"chr14","98467566","98467874","chr15","12028378","12028681","44","86439188"
"chr14","98773897","98774201","chr14","102469224","102469523","8","3695327"
"chr14","98871241","98871545","chr14","102564729","102565033","5","3693488"
"chr14","99099646","99099941","chr14","102786858","102787151","5","3687212"
"chr14","99525945","99526252","chr14","103213343","103213641","14","3687398"
"chr14","99542757","99543060","chr14","103229653","103229946","14","3686896"
"chr14","99575965","99576258","chr14","103263633","103263929","11","3687668"
"chr14","99583499","99583804","chr14","103271147","103271454","8","3687648"
"chr14","99626364","99626541","chr4","132216428","132216604","24","32590064"
"chr14","99655888","99656183","chr14","103346655","103346951","6","3690767"
"chr14","99670319","99670614","chr14","103360767","103361045","28","3690448"
"chr14","99988580","99988903","chr14","103678347","103678669","9","3689767"
"chr14","100049306","100049605","chr14","103739080","103739377","13","3689774"
"chr14","100515145","100515453","chr7","128525519","128525827","4","28010374"
"chr14","100722952","100723252","chr7","154883925","154884219","36","54160973"
"chr14","100809334","100809643","chr14","104227021","104227329","5","3417687"
"chr14","100984080","100984373","chr3","50093564","50093857","38","50890516"
"chr14","101025064","101025352","chr14","104441879","104442167","5","3416815"
"chr14","101035243","101035535","chr14","104453081","104453375","6","3417838"
"chr14","101057663","101057945","chr14","49141865","49142146","45","51915798"
"chr14","101241967","101242266","chr14","104661422","104661720","7","3419455"
"chr14","101317672","101317977","chr14","104736235","104736538","5","3418563"
"chr14","101321243","101321548","chr14","104739440","104739741","10","3418197"
"chr14","101417838","101418138","chr14","104835712","104836015","7","3417874"
"chr14","101435482","101435771","chr14","104853996","104854285","5","3418514"
"chr14","101453558","101453838","chr14","104871710","104872000","17","3418152"
"chr14","101456514","101456807","chr14","104874748","104875041","5","3418234"
"chr14","101503751","101504047","chr14","104922275","104922571","2","3418524"
"chr14","101515318","101515618","chr14","104933014","104933313","3","3417696"
"chr14","101555150","101555441","chr14","104971985","104972277","9","3416835"
"chr14","101576030","101576338","chr3","102532188","102532489","41","956158"
"chr14","101590946","101591239","chr14","105006013","105006306","6","3415067"
"chr14","101707672","101707963","chr2","169647817","169648105","31","67940145"
"chr14","101821430","101821698","chr14","105227816","105228084","4","3406386"
"chr14","102225122","102225381","chr14","105643831","105644090","4","3418709"
"chr14","102419145","102419454","chr14","105836981","105837260","34","3417836"
"chr14","102549982","102550254","chr14","105963199","105963471","8","3413217"
"chr14","102616274","102616577","chr1","220687757","220688063","41","118071483"
"chr14","102652484","102652779","chrX","23669086","23669381","35","78983398"
"chr14","102829298","102829581","chr14","106241561","106241844","5","3412263"
"chr14","102871945","102872244","chr14","106284674","106284973","7","3412729"
"chr14","103136801","103137092","chr14","106550777","106551068","14","3413976"
"chr14","103205537","103205832","chr14","106622056","106622352","4","3416519"
"chr14","103274650","103274943","chr14","106691498","106691791","3","3416848"
"chr14","103292409","103292716","chr14","106706573","106706880","1","3414164"
"chr14","103307432","103307674","chr14","106721359","106721601","3","3413927"
"chr14","103317030","103317332","chr15","64867704","64868011","39","38449326"
"chr14","103333899","103334189","chr14","106747707","106747997","7","3413808"
"chr14","103338357","103338629","chr12","97241805","97242073","40","6096552"
"chr14","103342907","103343205","chr14","106762782","106763070","17","3419875"
"chr14","103345819","103346113","chr14","106765669","106765964","3","3419850"
"chr14","103347203","103347500","chr14","106767055","106767351","5","3419852"
"chr14","103374129","103374438","chr14","106794149","106794452","16","3420020"
"chr14","103412245","103412556","chr14","106838138","106838429","32","3425893"
"chr14","103436226","103436526","chr14","106862586","106862894","17","3426360"
"chr14","103477578","103477875","chr14","106903686","106903983","3","3426108"
"chr14","103731983","103732267","chr14","107158340","107158620","10","3426357"
"chr14","103887471","103887767","chr14","107314660","107314962","14","3427189"
"chr14","103925955","103926244","chr14","107353417","107353706","9","3427462"
"chr14","104112410","104112671","chr11","32973137","32973398","34","71139273"
"chr14","104193364","104193664","chr14","107621142","107621438","7","3427778"
"chr14","104217180","104217466","chr8","54000145","54000427","46","50217035"
"chr14","104444639","104444936","chr14","107873338","107873643","11","3428699"
"chr14","104732696","104732995","chr14","108201413","108201712","4","3468717"
"chr14","104791238","104791538","chr14","108259890","108260188","10","3468652"
"chr14","104911434","104911652","chr14","108381739","108381964","17","3470305"
"chr14","105230657","105230943","chr19","8681780","8682068","35","96548877"
"chr14","105762314","105762617","chr14","109235420","109235723","3","3473106"
"chr14","105807392","105807679","chr14","109280041","109280289","40","3472649"
"chr14","105839606","105839902","chr14","109314306","109314614","23","3474700"
"chr14","105914441","105914699","chr14","109389705","109389993","37","3475264"
"chr14","105949344","105949660","chr14","109424498","109424802","29","3475154"
"chr14","106032978","106033284","chr14","109509851","109510159","8","3476873"
"chr14","106098202","106098499","chr14","109572992","109573286","4","3474790"
"chr14","106160499","106160792","chr14","109634425","109634718","5","3473926"
"chr14","106278526","106278835","chr1","97443874","97444180","41","8834652"
"chr14","106287586","106287884","chr13","61957704","61958000","28","44329882"
"chr14","106293176","106293474","chr13","65644208","65644504","38","40648968"
"chr14","106405021","106405308","chr14","109879840","109880129","3","3474819"
"chr14","106407207","106407506","chr14","109882039","109882336","10","3474832"
"chr14","106412551","106412845","chr14","109887045","109887349","18","3474494"
"chr14","106441609","106441911","chr14","109915604","109915906","5","3473995"
"chr14","106486825","106487137","chr20","578611","578919","42","105908214"
"chr14","106620902","106621142","chr14","110102076","110102316","4","3481174"
"chr14","106646997","106647295","chr14","110128341","110128637","5","3481344"
"chr14","106700247","106700556","chr14","110182599","110182904","6","3482352"
"chr14","106702881","106703162","chr14","110185199","110185478","8","3482318"
"chr14","106706522","106706810","chr14","110188826","110189115","4","3482304"
"chr14","106760685","106760992","chr14","110242048","110242355","7","3481363"
"chr14","106996135","106996431","chr4","14740334","14740625","34","92255801"
"chr14","107014146","107014388","chr14","110511609","110511851","5","3497463"
"chr14","107161618","107161916","chr14","110659257","110659566","18","3497639"
"chr14","107524966","107525257","chr14","111021639","111021931","6","3496673"
"chr14","107653051","107653223","chr14","111154537","111154709","3","3501486"
"chr14","107675390","107675684","chr14","111178844","111179143","9","3503454"
"chr14","107721848","107722146","chr14","111225181","111225477","5","3503333"
"chr14","107744710","107744975","chr13","19938955","19939219","34","87805755"
"chr14","107759209","107759512","chr14","111265014","111265316","4","3505805"
"chr14","107789683","107789985","chr1","93720553","93720849","38","14069130"
"chr14","107859905","107860194","chr14","111365333","111365622","5","3505428"
"chr14","107915604","107915915","chr14","111422101","111422412","4","3506497"
"chr14","108019131","108019431","chrX","3175793","3176096","50","104843338"
"chr14","108037876","108038171","chr1","22364781","22365075","39","85673095"
"chr14","108065226","108065527","chr3","155129513","155129811","32","47064287"
"chr14","108069953","108070261","chr14","111583912","111584205","35","3513959"
"chr14","108077877","108078173","chr14","111593209","111593495","18","3515332"
"chr14","108093654","108093954","chr14","111608077","111608377","3","3514423"
"chr14","108094372","108094645","chr14","111608791","111609064","3","3514419"
"chr14","108101065","108101344","chr14","111614829","111615108","6","3513764"
"chr14","108119368","108119667","chr14","111632925","111633225","4","3513557"
"chr14","108121498","108121788","chr14","111635048","111635338","30","3513550"
"chr14","108150257","108150548","chr8","97191114","97191404","41","10959143"
"chr14","108152346","108152645","chr15","9413135","9413430","36","98739211"
"chr14","108165900","108166206","chr14","111679730","111680027","15","3513830"
"chr14","108176786","108177067","chr14","111692219","111692499","4","3515433"
"chr14","108263385","108263668","chr14","111781074","111781360","5","3517689"
"chr14","108308658","108308918","chr14","111829692","111829952","6","3521034"
"chr14","108309438","108309745","chr14","111830788","111831090","9","3521350"
"chr14","108339304","108339603","chr14","111863996","111864295","6","3524692"
"chr14","108344002","108344263","chr14","111868662","111868924","6","3524660"
"chr14","108364552","108364850","chr5","173476764","173477062","29","65112212"
"chr14","108366757","108367034","chr13","87151541","87151819","31","21215216"
"chr14","108374031","108374334","chr14","111894253","111894562","20","3520222"
"chr14","108424349","108424613","chr14","111943311","111943585","15","3518962"
"chr14","108468775","108469073","chr14","111987053","111987346","10","3518278"
"chr14","108496239","108496533","chr14","112015271","112015566","5","3519032"
"chr14","108556105","108556413","chr14","112074212","112074537","21","3518107"
"chr14","108563022","108563316","chr6","33238170","33238464","43","75324852"
"chr14","108790533","108790829","chr14","112307310","112307606","4","3516777"
"chr14","108878403","108878692","chr14","112387457","112387732","18","3509054"
"chr14","108928558","108928869","chr14","112435858","112436170","10","3507300"
"chr14","109092503","109092776","chr7","43344004","43344282","48","65748499"
"chr14","109289595","109289892","chr14","112805686","112805983","7","3516091"
"chr14","109543702","109543999","chr14","113060182","113060479","4","3516480"
"chr14","109607522","109607824","chr14","113122491","113122766","31","3514969"
"chr14","109666198","109666502","chr14","113180464","113180767","4","3514266"
"chr14","109678448","109678748","chr3","43150637","43150941","38","66527811"
"chr14","109712217","109712523","chr14","113226651","113226952","20","3514434"
"chr14","109977409","109977706","chr14","113494262","113494555","10","3516853"
"chr14","110020840","110021144","chr14","113537428","113537734","7","3516588"
"chr14","110044221","110044526","chr14","113560339","113560646","12","3516118"
"chr14","110099084","110099368","chr14","113615423","113615707","4","3516339"
"chr14","110170209","110170516","chr14","113685589","113685896","7","3515380"
"chr14","110282573","110282864","chr14","113800802","113801101","16","3518229"
"chr14","110289675","110289984","chr14","113809076","113809369","18","3519401"
"chr14","110326708","110327010","chr14","113846207","113846512","9","3519499"
"chr14","110352331","110352626","chr14","113872907","113873200","9","3520576"
"chr14","110521044","110521296","chr16","8487212","8487465","26","102033832"
"chr14","110575286","110575583","chr14","114123922","114124221","12","3548636"
"chr14","110715588","110715862","chr14","114263263","114263541","10","3547675"
"chr14","110738943","110739174","chr14","37429980","37430218","42","73308963"
"chr14","110743628","110743910","chr14","114288569","114288850","2","3544941"
"chr14","111210188","111210474","chr13","94789799","94790086","31","16420389"
"chr14","111224901","111225205","chr14","114775145","114775443","7","3550244"
"chr14","111313662","111313981","chr14","114863404","114863711","22","3549742"
"chr14","111425366","111425658","chr14","114973549","114973841","19","3548183"
"chr14","111453480","111453723","chr14","115001725","115001968","4","3548245"
"chr14","111502263","111502559","chr14","115050706","115051011","15","3548443"
"chr14","111606378","111606687","chr14","115155042","115155351","2","3548664"
"chr14","111652370","111652680","chr14","115201085","115201387","28","3548715"
"chr14","111744281","111744528","chr14","115292775","115293022","3","3548494"
"chr14","111792281","111792576","chr2","149190520","149190816","30","37398239"
"chr14","111918582","111918868","chr14","115467438","115467724","11","3548856"
"chr14","111919310","111919605","chr14","115468161","115468471","17","3548851"
"chr14","111944718","111945010","chr14","115493193","115493486","7","3548475"
"chr14","112038501","112038801","chr14","115587185","115587461","37","3548684"
"chr14","112116782","112117092","chr14","115663741","115664042","13","3546959"
"chr14","112136574","112136752","chr14","115684195","115684385","18","3547621"
"chr14","112159330","112159638","chr14","115707800","115708108","13","3548470"
"chr14","112237156","112237464","chr14","115784371","115784680","6","3547215"
"chr14","112248691","112248983","chr16","17448698","17448989","31","94799993"
"chr14","112256906","112257207","chr14","115839392","115839686","16","3582486"
"chr14","112266998","112267309","chr14","115849888","115850190","14","3582890"
"chr14","112271935","112272235","chr14","115855149","115855447","4","3583214"
"chr14","112278877","112279178","chr14","115862744","115863052","18","3583867"
"chr14","112320175","112320454","chr14","115902573","115902876","34","3582398"
"chr14","112332579","112332869","chr14","115916653","115916946","10","3584074"
"chr14","112344871","112345169","chr14","115928847","115929141","6","3583976"
"chr14","112360141","112360432","chr14","115945214","115945515","25","3585073"
"chr14","112456139","112456432","chr14","116041818","116042101","20","3585679"
"chr14","112535647","112535888","chr14","116123021","116123263","5","3587374"
"chr14","112566017","112566316","chr14","116154785","116155068","19","3588768"
"chr14","112659472","112659782","chr1","188065073","188065376","39","75405601"
"chr14","112670019","112670315","chr14","116260675","116260971","1","3590656"
"chr14","112689443","112689730","chr14","116279465","116279751","5","3590022"
"chr14","112810521","112810793","chr14","116399243","116399514","8","3588722"
"chr14","113116495","113116779","chr14","116708551","116708860","32","3592056"
"chr14","113157287","113157476","chr14","116791053","116791242","10","3633766"
"chr14","113227946","113228240","chr14","116864338","116864633","10","3636392"
"chr14","113367579","113367866","chr14","117010025","117010311","6","3642446"
"chr14","113521748","113522040","chr1","8038697","8038989","35","105483051"
"chr14","113630646","113630945","chr14","117328964","117329265","7","3698318"
"chr14","113858675","113858970","chr14","117556545","117556839","12","3697870"
"chr14","113944682","113944976","chr10","13855681","13855975","36","100089001"
"chr14","114009564","114009853","chr2","89394469","89394757","47","24615095"
"chr14","114026446","114026733","chr14","117727655","117727939","7","3701209"
"chr14","114279138","114279440","chr14","117983828","117984127","8","3704690"
"chr14","114347684","114347980","chr14","118051548","118051852","13","3703864"
"chr14","114474838","114475146","chr14","118179653","118179962","1","3704815"
"chr14","114493880","114494175","chr14","118198042","118198349","19","3704162"
"chr14","114497785","114498092","chr14","118201975","118202284","13","3704190"
"chr14","114513566","114513860","chr2","93185519","93185812","26","21328047"
"chr14","114527404","114527691","chr14","118231189","118231477","3","3703785"
"chr14","114571444","114571755","chr2","106097200","106097504","47","8474244"
"chr14","114576724","114577009","chr14","118279183","118279495","33","3702459"
"chr14","114597143","114597421","chr14","118300327","118300605","3","3703184"
"chr14","114609041","114609347","chr14","118312465","118312772","10","3703424"
"chr14","114613053","114613345","chr14","118316307","118316599","3","3703254"
"chr14","114635180","114635466","chr14","118339067","118339363","25","3703887"
"chr14","114684437","114684737","chr3","41339794","41340095","35","73344643"
"chr14","114688696","114688986","chr14","118393426","118393717","11","3704730"
"chr14","114723531","114723818","chr14","118428466","118428755","7","3704935"
"chr14","114942052","114942347","chr14","118750743","118751038","7","3808691"
"chr14","114955768","114956004","chr14","118764358","118764596","12","3808590"
"chr14","114987143","114987446","chr14","118795879","118796163","24","3808736"
"chr14","115057461","115057763","chr14","118865474","118865781","10","3808013"
"chr14","115082244","115082553","chr14","118889884","118890189","9","3807640"
"chr14","115138319","115138615","chr14","118946279","118946577","6","3807960"
"chr14","115303327","115303473","chrX","113551393","113551539","19","1751934"
"chr14","115305498","115305804","chr14","119115888","119116191","6","3810390"
"chr14","115310024","115310314","chr14","119120749","119121040","7","3810725"
"chr14","115385700","115386004","chr14","119198374","119198674","10","3812674"
"chr14","115394321","115394614","chr14","119206977","119207270","8","3812656"
"chr14","115446822","115447131","chr14","119259035","119259345","6","3812213"
"chr14","115458757","115459068","chr4","151149695","151150004","36","35690938"
"chr14","115771296","115771600","chr14","119584501","119584805","2","3813205"
"chr14","115913880","115914109","chr14","119726861","119727087","8","3812981"
"chr14","116077870","116078165","chr14","119896718","119897019","12","3818848"
"chr14","116125818","116126130","chr14","119945313","119945622","15","3819495"
"chr14","116419057","116419359","chr14","120235969","120236265","11","3816912"
"chr14","116443482","116443786","chr14","120259905","120260210","4","3816423"
"chr14","116526666","116526965","chr14","120342907","120343209","7","3816241"
"chr14","116588706","116589000","chr14","120405187","120405481","5","3816481"
"chr14","116630189","116630499","chr14","120446025","120446335","1","3815836"
"chr14","116641608","116641882","chr14","120456339","120456615","4","3814731"
"chr14","117004982","117005288","chr14","120817174","120817507","35","3812192"
"chr14","117053013","117053223","chr1","11340295","11340506","30","105712718"
"chr14","117241147","117241436","chrX","48899742","48900032","37","68341405"
"chr14","117292437","117292747","chr8","22420232","22420540","36","94872205"
"chr14","117531072","117531373","chr14","121346941","121347242","5","3815869"
"chr14","117728124","117728423","chr14","121545050","121545345","7","3816926"
"chr14","117980544","117980837","chr14","121809574","121809867","7","3829030"
"chr14","117990754","117991058","chr14","121819747","121820049","3","3828993"
"chr14","118001383","118001685","chr14","121830376","121830675","7","3828993"
"chr14","118022798","118023092","chr14","121851522","121851816","3","3828724"
"chr14","118263216","118263512","chr14","122086857","122087161","10","3823641"
"chr14","118321090","118321423","chr14","122148919","122149224","37","3827829"
"chr14","118334605","118334914","chr14","122162543","122162852","8","3827938"
"chr14","118372725","118373020","chr2","171679592","171679886","42","53306867"
"chr14","118606992","118607294","chr14","122428146","122428445","6","3821154"
"chr14","118625204","118625497","chr11","54809179","54809477","36","63816025"
"chr14","118713627","118713896","chr14","122539771","122540026","21","3826144"
"chr14","118807790","118808079","chr14","122634844","122635132","27","3827054"
"chr14","118867573","118867867","chr14","122695522","122695828","18","3827949"
"chr14","118918128","118918425","chr14","122747543","122747840","2","3829415"
"chr14","118929258","118929529","chr14","122758906","122759193","30","3829648"
"chr14","118941813","118942151","chr8","6478981","6479321","41","112462832"
"chr14","118963157","118963411","chr1","41585230","41585484","48","77377927"
"chr14","119082479","119082783","chr14","122910445","122910747","16","3827966"
"chr14","119095176","119095487","chr14","122922807","122923112","23","3827631"
"chr14","119175678","119175966","chr14","122992261","122992557","13","3816583"
"chr14","119184451","119184753","chr14","123001337","123001642","8","3816886"
"chr14","119204237","119204541","chr4","141409420","141409721","33","22205183"
"chr14","119654595","119654893","chr14","123521274","123521573","4","3866679"
"chr14","120214515","120214804","chr14","124065882","124066183","22","3851367"
"chr14","120214806","120214838","chr3","175615789","175615825","10","55400983"
"chr14","120440216","120440518","chr9","4990250","4990553","31","115449966"
"chr14","120606261","120606540","chr14","124457754","124458033","3","3851493"
"chr14","120817154","120817417","chr14","124668318","124668582","4","3851164"
"chr14","121125523","121125811","chr11","125254181","125254467","28","4128658"
"chr14","121563326","121563645","chr14","125413434","125413749","17","3850108"
"chr14","121700771","121701045","chr14","125549035","125549309","6","3848264"
"chr14","121761025","121761313","chr14","106747707","106747997","48","15013318"
"chr14","121816199","121816495","chr14","125700776","125701065","11","3884577"
"chr14","121962146","121962448","chr1","42771177","42771482","38","79190969"
"chr14","122014055","122014334","chr14","125914309","125914590","8","3900254"
"chr14","122118100","122118394","chr14","126017362","126017666","23","3899262"
"chr14","122389170","122389474","chr14","126363673","126363976","3","3974503"
"chr14","122910706","122911007","chr3","2907703","2908000","38","120003003"
"chr14","123187504","123187768","chr14","127341178","127341442","11","4153674"
"chr14","123206866","123207153","chr14","127360294","127360587","17","4153428"
"chr14","123307643","123307935","chr14","127461089","127461380","8","4153446"
"chr14","123528339","123528631","chr16","62065069","62065362","36","61463270"
"chr14","123671151","123671420","chr1","126081968","126082237","38","2410817"
"chr15","83099463","83099774","chrX","1277013","1277319","32","81822450"
"chr15","13070","13377","chr8","66569","66878","12","53499"
"chr15","14189","14484","chr8","65450","65745","9","51261"
"chr15","321497","321782","chr15","321087","321387","27","410"
"chr15","360099","360395","chr3","14188026","14188333","49","13827927"
"chr15","415605","415900","chr15","411442","411734","6","4163"
"chr15","515240","515519","chr4","30749508","30749793","41","30234268"
"chr15","530347","530651","chr15","530624","530933","15","277"
"chr15","531498","531794","chr15","531774","532073","12","276"
"chr15","542244","542547","chr6","136180028","136180329","50","135637784"
"chr15","578967","579269","chr2","172575144","172575443","38","171996177"
"chr15","628557","628861","chr3","126595630","126595934","31","125967073"
"chr15","657116","657409","chr15","665864","666158","2","8748"
"chr15","667610","667910","chr15","677354","677658","11","9744"
"chr15","670727","671035","chr15","680773","681081","2","10046"
"chr15","682798","683111","chr1","12281473","12281782","35","11598675"
"chr15","711050","711360","chr6","147267123","147267432","43","146556073"
"chr15","724493","724769","chr15","782182","782445","22","57689"
"chr15","736209","736514","chr15","794197","794499","11","57988"
"chr15","782672","782960","chr6","78781426","78781713","39","77998754"
"chr15","808025","808321","chr15","867854","868150","2","59829"
"chr15","869405","869707","chr15","931938","932241","9","62533"
"chr15","873379","873675","chr5","56701456","56701750","38","55828077"
"chr15","919240","919518","chr16","15948415","15948664","61","15029175"
"chr15","961655","961952","chr19","3442331","3442626","36","2480676"
"chr15","1009337","1009633","chr15","1075136","1075436","10","65799"
"chr15","1010052","1010349","chr15","1075861","1076162","11","65809"
"chr15","1113809","1114116","chr15","1182987","1183292","10","69178"
"chr15","1127250","1127551","chr15","1200366","1200660","17","73116"
"chr15","1152953","1153254","chr15","1224692","1224992","4","71739"
"chr15","1301899","1302174","chr15","1361777","1362072","24","59878"
"chr15","1354382","1354677","chrX","18590442","18590737","44","17236060"
"chr15","1412035","1412330","chr15","1470013","1470309","4","57978"
"chr15","1535216","1535517","chr5","106825103","106825402","30","105289887"
"chr15","1568357","1568645","chr15","1631770","1632058","7","63413"
"chr15","1765027","1765330","chr15","1836036","1836339","4","71009"
"chr15","1831217","1831499","chr15","1903692","1903977","10","72475"
"chr15","1875600","1875892","chr15","1951661","1951954","10","76061"
"chr15","1977496","1977805","chr10","30742711","30743020","37","28765215"
"chr15","2077945","2078245","chr9","97514223","97514531","39","95436278"
"chr15","2195930","2196233","chr15","2287410","2287711","16","91480"
"chr15","2291314","2291581","chr4","22090341","22090606","39","19799027"
"chr15","2294430","2294735","chr15","2385223","2385530","14","90793"
"chr15","2340851","2341158","chr15","2429036","2429343","6","88185"
"chr15","2341173","2341478","chr15","2429358","2429663","2","88185"
"chr15","2372508","2372810","chr13","43474471","43474778","46","41101963"
"chr15","2384654","2384958","chr15","2478517","2478819","11","93863"
"chr15","2472335","2472634","chr16","42689947","42690240","32","40217612"
"chr15","2630684","2630991","chr7","155089098","155089402","32","152458414"
"chr15","2795577","2795835","chr15","2882185","2882445","11","86608"
"chr15","2799128","2799421","chr15","2885896","2886189","4","86768"
"chr15","2813382","2813664","chr15","2901185","2901467","11","87803"
"chr15","3116094","3116397","chr15","3206368","3206669","9","90274"
"chr15","3125750","3126033","chr15","3217106","3217406","32","91356"
"chr15","3440072","3440371","chr15","3537553","3537851","9","97481"
"chr15","4112191","4112483","chr7","21521083","21521378","30","17408892"
"chr15","4125987","4126260","chr15","4262145","4262418","11","136158"
"chr15","4138991","4139293","chr15","4276982","4277275","18","137991"
"chr15","4144939","4145236","chr15","4282613","4282913","11","137674"
"chr15","4147063","4147333","chr15","4284883","4285153","9","137820"
"chr15","4197790","4198028","chr5","104609869","104610123","50","100412079"
"chr15","4199154","4199354","chr2","92898785","92898988","63","88699631"
"chr15","4226048","4226317","chr15","4364534","4364802","8","138486"
"chr15","4299797","4300098","chr15","4437472","4437772","12","137675"
"chr15","4475189","4475486","chr4","123382191","123382485","39","118907002"
"chr15","4477358","4477642","chr9","33796822","33797119","54","29319464"
"chr15","4549067","4549354","chr15","4687006","4687292","6","137939"
"chr15","4564838","4565156","chr15","4703852","4704174","13","139014"
"chr15","4666642","4666948","chr15","4808101","4808383","29","141459"
"chr15","4709090","4709384","chr15","4851783","4852078","10","142693"
"chr15","4738367","4738656","chr15","4881093","4881380","8","142726"
"chr15","4771406","4771707","chr15","4914734","4915036","13","143328"
"chr15","4819764","4820053","chr15","4963888","4964192","29","144124"
"chr15","4866920","4867219","chr15","5017986","5018285","6","151066"
"chr15","4897159","4897464","chr15","5047828","5048133","7","150669"
"chr15","5045318","5045625","chr13","43474471","43474778","30","38429153"
"chr15","5211896","5212211","chr1","12281473","12281782","37","7069577"
"chr15","5243636","5243769","chr15","5780133","5780266","0","536497"
"chr15","5253642","5253851","chr6","2546701","2546908","24","2706941"
"chr15","5376186","5376481","chr15","5912101","5912391","18","535915"
"chr15","5483828","5484128","chr5","84621454","84621751","35","79137626"
"chr15","5503052","5503349","chr3","161815476","161815753","53","156312424"
"chr15","5519909","5520217","chr15","6037710","6038015","4","517801"
"chr15","5593253","5593552","chr11","43652889","43653184","34","38059636"
"chr15","5596307","5596489","chr19","32370449","32370635","21","26774142"
"chr15","5617940","5618234","chr15","6149644","6149936","8","531704"
"chr15","5670674","5670973","chr15","6203072","6203371","4","532398"
"chr15","5709278","5709549","chr4","158887930","158888209","35","153178652"
"chr15","5711348","5711649","chr9","106774244","106774550","35","101062896"
"chr15","5855551","5855704","chr16","70283817","70283965","18","64428266"
"chr15","5858165","5858472","chr15","6392445","6392750","14","534280"
"chr15","6031354","6031622","chr11","4511234","4511499","35","1520120"
"chr15","6063413","6063702","chr15","6597401","6597693","4","533988"
"chr15","6070545","6070832","chr15","6604845","6605132","2","534300"
"chr15","6085661","6085910","chr7","22445420","22445678","48","16359759"
"chr15","6511546","6511826","chr15","7063759","7064039","7","552213"
"chr15","6512625","6512918","chr15","7064847","7065139","4","552222"
"chr15","6519376","6519679","chr15","7071699","7072002","6","552323"
"chr15","6522065","6522359","chr15","7076313","7076607","8","554248"
"chr15","6545273","6545582","chr15","7098848","7099149","13","553575"
"chr15","6556965","6557274","chrX","46828370","46828679","38","40271405"
"chr15","6582031","6582332","chr1","197754806","197755105","41","191172775"
"chr15","6583316","6583610","chr15","7137180","7137475","3","553864"
"chr15","6728634","6728939","chr15","7344495","7344800","7","615861"
"chr15","6815278","6815578","chr15","7471249","7471531","21","655971"
"chr15","6826218","6826509","chr15","7482864","7483172","26","656646"
"chr15","6889494","6889800","chr8","21971834","21972135","35","15082340"
"chr15","6922844","6923139","chr15","7580019","7580312","8","657175"
"chr15","6985332","6985628","chr15","7689482","7689778","2","704150"
"chr15","7043352","7043492","chr15","7752689","7752829","7","709337"
"chr15","7046541","7046847","chrX","128903017","128903324","37","121856476"
"chr15","7132533","7132759","chr15","7839153","7839379","4","706620"
"chr15","7140090","7140279","chr19","32370449","32370635","26","25230359"
"chr15","7149018","7149309","chr15","7855904","7856203","15","706886"
"chr15","7163950","7164252","chr15","7872484","7872791","8","708534"
"chr15","7267512","7267806","chr15","7976942","7977241","10","709430"
"chr15","7273527","7273833","chr15","7983290","7983592","20","709763"
"chr15","7284301","7284610","chr15","7993546","7993855","8","709245"
"chr15","7358909","7359205","chr15","8068678","8068973","7","709769"
"chr15","7369877","7370109","chr15","8079510","8079742","3","709633"
"chr15","7395780","7396100","chr2","109238476","109238782","45","101842696"
"chr15","7399819","7399879","chr7","167661604","167661662","17","160261785"
"chr15","7400249","7400504","chr15","8111032","8111287","14","710783"
"chr15","7452102","7452402","chr15","8165373","8165673","10","713271"
"chr15","7455576","7455871","chr15","8168877","8169155","25","713301"
"chr15","7668051","7668382","chr15","8380549","8380869","22","712498"
"chr15","7690031","7690320","chr9","4393321","4393608","34","3296710"
"chr15","7693720","7694031","chr15","8405841","8406150","15","712121"
"chr15","7743806","7744096","chr15","8457109","8457401","5","713303"
"chr15","7747171","7747476","chr15","8460186","8460488","16","713015"
"chr15","7805462","7805746","chr15","8520143","8520415","32","714681"
"chr15","7883867","7884143","chr15","8602958","8603240","12","719091"
"chr15","7924854","7925159","chr2","88007562","88007859","36","80082708"
"chr15","7934384","7934692","chr15","8656277","8656583","16","721893"
"chr15","7973811","7974091","chr15","8697978","8698258","4","724167"
"chr15","7989596","7989890","chr11","34016163","34016458","30","26026567"
"chr15","7994530","7994818","chr15","8719900","8720176","19","725370"
"chr15","7996173","7996475","chr15","8721531","8721811","28","725358"
"chr15","8000536","8000828","chr15","8725389","8725683","11","724853"
"chr15","8019248","8019550","chr15","8744066","8744368","1","724818"
"chr15","8041307","8041600","chr16","70355292","70355584","28","62313985"
"chr15","8057976","8058282","chr15","8784391","8784697","6","726415"
"chr15","8068524","8068830","chr11","69012863","69013170","37","60944339"
"chr15","8086543","8086858","chr3","2362975","2363283","37","5723568"
"chr15","8117221","8117526","chr1","42504625","42504934","42","34387404"
"chr15","8135050","8135352","chr15","8856756","8857053","19","721706"
"chr15","8184310","8184573","chr15","8906713","8906976","12","722403"
"chr15","8225438","8225735","chr15","8947842","8948142","6","722404"
"chr15","8305882","8306177","chr19","1505452","1505761","57","6800430"
"chr15","8409319","8409615","chr15","9134489","9134785","4","725170"
"chr15","8437946","8438080","chr1","753877","754012","14","7684069"
"chr15","8459738","8460046","chr10","25814298","25814606","37","17354560"
"chr15","8490939","8491231","chr15","9213824","9214099","28","722885"
"chr15","8555969","8556277","chr15","9279469","9279776","8","723500"
"chr15","8572339","8572637","chr15","9295659","9295956","4","723320"
"chr15","8634823","8634956","chr1","166695199","166695327","17","158060376"
"chr15","8646884","8647146","chr11","78426200","78426463","39","69779316"
"chr15","8679728","8680028","chr15","9446951","9447259","13","767223"
"chr15","8790383","8790679","chr15","9602960","9603256","6","812577"
"chr15","8886610","8886901","chr15","9698075","9698366","4","811465"
"chr15","8905055","8905358","chr15","9715642","9715944","3","810587"
"chr15","8912588","8912867","chr19","1659276","1659556","39","7253312"
"chr15","8918334","8918623","chr15","9729642","9729931","6","811308"
"chr15","8974255","8974568","chr15","9779540","9779852","7","805285"
"chr15","8998584","8998897","chr15","9804672","9804979","11","806088"
"chr15","8999857","8999988","chr4","26917065","26917202","28","17917208"
"chr15","9012838","9013117","chr15","9820500","9820778","5","807662"
"chr15","9025708","9025993","chr15","9833391","9833644","35","807683"
"chr15","9063891","9064192","chr15","9872171","9872464","15","808280"
"chr15","9099569","9099872","chr16","61253797","61254104","38","52154228"
"chr15","9116585","9116886","chr4","28719545","28719847","42","19602960"
"chr15","9119789","9120098","chr15","9928843","9929140","18","809054"
"chr15","9136122","9136420","chr15","9944838","9945138","16","808716"
"chr15","9228043","9228298","chr15","10030929","10031182","9","802886"
"chr15","9265377","9265681","chr15","10066372","10066678","7","800995"
"chr15","9304867","9305165","chr19","43505025","43505327","36","34200158"
"chr15","9340358","9340675","chr15","10147916","10148233","6","807558"
"chr15","9344994","9345292","chr16","45131388","45131684","34","35786394"
"chr15","9375385","9375653","chr2","201355918","201356192","37","191980533"
"chr15","9376338","9376597","chr15","10184463","10184722","3","808125"
"chr15","9383202","9383337","chr8","68199689","68199805","44","58816487"
"chr15","9385941","9386229","chr16","26427792","26428079","29","17041851"
"chr15","9388324","9388623","chr15","10196213","10196517","26","807889"
"chr15","9395737","9396021","chr15","10204514","10204797","7","808777"
"chr15","9441981","9442272","chr15","10251770","10252048","22","809789"
"chr15","9456962","9457258","chr15","10265766","10266068","11","808804"
"chr15","9476998","9477262","chr15","10285342","10285606","2","808344"
"chr15","9477264","9477577","chr15","10285612","10285913","19","808348"
"chr15","9488620","9488872","chr1","64050672","64050925","38","54562052"
"chr15","9507495","9507789","chr15","10317681","10317982","18","810186"
"chr15","9524362","9524660","chr15","10337122","10337421","9","812760"
"chr15","9531939","9532233","chr15","10345450","10345744","4","813511"
"chr15","9537531","9537751","chr15","10350467","10350684","6","812936"
"chr15","9581022","9581320","chr15","10391573","10391873","6","810551"
"chr15","9607054","9607355","chr15","10417800","10418101","7","810746"
"chr15","9623863","9624097","chr15","10434713","10434945","7","810850"
"chr15","9720146","9720436","chr15","10531204","10531493","3","811058"
"chr15","9727566","9727867","chr15","10539703","10540004","5","812137"
"chr15","9763283","9763589","chr15","10579688","10579990","14","816405"
"chr15","9776430","9776728","chr20","52018548","52018845","39","42242118"
"chr15","9779700","9779988","chr3","161108263","161108548","34","151328563"
"chr15","9781909","9782210","chr15","10597978","10598278","12","816069"
"chr15","9783293","9783580","chr17","28303429","28303717","33","18520136"
"chr15","9809190","9809476","chr15","10624743","10625029","7","815553"
"chr15","9818628","9818923","chr15","10633556","10633852","3","814928"
"chr15","9921725","9922021","chr15","14248809","14249105","3","4327084"
"chr15","9970179","9970464","chr16","21262687","21262970","43","11292508"
"chr15","9970885","9971188","chr15","14297817","14298120","3","4326932"
"chr15","9977441","9977675","chr6","164086542","164086774","34","154109101"
"chr15","10027105","10027398","chr15","14353372","14353663","10","4326267"
"chr15","10036454","10036750","chr15","14363011","14363311","11","4326557"
"chr15","10085083","10085382","chr16","55148673","55148968","36","45063590"
"chr15","10128143","10128445","chr15","14455252","14455554","3","4327109"
"chr15","10156421","10156739","chr15","14491060","14491364","37","4334639"
"chr15","10176690","10176983","chr15","14511288","14511582","11","4334598"
"chr15","10316432","10316659","chr15","10599361","10599587","33","282929"
"chr15","10394160","10394455","chr13","65644208","65644504","34","55250048"
"chr15","10489838","10490146","chr15","14828545","14828847","8","4338707"
"chr15","10511579","10511860","chr15","14850092","14850379","11","4338513"
"chr15","10581236","10581526","chr15","14920424","14920709","16","4339188"
"chr15","10631736","10632009","chr15","14972591","14972864","11","4340855"
"chr15","10638919","10639203","chr15","14979777","14980057","10","4340858"
"chr15","10763260","10763551","chr11","83904447","83904738","36","73141187"
"chr15","10845781","10846083","chr15","15185300","15185606","6","4339519"
"chr15","11346786","11347086","chr15","15686385","15686680","17","4339599"
"chr15","11469699","11470025","chr15","15853385","15853696","19","4383686"
"chr15","11613969","11614267","chr15","15992493","15992796","6","4378524"
"chr15","11688926","11689215","chr15","16067800","16068091","7","4378874"
"chr15","11712741","11712906","chr15","16092887","16093052","2","4380146"
"chr15","11716504","11716774","chr15","110218827","110219091","53","98502323"
"chr15","11778189","11778478","chr15","16157019","16157311","5","4378830"
"chr15","11783133","11783418","chr15","16161350","16161635","5","4378217"
"chr15","11794914","11795222","chr15","16173291","16173594","8","4378377"
"chr15","11816334","11816619","chr15","16194557","16194826","23","4378223"
"chr15","11881083","11881256","chr8","140151076","140151263","48","128269993"
"chr15","12137707","12138014","chr15","16480426","16480733","1","4342719"
"chr15","12486245","12486535","chr15","16963443","16963738","12","4477198"
"chr15","12505021","12505309","chr15","16982234","16982522","4","4477213"
"chr15","12703588","12703883","chr15","17184242","17184537","1","4480654"
"chr15","12726831","12727139","chr15","17206872","17207181","9","4480041"
"chr15","12893970","12894247","chr15","17374402","17374679","3","4480432"
"chr15","12949086","12949381","chr15","17429743","17430041","7","4480657"
"chr15","13157910","13158224","chr15","17642559","17642868","17","4484649"
"chr15","13188125","13188420","chr15","17673153","17673448","4","4485028"
"chr15","13228227","13228538","chr15","17713034","17713345","17","4484807"
"chr15","13235243","13235521","chr18","13638223","13638503","39","402980"
"chr15","13265944","13266260","chr15","17749788","17750106","14","4483844"
"chr15","13279264","13279573","chr15","17765116","17765425","5","4485852"
"chr15","13283302","13283602","chr15","17769860","17770151","16","4486558"
"chr15","13348376","13348678","chr7","139919548","139919846","35","126571172"
"chr15","13397964","13398250","chr6","78781426","78781713","38","65383462"
"chr15","13552256","13552532","chr15","18037834","18038110","3","4485578"
"chr15","13617342","13617634","chr15","18103734","18104026","4","4486392"
"chr15","13632629","13632857","chr15","18119004","18119232","3","4486375"
"chr15","13668854","13668987","chr15","18155265","18155398","2","4486411"
"chr15","13698463","13698767","chr6","131732122","131732424","35","118033659"
"chr15","13777719","13778009","chr15","18265519","18265819","16","4487800"
"chr15","13799190","13799491","chr2","149190520","149190816","38","135391330"
"chr15","13899488","13899787","chr15","18385821","18386120","9","4486333"
"chr15","13903282","13903593","chr15","18389298","18389607","10","4486016"
"chr15","13941466","13941754","chr10","79155844","79156136","31","65214378"
"chr15","13942652","13942945","chr15","18433809","18434102","10","4491157"
"chr15","13954687","13954964","chr15","18447007","18447284","1","4492320"
"chr15","14035945","14036253","chr15","18531887","18532189","14","4495942"
"chr15","14119878","14120169","chr15","18613942","18614234","9","4494064"
"chr15","14159137","14159443","chr15","18651904","18652210","6","4492767"
"chr15","14182897","14183206","chr15","18676152","18676461","9","4493255"
"chr15","14189605","14189913","chr15","18682641","18682921","32","4493036"
"chr15","14424284","14424598","chr15","18926711","18927025","11","4502427"
"chr15","14480347","14480662","chr4","37791755","37792063","38","23311408"
"chr15","14980910","14981216","chr16","54767631","54767933","38","39786721"
"chr15","15225754","15226063","chr15","19791466","19791757","24","4565712"
"chr15","15348106","15348391","chr16","73619435","73619723","39","58271329"
"chr15","15366225","15366523","chr15","19930356","19930661","15","4564131"
"chr15","15416257","15416511","chr15","19980290","19980537","12","4564033"
"chr15","15426702","15426993","chr3","178720612","178720906","38","163293910"
"chr15","15519423","15519640","chr15","20083362","20083579","5","4563939"
"chr15","15761498","15761799","chr9","11882862","11883163","38","3878636"
"chr15","15889426","15889742","chr15","20489241","20489532","30","4599815"
"chr15","15943160","15943462","chr15","20541880","20542183","18","4598720"
"chr15","16280042","16280350","chr15","20864036","20864339","11","4583994"
"chr15","16400513","16400816","chr15","20984838","20985140","7","4584325"
"chr15","16419153","16419442","chr15","21008386","21008677","10","4589233"
"chr15","16560159","16560455","chr15","21142791","21143087","6","4582632"
"chr15","16582199","16582503","chr15","21164804","21165106","29","4582605"
"chr15","16619400","16619704","chr15","21207891","21208202","12","4588491"
"chr15","16693576","16693890","chr15","21274152","21274466","5","4580576"
"chr15","16875729","16876009","chr4","86248024","86248306","35","69372295"
"chr15","16933307","16933608","chr1","85224413","85224714","38","68291106"
"chr15","16937245","16937524","chr8","76413611","76413891","31","59476366"
"chr15","16987026","16987287","chr15","21479969","21480235","18","4492943"
"chr15","17269234","17269526","chr5","158590123","158590418","37","141320889"
"chr15","17483475","17483781","chr15","21980626","21980920","17","4497151"
"chr15","17668035","17668327","chr15","22165731","22166038","20","4497696"
"chr15","17849213","17849462","chr15","22345021","22345270","4","4495808"
"chr15","17904273","17904575","chr15","22400373","22400678","5","4496100"
"chr15","18061738","18062041","chr1","44957927","44958231","42","26896189"
"chr15","18072089","18072390","chr15","22561383","22561684","4","4489294"
"chr15","18116951","18117239","chr15","22604701","22604988","11","4487750"
"chr15","18208775","18209078","chr15","22696058","22696353","15","4487283"
"chr15","18259237","18259540","chr15","22751545","22751849","4","4492308"
"chr15","18274206","18274512","chr15","22786053","22786355","10","4511847"
"chr15","18611174","18611473","chr15","23124268","23124567","4","4513094"
"chr15","18628132","18628425","chr15","23141311","23141619","25","4513179"
"chr15","18631978","18632272","chr15","23145189","23145487","10","4513211"
"chr15","19010073","19010387","chr15","23521227","23521568","32","4511154"
"chr15","19492157","19492464","chr15","24002029","24002319","23","4509872"
"chr15","19582045","19582355","chr8","28311985","28312285","48","8729940"
"chr15","20155580","20155874","chr15","24775746","24776040","5","4620166"
"chr15","20163730","20164014","chr15","24784060","24784344","3","4620330"
"chr15","20194473","20194765","chr15","24815743","24816034","12","4621270"
"chr15","20197765","20198057","chr13","74754642","74754940","54","54556877"
"chr15","20202093","20202381","chr15","24823635","24823924","8","4621542"
"chr15","20203518","20203838","chr15","24825059","24825367","25","4621541"
"chr15","20220241","20220542","chr15","24841671","24841971","3","4621430"
"chr15","20225647","20225944","chr15","24847076","24847373","4","4621429"
"chr15","20227254","20227564","chr19","40866944","40867252","29","20639690"
"chr15","20407152","20407449","chr2","84641882","84642181","46","64234730"
"chr15","20434608","20434909","chr15","25055904","25056200","11","4621296"
"chr15","20440005","20440286","chr15","25061615","25061908","24","4621610"
"chr15","20519009","20519300","chr15","25147213","25147522","20","4628204"
"chr15","20548769","20549074","chr15","25177410","25177714","1","4628641"
"chr15","20671270","20671560","chr2","202663107","202663398","40","181991837"
"chr15","20680726","20681017","chr15","25309081","25309381","18","4628355"
"chr15","20870661","20871019","chr4","67424800","67425094","92","46554139"
"chr15","20906335","20906639","chr15","25535087","25535389","7","4628752"
"chr15","20930549","20930855","chr15","25559699","25560008","12","4629150"
"chr15","20951438","20951742","chr5","145496055","145496364","38","124544617"
"chr15","21244879","21245156","chr15","25874643","25874945","30","4629764"
"chr15","21327296","21327606","chr7","43414688","43414994","36","22087392"
"chr15","21388693","21388998","chr3","178720612","178720906","43","157331919"
"chr15","21393141","21393440","chr15","26022220","26022517","8","4629079"
"chr15","21394394","21394482","chr14","386361","386453","15","21008033"
"chr15","21395179","21395403","chr19","34427379","34427598","43","13032200"
"chr15","21431111","21431368","chr15","26061707","26061964","2","4630596"
"chr15","21460012","21460311","chr15","26089983","26090288","16","4629971"
"chr15","21462653","21462957","chr15","26092684","26092961","31","4630031"
"chr15","21465414","21465723","chr1","93910355","93910647","50","72444941"
                                                                                                                                                                                                                                                                                                                                                                                                                                                                                                                                                                                                                                                                                                                                                                                                                                                                                                                                                                                                                                                                                                                                                                                                                                                                                                                                                                                                                                                                                                                                                                                                                                                                                                                                                                                                                                                                                                                                                                                                                                                                                                                                                                                                                                                                                                                                                                                                                                                                                                                                                                                                                                                                                                                                                                                                                                                                                                                                                                                                                                                                                                                                                                                                                                                                                                                                                                                                                                                                                                                                                                                                                                                                                                                                                                                                                                                                                                                                                                                                                                                                                                                                                                                                                                                                                                                                                                                                                                                                                                                                                                                                                                                                                                                                                                                                                                                                                                                                                                                                                                                                                                                                                                                                                                                                                                                                                                                                                                                                                                                                                                                                                                                                                                                                                                                                                                                                                                                                                                                                                                                                                                                                                                                                                                                                                                                                                                                                                                                                                                                                                                                                                                                                                                                                                                                                                                                                                                                                                                                                                                                                                                                                                                                                                                                                                                                                                                                                                                                                                                                                                                                                                                                                                                                                                                                                                                                                                                  