"chr1","18349835","18350144","chr1","360065","360372","42","17989770","GGGCACAGTGGCTCACATCTGTAATGCCAGCACTTTATGAGGCCAAGGCAGGCAGATCACCTGAGGTCAGGATTTCGAGACCAGGCTGGTCAACATGGCAAAACCCCGTCTCTATTAAAAATACAAAATTAGCTGGGCATGGTGGCGTGCACCTGTAATCCCAGCTACTCAGGAGACTGAGGCAGGAGAATCGTTTGAACCAGGGAGGTGGAGGTTGCAGTGAGGCGAGATTGTGCCATTGCACTCCAGCCTGGGCAACAAGAGTGAAACTCTGTCTCAAAGCAAAACAAAACAAACAAACAAAAAGAAA","CCGGGCATGGTGGCTCACGCCTGTAATCCCAGCACTTTGGGAGGCTGAGGCGGGCAGATCACCTGAGGTCAGGAGTTTGAGACCAGCCTGGTCAACATGGTGAAACCCCGTCTCTACCAAAAATACAAAAATTAGCTGGGCATGATGGCATGCACCTGTAATCCCAGCTACTCAGGAGACTGAGATGGGAGAATCTCTTGAACCCGGGAGGCAGAGGTTGCAGTGAGCCGAGATCACGCCACTGCACTCCAGCCTGGGCAACAAGAGTGAAACTCTGTCTCAAAAAAAAAAAAAAAAAAAAAAAAAAA"
"chr1","37355340","37355627","chr1","34280240","34280527","3","3075100","GGCCAGGCATGGTGTCTCATGCCATAATTCCAGCACTTTGCGAGGCCCAGGCGGGCGGATCACCTGAGGTCAGGAGTTCAAGACCAGTCTGGCCAACATGATGAAACCCCATCTCTACTAAAAATACAAAAATTAGTTGGGCGTGGTGGTATGCGCCTGTCATCCCAGCTACTTGGGAAGCTGAGGCAGGAGAATCGCTTGAACCTGGGAGGCAGTGGTTGCAGTGAGCCGAGATCACACCACTGCACTCCAGCCTGGGCAACAAGAGCGAAACTGTCTCAAAAAAAA","GGCCAGGCATGGTGTCTCATGCCATAATTCCAGCACTTTGCGAGGCCCAGGCGGGCGGATCACCTGAGGTCAGGAGTTCAAGACCAGTCTGGCCAACATGATGAAACCCCATCTCTACTAAAAATACAAAAATTAGTTGGGCGTAGTGGTATGCGCCTGTCATCCAAGCTACTTGGGAAGCTGAGGCAGGAGAATCGCTTGAACCTGGGAGGCAGTGGTTGCAGTGAGCCGAGATCACACCACTGCACTCCAGCCTGGGCAACAAGAGTGAAACTGTCTCAAAAAAAA"
"chr1","122421089","122421401","chr9","70703032","70703345","47","51718057","GGCCGGGCGCGGTGGCTCACTCCTGTAATCCCAGCACTTTGAGAGGACCATGTGGGTGGATCATCTGAGGTCAGGAGTTCAAGACCAGCCTGACTAACACGGTGAAACCCCATCTTTACTAAAAATACAAAAAAATCAGCCGGGCGTGGTAGTGCACGCCTGTAATCCCAGCTACTTGGGAGGCTGAGGAAGGAATCACTTAAATCCACAAGGCAGAGGTTGCAGTGAGTTGAGATCAGGCCACTGCACTGCAGCCTGGGCAACAGGAGTGAAACTACATCTCGAAAAAAAAAAAAAAAAAAAAGAAAAAAAA","GGTCGGGCGTGGTGGCTCACGCTTGTAATCCCAGCACTTTGGGAGACCGAGGCGGGTGGATCACCTGAGGTCAGGAGTTCAAGACCAGCCGGGCCAACATGGTGAAACCCTGTTTCTACTAAAAATACAAAAAATAGCCAGGCGTGGTAGTGGGTGCCTGTAATCCCAGCTACTCGGAAGGCTGAGACAGGAGAATCACTTGAACCCAGGAGGCGGAGGTTGCAGTGAGCCGAGATCATGCCACTGTACTCCAGCCTGGGCAACAAAGAGTGAAACTCCGTCTCAAAAAAAAAAAAAAGAAAAAGAAAAAGAAA"
"chr1","193724395","193724694","chr1","87448547","87448862","43","106275848","GGCCGGACGTGGTGGCTCATGTACTTTGGGAGGCTGAAGCGGGTGGATCACCCGGGTCAGGAGTTTGAGACCAGCCTGGCCAACATGATGAAACCCCATATCTACAAAAAATACAAAAAATTAGCTGGGCATGATGGCAGGTACCTGTAATCCCAGCTACTTGGGAGGCTGAGGCAGGAGAATCACTTGAACCTGGAAGGCAGAGGTTGCAGTGTGCCAAGATCGCGCCACTGCACTCCAGCCTGGGCAACAGGAGCGAAACTCCATTTCAAAAAAAAAAAAAAAAAAAAGAAAAAGAAA","GGCCAGGCGCGGTGGCTCACGCCTGTAATCCTGGCACTTTGGGAGGCCGAGGTGGGTGGATCACCTGAGGTCAGGAGTTTGAGACCAGCCTGGCCAACATGGTGAAACCCCGTCTCTACTAAAAATACACAAAATGTTAGCTGGGCATGGTGGTGGGCACCTGTAATCCCAGCTACTTGGGAGGCTGAGGCAGGAGAATCACTTGAACCTGGGAGGCGGAGGTTGAAGTGTGCGGAGATTGCACCACTGCACTCCAGCCTGGGCAACAAGAGCGAGACTCCATCTCAAAAAAAAAAAAAAAAAAAAAAAAAAGAAA"
"chr1","212991736","212992020","chr1","212373610","212373894","5","618126","GGCCAGGCACGGTGGCTCATGCCTATAACCCCAGCACTTCCTGAGGCCGAGGCGGGTCAGGAGTTCTAGACCAGTCTGGCCAACATGGGGAAACCCCGTCTCTACAAAAAATACAAAAACATTAGCCGGGCGTGGTGGTGGGCGCCTGTAATCCCAGCTACTCAGGAGGCTGAGGCAGGAGAATCTCTTGAATCCAGGAGGCGGAGGTTGCAGTGAGCCGAGATCGCACCACTGGCACTCCAGCCTGGGCAACAAGAGCGAAACTCCATCCCAAAAGAAAAGAAA","GGCCAGGCACGGTGGCTCATGCCTATAACCCCAGCACTTCCTGAGGCCGAGGTGGGTCAGGAGTTCTAGACCAGTCTGGCCAACATGGGGAAACCCCGTCTCTACTAAAAATACAAAAACATTAGCCGGGCGTGGTGGTGGGCGCCTGTAATCCCAGCTACTCAGGAGGCTGAGGCAGGAGAATCTCTTGAATCCAGGAGGCGGAGGTTGCAGTGAGCCGAGATAGCGCCACTGGCACTCCAGCCTGGGCAACAAGAGCAAAACTCCATCCCAAAAGAAAAGAAA"
"chr1","9822","10108","chr5","4365642","4365932","15","4355820","GGCTAGGCATGGTGGCTCACGCCTGTAATCCCAGCACTTTGGGAGGCCGAGGCGGGTGCATCACCTGAGGTCAGGAGTTCAAGACCAGCCTGACCAATATAATGAAACCCCGTCTCTACTAAAAATACAGAAATTAGCTGGGTATGGTGGCAGGCACCTGTAATCTCAGCTACTTGGGAGGCTGAGACAGAATTGTTTGAACCCTGGAGATGGAGGTTGCAGTGAGCCAAGATCACACCACTGCACTCCAGCCTGGGCCACAAGAGTGAAACTCCATCTCAAAAAAA","GGCTGGGCGTGGTGGCTCACGCCTGTAATCCCAGCACTTTGGGAGGCCAAGGCGGGTGCATCACCTGAGGTCAGGAGTTCAAGACCAGCCTGACCAATATAATGAAACCCCGTCTCTACTAAAAATACAGAAATTAGCTGGGTGTGGTGGCAGGCACCTGTAATCTCAGCTACTTGGGAGGCTGAGACAGAACTGTTTGAACCCGGGAGGCAGAGGTTGCAGTGAGCCAAGATTGCACCACTGCACTCCAGCCTGGGCCACAAGAGTGAAACTCCATCTCAAAAAAAAAGA"
"chr1","163766","164053","chr5","4212939","4213244","28","4049173","GGCGCAGTGGCTCACGCCTGTAATCCCAGCACTTTGGAAGGCCAAAGCAGGCAGCTCACCAGAGGTTAGGCGTTCAAGACCAGCCTGGCCAAAATGGTGAAACCCTGGTTCTACTAAAAAAAAATACAAAAAAATTAGCTGGGCATGGTGGGGGCGCCTGTATTCCCAGCTACTCAGGAGGCTGAGGCAGGAGAATTGCTTGAAACCAAGAGGCAGAGGTTGCAGTGAACTGAGATTGGGCCACTACACACCAACTTGGGCCACAAGAGTGAAATTCTGAAAGAGAAA","GGCGCAGTGGCTCACGCCTGTAATCCCAGCACTTTGGAAGGCCAAAGCAGGTAGCTCACCAGAGGTTAGGCGTTCAAGACCAGCCTGGCCAAAATGGTGAAACCCTGGTTCTACTAAAAAAAATACAAAATAATTAGCTGGGCGTGGTGGGGGCGCCTGTATGCCCAGCTACTCAGGGGGCTGAGGCAGGAGAATTGCTTGAAACCAAGAGGCAGAGGTTGCAGTGAACTGAGTTCGGGCCACTACACACCAACTTGGGCAACAAGAGTGAAATTCTGAAAGAAAAAGAAAGAAAGAAAGAAGGAA"
"chr1","385088","385400","chr9","41028320","41028628","36","40643232","GGCCGGGCGTGGTGGCTCACGCCTGTAATCCCAGCACTTTGGGAGGCTGAGGCAGGTAGATCACTTGAGGTCAGGAGTTGGAGACCAGCCTGGCCAACATGGTGAAACCCCGTCTCTACTAAAAATACAAAAATTAGCCGGGTGTGGTGGTGGGTGCCTGTAGTTCCAGCTACCAGGGAGGCTGAGGCAGGAGAATCACTTGAGCCGAGGAGGTGGAGGTTGCAGTGAGCCAAGATTGCACTACTGCGCTCCAGCCTGGGTGACAAGAGCAAGACTCCGCCAAAAAAAAAAAAAAAAAAGAAGAAGAAGAAAA","GGCTGGGCGTGGTGGCTCACGCCTGTAATCCCAGCAATTTGGGAGGCTGAGGCGGGTGGATCACCTGAGGTCAGGAGTTTGAGACCAGCCTGGCCAACATGGCGAAACCCCGTCTCTACTAAAAATACAAAAATTAGCCGGGCGTGGTGGTGGGCGCCTGTAATCCCAGCTACTCAGGAGGCTGAGGCAGGAGAATTGCTTGAACCCAGGAGGCGGAGGTTGCAGTGAGCTGAGATTGCACCACTGCACTCCAGCCTGGGCAACAAGAGTGAAACTCCGTCTAAGAAAACAACAAAAAAAAAAAAAAAA"
"chr1","734582","734885","chr19","10872248","10872544","39","10137666","GGCCAGGCACAGTGGCTCATACCTGTAATCCCAGCACTTCTGGAGGCTGAGGTGGACGGATCACCTGAGGTCAGGAGTTCGAGACCAGCCTGGCCAACATGGTGAAGCCCCACTCTACTAAAAATACAAAAATTAGCTATCTGGGTATGGTGGTGCACACCTGTAATCCCAGCTACTCAGGAGACTGAGACAGGAGAATCACTTGAACCTAGGAGGCGGAGGTTGTAGTGAGCCGAGATCCCGCCGCTGCACTCCAGCCTGGGTTACAAGAGTGAGACTCCATCTCAGGGGAAAAAAAAAAAAA","GGCCGGGCATGGTGGCTCACGCCTGTAATCCCAGCACTTTGGGAGGCTGAGGTGGGTGGATCACCTGAGGTCAGGAGTTCGAGACCAGCCTGGCCAACATGGTGAAACCCCATCTCTACTAAAAATACAAAAATTAGCTGGGTGTGGTGGCGCACACCTGTAACCCCAGCTACTCAGGAGGCTGAGGCAGGAGAATCACTTGAACTCAGGAGGTGGAGGTTGCAGTGAGTTGAGATCATGCCACTGCACTCCAGCCTGGGCAATAAGAGCGAAACTCCGTCTCAAAAAAAAAAAAAA"
"chr1","745985","746289","chr7","157654660","157654971","41","156908675","GGCCAGGCACGGCAGCTCACACCTGTAATCCCAGCACTTTGGGAGTCTGAGGTAGGTGGATCACCTGAGGTCAGGAGTTCAAGACCAGCCTGGCCAACATGGTGAAACCCCATCTCTGCTAAAAATACAAAAATTAGCCAGGCCTTGTGGCAGGCGCCTGTAATCCCAGCTACTTGGGAGGATGAGGCAGGAGAATCGCTTGAACCTGGGAGGTGGAGGTTGCAGTGAGTCAAGATCATTCCACTGCACTCTGCACAAGAGCGAGACTCCGTCTCAAAAAAAAAAAAAAGAAAAAGAAAAAGAAA","GGCCAGGTGCGGTGGCTCTCTCCTGTAATCCCAGCACTTTGGGAGGCCAAGGTAGGTGGATCACCTGAGGTCAGGAGTTCGAGACCAGCCTGACCAACATGGTGAAACCCTGTCTCTACTAAAAATACAAAAATCAGCCAGGCATGGTGGCACGTGCCTGTAATCCCAGCTACTCGGGAGGCTGAGGCAAGAGAATCGCTTGAACCCGGGACGTGGAGGTTGCAGTGAGCCAAGATCATGCCACTACACTCCAGCCTGGGTAACAAGAGCGAAACTCCATCTCAAAAAAAAAAAAAAGAAAAGAAAAGAAAA"
"chr1","994188","994493","chr5","3277084","3277389","11","2282896","GGCCTGACACAATGGCTCACACCTGTAATCCCAGCACTTTGGGAGGCCGAGGTGGGTGGATGGATCACCTGAAGTCAGGAGTTTGAGACCAGCCTGGCCAACATGGTGAATCTCCATCTCTAGTAAAAGTACGAAGTATTAGCCAGGCGTGGTGGTAGACGCCTGTAATCTCGGCTACTCAGGAGGCTAAGGCAGGACAATGCTTGAACCTGGGAGGCGGAGGTTGCAGTGAGCTGAGATCGTGCCACTGCACTCCAGCCTGGGCAATAAGAGCAAAACTCCATCTCCAAATAAAACAAAACAAAA","GGCCTGACACGATGGCTCACACCTGTAATCCCAGCACTTGGGGAGGCCAAGGTGGGTGGATGGATCACCCGAAGTCAGGAGTTTGAGACCAGCCTGGCCAATATGGTGAATCTCCATCTCTAGTAAAAGTACGAAGTATTAGCCAGGCGTGGTGGCAGACGCCTGTAATCCCAGCTACTCAGGAGGCTAAGGCAGGAGAATGCTTGAACCTGGGAGGCGGAGGTTGCAGTGAGCTGAGATCGTGCCACTGCACTCCAGCCTGGGCAACAAGAGCAAAACTCCATCTCCGAATAAAACAAAACAAAA"
"chr1","995979","996270","chr5","3275173","3275460","8","2279194","GGGCGGGCGTGGTGGCTCATGCCTGTAATCCCACTACTTTGGGAGGCCGAGGAGGGTGGATCACCTGAGGTCAGGAGTTCGAGACCAGCCTGACCGACATGATGAACGCTGTCTCTACTAAAAATACAAAAATTAGCTGGGCGTGGTGGCAGGCGCCTGTAATCTCAGCTACTCGGGAGGCTGAGGCAGGAGAATCACTTGAACCCAGGAGGCAGAGGTTGCAGTGAGCCAAGATCACGCCACTGCACTCCAGCCTGGGCAACAAGAATGAAACTCCATCTCAAAAAAAAAA","GGGCGGGCGTGGTGGCTCATGCCTGTAATCCCACTACTTTGGGAGGCCGAGGAGGGTGGATCACCTGAGGTCAGGAGTTCGAGACCAGCCTGACCGACATGATGAACGCTGTCTCTACTAAAAATACAAAAATTAGCTGGGTGTAGTGGCAGGCGCCTGTAATCTCAGCTACTCAGGAGGCTGAGGCAGGGGAATCACTTGAACCCAGGAGGCAGAGGTTGCAGTGAGCCAAGATCACGCCACTGCACTCCAGCCTGGGCAACAAGAATGAAACTCCATCTCAAAAAA"
"chr1","1153490","1153765","chr5","3115069","3115347","22","1961579","GCCAGGCGCAGTGCCTCACGCCTGTAATCCCAGCACTCTGGGAGGCTGAGGTCAGGAGTTCGAGACCGCCCTGGCCAACATGGTGAAACCCCGTCTCTACAAAAAATACAAAAACTAGCCAGGTGTGGTGGCGGGCACCTGTAATCCCAGCTACTTGGGAGGCTAAGGCAGGAGAATCGCTTGAACCTGGGAGGCGAAGGTTGCGGTGAGCCAAGATTGCACCACTGCACTCCAGTCTGGGCAACAAGAGCAAAACTCAGTCTCAAAAGAAAAAAA","GCCAGGCGCGTGCATCACGCCTGAAACCCAGCACTCTGTGAGGCTAGGATCGAGGGAGTTCGAACACCGCCCGGGCCACAACGTGTGAAACCCGTCTCTACAAAAAATACAAAAACTAAGCCAGGGTGTGGTGGCGGGCACCTGTAATCACCAGCTACTTGGGAGGCTAAGGCAGGAGAATCGCTTGAACCTGGGAGGCGAAGGTTGCGGTGAGCCAAGATTGCACCACTGCACTCCAGTCTGGGCGACAAGAGCAAAACTCAGTCTCAAAGAAAAAAA"
"chr1","1396219","1396501","chr5","2857838","2858128","14","1461619","GCCGGGCGTAGTAGCTTACGGCTGTAATCCCAGTATTTTGGGAGGCCGAGGTGGTTGGATTACCTGAGGTCAGGAGCTAGAGACAAGCCTGGCCAACATGATGAAATCCCGTCTCCACCAAAAACTTAGCCAGGCATGGTGGCACGCGCCTATAATCCCAGCTACTCGGGAGGCTAAGGCAGGAGAATCGCTTGAACCTGGGAGGTGGAGATTGCAGTGAGCCGAGGTTGTGCCACTGCACTTCAGCCTGGGCAACAAGAGCAAAACTCTCTCTCAGAACAAA","GCCAGGCGTGGTAGCTTACGGCTATAATCCCAGTATTTTGGGAGGCCGAGGTGGTTGGATTACCTGAGGTCAGGAGCTAGAGACAAGCCTGGCCAACATGATGAAATCCCGTCTCCACTAAAAATACAAAAACTTAGCCAGGCATGGTGGCACACGCCTGTGATCCCAGCTACTCGGGAGGCTAAGGCAGGAGAATCGCTTGAACCTGGGAGGTGGAGATTGCAGTGAGCCGAGGTTGTGCCACTGCACTTCAGCCTGGGCAACAAGAGCAAAACTCTCTCTCAGAACAAA"
"chr1","1446712","1447000","chr5","2806121","2806433","30","1359409","GGCCAGGCGCGGTGGCTCATGCCTATAATCCCAGCACACTGGAAGGCTGAGGCGAGCAAATTACCTGAGGTCAGGAGTTTGGCACCAGCTTGGCCAACATGCTGAAATACAGACAGGGTTCTGTCTCTACTAAAAATACAAAAATTGGCTGGGCATGGTAGCGGGTGCCTGTAGCTACTTTGGAGGCTGAGGCAGAAGAATCGCTTGAACCCGGGAGGCGGAGGTTGCAGTGAGCTGAGATTGCACCACCGCACTCCAGCCTGGGCAACAAGAGCAAAACTCCATCTCA","GGCCAGGCGCGGTGGCTCATGCCTATAATCCCACCACTCTGGAAGGCTGAGGCGAGCAAATTACCTGAGGTCAGGAGTTTGGCACCAGCTTGGCCAACATGCTGAAATACAGACAGGGTTCTGTCTCTACTAAAAATACAAAAATTGGCTGGGCATGGTAGCGGGTGCCTGTAGCTACTTTGGAGGCTGAGGCAGAAAAATCGCTTGAACCCGGGAGGCAGAGGTTGCAGTGAGCTGAGATTGCACCACTGTACTCCAGCCTGGGCAACAAGAGCAAAACTCCATCTCAAAAAACAACAACAACAACAACAAA"
"chr1","1471616","1471912","chr5","2782165","2782458","9","1310549","GGCCAGGTGCAGTGGCTCACACCTGTAATCCCAACACTTTGGGAGGTCGAAGCGGGTGGATCACCTGAGGTCCGGAGTTTGAGACCAGCCTGCCCAGCATGGCGAAACCCCACCTCTACTAAACATACAAAAAATTAGCTGGGCATGGCGGCAGGCGCCTGTAATCCCAGCTACTCCGGAGGCTTGAACCAGGGAGGCGGAGCTTGCAGTGAGCCAAGATCGCACCACTGCATTCCAGCCTAGGTAACAAGAGTGAAACTCCATCTCAAAAAAAAAAAAAGAAAGAAAGAAAGAAAA","GGCCAGGCGCAGTGGCTCACACCTGTAATCCCAACACTTTGGGAGGTCGAAGCAGGTGGATCACCTGAGGTCCGGTGTTTGAGACCAGCCTGCCCAGCATGGCGAAACTCCACCTCTACTAAACATACAAAAAATTAGCTGGGCATGGCGGCAGGCGCCTGTAATCCCAGCTACTCGGGAGGCTTGAACCAGGGAGGCGGAGCTTGCAGTGAGCCAAGATCGCACCACTGCATTCCAGCCTAGGCAACAAGAGTGAAACTCCATCTCAAAAAAAAAAAAAGAAAGAAAAGAAAA"
"chr1","1503451","1503774","chr7","5716532","5716850","61","4213081","GGCCAGGCACGGTGGCTCACACCTGTAATCCAAGCATTTTGGGAGGGCGAGGCAGGTCAGGACTTGAACTTGAGGTCAGGAGTTCAAGACCAGCCTGGCCAACGTGGTGAAACCCTGTTTTTACTAAAGTTACAATAATTAGCCAGGCGTGATGGCAGGCACCTATAATCCCAGTTATTCGGGAGGCTGAAGCAGGAGAATCGCTTGAGCCCAGGAGGCGCAGGTTGCAGTGAAACGAGATCATCCGACTGCACTCCAATCTGGGGGCCAAGAGCAAAATTCGATTTCAAAAGAGAAATAAAGCAAAAAAAAAAAAAAAAAAAA","GGCCAGGTGCGGTGGCTCAAGCCTGTAATCCTAGCACTTTGGGAGGCCGAGGCAGGTGGATCACCTGAGGTCAGGAGGTCAAGACCAGCCTGGCCAACATGGTGAAACTCTGTCTCTACTAAAAAAAAAAAAAAAATAGTTGGGCGTGGTGGCAGGTGCCTATAATCCCAGATACTCGGGAGGCTGAGGCAGGAGAATCGCTTGAACCCGGAAGGCAGAGGATGCATCGAGCCGAGATCGCGCCACTGCACTCCAGTCTGGGCAACAAGAGCAAAATTCCATCTCAAAAAAAAAAAAAAAAAAAAAAAAAAAAAAAAAA"
"chr1","1512603","1512811","chr12","6713065","6713282","49","5200462","CCGGTCGTGGTGGCTCATGCCTGTAATCCCAGCACTCTGGGAGGCCAAGGCAGGCAAATCATCTGAGATCAGGAATTTGCTACTCAGGAAGGCTGAGGCGGGAGAATCACTTGAACCCAGGAGGCAGAGGTTGTGGTGAGCTGAGATAGTGCCACTGCACTCCAGCCTGGGTAACTAGAGCAAAACTCGGTCTCAAATAAATAAACAAA","GGCCGGCCACAGTGGCTCATGCCTGTAATCTCAGCACTCTGGGAGGCCAAGGCAAGAGGATCACCTGAGGCCAGGAGCTAGAGACCAGCTGCTTGGGAGGCTGAGGCAGGAGAATCACTTGAACTCGGGAGGCAGAGGTTGCAGTGAGCCAAGATCACACCACTGAACTCCAGCCTGGGCGACAAAAGCAAAACTTCATCTCAAAAAGAAAAAAGAAA"
"chr1","1570129","1570429","chr20","9806845","9807141","39","8236716","GGCTGGGCTAGGGGGCTCAAACCTGTAATCCCAGCACTTTGGGAGGCTGAGGCAGATGGATCACCTGAGGTCAGGAGTTTAAGACCAGCCTGGCCAACATGGCAAAACCCCGTCGCTACTAAAAATACAAAAAATTAGCTGGGCGTAGTGGCGGGTGCCTGTAATCCCAGCTACTCGGGAAACTGATGCAAGAGAATCGAATTGCTTGAACCCAGGAGACGGAGGTTGCAGTGAGCTGAGATTGCACCACTGCATTCCAGCCTGGTAACAAGAGCAAAATGCCATCTCAAAAAAAAAGAAA","GGCTGGGCACGGTGGCTCACACCTGTAATCCCAGCACTTTGGGAGGCGGAGGCAGACAGATCACCTGAGGTCAGGAGTTCAAGACCAGCCTGGCCAACATGGCAAAACCCTTTCTCTACTAAAAATACAAAAATTAGCTGGGCGTGGTGGTGGGTGCCTGTAATTCCAGCTACTCAGGAGGCTGAGGCAGGAGAATCGCTTGAACCCAGGAAGCAGAGGTTGCAGTAAGCTGAGATCACACCACTGCATTCCAGCCTGGGCAACAAAAGCAAAACTCTATCTCAAAAAAAAAAAAAA"
"chr1","1691944","1692214","chr2","202622423","202622699","32","200930479","GGCTAGGCACAGTAGCTCATGCCTATAATGCCAGCACTTTGGGTGGCCGAGGCGGGTGGTTTACCTGACGTCAGGAGTTCGAGACCAGCCTGGCCAACATAGCAAAACCCCGTCTCTACTAAAAATACAAAAATTAGCTGGGCGTGGTAGCGCACACCTGTAATCCCAGCTATTCGGGAGGCTGAGGCAGGAGGATCACTTGAACCAGGGAGGCGGAGGTTGCAGTGAGCCGAGATCCTGCCACTGCACTCCAGCCGGGGTAACAAGAGCG","GGCCAGGCGCAGTGGCTCACGCCTGTAATCCCAGCACTTTGGGAGTCCGAGGCGGGTGGATCACCTGAGGTCAGGAGTTCAAGACCAGCCTGGCCAACATGGTGAAACCCCGTCTCTACTAAAAATACAAAAAATTAGCTGGGCGTGGTGGCGGGCGCCTGTAATCCCAGCTACTCGGGAGGCTGAGGCAGGAGAATCGCTTGAACCAGGGAGGTGGAGGTTGCAGTGAGCCGAGATCTTGCCACTGCACTCCAGCCTGGGCAACAAGAGCGAAACT"
"chr1","1804809","1805092","chr5","2412233","2412517","36","607424","CCTGTAATCCCTGCACTTTGAAGGTAGCCCGAGGCAGATGGATCACCTGAGGTCAGGAGTTCGAGACCAACTTGGCCAACATGATGAAATCCCATCTCTACTAAAAATACGAAAAATTAACTGGGCATGGTGGCGCCTGTAATCCCAGCTACTCAGGAGGCCTGAGGCAGGAGAACCACTTGAACCCAGGAGGCGGAGGCTGCAGTGAGCTGAGATCACGCCACTGTACTCCAGCCTGGGCAACAAAAGCGAAACTCTGTCTCAAAAAATAAAAACAAAATAAA","GGCTCACGCCTGTAATCCCTGCACTTTGGTAGGCCAAGGCAGATGGACCACCTGAGGCCAGGAGTTCGAGATCAACTTGGCCAACATGATGAAATCCCATCTCTACTAAAAATACGAAAAATTAACCGGGCATGGTAATCCCAGCTACTCAGGAGGCCTGAGGCAGGAGAACCACTTGAATCCAGGAGGGGGAGGCTGCAGTGAGCTGAGATCACGCCACTGTACTCCAGCCTGGGCAACAAGAGTGAAACTCCGTCTCAAAAAATAAAAACAAAACAAAATAAA"
"chr1","1919464","1919761","chr5","2295133","2295429","7","375669","GGCCAAGCATGATGGCTCATACCTGTAATCCCAGCACTTTGGGAGGCCAAGGTGGGTGGATCAGCTGAGGTCAGAAGTTCGAGAGCATCCTGGCCAACATGATGAAACCCCGTCTCTACTAAAAAAACAGAAAATTAGCCAGTTGTAGTGATGGATGCCTGTAATCTCAACTACTCGAGAGACTGAGGCAGGAGAATCACTTGAACCCACGAGGTGGAGGTTGCAGTGATCTGAGATTGAGCCACTACACTCCAGCCTGGGCAACAAGAGCAAAACTATCTCAAAAAAAAAAAAAAAA","GGCCAAGCATGATGGCTCATACCTGTAATCCCAGTACTGTGGGAGGCCAAGGTGGGTGGATCACCTGAGGTCAGGAGTTCGAGAGCATCCTGGCCAACATGATGAAACCCCGTCTCTACTAAAAAAACAAAAAATTAGCCAGTTGTAGTGATGGATGCCTGTAATCTCAACTACTTGAGAGACTGAGGCAGGAGAATCACTTGAACCCACGAGGTGGAGGTTGCAGTGATCTGAGATTGAGCCACTACACTCCAGCCTGGGCAACAAGAGCAAAACTATCTCAAAAAAAAAAAAAAA"
"chr1","2050140","2050435","chr2","40865043","40865350","50","38814903","CAGGCGTGGTGGCTTACGTAATCCCAGCGCTTTGGAAGGCCAAGGCCAGCAGATCACCTGAGGTCAGGAATTCAAGACCAGCTTGGCCAACATGGTGAAACCCCATCTCTATGAAAAATACAAAAATTAGCCAGGCATGGTGGTGCAGGCCTGTAATCCCAGTTGCTAGGGAGGCTGAGGCAGGAGAATCGCTTGAACCTGGGAGGCGGAGGTTGCAGCGAGCTGAGATTGCACTCCAGCCTGGGCAACAAGGACAAAACAGCATCTCAAAAAAAAAAAAAGAAAGAAATCAAAAA","CAGGCATGGTGGTTCACACCTGTAATCCCAGCACTTTGGGAGGCCGAGGCAGGCAGATCACCTGAGGTCAGGATTTCAAGACCAGCCTGGCCAACATGGTGAAACCCCATCTCTACTAAAAATACAAAAAAATTAGCCAGGCGTGGTGGTGGGTGCCTGTAATCCCAGCTACTCAGGAGGCTGAGGTAGGAGAATTGCTTGAACCTGCAAGGCGGAGGTTGCAGTGAGCTGAGATGGCACCACTGCACTCCAGCCTGGGCAACAAGAGCAAGACTCTGTCTCAAAAAAAAAAAAAAAAAAAAAAAAAA"
"chr1","2172858","2173169","chr11","117151786","117152096","42","114978928","GGCCAGGGTGGTGGCTCATGCCTATAATCCCAGCACTTTGGAGGCCGAGGCGGGTGGAATGCCTGAGGTCAGGAGTTTGAGACCAGCCTGGCCAATATGGTGAAACCCTATCTCTACTAAAAATACAAAAATTAGCTGGGTGTGGTGGCGCATGCCTGCAGTCCCAGCTACCTGGGAGGCTGAGGCATGATAATCACTTAAACCTGGGAGGCAGAGGTTCAGTGAACCGAGACTGTGCCATTGCACTCCAGCCTGGGCAACAAGAGTAAGAAACTCTGTCTCAAGAAAGAAAAAAAAAAAAACAAGAAGGAA","GGCCAAGTATGGTGGCTCATTCCTTTAATCCCAGCACTTTGGGAGGCCGAGGCTGGTGGATCACCTGAGGTCAGGAGTTTGAGACCAGCCTGGCCAACATGGTGAAACCCTGTCTCTACTAAAAATACAAAATTAGCCGGGCGTGGTGGTGCATGCCTGTAATCCCAGCTACTCGGGAGGCTGAGGCAGGAGAATCGCTTGAACCTGGGACAGAGGTCGCGGTGAGCTGAGATCGTGCCACTGCACTCCAGCCTGGGCAACAAGAGCAAAAACTCTGTCTCAAAAAAAAAAAAAAAAGAAAAAAGAAAAAA"
"chr1","2204432","2204732","chr5","1944901","1945199","5","259531","GCTGGGCACAGTGGCTCACACCTGTAATCCCAGCACTTTGGGAGGCCAAGGTGGGCAAATCACTTGAGGTCCAGAGTTCGAGGCCAGCCTGGCCAACGTGGTGAAACCCTGTCTCTACCAAAAAATACAAAAAATAGTCGGGCATGGTGGCGGGTGCCTGTAATCCTAGCTACTCCAGAGGCTGAGGCAGCAGAATTGCTTGAACCCAGGAGGTGGAGGTTGTAGTGAGTTGAGATCTCGCACTGCACTCCAGCCTGGGCAACAAGATTGAAACTCTGTCTCAAAAAAAAAAAAAAAAAAA","GCTGGGCACAGTGGCTCACACCTGTAATCCCAGCACTTTGGGAGGCCAAGGTGGGCAAATCACTTGAGGTCCAGAGTTCGAGGCCAGCCTGGCCAACGTGGTGAAACCCTGTCTCTACCAAAAAATACAAAAAATAGTCAGGCATGGTGGCGGGTGCCTGTAATCCTAGCTACTCCAGAGGCTGAGGCAGCAGAATTGCTTGAACCCAGGAGGTGGAGGTTGTAGTGAGTTGAGATCTCGCACTGCACTCCAGCCTGGGCAACAAGATTGAAACTCCGTCTCAAAAAAAAAAAAAAAGA"
"chr1","2309458","2309738","chr5","1834340","1834620","2","475118","GGCTGGGCGCGATGGCTTATGCCTGTAATCCCAGCACTTTGGGAGGCTGAGGCAGGTGGACCACCTGAGGTCAGGAGTTCGAGACCAGCCTGGCCAATATGAAGAAACCTCATCTCTGCTAAAAATACAAAAATTAGCCAGGTGTTGGTGGGCACCTGTAATCCCAGCTACTGGGGAGGTTGGGGTGGGAGAATCGCTTGGACATGGGAGGCGGAGGTTGCAGTGAGCAGAGATCGTGTCACTGCACTCCAGCCTGGGCATCAAGAGCAAAACTCCATCTC","GGCTGGGCGCGATGGCTTATGCCTGTAATCCCAGCACTTTGGGAGGCTGAGGCAGGTGGACCACCTGAGGTCAGGAGTTCGAGACCAGCCTGGCCAACATGAAGAAACCTCATCTCTGCTAAAAATACAAAAATTAGCCAGGTGTTGGTGGGCACCTGTAATCCCAGCTACTGGGGAGGTTGGGGTGGGAGAATCGCTTGGACATGGGAGGCGGAGGTTGCAGTGAGCAGAGATCGTGTCACTGCACTCCAGCCTGGGCAACAAGAGCAAAACTCCATCTC"
"chr1","2346505","2346810","chr19","15282895","15283197","45","12936390","GGCCGGGCGCAGTGGCTCACGCCTGTAATCCAAGCACTTTGGGAGGCCAAGGTGGGTGGATCACCTGAGGTCTGGAGTTTGAGACCAGCCTGACCAACATGGTGAAACCCTGTTTTGTATTTTGTCTCTACTAAAATACAAAACTAGCCAGGCGTGGTGGCAGGTGCCTGTAATCCCAGCTACTCGGGAGGCTGAGGCAAGAGAATCGCTTGAACCCAGGAGGTGGAGGTGTAGTGAGCCGAGATCACACTCCAGCCTGGGCAACAAGAGCAAAACTCCATCTCAAAAAACAAAATAACAAAAAGA","GGCCGGGCGCAGTGGTTCACGCCTGTAATCCCAGCACTTTGGGAGGCCAAGGCGGGTGGATCACCTGAGGTCAGGAGTTTGAGACCAGCCTGGCCAACATGGTGAAACTCCGTCTCTACTAAAAATACAAAATTACCCGGGCGTGGTGGTGGCGCCTGTAATCTCAGCTACTCGGGAGGCTGAGGCAGGAGAATCACTTGAACCCAGGAGGCGGAGGCTGCAGTGAGCCGAGATCACGCCACTGCACTCCAGCCTGGGCAACAAGAGCAAAACTCCATCTCAAAAAAAAAAAAGAAAAAAGAA"
"chr1","2357714","2358001","chr9","57275871","57276167","37","54918157","GACTGGACGCGATGACTCATGCCTGTAATCCCAGCACTTTGGGAGGCTGAGGCGGGTGGATCACCTGAGGTCAGGACTTCAAGACCAGCCTGGCCAACATGGGGAAACCTGGTCTCTACTAAAAATACAAAAATTAGCCAGGCGTGGTGGCGGGTACCTGTAATCCCAGCTACTTGAGAGGCTGAGGTAGAAGAATCGCTTGAACCTGGGGGGCGGAGGTTGCAGTGAGCCGAGATCGCGTCACTCCAGCCTGGGCAAAAGAGTGAAACTGTCTCAAAAAAAACAAAA","GGCTGGGCGCGGTGGCTCATGCCTGTAATCCCAGCACTTTGGGAGGCCGAGGCGGGTGGATCACCTGAGGTCAGGAGTTCAAGACCAGCCTGCCCAACATGGTGAAACCTTTTCTCTACTAAAAGTACAAAAAATTAGCCAGGTGTGGTGGTGGGTGCCTGTAATCCCAACTACTCGGGAGGCTGAGGCAGGAGAATCGCTTGAACCTAGGAGGCGGAGGTTGCAGTGAGCTGAGATTGCACCACTGCACTCCAGCCTGGGCAACAAGAGTGAAACTCCGTCTCAAAATAATAATAA"
"chr1","2364274","2364558","chr6","172017122","172017399","44","169652848","GGCCAGGTGTGGTGCTCATGCCTGTAATCCCAGCACTTTGGGAGACCAAGGCAGATGGATCACCTGAGATCAGGAGTTCAAGACCAGGCTGGCCAACATAGCGAAACCCCATCTCTATTAAAAATACAAAAATTAGCTGGGCGTGATGGCAGGCGCCTGTAATCACAGCTCCTCGGGAGGATGAGGCGGAGGTTGCAGTGAGCCGAGATCGCACCAGTGCACTCCAGCCTGGGCAACAAGAGTGAAACTCTGTCTCAAAACAAAACAAAACAAAACAAAACAAAA","GGCTGGGCTCAGTGGCTCATGCCTGTAATCCCAGCACTTTGGGAGGCCCAGACAGGTGGATCACCTGAGGTCAGGAGTTTGAGACCAGCCTGGCCAACATGGTGAAACCCCATCTCTACTAAAAATACAAAAATTAGCTGGGCGTGGTGGTGCACACCTGTAATCCCAGCTACTCGGGAGGTGGAGGTTGCAGTAAGCCAAGATCGCACCACTGCACTCCAACCTGGGCAACAAGAGGGAAACTCTATCTCAGAAAAAAAAAAAAAAAGAAAAGAAAA"
"chr1","2364615","2364924","chr5","1778866","1779172","10","585749","GGCCAGGAGCAGTGGTTCATGCCTGTAATTCCACTTTGGGAGGCCAAGGCAGGTGGAACAACTGAGGTCAGGAGTTCGAGACCAGCCTGGCAAATGTGGTGAAACCCTGTTTCTACTAAAACTACAAAAATTAGTTGGGCATGGTGGCAGGTGCCTGTAATCCTAGCTACATGGGAGGCTGAGGCAGGAGAATTCCTTGAACCCGGGAGGCGCAGGTTGCAGCGAGCCAAGATAGCACCACTGCACTCCAGCCTGGGCAACAAGAGCGAAACTCCACCTCAAAAAAAAAAAAGAAAAAAGAAAGAAAGAA","GGCCAGGAGCAGTGGTTCATGCCTGTAATTCCACTTTGGGAGGCCAAGGCAGGTGGAACAACTGAGGTCAGGAGTTCGAGACCAGCTGGCAAATGTGGTGAAACCCTGTTTCTACTAAAACTACAAAAATTAGTTGGGCATGGTGGCAGGTGCCTGTAATCCTAGCTACACGGGAGGCTGAGGCAGGAGAATCCCTTGAACCCGGGAGGCGCAGGTTGCAGTGAGCCAAGATAGCACCACTGCACTCCAGCCGGGGCAACAAGAGCGAAACTCCATCTCAAAAAAAAAAAAAGAAAAAAGAAAGAAA"
"chr1","2384407","2384714","chr5","1757267","1757571","8","627140","GGCTGGGCACGGGAGCACACACCTGAATCCCAGCACTGTGGGAGGCCAAGGCGGAAGGATTGCTTGAGCCCAGGAGTTTGAGACCAGCCTGACCAACATGGTGAAACCCTGTCTCTACTAAAAATACAAAAATTAGCTAGGTGTGATGGTGGGTGCCCGTAATCCCAGCTACTTGGGAGGCAGAGGCAGGGGAATCGCTTTAACCCGGGAGGCAGAGACTACAGCGAGCTGAGATCACACCACTGCACTCCAGCCTTGGCAACAAGAGCGAGACTCTGTCTCAGAAAAAGAAGAAGAAAAAAAAGAAA","GGCTGGGCACGGAAGCACACACCTGAATCCCAGCACTGTGGGAGGCCAAGGAGGAAGGATTGCTCGAGCCCAGGAGTTTGAGACCAGCCTGACCAACATGGTGAAACCCTGTCTCTGCTAAAAATACAAAAATTAGCTAGGTGTGATGGTGGGTGCCCATAATCCCAGCTACTTGGGAGGCAGAGGCAGGGGAATCGCTTTAACCCGGGAGGCAGAGACTACAGCGAGCTGAGATCACACCACTGCACTCCAGCCTTGGCAACAAGAGCGAGACTCTGTCTCAGAAAAAGAAGAAAAAAAAGAAA"
"chr1","2394495","2394769","chr5","1747406","1747680","5","647089","GCCGGGTGTGGTGGCTCACGCCTGTAATCCCAGCACTTTGGGAGGCCAAGACAGGCAGATTACCTGAGGCCAAGAGTTCGAGATCAGCCTGGCCAATATGGTGAAACCCCATCTCTACTAAAAATACAAAAATTAGCCAGGTGTGGTGATGGGCGCTTATAATCCCAGCCACTTGGGGAGCTGACGCAGGAGAATCTCTGGAACCTGGGAGACAAAGGTTGCACTGAGCTGAGATCATGCCACTGCCCTCCAGCCTGGGCAACAAGAGCAAAACT","GCCGGGTGTGGTGGCTCACGCCTGTAATCCCAGCACTTTGGGAGGCCAAGGCAGGCAGATCACCTGAGGCCAAGAGTTCGAGATCAGCCCGGCCAATATGGTGAAACCCCATCTCTACTAAAAATACAAAAATTAGCCAGGTGTGGTGGTGGGCGCCTATAATCCCAGCCACTTGGGGAGCTGACGCAGGAGAATCTCTGGAACCTGGGAGACAAAGGTTGCACTGAGCTGAGATCATGCCACTGCCCTCCAGCCTGGGCAACAAGAGCAAAACT"
"chr1","2407733","2408041","chr5","1734168","1734476","4","673565","GGCCAGGCGCAGTGGTTCACGCCTATAATCCCAGCACTTTGGGAGGCCAAGGCAGGTGGATCACCTGAGGTCAGGAGTTCAAGACCAGCCTGGCCGACATGGTGAAATCCCATCTCTACTAAAAACACAAAAAAATTAGCCAGGCACGGTGGTGCACACCTGTAGTCCCAGCTATTTGGGAGGCTGAGGCAGAGGAACTACTTGAACCCAGGAGAGAGACGTTGCAGTGAGCCAAGATTGCACCACTGCACTCCAGCCTGGGCAACAAGAGTGAAACTCTGTCTCAAAAAATAAAAATAAAAAAATAAA","GGCCAGGCGCAGTGGCTCACGCCTATAATCCCAGCACTTTGGGAGGCCAAGGCAGGTGGATCACCTGAGGTCAGGAGTTCAAGACCAGCCTGGCCGACATGGTGAAATCCCATCTCTACTAAAAACCCAAAAAAATTAGCCAGGCACGGTGGTGCACACCTGTAGTCCCAGCTACTTGGGAGGCTGAGGCAGAGGAACTACTTGAACCCAGGAGAGAGAGGTTGCAGTGAGCCAAGATTGCACCACTGCACTCCAGCCTGGGCAACAAGAGTGAAACTCTGTCTCAAAAAATAAAAATAAAAAAATAAA"
"chr1","2870668","2870980","chr5","16623535","16623847","45","13752867","GGCCAGGTGTGGTGACTCACGCCTGTAATCCCAACACTTTGGGAGGCCAAGGTCGGCGGATCACCTGAGGTCAGGAGTTCGAGACCAGCCTGACCAACATAGTGAAACCCTGTCTCTACTAAAAACACAAAATTAGCTGGGCATGGTGGTGCATGCCTGTAATCCCAGCTACTTGGGGGGCTGAGGCACGAGAATCGCTTGAACCCATGGGTGGAGGTTGCAGTGAGCCGAAATCGCACCACCGCACTGCAGCCTAGGCCAGAAGAGTGAAACTCCATCTCAAAAAAAATTAAAATTAAAAATCAGTAAAAAA","GGCCAGGTGTGGTGGCTCACGCCTGTAATCCCAACACTTTGGGAGGCAGAGGCCGGTGGATCACCTGAGGTCAGGAGTTTAAGACCAGCCTGGCCAACATGGTGAAACCCCATCTCTACTAAAAATACAAAAATTAGCTGGGCATGGTGGCAAGCACCTGTAATCCCACCTACTTGGGAGGCTGAGGCAGGAGAATCACTTGAAACCAGAAGGTAGAGGTTGCAGTGAGCCGAGACTGCACCACTGCACTCCAGCCTAGGCGACAAGAGTGAAACTCCATCTCAAGAAAGAATAAAGAAGAAAGAAGAAAGAA"
"chr1","2888718","2889002","chr14","33317557","33317831","44","30428839","GGCTGGGTGTGGTGGCTCACTCCTGTAATCCCAGCTGAGGTCAGGAGTTTGAGACCAGCCTGGCCAACATGGTGAAAACCCATCTCTACTAAAAATACAAAAATTAGCTGGGCATGGTGGTGCACGCCTGTAATTCCAGTTACTCGGGAGGCTGAGGCAGGAGAATCGCTTAGAACCTGGGAGGTGGAGGTTGCAGTCAGCAGAGATTGCACCACTGCACTCCAGCCTGGGCAACAAGAGTGAAACTCCATCACCAAAAAAAAAAAAAAAAAAGAAAAAAAAGAA","TTGGGAGGCCGAGGTGGGTGGATCACCTGAGGTCAGGAGTTTGAGACCAGCCTGGCCAACATGGTGAAACCCCATCTCTACTAAAAATACAAAAATTAGCCAGGCGTGGTGGTGGGCGCCTGTAATCCCAGTTACTCCGGAGGCTGAGACAGGAGAATCACTTGAACTCAGGAGGTGGAGGTTGCAGTGAGCCGAGATTGTACCACTGCACTCCAGCCTGGGCAACAAGAGTAAAACTCCATCTCAAAAAAAAAGAAAGAAAGAAAAGAAAAGAA"
"chr1","3092675","3092972","chr5","965351","965649","4","2127324","GGCCGGGTGCGGTGGCTCACGCCTAGAATCCCAGCACTTTGGGAGGCCAAGGTGGGCAGGTCACCTGAGGTCAGGAGATCGAGACAATCCTGGCCAACATGGTGAAACCCTCTCTCTACTAAAAATACAAAAATTAGCCAGGTATGTTGGCGGGCACCTGTAGTCCCAGCTACTTGGGAGGCTGAGGCAGAAGAATTGCTTGAACCCGGGAGGCGGAGGCTGCAGTGAGCCAGGATTGTGCCACTGCACTCCAGCCCGGGCAACAAGAGCAAAACTCCTTCTCAAAAGAAAAAAAAAA","GGCCGGGTGCGGTGGCTCACGCCTAGAATCCCAGCACTTTGGGAGGCCAAGGTGGGCAGATCACCTGAGGTCAGGAGATCGAGACAATCCTGGCCAACATGGTGAAACCCTCTCTCTACTAAAAATACAAAAATTAGCCAGGTATGTTGGCGGGCACCTGTAGTCCCAGCTACTTGGGAGGCTGAGGCAGAAGAATTGCTTGAACCCGGGAGGCGGAGGCTGCAGTGAGCCAGGATTGCGCCACTGCACTCCAGCCCGGGCAACAAGAGCAAAACTCCTTCTCGAAAGAAAAAAAAAAA"
"chr1","3242289","3242584","chr5","812473","812773","10","2429816","GGTGCAGTGGCTCTTGCCTGTAATCCTAGCACTTTCAGAGGCTGAGGTGGGTGGTCACCTGAGTTCAGGAGTTTGAGACCATCCTGGCCAACGTGGTGAAACCCTGTCTCTACTAAAAATACAAAAAATTAGCTGGGTGTGGTGGCGGGTGCCTGTAATTCCAGCTACTCTGGAGGCTGAGGCAGGAAAATTGCTTAAACCTGGGAGGCAGAGGTTGCAGATCACGCTACTGCTCTCCAGCCTGGGCAAGAAGAGCGAAATTCCATCTCAGAACAACAAACTAACAAACAAACAAA","GGCCAGGTGCAGTGGCTCTTGCCTGTAATCCTAGCACTTTCAGAGGCTGAGGTTGGTGGTCACCTGAGTTCAGGAGTTTGAGACCATCCTGGCCAACGTGGTGAAACCCCGTCTCTACTAAAAATACAAAAAATTAGCTGAGTGTGGTGGCGGGTGCCTGTAATTCCAGCTACTCTGGAGGCTGAGGCAGGAAAATTGCTTAAACCTGGGAGGCAGAGGTTGCAGATCGCGCTACTGCTCTCCAGCCTGGGCAAGAAGAGCGAAATTCCATCTCAGAACAACAAACTAACTAACAAACAAA"
"chr1","3279204","3279515","chr3","127699157","127699471","50","124419953","GGTCGAGCAAGGTGGCTCACGCCTGTAATTTCAGCACTTTGGGGGGCGGAGGAGGGCAGATCACCTGAGGTCAGCAGTTTGAGACCAGCCTAACCAACAAGGTGAAAACCTCATCTCTACCAAAAATTAAAAAAAAAAAAAAATTGGCCAGGCATGGTGGCACCTGCCCATAATCTCAGCTACTTGGAGGCTGAGGCAGGAGAATCTCTTGAACCCGGGGGGCAGAGGTTTCAGTGAGCCAAGATTGTGCCGCTGCACTCCAACCTGGGCAACAAAGAGTGAAACTCCATCTCAAAAAAAAAAAAAAAAAAA","GGCTGGGTGCAATGGCTCACGCCTGTAATCCCAGCACTTTGGGAGGCTGAGGCGGGCAGATCACCTGAGGTCGGGAGTTTGAGACCAGCCTGGCCAACATGGTGACACCCCATCTCTACTAAAAATACAAAAAAAAAAAAAAATTAGCCGGGCATGGTGGCGGGTGCCTGTAATCCCAGCTACTCGGGAGGCTGAGGCAGGAGAATCACTTGACCCCGGGAGGTGGAGGTTACAGTGAACTGAGATGGTGCCACTGCACTCCAGCCTGGGCAACAAGAGCAAAACTCCATCTCAAAAAAAAAAAAAAAAAAAAGA"
"chr1","3334561","3334839","chr2","202622423","202622699","39","199287862","GGCCAGGCGTGGTGGCTCATGCCTGTAATCCCAGTACTTTGGGAGGCCGAGGCAGGCAGGTTGCCTAAGCTCAGGAGTTTGAGACCAGCCTGGGCAACAAGGTGAAACCCCATCTCTACTAAAGTACAAAAAATTAGCTGGGTGTGGTGATGGGCGCCTGTATTCCCAGCTACTCGGGAGGCTGAGGCAGTAGAATCGCTTGAACCTGAGAGGCAGAGGTTGCAGTGAGCTGAGATCAAGGCACTGCACTCCAGCCTGGGCAACGAGAGTGAGACTCTG","GGCCAGGCGCAGTGGCTCACGCCTGTAATCCCAGCACTTTGGGAGTCCGAGGCGGGTGGATCACCTGAGGTCAGGAGTTCAAGACCAGCCTGGCCAACATGGTGAAACCCCGTCTCTACTAAAAATACAAAAAATTAGCTGGGCGTGGTGGCGGGCGCCTGTAATCCCAGCTACTCGGGAGGCTGAGGCAGGAGAATCGCTTGAACCAGGGAGGTGGAGGTTGCAGTGAGCCGAGATCTTGCCACTGCACTCCAGCCTGGGCAACAAGAGCGAAACT"
"chr1","3345286","3345568","chr5","711519","711801","6","2633767","GGCTGGGCGTGGCTCACACCTGTAATCCTGGCAGTTTGGGAGGCTGAGGCAGGTGGATCACCTGAGGTCAGGAGTTTGAGACCAGCCTGGCCAACACAGTGAAACCCCATCTCTACTAAAATACAAAAAATTAGCTGGGCATGGTGGCAGATGCCTGTAATCCCAGCTACTCAGGAGGCTGAGACAGGAGAACTGTGTGAACCTGGGAGGCGGAGGTTGCGGTGAGCTGAGATCGTGCCACTGCACTCAGCCTGGGCAACAAGAGTGAAACTCCGTCTCAAAA","GGCTGGGCGTGGCTCACACCTGTAATCCTGGCAGTTTGGGAGGCTGAGGCAGGTGGATCACCTGAGGTCAGGAGTTTGAGACCAGCCTGGCCAACACAGTGAAACCCCATCTCTACTAAAATACAAAAAATTAGCTGGGCATGGTGGCAGATGCCTGTAATCCCAGCTACTAAGGAGGCTGAGACAGGAGAACCGTGTGAACCTGGGAGGCGGAGGTTTCGGTGAGCTGAGACAGTGCCACTGCACTCAGCCTGGGCAACAAGAGTGAAACTCCATCTCAAAA"
"chr1","3350711","3350993","chr4","137496631","137496916","45","134145920","GGGTGCGGTGGCTTACACCTGTAATCCTAGCACTTCGGGAGGCCGAGGTGGGCGGATGACCTAAAGTCAGGAGTTTGAAACCAGCCTGGCCAACATGGTGAAACCCCATCTCTACTAAAAATACAAAAAATAGCCAGGCATGGTGGTGCACACCTGTAGTCCCAGCTACTCAGGAAGCTGAGGCAGGAGAATCGTTTGAACCCGGGCGGCAGAGGTTGCAGTGAGTCCAGATCACACCACCGCAATCAAGCCTGGGCAACAAGAGAGAGACTCTGTCCTAAGA","GCTGGGTGCGGTGGCTCACGCCTGTAATCCTAGCACTTTGGGAGGCCGAGGTGGGTGGATCACCTAAGGTCAGGAGTTTGAGACCAGCCTGACCAACATGGTGAAACCCCGTCTCTACTAAAACTACAAAAATTAGCTGGGCATGGTGGTGGGCACCTGTAATCCCAGCTACTCGGGATGCTGAGGCCAGAGAATCACTTGAACCCAGGAGGCGGAGGTTGCAGTGAGCCAAGACCACATCGCTGCATGCCAGCCTGGGCAACAAGAGACAAACTCCAACTCAAAA"
"chr1","3374624","3374945","chr5","677857","678170","15","2696767","GGCCGGGCGCAATGGCTCACACCTGTAATCCCAGCACTTTGGGAGGCTGAGATGGGTGGATCACCTGAGGTTAGGAGTTCAAGACCAGCCTGGCCAACATGGCGAAACCCCGTCTCTACTAAAAACACAAAAAATTAGCAGGGCGTGGTGGCAGGCACTTGTAAACCCAGCTACTTAGGGAGCTGAGGCAGGAGAATCACTTGAACCTGGGAGGCAGAGGTGGCAGTGAGCCGAGATCGCGCCACTGCACTCCAGCCTGGGTTACGAGAGCTAAACTCCAACTCAAAACAAACAAACAAAAAAACAAAAACAAACAAACAAA","GGCCGGGTGCGATGGCTCACATCTGTAACCCCAGCACTTTGGGAGGCTGAGATGGGTGGATCACCTGAGGTTAGGAGTTCAAGACCAGCCTGGCCAACATGGTGAAACCCCGTCTCTACTAAAATTACAAAAAATTAGCAGGGCGTGGTGGCAGGCACTTGTAAACCCAGCTACTTAGGGAGCTGAGGCAGGAGAATCACTTGAACCTGGGAGGCAGAGGTGGCAGTGAGCCGAGATCGCGCCACTGCACTCCAGCCTGGGTTACGAGAGCTAAACTCCAACTCAAAACAAACAAACAAAAAAACAAAAACAAA"
"chr1","3419005","3419315","chr6","133406856","133407151","56","129987851","GGCCGGGTGTGGTGGCTCATGCCTGTAATCCTAGCACTTTGGGAGGCCGAGACAGGCAGACTGCCTGAGTTCAGGAGTTCGAGACCAGCCTGGGCAAGATGGTGAAACCCCATTTCTACTAAAATACAAAAAATCAGCCGGGCATGGTGGCAGGCATGTAATCCCAGCTACTCAGCTGAGGCACGAGAATTGCTTGAACCTGGGAGGTGGTGCTTGAACCCGGGAGGCAGAGGTTGCAGTGAGCTGAGATCACACCACTGCACTCCAGCCTGGGCAGCAAAGCAAAACTCTTTGTCTAAAAAAAAAAAAAA","GGCCGGGTGTAGTGGCTCACGCCTGTAATTCCAGCACTTTGGGAGGCCGAGGCAGGTGGATCACCTGAGGTCAGGAGTTTGAAACCAGCCTGGCCAACATGGTGAAACCCCATCTCTACTAAAAGTACAAACATTAGCTGGGTATGGTGGCACACGCCTGTAATCCCAGCTACTCAGGAGACTGAGGCACGAGAATTGCTTGAACCTGGGAGGCAGAGGTTGCAGTGAGCTGAGATTGCACCACTGCACTCCAGTCTGGGCAACAAGAGCAAAACTCTGTCTCCAAAAAAAAAAAA"
"chr1","3443651","3443934","chr5","610007","610289","3","2833644","GGCCAGGTGTGATGGTTCATGCCTGTAATCCCAGCACTTTGGGAGGCTAAGGAGGGCAGATCACCTGAGGTCAGGAGTTCGAGACCAGCCTGGCCAAAATGGTGAAATCGCGTCTCTACTAAAACATACAAAAAAATTATCTGGGCATGGTGGTGTGGGCCTGTAACACCAGCTACTCAGGACACTGAGGCAGGAAAATTGCTTGAACCCAGGAGGCAGAGGTCGCAGTGAGCCGAGATCATGCCACTGCACTCTAGCCTGGGCAACAAGAGCAAAACTGCGTC","GGCCAGGTGTGATGGCTCACGCCTGTAATCCCAGCACTTTGGGAGGCTAAGGAGGGCAGATCACCTGAGGTCAGGAGTTCGAGACCAGCCTGGCCAAAATGGTGAAATCGCGTCTCTACTAAAACATACAAAAAATTATCTGGGCATGGTGGTGTGGGCCTGTAACACCAGCTACTCAGGACACTGAGGCAGGAAAATTGCTTGAACCCAGGAGGCAGAGGTCGCAGTGAGCCGAGATCATGCCACTGCACTCTAGCCTGGGCAACAAGAGCAAAACTGCGTC"
"chr1","3472618","3472903","chr1","15958327","15958616","50","12485709","GGCAGGGCACAGTGGCTCACACCTGTAATCCCAGCACTTTGGGAGGCTGAGGCAGGCAGACCACATGGTCAGGAGGTCAACACCATCCTGGCAAACATGGTGAAACCCTGTCTCTACTACAGAAAACCCCAAAATTAGCTGGGTATGGTGGCATGCACCTGTAGTCCCAGCTACGAGGGAGGCTGAAGCAGGAGAATCATTTGAACCCAGGAGGCGGAGGTTGCAGTGAGCACCACTGCACTCCAGCCTGGGCAACAAGAGTGAATCTCCATAAAAAACAAAACAA","GGCTGGGCACAGTAGCTCACACCTGTAATCCCAGCACTTTGGGAGGCCGAGGCAGGCAGATCACCTGAGGTCAGGAGTTCAAGACCAGCCTGGCCAGCACAGCGAAACCCTGTCTCTACTAAAAATACAAAAGTAGCTGGGCGTGAAGGCATGCGCCTGTAATCGCAGCTACTCAGGAGGCTGAGGTAGGAGAATCATTTGAACCTGGGAGGCGGAGGTTGCAGTGAGCTGATATTGTGCCACTGCACTCCAGCCTGGGCAACAAGAGTGAAACTCCATTAAAAAAAAAA"
"chr1","3605262","3605574","chr7","163349357","163349670","45","159744095","GGCTGGGCACGGTGGCTTACGCCTGTAATCCCAGCACTTTGGGAGGCTGAGGTGGGTGGATCATGAGGTCAGGAGTTTGAGACCAGCCTGGCCAACATGACAAAACCCCGTCTCTACTAAAAATACAAAAAACTAGCTGGACGTGGTGGCAGGTGCTTGTAATCCAGCTACTCGGGAGGCTTAGTTGGGAGAATCACTTGAACCTGGGAGGTGGAGGATGCAGTGAGCCGAGATTGCACCACTGAACTTCTGTCTGGGTGATAAGAGCAAAACTCAGTCTCAAAAAAACCAAAAAACAACAACAAAAAAAGAA","GGCTGGGCATGGTGGCTTATGCCTGTAATCCCAGCACGTTGGGAGGCCGAGGTGGGTGGATCACCTGAGGTCAGGGGTTTGAGACCAGCCTGCCCAACATGGTGAAACCCCGTCTCTACCAAAAATACAAAAAAATTAGCTGGGCGTGGTGGCGGGTGCCTGTAATCCCAGCTACTCTGGAGGCTGAGGCAGGAGAATCGCTTGAACCCGGGAGGCGGAGGTTGCAGTGAGCCAAGATCGTGCCACTGGACTCCAGCCTGGGCGACAAGAGCAAAACTCCGTCTCCAAAAAAAAAAAAAAAAAAAAAAAAAAAA"
"chr1","3745720","3746021","chr5","302838","303138","4","3442882","CGGGCGAGGTGGCTTACCCCTGTAATCCCAGCACTTTGGGAGGCCAAAGTGGGCAGATCACTTGAGGTCAGCAGTTCAAGACCAGCCTGGCCAACATGGCGAAACCCCGTCTCTACTAAAAATACAAAAATTAGCTGGGTGTGATGGTGGGCACTTGTAATCCCAGCTACTTGGGAGGCTGAGGCAGGAGAATCACTTGAACCCAGGAGGCAGAGGTTGCAGTGAGCCAAAATTGTGCCAATGTGCTCCAGTCCGGGCAACAAGAGCAAGACACTGTCTTAAAAAAAAAAAAGCAAAACAAA","CGGGCGAGGTGGCTTACCCCTGTAATCCCAGCACTTTGGGAGGCCAAAGCGGGCAGATCACCTGAGGTCAGCAGTTCAAGACCAGCCTGGCCAACATGGCGAAACCCCGTCTCTACTAAAAATACAAAAATTAGCTGGGTGTGATGGTGGGCACTTGTAATCCCAGCTACTTGGGAGGCTGAGGCAGGAGAATCACTTGAACCCAGGAGGCAGAGGTTGCAGTGAGCCAAAATTGTGCCAATGTGCTCCAGTCTGGGCAACAAGAGCAAGACACTGTCTTAAAAAAAAAAAAGCAAAAAAA"
"chr1","3920000","3920303","chr5","133789","134086","9","3786211","GCCAGGTACGGTGGCTCACGCCTGTAATCCCAGCACTTTGGGAGGCTGAGGTGGGTGGATTACCTGAGGTTAGGAGTTCAAGACCAGCCTGGCCAACATGGTGAAACCTCATCTCTACTAAAAAGGCAGAATGAGCACAGTATGGGCCACCTGTAGTCCCAGCTACTTGGGAGGCTGAGGCAGGAGAATCACTTGAACCTGGGAGGCAGAGGTTGCAGTGAGCTGAGATCATGTCACTGCACTCCAGCCTTGGCAACTAGAGGAAAACTCTGTCTCAAACAAAGCAAAACAAAACAATACAAAA","GCCAGGTACGGTGGCTCACGCCTGTAATCCCAGCACTTTGGGAGGCTGAGGTGGGTGGATTACCTGAGGTTAGGAGTTCAAGACCAGCCTGGCCAACATGGTGAAACCTCATCTCTACTAAAAAGGCAGAATGAGCACAGTATGGGCCACCTGTAGTCCCAGCTACTTAGGAGGCTGAGGCAGGAGAATCACTTGAACCTGGGAGGCAGAGGTTGCAGTGAGCTGAGATCACGTCACTGCACTCCAGCCTTGGCAACTAGAGCAAAACTCTGTCCCAAACAAAACAAAACAAACAAAA"
"chr1","4093903","4094166","chr6","153299185","153299450","71","149205282","AGGACTCTGGGAGGTGGGGGTGGTCGGAATTTTTGAACTCAGGAGCTGGAGACCAGCCTGGGCAACACGGCCAGACCCCGTTAAAGTTTACAAAAAGTTTAAAATTAGTTGGGCCTGGTAGCGGGAGCCTGAGGTCCCAGCGACTCAGGAGGCTGAGGTGGAAGGATCGCCTGAGCCCAGAGGTGGAGGCTGCAGTGAACCGAGACTGCACCACTGCACTCCAGCCTGTGCAAGGCAAACTCCATCTCAAAAAAAAAAAACAAA","GCACTTTGGGAGGCCGAGGTGGGCAGATCACCTGAGGTCAGGAGTTTGAGACCAGCTTGGCCAACATGGTGAAACCCCGTCTCTACTAAAAATACAAAATTTAGATGAGTGTGGTGGTGAGCACCTGTAATCCCAGCTACTCAGGAGGCTGAGGCAGGAGAATCACTTGAACCCGGGAGGCGGAGGTTGCAGTGAGCCGTGATTGTGCCGCTGCACTCCAGCCTGGGCGACAAGAGCAAAACTCCATCTCAAAAAAAAAAAAAAAA"
"chr1","4260056","4260366","chr1","360065","360372","10","3899991","CCGGGCATGGTGGCTCACGCCTGTAATCCCAGCACTTTGGGAGGCTGAGGCGGGCAGATCACCTGAGGTCAGGAGTTTGAGACCAGCCTGGTCAACATGGTAAAACCCCGTCTCTACCAAAAATACAAAAATTAGCTGGGCGTGATGGCATGCGCCTGTAATCCCAGCTACTCGGGAGACTGAGACGGGAGAATCTCTTGAACCTGGGAGGCAGAGGTTGCAGTGAGCCGAGATCACGCCACTGCACTCCAGCCTGGGCAACAAGAGTGAAACTCTGTCTCAAAAAAAAAAAAAAAAAAAAAGGAAGGAAA","CCGGGCATGGTGGCTCACGCCTGTAATCCCAGCACTTTGGGAGGCTGAGGCGGGCAGATCACCTGAGGTCAGGAGTTTGAGACCAGCCTGGTCAACATGGTGAAACCCCGTCTCTACCAAAAATACAAAAATTAGCTGGGCATGATGGCATGCACCTGTAATCCCAGCTACTCAGGAGACTGAGATGGGAGAATCTCTTGAACCCGGGAGGCAGAGGTTGCAGTGAGCCGAGATCACGCCACTGCACTCCAGCCTGGGCAACAAGAGTGAAACTCTGTCTCAAAAAAAAAAAAAAAAAAAAAAAAAAA"
"chr1","4262393","4262706","chr1","362395","362708","8","3899998"
"chr1","4308960","4309258","chr1","407759","408056","3","3901201"
"chr1","4388793","4389091","chr10","35229644","35229943","42","30840851"
"chr1","4418411","4418722","chr5","86534254","86534559","41","82115843"
"chr1","4422835","4423147","chr1","504434","504745","8","3918401"
"chr1","4523076","4523344","chr2","202622423","202622699","44","198099347"
"chr1","4586442","4586751","chr9","63028814","63029117","44","58442372"
"chr1","4651134","4651448","chr9","41028320","41028628","38","36377186"
"chr1","4673716","4673991","chr1","207454521","207454797","48","202780805"
"chr1","4678469","4678573","chr1","759534","759638","7","3918935"
"chr1","4736764","4737068","chr1","819465","819763","7","3917299"
"chr1","4770796","4770963","chr3","157397059","157397223","30","152626263"
"chr1","4849311","4849608","chr12","118844390","118844688","35","113995079"
"chr1","4896708","4897014","chr9","41028320","41028628","33","36131612"
"chr1","4910097","4910402","chr1","991950","992256","5","3918147"
"chr1","4963639","4963951","chr10","88330401","88330712","37","83366762"
"chr1","5001730","5002027","chr5","169802583","169802887","46","164800853"
"chr1","5176969","5177266","chr1","1262430","1262730","12","3914539"
"chr1","5190221","5190527","chr2","87447080","87447383","39","82256859"
"chr1","5253651","5253958","chr1","1338023","1338327","5","3915628"
"chr1","5361331","5361641","chr1","1444411","1444723","7","3916920"
"chr1","5508584","5508889","chr3","5161952","5162258","41","346632"
"chr1","5554203","5554498","chr19","17732417","17732716","40","12178214"
"chr1","5649847","5650161","chr1","1752936","1753248","5","3896911"
"chr1","6210361","6210669","chr4","43777166","43777476","47","37566805"
"chr1","6234968","6235269","chr1","2341361","2341657","18","3893607"
"chr1","6705568","6705885","chr5","121112599","121112905","43","114407031"
"chr1","6748206","6748504","chr1","2856232","2856533","6","3891974"
"chr1","6859359","6859656","chr19","10872248","10872544","34","4012889"
"chr1","6898321","6898636","chr7","96070303","96070613","45","89171982"
"chr1","7281052","7281360","chr1","3576062","3576345","31","3704990"
"chr1","7477409","7477744","chr1","3772970","3773262","49","3704439"
"chr1","7515522","7515824","chr1","3811253","3811553","7","3704269"
"chr1","7761556","7761855","chr6","175406673","175406973","38","167645117"
"chr1","8207893","8208197","chr16","42250631","42250935","35","34042738"
"chr1","8298375","8298675","chr4","32950244","32950538","44","24651869"
"chr1","8421128","8421433","chr9","115153998","115154298","39","106732870"
"chr1","8624238","8624534","chr7","137444582","137444883","40","128820344"
"chr1","8745740","8745963","chr20","44245268","44245498","38","35499528"
"chr1","8890145","8890456","chr9","41028320","41028628","46","32138175"
"chr1","8902256","8902562","chr5","18956092","18956398","38","10053836"
"chr1","8960437","8960743","chr1","5241474","5241775","7","3718963"
"chr1","9048475","9048786","chr1","5336545","5336852","11","3711930"
"chr1","9239094","9239388","chr14","10768306","10768598","44","1529212"
"chr1","9296591","9296870","chr1","5584612","5584890","3","3711979"
"chr1","9380304","9380551","chr9","59617570","59617835","53","50237266"
"chr1","9388263","9388521","chrX","49222327","49222583","37","39834064"
"chr1","9394013","9394303","chr1","5679776","5680068","5","3714237"
"chr1","9416900","9417248","chr1","129829254","129829579","88","120412354"
"chr1","9502035","9502336","chr1","5783656","5783961","14","3718379"
"chr1","9508344","9508649","chr1","5789950","5790244","24","3718394"
"chr1","9536302","9536549","chr1","5815555","5815822","26","3720747"
"chr1","9590576","9590745","chr1","16004281","16004441","29","6413705"
"chr1","9628796","9629081","chr1","35039189","35039473","50","25410393"
"chr1","9633399","9633677","chr14","32952760","32953040","48","23319361"
"chr1","9680449","9680699","chr1","128253979","128254232","52","118573530"
"chr1","9701371","9701674","chr2","202955495","202955799","37","193254124"
"chr1","9769856","9770139","chr11","112131988","112132273","42","102362132"
"chr1","9895374","9895683","chrX","47363490","47363800","41","37468116"
"chr1","9984254","9984546","chr1","6272582","6272875","6","3711672"
"chr1","10002247","10002552","chr1","6290744","6291054","8","3711503"
"chr1","10020195","10020511","chr8","72824038","72824332","55","62803843"
"chr1","10024259","10024556","chr11","63071792","63072094","50","53047533"
"chr1","10162763","10163069","chr1","6456213","6456520","6","3706550"
"chr1","10250712","10251011","chr1","6545580","6545881","10","3705132"
"chr1","10259122","10259422","chr1","6554002","6554301","4","3705120"
"chr1","10269631","10269919","chr1","9847390","9847675","38","422241"
"chr1","10342552","10342874","chr16","66710303","66710614","44","56367751"
"chr1","10376056","10376361","chr1","6659213","6659524","10","3716843"
"chr1","10508712","10509007","chr10","65759354","65759649","38","55250642"
"chr1","10713014","10713320","chr1","37839928","37840237","46","27126914"
"chr1","10768533","10768824","chr1","7059283","7059576","8","3709250"
"chr1","10813894","10814188","chr1","7103849","7104146","9","3710045"
"chr1","10870904","10871193","chr1","7160057","7160346","5","3710847"
"chr1","10882189","10882493","chr1","7171006","7171310","3","3711183"
"chr1","10899657","10899969","chr9","41028320","41028628","44","30128663"
"chr1","11012071","11012351","chr5","85569215","85569503","62","74557144"
"chr1","11018514","11018805","chr1","7308794","7309082","14","3709720"
"chr1","11042458","11042778","chr12","62295482","62295783","61","51253024"
"chr1","11072139","11072438","chr4","32633053","32633351","34","21560914"
"chr1","11073094","11073227","chr16","7463224","7463361","31","3609870"
"chr1","11107216","11107528","chr1","7401659","7401964","15","3705557"
"chr1","11134546","11134847","chr9","95633892","95634194","35","84499346"
"chr1","11135716","11136012","chr7","95558855","95559146","30","84423139"
"chr1","11164492","11164722","chr10","77623450","77623673","36","66458958"
"chr1","11166857","11167165","chr1","7482036","7482344","4","3684821"
"chr1","11304283","11304590","chr1","129094903","129095211","43","117790620"
"chr1","11307899","11308221","chr10","22234144","22234455","48","10926245"
"chr1","11347020","11347307","chr15","6001738","6002015","44","5345282"
"chr1","11396214","11396519","chr3","32460623","32460924","49","21064409"
"chr1","11518667","11518951","chr8","42684431","42684716","44","31165764"
"chr1","11521731","11522006","chr1","7837733","7838008","5","3683998"
"chr1","11532882","11532981","chr12","83963681","83963789","18","72430799"
"chr1","11550908","11551200","chr10","17036016","17036310","34","5485108"
"chr1","11597427","11597732","chr1","7902892","7903197","10","3694535"
"chr1","11665643","11665937","chr6","135977377","135977673","45","124311734"
"chr1","11668489","11668797","chr1","7974460","7974761","11","3694029"
"chr1","11729912","11730207","chr15","406779","407070","41","11323133"
"chr1","11740118","11740399","chr16","69135847","69136129","40","57395729"
"chr1","11770853","11771135","chr2","89781504","89781789","35","78010651"
"chr1","11801534","11801846","chr1","113371731","113372040","39","101570197"
"chr1","11810417","11810715","chr1","8124109","8124407","13","3686308"
"chr1","11821925","11822043","chr5","185000001","185000120","22","173178076"
"chr1","11893258","11893334","chr1","8206480","8206556","0","3686778"
"chr1","11926669","11926973","chr10","29617192","29617497","38","17690523"
"chr1","11933348","11933642","chr1","8245561","8245855","5","3687787"
"chr1","11986742","11987046","chr2","109129520","109129825","33","97142778"
"chr1","11988813","11989121","chr15","46645036","46645347","47","34656223"
"chr1","12013385","12013697","chr1","8328691","8328989","29","3684694"
"chr1","12086579","12086869","chr17","9307361","9307644","50","2779218"
"chr1","12166620","12166919","chr1","32500112","32500424","50","20333492"
"chr1","12184881","12185186","chr1","8501896","8502208","11","3682985"
"chr1","12319897","12320211","chr5","41773732","41774035","40","29453835"
"chr1","12338152","12338440","chr8","41313655","41313943","34","28975503"
"chr1","12372283","12372574","chr1","93440412","93440706","34","81068129"
"chr1","12390002","12390114","chr1","8709477","8709588","5","3680525"
"chr1","12395435","12395588","chr1","8712684","8712843","9","3682751"
"chr1","12537446","12537748","chr20","59793701","59794009","59","47256255"
"chr1","12558220","12558503","chr16","25778063","25778340","36","13219843"
"chr1","12566602","12566890","chr8","92346531","92346819","41","79779929"
"chr1","12665495","12665806","chr1","188693941","188694241","51","176028446"
"chr1","12799029","12799328","chr1","9126239","9126543","32","3672790"
"chr1","12799389","12799681","chr1","9118286","9118579","40","3681103"
"chr1","12815663","12815948","chr2","166477559","166477846","46","153661896"
"chr1","12846055","12846366","chr4","6726025","6726335","45","6120030"
"chr1","12856753","12857060","chr1","9191437","9191744","8","3665316"
"chr1","12960585","12960891","chr4","25404861","25405161","47","12444276"
"chr1","12989391","12989680","chr1","9336849","9337138","6","3652542"
"chr1","13018874","13019060","chr1","9367006","9367193","6","3651868"
"chr1","13031854","13032157","chr1","9380538","9380837","7","3651316"
"chr1","13093889","13094166","chr1","9445943","9446224","8","3647946"
"chr1","13111841","13112141","chr1","9466493","9466788","9","3645348"
"chr1","13120360","13120639","chr1","125412534","125412824","52","112292174"
"chr1","13227880","13228180","chr7","53011137","53011438","46","39783257"
"chr1","13243340","13243613","chr1","9628703","9628970","12","3614637"
"chr1","13249860","13250160","chr5","58985559","58985857","48","45735699"
"chr1","13258736","13258998","chr14","112568055","112568320","47","99309319"
"chr1","13283195","13283483","chr1","9674808","9675100","8","3608387"
"chr1","13432386","13432653","chr1","9824363","9824646","18","3608023"
"chr1","13456408","13456702","chr1","9847390","9847675","14","3609018"
"chr1","13667622","13667917","chr1","10059296","10059597","8","3608326"
"chr1","13739257","13739531","chr20","3804720","3804994","47","9934537"
"chr1","13814123","13814422","chr1","10204106","10204405","6","3610017"
"chr1","13851599","13851926","chr1","10237498","10237786","44","3614101"
"chr1","13885045","13885363","chr1","10272747","10273057","13","3612298"
"chr1","13892203","13892501","chr1","10280175","10280479","9","3612028"
"chr1","13930959","13931277","chr10","82550685","82550998","39","68619726"
"chr1","13968102","13968416","chr7","163349357","163349670","39","149381255"
"chr1","13977899","13978201","chr4","116888019","116888318","35","102910120"
"chr1","13979512","13979656","chr5","147999049","147999187","24","134019537"
"chr1","14002193","14002464","chrX","7293478","7293753","39","6708715"
"chr1","14024364","14024669","chr1","53870362","53870673","38","39845998"
"chr1","14045570","14045871","chr1","10454834","10455142","9","3590736"
"chr1","14078068","14078366","chr11","10516060","10516352","41","3562008"
"chr1","14103700","14104000","chr5","8868729","8869028","42","5234971"
"chr1","14450703","14451017","chr9","53346767","53347080","36","38896064"
"chr1","14464911","14465223","chr1","10883558","10883861","37","3581353"
"chr1","14490232","14490546","chr1","87448547","87448862","42","72958315"
"chr1","14511991","14512250","chr10","74152117","74152374","46","59640126"
"chr1","14542591","14542884","chr11","10516060","10516352","34","4026531"
"chr1","14569917","14570220","chr1","10984191","10984503","18","3585726"
"chr1","14643894","14644205","chr11","117151786","117152096","43","102507892"
"chr1","14651075","14651366","chr1","11067859","11068151","14","3583216"
"chr1","14655951","14656267","chr9","117702192","117702499","53","103046241"
"chr1","14826845","14827067","chr2","109693856","109694072","53","94867011"
"chr1","14890869","14890957","chr1","11318654","11318742","1","3572215"
"chr1","15035969","15036294","chr8","92135177","92135491","52","77099208"
"chr1","15092964","15093266","chr1","11531506","11531807","8","3561458"
"chr1","15236815","15237110","chr8","72824038","72824332","37","57587223"
"chr1","15260385","15260484","chr3","124790327","124790427","19","109529942"
"chr1","15559528","15559823","chr15","41562776","41563067","41","26003248"
"chr1","15724444","15724749","chr3","125425134","125425442","43","109700690"
"chr1","15730730","15731035","chr3","125425134","125425442","44","109694404"
"chr1","15755476","15755768","chr5","42031778","42032069","47","26276302"
"chr1","15796094","15796399","chr4","34151114","34151419","47","18355020"
"chr1","15823998","15824317","chr4","117967859","117968170","48","102143861"
"chr1","15907465","15907761","chrX","113433151","113433451","37","97525686"
"chr1","16033122","16033400","chr2","185086790","185087083","55","169053668"
"chr1","16034915","16035234","chr1","12423244","12423540","30","3611671"
"chr1","16053014","16053323","chr1","12441622","12441932","4","3611392"
"chr1","16064432","16064744","chr11","117151786","117152096","40","101087354"
"chr1","16077294","16077603","chr19","34193976","34194287","38","18116682"
"chr1","16089373","16089669","chr3","36139696","36139995","35","20050323"
"chr1","16169743","16170050","chr7","155736932","155737240","36","139567189"
"chr1","16263821","16264115","chr1","12652526","12652828","17","3611295"
"chr1","16595863","16596188","chr13","44475078","44475381","58","27879215"
"chr1","16635993","16636305","chr4","6726025","6726335","33","9909968"
"chr1","16699922","16700219","chr1","87285213","87285503","38","70585291"
"chr1","16711133","16711296","chr1","13107805","13107961","7","3603328"
"chr1","16864866","16865107","chr1","13263394","13263634","9","3601472"
"chr1","17078893","17079192","chr1","13477426","13477726","15","3601467"
"chr1","17088892","17089243","chr2","139600761","139601093","67","122511869"
"chr1","17164648","17164947","chr8","141480987","141481288","35","124316339"
"chr1","17183718","17184033","chr3","10716492","10716803","57","6467226"
"chr1","17233257","17233571","chr1","53870362","53870673","34","36637105"
"chr1","17392741","17393052","chr1","13790415","13790711","20","3602326"
"chr1","17449478","17449790","chr8","7880126","7880434","51","9569352"
"chr1","17519420","17519721","chr1","13916352","13916653","2","3603068"
"chr1","17601718","17602024","chr2","109129520","109129825","35","91527802"
"chr1","17603630","17603929","chr1","14000644","14000943","3","3602986"
"chr1","17724099","17724413","chr3","10716492","10716803","37","7007607"
"chr1","17870862","17871181","chrX","42534967","42535279","41","24664105"
"chr1","17964876","17965194","chr1","14391077","14391392","15","3573799"
"chr1","18008480","18008783","chr1","14434443","14434741","9","3574037"
"chr1","18013377","18013646","chr11","47158355","47158645","53","29144978"
"chr1","18039274","18039550","chr4","7272764","7273042","41","10766510"
"chr1","18047209","18047525","chr2","109920859","109921158","47","91873650"
"chr1","18067448","18067715","chr1","31740592","31740858","41","13673144"
"chr1","18129346","18129598","chr1","14558469","14558714","10","3570877"
"chr1","18146537","18146842","chrX","143695839","143696143","41","125549302"
"chr1","18150189","18150481","chr6","155672750","155673046","39","137522561"
"chr1","18161257","18161551","chr2","203310670","203310965","34","185149413"
"chr1","18162767","18163059","chr6","166686121","166686419","45","148523354"
"chr1","18226179","18226240","chr19","37279278","37279337","4","19053099"
"chr1","18237667","18237960","chr17","19251921","19252213","54","1014254"
"chr1","18263383","18263700","chr15","26986646","26986958","47","8723263"
"chr1","18284136","18284436","chr1","14753472","14753765","12","3530664"
"chr1","18361726","18361950","chr15","2412775","2413028","54","15948951"
"chr1","18468015","18468351","chr7","81613180","81613498","61","63145165"
"chr1","18549275","18549608","chr1","15020446","15020775","13","3528829"
"chr1","18576394","18576708","chr9","63236196","63236503","40","44659802"
"chr1","18719296","18719608","chr19","31624647","31624952","41","12905351"
"chr1","18789550","18789836","chr1","15262282","15262568","2","3527268"
"chr1","18846781","18846996","chr4","107638826","107639041","28","88792045"
"chr1","18849732","18850029","chr1","15323538","15323836","34","3526194"
"chr1","18853147","18853426","chr1","218460788","218461068","38","199607641"
"chr1","18867061","18867373","chr6","139907528","139907838","41","121040467"
"chr1","18878216","18878510","chr8","72824038","72824332","40","53945822"
"chr1","19178050","19178342","chr11","10516060","10516352","44","8661990"
"chr1","19271305","19271601","chr1","15698122","15698446","39","3573183"
"chr1","19403178","19403441","chr2","204344884","204345149","34","184941706"
"chr1","19534708","19534997","chr1","15958327","15958616","8","3576381"
"chr1","19655253","19655589","chrX","44791376","44791714","61","25136123"
"chr1","19656160","19656449","chr1","16083692","16083981","11","3572468"
"chr1","19671870","19672158","chr1","16098908","16099197","4","3572962"
"chr1","19726588","19726888","chr1","16157595","16157888","16","3568993"
"chr1","19741535","19741846","chr1","16175074","16175385","10","3566461"
"chr1","19754552","19754844","chr8","72824038","72824332","40","53069486"
"chr1","19767960","19768268","chr1","16202602","16202908","30","3565358"
"chr1","19771571","19771859","chr16","43478607","43478902","49","23707036"
"chr1","19880053","19880351","chr1","16317597","16317894","5","3562456"
"chr1","20030114","20030420","chr2","109129520","109129825","45","89099406"
"chr1","20159369","20159591","chr16","51965135","51965360","38","31805766"
"chr1","20317702","20318020","chr1","991950","992256","43","19325752"
"chr1","20838314","20838624","chr1","129094903","129095211","45","108256589"
"chr1","20898402","20898700","chr1","17364950","17365254","13","3533452"
"chr1","21310705","21311006","chr1","110579211","110579516","45","89268506"
"chr1","21435011","21435320","chr3","180377511","180377813","46","158942500"
"chr1","21496399","21496695","chr1","17980161","17980457","6","3516238"
"chr1","21538757","21539048","chr2","203310670","203310965","35","181771913"
"chr1","21592829","21593123","chr1","18078424","18078705","35","3514405"
"chr1","21694098","21694413","chr1","18180963","18181279","8","3513135"
"chr1","21832297","21832437","chr18","40262311","40262449","21","18430014"
"chr1","21849521","21849826","chr4","127750299","127750600","43","105900778"
"chr1","21954479","21954772","chr19","10872248","10872544","32","11082231"
"chr1","21991027","21991163","chr1","18482481","18482617","4","3508546"
"chr1","22033679","22033979","chr1","110824069","110824367","37","88790390"
"chr1","22066626","22066951","chr1","22869301","22869623","80","802675"
"chr1","22066955","22067267","chr11","117151786","117152096","37","95084831"
"chr1","22133450","22133739","chr20","30581925","30582217","34","8448475"
"chr1","22146181","22146479","chr7","36332943","36333239","36","14186762"
"chr1","22244760","22245060","chrX","124158161","124158455","37","101913401"
"chr1","22439593","22439881","chr1","18939614","18939908","13","3499979"
"chr1","22654816","22655124","chr1","19155554","19155863","8","3499262"
"chr1","22819538","22819832","chr1","19323664","19323957","4","3495874"
"chr1","22922340","22922649","chrX","8089980","8090284","36","14832360"
"chr1","23033949","23034260","chr3","36619575","36619882","34","13585626"
"chr1","23070355","23070534","chr1","192676838","192677016","34","169606483"
"chr1","23145853","23146160","chr3","123853318","123853629","48","100707465"
"chr1","23289887","23290193","chr1","19796003","19796309","7","3493884"
"chr1","23401806","23402086","chr20","73720457","73720740","53","50318651"
"chr1","23468962","23469264","chr1","19974159","19974462","5","3494803"
"chr1","23497998","23498302","chr20","17904997","17905298","37","5593001"
"chr1","23508535","23508869","chr19","28409640","28409957","52","4901105"
"chr1","23643898","23644201","chr1","20155635","20155938","11","3488263"
"chr1","23710881","23711183","chr1","20255830","20256132","4","3455051"
"chr1","23771441","23771735","chrX","124158161","124158455","45","100386720"
"chr1","23858909","23859220","chr16","43763255","43763565","40","19904346"
"chr1","23955837","23955871","chr1","20505621","20505655","0","3450216"
"chr1","24016534","24016830","chrX","124158161","124158455","32","100141627"
"chr1","24061452","24061749","chr1","20617607","20617907","9","3443845"
"chr1","24098657","24098960","chr1","20654589","20654892","5","3444068"
"chr1","24107600","24107912","chr1","20664668","20664978","21","3442932"
"chr1","24134894","24135205","chr1","20691971","20692263","28","3442923"
"chr1","24174382","24174683","chr1","20732688","20732990","11","3441694"
"chr1","24228819","24228990","chr1","20788190","20788361","2","3440629"
"chr1","24230433","24230734","chr11","121985690","121985994","33","97755257"
"chr1","24231621","24231928","chr1","20790989","20791302","15","3440632"
"chr1","24260180","24260477","chr1","20821100","20821407","23","3439080"
"chr1","24271170","24271475","chr13","27837878","27838188","36","3566708"
"chr1","24428854","24429159","chr1","20988446","20988749","5","3440408"
"chr1","24552383","24552675","chr1","21114198","21114484","12","3438185"
"chr1","24640697","24640993","chr1","21202986","21203273","14","3437711"
"chr1","24650065","24650377","chr14","109248925","109249238","37","84598860"
"chr1","24659143","24659435","chr1","21221355","21221643","31","3437788"
"chr1","24660589","24660896","chr1","21222814","21223121","2","3437775"
"chr1","25095626","25095947","chrX","47003553","47003867","45","21907927"
"chr1","25164019","25164314","chr1","21730640","21730935","3","3433379"
"chr1","25207319","25207653","chr2","204074430","204074751","56","178867111"
"chr1","25211107","25211389","chr9","92005949","92006230","43","66794842"
"chr1","25216653","25216945","chr1","21784011","21784309","11","3432642"
"chr1","25336870","25337174","chr1","21905668","21905970","6","3431202"
"chr1","25352257","25352548","chr1","21921371","21921679","24","3430886"
"chr1","25355617","25355778","chr1","21924197","21924365","9","3431420"
"chr1","25390871","25391201","chr1","21961034","21961345","43","3429837"
"chr1","25407875","25408145","chr1","21977348","21977618","12","3430527"
"chr1","25470373","25470672","chr1","22038074","22038373","1","3432299"
"chr1","25544018","25544328","chr1","22119584","22119916","27","3424434"
"chr1","25544514","25544795","chr1","22120080","22120387","28","3424434"
"chr1","25735321","25735624","chr1","22312632","22312934","7","3422689"
"chr1","25814385","25814687","chr20","16349880","16350180","40","9464505"
"chr1","25843658","25843970","chr14","109248925","109249238","36","83405267"
"chr1","25900089","25900404","chr9","41028320","41028628","35","15128231"
"chr1","25906833","25906996","chr1","22484982","22485156","12","3421851"
"chr1","25947306","25947599","chr1","22525153","22525446","2","3422153"
"chr1","26055537","26055714","chr20","1395595","1395761","33","24659942"
"chr1","26066290","26066589","chr16","47222507","47222806","37","21156217"
"chr1","26097783","26098090","chr2","107478401","107478713","50","81380618"
"chr1","26114779","26115084","chr9","41028320","41028628","37","14913541"
"chr1","26115640","26115950","chr1","22692867","22693165","27","3422773"
"chr1","26155563","26155867","chr1","22736928","22737232","4","3418635"
"chr1","26174932","26175225","chr15","101128600","101128897","46","74953668"
"chr1","26221312","26221611","chr9","98439018","98439321","39","72217706"
"chr1","26267439","26267489","chr1","22851619","22851669","0","3415820"
"chr1","26267961","26268202","chr1","22852453","22852694","7","3415508"
"chr1","26279634","26279962","chr1","22869301","22869623","14","3410333"
"chr1","26280028","26280312","chr6","68376310","68376603","65","42096282"
"chr1","26390006","26390308","chr1","22978933","22979235","3","3411073"
"chr1","26411343","26411660","chrX","42534967","42535279","42","16123624"
"chr1","26427774","26428083","chr1","23016708","23017019","7","3411066"
"chr1","26537036","26537250","chr1","36725227","36725451","37","10188191"
"chr1","26537362","26537447","chr2","34708177","34708271","35","8170815"
"chr1","26663291","26663597","chr1","23253248","23253555","5","3410043"
"chr1","26708917","26709227","chr11","28744070","28744379","40","2035153"
"chr1","26736637","26736951","chr1","23328075","23328389","12","3408562"
"chr1","26831234","26831545","chr1","23425359","23425671","22","3405875"
"chr1","26933818","26934135","chr1","23528265","23528585","16","3405553"
"chr1","27316349","27316653","chr11","25291585","25291887","49","2024764"
"chr1","27508960","27509141","chr15","54704323","54704498","33","27195363"
"chr1","27509391","27509456","chr15","12137900","12137953","25","15371491"
"chr1","27518671","27518988","chr1","24125094","24125407","6","3393577"
"chr1","27595123","27595417","chr1","24202138","24202437","13","3392985"
"chr1","27609128","27609450","chr15","26986646","26986958","47","622482"
"chr1","27752612","27752916","chr5","153272771","153273078","42","125520159"
"chr1","27861144","27861442","chr7","68779914","68780215","36","40918770"
"chr1","27878493","27878799","chr9","41028320","41028628","35","13149827"
"chr1","27955667","27955973","chr7","45688800","45689110","37","17733133"
"chr1","28069794","28070061","chr13","54502592","54502864","50","26432798"
"chr1","28213422","28213638","chr20","8992409","8992637","53","19221013"
"chr1","28213846","28214159","chr1","360065","360372","44","27853781"
"chr1","28216505","28216816","chr11","109802651","109802961","37","81586146"
"chr1","28322649","28322935","chr1","24959805","24960111","21","3362844"
"chr1","28479722","28480029","chr9","118241573","118241884","37","89761851"
"chr1","28498871","28499158","chr19","30438872","30439155","46","1940001"
"chr1","28511084","28511379","chr1","25155312","25155613","13","3355772"
"chr1","28554631","28554941","chr20","61246724","61247032","40","32692093"
"chr1","28563844","28564134","chr19","10872248","10872544","42","17691596"
"chr1","28565467","28565768","chr1","25209735","25210026","13","3355732"
"chr1","28634014","28634320","chr1","25286917","25287223","3","3347097"
"chr1","28684234","28684527","chr20","742253","742546","37","27941981"
"chr1","28769266","28769560","chr19","10872248","10872544","45","17897018"
"chr1","28992430","28992717","chr1","25643742","25644029","4","3348688"
"chr1","29093446","29093736","chr1","25745187","25745479","10","3348259"
"chr1","29117550","29117831","chr1","25767759","25768066","32","3349791"
"chr1","29121196","29121508","chr2","109129520","109129825","38","80008324"
"chr1","29133704","29134003","chr2","70486705","70487011","47","41353001"
"chr1","29165011","29165292","chr6","166372135","166372406","40","137207124"
"chr1","29175624","29175880","chr20","54229588","54229846","43","25053964"
"chr1","29188069","29188334","chr4","117725280","117725547","48","88537211"
"chr1","29213957","29214272","chr1","25865201","25865516","7","3348756"
"chr1","29218376","29218689","chr1","360065","360372","41","28858311"
"chr1","29269686","29269996","chr1","25919691","25920001","4","3349995"
"chr1","29278423","29278729","chr3","10716492","10716803","42","18561931"
"chr1","29320014","29320300","chr1","25974944","25975228","12","3345070"
"chr1","29347674","29347977","chr4","118161804","118162102","49","88814130"
"chr1","29355892","29356200","chr1","26010816","26011138","31","3345076"
"chr1","29419364","29419668","chr1","26083366","26083673","7","3335998"
"chr1","29431092","29431400","chrX","42534967","42535279","42","13103875"
"chr1","29570215","29570543","chr7","52728395","52728712","58","23158180"
"chr1","29571000","29571304","chr5","41773732","41774035","43","12202732"
"chr1","29581190","29581495","chr1","26250328","26250631","10","3330862"
"chr1","29582899","29583218","chr4","73472107","73472419","49","43889208"
"chr1","29636024","29636318","chr1","26307898","26308199","13","3328126"
"chr1","29663423","29663738","chr1","26337280","26337602","11","3326143"
"chr1","29849114","29849416","chr1","26518787","26519098","14","3330327"
"chr1","29919950","29920243","chr15","101564727","101565027","50","71644777"
"chr1","29925886","29926167","chr13","46362621","46362904","83","16436735"
"chr1","29937101","29937394","chr19","28660434","28660731","63","1276667"
"chr1","29947749","29948045","chr1","26612312","26612608","9","3335437"
"chr1","30274832","30275112","chr1","26941170","26941450","2","3333662"
"chr1","30334657","30334968","chr10","10323197","10323509","33","20011460"
"chr1","30340434","30340733","chr1","27004901","27005201","7","3335533"
"chr1","30346291","30346584","chr1","27010746","27011039","2","3335545"
"chr1","30365936","30366246","chr9","41028320","41028628","36","10662384"
"chr1","30375034","30375296","chr2","202622423","202622699","31","172247389"
"chr1","30420272","30420582","chr1","27086795","27087105","3","3333477"
"chr1","30422951","30423196","chr1","27090223","27090468","2","3332728"
"chr1","30476336","30476646","chr19","34193976","34194287","37","3717640"
"chr1","30520359","30520669","chr1","27186761","27187068","9","3333598"
"chr1","30574690","30574936","chr7","52735487","52735717","48","22160797"
"chr1","30587987","30588277","chr3","155979918","155980198","52","125391931"
"chr1","30615340","30615635","chr1","27313372","27313667","3","3301968"
"chr1","30634036","30634350","chrX","42534967","42535279","41","11900931"
"chr1","30701757","30702045","chr1","27399947","27400240","10","3301810"
"chr1","30712970","30713270","chr2","20725344","20725638","36","9987626"
"chr1","30723409","30723565","chr9","42415664","42415823","29","11692255"
"chr1","30748880","30749051","chr2","71127087","71127251","25","40378207"
"chr1","30804434","30804730","chr1","27498866","27499163","10","3305568"
"chr1","30810088","30810183","chr4","36887447","36887561","23","6077359"
"chr1","30810659","30810860","chr1","27506165","27506367","3","3304494"
"chr1","30879547","30879769","chr2","202673998","202674222","37","171794451"
"chr1","30892783","30893015","chr1","27588290","27588522","4","3304493"
"chr1","30911970","30912270","chr1","27606276","27606576","4","3305694"
"chr1","30914820","30915004","chr1","192676838","192677016","41","161762018"
"chr1","30915005","30915317","chr3","10716492","10716803","47","20198513"
"chr1","30928214","30928506","chr1","27623060","27623353","6","3305154"
"chr1","30947814","30948118","chr1","27641844","27642148","5","3305970"
"chr1","30959933","30960227","chr1","27655743","27656037","0","3304190"
"chr1","30967699","30968016","chr13","74964700","74965007","55","43997001"
"chr1","30972009","30972312","chr6","39737167","39737470","32","8765158"
"chr1","31144593","31144901","chr1","27865630","27865933","8","3278963"
"chr1","31207446","31207737","chr1","27931904","27932193","5","3275542"
"chr1","31235879","31236188","chr9","41028320","41028628","42","9792441"
"chr1","31259638","31259883","chr12","20197316","20197556","38","11062322"
"chr1","31356878","31357190","chr3","178185036","178185349","50","146828158"
"chr1","31367755","31368056","chr1","28105311","28105622","14","3262444"
"chr1","31379359","31379672","chr8","42714956","42715262","45","11335597"
"chr1","31384761","31384889","chr2","111184055","111184187","20","79799294"
"chr1","31395546","31395858","chr2","54548353","54548666","38","23152807"
"chr1","31531138","31531427","chr1","28277282","28277571","4","3253856"
"chr1","31550907","31551205","chr4","116888019","116888318","35","85337112"
"chr1","31838480","31838789","chr4","6726025","6726335","39","25112455"
"chr1","31909288","31909601","chr1","28658048","28658362","22","3251240"
"chr1","32311571","32311882","chr1","29061767","29062075","9","3249804"
"chr1","32460035","32460343","chr1","29219025","29219305","35","3241010"
"chr1","32607522","32607694","chr17","18751212","18751393","37","13856310"
"chr1","32792300","32792608","chr1","29560800","29561095","17","3231500"
"chr1","32997977","32998242","chr2","202622423","202622699","42","169624446"
"chr1","33034835","33035146","chrX","5074589","5074900","41","27960246"
"chr1","33035165","33035467","chr2","109129520","109129825","32","76094355"
"chr1","33208707","33209008","chr1","30038691","30038992","5","3170016"
"chr1","33286385","33286609","chrX","9028967","9029199","53","24257418"
"chr1","33313776","33314068","chr1","30145166","30145458","3","3168610"
"chr1","33322920","33323232","chr11","117151786","117152096","42","83828866"
"chr1","33341457","33341758","chr1","30173562","30173872","18","3167895"
"chr1","33350286","33350595","chrX","112167564","112167863","51","78817278"
"chr1","33352735","33353051","chr1","30184782","30185098","14","3167953"
"chr1","33361541","33361840","chr1","30196159","30196458","6","3165382"
"chr1","33377442","33377753","chr1","30213817","30214128","3","3163625"
"chr1","33392795","33393086","chr1","30230772","30231074","13","3162023"
"chr1","33433238","33433548","chr1","30271753","30272037","32","3161485"
"chr1","33461469","33461782","chr1","30300146","30300459","12","3161323"
"chr1","33490356","33490593","chr7","53491760","53491999","36","20001404"
"chr1","33503376","33503670","chr1","30345374","30345667","4","3158002"
"chr1","33546599","33546895","chr1","30389997","30390292","4","3156602"
"chr1","33620430","33620728","chr1","30464304","30464602","4","3156126"
"chr1","33629247","33629547","chr2","203310670","203310965","40","169681423"
"chr1","33716633","33716924","chr1","30558704","30558995","1","3157929"
"chr1","33732481","33732777","chr1","93440412","93440706","38","59707931"
"chr1","33738798","33739108","chr1","30580527","30580837","7","3158271"
"chr1","33925965","33926287","chr2","201138593","201138900","40","167212628"
"chr1","34028629","34028938","chr1","30875116","30875425","5","3153513"
"chr1","34052452","34052761","chr6","128812162","128812464","35","94759710"
"chr1","34148681","34148988","chr1","30990928","30991235","4","3157753"
"chr1","34187322","34187605","chr2","203310670","203310965","44","169123348"
"chr1","34229017","34229299","chr1","131659522","131659810","53","97430505"
"chr1","34267954","34268252","chr1","31104774","31105072","5","3163180"
"chr1","34297433","34297624","chr11","363800","363982","83","33933633"
"chr1","34299376","34299463","chr13","76459559","76459649","17","42160183"
"chr1","34307632","34307935","chr1","31144921","31145224","5","3162711"
"chr1","34318578","34318810","chr19","1855282","1855520","40","32463296"
"chr1","34326620","34326921","chr1","31165045","31165339","10","3161575"
"chr1","34393115","34393416","chr1","31231869","31232170","6","3161246"
"chr1","34556046","34556360","chr1","31407718","31408024","13","3148328"
"chr1","34612814","34613103","chr1","31469072","31469368","15","3143742"
"chr1","34695205","34695498","chr1","31551983","31552277","6","3143222"
"chr1","34721389","34721684","chr1","31578523","31578823","15","3142866"
"chr1","34811357","34811663","chr3","125425134","125425442","42","90613777"
"chr1","34819510","34819798","chr6","79022858","79023154","40","44203348"
"chr1","34865514","34865819","chr1","31725923","31726225","6","3139591"
"chr1","34880929","34881198","chr1","31740592","31740858","9","3140337"
"chr1","34920272","34920570","chr19","36130755","36131051","33","1210483"
"chr1","34941071","34941385","chr15","42808664","42808977","37","7867593"
"chr1","35012388","35012703","chr1","31874524","31874839","4","3137864"
"chr1","35289861","35290160","chr1","50426566","50426874","50","15136705"
"chr1","35383740","35384052","chr1","32285657","32285969","6","3098083"
"chr1","35450888","35451199","chr1","32355881","32356192","7","3095007"
"chr1","35468076","35468372","chr1","32372474","32372774","8","3095602"
"chr1","35480492","35480663","chr3","170128116","170128280","29","134647624"
"chr1","35532425","35532719","chr1","32437110","32437404","4","3095315"
"chr1","35594722","35595034","chr1","32500112","32500424","5","3094610"
"chr1","35597692","35597980","chr11","10576308","10576599","39","25021384"
"chr1","35692511","35692817","chr1","32598605","32598906","10","3093906"
"chr1","35758416","35758706","chr15","46215391","46215683","35","10456975"
"chr1","35814904","35815200","chr1","32728369","32728664","5","3086535"
"chr1","36482292","36482605","chr3","48403991","48404294","45","11921699"
"chr1","36870744","36871058","chr1","33784905","33785216","7","3085839"
"chr1","37168803","37168982","chr2","40659083","40659261","23","3490280"
"chr1","37239320","37239634","chr1","129094903","129095211","45","91855583"
"chr1","37303253","37303564","chr8","92135177","92135491","37","54831924"
"chr1","37348322","37348624","chr1","34272993","34273295","2","3075329"
"chr1","37412329","37412613","chr1","34338999","34339283","8","3073330"
"chr1","37461457","37461767","chr1","34387081","34387386","8","3074376"
"chr1","37503917","37504213","chr19","11306840","11307135","43","26197077"
"chr1","37527008","37527314","chr1","165289062","165289371","44","127762054"
"chr1","37565539","37565847","chr12","50823074","50823380","44","13257535"
"chr1","37656681","37656991","chr10","63405659","63405967","46","25748978"
"chr1","37733592","37733903","chr1","34649485","34649796","7","3084107"
"chr1","37847032","37847316","chr1","34764117","34764402","7","3082915"
"chr1","37886890","37887158","chr1","34802914","34803185","6","3083976"
"chr1","37927817","37928134","chr1","34843465","34843744","45","3084352"
"chr1","37946283","37946580","chr1","34862043","34862326","18","3084240"
"chr1","38027868","38028165","chr1","34949263","34949575","19","3078605"
"chr1","38089575","38089888","chr1","35010071","35010384","12","3079504"
"chr1","38133242","38133535","chr11","10516060","10516352","36","27617182"
"chr1","38301921","38302238","chr1","35220323","35220635","10","3081598"
"chr1","38336707","38336989","chr6","114533246","114533529","33","76196539"
"chr1","38344436","38344737","chr1","35263503","35263801","6","3080933"
"chr1","38390473","38390748","chr2","202622423","202622699","32","164231950"
"chr1","38466225","38466510","chr1","35388734","35389010","12","3077491"
"chr1","38510878","38511182","chr1","35438791","35439095","4","3072087"
"chr1","38527100","38527373","chr1","30271753","30272037","54","8255347"
"chr1","38544699","38545004","chr1","35471456","35471736","32","3073243"
"chr1","38555147","38555442","chr1","35482561","35482855","5","3072586"
"chr1","38572204","38572511","chr20","50376728","50377032","37","11804524"
"chr1","38755460","38755757","chr1","35680231","35680528","4","3075229"
"chr1","38767753","38768047","chr1","35692495","35692789","5","3075258"
"chr1","38876603","38876912","chrX","123495796","123496096","54","84619193"
"chr1","39539272","39539574","chr1","36458011","36458313","2","3081261"
"chr1","39627340","39627648","chr1","36548651","36548955","9","3078689"
"chr1","39794428","39794713","chr1","36719683","36719968","4","3074745"
"chr1","39816891","39817180","chr11","68960875","68961167","41","29143984"
"chr1","39831578","39831851","chr16","11582277","11582557","51","28249301"
"chr1","39957785","39957994","chr1","27506165","27506367","32","12451620"
"chr1","39986085","39986362","chr1","36911494","36911771","4","3074591"
"chr1","40112101","40112395","chr1","37037731","37038027","4","3074370"
"chr1","40135712","40136013","chr1","37060207","37060508","2","3075505"
"chr1","40143446","40143697","chr1","37067943","37068194","4","3075503"
"chr1","40202646","40202910","chr11","131964697","131964960","34","91762051"
"chr1","40312509","40312814","chr3","163926008","163926304","35","123613499"
"chr1","40358757","40359065","chr1","38899137","38899444","48","1459620"
"chr1","40397648","40397948","chr1","37324206","37324506","6","3073442"
"chr1","40461969","40462247","chr13","44595815","44596092","45","4133846"
"chr1","40614162","40614457","chrX","123495796","123496096","52","82881634"
"chr1","40910340","40910650","chr1","37839928","37840237","19","3070412"
"chr1","41010985","41011289","chr1","37939494","37939797","6","3071491"
"chr1","41036433","41036740","chr1","37963861","37964170","8","3072572"
"chr1","41104943","41105269","chr1","38036778","38037075","47","3068165"
"chr1","41123772","41124071","chr4","116888019","116888318","34","75764247"
"chr1","41155826","41156116","chr1","38089195","38089499","20","3066631"
"chr1","41215491","41215790","chr1","114672294","114672592","36","73456803"
"chr1","41217665","41217981","chr14","112831051","112831362","52","71613386"
"chr1","41235431","41235743","chr2","27915046","27915358","43","13320385"
"chr1","41300492","41300540","chrUn_NW_014806426v1","122","170","11","41300370"
"chr1","41342453","41342731","chr6","166372135","166372406","48","125029682"
"chr1","41418836","41419120","chr1","38517557","38517843","11","2901279"
"chr1","41435533","41435845","chrX","8089980","8090284","50","33345553"
"chr1","41527661","41527962","chr10","35229644","35229943","35","6298017"
"chr1","41713357","41713670","chr2","109129520","109129825","37","67416163"
"chr1","41728131","41728440","chr7","95835996","95836307","43","54107865"
"chr1","41802732","41803036","chr1","38899137","38899444","6","2903595"
"chr1","41851602","41851756","chr1","38947599","38947764","11","2904003"
"chr1","41974496","41974809","chr2","1011747","1012059","42","40962749"
"chr1","42054369","42054663","chr1","39145415","39145711","8","2908954"
"chr1","42120703","42121015","chr2","1011747","1012059","46","41108956"
"chr1","42191804","42192104","chr1","39300281","39300586","6","2891523"
"chr1","42274293","42274597","chr1","39386083","39386384","6","2888210"
"chr1","42289881","42290175","chr6","170477980","170478278","21","128188099"
"chr1","42293325","42293636","chr6","170474545","170474856","7","128181220"
"chr1","42387438","42387748","chrX","8089980","8090284","48","34297458"
"chr1","42644073","42644375","chr7","20375134","20375447","33","22268939"
"chr1","42645199","42645509","chr1","39791879","39792190","4","2853320"
"chr1","42670667","42670964","chr1","39812051","39812353","6","2858616"
"chr1","42889251","42889545","chr1","40028278","40028572","11","2860973"
"chr1","42900045","42900342","chr1","40039041","40039341","8","2861004"
"chr1","43046794","43047097","chr1","40186948","40187243","11","2859846"
"chr1","43137457","43137607","chr10","29883799","29883940","25","13253658"
"chr1","43138359","43138662","chr1","40278992","40279298","5","2859367"
"chr1","43269132","43269401","chr1","40413801","40414088","25","2855331"
"chr1","43297246","43297555","chr1","40441942","40442251","6","2855304"
"chr1","43378119","43378422","chr1","40512340","40512643","2","2865779"
"chr1","43390477","43390782","chr10","29617192","29617497","36","13773285"
"chr1","43455145","43455445","chr1","40584332","40584634","8","2870813"
"chr1","43474009","43474251","chr1","40603543","40603784","3","2870466"
"chr1","43474329","43474374","chr5","186080210","186080246","12","142605881"
"chr1","43701426","43701704","chr1","40875127","40875421","25","2826299"
"chr1","43770082","43770367","chrX","128782133","128782411","50","85012051"
"chr1","43812337","43812649","chr10","88330401","88330712","47","44518064"
"chr1","44392116","44392412","chr11","10510209","10510515","48","33881907"
"chr1","44466092","44466396","chr7","67574784","67575079","39","23108692"
"chr1","44521994","44522306","chrX","143695839","143696143","34","99173845"
"chr1","44528700","44528987","chr1","41715050","41715337","4","2813650"
"chr1","44656892","44657202","chr11","119877526","119877831","43","75220634"
"chr1","44814308","44814601","chr1","42005782","42006075","6","2808526"
"chr1","44922831","44923102","chr7","8314401","8314669","40","36608430"
"chr1","45083893","45084173","chr1","42319868","42320152","12","2764025"
"chr1","45084772","45085084","chrX","47003553","47003867","43","1918781"
"chr1","45129787","45130099","chr1","42367082","42367394","3","2762705"
"chr1","45139071","45139365","chr17","9978126","9978424","37","35160945"
"chr1","45139368","45139677","chr1","154900380","154900688","44","109761012"
"chr1","45157919","45158212","chr1","152100248","152100537","60","106942329"
"chr1","45162539","45162831","chr8","139490774","139491064","41","94328235"
"chr1","45231151","45231360","chr14","87847060","87847279","49","42615909"
"chr1","45243103","45243407","chr1","42482134","42482420","23","2760969"
"chr1","45574651","45574970","chr1","42775511","42775833","8","2799140"
"chr1","45690301","45690603","chr5","169292376","169292670","41","123602075"
"chr1","45809049","45809362","chrX","8089980","8090284","42","37719069"
"chr1","45939464","45939770","chr1","43139514","43139822","22","2799950"
"chr1","45939923","45940237","chr1","43139968","43140269","31","2799955"
"chr1","46023396","46023695","chr1","25343836","25344135","38","20679560"
"chr1","46150013","46150319","chr1","43349640","43349942","6","2800373"
"chr1","46229052","46229360","chr1","43430480","43430780","16","2798572"
"chr1","46230293","46230515","chr7","78340129","78340349","39","32109836"
"chr1","46394625","46394935","chr1","43641798","43642098","12","2752827"
"chr1","46403566","46403864","chr4","34151114","34151419","40","12252452"
"chr1","46411250","46411558","chrX","42534967","42535279","39","3876283"
"chr1","46477160","46477472","chr9","41028320","41028628","46","5448840"
"chr1","46497656","46497965","chr2","63731365","63731674","49","17233709"
"chr1","46902139","46902453","chr14","112831051","112831362","34","65928912"
"chr1","46977448","46977740","chr10","72475306","72475600","38","25497858"
"chr1","47029244","47029528","chr1","44279533","44279819","14","2749711"
"chr1","47071644","47071950","chr1","44320560","44320859","9","2751084"
"chr1","47087853","47088149","chr1","44337046","44337344","5","2750807"
"chr1","47140921","47141208","chr15","101434484","101434767","36","54293563"
"chr1","47164050","47164343","chr1","44413668","44413958","7","2750382"
"chr1","47227193","47227475","chr18","6830799","6831086","34","40396394"
"chr1","47253483","47253793","chr15","42808664","42808977","40","4444819"
"chr1","47282575","47282863","chr1","44545079","44545366","6","2737496"
"chr1","47438625","47438891","chr1","188394116","188394404","57","140955491"
"chr1","47552871","47553175","chr1","44896103","44896412","6","2656768"
"chr1","47598300","47598565","chrX","7293478","7293753","40","40304822"
"chr1","47688760","47689035","chr2","202622423","202622699","41","154933663"
"chr1","47699017","47699335","chr4","85784216","85784527","48","38085199"
"chr1","47748079","47748177","chr17","455864","455963","19","47292215"
"chr1","47761303","47761596","chr1","45095259","45095553","4","2666044"
"chr1","47807321","47807644","chr1","45145057","45145377","9","2662264"
"chr1","47924558","47924869","chr1","45268933","45269243","6","2655625"
"chr1","47946709","47947013","chr11","20222540","20222852","56","27724169"
"chr1","48249885","48250205","chr1","45597948","45598266","11","2651937"
"chr1","48313158","48313462","chr1","45660933","45661237","1","2652225"
"chr1","48363162","48363476","chr10","88330401","88330712","39","39967239"
"chr1","48368549","48368840","chr1","121274889","121275179","50","72906340"
"chr1","48453494","48453800","chr9","41028320","41028628","36","7425174"
"chr1","48484015","48484317","chr12","62295482","62295783","38","13811467"
"chr1","48501679","48501978","chr1","45849277","45849579","6","2652402"
"chr1","48599452","48599516","chr13","88298273","88298335","13","39698821"
"chr1","48605621","48605934","chr11","74878801","74879097","54","26273180"
"chr1","48669007","48669320","chr1","46029623","46029939","12","2639384"
"chr1","48904344","48904644","chr8","22941394","22941693","61","25962950"
"chr1","49062314","49062591","chr10","79641064","79641347","47","30578750"
"chr1","49141625","49141920","chr1","46492519","46492813","6","2649106"
"chr1","49218164","49218477","chr1","116955760","116956069","39","67737596"
"chr1","49340999","49341315","chr1","124084826","124085135","50","74743827"
"chr1","49349969","49350151","chr13","97316852","97317027","29","47966883"
"chr1","49424888","49425207","chr11","55363814","55364125","47","5938926"
"chr1","49460443","49460753","chr1","53870362","53870673","38","4409919"
"chr1","49511714","49511913","chr19","31985753","31985941","34","17525961"
"chr1","50147710","50148004","chr2","203310670","203310965","35","153162960"
"chr1","50338148","50338461","chr1","47692286","47692583","21","2645862"
"chr1","50652210","50652455","chr1","47958269","47958533","21","2693941"
"chr1","50773549","50773722","chr13","97316852","97317027","26","46543303"
"chr1","50851872","50852199","chr4","140514582","140514905","46","89662710"
"chr1","51604166","51604424","chr15","89061568","89061834","51","37457402"
"chr1","52086343","52086641","chr1","49381671","49381971","6","2704672"
"chr1","52354096","52354392","chr2","40865043","40865350","44","11489053"
"chr1","52800077","52800372","chr16","45210778","45211077","41","7589299"
"chr1","52874707","52874982","chr1","50233385","50233660","3","2641322"
"chr1","52881395","52881719","chr10","80602677","80602963","71","27721282"
"chr1","53029751","53030029","chr1","50394836","50395114","3","2634915"
"chr1","53137474","53137804","chr15","9618546","9618854","62","43518928"
"chr1","53196463","53196731","chr1","50572891","50573159","1","2623572"
"chr1","53221254","53221542","chr20","59318037","59318336","43","6096783"
"chr1","53360265","53360552","chr1","50743099","50743386","8","2617166"
"chr1","53373126","53373435","chr1","50756331","50756643","15","2616795"
"chr1","53388661","53388967","chr1","50772290","50772596","3","2616371"
"chr1","53529336","53529648","chr1","50913854","50914166","8","2615482"
"chr1","53571993","53572306","chr3","30295292","30295604","36","23276701"
"chr1","53581783","53582098","chr8","10724322","10724635","48","42857461"
"chr1","53661681","53661987","chr1","51046173","51046486","12","2615508"
"chr1","53676233","53676541","chr7","164498210","164498508","41","110821977"
"chr1","53676654","53676967","chr1","20790989","20791302","41","32885665"
"chr1","53678911","53679211","chr10","92453277","92453576","48","38774366"
"chr1","53784750","53785046","chr11","10516060","10516352","32","43268690"
"chr1","53813426","53813717","chr1","152100248","152100537","46","98286822"
"chr1","53896349","53896666","chr1","51292959","51293248","33","2603390"
"chr1","54200844","54201151","chr9","41028320","41028628","42","13172524"
"chr1","54272478","54272753","chr2","113392395","113392673","58","59119917"
"chr1","54278620","54278917","chr18","2523617","2523913","43","51755003"
"chr1","54301860","54302155","chr6","166686121","166686419","31","112384261"
"chr1","54323024","54323302","chr1","218460788","218461068","37","164137764"
"chr1","54338305","54338594","chr1","51738040","51738329","4","2600265"
"chr1","54359235","54359540","chr10","14702098","14702414","53","39657137"
"chr1","54368770","54369072","chr1","188693941","188694241","34","134325171"
"chr1","54375971","54376238","chr14","112568055","112568320","34","58192084"
"chr1","54420365","54420680","chr1","51820793","51821108","5","2599572"
"chr1","54429214","54429505","chr11","15176677","15176974","57","39252537"
"chr1","54447292","54447592","chr1","51849272","51849572","4","2598020"
"chr1","54570764","54571031","chr1","26357784","26358060","49","28212980"
"chr1","54621856","54622156","chr8","133939584","133939888","38","79317728"
"chr1","54703782","54704047","chr12","114389088","114389354","40","59685306"
"chr1","54715266","54715552","chr1","52127042","52127332","12","2588224"
"chr1","54721295","54721438","chr18","11586438","11586591","29","43134857"
"chr1","54848320","54848631","chr9","41028320","41028628","41","13820000"
"chr1","54894546","54894839","chr1","52305754","52306074","32","2588792"
"chr1","54918481","54918792","chr1","52328923","52329234","6","2589558"
"chr1","54938905","54938971","chr2","204025554","204025617","9","149086649"
"chr1","54943274","54943568","chr4","32633053","32633351","41","22310221"
"chr1","54985770","54986058","chr1","52400324","52400612","5","2585446"
"chr1","55042323","55042619","chr1","10059296","10059597","40","44983027"
"chr1","55054781","55055118","chr1","52471982","52472304","22","2582799"
"chr1","55058340","55058631","chr10","47632084","47632378","42","7426256"
"chr1","55080493","55080795","chr4","116888019","116888318","35","61807526"
"chr1","55091459","55091778","chr1","52511250","52511551","19","2580209"
"chr1","55093998","55094311","chr1","52513772","52514085","11","2580226"
"chr1","55095056","55095363","chr16","62857267","62857580","36","7762211"
"chr1","55112449","55112742","chr8","92346531","92346819","46","37234082"
"chr1","55145968","55146255","chr1","52562757","52563044","2","2583211"
"chr1","55175745","55176044","chr1","52593266","52593576","16","2582479"
"chr1","55225267","55225557","chr7","163786549","163786851","44","108561282"
"chr1","55277589","55277865","chr4","117725280","117725547","51","62447691"
"chr1","55372932","55373037","chr4","21807442","21807542","21","33565490"
"chr1","55387675","55387991","chr9","41028320","41028628","39","14359355"
"chr1","56033910","56034075","chrX","829856","830019","25","55204054"
"chr1","56039270","56039596","chr1","53496213","53496539","6","2543057"
"chr1","56130518","56130813","chr1","53591485","53591778","2","2539033"
"chr1","56167409","56167712","chr1","53628853","53629158","5","2538556"
"chr1","56172288","56172537","chr1","53633866","53634115","4","2538422"
"chr1","56191208","56191499","chr1","53653254","53653563","40","2537954"
"chr1","56213326","56213638","chr1","53675323","53675635","10","2538003"
"chr1","56263274","56263590","chr1","212367041","212367355","43","156103767"
"chr1","56408793","56409103","chr1","53870362","53870673","5","2538431"
"chr1","56413547","56413841","chr1","53875113","53875406","9","2538434"
"chr1","56499640","56499956","chr19","33672717","33673016","54","22826923"
"chr1","56556288","56556587","chr1","54020189","54020488","7","2536099"
"chr1","56642601","56642915","chr1","54108295","54108605","8","2534306"
"chr1","56873642","56873990","chr11","118096075","118096412","54","61222433"
"chr1","56907792","56908079","chr13","91602087","91602380","47","34694295"
"chr1","57090946","57091256","chr1","54548609","54548922","30","2542337"
"chr1","57130234","57130530","chr1","54588087","54588382","2","2542147"
"chr1","57164930","57165229","chr1","54622531","54622827","12","2542399"
"chr1","57169551","57169859","chr1","54627152","54627460","3","2542399"
"chr1","57213501","57213808","chr1","54670558","54670865","16","2542943"
"chr1","57528603","57528906","chr1","54991732","54992030","10","2536871"
"chr1","57691264","57691536","chr14","112568055","112568320","50","54876791"
"chr1","58555717","58556022","chr1","56055774","56056070","19","2499943"
"chr1","58628264","58628569","chr1","56128414","56128722","7","2499850"
"chr1","59155212","59155503","chr15","18234057","18234351","48","40921155"
"chr1","59376589","59376893","chr7","2541815","2542123","46","56834774"
"chr1","59403434","59403699","chr1","43507053","43507311","40","15896381"
"chr1","59640804","59641121","chr1","57146389","57146706","2","2494415"
"chr1","59866711","59867024","chr7","157654660","157654971","36","97787949"
"chr1","60822228","60822541","chr6","172976638","172976945","42","112154410"
"chr1","60854761","60855048","chr1","58362715","58363001","6","2492046"
"chr1","61044920","61045215","chr7","155736932","155737240","44","94692012"
"chr1","61653764","61654051","chr10","12491737","12492027","49","49162027"
"chr1","61770910","61771185","chr16","68764971","68765237","49","6994061"
"chr1","61960676","61960917","chr1","59487468","59487742","41","2473208"
"chr1","62134886","62135187","chr19","15282895","15283197","30","46851991"
"chr1","62345456","62345631","chr12","7224712","7224879","31","55120744"
"chr1","62485846","62486142","chr1","114672294","114672592","42","52186448"
"chr1","62605370","62605651","chr1","60175261","60175547","7","2430109"
"chr1","62872796","62873133","chr10","17717910","17718235","59","45154886"
"chr1","63023684","63023983","chr9","53346767","53347080","52","9676917"
"chr1","63171107","63171420","chr13","25827218","25827525","46","37343889"
"chr1","63693707","63694005","chr1","61279982","61280282","9","2413725"
"chr1","63774166","63774470","chr1","220061621","220061923","47","156287455"
"chr1","63822696","63822999","chr1","131734616","131734927","50","67911920"
"chr1","63864804","63865120","chr1","61457623","61457937","21","2407181"
"chr1","63902653","63902936","chr1","61493472","61493757","5","2409181"
"chr1","64173222","64173530","chr11","95971904","95972210","37","31798682"
"chr1","64241623","64241919","chr1","61837841","61838155","25","2403782"
"chr1","64326439","64326769","chr2","183368320","183368644","62","119041881"
"chr1","64346501","64346805","chr1","61939940","61940231","19","2406561"
"chr1","64362424","64362749","chr1","10059296","10059597","57","54303128"
"chr1","64381557","64381874","chr1","12441622","12441932","42","51939935"
"chr1","64421897","64422209","chr1","62016381","62016693","3","2405516"
"chr1","64432282","64432583","chr1","62026762","62027063","7","2405520"
"chr1","64529661","64529968","chr14","32483070","32483379","50","32046591"
"chr1","64697330","64697639","chr1","62292931","62293240","4","2404399"
"chr1","64821128","64821398","chr16","68764971","68765237","50","3943843"
"chr1","64846746","64847057","chr1","62442985","62443288","13","2403761"
"chr1","64849774","64850086","chr1","62446018","62446331","40","2403756"
"chr1","64926769","64927068","chr1","62523323","62523630","15","2403446"
"chr1","65136792","65137097","chr1","62727579","62727884","6","2409213"
"chr1","65157122","65157423","chr1","62747919","62748221","13","2409203"
"chr1","66357747","66358080","chr1","63953564","63953901","21","2404183"
"chr1","66378818","66379128","chr1","63974196","63974491","25","2404622"
"chr1","66444320","66444631","chr1","360065","360372","41","66084255"
"chr1","66776598","66776885","chr17","29004829","29005110","50","37771769"
"chr1","67038622","67038942","chr1","64650335","64650621","35","2388287"
"chr1","67090542","67090825","chr1","64703477","64703766","15","2387065"
"chr1","67111987","67112292","chr3","36570117","36570417","44","30541870"
"chr1","67113830","67114150","chr1","64728469","64728788","7","2385361"
"chr1","67161288","67161578","chr1","64778209","64778502","7","2383079"
"chr1","67179269","67179538","chr10","51469160","51469435","38","15710109"
"chr1","67214806","67215103","chr1","64829848","64830149","8","2384958"
"chr1","67376164","67376477","chr5","153272771","153273078","40","85896607"
"chr1","67383963","67384264","chr1","65051205","65051508","10","2332758"
"chr1","67432863","67433165","chr1","65100555","65100853","9","2332308"
"chr1","67783223","67783535","chr1","65458641","65458954","9","2324582"
"chr1","68187180","68187491","chr1","65900108","65900416","9","2287072"
"chr1","68394947","68395251","chr9","108962245","108962550","45","40567298"
"chr1","68938814","68939116","chr1","66653092","66653394","2","2285722"
"chr1","69010762","69011048","chr19","51940633","51940923","49","17070129"
"chr1","69417936","69418229","chr1","67123290","67123588","8","2294646"
"chr1","69450013","69450317","chr10","54564473","54564781","55","14885540"
"chr1","69705092","69705406","chr1","67413090","67413406","8","2292002"
"chr1","70078124","70078414","chr6","133406856","133407151","47","63328732"
"chr1","70355164","70355457","chr1","68065740","68066036","9","2289424"
"chr1","70600904","70601209","chr1","68316093","68316401","13","2284811"
"chr1","71822133","71822451","chr1","69536706","69537010","21","2285427"
"chr1","71941685","71942002","chr3","178948248","178948560","41","107006563"
"chr1","72191993","72192296","chr1","69910997","69911300","2","2280996"
"chr1","72305702","72306016","chr7","163349357","163349670","36","91043655"
"chr1","72445093","72445357","chr1","70211140","70211404","4","2233953"
"chr1","72500119","72500412","chr1","70265421","70265711","17","2234698"
"chr1","72611771","72612073","chr9","41028320","41028628","40","31583451"
"chr1","73417675","73417977","chr1","52328923","52329234","54","21088752"
"chr1","73668051","73668360","chr14","13010878","13011189","44","60657173"
"chr1","74034967","74035221","chrX","66058933","66059196","37","7976034"
"chr1","74411578","74411886","chr1","72223881","72224194","10","2187697"
"chr1","74651094","74651381","chr1","153472046","153472335","39","78820952"
"chr1","74707177","74707489","chr1","72547004","72547286","38","2160173"
"chr1","75292509","75292813","chr1","73136056","73136332","33","2156453"
"chr1","75799888","75800192","chr1","73675627","73675933","9","2124261"
"chr1","76102290","76102593","chr18","35204876","35205190","54","40897414"
"chr1","76136733","76137035","chr6","64317330","64317632","39","11819403"
"chr1","77817001","77817318","chr14","22411607","22411921","42","55405394"
"chr1","77876870","77877171","chr1","188693941","188694241","47","110817071"
"chr1","77949404","77949516","chr1","75873765","75873880","7","2075639"
"chr1","79066439","79066755","chr2","94213957","94214267","43","15147518"
"chr1","79667872","79668158","chr1","77634247","77634547","19","2033625"
"chr1","79790853","79791153","chr1","77758671","77758970","4","2032182"
"chr1","79799824","79800127","chr1","197972712","197973010","54","118172888"
"chr1","79866605","79866908","chr1","77831667","77831968","4","2034938"
"chr1","79892489","79892791","chr1","32500112","32500424","48","47392377"
"chr1","79917383","79917687","chr1","77871183","77871487","4","2046200"
"chr1","79979694","79980008","chr4","34151114","34151419","37","45828580"
"chr1","80122036","80122350","chr2","160278610","160278915","44","80156574"
"chr1","80139364","80139672","chr1","26083366","26083673","42","54055998"
"chr1","80243784","80243971","chr1","78204912","78205100","3","2038872"
"chr1","80334903","80335208","chr9","115153998","115154298","45","34819095"
"chr1","80581582","80581877","chr1","78546702","78546997","6","2034880"
"chr1","81041443","81041723","chr9","45697264","45697545","44","35344179"
"chr1","83553510","83553823","chr1","81677577","81677878","14","1875933"
"chr1","83768160","83768345","chr20","74120105","74120280","32","9648055"
"chr1","83841850","83842141","chr18","25614685","25614975","38","58227165"
"chr1","83907871","83908175","chr1","82035727","82036020","13","1872144"
"chr1","85884885","85885181","chr1","6984829","6985127","40","78900056"
"chr1","85986404","85986715","chr1","85385003","85385313","6","601401"
"chr1","86103179","86103495","chrX","23126700","23127011","52","62976479"
"chr1","86305941","86306245","chr1","85707002","85707306","5","598939"
"chr1","86480056","86480361","chr1","85881465","85881756","16","598591"
"chr1","86679377","86679678","chr1","86083930","86084231","4","595447"
"chr1","86887717","86888035","chr1","86299738","86300057","11","587979"
"chr1","86935025","86935337","chr1","86347551","86347863","7","587474"
"chr1","87411224","87411524","chr1","86819890","86820189","4","591334"
"chr1","87440561","87440888","chr1","86850828","86851155","8","589733"
"chr1","87494283","87494588","chr5","93197990","93198298","50","5703707"
"chr1","87568139","87568448","chrX","38336546","38336859","37","49231593"
"chr1","87582133","87582446","chr1","86965039","86965350","5","617094"
"chr1","87651074","87651376","chr1","135875064","135875371","41","48223990"
"chr1","87661534","87661787","chr1","26357784","26358060","62","61303750"
"chr1","87756309","87756611","chr1","87139513","87139810","8","616796"
"chr1","87846560","87846855","chr19","4027485","4027774","48","83819075"
"chr1","87900585","87900884","chr1","87285213","87285503","18","615372"
"chr1","88051512","88051695","chr3","68072855","68073031","33","19978657"
"chr1","88080907","88081222","chr1","87448547","87448862","9","632360"
"chr1","88307312","88307622","chr1","87670958","87671252","21","636354"
"chr1","88707462","88707751","chr1","88082944","88083233","6","624518"
"chr1","89245355","89245664","chr9","98357672","98357984","50","9112317"
"chr1","89587686","89587975","chr1","5241474","5241775","53","84346212"
"chr1","89601606","89601913","chr1","89100770","89101076","8","500836"
"chr1","89672479","89672778","chr13","80215234","80215538","44","9457245"
"chr1","90433865","90434165","chr1","89973741","89974033","9","460124"
"chr1","90515582","90515895","chrX","42534967","42535279","34","47980615"
"chr1","90634597","90634733","chr8","113434986","113435134","31","22800389"
"chr1","90639885","90640193","chr1","90183979","90184283","11","455906"
"chr1","91370627","91370885","chr3","165677568","165677814","51","74306941"
"chr1","91539046","91539350","chr1","91067296","91067590","15","471750"
"chr1","91544897","91545207","chr1","91073160","91073473","29","471737"
"chr1","91549290","91549590","chr1","91077075","91077373","5","472215"
"chr1","91560559","91560862","chr1","91088335","91088641","12","472224"
"chr1","91569275","91569599","chrX","64346488","64346795","57","27222787"
"chr1","91659158","91659458","chr1","40186948","40187243","44","51472210"
"chr1","91761355","91761658","chr1","91288380","91288676","16","472975"
"chr1","91789934","91790248","chr6","140024892","140025205","43","48234958"
"chr1","91812399","91812693","chr10","91874404","91874698","38","62005"
"chr1","91897714","91898026","chr10","76840766","76841077","38","15056948"
"chr1","91976698","91976985","chr1","91561683","91561970","5","415015"
"chr1","92259089","92259373","chr1","91918026","91918310","5","341063"
"chr1","92405130","92405431","chr1","92051817","92052118","5","353313"
"chr1","92406232","92406517","chr1","92052912","92053200","9","353320"
"chr1","92562504","92562817","chr1","92216374","92216660","34","346130"
"chr1","92609251","92609554","chr1","92261731","92262027","12","347520"
"chr1","92823167","92823319","chr14","10542357","10542509","24","82280810"
"chr1","92889911","92890208","chr1","30345374","30345667","45","62544537"
"chr1","92891408","92891702","chr4","137050755","137051049","36","44159347"
"chr1","92961845","92962113","chrX","133847120","133847389","49","40885275"
"chr1","92980213","92980521","chr10","54564473","54564781","41","38415740"
"chr1","93033267","93033557","chr19","36130755","36131051","39","56902512"
"chr1","93663646","93663935","chr1","93328110","93328398","3","335536"
"chr1","93697290","93697592","chr1","93363408","93363709","3","333882"
"chr1","93771954","93772249","chr1","93440412","93440706","5","331542"
"chr1","93949400","93949695","chr1","93618091","93618381","13","331309"
"chr1","94011786","94012072","chrX","128880664","128880948","40","34868878"
"chr1","94649350","94649642","chr1","94330127","94330418","4","319223"
"chr1","94808922","94809234","chr3","178948248","178948560","45","84139326"
"chr1","94824297","94824600","chr1","94505696","94505998","4","318601"
"chr1","94909197","94909487","chr2","1011747","1012059","49","93897450"
"chr1","95201820","95202094","chr2","148059062","148059348","47","52857242"
"chr1","95863618","95863907","chr1","95537432","95537722","10","326186"
"chr1","95905025","95905320","chr1","95591219","95591514","2","313806"
"chr1","96075079","96075394","chr9","72796734","72797044","35","23278345"
"chr1","96123203","96123351","chr18","29636418","29636575","32","66486785"
"chr1","96338871","96339161","chr1","95985225","95985515","7","353646"
"chr1","96862290","96862583","chr8","43465097","43465370","54","53397193"
"chr1","97962831","97963131","chr1","97668710","97669010","4","294121"
"chr1","98007246","98007555","chr1","97712943","97713251","14","294303"
"chr1","98288157","98288491","chr1","26010816","26011138","53","72277341"
"chr1","98373131","98373441","chr7","2541815","2542123","48","95831316"
"chr1","98382157","98382467","chr1","98084493","98084804","2","297664"
"chr1","98489116","98489415","chr1","98191157","98191453","5","297959"
"chr1","98617279","98617357","chr2","18209964","18210029","19","80407315"
"chr1","98944886","98945166","chr1","98687359","98687639","2","257527"
"chr1","99162612","99162919","chr1","98904814","98905103","21","257798"
"chr1","99192327","99192623","chr3","114203331","114203634","52","15011004"
"chr1","99654609","99654920","chr19","28616940","28617250","43","71037669"
"chr1","99743207","99743507","chr6","175406673","175406973","38","75663466"
"chr1","99865178","99865483","chr1","99650446","99650745","13","214732"
"chr1","99915874","99916180","chr13","54979467","54979778","52","44936407"
"chr1","101022833","101023141","chr1","100822768","100823081","6","200065"
"chr1","101068949","101069263","chr17","10390274","10390582","42","90678675"
"chr1","101109592","101109903","chr1","14307343","14307649","47","86802249"
"chr1","101144052","101144358","chr1","100946345","100946657","10","197707"
"chr1","101288562","101288875","chr2","109129520","109129825","41","7840958"
"chr1","101373268","101373568","chr6","133406856","133407151","43","32033588"
"chr1","101575906","101576224","chr13","87485597","87485904","54","14090309"
"chr1","101693077","101693381","chr1","101490728","101491018","31","202349"
"chr1","102046480","102046783","chr1","101844411","101844712","8","202069"
"chr1","102556435","102556743","chr19","48534093","48534405","45","54022342"
"chr1","102602808","102603096","chrX","124158161","124158455","35","21555353"
"chr1","104090727","104091038","chr1","103895943","103896250","12","194784"
"chr1","104387091","104387404","chr1","104208663","104208961","26","178428"
"chr1","104579228","104579451","chr1","104397686","104397912","12","181542"
"chr1","105387421","105387733","chr20","14531745","14532056","61","90855676"
"chr1","105700707","105701019","chr6","152760741","152761054","67","47060034"
"chr1","105857667","105857832","chr16","34347357","34347519","32","71510310"
"chr1","105905336","105905598","chr7","10886960","10887234","56","95018376"
"chr1","106124678","106124991","chr9","41028320","41028628","39","65096358"
"chr1","106419023","106419318","chr15","13282114","13282409","44","93136909"
"chr1","106846534","106846847","chr1","106790190","106790497","11","56344"
"chr1","106889247","106889553","chr3","10381124","10381432","58","96508123"
"chr1","108776065","108776375","chr1","108773300","108773609","10","2765"
"chr1","108790541","108790836","chr1","108787737","108788043","26","2804"
"chr1","108907296","108907607","chr2","54548353","54548666","48","54358943"
"chr1","108976541","108976852","chr1","108966551","108966893","37","9990"
"chr1","109815049","109815337","chr5","182461827","182462116","37","72646778"
"chr1","109914182","109914488","chr9","41028320","41028628","40","68885862"
"chr1","109966409","109966706","chr1","109981859","109982150","17","15450"
"chr1","110054083","110054392","chr1","110098329","110098641","12","44246"
"chr1","110074380","110074667","chr1","110116399","110116686","3","42019"
"chr1","110116765","110117068","chr2","53002380","53002677","36","57114385"
"chr1","110134310","110134622","chr15","26986646","26986958","37","83147664"
"chr1","110198808","110199118","chr15","107487279","107487592","36","2711529"
"chr1","110273230","110273546","chr1","110375835","110376149","6","102605"
"chr1","110468156","110468458","chr1","110579211","110579516","4","111055"
"chr1","110636736","110637033","chr5","41773732","41774035","38","68863004"
"chr1","110685839","110686134","chr1","110824069","110824367","6","138230"
"chr1","110760622","110760917","chr14","8630713","8631009","36","102129909"
"chr1","110824612","110824924","chr19","28616940","28617250","36","82207672"
"chr1","110880156","110880444","chr1","111018295","111018583","7","138139"
"chr1","111210957","111211078","chr19","3871136","3871258","13","107339821"
"chr1","111211809","111212004","chr3","43199997","43200184","35","68011812"
"chr1","111239765","111240064","chr6","6359197","6359489","64","104880568"
"chr1","111465325","111465558","chr20","44245268","44245498","33","67220057"
"chr1","111508945","111509251","chr1","111658296","111658602","3","149351"
"chr1","111766822","111767127","chr19","43348096","43348403","36","68418726"
"chr1","112271294","112271595","chr1","112403639","112403942","6","132345"
"chr1","112304891","112305188","chr15","81895891","81896196","41","30409000"
"chr1","112532339","112532652","chr1","112673300","112673609","9","140961"
"chr1","113194709","113195016","chr1","113371731","113372040","7","177022"
"chr1","113464870","113465147","chr1","113651321","113651598","3","186451"
"chr1","113475429","113475715","chr9","71200829","71201127","46","42274600"
"chr1","113592816","113593129","chr9","41028320","41028628","42","72564496"
"chr1","113645168","113645472","chr1","113830149","113830454","5","184981"
"chr1","113663130","113663422","chr11","8215022","8215310","38","105448108"
"chr1","113686568","113686738","chr3","157397059","157397223","23","43710491"
"chr1","113815598","113815887","chr1","113992403","113992691","1","176805"
"chr1","113866415","113866707","chr6","135977377","135977673","36","22110962"
"chr1","113881855","113882159","chrX","5074589","5074900","51","108807266"
"chr1","113899159","113899447","chr8","92346531","92346819","42","21552628"
"chr1","113904387","113904689","chr1","114081441","114081772","35","177054"
"chr1","113908990","113909288","chr1","114086203","114086502","4","177213"
"chr1","114449950","114450252","chr1","114672294","114672592","9","222344"
"chr1","114730743","114731019","chr4","23265256","23265531","47","91465487"
"chr1","114746857","114747156","chr1","114967069","114967367","4","220212"
"chr1","115207689","115207987","chr1","115424163","115424463","6","216474"
"chr1","115344940","115345253","chr7","96070303","96070613","35","19274637"
"chr1","115535084","115535404","chrUn_NW_014807719v1","117","430","45","115534967"
"chr1","115673275","115673571","chr1","115894853","115895158","15","221578"
"chr1","115898844","115899150","chr2","200557095","200557398","40","84658251"
"chr1","116428984","116429296","chr1","116705852","116706182","20","276868"
"chr1","116533042","116533359","chr7","20375134","20375447","43","96157908"
"chr1","116677976","116678289","chr1","116955760","116956069","10","277784"
"chr1","116741520","116741733","chr1","117019008","117019223","3","277488"
"chr1","117303912","117304222","chr1","117585233","117585532","16","281321"
"chr1","117494869","117495184","chr2","54114833","54115140","42","63380036"
"chr1","117591246","117591555","chr1","117875435","117875747","10","284189"
"chr1","117788010","117788292","chr1","121415795","121416075","46","3627785"
"chr1","117862123","117862418","chr7","41073459","41073755","31","76788664"
"chr1","117878049","117878365","chr1","118173261","118173577","5","295212"
"chr1","117919150","117919461","chr2","54548353","54548666","41","63370797"
"chr1","118048752","118049063","chr19","35821295","35821607","35","82227457"
"chr1","118094052","118094361","chr12","20826245","20826552","35","97267807"
"chr1","118237343","118237636","chr16","38486692","38486986","33","79750651"
"chr1","118331130","118331442","chr1","118657816","118658127","8","326686"
"chr1","119057668","119057972","chr16","56606323","56606629","41","62451345"
"chr1","119953656","119953950","chr1","120324955","120325251","8","371299"
"chr1","119991721","119992040","chr1","162935920","162936237","49","42944199"
"chr1","120639166","120639459","chr1","121039509","121039802","6","400343"
"chr1","120872812","120873101","chr1","121274889","121275179","4","402077"
"chr1","121013869","121014160","chr1","121415795","121416075","17","401926"
"chr1","121298512","121298647","chr5","147999049","147999187","29","26700537"
"chr1","121371403","121371682","chr1","123656628","123656907","8","2285225"
"chr1","121658377","121658692","chr8","132581019","132581331","53","10922642"
"chr1","121664485","121664781","chr1","121651271","121651567","8","13214"
"chr1","121686962","121687257","chr19","10872248","10872544","46","110814714"
"chr1","121809176","121809454","chr1","121786665","121786966","37","22511"
"chr1","122874603","122874861","chr1","122885435","122885701","12","10832"
"chr1","122888333","122888644","chr1","121786665","121786966","46","1101668"
"chr1","122989307","122989605","chr2","96578805","96579101","41","26410502"
"chr1","123216308","123216620","chr4","36358052","36358358","36","86858256"
"chr1","123531470","123531782","chr2","97351845","97352150","38","26179625"
"chr1","123538555","123538865","chr1","67024212","67024515","50","56514343"
"chr1","123614353","123614668","chr5","49790040","49790360","66","73824313"
"chr1","123730764","123731048","chr8","92346531","92346819","44","31384233"
"chr1","123837435","123837726","chr1","124438241","124438532","7","600806"
"chr1","123841082","123841391","chr3","180377511","180377813","41","56536429"
"chr1","123895463","123895632","chr1","124497517","124497685","4","602054"
"chr1","124058260","124058571","chrX","12129523","12129831","36","111928737"
"chr1","124107906","124108217","chr3","10716492","10716803","37","113391414"
"chr1","124236502","124236772","chr3","127317386","127317658","61","3080884"
"chr1","124304694","124304978","chr5","184375283","184375564","39","60070589"
"chr1","124375170","124375472","chr19","42150666","42150967","8","82224504"
"chr1","124383377","124383654","chr19","42159560","42159837","4","82223817"
"chr1","124389428","124389724","chr1","125072632","125072928","13","683204"
"chr1","124390638","124390937","chr1","125073830","125074135","11","683192"
"chr1","124406812","124407106","chr4","116888019","116888318","32","7518793"
"chr1","124430686","124430983","chr1","125115707","125116004","4","685021"
"chr1","124449268","124449557","chr1","125132398","125132687","8","683130"
"chr1","124459870","124460062","chr6","61144530","61144727","39","63315340"
"chr1","124466341","124466643","chr1","125150960","125151261","3","684619"
"chr1","124497911","124498190","chr1","125182173","125182452","3","684262"
"chr1","124576705","124576996","chr1","125262570","125262862","3","685865"
"chr1","124640814","124641125","chr1","125324479","125324789","7","683665"
"chr1","124713362","124713665","chr10","63405659","63405967","39","61307703"
"chr1","124717912","124718219","chr5","109389898","109390198","56","15328014"
"chr1","124725330","124725621","chr1","125412534","125412824","5","687204"
"chr1","124768226","124768512","chr1","125458203","125458489","5","689977"
"chr1","124773096","124773220","chr1","212081604","212081724","21","87308508"
"chr1","124773540","124773754","chr2","77567368","77567571","30","47206172"
"chr1","124868315","124868628","chr2","94213957","94214267","45","30654358"
"chr1","125057481","125057781","chr1","125754893","125755191","3","697412"
"chr1","125059047","125059362","chr1","125756459","125756776","13","697412"
"chr1","125070600","125070879","chr13","86938792","86939069","39","38131808"
"chr1","125154622","125154909","chr17","20413461","20413750","42","104741161"
"chr1","125167473","125167780","chr10","29617192","29617497","42","95550281"
"chr1","125169318","125169598","chr1","125874176","125874451","10","704858"
"chr1","125179545","125179852","chr2","43186749","43187051","38","81992796"
"chr1","125186734","125187046","chr2","1011747","1012059","37","124174987"
"chr1","125257530","125257862","chr13","33131218","33131527","52","92126312"
"chr1","125274022","125274313","chr1","25745187","25745479","38","99528835"
"chr1","125561780","125562077","chr1","126274238","126274530","9","712458"
"chr1","125591675","125591961","chrX","144511049","144511337","40","18919374"
"chr1","125673831","125674126","chr1","126384379","126384674","4","710548"
"chr1","125722036","125722342","chr1","10059296","10059597","35","115662740"
"chr1","125785694","125785929","chrX","29036128","29036354","43","96749566"
"chr1","125818223","125818514","chr1","126524795","126525111","29","706572"
"chr1","125843572","125843888","chr19","51102625","51102933","59","74740947"
"chr1","126037592","126037815","chr1","126748824","126749046","9","711232"
"chr1","126418072","126418393","chr9","4003614","4003918","73","122414458"
"chr1","126650220","126650528","chr1","127344850","127345157","7","694630"
"chr1","126713297","126713609","chrX","25231882","25232194","40","101481415"
"chr1","127027791","127028114","chr9","41028320","41028628","55","85999471"
"chr1","127386882","127387183","chr1","5241474","5241775","50","122145408"
"chr1","127476961","127477251","chr1","28277282","28277571","43","99199679"
"chr1","127506948","127507245","chr1","128309400","128309697","2","802452"
"chr1","127507256","127507554","chr17","75924400","75924687","48","51582856"
"chr1","127600488","127600785","chr1","128407838","128408135","16","807350"
"chr1","127624742","127625046","chr1","53870362","53870673","35","73754380"
"chr1","127679215","127679522","chr10","88330401","88330712","44","39348814"
"chr1","127680882","127681183","chr1","128485937","128486238","4","805055"
"chr1","127690987","127691281","chr1","128495044","128495338","4","804057"
"chr1","127711017","127711324","chr1","128518901","128519208","7","807884"
"chr1","128002535","128002851","chr1","128811656","128811969","13","809121"
"chr1","128005756","128006064","chr1","128815016","128815316","12","809260"
"chr1","128033651","128033818","chr1","128842492","128842657","2","808841"
"chr1","128337925","128338205","chr1","129154051","129154329","8","816126"
"chr1","128491682","128491987","chr1","129306634","129306939","1","814952"
"chr1","128792311","128792623","chr13","48537647","48537958","34","80254664"
"chr1","128803799","128804021","chr3","9917247","9917480","51","118886552"
"chr1","128921268","128921439","chr13","97316852","97317027","26","31604416"
"chr1","128939829","128940136","chr1","125115707","125116004","47","3824122"
"chr1","128957615","128957824","chr10","87444058","87444263","40","41513557"
"chr1","129032723","129033040","chr1","129904738","129905054","6","872015"
"chr1","129079750","129080053","chr1","7401659","7401964","42","121678091"
"chr1","129099437","129099746","chr1","129942986","129943293","5","843549"
"chr1","129135238","129135422","chr1","124799493","124799667","33","4335745"
"chr1","129143359","129143671","chr15","9720375","9720682","32","119422984"
"chr1","129220057","129220364","chr6","39737167","39737470","39","89482890"
"chr1","129255161","129255474","chr8","63760141","63760448","35","65495020"
"chr1","129268764","129269065","chr1","130112866","130113169","6","844102"
"chr1","129349743","129350022","chr4","122590233","122590515","42","6759510"
"chr1","129366263","129366545","chr1","130209630","130209912","2","843367"
"chr1","129410424","129410728","chr2","90304987","90305283","54","39105437"
"chr1","129460107","129460417","chr17","1460338","1460651","45","127999769"
"chr1","129490727","129491027","chr1","153472046","153472335","42","23981319"
"chr1","129566147","129566197","chr5","58605105","58605166","19","70961042"
"chr1","129566248","129566521","chr7","8314401","8314669","48","121251847"
"chr1","129585198","129585514","chr1","130301944","130302260","7","716746"
"chr1","129654657","129654966","chr1","130367689","130367998","2","713032"
"chr1","129683670","129683961","chr1","130396445","130396741","9","712775"
"chr1","129767213","129767519","chr1","130480764","130481070","6","713551"
"chr1","129800106","129800409","chr1","130512574","130512879","5","712468"
"chr1","129874563","129874865","chr9","577467","577766","36","129297096"
"chr1","129899693","129899988","chr1","130612004","130612299","5","712311"
"chr1","129972297","129972593","chr2","90304987","90305283","35","39667310"
"chr1","130103549","130103839","chr1","130829270","130829560","4","725721"
"chr1","130126374","130126663","chr1","130852590","130852879","1","726216"
"chr1","130174975","130175290","chr16","11477200","11477506","37","118697775"
"chr1","130233155","130233461","chr1","130962089","130962396","9","728934"
"chr1","130255301","130255490","chr1","130986393","130986610","30","731092"
"chr1","130281008","130281307","chr1","131012720","131013029","16","731712"
"chr1","130402663","130402979","chr1","131135577","131135891","5","732914"
"chr1","130606864","130607167","chr7","126646043","126646347","37","3960821"
"chr1","130726617","130726924","chr9","41028320","41028628","33","89698297"
"chr1","130984813","130985131","chr1","131734616","131734927","13","749803"
"chr1","131507868","131508094","chr15","88804922","88805160","42","42702946"
"chr1","131517999","131518310","chrX","45545482","45545787","43","85972517"
"chr1","131643218","131643530","chr1","132436404","132436686","34","793186"
"chr1","132951949","132952232","chr1","133778512","133778820","33","826563"
"chr1","133629344","133629633","chr1","134460203","134460492","3","830859"
"chr1","133668747","133669053","chr10","29617192","29617497","34","104051555"
"chr1","134689357","134689659","chr1","135513826","135514134","15","824469"
"chr1","134778005","134778305","chr18","10346910","10347212","47","124431095"
"chr1","134813862","134814173","chr1","135637280","135637558","36","823418"
"chr1","134956220","134956530","chr17","58111107","58111413","41","76845113"
"chr1","135078465","135078763","chr5","169292376","169292670","46","34213911"
"chr1","135109338","135109646","chr14","13010878","13011189","39","122098460"
"chr1","135131904","135132210","chr1","135994271","135994576","7","862367"
"chr1","135272503","135272566","chr13","88298273","88298335","9","46974230"
"chr1","135273382","135273622","chr13","9706822","9707064","32","125566560"
"chr1","135287287","135287551","chr2","204344884","204345149","41","69057597"
"chr1","135465884","135466027","chr5","147999049","147999187","21","12533165"
"chr1","135800176","135800493","chr1","23253248","23253555","50","112546928"
"chr1","135944461","135944735","chr1","136906202","136906476","5","961741"
"chr1","136261593","136261882","chr1","137215941","137216247","22","954348"
"chr1","136314226","136314518","chr9","9228154","9228447","49","127086072"
"chr1","136950234","136950533","chr20","27155485","27155792","43","109794749"
"chr1","136951829","136952134","chr7","157654660","157654971","50","20702831"
"chr1","137229118","137229432","chr4","136657203","136657511","44","571915"
"chr1","137357080","137357381","chr1","138994800","138995094","12","1637720"
"chr1","137367039","137367341","chr1","138985111","138985413","2","1618072"
"chr1","137491054","137491352","chr1","138852829","138853129","13","1361775"
"chr1","137602120","137602415","chr1","138742101","138742392","8","1139981"
"chr1","137821794","137822103","chr16","43763255","43763565","35","94058539"
"chr1","137834067","137834347","chr1","138468948","138469234","10","634881"
"chr1","137854533","137854821","chr1","188693941","188694241","44","50839408"
"chr1","137858157","137858454","chr4","32633053","32633351","33","105225104"
"chr1","137942262","137942569","chr1","138357910","138358211","12","415648"
"chr1","138069553","138069852","chr10","35229644","35229943","34","102839909"
"chr1","138126618","138126748","chr5","137322830","137322955","30","803788"
"chr1","138407485","138407782","chr1","137856517","137856805","19","550968"
"chr1","138439069","138439357","chr1","8796692","8796976","39","129642377"
"chr1","138517504","138517824","chr20","74189190","74189498","48","64328314"
"chr1","138561353","138561660","chr13","95377167","95377474","44","43184186"
"chr1","138576132","138576442","chr1","137683311","137683622","5","892821"
"chr1","138658857","138659132","chr1","139636241","139636517","6","977384"
"chr1","138659766","138660071","chr1","139637154","139637455","7","977388"
"chr1","138677226","138677538","chr1","139647646","139647956","13","970420"
"chr1","138711867","138712168","chr1","139682256","139682562","8","970389"
"chr1","138928285","138928602","chr9","53346767","53347080","44","85581518"
"chr1","139112933","139113227","chr10","27438928","27439223","37","111674005"
"chr1","139148093","139148374","chr7","10886960","10887234","40","128261133"
"chr1","139208701","139208989","chr1","140180534","140180822","6","971833"
"chr1","139211185","139211497","chr9","53346767","53347080","39","85864418"
"chr1","139249289","139249587","chr1","140219685","140219995","16","970396"
"chr1","139258684","139258806","chr1","140226445","140226567","0","967761"
"chr1","139280323","139280617","chr1","140249016","140249287","24","968693"
"chr1","139281108","139281417","chr5","780445","780757","42","138500663"
"chr1","139300567","139300876","chr1","140270416","140270724","6","969849"
"chr1","139323294","139323569","chr1","140292237","140292514","4","968943"
"chr1","139394319","139394630","chr2","54548353","54548666","39","84845966"
"chr1","139408126","139408425","chr1","140377228","140377525","7","969102"
"chr1","139456727","139457038","chr1","163154731","163155044","37","23698004"
"chr1","139475918","139476219","chr1","140444921","140445222","4","969003"
"chr1","139482947","139483236","chr1","140452361","140452650","6","969414"
"chr1","139506255","139506552","chr1","140475885","140476184","6","969630"
"chr1","139550561","139550869","chr1","140520257","140520561","9","969696"
"chr1","139551818","139552126","chr1","140521514","140521822","7","969696"
"chr1","139628314","139628602","chr1","140598246","140598544","12","969932"
"chr1","139628735","139629048","chr4","40517850","40518159","44","99110885"
"chr1","139631062","139631375","chr1","140601261","140601574","5","970199"
"chr1","139639438","139639750","chr1","140609625","140609937","9","970187"
"chr1","139813045","139813340","chr1","140788149","140788445","2","975104"
"chr1","139890711","139891008","chr1","140868280","140868579","9","977569"
"chr1","139894128","139894413","chr1","140871697","140871982","4","977569"
"chr1","140954876","140955178","chr15","81895891","81896196","41","59058985"
"chr1","140977526","140977845","chrX","42534967","42535279","47","98442559"
"chr1","141075717","141075948","chr4","172141376","172141616","40","31065659"
"chr1","141118654","141118955","chr4","116888019","116888318","32","24230635"
"chr1","141146423","141146704","chr3","40716426","40716715","45","100429997"
"chr1","141167902","141168186","chr8","125306821","125307114","45","15861081"
"chr1","141195076","141195352","chr12","114060981","114061253","53","27134095"
"chr1","141205446","141205758","chr8","92135177","92135491","36","49070269"
"chr1","141230708","141230772","chr11","9281963","9282025","8","131948745"
"chr1","141237071","141237376","chr6","158400240","158400551","38","17163169"
"chr1","141290428","141290726","chr13","68550306","68550596","24","72740122"
"chr1","141316184","141316486","chr1","142426402","142426706","9","1110218"
"chr1","141393727","141394032","chr9","41028320","41028628","37","100365407"
"chr1","141457163","141457451","chr1","142564653","142564941","2","1107490"
"chr1","141483770","141484076","chr16","7602289","7602591","43","133881481"
"chr1","142373779","142374085","chr1","143592850","143593159","10","1219071"
"chr1","142546320","142546628","chr1","143764844","143765161","25","1218524"
"chr1","142807077","142807388","chr1","144030519","144030831","6","1223442"
"chr1","142858607","142858915","chr1","144082675","144082979","6","1224068"
"chr1","143169967","143170266","chr20","17904997","17905298","37","125264970"
"chr1","143465539","143465832","chr9","63236196","63236503","60","80229343"
"chr1","143578623","143578887","chr5","177010142","177010396","48","33431519"
"chr1","143821712","143822013","chr1","145073910","145074215","7","1252198"
"chr1","143902169","143902473","chr1","145162716","145163014","16","1260547"
"chr1","143902801","143903091","chr1","145163342","145163631","6","1260541"
"chr1","144066370","144066688","chr10","88330401","88330712","45","55735969"
"chr1","144201664","144201958","chr1","145470301","145470616","22","1268637"
"chr1","144502116","144502401","chr1","145781083","145781367","5","1278967"
"chr1","144731073","144731351","chr1","146015012","146015263","34","1283939"
"chr1","144876455","144876750","chr12","115222802","115223097","35","29653653"
"chr1","144908991","144909280","chr1","146199265","146199553","8","1290274"
"chr1","144981667","144981968","chr1","146273342","146273643","14","1291675"
"chr1","145027118","145027395","chr2","30016127","30016406","47","115010991"
"chr1","145043728","145044000","chr1","146335716","146335991","7","1291988"
"chr1","146260343","146260633","chr1","147588714","147589008","5","1328371"
"chr1","146347090","146347375","chr1","147675574","147675837","34","1328484"
"chr1","146767068","146767364","chr3","138051331","138051627","43","8715737"
"chr1","146986952","146987261","chr1","148320983","148321292","5","1334031"
"chr1","147109916","147110216","chr1","148443260","148443560","2","1333344"
"chr1","147535213","147535412","chr1","213547043","213547248","34","66011830"
"chr1","147560389","147560727","chr17","10524708","10525032","58","137035681"
"chr1","147572469","147572771","chr1","148904407","148904696","23","1331938"
"chr1","147679029","147679327","chr1","149011690","149011993","12","1332661"
"chr1","148115941","148116192","chr12","20197316","20197556","35","127918625"
"chr1","148399195","148399505","chr7","81906692","81907000","53","66492503"
"chr1","148581650","148581962","chr1","149911071","149911383","7","1329421"
"chr1","148586348","148586648","chr1","149915784","149916083","9","1329436"
"chr1","148648396","148648695","chr1","149976978","149977277","7","1328582"
"chr1","148691658","148691969","chr9","70703032","70703345","44","77988626"
"chr1","149877162","149877433","chr15","28284547","28284827","58","121592615"
"chr1","150094404","150094715","chr2","107478401","107478713","40","42616003"
"chr1","150125388","150125707","chr1","151490353","151490672","6","1364965"
"chr1","150520488","150520783","chr1","151899135","151899431","15","1378647"
"chr1","150658466","150658766","chr1","152035431","152035729","8","1376965"
"chr1","150772845","150773141","chr1","152149225","152149519","6","1376380"
"chr1","151339433","151339729","chr1","152715161","152715463","9","1375728"
"chr1","151865155","151865463","chr16","45178244","45178554","40","106686911"
"chr1","151967586","151967868","chr1","154431708","154431986","9","2464122"
"chr1","151992238","151992550","chr1","37839928","37840237","38","114152310"
"chr1","152086825","152087135","chr16","66710303","66710614","43","85376522"
"chr1","152150824","152151129","chr1","154613127","154613436","10","2462303"
"chr1","152287661","152287937","chr1","154747290","154747566","2","2459629"
"chr1","152394852","152395163","chr1","154856313","154856625","3","2461461"
"chr1","152438566","152438873","chr1","154900380","154900688","7","2461814"
"chr1","152446963","152447273","chr1","154908821","154909130","10","2461858"
"chr1","152527477","152527793","chr1","154989909","154990220","8","2462432"
"chr1","152531371","152531682","chr9","91883251","91883563","42","60648120"
"chr1","152556061","152556374","chr9","41028320","41028628","41","111527741"
"chr1","152613471","152613771","chr1","155068902","155069206","9","2455431"
"chr1","152622450","152622728","chr20","20383964","20384259","57","132238486"
"chr1","152819054","152819352","chr1","86819890","86820189","38","65999164"
"chr1","152824860","152825134","chr1","155281535","155281809","5","2456675"
"chr1","152910604","152910925","chr2","107478401","107478713","44","45432203"
"chr1","153468880","153469180","chr1","155917879","155918192","17","2448999"
"chr1","153943743","153944032","chr16","413150","413444","46","153530593"
"chr1","154029894","154030202","chr6","32369655","32369968","36","121660239"
"chr1","154206936","154207246","chr1","156648721","156649031","2","2441785"
"chr1","154225798","154226111","chr10","82167073","82167388","42","72058725"
"chr1","155312211","155312514","chr1","157792886","157793192","10","2480675"
"chr1","155507040","155507356","chr9","13307595","13307896","52","142199445"
"chr1","155639726","155640022","chr3","36680855","36681148","36","118958871"
"chr1","155775089","155775401","chr1","158394324","158394636","12","2619235"
"chr1","155839348","155839652","chr1","158458444","158458737","21","2619096"
"chr1","155958065","155958312","chr1","158577173","158577420","5","2619108"
"chr1","156233589","156233900","chr1","158841935","158842245","10","2608346"
"chr1","156324096","156324411","chr7","20375134","20375447","45","135948962"
"chr1","156931665","156931969","chr19","10872248","10872544","37","146059417"
"chr1","157098810","157099098","chr1","159780900","159781189","5","2682090"
"chr1","157368902","157369216","chr10","54564473","54564781","33","102804429"
"chr1","157502367","157502679","chr10","76840766","76841077","35","80661601"
"chr1","157850860","157851153","chr7","5344435","5344732","41","152506425"
"chr1","158012899","158013202","chr1","160707601","160707903","5","2694702"
"chr1","158013305","158013618","chr1","7401659","7401964","42","150611646"
"chr1","158149153","158149454","chr2","200557095","200557398","42","42407942"
"chr1","158225207","158225508","chr11","10516060","10516352","48","147709147"
"chr1","158302345","158302638","chr1","153472046","153472335","36","4830299"
"chr1","158324054","158324366","chr19","4665062","4665373","39","153658992"
"chr1","158440361","158440656","chr1","161115063","161115358","3","2674702"
"chr1","158510092","158510409","chr16","39030475","39030792","44","119479617"
"chr1","158690070","158690411","chr1","161364261","161364586","19","2674191"
"chr1","159399549","159399838","chr1","162078106","162078400","11","2678557"
"chr1","159402001","159402305","chr5","18956092","18956398","48","140445909"
"chr1","159415842","159416160","chr1","162094792","162095110","1","2678950"
"chr1","159510068","159510348","chr4","122590233","122590515","40","36919835"
"chr1","159519527","159519810","chr1","162199424","162199707","4","2679897"
"chr1","159711230","159711538","chr1","162423964","162424268","15","2712734"
"chr1","159741877","159742189","chr11","97975999","97976311","33","61765878"
"chr1","159749257","159749549","chr1","162463600","162463892","5","2714343"
"chr1","159808490","159808771","chr1","162522611","162522893","2","2714121"
"chr1","160024763","160025071","chr1","162739180","162739489","10","2714417"
"chr1","160028274","160028587","chr1","162742986","162743299","5","2714712"
"chr1","160098349","160098516","chr1","162813729","162813899","9","2715380"
"chr1","160100552","160100845","chr4","122590233","122590515","46","37510319"
"chr1","160106825","160107145","chr17","4937464","4937776","49","155169361"
"chr1","160140136","160140336","chr1","162855136","162855336","1","2715000"
"chr1","160145252","160145542","chr11","45374861","45375156","35","114770391"
"chr1","160151124","160151416","chr4","18525376","18525667","45","141625748"
"chr1","160155169","160155472","chr4","38607014","38607320","46","121548155"
"chr1","160222745","160223064","chr18","10227368","10227675","57","149995377"
"chr1","160247114","160247408","chr1","162962502","162962798","13","2715388"
"chr1","160312004","160312322","chr3","84341484","84341805","53","75970520"
"chr1","160320632","160320940","chr1","163037935","163038242","9","2717303"
"chr1","160333055","160333363","chr1","163050492","163050794","22","2717437"
"chr1","160359600","160359753","chr8","113434986","113435134","21","46924614"
"chr1","160413212","160413498","chr1","163132535","163132821","10","2719323"
"chr1","160435852","160436153","chr1","163154731","163155044","19","2718879"
"chr1","160453028","160453349","chr1","163171978","163172297","5","2718950"
"chr1","160510314","160510611","chr1","110824069","110824367","43","49686245"
"chr1","161007469","161007774","chr1","163719271","163719566","14","2711802"
"chr1","161020521","161020651","chr1","163732920","163733047","4","2712399"
"chr1","161281515","161281816","chr1","87448547","87448862","40","73832968"
"chr1","161283870","161284168","chr1","163996579","163996868","14","2712709"
"chr1","161435870","161436187","chr1","210824915","210825219","51","49389045"
"chr1","161611353","161611656","chr1","10059296","10059597","29","151552057"
"chr1","161756306","161756615","chr1","164522816","164523125","0","2766510"
"chr1","161899145","161899444","chr1","164664015","164664313","4","2764870"
"chr1","161939197","161939500","chr12","120981550","120981858","43","40957647"
"chr1","161974964","161975260","chr9","119075689","119075982","37","42899275"
"chr1","161995698","161996000","chr1","164790090","164790389","11","2794392"
"chr1","161997907","161998217","chr1","164792300","164792601","15","2794393"
"chr1","162034035","162034331","chr1","164829176","164829474","12","2795141"
"chr1","162091291","162091577","chr1","164885567","164885853","2","2794276"
"chr1","162164745","162165056","chr1","164959216","164959529","6","2794471"
"chr1","162341633","162341928","chr1","165137496","165137791","6","2795863"
"chr1","162367406","162367712","chr1","165162786","165163088","7","2795380"
"chr1","162491351","162491657","chr1","165289062","165289371","7","2797711"
"chr1","162630110","162630426","chr2","54114833","54115140","52","108515277"
"chr1","163084237","163084552","chr1","165881193","165881506","10","2796956"
"chr1","163205584","163205904","chr7","10134125","10134425","63","153071459"
"chr1","163296868","163297101","chr19","8073662","8073881","42","155223206"
"chr1","163327608","163327910","chr1","166126639","166126940","11","2799031"
"chr1","163398056","163398371","chr10","28699932","28700238","55","134698124"
"chr1","163436773","163437052","chr1","166237671","166237971","28","2800898"
"chr1","163494017","163494317","chr1","166292218","166292489","37","2798201"
"chr1","163499545","163499830","chr1","166297980","166298266","7","2798435"
"chr1","163536789","163537106","chrX","43086970","43087279","51","120449819"
"chr1","163911949","163912263","chr1","166710393","166710706","4","2798444"
"chr1","163941247","163941544","chr1","166738972","166739258","16","2797725"
"chr1","163976025","163976294","chr1","166774482","166774755","10","2798457"
"chr1","164021667","164021992","chrX","19602992","19603313","49","144418675"
"chr1","164111289","164111595","chr1","166914743","166915049","2","2803454"
"chr1","164364923","164365219","chr1","167173819","167174111","7","2808896"
"chr1","165230956","165231256","chr1","168048363","168048663","8","2817407"
"chr1","165345913","165346224","chr16","76763230","76763541","52","88582683"
"chr1","165404410","165404698","chr1","168227403","168227691","3","2822993"
"chr1","166104688","166104999","chr2","97351845","97352150","38","68752843"
"chr1","166770285","166770591","chr2","109129520","109129825","33","57640765"
"chr1","167484251","167484557","chr6","128812162","128812464","52","38672089"
"chr1","168287958","168288251","chr5","42031778","42032069","39","126256180"
"chr1","168356595","168356904","chr2","40865043","40865350","41","127491552"
"chr1","168396745","168396967","chr1","171501764","171501989","7","3105019"
"chr1","168601951","168602253","chr1","171698384","171698689","11","3096433"
"chr1","168754254","168754546","chr16","58913381","58913676","49","109840873"
"chr1","168902916","168903208","chr1","172011006","172011298","14","3108090"
"chr1","168929979","168930307","chr6","32408139","32408448","59","136521840"
"chr1","170768131","170768419","chrX","128880664","128880948","56","41887467"
"chr1","170998369","170998649","chr1","173591500","173591780","3","2593131"
"chr1","171018463","171018765","chr1","173611798","173612100","4","2593335"
"chr1","171451538","171451851","chr9","53346767","53347080","36","118104771"
"chr1","171758369","171758475","chr3","178742224","178742327","16","6983855"
"chr1","171758967","171759180","chr1","27506165","27506367","40","144252802"
"chr1","171971277","171971588","chr1","36884018","36884325","48","135087259"
"chr1","172347740","172348019","chr8","43465097","43465370","58","128882643"
"chr1","172837498","172837772","chr1","175557146","175557437","22","2719648"
"chr1","173401594","173401905","chr1","111021","111334","48","173290573"
"chr1","173566835","173567117","chr1","176331909","176332191","6","2765074"
"chr1","173688327","173688628","chr1","176502518","176502801","23","2814191"
"chr1","173850449","173850761","chr11","117151786","117152096","39","56698663"
"chr1","174626615","174626914","chr12","9454878","9455176","44","165171737"
"chr1","174804829","174804940","chr1","177695356","177695463","5","2890527"
"chr1","175395715","175396028","chr1","178290041","178290361","12","2894326"
"chr1","175496928","175497230","chr1","178390800","178391103","10","2893872"
"chr1","175781725","175782035","chr1","178690253","178690552","17","2908528"
"chr1","177200184","177200496","chr2","1011747","1012059","46","176188437"
"chr1","177425848","177426150","chr7","36332943","36333239","44","141092905"
"chr1","178044884","178045197","chr1","28105311","28105622","37","149939573"
"chr1","178156291","178156602","chr1","181057647","181057932","37","2901356"
"chr1","178171504","178171786","chr1","181072549","181072840","11","2901045"
"chr1","178566616","178566917","chr1","181473134","181473440","6","2906518"
"chr1","179114647","179114948","chr4","116888019","116888318","36","62226628"
"chr1","179219026","179219324","chr1","182135150","182135446","5","2916124"
"chr1","179297537","179297839","chrX","50576766","50577063","43","128720771"
"chr1","179536226","179536533","chr3","10716492","10716803","47","168819734"
"chr1","179878253","179878570","chr1","182861101","182861369","52","2982848"
"chr1","179977110","179977422","chrX","5074589","5074900","43","174902521"
"chr1","180124709","180124971","chr19","16811950","16812215","34","163312759"
"chr1","180288918","180289213","chr1","42275746","42276042","37","138013172"
"chr1","180350122","180350435","chr1","183333527","183333839","9","2983405"
"chr1","180487181","180487511","chr1","23528265","23528585","55","156958916"
"chr1","180509150","180509440","chr6","40426954","40427241","51","140082196"
"chr1","180676217","180676489","chr1","183709365","183709660","24","3033148"
"chr1","180925155","180925452","chr14","8630713","8631009","34","172294442"
"chr1","180928913","180929214","chr14","753228","753529","41","180175685"
"chr1","180984397","180984710","chr1","184019914","184020217","16","3035517"
"chr1","181028909","181029222","chr9","49591882","49592190","38","131437027"
"chr1","181234727","181234835","chr1","177695356","177695463","10","3539371"
"chr1","181251308","181251617","chr7","157654660","157654971","37","23596648"
"chr1","181414140","181414405","chr1","184499127","184499388","9","3084987"
"chr1","181573467","181573748","chr1","184659796","184660068","17","3086329"
"chr1","181573889","181574189","chr6","68600539","68600843","40","112973350"
"chr1","181935600","181935904","chr1","185025764","185026071","10","3090164"
"chr1","181944874","181944977","chr1","185035343","185035447","2","3090469"
"chr1","181966846","181967149","chr1","185056325","185056633","28","3089479"
"chr1","182019642","182019929","chr7","47555161","47555456","37","134464481"
"chr1","182220715","182221031","chr1","185310648","185310960","6","3089933"
"chr1","182319394","182319696","chr1","185408107","185408413","6","3088713"
"chr1","182778806","182779132","chr7","157654660","157654971","51","25124146"
"chr1","182869200","182869508","chr1","185956781","185957095","11","3087581"
"chr1","182941354","182941654","chrX","50576766","50577063","28","132364588"
"chr1","183088547","183088861","chr2","1011747","1012059","37","182076800"
"chr1","183214536","183214815","chrX","7293478","7293753","41","175921058"
"chr1","183248350","183248644","chr8","67920265","67920563","34","115328085"
"chr1","183310557","183310830","chr2","202622423","202622699","34","19311866"
"chr1","183911672","183911973","chr1","187241121","187241433","14","3329449"
"chr1","183945859","183946156","chr1","187275105","187275412","11","3329246"
"chr1","184014913","184015204","chr1","187342373","187342678","16","3327460"
"chr1","184025287","184025581","chr1","187352957","187353251","2","3327670"
"chr1","184041918","184042230","chr6","158400240","158400551","42","25641678"
"chr1","184128722","184129021","chr10","13928733","13929026","35","170199989"
"chr1","184203413","184203717","chr16","47598445","47598739","41","136604968"
"chr1","184294477","184294777","chr4","116888019","116888318","35","67406458"
"chr1","184443094","184443389","chr1","187778855","187779149","8","3335761"
"chr1","184523273","184523564","chr8","59465552","59465853","39","125057721"
"chr1","184699365","184699681","chr3","127699157","127699471","41","57000208"
"chr1","184739449","184739689","chr12","20197316","20197556","36","164542133"
"chr1","184790978","184791265","chr2","120701840","120702131","43","64089138"
"chr1","184825464","184825764","chr1","188233234","188233534","5","3407770"
"chr1","184833577","184833910","chr1","188241833","188242149","23","3408256"
"chr1","184886216","184886501","chr1","188292600","188292888","10","3406384"
"chr1","184916787","184917065","chr1","188323174","188323471","26","3406387"
"chr1","184988183","184988469","chr1","188394116","188394404","4","3405933"
"chr1","185112048","185112349","chr1","188514927","188515229","8","3402879"
"chr1","185231968","185232272","chr2","202955495","202955799","49","17723527"
"chr1","185291491","185291762","chr1","188693941","188694241","31","3402450"
"chr1","185344251","185344536","chr1","188746308","188746593","3","3402057"
"chr1","185358967","185359284","chr1","87448547","87448862","34","97910420"
"chr1","185390582","185390890","chr1","188834546","188834850","7","3443964"
"chr1","185433053","185433358","chr17","20055861","20056160","10","165377192"
"chr1","185436461","185436759","chr4","116888019","116888318","41","68548442"
"chr1","185739171","185739439","chr10","27694634","27694898","42","158044537"
"chr1","185763210","185763486","chr6","166372135","166372406","47","19391075"
"chr1","185897184","185897496","chr1","189340740","189341032","20","3443556"
"chr1","185938614","185938930","chr1","189381209","189381521","6","3442595"
"chr1","185981316","185981638","chr7","116198207","116198535","56","69783109"
"chr1","186097332","186097635","chr1","204698932","204699226","12","18601600"
"chr1","186313325","186313634","chr14","63973822","63974126","58","122339503"
"chr1","186525001","186525306","chr1","204277773","204278075","7","17752772"
"chr1","186527332","186527637","chr1","204275444","204275747","7","17748112"
"chr1","186842271","186842584","chr14","120532795","120533107","52","66309476"
"chr1","187040796","187041092","chr12","118844390","118844688","36","68196406"
"chr1","187302016","187302315","chr1","203490359","203490657","2","16188343"
"chr1","187396032","187396325","chr1","203398930","203399217","11","16002898"
"chr1","187399375","187399653","chr1","203395642","203395938","33","15996267"
"chr1","188203933","188204240","chr12","50823074","50823380","44","137380859"
"chr1","188574290","188574574","chr1","202168807","202169091","8","13594517"
"chr1","188634495","188634795","chr14","7681006","7681304","34","180953489"
"chr1","188646532","188646826","chr10","65759354","65759649","37","122887178"
"chr1","188723632","188723908","chr1","202020350","202020626","1","13296718"
"chr1","188932861","188933148","chr7","127498873","127499156","47","61433988"
"chr1","189283588","189283875","chr1","201383929","201384216","8","12100341"
"chr1","189309620","189309934","chr1","201358509","201358824","13","12048889"
"chr1","189697815","189698105","chr4","116888019","116888318","41","72809796"
"chr1","189993405","189993719","chr9","53346767","53347080","41","136646638"
"chr1","190050605","190050914","chr3","178948248","178948560","40","11102357"
"chr1","190079553","190079850","chr10","5478356","5478656","45","184601197"
"chr1","190141115","190141427","chr10","29617192","29617497","43","160523923"
"chr1","190293652","190293950","chr1","200327267","200327565","4","10033615"
"chr1","190293951","190294118","chr7","153411292","153411458","20","36882659"
"chr1","190320160","190320447","chr1","200300479","200300769","10","9980319"
"chr1","190340491","190340807","chr9","41028320","41028628","45","149312171"
"chr1","190392592","190392906","chr1","128244927","128245230","44","62147665"
"chr1","190666309","190666611","chr1","199951321","199951626","13","9285012"
"chr1","190698777","190699066","chr1","199919237","199919524","5","9220460"
"chr1","190887147","190887436","chr1","199727995","199728283","9","8840848"
"chr1","191217671","191217834","chr1","8712684","8712843","30","182504987"
"chr1","191229484","191229793","chrX","78540583","78540896","37","112688901"
"chr1","191233150","191233434","chr16","60203572","60203861","50","131029578"
"chr1","191771939","191772252","chr1","198799308","198799621","3","7027369"
"chr1","192047414","192047720","chr1","198526795","198527101","2","6479381"
"chr1","192551081","192551340","chr11","131964697","131964960","40","60586384"
"chr1","192673778","192674082","chr17","12372048","12372347","35","180301730"
"chr1","192814837","192815140","chrX","123495796","123496096","36","69319041"
"chr1","193328993","193329108","chr1","197182788","197182903","1","3853795"
"chr1","193404447","193404728","chr15","66933395","66933676","43","126471052"
"chr1","193419890","193420188","chr1","197092069","197092367","2","3672179"
"chr1","193890973","193891273","chr2","22176166","22176475","44","171714807"
"chr1","194363394","194363568","chr3","49292914","49293088","27","145070480"
"chr1","194589223","194589521","chr3","95259035","95259336","37","99330188"
"chr1","194603592","194603905","chr1","195618508","195618814","11","1014916"
"chr1","195127322","195127610","chr1","195094636","195094948","30","32686"
"chr1","196385396","196385699","chr1","193845301","193845611","14","2540095"
"chr1","196522188","196522492","chrX","45545482","45545787","39","150976706"
"chr1","196569289","196569576","chr1","193658739","193659034","11","2910550"
"chr1","196586677","196587001","chr7","162006682","162007004","50","34579995"
"chr1","196594454","196594756","chr1","193633969","193634267","6","2960485"
"chr1","196672157","196672439","chr1","193556218","193556510","16","3115939"
"chr1","196749384","196749686","chr1","193479909","193480214","9","3269475"
"chr1","196973932","196974234","chr1","193251597","193251899","11","3722335"
"chr1","197143786","197143945","chr16","48091313","48091475","29","149052473"
"chr1","197143949","197144247","chr17","6863894","6864192","38","190280055"
"chr1","197395713","197395955","chr1","192772152","192772386","12","4623561"
"chr1","197548871","197549174","chr2","15155383","15155685","39","182393488"
"chr1","197688515","197688820","chr6","135977377","135977673","47","61711138"
"chr1","197848009","197848210","chr2","96780819","96781026","34","101067190"
"chr1","198535216","198535513","chr1","191628497","191628793","1","6906719"
"chr1","198560508","198560774","chr20","43508835","43509101","38","155051673"
"chr1","198694198","198694508","chr4","7162129","7162439","40","191532069"
"chr1","199441066","199441348","chr1","190728371","190728654","20","8712695"
"chr1","199611790","199612101","chr1","190558070","190558383","10","9053720"
"chr1","199807621","199807938","chr3","178948248","178948560","50","20859373"
"chr1","199819426","199819708","chr1","190348130","190348412","6","9471296"
"chr1","200262701","200262985","chr1","189900114","189900398","5","10362587"
"chr1","200613601","200613894","chr1","189521953","189522262","20","11091648"
"chr1","200856151","200856314","chr1","225365713","225365876","3","24509562"
"chr1","201266562","201266856","chr3","35745323","35745619","64","165521239"
"chr1","201521501","201521830","chr2","54548353","54548666","56","146973148"
"chr1","201744123","201744436","chr1","224060794","224061101","10","22316671"
"chr1","201833524","201833819","chr1","223972010","223972306","9","22138486"
"chr1","202190990","202191304","chr1","223580789","223581072","36","21389799"
"chr1","202223934","202224246","chr5","18956092","18956398","46","183267842"
"chr1","202248356","202248651","chr1","223524248","223524543","9","21275892"
"chr1","202327254","202327561","chr1","223406948","223407238","32","21079694"
"chr1","202505095","202505401","chr13","31447666","31447972","38","171057429"
"chr1","202617226","202617522","chr11","10516060","10516352","36","192101166"
"chr1","202683631","202683922","chr1","31550370","31550659","46","171133261"
"chr1","202689004","202689289","chr6","156719165","156719448","45","45969839"
"chr1","202815267","202815573","chr1","222893896","222894208","16","20078629"
"chr1","203109337","203109649","chr1","222595579","222595907","30","19486242"
"chr1","203197161","203197457","chrX","124158161","124158455","30","79039000"
"chr1","203400320","203400634","chrUn_NW_014807719v1","117","430","42","203400203"
"chr1","203750157","203750369","chr1","221912691","221912906","9","18162534"
"chr1","203752226","203752540","chr19","15282895","15283197","35","188469331"
"chr1","203832227","203832523","chr1","221831330","221831628","7","17999103"
"chr1","203832920","203833231","chrX","19602992","19603313","53","184229928"
"chr1","203913177","203913471","chr1","221749027","221749319","11","17835850"
"chr1","203950978","203951251","chr1","221711653","221711927","6","17760675"
"chr1","204009093","204009404","chr1","221647120","221647431","13","17638027"
"chr1","204028112","204028415","chr1","221629577","221629880","4","17601465"
"chr1","204069472","204069755","chr11","47158355","47158645","58","156911117"
"chr1","204156327","204156598","chr20","39912853","39913129","41","164243474"
"chr1","204200265","204200560","chr16","4663055","4663350","45","199537210"
"chr1","204233678","204233962","chr1","221419237","221419522","8","17185559"
"chr1","204260456","204260753","chr1","221392225","221392517","11","17131769"
"chr1","204275169","204275469","chr20","15883713","15884011","51","188391456"
"chr1","204298279","204298570","chr1","221355431","221355722","11","17057152"
"chr1","204314834","204315127","chr8","92346531","92346819","44","111968303"
"chr1","204327841","204328042","chr1","221324585","221324779","20","16996744"
"chr1","204395217","204395538","chr1","221259331","221259645","26","16864114"
"chr1","204396297","204396600","chr1","221258268","221258572","5","16861971"
"chr1","204396622","204396889","chr1","221257980","221258246","3","16861358"
"chr1","204405658","204405947","chr1","221251539","221251849","36","16845881"
"chr1","204405998","204406200","chr10","87444058","87444263","31","116961940"
"chr1","204414223","204414511","chr1","221241596","221241888","11","16827373"
"chr1","204440974","204441269","chr1","221211389","221211684","4","16770415"
"chr1","204464968","204465267","chr1","221187610","221187910","6","16722642"
"chr1","204539274","204539582","chr1","221112802","221113108","6","16573528"
"chr1","204552298","204552613","chr16","62857267","62857580","39","141695031"
"chr1","204585775","204586069","chr10","47632084","47632378","40","156953691"
"chr1","204606330","204606575","chr1","221046793","221047039","5","16440463"
"chr1","204678295","204678589","chr1","220974200","220974499","17","16295905"
"chr1","204680149","204680280","chrX","127938234","127938361","22","76741915"
"chr1","204682059","204682371","chr7","20375134","20375447","36","184306925"
"chr1","204769325","204769633","chr1","12652526","12652828","39","192116799"
"chr1","204783113","204783412","chr1","220866669","220866962","11","16083556"
"chr1","205172493","205172801","chrX","42534967","42535279","39","162637526"
"chr1","205230181","205230492","chr1","220418894","220419205","7","15188713"
"chr1","205285507","205285806","chr1","220365219","220365517","8","15079712"
"chr1","205541715","205541834","chr1","220061947","220062066","0","14520232"
"chr1","205541858","205542163","chr1","220061621","220061923","5","14519763"
"chr1","205581695","205582004","chr2","107478401","107478713","43","98103294"
"chr1","205736270","205736551","chr1","219865823","219866104","3","14129553"
"chr1","205881463","205881769","chr2","109129520","109129825","37","96751943"
"chr1","205938837","205939129","chr1","128244927","128245230","42","77693910"
"chr1","206131816","206132106","chr1","27197344","27197634","6","178934472"
"chr1","206380095","206380380","chr1","219252396","219252681","9","12872301"
"chr1","206587199","206587499","chr1","219051826","219052134","19","12464627"
"chr1","206728417","206728665","chr12","20197316","20197556","45","186531101"
"chr1","206728800","206728859","chrX","109586728","109586794","12","97142072"
"chr1","206798450","206798763","chr3","141822293","141822600","41","64976157"
"chr1","207055111","207055412","chr10","29617192","29617497","44","177437919"
"chr1","207135765","207136073","chr5","121112599","121112905","38","86023166"
"chr1","207167704","207168025","chr1","212367041","212367355","41","5199337"
"chr1","207205742","207206055","chr1","37839928","37840237","48","169365814"
"chr1","207209989","207210298","chr9","53346767","53347080","41","153863222"
"chr1","207296848","207297157","chr1","360065","360372","39","206936783"
"chr1","207467815","207468124","chr15","26986646","26986958","32","180481169"
"chr1","207652921","207653235","chr1","139647646","139647956","46","68005275"
"chr1","207669303","207669614","chr10","29617192","29617497","43","178052111"
"chr1","207993478","207993785","chr9","41028320","41028628","44","166965158"
"chr1","208006467","208006754","chr1","217530043","217530330","5","9523576"
"chr1","208270440","208270755","chr1","217270440","217270754","14","9000000"
"chr1","208377377","208377672","chr1","217162236","217162536","9","8784859"
"chr1","208385928","208386237","chr1","217153980","217154290","7","8768052"
"chr1","208431258","208431567","chr7","157654660","157654971","35","50776598"
"chr1","208432235","208432516","chr1","217107514","217107796","18","8675279"
"chr1","208433896","208434210","chr1","217105816","217106131","17","8671920"
"chr1","208459615","208459921","chr9","63236196","63236503","43","145223419"
"chr1","208473246","208473535","chr1","217066414","217066702","6","8593168"
"chr1","208479276","208479587","chr9","31304685","31304998","37","177174591"
"chr1","208591892","208592193","chr1","216948215","216948516","2","8356323"
"chr1","208684598","208684906","chr1","216854514","216854827","9","8169916"
"chr1","208714692","208714963","chr12","114939566","114939833","43","93775126"
"chr1","209022879","209023193","chr1","128753145","128753459","43","80269734"
"chr1","209131392","209131692","chr1","216407689","216407994","11","7276297"
"chr1","209579724","209579903","chr13","97316852","97317027","25","112262872"
"chr1","209632622","209632910","chr7","127498873","127499156","63","82133749"
"chr1","209807848","209808160","chr1","215724007","215724319","6","5916159"
"chr1","210004372","210004666","chr1","215524295","215524603","36","5519923"
"chr1","210044703","210044913","chr2","203364920","203365133","30","6679783"
"chr1","210216759","210217065","chr1","215315443","215315739","16","5098684"
"chr1","210338685","210338972","chr1","215194127","215194414","3","4855442"
"chr1","210844585","210844877","chr1","214652692","214652984","2","3808107"
"chr1","211253879","211254188","chr1","214246481","214246787","13","2992602"
"chr1","211408929","211409242","chr2","94057068","94057381","39","117351861"
"chr1","211437060","211437361","chr1","214056082","214056382","4","2619022"
"chr1","211539575","211539769","chr17","74374331","74374532","39","137165244"
"chr1","211542687","211542970","chr8","67920265","67920563","44","143622422"
"chr1","211612961","211613235","chr1","202020350","202020626","37","9592611"
"chr1","211857111","211857392","chr7","48619235","48619513","42","163237876"
"chr1","211934351","211934546","chr1","213547043","213547248","12","1612692"
"chr1","212175417","212175716","chr5","145100325","145100626","50","67075092"
"chr1","212319608","212319916","chr12","120981550","120981858","42","91338058"
"chr1","212417127","212417429","chr1","213058256","213058559","8","641129"
"chr1","212430515","212430805","chr1","213044811","213045110","11","614296"
"chr1","212455656","212455964","chr1","213020942","213021250","4","565286"
"chr1","212464421","212464715","chr16","31727511","31727786","62","180736910"
"chr1","212520194","212520501","chr17","12372048","12372347","42","200148146"
"chr1","212691639","212691947","chr1","212789799","212790099","22","98160"
"chr1","212749214","212749488","chr1","212651013","212651290","8","98201"
"chr1","212761824","212761987","chr1","212638789","212638952","1","123035"
"chr1","212828866","212829170","chr1","212572408","212572713","12","256458"
"chr1","212855281","212855567","chr8","92346531","92346819","41","120508750"
"chr1","212897880","212898188","chr2","201138593","201138900","38","11759287"
"chr1","212920370","212920685","chr2","54114833","54115140","52","158805537"
"chr1","212997971","212998286","chr1","212367041","212367355","10","630930"
"chr1","213050677","213050990","chr9","41028320","41028628","39","172022357"
"chr1","213073919","213074020","chr1","212291682","212291783","2","782237"
"chr1","213090964","213091258","chr1","212274464","212274759","4","816500"
"chr1","213212311","213212614","chr6","147563344","147563647","37","65648967"
"chr1","213284102","213284232","chr1","212081604","212081724","12","1202498"
"chr1","213502747","213502821","chr9","117980855","117980928","16","95521892"
"chr1","213517979","213518279","chr1","211847882","211848184","5","1670097"
"chr1","213627848","213628146","chr1","211739489","211739782","11","1888359"
"chr1","213640396","213640690","chr1","211727222","211727516","5","1913174"
"chr1","213647425","213647724","chr1","211720197","211720490","10","1927228"
"chr1","213652474","213652738","chr1","211715118","211715407","28","1937356"
"chr1","213663163","213663501","chrX","19602992","19603313","55","194060171"
"chr1","213672120","213672416","chr1","211695531","211695827","5","1976589"
"chr1","213738268","213738570","chr1","211625508","211625809","6","2112760"
"chr1","213745732","213746047","chr1","211618799","211619113","5","2126933"
"chr1","213803085","213803366","chr5","38773525","38773810","47","175029560"
"chr1","213808921","213809214","chr1","211556838","211557135","6","2252083"
"chr1","213871754","213872037","chr1","211491821","211492133","30","2379933"
"chr1","213903502","213903798","chr1","211459825","211460106","17","2443677"
"chr1","213978850","213979137","chr15","9620516","9620813","69","204358334"
"chr1","213979392","213979694","chr4","44046776","44047080","32","169932616"
"chr1","214037879","214038154","chr1","211322897","211323181","14","2714982"
"chr1","214038380","214038663","chr19","2665112","2665405","42","211373268"
"chr1","214055124","214055303","chr1","211305214","211305382","12","2749910"
"chr1","214055452","214055583","chr3","128366995","128367127","28","85688457"
"chr1","214080077","214080391","chr1","211280049","211280364","6","2800028"
"chr1","214416669","214416965","chr7","40494101","40494410","49","173922568"
"chr1","214520752","214521055","chr10","29617192","29617497","39","184903560"
"chr1","214528153","214528459","chr1","210824915","210825219","8","3703238"
"chr1","214572790","214573085","chr1","210779882","210780177","15","3792908"
"chr1","214598902","214599209","chr1","360065","360372","36","214238837"
"chr1","214650232","214650533","chr1","210702454","210702757","4","3947778"
"chr1","214838321","214838613","chr19","36130755","36131051","37","178707566"
"chr1","214936789","214937104","chr2","1011747","1012059","43","213925042"
"chr1","215110391","215110695","chr4","137050755","137051049","53","78059636"
"chr1","215326826","215327151","chr1","23528265","23528585","49","191798561"
"chr1","215391013","215391324","chrX","42534967","42535279","35","172856046"
"chr1","215722661","215722968","chr2","106132535","106132841","37","109590126"
"chr1","215844346","215844627","chr6","114533246","114533529","37","101311100"
"chr1","215919510","215919709","chr1","27506165","27506367","39","188413345"
"chr1","216266932","216267241","chr7","44258629","44258940","38","172008303"
"chr1","216345895","216346188","chr7","36332943","36333239","30","180012952"
"chr1","216644611","216644904","chr1","208626492","208626783","7","8018119"
"chr1","216804350","216804662","chr6","158400240","158400551","44","58404110"
"chr1","216997259","216997575","chr1","208269077","208269377","22","8728182"
"chr1","217086427","217086718","chr9","55550334","55550622","34","161536093"
"chr1","217340266","217340569","chr1","207923476","207923779","7","9416790"
"chr1","217425403","217425678","chr14","32952760","32953040","32","184472643"
"chr1","217450486","217450787","chr1","207821642","207821941","7","9628844"
"chr1","217480964","217481267","chr19","10872248","10872544","46","206608716"
"chr1","217481421","217481712","chr4","115541720","115542015","48","101939701"
"chr1","217530515","217530767","chr13","8211210","8211462","44","209319305"
"chr1","217704167","217704485","chr1","207569620","207569940","7","10134547"
"chr1","217759837","217760149","chr7","20375134","20375447","37","197384703"
"chr1","217887855","217888149","chrX","123495796","123496096","54","94392059"
"chr1","218013526","218013815","chr8","41313655","41313943","47","176699871"
"chr1","218232431","218232726","chr8","72824038","72824332","55","145408393"
"chr1","218278594","218278905","chr1","206993832","206994134","13","11284762"
"chr1","218477771","218478081","chr4","31319614","31319922","38","187158157"
"chr1","218767047","218767355","chr5","85034070","85034382","54","133732977"
"chr1","218797836","218798137","chr19","10872248","10872544","47","207925588"
"chr1","218814375","218814685","chr1","206402821","206403133","15","12411554"
"chr1","218842952","218843250","chr7","80610462","80610764","42","138232490"
"chr1","218964627","218964921","chr1","206251576","206251866","27","12713051"
"chr1","218985577","218985889","chr3","10675584","10675894","45","208309993"
"chr1","219382389","219382542","chr7","18914726","18914884","27","200467663"
"chr1","219508819","219509119","chr2","159908871","159909170","41","59599948"
"chr1","219603196","219603490","chr20","17904997","17905298","41","201698199"
"chr1","219663740","219664052","chr5","188768259","188768573","39","30895481"
"chr1","219740868","219741153","chr1","205469680","205469966","8","14271188"
"chr1","219769198","219769507","chr1","205441742","205442064","19","14327456"
"chr1","219866465","219866783","chr15","9618546","9618854","45","210247919"
"chr1","219924249","219924537","chr1","205288010","205288299","7","14636239"
"chr1","220222695","220222998","chr19","15282895","15283197","38","204939800"
"chr1","220350883","220351172","chr1","204860969","204861262","17","15489914"
"chr1","220353059","220353346","chr1","204858786","204859074","7","15494273"
"chr2","132120489","132120760","chr2","140768448","140768723","7","8647959"
"chr2","84148176","84148488","chr15","30809939","30810253","41","53338237"
"chr2","163839990","163840299","chr1","135875064","135875371","43","27964926"
"chr2","834257","834569","chr2","1011747","1012059","2","177490"
"chr2","1382997","1383308","chr2","1643065","1643375","4","260068"
"chr2","1651976","1652284","chrX","8089980","8090284","39","6438004"
"chr2","2022818","2023094","chr3","42812023","42812303","40","40789205"
"chr2","2310279","2310572","chr2","2554423","2554724","16","244144"
"chr2","2353166","2353443","chr1","152100248","152100537","57","149747082"
"chr2","2615921","2616013","chr3","36682660","36682754","10","34066739"
"chr2","2616238","2616368","chr7","123331536","123331672","24","120715298"
"chr2","3113123","3113435","chr9","53346767","53347080","41","50233644"
"chr2","3139938","3140246","chr2","3428696","3429004","8","288758"
"chr2","3534307","3534596","chr2","3855448","3855733","15","321141"
"chr2","3693122","3693435","chr7","44258629","44258940","46","40565507"
"chr2","4002576","4002680","chr3","178280190","178280308","32","174277614"
"chr2","4148238","4148481","chr2","200952186","200952421","52","196803948"
"chr2","4330042","4330349","chr19","8473838","8474149","46","4143796"
"chr2","4655664","4655961","chr2","5177906","5178217","26","522242"
"chr2","5005349","5005610","chr2","5508441","5508698","9","503092"
"chr2","5693287","5693588","chr2","6184249","6184542","19","490962"
"chr2","5952210","5952493","chr2","6445205","6445507","22","492995"
"chr2","7028016","7028336","chr10","29460689","29460999","53","22432673"
"chr2","7200793","7201103","chr2","7863029","7863342","7","662236"
"chr2","8238262","8238548","chr2","8940538","8940805","38","702276"
"chr2","8400114","8400397","chr3","166807770","166808055","61","158407656"
"chr2","8792169","8792456","chr3","12119090","12119350","65","3326921"
"chr2","9220087","9220390","chr2","9922670","9922974","12","702583"
"chr2","10097285","10097565","chr7","92690570","92690827","48","82593285"
"chr2","10445563","10445879","chr2","11221351","11221661","17","775788"
"chr2","10650056","10650344","chr15","50923700","50923993","62","40273644"
"chr2","11269260","11269613","chr2","12036201","12036549","10","766941"
"chr2","11384026","11384310","chr2","12138675","12138977","24","754649"
"chr2","11549460","11549741","chr12","70238023","70238313","64","58688563"
"chr2","11573353","11573643","chr2","12340311","12340601","5","766958"
"chr2","11836194","11836415","chr7","78340129","78340349","35","66503935"
"chr2","11841670","11841955","chr2","12609214","12609497","12","767544"
"chr2","12245117","12245424","chr2","13012850","13013160","11","767733"
"chr2","12726638","12726929","chr2","13514049","13514341","8","787411"
"chr2","12997701","12998009","chr6","92544030","92544332","44","79546329"
"chr2","14293572","14293880","chr2","15155383","15155685","13","861811"
"chr2","14567831","14568136","chr2","15446098","15446391","18","878267"
"chr2","14777068","14777361","chr2","15645937","15646232","3","868869"
"chr2","14792768","14793060","chr2","15659249","15659539","10","866481"
"chr2","15066169","15066441","chr5","51464383","51464662","48","36398214"
"chr2","15251957","15252254","chr2","16120452","16120752","12","868495"
"chr2","15506421","15506505","chrX","109586728","109586794","30","94080307"
"chr2","15506967","15507203","chr7","53491760","53491999","34","37984793"
"chr2","16066063","16066363","chr3","41632780","41633073","59","25566717"
"chr2","16093288","16093601","chr2","16957370","16957683","9","864082"
"chr2","16165727","16166038","chr1","87448547","87448862","45","71282820"
"chr2","16627997","16628254","chr9","18175610","18175872","39","1547613"
"chr2","17034919","17035215","chr2","17926269","17926566","14","891350"
"chr2","17320995","17321062","chr2","18209964","18210029","4","888969"
"chr2","17322044","17322222","chr2","18211006","18211184","7","888962"
"chr2","17333932","17334221","chr2","18222735","18223023","4","888803"
"chr2","17383444","17383740","chr2","18271764","18272060","9","888320"
"chr2","17702977","17703260","chr2","202622423","202622699","39","184919446"
"chr2","17790366","17790678","chr2","18678863","18679183","11","888497"
"chr2","17793878","17794183","chr2","18682373","18682678","5","888495"
"chr2","17932822","17933123","chr16","11911337","11911647","47","6021485"
"chr2","18079765","18080070","chr2","18965389","18965694","6","885624"
"chr2","18221974","18222209","chr2","19108137","19108353","26","886163"
"chr2","18560161","18560478","chr2","19433645","19433957","16","873484"
"chr2","18640002","18640300","chr2","19515084","19515382","6","875082"
"chr2","18756380","18756658","chr2","19688169","19688455","14","931789"
"chr2","18784233","18784547","chr2","19716655","19716968","8","932422"
"chr2","19226905","19227233","chr13","48085839","48086168","44","28858934"
"chr2","19452666","19452967","chr2","20439260","20439563","9","986594"
"chr2","19738734","19739021","chr2","20725344","20725638","13","986610"
"chr2","19853799","19854105","chrX","129775504","129775813","42","109921705"
"chr2","19993570","19993872","chr2","20981931","20982235","4","988361"
"chr2","20130548","20130847","chr9","122836418","122836725","44","102705870"
"chr2","20220562","20220875","chr2","21211163","21211486","17","990601"
"chr2","20331415","20331692","chr2","21320289","21320566","2","988874"
"chr2","20745320","20745643","chrX","96553488","96553799","49","75808168"
"chr2","21146385","21146692","chr2","22176166","22176475","7","1029781"
"chr2","21545928","21546236","chr1","195618508","195618814","47","174072580"
"chr2","21566232","21566321","chr2","22604853","22604944","2","1038621"
"chr2","21593686","21593998","chr2","22637366","22637673","10","1043680"
"chr2","21615993","21616311","chr8","42714956","42715262","51","21098963"
"chr2","21621069","21621368","chr10","35229644","35229943","34","13608575"
"chr2","21626906","21627192","chr2","22671328","22671610","15","1044422"
"chr2","21640370","21640501","chr2","22685172","22685307","7","1044802"
"chr2","22982462","22982773","chr16","67982221","67982530","49","44999759"
"chr2","23194599","23194851","chr15","100568531","100568778","59","77373932"
"chr2","23419238","23419556","chr1","32500112","32500424","66","9080874"
"chr2","23482715","23482875","chr7","18914726","18914884","29","4567989"
"chr2","23626082","23626375","chr2","24672097","24672390","3","1046015"
"chr2","24384862","24385174","chr2","25503132","25503444","1","1118270"
"chr2","25000019","25000330","chr2","22176166","22176475","42","2823853"
"chr2","26433111","26433399","chr10","91874404","91874698","35","65441293"
"chr2","26713391","26713694","chr2","27915046","27915358","23","1201655"
"chr2","26988623","26988925","chr2","28180444","28180754","17","1191821"
"chr2","27420796","27421078","chr20","55935134","55935418","39","28514338"
"chr2","27424444","27424746","chr6","32369655","32369968","47","4945211"
"chr2","27426850","27427130","chr2","28678954","28679234","3","1252104"
"chr2","27582741","27583061","chr2","28830939","28831239","28","1248198"
"chr2","28596451","28596817","chr2","29836161","29836529","12","1239710"
"chr2","28625723","28625846","chr2","29866591","29866712","3","1240868"
"chr2","28682330","28682615","chr2","29930007","29930295","15","1247677"
"chr2","28699587","28699891","chr10","35955651","35955957","50","7256064"
"chr2","28763209","28763497","chr2","30016127","30016406","11","1252918"
"chr2","28927645","28927958","chr10","90761719","90762030","44","61834074"
"chr2","29121267","29121579","chr4","6726025","6726335","41","22395242"
"chr2","29147444","29147740","chrX","123495796","123496096","41","94348352"
"chr2","29153087","29153388","chr2","30406002","30406304","18","1252915"
"chr2","29176309","29176613","chr2","30428230","30428537","6","1251921"
"chr2","30029985","30030295","chrX","53293645","53293955","50","23263660"
"chr2","30605684","30605984","chr2","31802016","31802316","5","1196332"
"chr2","31927550","31927694","chr2","33381258","33381402","1","1453708"
"chr2","31936400","31936659","chr2","33390464","33390739","22","1454064"
"chr2","32277134","32277456","chr1","212367041","212367355","54","180089907"
"chr2","32403918","32404216","chrX","18856652","18856954","46","13547266"
"chr2","32454114","32454421","chrX","5074589","5074900","38","27379525"
"chr2","33135291","33135600","chr2","109129520","109129825","36","75994229"
"chr2","33335669","33335959","chr2","34803310","34803600","4","1467641"
"chr2","33349743","33350037","chr2","34817742","34818038","6","1467999"
"chr2","33373093","33373388","chr10","59694152","59694454","45","26321059"
"chr2","33392252","33392541","chr2","34867587","34867873","6","1475335"
"chr2","33413709","33413994","chr2","202622423","202622699","34","169208714"
"chr2","33454513","33454812","chr2","34930252","34930560","13","1475739"
"chr2","33761233","33761529","chr2","35237261","35237557","4","1476028"
"chr2","34521368","34521679","chr1","216407689","216407994","40","181886321"
"chr2","34604055","34604366","chr2","1011747","1012059","48","33592308"
"chr2","35145962","35146256","chr2","36667416","36667708","3","1521454"
"chr2","35245553","35245843","chr2","36768611","36768913","15","1523058"
"chr2","35332302","35332432","chrUn_NW_014806240v1","1","128","21","35332301"
"chr2","35392443","35392725","chr2","36913644","36913930","8","1521201"
"chr2","35655562","35655858","chr5","169292376","169292670","48","133636814"
"chr2","35921310","35921628","chr2","37435770","37436114","44","1514460"
"chr2","35976095","35976381","chr19","32487561","32487847","48","3488534"
"chr2","36040306","36040606","chrX","123495796","123496096","49","87455490"
"chr2","36394225","36394529","chr2","37921369","37921674","7","1527144"
"chr2","36583682","36583996","chr2","38107538","38107824","38","1523856"
"chr2","36632263","36632576","chr2","38155293","38155570","40","1523030"
"chr2","37526665","37526965","chr1","128244927","128245230","36","90718262"
"chr2","37956860","37957137","chr4","7272764","7273042","43","30684096"
"chr2","38066491","38066789","chr6","136890691","136890981","60","98824200"
"chr2","38201692","38201981","chr2","39806220","39806512","6","1604528"
"chr2","38402536","38402807","chr3","64800303","64800569","39","26397767"
"chr2","38567829","38568139","chr2","40194646","40194964","10","1626817"
"chr2","38767379","38767691","chr1","53870362","53870673","45","15102983"
"chr2","38775841","38776152","chr9","126382076","126382389","42","87606235"
"chr2","38848009","38848305","chr4","18525376","18525667","34","20322633"
"chr2","39022575","39022750","chr2","40659083","40659261","4","1636508"
"chr2","39066694","39067027","chrX","19842852","19843170","60","19223842"
"chr2","39077481","39077764","chr12","81208402","81208696","45","42130921"
"chr2","39144131","39144414","chr3","12119090","12119350","56","27025041"
"chr2","39162348","39162660","chr2","1011747","1012059","32","38150601"
"chr2","39182939","39183236","chr2","40820580","40820877","3","1637641"
"chr2","39226425","39226729","chr2","40865043","40865350","13","1638618"
"chr2","39491505","39491805","chr11","55370344","55370643","40","15878839"
"chr2","39696244","39696540","chr3","55240372","55240666","41","15544128"
"chr2","40204533","40204840","chr3","3056796","3057099","39","37147737"
"chr2","40484169","40484463","chrX","21335939","21336233","42","19148230"
"chr2","40905272","40905584","chr16","39030475","39030792","37","1874797"
"chr2","40916121","40916422","chr2","42648363","42648660","7","1732242"
"chr2","40946778","40946987","chr12","62987798","62988009","28","22041020"
"chr2","40946995","40947311","chr1","140049153","140049462","53","99102158"
"chr2","40968168","40968479","chr2","42699846","42700156","2","1731678"
"chr2","40998011","40998322","chr1","21961034","21961345","50","19036977"
"chr2","41139562","41139871","chr2","42875503","42875813","6","1735941"
"chr2","41337324","41337641","chr9","53346767","53347080","43","12009443"
"chr2","41826644","41826936","chr3","9812386","9812687","53","32014258"
"chr2","41898645","41898954","chr8","42714956","42715262","43","816311"
"chr2","41965420","41965718","chr9","118108962","118109255","48","76143542"
"chr2","41975740","41976038","chr2","43755126","43755426","5","1779386"
"chr2","42926238","42926519","chr1","35039189","35039473","51","7887049"
"chr2","43138178","43138490","chr2","44915749","44916061","7","1777571"
"chr2","43207441","43207498","chr13","47936047","47936105","10","4728606"
"chr2","43787537","43787844","chr2","45522916","45523223","8","1735379"
"chr2","43815352","43815665","chr2","45550416","45550725","10","1735064"
"chr2","44058398","44058699","chr2","45792304","45792605","0","1733906"
"chr2","44382844","44383141","chr2","46123921","46124218","7","1741077"
"chr2","44444562","44444850","chr2","46185469","46185757","2","1740907"
"chr2","44468500","44468813","chrX","42534967","42535279","39","1933533"
"chr2","44503171","44503448","chr2","46243374","46243651","7","1740203"
"chr2","44566201","44566502","chr2","46306539","46306839","7","1740338"
"chr2","44660085","44660397","chr16","45178244","45178554","48","518159"
"chr2","44661008","44661317","chr2","46403653","46403961","3","1742645"
"chr2","44739556","44739854","chr10","65759354","65759649","38","21019798"
"chr2","44848218","44848505","chr9","55550334","55550622","34","10702116"
"chr2","44984370","44984682","chr2","46729378","46729695","8","1745008"
"chr2","45007730","45008046","chr9","41028320","41028628","46","3979410"
"chr2","45012631","45012898","chr2","46755803","46756071","4","1743172"
"chr2","45034845","45035146","chr2","46777650","46777942","17","1742805"
"chr2","45047010","45047301","chr1","25745187","25745479","43","19301823"
"chr2","45062743","45063075","chr2","46807359","46807666","30","1744616"
"chr2","45069985","45070276","chr2","46814633","46814924","4","1744648"
"chr2","45242314","45242613","chr9","57275871","57276167","36","12033557"
"chr2","45749444","45749748","chr2","47582583","47582888","7","1833139"
"chr2","45762184","45762480","chr9","41028320","41028628","45","4733864"
"chr2","46049400","46049708","chr2","47914886","47915194","9","1865486"
"chr2","46064154","46064472","chr2","47929701","47930018","21","1865547"
"chr2","46148384","46148684","chr2","48013443","48013728","20","1865059"
"chr2","46163022","46163277","chr2","48027432","48027672","21","1864410"
"chr2","46363923","46364235","chr3","178948248","178948560","42","132584325"
"chr2","46702224","46702522","chr2","52810166","52810464","4","6107942"
"chr2","46806355","46806520","chr3","157397059","157397223","25","110590704"
"chr2","46820497","46820746","chr11","131964697","131964960","48","85144200"
"chr2","46841105","46841409","chr8","132581019","132581331","40","85739914"
"chr2","47088378","47088687","chr12","58348417","58348727","38","11260039"
"chr2","47135827","47136116","chr1","153472046","153472335","46","106336219"
"chr2","47142401","47142712","chr2","54548353","54548666","43","7405952"
"chr2","47449807","47450091","chr4","127721269","127721556","34","80271462"
"chr2","47634169","47634443","chr2","53720348","53720622","3","6086179"
"chr2","47655456","47655761","chr4","44046776","44047080","35","3608680"
"chr2","47682986","47683281","chr16","48949895","48950196","62","1266909"
"chr2","47731216","47731512","chr2","53823564","53823861","7","6092348"
"chr2","47754678","47754832","chr18","11586438","11586591","25","36168240"
"chr2","47764236","47764550","chr5","780445","780757","35","46983791"
"chr2","47775645","47775927","chr2","53868713","53868994","4","6093068"
"chr2","47776879","47777136","chr2","53869939","53870196","2","6093060"
"chr2","47895183","47895495","chrX","23126700","23127011","39","24768483"
"chr2","48367339","48367647","chr20","69257451","69257758","44","20890112"
"chr2","48408425","48408707","chr2","202622423","202622699","33","154213998"
"chr2","48438311","48438587","chr4","164192029","164192305","47","115753718"
"chr2","48477895","48478209","chr2","54532035","54532325","28","6054140"
"chr2","48494025","48494338","chr2","54548353","54548666","9","6054328"
"chr2","48519137","48519422","chr3","155979918","155980198","45","107460781"
"chr2","48540412","48540697","chr2","54593905","54594196","28","6053493"
"chr2","48643445","48643753","chr2","54701163","54701473","3","6057718"
"chr2","48769481","48769773","chr3","36680855","36681148","41","12088626"
"chr2","48823355","48823643","chr2","54884584","54884870","6","6061229"
"chr2","48824732","48825026","chr4","35232822","35233116","42","13591910"
"chr2","48850399","48850701","chr19","10872248","10872544","40","37978151"
"chr2","48942661","48942968","chr2","100865633","100865944","44","51922972"
"chr2","48976721","48977026","chr13","56983621","56983926","42","8006900"
"chr2","49193611","49193886","chr3","17958050","17958339","48","31235561"
"chr2","49365586","49365780","chr19","31985753","31985941","34","17379833"
"chr2","49396999","49397297","chr3","117800614","117800917","43","68403615"
"chr2","49417594","49417904","chr14","70074185","70074492","42","20656591"
"chr2","49586641","49586923","chr2","55645096","55645378","3","6058455"
"chr2","50005670","50005973","chr2","56064598","56064898","15","6058928"
"chr2","50132358","50132660","chr2","56194905","56195207","7","6062547"
"chr2","50186448","50186736","chr2","56379344","56379622","15","6192896"
"chr2","50189021","50189308","chr2","56381914","56382209","10","6192893"
"chr2","50205789","50206105","chr10","88330401","88330712","43","38124612"
"chr2","50213691","50213911","chr4","114877136","114877353","25","64663445"
"chr2","50298858","50299082","chr16","73605428","73605653","33","23306570"
"chr2","50391581","50391880","chr16","43932970","43933260","85","6458611"
"chr2","50414734","50415044","chr3","157216589","157216897","37","106801855"
"chr2","50566997","50567308","chr9","41028320","41028628","55","9538677"
"chr2","50626438","50626740","chrX","94815960","94816261","41","44189522"
"chr2","50666902","50667231","chr13","27068117","27068443","60","23598785"
"chr2","51125406","51125695","chr2","57347948","57348237","6","6222542"
"chr2","51363944","51364248","chrX","102643687","102643987","41","51279743"
"chr2","51402905","51403217","chr2","57628720","57629032","16","6225815"
"chr2","51452461","51452753","chr2","57678321","57678617","17","6225860"
"chr2","51613343","51613647","chr2","109129520","109129825","32","57516177"
"chr2","52063671","52063952","chr2","58275424","58275705","3","6211753"
"chr2","52112850","52113139","chr2","58330215","58330495","15","6217365"
"chr2","52419888","52420182","chr3","163926008","163926304","40","111506120"
"chr2","52620068","52620380","chr2","58848542","58848853","4","6228474"
"chr2","53373577","53373875","chr2","59615745","59616045","16","6242168"
"chr2","53518170","53518452","chr3","7352594","7352866","53","46165576"
"chr2","53669003","53669284","chrX","91479668","91479949","35","37810665"
"chr2","54249387","54249671","chr2","60507237","60507521","5","6257850"
"chr2","55055647","55055828","chr2","61381210","61381391","9","6325563"
"chr2","55085176","55085425","chr20","10650836","10651072","47","44434340"
"chr2","55104933","55105219","chr2","61430903","61431191","15","6325970"
"chr2","55150081","55150390","chr3","10716492","10716803","41","44433589"
"chr2","55738002","55738313","chr2","62109180","62109487","6","6371178"
"chr2","55764690","55764973","chr2","62135859","62136142","5","6371169"
"chr2","55776888","55777170","chr2","89781504","89781789","46","34004616"
"chr2","56208250","56208540","chr19","10872248","10872544","45","45336002"
"chr2","56833471","56833768","chr2","63224351","63224661","21","6390880"
"chr2","57330943","57331256","chr2","63731365","63731674","11","6400422"
"chr2","57341187","57341500","chr2","63741915","63742225","13","6400728"
"chr2","57717375","57717670","chr2","64116588","64116883","5","6399213"
"chr2","57831562","57831874","chr2","109129520","109129825","43","51297958"
"chr2","58478277","58478556","chr2","64904683","64904986","33","6426406"
"chr2","59758157","59758492","chr2","164198463","164198779","72","104440306"
"chr2","61651091","61651403","chr5","108945447","108945757","44","47294356"
"chr2","61817721","61818016","chr8","72824038","72824332","31","11006317"
"chr2","61983885","61984183","chr2","68562587","68562894","28","6578702"
"chr2","62048649","62048959","chr9","41028320","41028628","35","21020329"
"chr2","62052266","62052540","chr2","68631532","68631831","28","6579266"
"chr2","62094018","62094282","chr4","9977058","9977340","50","52116960"
"chr2","62291225","62291528","chr7","157654660","157654971","45","95363435"
"chr2","62327480","62327776","chr1","153472046","153472335","46","91144566"
"chr2","62383633","62383934","chr2","68990333","68990635","5","6606700"
"chr2","62431896","62432198","chr2","69039433","69039733","6","6607537"
"chr2","62653848","62653965","chr10","53821579","53821692","21","8832269"
"chr2","62744182","62744489","chr14","352376","352682","38","62391806"
"chr2","62973844","62974157","chr3","88821840","88822151","44","25847996"
"chr2","63075587","63075708","chr3","169215960","169216075","26","106140373"
"chr2","63316964","63317133","chr2","69947766","69947935","3","6630802"
"chr2","63460626","63460927","chr7","157654660","157654971","52","94194034"
"chr2","63467488","63467775","chr2","70097599","70097888","8","6630111"
"chr2","63632987","63633298","chr9","53346767","53347080","43","10286220"
"chr2","63856297","63856610","chr2","70486705","70487011","14","6630408"
"chr2","63869477","63869789","chr2","181410675","181410985","44","117541198"
"chr2","64089199","64089527","chr2","195675311","195675634","58","131586112"
"chr2","64157899","64158193","chr5","108945447","108945757","49","44787548"
"chr2","64171424","64171722","chr1","24467442","24467748","50","39703982"
"chr2","64466916","64467219","chr2","71099414","71099725","24","6632498"
"chr2","64494537","64494698","chr2","71127087","71127251","4","6632550"
"chr2","65335668","65335944","chr14","33317557","33317831","32","32018111"
"chr2","65965146","65965397","chr2","72603692","72603947","11","6638546"
"chr2","66000177","66000477","chr2","72638907","72639205","11","6638730"
"chr2","66037894","66038203","chr1","10059296","10059597","38","55978598"
"chr2","66642502","66642808","chr2","73288038","73288336","11","6645536"
"chr2","67998571","67998854","chr2","74716084","74716395","35","6717513"
"chr2","68417969","68418282","chr2","75203785","75204099","2","6785816"
"chr2","68557732","68557988","chr2","75343228","75343489","8","6785496"
"chr2","69000001","69000306","chr5","18956092","18956398","39","50043909"
"chr2","69030447","69030759","chr16","39030475","39030792","40","29999972"
"chr2","69062581","69062882","chr7","36332943","36333239","44","32729638"
"chr2","69298177","69298439","chr10","82374067","82374337","50","13075890"
"chr2","69367147","69367447","chr17","17830825","17831132","44","51536322"
"chr2","69458539","69458846","chr17","17830825","17831132","40","51627714"
"chr2","69481958","69482264","chr2","76231754","76232060","4","6749796"
"chr2","69512489","69512798","chrX","42534967","42535279","44","26977522"
"chr2","69787933","69788244","chr2","76540753","76541064","6","6752820"
"chr2","70996530","70996855","chr1","212367041","212367355","45","141370511"
"chr2","71428399","71428694","chr20","59318037","59318336","42","12110362"
"chr2","71615342","71615638","chr8","72824038","72824332","35","1208696"
"chr2","72014753","72015051","chr1","123571730","123572033","8","51556977"
"chr2","72020978","72021274","chr3","46857945","46858238","50","25163033"
"chr2","72075194","72075511","chr9","53346767","53347080","42","18728427"
"chr2","72142720","72143042","chr1","166570923","166571241","43","94428203"
"chr2","72264127","72264403","chr2","202622423","202622699","40","130358296"
"chr2","72434098","72434409","chrX","66231029","66231334","44","6203069"
"chr2","73100342","73100650","chr1","153373170","153373479","39","80272828"
"chr2","73384783","73385078","chr2","80141584","80141879","8","6756801"
"chr2","73799881","73800123","chr2","80558299","80558554","17","6758418"
"chr2","74093987","74094291","chr2","80894076","80894379","13","6800089"
"chr2","74397195","74397517","chr2","58848542","58848853","42","15548653"
"chr2","74454481","74454792","chr6","114508766","114509074","36","40054285"
"chr2","74584650","74584951","chr6","20650685","20650993","49","53933965"
"chr2","74618017","74618337","chr12","48435","48744","37","74569582"
"chr2","74675241","74675536","chr2","81471988","81472273","12","6796747"
"chr2","75010864","75011159","chr5","8868729","8869028","45","66142135"
"chr2","75056992","75057305","chrX","18248739","18249043","46","56808253"
"chr2","75589689","75589999","chr2","82397887","82398197","7","6808198"
"chr2","75848395","75848688","chr2","82653276","82653569","7","6804881"
"chr2","76079616","76079917","chr2","82882010","82882311","5","6802394"
"chr2","76674265","76674567","chr2","83494715","83495017","16","6820450"
"chr2","76733671","76733976","chr4","6726025","6726335","36","70007646"
"chr2","76740549","76740852","chr2","83561256","83561559","5","6820707"
"chr2","76823388","76823694","chr2","109129520","109129825","36","32306132"
"chr2","76831091","76831385","chr7","36332943","36333239","38","40498148"
"chr2","76872813","76873053","chr2","83693611","83693856","12","6820798"
"chr2","76874275","76874565","chr6","64317330","64317632","46","12556945"
"chr2","77025884","77026181","chr2","83846014","83846309","8","6820130"
"chr2","77062125","77062445","chr9","87559540","87559852","47","10497415"
"chr2","77093004","77093299","chr10","91874404","91874698","40","14781400"
"chr2","77227891","77228216","chr2","84047749","84048074","1","6819858"
"chr2","77235421","77235720","chr13","25798258","25798557","36","51437163"
"chr2","77236631","77236943","chr3","161819742","161820052","49","84583111"
"chr2","77266833","77267139","chr4","114771357","114771663","40","37504524"
"chr2","77291369","77291426","chr2","84113148","84113202","4","6821779"
"chr2","77309871","77310180","chr3","10716492","10716803","50","66593379"
"chr2","77367133","77367440","chr2","84188375","84188682","5","6821242"
"chr2","77402176","77402485","chr3","4729047","4729356","37","72673129"
"chr2","77434007","77434288","chr2","84255584","84255894","30","6821577"
"chr2","77523770","77524063","chr7","135345658","135345941","50","57821888"
"chr2","77552601","77552908","chr2","84374430","84374735","4","6821829"
"chr2","77553420","77553703","chr2","84375247","84375530","4","6821827"
"chr2","77585375","77585671","chr19","10872248","10872544","36","66713127"
"chr2","77603061","77603377","chr3","178948248","178948560","47","101345187"
"chr2","77610287","77610599","chr2","84433766","84434077","7","6823479"
"chr2","77803881","77804165","chr9","92005949","92006230","56","14202068"
"chr2","77884787","77885099","chr2","84706842","84707154","8","6822055"
"chr2","77953607","77953909","chr2","84772325","84772629","3","6818718"
"chr2","78008973","78009268","chr2","84828719","84829021","13","6819746"
"chr2","78106768","78107078","chr2","107478401","107478713","43","29371633"
"chr2","78144484","78144804","chr1","28105311","28105622","46","50039173"
"chr2","78449974","78450278","chr2","85275940","85276244","3","6825966"
"chr2","78504866","78505163","chr1","5241474","5241775","37","73263392"
"chr2","78534633","78534937","chr6","154066807","154067112","38","75532174"
"chr2","78624002","78624179","chr13","97316852","97317027","27","18692850"
"chr2","78634487","78634791","chr1","128244927","128245230","46","49610440"
"chr2","78649147","78649445","chr2","85530175","85530468","12","6881028"
"chr2","78671138","78671443","chr2","85552197","85552509","11","6881059"
"chr2","78721227","78721526","chr2","85602752","85603046","10","6881525"
"chr2","78727453","78727760","chr2","85608965","85609272","10","6881512"
"chr2","78785214","78785504","chr14","64065095","64065384","44","14720119"
"chr2","79022809","79023131","chr5","49790040","49790360","45","29232769"
"chr2","79486170","79486446","chr2","86393355","86393633","20","6907185"
"chr2","79523507","79523814","chr2","86430443","86430749","3","6906936"
"chr2","79573935","79574247","chr2","1011747","1012059","32","78562188"
"chr2","79736485","79736795","chrX","45545482","45545787","44","34191003"
"chr2","79989401","79989708","chr10","63405659","63405967","36","16583742"
"chr2","80073440","80073704","chr2","86988494","86988755","8","6915054"
"chr2","80175700","80176007","chr11","117151786","117152096","48","36976086"
"chr2","80209027","80209321","chr2","87122022","87122316","3","6912995"
"chr2","80398205","80398512","chr1","114918889","114919197","47","34520684"
"chr2","80432293","80432599","chr7","8749699","8750011","47","71682594"
"chr2","80534159","80534463","chr2","87447080","87447383","2","6912921"
"chr2","80909039","80909351","chr2","87827310","87827622","4","6918271"
"chr2","80919494","80919789","chr2","87837811","87838108","8","6918317"
"chr2","80986567","80986873","chr7","155736932","155737240","43","74750365"
"chr2","81027035","81027346","chr2","87945912","87946216","9","6918877"
"chr2","81052194","81052500","chr1","129094903","129095211","40","48042709"
"chr2","81217836","81218146","chr7","157654660","157654971","43","76436824"
"chr2","81302227","81302540","chr1","150946843","150947156","38","69644616"
"chr2","81740328","81740639","chr19","10801740","10802051","32","70938588"
"chr2","81870388","81870682","chr2","88788914","88789205","14","6918526"
"chr2","81902243","81902532","chr2","88820339","88820622","12","6918096"
"chr2","81911099","81911408","chrX","8089980","8090284","41","73821119"
"chr2","81917493","81917798","chr2","88835696","88836001","4","6918203"
"chr2","82053016","82053319","chr10","29617192","29617497","48","52435824"
"chr2","82057481","82057788","chr5","780445","780757","45","81277036"
"chr2","82198116","82198422","chr2","54548353","54548666","45","27649763"
"chr2","82247322","82247630","chr2","89179222","89179528","11","6931900"
"chr2","82301651","82301958","chr2","89232751","89233058","3","6931100"
"chr2","82386551","82386879","chr4","115333389","115333711","40","32946838"
"chr2","82431378","82431695","chr6","149780495","149780812","39","67349117"
"chr2","82622789","82623104","chr2","89548232","89548541","22","6925443"
"chr2","82659203","82659502","chrX","24134333","24134634","38","58524870"
"chr2","82720486","82720784","chr5","85120406","85120705","45","2399920"
"chr2","82808847","82809147","chr5","6941442","6941744","40","75867405"
"chr2","82814820","82815122","chr2","89739841","89740143","1","6925021"
"chr2","82817500","82817810","chr4","6726025","6726335","33","76091475"
"chr2","82951609","82951914","chr2","89882642","89882947","4","6931033"
"chr2","83026470","83026773","chr2","89964361","89964683","24","6937891"
"chr2","83098126","83098387","chrX","45040481","45040747","49","38057645"
"chr2","83117702","83118013","chr19","31620390","31620702","43","51497312"
"chr2","83124087","83124386","chr19","17429712","17430024","48","65694375"
"chr2","83284549","83284801","chr2","90225378","90225627","11","6940829"
"chr2","83353170","83353467","chr2","90304987","90305283","5","6951817"
"chr2","83395461","83395748","chr2","90345360","90345647","3","6949899"
"chr2","83624560","83624868","chr2","90625222","90625530","3","7000662"
"chr2","83680043","83680352","chr2","90681482","90681789","8","7001439"
"chr2","83714443","83714743","chr2","90715758","90716057","7","7001315"
"chr2","83736111","83736407","chr2","90739180","90739479","6","7003069"
"chr2","83768218","83768534","chr2","90766536","90766852","4","6998318"
"chr2","83782432","83782717","chr2","90781633","90781919","4","6999201"
"chr2","83833643","83833960","chr2","90833802","90834119","3","7000159"
"chr2","83872552","83872843","chr15","46215391","46215683","34","37657161"
"chr2","83877664","83877945","chr2","90859892","90860175","7","6982228"
"chr2","83880724","83881016","chr11","74878801","74879097","37","9001923"
"chr2","83881618","83881890","chr1","35039189","35039473","46","48842429"
"chr2","84185610","84185906","chr2","91171139","91171435","4","6985529"
"chr2","84475940","84475973","chr7","48580603","48580641","9","35895337"
"chr2","84526332","84526640","chrX","8089980","8090284","41","76436352"
"chr2","84539802","84540113","chr14","13010878","13011189","35","71528924"
"chr2","84590826","84591131","chr2","91609338","91609638","9","7018512"
"chr2","85175478","85175777","chr2","92195237","92195549","17","7019759"
"chr2","85230182","85230478","chr2","92251942","92252238","0","7021760"
"chr2","85271009","85271315","chr2","92294568","92294875","5","7023559"
"chr2","85290712","85291018","chr2","92313452","92313758","1","7022740"
"chr2","85309642","85309942","chr2","92333170","92333466","6","7023528"
"chr2","85337471","85337617","chr2","123788418","123788563","28","38450947"
"chr2","85368371","85368628","chr20","54229588","54229846","37","31138783"
"chr2","85372048","85372189","chr13","73519574","73519713","23","11852474"
"chr2","85396661","85396969","chr1","360065","360372","40","85036596"
"chr2","85539151","85539457","chr2","92570860","92571166","5","7031709"
"chr2","85559734","85560028","chr5","58859549","58859844","46","26700185"
"chr2","85614517","85614806","chr2","92644921","92645222","21","7030404"
"chr2","85698546","85698801","chr2","92729481","92729733","8","7030935"
"chr2","85785481","85785802","chr5","18956092","18956398","50","66829389"
"chr2","85805350","85805661","chr2","92834929","92835238","6","7029579"
"chr2","85808844","85808975","chr2","92839022","92839153","4","7030178"
"chr2","85880544","85880837","chr1","25745187","25745479","45","60135357"
"chr2","85891124","85891412","chr7","26740907","26741194","54","59150217"
"chr2","85900112","85900423","chr2","92925004","92925315","2","7024892"
"chr2","85925237","85925513","chr4","143789231","143789509","56","57863994"
"chr2","85936206","85936507","chr1","10059296","10059597","41","75876910"
"chr2","85983932","85984240","chr6","130708720","130709024","45","44724788"
"chr2","86089454","86089728","chr6","172017122","172017399","54","85927668"
"chr2","86095833","86096009","chr4","128747753","128747929","31","42651920"
"chr2","86145264","86145584","chr20","27120032","27120344","49","59025232"
"chr2","86157631","86157937","chr2","93222985","93223292","19","7065354"
"chr2","86166290","86166598","chr16","32438374","32438686","46","53727916"
"chr2","86226912","86227213","chrX","45545482","45545787","46","40681430"
"chr2","86228384","86228684","chr2","93288086","93288382","10","7059702"
"chr2","86380994","86381025","chr2","93494847","93494878","1","7113853"
"chr2","86394885","86395165","chr2","93509163","93509443","1","7114278"
"chr2","86408944","86409254","chr14","67904296","67904611","39","18504648"
"chr2","86459799","86460113","chr2","93575574","93575891","3","7115775"
"chr2","86495404","86495709","chr2","93616645","93616952","6","7121241"
"chr2","86504627","86504924","chr2","93626001","93626299","7","7121374"
"chr2","86536507","86536755","chr2","93654022","93654270","3","7117515"
"chr2","86587396","86587699","chr2","93707976","93708276","6","7120580"
"chr2","86713916","86714267","chr10","27674796","27675124","80","59039120"
"chr2","86776506","86776804","chr2","49749479","49749774","42","37027027"
"chr2","86787932","86788232","chr2","93908695","93908998","6","7120763"
"chr2","86846524","86846750","chr15","10561282","10561499","36","76285242"
"chr2","86935666","86935974","chr2","94057068","94057381","9","7121402"
"chr2","87034873","87035186","chr2","94158905","94159221","8","7124032"
"chr2","87056665","87056978","chr2","94181087","94181399","8","7124422"
"chr2","87089594","87089904","chr2","94213957","94214267","1","7124363"
"chr2","87105401","87105683","chr19","10872248","10872544","49","76233153"
"chr2","87106691","87107000","chr2","94231431","94231743","19","7124740"
"chr2","87184973","87185243","chr2","46755803","46756071","62","40429170"
"chr2","87209663","87209961","chr1","5241474","5241775","38","81968189"
"chr2","87210966","87211260","chr1","5241474","5241775","41","81969492"
"chr2","87226810","87227102","chr8","56660170","56660456","46","30566640"
"chr2","87241938","87242253","chr9","53346767","53347080","44","33895171"
"chr2","87246212","87246523","chr2","94387613","94387917","12","7141401"
"chr2","87295081","87295345","chr2","94437546","94437810","3","7142465"
"chr2","87339589","87339873","chr8","56660170","56660456","44","30679419"
"chr2","87478585","87478864","chr2","94617227","94617506","4","7138642"
"chr2","87486957","87487244","chr19","32487561","32487847","61","54999396"
"chr2","87527337","87527636","chr19","15282895","15283197","35","72244442"
"chr2","87536734","87537048","chr2","94673911","94674225","6","7137177"
"chr2","87587320","87587503","chr13","97316852","97317027","27","9729532"
"chr2","87616779","87617091","chr14","22411607","22411921","44","65205172"
"chr2","87623637","87623965","chr1","991950","992256","61","86631687"
"chr2","87778291","87778481","chr1","78204912","78205100","34","9573379"
"chr2","87827515","87827821","chr2","22176166","22176475","33","65651349"
"chr2","87896839","87897131","chr4","18525376","18525667","37","69371463"
"chr2","87927418","87927725","chr5","41773732","41774035","39","46153686"
"chr2","87927888","87928170","chrX","124158161","124158455","49","36230273"
"chr2","87939729","87940019","chr2","95078644","95078931","5","7138915"
"chr2","88013705","88013992","chr2","95153474","95153761","11","7139769"
"chr2","88016580","88016874","chr2","95156352","95156661","26","7139772"
"chr2","88018196","88018506","chr7","80610462","80610764","38","7407734"
"chr2","88087240","88087557","chr16","47222507","47222806","46","40864733"
"chr2","88152816","88153124","chr2","95291558","95291862","9","7138742"
"chr2","88355863","88356224","chr6","129707384","129707696","87","41351521"
"chr2","88429677","88429982","chr2","95570525","95570836","7","7140848"
"chr2","89392442","89392743","chr2","96578805","96579101","9","7186363"
"chr2","89797389","89797701","chr2","109129520","109129825","31","19332131"
"chr2","89841877","89842168","chr2","97026447","97026738","4","7184570"
"chr2","89954344","89954654","chr1","53870362","53870673","40","36083982"
"chr2","90068817","90069131","chr2","97255853","97256164","7","7187036"
"chr2","90134260","90134550","chr2","97317956","97318245","8","7183696"
"chr2","90143153","90143438","chr5","169292376","169292670","59","79149223"
"chr2","90185630","90185919","chr8","92346531","92346819","36","2160901"
"chr2","90256685","90256979","chr2","97442048","97442342","1","7185363"
"chr2","90575751","90576044","chr6","135977377","135977673","36","45401626"
"chr2","90579599","90579901","chr2","97768603","97768906","5","7189004"
"chr2","90688439","90688737","chr2","97870464","97870765","7","7182025"
"chr2","90785072","90785371","chr2","97964377","97964674","10","7179305"
"chr2","90889538","90889832","chr2","98073928","98074225","9","7184390"
"chr2","90919170","90919481","chr5","108945447","108945757","38","18026277"
"chr2","90930954","90931261","chr6","158400240","158400551","44","67469286"
"chr2","91154728","91155025","chrX","124158161","124158455","38","33003433"
"chr2","91460919","91461231","chr7","81906692","81907000","32","9554227"
"chr2","91596205","91596518","chr2","98758044","98758357","4","7161839"
"chr2","91773217","91773510","chr8","67920265","67920563","36","23852952"
"chr2","91825561","91825846","chr2","98989821","98990126","24","7164260"
"chr2","92046205","92046518","chr2","99204457","99204755","19","7158252"
"chr2","92203420","92203733","chr2","94057068","94057381","38","1853648"
"chr2","92274034","92274338","chr1","6984829","6985127","40","85289205"
"chr2","92559300","92559592","chr2","99714800","99715092","4","7155500"
"chr2","92621726","92622021","chr2","99776119","99776420","28","7154393"
"chr2","92679469","92679770","chr7","16885620","16885926","48","75793849"
"chr2","92874796","92875098","chr2","100029738","100030034","10","7154942"
"chr2","92912639","92912951","chr2","100063553","100063866","6","7150914"
"chr2","93110631","93110930","chr2","100268594","100268893","1","7157963"
"chr2","93119197","93119511","chr7","163349357","163349670","39","70230160"
"chr2","93156560","93156870","chr19","28376800","28377112","49","64779760"
"chr2","93160817","93161118","chr2","100318965","100319268","6","7158148"
"chr2","93302050","93302363","chr1","154900380","154900688","39","61598330"
"chr2","93377357","93377670","chr3","14171034","14171337","42","79206323"
"chr2","93426641","93426945","chr2","100580589","100580890","9","7153948"
"chr2","93429274","93429568","chr2","100583202","100583500","5","7153928"
"chr2","93459762","93460070","chr2","100612347","100612648","10","7152585"
"chr2","93599500","93599813","chr15","26986646","26986958","38","66612854"
"chr2","93659409","93659718","chr20","59793701","59794009","36","33865708"
"chr2","93680961","93681270","chr2","100865633","100865944","5","7184672"
"chr2","93700985","93701278","chr2","100885404","100885690","13","7184419"
"chr2","94332482","94332796","chr17","731819","732128","42","93600663"
"chr2","94379152","94379463","chr3","182775197","182775506","43","88396045"
"chr2","94912472","94912783","chr7","139271553","139271862","38","44359081"
"chr2","95266267","95266585","chr1","145470301","145470616","37","50204034"
"chr2","95572155","95572461","chr2","102808669","102808975","5","7236514"
"chr2","95668180","95668491","chr1","53870362","53870673","36","41797818"
"chr2","95772652","95772955","chr2","103021198","103021501","7","7248546"
"chr2","95870419","95870750","chr15","26986646","26986958","47","68883773"
"chr2","95871107","95871417","chr7","55781024","55781326","40","40090083"
"chr2","96092448","96092759","chr3","10309195","10309505","43","85783253"
"chr2","96117447","96117728","chr17","6282623","6282908","41","89834824"
"chr2","96232094","96232406","chr2","103503198","103503510","10","7271104"
"chr2","96959630","96959914","chr2","104278496","104278771","14","7318866"
"chr2","97035922","97036227","chr11","28744070","28744379","43","68291852"
"chr2","97128061","97128349","chr3","154672661","154672956","41","57544600"
"chr2","97609104","97609418","chr2","104944947","104945260","6","7335843"
"chr2","98159327","98159597","chr2","105501397","105501672","10","7342070"
"chr2","98178316","98178616","chr2","105522080","105522386","26","7343764"
"chr2","98300938","98301241","chr2","105685298","105685602","2","7384360"
"chr2","98552663","98552951","chr2","105935573","105935853","14","7382910"
"chr2","98751419","98751734","chr2","106132535","106132841","18","7381116"
"chr2","98888240","98888535","chr2","106331372","106331666","8","7443132"
"chr2","98893042","98893359","chr2","106335808","106336125","12","7442766"
"chr2","98895493","98895794","chr2","106338276","106338583","33","7442783"
"chr2","99297855","99298158","chr2","106741771","106742075","4","7443916"
"chr2","99475661","99475963","chr2","106918118","106918425","19","7442457"
"chr2","99622316","99622621","chr11","112178391","112178701","54","12556075"
"chr2","99700909","99701220","chr2","63731365","63731674","39","35969544"
"chr2","99858821","99859112","chr8","92346531","92346819","38","7512290"
"chr2","99881664","99881960","chr2","107388226","107388529","10","7506562"
"chr2","99903382","99903688","chr1","129094903","129095211","35","29191521"
"chr2","99962850","99963135","chr2","107469219","107469523","23","7506369"
"chr2","99968329","99968639","chr2","107478401","107478713","6","7510072"
"chr2","99985046","99985359","chr2","107494265","107494578","4","7509219"
"chr2","99987570","99987878","chrX","42534967","42535279","35","57452603"
"chr2","99992842","99993153","chr2","54114833","54115140","44","45878009"
"chr2","100141523","100141807","chr12","124749960","124750242","44","24608437"
"chr2","100211810","100212112","chr2","107722273","107722576","3","7510463"
"chr2","100310351","100310662","chr7","163349357","163349670","42","63039006"
"chr2","100346926","100347212","chr10","34533177","34533464","37","65813749"
"chr2","100489354","100489659","chr2","107978692","107978998","4","7489338"
"chr2","100498525","100498824","chr2","107987879","107988182","6","7489354"
"chr2","100519613","100519910","chr16","25365336","25365632","33","75154277"
"chr2","100894670","100894975","chr15","26986646","26986958","46","73908024"
"chr2","100972932","100973215","chr1","7160057","7160346","40","93812875"
"chr2","100975662","100975972","chr3","10309195","10309505","42","90666467"
"chr2","101016952","101017269","chr6","157396189","157396500","46","56379237"
"chr2","101053684","101053962","chr2","108541630","108541928","24","7487946"
"chr2","101059455","101059642","chr8","93543077","93543266","36","7516378"
"chr2","101095623","101095932","chr2","108582579","108582887","6","7486956"
"chr2","101096077","101096375","chr2","108583032","108583330","10","7486955"
"chr2","101265441","101265754","chr10","88330401","88330712","36","12935040"
"chr2","101289041","101289341","chr1","208269077","208269377","43","106980036"
"chr2","101289889","101290218","chr2","108777268","108777599","11","7487379"
"chr2","101308137","101308428","chr1","56128414","56128722","54","45179723"
"chr2","101341705","101342010","chr2","108829031","108829338","5","7487326"
"chr2","101460355","101460641","chr15","28284547","28284827","39","73175808"
"chr2","101487087","101487397","chr3","94292575","94292874","45","7194512"
"chr2","101607160","101607440","chr2","109116746","109117035","12","7509586"
"chr2","101607692","101608009","chr2","109117301","109117628","26","7509609"
"chr2","101619907","101620208","chr2","109129520","109129825","10","7509613"
"chr2","101642785","101643095","chr2","109152125","109152434","8","7509340"
"chr2","101672947","101673263","chrX","42534967","42535279","42","59137980"
"chr2","101728917","101729174","chrX","49222327","49222583","45","52506590"
"chr2","101747267","101747573","chr2","109256431","109256732","10","7509164"
"chr2","101813579","101813885","chr3","138051331","138051627","57","36237752"
"chr2","101827816","101828109","chr2","109334141","109334433","8","7506325"
"chr2","101901059","101901243","chr13","97316852","97317027","32","4584207"
"chr2","101930434","101930606","chr13","48489796","48489972","30","53440638"
"chr2","102058398","102058706","chr2","109557380","109557691","11","7498982"
"chr2","102081179","102081483","chr7","42153561","42153873","50","59927618"
"chr2","102150703","102150999","chr2","109656261","109656557","7","7505558"
"chr2","102249599","102249912","chr2","157421590","157421899","46","55171991"
"chr2","102259452","102259742","chr11","45374861","45375156","33","56884591"
"chr2","102354311","102354636","chr5","108945447","108945757","51","6591136"
"chr2","102389009","102389327","chr2","109891120","109891438","10","7502111"
"chr2","102418661","102418969","chr2","109920859","109921158","11","7502198"
"chr2","102467269","102467588","chr2","109970923","109971208","38","7503654"
"chr2","102984302","102984572","chr2","110456913","110457162","26","7472611"
"chr2","103635726","103636025","chr2","111123872","111124169","22","7488146"
"chr2","103673414","103673722","chr2","202955495","202955799","40","99282081"
"chr2","103694873","103695011","chr2","111184055","111184187","11","7489182"
"chr2","103704026","103704333","chr11","28744070","28744379","44","74959956"
"chr2","103710236","103710514","chr4","16807956","16808227","41","86902280"
"chr2","103714295","103714584","chr2","111201543","111201844","37","7487248"
"chr2","103756051","103756360","chr9","41028320","41028628","50","62727731"
"chr2","104223097","104223405","chr2","111756801","111757111","5","7533704"
"chr2","104305022","104305317","chr9","115153998","115154298","37","10848976"
"chr2","104504947","104505253","chr10","17374683","17374987","35","87130264"
"chr2","104522577","104522871","chr10","91874404","91874698","36","12648173"
"chr2","104620001","104620285","chr3","161190803","161191102","52","56570802"
"chr2","104664241","104664553","chr2","112196241","112196552","1","7532000"
"chr2","104691618","104691910","chr2","112227291","112227575","14","7535673"
"chr2","104881651","104881979","chrX","19602992","19603313","46","85278659"
"chr2","104912213","104912524","chr2","112502890","112503201","4","7590677"
"chr2","104940862","104941168","chr1","92366913","92367207","43","12573949"
"chr2","105350839","105351135","chr20","399441","399736","40","104951398"
"chr2","105375674","105375989","chr10","10323197","10323509","42","95052477"
"chr2","105721707","105722004","chr4","116888019","116888318","36","11166312"
"chr2","105731441","105731753","chr6","152760741","152761054","49","47029300"
"chr2","105741381","105741654","chr2","113392395","113392673","7","7651014"
"chr2","105854588","105854884","chr11","10516060","10516352","39","95338528"
"chr2","105937232","105937544","chr2","113586304","113586614","6","7649072"
"chr2","105941572","105941889","chr3","10716492","10716803","38","95225080"
"chr2","106151236","106151530","chrX","124158161","124158455","38","18006925"
"chr2","106175405","106175718","chr2","1011747","1012059","43","105163658"
"chr2","106240272","106240581","chr19","31624647","31624952","50","74615625"
"chr2","106273906","106274218","chr14","67904296","67904611","39","38369610"
"chr2","106367693","106367995","chr1","129094903","129095211","42","22727210"
"chr2","107318173","107318480","chr1","216407689","216407994","43","109089516"
"chr2","107466900","107467204","chr2","115139955","115140258","7","7673055"
"chr2","107475610","107475898","chr2","115149251","115149533","9","7673641"
"chr2","107489961","107490265","chr1","5241474","5241775","32","102248487"
"chr2","107694524","107694835","chr5","153272771","153273078","42","45578247"
"chr2","107812757","107813046","chr4","103580552","103580844","34","4232205"
"chr2","107917613","107917858","chr2","115710830","115711071","9","7793217"
"chr2","107979967","107980274","chr2","115775714","115776020","8","7795747"
"chr2","107982286","107982562","chr2","115778032","115778308","7","7795746"
"chr2","108068426","108068741","chr2","115864474","115864790","6","7796048"
"chr2","108327636","108327935","chr2","116127745","116128044","2","7800109"
"chr2","108343561","108343856","chr10","91874404","91874698","37","16469157"
"chr2","108364636","108364932","chr6","133406856","133407151","41","25042220"
"chr2","108387036","108387325","chr17","94903136","94903424","40","13483900"
"chr2","108403378","108403667","chr2","116270188","116270477","2","7866810"
"chr2","108424571","108424883","chr1","6290744","6291054","46","102133827"
"chr2","108439152","108439460","chr2","116305633","116305941","14","7866481"
"chr2","108569802","108570055","chr3","181370210","181370458","44","72800408"
"chr2","108593496","108593797","chr2","116462267","116462571","9","7868771"
"chr2","108626070","108626364","chr5","8868729","8869028","49","99757341"
"chr2","109187292","109187574","chr6","129584365","129584649","72","20397073"
"chr2","109301016","109301309","chr4","116888019","116888318","41","7587003"
"chr2","109339233","109339539","chr2","107478401","107478713","51","1860832"
"chr2","109805666","109805963","chr2","192296808","192297103","41","82491142"
"chr2","110196114","110196398","chr5","185726523","185726790","62","75530409"
"chr2","110535779","110536089","chr2","118509475","118509782","6","7973696"
"chr2","110676625","110676896","chr8","63113045","63113300","56","47563580"
"chr2","110722407","110722716","chr2","118696760","118697067","4","7974353"
"chr2","110893854","110894160","chr1","53870362","53870673","43","57023492"
"chr2","111091191","111091499","chr10","76840766","76841077","43","34250425"
"chr2","111214995","111215267","chr2","119175270","119175547","9","7960275"
"chr2","111513841","111514056","chr2","119476359","119476570","17","7962518"
"chr2","111514630","111514937","chr2","119477132","119477437","9","7962502"
"chr2","111586779","111587089","chr2","119548630","119548942","9","7961851"
"chr2","112195322","112195656","chr1","53496213","53496539","58","58699109"
"chr2","112305902","112306221","chr2","120311886","120312166","41","8005984"
"chr2","112532350","112532603","chr2","120540856","120541111","10","8008506"
"chr2","112860697","112860814","chr2","120916482","120916601","4","8055785"
"chr2","113011773","113012060","chr11","47619969","47620258","34","65391804"
"chr2","113031713","113031980","chr2","121086182","121086445","30","8054469"
"chr2","113032934","113033241","chr2","1011747","1012059","40","112021187"
"chr2","113056782","113057058","chr4","47056986","47057262","46","65999796"
"chr2","113119633","113119933","chr2","121177672","121177976","8","8058039"
"chr2","113135536","113135848","chr7","2541815","2542123","39","110593721"
"chr2","113140263","113140572","chrX","49244999","49245306","42","63895264"
"chr2","113169665","113169967","chr12","84681116","84681423","48","28488549"
"chr2","113340602","113340899","chr2","121406664","121406957","11","8066062"
"chr2","113404104","113404416","chr9","41028320","41028628","40","72375784"
"chr2","113548924","113549207","chr3","157410529","157410829","46","43861605"
"chr2","113550261","113550589","chr9","41028320","41028628","61","72521941"
"chr2","113889118","113889427","chr2","121949136","121949444","9","8060018"
"chr2","114165907","114166218","chr2","122225314","122225602","24","8059407"
"chr2","114206543","114206864","chr10","48281176","48281489","55","65925367"
"chr2","114710293","114710588","chr2","122785086","122785356","27","8074793"
"chr2","114994244","114994532","chr2","123057161","123057462","30","8062917"
"chr2","115358317","115358613","chr6","166686121","166686419","49","51327804"
"chr2","115359124","115359424","chr2","123429509","123429809","7","8070385"
"chr2","115375815","115376119","chr1","210824915","210825219","43","95449100"
"chr2","115391990","115392302","chr2","123462221","123462534","7","8070231"
"chr2","115412140","115412280","chr18","40262311","40262449","23","75149829"
"chr2","115461503","115461660","chr3","170128116","170128280","30","54666613"
"chr2","115574302","115574619","chr2","123691516","123691837","12","8117214"
"chr2","115717758","115718066","chr10","29617192","29617497","36","86100566"
"chr2","115830369","115830687","chr4","16864649","16864956","47","98965720"
"chr2","116081575","116081866","chr2","124219970","124220261","3","8138395"
"chr2","116188037","116188349","chr2","124327380","124327689","10","8139343"
"chr2","116282140","116282389","chr2","15069574","15069827","51","101212566"
"chr2","116465572","116465883","chr2","54548353","54548666","34","61917219"
"chr2","117665612","117665916","chr2","125811318","125811622","4","8145706"
"chr2","118630125","118630438","chr7","20375134","20375447","58","98254991"
"chr2","118987397","118987715","chr10","74738808","74739121","55","44248589"
"chr2","119075223","119075535","chr7","152496223","152496538","50","33421000"
"chr2","119139825","119140105","chr9","48397309","48397595","54","70742516"
"chr2","119982361","119982659","chr2","128305665","128305962","8","8323304"
"chr2","120026277","120026589","chr1","20664668","20664978","45","99361609"
"chr2","120194071","120194374","chr2","128520367","128520670","1","8326296"
"chr2","120325072","120325377","chr12","83411292","83411599","50","36913780"
"chr2","120954010","120954315","chr2","129265988","129266317","32","8311978"
"chr2","120993001","120993294","chr16","47598445","47598739","44","73394556"
"chr2","121593117","121593398","chr2","129945398","129945679","3","8352281"
"chr2","121626767","121627076","chr2","129980013","129980318","14","8353246"
"chr2","121849178","121849498","chr11","55363814","55364125","41","66485364"
"chr2","122999843","123000000","chr15","78832179","78832336","33","44167664"
"chr2","123095053","123095382","chr2","131552228","131552514","48","8457175"
"chr2","123224485","123224794","chr2","131663824","131664141","14","8439339"
"chr2","123396111","123396409","chr3","68470943","68471247","47","54925168"
"chr2","123585061","123585364","chr2","132037947","132038250","8","8452886"
"chr2","123933821","123933906","chr2","132389590","132389680","8","8455769"
"chr2","124229273","124229570","chr19","10872248","10872544","41","113357025"
"chr2","124580014","124580288","chr2","133107193","133107467","1","8527179"
"chr2","124631633","124631912","chr1","35039189","35039473","48","89592444"
"chr2","124699096","124699407","chr1","195618508","195618814","38","70919412"
"chr2","124844175","124844488","chr2","133410145","133410451","12","8565970"
"chr2","125047541","125047822","chr2","133592579","133592860","4","8545038"
"chr2","125119993","125120293","chr2","133667655","133667955","3","8547662"
"chr2","125501492","125501789","chr2","134052401","134052698","6","8550909"
"chr2","125867391","125867671","chr2","134408250","134408529","3","8540859"
"chr2","125973784","125974082","chr11","55370344","55370643","39","70603440"
"chr2","125998244","125998531","chr2","134539464","134539753","9","8541220"
"chr2","126141404","126141716","chr2","134678243","134678555","5","8536839"
"chr2","126172209","126172518","chrX","42534967","42535279","47","83637242"
"chr2","126194798","126194953","chr1","27132805","27132958","26","99061993"
"chr2","126201816","126202121","chr12","120981550","120981858","46","5220266"
"chr2","126220803","126221096","chr9","3487897","3488197","44","122732906"
"chr2","126247482","126247629","chr3","69229267","69229418","24","57018215"
"chr2","126306628","126306939","chr14","4829123","4829434","38","121477505"
"chr2","127018447","127018756","chrX","644651","644961","35","126373796"
"chr2","127039387","127039658","chr2","146364246","146364529","18","19324859"
"chr2","127522753","127523068","chr10","10323197","10323509","34","117199556"
"chr2","127737482","127737780","chr11","110441477","110441783","44","17296005"
"chr2","128578199","128578517","chr8","22170996","22171307","41","106407203"
"chr2","128716974","128717286","chr10","29617192","29617497","36","99099782"
"chr2","129415986","129416289","chrX","50576766","50577063","35","78839220"
"chr2","130007307","130007600","chr2","100029738","100030034","47","29977569"
"chr2","130076736","130077038","chr19","34193976","34194287","41","95882760"
"chr2","130144035","130144336","chr2","142995316","142995617","4","12851281"
"chr2","130163768","130164067","chr2","142975263","142975564","4","12811495"
"chr2","130191665","130191938","chr2","142945590","142945889","39","12753925"
"chr2","130219180","130219501","chr7","44258629","44258940","48","85960551"
"chr2","130230422","130230723","chr2","142866241","142866542","3","12635819"
"chr2","130281860","130282131","chr2","142814116","142814387","4","12532256"
"chr2","130323756","130324055","chr2","142771551","142771860","18","12447795"
"chr2","130487347","130487586","chr1","130067420","130067653","36","419927"
"chr2","130528923","130529227","chr2","142513801","142514105","9","11984878"
"chr2","130650611","130650917","chr16","32427628","32427931","43","98222983"
"chr2","130980845","130981156","chr7","95835996","95836307","46","35144849"
"chr2","131004167","131004480","chr2","142022568","142022882","4","11018401"
"chr2","131012244","131012549","chr9","41028320","41028628","40","89983924"
"chr2","131026540","131026866","chrX","19602992","19603313","55","111423548"
"chr2","131894842","131895126","chr19","20818387","20818684","54","111076455"
"chr2","132063344","132063655","chr3","39810959","39811272","41","92252385"
"chr2","132473331","132473643","chr15","46645036","46645347","46","85828295"
"chr2","132786972","132787274","chrX","123495796","123496096","41","9291176"
"chr2","132810857","132811165","chr2","140004394","140004701","7","7193537"
"chr2","132872389","132872704","chr7","20578631","20578946","39","112293758"
"chr2","132916343","132916642","chr2","139900765","139901059","8","6984422"
"chr2","132931626","132931936","chr2","139884483","139884776","23","6952857"
"chr2","132979446","132979756","chr2","139837347","139837656","12","6857901"
"chr2","133443159","133443416","chr2","139370370","139370634","11","5927211"
"chr2","133794374","133794678","chr2","139013765","139014065","11","5219391"
"chr2","134000236","134000547","chrX","5074589","5074900","45","128925647"
"chr2","134092736","134092971","chr2","138711962","138712197","1","4619226"
"chr2","134097445","134097739","chr2","163059578","163059874","38","28962133"
"chr2","134758638","134758946","chr2","138023787","138024098","11","3265149"
"chr2","134786428","134786719","chr2","137996053","137996344","5","3209625"
"chr2","134800753","134801062","chr2","137982004","137982312","7","3181251"
"chr2","135431624","135431922","chr2","137336693","137336985","16","1905069"
"chr2","135454687","135454977","chr2","137313858","137314148","1","1859171"
"chr2","135653712","135654022","chr11","121292","121598","47","135532420"
"chr2","136064559","136064852","chr2","136701781","136702071","5","637222"
"chr2","136143587","136143895","chr2","136624331","136624636","14","480744"
"chr2","136288001","136288305","chr11","23877168","23877477","45","112410833"
"chr2","136314120","136314431","chr11","117151786","117152096","43","19162334"
"chr2","136453835","136454138","chr9","41028320","41028628","44","95425515"
"chr2","136520993","136521309","chr2","136193053","136193345","32","327940"
"chr2","136974154","136974464","chr3","124116975","124117286","40","12857179"
"chr2","137290387","137290694","chr16","72877211","72877508","42","64413176"
"chr2","137706584","137706896","chr20","50376728","50377032","43","87329856"
"chr2","137957034","137957349","chr2","153618974","153619289","5","15661940"
"chr2","138034563","138034893","chr2","153695164","153695469","29","15660601"
"chr2","138048983","138049303","chr4","73028943","73029261","47","65020040"
"chr2","138089254","138089562","chr2","153751448","153751734","26","15662194"
"chr2","139145576","139145854","chr2","202622423","202622699","41","63476847"
"chr2","140196408","140196711","chr3","163926008","163926304","44","23729600"
"chr2","140619799","140620111","chr1","128811656","128811969","54","11808143"
"chr2","141081961","141082274","chr2","156766114","156766418","24","15684153"
"chr2","141093977","141094265","chr2","156778495","156778784","12","15684518"
"chr2","141620772","141621000","chrX","10226945","10227172","45","131393827"
"chr2","141719913","141720227","chr2","157421590","157421899","8","15701677"
"chr2","142500287","142500576","chr7","139150886","139151170","46","3349401"
"chr2","142823706","142824016","chr2","158559219","158559527","8","15735513"
"chr2","142868636","142868949","chr2","158603904","158604215","14","15735268"
"chr2","143272393","143272694","chr2","159012035","159012332","13","15739642"
"chr2","143305886","143306169","chr2","159047798","159048075","8","15741912"
"chr2","143391117","143391410","chr2","159132062","159132355","6","15740945"
"chr2","143557236","143557548","chr7","157654660","157654971","38","14097424"
"chr2","143602239","143602534","chr2","159341384","159341679","3","15739145"
"chr2","143940241","143940554","chr3","30295292","30295604","32","113644949"
"chr2","144021022","144021313","chr2","159825053","159825356","13","15804031"
"chr2","144107189","144107491","chr2","159908871","159909170","4","15801682"
"chr2","144124728","144125041","chr7","20375134","20375447","41","123749594"
"chr2","144161779","144162072","chr2","159961088","159961383","17","15799309"
"chr2","144164452","144164764","chrUn_NW_014807719v1","117","430","30","144164335"
"chr2","144167820","144168085","chr2","159967132","159967394","7","15799312"
"chr2","144176917","144177198","chr2","159976221","159976504","9","15799304"
"chr2","144256134","144256450","chr2","160055264","160055580","6","15799130"
"chr2","144310618","144310911","chr2","160114352","160114649","8","15803734"
"chr2","144414014","144414316","chr2","160263106","160263404","15","15849092"
"chr2","144587257","144587546","chr2","160440963","160441252","8","15853706"
"chr2","144646350","144646655","chr2","160500660","160500967","5","15854310"
"chr2","144797974","144798286","chr2","160647274","160647584","4","15849300"
"chr2","145006502","145006808","chr2","160859820","160860126","9","15853318"
"chr2","145084424","145084737","chr7","44258629","44258940","40","100825795"
"chr2","145444937","145445186","chr2","161294823","161295071","6","15849886"
"chr2","145998536","145998829","chr2","161858153","161858449","8","15859617"
"chr2","146577403","146577715","chr7","126112577","126112887","43","20464826"
"chr2","146617203","146617497","chr2","162522265","162522559","16","15905062"
"chr2","146740691","146741005","chr5","153272771","153273078","42","6532080"
"chr2","147140508","147140799","chr2","163059578","163059874","11","15919070"
"chr2","147162093","147162388","chr2","163078438","163078733","6","15916345"
"chr2","147162761","147163065","chr2","163079106","163079414","12","15916345"
"chr2","147174241","147174546","chr19","47101976","47102275","52","100072265"
"chr2","147178935","147179244","chr2","163097048","163097360","11","15918113"
"chr2","147591089","147591399","chr2","163506644","163506946","12","15915555"
"chr2","147656554","147656853","chr2","163577149","163577437","25","15920595"
"chr2","147859124","147859436","chr2","163776499","163776811","2","15917375"
"chr2","148264919","148265224","chr2","164198463","164198779","13","15933544"
"chr2","148542648","148542957","chr1","12652526","12652828","42","135890122"
"chr2","148793757","148793899","chr2","164810511","164810654","2","16016754"
"chr2","148876133","148876435","chr2","164897961","164898270","16","16021828"
"chr2","148880160","148880415","chr2","164901996","164902248","10","16021836"
"chr2","148929363","148929532","chr2","164949317","164949484","4","16019954"
"chr2","149086595","149086896","chr2","165136670","165136971","7","16050075"
"chr2","149131356","149131675","chr20","27120032","27120344","42","122011324"
"chr2","149132246","149132525","chr9","863178","863468","49","148269068"
"chr2","149213076","149213368","chr2","165267341","165267633","3","16054265"
"chr2","149226775","149227084","chr6","68600539","68600843","34","80626236"
"chr2","149238540","149238841","chr2","165292994","165293294","7","16054454"
"chr2","149533954","149534247","chr20","742253","742546","44","148791701"
"chr2","149698160","149698477","chr2","165756309","165756627","3","16058149"
"chr2","150382551","150382838","chr2","166477559","166477846","4","16095008"
"chr2","151373295","151373615","chr16","39030475","39030792","32","112342820"
"chr2","151488230","151488525","chr2","90304987","90305283","43","61183243"
"chr2","151560244","151560554","chr2","167673306","167673616","8","16113062"
"chr2","151597822","151598135","chr2","22176166","22176475","47","129421656"
"chr2","151706732","151707033","chr2","167819013","167819308","12","16112281"
"chr2","152154547","152154841","chr6","132315465","132315776","41","19839082"
"chr2","152184667","152184946","chr17","82123","82406","41","152102544"
"chr2","152235433","152235734","chr4","116888019","116888318","36","35347414"
"chr2","152318410","152318710","chr2","168435101","168435404","7","16116691"
"chr2","152357731","152358050","chr8","140936325","140936643","65","11421406"
"chr2","152360842","152361151","chr2","30428230","30428537","38","121932612"
"chr2","152417325","152417638","chr2","168534301","168534613","6","16116976"
"chr2","153206602","153206903","chr2","169334400","169334701","3","16127798"
"chr2","153227421","153227717","chr2","169386978","169387283","16","16159557"
"chr2","153399245","153399539","chr8","72824038","72824332","31","80575207"
"chr2","153401595","153401819","chr2","169561927","169562147","8","16160332"
"chr2","153467126","153467424","chr2","169625969","169626271","11","16158843"
"chr2","153483254","153483560","chr2","169642057","169642363","5","16158803"
"chr2","154051439","154051666","chr5","77727996","77728225","46","76323443"
"chr2","154172991","154173148","chrX","113259087","113259241","23","40913904"
"chr2","154670087","154670399","chr2","170871881","170872193","10","16201794"
"chr2","154870496","154870792","chr2","56327571","56327868","60","98542925"
"chr2","154909204","154909493","chr2","171107321","171107611","9","16198117"
"chr2","155363358","155363659","chr2","171569383","171569680","12","16206025"
"chr2","155477880","155478190","chrX","26069960","26070272","45","129407920"
"chr2","155849309","155849611","chr2","172051961","172052263","2","16202652"
"chr2","156092020","156092226","chr14","87847060","87847279","35","68244960"
"chr2","156155760","156156065","chr5","780445","780757","46","155375315"
"chr2","156265116","156265427","chr2","172472855","172473169","10","16207739"
"chr2","156703924","156704228","chr3","10716492","10716803","42","145987432"
"chr2","156844388","156844693","chr2","202955495","202955799","36","46111107"
"chr2","157694655","157694961","chr2","173949756","173950060","7","16255101"
"chr2","158014834","158015123","chr2","174264481","174264768","42","16249647"
"chr2","158210457","158210758","chrX","123495796","123496096","42","34714661"
"chr2","158439882","158440180","chr2","174680650","174680948","8","16240768"
"chr2","160051527","160051833","chr2","178318658","178318965","5","18267131"
"chr2","160052899","160053205","chr2","178318658","178318965","5","18265759"
"chr2","160373074","160373405","chr2","177981486","177981797","34","17608412"
"chr2","160943674","160943985","chr2","177409462","177409766","15","16465788"
"chr2","161264797","161265107","chr6","20650685","20650993","49","140614112"
"chr2","161786477","161786766","chr6","171361457","171361746","37","9574980"
"chr2","161902012","161902310","chr2","176381625","176381934","14","14479613"
"chr2","162394263","162394562","chr2","175880819","175881113","12","13486556"
"chr2","162465347","162465652","chr2","175808647","175808946","11","13343300"
"chr2","163277582","163277873","chr2","179689154","179689446","3","16411572"
"chr2","163472490","163472730","chr16","73605428","73605653","48","89867062"
"chr2","164020823","164021104","chr2","180479280","180479583","26","16458457"
"chr2","164034688","164034977","chr2","180493201","180493493","6","16458513"
"chr2","164074365","164074668","chr2","180531095","180531401","8","16456730"
"chr2","164094300","164094586","chr2","180550689","180550975","2","16456389"
"chr2","164104113","164104411","chr2","180560417","180560712","19","16456304"
"chr2","164225204","164225507","chr4","114771357","114771663","39","49453847"
"chr2","164254405","164254713","chr2","180716925","180717236","13","16462520"
"chr2","164305629","164305924","chr14","12450648","12450945","44","151854981"
"chr2","164341727","164342029","chr2","180806024","180806328","9","16464297"
"chr2","164356586","164356905","chr16","42177016","42177343","49","122179570"
"chr2","164390858","164391170","chr1","87448547","87448862","36","76942311"
"chr2","164778421","164778699","chrX","14082069","14082349","46","150696352"
"chr2","164846192","164846455","chr15","102091682","102091949","38","62754510"
"chr2","164939309","164939603","chr2","181410675","181410985","26","16471366"
"chr2","165037467","165037780","chr7","81906692","81907000","39","83130775"
"chr2","165423928","165424240","chr2","181897655","181897942","34","16473727"
"chr2","165487489","165487789","chr2","181960465","181960769","16","16472976"
"chr2","165491152","165491443","chr2","181964121","181964418","15","16472969"
"chr2","165945167","165945459","chr2","182419170","182419462","6","16474003"
"chr2","166109134","166109445","chr7","157654660","157654971","35","8454474"
"chr2","166111229","166111524","chrX","9224045","9224343","43","156887184"
"chr2","166127431","166127529","chr2","182594934","182595038","7","16467503"
"chr2","166321150","166321449","chr2","182809106","182809403","4","16487956"
"chr2","166896046","166896379","chr2","183368320","183368644","24","16472274"
"chr2","167010632","167010937","chr13","95377167","95377474","34","71633465"
"chr2","167435960","167436256","chr2","183907320","183907620","6","16471360"
"chr2","167637019","167637328","chr2","184116919","184117222","7","16479900"
"chr2","167705389","167705705","chr7","68794625","68794935","60","98910764"
"chr2","167783381","167783696","chr14","67904296","67904611","38","99879085"
"chr2","168039705","168040010","chr2","184568580","184568873","20","16528875"
"chr2","168180475","168180787","chr8","132581019","132581331","43","35599456"
"chr2","168228558","168228858","chr9","21569000","21569294","46","146659558"
"chr2","168262978","168263274","chr16","30416384","30416677","57","137846594"
"chr2","168293946","168294258","chr9","41028320","41028628","42","127265626"
"chr2","168556750","168557048","chr2","185086790","185087083","11","16530040"
"chr2","168911587","168911898","chr2","54114833","54115140","38","114796754"
"chr2","169013927","169014217","chr3","18219515","18219804","35","150794412"
"chr2","169221552","169221867","chr14","22411607","22411921","44","146809945"
"chr2","169683856","169684164","chr13","25827218","25827525","42","143856638"
"chr2","169859657","169859972","chr10","88330401","88330712","47","81529256"
"chr2","170067063","170067364","chr2","185851262","185851555","11","15784199"
"chr2","170169959","170170241","chr2","185749799","185750081","4","15579840"
"chr2","171030925","171031230","chr16","62857267","62857580","50","108173658"
"chr2","171796056","171796350","chr2","189561774","189562068","6","17765718"
"chr2","172065633","172065853","chr1","213547043","213547248","36","41481410"
"chr2","172076133","172076435","chr2","189278074","189278377","4","17201941"
"chr2","172147690","172147997","chr2","189205366","189205673","4","17057676"
"chr2","172181931","172182240","chr1","20664668","20664978","35","151517263"
"chr2","172290965","172291266","chr1","22736928","22737232","42","149554037"
"chr2","172364981","172365272","chr11","10516060","10516352","34","161848921"
"chr2","172496912","172497222","chr2","150241864","150242166","41","22255048"
"chr2","172824517","172824779","chrX","45040481","45040747","50","127784036"
"chr2","172892765","172893059","chr11","47158355","47158645","41","125734410"
"chr2","172893660","172893959","chr9","9319788","9320092","43","163573872"
"chr2","172900925","172901088","chr14","26822742","26822895","31","146078183"
"chr2","172913484","172913721","chr20","28610865","28611085","45","144302619"
"chr2","173082378","173082668","chr2","188258747","188259044","9","15176369"
"chr2","173156074","173156390","chr2","188180924","188181212","31","15024850"
"chr2","173157747","173158063","chr2","188178948","188179264","9","15021201"
"chr2","173187894","173188178","chr2","188147243","188147546","24","14959349"
"chr2","173200811","173201125","chr2","188134202","188134516","12","14933391"
"chr2","173356574","173356876","chr18","11591604","11591914","54","161764970"
"chr2","173381694","173382005","chr9","53346767","53347080","41","120034927"
"chr2","173419776","173420074","chrX","123495796","123496096","43","49923980"
"chr2","173483597","173483906","chr11","37726157","37726465","41","135757440"
"chr2","173487714","173488013","chr2","187817674","187817974","2","14329960"
"chr2","173620470","173620744","chr2","187685752","187686026","7","14065282"
"chr2","173699058","173699388","chr1","67971416","67971742","54","105727642"
"chr2","173789525","173789819","chr2","187511586","187511878","9","13722061"
"chr2","174042695","174042984","chr2","187260051","187260341","9","13217356"
"chr2","174073303","174073590","chr1","110353438","110353728","48","63719865"
"chr2","174829965","174830255","chr4","103241337","103241629","47","71588628"
"chr2","175261408","175261622","chr1","171501764","171501989","42","3759644"
"chr2","175526435","175526744","chr2","194246170","194246479","5","18719735"
"chr2","176834986","176835139","chr6","131883156","131883315","25","44951830"
"chr2","176836041","176836355","chr6","32408139","32408448","37","144427902"
"chr2","176934851","176935165","chr13","27837878","27838188","43","149096973"
"chr2","177036520","177036802","chr2","192685303","192685585","4","15648783"
"chr2","177060164","177060450","chr7","140270928","140271210","38","36789236"
"chr2","177377764","177378023","chr2","192342650","192342910","8","14964886"
"chr2","177421508","177421803","chr2","192296808","192297103","4","14875300"
"chr2","177512297","177512533","chr11","32306349","32306578","43","145205948"
"chr2","177915366","177915666","chr2","191802717","191803015","14","13887351"
"chr2","178106766","178107046","chr1","9847390","9847675","47","168259376"
"chr2","178148995","178149257","chr10","27694634","27694898","43","150454361"
"chr2","178178311","178178603","chr9","55550334","55550622","39","122627977"
"chr2","178211004","178211322","chr2","191507394","191507710","5","13296390"
"chr2","178280042","178280353","chr8","92135177","92135491","42","86144865"
"chr2","178359180","178359494","chr5","39366619","39366925","50","138992561"
"chr2","178579725","178580031","chr2","191135515","191135820","7","12555790"
"chr2","178688858","178689165","chr2","191027228","191027535","16","12338370"
"chr2","178928559","178928848","chr20","27942460","27942749","35","150986099"
"chr2","178974192","178974503","chr16","76763230","76763541","42","102210962"
"chr2","179445783","179446115","chrX","19602992","19603313","55","159842791"
"chr2","179779094","179779303","chr2","196454758","196454949","21","16675664"
"chr2","179823447","179823752","chr10","87589639","87589938","43","92233808"
"chr2","180006776","180007082","chr2","196678699","196678992","19","16671923"
"chr2","180079347","180079654","chr2","196753271","196753563","20","16673924"
"chr2","180124903","180125213","chr2","54114833","54115140","42","126010070"
"chr2","180176710","180177008","chr2","196849799","196850083","20","16673089"
"chr2","180349819","180350099","chr17","60798666","60798946","50","119551153"
"chr2","180634821","180635126","chr2","197307288","197307591","6","16672467"
"chr2","181218994","181219294","chr2","197956392","197956687","13","16737398"
"chr2","181520158","181520198","chr19","20172536","20172587","16","161347622"
"chr2","181545328","181545547","chr2","198274316","198274494","41","16728988"
"chr2","181581623","181581926","chr10","67555554","67555852","47","114026069"
"chr2","181877978","181878284","chr2","198659471","198659777","11","16781493"
"chr2","181907443","181907734","chr2","203310670","203310965","43","21403227"
"chr2","182418338","182418631","chr2","199237933","199238229","8","16819595"
"chr2","182433069","182433376","chr2","199251680","199251985","18","16818611"
"chr2","182722017","182722321","chr7","81906692","81907000","42","100815325"
"chr2","182839306","182839598","chr9","108962245","108962550","45","73877061"
"chr2","182856902","182857192","chr2","199674966","199675255","4","16818064"
"chr2","182909291","182909605","chr2","199729175","199729512","29","16819884"
"chr2","182921411","182921712","chr2","199741468","199741780","26","16820057"
"chr2","182975004","182975304","chr5","41773732","41774035","35","141201272"
"chr2","183347697","183348004","chr1","128244927","128245230","46","55102770"
"chr2","183417438","183417749","chr2","200230633","200230944","16","16813195"
"chr2","183420732","183421036","chr6","68600539","68600843","32","114820193"
"chr2","183475961","183476265","chr11","74878801","74879097","39","108597160"
"chr2","183561724","183562010","chr9","82400849","82401142","41","101160875"
"chr2","183716736","183717032","chr2","200530522","200530816","15","16813786"
"chr2","183931343","183931656","chr1","140601261","140601574","38","43330082"
"chr2","183997137","183997436","chr2","200809075","200809365","16","16811938"
"chr2","184028843","184029143","chr2","200841244","200841548","13","16812401"
"chr2","184046504","184046782","chr2","200858543","200858847","28","16812039"
"chr2","184062942","184063253","chr2","200877444","200877746","11","16814502"
"chr2","184138024","184138258","chr2","200952186","200952421","6","16814162"
"chr2","184297174","184297484","chr2","201129113","201129424","11","16831939"
"chr2","184305941","184306236","chr2","201137891","201138187","4","16831950"
"chr2","184306634","184306943","chr2","201138593","201138900","13","16831959"
"chr2","184335566","184335890","chr16","66710303","66710614","52","117625263"
"chr2","184414079","184414381","chr2","201250957","201251259","3","16836878"
"chr2","184471737","184472046","chr2","201309047","201309356","12","16837310"
"chr2","184536556","184536860","chr1","189381209","189381521","40","4844653"
"chr2","184624748","184625055","chr2","201472949","201473231","27","16848201"
"chr2","184978686","184978987","chr1","5241474","5241775","30","179737212"
"chr2","185477212","185477532","chr10","88330401","88330712","34","97146811"
"chr2","185593150","185593451","chr4","116888019","116888318","37","68705131"
"chr2","185594954","185595275","chr11","133475433","133475744","50","52119521"
"chr2","185659654","185659961","chr1","114918889","114919197","41","70740765"
"chr2","185739875","185740176","chr2","204105875","204106179","7","18366000"
"chr2","185765977","185766314","chr13","76255243","76255565","52","109510734"
"chr2","185772126","185772435","chr2","204074430","204074751","17","18302304"
"chr2","185819929","185819993","chr2","204025554","204025617","1","18205625"
"chr2","185973789","185974072","chr2","203869348","203869632","9","17895559"
"chr2","186044427","186044686","chr11","45361018","45361280","59","140683409"
"chr2","186241940","186242244","chr3","94292575","94292874","45","91949365"
"chr2","186251262","186251503","chr14","64363335","64363567","43","121887927"
"chr2","186303952","186304249","chr1","25745187","25745479","44","160558765"
"chr2","186329351","186329630","chr1","205288010","205288299","48","18958659"
"chr2","186350366","186350645","chr9","102457580","102457866","49","83892786"
"chr2","186463816","186464030","chr2","203364920","203365133","3","16901104"
"chr2","186489675","186489850","chr2","203335558","203335733","5","16845883"
"chr2","186490046","186490335","chr8","92346531","92346819","46","94143515"
"chr2","186519100","186519412","chr7","157654660","157654971","37","28864440"
"chr2","186522125","186522435","chr4","36358052","36358358","40","150164073"
"chr2","186561903","186562189","chr16","29866795","29867070","49","156695108"
"chr2","186735160","186735473","chr2","203051132","203051440","11","16315972"
"chr2","186765199","186765496","chr2","203019968","203020265","6","16254769"
"chr2","186765509","186765810","chr1","63974196","63974491","49","122791313"
"chr2","186799838","186800150","chr2","202989321","202989632","18","16189483"
"chr2","186832519","186832815","chr2","202955495","202955799","15","16122976"
"chr2","186838611","186838889","chr20","26994135","26994420","43","159844476"
"chr2","186874682","186874983","chr19","17732417","17732716","36","169142265"
"chr2","186989402","186989705","chr15","81895891","81896196","36","105093511"
"chr2","186990931","186991119","chr7","17737324","17737508","25","169253607"
"chr2","186995282","186995450","chr5","183297737","183297905","25","3697545"
"chr2","187030422","187030723","chr2","109129520","109129825","42","77900902"
"chr2","187044405","187044706","chr1","1338023","1338327","38","185706382"
"chr2","187050930","187051245","chr7","163349357","163349670","51","23701573"
"chr2","187089031","187089309","chr10","91874404","91874698","51","95214627"
"chr2","187094356","187094662","chr8","132581019","132581331","40","54513337"
"chr2","187106158","187106383","chr2","202673998","202674222","6","15567840"
"chr2","187106908","187107001","chr2","202673600","202673693","3","15566692"
"chr2","187165653","187165802","chr5","147999049","147999187","22","39166604"
"chr2","187175177","187175475","chr2","202603024","202603316","14","15427847"
"chr2","187214708","187215014","chr1","129094903","129095211","35","58119805"
"chr2","187251899","187252207","chr15","26986646","26986958","36","160265253"
"chr2","187305543","187305851","chr10","10323197","10323509","34","176982346"
"chr3","17432555","17432866","chr1","87448547","87448862","39","70015992"
"chr3","66322285","66322597","chr7","20578631","20578946","39","45743654"
"chr3","259920","260228","chr1","37839928","37840237","45","37580008"
"chr3","345466","345761","chr7","120138945","120139237","40","119793479"
"chr3","441407","441701","chr3","436158","436452","9","5249"
"chr3","464360","464672","chr3","11837835","11838142","35","11373475"
"chr3","808771","809078","chr3","812332","812639","8","3561"
"chr3","875907","876201","chr3","882467","882759","7","6560"
"chr3","1127778","1128086","chr2","47914886","47915194","40","46787108"
"chr3","1661331","1661627","chr3","1659793","1660089","0","1538"
"chr3","1796983","1797295","chr3","1792713","1793019","10","4270"
"chr3","1933025","1933336","chr3","1931682","1931994","6","1343"
"chr3","1980661","1980974","chr3","1976712","1977027","11","3949"
"chr3","2125489","2125799","chr1","12652526","12652828","45","10527037"
"chr3","2301535","2301854","chr19","35821295","35821607","37","33519760"
"chr3","2305272","2305563","chr9","55550334","55550622","36","53245062"
"chr3","2408547","2408859","chr7","20375134","20375447","38","17966587"
"chr3","2446747","2447046","chr3","2460631","2460929","10","13884"
"chr3","2471012","2471324","chr16","19315629","19315938","40","16844617"
"chr3","2491894","2492202","chr3","2508502","2508810","5","16608"
"chr3","2772019","2772288","chr3","41632780","41633073","54","38860761"
"chr3","2852395","2852705","chr1","10059296","10059597","51","7206901"
"chr3","2917023","2917313","chr3","2952582","2952873","9","35559"
"chr3","2923252","2923550","chr2","61336823","61337120","35","58413571"
"chr3","3000965","3001238","chr16","68764971","68765237","40","65764006"
"chr3","3021006","3021316","chr3","3056796","3057099","10","35790"
"chr3","3105160","3105463","chr3","3145342","3145646","6","40182"
"chr3","3106672","3106801","chr3","3146861","3146978","14","40189"
"chr3","3161551","3161856","chr3","3214283","3214588","7","52732"
"chr3","3420084","3420380","chr5","41773732","41774035","40","38353648"
"chr3","3485889","3486198","chr7","136437306","136437616","47","132951417"
"chr3","3606591","3606884","chr3","3672842","3673139","7","66251"
"chr3","3611422","3611721","chr10","87564869","87565168","44","83953447"
"chr3","3731080","3731381","chr9","108625812","108626112","39","104894732"
"chr3","3747471","3747779","chr3","3820777","3821085","3","73306"
"chr3","3783630","3783941","chr6","166686121","166686419","51","162902491"
"chr3","3823635","3823950","chr3","3895634","3895966","23","71999"
"chr3","3872481","3872753","chr19","43303408","43303693","49","39430927"
"chr3","3899804","3900117","chr10","76840766","76841077","38","72940962"
"chr3","3921675","3921975","chr3","3996702","3997002","10","75027"
"chr3","4225404","4225702","chr9","27125707","27126011","38","22900303"
"chr3","4299595","4299906","chr7","126112577","126112887","58","121812982"
"chr3","4428687","4428999","chr14","352376","352682","40","4076311"
"chr3","4579091","4579397","chr3","4729047","4729356","18","149956"
"chr3","4753599","4753878","chr8","72824038","72824332","53","68070439"
"chr3","5066654","5066948","chr3","5161952","5162258","21","95298"
"chr3","5177104","5177406","chr3","5271763","5272065","1","94659"
"chr3","5867438","5867698","chr3","5962198","5962460","10","94760"
"chr3","6172363","6172415","chr7","84156819","84156876","12","77984456"
"chr3","6172416","6172621","chr3","6270076","6270281","1","97660"
"chr3","6172762","6173039","chr10","85142649","85142922","58","78969887"
"chr3","6278144","6278460","chr3","6371782","6372100","11","93638"
"chr3","6561899","6562165","chr3","6689967","6690240","13","128068"
"chr3","6729361","6729668","chr20","27120032","27120344","44","20390671"
"chr3","7057164","7057464","chr3","7179149","7179448","5","121985"
"chr3","7092196","7092480","chr6","14492150","14492438","38","7399954"
"chr3","7214680","7214986","chr3","7332125","7332432","4","117445"
"chr3","7216691","7216900","chr8","129217630","129217840","38","122000939"
"chr3","7245960","7246256","chr3","7363360","7363654","12","117400"
"chr3","7298394","7298703","chr3","7419307","7419613","9","120913"
"chr3","7313930","7314195","chrX","133847120","133847389","33","126533190"
"chr3","7327674","7327970","chr3","7448225","7448528","10","120551"
"chr3","7380847","7381159","chr3","7502511","7502822","6","121664"
"chr3","7810225","7810559","chr3","7933573","7933903","8","123348"
"chr3","7841309","7841616","chr1","12652526","12652828","43","4811217"
"chr3","8129344","8129638","chr16","32427628","32427931","52","24298284"
"chr3","8256678","8256988","chr3","8382918","8383228","4","126240"
"chr3","8606088","8606394","chr2","46729378","46729695","52","38123290"
"chr3","9042712","9042983","chr5","105287697","105287973","48","96244985"
"chr3","9046785","9047075","chr3","9228133","9228423","4","181348"
"chr3","9215847","9216147","chr15","84029141","84029444","40","74813294"
"chr3","9322861","9323156","chr6","135977377","135977673","33","126654516"
"chr3","9446480","9446794","chr5","108945447","108945757","40","99498967"
"chr3","9503057","9503349","chr3","9688017","9688312","15","184960"
"chr3","9526447","9526709","chr2","202622423","202622699","39","193095976"
"chr3","9540896","9541209","chr6","92544030","92544332","37","83003134"
"chr3","9554239","9554544","chr3","9738886","9739184","16","184647"
"chr3","9556202","9556509","chr3","9738886","9739184","18","182684"
"chr3","9607625","9607920","chr3","9794966","9795261","9","187341"
"chr3","9616084","9616330","chr2","134056539","134056781","44","124440455"
"chr3","9731392","9731692","chrX","23746759","23747067","50","14015367"
"chr3","9834934","9835239","chr3","10019530","10019820","18","184596"
"chr3","9955828","9956102","chr3","10139960","10140250","21","184132"
"chr3","10085023","10085325","chr6","39737167","39737470","34","29652144"
"chr3","10091442","10091746","chr14","352376","352682","34","9739066"
"chr3","10104660","10104964","chr7","40068470","40068774","34","29963810"
"chr3","10127169","10127472","chr3","10309195","10309505","23","182026"
"chr3","10150253","10150552","chr3","10333387","10333692","20","183134"
"chr3","10170185","10170476","chr3","10355291","10355600","31","185106"
"chr3","10171714","10172019","chr1","37839928","37840237","39","27668214"
"chr3","10178555","10178856","chr3","10364198","10364499","7","185643"
"chr3","10179782","10179952","chr3","10365412","10365582","2","185630"
"chr3","10183344","10183647","chr3","10368678","10368984","8","185334"
"chr3","10195725","10196033","chr3","10381124","10381432","8","185399"
"chr3","10213919","10214220","chr9","72742754","72743059","52","62528835"
"chr3","10218336","10218634","chr4","116888019","116888318","35","106669683"
"chr3","10263261","10263581","chr3","10454707","10455027","2","191446"
"chr3","10266515","10266809","chr8","72824038","72824332","45","62557523"
"chr3","10292755","10293057","chr4","85833400","85833701","34","75540645"
"chr3","10359543","10359855","chr6","156430027","156430339","33","146070484"
"chr3","10522848","10523149","chr3","10716492","10716803","16","193644"
"chr3","10546294","10546600","chr3","10739611","10739919","7","193317"
"chr3","10580917","10581212","chr1","5241474","5241775","38","5339443"
"chr3","11269495","11269768","chr16","25778063","25778340","47","14508568"
"chr3","11527550","11527832","chr3","11689517","11689799","4","161967"
"chr3","11599370","11599690","chr2","164198463","164198779","44","152599093"
"chr3","11674487","11674789","chr3","11837835","11838142","8","163348"
"chr3","11800607","11800923","chr3","11964195","11964513","4","163588"
"chr3","11953132","11953435","chr3","12115571","12115886","16","162439"
"chr3","12052055","12052351","chr5","137741692","137741990","33","125689637"
"chr3","12475648","12475963","chr3","12642431","12642746","7","166783"
"chr3","12476553","12476860","chr3","12642431","12642746","15","165878"
"chr3","12542496","12542794","chr3","12710902","12711200","11","168406"
"chr3","12549875","12550149","chr5","184375283","184375564","52","171825408"
"chr3","12752532","12752837","chr1","37839928","37840237","40","25087396"
"chr3","12843250","12843512","chr16","4732646","4732896","54","8110604"
"chr3","12911105","12911419","chr3","13083092","13083392","18","171987"
"chr3","12922695","12922986","chr4","49956826","49957114","26","37034131"
"chr3","13051450","13051761","chr19","8067185","8067494","57","4984265"
"chr3","13069807","13070108","chr7","58983214","58983519","50","45913407"
"chr3","13114979","13115286","chr1","162739180","162739489","54","149624201"
"chr3","13245278","13245585","chr6","44157212","44157518","40","30911934"
"chr3","13360863","13361183","chr10","67697669","67697976","44","54336806"
"chr3","13811082","13811409","chrX","19842852","19843170","69","6031770"
"chr3","13829641","13829933","chr3","13999000","13999311","28","169359"
"chr3","13940353","13940684","chr9","31104773","31105122","62","17164420"
"chr3","13996184","13996488","chr3","14171034","14171337","9","174850"
"chr3","14173869","14174190","chr3","14347044","14347368","26","173175"
"chr3","14409390","14409703","chr3","14583196","14583506","7","173806"
"chr3","14434866","14435175","chr2","94057068","94057381","45","79622202"
"chr3","14611909","14612209","chr14","9100502","9100809","41","5511407"
"chr3","14625049","14625322","chr1","35039189","35039473","49","20414140"
"chr3","14630604","14630881","chr3","14782346","14782623","0","151742"
"chr3","14740417","14740717","chr1","819465","819763","40","13920952"
"chr3","14863797","14864073","chr3","15012669","15012945","3","148872"
"chr3","14864449","14864744","chr19","5059189","5059494","54","9805260"
"chr3","14871807","14872106","chr3","15021331","15021629","4","149524"
"chr3","14887560","14887853","chr5","42031778","42032069","43","27144218"
"chr3","14994592","14994876","chr14","19354856","19355143","30","4360264"
"chr3","14997762","14998073","chr3","15154257","15154560","28","156495"
"chr3","15049296","15049603","chr3","15205809","15206114","9","156513"
"chr3","15052199","15052399","chr3","43199997","43200184","33","28147798"
"chr3","15062084","15062398","chr3","15217990","15218304","2","155906"
"chr3","15119951","15120253","chr3","15271468","15271774","12","151517"
"chr3","15215364","15215647","chr3","15367545","15367829","11","152181"
"chr3","15334338","15334608","chr15","8956833","8957102","36","6377505"
"chr3","15492099","15492404","chr3","15649696","15649969","46","157597"
"chr3","15673066","15673379","chr1","87448547","87448862","44","71775481"
"chr3","15845741","15846016","chr2","134408250","134408529","51","118562509"
"chr3","15919477","15919749","chr2","202622423","202622699","45","186702946"
"chr3","16025245","16025541","chr3","16328809","16329105","3","303564"
"chr3","16193156","16193466","chr16","10722368","10722681","42","5470788"
"chr3","16288499","16288803","chr19","15282895","15283197","37","1005604"
"chr3","16300620","16300915","chr3","16614237","16614536","7","313617"
"chr3","16376981","16377147","chr3","16689132","16689293","9","312151"
"chr3","16546938","16547236","chr3","16857616","16857921","15","310678"
"chr3","16823309","16823590","chr8","132449833","132450116","55","115626524"
"chr3","16892758","16893058","chr20","17904997","17905298","38","1012239"
"chr3","16938938","16939250","chr2","54548353","54548666","39","37609415"
"chr3","17052440","17052775","chr6","41583750","41584072","64","24531310"
"chr3","17439743","17440036","chr3","17756962","17757259","10","317219"
"chr3","17531465","17531775","chr12","50823074","50823380","37","33291609"
"chr3","17562530","17562811","chr7","79986194","79986483","49","62423664"
"chr3","17871677","17871966","chr3","18219515","18219804","7","347838"
"chr3","18002661","18002958","chr3","18349619","18349908","13","346958"
"chr3","18563442","18563724","chr3","18902134","18902416","1","338692"
"chr3","18754803","18755102","chr17","90884138","90884433","48","72129335"
"chr3","19039383","19039464","chr16","39114949","39115024","17","20075566"
"chr3","19188043","19188346","chr6","175406673","175406973","45","156218630"
"chr3","19242734","19243056","chr5","153104973","153105279","69","133862239"
"chr3","19243386","19243714","chr3","19577626","19577950","10","334240"
"chr3","20014359","20014628","chr3","20353006","20353276","3","338647"
"chr3","20129541","20129853","chr1","36884018","36884325","44","16754477"
"chr3","20482546","20482852","chr5","153272771","153273078","44","132790225"
"chr3","20543564","20543791","chr3","20933628","20933855","4","390064"
"chr3","20720272","20720582","chr9","41028320","41028628","36","20308048"
"chr3","20866145","20866426","chr3","21237800","21238081","4","371655"
"chr3","21384469","21384768","chr1","10059296","10059597","42","11325173"
"chr3","21576895","21577195","chr3","21941598","21941896","26","364703"
"chr3","21659702","21659973","chr1","15958327","15958616","49","5701375"
"chr3","21662283","21662554","chr1","15958327","15958616","49","5703956"
"chr3","21701803","21702088","chr6","172017122","172017399","65","150315319"
"chr3","21862071","21862387","chr15","42808664","42808977","45","20946593"
"chr3","21956785","21957099","chr1","212367041","212367355","41","190410256"
"chr3","22912426","22912721","chr3","23387189","23387484","11","474763"
"chr3","22963246","22963549","chr2","1011747","1012059","52","21951499"
"chr3","23543819","23544130","chr3","24137743","24138049","11","593924"
"chr3","23629763","23630056","chr3","24223077","24223376","15","593314"
"chr3","23879849","23880108","chr20","54229588","54229846","45","30349739"
"chr3","24029121","24029428","chr2","54114833","54115140","48","30085712"
"chr3","24029496","24029806","chr10","61098891","61099202","56","37069395"
"chr3","24331063","24331378","chr12","48435","48744","44","24282628"
"chr3","24443400","24443706","chr3","25056162","25056468","7","612762"
"chr3","24761338","24761679","chrX","79031222","79031559","56","54269884"
"chr3","25205421","25205679","chrX","14105672","14105940","45","11099749"
"chr3","25549213","25549526","chr10","29617192","29617497","46","4067979"
"chr3","25679993","25680281","chr7","67794476","67794767","43","42114483"
"chr3","25740652","25740948","chr3","26400664","26400965","32","660012"
"chr3","26057978","26058272","chr3","26712113","26712410","16","654135"
"chr3","26179391","26179693","chr3","26831286","26831598","13","651895"
"chr3","26267413","26267701","chr3","26919259","26919547","2","651846"
"chr3","26460614","26460663","chr9","111104062","111104112","9","84643448"
"chr3","26460665","26460873","chr3","27106400","27106608","5","645735"
"chr3","26525059","26525349","chr3","27170618","27170903","21","645559"
"chr3","26652481","26652758","chr3","27301213","27301493","23","648732"
"chr3","27094462","27094752","chr3","27802170","27802459","19","707708"
"chr3","27117613","27117921","chr19","8067185","8067494","45","19050428"
"chr3","27176758","27177038","chr7","130888039","130888315","59","103711281"
"chr3","27729099","27729346","chr3","28491841","28492084","14","762742"
"chr3","28208072","28208374","chr3","29012139","29012438","15","804067"
"chr3","28466146","28466412","chr3","29269923","29270193","7","803777"
"chr3","28587825","28588136","chr1","111021","111334","42","28476804"
"chr3","28971399","28971710","chr3","29818750","29819062","7","847351"
"chr3","29158906","29158998","chr4","27883484","27883574","10","1275422"
"chr3","29159060","29159225","chr12","113580807","113580963","25","84421747"
"chr3","29283395","29283676","chr3","30143934","30144213","10","860539"
"chr3","29338142","29338452","chr9","118241573","118241884","60","88903431"
"chr3","29399051","29399362","chr3","30295292","30295604","7","896241"
"chr3","29898487","29898799","chr19","43687215","43687525","44","13788728"
"chr3","30010052","30010330","chr14","33317557","33317831","43","3307505"
"chr3","30149903","30150206","chr4","34151114","34151419","44","4001211"
"chr3","30972931","30973206","chr13","44595815","44596092","46","13622884"
"chr3","30979858","30980158","chr3","31861036","31861335","16","881178"
"chr3","31281930","31282234","chr3","32167116","32167423","8","885186"
"chr3","31338871","31339166","chr3","32225445","32225747","18","886574"
"chr3","31510246","31510562","chr4","140514582","140514905","58","109004336"
"chr3","31578606","31578919","chr3","32460623","32460924","21","882017"
"chr3","31844655","31844970","chr16","76763230","76763541","42","44918575"
"chr3","31859531","31859844","chrX","47003553","47003867","44","15144022"
"chr3","31984241","31984540","chr3","180377511","180377813","43","148393270"
"chr3","32283758","32284059","chr3","33164171","33164473","6","880413"
"chr3","33031910","33032212","chr6","140024892","140025205","54","106992982"
"chr3","33065788","33065977","chr1","221324585","221324779","37","188258797"
"chr3","33196681","33196976","chr1","40186948","40187243","37","6990267"
"chr3","33213924","33214201","chr3","34613859","34614136","5","1399935"
"chr3","33228767","33229054","chr9","119075689","119075982","36","85846922"
"chr3","33237562","33237870","chr3","34637809","34638116","5","1400247"
"chr3","33239709","33240016","chr3","34639941","34640248","3","1400232"
"chr3","33503192","33503358","chr3","157397059","157397223","22","123893867"
"chr3","33633387","33633678","chr16","73466395","73466690","39","39833008"
"chr3","33714069","33714275","chr1","213547043","213547248","29","179832974"
"chr3","33842036","33842348","chr9","41028320","41028628","35","7186284"
"chr3","33851699","33852012","chr3","35256656","35256969","2","1404957"
"chr3","33912987","33913268","chr2","202622423","202622699","35","168709436"
"chr3","33913822","33914121","chr5","151788359","151788660","38","117874537"
"chr3","33944273","33944564","chr3","35351732","35352023","4","1407459"
"chr3","34027854","34028158","chr19","5637043","5637349","40","28390811"
"chr3","34078164","34078446","chr13","54502592","54502864","58","20424428"
"chr3","34166250","34166530","chr3","35631995","35632275","6","1465745"
"chr3","34209435","34209724","chr1","130852590","130852879","32","96643155"
"chr3","34244779","34245083","chr9","41028320","41028628","45","6783541"
"chr3","34250399","34250696","chr3","35714274","35714571","5","1463875"
"chr3","34289189","34289500","chr3","35752826","35753135","8","1463637"
"chr3","34515764","34515973","chr15","10561282","10561499","45","23954482"
"chr3","34670851","34671155","chr3","36139696","36139995","10","1468845"
"chr3","34770839","34771135","chr3","36239398","36239698","11","1468559"
"chr3","34781079","34781346","chr13","54502592","54502864","51","19721513"
"chr3","34786093","34786399","chr8","65714994","65715296","49","30928901"
"chr3","34789944","34790259","chr3","36258794","36259109","3","1468850"
"chr3","34793246","34793551","chr10","35229644","35229943","38","436398"
"chr3","34797153","34797465","chr10","29617192","29617497","35","5179961"
"chr3","34818902","34819214","chr5","16056252","16056564","41","18762650"
"chr3","34837797","34838016","chr2","96780819","96781026","37","61943022"
"chr3","34838159","34838437","chr19","30438872","30439155","50","4399287"
"chr3","34841921","34842094","chr4","128747753","128747929","31","93905832"
"chr3","34852515","34852788","chr1","35039189","35039473","39","186674"
"chr3","34889092","34889405","chr3","10339111","10339411","77","24549981"
"chr3","34930866","34931153","chr3","36393139","36393444","40","1462273"
"chr3","34974734","34975024","chr1","153472046","153472335","32","118497312"
"chr3","34980596","34980894","chr10","5478356","5478656","29","29502240"
"chr3","35040514","35040802","chr3","36493492","36493781","13","1452978"
"chr3","35117218","35117513","chr3","36570117","36570417","11","1452899"
"chr3","35120175","35120476","chr3","36573078","36573376","9","1452903"
"chr3","35183879","35184172","chr3","36639001","36639294","6","1455122"
"chr3","35224157","35224470","chr3","36680855","36681148","26","1456698"
"chr3","35337271","35337564","chr6","6359197","6359489","49","28978074"
"chr3","35361469","35361807","chr3","36818123","36818460","3","1456654"
"chr3","35385859","35386166","chr3","36842171","36842478","7","1456312"
"chr3","35409460","35409779","chr3","36865938","36866256","8","1456478"
"chr3","35575166","35575469","chr3","37024222","37024515","18","1449056"
"chr3","35577536","35577750","chr15","10561282","10561499","39","25016254"
"chr3","35592860","35593153","chr19","10872248","10872544","34","24720612"
"chr3","35772758","35773069","chr3","37266155","37266467","6","1493397"
"chr3","35793460","35793769","chr3","37285994","37286286","28","1492534"
"chr3","35923811","35924109","chr3","37410612","37410910","8","1486801"
"chr3","35951472","35951778","chr3","37438625","37438931","8","1487153"
"chr3","36186303","36186609","chr3","117800614","117800917","44","81614311"
"chr3","36300435","36300478","chr1","22851619","22851669","14","13448816"
"chr3","36300490","36300745","chrX","49222327","49222583","29","12921837"
"chr3","36384693","36384968","chr14","111385620","111385899","45","75000927"
"chr3","36418941","36419227","chr3","37910117","37910403","4","1491176"
"chr3","36515683","36515978","chr3","38014257","38014552","7","1498574"
"chr3","36826434","36826718","chr3","38324331","38324615","6","1497897"
"chr3","36874921","36875234","chr3","38369436","38369745","19","1494515"
"chr3","36899469","36899762","chr3","38394024","38394329","15","1494555"
"chr3","36993867","36994178","chr4","43777166","43777476","42","6783299"
"chr3","37060029","37060342","chr3","38553846","38554155","10","1493817"
"chr3","37065336","37065633","chr3","38559114","38559433","25","1493778"
"chr3","37199150","37199462","chr9","53346767","53347080","37","16147617"
"chr3","37264887","37265194","chr13","89717246","89717558","46","52452359"
"chr3","37374526","37374829","chr7","69272152","69272452","46","31897626"
"chr3","37402721","37403016","chrX","147666730","147667027","40","110264009"
"chr3","37417032","37417347","chr1","224060794","224061101","46","186643762"
"chr3","37539494","37539785","chr3","38987538","38987829","1","1448044"
"chr3","37575409","37575718","chr5","780445","780757","38","36794964"
"chr3","37691807","37692116","chr2","109129520","109129825","41","71437713"
"chr3","37704978","37705263","chr9","55550334","55550622","29","17845356"
"chr3","37710723","37710982","chr3","39168107","39168370","11","1457384"
"chr3","37728423","37728553","chr9","105222909","105223035","32","67494486"
"chr3","37729668","37729953","chr3","39188069","39188356","26","1458401"
"chr3","37737769","37738060","chr3","39196685","39196976","10","1458916"
"chr3","37873445","37873741","chr3","39330788","39331086","3","1457343"
"chr3","38042962","38043275","chr17","17830825","17831132","33","20212137"
"chr3","38091819","38092157","chr16","7177607","7177946","58","30914212"
"chr3","38112304","38112562","chr10","13840167","13840421","49","24272137"
"chr3","38125771","38126069","chr8","141480987","141481288","41","103355216"
"chr3","38210505","38210802","chr1","10059296","10059597","30","28151209"
"chr3","38217982","38218281","chr16","45210778","45211077","31","6992796"
"chr3","38262543","38262834","chr7","36332943","36333239","43","1929600"
"chr3","38266566","38266866","chr3","39732165","39732458","12","1465599"
"chr3","38446350","38446639","chr3","40667796","40668085","5","2221446"
"chr3","38503015","38503319","chr3","40612796","40613100","21","2109781"
"chr3","38573486","38573790","chr13","25827218","25827525","38","12746268"
"chr3","38632315","38632621","chr3","40481884","40482193","8","1849569"
"chr3","38658789","38659083","chr3","40456020","40456312","13","1797231"
"chr3","38705374","38705683","chr3","37266155","37266467","43","1439219"
"chr3","38737826","38738078","chr3","40371364","40371635","24","1633538"
"chr3","38785138","38785452","chr18","46298659","46298971","38","7513521"
"chr3","38789505","38789669","chr16","1688781","1688940","34","37100724"
"chr3","38790485","38790517","chr19","11604519","11604555","7","27185966"
"chr3","38826749","38827048","chr3","40278004","40278304","5","1451255"
"chr3","38828247","38828558","chr3","178948248","178948560","38","140120001"
"chr3","38847008","38847304","chrX","66231029","66231334","49","27384021"
"chr3","38907718","38908029","chr3","40194070","40194382","6","1286352"
"chr3","38916589","38916933","chr13","9104448","9104784","59","29812141"
"chr3","38939557","38939866","chr2","40865043","40865350","47","1925486"
"chr3","38980495","38980773","chr1","35039189","35039473","59","3941306"
"chr3","38983199","38983494","chr19","36130755","36131051","38","2852444"
"chr3","38989196","38989501","chr3","40109371","40109675","6","1120175"
"chr3","38999698","38999994","chr4","116888019","116888318","32","77888321"
"chr3","39001726","39002041","chr1","56128414","56128722","46","17126688"
"chr3","39077786","39078071","chr3","40015552","40015837","7","937766"
"chr3","39172594","39172857","chr11","131964697","131964960","45","92792103"
"chr3","39200845","39201120","chr3","40809538","40809809","8","1608693"
"chr3","39212244","39212285","chr6","142931510","142931547","16","103719266"
"chr3","39498055","39498345","chr1","87285213","87285503","39","47787158"
"chr3","39519194","39519484","chr3","123576971","123577261","8","84057777"
"chr3","39547147","39547457","chr15","81895891","81896196","35","42348744"
"chr3","39576665","39576949","chr3","123637175","123637452","9","84060510"
"chr3","39582403","39582707","chr3","123644108","123644407","10","84061705"
"chr3","39700701","39700993","chr4","108067990","108068279","43","68367289"
"chr3","39710890","39711166","chr3","123774599","123774879","9","84063709"
"chr3","39760504","39760798","chr10","72475306","72475600","49","32714802"
"chr3","39784009","39784308","chr3","123853318","123853629","72","84069309"
"chr3","39869894","39870201","chr3","123915681","123915993","9","84045787"
"chr3","39889146","39889457","chr15","26986646","26986958","43","12902500"
"chr3","40023974","40024259","chr1","211739489","211739782","41","171715515"
"chr3","40040522","40040809","chr3","124095773","124096064","4","84055251"
"chr3","40051780","40052080","chr20","41485745","41486055","47","1433965"
"chr3","40061125","40061369","chr7","53491760","53491999","35","13430635"
"chr3","40061372","40061683","chr3","124116975","124117286","6","84055603"
"chr3","40072243","40072521","chr3","124172631","124172946","40","84100388"
"chr3","40105338","40105645","chr3","124205593","124205902","6","84100255"
"chr3","40119678","40119984","chr10","88330401","88330712","43","48210723"
"chr3","40155578","40155887","chr3","124288020","124288328","10","84132442"
"chr3","40294380","40294687","chr3","124426566","124426868","8","84132186"
"chr3","40372516","40372783","chr1","209253776","209254040","39","168881260"
"chr3","40401981","40402321","chr7","25475314","25475646","57","14926667"
"chr3","40448504","40448791","chr19","17601367","17601654","41","22847137"
"chr3","40503379","40503683","chrX","8089980","8090284","35","32413399"
"chr3","40508409","40508784","chr2","29836161","29836529","94","10672248"
"chr3","40536159","40536474","chr8","140936325","140936643","47","100400166"
"chr3","40589280","40589591","chr3","124729259","124729563","12","84139979"
"chr3","40596611","40596894","chr16","23924048","23924333","40","16672563"
"chr3","40653833","40654146","chr1","37839928","37840237","49","2813905"
"chr3","40657726","40658028","chr1","20988446","20988749","33","19669280"
"chr3","40748392","40748691","chr3","124885110","124885414","13","84136718"
"chr3","40799404","40799713","chr3","124938993","124939303","10","84139589"
"chr3","40830132","40830401","chr2","46755803","46756071","42","5925671"
"chr3","40847080","40847378","chr3","124989711","124990020","17","84142631"
"chr3","41254772","41255080","chr3","125425134","125425442","4","84170362"
"chr3","41329094","41329407","chr2","54548353","54548666","32","13219259"
"chr3","41344951","41345228","chr2","30016127","30016406","58","11328824"
"chr3","41366353","41366671","chr3","125535092","125535403","12","84168739"
"chr3","41488192","41488485","chr3","125664352","125664662","25","84176160"
"chr3","41508397","41508730","chr13","48085839","48086168","46","6577442"
"chr3","41630879","41631190","chr3","37266155","37266467","43","4364724"
"chr3","41684317","41684626","chr3","125861353","125861662","2","84177036"
"chr3","41761492","41761802","chr3","126187905","126188213","4","84426413"
"chr3","41767383","41767565","chr3","126193778","126193945","17","84426395"
"chr3","41809412","41809682","chr7","67039207","67039460","44","25229795"
"chr3","41847145","41847457","chr1","87448547","87448862","36","45601402"
"chr3","41866226","41866448","chr3","126298469","126298691","4","84432243"
"chr3","41939879","41940154","chr3","126376501","126376778","8","84436622"
"chr3","41944754","41944983","chr10","77319293","77319525","53","35374539"
"chr3","41965730","41966023","chr3","18219515","18219804","49","23746215"
"chr3","41967643","41967704","chr9","58443640","58443701","10","16475997"
"chr3","42088726","42089031","chr13","17678443","17678750","44","24410283"
"chr3","42102426","42102558","chrX","44591759","44591894","12","2489333"
"chr3","42102847","42103011","chr12","119197527","119197691","23","77094680"
"chr3","42112692","42112986","chrX","21335939","21336233","33","20776753"
"chr3","42126085","42126383","chr3","126687655","126687954","9","84561570"
"chr3","42164607","42164904","chr3","55293888","55294185","38","13129281"
"chr3","42170186","42170477","chr11","10516060","10516352","45","31654126"
"chr3","42178734","42178986","chr1","26357784","26358060","65","15820950"
"chr3","42195503","42195815","chr3","126757935","126758247","3","84562432"
"chr3","42242009","42242066","chr13","47936047","47936105","9","5694038"
"chr3","42242139","42242392","chr8","25573558","25573813","53","16668581"
"chr3","42256049","42256361","chr11","55363814","55364125","39","13107765"
"chr3","42298036","42298354","chr3","48196731","48197040","53","5898695"
"chr3","42321323","42321629","chr7","68779914","68780215","41","26458591"
"chr3","42401253","42401546","chr1","10059296","10059597","46","32341957"
"chr3","42523536","42523848","chr8","132581019","132581331","38","90057483"
"chr3","42534005","42534316","chr3","127104189","127104500","16","84570184"
"chr3","42539745","42540053","chr13","74964700","74965007","38","32424955"
"chr3","42576073","42576362","chr3","127138233","127138522","7","84562160"
"chr3","42609180","42609481","chr3","127173231","127173532","1","84564051"
"chr3","42610467","42610771","chr3","127174515","127174819","4","84564048"
"chr3","42663437","42663715","chr18","9942742","9943020","41","32720695"
"chr3","42673654","42673964","chr9","129633624","129633936","45","86959970"
"chr3","42753798","42754070","chr3","127317386","127317658","4","84563588"
"chr3","42791778","42792082","chr3","127355533","127355837","2","84563755"
"chr3","42865166","42865467","chr9","41028320","41028628","51","1836846"
"chr3","42890527","42890820","chr3","127449493","127449801","23","84558966"
"chr3","42995164","42995247","chr7","75250626","75250709","17","32255462"
"chr3","43082742","43083040","chr20","27942460","27942749","51","15140282"
"chr3","43137508","43137823","chr3","127699157","127699471","10","84561649"
"chr3","43146644","43146951","chr20","59318037","59318336","44","16171393"
"chr3","43194461","43194738","chr18","63649762","63650014","60","20455301"
"chr3","43254715","43255009","chr6","39737167","39737470","36","3517548"
"chr3","43258464","43258768","chr9","97577297","97577597","50","54318833"
"chr3","43265660","43265958","chr3","127825699","127825997","7","84560039"
"chr3","43290739","43291040","chr7","7290538","7290836","43","36000201"
"chr3","43361850","43362161","chr3","127921471","127921782","7","84559621"
"chr3","43474678","43474974","chr18","47080607","47080899","36","3605929"
"chr3","43716215","43716510","chr3","41189287","41189584","7","2526928"
"chr3","43805494","43805579","chr8","9444353","9444440","11","34361141"
"chr3","43899982","43900295","chr3","41386816","41387127","9","2513166"
"chr3","43961764","43962061","chr4","116888019","116888318","44","72926255"
"chr3","43985446","43985757","chr3","41475005","41475316","3","2510441"
"chr3","43987606","43987899","chr19","10872248","10872544","38","33115358"
"chr3","43992117","43992419","chr3","41481051","41481352","7","2511066"
"chr3","43997524","43997822","chr8","67920265","67920563","38","23922741"
"chr3","44038824","44039003","chr5","39739405","39739586","37","4299419"
"chr3","44083950","44084264","chr3","41587306","41587602","23","2496644"
"chr3","44111960","44112275","chr6","140024892","140025205","43","95912932"
"chr3","44128039","44128332","chr3","41632780","41633073","3","2495259"
"chr3","44224307","44224598","chr3","41725951","41726242","8","2498356"
"chr3","44232507","44232818","chr1","53870362","53870673","40","9637855"
"chr3","44272963","44273265","chr4","22084867","22085164","45","22188096"
"chr3","44284315","44284605","chr13","75079325","75079609","40","30795010"
"chr3","44324448","44324760","chr3","41833158","41833465","6","2491290"
"chr3","44473014","44473211","chr1","213547043","213547248","33","169074029"
"chr3","44559709","44560007","chr3","42062027","42062326","3","2497682"
"chr3","44578292","44578581","chr3","42080713","42081016","21","2497579"
"chr3","44604211","44604409","chr8","72293440","72293623","41","27689229"
"chr3","44621525","44621802","chr3","42126608","42126861","26","2494917"
"chr3","44623548","44623828","chr14","33317557","33317831","42","11305991"
"chr3","44639912","44640209","chr8","67920265","67920563","48","23280353"
"chr3","44671157","44671462","chr3","42175345","42175649","5","2495812"
"chr3","44672840","44673137","chr3","42176903","42177202","6","2495937"
"chr3","44680942","44681240","chr3","42184804","42185108","8","2496138"
"chr3","44687073","44687366","chr3","42190694","42190993","14","2496379"
"chr3","44716312","44716610","chr1","195618508","195618814","38","150902196"
"chr3","44782915","44783237","chr10","88330401","88330712","44","43547486"
"chr3","44815325","44815627","chr3","42341409","42341707","15","2473916"
"chr3","44840536","44840833","chr9","41028320","41028628","43","3812216"
"chr3","44846314","44846637","chr1","71849992","71850283","78","27003678"
"chr3","44865892","44866104","chr3","43649767","43649972","8","1216125"
"chr3","44880372","44880554","chr3","68072855","68073031","29","23192483"
"chr3","44935702","44936002","chr3","43575159","43575459","3","1360543"
"chr3","44938634","44938947","chrX","5074589","5074900","42","39864045"
"chr3","44982416","44982728","chr1","12441622","12441932","47","32540794"
"chr3","44983186","44983478","chr6","14778420","14778732","51","30204766"
"chr3","45131312","45131623","chr3","43349391","43349701","7","1781921"
"chr3","45153942","45154252","chr12","83411292","83411599","40","38257350"
"chr3","45165705","45166003","chr3","43317029","43317326","25","1848676"
"chr3","45219861","45220149","chr3","43252456","43252738","24","1967405"
"chr3","45242102","45242279","chr2","46750919","46751092","32","1508817"
"chr3","45243009","45243132","chr7","79047509","79047633","19","33804500"
"chr3","45253799","45254071","chr2","17890461","17890737","50","27363338"
"chr3","45271102","45271283","chr3","43199997","43200184","9","2071105"
"chr3","45304798","45304965","chr20","399737","399900","26","44905061"
"chr3","45335304","45335601","chr12","123246802","123247099","37","77911498"
"chr3","45377122","45377423","chr3","43093604","43093894","18","2283518"
"chr3","45386272","45386584","chr9","31304685","31304998","43","14081587"
"chr3","45397413","45397725","chr3","43074350","43074642","55","2323063"
"chr3","45436570","45436862","chr1","7160057","7160346","34","38276513"
"chr3","45452610","45452917","chr9","41028320","41028628","36","4424290"
"chr3","45488654","45488919","chr1","221257980","221258246","35","175769326"
"chr3","45615888","45616197","chr3","42472968","42473277","1","3142920"
"chr3","45635449","45635765","chr3","42492491","42492806","11","3142958"
"chr3","45663166","45663481","chr9","31304685","31304998","36","14358481"
"chr3","45699844","45700162","chr3","36619575","36619882","49","9080269"
"chr3","45720277","45720572","chr3","42583884","42584179","5","3136393"
"chr3","45763900","45764215","chr3","42625405","42625722","7","3138495"
"chr3","45832368","45832666","chr3","42694218","42694516","6","3138150"
"chr3","45916944","45917234","chr3","42785165","42785455","5","3131779"
"chr3","46010943","46011214","chr3","42878371","42878641","5","3132572"
"chr3","46038613","46038905","chr3","42906528","42906812","16","3132085"
"chr3","46121729","46122036","chr10","29617192","29617497","34","16504537"
"chr3","46166903","46167203","chr5","58985559","58985857","39","12818656"
"chr3","46230664","46230974","chr3","123853318","123853629","43","77622654"
"chr3","46256751","46257057","chr13","24156534","24156827","56","22100217"
"chr3","46286202","46286505","chr3","48750674","48750999","30","2464472"
"chr3","46476862","46477165","chr9","5943151","5943447","46","40533711"
"chr3","46587821","46588131","chr2","54114833","54115140","43","7527012"
"chr3","46590841","46591141","chr20","58740407","58740709","48","12149566"
"chr3","46611211","46611487","chr13","62752806","62753069","53","16141595"
"chr3","46698890","46699202","chr3","10716492","10716803","42","35982398"
"chr3","46705344","46705654","chr3","48301213","48301535","17","1595869"
"chr3","46723815","46724120","chr1","360065","360372","39","46363750"
"chr3","46748418","46748594","chr13","97316852","97317027","24","50568434"
"chr3","46806565","46806884","chr3","48196731","48197040","15","1390166"
"chr3","46959629","46959926","chr3","48044412","48044721","19","1084783"
"chr3","46960058","46960185","chrX","127938234","127938361","22","80978176"
"chr3","46999281","46999584","chr1","10059296","10059597","43","36939985"
"chr3","47003914","47004220","chr3","47996988","47997293","24","993074"
"chr3","47047570","47047880","chr3","32167116","32167423","48","14880454"
"chr3","47080398","47080662","chrX","133366669","133366921","55","86286271"
"chr3","47101022","47101325","chr3","47902768","47903069","9","801746"
"chr3","47114915","47115191","chr3","47888900","47889180","5","773985"
"chr3","47119192","47119504","chr9","41028320","41028628","36","6090872"
"chr3","47124761","47125062","chr3","47878965","47879266","10","754204"
"chr3","47159665","47159974","chr3","47843696","47844005","10","684031"
"chr3","47252953","47253249","chr3","47754297","47754593","3","501344"
"chr3","47362022","47362298","chr4","38383795","38384058","39","8978227"
"chr3","47567964","47568220","chr9","76953020","76953269","57","29385056"
"chr3","47571680","47571984","chr6","172976638","172976945","34","125404958"
"chr3","47596362","47596663","chr3","47406175","47406480","9","190187"
"chr3","47629836","47630136","chr3","47371436","47371738","10","258400"
"chr3","47681757","47682047","chr8","92346531","92346819","37","44664774"
"chr3","47695071","47695376","chr3","47306197","47306503","3","388874"
"chr3","47718201","47718494","chr3","47283139","47283431","5","435062"
"chr3","47867212","47867513","chr14","753228","753529","39","47113984"
"chr3","48005045","48005341","chr3","46995062","46995361","10","1009983"
"chr3","48007651","48007967","chr3","46992433","46992749","15","1015218"
"chr3","48028462","48028771","chrX","42534967","42535279","37","5493495"
"chr3","48032784","48033075","chr3","46967579","46967870","7","1065205"
"chr3","48083693","48084002","chr3","46916038","46916347","4","1167655"
"chr3","48108138","48108460","chr3","46891905","46892225","16","1216233"
"chr3","48143134","48143444","chr3","46857945","46858238","19","1285189"
"chr3","48317961","48318259","chr3","46693881","46694178","4","1624080"
"chr3","48373057","48373369","chr15","26986646","26986958","44","21386411"
"chr3","48525358","48525670","chr9","53346767","53347080","39","4821409"
"chr3","48553380","48553702","chr3","46454998","46455317","7","2098382"
"chr3","48869293","48869586","chr3","46138809","46139102","5","2730484"
"chr3","48949774","48950079","chr3","46063532","46063834","9","2886242"
"chr3","49008987","49009279","chr3","46004432","46004727","9","3004555"
"chr3","49026381","49026692","chr14","22411607","22411921","40","26614774"
"chr3","49220261","49220566","chr3","45796119","45796423","9","3424142"
"chr3","49649027","49649327","chr3","45361377","45361674","14","4287650"
"chr3","49683679","49683988","chr16","74140989","74141301","44","24457310"
"chr3","49743880","49744178","chrX","124158161","124158455","37","74414281"
"chr3","50133077","50133382","chr3","44877689","44877986","13","5255388"
"chr3","50178092","50178394","chr10","35229644","35229943","44","14948448"
"chr3","50244947","50245246","chr3","44762554","44762853","3","5482393"
"chr3","50422968","50423289","chr3","44571980","44572301","5","5850988"
"chr3","50556167","50556428","chr3","44438502","44438763","2","6117665"
"chr3","50579648","50579952","chr3","44418917","44419219","6","6160731"
"chr3","50808229","50808503","chr3","44184975","44185249","4","6623254"
"chr3","50862211","50862512","chr1","12652526","12652828","33","38209685"
"chr3","50884966","50885255","chr7","36332943","36333239","43","14552023"
"chr3","50983706","50984000","chr3","44011243","44011537","9","6972463"
"chr3","51041743","51042055","chr1","37839928","37840237","37","13201815"
"chr3","51074492","51074799","chr3","43920421","43920722","11","7154071"
"chr3","51176165","51176478","chr9","53346767","53347080","34","2170602"
"chr3","51220144","51220464","chr1","129942986","129943293","46","78722842"
"chr3","51275286","51275368","chr3","43719125","43719208","3","7556161"
"chr3","51321484","51321783","chr19","10872248","10872544","37","40449236"
"chr3","51323316","51323623","chr3","48943337","48943649","16","2379979"
"chr3","51361435","51361737","chr1","1752936","1753248","44","49608499"
"chr3","51367547","51367851","chr2","200557095","200557398","44","149189548"
"chr3","51422277","51422560","chr17","82123","82406","40","51340154"
"chr3","51527589","51527883","chr3","49143330","49143624","1","2384259"
"chr3","51564286","51564576","chr3","49180954","49181244","6","2383332"
"chr3","51608512","51608820","chr7","157654660","157654971","43","106046148"
"chr3","51638750","51639048","chr4","35232822","35233116","39","16405928"
"chr3","51649951","51650244","chr3","16328809","16329105","40","35321142"
"chr3","51658725","51659031","chr3","49272263","49272569","4","2386462"
"chr3","51693607","51693909","chr10","88330401","88330712","51","36636794"
"chr3","51728308","51728586","chr3","49340613","49340897","14","2387695"
"chr3","51775437","51775749","chrX","23126700","23127011","43","28648737"
"chr3","51786062","51786372","chr3","49399569","49399880","5","2386493"
"chr3","51822448","51822774","chr7","157654660","157654971","57","105832212"
"chr3","51833087","51833289","chr20","28924021","28924206","41","22909066"
"chr3","51841893","51842205","chr2","63731365","63731674","38","11889472"
"chr3","51855174","51855470","chr8","72824038","72824332","36","20968864"
"chr3","51872059","51872363","chr3","49448798","49449104","7","2423261"
"chr3","51880576","51880886","chr9","41028320","41028628","42","10852256"
"chr3","51976841","51977129","chr3","49560236","49560524","2","2416605"
"chr3","51979236","51979540","chr3","49562258","49562561","14","2416978"
"chr3","52031790","52032051","chr15","102091682","102091949","46","50059892"
"chr3","52096348","52096664","chr3","49859840","49860151","8","2236508"
"chr3","52131214","52131472","chr3","49890502","49890756","8","2240712"
"chr3","52176805","52177117","chrX","5074589","5074900","34","47102216"
"chr3","52196478","52196807","chrX","38336546","38336859","53","13859932"
"chr3","52203075","52203379","chr3","49963025","49963323","7","2240050"
"chr3","52271753","52272061","chr3","50024546","50024854","3","2247207"
"chr3","52276645","52276947","chr1","128244927","128245230","39","75968282"
"chr3","52400738","52401039","chr5","41773732","41774035","34","10627006"
"chr3","52432617","52432909","chr3","50268463","50268751","4","2164154"
"chr3","52464664","52464961","chr12","83411292","83411599","40","30946628"
"chr3","52481528","52481817","chr3","50317210","50317500","5","2164318"
"chr3","52536088","52536386","chr9","58666769","58667069","40","6130681"
"chr3","52541641","52541938","chr20","9806845","9807141","39","42734796"
"chr3","52572785","52573077","chr3","50423559","50423864","15","2149226"
"chr3","52592970","52593250","chr3","50442755","50443034","3","2150215"
"chr3","52617611","52617904","chr3","50468308","50468596","25","2149303"
"chr3","52621939","52622258","chr3","50473485","50473791","15","2148454"
"chr3","52634755","52635045","chr3","50486887","50487146","34","2147868"
"chr3","52724021","52724348","chr2","195675311","195675634","43","142951290"
"chr3","52933924","52934244","chrX","42534967","42535279","53","10398957"
"chr3","52973561","52973875","chr3","39810959","39811272","35","13162602"
"chr3","53000493","53000832","chr3","51078643","51078950","39","1921850"
"chr3","53000895","53001083","chr3","174790640","174790810","44","121789745"
"chr3","53027029","53027322","chr3","51105446","51105739","2","1921583"
"chr3","53084418","53084713","chr19","42770874","42771168","31","10313544"
"chr3","53105913","53106221","chr3","51184180","51184484","11","1921733"
"chr3","53117576","53117877","chr20","51128385","51128693","55","1989191"
"chr3","53150672","53150965","chr3","51228238","51228529","4","1922434"
"chr3","53392122","53392219","chr10","28082203","28082299","21","25309919"
"chr3","53452769","53453049","chr3","51587644","51587924","5","1865125"
"chr3","53501035","53501330","chr6","133406856","133407151","54","79905821"
"chr3","53506161","53506468","chr1","163037935","163038242","53","109531774"
"chr3","53507419","53507724","chr3","51637728","51638033","5","1869691"
"chr3","53515481","53515775","chr3","51646165","51646456","17","1869316"
"chr3","53531257","53531551","chr9","115153998","115154298","40","61622741"
"chr3","53794564","53794860","chr3","51921471","51921768","7","1873093"
"chr3","53886057","53886358","chr3","52014393","52014694","1","1871664"
"chr3","53951641","53951925","chr9","55550334","55550622","42","1598693"
"chr3","53958591","53958877","chr9","55550334","55550622","41","1591743"
"chr3","53977132","53977438","chr10","87564869","87565168","44","33587737"
"chr3","53991994","53992307","chr4","34075870","34076170","54","19916124"
"chr3","54758928","54759221","chr3","127372860","127373156","42","72613932"
"chr3","54775890","54775999","chr13","19552647","19552742","23","35223243"
"chr3","54958841","54959098","chr3","55708026","55708283","1","749185"
"chr3","54959099","54959253","chr18","40262311","40262449","45","14696788"
"chr3","54967197","54967505","chr5","18956092","18956398","53","36011105"
"chr3","55005061","55005275","chr1","213547043","213547248","38","158541982"
"chr3","55044731","55045046","chr4","40117230","40117539","42","14927501"
"chr3","55054160","55054470","chr7","157654660","157654971","45","102600500"
"chr3","55090502","55090776","chr15","18523844","18524112","45","36566658"
"chr3","55137107","55137398","chr3","55545458","55545754","20","408351"
"chr3","55150308","55150623","chr13","93929141","93929450","48","38778833"
"chr3","55166509","55166806","chr2","159908871","159909170","48","104742362"
"chr3","55184611","55184919","chr5","153272771","153273078","45","98088160"
"chr3","55308784","55309090","chr3","55317794","55318102","8","9010"
"chr3","55323779","55324065","chr3","55302737","55303023","1","21042"
"chr3","55332775","55332949","chr12","117948654","117948829","32","62615879"
"chr3","55334976","55335273","chr3","55293888","55294185","2","41088"
"chr3","55340826","55341125","chr3","55287577","55287876","2","53249"
"chr3","55365126","55365426","chr3","36139696","36139995","34","19225430"
"chr3","55374172","55374529","chr10","17717910","17718235","75","37656262"
"chr3","55381309","55381605","chr8","72824038","72824332","39","17442729"
"chr3","55387078","55387373","chr3","55240372","55240666","10","146706"
"chr3","55418011","55418309","chr3","55211394","55211689","5","206617"
"chr3","55464070","55464362","chr7","5344435","5344732","54","50119635"
"chr3","55767019","55767308","chr9","55550334","55550622","35","216685"
"chr3","55840404","55840710","chr2","22176166","22176475","47","33664238"
"chr3","55893180","55893480","chr1","12652526","12652828","40","43240654"
"chr3","55945756","55946077","chr9","41028320","41028628","47","14917436"
"chr3","55946228","55946537","chr3","54637251","54637560","9","1308977"
"chr3","55984193","55984501","chr1","224060794","224061101","43","168076601"
"chr3","56112638","56112941","chr3","54471490","54471793","4","1641148"
"chr3","56246835","56247076","chr3","165677568","165677814","59","109430733"
"chr3","56550915","56551217","chr17","54225448","54225749","43","2325467"
"chr3","56641237","56641564","chr3","53950097","53950463","46","2691140"
"chr3","56933380","56933682","chr3","53651718","53652019","12","3281662"
"chr3","57446427","57446732","chr6","158400240","158400551","40","100953813"
"chr3","57525658","57525972","chr14","67904296","67904611","43","10378638"
"chr3","57739269","57739567","chr11","119877526","119877831","45","62138257"
"chr3","58243826","58244140","chr11","111572882","111573191","49","53329056"
"chr3","58511299","58511601","chr1","162739180","162739489","55","104227881"
"chr3","58950360","58950629","chr6","42404178","42404446","44","16546182"
"chr3","59115050","59115359","chr3","56477983","56478287","15","2637067"
"chr3","59560374","59560702","chr5","24144119","24144430","56","35416255"
"chr3","59837066","59837381","chr1","12652526","12652828","46","47184540"
"chr3","59914232","59914536","chr7","135387524","135387828","4","75473292"
"chr3","59934809","59935108","chr3","32460623","32460924","35","27474186"
"chr3","59945739","59946052","chr2","90833802","90834119","42","30888063"
"chr3","59956293","59956605","chr3","57352288","57352611","15","2604005"
"chr3","59957516","59957810","chr3","57353541","57353840","12","2603975"
"chr3","60012166","60012429","chr2","121601455","121601715","38","61589289"
"chr3","60016798","60017105","chr3","57414387","57414694","3","2602411"
"chr3","60038526","60038828","chr3","57436741","57437029","21","2601785"
"chr3","60061265","60061582","chr3","57459590","57459891","24","2601675"
"chr3","60104549","60104853","chr3","57502015","57502322","16","2602534"
"chr3","60150804","60151091","chr3","57549372","57549665","14","2601432"
"chr3","61115469","61115760","chr8","72824038","72824332","37","11708569"
"chr3","61129280","61129592","chr3","58537800","58538110","5","2591480"
"chr3","61534754","61535030","chr3","58946258","58946535","7","2588496"
"chr3","62279220","62279491","chr2","46755803","46756071","50","15523417"
"chr3","63212444","63212755","chr3","60686347","60686653","12","2526097"
"chr3","63223424","63223725","chr3","60697349","60697645","14","2526075"
"chr3","63571448","63571753","chr7","157654660","157654971","42","94083212"
"chr3","63590839","63591136","chr3","61104901","61105213","19","2485938"
"chr3","63602976","63603289","chr2","54548353","54548666","42","9054623"
"chr3","63749456","63749766","chr3","61302315","61302624","13","2447141"
"chr3","64071855","64072012","chr3","61623126","61623281","6","2448729"
"chr3","64108478","64108781","chrX","23126700","23127011","51","40981778"
"chr3","64161317","64161596","chr9","55550334","55550622","42","8610983"
"chr3","64391362","64391676","chr16","62857267","62857580","47","1534095"
"chr3","64407628","64407933","chr3","174233260","174233571","44","109825632"
"chr3","64513569","64513883","chr6","149101494","149101801","46","84587925"
"chr3","65810897","65811196","chr3","63366923","63367222","4","2443974"
"chr3","66207351","66207644","chr3","63749404","63749698","8","2457947"
"chr3","66207645","66207958","chr14","67904296","67904611","43","1696651"
"chr3","66231176","66231473","chrX","50576766","50577063","33","15654410"
"chr3","66329172","66329309","chrX","127938234","127938361","22","61609062"
"chr3","66336789","66337096","chr11","100054394","100054696","33","33717605"
"chr3","66482328","66482554","chr3","64034815","64035047","11","2447513"
"chr3","66482718","66482760","chr19","3510203","3510247","10","62972515"
"chr3","66583936","66584183","chr3","64135561","64135808","5","2448375"
"chr3","66630349","66630665","chr3","64183013","64183325","9","2447336"
"chr3","66644524","66644832","chr3","64195087","64195400","28","2449437"
"chr3","66728826","66729136","chr15","46645036","46645347","46","20083790"
"chr3","67158727","67159024","chr1","153472046","153472335","39","86313319"
"chr3","67242701","67242967","chr3","64800303","64800569","1","2442398"
"chr3","67268335","67268645","chr13","33272794","33273099","37","33995541"
"chr3","67345236","67345530","chr3","64905109","64905401","6","2440127"
"chr3","67423804","67424108","chr10","29617192","29617497","33","37806612"
"chr3","67506589","67506893","chr20","17974498","17974809","43","49532091"
"chr3","67798067","67798348","chr3","65358167","65358465","18","2439900"
"chr3","67854202","67854510","chr3","65413197","65413505","9","2441005"
"chr3","67907971","67908268","chr3","65475460","65475759","9","2432511"
"chr3","68101662","68101969","chr4","35839048","35839354","36","32262614"
"chr3","68269345","68269669","chr3","65835953","65836283","9","2433392"
"chr3","68941727","68942020","chr3","154672661","154672956","39","85730934"
"chr3","68958894","68959196","chr19","15282895","15283197","39","53675999"
"chr3","69017222","69017509","chr3","66589172","66589460","6","2428050"
"chr3","69179814","69180125","chr3","66753395","66753701","12","2426419"
"chr3","69319856","69320169","chr7","67534531","67534844","49","1785325"
"chr3","69334542","69334835","chr3","66909081","66909374","5","2425461"
"chr3","69411987","69412292","chrX","66231029","66231334","43","3180958"
"chr3","69556580","69556880","chr3","67131565","67131871","11","2425015"
"chr3","69764946","69765251","chr3","67336764","67337072","9","2428182"
"chr3","70165066","70165329","chr3","67739760","67740023","4","2425306"
"chr3","70486932","70487081","chr3","68072855","68073031","28","2414077"
"chr3","70731885","70732193","chr4","40517850","40518159","43","30214035"
"chr3","70826734","70826811","chr3","68408265","68408349","8","2418469"
"chr3","70875809","70876109","chr3","68470943","68471247","7","2404866"
"chr3","70883566","70883710","chr5","137322830","137322955","39","66439264"
"chr3","71050117","71050430","chrX","74637879","74638190","38","3587762"
"chr3","71056047","71056327","chr20","9806845","9807141","48","61249202"
"chr3","71088299","71088610","chr9","41028320","41028628","42","30059979"
"chr3","71194823","71195118","chr3","68786633","68786930","10","2408190"
"chr3","71314145","71314455","chr3","68903168","68903479","6","2410977"
"chr3","71323718","71324061","chrX","44791376","44791714","51","26532342"
"chr3","71562936","71563234","chr5","169802583","169802887","44","98239647"
"chr3","71727903","71728214","chr1","210824915","210825219","39","139097012"
"chr3","71865994","71866300","chr13","25827218","25827525","46","46038776"
"chr3","72496038","72496349","chr3","142339366","142339674","33","69843328"
"chr3","72870920","72871231","chr3","70457447","70457747","14","2413473"
"chr3","73072208","73072372","chr3","135881043","135881204","22","62808835"
"chr3","73696853","73697160","chr5","18956092","18956398","36","54740761"
"chr3","73858250","73858544","chr3","71485456","71485745","21","2372794"
"chr3","73876896","73877208","chr3","71504169","71504462","30","2372727"
"chr3","74033973","74034279","chr1","25343836","25344135","54","48690137"
"chr3","74646959","74647262","chr3","72278201","72278502","12","2368758"
"chr3","74755518","74755832","chr6","134833450","134833762","38","60077932"
"chr3","74798314","74798602","chr3","72430120","72430408","5","2368194"
"chr3","74813161","74813448","chr3","72444589","72444876","3","2368572"
"chr3","75120854","75121176","chr7","111593482","111593816","49","36472628"
"chr3","75143303","75143603","chr3","72753810","72754110","15","2389493"
"chr3","75206348","75206644","chr3","72816960","72817260","8","2389388"
"chr3","75284882","75285189","chr2","43186749","43187051","43","32098133"
"chr3","75417444","75417756","chr3","73027548","73027860","3","2389896"
"chr3","75495193","75495506","chr9","72796734","72797044","35","2698459"
"chr3","75628755","75629069","chr9","41028320","41028628","38","34600435"
"chr3","75738170","75738428","chr3","73353873","73354131","2","2384297"
"chr3","75877045","75877347","chr3","73493712","73494014","2","2383333"
"chr3","76199621","76199932","chrX","5074589","5074900","44","71125032"
"chr3","76712275","76712573","chr9","39091924","39092223","38","37620351"
"chr3","76909229","76909547","chrX","49244999","49245306","51","27664230"
"chr3","77613291","77613590","chr3","117800614","117800917","41","40187323"
"chr3","77736865","77737159","chr3","74746151","74746445","6","2990714"
"chr3","78038295","78038595","chr3","75044235","75044533","26","2994060"
"chr3","78278135","78278447","chr12","50823074","50823380","41","27455061"
"chr3","78430443","78430755","chrX","434889","435199","45","77995554"
"chr3","78467973","78468299","chr11","127034793","127035118","54","48566820"
"chr3","78468623","78468865","chr3","75462428","75462660","16","3006195"
"chr3","78559062","78559227","chr2","164949317","164949484","22","86390255"
"chr3","78608387","78608686","chr19","10872248","10872544","34","67736139"
"chr3","78650156","78650448","chr3","75657452","75657750","11","2992704"
"chr3","78663019","78663312","chr13","20629047","20629339","38","58033972"
"chr3","79171153","79171461","chr9","8932693","8932999","49","70238460"
"chr3","79554183","79554491","chr1","12652526","12652828","44","66901657"
"chr3","79557540","79557855","chr3","76565983","76566298","5","2991557"
"chr3","79679316","79679625","chr10","29617192","29617497","38","50062124"
"chr3","79834524","79834823","chr3","76839096","76839389","8","2995428"
"chr3","79863109","79863413","chr2","54114833","54115140","41","25748276"
"chr3","80513739","80514032","chr3","77523536","77523834","11","2990203"
"chr3","80655684","80656005","chrX","19602992","19603313","47","61052692"
"chr3","80776611","80776885","chr3","77782444","77782718","5","2994167"
"chr3","80789404","80789709","chr3","77795189","77795494","7","2994215"
"chr3","81020807","81021105","chr3","78027391","78027694","11","2993416"
"chr3","81316435","81316633","chr3","78326283","78326478","3","2990152"
"chr3","81344749","81345036","chr2","202622423","202622699","38","121277674"
"chr3","81365963","81366276","chrX","25231882","25232194","40","56134081"
"chr3","81514228","81514522","chr3","78673853","78674146","2","2840375"
"chr3","81832991","81833288","chr3","79054287","79054606","44","2778704"
"chr3","81844903","81845203","chr3","79065961","79066261","5","2778942"
"chr3","82098731","82099007","chr4","108900682","108900961","42","26801951"
"chr3","82175613","82175902","chr3","79398258","79398542","10","2777355"
"chr3","82436178","82436461","chr1","152715161","152715463","41","70278983"
"chr3","83011651","83011936","chr3","80240401","80240711","31","2771250"
"chr3","83190738","83190939","chr3","80418484","80418685","6","2772254"
"chr3","83245111","83245389","chr3","80473305","80473585","6","2771806"
"chr3","83259179","83259484","chr3","80487331","80487629","12","2771848"
"chr3","83349946","83350243","chr16","45210778","45211077","43","38139168"
"chr3","83403831","83404137","chr4","107902626","107902931","49","24498795"
"chr3","83637865","83638153","chr6","133406856","133407151","41","49768991"
"chr3","83853845","83854144","chr1","63974196","63974491","35","19879649"
"chr3","83857310","83857596","chr6","86987289","86987589","53","3129979"
"chr3","83940864","83941174","chr3","81171588","81171900","6","2769276"
"chr3","83991460","83991750","chr1","197972712","197973010","55","113981252"
"chr3","83993601","83993913","chr3","81224739","81225048","6","2768862"
"chr3","83996494","83996788","chr9","7842660","7842952","54","76153834"
"chr3","84194931","84195228","chr6","40426954","40427241","44","43767977"
"chr3","84242758","84243056","chr3","81471982","81472279","8","2770776"
"chr3","84681832","84682144","chr7","44258629","44258940","41","40423203"
"chr3","84682177","84682485","chr9","63236196","63236503","42","21445981"
"chr3","84685838","84686167","chr3","81919062","81919391","3","2766776"
"chr3","84717581","84717880","chr3","81952715","81953011","7","2764866"
"chr3","84755483","84755790","chr10","29617192","29617497","31","55138291"
"chr3","84806433","84806732","chr3","82043898","82044199","5","2762535"
"chr3","85512127","85512415","chr1","153472046","153472335","43","67959919"
"chr3","85777284","85777576","chr3","83010424","83010716","5","2766860"
"chr3","86890473","86890742","chr3","84118168","84118437","1","2772305"
"chr3","87108361","87108675","chr3","84341484","84341805","15","2766877"
"chr3","87290715","87291048","chr3","84543118","84543435","20","2747597"
"chr3","87317742","87318031","chr9","115662699","115662992","67","28344957"
"chr3","87351091","87351370","chr3","84600026","84600307","8","2751065"
"chr3","87419277","87419580","chr13","25827218","25827525","38","61592059"
"chr3","87468502","87468798","chr3","84763051","84763353","12","2705451"
"chr3","87581730","87582022","chr10","75554996","75555289","38","12026734"
"chr3","87624498","87624635","chr3","84918774","84918911","3","2705724"
"chr3","87711250","87711550","chr2","150241864","150242166","40","62530614"
"chr3","87753682","87753990","chr10","88330401","88330712","42","576719"
"chr3","87905713","87906006","chr4","103580552","103580844","32","15674839"
"chr3","88022638","88022938","chr3","85369008","85369309","4","2653630"
"chr3","88090239","88090519","chr1","35039189","35039473","49","53051050"
"chr3","88109058","88109117","chr13","47936047","47936105","13","40173011"
"chr3","88455349","88455625","chr3","85802180","85802456","7","2653169"
"chr3","88644397","88644691","chr15","25016242","25016543","48","63628155"
"chr3","88826559","88826871","chr3","86174547","86174857","19","2652012"
"chr3","88872054","88872345","chr3","86215951","86216242","5","2656103"
"chr3","88925282","88925583","chr4","16864649","16864956","49","72060633"
"chr3","88929777","88930087","chr3","86269462","86269756","23","2660315"
"chr3","89100804","89100919","chr3","86435328","86435433","15","2665476"
"chr3","89152924","89153220","chr5","58985559","58985857","47","30167365"
"chr3","89253686","89253983","chr13","92860851","92861147","46","3607165"
"chr3","89358537","89358825","chr3","86692630","86692918","3","2665907"
"chr3","89557327","89557652","chr3","86886630","86886956","13","2670697"
"chr3","89942238","89942529","chr11","47158355","47158645","54","42783883"
"chr3","90218398","90218705","chr14","9212199","9212505","42","81006199"
"chr3","91175114","91175426","chr15","81895891","81896196","36","9279223"
"chr3","91500685","91500993","chr3","88821840","88822151","9","2678845"
"chr3","92324345","92324659","chr3","94553377","94553691","7","2229032"
"chr3","92679962","92680255","chr3","94197067","94197363","4","1517105"
"chr3","92709449","92709701","chr3","94167847","94168102","5","1458398"
"chr3","92877598","92877878","chr1","25270118","25270393","61","67607480"
"chr3","93216862","93217152","chr3","93607179","93607470","8","390317"
"chr3","93456069","93456364","chr1","87285213","87285503","40","6170856"
"chr3","93848877","93849156","chr3","92937266","92937545","4","911611"
"chr3","94075387","94075684","chr3","92709658","92709957","32","1365729"
"chr3","94086965","94087273","chr3","92699387","92699695","9","1387578"
"chr3","94336579","94336875","chr3","92395427","92395723","2","1941152"
"chr3","94567494","94567790","chr3","92174750","92175035","18","2392744"
"chr3","94742861","94743165","chr7","155736932","155737240","49","60994071"
"chr3","94956373","94956680","chr6","172976638","172976945","45","78020265"
"chr3","95259260","95259582","chr3","91469544","91469857","14","3789716"
"chr3","95349394","95349688","chr3","12171346","12171616","63","83178048"
"chr3","95476090","95476407","chr19","49126146","49126455","55","46349944"
"chr3","95860844","95861153","chr9","41028320","41028628","40","54832524"
"chr3","96356393","96356687","chr3","90323913","90324201","10","6032480"
"chr3","96552729","96552904","chr2","197360815","197360993","30","100808086"
"chr3","97038999","97039299","chr8","79599107","79599394","54","17439892"
"chr3","97413578","97413829","chr3","94937901","94938149","10","2475677"
"chr3","97526730","97526903","chr3","95049893","95050060","8","2476837"
"chr3","97592176","97592474","chr1","7059283","7059576","39","90532893"
"chr3","97609400","97609644","chr12","20197316","20197556","48","77412084"
"chr3","97609675","97609957","chr3","95132854","95133136","3","2476821"
"chr3","97742891","97743167","chr7","48619235","48619513","38","49123656"
"chr3","98168306","98168602","chr3","138051331","138051627","44","39883025"
"chr3","98206471","98206708","chr15","88804922","88805160","38","9401549"
"chr3","98212462","98212652","chr8","72293440","72293623","32","25919022"
"chr3","98402356","98402662","chr3","174961926","174962236","30","76559570"
"chr3","98962582","98962907","chr3","96545295","96545575","50","2417287"
"chr3","99329068","99329363","chr6","156719165","156719448","64","57390097"
"chr3","99775538","99775813","chr3","97350027","97350302","13","2425511"
"chr3","99801185","99801479","chr1","152100248","152100537","53","52299063"
"chr3","99905235","99905537","chr2","22176166","22176475","43","77729069"
"chr3","99946002","99946294","chr6","135977377","135977673","40","36031375"
"chr3","100040733","100041032","chr3","36139696","36139995","34","63901037"
"chr3","100157167","100157477","chr3","97729165","97729474","10","2428002"
"chr3","100263810","100264109","chr6","39737167","39737470","40","60526643"
"chr3","101065699","101065983","chr1","43139968","43140269","60","57925731"
"chr3","101747097","101747407","chr3","99340987","99341290","12","2406110"
"chr3","101748791","101749090","chr3","99342667","99342967","2","2406124"
"chr3","102396377","102396692","chr3","174233260","174233571","40","71836883"
"chr3","102829197","102829476","chr3","100426234","100426514","12","2402963"
"chr3","102874791","102875094","chr3","100472421","100472722","7","2402370"
"chr3","102979262","102979565","chr7","154769602","154769908","47","51790340"
"chr3","103005986","103006305","chr1","165289062","165289371","51","62283076"
"chr3","103122195","103122492","chr10","5478356","5478656","44","97643839"
"chr3","103231767","103232071","chr1","154900380","154900688","40","51668613"
"chr3","103236079","103236392","chr3","100832341","100832649","10","2403738"
"chr3","103485253","103485562","chr3","101114143","101114455","17","2371110"
"chr3","103739545","103739847","chr9","41028320","41028628","37","62711225"
"chr3","104088688","104088944","chr4","172141376","172141616","57","68052688"
"chr3","104266615","104266926","chr3","123193966","123194277","4","18927351"
"chr3","104501549","104501853","chr7","126646043","126646347","36","22144494"
"chr3","104535708","104536020","chr1","360065","360372","38","104175643"
"chr3","104559328","104559622","chr3","122898927","122899223","10","18339599"
"chr3","104838111","104838373","chr3","122618147","122618412","5","17780036"
"chr3","105053878","105054161","chr3","122396131","122396382","34","17342253"
"chr3","105303689","105304002","chr15","105779019","105779327","46","475330"
"chr3","105422411","105422693","chr3","121988145","121988457","42","16565734"
"chr3","105809128","105809426","chr1","39386083","39386384","36","66423045"
"chr3","105819724","105820030","chr3","121546316","121546621","5","15726592"
"chr3","105872128","105872446","chr3","121493592","121493908","6","15621464"
"chr3","105881375","105881670","chr7","166390096","166390392","40","60508721"
"chr3","106384454","106384766","chr4","43777166","43777476","41","62607288"
"chr3","106397697","106397993","chr19","10872248","10872544","37","95525449"
"chr3","106433446","106433760","chr15","26986646","26986958","42","79446800"
"chr3","106558843","106559156","chr2","106646698","106647003","42","87855"
"chr3","106596936","106597252","chr14","85273124","85273439","41","21323812"
"chr3","106754128","106754441","chr3","6371782","6372100","47","100382346"
"chr3","107119467","107119775","chr3","120246211","120246522","6","13126744"
"chr3","107133719","107134025","chr3","125425134","125425442","37","18291415"
"chr3","107206666","107206968","chr1","163154731","163155044","60","55948065"
"chr3","107419557","107419867","chr3","36619575","36619882","37","70799982"
"chr3","107575607","107575901","chr13","95377167","95377474","50","12198440"
"chr3","107620762","107621076","chr15","42832997","42833307","53","64787765"
"chr3","107990549","107990860","chr10","88330401","88330712","44","19660148"
"chr3","108029581","108029613","chr11","28426877","28426907","14","79602704"
"chr3","108783606","108783918","chr5","16056252","16056564","44","92727354"
"chr3","109094511","109094688","chr4","15376246","15376424","26","93718265"
"chr3","109264340","109264634","chr3","36139696","36139995","35","73124644"
"chr3","109403908","109404226","chr16","39030475","39030792","54","70373433"
"chr3","109500723","109501004","chr8","124457623","124457908","34","14956900"
"chr3","109541772","109542072","chr3","117722850","117723149","4","8181078"
"chr3","109602078","109602391","chr1","38899137","38899444","45","70702941"
"chr3","109616206","109616519","chr1","87448547","87448862","41","22167659"
"chr3","109727097","109727397","chr10","65759354","65759649","46","43967743"
"chr3","109818771","109819085","chr17","17830825","17831132","41","91987946"
"chr3","109828050","109828336","chr3","117449582","117449869","5","7621532"
"chr3","109852141","109852208","chr3","117425484","117425549","3","7573343"
"chr3","109852225","109852512","chr13","2174300","2174591","38","107677925"
"chr3","109859866","109860166","chr3","117418184","117418497","16","7558318"
"chr3","111008831","111009140","chr3","102988633","102988944","9","8020198"
"chr3","111150571","111150879","chr3","103180970","103181279","7","7969601"
"chr3","111325286","111325584","chr7","147596611","147596908","36","36271325"
"chr3","111375630","111375927","chr3","103408123","103408421","6","7967507"
"chr3","111403415","111403720","chr10","35917399","35917710","46","75486016"
"chr3","111904457","111904767","chr3","103923395","103923705","5","7981062"
"chr3","112211211","112211516","chr3","104229869","104230166","14","7981342"
"chr3","112610345","112610666","chr5","780445","780757","46","111829900"
"chr3","112822041","112822352","chr6","132315465","132315776","41","19493424"
"chr3","113104178","113104491","chr7","1772071","1772374","49","111332107"
"chr3","113879397","113879693","chr3","105920872","105921188","25","7958525"
"chr3","114046439","114046754","chr13","33131218","33131527","38","80915221"
"chr3","114081460","114081754","chr3","106123578","106123872","2","7957882"
"chr3","114349892","114350196","chr3","106396956","106397260","1","7952936"
"chr3","114963116","114963421","chr12","62295482","62295783","48","52667634"
"chr3","115119952","115120266","chrX","74637879","74638190","44","40482073"
"chr3","115373722","115374022","chr3","107489181","107489480","7","7884541"
"chr3","115992111","115992461","chr3","108106353","108106659","49","7885758"
"chr3","116329530","116329800","chr3","108441893","108442165","4","7887637"
"chr3","116853049","116853310","chr9","59617570","59617835","40","57235479"
"chr3","117304792","117305099","chr5","108945447","108945757","51","8359345"
"chr3","117655338","117655634","chr2","97026447","97026738","36","20628891"
"chr3","117695594","117695908","chr2","181410675","181410985","32","63715081"
"chr3","117804132","117804444","chr8","22941394","22941693","54","94862738"
"chr3","117898618","117898899","chr4","116888019","116888318","51","1010599"
"chr3","118204134","118204459","chr3","110393816","110394139","8","7810318"
"chr3","118534757","118535096","chr3","110732024","110732301","70","7802733"
"chr3","118745350","118745665","chr3","178948248","178948560","47","60202898"
"chr3","118803391","118803679","chr16","69576740","69577028","42","49226651"
"chr3","118878142","118878456","chr3","123853318","123853629","44","4975176"
"chr3","118892561","118892853","chr3","111085968","111086262","9","7806593"
"chr3","119279335","119279638","chr3","72278201","72278502","34","47001134"
"chr3","119619817","119620118","chr18","36592558","36592860","47","83027259"
"chr3","120352817","120353121","chr3","112562376","112562680","5","7790441"
"chr3","120424246","120424548","chr13","9064212","9064518","49","111360034"
"chr3","120872829","120873105","chr7","48619235","48619513","39","72253594"
"chr3","121093801","121094097","chr12","9454878","9455176","37","111638923"
"chr3","121239289","121239595","chr3","113486767","113487077","8","7752522"
"chr3","121810083","121810391","chr3","114048270","114048578","5","7761813"
"chr3","121869497","121869574","chr3","114108371","114108448","0","7761126"
"chr3","121933471","121933760","chr15","406779","407070","37","121526692"
"chr3","122473770","122474091","chr1","59916283","59916595","91","62557487"
"chr3","122882005","122882110","chr6","108522867","108522983","19","14359138"
"chr3","124246495","124246798","chr3","116597120","116597423","4","7649375"
"chr3","124262656","124262955","chr13","3391415","3391708","37","120871241"
"chr3","124328306","124328608","chr3","116680590","116680890","9","7647716"
"chr3","124343460","124343768","chr3","116695729","116696036","6","7647731"
"chr3","124343871","124344177","chr3","116696139","116696443","9","7647732"
"chr3","124368670","124368969","chr5","85120406","85120705","41","39248264"
"chr3","124395751","124396053","chr3","116747698","116748000","7","7648053"
"chr3","124407450","124407748","chr3","116758784","116759083","6","7648666"
"chr3","124631808","124631840","chr1","16316852","16316884","9","108314956"
"chr3","124631856","124632046","chr1","20563405","20563606","43","104068451"
"chr3","124873618","124873907","chr3","117291396","117291684","6","7582222"
"chr3","124945772","124946064","chr3","117375112","117375403","8","7570660"
"chr3","125238004","125238187","chr3","128257144","128257312","17","3019140"
"chr3","125302897","125303098","chr4","107638826","107639041","39","17664071"
"chr3","125336020","125336312","chr10","79481385","79481675","40","45854635"
"chr3","125347576","125347906","chr3","128367805","128368119","18","3020229"
"chr3","125349102","125349399","chr3","128369622","128369918","5","3020520"
"chr3","125457856","125458147","chr3","54854405","54854695","50","70603451"
"chr3","125503679","125503967","chr3","128483038","128483325","4","2979359"
"chr3","125637531","125637861","chr3","128662708","128663026","15","3025177"
"chr3","126014135","126014349","chr1","213547043","213547248","42","87532908"
"chr3","126163061","126163325","chr15","102091682","102091949","44","24071379"
"chr3","126397021","126397333","chr3","129509634","129509946","6","3112613"
"chr3","126564045","126564368","chr2","195675311","195675634","45","69111266"
"chr3","127214414","127214717","chr3","130373520","130373818","8","3159106"
"chr3","127255882","127256191","chr3","130414600","130414911","5","3158718"
"chr3","127271408","127271714","chr9","41028320","41028628","43","86243088"
"chr3","127302563","127302831","chr9","61965252","61965517","48","65337311"
"chr3","127318822","127319132","chr16","57105938","57106244","38","70212884"
"chr3","127361157","127361419","chr10","77629590","77629866","50","49731567"
"chr3","127435886","127436188","chr3","130594403","130594707","4","3158517"
"chr3","127481716","127482010","chr9","119075689","119075982","44","8406027"
"chr3","127487951","127488262","chr19","444724","445036","46","127043227"
"chr3","127560779","127561088","chr3","130716490","130716799","4","3155711"
"chr3","127572897","127573210","chr3","130728831","130729144","6","3155934"
"chr3","127610108","127610419","chr7","20578631","20578946","38","107031477"
"chr3","127705034","127705325","chr3","130872037","130872331","8","3167003"
"chr3","127711384","127711681","chr3","130889776","130890072","2","3178392"
"chr3","127726305","127726628","chr14","13010878","13011189","47","114715427"
"chr3","127813728","127813997","chr3","84118168","84118437","40","43695560"
"chr3","128149925","128150229","chr3","131326312","131326619","23","3176387"
"chr3","128225334","128225636","chr3","131400755","131401058","8","3175421"
"chr3","128241496","128241797","chr1","12652526","12652828","32","115588970"
"chr3","128616684","128617011","chr10","54564473","54564781","50","74052211"
"chr3","128657099","128657375","chr4","122590233","122590515","43","6066866"
"chr3","129577342","129577651","chr3","132824837","132825145","5","3247495"
"chr3","129741172","129741481","chr7","163786549","163786851","51","34045377"
"chr3","129824602","129824717","chr12","55947748","55947865","28","73876854"
"chr3","129952496","129952768","chr6","158234654","158234926","53","28282158"
"chr3","129984758","129985070","chr3","133234828","133235141","3","3250070"
"chr3","130053391","130053688","chr3","133303208","133303501","14","3249817"
"chr3","130121832","130122133","chr19","15282895","15283197","32","114838937"
"chr3","130141598","130141887","chr3","133394937","133395226","2","3253339"
"chr3","130181895","130182194","chr3","133435562","133435860","5","3253667"
"chr3","130341798","130342105","chr3","133596955","133597255","10","3255157"
"chr3","130523291","130523582","chr1","7160057","7160346","30","123363234"
"chr3","130664780","130665072","chr3","133926254","133926546","4","3261474"
"chr3","130711061","130711356","chr1","93440412","93440706","37","37270649"
"chr3","131763399","131763695","chr11","10516060","10516352","44","121247339"
"chr3","132337887","132338194","chr5","108945447","108945757","59","23392440"
"chr3","132586578","132586901","chr4","108109460","108109773","59","24477118"
"chr3","132856842","132857147","chr3","67131565","67131871","49","65725277"
"chr3","133152684","133152984","chr3","136501621","136501921","8","3348937"
"chr3","133753472","133753763","chr3","137104349","137104623","27","3350877"
"chr3","134009730","134010041","chr3","137358886","137359194","9","3349156"
"chr3","134040683","134040983","chr3","137389648","137389955","10","3348965"
"chr3","134044111","134044401","chr15","18234057","18234351","52","115810054"
"chr3","134206144","134206460","chrX","434434","434743","44","133771710"
"chr3","134378980","134379292","chr13","93929141","93929450","42","40449839"
"chr3","134479403","134479714","chr1","212367041","212367355","35","77887638"
"chr3","134589050","134589343","chr13","26615813","26616107","42","107973237"
"chr3","134658537","134658833","chr3","138051331","138051627","0","3392794"
"chr3","134998916","134999225","chr6","148660399","148660709","47","13661483"
"chr3","136172559","136172707","chr18","11586438","11586591","25","124586121"
"chr3","136416360","136416668","chr3","139902505","139902813","5","3486145"
"chr3","136522490","136522558","chr11","131964596","131964649","20","4557894"
"chr3","136686221","136686505","chr4","116888019","116888318","49","19798202"
"chr3","136693100","136693231","chr3","140183649","140183779","4","3490549"
"chr3","136945204","136945514","chr2","54548353","54548666","44","82396851"
"chr3","136962775","136963072","chrX","124158161","124158455","41","12804614"
"chr3","137513822","137514116","chr3","159781272","159781564","39","22267450"
"chr3","137745135","137745443","chrX","66276062","66276371","43","71469073"
"chr3","138256590","138256881","chr3","141798679","141798969","3","3542089"
"chr3","138280533","138280843","chr3","141822293","141822600","10","3541760"
"chr3","138793581","138793887","chr3","142339366","142339674","4","3545785"
"chr3","138813184","138813461","chr3","142358938","142359220","7","3545754"
"chr3","139282348","139282407","chr7","96877564","96877623","7","42404784"
"chr3","139294179","139294490","chr17","30988655","30988967","43","108305524"
"chr3","139325960","139326252","chr3","142975785","142976076","5","3649825"
"chr3","139375853","139376141","chr3","143024686","143024974","7","3648833"
"chr3","139526484","139526784","chr1","24467442","24467748","44","115059042"
"chr3","140025274","140025555","chr1","125115707","125116004","56","14909567"
"chr3","140165876","140166178","chr2","54114833","54115140","43","86051043"
"chr3","140432041","140432323","chrX","91479668","91479949","46","48952373"
"chr3","141239643","141239928","chr3","144928729","144929017","5","3689086"
"chr3","142444541","142444845","chr3","146262934","146263240","5","3818393"
"chr3","142472634","142472946","chr2","34888774","34889087","43","107583860"
"chr3","142621939","142622265","chrX","40808303","40808607","68","101813636"
"chr3","142713209","142713517","chr1","53870362","53870673","49","88842847"
"chr3","142898670","142898972","chr3","146715099","146715400","6","3816429"
"chr3","143651320","143651639","chr14","4829123","4829434","50","138822197"
"chr3","143700614","143700906","chr3","147518986","147519262","32","3818372"
"chr3","143739241","143739508","chr3","147558948","147559209","12","3819707"
"chr3","144124484","144124784","chr3","49998153","49998454","36","94126331"
"chr3","144340005","144340318","chr3","148165829","148166142","2","3825824"
"chr3","144588082","144588393","chr20","72740195","72740503","40","71847887"
"chr3","145946989","145947303","chr4","116687388","116687697","44","29259601"
"chr3","146158306","146158620","chr10","76840766","76841077","41","69317540"
"chr3","146351864","146352143","chr3","150317767","150318045","8","3965903"
"chr3","146639576","146639887","chr12","48435","48744","41","146591141"
"chr3","147206301","147206613","chrX","23126700","23127011","40","124079601"
"chr3","149346237","149346546","chr8","99397742","99398049","38","49948495"
"chr3","149808383","149808666","chr6","136890691","136890981","40","12917692"
"chr3","149808866","149809154","chr19","1555719","1556003","40","148253147"
"chr3","150221069","150221379","chr2","201138593","201138900","42","50917524"
"chr3","150236506","150236818","chrX","42534967","42535279","40","107701539"
"chr3","150405596","150405891","chr3","154672661","154672956","4","4267065"
"chr3","150445880","150446195","chr4","6726025","6726335","37","143719855"
"chr3","150765833","150766130","chr5","17269509","17269813","44","133496324"
"chr3","150774901","150775197","chr3","155072615","155072924","20","4297714"
"chr3","150973219","150973518","chr3","155268864","155269173","12","4295645"
"chr3","151019202","151019492","chr3","155316062","155316352","2","4296860"
"chr3","151152272","151152554","chr3","155450422","155450704","3","4298150"
"chr3","151249601","151249893","chr10","84928622","84928916","34","66320979"
"chr3","151290717","151291030","chr3","155599180","155599494","11","4308463"
"chr3","151494931","151495237","chr9","55661547","55661854","35","95833384"
"chr3","151563463","151563749","chr3","42062027","42062326","44","109501436"
"chr3","151665503","151665784","chr3","155979918","155980198","4","4314415"
"chr3","151689877","151690174","chr3","156005390","156005686","5","4315513"
"chr3","151707648","151707944","chr12","9454878","9455176","30","142252770"
"chr3","151713207","151713532","chr3","156028971","156029297","12","4315764"
"chr3","151741849","151742160","chr3","156057415","156057726","10","4315566"
"chr3","151762780","151763092","chr4","40517850","40518159","40","111244930"
"chr3","151766417","151766712","chr7","147596611","147596908","41","4169806"
"chr3","151820841","151821097","chr16","40185835","40186067","69","111635006"
"chr3","151823857","151824167","chr14","115947518","115947828","43","35876339"
"chr3","151910513","151910834","chr1","212367041","212367355","45","60456528"
"chr3","152304146","152304463","chr8","140936325","140936643","43","11367821"
"chr3","152350123","152350436","chr3","174233260","174233571","34","21883137"
"chr3","152496874","152497146","chr3","156809458","156809728","15","4312584"
"chr3","152511419","152511721","chr16","76763230","76763541","40","75748189"
"chr3","152896716","152896995","chr3","157216031","157216308","4","4319315"
"chr3","152896996","152897274","chr3","157216309","157216587","5","4319313"
"chr3","152897276","152897584","chr3","157216589","157216897","6","4319313"
"chr3","152921676","152921987","chr4","162410628","162410938","36","9488952"
"chr3","153017369","153017683","chr3","157333731","157334057","19","4316362"
"chr3","153074946","153075200","chr6","153299185","153299450","42","224239"
"chr3","153210667","153210959","chr7","5344435","5344732","35","147866232"
"chr3","153255703","153255991","chr2","169244603","169244894","38","15988900"
"chr3","153371648","153371959","chr2","1011747","1012059","42","152359901"
"chr3","153413614","153413928","chr1","154900380","154900688","36","1486766"
"chr3","154082449","154082625","chr16","16773687","16773863","24","137308762"
"chr3","154824372","154824682","chr2","1011747","1012059","33","153812625"
"chr3","154839451","154839745","chr3","159176517","159176805","11","4337066"
"chr3","154952174","154952484","chr9","70703032","70703345","45","84249142"
"chr3","155051275","155051578","chr3","159389380","159389680","4","4338105"
"chr3","155053043","155053208","chr1","37141622","37141791","29","117911421"
"chr3","155202813","155203130","chr9","59504384","59504699","44","95698429"
"chr3","155320653","155320906","chr3","159658398","159658675","33","4337745"
"chr3","155334529","155334835","chr3","159672001","159672307","10","4337472"
"chr3","155452730","155453022","chr3","159781272","159781564","9","4328542"
"chr3","156070047","156070313","chr7","92690570","92690827","44","63379477"
"chr3","156135057","156135359","chr5","18956092","18956398","40","137178965"
"chr3","156270964","156271277","chr11","112287515","112287819","50","43983449"
"chr3","156587371","156587678","chr3","161078343","161078649","16","4490972"
"chr3","156695817","156696126","chr3","161190803","161191102","14","4494986"
"chr3","157059418","157059525","chr3","161585686","161585792","3","4526268"
"chr3","157227298","157227587","chr3","161762135","161762423","5","4534837"
"chr3","157236012","157236314","chr3","161771144","161771446","0","4535132"
"chr3","157273904","157274194","chr6","138003267","138003568","48","19270637"
"chr3","157293371","157293660","chr3","161830594","161830883","5","4537223"
"chr3","157305827","157306132","chr3","161843017","161843315","13","4537190"
"chr3","157385364","157385667","chr3","161929291","161929596","6","4543927"
"chr3","157396523","157396812","chr3","161940777","161941069","5","4544254"
"chr3","157530576","157530888","chr15","26986646","26986958","41","130543930"
"chr3","157587177","157587494","chr3","162132785","162133073","39","4545608"
"chr3","157593242","157593551","chr3","162137930","162138236","10","4544688"
"chr3","157811027","157811322","chr1","216407689","216407994","40","58596662"
"chr3","158054156","158054411","chr20","54229588","54229846","45","103824568"
"chr3","158443407","158443702","chr3","162969794","162970089","7","4526387"
"chr3","159169578","159169878","chr3","163686552","163686853","9","4516974"
"chr3","159354752","159355046","chr3","163869787","163870081","5","4515035"
"chr3","159411050","159411348","chr3","163926008","163926304","4","4514958"
"chr3","159837628","159837738","chr3","164387930","164388040","2","4550302"
"chr3","159904651","159904941","chr3","164450666","164450926","35","4546015"
"chr3","159957456","159957751","chr10","87564869","87565168","31","72392587"
"chr3","160004633","160004939","chr1","25767759","25768066","44","134236874"
"chr3","160016009","160016327","chr9","41028320","41028628","38","118987689"
"chr3","160088148","160088445","chr3","164629746","164630044","10","4541598"
"chr3","160146074","160146386","chr1","87448547","87448862","42","72697527"
"chr3","160271179","160271449","chr4","23265256","23265531","44","137005923"
"chr3","160421268","160421579","chr5","129248860","129249167","45","31172408"
"chr3","160463990","160464279","chr4","18525376","18525667","47","141938614"
"chr3","160466710","160467016","chr1","212367041","212367355","39","51900331"
"chr3","160484277","160484570","chr1","189340740","189341032","39","28856463"
"chr3","160500792","160501089","chr3","165375969","165376275","15","4875177"
"chr3","160795046","160795337","chr3","165083967","165084258","8","4288921"
"chr3","160871523","160871840","chr3","165436275","165436585","15","4564752"
"chr3","160873442","160873752","chr3","165438186","165438488","17","4564744"
"chr3","160937984","160938286","chr12","62295482","62295783","41","98642502"
"chr3","160944951","160945251","chr3","165511388","165511692","8","4566437"
"chr3","161030953","161031251","chr3","165595509","165595823","22","4564556"
"chr3","161104913","161105210","chr10","91874404","91874698","32","69230509"
"chr3","161126148","161126446","chr3","165689977","165690282","11","4563829"
"chr3","161173808","161174107","chr5","169292376","169292670","48","8118568"
"chr3","161176952","161177264","chr9","91157613","91157919","47","70019339"
"chr3","161409275","161409562","chr3","165984177","165984449","30","4574902"
"chr3","161620273","161620415","chr3","166226511","166226657","6","4606238"
"chr3","161767416","161767738","chr7","131246403","131246705","57","30521013"
"chr3","161780261","161780545","chr3","166390599","166390882","8","4610338"
"chr3","161828481","161828780","chr19","10872248","10872544","37","150956233"
"chr3","161894523","161894818","chr20","11548085","11548385","46","150346438"
"chr3","161963093","161963405","chr3","166570965","166571298","25","4607872"
"chr3","162001449","162001767","chr3","166610042","166610360","11","4608593"
"chr3","162034922","162035209","chr20","53554065","53554358","43","108480857"
"chr3","162056618","162056905","chr3","166665093","166665379","5","4608475"
"chr3","162089011","162089306","chr3","166697962","166698256","3","4608951"
"chr3","162114553","162114864","chr2","157421590","157421899","37","4692963"
"chr3","162131483","162131771","chr5","38773525","38773810","69","123357958"
"chr3","162183012","162183312","chr3","166800168","166800464","12","4617156"
"chr3","162217328","162217630","chr3","166834648","166834950","2","4617320"
"chr3","162242400","162242560","chr1","45354091","45354254","34","116888309"
"chr3","162312648","162312960","chr9","41028320","41028628","41","121284328"
"chr3","162320208","162320491","chr6","68376310","68376603","48","93943898"
"chr3","162347431","162347698","chr3","166956263","166956526","9","4608832"
"chr3","162377118","162377387","chr3","166987446","166987714","3","4610328"
"chr3","162379211","162379503","chr8","72824038","72824332","34","89555173"
"chr3","162427593","162427892","chr3","167036469","167036767","8","4608876"
"chr3","162514823","162515148","chr8","132581019","132581331","47","29933804"
"chr3","162522696","162522998","chr3","167133287","167133590","4","4610591"
"chr3","162619463","162619568","chrX","97502626","97502735","19","65116837"
"chr3","162652475","162652767","chr1","93328110","93328398","43","69324365"
"chr3","162692343","162692409","chr3","20902224","20902282","13","141790119"
"chr3","162727992","162728033","chr3","167396578","167396619","0","4668586"
"chr3","162757359","162757669","chr3","167425776","167426074","27","4668417"
"chr3","162792989","162793302","chr16","62857267","62857580","36","99935722"
"chr3","162852995","162853292","chr3","167520142","167520444","15","4667147"
"chr3","163091485","163091720","chr3","167759526","167759763","10","4668041"
"chr3","163255186","163255493","chr1","111021","111334","47","163144165"
"chr3","163267652","163267943","chr3","167933028","167933321","8","4665376"
"chr3","163828607","163828916","chr3","168498122","168498431","4","4669515"
"chr3","164126444","164126739","chr3","168782432","168782721","25","4655988"
"chr3","164368822","164369121","chr3","169036999","169037298","7","4668177"
"chr3","164817024","164817352","chr3","169578959","169579303","22","4761935"
"chr3","164827399","164827703","chr3","169589335","169589642","9","4761936"
"chr3","165171585","165171893","chr3","169942947","169943260","9","4771362"
"chr3","165201727","165202040","chr3","169972828","169973142","7","4771101"
"chr3","165243265","165243529","chr19","16811950","16812215","44","148431315"
"chr3","165244132","165244309","chr3","170015640","170015817","7","4771508"
"chr3","165375308","165375611","chr3","175478048","175478363","22","10102740"
"chr3","165647778","165648059","chr19","32487561","32487847","58","133160217"
"chr3","165722727","165723039","chr9","72796734","72797044","40","92925993"
"chr3","166036308","166036595","chr18","34042616","34042906","52","131993692"
"chr3","166036598","166036759","chr3","174790640","174790810","13","8754042"
"chr3","166164842","166165137","chr3","174627716","174628011","4","8462874"
"chr3","166184745","166185046","chr1","123571730","123572033","46","42613015"
"chr3","166332414","166332693","chr6","172017122","172017399","51","5684708"
"chr3","166567927","166568227","chr3","174233260","174233571","20","7665333"
"chr3","166900645","166900952","chr3","173899601","173899907","4","6998956"
"chr3","167430675","167430849","chr1","38947599","38947764","26","128483076"
"chr3","167570314","167570609","chr3","173196194","173196484","13","5625880"
"chr3","167695611","167695920","chrX","66231029","66231334","50","101464582"
"chr3","167716837","167717137","chr3","173048568","173048868","3","5331731"
"chr3","167823455","167823762","chr3","172943277","172943577","17","5119822"
"chr3","167990904","167991216","chr3","172773446","172773756","9","4782542"
"chr3","168482140","168482486","chr3","172236367","172236682","33","3754227"
"chr3","168572965","168573121","chr3","172146682","172146838","1","3573717"
"chr3","168608650","168608944","chr4","115541720","115542015","37","53066930"
"chr3","168921650","168921944","chr3","171799240","171799534","10","2877590"
"chr3","169261855","169262143","chr11","8215022","8215310","46","161046833"
"chr3","169513232","169513529","chr3","171213636","171213941","16","1700404"
"chr3","169692234","169692445","chr19","51836369","51836586","39","117855865"
"chr3","169915544","169915855","chr3","170811686","170812006","14","896142"
"chr3","169986850","169987155","chr3","170741174","170741484","13","754324"
"chr3","170074756","170075047","chr5","181209611","181209905","43","11134855"
"chr3","170176770","170177073","chr3","10716492","10716803","37","159460278"
"chr3","170216668","170216974","chr4","6726025","6726335","41","163490643"
"chr3","170486731","170487006","chr17","60798666","60798946","38","109688065"
"chr3","170509316","170509597","chr3","170213575","170213849","11","295741"
"chr3","170521972","170522273","chr1","5241474","5241775","43","165280498"
"chr3","170578933","170579229","chr3","170144287","170144584","3","434646"
"chr3","170593492","170593795","chr5","58748153","58748457","36","111845339"
"chr3","170624711","170625011","chr16","45210778","45211077","38","125413933"
"chr3","170671856","170672113","chr2","86988494","86988755","55","83683362"
"chr3","170701881","170702016","chr3","42983247","42983380","11","127718634"
"chr3","170702395","170702410","chr16","16774166","16774182","3","153928229"
"chr3","170702726","170702896","chr7","68911809","68911984","28","101790917"
"chr3","170703017","170703310","chr18","2523617","2523913","41","168179400"
"chr3","170725697","170725993","chr3","175634159","175634453","7","4908462"
"chr3","170829779","170830055","chrX","102204108","102204389","56","68625671"
"chr3","170906789","170907103","chr7","163349357","163349670","40","7557432"
"chr3","170936313","170936618","chr3","175841653","175841958","5","4905340"
"chr3","171019524","171019818","chr3","175922538","175922844","17","4903014"
"chr3","171024495","171024797","chr20","36763089","36763396","46","134261406"
"chr3","171103570","171103794","chr4","107638826","107639041","30","63464744"
"chr3","171115281","171115590","chr7","135597712","135598014","35","35517569"
"chr3","171413078","171413391","chr3","176289910","176290209","24","4876832"
"chr3","171417952","171418087","chr4","162187416","162187552","21","9230536"
"chr3","171648332","171648642","chr3","176555955","176556265","5","4907623"
"chr3","171873072","171873383","chr14","352376","352682","34","171520696"
"chr3","172082635","172082946","chr3","177011791","177012105","7","4929156"
"chr3","172169851","172170029","chr9","98467451","98467629","26","73702400"
"chr3","172465812","172466128","chr3","177391711","177392027","6","4925899"
"chr3","172479049","172479349","chr3","177404868","177405163","9","4925819"
"chr3","172700840","172701154","chr3","177631443","177631757","7","4930603"
"chr3","173136269","173136580","chr3","178073901","178074212","9","4937632"
"chr3","173247217","173247530","chr3","178185036","178185349","13","4937819"
"chr3","173268846","173269140","chr20","742253","742546","30","172526593"
"chr3","173443560","173443866","chr3","178380038","178380345","8","4936478"
"chr3","173597484","173597791","chr3","178536073","178536372","14","4938589"
"chr3","173620502","173620766","chr20","43508835","43509101","40","130111667"
"chr3","173628756","173629046","chr3","178566385","178566678","6","4937629"
"chr3","173724037","173724334","chr3","178662290","178662596","15","4938253"
"chr3","173724716","173725013","chr3","178662983","178663277","3","4938267"
"chr3","173732929","173733218","chr11","122672043","122672333","35","51060886"
"chr3","173736704","173737004","chr3","178678012","178678312","17","4941308"
"chr3","173778182","173778469","chr14","64065095","64065384","37","109713087"
"chr3","173794929","173795207","chr16","29630560","29630851","59","144164369"
"chr3","173799091","173799146","chr7","61320600","61320663","18","112478491"
"chr3","173801478","173801792","chr9","41028320","41028628","33","132773158"
"chr3","173925585","173925889","chr1","6984829","6985127","37","166940756"
"chr3","173949892","173949991","chr18","33091993","33092095","26","140857899"
"chr3","173960853","173961147","chr3","178916930","178917223","9","4956077"
"chr3","173983015","173983304","chr2","96578805","96579101","43","77404210"
"chr3","173990768","173991073","chr3","178948248","178948560","14","4957480"
"chr3","174069131","174069424","chr7","166107295","166107589","40","7961836"
"chr3","174371521","174371795","chr1","35039189","35039473","50","139332332"
"chr3","174734629","174734924","chr3","179686098","179686406","22","4951469"
"chr3","174735542","174735846","chr3","179687025","179687333","16","4951483"
"chr3","174918124","174918415","chr3","179874014","179874305","8","4955890"
"chr3","174937903","174938209","chr3","179900528","179900831","12","4962625"
"chr3","175018876","175019172","chr11","45374861","45375156","36","129644015"
"chr3","175121998","175122303","chr12","58348417","58348727","43","116773581"
"chr3","175269401","175269703","chr3","180236744","180237050","10","4967343"
"chr3","175331879","175332060","chr3","180299032","180299213","2","4967153"
"chr3","175363149","175363458","chr3","180377511","180377813","18","5014362"
"chr3","175509239","175509553","chr3","11837835","11838142","41","163671404"
"chr3","175521191","175521504","chr2","118509475","118509782","43","57011716"
"chr3","175583788","175584077","chr9","55550334","55550622","37","120033454"
"chr3","175634583","175634895","chr9","41028320","41028628","42","134606263"
"chr3","175821129","175821444","chrX","42534967","42535279","38","133286162"
"chr3","176077102","176077406","chr3","181125051","181125355","4","5047949"
"chr3","176087174","176087493","chrX","68458905","68459220","40","107628269"
"chr3","176132507","176132814","chr1","10059296","10059597","42","166073211"
"chr3","176320330","176320607","chr3","181370210","181370458","33","5049880"
"chr3","176460287","176460338","chrX","109586728","109586794","16","66873559"
"chr3","176460488","176460634","chr1","24945468","24945622","31","151515020"
"chr3","176627951","176628257","chr3","125425134","125425442","42","51202817"
"chr3","176776084","176776393","chr3","181834587","181834899","21","5058503"
"chr3","176802626","176802941","chr5","108945447","108945757","38","67857179"
"chr3","177079073","177079395","chr1","222893896","222894208","54","45814823"
"chr3","177195348","177195658","chr10","29617192","29617497","41","147578156"
"chr3","177317745","177318055","chr3","182544545","182544844","33","5226800"
"chr3","177543060","177543371","chr3","182775197","182775506","22","5232137"
"chr3","177594715","177595012","chr3","182828238","182828538","13","5233523"
"chr3","177755922","177756225","chr3","182995655","182995964","13","5239733"
"chr3","177826903","177827196","chr3","183061303","183061597","9","5234400"
"chr3","177919527","177919792","chr3","183151123","183151388","1","5231596"
"chr3","177979369","177979674","chr3","183209732","183210038","12","5230363"
"chr3","178064297","178064608","chr4","117967859","117968170","33","60096438"
"chr3","178104133","178104429","chrX","143695839","143696143","38","34408294"
"chr3","178229805","178229952","chr10","64175761","64175906","25","114054044"
"chr3","178363820","178364132","chr9","53346767","53347080","48","125017053"
"chr3","178382547","178382856","chrX","43086970","43087279","44","135295577"
"chr3","178399250","178399551","chr3","183671659","183671965","14","5272409"
"chr3","178403439","178403738","chr7","36332943","36333239","41","142070496"
"chr3","178441894","178442198","chr3","183719211","183719500","19","5277317"
"chr3","178443029","178443192","chr3","135881043","135881204","24","42561986"
"chr3","179285669","179285920","chr16","53238133","53238383","32","126047536"
"chr3","179377526","179377756","chrX","9028967","9029199","57","170348559"
"chr3","179648004","179648318","chr10","10323197","10323509","49","169324807"
"chr3","179690050","179690350","chr3","185022330","185022630","13","5332280"
"chr3","179734874","179735172","chr3","185066670","185066968","4","5331796"
"chr3","179783086","179783393","chr3","185115156","185115463","7","5332070"
"chr3","179785600","179785912","chr3","185117973","185118285","6","5332373"
"chr3","179815094","179815370","chr3","185148763","185149040","4","5333669"
"chr3","179911682","179911973","chr3","185246750","185247060","23","5335068"
"chr3","179918362","179918663","chr3","185253428","185253726","12","5335066"
"chr3","179982982","179983274","chr9","82400849","82401142","42","97582133"
"chr3","180013365","180013671","chr3","185352260","185352566","7","5338895"
"chr4","38797220","38797531","chr4","40378870","40379177","10","1581650"
"chr4","84672395","84672697","chr19","17732417","17732716","38","66939978"
"chr4","6606","6899","chr4","8424","8716","7","1818"
"chr4","317477","317784","chr4","322343","322653","10","4866"
"chr4","650040","650339","chr4","660813","661110","9","10773"
"chr4","743775","744052","chr2","202622423","202622699","41","201878648"
"chr4","834399","834703","chr4","852378","852685","6","17979"
"chr4","937439","937729","chr14","25524001","25524289","36","24586562"
"chr4","1001036","1001331","chrX","50576766","50577063","34","49575730"
"chr4","1193506","1193816","chr4","1211663","1211966","17","18157"
"chr4","1319016","1319336","chr1","29347714","29348036","53","28028698"
"chr4","1438255","1438558","chr4","1463727","1464032","10","25472"
"chr4","1915353","1915657","chr5","41773732","41774035","37","39858379"
"chr4","2092832","2093085","chr4","2123915","2124183","22","31083"
"chr4","2255358","2255675","chr9","41028320","41028628","48","38772962"
"chr4","2374353","2374613","chr19","45533537","45533793","38","43159184"
"chr4","2741139","2741429","chr1","10059296","10059597","51","7318157"
"chr4","2782274","2782587","chr18","47525912","47526219","40","44743638"
"chr4","2919499","2919806","chr4","3054958","3055257","19","135459"
"chr4","2951441","2951746","chr4","3091055","3091369","23","139614"
"chr4","2952914","2953226","chr19","444724","445036","47","2508190"
"chr4","2964842","2965143","chr19","17087760","17088059","45","14122918"
"chr4","3005746","3006066","chr1","154900380","154900688","46","151894634"
"chr4","3047259","3047539","chr4","108900682","108900961","32","105853423"
"chr4","3155767","3156075","chr4","162752516","162752822","43","159596749"
"chr4","3205793","3205966","chr8","11390815","11390989","26","8185022"
"chr4","3477500","3477807","chr4","3618629","3618936","7","141129"
"chr4","3509414","3509752","chr1","124479126","124479461","53","120969712"
"chr4","3540871","3541176","chr15","27493191","27493502","40","23952320"
"chr4","3546440","3546737","chr1","71849992","71850283","39","68303552"
"chr4","3580218","3580517","chr4","3768424","3768731","32","188206"
"chr4","3590920","3591215","chr4","3776365","3776668","14","185445"
"chr4","3606513","3606796","chr4","3791656","3791937","13","185143"
"chr4","3633837","3634131","chr4","3822051","3822346","8","188214"
"chr4","3958780","3959078","chr9","577467","577766","34","3381313"
"chr4","4043260","4043564","chr4","4222839","4223148","12","179579"
"chr4","4073465","4073793","chr4","4252867","4253196","19","179402"
"chr4","4174237","4174546","chr4","4355253","4355562","11","181016"
"chr4","4303046","4303351","chr4","4484392","4484697","11","181346"
"chr4","4363417","4363638","chr5","84035812","84036035","46","79672395"
"chr4","4512999","4513307","chr9","41028320","41028628","38","36515321"
"chr4","4523882","4524191","chr20","69809257","69809568","38","65285375"
"chr4","4661500","4661791","chr4","115722031","115722324","39","111060531"
"chr4","5029782","5029909","chr10","63442452","63442579","13","58412670"
"chr4","5030007","5030198","chr20","28924021","28924206","34","23894014"
"chr4","5058268","5058553","chr11","8215022","8215310","43","3156754"
"chr4","5075920","5076206","chr4","5309700","5309986","5","233780"
"chr4","5089528","5089823","chr4","5323155","5323448","8","233627"
"chr4","5276068","5276360","chr19","25875453","25875752","50","20599385"
"chr4","5373119","5373431","chr19","15282895","15283197","37","9909776"
"chr4","5639835","5640109","chr4","117725280","117725547","43","112085445"
"chr4","5663102","5663393","chr4","5901017","5901316","14","237915"
"chr4","5942110","5942411","chr2","202955495","202955799","41","197013385"
"chr4","6186713","6186991","chr4","6419325","6419603","5","232612"
"chr4","6515217","6515528","chr4","6726025","6726335","12","210808"
"chr4","6538506","6538819","chr4","6749580","6749886","15","211074"
"chr4","6575437","6575714","chr10","7834350","7834627","6","1258913"
"chr4","6627016","6627319","chr4","6847042","6847323","29","220026"
"chr4","6862956","6863243","chr6","172017122","172017399","44","165154166"
"chr4","6905659","6905941","chr4","7133671","7133981","36","228012"
"chr4","6934781","6935091","chr4","7162129","7162439","4","227348"
"chr4","6958409","6958714","chr2","204074430","204074751","54","197116021"
"chr4","6967706","6967943","chr19","30975539","30975772","46","24007833"
"chr4","6984141","6984422","chr4","7210381","7210671","21","226240"
"chr4","6992975","6993151","chr1","20788190","20788361","33","13795215"
"chr4","7011169","7011481","chrX","42534967","42535279","35","35523798"
"chr4","7045734","7046012","chr4","7272764","7273042","10","227030"
"chr4","7108647","7108947","chr4","137050755","137051049","33","129942108"
"chr4","7200794","7201100","chr1","12652526","12652828","36","5451732"
"chr4","7210806","7211092","chr4","7440151","7440437","8","229345"
"chr4","7271548","7271855","chr1","37839928","37840237","38","30568380"
"chr4","7318594","7318905","chr4","7549511","7549822","5","230917"
"chr4","7387564","7387871","chr14","18651691","18651985","65","11264127"
"chr4","7497387","7497671","chr4","7728801","7729109","39","231414"
"chr4","7546166","7546481","chr2","1011747","1012059","45","6534419"
"chr4","7796491","7796800","chr19","17429712","17430024","36","9633221"
"chr4","7879862","7880125","chr11","131964697","131964960","30","124084835"
"chr4","7988221","7988511","chr4","8217740","8218030","8","229519"
"chr4","8012435","8012738","chr4","8239151","8239455","6","226716"
"chr4","8013368","8013706","chr4","8240086","8240392","38","226718"
"chr4","8203322","8203618","chr4","8429646","8429934","13","226324"
"chr4","8300315","8300567","chr4","8525772","8526024","7","225457"
"chr4","8535148","8535441","chr4","8757352","8757645","2","222204"
"chr4","8727636","8727947","chr3","36619575","36619882","35","27891939"
"chr4","8845359","8845671","chr20","50376728","50377032","33","41531369"
"chr4","9051804","9052111","chr4","6726025","6726335","50","2325779"
"chr4","9094345","9094657","chr1","212367041","212367355","47","203272696"
"chr4","9258221","9258523","chr4","9527191","9527492","12","268970"
"chr4","9299636","9299945","chr4","9569381","9569693","4","269745"
"chr4","9409755","9410048","chr4","9677283","9677571","23","267528"
"chr4","9463583","9463877","chr4","9731806","9732099","8","268223"
"chr4","9465418","9465710","chr4","9733643","9733953","25","268225"
"chr4","9519608","9519897","chr5","149778516","149778798","45","140258908"
"chr4","9709243","9709582","chr1","53496213","53496539","52","43786970"
"chr4","10193336","10193639","chr4","10457191","10457487","14","263855"
"chr4","10225109","10225404","chr2","53823564","53823861","34","43598455"
"chr4","10325446","10325730","chr4","10592027","10592322","13","266581"
"chr4","10344661","10344924","chr17","80003174","80003432","41","69658513"
"chr4","10396088","10396411","chr13","87485597","87485904","49","77089509"
"chr4","10449507","10449797","chr4","10717664","10717953","16","268157"
"chr4","10582383","10582689","chr6","68600539","68600843","38","58018156"
"chr4","10606424","10606693","chr1","221419237","221419522","51","210812813"
"chr4","10632127","10632418","chr4","10902880","10903171","2","270753"
"chr4","10686019","10686321","chr3","142975785","142976076","44","132289766"
"chr4","10717912","10718212","chr4","10991428","10991728","3","273516"
"chr4","10718220","10718526","chr4","10991736","10992047","9","273516"
"chr4","10719285","10719549","chr7","44101708","44101973","37","33382423"
"chr4","10726752","10727029","chr2","202622423","202622699","34","191895671"
"chr4","10782989","10783295","chr4","11058548","11058855","13","275559"
"chr4","10891151","10891457","chr4","137050755","137051049","40","126159604"
"chr4","10905888","10906164","chr4","11183200","11183474","5","277312"
"chr4","10910363","10910661","chr4","11187643","11187945","13","277280"
"chr4","10991085","10991391","chr4","11268035","11268341","4","276950"
"chr4","11001454","11001758","chr4","11279925","11280244","26","278471"
"chr4","11066710","11067001","chr4","11347421","11347712","8","280711"
"chr4","11111822","11112119","chr4","11392076","11392375","7","280254"
"chr4","11113696","11113861","chr20","27780668","27780835","28","16666972"
"chr4","11151891","11152193","chr4","11432136","11432443","9","280245"
"chr4","11188126","11188406","chr4","11468120","11468400","0","279994"
"chr4","11216760","11217072","chr2","181410675","181410985","40","170193915"
"chr4","11716248","11716536","chr4","12026663","12026951","3","310415"
"chr4","11825930","11826180","chr19","6748238","6748496","49","5077692"
"chr4","11854873","11855170","chr4","12165658","12165952","8","310785"
"chr4","11857302","11857598","chr4","12168099","12168395","8","310797"
"chr4","11972815","11973121","chr4","12287483","12287793","9","314668"
"chr4","11981912","11982207","chr4","12296588","12296881","7","314676"
"chr4","12644293","12644607","chr4","12959644","12959958","2","315351"
"chr4","12737540","12737835","chr4","13057240","13057537","10","319700"
"chr4","12813295","12813592","chr4","13131711","13132023","23","318416"
"chr4","12924512","12924818","chr4","13241631","13241942","8","317119"
"chr4","13181926","13182227","chr4","13500075","13500377","2","318149"
"chr4","13243103","13243415","chr9","41028320","41028628","36","27785217"
"chr4","13360641","13360932","chrX","123968286","123968576","42","110607645"
"chr4","13422353","13422648","chr4","13742396","13742696","14","320043"
"chr4","13453432","13453724","chr4","13773547","13773839","7","320115"
"chr4","13526061","13526368","chr4","13884390","13884695","10","358329"
"chr4","13702658","13702956","chr4","14062952","14063257","13","360294"
"chr4","13717750","13718045","chr10","76840766","76841077","46","63123016"
"chr4","14012340","14012532","chr1","78204912","78205100","35","64192572"
"chr4","14084759","14085074","chr4","14448906","14449220","9","364147"
"chr4","14127844","14128140","chr4","14492168","14492476","21","364324"
"chr4","14741631","14741931","chr4","15106931","15107229","6","365300"
"chr4","14760605","14760902","chr4","15125863","15126158","4","365258"
"chr4","14895469","14895784","chr18","47525912","47526219","43","32630443"
"chr4","14926720","14927032","chr2","1011747","1012059","34","13914973"
"chr4","14998237","14998415","chr4","15376246","15376424","3","378009"
"chr4","15023013","15023305","chr4","15400963","15401254","9","377950"
"chr4","15068708","15069002","chr4","15449343","15449637","6","380635"
"chr4","15080021","15080331","chr4","15459774","15460085","7","379753"
"chr4","15119680","15119968","chr3","75657452","75657750","48","60537772"
"chr4","15228894","15229143","chr19","48532197","48532455","69","33303303"
"chr4","15362417","15362721","chr4","15737376","15737678","22","374959"
"chr4","15376319","15376629","chr3","39810959","39811272","39","24434640"
"chr4","15472992","15473296","chr12","83411292","83411599","34","67938300"
"chr4","15480366","15480677","chr12","9463452","9463751","53","6016914"
"chr4","15535668","15535978","chr1","360065","360372","48","15175603"
"chr4","15552284","15552584","chr4","15926662","15926960","6","374378"
"chr4","15825117","15825405","chr4","16208310","16208598","3","383193"
"chr4","16000062","16000378","chr4","16382441","16382757","2","382379"
"chr4","16017014","16017321","chr4","16399386","16399692","11","382372"
"chr4","16052573","16052885","chr4","16434905","16435207","14","382332"
"chr4","16178036","16178354","chr4","16561737","16562063","12","383701"
"chr4","16189028","16189327","chr4","16572933","16573233","7","383905"
"chr4","16210526","16210818","chr4","16594742","16595032","4","384216"
"chr4","16215324","16215642","chr3","41596260","41596566","51","25380936"
"chr4","16239849","16240160","chr4","16623568","16623879","8","383719"
"chr4","16262122","16262417","chr6","124022628","124022913","57","107760506"
"chr4","16420409","16420680","chr4","16807956","16808227","1","387547"
"chr4","16477090","16477396","chr4","16864649","16864956","5","387559"
"chr4","16488238","16488519","chr11","23404067","23404352","42","6915829"
"chr4","16510418","16510665","chr12","20197316","20197556","42","3686898"
"chr4","16581356","16581664","chr1","10059296","10059597","35","6522060"
"chr4","16615463","16615764","chr4","17001241","17001546","9","385778"
"chr4","16651634","16651921","chr1","125144641","125144921","46","108493007"
"chr4","16680602","16680834","chr20","54192001","54192226","61","37511399"
"chr4","16783866","16784160","chr4","17172494","17172773","20","388628"
"chr4","16813275","16813586","chr4","17202150","17202461","13","388875"
"chr4","16968315","16968609","chr2","169244603","169244894","41","152276288"
"chr4","17046747","17047038","chr4","17432323","17432614","9","385576"
"chr4","17061673","17061968","chr4","17447245","17447546","17","385572"
"chr4","17186309","17186574","chr4","17570747","17571012","2","384438"
"chr4","17189393","17189705","chr4","17573781","17574093","20","384388"
"chr4","17264880","17265157","chr6","166372135","166372406","39","149107255"
"chr4","17330885","17331184","chr4","17767824","17768124","4","436939"
"chr4","17449084","17449408","chr4","17891728","17892039","22","442644"
"chr4","17523435","17523744","chr4","17968734","17969043","7","445299"
"chr4","17618811","17619083","chr7","35130056","35130327","46","17511245"
"chr4","17726386","17726684","chr4","18172122","18172427","14","445736"
"chr4","17741356","17741649","chr9","55550334","55550622","32","37808978"
"chr4","17799884","17800168","chr4","18246853","18247157","23","446969"
"chr4","17825243","17825528","chr4","18272324","18272635","33","447081"
"chr4","17916263","17916548","chr4","18365973","18366262","29","449710"
"chr4","18082080","18082369","chr4","18525376","18525667","6","443296"
"chr4","18247216","18247516","chr9","115662699","115662992","43","97415483"
"chr4","18263145","18263437","chr4","18716740","18717032","6","453595"
"chr4","18336784","18337085","chr3","75657452","75657750","44","57320668"
"chr4","18553767","18554073","chr17","76949866","76950172","44","58396099"
"chr4","19005022","19005319","chr1","129094903","129095211","48","110089881"
"chr4","19255273","19255581","chr4","19710189","19710497","11","454916"
"chr4","19293931","19294239","chr4","19747944","19748249","3","454013"
"chr4","19325410","19325722","chr10","88330401","88330712","45","69004991"
"chr4","19413145","19413454","chr4","19867158","19867470","9","454013"
"chr4","19522883","19523147","chr4","19976758","19977024","7","453875"
"chr4","19635239","19635549","chr4","20089476","20089787","6","454237"
"chr4","19668255","19668556","chr4","20122364","20122664","7","454109"
"chr4","19743965","19744276","chr4","20199102","20199412","7","455137"
"chr4","19889095","19889387","chr1","10059296","10059597","55","9829799"
"chr4","20073477","20073792","chr19","15282895","15283197","51","4790582"
"chr4","20168692","20168997","chr6","175406673","175406973","38","155237981"
"chr4","20259839","20260151","chr4","20716344","20716640","27","456505"
"chr4","20410086","20410391","chr4","20861533","20861865","36","451447"
"chr4","20456805","20457099","chr4","20909280","20909574","3","452475"
"chr4","20471515","20471790","chr6","172017122","172017399","52","151545607"
"chr4","20562917","20563210","chr4","21014510","21014803","4","451593"
"chr4","21088194","21088505","chr2","54114833","54115140","47","33026639"
"chr4","21173599","21173894","chr4","21626741","21627043","23","453142"
"chr4","21282293","21282619","chr4","21736259","21736565","23","453966"
"chr4","21311537","21311848","chr9","41028320","41028628","40","19716783"
"chr4","21353540","21353641","chr4","21807442","21807542","10","453902"
"chr4","21391015","21391323","chr4","21844232","21844545","30","453217"
"chr4","21473133","21473379","chr6","55107708","55107964","58","33634575"
"chr4","21546307","21546568","chr4","22042689","22042951","4","496382"
"chr4","21568746","21569056","chr4","22063929","22064240","5","495183"
"chr4","21589858","21590155","chr4","22084867","22085164","4","495009"
"chr4","21612717","21612892","chr10","12496425","12496604","25","9116292"
"chr4","21613724","21614021","chr4","22108248","22108568","29","494524"
"chr4","21628547","21628584","chr2","92326551","92326591","16","70698004"
"chr4","21720054","21720344","chr4","22217740","22218030","4","497686"
"chr4","21731383","21731692","chr8","132581019","132581331","41","110849636"
"chr4","21825425","21825725","chr4","22324755","22325055","6","499330"
"chr4","21849098","21849378","chr4","22348814","22349094","8","499716"
"chr4","21859639","21859943","chr19","15282895","15283197","38","6576744"
"chr4","21879682","21879982","chr13","26028371","26028673","38","4148689"
"chr4","22155335","22155651","chr4","22658766","22659051","33","503431"
"chr4","22249791","22250106","chr2","100865633","100865944","48","78615842"
"chr4","22552659","22552955","chr4","23062612","23062920","24","509953"
"chr4","22593831","22594127","chr4","23066968","23067264","3","473137"
"chr4","23208109","23208421","chr10","88330401","88330712","42","65122292"
"chr4","23441753","23441973","chr2","109693856","109694072","40","86252103"
"chr4","23710332","23710636","chr6","148660399","148660709","52","124950067"
"chr4","23972451","23972755","chr4","24530410","24530715","4","557959"
"chr4","24094542","24094830","chr4","24655194","24655483","16","560652"
"chr4","24206457","24206726","chr4","24812695","24812983","28","606238"
"chr4","24241264","24241573","chr4","24847794","24848102","10","606530"
"chr4","24315484","24315779","chr4","24922029","24922324","4","606545"
"chr4","24727308","24727596","chr4","25338000","25338288","13","610692"
"chr4","24745908","24746218","chr16","19315629","19315938","40","5430279"
"chr4","24767128","24767446","chr10","63405659","63405967","43","38638531"
"chr4","24795119","24795413","chr4","25404861","25405161","13","609742"
"chr4","24799801","24800091","chr4","25409549","25409837","6","609748"
"chr4","24826138","24826401","chr3","40062991","40063252","48","15236853"
"chr4","25081911","25082172","chr4","25745870","25746131","5","663959"
"chr4","25139351","25139501","chr4","25803420","25803568","3","664069"
"chr4","25283965","25284248","chr13","93998244","93998525","43","68714279"
"chr4","25747824","25748135","chr16","63694606","63694916","39","37946782"
"chr4","25857706","25858004","chr4","44046776","44047080","44","18189070"
"chr4","25960696","25961003","chr4","26621146","26621454","8","660450"
"chr4","25963821","25964109","chr2","185086790","185087083","40","159122969"
"chr4","26034071","26034386","chr4","26694228","26694509","37","660157"
"chr4","26048508","26048774","chr4","26708961","26709228","4","660453"
"chr4","26084278","26084586","chr15","29503377","29503684","39","3419099"
"chr4","26280288","26280558","chr15","8956833","8957102","52","17323455"
"chr4","26521257","26521555","chr2","203310670","203310965","38","176789413"
"chr4","26532529","26532840","chr4","27192078","27192390","6","659549"
"chr4","26619350","26619653","chr4","27277486","27277790","10","658136"
"chr4","26767220","26767524","chr2","169625969","169626271","37","142858749"
"chr4","26880975","26881291","chr1","212367041","212367355","46","185486066"
"chr4","26885640","26885934","chr2","203310670","203310965","45","176425030"
"chr4","26894730","26895050","chr12","50823074","50823380","46","23928344"
"chr4","26903220","26903249","chr6","88828286","88828305","14","61925066"
"chr4","26906848","26907066","chr2","203364920","203365133","36","176458072"
"chr4","26932968","26933271","chr4","27659884","27660190","6","726916"
"chr4","26957412","26957725","chr4","27684041","27684367","19","726629"
"chr4","27052312","27052646","chr5","188768259","188768573","57","161715947"
"chr4","27062434","27062699","chr4","27789680","27789946","2","727246"
"chr4","27260833","27261095","chr17","4078896","4079146","45","23181937"
"chr4","27261103","27261153","chr11","6856883","6856938","9","20404220"
"chr4","27279478","27279783","chr4","28005338","28005646","6","725860"
"chr4","27358614","27358923","chr10","29617192","29617497","41","2258578"
"chr4","27426392","27426700","chr4","28147652","28147963","7","721260"
"chr4","27432809","27433118","chr4","28153744","28154043","12","720935"
"chr4","27446704","27447002","chr4","28167501","28167808","14","720797"
"chr4","27577370","27577418","chr19","20172536","20172587","19","7404834"
"chr4","27941114","27941434","chr5","780445","780757","48","27160669"
"chr4","28083266","28083558","chr12","62295482","62295783","41","34212216"
"chr4","28098712","28098997","chr4","28867968","28868254","3","769256"
"chr4","28298458","28298773","chr16","43763255","43763565","41","15464797"
"chr4","28322788","28322972","chr20","17989183","17989361","28","10333605"
"chr4","28432368","28432662","chr4","116888019","116888318","52","88455651"
"chr4","28438246","28438560","chr10","63405659","63405967","48","34967413"
"chr4","28453023","28453314","chr4","29272225","29272519","18","819202"
"chr4","28661903","28662209","chr4","29475795","29476101","4","813892"
"chr4","29312366","29312678","chr3","178948248","178948560","38","149635882"
"chr4","29557870","29558176","chr4","30809776","30810085","8","1251906"
"chr4","29564727","29565040","chr19","34193976","34194287","41","4629249"
"chr4","29700112","29700425","chr11","48768959","48769264","39","19068847"
"chr4","29734639","29734952","chr4","30983379","30983691","8","1248740"
"chr4","29870097","29870400","chr4","31117072","31117376","3","1246975"
"chr4","29954692","29954958","chr4","117725280","117725547","56","87770588"
"chr4","29973863","29974151","chr7","67794476","67794767","34","37820613"
"chr4","30042928","30043242","chr4","31296664","31296968","18","1253736"
"chr4","30066571","30066879","chr4","31319614","31319922","6","1253043"
"chr4","30206652","30206961","chr15","26986646","26986958","33","3220006"
"chr4","30214187","30214493","chr4","31471796","31472104","9","1257609"
"chr4","30243649","30243948","chr4","31491358","31491659","12","1247709"
"chr4","30292785","30293074","chr4","31539463","31539752","3","1246678"
"chr4","30317603","30317914","chr4","31563462","31563773","4","1245859"
"chr4","30407480","30407774","chr4","31654116","31654421","20","1246636"
"chr4","30525452","30525764","chr4","31772290","31772600","9","1246838"
"chr4","30530484","30530796","chr10","85044470","85044780","41","54513986"
"chr4","30571163","30571384","chr4","31815929","31816154","16","1244766"
"chr4","30734398","30734706","chr4","32262476","32262779","9","1528078"
"chr4","30835696","30836014","chr4","32370359","32370657","29","1534663"
"chr4","30983880","30984182","chr4","32517327","32517636","13","1533447"
"chr4","31032297","31032604","chrX","8089980","8090284","35","22942317"
"chr4","31104081","31104383","chr4","32633053","32633351","13","1528972"
"chr4","31113392","31113687","chr4","32642038","32642334","7","1528646"
"chr4","31130081","31130386","chr4","32658721","32659021","7","1528640"
"chr4","31181001","31181177","chr13","97316852","97317027","19","66135851"
"chr4","31234374","31234654","chr4","32759157","32759447","13","1524783"
"chr4","31236859","31237169","chr4","32761685","32761995","6","1524826"
"chr4","31262945","31263208","chr2","202622423","202622699","36","171359478"
"chr4","31275745","31276053","chr2","54114833","54115140","35","22839088"
"chr4","31385965","31386136","chr4","32939660","32939831","0","1553695"
"chr4","31707454","31707739","chr10","36443122","36443409","34","4735668"
"chr4","31857216","31857512","chr3","55293888","55294185","35","23436672"
"chr4","31880400","31880733","chr4","33501030","33501353","41","1620630"
"chr4","32162218","32162326","chr15","80064951","80065052","17","47902733"
"chr4","32163832","32164143","chr4","33737819","33738129","4","1573987"
"chr4","32491258","32491560","chr4","34075870","34076170","5","1584612"
"chr4","32569508","32569800","chr1","54881687","54881973","44","22312179"
"chr4","32592928","32593218","chr7","139150886","139151170","47","106557958"
"chr4","32646962","32647271","chr2","109129520","109129825","41","76482558"
"chr4","32652218","32652408","chr18","12160726","12160906","31","20491492"
"chr4","32783363","32783659","chr4","34384152","34384449","6","1600789"
"chr4","32907691","32907993","chr4","34151114","34151419","41","1243423"
"chr4","33506809","33507033","chr14","111700019","111700232","41","78193210"
"chr4","33515674","33515971","chr4","35122918","35123219","4","1607244"
"chr4","33541638","33541934","chr4","35149293","35149587","8","1607655"
"chr4","33607069","33607343","chr1","130852590","130852879","61","97245521"
"chr4","33618357","33618651","chr4","35232822","35233116","4","1614465"
"chr4","33640279","33640561","chr4","35251911","35252229","38","1611632"
"chr4","33700582","33700761","chr20","17989183","17989361","25","15711399"
"chr4","33715385","33715703","chr8","63760141","63760448","46","30044756"
"chr4","33729511","33729831","chr5","108945447","108945757","45","75215936"
"chr4","33926106","33926400","chr4","35539341","35539637","10","1613235"
"chr4","33993753","33994050","chr4","35587482","35587779","6","1593729"
"chr4","34166558","34166861","chr2","54565767","54566062","38","20399209"
"chr4","34236684","34236988","chr4","35839048","35839354","5","1602364"
"chr4","34377840","34378131","chr4","36020367","36020658","6","1642527"
"chr4","34512972","34513268","chr16","41110246","41110539","47","6597274"
"chr4","34520579","34520738","chr4","36162111","36162269","5","1641532"
"chr4","34541520","34541852","chr1","26010816","26011138","64","8530704"
"chr4","34568667","34568961","chr4","36210315","36210609","2","1641648"
"chr4","34712272","34712561","chr4","36352991","36353280","5","1640719"
"chr4","34717321","34717627","chr4","36358052","36358358","3","1640731"
"chr4","34719459","34719751","chr8","92346531","92346819","43","57627072"
"chr4","34975570","34975869","chr5","151788359","151788660","41","116812789"
"chr4","34992730","34993037","chr19","36130755","36131051","42","1138025"
"chr4","35040315","35040628","chr9","53346767","53347080","50","18306452"
"chr4","35073922","35074226","chr19","51418162","51418466","4","16344240"
"chr4","35084243","35084552","chr4","36719027","36719329","10","1634784"
"chr4","35085455","35085746","chr20","17904997","17905298","40","17180458"
"chr4","35178008","35178319","chr11","28744070","28744379","40","6433938"
"chr4","35184391","35184527","chr18","40262311","40262449","43","5077920"
"chr4","35185679","35185986","chr4","36818592","36818900","11","1632913"
"chr4","35266439","35266725","chr4","36899881","36900193","28","1633442"
"chr4","35278607","35278897","chr4","36912628","36912938","23","1634021"
"chr4","35345198","35345482","chr4","103241337","103241629","37","67896139"
"chr4","35351976","35352113","chr7","42152279","42152422","23","6800303"
"chr4","35577571","35577886","chr19","17429712","17430024","36","18147859"
"chr4","35702630","35702938","chr4","6726025","6726335","34","28976605"
"chr4","35703555","35703865","chrX","644651","644961","39","35058904"
"chr4","35720953","35721254","chr2","200557095","200557398","31","164836142"
"chr4","35741477","35741781","chr4","37377679","37377990","22","1636202"
"chr4","35832440","35832749","chr4","37464799","37465108","8","1632359"
"chr4","35863464","35863770","chr4","37495481","37495784","9","1632017"
"chr4","35868406","35868703","chr4","37500115","37500415","7","1631709"
"chr4","35939792","35940110","chr4","37572539","37572864","18","1632747"
"chr4","35948148","35948405","chr4","37581683","37581913","37","1633535"
"chr4","35960199","35960508","chr8","92135177","92135491","46","56174978"
"chr4","36025294","36025471","chr2","40659083","40659261","27","4633789"
"chr4","36082492","36082785","chr15","68473329","68473625","40","32390837"
"chr4","36180158","36180471","chr13","33131218","33131527","33","3048940"
"chr4","36320327","36320620","chr11","55235367","55235672","41","18915040"
"chr4","36337368","36337678","chr4","37972281","37972589","8","1634913"
"chr4","36389934","36390245","chr9","41028320","41028628","33","4638386"
"chr4","36440809","36441117","chr15","81895891","81896196","41","45455082"
"chr4","36453525","36453829","chr4","38089206","38089484","29","1635681"
"chr4","36520130","36520440","chr4","38154598","38154912","9","1634468"
"chr4","36648093","36648380","chr9","49749464","49749744","40","13101371"
"chr4","36720532","36720819","chr4","38359920","38360211","12","1639388"
"chr4","36873846","36874158","chr16","63694606","63694916","35","26820760"
"chr4","36877412","36877451","chr5","186080210","186080246","9","149202798"
"chr4","36877545","36877821","chr4","38519360","38519661","38","1641815"
"chr4","36965257","36965562","chr4","38607014","38607320","6","1641757"
"chr4","37142528","37142847","chr19","15282895","15283197","50","21859633"
"chr4","37173915","37174225","chr4","38816447","38816767","21","1642532"
"chr4","37241514","37241816","chr4","116888019","116888318","43","79646505"
"chr4","37329680","37329985","chr4","38961728","38962035","6","1632048"
"chr4","37407521","37407814","chr4","39039467","39039768","12","1631946"
"chr4","37610079","37610387","chr9","91766957","91767264","44","54156878"
"chr4","37634322","37634625","chr4","39266465","39266769","4","1632143"
"chr4","37780854","37781164","chr1","162739180","162739489","33","124958326"
"chr4","37976644","37976956","chrUn_NW_014807719v1","117","430","48","37976527"
"chr4","38487745","38488021","chr2","202622423","202622699","33","164134678"
"chr4","38805629","38805936","chr20","61246724","61247032","43","22441095"
"chr4","38914039","38914347","chr4","40517850","40518159","6","1603811"
"chr4","38967252","38967549","chr4","40571394","40571692","7","1604142"
"chr4","39280915","39281163","chr4","40885430","40885727","55","1604515"
"chr4","39281542","39281587","chr15","1148794","1148831","15","38132748"
"chr4","39313719","39314024","chr4","40917711","40918014","10","1603992"
"chr4","39448258","39448554","chr4","41086293","41086586","11","1638035"
"chr4","40317355","40317663","chr14","8749915","8750226","49","31567440"
"chr4","40521672","40521963","chr4","42161715","42162005","4","1640043"
"chr4","40770631","40770824","chr3","43199997","43200184","30","2429366"
"chr4","40852379","40852692","chr1","53870362","53870673","38","13017983"
"chr4","40934385","40934698","chr4","42568019","42568304","33","1633634"
"chr4","41161325","41161636","chr4","116888019","116888318","52","75726694"
"chr4","41186930","41187241","chr1","162739180","162739489","40","121552250"
"chr4","41242767","41243053","chr4","42869542","42869828","3","1626775"
"chr4","41253381","41253678","chr16","47598445","47598739","35","6345064"
"chr4","41257432","41257736","chr4","42884804","42885108","3","1627372"
"chr4","41311666","41311957","chr4","42939417","42939705","6","1627751"
"chr4","41355409","41355710","chr4","42988558","42988859","4","1633149"
"chr4","41359521","41359766","chr4","107638826","107639041","56","66279305"
"chr4","41381698","41381927","chr4","43015370","43015601","4","1633672"
"chr4","41402318","41402632","chr4","73472107","73472419","35","32069789"
"chr4","41536908","41537208","chr8","92346531","92346819","46","50809623"
"chr4","41537288","41537608","chr1","67971416","67971742","52","26434128"
"chr4","41642147","41642431","chr4","43284506","43284808","21","1642359"
"chr4","41856168","41856349","chr13","97316852","97317027","31","55460684"
"chr4","41923448","41923734","chr14","10768306","10768598","39","31155142"
"chr4","41974184","41974473","chr11","55370344","55370643","41","13396160"
"chr4","42115403","42115707","chr4","43752368","43752679","11","1636965"
"chr4","42141798","42142108","chr4","43777166","43777476","4","1635368"
"chr4","42155761","42155962","chr1","213547043","213547248","33","171391282"
"chr4","42232242","42232543","chr4","43872619","43872920","9","1640377"
"chr4","42406201","42406353","chr18","11586438","11586591","29","30819763"
"chr4","42406998","42407305","chr4","44046776","44047080","18","1639778"
"chr4","42483765","42484070","chr4","44127478","44127772","17","1643713"
"chr4","42521779","42522083","chr5","86534254","86534559","47","44012475"
"chr4","42607150","42607350","chr1","213547043","213547248","29","170939893"
"chr4","42662605","42662914","chr4","44311687","44311996","3","1649082"
"chr4","42669147","42669452","chr4","44353562","44353858","13","1684415"
"chr4","42725306","42725592","chr7","90728039","90728323","40","48002733"
"chr4","42946870","42947151","chr9","55550334","55550622","42","12603464"
"chr4","42981876","42982176","chr4","44672266","44672570","6","1690390"
"chr4","43014609","43014909","chr1","110824069","110824367","38","67809460"
"chr4","43014912","43015204","chr6","55217285","55217578","39","12202373"
"chr4","43025927","43026229","chr4","85784216","85784527","53","42758289"
"chr4","43089427","43089719","chr4","44783025","44783317","2","1693598"
"chr4","43092591","43092898","chr4","44785883","44786180","17","1693292"
"chr4","43341217","43341536","chr4","45089818","45090148","16","1748601"
"chr4","43414642","43414944","chr18","45911019","45911321","46","2496377"
"chr4","43557017","43557324","chr4","45306025","45306332","9","1749008"
"chr4","43572306","43572628","chr2","54548353","54548666","47","10976047"
"chr4","43838942","43839249","chr7","157654660","157654971","42","113815718"
"chr4","43847877","43848188","chr15","81895891","81896196","37","38048014"
"chr4","43848752","43848787","chrX","113652025","113652065","10","69803273"
"chr4","44013345","44013626","chr4","45765553","45765861","30","1752208"
"chr4","44478219","44478519","chr4","116888019","116888318","45","72409800"
"chr4","44744458","44744758","chr8","140397921","140398221","39","95653463"
"chr4","44860691","44860865","chr1","34369614","34369789","32","10491077"
"chr4","44942429","44942489","chr4","46737176","46737239","4","1794747"
"chr4","45040646","45040959","chr14","4829123","4829434","39","40211523"
"chr4","45083870","45084148","chr1","10710279","10710570","47","34373591"
"chr4","45263154","45263430","chr4","47056986","47057262","5","1793832"
"chr4","45695011","45695318","chr4","47494758","47495056","15","1799747"
"chr4","45828351","45828641","chr14","4478839","4479130","41","41349512"
"chr4","45898854","45899172","chr4","47699819","47700138","16","1800965"
"chr4","46216132","46216422","chr4","48019550","48019859","28","1803418"
"chr4","46234013","46234308","chr11","133167044","133167339","31","86933031"
"chr4","46452517","46452812","chr4","48261732","48262026","9","1809215"
"chr4","46665709","46666016","chr4","48466897","48467200","7","1801188"
"chr4","46687021","46687339","chr4","48488157","48488473","11","1801136"
"chr4","46726435","46726749","chr2","118509475","118509782","43","71783040"
"chr4","46933746","46933994","chr2","89057732","89057991","57","42123986"
"chr4","47373039","47373343","chr4","49179567","49179871","7","1806528"
"chr4","47474546","47474857","chr9","41028320","41028628","34","6446226"
"chr4","47909695","47910006","chr4","49733763","49734074","17","1824068"
"chr4","48134399","48134689","chr4","49956826","49957114","14","1822427"
"chr4","48668731","48669035","chr16","55475851","55476149","43","6807120"
"chr4","48697198","48697498","chr4","50501723","50502032","13","1804525"
"chr4","49205178","49205479","chr4","51037133","51037442","40","1831955"
"chr4","49823775","49824082","chr4","51665928","51666239","9","1842153"
"chr4","49856536","49856825","chr4","51698725","51699016","6","1842189"
"chr4","50055662","50055970","chr4","51897097","51897405","2","1841435"
"chr4","50245158","50245455","chr4","52089438","52089735","2","1844280"
"chr4","50917808","50918117","chr12","58348417","58348727","41","7430609"
"chr4","51401513","51401827","chr12","1971428","1971740","45","49430085"
"chr4","51422424","51422582","chr5","176674654","176674812","29","125252230"
"chr4","51718589","51718891","chr11","8883684","8883985","42","42834905"
"chr4","51727918","51728061","chr5","147999049","147999187","26","96271131"
"chr4","51938597","51938908","chrX","8089980","8090284","48","43848617"
"chr4","51966708","51967004","chr4","53828338","53828645","12","1861630"
"chr4","52158282","52158569","chr4","54030471","54030752","17","1872189"
"chr4","52242337","52242664","chr5","139022288","139022605","48","86779951"
"chr4","52739881","52740186","chr4","54599036","54599341","3","1859155"
"chr4","52947922","52948226","chr4","54808654","54808956","8","1860732"
"chr4","53206886","53207181","chr4","55077544","55077842","6","1870658"
"chr4","53435285","53435597","chr19","34193976","34194287","54","19241309"
"chr4","53566308","53566633","chr4","55491910","55492236","7","1925602"
"chr4","54036181","54036476","chr2","53823564","53823861","39","212617"
"chr4","54475478","54475791","chr7","20375134","20375447","43","34100344"
"chr4","54495181","54495491","chr1","87448547","87448862","38","32953366"
"chr4","54708034","54708345","chr9","53346767","53347080","44","1361267"
"chr4","55185122","55185424","chr4","57114788","57115075","23","1929666"
"chr4","55686744","55687043","chr4","57622222","57622529","10","1935478"
"chr4","55703305","55703574","chr4","57638801","57639071","10","1935496"
"chr4","56027031","56027333","chr4","150184429","150184732","50","94157398"
"chr4","56115237","56115550","chr20","66412856","66413167","36","10297619"
"chr4","56294308","56294611","chr4","58235106","58235409","13","1940798"
"chr4","56472043","56472272","chr1","27695689","27695928","43","28776354"
"chr4","56602572","56602871","chr16","413150","413444","43","56189422"
"chr4","57905598","57905903","chr4","59895204","59895507","8","1989606"
"chr4","58180640","58180726","chr4","60162240","60162326","1","1981600"
"chr4","58800003","58800307","chr4","60825910","60826202","16","2025907"
"chr4","59295242","59295545","chr10","46745159","46745459","44","12550083"
"chr4","59337523","59337706","chr4","61391077","61391255","8","2053554"
"chr4","59391312","59391621","chr9","53346767","53347080","48","6044545"
"chr4","59404139","59404425","chr4","61457304","61457598","19","2053165"
"chr4","59422456","59422706","chr2","147687541","147687797","34","88265085"
"chr4","59429366","59429658","chr4","61482731","61482993","41","2053365"
"chr4","59480726","59481048","chr3","37266155","37266467","53","22214571"
"chr4","60159231","60159507","chrX","40477345","40477622","59","19681886"
"chr4","60685685","60685991","chr4","62743110","62743416","5","2057425"
"chr4","62080546","62080793","chr4","64220716","64220960","9","2140170"
"chr4","62559007","62559275","chr4","64776630","64776897","8","2217623"
"chr4","62752309","62752620","chr8","140936325","140936643","57","78184016"
"chr4","62928365","62928659","chr4","65150284","65150579","6","2221919"
"chr4","63057220","63057523","chrX","66231029","66231334","45","3173809"
"chr4","63119198","63119504","chr4","65348937","65349245","11","2229739"
"chr4","63421406","63421712","chr4","65702816","65703119","11","2281410"
"chr4","63776370","63776665","chr4","66049617","66049908","6","2273247"
"chr4","63989122","63989407","chr8","22472844","22473120","49","41516278"
"chr4","64239269","64239585","chr12","77941665","77941978","48","13702396"
"chr4","64319673","64319980","chr1","87448547","87448862","53","23128874"
"chr4","64545310","64545614","chr2","180479280","180479583","46","115933970"
"chr4","65017517","65017838","chr15","26986646","26986958","47","38030871"
"chr4","65500268","65500578","chr16","63192313","63192618","39","2307955"
"chr4","65884815","65885131","chr16","39030475","39030792","52","26854340"
"chr4","66080890","66081207","chr6","140024892","140025205","44","73944002"
"chr4","66305048","66305337","chr4","68606965","68607256","7","2301917"
"chr4","66422828","66423136","chr20","27120032","27120344","41","39302796"
"chr4","66435871","66436163","chr4","68734656","68734951","12","2298785"
"chr4","66516275","66516545","chr4","68815077","68815349","7","2298802"
"chr4","66583181","66583487","chr10","11738725","11739028","35","54844456"
"chr4","66613131","66613409","chr4","68915090","68915360","20","2301959"
"chr4","66659681","66659964","chr4","68962552","68962840","10","2302871"
"chr4","66886007","66886306","chr4","69198330","69198634","11","2312323"
"chr4","67193012","67193321","chr4","69511858","69512167","7","2318846"
"chr4","67747537","67747847","chr4","70052722","70053013","21","2305185"
"chr4","67901842","67902140","chr4","70205585","70205877","15","2303743"
"chr4","67966706","67967003","chr4","70271725","70272023","3","2305019"
"chr4","68787334","68787611","chr1","218460788","218461068","41","149673454"
"chr4","68905945","68906256","chr9","43251027","43251338","46","25654918"
"chr4","68943236","68943538","chr1","10883558","10883861","47","58059678"
"chr4","69024244","69024551","chr2","54548353","54548666","38","14475891"
"chr4","69040200","69040508","chr4","71351947","71352257","10","2311747"
"chr4","69106082","69106376","chr4","71418890","71419185","4","2312808"
"chr4","69110056","69110351","chr4","71422233","71422529","3","2312177"
"chr4","69111482","69111791","chr4","71423671","71423980","4","2312189"
"chr4","69112695","69112995","chr4","71424888","71425187","3","2312193"
"chr4","69149507","69149818","chr4","71462660","71462969","5","2313153"
"chr4","69153818","69154123","chr4","71466975","71467284","9","2313157"
"chr4","69167474","69167793","chr4","71480077","71480390","14","2312603"
"chr4","69174014","69174310","chr15","41562776","41563067","37","27611238"
"chr4","69196911","69197201","chr4","71509663","71509945","9","2312752"
"chr4","69287777","69288101","chr4","71600856","71601164","21","2313079"
"chr4","69321588","69321848","chr1","24738964","24739223","39","44582624"
"chr4","69378274","69378580","chr4","71695998","71696300","17","2317724"
"chr4","69981560","69981887","chr4","72295700","72296027","5","2314140"
"chr4","70465305","70465615","chr4","72904902","72905209","14","2439597"
"chr4","70548552","70548863","chr4","73028943","73029261","17","2480391"
"chr4","70875478","70875782","chr4","73353374","73353677","4","2477896"
"chr4","70993274","70993586","chr4","73472107","73472419","6","2478833"
"chr4","71007349","71007658","chr4","73485972","73486281","5","2478623"
"chr4","71197413","71197729","chrX","26069960","26070272","43","45127453"
"chr4","71251113","71251414","chr2","109129520","109129825","33","37878407"
"chr4","71309066","71309368","chr4","73792693","73793002","13","2483627"
"chr4","71355034","71355323","chr4","73838455","73838742","5","2483421"
"chr4","71373860","71374167","chr4","73857315","73857623","4","2483455"
"chr4","71454174","71454482","chr4","73946769","73947075","8","2492595"
"chr4","71560183","71560486","chr4","74054594","74054897","4","2494411"
"chr4","72096857","72097144","chr4","74653896","74654183","9","2557039"
"chr4","72685529","72685840","chr13","25827218","25827525","46","46858311"
"chr4","72781213","72781525","chr1","360065","360372","43","72421148"
"chr4","72921277","72921592","chr4","75519499","75519801","19","2598222"
"chr4","73058635","73058917","chr4","75657004","75657291","10","2598369"
"chr4","74851378","74851676","chr17","77019452","77019750","45","2168074"
"chr4","75134096","75134229","chr3","140183649","140183779","23","65049553"
"chr4","75199942","75200123","chr13","97316852","97317027","26","22116910"
"chr4","75781557","75781870","chr1","20664668","20664978","40","55116889"
"chr4","75785404","75785713","chr16","76763230","76763541","37","977826"
"chr4","76250063","76250367","chr4","78920883","78921189","14","2670820"
"chr4","76651179","76651481","chr4","79349779","79350086","14","2698600"
"chr4","77635535","77635833","chr6","166594300","166594593","45","88958765"
"chr4","77740844","77741118","chr4","80466254","80466528","6","2725410"
"chr4","77773713","77774027","chr15","42808664","42808977","41","34965049"
"chr4","77781001","77781280","chr12","116491249","116491529","38","38710248"
"chr4","77935662","77935971","chr15","26986646","26986958","44","50949016"
"chr4","78605372","78605683","chr4","81334651","81334950","21","2729279"
"chr4","78660871","78661175","chr3","182775197","182775506","47","104114326"
"chr4","78815004","78815290","chr4","81542161","81542449","9","2727157"
"chr4","79222762","79222888","chr4","81917135","81917253","9","2694373"
"chr4","79286377","79286659","chr1","3576062","3576345","45","75710315"
"chr4","79492234","79492544","chr4","82186088","82186376","30","2693854"
"chr4","79513005","79513315","chr4","82207095","82207405","9","2694090"
"chr4","79893238","79893421","chr20","74120105","74120280","31","5773133"
"chr4","80046980","80047280","chr4","82744304","82744579","40","2697324"
"chr4","80512364","80512607","chr4","83213198","83213442","3","2700834"
"chr4","80909180","80909471","chrX","45536396","45536688","46","35372784"
"chr4","81111048","81111321","chr7","15442702","15442980","40","65668346"
"chr4","81844647","81844916","chr12","58293740","58294017","53","23550907"
"chr4","82426698","82427019","chr3","128662708","128663026","48","46236010"
"chr4","82439967","82440249","chr5","42031778","42032069","42","40408189"
"chr4","82519067","82519368","chr11","129022220","129022514","48","46503153"
"chr4","82625441","82625749","chr4","85387707","85388015","6","2762266"
"chr4","82637407","82637708","chr4","85399685","85399987","20","2762278"
"chr4","82695405","82695718","chr2","94213957","94214267","39","11518552"
"chr4","82758088","82758403","chr4","85518774","85519088","16","2760686"
"chr4","82763277","82763593","chr14","70074185","70074492","43","12689092"
"chr4","82925303","82925606","chr4","85672589","85672886","11","2747286"
"chr4","83029547","83029822","chr8","44099768","44100046","40","38929779"
"chr4","83039597","83039908","chr4","85784216","85784527","2","2744619"
"chr4","83089058","83089362","chr4","85833400","85833701","4","2744342"
"chr4","83120710","83120938","chr2","203364920","203365133","40","120244210"
"chr4","83166738","83167046","chr4","85910764","85911070","5","2744026"
"chr4","83309230","83309540","chr4","86046786","86047098","13","2737556"
"chr4","83708348","83708669","chr3","10716492","10716803","52","72991856"
"chr4","83836861","83836971","chr4","86584677","86584787","0","2747816"
"chr4","84316931","84317161","chr5","77727996","77728225","36","6588935"
"chr4","84332725","84333025","chr4","87104955","87105257","13","2772230"
"chr4","84414772","84415040","chr15","17730227","17730497","42","66684545"
"chr4","84548627","84548925","chr4","116888019","116888318","35","32339392"
"chr4","84852177","84852478","chr2","169244603","169244894","45","84392426"
"chr4","85108801","85109106","chr4","87918506","87918808","11","2809705"
"chr4","85119980","85120292","chr4","87930328","87930641","6","2810348"
"chr4","85135850","85136147","chr9","110812888","110813178","44","25677038"
"chr4","85176317","85176611","chr4","87977145","87977435","17","2800828"
"chr4","85180031","85180339","chr4","87980842","87981149","4","2800811"
"chr4","85217482","85217776","chr4","25409549","25409837","44","59807933"
"chr4","85235107","85235420","chr10","29617192","29617497","41","55617915"
"chr4","86004313","86004623","chr4","88795151","88795461","5","2790838"
"chr4","86108555","86108885","chr7","15640243","15640567","54","70468312"
"chr4","86752235","86752547","chr4","89532444","89532748","12","2780209"
"chr4","87614496","87614800","chr4","90407177","90407480","6","2792681"
"chr4","87907684","87907978","chr6","166686121","166686419","39","78778437"
"chr4","88011416","88011726","chr10","88330401","88330712","44","318985"
"chr4","88191991","88192300","chr4","91005465","91005774","10","2813474"
"chr4","88514940","88515188","chr15","106386877","106387144","54","17871937"
"chr4","88733127","88733430","chr4","91536535","91536838","4","2803408"
"chr4","88968390","88968702","chr3","178948248","178948560","42","89979858"
"chr4","89359546","89359864","chr1","87448547","87448862","48","1910999"
"chr4","90030474","90030761","chr4","92946179","92946461","9","2915705"
"chr4","90350346","90350652","chr4","93319970","93320279","23","2969624"
"chr4","90420290","90420601","chr6","167140372","167140686","45","76720082"
"chr4","90870620","90870900","chr6","17396982","17397261","46","73473638"
"chr4","91444412","91444723","chr4","94522961","94523271","7","3078549"
"chr4","91594681","91595007","chr4","73472107","73472419","54","18122574"
"chr4","91789415","91789726","chr4","94866266","94866568","15","3076851"
"chr4","92238104","92238411","chr9","53346767","53347080","41","38891337"
"chr4","92332578","92332873","chr10","47632084","47632378","40","44700494"
"chr4","92401424","92401708","chr10","53024519","53024814","49","39376905"
"chr4","92471562","92471860","chr4","95573864","95574174","21","3102302"
"chr4","92572976","92573262","chr14","111385620","111385899","46","18812644"
"chr4","93046504","93046702","chr7","5439567","5439760","35","87606937"
"chr4","93106827","93107124","chr4","96211159","96211456","3","3104332"
"chr4","93226649","93226966","chr1","25865201","25865516","40","67361448"
"chr4","93591740","93592052","chrX","148089948","148090255","48","54498208"
"chr4","94554832","94555141","chr2","1011747","1012059","43","93543085"
"chr4","94823249","94823547","chr4","97956323","97956627","9","3133074"
"chr4","95441183","95441498","chr3","174233260","174233571","43","78792077"
"chr4","95568525","95568835","chr4","98720976","98721287","9","3152451"
"chr4","96602482","96602796","chr12","122570318","122570629","43","25967836"
"chr4","97013267","97013533","chr10","27694634","27694898","47","69318633"
"chr4","98206057","98206364","chr4","101700943","101701253","12","3494886"
"chr4","98371787","98372069","chr4","101866215","101866506","17","3494428"
"chr4","98485429","98485741","chr4","101985249","101985561","10","3499820"
"chr4","98683182","98683490","chr2","1011747","1012059","48","97671435"
"chr4","98797191","98797487","chr4","102230561","102230812","55","3433370"
"chr4","98840863","98841147","chr4","102273370","102273654","4","3432507"
"chr4","98881181","98881494","chrX","47003553","47003867","54","51877628"
"chr4","99219128","99219431","chr4","102640742","102641046","4","3421614"
"chr4","99303006","99303300","chr13","39151635","39151928","50","60151371"
"chr4","99576967","99577267","chr4","106231179","106231483","8","6654212"
"chr4","99823212","99823503","chr4","105923562","105923851","4","6100350"
"chr4","100053889","100054184","chr4","105633299","105633594","3","5579410"
"chr4","100234081","100234386","chr5","41773732","41774035","39","58460349"
"chr4","100276254","100276549","chr4","105405178","105405472","9","5128924"
"chr4","100288294","100288630","chr4","105393051","105393360","33","5104757"
"chr4","100367985","100368222","chr11","131964697","131964960","65","31596712"
"chr4","100440487","100440778","chr4","105240005","105240296","4","4799518"
"chr4","100444430","100444696","chr1","221257980","221258246","38","120813550"
"chr4","100623787","100624088","chr4","105060933","105061220","17","4437146"
"chr4","100625049","100625342","chr20","62842402","62842701","62","37782647"
"chr4","100701737","100702022","chr4","104980433","104980718","15","4278696"
"chr4","100778310","100778597","chr4","104903895","104904181","6","4125585"
"chr4","100928220","100928522","chr7","163786549","163786851","37","62858329"
"chr4","100976129","100976424","chr19","10872248","10872544","37","90103881"
"chr4","101151856","101152163","chr4","104526433","104526735","14","3374577"
"chr4","101316981","101317282","chr4","104361017","104361318","11","3044036"
"chr4","101564431","101564745","chr4","104045401","104045714","7","2480970"
"chr4","101984488","101984780","chr4","103580552","103580844","3","1596064"
"chr4","102101909","102102221","chr4","103470865","103471148","32","1368956"
"chr4","102225905","102226261","chr13","20010802","20011139","68","82215103"
"chr4","102332770","102333059","chr4","103241337","103241629","7","908567"
"chr4","102428569","102428705","chr4","103138688","103138826","3","710119"
"chr4","102507978","102508280","chr1","7401659","7401964","38","95106319"
"chr4","102592878","102593172","chr18","51881035","51881329","35","50711843"
"chr4","102613719","102614014","chr3","37266155","37266467","56","65347564"
"chr4","102615147","102615444","chrX","21335939","21336233","32","81279208"
"chr4","102647585","102647887","chr7","137444582","137444883","40","34796997"
"chr4","102755393","102755691","chr3","36139696","36139995","35","66615697"
"chr4","102800244","102800529","chr3","117800614","117800917","49","15000370"
"chr4","102896597","102896869","chr4","106537671","106537943","4","3641074"
"chr4","103103288","103103598","chr4","106746507","106746817","7","3643219"
"chr4","103120564","103120879","chr4","106763716","106764023","9","3643152"
"chr4","103143658","103143967","chr15","47153713","47154026","40","55989945"
"chr4","103358019","103358342","chr4","106996933","106997255","11","3638914"
"chr4","103396275","103396587","chr4","107035788","107036106","12","3639513"
"chr4","103411322","103411633","chr4","107049972","107050283","2","3638650"
"chr4","103415073","103415372","chr9","115662699","115662992","34","12247626"
"chr4","103730225","103730518","chr9","112836894","112837188","49","9106669"
"chr4","103827717","103828015","chrX","8089980","8090284","46","95737737"
"chr4","104019465","104019679","chr4","107638826","107639041","4","3619361"
"chr4","104179545","104179837","chr19","42770874","42771168","46","61408671"
"chr4","104223789","104224098","chr9","41028320","41028628","45","63195469"
"chr4","104231211","104231514","chr4","107902626","107902931","4","3671415"
"chr4","104265377","104265671","chr4","107937790","107938089","9","3672413"
"chr4","104306105","104306418","chr4","107978132","107978449","10","3672027"
"chr4","104394223","104394509","chr4","108067990","108068279","14","3673767"
"chr4","104435104","104435413","chr4","108109460","108109773","8","3674356"
"chr4","104649607","104649912","chr4","108324885","108325191","6","3675278"
"chr4","104687294","104687595","chr4","108363023","108363336","14","3675729"
"chr4","104958907","104959168","chr13","12281607","12281875","37","92677300"
"chr4","105010838","105011126","chr4","108692850","108693145","9","3682012"
"chr4","105213545","105213823","chr4","108900682","108900961","6","3687137"
"chr4","105334357","105334655","chr4","109020909","109021208","9","3686552"
"chr4","105404371","105404656","chr1","54881687","54881973","44","50522684"
"chr4","105596212","105596477","chr15","89061568","89061834","35","16534644"
"chr4","105785545","105785850","chr4","109523010","109523315","4","3737465"
"chr4","105862103","105862407","chr4","109597056","109597365","10","3734953"
"chr4","106126165","106126459","chr4","137050755","137051049","42","30924590"
"chr4","106609425","106609746","chr2","40865043","40865350","57","65744382"
"chr4","106644526","106644833","chr4","110378156","110378470","10","3733630"
"chr4","106664615","106664901","chr4","110397364","110397650","5","3732749"
"chr4","106996795","106997038","chr4","110778050","110778305","14","3781255"
"chr4","107076086","107076364","chr4","110855308","110855585","3","3779222"
"chr4","107151502","107151816","chr9","41028320","41028628","42","66123182"
"chr4","107234101","107234406","chr2","1011747","1012059","49","106222354"
"chr4","107291061","107291223","chr8","71228709","71228859","25","36062352"
"chr4","107332454","107332719","chr15","102091682","102091949","53","5240772"
"chr4","107408970","107409278","chr1","129094903","129095211","41","21685933"
"chr4","107574673","107574993","chr4","111357487","111357800","10","3782814"
"chr4","107583872","107584147","chr2","202622423","202622699","37","95038551"
"chr4","107635683","107635982","chr4","111412339","111412635","7","3776656"
"chr4","107675139","107675452","chr4","116687388","116687697","43","9012249"
"chr4","107772791","107773101","chr1","87448547","87448862","44","20324244"
"chr4","107881248","107881567","chr4","111667493","111667812","3","3786245"
"chr4","107929348","107929641","chr9","57275871","57276167","34","50653477"
"chr4","108107358","108107659","chr13","3391415","3391708","44","104715943"
"chr4","108683198","108683516","chr4","112481355","112481671","12","3798157"
"chr4","109172397","109172694","chr4","112975526","112975823","4","3803129"
"chr4","109241370","109241683","chr5","780445","780757","40","108460925"
"chr4","109443845","109444075","chr8","42532328","42532557","39","66911517"
"chr4","109489902","109490215","chr4","113288647","113288963","14","3798745"
"chr4","110048686","110048988","chr4","113895401","113895703","7","3846715"
"chr4","110161110","110161440","chr4","114007549","114007882","9","3846439"
"chr4","110367451","110367747","chr4","114216181","114216488","20","3848730"
"chr4","110614893","110615223","chr1","53496213","53496539","47","57118680"
"chr4","110616394","110616705","chr10","29617192","29617497","35","80999202"
"chr4","110698407","110698717","chr17","17830825","17831132","40","92867582"
"chr4","110723290","110723595","chr20","52626308","52626611","39","58096982"
"chr4","110735230","110735536","chr19","15282895","15283197","38","95452335"
"chr4","110759588","110759889","chr1","10059296","10059597","30","100700292"
"chr4","110929845","110930146","chr4","114771357","114771663","9","3841512"
"chr4","111006036","111006333","chr9","106742446","106742741","41","4263590"
"chr4","111029606","111029881","chr4","114872265","114872550","16","3842659"
"chr4","111034443","111034658","chr4","114877136","114877353","5","3842693"
"chr4","111185440","111185756","chr6","178753891","178754198","45","67568451"
"chr4","111212550","111212862","chr4","115056846","115057149","18","3844296"
"chr4","111328781","111329076","chrX","50576766","50577063","41","60752015"
"chr4","111486338","111486648","chr4","115329262","115329563","19","3842924"
"chr4","111492803","111493101","chrX","9224045","9224343","40","102268758"
"chr4","111514518","111514838","chr15","46764497","46764816","54","64750021"
"chr4","111665339","111665655","chr17","18914487","18914799","48","92750852"
"chr4","111670082","111670390","chr3","178948248","178948560","32","67278166"
"chr4","111699333","111699628","chr4","115541720","115542015","11","3842387"
"chr4","111758497","111758796","chr4","115600524","115600821","13","3842027"
"chr4","111778019","111778332","chr5","108945447","108945757","48","2832572"
"chr4","111879422","111879708","chr4","115722031","115722324","13","3842609"
"chr4","111895387","111895689","chr2","15155383","15155685","37","96740004"
"chr4","112522523","112522816","chr4","116380551","116380844","5","3858028"
"chr4","112554618","112554912","chr4","116412836","116413130","5","3858218"
"chr4","112686817","112687124","chr4","116544849","116545156","4","3858032"
"chr4","112823770","112824031","chr10","27694634","27694898","42","85129136"
"chr4","112834006","112834306","chr4","116704193","116704498","9","3870187"
"chr4","112846725","112847001","chr4","116717571","116717843","8","3870846"
"chr4","112851280","112851592","chr14","67904296","67904611","43","44946984"
"chr4","112860015","112860307","chr4","116730786","116731080","6","3870771"
"chr4","112866658","112866807","chr1","8712684","8712843","37","104153974"
"chr4","112887685","112887976","chr4","116760090","116760381","4","3872405"
"chr4","112899451","112899750","chr1","188394116","188394404","50","75494665"
"chr4","112916339","112916634","chr15","34241520","34241819","56","78674819"
"chr4","113010564","113010861","chr4","116888019","116888318","4","3877455"
"chr4","113042957","113043259","chr4","116921625","116921931","8","3878668"
"chr4","113073374","113073678","chr4","116951828","116952134","15","3878454"
"chr4","113117251","113117564","chr7","20578631","20578946","23","92538620"
"chr4","113610534","113610846","chr4","117479536","117479833","22","3869002"
"chr4","113861752","113862022","chr4","117725280","117725547","6","3863528"
"chr4","114091263","114091575","chr4","117967859","117968170","7","3876596"
"chr4","114104911","114105210","chr13","39151635","39151928","44","74953276"
"chr4","114213915","114214219","chr6","172976638","172976945","42","58762723"
"chr4","114216315","114216638","chr4","118091454","118091777","5","3875139"
"chr4","114244672","114244979","chr2","84374430","84374735","40","29870242"
"chr4","114267629","114267941","chr4","118147768","118148078","13","3880139"
"chr4","114281332","114281635","chr4","118161804","118162102","10","3880472"
"chr4","114373295","114373603","chr4","118255874","118256173","19","3882579"
"chr4","114390896","114391196","chr4","118273828","118274128","2","3882932"
"chr4","114620137","114620437","chr3","72278201","72278502","43","42341936"
"chr4","114812871","114813169","chr1","186835851","186836148","35","72022980"
"chr4","115174378","115174681","chr4","119112679","119112982","4","3938301"
"chr4","115742023","115742334","chr1","20988446","20988749","47","94753577"
"chr4","116299169","116299482","chr4","120280316","120280611","23","3981147"
"chr4","116363279","116363589","chr4","120378920","120379230","6","4015641"
"chr4","116818011","116818295","chr1","30271753","30272037","41","86546258"
"chr4","116879404","116879716","chr3","10716492","10716803","41","106162912"
"chr4","117688015","117688298","chr4","121910493","121910778","3","4222478"
"chr4","118097305","118097607","chr4","122322710","122323011","8","4225405"
"chr4","118148258","118148399","chr1","35028437","35028577","38","83119821"
"chr4","118367707","118368002","chr4","122590233","122590515","15","4222526"
"chr4","118683156","118683466","chr4","122908996","122909306","4","4225840"
"chr4","118772391","118772694","chr11","117151786","117152096","51","1620605"
"chr4","119103475","119103775","chr4","123378379","123378676","7","4274904"
"chr4","119221028","119221327","chr1","5241474","5241775","40","113979554"
"chr4","119451437","119451751","chr4","123718305","123718619","2","4266868"
"chr4","119604131","119604431","chr10","72473615","72473914","46","47130516"
"chr4","120104574","120104885","chr5","780445","780757","38","119324129"
"chr4","120172335","120172637","chr4","124961489","124961745","51","4789154"
"chr4","121647986","121648251","chr14","33317557","33317831","43","88330429"
"chr4","121722781","121723074","chr14","64065095","64065384","44","57657686"
"chr4","121788777","121788887","chr6","108522867","108522983","24","13265910"
"chr4","122062745","122062916","chr19","7003064","7003229","26","115059681"
"chr4","122825742","122826047","chr4","127621168","127621469","12","4795426"
"chr4","122835765","122836067","chr13","44475078","44475381","41","78360687"
"chr4","122962406","122962714","chr4","127750299","127750600","10","4787893"
"chr4","122988045","122988342","chr3","166800168","166800464","37","43812123"
"chr4","122991875","122992170","chr4","127779778","127780071","9","4787903"
"chr4","123019205","123019475","chr6","166372135","166372406","42","43352930"
"chr4","123130157","123130456","chr4","127921469","127921769","7","4791312"
"chr4","123180079","123180398","chr9","41028320","41028628","49","82151759"
"chr4","123232457","123232767","chr4","128024479","128024789","10","4792022"
"chr4","123260365","123260678","chr10","29617192","29617497","38","93643173"
"chr4","123329498","123329789","chr7","166390096","166390392","43","43060598"
"chr4","123371039","123371338","chr9","115153998","115154298","34","8217041"
"chr4","123434719","123435030","chr4","128227442","128227752","3","4792723"
"chr4","123470002","123470323","chr8","22170996","22171307","48","101299006"
"chr4","123746500","123746813","chr11","95931559","95931863","42","27814941"
"chr4","123811122","123811343","chr5","77727996","77728225","45","46083126"
"chr4","123861714","123862022","chrX","74637879","74638190","39","49223835"
"chr4","123948075","123948249","chr4","128747753","128747929","10","4799678"
"chr4","124216970","124217264","chr10","27438928","27439223","40","96778042"
"chr4","124306127","124306439","chr1","53870362","53870673","39","70435765"
"chr4","124594966","124595257","chrX","21335939","21336233","46","103259027"
"chr4","124635541","124635836","chrX","47003553","47003867","60","77631988"
"chr4","124694494","124694574","chr4","129503310","129503378","12","4808816"
"chr4","125199415","125199715","chr4","130017062","130017369","9","4817647"
"chr4","125309469","125309800","chr1","26010816","26011138","56","99298653"
"chr4","125433242","125433536","chr4","130253001","130253295","6","4819759"
"chr4","125495161","125495472","chr11","110441477","110441783","34","15053684"
"chr4","125599455","125599746","chr4","130422174","130422455","40","4822719"
"chr4","125830225","125830537","chr4","130650104","130650398","20","4819879"
"chr4","126062548","126062820","chr12","58293740","58294017","54","67768808"
"chr4","126184358","126184624","chr15","102091682","102091949","33","24092676"
"chr4","126383133","126383434","chr4","131200554","131200855","3","4817421"
"chr4","126425822","126426133","chr1","149911071","149911383","36","23485249"
"chr4","126464737","126464928","chr19","31985753","31985941","32","94478984"
"chr4","126749908","126750220","chr4","131560046","131560358","16","4810138"
"chr4","126760556","126760871","chr2","30428230","30428537","47","96332326"
"chr4","126775429","126775497","chr4","131585688","131585756","0","4810259"
"chr4","127161197","127161494","chr10","87589639","87589938","32","39571558"
"chr4","127207643","127207968","chr1","46029623","46029939","54","81178020"
"chr4","127324141","127324417","chr3","45361377","45361674","49","81962764"
"chr4","127387130","127387441","chr3","178948248","178948560","42","51561118"
"chr4","127431348","127431644","chr5","169292376","169292670","47","41861028"
"chr4","127438747","127439043","chr10","91874404","91874698","35","35564343"
"chr4","127659707","127660021","chr4","132519293","132519605","6","4859586"
"chr4","127729577","127729871","chr4","132590569","132590863","3","4860992"
"chr4","127774001","127774314","chr2","54548353","54548666","41","73225648"
"chr4","127879214","127879504","chr4","132743567","132743858","4","4864353"
"chr4","128138695","128138992","chr1","22038074","22038373","40","106100621"
"chr4","128370742","128371040","chr4","133283026","133283313","28","4912284"
"chr4","128421858","128422157","chr16","67982221","67982530","48","60439637"
"chr4","128453568","128453860","chr4","133369177","133369469","4","4915609"
"chr4","128624715","128624950","chr9","120827138","120827372","25","7797577"
"chr4","128625001","128625084","chr7","75250626","75250709","16","53374375"
"chr4","128680429","128680744","chrX","23126700","23127011","46","105553729"
"chr4","128736951","128737260","chr16","31070792","31071075","63","97666159"
"chr4","128963275","128963581","chr4","133881948","133882255","6","4918673"
"chr4","130269882","130270194","chr4","135173954","135174266","13","4904072"
"chr4","131586129","131586426","chr1","87285213","87285503","39","44300916"
"chr4","131697671","131697973","chr4","136657203","136657511","6","4959532"
"chr4","132078423","132078716","chr4","137050755","137051049","5","4972332"
"chr4","132258641","132258954","chr4","137232082","137232393","14","4973441"
"chr4","132286786","132287097","chr4","137258716","137259026","14","4971930"
"chr4","132522501","132522785","chr4","137496631","137496916","6","4974130"
"chr4","132772006","132772316","chr6","158400240","158400551","34","25628234"
"chr4","133320499","133320786","chr20","73720457","73720740","46","59600042"
"chr4","133674969","133675285","chr4","138638716","138639026","10","4963747"
"chr4","133907902","133908201","chr9","115662699","115662992","36","18245203"
"chr4","133930205","133930494","chr4","138897028","138897317","4","4966823"
"chr4","134007962","134008262","chr4","138974516","138974816","0","4966554"
"chr4","135225021","135225361","chr4","140227136","140227468","15","5002115"
"chr4","135304994","135305302","chr8","92135177","92135491","42","43169817"
"chr4","135432681","135432997","chr1","37839928","37840237","43","97592753"
"chr4","135523636","135523951","chr4","140514582","140514905","15","4990946"
"chr4","136180027","136180338","chr19","34193976","34194287","49","101986051"
"chr4","136514743","136515062","chr4","141618380","141618660","46","5103637"
"chr4","136796744","136797056","chr12","114049969","114050279","40","22746775"
"chr4","136967917","136968079","chr3","157397059","157397223","25","20429142"
"chr4","136968080","136968379","chr13","66485541","66485844","37","70482539"
"chr4","137422113","137422406","chr10","29617192","29617497","47","107804921"
"chr4","137742261","137742565","chr7","166051572","166051876","40","28309311"
"chr4","138244404","138244702","chr4","143372350","143372656","16","5127946"
"chr4","138376792","138377086","chr5","169802583","169802887","48","31425791"
"chr4","138477031","138477326","chr4","143607304","143607605","11","5130273"
"chr4","138522708","138522993","chr4","143656037","143656322","3","5133329"
"chr4","138523907","138524209","chr7","10134125","10134425","38","128389782"
"chr4","138654505","138654791","chr4","143789231","143789509","17","5134726"
"chr4","138933760","138934055","chr4","144061470","144061765","5","5127710"
"chr4","139149959","139150256","chr4","144276514","144276812","11","5126555"
"chr4","139688515","139688820","chr4","144869768","144870058","30","5181253"
"chr4","139701150","139701445","chr4","144881012","144881311","10","5179862"
"chr4","139711378","139711670","chr8","72824038","72824332","31","66887340"
"chr4","139860066","139860205","chr4","145039510","145039660","17","5179444"
"chr4","139971702","139972001","chr4","145150105","145150403","16","5178403"
"chr4","140305152","140305463","chr4","145483063","145483383","19","5177911"
"chr4","140496081","140496350","chr11","117185553","117185836","50","23310528"
"chr4","141074059","141074096","chr8","30438833","30438868","15","110635226"
"chr4","141074500","141074759","chr4","81091704","81091956","63","59982796"
"chr4","141311590","141311919","chr1","53496213","53496539","54","87815377"
"chr4","142301714","142302026","chr1","53870362","53870673","49","88431352"
"chr4","142315789","142316051","chr7","35096110","35096375","55","107219679"
"chr4","143096615","143096920","chr4","148343458","148343764","7","5246843"
"chr4","143175234","143175539","chr4","148460281","148460586","4","5285047"
"chr4","143378666","143378972","chr10","63405659","63405967","38","79973007"
"chr4","143440018","143440289","chr8","22472844","22473120","43","120967174"
"chr4","144193987","144194277","chr4","149491114","149491405","4","5297127"
"chr4","144497523","144497824","chr5","151788359","151788660","45","7290836"
"chr4","144568998","144569311","chr1","166710393","166710706","43","22141395"
"chr4","144707810","144708105","chr4","150053810","150054103","12","5346000"
"chr4","144837907","144838216","chr4","150184429","150184732","14","5346522"
"chr4","144910816","144911123","chr4","150262853","150263159","10","5352037"
"chr4","144994175","144994465","chr4","150345083","150345384","11","5350908"
"chr4","145047355","145047641","chr4","150392884","150393170","6","5345529"
"chr4","145732869","145733176","chr1","5241474","5241775","33","140491395"
"chr4","146136590","146136900","chr4","151477523","151477833","4","5340933"
"chr4","146245753","146245947","chr19","31985753","31985941","30","114260000"
"chr4","146659931","146660241","chrX","128430767","128431080","41","18229164"
"chr4","147337471","147337767","chr4","152809247","152809542","7","5471776"
"chr4","147406776","147407088","chr4","152878786","152879097","27","5472010"
"chr4","147463675","147463985","chr2","30428230","30428537","37","117035445"
"chr4","147851889","147852205","chr1","87448547","87448862","41","60403342"
"chr4","148033742","148034050","chr4","153510056","153510365","9","5476314"
"chr4","148057582","148057889","chr14","352376","352682","48","147705206"
"chr4","148236057","148236361","chr4","38607014","38607320","45","109629043"
"chr4","148289025","148289323","chr4","153760678","153760975","11","5471653"
"chr4","148482837","148483142","chr4","153956192","153956505","13","5473355"
"chr4","148709212","148709525","chr13","95377167","95377474","45","53332045"
"chr4","148840468","148840780","chr5","118044529","118044841","46","30795939"
"chr4","148883005","148883300","chr4","154360356","154360651","5","5477351"
"chr4","148900964","148901251","chr4","154378001","154378299","18","5477037"
"chr4","148907688","148907970","chr4","154384941","154385223","11","5477253"
"chr4","149029011","149029320","chr4","154507914","154508195","36","5478903"
"chr4","149230991","149231269","chr2","202622423","202622699","40","53391432"
"chr4","149652866","149653161","chr15","18234057","18234351","49","131418809"
"chr4","150096203","150096516","chrUn_NW_014807719v1","117","430","41","150096086"
"chr4","150135943","150136236","chr17","12372048","12372347","39","137763895"
"chr4","150661898","150662201","chr6","68600539","68600843","33","82061359"
"chr4","150890983","150891287","chr4","156590489","156590778","19","5699506"
"chr4","150928802","150929114","chr5","169802583","169802887","60","18873781"
"chr4","150978441","150978750","chr4","156676339","156676637","13","5697898"
"chr4","151160675","151160983","chr4","156858516","156858825","6","5697841"
"chr4","151250269","151250548","chr6","114533246","114533529","45","36717023"
"chr4","151251293","151251589","chr4","156948823","156949118","5","5697530"
"chr4","151291028","151291330","chr4","156993832","156994139","6","5702804"
"chr4","151292933","151293231","chr11","10516060","10516352","38","140776873"
"chr4","151322607","151322924","chr10","29617192","29617497","46","121705415"
"chr4","151336405","151336684","chr4","157040504","157040790","10","5704099"
"chr4","151432972","151433284","chr4","157144163","157144476","8","5711191"
"chr4","151458245","151458354","chr2","182594934","182595038","27","31136689"
"chr4","151518651","151518953","chr4","157221844","157222140","13","5703193"
"chr4","151604772","151605079","chr10","29617192","29617497","35","121987580"
"chr4","151647030","151647332","chr14","57273723","57274028","53","94373307"
"chr4","151852982","151853293","chr17","17830825","17831132","39","134022157"
"chr4","152258451","152258763","chr1","360065","360372","43","151898386"
"chr4","152587185","152587488","chr4","158303491","158303791","10","5716306"
"chr4","152777268","152777569","chr1","125115707","125116004","33","27661561"
"chr4","152789732","152790008","chr12","47656208","47656494","47","105133524"
"chr4","152989609","152989896","chr4","158702779","158703066","9","5713170"
"chr4","153046417","153046542","chr4","158759940","158760056","10","5713523"
"chr4","153139650","153139962","chr4","158852988","158853277","36","5713338"
"chr4","153817144","153817453","chr2","54114833","54115140","40","99702311"
"chr4","153924762","153925067","chrX","38727424","38727725","43","115197338"
"chr4","153963938","153964238","chr4","159677864","159678141","32","5713926"
"chr4","154463295","154463609","chr13","33131218","33131527","45","121332077"
"chr4","154968764","154969079","chr3","174233260","174233571","51","19264496"
"chr4","154986954","154987250","chr4","115541720","115542015","36","39445234"
"chr4","155002415","155002724","chr4","160826726","160827036","14","5824311"
"chr4","155074563","155074867","chr4","160898785","160899091","9","5824222"
"chr4","155098922","155099232","chr4","160922562","160922896","30","5823640"
"chr4","155122053","155122339","chr9","63776916","63777195","54","91345137"
"chr4","155450643","155450937","chr4","116888019","116888318","42","38562624"
"chr4","155584856","155585169","chr13","25827218","25827525","41","129757638"
"chr4","155703268","155703557","chr4","161534064","161534356","9","5830796"
"chr4","156193042","156193340","chr4","162098686","162098983","3","5905644"
"chr4","156457363","156457659","chr4","162367873","162368169","5","5910510"
"chr4","156460932","156461233","chr4","162371449","162371763","30","5910517"
"chr4","156843904","156844200","chr4","162752516","162752822","13","5908612"
"chr4","157011304","157011621","chr4","162938720","162939027","18","5927416"
"chr4","157014128","157014415","chr9","55550334","55550622","41","101463794"
"chr4","157061116","157061411","chr4","162991350","162991651","8","5930234"
"chr4","157138310","157138596","chr12","100530130","100530416","37","56608180"
"chr4","157179875","157180177","chr9","129633624","129633936","55","27546251"
"chr4","157403657","157403908","chr4","163334762","163335012","16","5931105"
"chr4","157655567","157655748","chr2","18211006","18211184","46","139444561"
"chr4","157730400","157730676","chr4","163658187","163658463","3","5927787"
"chr4","157792044","157792310","chr4","163716516","163716779","7","5924472"
"chr4","158220836","158221129","chr4","164152317","164152610","10","5931481"
"chr4","158261203","158261458","chr7","125506076","125506332","41","32755127"
"chr4","158520204","158520511","chr4","164455526","164455834","11","5935322"
"chr4","158601015","158601287","chr14","25774187","25774460","33","132826828"
"chr4","158658790","158659098","chr4","164611497","164611804","4","5952707"
"chr4","158703384","158703670","chr1","7160057","7160346","39","151543327"
"chr4","158706495","158706808","chr4","38607014","38607320","45","120099481"
"chr4","159004567","159004868","chr4","165000918","165001204","23","5996351"
"chr4","159107753","159108054","chr1","77758671","77758970","38","81349082"
"chr4","159153272","159153581","chr20","61246724","61247032","37","97906548"
"chr4","159223100","159223408","chr4","165221317","165221629","15","5998217"
"chr4","159225519","159225817","chr1","188394116","188394404","47","29168597"
"chr4","159401295","159401594","chr4","165395579","165395885","15","5994284"
"chr4","159733042","159733360","chr9","43251027","43251338","52","116482015"
"chr4","159850619","159850930","chr7","157654660","157654971","37","2195959"
"chr4","160001272","160001553","chr16","58375460","58375744","33","101625812"
"chr4","160127792","160128095","chr1","360065","360372","52","159767727"
"chr4","160146220","160146509","chr4","166193950","166194250","22","6047730"
"chr4","160518752","160519046","chr20","61246724","61247032","50","99272028"
"chr4","161101182","161101479","chr11","74878801","74879097","41","86222381"
"chr4","161408300","161408613","chr15","42832997","42833307","38","118575303"
"chr4","161448211","161448523","chrX","147932852","147933157","45","13515359"
"chr4","161769930","161770215","chr2","203310670","203310965","43","41540740"
"chr4","161909330","161909649","chr4","168172815","168173125","18","6263485"
"chr4","162172764","162173063","chr4","168429740","168430039","7","6256976"
"chr4","162229935","162230249","chr2","54548353","54548666","41","107681582"
"chr4","162723503","162723810","chr4","169142069","169142376","3","6418566"
"chr4","162870663","162870953","chr3","75657452","75657750","49","87213211"
"chr4","163432305","163432603","chr4","169865132","169865430","7","6432827"
"chr4","163532079","163532369","chr4","169969503","169969800","14","6437424"
"chr4","163713297","163713482","chr19","35250082","35250260","39","128463215"
"chr4","163945480","163945768","chr5","58101488","58101780","46","105843992"
"chr4","164180268","164180563","chr4","171130078","171130370","8","6949810"
"chr4","164705497","164705803","chr8","53739604","53739906","39","110965893"
"chr4","164783481","164783791","chr2","109129520","109129825","40","55653961"
"chr4","164796610","164796913","chr17","76949866","76950172","43","87846744"
"chr4","165010221","165010459","chr4","172141376","172141616","3","7131155"
"chr4","165240265","165240557","chr4","171907325","171907618","7","6667060"
"chr4","165253409","165253724","chr2","40865043","40865350","37","124388366"
"chr5","102104807","102105109","chr5","109915715","109916017","4","7810908"
"chr5","71529","71840","chr7","28296906","28297217","43","28225377"
"chr5","99751","100064","chr7","19730930","19731240","37","19631179"
"chr5","132302","132426","chr5","8951473","8951596","5","8819171"
"chr5","212850","213149","chr5","8868729","8869028","6","8655879"
"chr5","261009","261303","chr5","8821060","8821357","6","8560051"
"chr5","492683","492968","chr5","8586665","8586945","8","8093982"
"chr5","716309","716619","chr7","126112577","126112887","43","125396268"
"chr5","931013","931317","chr5","41773732","41774035","42","40842719"
"chr5","978238","978548","chr2","109129520","109129825","42","108151282"
"chr5","1426040","1426336","chr4","67808553","67808850","15","66382513"
"chr5","1449926","1450221","chr18","51881035","51881329","37","50431109"
"chr5","1482657","1482977","chr5","7563565","7563912","35","6080908"
"chr5","1511094","1511405","chr5","7534294","7534601","9","6023200"
"chr5","1688977","1689281","chr3","48403991","48404294","38","46715014"
"chr5","1697571","1697875","chr4","116888019","116888318","38","115190448"
"chr5","1702840","1703142","chr20","69809257","69809568","51","68106417"
"chr5","1783017","1783347","chr7","81613180","81613498","66","79830163"
"chr5","1796792","1797078","chr9","119075689","119075982","40","117278897"
"chr5","1872955","1873244","chrX","47628942","47629237","35","45755987"
"chr5","1876574","1876861","chr5","7143711","7144027","35","5267137"
"chr5","1895053","1895366","chrX","42534967","42535279","35","40639914"
"chr5","2076598","2076911","chr5","6941442","6941744","18","4864844"
"chr5","2151041","2151321","chr14","55992256","55992548","57","53841215"
"chr5","2158331","2158590","chr3","64800303","64800569","48","62641972"
"chr5","2182418","2182730","chr7","126112577","126112887","44","123930159"
"chr5","2213394","2213702","chr19","34193976","34194287","41","31980582"
"chr5","2464252","2464562","chr5","6548435","6548746","6","4084183"
"chr5","2590612","2590912","chr5","6418970","6419268","15","3828358"
"chr5","2635311","2635610","chr5","6375145","6375442","10","3739834"
"chr5","3087020","3087332","chr14","67904296","67904611","39","64817276"
"chr5","3098446","3098751","chr20","17904997","17905298","38","14806551"
"chr5","4137076","4137382","chr16","63694606","63694916","48","59557530"
"chr5","4189154","4189477","chr2","54548353","54548666","42","50359199"
"chr5","4288620","4288905","chr5","4705163","4705475","30","416543"
"chr5","4376521","4376827","chr13","33272794","33273099","49","28896273"
"chr5","4397386","4397687","chr5","4596514","4596818","6","199128"
"chr5","4415592","4415853","chrX","49222327","49222583","43","44806735"
"chr5","4430214","4430454","chrX","10226945","10227172","45","5796731"
"chr5","4436593","4436903","chr9","97577297","97577597","48","93140704"
"chr5","4477258","4477400","chr5","4514879","4515016","6","37621"
"chr5","4638817","4639132","chr5","9119321","9119636","11","4480504"
"chr5","5224561","5224849","chr3","138051331","138051627","42","132826770"
"chr5","5331577","5331847","chr5","9872260","9872562","34","4540683"
"chr5","5370050","5370332","chr9","70444764","70445055","45","65074714"
"chr5","5380733","5381022","chr8","92346531","92346819","32","86965798"
"chr5","5516107","5516385","chr5","10056762","10057043","15","4540655"
"chr5","5527547","5527848","chr5","10069479","10069783","12","4541932"
"chr5","5554470","5554753","chr5","10096363","10096645","4","4541893"
"chr5","5680737","5681047","chr5","10220551","10220863","23","4539814"
"chr5","5965961","5966270","chr5","10508506","10508813","6","4542545"
"chr5","6177744","6178027","chr5","10722759","10723070","34","4545015"
"chr5","6737384","6737689","chr5","11308399","11308698","22","4571015"
"chr5","7428191","7428486","chr5","11991779","11992078","18","4563588"
"chr5","8030597","8030945","chr9","69226418","69226757","76","61195821"
"chr5","8704822","8705129","chr20","69257451","69257758","50","60552629"
"chr5","8913756","8914075","chr5","13471433","13471749","8","4557677"
"chr5","8925154","8925435","chr9","96835076","96835357","43","87909922"
"chr5","9303786","9304088","chr2","109129520","109129825","43","99825734"
"chr5","9320941","9321253","chr5","13905937","13906249","7","4584996"
"chr5","9572785","9573088","chr1","10059296","10059597","39","486511"
"chr5","10451503","10451780","chr5","15020178","15020443","20","4568675"
"chr5","10467176","10467481","chr5","15036116","15036421","4","4568940"
"chr5","10896184","10896494","chr5","15476412","15476717","23","4580228"
"chr5","10997992","10998316","chr6","86692083","86692402","50","75694091"
"chr5","11490170","11490484","chr5","16056252","16056564","9","4566082"
"chr5","11524599","11524884","chr5","16090766","16091053","7","4566167"
"chr5","11623924","11624238","chr20","54360156","54360459","49","42736232"
"chr5","12053413","12053725","chr5","16623535","16623847","3","4570122"
"chr5","12144329","12144617","chr1","163996579","163996868","37","151852250"
"chr5","12370982","12371271","chr9","49899013","49899308","47","37528031"
"chr5","12390773","12391088","chr2","89232751","89233058","45","76841978"
"chr5","12539611","12539902","chr1","205288010","205288299","46","192748399"
"chr5","12777949","12778266","chr5","17401474","17401774","21","4623525"
"chr5","13186186","13186481","chr5","17755008","17755313","15","4568822"
"chr5","13251882","13252214","chr8","10724322","10724635","58","2527560"
"chr5","13402795","13403101","chrX","18856652","18856954","56","5453857"
"chr5","13910336","13910612","chr5","18506882","18507158","9","4596546"
"chr5","14327883","14328206","chr5","18926731","18927051","11","4598848"
"chr5","14356856","14357160","chr5","18956092","18956398","8","4599236"
"chr5","14363335","14363635","chr5","18962522","18962821","11","4599187"
"chr5","14589035","14589339","chr5","19183201","19183506","3","4594166"
"chr5","14821214","14821541","chr7","163349357","163349670","57","148528143"
"chr5","14960104","14960399","chr1","11067859","11068151","47","3892245"
"chr5","15053596","15053895","chr20","51848731","51849031","30","36795135"
"chr5","15351217","15351376","chr19","17283903","17284055","37","1932686"
"chr5","15353206","15353519","chr5","19949002","19949287","31","4595796"
"chr5","15377030","15377343","chr1","212367041","212367355","49","196990011"
"chr5","15635298","15635602","chr5","20229839","20230142","8","4594541"
"chr5","15637562","15637870","chr10","54564473","54564781","47","38926911"
"chr5","15752467","15752763","chr16","25365336","25365632","42","9612869"
"chr5","15917215","15917516","chr5","20514841","20515139","8","4597626"
"chr5","16606371","16606681","chr1","87448547","87448862","38","70842176"
"chr5","17282311","17282622","chr5","21918795","21919106","9","4636484"
"chr5","17362141","17362461","chr5","21998182","21998495","12","4636041"
"chr5","17394661","17394963","chr5","22029488","22029792","7","4634827"
"chr5","17650440","17650748","chr13","24704032","24704341","47","7053592"
"chr5","17842640","17842963","chr5","8586665","8586945","88","9255975"
"chr5","18335336","18335634","chr15","42428923","42429221","56","24093587"
"chr5","18957168","18957434","chr5","23598544","23598813","5","4641376"
"chr5","19192117","19192415","chr5","23832656","23832969","56","4640539"
"chr5","19317076","19317378","chr4","116888019","116888318","36","97570943"
"chr5","19421684","19421982","chr2","30428230","30428537","57","11006546"
"chr5","19488895","19489200","chr5","24135009","24135315","5","4646114"
"chr5","19497067","19497374","chr5","24144119","24144430","23","4647052"
"chr5","19656129","19656439","chr5","24303243","24303577","34","4647114"
"chr5","19657738","19658038","chr5","24304878","24305178","9","4647140"
"chr5","19735998","19736312","chr6","134833450","134833762","42","115097452"
"chr5","19948412","19948585","chr1","45354091","45354254","33","25405679"
"chr5","19996540","19996821","chr5","24644927","24645235","34","4648387"
"chr5","20013299","20013606","chr5","24662472","24662774","7","4649173"
"chr5","20061759","20062075","chr6","140059120","140059432","43","119997361"
"chr5","20202212","20202422","chr12","62987798","62988009","47","42785586"
"chr5","20229516","20229788","chr1","71849992","71850283","46","51620476"
"chr5","20359904","20360209","chr5","25012764","25013060","17","4652860"
"chr5","20379440","20379519","chr8","108637821","108637909","21","88258381"
"chr5","20392454","20392764","chr5","25043742","25044051","12","4651288"
"chr5","20444854","20444926","chr5","25097042","25097105","12","4652188"
"chr5","20500060","20500375","chr5","25153528","25153843","2","4653468"
"chr5","20606209","20606503","chr7","26819152","26819443","48","6212943"
"chr5","20678961","20679292","chr2","54114833","54115140","52","33435872"
"chr5","20997794","20997850","chr7","84156819","84156876","6","63159025"
"chr5","20997983","20998216","chr19","13602133","13602375","38","7395850"
"chr5","21070617","21070934","chr5","25714716","25715031","9","4644099"
"chr5","21243784","21244096","chr5","25889786","25890098","9","4646002"
"chr5","21283117","21283423","chr5","25930193","25930494","12","4647076"
"chr5","21570683","21570969","chr5","26218741","26219027","6","4648058"
"chr5","21874647","21874959","chr19","34193976","34194287","44","12319329"
"chr5","21976586","21976890","chr5","26635012","26635310","17","4658426"
"chr5","22234554","22234840","chr3","155979918","155980198","58","133745364"
"chr5","22427661","22427973","chr16","43763255","43763565","44","21335594"
"chr5","22475299","22475601","chr5","27134819","27135129","10","4659520"
"chr5","23066950","23067262","chr5","27721731","27722043","5","4654781"
"chr5","23435915","23436237","chr5","28085663","28086003","26","4649748"
"chr5","24220790","24221082","chr5","28888067","28888359","9","4667277"
"chr5","24932274","24932586","chr5","29603910","29604202","24","4671636"
"chr5","25134700","25135003","chr5","29795854","29796146","15","4661154"
"chr5","25172436","25172693","chr5","29836358","29836615","11","4663922"
"chr5","25249446","25249748","chr9","123850572","123850867","49","98601126"
"chr5","25470462","25470766","chr5","30132289","30132593","6","4661827"
"chr5","25526232","25526549","chr5","30188561","30188877","22","4662329"
"chr5","25950919","25951265","chr12","83857879","83858207","71","57906960"
"chr5","26062284","26062328","chr5","30722169","30722213","0","4659885"
"chr5","26653505","26653789","chr5","31324821","31325105","2","4671316"
"chr5","26776476","26776756","chr5","31450823","31451103","6","4674347"
"chr5","26871175","26871466","chr5","42031778","42032069","45","15160603"
"chr5","26936017","26936330","chr1","56128414","56128722","55","29192397"
"chr5","27051810","27052107","chr5","31709816","31710138","36","4658006"
"chr5","27112600","27112892","chr5","31775124","31775421","7","4662524"
"chr5","27289297","27289599","chr5","31975039","31975341","7","4685742"
"chr5","27325855","27326153","chr1","77758671","77758970","51","50432816"
"chr5","27710981","27711284","chr5","32421606","32421907","6","4710625"
"chr5","28796200","28796499","chr1","10059296","10059597","42","18736904"
"chr5","29123327","29123660","chr1","53496213","53496539","53","24372886"
"chr5","29693870","29694174","chr13","24010879","24011175","49","5682991"
"chr5","29764304","29764602","chr7","130612055","130612355","45","100847751"
"chr5","29812032","29812334","chr5","34569573","34569875","7","4757541"
"chr5","31001132","31001440","chr5","35823681","35823987","8","4822549"
"chr5","32251741","32252025","chr5","37169956","37170238","10","4918215"
"chr5","32284336","32284644","chr1","56128414","56128722","42","23844078"
"chr5","32356302","32356620","chr19","48534093","48534405","49","16177791"
"chr5","32562107","32562409","chr5","37482157","37482461","15","4920050"
"chr5","32573022","32573330","chr10","29617192","29617497","43","2955830"
"chr5","32669146","32669360","chr15","10868031","10868237","33","21801115"
"chr5","32739618","32739923","chr9","41028320","41028628","44","8288702"
"chr5","33048490","33048779","chr11","68960875","68961167","49","35912385"
"chr5","33202771","33203066","chr16","6249079","6249374","43","26953692"
"chr5","33388160","33388473","chr5","38309601","38309911","9","4921441"
"chr5","33395459","33395773","chr6","65431249","65431557","46","32035790"
"chr5","33745834","33746135","chr9","53346767","53347080","49","19600933"
"chr5","33799514","33799809","chr5","38729005","38729301","3","4929491"
"chr5","33847168","33847462","chr5","38773525","38773810","24","4926357"
"chr5","33956778","33957075","chr1","221257980","221258246","67","187301202"
"chr5","33995497","33995809","chr5","38921068","38921387","13","4925571"
"chr5","34129565","34129881","chr5","39058261","39058577","3","4928696"
"chr5","34133757","34133812","chr16","68917963","68918019","5","34784206"
"chr5","34133863","34134106","chr13","66205828","66206072","30","32071965"
"chr5","34141794","34142057","chr3","121594557","121594827","47","87452763"
"chr5","34194414","34194699","chr12","22070122","22070410","37","12124292"
"chr5","34200991","34201302","chr12","58348417","58348727","49","24147426"
"chr5","34224793","34225092","chr5","39151995","39152294","4","4927202"
"chr5","34233103","34233389","chrX","71701711","71702000","35","37468608"
"chr5","34372639","34372944","chr5","39366619","39366925","6","4993980"
"chr5","34454890","34455181","chr5","39447701","39447992","7","4992811"
"chr5","34490317","34490629","chr7","163349357","163349670","42","128859040"
"chr5","34505744","34505928","chr20","17989183","17989361","25","16516561"
"chr5","34507957","34508244","chr11","47158355","47158645","48","12650398"
"chr5","34513511","34513779","chr5","39506080","39506324","29","4992569"
"chr5","34594204","34594507","chr2","40865043","40865350","42","6270839"
"chr5","34670537","34670832","chr5","39665904","39666199","5","4995367"
"chr5","34674432","34674742","chr11","49752508","49752818","42","15078076"
"chr5","34723002","34723263","chr5","39720158","39720418","5","4997156"
"chr5","34727626","34727931","chr5","39724467","39724772","5","4996841"
"chr5","34742014","34742198","chr5","39739405","39739586","14","4997391"
"chr5","34762521","34762801","chr2","30016127","30016406","49","4746394"
"chr5","34782578","34782877","chr8","72824038","72824332","37","38041460"
"chr5","34819153","34819457","chr5","39818053","39818360","4","4998900"
"chr5","34855772","34856054","chr5","39854838","39855120","5","4999066"
"chr5","35002638","35002947","chrX","25028377","25028685","49","9974261"
"chr5","35015911","35016166","chr3","181370210","181370458","36","146354299"
"chr5","35033656","35033968","chrX","47003553","47003867","40","11969897"
"chr5","35062759","35063071","chr7","20578631","20578946","39","14484128"
"chr5","35203008","35203318","chr5","40242056","40242358","15","5039048"
"chr5","35219335","35219633","chr7","10134125","10134425","36","25085210"
"chr5","35223044","35223327","chr5","111554781","111555069","40","76331737"
"chr5","35347732","35348037","chr20","61246724","61247032","36","25898992"
"chr5","35356926","35357209","chr4","116888019","116888318","40","81531093"
"chr5","35367409","35367719","chr14","13010878","13011189","47","22356531"
"chr5","35408932","35409232","chr5","40449508","40449824","30","5040576"
"chr5","35426100","35426391","chr5","40467377","40467668","12","5041277"
"chr5","35456688","35456984","chr1","40186948","40187243","34","4730260"
"chr5","35501068","35501380","chr5","40544511","40544823","2","5043443"
"chr5","35542628","35542933","chr5","41773732","41774035","33","6231104"
"chr5","35607762","35608058","chr8","72824038","72824332","35","37216276"
"chr5","35633486","35633755","chr5","40678093","40678363","9","5044607"
"chr5","35676869","35677164","chr5","40720873","40721180","19","5044004"
"chr5","35706479","35706786","chr13","33131218","33131527","32","2575261"
"chr5","35978385","35978686","chr1","7401659","7401964","37","28576726"
"chr5","35979785","35980095","chr20","61246724","61247032","36","25266939"
"chr5","36218920","36219214","chr5","41274219","41274515","7","5055299"
"chr5","36385492","36385714","chr5","41441545","41441767","3","5056053"
"chr5","36422700","36422988","chr5","41479212","41479502","17","5056512"
"chr5","36455955","36456258","chr5","41773732","41774035","32","5317777"
"chr5","36459975","36460285","chr5","41516700","41517010","5","5056725"
"chr5","36490886","36491177","chr5","41547645","41547936","9","5056759"
"chr5","36630922","36631229","chrX","8089980","8090284","38","28540942"
"chr5","36762030","36762326","chr5","41821427","41821723","5","5059397"
"chr5","36905462","36905772","chr5","41965685","41965985","25","5060223"
"chr5","36971865","36971917","chr19","48647515","48647570","9","11675650"
"chr5","36971922","36972111","chr13","71142857","71143048","27","34170935"
"chr5","37004838","37005132","chr5","42065075","42065379","12","5060237"
"chr5","37091068","37091249","chr2","197360815","197360993","32","160269747"
"chr5","37101753","37102066","chr1","27086795","27087105","40","10014958"
"chr5","37192690","37193002","chr6","132315465","132315776","34","95122775"
"chr5","37531741","37532041","chr5","42587543","42587843","11","5055802"
"chr5","37877353","37877658","chr5","42939246","42939543","12","5061893"
"chr5","38130575","38130875","chr5","43192843","43193146","11","5062268"
"chr5","39733570","39733832","chr1","50871067","50871326","48","11137497"
"chr5","40342882","40343190","chr5","45376131","45376423","22","5033249"
"chr5","40371917","40372210","chr5","45403157","45403450","3","5031240"
"chr5","41116043","41116307","chr5","46099050","46099314","6","4983007"
"chr5","41283489","41283796","chr5","46273438","46273745","8","4989949"
"chr5","41925181","41925496","chr7","163349357","163349670","44","121424176"
"chr5","42042124","42042437","chr17","76949866","76950172","46","34907742"
"chr5","42355128","42355433","chr5","47358589","47358894","6","5003461"
"chr5","42597073","42597382","chr8","42006299","42006607","38","590774"
"chr5","42762143","42762426","chr4","57114788","57115075","40","14352645"
"chr5","43033584","43033897","chr16","39030475","39030792","59","4003109"
"chr5","43050451","43050728","chr5","48061324","48061602","5","5010873"
"chr5","43086369","43086680","chr16","17717366","17717674","44","25369003"
"chr5","43324505","43324688","chr12","59909959","59910135","55","16585454"
"chr5","43347554","43347860","chr5","48361994","48362290","17","5014440"
"chr5","43722228","43722537","chr5","48727442","48727747","9","5005214"
"chr5","43971535","43971843","chr5","48987729","48988038","6","5016194"
"chr5","43995282","43995560","chr5","49011444","49011724","6","5016162"
"chr5","44007649","44007962","chr5","49023926","49024238","4","5016277"
"chr5","44323727","44324037","chrUn_NW_014807719v1","117","430","44","44323610"
"chr5","44515419","44515737","chr5","49790040","49790360","13","5274621"
"chr5","44614405","44614715","chr1","139647646","139647956","59","95033241"
"chr5","45084957","45085255","chr4","116888019","116888318","38","71803062"
"chr5","45191920","45192234","chr5","50513874","50514157","40","5321954"
"chr5","45371533","45371758","chr8","37638242","37638468","38","7733291"
"chr5","45890386","45890680","chr14","19071766","19072056","50","26818620"
"chr5","46033070","46033247","chr12","117948654","117948829","24","71915584"
"chr5","46081276","46081587","chr9","41028320","41028628","44","5052956"
"chr5","46491159","46491470","chr1","163154731","163155044","60","116663572"
"chr5","46518566","46518878","chr5","51977327","51977641","4","5458761"
"chr5","46655560","46655830","chr14","112568055","112568320","40","65912495"
"chr5","46919712","46919999","chr7","67794476","67794767","38","20874764"
"chr5","47298990","47299266","chrX","91814529","91814802","43","44515539"
"chr5","48975445","48975755","chr19","8067185","8067494","38","40908260"
"chr5","49356645","49356954","chr5","54989189","54989502","7","5632544"
"chr5","50100059","50100362","chr5","55751742","55752045","3","5651683"
"chr5","50103908","50104200","chr19","10872248","10872544","36","39231660"
"chr5","50284811","50285097","chr5","55936070","55936367","18","5651259"
"chr5","50309471","50309760","chr4","138897028","138897317","43","88587557"
"chr5","50895254","50895580","chr5","56542685","56543005","19","5647431"
"chr5","51011204","51011506","chr20","41239534","41239846","44","9771670"
"chr5","51020033","51020345","chr16","43763255","43763565","47","7256778"
"chr5","51686914","51687149","chr9","18616227","18616478","65","33070687"
"chr5","51837752","51838064","chr14","63665331","63665637","50","11827579"
"chr5","52373318","52373631","chr14","70074185","70074492","32","17700867"
"chr5","52391602","52391905","chr5","58045197","58045500","4","5653595"
"chr5","52409064","52409376","chr5","58062884","58063197","5","5653820"
"chr5","52447843","52448135","chr5","58101488","58101780","2","5653645"
"chr5","52450937","52451233","chr5","58104595","58104894","4","5653658"
"chr5","52569245","52569556","chr7","20375134","20375447","43","32194111"
"chr5","52676919","52677199","chr14","7381570","7381852","37","45295349"
"chr5","52883785","52884097","chr3","61104901","61105213","49","8221116"
"chr5","52906051","52906352","chr5","58563725","58564026","20","5657674"
"chr5","53037519","53037818","chr3","75657452","75657750","44","22619933"
"chr5","53041389","53041676","chr5","58703220","58703522","20","5661831"
"chr5","53041821","53042085","chr1","70211140","70211404","42","17169319"
"chr5","53080720","53081019","chr11","35401614","35401907","30","17679106"
"chr5","53082661","53082961","chr5","58746090","58746390","58","5663429"
"chr5","53085559","53085619","chr5","58748997","58749057","1","5663438"
"chr5","53199239","53199539","chr5","58859549","58859844","8","5660310"
"chr5","53246164","53246452","chr5","58905473","58905734","33","5659309"
"chr5","53255082","53255365","chr5","58914671","58914973","28","5659589"
"chr5","53270867","53271170","chr5","58932546","58932849","3","5661679"
"chr5","53323135","53323434","chr5","58985559","58985857","10","5662424"
"chr5","53331464","53331755","chr5","58993647","58993938","5","5662183"
"chr5","53355870","53356180","chr9","91157613","91157919","37","37801743"
"chr5","53411871","53412161","chr5","59074002","59074301","17","5662131"
"chr5","53868790","53869098","chr5","59515154","59515470","21","5646364"
"chr5","54256686","54256988","chr5","59927699","59928001","4","5671013"
"chr5","54423213","54423524","chr5","60099426","60099768","39","5676213"
"chr5","55306300","55306611","chr10","22234144","22234455","49","33072156"
"chr5","55900735","55901048","chrX","128430767","128431080","37","72530032"
"chr5","56015446","56015759","chr2","22176166","22176475","40","33839280"
"chr5","56253707","56254008","chr13","33850068","33850369","53","22403639"
"chr5","56263369","56263668","chr5","61916833","61917132","3","5653464"
"chr5","56575504","56575805","chrX","127164022","127164325","34","70588518"
"chr5","56646655","56646968","chr6","140024892","140025205","43","83378237"
"chr5","57845233","57845544","chr14","4829123","4829434","34","53016110"
"chr5","57994050","57994350","chr5","63662635","63662938","7","5668585"
"chr5","58122077","58122373","chr5","63794276","63794572","2","5672199"
"chr5","58198312","58198625","chr14","70074185","70074492","44","11875873"
"chr5","58207846","58208145","chr5","63884230","63884532","6","5676384"
"chr5","58216351","58216514","chr7","18914726","18914884","22","39301625"
"chr5","58245585","58245895","chr2","109129520","109129825","38","50883935"
"chr5","58315907","58316205","chr17","90884138","90884433","41","32568231"
"chr5","59015015","59015262","chr5","64757930","64758182","21","5742915"
"chr5","59125649","59125956","chr1","24467442","24467748","47","34658207"
"chr5","59201130","59201440","chr9","72796734","72797044","42","13595604"
"chr5","59343179","59343461","chr1","152100248","152100537","61","92757069"
"chr5","59445192","59445487","chr2","97351845","97352150","48","37906653"
"chr5","60098993","60099295","chr5","65946240","65946524","39","5847247"
"chr5","60228475","60228790","chr16","32438374","32438686","42","27790101"
"chr5","60438515","60438811","chr10","65759354","65759649","32","5320839"
"chr5","60773240","60773541","chr10","35229644","35229943","39","25543596"
"chr5","60980767","60981079","chr7","44258629","44258940","40","16722138"
"chr5","61578243","61578591","chrX","136177","136525","73","61442066"
"chr5","61706021","61706328","chr5","67618652","67618955","14","5912631"
"chr5","61717672","61717982","chr5","67630325","67630633","8","5912653"
"chr5","63763891","63764202","chr10","29617192","29617497","49","34146699"
"chr5","63835448","63835775","chr4","45089818","45090148","75","18745630"
"chr5","63902934","63903246","chr20","41239534","41239846","46","22663400"
"chr5","63965586","63965900","chr20","51128385","51128693","50","12837201"
"chr5","64143951","64144256","chr4","162752516","162752822","42","98608565"
"chr5","64327539","64327852","chr5","70367916","70368231","11","6040377"
"chr5","64624933","64625229","chr11","1472533","1472822","68","63152400"
"chr5","64661179","64661467","chr5","70745614","70745903","7","6084435"
"chr5","65653128","65653439","chr5","71810760","71811071","16","6157632"
"chr5","66345912","66346220","chr5","72488333","72488638","6","6142421"
"chr5","66457320","66457634","chr3","174233260","174233571","39","107775940"
"chr5","67313178","67313487","chr5","73429721","73430033","10","6116543"
"chr5","67421632","67421943","chr9","43251027","43251338","45","24170605"
"chr5","68375072","68375384","chr19","17429712","17430024","42","50945360"
"chr5","68702975","68703263","chr5","153486738","153487040","56","84783763"
"chr5","68985591","68985746","chr9","79017626","79017785","27","10032035"
"chr5","69239257","69239519","chr11","131964697","131964960","41","62725440"
"chr5","69809477","69809779","chr1","128244927","128245230","43","58435450"
"chr5","69898195","69898498","chr5","75964668","75964971","4","6066473"
"chr5","70096275","70096584","chr9","43251027","43251338","44","26845248"
"chr5","70346442","70346739","chr5","76412260","76412550","10","6065818"
"chr5","70448739","70448827","chr3","114108371","114108448","24","43659632"
"chr5","71444400","71444698","chr5","77531323","77531621","4","6086923"
"chr5","71523081","71523360","chr5","77611658","77611937","14","6088577"
"chr5","71523971","71524265","chr12","115222802","115223097","41","43698831"
"chr5","71566480","71566767","chr5","77655273","77655562","8","6088793"
"chr5","71575457","71575770","chr1","162739180","162739489","41","91163723"
"chr5","71598895","71599201","chr5","77687829","77688134","6","6088934"
"chr5","71658929","71659226","chr5","77751954","77752258","9","6093025"
"chr5","71702888","71703173","chr1","25343836","25344135","49","46359052"
"chr5","71707462","71707749","chr17","20413461","20413750","45","51294001"
"chr5","71711025","71711324","chr4","116888019","116888318","35","45176994"
"chr5","71715259","71715558","chr18","2523617","2523913","39","69191642"
"chr5","71719436","71719750","chr7","20375134","20375447","41","51344302"
"chr5","71724217","71724519","chr3","75657452","75657750","43","3933235"
"chr5","71946210","71946484","chr6","17396982","17397261","45","54549228"
"chr5","72163246","72163559","chr5","78249950","78250263","7","6086704"
"chr5","72327080","72327402","chr10","54564473","54564781","58","17762607"
"chr5","72466430","72466645","chr5","78553351","78553566","2","6086921"
"chr5","72466926","72467227","chr15","9618546","9618854","46","62848380"
"chr5","72556781","72557090","chr5","78645105","78645407","13","6088324"
"chr5","72975524","72975840","chr8","53739604","53739906","52","19235920"
"chr5","73024280","73024563","chr1","7160057","7160346","40","65864223"
"chr5","73107239","73107541","chr5","79182493","79182794","10","6075254"
"chr5","73154585","73154894","chr3","30295292","30295604","49","42859293"
"chr5","73204459","73204716","chr1","30331992","30332265","75","42872467"
"chr5","73221320","73221625","chr5","79302195","79302512","19","6080875"
"chr5","73934412","73934705","chr4","3822051","3822346","56","70112361"
"chr5","74366122","74366441","chr5","80497327","80497648","3","6131205"
"chr5","74500978","74501280","chr15","26986646","26986958","45","47514332"
"chr5","74585124","74585423","chr1","1262430","1262730","47","73322694"
"chr5","75016371","75016584","chr15","44379652","44379871","34","30636719"
"chr5","75291971","75292283","chr3","10309195","10309505","43","64982776"
"chr5","75788827","75789138","chr1","37839928","37840237","51","37948899"
"chr5","75895917","75896195","chr13","22579395","22579688","47","53316522"
"chr5","76026984","76027292","chr5","82243634","82243942","4","6216650"
"chr5","76989371","76989681","chr7","44258629","44258940","39","32730742"
"chr5","77018965","77019249","chr16","23399233","23399520","56","53619732"
"chr5","77214052","77214347","chr5","83985992","83986273","26","6771940"
"chr5","77425803","77426059","chr5","84195384","84195640","5","6769581"
"chr5","78216841","78217154","chr5","85034070","85034382","15","6817229"
"chr5","78303462","78303761","chr5","85120406","85120705","6","6816944"
"chr5","78473588","78473900","chr5","85294397","85294700","15","6820809"
"chr5","78496933","78497223","chr5","85319173","85319463","10","6822240"
"chr5","78562754","78563065","chr5","85387079","85387384","19","6824325"
"chr5","78583156","78583463","chr1","360065","360372","43","78223091"
"chr5","78702094","78702397","chr5","85525286","85525594","13","6823192"
"chr5","78831997","78832299","chr5","85654890","85655191","7","6822893"
"chr5","78987616","78987816","chr5","85817027","85817227","7","6829411"
"chr5","79226472","79226598","chr5","86061004","86061130","6","6834532"
"chr5","79538216","79538514","chr5","86373150","86373452","8","6834934"
"chr5","79692711","79693017","chr5","86534254","86534559","13","6841543"
"chr5","79705996","79706288","chr5","86547550","86547842","4","6841554"
"chr5","80109866","80110178","chr5","780445","780757","39","79329421"
"chr5","80194115","80194408","chr5","87086998","87087301","16","6892883"
"chr5","80608869","80609177","chr5","87489966","87490271","4","6881097"
"chr5","81211670","81211982","chr1","212367041","212367355","38","131155371"
"chr5","81279055","81279357","chr5","88169396","88169696","13","6890341"
"chr5","81589708","81590013","chrX","8089980","8090284","42","73499728"
"chr5","82060451","82060745","chr4","18525376","18525667","43","63535075"
"chr5","82115640","82115955","chr1","53870362","53870673","44","28245278"
"chr5","83065652","83065936","chr16","58375460","58375744","49","24690192"
"chr5","83464152","83464443","chr4","103580552","103580844","40","20116400"
"chr5","83738091","83738374","chr9","113406449","113406738","42","29668358"
"chr5","84371748","84371974","chr5","91408871","91409101","9","7037123"
"chr5","84387940","84388258","chr5","91423896","91424210","8","7035956"
"chr5","86115136","86115434","chr1","86819890","86820189","40","704754"
"chr5","86140398","86140706","chr5","93197990","93198298","12","7057592"
"chr5","86146300","86146594","chr5","93203900","93204202","13","7057600"
"chr5","86153338","86153640","chr5","93210948","93211233","21","7057610"
"chr5","86272941","86273252","chr12","48435","48744","43","86224506"
"chr5","86314743","86314917","chr3","43668747","43668938","44","42645996"
"chr5","86314921","86314979","chr1","52347673","52347730","11","33967248"
"chr5","86681819","86682128","chr5","93737468","93737775","5","7055649"
"chr5","88006074","88006383","chr10","76840766","76841077","36","11165308"
"chr5","88606566","88606871","chr18","139777","140085","62","88466789"
"chr5","88730053","88730360","chr16","63694606","63694916","36","25035447"
"chr5","89583565","89583888","chr20","13474420","13474740","45","76109145"
"chr5","89814180","89814479","chr5","97110555","97110849","8","7296375"
"chr5","89870116","89870417","chr6","68600539","68600843","33","21269577"
"chr5","90009158","90009460","chr5","97304240","97304536","12","7295082"
"chr5","90081710","90082028","chr12","120981550","120981858","43","30899840"
"chr5","90230018","90230325","chr5","97559179","97559485","5","7329161"
"chr5","90384739","90385020","chr5","97715595","97715876","3","7330856"
"chr5","90412313","90412631","chr5","97743424","97743742","8","7331111"
"chr5","90549598","90549893","chr5","97890124","97890418","7","7340526"
"chr5","91129766","91129915","chr16","17736101","17736229","35","73393665"
"chr5","91309329","91309640","chr3","125425134","125425442","50","34115805"
"chr5","91352400","91352702","chr5","98771727","98772029","5","7419327"
"chr5","91466214","91466508","chr5","98883208","98883503","12","7416994"
"chr5","92595429","92595717","chr6","156719165","156719448","53","64123736"
"chr5","93383115","93383405","chr18","8545412","8545705","36","84837703"
"chr5","94218730","94219019","chr4","103241337","103241629","49","9022607"
"chr5","94299619","94299932","chr9","53346767","53347080","39","40952852"
"chr5","94474687","94474987","chr5","101975398","101975699","9","7500711"
"chr5","95136488","95136795","chr5","102663118","102663425","4","7526630"
"chr5","95202418","95202698","chr13","54502592","54502864","40","40699826"
"chr5","96218811","96219115","chr5","105410393","105410684","18","9191582"
"chr5","96316396","96316727","chr5","105312658","105312942","56","8996262"
"chr5","96340963","96341238","chr5","105287697","105287973","5","8946734"
"chr5","96529737","96530018","chr20","40633384","40633674","42","55896353"
"chr5","97661071","97661391","chr5","103927917","103928233","5","6266846"
"chr5","98140418","98140713","chr5","18956092","18956398","37","79184326"
"chr5","98400849","98401147","chr5","103199615","103199911","9","4798766"
"chr5","98681884","98682199","chr5","102891176","102891491","8","4209292"
"chr5","98775773","98776087","chr13","28727358","28727671","42","70048415"
"chr5","99478555","99478864","chr5","107214889","107215196","9","7736334"
"chr5","99811765","99812068","chr17","731819","732128","50","99079946"
"chr5","99828524","99828834","chr5","107571350","107571630","34","7742826"
"chr5","99893065","99893292","chr5","107631712","107631939","6","7738647"
"chr5","99923891","99924203","chr10","29617192","29617497","43","70306699"
"chr5","99924288","99924459","chr17","24488382","24488555","35","75435906"
"chr5","99954847","99955163","chr3","182775197","182775506","46","82820350"
"chr5","100667427","100667724","chrX","147666730","147667027","34","46999303"
"chr5","100839881","100840182","chr5","108595250","108595552","6","7755369"
"chr5","100894956","100895256","chr5","108643669","108643950","22","7748713"
"chr5","101194411","101194723","chr5","108945447","108945757","11","7751036"
"chr5","101314942","101315263","chr19","8067185","8067494","50","93247757"
"chr5","101324341","101324645","chr5","109075211","109075514","8","7750870"
"chr5","101334553","101334861","chr5","109085096","109085406","6","7750543"
"chr5","101581901","101582203","chr5","109389898","109390198","6","7807997"
"chr5","101594795","101595111","chr5","109401580","109401885","13","7806785"
"chr5","101675278","101675592","chr7","20578631","20578946","36","81096647"
"chr5","101680055","101680359","chr5","109491756","109492060","3","7811701"
"chr5","101797194","101797502","chr14","32483070","32483379","44","69314124"
"chr5","102017288","102017612","chr2","94213957","94214267","64","7803331"
"chr5","102221722","102222015","chr2","61336823","61337120","39","40884899"
"chr5","102590830","102591105","chr9","20143024","20143293","49","82447806"
"chr5","102753511","102753817","chr2","109129520","109129825","43","6376009"
"chr5","103192827","103193133","chr5","111041527","111041829","23","7848700"
"chr5","103380733","103381023","chr5","111238895","111239187","6","7858162"
"chr5","103384158","103384464","chr5","111242316","111242622","4","7858158"
"chr5","103577894","103578202","chr5","111439478","111439785","15","7861584"
"chr5","103636796","103637095","chr5","111499316","111499613","11","7862520"
"chr5","103702826","103703112","chr3","41587306","41587602","40","62115520"
"chr5","103724160","103724459","chr5","111587516","111587813","10","7863356"
"chr5","103792283","103792564","chr5","111655940","111656224","7","7863657"
"chr5","103819809","103820103","chr5","111678238","111678532","6","7858429"
"chr5","103825305","103825577","chr12","58293740","58294017","36","45531565"
"chr5","103852535","103852831","chr5","111725892","111726189","3","7873357"
"chr5","103853723","103854019","chr5","111725892","111726189","3","7872169"
"chr5","103964801","103965102","chr5","111835704","111836001","9","7870903"
"chr5","104022910","104023223","chr1","212367041","212367355","33","108344131"
"chr5","104082252","104082543","chr5","111953281","111953572","5","7871029"
"chr5","104253066","104253360","chr5","112121528","112121823","3","7868462"
"chr5","104276080","104276371","chr5","112144518","112144832","35","7868438"
"chr5","104551455","104551736","chr7","136178277","136178567","45","31626822"
"chr5","104575500","104575812","chr5","112446378","112446690","12","7870878"
"chr5","104987996","104988304","chr1","87448547","87448862","40","17539449"
"chr5","105146328","105146648","chr5","113015277","113015595","8","7868949"
"chr5","105294010","105294300","chr2","202622423","202622699","50","97328413"
"chr5","106210540","106210747","chr20","28924021","28924206","50","77286519"
"chr5","106543419","106543729","chr7","68240216","68240528","55","38303203"
"chr5","106614982","106615293","chr13","27837878","27838188","37","78777104"
"chr5","107036276","107036586","chr5","115024055","115024353","25","7987779"
"chr5","107889809","107890104","chr3","179874014","179874305","49","71984205"
"chr5","108005984","108006287","chr5","116032329","116032632","6","8026345"
"chr5","108752173","108752478","chr14","11892111","11892415","46","96860062"
"chr5","108848949","108849215","chr5","116991712","116991978","8","8142763"
"chr5","108855675","108855988","chr9","53346767","53347080","44","55508908"
"chr5","109348242","109348549","chr17","14372883","14373191","41","94975359"
"chr5","109349374","109349590","chr15","10561282","10561499","40","98788092"
"chr5","109470041","109470346","chr1","10059296","10059597","32","99410745"
"chr5","109515691","109516030","chr11","2826159","2826489","59","106689532"
"chr5","109771440","109771733","chr5","117909567","117909860","1","8138127"
"chr5","109907208","109907512","chr5","118044529","118044841","12","8137321"
"chr5","110192279","110192588","chr2","197307288","197307591","57","87115009"
"chr5","110506573","110506870","chr14","126926590","126926876","56","16420017"
"chr5","111982572","111982876","chr3","117800614","117800917","39","5818042"
"chr5","112018958","112019271","chr19","34193976","34194287","34","77824982"
"chr5","112256245","112256549","chr5","120435212","120435510","10","8178967"
"chr5","112861201","112861509","chr5","121112599","121112905","5","8251398"
"chr5","113107941","113108243","chr9","30816809","30817110","50","82291132"
"chr5","113760783","113760891","chr1","75873765","75873880","21","37887018"
"chr5","113928043","113928356","chr2","94057068","94057381","38","19870975"
"chr5","114096316","114096629","chr19","48534093","48534405","41","65562223"
"chr5","114147237","114147546","chr5","122485847","122486156","11","8338610"
"chr5","114872212","114872528","chr6","20650685","20650993","42","94221527"
"chr5","114989559","114989867","chr16","43763255","43763565","43","71226304"
"chr5","115121995","115122298","chr5","123551288","123551586","18","8429293"
"chr5","115792481","115792782","chr5","124348022","124348322","8","8555541"
"chr5","116060782","116061079","chr19","10872248","10872544","35","105188534"
"chr5","116076443","116076733","chr5","124635201","124635491","5","8558758"
"chr5","116820484","116820731","chr16","73997907","73998156","41","42822577"
"chr5","117095546","117095844","chr5","125676783","125677081","3","8581237"
"chr5","117274651","117274949","chr5","125903888","125904198","20","8629237"
"chr5","117321895","117322175","chr19","6375520","6375803","51","110946375"
"chr5","117353904","117354214","chr5","125985279","125985589","5","8631375"
"chr5","117588952","117589238","chr7","157146711","157146991","49","39557759"
"chr5","118034892","118035201","chr5","126675949","126676256","10","8641057"
"chr5","118431698","118432006","chr5","127066520","127066826","6","8634822"
"chr5","118574372","118574700","chr7","20578631","20578946","57","97995741"
"chr5","118690592","118690891","chr13","65897206","65897497","39","52793386"
"chr5","118705311","118705608","chrX","50576766","50577063","37","68128545"
"chr5","118781137","118781441","chr5","127538125","127538429","3","8756988"
"chr5","118805395","118805695","chr5","127562028","127562319","16","8756633"
"chr5","118881771","118882065","chr5","127637722","127638015","5","8755951"
"chr5","118912844","118913154","chr5","127670101","127670415","9","8757257"
"chr5","118939256","118939560","chr5","127697183","127697480","14","8757927"
"chr5","118973489","118973762","chr19","48532197","48532455","48","70441292"
"chr5","119043730","119043822","chr5","127805148","127805235","7","8761418"
"chr5","119213782","119214052","chr5","127975150","127975420","5","8761368"
"chr5","119294208","119294485","chr4","105060933","105061220","48","14233275"
"chr5","119313793","119314104","chr1","111021","111334","39","119202772"
"chr5","119314847","119315136","chr7","46487049","46487340","35","72827798"
"chr5","119335729","119336034","chr4","48466897","48467200","40","70868832"
"chr5","119366913","119367239","chr5","128147859","128148173","18","8780946"
"chr5","119471183","119471448","chr19","11608125","11608393","40","107863058"
"chr5","119683856","119684172","chr5","128455616","128455939","7","8771760"
"chr5","120271984","120272294","chr2","30428230","30428537","43","89843754"
"chr5","120440771","120441016","chr20","74479991","74480243","36","45960780"
"chr5","120565289","120565593","chr5","129376070","129376374","4","8810781"
"chr5","121437695","121437980","chr5","130617643","130617928","2","9179948"
"chr5","121590070","121590371","chr5","130770650","130770962","14","9180580"
"chr5","121885984","121886286","chr13","96382802","96383109","55","25503182"
"chr5","122228167","122228473","chr5","131425329","131425638","10","9197162"
"chr5","122247576","122247888","chr7","157654660","157654971","45","35407084"
"chr5","122320959","122321271","chr9","41028320","41028628","48","81292639"
"chr5","122753862","122754164","chrX","123495796","123496096","47","741934"
"chr5","123052765","123053068","chr13","3391415","3391708","64","119661350"
"chr5","123080919","123081219","chr5","132387482","132387786","7","9306563"
"chr5","123253777","123254061","chr1","61493472","61493757","60","61760305"
"chr5","124546914","124547168","chr11","64529661","64529907","47","60017253"
"chr5","124847445","124847756","chr12","20826245","20826552","45","104021200"
"chr5","124986374","124986661","chr5","134341062","134341350","4","9354688"
"chr5","125614867","125615163","chr1","5241474","5241775","51","120373393"
"chr5","125978759","125979074","chr1","87448547","87448862","45","38530212"
"chr5","126322822","126323134","chr5","135771811","135772118","11","9448989"
"chr5","126389127","126389441","chr5","93197990","93198298","45","33191137"
"chr5","126446288","126446574","chr5","135891832","135892118","6","9445544"
"chr5","126762976","126763277","chrX","94815960","94816261","54","31947016"
"chr5","127399258","127399533","chr1","18343338","18343594","81","109055920"
"chr5","127783573","127783862","chr6","176991554","176991856","60","49207981"
"chr5","128193244","128193547","chr5","137741692","137741990","14","9548448"
"chr5","128544952","128545254","chr5","138104923","138105207","24","9559971"
"chr5","128659879","128660152","chr15","89061568","89061834","50","39598311"
"chr5","129164985","129165272","chr5","138804070","138804384","30","9639085"
"chr5","129240973","129241258","chr5","138875671","138875956","6","9634698"
"chr5","129341803","129342100","chr5","138975857","138976151","17","9634054"
"chr5","129683221","129683429","chr4","107638826","107639041","33","22044395"
"chr5","129698998","129699309","chr5","139332490","139332801","5","9633492"
"chr5","129747080","129747379","chr5","139380969","139381258","13","9633889"
"chr5","129930190","129930497","chr5","139568183","139568490","1","9637993"
"chr5","129991805","129992101","chr3","36139696","36139995","44","93852109"
"chr5","130143011","130143315","chr5","139787584","139787888","9","9644573"
"chr5","130234352","130234661","chr5","139878769","139879080","15","9644417"
"chr5","130301295","130301592","chr5","139949277","139949573","6","9647982"
"chr5","130311877","130312173","chr5","139959820","139960119","7","9647943"
"chr5","130359692","130359991","chr5","140007511","140007807","5","9647819"
"chr5","130374769","130375077","chr5","140022569","140022871","29","9647800"
"chr5","130859061","130859356","chr1","7160057","7160346","42","123699004"
"chr5","130966970","130967183","chr10","77319293","77319525","52","53647677"
"chr5","130983434","130983725","chr9","119075689","119075982","41","11907745"
"chr5","131046642","131046764","chr7","82427007","82427128","22","48619635"
"chr5","131047246","131047365","chr5","140738207","140738326","1","9690961"
"chr5","131391847","131392160","chr5","141098561","141098876","10","9706714"
"chr5","131898962","131899237","chr5","141613533","141613821","28","9714571"
"chr5","131971144","131971444","chr1","188693941","188694241","48","56722797"
"chr5","133207149","133207439","chr5","142966525","142966822","14","9759376"
"chr5","133394631","133394848","chr4","114877136","114877353","35","18517495"
"chr5","133589259","133589554","chr5","143340059","143340354","8","9750800"
"chr5","133644829","133645140","chr13","33131218","33131527","39","100513611"
"chr5","133794401","133794703","chr5","143536433","143536735","10","9742032"
"chr5","133806981","133807293","chr1","53870362","53870673","43","79936619"
"chr5","134234500","134234807","chr10","29617192","29617497","37","104617308"
"chr5","134430361","134430661","chr5","144210412","144210712","4","9780051"
"chr5","134762521","134762831","chr7","20375134","20375447","40","114387387"
"chr5","134890417","134890694","chr12","83368815","83369086","47","51521602"
"chr5","135241535","135241844","chr4","95573864","95574174","40","39667671"
"chr5","135286663","135286971","chr5","145073140","145073449","13","9786477"
"chr5","135315239","135315544","chr5","145100325","145100626","8","9785086"
"chr5","135787696","135788000","chr1","86819890","86820189","38","48967806"
"chr5","135862222","135862516","chr8","72824038","72824332","32","63038184"
"chr5","135977923","135978007","chr2","89148158","89148246","15","46829765"
"chr5","136305735","136306047","chr5","146080596","146080898","14","9774861"
"chr5","136553010","136553319","chr3","10309195","10309505","52","126243815"
"chr5","136845860","136846145","chr5","146642279","146642564","1","9796419"
"chr5","136861910","136862228","chr5","146658731","146659021","40","9796821"
"chr5","137155644","137155946","chr5","146953377","146953680","3","9797733"
"chr5","137458258","137458564","chr5","147293051","147293358","3","9834793"
"chr5","137599076","137599387","chr4","31319614","31319922","43","106279462"
"chr5","137679719","137680032","chr5","147522026","147522339","10","9842307"
"chr5","137711753","137712064","chrX","5074589","5074900","35","132637164"
"chr5","137725828","137726120","chr9","28425815","28426097","57","109300013"
"chr5","137738007","137738304","chr5","147581333","147581638","16","9843326"
"chr5","137761754","137762059","chr5","147606926","147607227","22","9845172"
"chr5","137767555","137767855","chr19","10872248","10872544","36","126895307"
"chr5","137768166","137768459","chr5","147613776","147614066","6","9845610"
"chr5","137840340","137840658","chr5","147685948","147686266","10","9845608"
"chr5","137904898","137905208","chr10","54564473","54564781","39","83340425"
"chr5","137965049","137965281","chr16","4732646","4732896","45","133232403"
"chr5","138061977","138062267","chr5","147907803","147908093","3","9845826"
"chr5","138108711","138109025","chr5","147954517","147954833","18","9845806"
"chr5","138152565","138152711","chr5","147999049","147999187","8","9846484"
"chr5","139012037","139012352","chr5","148863442","148863757","7","9851405"
"chr5","139728064","139728365","chr12","50823074","50823380","43","88904990"
"chr5","139921907","139922189","chr5","149778516","149778798","4","9856609"
"chr5","139955949","139956221","chr5","149814523","149814755","45","9858574"
"chr5","140037679","140037991","chr5","149898129","149898431","18","9860450"
"chr5","140203882","140204022","chr5","147999049","147999187","31","7795167"
"chr5","140562733","140563034","chr5","150481516","150481839","25","9918783"
"chr5","140967714","140968025","chr1","360065","360372","41","140607649"
"chr5","140986736","140987032","chr5","150951553","150951848","8","9964817"
"chr5","141034297","141034602","chrX","66231029","66231334","44","74803268"
"chr5","141114519","141114830","chr3","182775197","182775506","39","41660678"
"chr5","141234128","141234301","chr5","151209153","151209331","9","9975025"
"chr5","141240256","141240551","chr5","151215304","151215599","1","9975048"
"chr5","141272640","141272938","chr5","151247022","151247323","8","9974382"
"chr5","141423329","141423638","chr5","151402746","151403057","8","9979417"
"chr5","141432890","141433169","chr1","98687359","98687639","45","42745531"
"chr5","141468841","141469142","chr5","151857813","151858117","11","10388972"
"chr5","141496514","141496788","chr4","117725280","117725547","45","23771234"
"chr5","141739705","141740018","chr12","83411292","83411599","46","58328413"
"chr5","141841538","141841818","chr5","152234801","152235088","7","10393263"
"chr5","142535730","142536027","chr7","36332943","36333239","34","106202787"
"chr5","142597084","142597388","chr2","97351845","97352150","32","45245239"
"chr5","142703526","142703828","chr5","153104973","153105279","11","10401447"
"chr5","142848894","142849182","chr5","153250077","153250368","9","10401183"
"chr5","142927748","142928044","chr5","153328008","153328311","13","10400260"
"chr5","142938390","142938705","chr12","83411292","83411599","44","59527098"
"chr5","143085700","143085996","chr5","153486738","153487040","14","10401038"
"chr5","143331066","143331360","chr5","153733911","153734203","8","10402845"
"chr5","143367081","143367392","chr6","171532387","171532697","36","28165306"
"chr5","143744317","143744625","chr5","154151485","154151793","7","10407168"
"chr5","143749648","143749947","chr5","154156823","154157113","16","10407175"
"chr5","143750318","143750372","chr5","154157484","154157540","2","10407166"
"chr5","145026170","145026482","chr11","49752508","49752818","39","95273662"
"chr5","145034950","145035261","chr1","360065","360372","45","144674885"
"chr5","145363337","145363647","chr5","155848912","155849221","7","10485575"
"chr5","146002138","146002439","chr3","163926008","163926304","49","17923870"
"chr5","146049371","146049664","chr15","66933395","66933676","61","79115976"
"chr5","146319080","146319391","chr5","156812667","156812957","24","10493587"
"chr5","146327237","146327525","chr5","156820823","156821109","3","10493586"
"chr5","146696946","146697246","chr3","18947902","18948203","49","127749044"
"chr5","146988100","146988410","chr14","22411607","22411921","44","124576493"
"chr5","146994005","146994317","chrX","644651","644961","44","146349354"
"chr5","147574742","147575064","chr14","67904296","67904611","46","79670446"
"chr5","147680680","147680992","chr1","360065","360372","36","147320615"
"chr5","147738938","147739264","chrX","65805963","65806281","50","81932975"
"chr5","148042088","148042389","chr5","158523559","158523866","10","10481471"
"chr5","148132712","148132999","chr5","158613763","158614051","7","10481051"
"chr5","148331780","148332078","chr5","158813997","158814302","11","10482217"
"chr5","148418889","148419176","chr9","57275871","57276167","40","91143018"
"chr5","148505922","148506210","chr17","94903136","94903424","29","53602786"
"chr5","148569902","148570208","chr5","159099875","159100176","13","10529973"
"chr5","148574853","148575151","chr16","70591236","70591537","36","77983617"
"chr5","148578061","148578373","chr9","41028320","41028628","44","107549741"
"chr5","148657065","148657370","chr5","159185685","159185993","9","10528620"
"chr5","148860807","148861118","chr5","159394007","159394337","26","10533200"
"chr5","148940599","148940902","chr5","159520227","159520530","5","10579628"
"chr5","148965016","148965323","chr5","159545357","159545664","3","10580341"
"chr5","149173396","149173686","chr5","159756381","159756656","23","10582985"
"chr5","149271501","149271812","chr9","53346767","53347080","45","95924734"
"chr5","149655140","149655449","chr5","780445","780757","37","148874695"
"chr5","149797302","149797602","chr5","160362745","160363053","8","10565443"
"chr5","150345230","150345513","chr5","160992742","160993025","8","10647512"
"chr5","150452068","150452374","chr17","17830825","17831132","52","132621243"
"chr5","150758604","150758881","chr20","60126536","60126819","48","90632068"
"chr5","150823913","150824202","chr5","161532009","161532298","9","10708096"
"chr5","151189041","151189346","chr5","161908696","161908997","14","10719655"
"chr5","151425487","151425805","chr10","36105086","36105390","54","115320401"
"chr5","151490492","151490794","chr5","162262646","162262948","4","10772154"
"chr5","151595133","151595421","chr5","162375490","162375778","4","10780357"
"chr5","152496084","152496285","chr5","163358609","163358819","23","10862525"
"chr5","152519704","152520015","chr2","1011747","1012059","45","151507957"
"chr5","152577651","152577958","chr5","163443594","163443901","3","10865943"
"chr5","152938845","152939149","chr5","163806310","163806614","3","10867465"
"chr5","153608626","153608920","chr5","164443415","164443705","8","10834789"
"chr5","153649910","153650218","chr5","121112599","121112905","48","32537311"
"chr5","153910556","153910873","chr5","164794180","164794497","5","10883624"
"chr5","154223290","154223592","chr5","165101747","165102044","8","10878457"
"chr5","154299315","154299620","chr5","165178775","165179085","10","10879460"
"chr5","154447277","154447579","chr5","153486738","153487040","38","960539"
"chr5","154447867","154448033","chr7","18914726","18914884","27","135533141"
"chr5","154478090","154478261","chr1","212638789","212638952","34","58160699"
"chr5","154568699","154568989","chr5","165451189","165451480","11","10882490"
"chr5","154673889","154674178","chr5","165556572","165556861","5","10882683"
"chr5","155012871","155013175","chr5","165898915","165899219","5","10886044"
"chr5","155088510","155088705","chr5","165971150","165971345","5","10882640"
"chr5","155439178","155439493","chr12","122570318","122570629","44","32868860"
"chr5","155708756","155709068","chr5","155848912","155849221","43","140156"
"chr5","156003875","156004180","chr5","166847602","166847906","9","10843727"
"chr5","157775726","157776018","chr5","168635666","168635958","7","10859940"
"chr5","157787836","157788146","chr5","168647466","168647765","21","10859630"
"chr5","157843718","157844010","chr5","168703738","168704029","1","10860020"
"chr5","157894440","157894744","chr5","168754417","168754721","3","10859977"
"chr5","158056705","158057024","chr5","168953479","168953797","6","10896774"
"chr5","158387357","158387651","chr5","169292376","169292670","6","10905019"
"chr5","158405565","158405867","chr13","87485597","87485904","42","70919968"
"chr5","158418170","158418468","chr2","200557095","200557398","43","42138925"
"chr5","158443997","158444296","chr4","116888019","116888318","35","41555978"
"chr5","158548813","158549123","chr6","20650685","20650993","44","137898128"
"chr5","158588873","158589190","chr9","129633624","129633936","38","28955249"
"chr5","158750813","158751111","chr14","7681006","7681304","33","151069807"
"chr5","158772366","158772663","chr6","166686121","166686419","41","7913755"
"chr5","158848695","158848951","chr14","69186796","69187044","39","89661899"
"chr5","158860962","158861269","chr5","169759570","169759876","7","10898608"
"chr5","158861524","158861836","chr5","169760130","169760430","25","10898606"
"chr5","158901815","158902128","chrUn_NW_014807719v1","117","430","9","158901698"
"chr5","159114377","159114684","chr5","170016551","170016850","34","10902174"
"chr5","159239317","159239675","chr5","170143208","170143553","20","10903891"
"chr5","159258377","159258678","chr19","10872248","10872544","37","148386129"
"chr5","159364784","159365083","chr5","170269845","170270150","12","10905061"
"chr5","160040538","160040819","chr5","170941339","170941621","5","10900801"
"chr5","160163730","160164010","chr15","661255","661537","38","159502475"
"chr5","160171131","160171439","chr3","165689977","165690282","38","5518846"
"chr5","160877319","160877585","chr5","171766349","171766611","13","10889030"
"chr5","160971509","160971804","chr10","65759354","65759649","37","95212155"
"chr5","160987353","160987666","chr4","44311687","44311996","47","116675666"
"chr5","161987914","161988197","chr4","34384152","34384449","43","127603762"
"chr5","162435748","162436059","chr15","26986646","26986958","36","135449102"
"chr5","162448340","162448649","chr1","212367041","212367355","35","49918701"
"chr5","162624558","162624863","chr11","119877526","119877831","41","42747032"
"chr5","162746676","162746955","chr5","173619041","173619303","36","10872365"
"chr5","162989911","162990207","chr14","88767062","88767359","44","74222849"
"chr5","163410657","163410966","chr1","143592850","143593159","44","19817807"
"chr5","163675436","163675729","chr5","174656472","174656766","4","10981036"
"chr5","164941766","164942041","chr5","176010648","176010923","2","11068882"
"chr5","164986859","164987102","chr14","69602169","69602408","35","95384690"
"chr5","165049062","165049370","chr9","53346767","53347080","48","111702295"
"chr5","165273682","165273984","chr5","176341154","176341465","13","11067472"
"chr5","165436705","165437025","chr5","176513948","176514274","16","11077243"
"chr5","165438341","165438667","chr5","176513948","176514274","14","11075607"
"chr5","165453092","165453390","chr5","176528680","176528978","2","11075588"
"chr5","165562273","165562568","chr5","176644071","176644370","19","11081798"
"chr5","165592043","165592343","chr5","176673936","176674239","14","11081893"
"chr5","165592703","165592861","chr5","176674654","176674812","0","11081951"
"chr5","166358027","166358306","chr4","167589722","167590016","50","1231695"
"chr5","166563530","166563828","chr8","11494478","11494783","52","155069052"
"chr5","166612365","166612404","chrY","5852845","5852891","14","160759520"
"chr5","166612466","166612711","chr7","18587497","18587744","34","148024969"
"chr5","166708251","166708563","chr1","188693941","188694241","49","21985690"
"chr5","166750348","166750648","chr5","177858770","177859073","7","11108422"
"chr5","166880374","166880667","chr6","166686121","166686419","43","194253"
"chr5","167186921","167187215","chr3","154672661","154672956","42","12514260"
"chr5","167450824","167451084","chr1","50871067","50871326","44","116579757"
"chr5","167789555","167789839","chr5","178983184","178983468","4","11193629"
"chr5","168212898","168213199","chr5","179381499","179381811","48","11168601"
"chr5","168235116","168235334","chr15","16269298","16269504","39","151965818"
"chr5","168676030","168676321","chr5","179842218","179842509","9","11166188"
"chr5","168843444","168843737","chr5","180010842","180011151","22","11167398"
"chr5","169063266","169063543","chr5","180234875","180235152","1","11171609"
"chr5","169103985","169104278","chr16","18446015","18446313","40","150657970"
"chr5","169124533","169124640","chr5","180298132","180298254","17","11173599"
"chr5","169413708","169413997","chr5","180584216","180584505","14","11170508"
"chr5","169477225","169477525","chr5","180647874","180648159","45","11170649"
"chr5","169526099","169526409","chr4","116888019","116888318","52","52638080"
"chr5","169577690","169577984","chr5","180746904","180747205","15","11169214"
"chr5","169732873","169733163","chr5","180903933","180904224","16","11171060"
"chr5","170014170","170014480","chr1","37839928","37840237","39","132174242"
"chr5","170044210","170044503","chr5","181209611","181209905","8","11165401"
"chr5","170358108","170358422","chr9","53346767","53347080","39","117011341"
"chr5","170732210","170732502","chr5","181908905","181909197","5","11176695"
"chr5","170801442","170801752","chr5","181977550","181977861","11","11176108"
"chr5","171331726","171332019","chr5","182513592","182513886","10","11181866"
"chr5","171411081","171411381","chr5","182593654","182593961","9","11182573"
"chr5","171429276","171429613","chrX","117592954","117593284","79","53836322"
"chr5","171599041","171599349","chr5","182782306","182782614","5","11183265"
"chr5","171727319","171727585","chrX","45040481","45040747","48","126686838"
"chr5","171945080","171945330","chr2","89057732","89057991","50","82887348"
"chr5","172092524","172092817","chr11","47158355","47158645","48","124934169"
"chr5","172166932","172167254","chr10","76840766","76841077","51","95326166"
"chr5","172207771","172208105","chr16","45232436","45232768","49","126975335"
"chr5","172218411","172218715","chr20","69257451","69257758","40","102960960"
"chr5","172220773","172221079","chr5","183514150","183514456","3","11293377"
"chr5","172305382","172305682","chr16","19171896","19172193","36","153133486"
"chr5","172465424","172465745","chr1","187241121","187241433","46","14775697"
"chr5","172514564","172514875","chr1","360065","360372","38","172154499"
"chr5","172599969","172600299","chr5","183897113","183897406","42","11297144"
"chr5","172764727","172765041","chr5","184061275","184061589","3","11296548"
"chr5","172770268","172770393","chr5","184066391","184066516","1","11296123"
"chr5","172797072","172797358","chr5","184093171","184093470","21","11296099"
"chr5","172801599","172801887","chr5","184099127","184099415","5","11297528"
"chr5","172867881","172868203","chr9","41028320","41028628","57","131839561"
"chr5","172940377","172940690","chr5","184245462","184245762","31","11305085"
"chr5","172967194","172967509","chr5","184272435","184272750","4","11305241"
"chr5","173068901","173069186","chr5","184375283","184375564","12","11306382"
"chr5","173269757","173270048","chr5","184578397","184578692","15","11308640"
"chr5","173630217","173630524","chr9","11770234","11770538","42","161859983"
"chr5","173654275","173654626","chrX","136177","136525","63","173518098"
"chr5","173678922","173679218","chr16","7608089","7608386","37","166070833"
"chr5","173704858","173705169","chr5","185051810","185052121","9","11346952"
"chr5","173756666","173756959","chr5","185102308","185102596","20","11345642"
"chr5","173764760","173765023","chr5","185110436","185110695","11","11345676"
"chr5","173787163","173787449","chr5","185132224","185132512","4","11345061"
"chr5","173944898","173945185","chr12","101278487","101278786","47","72666411"
"chr5","174012193","174012505","chr3","10716492","10716803","44","163295701"
"chr5","174118506","174118804","chr2","203310670","203310965","41","29192164"
"chr5","174232503","174232790","chr11","13631025","13631311","35","160601478"
"chr5","174271215","174271538","chr5","185616653","185616969","9","11345438"
"chr5","174322297","174322612","chr5","185667241","185667550","14","11344944"
"chr5","174329234","174329514","chr5","185676078","185676358","3","11346844"
"chr5","174521478","174521784","chr5","185872487","185872799","13","11351009"
"chr5","174706825","174707133","chr6","67549759","67550065","42","107157066"
"chr5","174835624","174835937","chrUn_NW_014807719v1","117","430","35","174835507"
"chr5","174991976","174992205","chrX","9028967","9029199","32","165963009"
"chr5","175028927","175029234","chr1","360065","360372","36","174668862"
"chr5","175087383","175087686","chr4","116888019","116888318","48","58199364"
"chr5","175098510","175098806","chrX","50576766","50577063","32","124521744"
"chr5","175178484","175178795","chr5","186598086","186598393","24","11419602"
"chr5","175204413","175204724","chr15","108170813","108171125","54","67033600"
"chr5","175390215","175390506","chr5","186822084","186822382","25","11431869"
"chr5","175573765","175574060","chr5","169292376","169292670","41","6281389"
"chr5","175593493","175593791","chr5","187053298","187053607","16","11459805"
"chr5","175632658","175632956","chr5","187097530","187097829","5","11464872"
"chr5","175636863","175637155","chr5","187101737","187102029","9","11464874"
"chr5","175710905","175711056","chr12","27147837","27147983","37","148563068"
"chr5","175850947","175851238","chr4","116888019","116888318","37","58962928"
"chr5","176009855","176010158","chr18","10346910","10347212","45","165662945"
"chr5","176066574","176066871","chr1","22038074","22038373","38","154028500"
"chr5","176305300","176305609","chr1","24467442","24467748","40","151837858"
"chr5","176522865","176523173","chr5","187978054","187978340","35","11455189"
"chr5","176612948","176613257","chr13","94486876","94487186","53","82126072"
"chr5","176757857","176758212","chr5","188340984","188341290","83","11583127"
"chr5","176890864","176891163","chr5","188476512","188476805","6","11585648"
"chr5","176973814","176974128","chr5","188560212","188560527","7","11586398"
"chr5","176976509","176976793","chr4","166463075","166463352","52","10513434"
"chr5","177009132","177009427","chr5","188596257","188596554","6","11587125"
"chr5","177051150","177051462","chr5","188638312","188638623","15","11587162"
"chr5","177051519","177051817","chr5","188638678","188638979","13","11587159"
"chr5","177095531","177095841","chr14","22411607","22411921","41","154683924"
"chr5","177105994","177106288","chr5","188698095","188698400","23","11592101"
"chr5","177115543","177115859","chr5","188707712","188708028","9","11592169"
"chr5","177152919","177153224","chr1","39812051","39812353","42","137340868"
"chr5","177179175","177179489","chr5","188768259","188768573","15","11589084"
"chr5","177197241","177197554","chr19","4339646","4339953","45","172857595"
"chr5","177311622","177311910","chr5","111655940","111656224","33","65655682"
"chr5","177553124","177553390","chr2","143059597","143059865","39","34493527"
"chr5","177565323","177565615","chr5","189183847","189184139","4","11618524"
"chr5","177914551","177914837","chr5","189528642","189528941","16","11614091"
"chr5","177928739","177929058","chr5","189542878","189543198","4","11614139"
"chr5","178191971","178192275","chr9","124680425","124680736","52","53511546"
"chr5","178204894","178205191","chr5","189835279","189835570","17","11630385"
"chr5","178206201","178206473","chr5","189836575","189836854","22","11630374"
"chr5","178429439","178429710","chr5","190059538","190059810","6","11630099"
"chr5","178613959","178614258","chr1","123571730","123572033","43","55042229"
"chr6","15597519","15597813","chr6","16077245","16077539","8","479726"
"chr6","70123464","70123783","chr12","120981550","120981858","44","50858086"
"chr6","74710809","74711115","chr6","77467340","77467645","11","2756531"
"chr6","165805832","165806138","chr2","1011747","1012059","43","164794085"
"chr6","25298","25514","chr1","117019008","117019223","34","116993710"
"chr6","109170","109481","chr6","298030","298364","37","188860"
"chr6","392762","393052","chr6","584199","584488","6","191437"
"chr6","635356","635663","chr6","832285","832592","6","196929"
"chr6","989306","989600","chr6","1193099","1193389","13","203793"
"chr6","990112","990417","chr20","18760413","18760719","37","17770301"
"chr6","1453162","1453376","chr4","107638826","107639041","34","106185664"
"chr6","1454099","1454384","chr20","742253","742546","42","711846"
"chr6","1651449","1651747","chr6","1646886","1647184","5","4563"
"chr6","1796963","1797234","chr6","1793770","1794041","5","3193"
"chr6","2069764","2070061","chr10","78957964","78958251","43","76888200"
"chr6","2187744","2188055","chr16","32427628","32427931","55","30239884"
"chr6","2257230","2257534","chr6","2247777","2248099","24","9453"
"chr6","2293284","2293590","chr6","2286423","2286718","22","6861"
"chr6","2684555","2684859","chr6","2704307","2704614","5","19752"
"chr6","2821336","2821651","chr4","164455526","164455834","43","161634190"
"chr6","2992104","2992414","chr6","3017348","3017652","16","25244"
"chr6","3253451","3253766","chr16","11911337","11911647","51","8657886"
"chr6","3320432","3320743","chr6","3394603","3394910","8","74171"
"chr6","3537067","3537372","chr7","157654660","157654971","45","154117593"
"chr6","3728021","3728235","chr6","3796059","3796267","13","68038"
"chr6","3808625","3808913","chr1","128495044","128495338","51","124686419"
"chr6","4120868","4121159","chr6","4186768","4187055","21","65900"
"chr6","4265846","4266147","chr3","157216589","157216897","44","152950743"
"chr6","4739568","4739866","chr6","4804860","4805163","19","65292"
"chr6","4763468","4763774","chr15","26986646","26986958","40","22223178"
"chr6","5110857","5111133","chr6","5175356","5175651","23","64499"
"chr6","5151519","5151816","chr12","115222802","115223097","43","110071283"
"chr6","5650176","5650460","chr6","5724085","5724371","9","73909"
"chr6","5801223","5801530","chr6","5875517","5875829","10","74294"
"chr6","5921664","5921948","chr6","5994380","5994663","10","72716"
"chr6","6008261","6008569","chr5","151788359","151788660","46","145780098"
"chr6","6276803","6277096","chr6","6359197","6359489","8","82394"
"chr6","6312066","6312326","chr6","6400538","6400811","19","88472"
"chr6","6820939","6821238","chr19","25875453","25875752","58","19054514"
"chr6","6923096","6923411","chr1","162739180","162739489","40","155816084"
"chr6","7368016","7368323","chr6","7511655","7511964","6","143639"
"chr6","7930306","7930602","chr6","8086448","8086752","23","156142"
"chr6","8627015","8627320","chr9","87185382","87185694","55","78558367"
"chr6","9592811","9593110","chr6","9860401","9860702","8","267590"
"chr6","9969732","9970039","chr1","12652526","12652828","44","2682794"
"chr6","9993169","9993454","chr17","94903136","94903424","39","84909967"
"chr6","10139726","10140011","chr4","150392884","150393170","43","140253158"
"chr6","10261809","10262109","chr6","10533467","10533766","8","271658"
"chr6","10286054","10286347","chr18","34042616","34042906","51","23756562"
"chr6","10321858","10322151","chr6","10593101","10593400","8","271243"
"chr6","10378058","10378374","chr6","10649632","10649949","3","271574"
"chr6","10963353","10963653","chr6","11236877","11237181","14","273524"
"chr6","11138207","11138519","chr6","11413744","11414048","30","275537"
"chr6","11181870","11182154","chr4","38383795","38384058","45","27201925"
"chr6","11297943","11298263","chrX","68458905","68459220","44","57160962"
"chr6","11818922","11819228","chr6","12092927","12093232","10","274005"
"chr6","12382226","12382536","chr6","20650685","20650993","41","8268459"
"chr6","12622590","12622899","chr13","25827218","25827525","43","13204628"
"chr6","13507357","13507646","chr6","13856799","13857087","5","349442"
"chr6","13518828","13519142","chr10","88330401","88330712","42","74811573"
"chr6","14005421","14005739","chr6","14393824","14394130","21","388403"
"chr6","14068005","14068319","chr4","34151114","34151419","46","20083109"
"chr6","14103655","14103943","chr6","14492150","14492438","1","388495"
"chr6","14133123","14133427","chr20","17904997","17905298","34","3771874"
"chr6","14720446","14720756","chr6","15121054","15121364","3","400608"
"chr6","14795172","14795464","chr6","15196748","15197039","13","401576"
"chr6","14853083","14853150","chr6","15254348","15254415","1","401265"
"chr6","14860308","14860608","chr6","15261585","15261889","9","401277"
"chr6","14894340","14894650","chr14","8749915","8750226","33","6144425"
"chr6","14900363","14900684","chr1","23253248","23253555","53","8352885"
"chr6","15182886","15183164","chr12","83368815","83369086","42","68185929"
"chr6","15408555","15408870","chr6","15887287","15887601","9","478732"
"chr6","15447048","15447343","chr6","15924332","15924627","4","477284"
"chr6","15646646","15646931","chr6","16120679","16120953","20","474033"
"chr6","15657075","15657371","chr5","180903933","180904224","48","165246858"
"chr6","15686979","15687143","chr3","157397059","157397223","28","141710080"
"chr6","16579954","16580256","chr16","7602289","7602591","35","8977665"
"chr6","16592644","16592965","chr6","17061556","17061872","25","468912"
"chr6","16759106","16759395","chr1","22246696","22246991","46","5487590"
"chr6","16918692","16918990","chr6","17384178","17384477","4","465486"
"chr6","16919641","16919928","chr6","17385121","17385411","8","465480"
"chr6","16922289","16922594","chr6","17387768","17388073","9","465479"
"chr6","16931394","16931673","chr6","17396982","17397261","5","465588"
"chr6","16967993","16968318","chr7","81613180","81613498","47","64645187"
"chr6","17026643","17026938","chr6","17496160","17496455","6","469517"
"chr6","17125869","17126173","chr6","17595032","17595337","6","469163"
"chr6","17213249","17213575","chr10","22234144","22234455","47","5020895"
"chr6","17336437","17336725","chrX","124158161","124158455","43","106821724"
"chr6","17597903","17598215","chr12","331811","332119","39","17266092"
"chr6","17632197","17632500","chr6","18175754","18176053","14","543557"
"chr6","17875115","17875416","chr20","4793396","4793696","37","13081719"
"chr6","18367716","18368011","chr6","18972090","18972396","14","604374"
"chr6","18591817","18592080","chr4","80466254","80466528","56","61874437"
"chr6","19267093","19267387","chr6","72960756","72961056","44","53693663"
"chr6","19335788","19336068","chr6","19927406","19927702","24","591618"
"chr6","19448847","19449131","chr6","20042964","20043248","6","594117"
"chr6","19526183","19526496","chr2","109129520","109129825","47","89603337"
"chr6","19539453","19539765","chr9","41028320","41028628","44","21488867"
"chr6","19540189","19540493","chr1","30300146","30300459","47","10759957"
"chr6","19704321","19704603","chr2","202622423","202622699","46","182918102"
"chr6","19979981","19980251","chr6","20579420","20579721","37","599439"
"chr6","20053669","20053978","chr6","20650685","20650993","6","597016"
"chr6","20151540","20151850","chr6","20755302","20755616","18","603762"
"chr6","20200169","20200472","chr6","20802913","20803210","23","602744"
"chr6","20662070","20662383","chr10","29617192","29617497","46","8955122"
"chr6","21185490","21185801","chr6","21787211","21787524","9","601721"
"chr6","21353539","21353869","chr3","48301213","48301535","44","26947674"
"chr6","21788933","21789226","chr9","119075689","119075982","42","97286756"
"chr6","22082368","22082670","chr6","22737991","22738291","5","655623"
"chr6","22232210","22232486","chr6","22889748","22890024","3","657538"
"chr6","22416151","22416454","chr20","11548085","11548385","49","10868066"
"chr6","22662618","22662949","chr6","23323381","23323701","16","660763"
"chr6","22890235","22890529","chr6","23561911","23562199","22","671676"
"chr6","22965685","22965977","chrX","45536396","45536688","47","22570711"
"chr6","23251513","23251797","chr16","30416384","30416677","53","7164871"
"chr6","23395076","23395434","chr6","24066979","24067332","17","671903"
"chr6","23742318","23742623","chr7","166107295","166107589","53","142364977"
"chr6","24377621","24377906","chr1","142564653","142564941","48","118187032"
"chr6","24388121","24388401","chr6","25077032","25077314","9","688911"
"chr6","25321586","25321910","chr13","47553137","47553450","56","22231551"
"chr6","25386393","25386656","chr3","39168107","39168370","42","13781714"
"chr6","25662715","25663010","chr11","55370344","55370643","53","29707629"
"chr6","26414682","26414879","chr15","16269298","16269504","42","10145384"
"chr6","26494316","26494606","chr6","27245728","27246018","5","751412"
"chr6","26576090","26576406","chr6","27327878","27328194","5","751788"
"chr6","26634912","26635226","chr6","27387412","27387718","18","752500"
"chr6","27020610","27020773","chr1","212638789","212638952","29","185618179"
"chr6","27285595","27285853","chr6","28149259","28149498","31","863664"
"chr6","28147186","28147497","chr1","53870362","53870673","55","25723176"
"chr6","28299756","28300055","chr6","29062130","29062430","10","762374"
"chr6","28638668","28638975","chr20","51156263","51156570","44","22517595"
"chr6","29174481","29174805","chr6","30014233","30014551","12","839752"
"chr6","29193676","29193955","chr19","32617768","32618058","54","3424092"
"chr6","29346109","29346406","chr6","30199269","30199566","8","853160"
"chr6","29647555","29647819","chr6","30500254","30500518","4","852699"
"chr6","29678761","29679058","chr9","119075689","119075982","43","89396928"
"chr6","29698434","29698753","chr6","30550557","30550867","18","852123"
"chr6","29731066","29731384","chr5","121112599","121112905","46","91381533"
"chr6","29987258","29987512","chr4","172141376","172141616","43","142154118"
"chr6","30436198","30436509","chr2","11221351","11221661","43","19214847"
"chr6","30692585","30692890","chrX","123495796","123496096","49","92803211"
"chr6","30921764","30922059","chr6","31797802","31798097","8","876038"
"chr6","31149726","31150037","chr6","32027157","32027466","9","877431"
"chr6","31226114","31226403","chr6","32108237","32108528","8","882123"
"chr6","31237373","31237667","chr6","32119667","32119961","2","882294"
"chr6","31255800","31256106","chr6","32138409","32138710","14","882609"
"chr6","31360242","31360539","chr6","32242276","32242573","5","882034"
"chr6","31379484","31379764","chr2","201472949","201473231","35","170093465"
"chr6","31486629","31486942","chr6","32369655","32369968","6","883026"
"chr6","31532298","31532615","chr16","43763255","43763565","43","12230957"
"chr6","31545248","31545548","chr6","32433483","32433783","8","888235"
"chr6","31569247","31569548","chr6","32458437","32458738","4","889190"
"chr6","31591088","31591386","chr6","32481711","32482003","16","890623"
"chr6","31641416","31641739","chr6","32529565","32529843","49","888149"
"chr6","31648090","31648369","chr6","32535862","32536137","14","887772"
"chr6","31682944","31683161","chr1","213547043","213547248","34","181864099"
"chr6","31686622","31686935","chr3","178948248","178948560","38","147261626"
"chr6","31689918","31690201","chr6","32577962","32578247","3","888044"
"chr6","31771725","31772038","chr6","32661219","32661532","9","889494"
"chr6","31819280","31819573","chr6","32712368","32712669","15","893088"
"chr6","31841403","31841716","chr6","32734455","32734768","9","893052"
"chr6","31887186","31887490","chr6","32779728","32780032","7","892542"
"chr6","31887749","31888066","chr14","32483070","32483379","51","595321"
"chr6","31895626","31895931","chr6","32788094","32788401","4","892468"
"chr6","31986961","31987244","chr20","72476571","72476857","41","40489610"
"chr6","31991606","31991914","chr5","780445","780757","37","31211161"
"chr6","31993567","31993830","chr10","27694634","27694898","37","4298933"
"chr6","32004846","32005140","chr4","3822051","3822346","54","28182795"
"chr6","32030957","32031135","chr6","143283761","143283937","26","111252804"
"chr6","32031265","32031388","chr7","5645328","5645451","23","26385937"
"chr6","32230909","32231222","chr15","26986646","26986958","34","5244263"
"chr6","32247896","32248192","chr9","26792934","26793234","40","5454962"
"chr6","32249760","32250064","chrX","45545482","45545787","40","13295722"
"chr6","32286869","32287183","chr6","33179409","33179691","33","892540"
"chr6","32298178","32298489","chr1","360065","360372","42","31938113"
"chr6","32362102","32362255","chr3","69229267","69229418","25","36867165"
"chr6","32508979","32509273","chr6","33397417","33397713","12","888438"
"chr6","32561904","32562178","chr6","33458228","33458502","4","896324"
"chr6","32705300","32705595","chr1","12423244","12423540","38","20282056"
"chr6","32844333","32844600","chr6","166372135","166372406","40","133527802"
"chr6","33024897","33025208","chr6","33931484","33931795","9","906587"
"chr6","33026474","33026762","chr19","4027485","4027774","45","28998989"
"chr6","33151236","33151538","chr6","34060153","34060455","8","908917"
"chr6","33360864","33361126","chrX","101290879","101291141","42","67930015"
"chr6","33769725","33769853","chr3","140183649","140183779","19","106413924"
"chr6","33882993","33883269","chr6","34804273","34804549","4","921280"
"chr6","33909568","33909864","chr6","34830082","34830361","28","920514"
"chr6","33936207","33936509","chr1","210824915","210825219","38","176888708"
"chr6","34005261","34005550","chr4","122590233","122590515","63","88584972"
"chr6","34056770","34057082","chr2","200557095","200557398","54","166500325"
"chr6","34089623","34089798","chr2","134779757","134779937","27","100690134"
"chr6","34161735","34162047","chr19","34193976","34194287","36","32241"
"chr6","34181808","34182099","chr14","111385620","111385899","48","77203812"
"chr6","34349459","34349765","chr6","35269914","35270193","29","920455"
"chr6","34363016","34363323","chr6","35283472","35283782","12","920456"
"chr6","34437476","34437735","chr6","174407707","174407978","47","139970231"
"chr6","34774432","34774714","chr20","50498729","50499016","40","15724297"
"chr6","34978479","34978779","chr5","169802583","169802887","49","134824104"
"chr6","35220554","35220837","chr6","36144124","36144399","21","923570"
"chr6","35494507","35494791","chr6","36417453","36417728","9","922946"
"chr6","35999449","35999765","chr2","54548353","54548666","42","18548904"
"chr6","36377851","36378161","chrX","5074589","5074900","33","31303262"
"chr6","36519583","36519884","chr9","41028320","41028628","38","4508737"
"chr6","36689618","36689910","chr6","37621573","37621860","12","931955"
"chr6","36781064","36781345","chr19","30438872","30439155","51","6342192"
"chr6","36821402","36821674","chr1","166297980","166298266","50","129476578"
"chr6","36828449","36828748","chr10","5478356","5478656","47","31350093"
"chr6","36844864","36845174","chr1","154900380","154900688","44","118055516"
"chr6","36880764","36881066","chr6","37923046","37923350","11","1042282"
"chr6","36893303","36893597","chr6","37936551","37936842","5","1043248"
"chr6","36937648","36937961","chr2","54548353","54548666","41","17610705"
"chr6","36942733","36943037","chr6","37992749","37993055","6","1050016"
"chr6","37411126","37411425","chr6","38461533","38461835","18","1050407"
"chr6","37448675","37448848","chr6","38499580","38499746","9","1050905"
"chr6","37787189","37787501","chr6","38847178","38847479","16","1059989"
"chr6","38211054","38211341","chr3","18219515","18219804","44","19991539"
"chr6","38268208","38268523","chr10","63405659","63405967","45","25137451"
"chr6","38674392","38674695","chr6","39737167","39737470","4","1062775"
"chr6","38834729","38835030","chr6","39890786","39891089","5","1056057"
"chr6","38959863","38960137","chr6","40017575","40017864","20","1057712"
"chr6","38972192","38972517","chr6","40029947","40030273","6","1057755"
"chr6","39110346","39110657","chr6","40171906","40172217","15","1061560"
"chr6","39184434","39184745","chr10","88330401","88330712","38","49145967"
"chr6","39329090","39329402","chr12","116819439","116819752","34","77490349"
"chr6","39469963","39470272","chr6","40517423","40517732","9","1047460"
"chr6","40172729","40173029","chr6","41277405","41277705","5","1104676"
"chr6","40274777","40275084","chr19","34193976","34194287","44","6080801"
"chr6","40298839","40299127","chrX","144511049","144511337","40","104212210"
"chr6","40337134","40337410","chr9","55550334","55550622","38","15213200"
"chr6","40345997","40346292","chr14","118299587","118299887","47","77953590"
"chr6","40475535","40475847","chr6","41583750","41584072","13","1108215"
"chr6","41304419","41304687","chr6","42404178","42404446","4","1099759"
"chr6","41313151","41313481","chr3","156028971","156029297","58","114715820"
"chr6","41318761","41319051","chr6","42419215","42419505","4","1100454"
"chr6","41792522","41792833","chr2","1011747","1012059","38","40780775"
"chr6","42404646","42404953","chr19","40112984","40113295","45","2291662"
"chr6","42495562","42495850","chrX","144511049","144511337","58","102015487"
"chr6","42568214","42568500","chr6","43786434","43786747","33","1218220"
"chr6","42681591","42681903","chr6","158400240","158400551","36","115718649"
"chr6","42685355","42685641","chr4","82186088","82186376","48","39500733"
"chr6","42690519","42690817","chr6","43906204","43906501","5","1215685"
"chr6","42925532","42925833","chr6","156256173","156256479","46","113330641"
"chr6","42953250","42953561","chr6","44157212","44157518","5","1203962"
"chr6","42999152","42999486","chr3","3895634","3895966","54","39103518"
"chr6","43186664","43186965","chr6","44396679","44396982","8","1210015"
"chr6","43243778","43244073","chr6","44461748","44462038","10","1217970"
"chr6","44116143","44116437","chr6","45522055","45522349","6","1405912"
"chr6","44321697","44321999","chr6","45715968","45716268","4","1394271"
"chr6","44363197","44363496","chr6","45757091","45757390","3","1393894"
"chr6","44985220","44985523","chr6","46444303","46444606","6","1459083"
"chr6","45105812","45105968","chr6","46565175","46565354","26","1459363"
"chr6","45200903","45201212","chr4","82058028","82058345","52","36857125"
"chr6","46561060","46561369","chr6","51365027","51365335","6","4803967"
"chr6","46585979","46586263","chr20","73720457","73720740","42","27134478"
"chr6","47757628","47757846","chr20","28610865","28611085","51","19146763"
"chr6","47876295","47876594","chr6","52675160","52675467","15","4798865"
"chr6","48308091","48308418","chr7","15640243","15640567","60","32667848"
"chr6","48436442","48436749","chr6","53290880","53291185","7","4854438"
"chr6","48928975","48929298","chr6","53783527","53783845","12","4854552"
"chr6","48947767","48948080","chr6","53802306","53802617","7","4854539"
"chr6","49908794","49909115","chr6","54781070","54781391","5","4872276"
"chr6","50054452","50054750","chr6","54923440","54923751","16","4868988"
"chr6","50075524","50075817","chr6","54941091","54941384","8","4865567"
"chr6","50240637","50240897","chr6","55107708","55107964","6","4867071"
"chr6","50267705","50267881","chr4","15376246","15376424","30","34891459"
"chr6","50583387","50583696","chr6","55454606","55454914","9","4871219"
"chr6","50981266","50981572","chr6","55864040","55864345","9","4882774"
"chr6","51544761","51545068","chr14","67904296","67904611","40","16359535"
"chr6","51595908","51596223","chr6","56470039","56470344","20","4874131"
"chr6","51683269","51683433","chr7","84291581","84291750","28","32608312"
"chr6","51683612","51683666","chr20","10370584","10370642","16","41313028"
"chr6","51690570","51690873","chr6","56557834","56558158","29","4867264"
"chr6","51713188","51713498","chr1","53870362","53870673","43","2157174"
"chr6","51720615","51720909","chr6","56588568","56588873","17","4867953"
"chr6","52001914","52002228","chr3","128662708","128663026","44","76660794"
"chr6","52438748","52439038","chr6","57346947","57347237","7","4908199"
"chr6","52608777","52609083","chr6","57517417","57517732","13","4908640"
"chr6","52726704","52727002","chr6","57644340","57644638","4","4917636"
"chr6","52741913","52742208","chr6","57658961","57659255","4","4917048"
"chr6","53105594","53105895","chr5","169292376","169292670","54","116186782"
"chr6","53109591","53109878","chr6","58027079","58027374","11","4917488"
"chr6","53179983","53180294","chrX","42534967","42535279","44","10645016"
"chr6","53229250","53229414","chr18","2374901","2375068","28","50854349"
"chr6","53230255","53230351","chr4","33479031","33479125","17","19751224"
"chr6","53250527","53250834","chr6","58175919","58176228","10","4925392"
"chr6","53277239","53277532","chr6","166686121","166686419","53","113408882"
"chr6","53289733","53290043","chr1","10059296","10059597","54","43230437"
"chr6","53416708","53416983","chr1","218460788","218461068","40","165044080"
"chr6","53475357","53475652","chr8","72824038","72824332","38","19348681"
"chr6","53942976","53943282","chr1","128244927","128245230","42","74301951"
"chr6","54063502","54063793","chr8","125306821","125307114","42","71243319"
"chr6","54311315","54311606","chr6","47913035","47913327","7","6398280"
"chr6","54622459","54622766","chr6","48226290","48226597","7","6396169"
"chr6","54916419","54916713","chr6","48521228","48521522","2","6395191"
"chr6","55154792","55155099","chr6","49165984","49166296","11","5988808"
"chr6","55431265","55431564","chr6","49444516","49444822","13","5986749"
"chr6","55854237","55854531","chr6","49863886","49864180","3","5990351"
"chr6","57132961","57133266","chr6","59352546","59352856","10","2219585"
"chr6","57138524","57138813","chr11","112131988","112132273","48","54993464"
"chr6","57726359","57726659","chr1","45173510","45173811","42","12552849"
"chr6","57977519","57977822","chr6","60204939","60205239","5","2227420"
"chr6","58005409","58005707","chr6","60232300","60232598","2","2226891"
"chr6","58012152","58012464","chr1","28105311","28105622","44","29906841"
"chr6","58057338","58057637","chr1","5241474","5241775","41","52815864"
"chr6","58118349","58118648","chr9","26792934","26793234","37","31325415"
"chr6","58140278","58140579","chr6","60367331","60367634","6","2227053"
"chr6","58868147","58868460","chrX","5074589","5074900","43","53793558"
"chr6","58941074","58941271","chr6","61144530","61144727","0","2203456"
"chr6","59147549","59147865","chr3","10716492","10716803","41","48431057"
"chr6","59967190","59967494","chr4","116888019","116888318","33","56920829"
"chr6","60477339","60477619","chr10","20152577","20152853","51","40324762"
"chr6","60793169","60793519","chr13","27837878","27838188","80","32955291"
"chr6","60844992","60845298","chr6","63198070","63198377","2","2353078"
"chr6","61263070","61263355","chr6","63614589","63614866","12","2351519"
"chr6","61316744","61317049","chr6","63667896","63668207","12","2351152"
"chr6","61464375","61464680","chr6","63821561","63821872","12","2357186"
"chr6","61498990","61499280","chr6","63855383","63855677","11","2356393"
"chr6","61511119","61511386","chr6","63867739","63868006","2","2356620"
"chr6","61577187","61577488","chr13","39151635","39151928","44","22425552"
"chr6","61680127","61680426","chr10","29617192","29617497","50","32062935"
"chr6","61725669","61725951","chr6","64089141","64089423","3","2363472"
"chr6","61949705","61950006","chr6","64317330","64317632","6","2367625"
"chr6","62061796","62062111","chr7","96070303","96070613","51","34008507"
"chr6","62123431","62123731","chr6","64504767","64505067","3","2381336"
"chr6","62393153","62393465","chr7","20375134","20375447","35","42018019"
"chr6","62479469","62479774","chr6","64858518","64858823","4","2379049"
"chr6","62603505","62603793","chr6","64982514","64982802","3","2379009"
"chr6","63129498","63129767","chr1","35039189","35039473","49","28090309"
"chr6","63289432","63289733","chr16","31368895","31369195","41","31920537"
"chr6","63777410","63777718","chr6","66145230","66145533","17","2367820"
"chr6","63948232","63948528","chr6","66316980","66317288","16","2368748"
"chr6","64500422","64500729","chr6","66871141","66871452","10","2370719"
"chr6","64809853","64810191","chr14","7327442","7327751","106","57482411"
"chr6","64813115","64813427","chr6","67184325","67184634","18","2371210"
"chr6","64904620","64904718","chr10","28082203","28082299","17","36822417"
"chr6","64962999","64963279","chr14","28251","28532","42","64934748"
"chr6","64984496","64984801","chr6","67371493","67371808","13","2386997"
"chr6","65005381","65005540","chr16","48091313","48091475","28","16914068"
"chr6","65051151","65051446","chr6","67450209","67450505","2","2399058"
"chr6","65055171","65055480","chr6","67453952","67454226","37","2398781"
"chr6","65099060","65099363","chr6","67501381","67501690","18","2402321"
"chr6","65145942","65146247","chr6","67549759","67550065","6","2403817"
"chr6","65154371","65154679","chr6","67557986","67558293","6","2403615"
"chr6","65162994","65163233","chr4","30493869","30494106","36","34669125"
"chr6","65206163","65206474","chr1","53870362","53870673","42","11335801"
"chr6","65214875","65215184","chr6","67619199","67619507","7","2404324"
"chr6","65284408","65284705","chr6","67733452","67733754","7","2449044"
"chr6","65344966","65345267","chr20","59318037","59318336","40","6026929"
"chr6","65396668","65396981","chr1","87448547","87448862","34","22051879"
"chr6","65534548","65534839","chr1","153472046","153472335","35","87937498"
"chr6","65552702","65552999","chr6","68009908","68010210","7","2457206"
"chr6","65620563","65620865","chr6","68078633","68078935","6","2458070"
"chr6","65835417","65835707","chr3","10309195","10309505","55","55526222"
"chr6","66216886","66217198","chr6","68669599","68669882","31","2452713"
"chr6","66262701","66262961","chr14","112568055","112568320","41","46305354"
"chr6","66306415","66306711","chr4","116888019","116888318","39","50581604"
"chr6","66434313","66434625","chr6","68895437","68895739","15","2461124"
"chr6","66693550","66693836","chr6","69151875","69152148","15","2458325"
"chr6","67038842","67039008","chr1","14842540","14842701","22","52196302"
"chr6","67042431","67042713","chr6","69544936","69545216","7","2502505"
"chr6","67047311","67047615","chr6","69549784","69550093","10","2502473"
"chr6","67051229","67051516","chr6","69553718","69554005","5","2502489"
"chr6","67080329","67080629","chr6","69579729","69580029","8","2499400"
"chr6","67091954","67092263","chr6","69591409","69591710","14","2499455"
"chr6","67211291","67211579","chr6","69711901","69712200","17","2500610"
"chr6","67470852","67471155","chr13","96382802","96383109","41","28911950"
"chr6","67516949","67517176","chr6","70061349","70061565","15","2544400"
"chr6","67565423","67565538","chr2","182594934","182595038","31","115029511"
"chr6","67598278","67598580","chr6","70141786","70142091","7","2543508"
"chr6","67656703","67656994","chr4","18525376","18525667","37","49131327"
"chr6","67821176","67821506","chr1","163077511","163077828","54","95256335"
"chr6","68667324","68667636","chr9","53346767","53347080","35","15320557"
"chr6","68690925","68691229","chr3","88821840","88822151","52","20130915"
"chr6","68902128","68902431","chr7","83827712","83828017","46","14925584"
"chr6","69081550","69081853","chr3","174233260","174233571","41","105151710"
"chr6","69370727","69371007","chr1","218460788","218461068","39","149090061"
"chr6","69494805","69495101","chr14","118323717","118324009","37","48828912"
"chr6","69656149","69656470","chr6","72234237","72234520","40","2578088"
"chr6","69677959","69678248","chr16","51836011","51836304","49","17841948"
"chr6","69761177","69761485","chr6","72341272","72341582","12","2580095"
"chr6","70265388","70265680","chr6","72838073","72838369","8","2572685"
"chr6","70387019","70387319","chr6","72960756","72961056","1","2573737"
"chr6","70424838","70425131","chr6","79022858","79023154","42","8598020"
"chr6","70526491","70526799","chr6","73101570","73101879","7","2575079"
"chr6","70527676","70527984","chr4","117967859","117968170","50","47440183"
"chr6","70536686","70537000","chr1","212367041","212367355","42","141830355"
"chr6","70586327","70586638","chr6","73160836","73161147","6","2574509"
"chr6","70723262","70723470","chr6","98779545","98779749","33","28056283"
"chr6","70843254","70843541","chr6","73417835","73418122","3","2574581"
"chr6","70885404","70885719","chr10","54564473","54564781","46","16320931"
"chr6","70906519","70906830","chr17","17830825","17831132","39","53075694"
"chr6","70957382","70957686","chr6","73535942","73536245","24","2578560"
"chr6","70987610","70987918","chr15","88350232","88350544","49","17362622"
"chr6","71056444","71056745","chr6","73664973","73665284","14","2608529"
"chr6","72207994","72208294","chr6","74867937","74868234","11","2659943"
"chr6","72513303","72513622","chr17","731819","732128","51","71781484"
"chr6","72691072","72691365","chr6","75344532","75344827","7","2653460"
"chr6","72708802","72709110","chr3","36139696","36139995","38","36569106"
"chr6","72718449","72718760","chr6","75371807","75372118","7","2653358"
"chr6","73109941","73110241","chr6","75760568","75760868","2","2650627"
"chr6","73138754","73139060","chr6","75789891","75790193","6","2651137"
"chr6","73161426","73161736","chr1","162739180","162739489","55","89577754"
"chr6","73208832","73209142","chr6","75860177","75860491","8","2651345"
"chr6","73249529","73249844","chrX","23126700","23127011","42","50122829"
"chr6","73537029","73537340","chr9","53346767","53347080","44","20190262"
"chr6","73592597","73592911","chr6","76243371","76243683","8","2650774"
"chr6","73665242","73665568","chr2","203310670","203310965","83","129645428"
"chr6","73713686","73713980","chr9","35443519","35443813","40","38270167"
"chr6","73742713","73743006","chr12","3309816","3310116","48","70432897"
"chr6","74026130","74026427","chr9","119075689","119075982","35","45049559"
"chr6","74032208","74032519","chr6","76685024","76685334","8","2652816"
"chr6","74128350","74128621","chr6","76779317","76779588","1","2650967"
"chr6","74189778","74190087","chr6","76840373","76840682","2","2650595"
"chr6","74219716","74220012","chr2","34817742","34818038","45","39401974"
"chr6","74262740","74262846","chr6","76913111","76913218","1","2650371"
"chr6","74340813","74341113","chr6","76992139","76992445","9","2651326"
"chr6","74358078","74358397","chrX","38336546","38336859","44","36021532"
"chr6","74455621","74455897","chr14","33317557","33317831","41","41138064"
"chr6","74539645","74539955","chr6","77253767","77254077","5","2714122"
"chr6","74586622","74586935","chr3","101114143","101114455","36","26527521"
"chr6","74614062","74614364","chr6","39737167","39737470","34","34876895"
"chr6","74614376","74614677","chr6","77328354","77328656","4","2713978"
"chr6","74841059","74841359","chr6","38847178","38847479","37","35993881"
"chr6","74956325","74956621","chr6","77713896","77714188","14","2757571"
"chr6","74957832","74958125","chr19","5059189","5059494","46","69898643"
"chr6","75047251","75047574","chr16","39030475","39030792","41","36016776"
"chr6","75127899","75128191","chr6","77885122","77885414","7","2757223"
"chr6","75307807","75308096","chr6","78057670","78057960","3","2749863"
"chr6","75405684","75405987","chr6","78153230","78153531","6","2747546"
"chr6","75477514","75477825","chr6","78223796","78224106","6","2746282"
"chr6","75649368","75649687","chr2","27915046","27915358","47","47734322"
"chr6","75803853","75804164","chr7","68794625","68794935","39","7009228"
"chr6","75841709","75841999","chr6","78588587","78588877","6","2746878"
"chr6","75940716","75941020","chr6","78688824","78689129","10","2748108"
"chr6","76051627","76051795","chr1","5211747","5211916","23","70839880"
"chr6","76238210","76238507","chr6","79022858","79023154","2","2784648"
"chr6","76982437","76982736","chr6","79768063","79768362","2","2785626"
"chr6","76992761","76993046","chr1","188394116","188394404","37","111401355"
"chr6","77178285","77178606","chr6","79962665","79962971","26","2784380"
"chr6","77772509","77772780","chr6","80566893","80567163","9","2794384"
"chr6","78062788","78063098","chr17","5716914","5717226","34","72345874"
"chr6","78273886","78274183","chr3","36139696","36139995","43","42134190"
"chr6","78364618","78364917","chr6","81173648","81173957","17","2809030"
"chr6","79012039","79012302","chr6","81838461","81838726","6","2826422"
"chr6","79483809","79484123","chr2","109129520","109129825","49","29645711"
"chr6","79502297","79502609","chr1","53870362","53870673","49","25631935"
"chr6","79763158","79763447","chr6","82547370","82547652","28","2784212"
"chr6","79842674","79842993","chr9","41028320","41028628","52","38814354"
"chr6","80303343","80303641","chr19","15282895","15283197","44","65020448"
"chr6","80985320","80985613","chr6","83865916","83866215","10","2880596"
"chr6","81081242","81081547","chrX","8089980","8090284","28","72991262"
"chr6","81088606","81088691","chr16","39114949","39115024","18","41973657"
"chr6","81399184","81399468","chr6","84276416","84276700","2","2877232"
"chr6","81675563","81675771","chr5","2137189","2137394","39","79538374"
"chr6","82248940","82249291","chr6","85124555","85124900","11","2875615"
"chr6","83089290","83089602","chr1","12652526","12652828","44","70436764"
"chr6","83235868","83236221","chr6","86091026","86091381","11","2855158"
"chr6","83730657","83730962","chr6","86582648","86582953","6","2851991"
"chr6","83844728","83845047","chr6","86692083","86692402","5","2847355"
"chr6","83933826","83934136","chr16","32438374","32438686","37","51495452"
"chr6","84139095","84139395","chr6","86987289","86987589","6","2848194"
"chr6","84343751","84344048","chr6","87188889","87189193","17","2845138"
"chr6","84437841","84438153","chr6","87283227","87283520","30","2845386"
"chr6","84571436","84571696","chr14","112568055","112568320","31","27996619"
"chr6","84622134","84622442","chr6","87471962","87472271","12","2849828"
"chr6","84828903","84829201","chr6","87693863","87694159","8","2864960"
"chr6","85274831","85275146","chr6","88136624","88136939","10","2861793"
"chr6","85295562","85295847","chr6","88157265","88157550","5","2861703"
"chr6","85623883","85624127","chr6","88487085","88487329","5","2863202"
"chr6","86291672","86291980","chrX","42534967","42535279","49","43756705"
"chr6","86425188","86425476","chr1","87285213","87285503","37","860025"
"chr6","87792690","87793043","chr7","163349357","163349670","79","75556667"
"chr6","88036800","88037081","chr8","8605639","8605921","48","79431161"
"chr6","88095801","88096099","chr6","91030786","91031083","5","2934985"
"chr6","88584683","88584997","chr6","91542288","91542602","5","2957605"
"chr6","88792205","88792517","chr6","91751086","91751398","6","2958881"
"chr6","88792735","88793049","chr6","91751615","91751929","8","2958880"
"chr6","89583924","89584230","chr6","92544030","92544332","8","2960106"
"chr6","89698111","89698407","chr20","58740407","58740709","38","30957704"
"chr6","90365958","90366242","chr6","93328468","93328752","5","2962510"
"chr6","90636811","90637124","chr6","93598477","93598790","5","2961666"
"chr6","90646456","90646681","chr15","50142633","50142851","46","40503823"
"chr6","91571802","91572091","chr6","94494046","94494334","10","2922244"
"chr6","91956473","91956797","chr6","94970066","94970381","12","3013593"
"chr6","92728954","92729262","chr7","20578631","20578946","37","72150323"
"chr6","92841001","92841323","chr16","39030475","39030792","48","53810526"
"chr6","92915262","92915559","chr6","96029821","96030118","6","3114559"
"chr6","93665419","93665704","chr8","92346531","92346819","37","1318888"
"chr6","94433494","94433804","chr6","97857206","97857516","3","3423712"
"chr6","94710738","94711038","chr6","98134777","98135083","12","3424039"
"chr6","94869292","94869582","chr7","156367898","156368190","48","61498606"
"chr6","94986656","94986968","chr3","178948248","178948560","41","83961592"
"chr6","95209707","95209917","chr6","98779545","98779749","8","3569838"
"chr6","95609978","95610289","chr6","99171461","99171774","17","3561483"
"chr6","95753533","95753844","chr8","132581019","132581331","43","36827486"
"chr6","95995487","95995810","chr3","174233260","174233571","46","78237773"
"chr6","96121334","96121644","chr6","99687255","99687565","8","3565921"
"chr6","96806372","96806535","chr3","157397059","157397223","24","60590687"
"chr6","96810929","96811240","chr6","100421802","100422105","35","3610873"
"chr6","97078120","97078394","chr6","100691522","100691795","4","3613402"
"chr6","97523390","97523669","chr6","101143633","101143915","10","3620243"
"chr6","97528391","97528709","chr6","101148648","101148970","9","3620257"
"chr6","97890563","97890874","chr6","101506112","101506407","30","3615549"
"chr6","98004412","98004738","chr6","101621940","101622272","14","3617528"
"chr6","98081832","98082143","chr6","101701085","101701394","12","3619253"
"chr6","98833369","98833646","chr4","10664210","10664492","42","88169159"
"chr6","99877502","99877814","chr14","20870035","20870347","40","79007467"
"chr6","99887145","99887456","chr6","103613566","103613877","10","3726421"
"chr6","100813156","100813465","chr19","15282895","15283197","41","85530261"
"chr6","101182417","101182732","chr1","87448547","87448862","42","13733870"
"chr6","101223484","101223781","chr5","41773732","41774035","42","59449752"
"chr6","101796441","101796765","chr9","53346767","53347080","50","48449674"
"chr6","102173962","102174274","chr1","216407689","216407994","52","114233727"
"chr6","102382295","102382612","chr6","106202813","106203131","5","3820518"
"chr6","102494561","102494873","chr15","107487279","107487592","40","4992718"
"chr6","102914696","102914892","chr17","74394010","74394201","24","28520686"
"chr6","103025702","103025977","chr2","202622423","202622699","36","99596721"
"chr6","103088886","103089113","chr6","106925399","106925631","7","3836513"
"chr6","103283093","103283401","chr4","7162129","7162439","41","96120964"
"chr6","103524334","103524620","chr6","107353512","107353798","4","3829178"
"chr6","103713391","103713710","chr6","107537172","107537492","20","3823781"
"chr6","104538614","104538916","chr6","108338295","108338602","13","3799681"
"chr6","104721381","104721493","chr6","108522867","108522983","6","3801486"
"chr6","105666634","105666942","chr6","109425690","109425992","9","3759056"
"chr6","105743535","105743843","chr6","109503531","109503841","6","3759996"
"chr6","105786862","105787150","chr19","28036730","28037014","44","77750132"
"chr6","105798755","105799074","chr6","109559607","109559935","15","3760852"
"chr6","105836365","105836669","chr6","109598062","109598363","8","3761697"
"chr6","106114233","106114560","chr6","109878007","109878328","9","3763774"
"chr6","106255359","106255664","chr11","8311120","8311427","33","97944239"
"chr6","106456370","106456540","chr17","34816986","34817153","32","71639384"
"chr6","106688458","106688678","chr2","49272964","49273182","54","57415494"
"chr6","106723488","106723766","chr6","110336731","110337037","32","3613243"
"chr6","106877926","106878228","chr4","114771357","114771663","43","7893431"
"chr6","107047251","107047515","chr6","110664294","110664558","4","3617043"
"chr6","107077450","107077740","chr6","110694935","110695225","6","3617485"
"chr6","107143134","107143314","chr4","15376246","15376424","27","91766888"
"chr6","107508737","107509047","chr4","7162129","7162439","39","100346608"
"chr6","107548290","107548594","chr6","111159968","111160273","7","3611678"
"chr6","108182469","108182764","chr6","111803452","111803747","4","3620983"
"chr6","108198376","108198692","chr6","111819304","111819619","6","3620928"
"chr6","108440940","108441248","chr6","112052005","112052312","12","3611065"
"chr6","108827177","108827489","chr6","112432831","112433134","19","3605654"
"chr6","108899441","108899723","chr6","112505887","112506169","7","3606446"
"chr6","109099262","109099590","chr12","61292178","61292486","63","47807084"
"chr6","109113877","109114177","chr6","112723867","112724169","10","3609990"
"chr6","109538425","109538736","chr19","6354468","6354778","45","103183957"
"chr6","110087039","110087351","chr6","113754283","113754597","21","3667244"
"chr6","110129834","110130148","chr2","94213957","94214267","42","15915877"
"chr6","110428604","110428899","chr6","114152439","114152734","4","3723835"
"chr6","110634926","110635236","chr7","157654660","157654971","39","47019734"
"chr6","110728999","110729310","chr9","53346767","53347080","40","57382232"
"chr6","110775682","110775999","chr6","140024892","140025205","48","29249210"
"chr6","110786680","110786992","chr6","114506608","114506921","7","3719928"
"chr6","110812802","110813086","chr6","114533246","114533529","7","3720444"
"chr6","110833903","110834197","chr6","114554381","114554674","9","3720478"
"chr6","111696289","111696573","chr15","28284547","28284827","35","83411742"
"chr6","111924649","111924947","chr6","115690358","115690660","12","3765709"
"chr6","111949021","111949319","chr6","115714141","115714424","26","3765120"
"chr6","112052677","112052983","chr6","115817519","115817839","24","3764842"
"chr6","113028548","113028859","chr10","29617192","29617497","39","83411356"
"chr6","113176139","113176447","chr3","123915681","123915993","48","10739542"
"chr6","113370019","113370286","chr6","117168919","117169186","1","3798900"
"chr6","113482622","113482926","chr3","101114143","101114455","52","12368479"
"chr6","113549549","113549836","chr6","117346783","117347074","10","3797234"
"chr6","114257906","114258205","chr10","72475306","72475600","51","41782600"
"chr6","114323393","114323686","chr4","39266465","39266769","58","75056928"
"chr6","114774369","114774639","chr20","54229588","54229846","51","60544781"
"chr6","115159743","115160008","chr6","119015195","119015457","7","3855452"
"chr6","116056912","116057227","chr10","70871244","70871549","47","45185668"
"chr6","116462077","116462378","chr1","114672294","114672592","44","1789783"
"chr6","116518599","116518910","chr10","10323197","10323509","47","106195402"
"chr6","116546782","116547091","chr1","360065","360372","34","116186717"
"chr6","116746597","116746882","chr6","120294183","120294468","2","3547586"
"chr6","117700322","117700626","chr2","202955495","202955799","40","85255173"
"chr6","117850082","117850359","chr12","82503860","82504145","38","35346222"
"chr6","118109852","118110151","chr16","32438374","32438686","53","85671478"
"chr6","118353922","118354232","chr5","93197990","93198298","35","25155932"
"chr6","118638979","118639291","chr6","122275988","122276303","13","3637009"
"chr6","118943883","118944188","chr13","37960907","37961218","53","80982976"
"chr6","119785287","119785426","chr17","79282633","79282779","23","40502654"
"chr6","120257114","120257398","chr6","124022628","124022913","23","3765514"
"chr6","120318217","120318516","chr6","124084380","124084666","13","3766163"
"chr6","120386938","120387243","chr6","124156751","124157064","15","3769813"
"chr6","120389894","120390199","chr1","37839928","37840237","44","82549966"
"chr6","120415673","120415965","chr6","124183131","124183419","12","3767458"
"chr6","120418476","120418778","chr9","115153998","115154298","45","5264478"
"chr6","120547473","120547692","chr6","124371518","124371733","6","3824045"
"chr6","120562621","120562891","chr6","166372135","166372406","37","45809514"
"chr6","120563012","120563055","chr19","11604519","11604555","11","108958493"
"chr6","120833012","120833312","chr7","81906692","81907000","51","38926320"
"chr6","121075199","121075493","chr6","124965586","124965873","13","3890387"
"chr6","121228468","121228780","chr13","95377167","95377474","47","25851301"
"chr6","121300407","121300700","chr6","125198810","125199103","4","3898403"
"chr6","121476958","121477257","chr15","101939132","101939434","48","19537826"
"chr6","121565637","121565931","chr6","125473811","125474105","16","3908174"
"chr6","121606396","121606727","chrX","44791376","44791714","43","76815020"
"chr6","121643756","121644067","chr7","20375134","20375447","42","101268622"
"chr6","121968224","121968492","chr6","125882510","125882780","5","3914286"
"chr6","122850232","122850496","chr2","41668615","41668873","43","81181617"
"chr6","123055024","123055318","chr4","137050755","137051049","37","13995731"
"chr6","123981807","123982129","chr20","27120032","27120344","55","96861775"
"chr6","124176155","124176428","chr7","113273055","113273331","44","10903100"
"chr6","124582382","124582693","chrX","94815960","94816261","45","29766422"
"chr6","124715739","124716042","chr6","128812162","128812464","2","4096423"
"chr6","124794867","124795182","chr6","128891176","128891486","10","4096309"
"chr6","124835488","124835794","chr10","11738725","11739028","44","113096763"
"chr6","124952243","124952554","chr9","41028320","41028628","43","83923923"
"chr6","125135855","125136106","chr4","16182594","16182859","53","108953261"
"chr6","125142947","125143233","chr6","129253680","129253946","46","4110733"
"chr6","125149800","125150102","chr6","129260930","129261236","8","4111130"
"chr6","125225087","125225388","chr6","129337445","129337747","4","4112358"
"chr6","125237417","125237725","chr6","129349870","129350164","26","4112453"
"chr6","125468142","125468444","chr6","129584365","129584649","20","4116223"
"chr6","125591092","125591403","chr6","129707384","129707696","4","4116292"
"chr6","125638751","125639042","chr9","119075689","119075982","35","6563062"
"chr6","125902006","125902308","chr6","130012250","130012552","3","4110244"
"chr6","125922365","125922651","chr6","130033077","130033361","4","4110712"
"chr6","125942926","125943223","chr7","52960884","52961187","52","72982042"
"chr6","126019302","126019596","chr6","130125809","130126103","2","4106507"
"chr6","126179117","126179408","chr6","130285881","130286172","5","4106764"
"chr6","126182348","126182650","chr6","130289085","130289387","3","4106737"
"chr6","126216148","126216437","chr5","169292376","169292670","39","43076228"
"chr6","126418774","126419094","chrX","47003553","47003867","54","79415221"
"chr6","126421164","126421450","chr6","130537391","130537679","11","4116227"
"chr6","126559038","126559318","chr16","23399233","23399520","50","103159805"
"chr6","126634291","126634591","chr6","130752528","130752828","2","4118237"
"chr6","126643914","126644227","chr6","130762161","130762464","16","4118247"
"chr6","126649114","126649408","chr6","130767018","130767310","7","4117904"
"chr6","126657395","126657722","chr7","162006682","162007004","61","35349287"
"chr6","126851431","126851737","chr6","130972960","130973263","20","4121529"
"chr6","127026420","127026720","chr6","131148752","131149051","7","4122332"
"chr6","127064194","127064476","chr6","2061605","2061889","45","125002589"
"chr6","127420542","127420834","chr6","131538775","131539065","14","4118233"
"chr6","127558690","127558989","chr6","131676139","131676437","4","4117449"
"chr6","127683476","127683792","chr6","131800792","131801094","22","4117316"
"chr6","127755708","127756008","chr6","131874031","131874338","27","4118323"
"chr6","127760728","127761021","chr6","131875607","131875900","2","4114879"
"chr6","127811879","127812166","chr19","43303408","43303693","35","84508471"
"chr6","127991884","127992195","chr6","132108015","132108321","9","4116131"
"chr6","128081446","128081758","chr1","187241121","187241433","42","59159675"
"chr6","128195514","128195813","chr6","132315465","132315776","14","4119951"
"chr6","128237323","128237634","chr2","1011747","1012059","45","127225576"
"chr6","128263737","128263977","chr6","132384295","132384555","25","4120558"
"chr6","128319189","128319473","chr10","78957964","78958251","54","49361225"
"chr6","128331007","128331300","chr6","132448333","132448626","2","4117326"
"chr6","128382241","128382530","chr6","132498454","132498744","2","4116213"
"chr6","128411092","128411391","chr5","780445","780757","48","127630647"
"chr6","128445291","128445583","chr6","132555709","132556007","9","4110418"
"chr6","128482550","128482839","chr14","57782646","57782933","37","70699904"
"chr6","128508569","128508865","chr6","132618816","132619115","7","4110247"
"chr6","128783091","128783402","chr6","132894946","132895248","13","4111855"
"chr6","128903641","128903945","chr2","177968234","177968539","55","49064593"
"chr6","129029119","129029429","chr9","41028320","41028628","39","88000799"
"chr6","129149448","129149608","chr1","212638789","212638952","28","83489341"
"chr6","129293227","129293523","chr6","133406856","133407151","6","4113629"
"chr6","129890386","129890684","chr6","134005379","134005677","2","4114993"
"chr6","130178895","130179194","chr10","63405659","63405967","54","66773236"
"chr6","130556102","130556388","chr1","44545079","44545366","41","86011023"
"chr6","130629700","130629977","chr6","134790191","134790485","30","4160491"
"chr6","130674412","130674694","chr2","202622423","202622699","32","71948011"
"chr6","131301071","131301373","chr6","135457771","135458076","8","4156700"
"chr6","131313114","131313389","chr2","46243374","46243651","45","85069740"
"chr6","131429549","131429769","chr7","139337712","139337933","33","7908163"
"chr6","131429994","131430044","chr6","135592041","135592091","0","4162047"
"chr6","131516325","131516634","chr6","135680605","135680915","6","4164280"
"chr6","131530171","131530456","chr6","114533246","114533529","39","16996925"
"chr6","131584866","131585156","chr6","135749433","135749726","4","4164567"
"chr6","131639197","131639458","chr20","23558200","23558458","37","108080997"
"chr6","131670708","131671012","chr1","7401659","7401964","44","124269049"
"chr6","131671320","131671640","chr6","135840840","135841169","13","4169520"
"chr6","131711091","131711384","chr6","135881589","135881882","3","4170498"
"chr6","131765250","131765540","chr6","135935632","135935921","4","4170382"
"chr6","131794083","131794382","chr4","111412339","111412635","39","20381744"
"chr6","131803742","131804041","chr6","135977377","135977673","4","4173635"
"chr6","131930611","131930922","chr1","28105311","28105622","42","103825300"
"chr6","132049740","132050038","chr6","136221574","136221877","19","4171834"
"chr6","132245694","132246007","chr3","178948248","178948560","34","46702554"
"chr6","132630380","132630692","chr2","94158905","94159221","49","38471475"
"chr6","132685148","132685439","chr1","166297980","166298266","37","33612832"
"chr6","132716633","132716923","chr6","136890691","136890981","11","4174058"
"chr6","132779285","132779600","chr9","41028320","41028628","41","91750965"
"chr6","132786378","132786689","chr1","53870362","53870673","42","78916016"
"chr6","132823662","132823952","chr19","51940633","51940923","43","80883029"
"chr6","132894717","132895024","chr8","95151859","95152170","9","37742858"
"chr6","132901152","132901430","chr6","137086247","137086533","10","4185095"
"chr6","133033432","133033689","chr19","22490673","22490930","39","110542759"
"chr6","133036882","133037190","chr2","87447080","87447383","47","45589802"
"chr6","133082810","133083078","chr6","137320930","137321198","5","4238120"
"chr6","133101445","133101751","chr6","137343351","137343656","5","4241906"
"chr6","133112992","133113304","chr7","157654660","157654971","38","24541668"
"chr6","133251315","133251391","chr6","155162089","155162163","10","21910774"
"chr6","133256066","133256356","chr6","137501179","137501469","3","4245113"
"chr6","133311471","133311785","chr3","10716492","10716803","41","122594979"
"chr6","133608064","133608315","chr11","100230525","100230776","39","33377539"
"chr6","133631964","133632252","chr6","137874818","137875106","4","4242854"
"chr6","133759772","133760082","chr6","138003267","138003568","13","4243495"
"chr6","133768378","133768681","chr2","15155383","15155685","34","118612995"
"chr6","133789476","133789787","chr6","138034103","138034414","8","4244627"
"chr6","133914247","133914525","chr6","138163522","138163802","5","4249275"
"chr6","133934145","133934438","chr6","138183885","138184178","0","4249740"
"chr6","133940870","133941174","chr6","138190299","138190602","7","4249429"
"chr6","134116306","134116488","chr20","74692092","74692283","36","59424214"
"chr6","134122074","134122386","chr6","138372121","138372433","10","4250047"
"chr6","134171846","134172149","chr4","85833400","85833701","44","48338446"
"chr6","134237977","134238270","chr6","138491065","138491386","32","4253088"
"chr6","134497956","134498248","chr6","138764720","138765010","7","4266764"
"chr6","134644476","134644769","chr7","166390096","166390392","38","31745620"
"chr6","134788716","134789012","chr8","72824038","72824332","38","61964678"
"chr6","134936869","134937180","chr4","31471796","31472104","56","103465073"
"chr6","134954451","134954604","chr6","139223968","139224101","22","4269517"
"chr6","134960999","134961311","chr8","132581019","132581331","42","2379980"
"chr6","135105260","135105572","chr6","139386335","139386646","2","4281075"
"chr6","135149914","135150208","chr5","187097530","187097829","34","51947616"
"chr6","135158390","135158681","chr6","139438739","139439029","2","4280349"
"chr6","135294630","135294903","chr6","139574070","139574343","5","4279440"
"chr6","135412594","135412899","chr9","91157613","91157919","41","44254981"
"chr6","135417299","135417610","chr2","1011747","1012059","39","134405552"
"chr6","135533300","135533476","chr10","4846215","4846383","22","130687085"
"chr6","135578168","135578480","chr6","139861351","139861666","14","4283183"
"chr6","135631633","135631943","chr6","139907528","139907838","3","4275895"
"chr6","135704075","135704385","chr10","63405659","63405967","44","72298416"
"chr6","135725533","135725844","chr2","30428230","30428537","44","105297303"
"chr6","135748523","135748833","chr6","140024892","140025205","7","4276369"
"chr6","135779544","135779766","chr7","51591810","51592027","33","84187734"
"chr6","135855809","135855994","chr20","21159639","21159825","29","114696170"
"chr6","135878402","135878696","chr13","48373843","48374139","38","87504559"
"chr6","135901571","135901853","chr17","9307361","9307644","44","126594210"
"chr6","135920277","135920575","chr20","51848731","51849031","39","84071546"
"chr6","135941992","135942286","chrX","8089980","8090284","51","127852012"
"chr6","136007163","136007464","chr1","10059296","10059597","46","125947867"
"chr6","136359628","136359947","chr19","34193976","34194287","45","102165652"
"chr6","136612635","136612941","chr6","140885037","140885343","2","4272402"
"chr6","136624413","136624682","chr2","121601455","121601715","40","15022958"
"chr6","136818758","136819023","chr3","156809458","156809728","51","19990700"
"chr6","137073341","137073676","chr6","141348782","141349110","12","4275441"
"chr6","137220738","137221082","chr11","118096075","118096412","51","19124663"
"chr6","137691136","137691444","chr6","141975747","141976054","2","4284611"
"chr6","137826030","137826344","chr6","142110733","142111049","5","4284703"
"chr6","137840416","137840715","chr4","116888019","116888318","44","20952397"
"chr6","137913336","137913598","chr6","142235591","142235851","5","4322255"
"chr6","138103233","138103512","chr7","127498873","127499156","41","10604360"
"chr6","138538842","138539111","chr14","33317557","33317831","38","105221285"
"chr6","138565201","138565514","chr6","142975924","142976237","7","4410723"
"chr6","138622576","138622877","chr6","143028913","143029212","7","4406337"
"chr6","138994111","138994408","chr6","143481624","143481932","17","4487513"
"chr6","139156731","139157035","chr11","117151786","117152096","43","22004945"
"chr6","139404456","139404771","chr9","70703032","70703345","40","68701424"
"chr6","139487698","139488006","chr2","54114833","54115140","41","85372865"
"chr6","139607502","139607757","chr6","144109470","144109725","3","4501968"
"chr6","139623116","139623412","chr6","144124789","144125084","7","4501673"
"chr6","139670662","139670978","chr1","102518742","102519057","49","37151920"
"chr6","139691594","139691900","chr6","144194102","144194408","7","4502508"
"chr6","139726524","139726795","chr15","100197667","100197940","53","39528857"
"chr6","139739885","139740196","chr6","144242123","144242426","13","4502238"
"chr6","139860684","139860997","chr6","144375603","144375915","21","4514919"
"chr6","139883426","139883697","chr6","144398328","144398613","24","4514902"
"chr6","140038197","140038494","chr6","144555569","144555874","13","4517372"
"chr6","140814197","140814499","chr6","145372861","145373163","4","4558664"
"chr6","140993114","140993381","chr14","33317557","33317831","37","107675557"
"chr6","141028752","141029059","chr17","5712099","5712403","44","135316653"
"chr6","141072903","141073225","chr6","106202813","106203131","60","34870090"
"chr6","141078732","141079032","chr9","9228154","9228447","68","131850578"
"chr6","141137785","141138096","chr1","53870362","53870673","47","87267423"
"chr6","141214263","141214521","chr10","74152117","74152374","43","67062146"
"chr6","141414642","141414946","chr3","53651718","53652019","54","87762924"
"chr6","141619524","141619807","chr6","146171728","146172011","15","4552204"
"chr6","142405441","142405752","chr10","10323197","10323509","37","132082244"
"chr6","142842739","142843045","chr6","147397104","147397410","5","4554365"
"chr6","143007720","143008020","chr6","147563344","147563647","7","4555624"
"chr6","143075495","143075806","chr6","147630248","147630549","19","4554753"
"chr6","143126482","143126793","chr5","108945447","108945757","42","34181035"
"chr6","143156622","143156932","chr6","147721067","147721379","8","4564445"
"chr6","143192321","143192633","chr5","93197990","93198298","43","49994331"
"chr6","143359219","143359531","chr19","16390725","16391032","44","126968494"
"chr6","143455787","143456096","chr4","36358052","36358358","47","107097735"
"chr6","143510874","143511183","chr6","148079456","148079758","22","4568582"
"chr6","143514031","143514338","chr6","148082579","148082879","17","4568548"
"chr6","143538891","143539135","chr12","20197316","20197556","45","123341575"
"chr6","143710189","143710351","chr20","3220265","3220406","42","140489924"
"chr6","143726942","143727252","chr20","61246724","61247032","37","82480218"
"chr6","143990065","143990377","chr6","148560340","148560641","15","4570275"
"chr6","144010822","144011115","chr11","74878801","74879097","37","69132021"
"chr6","144034476","144034794","chr6","148602270","148602587","7","4567794"
"chr6","144036000","144036299","chr6","148603796","148604099","16","4567796"
"chr6","144052216","144052510","chr6","148620346","148620652","21","4568130"
"chr6","144091777","144092085","chr6","148660399","148660709","11","4568622"
"chr6","144123533","144123815","chr16","20711152","20711433","40","123412381"
"chr6","144207333","144207645","chr19","48534093","48534405","35","95673240"
"chr6","144522629","144522929","chr6","149101494","149101801","11","4578865"
"chr6","144542764","144543074","chr2","54114833","54115140","39","90427931"
"chr6","144671194","144671486","chr20","742253","742546","50","143928941"
"chr6","144717242","144717551","chr6","149301057","149301357","14","4583815"
"chr6","144752355","144752557","chr6","149336246","149336450","6","4583891"
"chr6","144806032","144806319","chr6","149388108","149388392","30","4582076"
"chr6","144870705","144870787","chr6","149454968","149455051","2","4584263"
"chr6","144904607","144904918","chr3","10309195","10309505","41","134595412"
"chr6","144973598","144973917","chr6","149566825","149567134","14","4593227"
"chr6","145165389","145165702","chr6","149762517","149762830","7","4597128"
"chr6","145183023","145183333","chr6","149780495","149780812","12","4597472"
"chr6","145206506","145206820","chr6","149804058","149804373","21","4597552"
"chr6","145252826","145253131","chrX","8089980","8090284","36","137162846"
"chr6","145462973","145463275","chr6","150058463","150058766","3","4595490"
"chr6","146354643","146354942","chr10","35229644","35229943","43","111124999"
"chr6","146430022","146430318","chr6","151032883","151033183","8","4602861"
"chr6","147186112","147186424","chr6","151829377","151829690","1","4643265"
"chr6","147739254","147739567","chr3","126757935","126758247","40","20981319"
"chr6","147850781","147851084","chr11","23877168","23877477","44","123973613"
"chr6","147931322","147931618","chr6","152571020","152571309","16","4639698"
"chr6","148055272","148055561","chr4","116888019","116888318","47","31167253"
"chr6","148100485","148100785","chr6","152739436","152739736","4","4638951"
"chr6","148120647","148120728","chr19","21374090","21374170","13","126746557"
"chr6","148125460","148125771","chr6","152767258","152767570","6","4641798"
"chr6","148255417","148255713","chr9","102151449","102151745","49","46103968"
"chr6","148261202","148261507","chrX","74637879","74638190","39","73623323"
"chr6","148454769","148455049","chr6","153101280","153101560","4","4646511"
"chr6","148524215","148524524","chr6","153173390","153173694","20","4649175"
"chr6","148712348","148712649","chr18","34042616","34042906","51","114669732"
"chr6","148730714","148731006","chr6","153378766","153379059","8","4648052"
"chr6","149907900","149908209","chr1","360065","360372","45","149547835"
"chr6","150214528","150214805","chr6","154906019","154906284","26","4691491"
"chr6","150462770","150463061","chr6","155161020","155161311","3","4698250"
"chr6","150550323","150550617","chr10","91874404","91874698","38","58675919"
"chr6","150567719","150567999","chr6","155266492","155266771","3","4698773"
"chr6","150728602","150728914","chrX","47003553","47003867","42","103725049"
"chr6","150964625","150964932","chr6","155643813","155644117","8","4679188"
"chr6","150993600","150993895","chr6","155672750","155673046","7","4679150"
"chr6","151076451","151076748","chr6","155757238","155757535","17","4680787"
"chr6","151089924","151090242","chr3","42472968","42473277","50","108616956"
"chr6","151092258","151092586","chr1","116955760","116956069","55","34136498"
"chr6","151171307","151171599","chr6","155847729","155848021","4","4676422"
"chr6","151223055","151223364","chr5","780445","780757","36","150442610"
"chr6","151308911","151309177","chr6","156029028","156029293","7","4720117"
"chr6","151326392","151326552","chr7","153411292","153411458","25","2084900"
"chr6","151426097","151426402","chr6","156131576","156131881","7","4705479"
"chr6","151551840","151552134","chr6","156256173","156256479","22","4704333"
"chr6","151724731","151725044","chr6","156430027","156430339","6","4705296"
"chr6","151966408","151966700","chr6","156676305","156676603","11","4709897"
"chr6","152007603","152007743","chr2","146663248","146663379","30","5344355"
"chr6","152413474","152413782","chr4","148775829","148776141","44","3637645"
"chr6","152489407","152489720","chr1","52328923","52329234","47","100160484"
"chr6","152535515","152535833","chr3","94553377","94553691","47","57982138"
"chr6","152681997","152682310","chr6","157396189","157396500","12","4714192"
"chr6","153060761","153061055","chr8","53739604","53739906","62","99321157"
"chr6","153383317","153383610","chrX","123495796","123496096","47","29887521"
"chr6","153410326","153410650","chr6","158180377","158180699","13","4770051"
"chr6","153501676","153501967","chr2","54565767","54566062","36","98935909"
"chr6","153553413","153553694","chr6","158323087","158323372","9","4769674"
"chr6","153577162","153577221","chr16","18985199","18985257","5","134591963"
"chr6","153577275","153577514","chr10","15123559","15123791","36","138453716"
"chr6","153582549","153582863","chrX","66231029","66231334","42","87351520"
"chr6","153607331","153607636","chr13","87485597","87485904","37","66121734"
"chr6","153627237","153627548","chr12","85112194","85112502","35","68515043"
"chr6","153631548","153631859","chr6","158400240","158400551","14","4768692"
"chr6","153642849","153643149","chr6","158411338","158411639","28","4768489"
"chr6","153665710","153666013","chr16","30575335","30575638","41","123090375"
"chr6","153673479","153673771","chr6","158439829","158440122","11","4766350"
"chr6","153807788","153808089","chr12","62295482","62295783","34","91512306"
"chr6","154422429","154422721","chr15","44924564","44924850","42","109497865"
"chr6","154489777","154490075","chr6","159270484","159270782","1","4780707"
"chr6","154563200","154563506","chr6","159343204","159343510","4","4780004"
"chr6","154626129","154626426","chr6","159405120","159405425","13","4778991"
"chr6","154629373","154629673","chr6","159408387","159408687","5","4779014"
"chr6","154632538","154632858","chr3","128662708","128663026","53","25969830"
"chr6","154999039","154999390","chr18","60188152","60188500","78","94810887"
"chr6","155219923","155220236","chr1","87448547","87448862","46","67771376"
"chr6","156122881","156123185","chr20","26007432","26007738","44","130115449"
"chr6","156366134","156366446","chr1","221241596","221241888","56","64875462"
"chr6","156384324","156384585","chr8","49853630","49853887","47","106530694"
"chr6","156627142","156627455","chr6","132315465","132315776","43","24311677"
"chr6","156724459","156724757","chr1","42005782","42006075","37","114718677"
"chr6","156911022","156911317","chr6","161580355","161580667","25","4669333"
"chr6","157533033","157533239","chr4","107638826","107639041","41","49894207"
"chr6","157943279","157943593","chr19","34193976","34194287","52","123749303"
"chr6","157972140","157972441","chr7","155736932","155737240","30","2235208"
"chr6","158085753","158086037","chr6","162800311","162800595","4","4714558"
"chr6","158087126","158087410","chr6","162800311","162800595","3","4713185"
"chr6","158184302","158184598","chr6","162893685","162893979","8","4709383"
"chr6","158315802","158316086","chr6","163025845","163026120","15","4710043"
"chr6","158711012","158711322","chr3","155072615","155072924","45","3638397"
"chr6","158850730","158851042","chr6","163556510","163556824","4","4705780"
"chr6","159212299","159212613","chr3","61104901","61105213","44","98107398"
"chr6","159447138","159447437","chr3","36261447","36261744","46","123185691"
"chr6","159554936","159555109","chr9","42415664","42415823","35","117139272"
"chr6","159561638","159561932","chr9","57275871","57276167","38","102285767"
"chr6","159821894","159822205","chr6","164650219","164650532","3","4828325"
"chr6","159891993","159892163","chr6","164721759","164721931","8","4829766"
"chr6","159949473","159949760","chr6","164779602","164779894","10","4830129"
"chr6","160050692","160050993","chr6","164877480","164877784","14","4826788"
"chr6","160127075","160127390","chr11","117151786","117152096","46","42975289"
"chr6","160143292","160143571","chr6","164971375","164971670","20","4828083"
"chr6","160330409","160330722","chr3","179687025","179687333","52","19356616"
"chr6","160532327","160532640","chr6","165363111","165363424","6","4830784"
"chr6","160604247","160604552","chr1","129942986","129943293","39","30661261"
"chr6","160658831","160659153","chr6","165495488","165495810","2","4836657"
"chr6","160745070","160745357","chr4","167589722","167590016","57","6844652"
"chr6","160949894","160950194","chr6","165793260","165793563","26","4843366"
"chr6","161027087","161027382","chr20","60985099","60985393","42","100041988"
"chr6","161084863","161085142","chr9","110366199","110366491","45","50718664"
"chr6","161226776","161227068","chr6","166069987","166070279","3","4843211"
"chr6","161307601","161307888","chr6","166146774","166147065","5","4839173"
"chr6","161368736","161369038","chr6","166208535","166208838","6","4839799"
"chr6","161652666","161652964","chr1","61279982","61280282","39","100372684"
"chr6","161687153","161687455","chr1","10059296","10059597","36","151627857"
"chr6","161745594","161745883","chr6","166594300","166594593","8","4848706"
"chr6","161751579","161751738","chr14","10542357","10542509","23","151209222"
"chr6","161832874","161833173","chr2","109129520","109129825","48","52703354"
"chr6","161835401","161835699","chr6","166686121","166686419","2","4850720"
"chr6","162058021","162058321","chr5","108945447","108945757","42","53112574"
"chr6","162060924","162061196","chr1","25270118","25270393","41","136790806"
"chr6","162065154","162065457","chr6","166915643","166915946","3","4850489"
"chr6","162205235","162205548","chr2","1011747","1012059","33","161193488"
"chr6","162221102","162221413","chr6","167081022","167081324","20","4859920"
"chr6","162228906","162229188","chr6","167088847","167089129","10","4859941"
"chr6","162279893","162280206","chr6","167140372","167140686","7","4860479"
"chr6","162377605","162377889","chr6","167238643","167238929","13","4861038"
"chr6","162529826","162530130","chr7","69272152","69272452","48","93257674"
"chr6","163160986","163161299","chr9","41028320","41028628","37","122132666"
"chr6","163432939","163433218","chr20","57470564","57470846","40","105962375"
"chr6","163664088","163664370","chr6","168537648","168537925","13","4873560"
"chr6","164175114","164175396","chr4","171552441","171552725","45","7377327"
"chr6","164180399","164180699","chr1","110824069","110824367","38","53356330"
"chr6","164200249","164200562","chr12","106533069","106533381","43","57667180"
"chr6","164559239","164559534","chr6","169428502","169428792","5","4869263"
"chr6","164702904","164703201","chr20","68833995","68834285","47","95868909"
"chr6","164742977","164743280","chr1","9336849","9337138","50","155406128"
"chr6","164798307","164798617","chr6","169674959","169675262","11","4876652"
"chr6","164861665","164861957","chr6","169740134","169740436","18","4878469"
"chr6","165164606","165164916","chr2","47914886","47915194","50","117249720"
"chr6","165213687","165213993","chr20","74189190","74189498","33","91024497"
"chr6","165332208","165332498","chr9","18177731","18178023","48","147154477"
"chr6","165368081","165368384","chr6","170247820","170248118","10","4879739"
"chr6","165387473","165387782","chr1","129942986","129943293","42","35444487"
"chr6","165398173","165398243","chr11","64969029","64969090","14","100429144"
"chr6","165456599","165456897","chr1","211739489","211739782","33","46282890"
"chr6","165524207","165524517","chr7","40494101","40494410","53","125030106"
"chr6","165528192","165528504","chr10","61098891","61099202","40","104429301"
"chr6","165538358","165538664","chr8","42714956","42715262","44","122823402"
"chr6","165626690","165626997","chr6","170523786","170524095","9","4897096"
"chr6","165634367","165634517","chrX","44999851","44999998","20","120634516"
"chr6","165653794","165654083","chr9","119075689","119075982","40","46578105"
"chr6","165690267","165690579","chr6","170592418","170592728","9","4902151"
"chr6","165696727","165697038","chr1","53870362","53870673","40","111826365"
"chr6","165780848","165781161","chr7","42153561","42153873","46","123627287"
"chr6","165846004","165846314","chr12","116819439","116819752","33","49026565"
"chr6","165890451","165890729","chr7","114827038","114827325","44","51063413"
"chr6","165993903","165994211","chr6","170897031","170897339","11","4903128"
"chr6","166168785","166168840","chr7","43209234","43209294","10","122959551"
"chr6","166201418","166201471","chr10","47503125","47503178","15","118698293"
"chr6","166201595","166201847","chrX","49222327","49222583","46","116979268"
"chr6","166262999","166263311","chr7","157654660","157654971","41","8608339"
"chr6","166299801","166300079","chr12","122836560","122836836","41","43463241"
"chr6","166447721","166448016","chr9","129633624","129633936","48","36814097"
"chr6","166460169","166460458","chr6","171361457","171361746","5","4901288"
"chr6","166463221","166463582","chr7","164590323","164590649","91","1872898"
"chr6","166496318","166496619","chr9","60123803","60124107","39","106372515"
"chr6","166542843","166543142","chr1","197972712","197973010","43","31429869"
"chr6","166629148","166629460","chr6","171532387","171532697","9","4903239"
"chr6","166667648","166667950","chr6","171573284","171573582","5","4905636"
"chr6","167109101","167109377","chr6","172017122","172017399","5","4908021"
"chr6","167742523","167742837","chr6","172684176","172684492","15","4941653"
"chr6","167849175","167849446","chr6","172786818","172787089","12","4937643"
"chr6","167891782","167892081","chr6","172829941","172830252","18","4938159"
"chr6","167916159","167916454","chr9","82400849","82401142","38","85515310"
"chr6","167991555","167991859","chr6","128812162","128812464","34","39179393"
"chr6","168038913","168039220","chr6","172976638","172976945","6","4937725"
"chr6","168064937","168065035","chr4","104992804","104992899","23","63072133"
"chr6","168078175","168078491","chr6","173017173","173017462","31","4938998"
"chr6","168182483","168182800","chr6","173119474","173119789","8","4936991"
"chr6","168242176","168242503","chr7","116198207","116198535","58","52043969"
"chr6","168477815","168478108","chr6","173503201","173503495","5","5025386"
"chr6","168843492","168843793","chr6","173860030","173860345","28","5016538"
"chr6","168846706","168846997","chr6","173863244","173863544","12","5016538"
"chr6","168952405","168952720","chrX","128430767","128431080","37","40521638"
"chr6","168983585","168983877","chr6","174001992","174002283","8","5018407"
"chr6","169178930","169179243","chr4","116687388","116687697","37","52491542"
"chr6","169303734","169304041","chr6","174349992","174350297","32","5046258"
"chr6","169359171","169359449","chr6","174405526","174405829","30","5046355"
"chr6","169361367","169361664","chr6","174407707","174407978","29","5046340"
"chr6","169483537","169483828","chr6","174611407","174611704","10","5127870"
"chr6","169486550","169486854","chr6","174614399","174614712","20","5127849"
"chr6","169519493","169519785","chr6","134005379","134005677","50","35514114"
"chr6","169579295","169579581","chr6","174690287","174690572","7","5110992"
"chr6","169656991","169657293","chr6","166686121","166686419","38","2970870"
"chr6","169673095","169673393","chr6","174783802","174784099","8","5110707"
"chr6","169749621","169749921","chr7","154769602","154769908","35","14980019"
"chr6","169812584","169812877","chr15","46215391","46215683","40","123597193"
"chr6","169838795","169839105","chr2","100865633","100865944","44","68973162"
"chr6","169982773","169983070","chr6","68376310","68376603","40","101606463"
"chr6","170203342","170203653","chr6","175357127","175357438","8","5153785"
"chr6","170254095","170254394","chr6","175406673","175406973","5","5152578"
"chr6","170272530","170272843","chr9","41028320","41028628","36","129244210"
"chr6","170365462","170365751","chr1","219641419","219641712","45","49275957"
"chr6","170367292","170367572","chr6","175629529","175629804","9","5262237"
"chr6","170383632","170383755","chr6","175646188","175646304","8","5262556"
"chr6","170384736","170385050","chr9","41028320","41028628","40","129356416"
"chr6","170436520","170436834","chr6","175699385","175699697","19","5262865"
"chr6","170476870","170477170","chr3","163926008","163926304","41","6550862"
"chr6","170509301","170509568","chr2","140768448","140768723","47","29740853"
"chr6","170582895","170583171","chr6","175858008","175858268","22","5275113"
"chr6","170587333","170587628","chr1","188394116","188394404","39","17806783"
"chr6","170610131","170610438","chr3","178948248","178948560","41","8338117"
"chr6","170623228","170623538","chr4","22063929","22064240","43","148559299"
"chr6","170625749","170626048","chr7","48619235","48619513","68","122006514"
"chr6","170721421","170721729","chr6","175999662","175999974","11","5278241"
"chr6","170753899","170754161","chr1","154747290","154747566","49","16006609"
"chr6","170946428","170946733","chr6","176233071","176233376","3","5286643"
"chr6","171108526","171108812","chr6","176387172","176387461","5","5278646"
"chr6","171156691","171156980","chr6","176433589","176433878","4","5276898"
"chr6","171440824","171441137","chr10","80175464","80175768","43","91265360"
"chr6","171442748","171443049","chr11","23877168","23877477","42","147565580"
"chr6","171478584","171478886","chr4","116888019","116888318","46","54590565"
"chr6","171632869","171633176","chr6","176935537","176935844","13","5302668"
"chr6","171685875","171686193","chr6","176991554","176991856","26","5305679"
"chr6","171731102","171731404","chr6","143270562","143270870","45","28460540"
"chr6","171752954","171753264","chrX","8089980","8090284","42","163662974"
"chr6","171792997","171793302","chr10","29617192","29617497","43","142175805"
"chr6","171810217","171810505","chr9","119075689","119075982","46","52734528"
"chr6","172055912","172056221","chr10","88330401","88330712","42","83725511"
"chr6","172064455","172064652","chr13","15971751","15971946","33","156092704"
"chr6","172086302","172086605","chr4","31664643","31664953","52","140421659"
"chr6","172103069","172103361","chr6","177467105","177467393","9","5364036"
"chr6","172163870","172164208","chr2","22176166","22176475","65","149987704"
"chr6","172341987","172342286","chr6","177715999","177716299","10","5374012"
"chr6","172760687","172760985","chr3","36139696","36139995","34","136620991"
"chr6","172768252","172768565","chr6","178175667","178175976","11","5407415"
"chr6","172899621","172899924","chr6","178325437","178325732","14","5425816"
"chr6","172901785","172902083","chr6","178327577","178327880","12","5425792"
"chr6","172905103","172905412","chr2","54114833","54115140","48","118790270"
"chr6","172907385","172907682","chr10","29617192","29617497","54","143290193"
"chr6","172929756","172930055","chr6","178354908","178355207","6","5425152"
"chr6","173019957","173020248","chr6","178447166","178447458","7","5427209"
"chr6","173050284","173050457","chr13","97316852","97317027","26","75733432"
"chr6","173080249","173080518","chr3","127317386","127317658","47","45762863"
"chr6","173117787","173118094","chr2","106132535","106132841","39","66985252"
"chr6","173159048","173159124","chr6","178586113","178586183","8","5427065"
"chr6","173316847","173317145","chr6","178744606","178744900","13","5427759"
"chr6","173324684","173324964","chr6","178752145","178752437","17","5427461"
"chr6","173326754","173327059","chr6","178753891","178754198","17","5427137"
"chr6","173345259","173345572","chrX","42534967","42535279","34","130810292"
"chr6","173404571","173404875","chr6","178830288","178830592","16","5425717"
"chr6","173606142","173606436","chr7","56786428","56786726","42","116819714"
"chr6","173647339","173647622","chr6","179132728","179133010","7","5485389"
"chr6","173755857","173756161","chr2","15155383","15155685","44","158600474"
"chr6","173787156","173787437","chr6","124022628","124022913","42","49764528"
"chr6","173896321","173896617","chr6","179377538","179377857","33","5481217"
"chr6","173978354","173978658","chr6","179461246","179461550","4","5482892"
"chr6","174019466","174019776","chr6","179500436","179500746","9","5480970"
"chr6","174098162","174098476","chr6","179579565","179579868","15","5481403"
"chr7","44171136","44171430","chr7","46699377","46699672","6","2528241"
"chr7","73662309","73662607","chr7","78065804","78066100","4","4403495"
"chr7","116915951","116916272","chr7","122464756","122465108","38","5548805"
"chr7","5905","6177","chr7","8314401","8314669","11","8308496"
"chr7","55996","56226","chr19","36511691","36511921","42","36455695"
"chr7","56492","56572","chr16","5000905","5000990","15","4944413"
"chr7","128475","128794","chrX","68458905","68459220","54","68330430"
"chr7","240144","240359","chr4","107638826","107639041","39","107398682"
"chr7","305877","306192","chr3","124116975","124117286","47","123811098"
"chr7","497032","497348","chr2","94213957","94214267","47","93716925"
"chr7","592695","592984","chr7","925942","926231","3","333247"
"chr7","674583","674899","chr7","1007302","1007625","11","332719"
"chr7","1064418","1064714","chr4","8785297","8785582","51","7720879"
"chr7","1126039","1126337","chr7","1772071","1772374","9","646032"
"chr7","1189553","1189850","chr2","61336823","61337120","54","60147270"
"chr7","1211618","1211926","chr7","1859343","1859651","7","647725"
"chr7","1239373","1239685","chr2","54548353","54548666","57","53308980"
"chr7","1316314","1316618","chr7","1964469","1964778","18","648155"
"chr7","1969052","1969344","chr7","3736772","3737064","4","1767720"
"chr7","2081761","2082061","chr7","3624744","3625039","20","1542983"
"chr7","2159965","2160260","chr3","178662983","178663277","46","176503018"
"chr7","2502941","2503217","chr7","3202689","3202964","20","699748"
"chr7","3124076","3124390","chr5","93197990","93198298","53","90073914"
"chr7","3298105","3298397","chr7","4446217","4446508","7","1148112"
"chr7","3506163","3506444","chr7","4711330","4711611","5","1205167"
"chr7","3836157","3836392","chr5","84035812","84036035","42","80199655"
"chr7","3857433","3857730","chr7","5068960","5069263","16","1211527"
"chr7","4052458","4052652","chr7","5439567","5439760","1","1387109"
"chr7","4055455","4055675","chr7","5442569","5442790","5","1387114"
"chr7","4157072","4157380","chr9","41028320","41028628","38","36871248"
"chr7","4284448","4284747","chr7","126749","127039","15","4157699"
"chr7","4353976","4354275","chr7","42508","42808","5","4311468"
"chr7","4367966","4368266","chr8","51933109","51933412","35","47565143"
"chr7","4395286","4395582","chr7","5334313","5334611","5","939027"
"chr7","4402955","4403252","chr7","5344435","5344732","6","941480"
"chr7","4444672","4444977","chr7","5387646","5387951","1","942974"
"chr7","4646657","4646777","chr7","5645328","5645451","6","998671"
"chr7","4716623","4716933","chr7","5716532","5716850","13","999909"
"chr7","4895453","4895760","chr7","5894746","5895053","4","999293"
"chr7","5008258","5008553","chr6","152801322","152801614","49","147793064"
"chr7","5019827","5020139","chr7","6018095","6018408","5","998268"
"chr7","5063666","5063973","chr7","6063396","6063701","14","999730"
"chr7","5077850","5078161","chr7","6077269","6077578","13","999419"
"chr7","5261986","5262282","chr8","72824038","72824332","48","67562052"
"chr7","5274166","5274480","chr5","108945447","108945757","58","103671281"
"chr7","5395569","5395868","chr3","36680855","36681148","33","31285286"
"chr7","5422408","5422722","chr20","61246724","61247032","39","55824316"
"chr7","5529430","5529706","chr7","6584639","6584935","22","1055209"
"chr7","5588129","5588455","chr9","53346767","53347080","45","47758638"
"chr7","5714006","5714319","chr7","6771859","6772172","7","1057853"
"chr7","5876642","5876953","chr16","25942765","25943072","41","20066123"
"chr7","5916987","5917301","chr7","6976215","6976519","32","1059228"
"chr7","5927630","5927925","chr7","6986582","6986875","9","1058952"
"chr7","5938405","5938692","chr7","6996782","6997073","10","1058377"
"chr7","6027406","6027586","chr9","98467451","98467629","28","92440045"
"chr7","6224332","6224644","chr6","44157212","44157518","39","37932880"
"chr7","6229643","6229940","chr7","7290538","7290836","10","1060895"
"chr7","6346655","6346843","chr16","76392970","76393150","31","70046315"
"chr7","6842559","6842838","chr7","7946857","7947133","11","1104298"
"chr7","7003362","7003663","chr1","195618508","195618814","41","188615146"
"chr7","7466542","7466854","chr7","8749699","8750011","7","1283157"
"chr7","7728055","7728347","chr19","2665112","2665405","33","5062943"
"chr7","7732479","7732754","chr6","153101280","153101560","41","145368801"
"chr7","7744768","7745070","chr7","9026011","9026310","9","1281243"
"chr7","7811916","7812089","chr8","11390815","11390989","31","3578899"
"chr7","7838361","7838665","chr4","44046776","44047080","40","36208415"
"chr7","8141131","8141445","chr3","120246211","120246522","39","112105080"
"chr7","8288278","8288587","chr15","26986646","26986958","37","18698368"
"chr7","8309723","8310032","chr7","9656411","9656716","8","1346688"
"chr7","8381829","8382132","chr7","9728360","9728668","12","1346531"
"chr7","8569344","8569635","chr7","9916936","9917226","4","1347592"
"chr7","8582293","8582605","chr6","158400240","158400551","47","149817947"
"chr7","8670381","8670688","chr7","10024550","10024853","15","1354169"
"chr7","8741236","8741545","chr7","10096109","10096408","18","1354873"
"chr7","8779925","8780231","chr7","10134125","10134425","9","1354200"
"chr7","8843253","8843551","chr7","10200598","10200894","5","1357345"
"chr7","8899964","8900265","chr7","10256767","10257068","6","1356803"
"chr7","9264049","9264360","chr7","10714467","10714778","5","1450418"
"chr7","9441401","9441704","chr9","11770234","11770538","44","2328833"
"chr7","9449860","9450175","chr7","10946810","10947122","16","1496950"
"chr7","9508990","9509310","chr7","11006819","11007137","5","1497829"
"chr7","9565932","9566222","chrX","41107360","41107652","45","31541428"
"chr7","9570752","9571064","chr1","129904738","129905054","44","120333986"
"chr7","9600786","9601079","chr7","11104544","11104847","19","1503758"
"chr7","9610957","9611263","chr4","38982372","38982682","55","29371415"
"chr7","9618843","9619136","chr10","20881730","20882018","50","11262887"
"chr7","9772460","9772755","chr11","64821855","64822150","7","55049395"
"chr7","9802041","9802307","chr7","11303881","11304149","3","1501840"
"chr7","10055789","10056067","chr6","153101280","153101560","41","143045491"
"chr7","10498739","10499016","chr2","202622423","202622699","29","192123684"
"chr7","10890909","10891180","chr7","12470333","12470606","6","1579424"
"chr7","10923983","10924293","chr11","61806422","61806728","51","50882439"
"chr7","10934773","10935064","chr7","12521933","12522222","39","1587160"
"chr7","11567399","11567674","chr7","13253762","13254038","5","1686363"
"chr7","11894788","11895082","chr7","13586053","13586348","11","1691265"
"chr7","12281391","12281663","chr15","106386877","106387144","37","94105486"
"chr7","12443134","12443447","chr5","108945447","108945757","39","96502313"
"chr7","12840261","12840550","chr7","14588143","14588432","3","1747882"
"chr7","13030422","13030714","chr7","14834400","14834684","19","1803978"
"chr7","13638704","13639012","chr7","15442702","15442980","34","1803998"
"chr7","13810683","13810983","chr20","59318037","59318336","36","45507354"
"chr7","14202289","14202596","chrUn_NW_014807719v1","117","430","40","14202172"
"chr7","14422839","14423113","chr7","16229507","16229781","4","1806668"
"chr7","14466464","14466650","chr5","39739405","39739586","35","25272941"
"chr7","14554028","14554333","chr7","16361743","16362049","8","1807715"
"chr7","15019899","15020211","chr17","54881185","54881491","49","39861286"
"chr7","15046915","15047218","chr7","16858272","16858574","6","1811357"
"chr7","15061151","15061447","chr7","16871756","16872052","5","1810605"
"chr7","15095925","15096235","chr10","91457968","91458266","48","76362043"
"chr7","15159928","15160235","chr7","16967987","16968294","8","1808059"
"chr7","15180899","15181197","chr10","87564869","87565168","37","72383970"
"chr7","15184868","15185173","chr7","16992856","16993163","11","1807988"
"chr7","15275398","15275684","chr7","17088787","17089069","7","1813389"
"chr7","15325839","15326138","chr7","17142661","17142958","3","1816822"
"chr7","15427650","15427928","chr7","17242472","17242749","4","1814822"
"chr7","15479532","15479812","chr7","17295470","17295755","10","1815938"
"chr7","15623770","15624073","chr7","17443161","17443466","6","1819391"
"chr7","15664579","15664848","chr9","55550334","55550622","53","39885755"
"chr7","15679192","15679484","chr7","17498678","17498969","6","1819486"
"chr7","15680976","15681288","chr10","29617192","29617497","35","13936216"
"chr7","15792463","15792658","chr11","28187909","28188098","29","12395446"
"chr7","15792826","15792932","chr13","75626569","75626672","17","59833743"
"chr7","15809086","15809389","chr7","17620900","17621207","15","1811814"
"chr7","15911810","15912107","chr3","3056796","3057099","45","12855014"
"chr7","15912502","15912785","chr16","31070792","31071075","43","15158290"
"chr7","15983267","15983577","chr7","17796431","17796748","11","1813164"
"chr7","16014801","16015082","chr1","35039189","35039473","39","19024388"
"chr7","16018509","16018811","chr7","17830213","17830515","7","1811704"
"chr7","16078316","16078591","chr8","117864058","117864329","45","101785742"
"chr7","16093155","16093476","chr14","13010878","13011189","43","3082277"
"chr7","16107145","16107456","chr10","29617192","29617497","48","13510047"
"chr7","16161055","16161352","chr7","17973392","17973689","7","1812337"
"chr7","16186521","16186670","chr3","69229267","69229418","27","53042746"
"chr7","16203313","16203615","chr7","18017599","18017900","4","1814286"
"chr7","16265849","16266163","chr7","18083078","18083390","9","1817229"
"chr7","16685545","16685838","chr9","55550334","55550622","50","38864789"
"chr7","16840346","16840613","chr7","18658627","18658897","6","1818281"
"chr7","16855241","16855538","chr19","10872248","10872544","31","5982993"
"chr7","16880831","16881118","chr7","18698979","18699266","3","1818148"
"chr7","16941607","16941781","chr1","20788190","20788361","21","3846583"
"chr7","17033745","17034038","chr7","18854601","18854894","14","1820856"
"chr7","17056259","17056556","chr6","79022858","79023154","35","61966599"
"chr7","17061490","17061815","chr1","129904738","129905054","45","112843248"
"chr7","17075444","17075757","chr7","18898612","18898893","36","1823168"
"chr7","17085440","17085736","chr7","18911557","18911852","4","1826117"
"chr7","17088618","17088790","chr7","18914726","18914884","15","1826108"
"chr7","17215695","17216003","chr7","19044404","19044710","12","1828709"
"chr7","17222505","17222641","chr7","19051508","19051644","1","1829003"
"chr7","17234442","17234764","chrX","53293645","53293955","54","36059203"
"chr7","17246418","17246634","chr2","19108137","19108353","41","1861719"
"chr7","17481449","17481735","chr6","69591409","69591710","48","52109960"
"chr7","17671537","17671824","chr20","73720457","73720740","38","56048920"
"chr7","17697861","17698167","chr7","19536260","19536582","21","1838399"
"chr7","17703938","17704223","chr19","17601367","17601654","35","102571"
"chr7","17935351","17935607","chr14","112568055","112568320","41","94632704"
"chr7","18074957","18075271","chr10","88330401","88330712","32","70255444"
"chr7","18225701","18226007","chr7","20051922","20052205","25","1826221"
"chr7","18317213","18317523","chr7","20159655","20159965","2","1842442"
"chr7","18349293","18349605","chr7","20192603","20192915","10","1843310"
"chr7","18366795","18367086","chrX","95342415","95342701","35","76975620"
"chr7","18413132","18413442","chr1","360065","360372","37","18053067"
"chr7","18430248","18430576","chrX","19602992","19603313","46","1172744"
"chr7","18434344","18434641","chr7","20276480","20276775","5","1842136"
"chr7","18462377","18462676","chr11","10516060","10516352","50","7946317"
"chr7","18534195","18534507","chr7","20375134","20375447","7","1840939"
"chr7","18538925","18539229","chr7","20379859","20380158","5","1840934"
"chr7","18579448","18579712","chr2","121601455","121601715","38","103022007"
"chr7","18617419","18617733","chr1","53870362","53870673","47","35252943"
"chr7","18666921","18667210","chr11","95971904","95972210","44","77304983"
"chr7","18727580","18727895","chr7","20578631","20578946","4","1851051"
"chr7","18940455","18940755","chr7","20802707","20803007","11","1862252"
"chr7","19002345","19002657","chrX","434434","434743","38","18567911"
"chr7","19033183","19033458","chr7","20893113","20893403","16","1859930"
"chr7","19051759","19052074","chr3","170044679","170044998","52","150992920"
"chr7","19086977","19087245","chr2","202622423","202622699","40","183535446"
"chr7","19247277","19247565","chr1","51738040","51738329","43","32490763"
"chr7","19608831","19609124","chr9","118108962","118109255","37","98500131"
"chr7","19716275","19716571","chr6","135977377","135977673","34","116261102"
"chr7","19744773","19745049","chr2","202622423","202622699","29","182877650"
"chr7","19832972","19833260","chr1","64778209","64778502","41","44945237"
"chr7","19853759","19854033","chr6","156719165","156719448","64","136865406"
"chr7","19985058","19985361","chr7","21975207","21975489","33","1990149"
"chr7","20177543","20177851","chr7","22158577","22158884","9","1981034"
"chr7","20471868","20472129","chr10","27694634","27694898","45","7222766"
"chr7","20476407","20476701","chr7","22466524","22466829","21","1990117"
"chr7","21700023","21700337","chr2","109129520","109129825","52","87429497"
"chr7","22484752","22484999","chr8","137878432","137878680","67","115393680"
"chr7","22547326","22547637","chr7","24597416","24597727","8","2050090"
"chr7","22585408","22585721","chr7","24636147","24636451","15","2050739"
"chr7","22640537","22640853","chr1","87448547","87448862","36","64808010"
"chr7","23159930","23160240","chr2","1011747","1012059","40","22148183"
"chr7","23287695","23287984","chr3","163926008","163926304","40","140638313"
"chr7","23289898","23290208","chr1","87448547","87448862","45","64158649"
"chr7","23293287","23293582","chr7","25349077","25349374","8","2055790"
"chr7","23382708","23382984","chr6","162800311","162800595","52","139417603"
"chr7","23433558","23433861","chr7","25475314","25475646","31","2041756"
"chr7","23490802","23491115","chr2","54548353","54548666","36","31057551"
"chr7","23849572","23849864","chr7","25901686","25901973","9","2052114"
"chr7","24150403","24150710","chr7","26241433","26241724","23","2091030"
"chr7","24290850","24291134","chr8","44099768","44100046","37","19808918"
"chr7","24491640","24491956","chr2","202955495","202955799","49","178463855"
"chr7","24532823","24533126","chr7","26618731","26619037","10","2085908"
"chr7","24578396","24578723","chr9","15398760","15399079","57","9179636"
"chr7","24595465","24595777","chr4","73472107","73472419","37","48876642"
"chr7","24655555","24655843","chr7","26740907","26741194","6","2085352"
"chr7","24655923","24656229","chr7","26741293","26741605","17","2085370"
"chr7","24733341","24733632","chr7","26819152","26819443","5","2085811"
"chr7","24815721","24816010","chr1","153472046","153472335","40","128656325"
"chr7","24824773","24825051","chr4","16807956","16808227","44","8016817"
"chr7","24874177","24874485","chr11","28744070","28744379","41","3869893"
"chr7","24876214","24876371","chr7","26963656","26963814","3","2087442"
"chr7","24896863","24897152","chr17","12372048","12372347","43","12524815"
"chr7","24902305","24902535","chr14","1474235","1474480","70","23428070"
"chr7","24937580","24937876","chr5","169292376","169292670","55","144354796"
"chr7","24944094","24944388","chr7","27031614","27031904","7","2087520"
"chr7","24967985","24968265","chr8","92346531","92346819","34","67378546"
"chr7","25038779","25039079","chr7","27130977","27131278","5","2092198"
"chr7","25051785","25052080","chr7","27143936","27144233","5","2092151"
"chr7","25828869","25829147","chr14","7381570","7381852","37","18447299"
"chr7","25851970","25852269","chr7","28010309","28010611","15","2158339"
"chr7","26136175","26136474","chr1","86819890","86820189","57","60683715"
"chr7","26144132","26144443","chr7","28296906","28297217","9","2152774"
"chr7","26244774","26245068","chr19","10872248","10872544","43","15372526"
"chr7","26252258","26252555","chr7","28457422","28457715","9","2205164"
"chr7","26329349","26329634","chr7","28536724","28537019","14","2207375"
"chr7","26404408","26404715","chr7","83965507","83965820","41","57561099"
"chr7","26504606","26504898","chr7","28719292","28719585","3","2214686"
"chr7","26575986","26576281","chr7","28791180","28791477","6","2215194"
"chr7","26594504","26594815","chr16","43413739","43414048","42","16819235"
"chr7","26663646","26663925","chr15","107795643","107795898","64","81131997"
"chr7","26734197","26734506","chr7","28949824","28950133","7","2215627"
"chr7","27091613","27091892","chr6","156719165","156719448","47","129627552"
"chr7","27482151","27482429","chr7","29704739","29705017","5","2222588"
"chr7","27533869","27534161","chr7","29754689","29754983","26","2220820"
"chr7","28112338","28112635","chr2","109129520","109129825","54","81017182"
"chr7","28160204","28160519","chr1","199951321","199951626","53","171791117"
"chr7","28260713","28260989","chr7","30480662","30480943","17","2219949"
"chr7","28299395","28299696","chr1","5241474","5241775","54","23057921"
"chr7","28656309","28656603","chr7","30895910","30896204","4","2239601"
"chr7","29045115","29045426","chr5","18956092","18956398","45","10089023"
"chr7","29455436","29455740","chr7","31705413","31705725","19","2249977"
"chr7","29637881","29638152","chr7","31887452","31887723","3","2249571"
"chr7","29652540","29652836","chr7","31902676","31902975","16","2250136"
"chr7","29658052","29658351","chr9","92379889","92380187","44","62721837"
"chr7","29707892","29708172","chr12","124749960","124750242","42","95042068"
"chr7","29721928","29722215","chr7","31975200","31975505","41","2253272"
"chr7","29858210","29858512","chr7","32121919","32122216","13","2263709"
"chr7","29886865","29887166","chr7","32150013","32150318","14","2263148"
"chr7","29920641","29920779","chr14","100165500","100165635","24","70244859"
"chr7","30086361","30086652","chr7","32357158","32357449","9","2270797"
"chr7","30126775","30127052","chr7","32397527","32397812","24","2270752"
"chr7","30195995","30196296","chr7","32467452","32467760","20","2271457"
"chr7","30246028","30246329","chr6","39737167","39737470","35","9491139"
"chr7","30363265","30363588","chr3","174233260","174233571","49","143869995"
"chr7","30363810","30364105","chr7","32632382","32632677","0","2268572"
"chr7","30414042","30414348","chr7","32681278","32681584","4","2267236"
"chr7","31114070","31114372","chr7","33410579","33410877","17","2296509"
"chr7","31133895","31134176","chr1","35039189","35039473","39","3905294"
"chr7","31159616","31159921","chr7","33456893","33457198","9","2297277"
"chr7","31229762","31230009","chr3","181370210","181370458","40","150140448"
"chr7","31655321","31655633","chr11","47606560","47606869","10","15951239"
"chr7","31671202","31671515","chr11","133475433","133475744","43","101804231"
"chr7","32015919","32016204","chrX","124158161","124158455","47","92142242"
"chr7","32174500","32174787","chr7","34496572","34496857","5","2322072"
"chr7","32344702","32345006","chr3","94292575","94292874","42","61947873"
"chr7","32446869","32447165","chr1","81677577","81677878","32","49230708"
"chr7","32712476","32712764","chr7","35096110","35096375","30","2383634"
"chr7","32746026","32746295","chr7","35130056","35130327","7","2384030"
"chr7","32863186","32863497","chr2","107388226","107388529","53","74525040"
"chr7","32888706","32889018","chr7","139271553","139271862","48","106382847"
"chr7","32890065","32890375","chr7","35277789","35278100","9","2387724"
"chr7","32910580","32910878","chr7","35295912","35296212","9","2385332"
"chr7","32927204","32927513","chr10","29617192","29617497","55","3310012"
"chr7","32942551","32942856","chr7","35328746","35329051","1","2386195"
"chr7","32982827","32983132","chr2","116462267","116462571","42","83479440"
"chr7","33034591","33034898","chr7","35422966","35423281","22","2388375"
"chr7","33095589","33095891","chrX","124158161","124158455","47","91062572"
"chr7","33106517","33106768","chr12","20197316","20197556","59","12909201"
"chr7","33141608","33141798","chr7","35530599","35530786","5","2388991"
"chr7","33166583","33166879","chr7","35554773","35555050","23","2388190"
"chr7","33193017","33193316","chr7","35580697","35580995","11","2387680"
"chr7","33204081","33204393","chr7","35591450","35591794","35","2387369"
"chr7","33487625","33487938","chr2","27915046","27915358","40","5572579"
"chr7","33567960","33568273","chr3","61104901","61105213","42","27536941"
"chr7","33798619","33798925","chr7","36187088","36187392","13","2388469"
"chr7","33849243","33849551","chr5","17269509","17269813","42","16579734"
"chr7","33911008","33911294","chr18","25614685","25614975","43","8296323"
"chr7","33948972","33949274","chr10","29617192","29617497","34","4331780"
"chr7","34036744","34037071","chr7","36432536","36432857","8","2395792"
"chr7","34267415","34267715","chr7","36667684","36667980","11","2400269"
"chr7","34628634","34628892","chr16","68764971","68765237","47","34136337"
"chr7","34649570","34649865","chr7","37047424","37047719","2","2397854"
"chr7","34653122","34653410","chr19","43303408","43303693","42","8650286"
"chr7","35298681","35298993","chr2","107478401","107478713","44","72179720"
"chr7","35593606","35593889","chr3","18219515","18219804","38","17374091"
"chr7","35986244","35986545","chr7","38386026","38386329","7","2399782"
"chr7","36218571","36218884","chr9","41028320","41028628","33","4809749"
"chr7","36254999","36255312","chr20","27308453","27308762","52","8946546"
"chr7","36498337","36498473","chr2","22685172","22685307","20","13813165"
"chr7","36547606","36547916","chr7","38922349","38922661","16","2374743"
"chr7","36585112","36585413","chr3","36139696","36139995","35","445416"
"chr7","36617121","36617428","chr2","53002380","53002677","48","16385259"
"chr7","36682365","36682641","chr15","18234057","18234351","58","18448308"
"chr7","36791188","36791285","chr10","26915438","26915531","20","9875750"
"chr7","36920283","36920585","chr7","39303622","39303926","5","2383339"
"chr7","37587730","37588045","chr5","18956092","18956398","44","18631638"
"chr7","37671213","37671518","chr7","40055750","40056037","25","2384537"
"chr7","37684226","37684527","chr7","40068470","40068774","7","2384244"
"chr7","37728113","37728419","chr6","63821561","63821872","40","26093448"
"chr7","37834616","37834931","chr10","88330401","88330712","44","50495785"
"chr7","37902254","37902556","chr6","147563344","147563647","32","109661090"
"chr7","37961709","37962020","chr7","40341596","40341905","8","2379887"
"chr7","37978285","37978491","chr7","40358947","40359156","9","2380662"
"chr7","38110235","38110544","chr7","40494101","40494410","3","2383866"
"chr7","38121411","38121675","chr10","65759354","65759649","54","27637943"
"chr7","38335320","38335583","chr7","40722777","40723036","13","2387457"
"chr7","38372448","38372755","chr7","40759997","40760300","5","2387549"
"chr7","38398660","38398966","chr14","88767062","88767359","46","50368402"
"chr7","38514405","38514717","chr7","40904024","40904337","6","2389619"
"chr7","38550057","38550362","chr16","34222054","34222358","36","4328003"
"chr7","38582392","38582688","chr7","40967007","40967304","11","2384615"
"chr7","38683105","38683399","chr7","41073459","41073755","8","2390354"
"chr7","38704052","38704362","chr2","1011747","1012059","44","37692305"
"chr7","38719877","38720177","chr7","41110887","41111193","7","2391010"
"chr7","38752553","38752868","chr7","41142706","41143022","5","2390153"
"chr7","38820115","38820272","chr9","37466862","37467023","21","1353253"
"chr7","38823593","38823767","chr3","55281919","55282093","35","16458326"
"chr7","38947282","38947591","chr7","41335372","41335684","10","2388090"
"chr7","39013416","39013660","chr2","134056539","134056781","39","95043123"
"chr7","39022258","39022560","chr9","45751266","45751563","51","6729008"
"chr7","39053588","39053896","chr7","41447755","41448061","7","2394167"
"chr7","39250285","39250575","chr19","10872248","10872544","33","28378037"
"chr7","39254567","39254885","chr7","20375134","20375447","44","18879433"
"chr7","39269173","39269436","chr14","112568055","112568320","31","73298882"
"chr7","39277221","39277511","chr7","41673316","41673606","8","2396095"
"chr7","39390203","39390518","chr2","46019868","46020181","40","6629665"
"chr7","39454124","39454450","chr4","110378156","110378470","54","70924032"
"chr7","39455503","39455798","chr7","41831757","41832052","5","2376254"
"chr7","39563070","39563346","chr7","41955884","41956157","8","2392814"
"chr7","39749567","39749869","chr12","3309816","3310116","36","36439751"
"chr7","39754162","39754304","chr7","42152279","42152422","6","2398117"
"chr7","39755447","39755756","chr7","42153561","42153873","7","2398114"
"chr7","39772387","39772690","chr10","91874404","91874698","42","52102017"
"chr7","39949611","39949899","chr7","42356883","42357175","9","2407272"
"chr7","40042866","40043177","chr7","42450108","42450414","8","2407242"
"chr7","40084969","40085282","chr3","10716492","10716803","47","29368477"
"chr7","40118306","40118618","chr7","42524820","42525132","5","2406514"
"chr7","40282749","40283045","chr7","42688737","42689037","7","2405988"
"chr7","40489362","40489668","chr7","42898597","42898910","10","2409235"
"chr7","40530254","40530563","chr11","117151786","117152096","34","76621532"
"chr7","40692359","40692648","chr1","27655743","27656037","40","13036616"
"chr7","40702403","40702716","chr7","43120656","43120971","11","2418253"
"chr7","40716565","40716875","chr9","53346767","53347080","39","12630202"
"chr7","40750464","40750746","chr2","113392395","113392673","52","72641931"
"chr7","40782945","40783236","chr10","91874404","91874698","41","51091459"
"chr7","40789318","40789615","chr7","43201400","43201692","14","2412082"
"chr7","40813873","40814169","chr14","65787101","65787393","40","24973228"
"chr7","40847206","40847520","chr2","181410675","181410985","45","140563469"
"chr7","40914753","40915057","chr18","45911019","45911321","31","4996266"
"chr7","41117703","41118009","chr7","43529974","43530268","16","2412271"
"chr7","41140589","41140888","chr7","43552818","43553120","14","2412229"
"chr7","41219226","41219520","chr10","72475306","72475600","43","31256080"
"chr7","41433516","41433828","chr13","25827218","25827525","36","15606298"
"chr7","41459709","41460006","chr7","43905413","43905711","5","2445704"
"chr7","41657823","41658088","chr7","44101708","44101973","4","2443885"
"chr7","41728328","41728636","chr7","44171772","44172077","7","2443444"
"chr7","41812672","41812984","chr7","44258629","44258940","9","2445957"
"chr7","41920611","41920895","chr8","92346531","92346819","41","50425920"
"chr7","42012539","42012818","chr7","44461217","44461486","24","2448678"
"chr7","42141095","42141380","chr7","44586274","44586568","31","2445179"
"chr7","42484717","42485010","chr7","44989422","44989697","22","2504705"
"chr7","42545400","42545683","chr7","45050188","45050471","2","2504788"
"chr7","42613628","42613926","chr7","45115942","45116239","15","2502314"
"chr7","42632059","42632372","chr3","40194070","40194382","41","2437989"
"chr7","42648481","42648775","chr7","45150217","45150510","2","2501736"
"chr7","42670872","42671168","chrX","8089980","8090284","46","34580892"
"chr7","42958588","42958896","chr7","45456980","45457287","7","2498392"
"chr7","43079948","43080236","chr7","135345658","135345941","46","92265710"
"chr7","43246327","43246616","chr7","45748791","45749086","9","2502464"
"chr7","43456330","43456630","chr7","45966086","45966391","8","2509756"
"chr7","43960873","43961162","chr7","46487049","46487340","5","2526176"
"chr7","44311715","44312016","chr7","46839530","46839826","8","2527815"
"chr7","44364805","44365117","chr10","78692337","78692646","38","34327532"
"chr7","44396598","44396912","chr7","46924131","46924443","11","2527533"
"chr7","45031226","45031523","chr7","47555161","47555456","8","2523935"
"chr7","45066011","45066295","chr7","47590862","47591168","26","2524851"
"chr7","45118985","45119250","chr2","143059597","143059865","43","97940612"
"chr7","45243685","45243891","chr7","47772511","47772719","7","2528826"
"chr7","45281207","45281442","chr7","47808846","47809094","35","2527639"
"chr7","45949873","45950186","chr7","48482977","48483278","13","2533104"
"chr7","46090186","46090464","chr7","48619235","48619513","2","2529049"
"chr7","46152291","46152583","chr19","10872248","10872544","42","35280043"
"chr7","46303107","46303365","chr10","81522520","81522777","48","35219413"
"chr7","46488266","46488568","chr12","62295482","62295783","34","15807216"
"chr7","46607620","46607921","chr7","49139020","49139321","4","2531400"
"chr7","46697629","46697935","chr1","150946843","150947156","45","104249214"
"chr7","46706879","46707192","chr20","17974498","17974809","36","28732381"
"chr7","46807521","46807823","chr7","49340983","49341284","6","2533462"
"chr7","46872882","46873203","chr6","32369655","32369968","47","14503227"
"chr7","46978977","46979285","chr7","49511282","49511593","9","2532305"
"chr7","47024443","47024705","chr2","121601455","121601715","39","74577012"
"chr7","47042594","47042891","chr9","128204147","128204443","36","81161553"
"chr7","47045867","47046163","chr4","116888019","116888318","38","69842152"
"chr7","47114487","47114802","chr19","8473838","8474149","50","38640649"
"chr7","47180494","47180670","chr11","363800","363982","35","46816694"
"chr7","47278082","47278378","chr7","135597712","135598014","43","88319630"
"chr7","47452639","47452670","chr10","84778465","84778505","11","37325826"
"chr7","47454868","47455180","chr3","10309195","10309505","44","37145673"
"chr7","47730972","47731267","chr7","36332943","36333239","37","11398029"
"chr7","47747086","47747367","chr13","3391415","3391708","42","44355671"
"chr7","47979105","47979409","chr7","50334534","50334845","12","2355429"
"chr7","48366620","48366918","chr7","49950870","49951168","4","1584250"
"chr7","48413709","48414007","chr7","49903977","49904276","4","1490268"
"chr7","48481498","48481804","chr7","49837489","49837795","6","1355991"
"chr7","48589569","48589886","chr15","10983712","10984019","55","37605857"
"chr7","48602427","48602732","chrX","45545482","45545787","45","3056945"
"chr7","48677277","48677582","chr7","130612055","130612355","44","81934778"
"chr7","48693074","48693253","chr20","17989183","17989361","26","30703891"
"chr7","48755004","48755338","chr4","160922562","160922896","51","112167558"
"chr7","48867843","48867921","chr8","80972705","80972785","10","32104862"
"chr7","48877088","48877390","chr7","51588768","51589067","12","2711680"
"chr7","48938950","48939262","chr7","51650877","51651189","9","2711927"
"chr7","48976794","48977106","chr11","16833474","16833784","45","32143320"
"chr7","48977470","48977782","chr11","16833474","16833784","46","32143996"
"chr7","49012858","49013166","chr7","51725008","51725321","15","2712150"
"chr7","49018049","49018356","chr7","51729193","51729500","12","2711144"
"chr7","49028754","49029060","chr7","51740510","51740823","14","2711756"
"chr7","49139708","49140008","chr7","51853145","51853447","7","2713437"
"chr7","49163837","49164147","chr1","5783656","5783961","45","43380181"
"chr7","49183331","49183364","chr6","37726911","37726948","11","11456420"
"chr7","49183796","49183986","chr19","31985753","31985941","34","17198043"
"chr7","49217889","49218187","chr7","51929763","51930067","10","2711874"
"chr7","49317869","49318177","chr11","49674062","49674374","42","356193"
"chr7","49455394","49455682","chr19","32487561","32487847","46","16967833"
"chr7","49619026","49619346","chr13","87485597","87485904","47","37866571"
"chr7","49630228","49630526","chr7","52334903","52335201","6","2704675"
"chr7","49682355","49682657","chr7","52397849","52398154","9","2715494"
"chr7","49907707","49908010","chr1","123571730","123572033","43","73664023"
"chr7","49939032","49939333","chr6","80203125","80203406","62","30264093"
"chr7","49973263","49973561","chr17","54881185","54881491","53","4907922"
"chr7","49985702","49985986","chr7","52886389","52886673","2","2900687"
"chr7","49990102","49990329","chr10","77623450","77623673","38","27633348"
"chr7","50000015","50000319","chr7","52900849","52901156","5","2900834"
"chr7","50005987","50006262","chr12","83368815","83369086","40","33362828"
"chr7","50037185","50037493","chr3","36619575","36619882","44","13417610"
"chr7","50058013","50058316","chr7","52960884","52961187","4","2902871"
"chr7","50077005","50077325","chr7","52979947","52980267","7","2902942"
"chr7","50095575","50095769","chr7","52995301","52995494","13","2899726"
"chr7","50111077","50111369","chr7","53011137","53011438","14","2900060"
"chr7","50287180","50287484","chr7","53264854","53265153","12","2977674"
"chr7","50511067","50511308","chr7","53491760","53491999","8","2980693"
"chr7","50591479","50591579","chr16","44600003","44600096","21","5991476"
"chr7","50717151","50717448","chr7","36332943","36333239","40","14384208"
"chr7","50759231","50759526","chr7","53741401","53741700","7","2982170"
"chr7","51022017","51022333","chr7","53992760","53993076","9","2970743"
"chr7","51295797","51296095","chr5","169292376","169292670","50","117996579"
"chr7","51486350","51486623","chr2","143059597","143059865","36","91573247"
"chr7","51726871","51727165","chr7","54724536","54724830","6","2997665"
"chr7","51735792","51735973","chr8","28571768","28571947","29","23164024"
"chr7","51909341","51909646","chr7","54909731","54910035","4","3000390"
"chr7","51924921","51925219","chr7","54925017","54925317","6","3000096"
"chr7","52452250","52452546","chr10","47632084","47632378","42","4820166"
"chr7","52452578","52452866","chr8","92346531","92346819","50","39893953"
"chr7","52552535","52552822","chr7","55547112","55547397","5","2994577"
"chr7","52628221","52628527","chr7","55623012","55623318","2","2994791"
"chr7","53031212","53031524","chr7","56024222","56024534","7","2993010"
"chr7","53073542","53073851","chr3","5161952","5162258","34","47911590"
"chr7","53250385","53250690","chr7","56297678","56297984","8","3047293"
"chr7","53321419","53321743","chr7","56371898","56372227","10","3050479"
"chr7","53350847","53351131","chr8","92346531","92346819","41","38995684"
"chr7","53719938","53720237","chr7","56786428","56786726","5","3066490"
"chr7","53862622","53862930","chr7","56931096","56931405","9","3068474"
"chr7","53888519","53888813","chr7","56956979","56957272","4","3068460"
"chr7","54236850","54237140","chr7","57310800","57311089","4","3073950"
"chr7","54242203","54242518","chr17","15300253","15300563","42","38941950"
"chr7","54252385","54252671","chr3","48197684","48197979","50","6054701"
"chr7","54252889","54253206","chr7","57326817","57327132","9","3073928"
"chr7","54310208","54310505","chr7","57384401","57384718","30","3074193"
"chr7","54442128","54442444","chr7","57515539","57515855","3","3073411"
"chr7","54529585","54529881","chr1","25343836","25344135","41","29185749"
"chr7","54546698","54546959","chr6","172017122","172017399","57","117470424"
"chr7","54552051","54552352","chr7","57635062","57635352","13","3083011"
"chr7","54552670","54552943","chr7","57635682","57635955","3","3083012"
"chr7","54557000","54557297","chr7","57639997","57640285","12","3082997"
"chr7","55267956","55268256","chr7","58351708","58352016","12","3083752"
"chr7","55500918","55501230","chr7","58585111","58585396","36","3084193"
"chr7","55515872","55516148","chr1","34862043","34862326","48","20653829"
"chr7","55602895","55603204","chr7","58686123","58686432","8","3083228"
"chr7","55837516","55837820","chr9","41028320","41028628","52","14809196"
"chr7","55866088","55866399","chr7","58983214","58983519","13","3117126"
"chr7","56848673","56848974","chr2","118509475","118509782","52","61660802"
"chr7","57068615","57068927","chr7","60477907","60478219","3","3409292"
"chr7","57306602","57306914","chr8","92135177","92135491","34","34828575"
"chr7","57717347","57717652","chr2","54548353","54548666","47","3168994"
"chr7","57788565","57788877","chr11","52572272","52572595","56","5216293"
"chr7","57812465","57812748","chr15","18234057","18234351","51","39578408"
"chr7","57855733","57855983","chr7","73853611","73853869","42","15997878"
"chr7","57865338","57865632","chr7","62010072","62010367","6","4144734"
"chr7","58022551","58022851","chr7","61854940","61855243","9","3832389"
"chr7","58153991","58154301","chr7","61727370","61727680","7","3573379"
"chr7","58293021","58293334","chr3","10716492","10716803","40","47576529"
"chr7","58328488","58328761","chr7","61544266","61544539","4","3215778"
"chr7","58423881","58424184","chr7","61446111","61446414","4","3022230"
"chr7","58480139","58480430","chr7","61388184","61388489","22","2908045"
"chr7","58490070","58490341","chr6","158234654","158234926","52","99744584"
"chr7","58520267","58520567","chr11","70479545","70479836","53","11959278"
"chr7","58544104","58544408","chr6","39737167","39737470","34","18806937"
"chr7","58658139","58658432","chr7","61205779","61206070","3","2547640"
"chr7","58910990","58911228","chr11","64529661","64529907","37","5618671"
"chr7","59074828","59075107","chr7","63258868","63259164","21","4184040"
"chr7","59123888","59124180","chr7","63209752","63210044","4","4085864"
"chr7","59317032","59317320","chr7","63000292","63000580","1","3683260"
"chr7","59443999","59444310","chr7","62871703","62872018","9","3427704"
"chr7","59506090","59506342","chr14","119071073","119071330","45","59564983"
"chr7","59521360","59521645","chr7","62793923","62794207","7","3272563"
"chr7","59713658","59713969","chr3","174233260","174233571","42","114519602"
"chr7","59822958","59823249","chr2","47582583","47582888","56","12240375"
"chr7","59831647","59831996","chr14","22411607","22411921","69","37420040"
"chr7","59924421","59924732","chr2","201138593","201138900","41","141214172"
"chr7","59966863","59967165","chr9","98663297","98663603","47","38696434"
"chr7","59981152","59981457","chr20","40615595","40615897","45","19365557"
"chr7","60007980","60008313","chr7","63520547","63520878","11","3512567"
"chr7","60052338","60052620","chr7","63565313","63565595","3","3512975"
"chr7","60139093","60139396","chr7","63651622","63651921","9","3512529"
"chr7","60176447","60176757","chr7","63690721","63691031","3","3514274"
"chr7","60228628","60228794","chr20","74854060","74854229","22","14625432"
"chr7","60244998","60245301","chr2","1011747","1012059","53","59233251"
"chr7","60336729","60337022","chr7","63851088","63851382","3","3514359"
"chr7","60674114","60674428","chr7","139271553","139271862","42","78597439"
"chr7","60806086","60806396","chr3","36619575","36619882","46","24186511"
"chr7","61128152","61128429","chr7","64645369","64645646","5","3517217"
"chr7","61444390","61444701","chr14","112831051","112831362","43","51386661"
"chr7","61699313","61699605","chr20","742253","742546","38","60957060"
"chr7","62014240","62014530","chr7","65564758","65565050","6","3550518"
"chr7","62022647","62022946","chr3","75657452","75657750","45","13634805"
"chr7","62214084","62214389","chr8","125598095","125598405","50","63384011"
"chr7","62768497","62768810","chr7","66320616","66320928","7","3552119"
"chr7","63018883","63019061","chr2","18211006","18211184","17","44807877"
"chr7","63185166","63185434","chr12","83368815","83369086","39","20183649"
"chr7","63447242","63447504","chr2","121601455","121601715","38","58154213"
"chr7","63525443","63525748","chr7","67081395","67081697","8","3555952"
"chr7","63550231","63550532","chr2","109129520","109129825","47","45579289"
"chr7","63675428","63675718","chr8","22941394","22941693","40","40734034"
"chr7","63724233","63724468","chr10","23758911","23759143","57","39965322"
"chr7","63884295","63884452","chr16","58589792","58589952","29","5294503"
"chr7","63965754","63966068","chr7","67533711","67534025","7","3567957"
"chr7","64006910","64007215","chr7","67574784","67575079","17","3567874"
"chr7","64018395","64018444","chr1","22851619","22851669","11","41166776"
"chr7","64074498","64074799","chr1","195618508","195618814","34","131544010"
"chr7","64159907","64160208","chr5","41773732","41774035","41","22386175"
"chr7","64208015","64208327","chr7","67782194","67782506","7","3574179"
"chr7","64220541","64220855","chr7","67794476","67794767","25","3573935"
"chr7","64297352","64297522","chr10","12496425","12496604","29","51800927"
"chr7","64396468","64396744","chr14","33317557","33317831","43","31078911"
"chr7","64401305","64401603","chr15","68473329","68473625","42","4072024"
"chr7","64543723","64544016","chr4","115541720","115542015","40","50997997"
"chr7","64595158","64595462","chr20","60195427","60195730","50","4399731"
"chr7","64638061","64638364","chr4","44046776","44047080","37","20591285"
"chr7","64645690","64645959","chr7","68235042","68235313","7","3589352"
"chr7","64661156","64661427","chr7","68251195","68251467","3","3590039"
"chr7","64780653","64780966","chr6","148660399","148660709","47","83879746"
"chr7","65052085","65052207","chr10","92376501","92376627","22","27324416"
"chr7","65095078","65095379","chr7","68779914","68780215","8","3684836"
"chr7","65147353","65147652","chr7","68835729","68836028","2","3688376"
"chr7","65153224","65153523","chr7","68841598","68841897","7","3688374"
"chr7","65223802","65224107","chr5","42065075","42065379","46","23158727"
"chr7","65286859","65287158","chr4","32633053","32633351","42","32653806"
"chr7","65294932","65295239","chr7","69272152","69272452","15","3977220"
"chr7","65329585","65329880","chr7","69310820","69311111","9","3981235"
"chr7","65360607","65360898","chr13","65897206","65897497","49","536599"
"chr7","66547042","66547330","chr9","102457580","102457866","48","35910538"
"chr7","66888702","66888985","chr7","70880565","70880850","12","3991863"
"chr7","66895834","66896137","chr7","70887923","70888222","11","3992089"
"chr7","66979722","66980018","chr7","70972402","70972695","12","3992680"
"chr7","67066519","67066830","chr9","53346767","53347080","40","13719752"
"chr7","67107265","67107566","chr12","3309816","3310116","31","63797449"
"chr7","67109795","67110090","chr7","71105031","71105319","10","3995236"
"chr7","67160900","67161231","chr7","71158257","71158588","3","3997357"
"chr7","67185579","67185858","chr7","71183917","71184194","4","3998338"
"chr7","67366396","67366706","chr13","25827218","25827525","44","41539178"
"chr7","67655385","67655677","chr7","71674150","71674455","15","4018765"
"chr7","67756203","67756503","chr7","71776859","71777135","26","4020656"
"chr7","68101284","68101590","chr6","132315465","132315776","45","64214181"
"chr7","68388428","68388739","chr7","72404089","72404400","8","4015661"
"chr7","69082935","69083211","chr7","73097289","73097568","7","4014354"
"chr7","69277369","69277677","chr20","59793701","59794009","46","9483668"
"chr7","69309959","69310245","chr8","92346531","92346819","40","23036572"
"chr7","69547360","69547641","chr15","44115398","44115687","37","25431962"
"chr7","69958277","69958574","chr5","137741692","137741990","41","67783415"
"chr7","69963072","69963371","chr7","74026416","74026711","12","4063344"
"chr7","70071381","70071696","chr13","56983621","56983926","46","13087760"
"chr7","70244569","70244878","chr1","212367041","212367355","45","142122472"
"chr7","70583981","70584239","chr7","74679215","74679461","18","4095234"
"chr7","70678618","70678930","chr7","74773198","74773518","13","4094580"
"chr7","70735497","70735759","chr1","24738964","24739223","39","45996533"
"chr7","71084450","71084727","chr7","75188317","75188595","9","4103867"
"chr7","71712970","71713276","chr7","75820275","75820583","11","4107305"
"chr7","72314251","72314565","chr2","97351845","97352150","48","25037594"
"chr7","72640259","72640556","chr7","76866581","76866878","4","4226322"
"chr7","72853879","72854172","chr7","77259757","77260050","2","4405878"
"chr7","72989425","72989731","chr1","185310648","185310960","41","112321223"
"chr7","73209039","73209360","chr5","37588713","37589018","52","35620326"
"chr7","73212464","73212773","chr9","87185382","87185694","46","13972918"
"chr7","73441760","73442063","chr4","150184429","150184732","53","76742669"
"chr7","73526375","73526656","chr7","77931164","77931447","5","4404789"
"chr7","74182642","74182864","chr7","78658651","78658872","9","4476009"
"chr7","74349025","74349331","chr7","78830524","78830828","7","4481499"
"chr7","74391819","74392122","chr19","15282895","15283197","30","59108924"
"chr7","74544540","74544843","chr7","79019848","79020151","9","4475308"
"chr7","74617849","74618163","chr11","1518482","1518791","43","73099367"
"chr7","74705012","74705312","chr4","32633053","32633351","46","42071959"
"chr7","74724075","74724380","chr7","79191622","79191927","1","4467547"
"chr7","74854442","74854732","chr1","152100248","152100537","44","77245806"
"chr7","74932945","74933216","chr3","64800303","64800569","34","10132642"
"chr7","75050182","75050472","chr7","79513278","79513566","7","4463096"
"chr7","75269923","75270236","chr7","79736632","79736944","5","4466709"
"chr7","75493598","75493882","chr7","79966377","79966663","7","4472779"
"chr7","75513777","75514065","chr7","79986194","79986483","9","4472417"
"chr7","75591493","75591803","chr7","80063997","80064308","9","4472504"
"chr7","75671247","75671520","chr7","80145203","80145475","14","4473956"
"chr7","75843399","75843704","chr7","80319850","80320138","23","4476451"
"chr7","76462928","76463249","chr13","33131218","33131527","48","43331710"
"chr7","76540130","76540400","chr7","81081597","81081851","20","4541467"
"chr7","76586931","76587222","chr7","81132274","81132581","27","4545343"
"chr7","77006602","77006638","chr7","81582409","81582445","2","4575807"
"chr7","77020890","77021200","chr17","17830825","17831132","43","59190065"
"chr7","77037924","77038087","chr16","19633769","19633933","19","57404155"
"chr7","77066775","77067072","chr10","35229644","35229943","35","41837131"
"chr7","77067514","77067824","chr7","81638565","81638857","24","4571051"
"chr7","77139010","77139301","chr7","81710544","81710835","2","4571534"
"chr7","77147132","77147448","chr2","54114833","54115140","48","23032299"
"chr7","77195428","77195712","chr7","81764946","81765232","11","4569518"
"chr7","77196351","77196649","chr4","116888019","116888318","36","39691668"
"chr7","77257322","77257602","chr7","81827203","81827483","7","4569881"
"chr7","77285367","77285671","chr2","159908871","159909170","46","82623504"
"chr7","77330055","77330365","chr7","81906692","81907000","4","4576637"
"chr7","77387174","77387488","chr9","41028320","41028628","47","36358854"
"chr7","77426917","77427204","chr5","169292376","169292670","47","91865459"
"chr7","77456705","77457014","chr7","82031693","82032006","6","4574988"
"chr7","77522001","77522308","chr8","92135177","92135491","54","14613176"
"chr7","77754720","77755020","chr3","117800614","117800917","50","40045894"
"chr7","77865698","77866016","chr5","24144119","24144430","53","53721579"
"chr7","77920625","77920923","chr1","221187610","221187910","37","143266985"
"chr7","77924003","77924308","chr10","88330401","88330712","49","10406398"
"chr7","77953787","77954090","chr8","53739604","53739906","38","24214183"
"chr7","78083957","78084259","chr7","82702624","82702934","15","4618667"
"chr7","78136482","78136652","chr20","18115491","18115656","42","60020991"
"chr7","78136793","78136921","chr7","82799631","82799759","3","4662838"
"chr7","78147740","78148026","chr7","82808764","82809054","9","4661024"
"chr7","78150860","78151149","chr7","82811877","82812166","3","4661017"
"chr7","78440696","78441007","chr6","114508766","114509074","41","36068070"
"chr7","79151448","79151753","chr7","83827712","83828017","11","4676264"
"chr7","79285196","79285503","chr19","5637043","5637349","44","73648153"
"chr7","79337060","79337362","chr1","26083366","26083673","61","53253694"
"chr7","79457081","79457393","chr1","53870362","53870673","44","25586719"
"chr7","79462753","79463063","chr19","6354468","6354778","44","73108285"
"chr7","79660090","79660405","chr7","84356924","84357219","47","4696834"
"chr7","79850836","79851138","chr7","84544750","84545046","19","4693914"
"chr7","79883107","79883419","chr7","157654660","157654971","41","77771553"
"chr7","79903662","79903787","chrX","127938234","127938361","23","48034572"
"chr7","80262598","80262884","chr1","110824069","110824367","41","30561471"
"chr7","80475023","80475332","chr7","85166851","85167156","11","4691828"
"chr7","80668839","80669147","chr2","1011747","1012059","40","79657092"
"chr7","80724092","80724403","chr7","85421080","85421389","8","4696988"
"chr7","80758884","80759178","chr7","85447446","85447744","12","4688562"
"chr7","80835889","80836186","chr1","39478035","39478340","42","41357854"
"chr7","80845632","80845944","chr7","85534007","85534285","37","4688375"
"chr7","80891977","80892257","chr7","85579975","85580257","13","4687998"
"chr7","81010681","81010975","chr19","20910606","20910904","44","60100075"
"chr7","81051731","81052042","chr7","85740327","85740638","8","4688596"
"chr7","81090877","81091167","chr3","159781272","159781564","32","78690395"
"chr7","81467825","81468136","chr15","42808664","42808977","42","38659161"
"chr7","81774724","81775026","chr7","86472038","86472341","6","4697314"
"chr7","82069585","82069751","chr20","433269","433440","31","81636316"
"chr7","82137975","82138288","chr6","158400240","158400551","57","76262265"
"chr7","82930184","82930497","chr7","87629170","87629475","19","4698986"
"chr7","83203301","83203597","chr7","87907051","87907347","7","4703750"
"chr7","83482496","83482809","chr7","88185991","88186305","5","4703495"
"chr7","83813793","83814103","chr7","88505097","88505407","6","4691304"
"chr7","84152978","84153291","chr7","88865373","88865686","6","4712395"
"chr7","84395929","84396235","chr7","89108570","89108874","11","4712641"
"chr7","84469702","84470001","chr3","129120373","129120672","6","44650671"
"chr7","84683628","84683921","chr7","89324881","89325174","4","4641253"
"chr7","84844301","84844406","chr15","80064951","80065052","13","4779350"
"chr7","85093219","85093514","chr7","89720452","89720763","27","4627233"
"chr7","85202824","85203125","chr3","42175345","42175649","55","43027479"
"chr7","85355858","85356154","chr7","89991347","89991639","9","4635489"
"chr7","85387471","85387778","chr8","99397742","99398049","32","14010271"
"chr7","86095575","86095865","chr7","90722847","90723144","18","4627272"
"chr7","86100751","86101035","chr7","90728039","90728323","3","4627288"
"chr7","86306709","86306988","chr12","38472046","38472329","47","47834663"
"chr7","86363649","86363943","chr7","91013215","91013510","5","4649566"
"chr7","86544884","86545196","chr10","51498844","51499155","42","35046040"
"chr7","86699574","86699837","chrX","131366970","131367228","45","44667396"
"chr7","86968085","86968221","chr14","30704547","30704680","24","56263538"
"chr7","87186704","87186982","chr7","91924216","91924497","4","4737512"
"chr7","87343107","87343356","chr7","92079244","92079493","3","4736137"
"chr7","87376524","87376823","chr7","92112623","92112921","9","4736099"
"chr7","87553867","87554161","chr7","92291197","92291490","9","4737330"
"chr7","87631401","87631714","chr2","1011747","1012059","48","86619654"
"chr7","87640046","87640344","chr7","92377481","92377785","12","4737435"
"chr7","87709796","87710123","chr7","92444324","92444645","13","4734528"
"chr7","87771138","87771439","chr6","64317330","64317632","33","23453808"
"chr7","87807405","87807711","chrX","53703108","53703418","41","34104297"
"chr7","87849159","87849453","chr7","92581789","92582096","16","4732630"
"chr7","87850495","87850795","chr6","39737167","39737470","35","48113328"
"chr7","87857681","87857980","chr7","92589722","92590020","3","4732041"
"chr7","87865466","87865766","chr7","92598025","92598325","9","4732559"
"chr7","88070391","88070669","chr1","207454521","207454797","51","119384130"
"chr7","88170007","88170319","chr4","43777166","43777476","37","44392841"
"chr7","88784837","88785128","chr2","30016127","30016406","46","58768710"
"chr7","88808376","88808693","chr7","163349357","163349670","37","74540981"
"chr7","88853383","88853585","chr7","93604117","93604320","1","4750734"
"chr7","89482671","89482954","chr7","94248314","94248598","1","4765643"
"chr7","89500016","89500315","chr5","184245462","184245762","51","94745446"
"chr7","89564740","89565049","chrX","25231882","25232194","46","64332858"
"chr7","89631274","89631577","chr19","7144001","7144308","41","82487273"
"chr7","89659724","89660037","chr7","94436859","94437160","16","4777135"
"chr7","89790703","89791000","chr7","57639997","57640285","46","32150706"
"chr7","89851953","89852224","chr7","94631486","94631757","3","4779533"
"chr7","90070558","90070842","chr5","120649701","120649978","52","30579143"
"chr7","90527943","90528253","chr7","95302764","95303075","6","4774821"
"chr7","90577185","90577477","chr7","95354918","95355220","13","4777733"
"chr7","90680699","90680984","chrX","144511049","144511337","43","53830350"
"chr7","90846033","90846350","chr9","41028320","41028628","46","49817713"
"chr7","90857772","90858084","chr7","95719909","95720216","10","4862137"
"chr7","91004188","91004488","chr7","49903977","49904276","40","41100211"
"chr7","91018682","91018978","chr13","104136295","104136589","44","13117613"
"chr7","91114851","91115133","chr7","96077953","96078235","7","4963102"
"chr7","91126822","91127099","chr7","96089584","96089861","5","4962762"
"chr7","91214425","91214718","chr6","68376310","68376603","49","22838115"
"chr7","91257894","91258210","chr2","94213957","94214267","41","2956063"
"chr7","91267795","91268085","chr10","27607291","27607583","45","63660504"
"chr7","91270360","91270655","chr6","166686121","166686419","37","75415761"
"chr7","91353291","91353459","chr12","119197527","119197691","21","27844236"
"chr7","91505739","91505898","chr1","8712684","8712843","28","82793055"
"chr7","91519275","91519574","chr7","96499049","96499348","3","4979774"
"chr7","91528319","91528630","chr13","95377167","95377474","41","3848848"
"chr7","91563223","91563535","chr7","117034580","117034895","41","25471357"
"chr7","91832187","91832499","chr17","15300253","15300563","37","76531934"
"chr7","91851273","91851572","chr20","61246724","61247032","39","30604549"
"chr7","92229077","92229386","chr7","97208507","97208815","14","4979430"
"chr7","92357417","92357678","chr7","97338504","97338765","3","4981087"
"chr7","92388055","92388350","chr7","97368598","97368893","2","4980543"
"chr7","92779978","92780270","chr7","97754966","97755253","6","4974988"
"chr7","92965725","92966022","chr7","97947495","97947789","7","4981770"
"chr7","93091917","93092231","chrX","42534967","42535279","44","50556950"
"chr7","93637731","93638014","chr7","98628434","98628715","5","4990703"
"chr7","93808302","93808609","chr7","98811488","98811793","5","5003186"
"chr7","95088014","95088329","chr4","73792693","73793002","45","21295321"
"chr7","95507413","95507712","chr1","25343836","25344135","35","70163577"
"chr7","95516537","95516734","chr8","44005782","44005984","31","51510755"
"chr7","95566018","95566257","chr7","53491760","53491999","35","42074258"
"chr7","95582323","95582629","chr7","100596408","100596713","3","5014085"
"chr7","95583930","95584249","chr4","36854927","36855234","48","58729003"
"chr7","95618511","95618749","chr7","100634035","100634273","3","5015524"
"chr7","95674339","95674623","chr20","11648087","11648361","53","84026252"
"chr7","95684502","95684813","chr9","41028320","41028628","31","54656182"
"chr7","95684943","95685206","chr10","27694634","27694898","33","67990309"
"chr7","95759453","95759747","chr7","100775241","100775538","5","5015788"
"chr7","95767151","95767442","chr7","100782572","100782866","8","5015421"
"chr7","95883902","95884211","chr7","100904905","100905216","13","5021003"
"chr7","97631634","97631922","chr19","10872248","10872544","36","86759386"
"chr7","97871979","97872285","chr1","166570923","166571241","40","68698944"
"chr7","98284307","98284620","chr19","34193976","34194287","50","64090331"
"chr7","98520175","98520461","chr7","103717975","103718260","5","5197800"
"chr7","98947406","98947706","chr7","104150864","104151164","4","5203458"
"chr7","99145819","99146127","chr7","104345993","104346305","10","5200174"
"chr7","99209393","99209690","chr7","104408638","104408912","28","5199245"
"chr7","99369868","99370177","chr5","18956092","18956398","40","80413776"
"chr7","100541925","100542236","chr3","88821840","88822151","36","11720085"
"chr7","101191041","101191352","chr7","106529258","106529556","18","5338217"
"chr7","101447168","101447479","chrX","434434","434743","38","101012734"
"chr7","101496952","101497240","chr13","107685940","107686224","60","6188988"
"chr7","101567738","101568073","chr11","2826159","2826489","54","98741579"
"chr7","101619632","101619876","chr7","106972370","106972590","26","5352738"
"chr7","101808214","101808512","chr1","67123290","67123588","37","34684924"
"chr7","101816154","101816453","chr14","48968274","48968570","42","52847880"
"chr7","101905488","101905801","chr8","140936325","140936643","49","39030837"
"chr7","101924180","101924494","chr7","107289052","107289367","7","5364872"
"chr7","101969403","101969667","chr7","107332594","107332858","4","5363191"
"chr7","102761494","102761788","chr6","133406856","133407151","42","30645362"
"chr7","103416715","103417016","chr7","108865905","108866207","8","5449190"
"chr7","103617733","103618038","chr9","94500794","94501088","50","9116939"
"chr7","103912661","103912975","chr3","182775197","182775506","42","78862536"
"chr7","103930572","103930867","chr7","109382048","109382335","11","5451476"
"chr7","104674125","104674428","chr7","110120911","110121214","10","5446786"
"chr7","104734171","104734453","chr7","110197565","110197850","7","5463394"
"chr7","104912721","104913007","chr9","55550334","55550622","45","49362387"
"chr7","105380438","105380750","chr3","126757935","126758247","40","21377497"
"chr7","106051623","106051929","chr7","111557042","111557348","5","5505419"
"chr7","106080595","106080855","chr10","25802075","25802331","36","80278520"
"chr7","106088256","106088579","chr7","111593482","111593816","18","5505226"
"chr7","106094428","106094712","chr7","111600948","111601246","20","5506520"
"chr7","106160288","106160580","chr7","111668900","111669196","11","5508612"
"chr7","106192572","106192830","chr13","12281607","12281875","44","93910965"
"chr7","106194142","106194437","chr10","65759354","65759649","32","40434788"
"chr7","106195579","106195874","chr7","111703387","111703675","8","5507808"
"chr7","106211512","106211835","chr4","6726025","6726335","52","99485487"
"chr7","106224390","106224700","chr7","111731511","111731821","7","5507121"
"chr7","106366638","106366972","chr3","10716492","10716803","60","95650146"
"chr7","106379991","106380174","chr20","17989183","17989361","35","88390808"
"chr7","106381623","106381940","chr7","111888350","111888667","33","5506727"
"chr7","106436177","106436482","chr8","42714956","42715262","41","63721221"
"chr7","106479242","106479473","chr5","77727996","77728225","42","28751246"
"chr7","106623071","106623381","chr7","112130741","112131041","15","5507670"
"chr7","106694771","106695064","chr7","42688737","42689037","44","64006034"
"chr7","106859508","106859809","chr7","69272152","69272452","39","37587356"
"chr7","106919944","106920234","chr7","112424793","112425081","5","5504849"
"chr7","107026191","107026490","chr7","112530101","112530399","4","5503910"
"chr7","107030448","107030744","chr7","112534410","112534706","2","5503962"
"chr7","107102154","107102474","chr14","22411607","22411921","43","84690547"
"chr7","107206358","107206489","chr14","30704547","30704680","17","76501811"
"chr7","107297819","107298111","chr2","203310670","203310965","38","96012851"
"chr7","107352232","107352546","chr7","112858793","112859107","9","5506561"
"chr7","107462963","107463260","chr7","112966417","112966708","9","5503454"
"chr7","107601537","107601812","chr7","113106895","113107168","19","5505358"
"chr7","107764092","107764396","chr7","113268169","113268473","2","5504077"
"chr7","107814438","107814749","chr20","61246724","61247032","41","46567714"
"chr7","107882680","107882987","chr7","113388185","113388494","7","5505505"
"chr7","108085838","108086126","chr7","113593601","113593889","4","5507763"
"chr7","108435099","108435378","chr7","113944233","113944514","4","5509134"
"chr7","108519889","108520190","chr7","114028458","114028767","11","5508569"
"chr7","108644278","108644586","chr7","114148754","114149056","14","5504476"
"chr7","108981939","108982245","chr19","10872248","10872544","44","98109691"
"chr7","109086176","109086469","chr1","45406142","45406435","44","63680034"
"chr7","109105236","109105285","chr7","114607378","114607427","0","5502142"
"chr7","109135938","109136264","chr19","40175165","40175482","50","68960773"
"chr7","109136363","109136668","chr7","114640758","114641067","8","5504395"
"chr7","109251515","109251818","chr10","72539692","72539997","40","36711823"
"chr7","109279752","109280024","chr7","114790269","114790561","31","5510517"
"chr7","109322028","109322320","chr7","114827038","114827325","10","5505010"
"chr7","109366231","109366550","chr7","114870513","114870838","8","5504282"
"chr7","109374349","109374661","chr19","4339646","4339953","39","105034703"
"chr7","109426848","109427153","chr16","32427628","32427931","34","76999220"
"chr7","109428244","109428549","chr16","32427628","32427931","34","77000616"
"chr7","109432762","109433048","chr7","114936221","114936507","9","5503459"
"chr7","109436684","109436962","chr7","114940144","114940422","8","5503460"
"chr7","110510309","110510608","chr7","116064334","116064630","10","5554025"
"chr7","110514885","110515186","chr2","180479280","180479583","46","69964395"
"chr7","110859832","110860134","chr7","116414795","116415096","7","5554963"
"chr7","110860204","110860514","chr7","116415166","116415495","26","5554962"
"chr7","111362947","111363230","chr10","65759354","65759649","49","45603593"
"chr7","111370260","111370556","chr1","37037731","37038027","39","74332529"
"chr7","111482514","111482829","chr7","117034580","117034895","6","5552066"
"chr7","111581935","111582237","chr7","117135797","117136104","8","5553862"
"chr7","111732396","111732575","chr7","117275129","117275309","6","5542733"
"chr7","111787336","111787617","chr4","127721269","127721556","33","15933933"
"chr7","111806036","111806321","chr7","117349110","117349394","6","5543074"
"chr7","111845511","111845821","chr7","117389326","117389638","6","5543815"
"chr7","112395879","112396172","chr7","117948557","117948862","25","5552678"
"chr7","112997250","112997549","chr7","118546343","118546644","9","5549093"
"chr7","113115457","113115766","chr7","42153561","42153873","42","70961896"
"chr7","113123319","113123499","chr1","78204912","78205100","29","34918407"
"chr7","113135856","113136161","chr9","55550334","55550622","47","57585522"
"chr7","113154686","113154989","chr7","118702305","118702598","19","5547619"
"chr7","113163207","113163525","chr1","87448547","87448862","44","25714660"
"chr7","113257907","113258208","chr1","221241596","221241888","46","107983689"
"chr7","113274004","113274306","chr7","118823427","118823731","4","5549423"
"chr7","113290200","113290485","chr7","118839641","118839895","33","5549441"
"chr7","113355348","113355634","chr4","121910493","121910778","37","8555145"
"chr7","113397131","113397436","chr7","118948746","118949053","6","5551615"
"chr7","113431148","113431456","chr1","36884018","36884325","44","76547130"
"chr7","113780062","113780369","chr7","119331036","119331339","8","5550974"
"chr7","113902565","113902873","chr2","54114833","54115140","41","59787732"
"chr7","114596661","114596953","chr7","120138945","120139237","5","5542284"
"chr7","114646857","114647172","chr7","120196822","120197120","21","5549965"
"chr7","114700945","114701178","chr7","72384103","72384350","55","42316842"
"chr7","114909464","114909773","chr7","120465651","120465963","7","5556187"
"chr7","115032578","115032870","chr7","120586313","120586605","7","5553735"
"chr7","115091864","115092179","chr7","120645304","120645621","16","5553440"
"chr7","115200739","115201029","chrX","123495796","123496096","42","8295057"
"chr7","115252175","115252484","chr7","120805523","120805833","10","5553348"
"chr7","115457372","115457668","chr7","121012086","121012389","13","5554714"
"chr7","116527860","116528155","chr7","122074700","122074996","7","5546840"
"chr7","116557413","116557736","chr7","122103994","122104313","10","5546581"
"chr7","116656014","116656324","chr1","87448547","87448862","34","29207467"
"chr7","116710838","116711140","chr7","40068470","40068774","44","76642368"
"chr7","117138985","117139296","chr9","31304685","31304998","42","85834300"
"chr7","117596777","117597055","chr7","123141489","123141755","24","5544712"
"chr7","117653834","117654119","chr7","123198622","123198907","7","5544788"
"chr7","117787029","117787168","chr7","123331536","123331672","6","5544507"
"chr7","117987121","117987414","chr7","123531994","123532288","3","5544873"
"chr7","118037779","118038095","chr1","129094903","129095211","46","11057124"
"chr7","118190499","118190805","chr7","123734634","123734950","13","5544135"
"chr7","118233205","118233518","chr1","154900380","154900688","40","36667175"
"chr7","118239187","118239493","chr10","78860588","78860889","10","39378599"
"chr7","118249586","118249874","chr10","78850983","78851271","3","39398603"
"chr7","118251746","118252049","chr10","29617192","29617497","32","88634554"
"chr7","118315526","118315829","chr7","123778578","123778878","10","5463052"
"chr7","118683437","118683717","chr7","124138983","124139263","3","5455546"
"chr7","119130354","119130666","chr7","124601956","124602264","13","5471602"
"chr7","119452602","119452913","chr1","162739180","162739489","38","43286578"
"chr7","119519770","119520084","chr1","12441622","12441932","41","107078148"
"chr7","119668220","119668541","chr3","48301213","48301535","46","71367007"
"chr7","119912857","119913137","chr1","135637280","135637558","39","15724423"
"chr7","119916598","119916889","chr7","125458191","125458481","3","5541593"
"chr7","119971717","119972029","chr2","109129520","109129825","42","10842197"
"chr7","119972030","119972213","chr13","97316852","97317027","30","22655178"
"chr7","119974323","119974632","chr9","55550334","55550622","49","64423989"
"chr7","120073162","120073449","chr7","118702305","118702598","46","1370857"
"chr7","120107438","120107599","chr7","125669811","125669987","16","5562373"
"chr7","120205286","120205596","chr2","109129520","109129825","48","11075766"
"chr7","120209316","120209619","chr7","40068470","40068774","44","80140846"
"chr7","120252385","120252677","chr7","125813868","125814169","11","5561483"
"chr7","120254617","120254922","chr7","125816121","125816431","13","5561504"
"chr7","120258549","120258861","chr7","125820175","125820477","22","5561626"
"chr7","120370774","120371084","chr12","83411292","83411599","44","36959482"
"chr7","120537504","120537816","chr7","126112577","126112887","10","5575073"
"chr7","120687350","120687647","chr7","126263761","126264058","7","5576411"
"chr7","120694603","120694896","chr19","42770874","42771168","42","77923729"
"chr7","120723304","120723620","chr7","126299801","126300111","21","5576497"
"chr7","120733330","120733622","chr16","45210778","45211077","41","75522552"
"chr7","120760594","120760925","chr1","86850828","86851155","58","33909766"
"chr7","120798894","120799162","chr7","126392592","126392860","3","5593698"
"chr7","120859514","120859813","chr7","126452564","126452863","6","5593050"
"chr7","120907086","120907159","chr13","88298273","88298335","18","32608813"
"chr7","120935482","120935695","chr6","178153521","178153744","53","57218039"
"chr7","121077013","121077306","chr6","138003267","138003568","44","16926254"
"chr7","121192360","121192666","chr1","26083366","26083673","54","95108994"
"chr7","121195489","121195794","chr7","126788775","126789080","4","5593286"
"chr7","121261412","121261730","chrX","8089980","8090284","46","113171432"
"chr7","121360577","121360889","chr7","126953935","126954247","9","5593358"
"chr7","121567184","121567437","chr7","127163039","127163292","2","5595855"
"chr7","121670975","121671274","chr7","127277334","127277626","12","5606359"
"chr7","121743158","121743468","chr9","41028320","41028628","40","80714838"
"chr7","121847201","121847486","chr7","127498873","127499156","6","5651672"
"chr7","121889019","121889332","chr7","127542129","127542440","15","5653110"
"chr7","121905165","121905471","chr7","127558271","127558581","9","5653106"
"chr7","122006572","122006881","chr7","61727370","61727680","56","60279202"
"chr7","122074404","122074752","chr11","110649917","110650234","79","11424487"
"chr7","122344207","122344519","chr7","128025050","128025362","1","5680843"
"chr7","122658697","122658947","chr3","12119090","12119350","48","110539607"
"chr7","122763683","122763992","chr7","128727687","128727986","19","5964004"
"chr7","122831980","122832290","chrX","74637879","74638190","43","48194101"
"chr7","122967762","122968052","chr7","128994197","128994484","5","6026435"
"chr7","123048516","123048816","chr20","58740407","58740709","46","64308109"
"chr7","123054059","123054282","chr7","129079533","129079756","3","6025474"
"chr7","123056490","123056805","chr7","163349357","163349670","45","40292867"
"chr7","123285271","123285586","chr2","94181087","94181399","39","29104184"
"chr7","123356196","123356500","chr7","129378613","129378913","8","6022417"
"chr7","123582895","123583209","chr1","52328923","52329234","38","71253972"
"chr7","123628954","123629253","chr11","10516060","10516352","40","113112894"
"chr7","123723734","123724020","chr7","129756412","129756697","8","6032678"
"chr7","123827083","123827353","chr8","22472844","22473120","50","101354239"
"chr7","123832170","123832484","chr1","87448547","87448862","40","36383623"
"chr7","123862516","123862706","chr7","129895072","129895262","6","6032556"
"chr7","123867649","123867946","chr7","129900530","129900827","8","6032881"
"chr7","123929649","123929964","chr5","153272771","153273078","49","29343122"
"chr7","124004553","124004842","chr7","130032330","130032619","2","6027777"
"chr7","124413646","124413957","chr2","63731365","63731674","40","60682281"
"chr7","124556646","124556958","chr3","10716492","10716803","42","113840154"
"chr7","124575546","124575843","chr7","130612055","130612355","7","6036509"
"chr7","124674924","124675214","chr7","130711747","130712036","7","6036823"
"chr7","124942747","124943054","chr6","68600539","68600843","41","56342208"
"chr7","125117488","125117785","chr7","131158382","131158692","21","6040894"
"chr7","125156907","125157197","chr7","11104544","11104847","48","114052363"
"chr7","125204407","125204710","chr7","131246403","131246705","3","6041996"
"chr7","125344338","125344633","chr6","166686121","166686419","42","41341783"
"chr7","125474197","125474494","chr1","51510466","51510768","45","73963731"
"chr7","125543215","125543519","chr1","113371731","113372040","42","12171484"
"chr7","125658306","125658616","chr1","25767759","25768066","50","99890547"
"chr7","125815072","125815373","chr9","60492052","60492354","46","65323020"
"chr7","126528801","126529098","chr7","132625667","132625965","5","6096866"
"chr7","126819884","126820167","chr2","105501397","105501672","51","21318487"
"chr7","126836636","126836795","chr2","84214872","84215040","32","42621764"
"chr7","126863405","126863714","chr11","16833474","16833784","40","110029931"
"chr7","126906516","126906805","chr7","133096236","133096524","5","6189720"
"chr7","126973479","126973775","chr3","75657452","75657750","42","51316027"
"chr7","127021346","127021659","chr3","178948248","178948560","50","51926902"
"chr7","127050791","127051104","chr14","13010878","13011189","36","114039913"
"chr7","127187046","127187339","chr7","133387997","133388309","23","6200951"
"chr7","127390339","127390605","chr13","54502592","54502864","49","72887747"
"chr7","127390852","127391165","chr3","124729259","124729563","46","2661593"
"chr7","127531121","127531430","chr19","14838074","14838384","48","112693047"
"chr7","127579758","127580057","chr7","133785461","133785766","11","6205703"
"chr7","127633687","127634002","chr10","63405659","63405967","38","64228028"
"chr7","128001344","128001650","chr7","134201898","134202200","6","6200554"
"chr7","128086325","128086641","chr15","26986646","26986958","46","101099679"
"chr7","128302302","128302587","chr7","134500829","134501111","11","6198527"
"chr7","128345942","128346271","chr7","20375134","20375447","51","107970808"
"chr7","128505577","128505830","chr6","153299185","153299450","44","24793608"
"chr7","128527161","128527458","chr7","134730514","134730813","8","6203353"
"chr7","128951355","128951648","chrX","71690462","71690764","54","57260893"
"chr7","129035987","129036278","chr5","169292376","169292670","61","40256389"
"chr7","129039271","129039569","chr7","135284474","135284773","3","6245203"
"chr7","129075208","129075505","chr7","135312656","135312955","5","6237448"
"chr7","129079914","129079942","chr14","67878494","67878522","6","61201420"
"chr7","129119062","129119351","chr7","135408934","135409254","40","6289872"
"chr7","129144492","129144779","chr10","65759354","65759649","46","63385138"
"chr7","129200017","129200117","chr7","135494581","135494669","15","6294564"
"chr7","129202042","129202231","chr2","40659083","40659261","32","88542959"
"chr7","129230372","129230689","chr7","135528025","135528320","23","6297653"
"chr7","129237209","129237524","chr7","135534854","135535160","22","6297645"
"chr7","129297243","129297545","chr7","135597712","135598014","2","6300469"
"chr7","129316881","129317189","chr4","130017062","130017369","40","700181"
"chr7","129365723","129366032","chr15","81895891","81896196","49","47469832"
"chr7","129366319","129366628","chr11","117151786","117152096","44","12214533"
"chr7","129484217","129484500","chr3","155979918","155980198","56","26495701"
"chr7","129597685","129597779","chr4","33479031","33479125","28","96118654"
"chr7","129661258","129661569","chrX","8089980","8090284","44","121571278"
"chr7","129661626","129661923","chr7","135972573","135972872","18","6310947"
"chr7","129669705","129670004","chr7","135980353","135980648","8","6310648"
"chr7","129679286","129679546","chr7","135992473","135992740","20","6313187"
"chr7","129685891","129686187","chr2","47582583","47582888","53","82103308"
"chr7","129734436","129734749","chr1","87448547","87448862","40","42285889"
"chr7","129817897","129818189","chr7","136094610","136094902","4","6276713"
"chr7","129870908","129871224","chr7","136151119","136151440","10","6280211"
"chr7","129897733","129898028","chr7","136178277","136178567","10","6280544"
"chr7","129904731","129905013","chr7","136186280","136186562","6","6281549"
"chr7","129940059","129940360","chr7","136223562","136223872","14","6283503"
"chr7","129947225","129947538","chr7","136231034","136231347","4","6283809"
"chr7","130015635","130015925","chr7","136300125","136300415","7","6284490"
"chr7","130036495","130036795","chr20","54360156","54360459","37","75676339"
"chr7","130038120","130038238","chrX","127938234","127938361","15","2099886"
"chr7","130041359","130041659","chr7","136328159","136328458","7","6286800"
"chr7","130047923","130048172","chr2","93654022","93654270","39","36393901"
"chr7","130144580","130144902","chr7","136437306","136437616","18","6292726"
"chr7","130165271","130165569","chr7","136458316","136458612","7","6293045"
"chr7","130222323","130222637","chr1","53870362","53870673","44","76351961"
"chr7","130294660","130294944","chr7","136591343","136591629","8","6296683"
"chr7","130347142","130347438","chr11","112287515","112287819","40","18059627"
"chr7","130350244","130350549","chr5","41773732","41774035","41","88576512"
"chr7","130371646","130371949","chr7","136668247","136668549","10","6296601"
"chr7","130376523","130376822","chr4","156858516","156858825","46","26481993"
"chr7","130382989","130383267","chr15","64791145","64791424","42","65591844"
"chr7","130383996","130384288","chr7","136680505","136680797","10","6296509"
"chr7","130406359","130406679","chrX","5074589","5074900","45","125331770"
"chr7","130423951","130424106","chrX","113259087","113259241","26","17164864"
"chr7","130440939","130441169","chr11","117258303","117258538","36","13182636"
"chr7","130457869","130458157","chr16","32427628","32427931","56","98030241"
"chr7","130699376","130699686","chr10","29617192","29617497","34","101082184"
"chr7","130798976","130799264","chr7","137107777","137108065","4","6308801"
"chr7","130882827","130882898","chr16","39114949","39115024","14","91767878"
"chr7","130884327","130884576","chr2","134056539","134056781","52","3172212"
"chr7","130996381","130996678","chr19","36130755","36131051","36","94865626"
"chr7","131014662","131014952","chr7","137323382","137323670","5","6308720"
"chr7","131112729","131113035","chr7","137421474","137421776","11","6308745"
"chr7","131122843","131123127","chr7","137431562","137431855","11","6308719"
"chr7","131181003","131181302","chr6","72960756","72961056","37","58220247"
"chr7","131200205","131200511","chr9","41028320","41028628","38","90171885"
"chr7","131261766","131262081","chr5","780445","780757","50","130481321"
"chr7","131305872","131306180","chr1","128244927","128245230","34","3060945"
"chr7","131313531","131313840","chr7","137624328","137624628","14","6310797"
"chr7","131363823","131364084","chr10","27694634","27694898","41","103669189"
"chr7","131368060","131368365","chr5","41773732","41774035","41","89594328"
"chr7","131402607","131402907","chr7","137711388","137711698","18","6308781"
"chr7","131573095","131573379","chr9","115948055","115948347","54","15625040"
"chr7","131722138","131722452","chr2","27915046","27915358","45","103807092"
"chr7","131822703","131823014","chr16","45178244","45178554","43","86644459"
"chr7","132099063","132099362","chr16","31070792","31071075","47","101028271"
"chr7","132266237","132266526","chr9","98887913","98888200","47","33378324"
"chr7","132342604","132342905","chr12","83411292","83411599","38","48931312"
"chr7","132574513","132574569","chr2","41097625","41097684","19","91476888"
"chr7","132591414","132591707","chr7","138935257","138935556","13","6343843"
"chr7","132652814","132653113","chr9","19917234","19917538","47","112735580"
"chr7","132691161","132691467","chr7","139039098","139039399","9","6347937"
"chr7","132741441","132741752","chr7","139091936","139092223","27","6350495"
"chr7","132752828","132753156","chr11","23448734","23449067","51","109304094"
"chr7","132776027","132776369","chr2","195675311","195675634","58","62899284"
"chr7","132801983","132802113","chr12","98784602","98784734","22","34017381"
"chr7","132875016","132875294","chr7","139225049","139225327","2","6350033"
"chr7","132920876","132921188","chr7","139271553","139271862","7","6350677"
"chr7","132976850","132977143","chr19","51940633","51940923","55","81036217"
"chr7","133033123","133033374","chr4","37997758","37998012","65","95035365"
"chr7","133063121","133063372","chr3","49648296","49648561","79","83414825"
"chr7","133066982","133067270","chr17","94903136","94903424","43","38163846"
"chr7","133222409","133222702","chr7","139580030","139580323","1","6357621"
"chr7","133233232","133233443","chrX","125345263","125345456","56","7887969"
"chr7","133384400","133384713","chr7","139741585","139741897","7","6357185"
"chr7","133496948","133497260","chr16","76763230","76763541","39","56733718"
"chr7","133642499","133642775","chr7","140001209","140001485","5","6358710"
"chr7","133720766","133721037","chr11","101311408","101311692","49","32409358"
"chr7","133745299","133745593","chr7","36332943","36333239","38","97412356"
"chr7","133746209","133746418","chr3","40509412","40509622","30","93236797"
"chr7","133793103","133793406","chr6","64317330","64317632","39","69475773"
"chr7","133855280","133855591","chr4","116687388","116687697","36","17167892"
"chr7","133887493","133887781","chr7","140253002","140253290","10","6365509"
"chr7","133905214","133905511","chr7","140270928","140271210","26","6365714"
"chr7","133947266","133947566","chr7","140313669","140313968","7","6366403"
"chr7","133975708","133976009","chr7","140341372","140341673","15","6365664"
"chr7","134107214","134107486","chr6","67453952","67454226","36","66653262"
"chr7","134277296","134277559","chr1","52534480","52534736","39","81742816"
"chr7","134538528","134538824","chr7","140914112","140914408","6","6375584"
"chr7","134770030","134770347","chr2","54114833","54115140","52","80655197"
"chr7","134819513","134819824","chrX","23126700","23127011","37","111692813"
"chr7","135187481","135187797","chr7","20375134","20375447","52","114812347"
"chr7","135423793","135424078","chr7","141792360","141792644","4","6368567"
"chr7","136467905","136468212","chr7","142889407","142889712","14","6421502"
"chr7","136545022","136545328","chr2","118509475","118509782","56","18035547"
"chr7","136701262","136701575","chrX","42534967","42535279","36","94166295"
"chr7","136789760","136790058","chr6","175406673","175406973","49","38616913"
"chr7","137098201","137098521","chr7","143531515","143531834","7","6433314"
"chr7","137304126","137304431","chr7","143734732","143735041","7","6430606"
"chr7","137467131","137467414","chr9","98185687","98185970","39","39281444"
"chr7","137481922","137482234","chr2","109129520","109129825","43","28352402"
"chr7","137528807","137529106","chr7","143958565","143958874","17","6429758"
"chr7","137768482","137768792","chrUn_NW_014807719v1","117","430","36","137768365"
"chr7","137933316","137933627","chr7","157654660","157654971","38","19721344"
"chr7","137949950","137950244","chr6","133406856","133407151","38","4543094"
"chr7","138634230","138634516","chr3","68752563","68752851","50","69881667"
"chr7","139421647","139421981","chr2","204074430","204074751","65","64652783"
"chr7","140101241","140101538","chr7","146615620","146615920","10","6514379"
"chr7","140422389","140422524","chr10","29883799","29883940","22","110538590"
"chr7","140718107","140718297","chr2","196454758","196454949","35","55736651"
"chr7","140728739","140729073","chr7","147296465","147296768","37","6567726"
"chr7","141021112","141021407","chr7","147596611","147596908","6","6575499"
"chr7","141098915","141099086","chr7","147674525","147674690","8","6575610"
"chr7","141194256","141194553","chr10","70614005","70614306","43","70580251"
"chr7","141346356","141346667","chr11","117151786","117152096","43","24194570"
"chr7","141546811","141547120","chr7","148119501","148119810","3","6572690"
"chr7","141791257","141791568","chr7","157654660","157654971","44","15863403"
"chr7","141874684","141874992","chr7","44258629","44258940","49","97616055"
"chr7","142170040","142170341","chr14","21868513","21868811","44","120301527"
"chr7","142249270","142249552","chr7","148826059","148826354","25","6576789"
"chr7","142679173","142679473","chr4","171003573","171003873","6","28324400"
"chr7","143109616","143109927","chr7","149178379","149178690","3","6068763"
"chr7","143274148","143274454","chr2","40865043","40865350","43","102409105"
"chr7","143763630","143763927","chr20","16263773","16264074","15","127499857"
"chr7","143779896","143780201","chr6","39737167","39737470","48","104042729"
"chr7","144104512","144104804","chr15","41562776","41563067","43","102541736"
"chr7","144183740","144184033","chr4","118161804","118162102","43","26021936"
"chr7","144463855","144464149","chr6","133406856","133407151","35","11056999"
"chr7","144729797","144730106","chr7","150761507","150761832","32","6031710"
"chr7","144904707","144904980","chr7","150938327","150938603","14","6033620"
"chr7","145026696","145027033","chr7","151059327","151059667","8","6032631"
"chr7","145460373","145460514","chr5","147999049","147999187","22","2538676"
"chr7","145463678","145463979","chr7","151498639","151498946","10","6034961"
"chr7","145465384","145465678","chr7","151500350","151500652","17","6034966"
"chr7","145543633","145543898","chr14","112568055","112568320","32","32975578"
"chr7","145778690","145778960","chr7","151812473","151812755","14","6033783"
"chr7","145882378","145882694","chr7","151915780","151916095","7","6033402"
"chr7","146047681","146047977","chr7","152089450","152089747","4","6041769"
"chr7","146059559","146059887","chr14","100778112","100778422","53","45281447"
"chr7","146096975","146097239","chr14","112568055","112568320","39","33528920"
"chr7","146246616","146246916","chr18","49078066","49078368","38","97168550"
"chr7","146257773","146258082","chrX","5074589","5074900","40","141183184"
"chr7","146335322","146335623","chr7","152385056","152385358","18","6049734"
"chr7","146376290","146376575","chr7","152427129","152427411","11","6050839"
"chr7","146417918","146418230","chr7","152466525","152466836","9","6048607"
"chr7","146447144","146447459","chr7","152496223","152496538","8","6049079"
"chr7","146471459","146471762","chr7","152521754","152522039","43","6050295"
"chr7","146480411","146480721","chr7","152531052","152531360","4","6050641"
"chr7","146673033","146673324","chr7","152723337","152723626","7","6050304"
"chr7","146694716","146695011","chr7","152744915","152745210","6","6050199"
"chr7","146851447","146851738","chr7","152902158","152902452","5","6050711"
"chr7","146885091","146885399","chr7","152934376","152934685","3","6049285"
"chr7","146896673","146896966","chr7","152945961","152946257","10","6049288"
"chr7","146936765","146937076","chr1","27581740","27582049","40","119355025"
"chr7","147203136","147203406","chr7","153257701","153257971","11","6054565"
"chr7","147209582","147209744","chr1","14842540","14842701","25","132367042"
"chr7","147248232","147248538","chr10","5478356","5478656","41","141769876"
"chr7","147249839","147249971","chr2","92839022","92839153","22","54410817"
"chr7","147313727","147314023","chr7","153366725","153367023","14","6052998"
"chr7","147381456","147381769","chr3","178948248","178948560","40","31566792"
"chr7","147408284","147408588","chr7","153462745","153463049","2","6054461"
"chr7","147434754","147435064","chr11","117151786","117152096","38","30282968"
"chr7","147584379","147584685","chr1","24467442","24467748","54","123116937"
"chr7","147599948","147600260","chr7","166051572","166051876","43","18451624"
"chr7","147656366","147656674","chr1","129094903","129095211","34","18561463"
"chr7","147823989","147824293","chr7","153881221","153881528","7","6057232"
"chr7","147959487","147959788","chr14","10768306","10768598","41","137191181"
"chr7","147971762","147972035","chr1","7160057","7160346","56","140811705"
"chr7","148066711","148067022","chr2","84374430","84374735","44","63692281"
"chr7","148156429","148156724","chr11","28744070","28744379","57","119412359"
"chr7","148262673","148262982","chr12","58348417","58348727","40","89914256"
"chr7","148373095","148373397","chr7","154456110","154456404","20","6083015"
"chr7","148376589","148376894","chr7","154459584","154459892","11","6082995"
"chr7","148470518","148470830","chr10","63405659","63405967","42","85064859"
"chr7","148583023","148583316","chr7","154663531","154663823","5","6080508"
"chr7","148689669","148689975","chr7","154769602","154769908","6","6079933"
"chr7","148691888","148692190","chr7","154771823","154772122","7","6079935"
"chr7","148783784","148784080","chr7","154863338","154863632","15","6079554"
"chr7","148810997","148811287","chr13","56911424","56911713","42","91899573"
"chr7","148812087","148812398","chr16","32438374","32438686","30","116373713"
"chr7","148839075","148839378","chr7","154917426","154917728","14","6078351"
"chr7","148842069","148842378","chr7","154919883","154920191","14","6077814"
"chr7","149046486","149046783","chr1","188394116","188394404","48","39347630"
"chr7","149250473","149250778","chr7","155344034","155344337","8","6093561"
"chr7","149321657","149321960","chr18","24853145","24853448","36","124468512"
"chr7","149331270","149331573","chr6","172976638","172976945","38","23645368"
"chr7","149349283","149349594","chr7","157654660","157654971","45","8305377"
"chr7","149407745","149408041","chr7","155504512","155504807","3","6096767"
"chr7","149408249","149408329","chr3","43719125","43719208","14","105689124"
"chr7","149438869","149439181","chr10","63405659","63405967","35","86033210"
"chr7","149454196","149454502","chr7","155552670","155552976","3","6098474"
"chr7","149530967","149531243","chr15","46215391","46215683","47","103315576"
"chr7","149636012","149636306","chr7","155736932","155737240","19","6100920"
"chr7","149707698","149707994","chr7","155807861","155808153","7","6100163"
"chr7","150033606","150033920","chr7","156136074","156136374","25","6102468"
"chr7","150142700","150143024","chr3","178948248","178948560","52","28805548"
"chr7","150153839","150154032","chr2","109693856","109694072","53","40459983"
"chr7","150263561","150263821","chr7","156367898","156368190","33","6104337"
"chr7","150826060","150826354","chr3","36139696","36139995","48","114686364"
"chr7","150860713","150861027","chr7","156967410","156967725","13","6106697"
"chr7","150878051","150878363","chr16","45178244","45178554","35","105699807"
"chr7","150966742","150967016","chr12","114060981","114061253","53","36905761"
"chr7","151212751","151213051","chrX","123495796","123496096","46","27716955"
"chr7","151498908","151499199","chr7","157616863","157617153","5","6117955"
"chr7","151513375","151513671","chr19","10872248","10872544","38","140641127"
"chr7","151536594","151536904","chr7","157654660","157654971","6","6118066"
"chr7","151572820","151573103","chr7","157695061","157695342","6","6122241"
"chr7","151652535","151652834","chr7","157775635","157775932","7","6123100"
"chr7","151860142","151860426","chr7","157979872","157980156","6","6119730"
"chr7","152258434","152258730","chr8","92346531","92346819","35","59911903"
"chr7","152341257","152341575","chr7","158455265","158455576","14","6114008"
"chr7","152561530","152561811","chr7","158673540","158673823","5","6112010"
"chr7","152588529","152588833","chr4","148775829","148776141","43","3812700"
"chr7","153023217","153023498","chr7","159134239","159134520","2","6111022"
"chr7","153231695","153232011","chr7","159343054","159343365","28","6111359"
"chr7","154006003","154006305","chr7","160125705","160126007","7","6119702"
"chr7","154401453","154401748","chr6","135977377","135977673","37","18424076"
"chr7","154931616","154931900","chr7","161053488","161053769","7","6121872"
"chr7","155025746","155026034","chr20","20830695","20830967","56","134195051"
"chr7","155056591","155056891","chr7","161179352","161179660","14","6122761"
"chr7","155068398","155068663","chr7","161191194","161191459","8","6122796"
"chr7","155095751","155096030","chr7","161218761","161219042","11","6123010"
"chr7","155240409","155240713","chr4","36719027","36719329","39","118521382"
"chr7","155545282","155545593","chr6","32408139","32408448","48","123137143"
"chr7","155601636","155601908","chr13","86938792","86939069","47","68662844"
"chr7","155669073","155669376","chr7","161807665","161807966","6","6138592"
"chr7","155798047","155798359","chrX","5074589","5074900","42","150723458"
"chr7","155833062","155833324","chr7","161979791","161980065","18","6146729"
"chr7","155860414","155860705","chr7","162006682","162007004","31","6146268"
"chr7","155897649","155897953","chr7","162044253","162044555","8","6146604"
"chr7","155927967","155928249","chr2","112227291","112227575","47","43700676"
"chr7","155952239","155952549","chr17","15300253","15300563","43","140651986"
"chr7","155954661","155954979","chr3","81952715","81953011","52","74001946"
"chr7","156033430","156033735","chr7","162182167","162182471","7","6148737"
"chr7","156040884","156041185","chr10","29617192","29617497","31","126423692"
"chr7","156072439","156072738","chr7","68779914","68780215","34","87292525"
"chr7","156118056","156118345","chr7","162264148","162264428","10","6146092"
"chr7","156156560","156156846","chr19","1367624","1367911","41","154788936"
"chr7","156179825","156180123","chr1","81677577","81677878","57","74502248"
"chr7","156209260","156209543","chr2","81416446","81416730","37","74792814"
"chr7","156328826","156329114","chr12","123246802","123247099","41","33082024"
"chr7","156336038","156336350","chr9","41028320","41028628","35","115307718"
"chr7","156494748","156495058","chr7","162645736","162646036","23","6150988"
"chr7","156773991","156774253","chr11","131964697","131964960","31","24809294"
"chr7","156798422","156798517","chr20","67185849","67185942","18","89612573"
"chr7","157136440","157136764","chr1","25865201","25865516","49","131271239"
"chr7","157188128","157188442","chr7","163349357","163349670","8","6161229"
"chr7","157342441","157342748","chr7","163504572","163504883","5","6162131"
"chr7","157350734","157351036","chr7","163512880","163513182","8","6162146"
"chr7","157621611","157621911","chr7","163786549","163786851","8","6164938"
"chr7","157785565","157785817","chr7","163951432","163951684","7","6165867"
"chr7","158097702","158098015","chr16","45178244","45178554","40","112919458"
"chr7","158134249","158134527","chr7","164295929","164296207","6","6161680"
"chr7","158162863","158163172","chr7","164327055","164327363","21","6164192"
"chr7","158244622","158244970","chr13","9104448","9104784","59","149140174"
"chr7","158245150","158245440","chr19","10872248","10872544","36","147372902"
"chr7","158431973","158432263","chr7","164483953","164484228","18","6051980"
"chr7","158445801","158446097","chr7","164498210","164498508","7","6052409"
"chr7","158485631","158485723","chr6","32163183","32163273","20","126322448"
"chr7","158507713","158508025","chr2","201505801","201506106","40","42998088"
"chr7","158526329","158526655","chr7","164590323","164590649","6","6063994"
"chr7","158550704","158550994","chr11","10576308","10576599","42","147974396"
"chr7","158560870","158561092","chrX","17105835","17106054","38","141455035"
"chr7","158604445","158604741","chr11","61375427","61375720","44","97229018"
"chr7","158614803","158615051","chr7","164679667","164679920","22","6064864"
"chr7","158666269","158666571","chr10","9206299","9206605","8","149459970"
"chr7","158670362","158670668","chr10","35229644","35229943","35","123440718"
"chr7","158720400","158720712","chr7","157654660","157654971","36","1065740"
"chr7","158819363","158819650","chr7","164887503","164887790","2","6068140"
"chr7","158855991","158856151","chr8","143931317","143931477","33","14924674"
"chr7","159080809","159081112","chr7","165176287","165176589","4","6095478"
"chr7","159218028","159218205","chrX","95215790","95215966","34","64002238"
"chr7","159353573","159353890","chr9","53346767","53347080","37","106006806"
"chr7","159384772","159385074","chr8","59465552","59465853","44","99919220"
"chr7","159450924","159451214","chr6","155161020","155161311","47","4289904"
"chr7","159494464","159494778","chr7","163349357","163349670","40","3854893"
"chr7","159574707","159575007","chr7","165726317","165726618","8","6151610"
"chr7","159636130","159636425","chr9","101020584","101020884","42","58615546"
"chr7","159638976","159639216","chr12","20197316","20197556","34","139441660"
"chr7","159710718","159710960","chrX","9028967","9029199","35","150681751"
"chr7","159835041","159835334","chr11","74878801","74879097","31","84956240"
"chr7","159923466","159923775","chr7","166088505","166088820","10","6165039"
"chr7","159942248","159942543","chr7","166107295","166107589","1","6165047"
"chr7","159984524","159984828","chr3","48403991","48404294","42","111580533"
"chr7","159991351","159991648","chr7","166158932","166159231","3","6167581"
"chr7","160012467","160012763","chr6","68376310","68376603","51","91636157"
"chr7","160123271","160123541","chr12","82377795","82378071","36","77745476"
"chr7","160210598","160210892","chr7","166390096","166390392","6","6179498"
"chr7","160545329","160545397","chr3","114108371","114108448","22","46436958"
"chr7","161040680","161040980","chr7","167222281","167222581","6","6181601"
"chr7","161155345","161155562","chr15","16269298","16269504","30","144886047"
"chr7","161243662","161243960","chr19","10872248","10872544","41","150371414"
"chr7","161352447","161352749","chr7","167493623","167493922","16","6141176"
"chr7","161355596","161355893","chr7","167493623","167493922","5","6138027"
"chr7","161565879","161566187","chr1","38899137","38899444","42","122666742"
"chr7","161568899","161569152","chr12","118058919","118059177","58","43509980"
"chr7","161588374","161588678","chr7","167727540","167727844","4","6139166"
"chr7","161771680","161771978","chrX","71690462","71690764","37","90081218"
"chr8","93061035","93061335","chr1","25343836","25344135","37","67717199"
"chr8","139329244","139329551","chr19","4339646","4339953","59","134989598"
"chr8","254426","254761","chr7","111593482","111593816","53","111339056"
"chr8","648276","648587","chr8","788046","788357","5","139770"
"chr8","706003","706287","chr1","25270118","25270393","49","24564115"
"chr8","1521356","1521655","chr16","25365336","25365632","32","23843980"
"chr8","1793502","1793794","chr10","65759354","65759649","37","63965852"
"chr8","1981604","1981905","chr6","138003267","138003568","37","136021663"
"chr8","2019339","2019649","chr8","2016351","2016662","7","2988"
"chr8","2172863","2173175","chr19","34193976","34194287","41","32021113"
"chr8","2281290","2281592","chr8","2325656","2325918","42","44366"
"chr8","2514332","2514630","chr8","2562239","2562531","22","47907"
"chr8","2768513","2768639","chr2","92839022","92839153","22","90070509"
"chr8","2797717","2798018","chr8","2860003","2860306","4","62286"
"chr8","2828334","2828552","chr5","91408871","91409101","46","88580537"
"chr8","3342573","3342885","chr8","3468371","3468683","6","125798"
"chr8","3648644","3648945","chr8","3770045","3770349","7","121401"
"chr8","3859255","3859564","chr8","3979893","3980167","36","120638"
"chr8","4291731","4291984","chr8","4757147","4757400","3","465416"
"chr8","4468582","4468853","chr18","12276574","12276847","41","7807992"
"chr8","4709187","4709514","chr10","63522905","63523222","59","58813718"
"chr8","4958006","4958309","chr8","5424584","5424883","9","466578"
"chr8","5479857","5480167","chr11","117151786","117152096","46","111671929"
"chr8","5714535","5714849","chr7","20375134","20375447","44","14660599"
"chr8","5752643","5752950","chr9","110187510","110187808","42","104434867"
"chr8","5902387","5902686","chr7","42688737","42689037","39","36786350"
"chr8","5929319","5929631","chr8","6433939","6434251","13","504620"
"chr8","5943884","5944181","chr8","6448926","6449244","32","505042"
"chr8","6027414","6027725","chr16","10722368","10722681","34","4694954"
"chr8","6042573","6042707","chr2","92839022","92839153","22","86796449"
"chr8","6106746","6107041","chr19","10872248","10872544","41","4765502"
"chr8","6285726","6286022","chr8","6794634","6794932","6","508908"
"chr8","6385451","6385761","chr1","37839928","37840237","37","31454477"
"chr8","7047797","7048108","chr8","7853931","7854214","39","806134"
"chr8","7078476","7078790","chr8","7885853","7886166","13","807377"
"chr8","7125740","7126015","chr1","34862043","34862326","41","27736303"
"chr8","7201368","7201664","chr8","8006013","8006309","0","804645"
"chr8","7358638","7358943","chr8","8163866","8164177","14","805228"
"chr8","7639580","7639892","chr8","8450245","8450550","28","810665"
"chr8","7794272","7794580","chr8","8605639","8605921","32","811367"
"chr8","8187150","8187429","chr8","9044757","9045027","11","857607"
"chr8","8214359","8214669","chr8","9071877","9072188","8","857518"
"chr8","8370266","8370578","chr10","88330401","88330712","47","79960135"
"chr8","8486040","8486342","chr3","36139696","36139995","40","27653656"
"chr8","8559240","8559326","chr8","9444353","9444440","3","885113"
"chr8","8615904","8616207","chr8","9501095","9501370","34","885191"
"chr8","8980035","8980344","chr1","110824069","110824367","47","101844034"
"chr8","8989800","8990152","chr19","2038591","2038917","71","6951209"
"chr8","9087066","9087378","chr4","73472107","73472419","42","64385041"
"chr8","9118905","9119205","chr8","10013091","10013392","8","894186"
"chr8","9290586","9290875","chr6","156719165","156719448","42","147428579"
"chr8","9372506","9372804","chr8","10311771","10312069","4","939265"
"chr8","9448627","9448932","chr8","10388933","10389240","10","940306"
"chr8","9698496","9698768","chr1","35039189","35039473","51","25340693"
"chr8","9739941","9740197","chr9","24127397","24127671","48","14387456"
"chr8","9814104","9814417","chr3","174233260","174233571","39","164419156"
"chr8","9929976","9930281","chr8","10862393","10862698","2","932417"
"chr8","10101483","10101783","chr8","11170126","11170426","3","1068643"
"chr8","10121702","10121856","chr9","72836313","72836462","19","62714611"
"chr8","10157409","10157724","chrUn_NW_014807719v1","117","430","42","10157292"
"chr8","10181803","10182115","chr4","85784216","85784527","41","75602413"
"chr8","10187361","10187652","chr9","55550334","55550622","29","45362973"
"chr8","10254339","10254641","chr8","11322288","11322589","15","1067949"
"chr8","10291854","10292156","chr1","12652526","12652828","49","2360672"
"chr8","10326128","10326431","chr1","5241474","5241775","41","5084654"
"chr8","10429026","10429330","chr8","11494478","11494783","8","1065452"
"chr8","10943082","10943372","chr17","94903136","94903424","55","83960054"
"chr8","11301883","11302204","chr3","128662708","128663026","62","117360825"
"chr8","11535446","11535742","chr8","12683249","12683559","20","1147803"
"chr8","11660202","11660505","chr8","12804588","12804888","7","1144386"
"chr8","11886182","11886495","chr19","5637043","5637349","55","6249139"
"chr8","12076755","12077060","chr8","13770057","13770364","22","1693302"
"chr8","12919507","12919820","chr8","14656480","14656792","8","1736973"
"chr8","13407834","13408130","chr8","15156615","15156905","11","1748781"
"chr8","13636660","13636962","chrX","23171878","23172182","40","9535218"
"chr8","14012963","14013270","chr19","34193976","34194287","44","20181013"
"chr8","14159918","14160229","chr2","30428230","30428537","42","16268312"
"chr8","14468516","14468690","chr3","68072855","68073031","31","53604339"
"chr8","14933071","14933384","chr2","94057068","94057381","41","79123997"
"chr8","15063486","15063782","chr8","16830802","16831098","4","1767316"
"chr8","15252159","15252467","chr8","17017823","17018129","9","1765664"
"chr8","15489459","15489624","chr8","17256386","17256552","6","1766927"
"chr8","15632626","15632908","chr8","17400448","17400732","15","1767822"
"chr8","15722712","15723010","chr3","36139696","36139995","28","20416984"
"chr8","15728943","15729253","chr3","131326312","131326619","44","115597369"
"chr8","15997137","15997436","chr10","16981571","16981866","44","984434"
"chr8","16040376","16040689","chr8","17812161","17812478","13","1771785"
"chr8","16336202","16336451","chr1","128253979","128254232","45","111917777"
"chr8","16367579","16367880","chr8","18210554","18210853","15","1842975"
"chr8","16450733","16451056","chr5","173131970","173132280","51","156681237"
"chr8","16517228","16517521","chr4","116888019","116888318","39","100370791"
"chr8","16664287","16664600","chr8","18504635","18504945","8","1840348"
"chr8","16669726","16670023","chr8","18510070","18510367","4","1840344"
"chr8","16978137","16978437","chr8","18868824","18869118","12","1890687"
"chr8","16996191","16996504","chr11","117151786","117152096","40","100155595"
"chr8","17223064","17223346","chr8","19108667","19108950","9","1885603"
"chr8","17292727","17293000","chr6","125882510","125882780","44","108589783"
"chr8","17336065","17336381","chrX","42534967","42535279","47","25198902"
"chr8","17478192","17478505","chr8","19358139","19358438","25","1879947"
"chr8","17876999","17877297","chr8","19749148","19749446","10","1872149"
"chr8","18100195","18100506","chr4","43777166","43777476","40","25676971"
"chr8","18245983","18246291","chr10","29617192","29617497","34","11371209"
"chr8","19020724","19021042","chr8","20976681","20977004","9","1955957"
"chr8","19028532","19028828","chr4","116888019","116888318","40","97859487"
"chr8","19309913","19310200","chr8","21279216","21279517","15","1969303"
"chr8","19652807","19653116","chr7","157654660","157654971","44","138001853"
"chr8","19824486","19824793","chr19","15282895","15283197","39","4541591"
"chr8","19853288","19853577","chr8","21824223","21824515","7","1970935"
"chr8","20069658","20069953","chr8","22041495","22041798","16","1971837"
"chr8","20199665","20199972","chr8","22170996","22171307","18","1971331"
"chr8","20201873","20201958","chr20","42675617","42675701","12","22473744"
"chr8","20222467","20222775","chr13","39612391","39612697","47","19389924"
"chr8","20266262","20266574","chr12","57920225","57920534","46","37653963"
"chr8","20345508","20345804","chr8","22314705","22315002","4","1969197"
"chr8","20350794","20351099","chr11","95931559","95931863","39","75580765"
"chr8","20371204","20371327","chr2","88947086","88947217","27","68575882"
"chr8","20371591","20371721","chr20","51311653","51311777","19","30940062"
"chr8","20426852","20427146","chr8","22396002","22396296","3","1969150"
"chr8","20503563","20503847","chr8","22472844","22473120","10","1969281"
"chr8","20727926","20728028","chr8","22699571","22699675","4","1971645"
"chr8","21055279","21055578","chr16","43478607","43478902","32","22423328"
"chr8","21157064","21157216","chr9","72836313","72836462","22","51679249"
"chr8","21187471","21187754","chr8","23159071","23159354","2","1971600"
"chr8","21377214","21377544","chr2","123691516","123691837","54","102314302"
"chr8","21518926","21519266","chr8","23522708","23523047","6","2003782"
"chr8","21545848","21546138","chr14","56982241","56982529","36","35436393"
"chr8","21620996","21621277","chr14","4180146","4180427","48","17440850"
"chr8","21735024","21735315","chr16","40307432","40307721","55","18572408"
"chr8","22001968","22002279","chr2","200557095","200557398","40","178555127"
"chr8","22248566","22248847","chr8","24255773","24256057","12","2007207"
"chr8","22281209","22281521","chr5","108945447","108945757","38","86664238"
"chr8","22712658","22712926","chr7","118804761","118804996","56","96092103"
"chr8","23083242","23083552","chr4","114771357","114771663","39","91688115"
"chr8","23170183","23170457","chr8","25166032","25166306","10","1995849"
"chr8","23202254","23202550","chr10","65759354","65759649","36","42557100"
"chr8","23321726","23322022","chr8","25314136","25314415","28","1992410"
"chr8","23343942","23344231","chr9","32420773","32421063","41","9076831"
"chr8","23470975","23471249","chr2","202622423","202622699","41","179151448"
"chr8","23580360","23580672","chr8","25576200","25576508","21","1995840"
"chr8","23629697","23630005","chr8","25625966","25626269","21","1996269"
"chr8","24114458","24114770","chrX","42534967","42535279","36","18420509"
"chr8","24146693","24146988","chr8","26142996","26143296","13","1996303"
"chr8","24233051","24233335","chr9","55550334","55550622","39","31317283"
"chr8","24283264","24283565","chr1","12652526","12652828","40","11630738"
"chr8","24560559","24560873","chr1","113371731","113372040","40","88811172"
"chr8","24607409","24607624","chr4","107638826","107639041","26","83031417"
"chr8","24668621","24668939","chr3","128662708","128663026","49","103994087"
"chr8","24838019","24838314","chr8","26828543","26828847","10","1990524"
"chr8","25463414","25463709","chr8","27439580","27439876","12","1976166"
"chr8","25567562","25567866","chr16","32427628","32427931","47","6860066"
"chr8","25619711","25620021","chr8","27596130","27596441","18","1976419"
"chr8","25651512","25651825","chr7","163349357","163349670","38","137697845"
"chr8","25865019","25865311","chr8","27836857","27837135","21","1971838"
"chr8","25894721","25895024","chr9","41028320","41028628","38","15133599"
"chr8","25980172","25980486","chr8","27949232","27949539","22","1969060"
"chr8","26082361","26082654","chr8","28052648","28052942","6","1970287"
"chr8","26152648","26152935","chr8","28123875","28124162","5","1971227"
"chr8","26444670","26444966","chr1","19323664","19323957","37","7121006"
"chr8","26457940","26458252","chr7","20375134","20375447","35","6082806"
"chr8","26506481","26506655","chr20","17989183","17989361","25","8517298"
"chr8","26539314","26539619","chr8","28504943","28505252","8","1965629"
"chr8","26605668","26605845","chr8","28571768","28571947","5","1966100"
"chr8","26750853","26751163","chr19","34193976","34194287","40","7443123"
"chr8","26900212","26900519","chr8","28868406","28868713","5","1968194"
"chr8","26916933","26917233","chr15","96056700","96057004","42","69139767"
"chr8","27177100","27177406","chr8","29142876","29143181","7","1965776"
"chr8","27263788","27264090","chr15","34241520","34241819","46","6977732"
"chr8","27325882","27326191","chr2","54114833","54115140","31","26788951"
"chr8","27532548","27532860","chr6","132315465","132315776","43","104782917"
"chr8","27952969","27953280","chr9","53346767","53347080","44","25393798"
"chr8","28119782","28120075","chr19","42770874","42771168","32","14651092"
"chr8","28203005","28203307","chr8","30182116","30182418","6","1979111"
"chr8","28286510","28286614","chr2","41911826","41911925","16","13625316"
"chr8","28287382","28287589","chr3","6270076","6270281","31","22017306"
"chr8","28297439","28297703","chrX","66058933","66059196","37","37761494"
"chr8","28300456","28300768","chr8","30289914","30290218","22","1989458"
"chr8","28307150","28307397","chr20","28610865","28611085","52","303715"
"chr8","28476046","28476357","chr8","30462811","30463108","36","1986765"
"chr8","28656721","28657031","chr19","34193976","34194287","53","5537255"
"chr8","28716517","28716819","chr8","30704997","30705310","17","1988480"
"chr8","28762550","28762850","chr19","25875453","25875752","40","2887097"
"chr8","28834771","28835059","chr5","154156823","154157113","43","125322052"
"chr8","28975137","28975433","chr8","30958729","30959027","4","1983592"
"chr8","29105854","29106140","chr8","31089812","31090099","9","1983958"
"chr8","29173165","29173462","chr1","5241474","5241775","43","23931691"
"chr8","29222126","29222437","chr2","90833802","90834119","45","61611676"
"chr8","29402909","29403214","chr19","34193976","34194287","43","4791067"
"chr8","29454348","29454654","chr8","31436569","31436875","9","1982221"
"chr8","29648659","29648962","chr8","31630187","31630490","4","1981528"
"chr8","29801938","29801995","chr1","52347673","52347730","7","22545735"
"chr8","30824852","30825158","chr1","12652526","12652828","37","18172326"
"chr8","30882061","30882372","chr8","32896537","32896823","30","2014476"
"chr8","31009406","31009717","chr20","61246724","61247032","48","30237318"
"chr8","31023447","31023755","chr8","33040155","33040460","10","2016708"
"chr8","31372104","31372399","chr19","10872248","10872544","33","20499856"
"chr8","31507068","31507380","chr19","17429712","17430024","43","14077356"
"chr8","31509472","31509774","chr16","48390398","48390697","39","16880926"
"chr8","31527713","31527997","chr6","68376310","68376603","46","36848597"
"chr8","31533935","31534230","chr8","33557636","33557928","14","2023701"
"chr8","31634663","31634969","chr8","33660890","33661196","7","2026227"
"chr8","31642494","31642673","chr8","33668447","33668620","11","2025953"
"chr8","31643539","31643825","chr8","33669471","33669749","15","2025932"
"chr8","31652667","31652976","chr4","16864649","16864956","34","14788018"
"chr8","31674978","31675293","chr8","33700583","33700899","12","2025605"
"chr8","31866569","31866873","chr8","33891760","33892064","4","2025191"
"chr8","32289763","32290063","chr16","47222507","47222806","37","14932744"
"chr8","32471280","32471566","chr7","151812473","151812755","52","119341193"
"chr8","32931246","32931544","chrX","123495796","123496096","46","90564550"
"chr8","33267573","33267885","chr2","109129520","109129825","44","75861947"
"chr8","33410671","33410963","chr8","35488827","35489119","2","2078156"
"chr8","33447862","33448164","chr1","991950","992256","43","32455912"
"chr8","33875008","33875305","chr8","35948900","35949161","42","2073892"
"chr8","33903946","33904259","chr1","12652526","12652828","49","21251420"
"chr8","34393476","34393784","chr16","66710303","66710614","37","32316827"
"chr8","34420798","34421108","chr8","36502028","36502338","7","2081230"
"chr8","34448819","34449030","chr8","36529917","36530157","31","2081098"
"chr8","34766158","34766478","chr8","36858808","36859088","43","2092650"
"chr8","35006941","35007254","chr10","63115984","63116293","45","28109043"
"chr8","35534182","35534408","chr8","37638242","37638468","4","2104060"
"chr8","35678376","35678681","chr8","37781388","37781691","5","2103012"
"chr8","35825937","35826239","chr8","37928302","37928604","5","2102365"
"chr8","35870480","35870795","chr9","53346767","53347080","55","17476287"
"chr8","36019868","36020180","chr10","26410528","26410836","42","9609340"
"chr8","36055757","36055900","chr7","42152279","42152422","29","6096522"
"chr8","36158708","36159043","chr6","101621940","101622272","61","65463232"
"chr8","36188829","36189125","chr3","55240372","55240666","48","19051543"
"chr8","36189638","36189940","chr8","38289661","38289975","15","2100023"
"chr8","36209038","36209355","chr11","28744070","28744379","50","7464968"
"chr8","36234587","36234889","chr8","38336338","38336642","9","2101751"
"chr8","36243632","36243943","chr7","163349357","163349670","34","127105725"
"chr8","36432961","36433269","chr17","17830825","17831132","41","18602136"
"chr8","36503034","36503355","chr3","127699157","127699471","49","91196123"
"chr8","36538296","36538575","chr7","113106895","113107168","47","76568599"
"chr8","36547379","36547688","chr10","29617192","29617497","39","6930187"
"chr8","36558272","36558579","chr8","38670776","38671082","5","2112504"
"chr8","36561523","36561809","chr8","38673927","38674212","4","2112404"
"chr8","36694013","36694325","chr11","50523456","50523771","41","13829443"
"chr8","36819331","36819620","chr8","38927341","38927616","27","2108010"
"chr8","36896074","36896350","chr8","39003505","39003781","1","2107431"
"chr8","36940286","36940570","chr8","39047305","39047598","12","2107019"
"chr8","37010108","37010410","chr15","8629656","8629963","41","28380452"
"chr8","37066996","37067282","chr1","128495044","128495338","45","91428048"
"chr8","37094526","37094833","chr1","135875064","135875371","47","98780538"
"chr8","37110309","37110603","chr8","39259695","39259989","3","2149386"
"chr8","37633430","37633730","chr8","39821810","39822110","11","2188380"
"chr8","37881438","37881720","chr1","221419237","221419522","42","183537799"
"chr8","38159145","38159448","chr8","40470746","40471049","3","2311601"
"chr8","38173732","38174062","chr8","40486649","40486970","10","2312917"
"chr8","38176572","38176651","chr16","39114949","39115024","12","938377"
"chr8","38183882","38184163","chr13","86938792","86939069","40","48754910"
"chr8","38200693","38201000","chr8","40513210","40513521","12","2312517"
"chr8","38249846","38250164","chr19","34193976","34194287","50","4055870"
"chr8","38284217","38284471","chr1","13806457","13806703","46","24477760"
"chr8","38318639","38318948","chr8","40632915","40633222","10","2314276"
"chr8","38385130","38385332","chr8","40699223","40699425","0","2314093"
"chr8","38544558","38544881","chr10","29617192","29617497","48","8927366"
"chr8","38779442","38779742","chr8","41096549","41096844","9","2317107"
"chr8","38938561","38938871","chr8","41242203","41242513","7","2303642"
"chr8","39009537","39009825","chr8","41313655","41313943","3","2304118"
"chr8","39111381","39111676","chr8","43907101","43907397","7","4795720"
"chr8","39160648","39160902","chr6","158234654","158234926","57","119074006"
"chr8","39308468","39308778","chr8","43708756","43709077","21","4400288"
"chr8","39347478","39347738","chrX","101290879","101291141","42","61943401"
"chr8","39418971","39419273","chr8","43607295","43607596","5","4188324"
"chr8","39561293","39561558","chr8","43465097","43465370","11","3903804"
"chr8","39690095","39690402","chr8","43342329","43342634","21","3652234"
"chr8","39727087","39727387","chr11","74878801","74879097","37","35151714"
"chr8","39809357","39809652","chr8","43220463","43220756","4","3411106"
"chr8","39816616","39816915","chr3","178662983","178663277","40","138846367"
"chr8","39936219","39936530","chr9","5701676","5701989","48","34234543"
"chr8","39998298","39998605","chr8","43032077","43032387","10","3033779"
"chr8","40181786","40182087","chr6","148620346","148620652","42","108438560"
"chr8","40261059","40261365","chr8","42714956","42715262","4","2453897"
"chr8","40284468","40284753","chr8","42691467","42691753","5","2406999"
"chr8","40291479","40291789","chr8","42684431","42684716","30","2392952"
"chr8","40356449","40356766","chr8","42621599","42621914","13","2265150"
"chr8","40377723","40378024","chr10","35229644","35229943","55","5148079"
"chr8","40381845","40382132","chr8","72824038","72824332","56","32442193"
"chr8","40444680","40444908","chr8","42532328","42532557","5","2087648"
"chr8","40483583","40483844","chr13","18833244","18833502","53","21650339"
"chr8","40728800","40729112","chr17","27500735","27501037","49","13228065"
"chr8","40836815","40837126","chr2","54548353","54548666","40","13711538"
"chr8","40845884","40846107","chrX","17105835","17106054","51","23740049"
"chr8","40871867","40872163","chr8","42103737","42104034","8","1231870"
"chr8","40903211","40903337","chr20","51311653","51311777","20","10408442"
"chr8","40903686","40903791","chr9","67476982","67477086","13","26573296"
"chr8","40912636","40912947","chr14","4829123","4829434","35","36083513"
"chr8","40942770","40943041","chr8","42024633","42024897","14","1081863"
"chr8","40959241","40959565","chr8","42008070","42008372","28","1048829"
"chr8","40961016","40961312","chr8","42006299","42006607","18","1045283"
"chr8","41083916","41084217","chr19","17732417","17732716","53","23351499"
"chr8","41183760","41184050","chr8","41790956","41791247","6","607196"
"chr8","41184812","41185090","chr8","41789867","41790145","3","605055"
"chr8","41187583","41187885","chr1","195618508","195618814","38","154430925"
"chr8","41279137","41279445","chr9","41028320","41028628","41","250817"
"chr8","41284913","41285226","chr8","41688904","41689217","10","403991"
"chr8","41387390","41387696","chr15","9720375","9720682","39","31667015"
"chr8","41455208","41455500","chr16","54170488","54170772","48","12715280"
"chr8","43506807","43507103","chr8","44964949","44965245","3","1458142"
"chr8","43817797","43818082","chr14","64065095","64065384","39","20247298"
"chr8","43985456","43985491","chr8","45500726","45500761","0","1515270"
"chr8","44060964","44061274","chr8","45578685","45578997","9","1517721"
"chr8","44169332","44169623","chr11","103787018","103787311","35","59617686"
"chr8","44563496","44563794","chr15","39295522","39295828","41","5267974"
"chr8","44680162","44680438","chr4","108900682","108900961","41","64220520"
"chr8","44681340","44681645","chr8","46214762","46215070","13","1533422"
"chr8","45008196","45008255","chr11","9281963","9282025","9","35726233"
"chr8","45097947","45098253","chr9","41028320","41028628","49","4069627"
"chr8","45220631","45220922","chr4","103241337","103241629","47","58020706"
"chr8","45381113","45381378","chr4","108900682","108900961","52","63519569"
"chr8","45711645","45711961","chr9","53346767","53347080","48","7635122"
"chr8","46191867","46192172","chr8","47787021","47787323","8","1595154"
"chr8","46342801","46343104","chr8","51423874","51424179","7","5081073"
"chr8","46408620","46408915","chr8","51358948","51359243","4","4950328"
"chr8","46507044","46507340","chr8","51262805","51263098","12","4755761"
"chr8","46546781","46547089","chr8","51223293","51223600","12","4676512"
"chr8","46700359","46700647","chr8","51069019","51069307","8","4368660"
"chr8","47240143","47240451","chrUn_NW_014807719v1","117","430","54","47240026"
"chr8","47265519","47265816","chr14","352376","352682","58","46913143"
"chr8","47354575","47354888","chr1","221112802","221113108","44","173758227"
"chr8","47380786","47381090","chr9","41028320","41028628","48","6352466"
"chr8","47553489","47553784","chr6","130023116","130023408","44","82469627"
"chr8","47808047","47808304","chr8","49853630","49853887","5","2045583"
"chr8","48101476","48101777","chr8","49551344","49551645","7","1449868"
"chr8","48147348","48147665","chr6","158400240","158400551","53","110252892"
"chr8","48291205","48291501","chr8","49314005","49314298","13","1022800"
"chr8","48475014","48475326","chr3","95795033","95795341","39","47320019"
"chr8","48564652","48564921","chr1","25270118","25270393","49","23294534"
"chr8","49094409","49094688","chr8","48463095","48463374","6","631314"
"chr8","49387421","49387712","chr16","43478607","43478902","33","5908814"
"chr8","49512102","49512412","chr8","48062950","48063262","10","1449152"
"chr8","49590210","49590521","chr3","5161952","5162258","50","44428258"
"chr8","49659658","49659952","chr8","47866647","47866941","6","1793011"
"chr8","49889865","49890176","chr19","17429712","17430024","37","32460153"
"chr8","49954184","49954510","chr1","23528265","23528585","51","26425919"
"chr8","49989980","49990290","chr8","51822734","51823043","6","1832754"
"chr8","50035681","50035968","chr14","64065095","64065384","35","14029414"
"chr8","50096176","50096354","chr13","97316852","97317027","27","47220676"
"chr8","50097297","50097608","chr8","142270279","142270588","44","92172982"
"chr8","50104387","50104700","chr19","34193976","34194287","46","15910411"
"chr8","50129738","50130041","chr8","51970254","51970557","4","1840516"
"chr8","50154957","50155248","chr8","51996038","51996329","11","1841081"
"chr8","50217758","50218062","chr8","52056077","52056381","4","1838319"
"chr8","50230801","50231104","chr1","152715161","152715463","38","102484360"
"chr8","50257886","50258178","chr8","52098320","52098608","9","1840434"
"chr8","50266572","50266865","chr8","52107316","52107609","7","1840744"
"chr8","50426620","50426767","chr9","12478334","12478485","24","37948286"
"chr8","50463099","50463410","chrX","29625143","29625451","45","20837956"
"chr8","50935343","50935470","chr9","2275472","2275601","27","48659871"
"chr8","50968247","50968550","chr8","52867734","52868037","4","1899487"
"chr8","51634589","51634891","chr18","45911019","45911321","41","5723570"
"chr8","51651922","51652076","chr6","129314008","129314161","32","77662086"
"chr8","51772664","51772974","chr2","87827310","87827622","38","36054646"
"chr8","51787428","51787723","chr1","77831667","77831968","42","26044239"
"chr8","51792759","51793073","chr11","28744070","28744379","45","23048689"
"chr8","51817857","51818166","chr8","53739604","53739906","16","1921747"
"chr8","51958523","51958810","chr1","87285213","87285503","48","35326690"
"chr8","52015704","52015991","chr8","53936937","53937224","4","1921233"
"chr8","52095094","52095411","chr14","85273124","85273439","43","33178030"
"chr8","52110619","52110912","chr18","34042616","34042906","41","18068003"
"chr8","52151280","52151589","chr7","157654660","157654971","35","105503380"
"chr8","52171560","52171858","chr7","10134125","10134425","43","42037435"
"chr8","52312057","52312379","chr20","41485745","41486055","59","10826312"
"chr8","52523497","52523761","chr8","54456208","54456472","5","1932711"
"chr8","53012889","53013199","chr3","42472968","42473277","43","10539921"
"chr8","53534295","53534472","chr8","126562730","126562914","46","73028435"
"chr8","53605681","53605975","chr10","72475306","72475600","41","18869625"
"chr8","53943509","53943819","chr8","55879899","55880217","13","1936390"
"chr8","54076906","54077211","chr8","56014386","56014689","16","1937480"
"chr8","54817152","54817415","chr1","50871067","50871326","42","3946085"
"chr8","55025239","55025526","chr17","88673642","88673923","48","33648403"
"chr8","56186989","56187284","chr8","58237807","58238102","6","2050818"
"chr8","56352561","56352871","chr2","160647274","160647584","38","104294713"
"chr8","56512126","56512428","chr3","181125051","181125355","38","124612925"
"chr8","56524337","56524616","chr4","24932406","24932687","34","31591931"
"chr8","56644130","56644446","chr3","125425134","125425442","50","68781004"
"chr8","56953960","56954226","chrX","133847120","133847389","40","76893160"
"chr8","56965550","56965852","chr1","7401659","7401964","41","49563891"
"chr8","57025346","57025512","chr8","59077139","59077300","6","2051793"
"chr8","57030023","57030318","chr9","7979030","7979326","51","49050993"
"chr8","57300770","57301083","chr19","17429712","17430024","49","39871058"
"chr8","57362033","57362363","chr8","59415782","59416112","7","2053749"
"chr8","57410940","57411239","chr8","59465552","59465853","7","2054612"
"chr8","57423497","57423781","chrX","91814529","91814802","46","34391032"
"chr8","57710999","57711306","chr8","59773596","59773903","5","2062597"
"chr8","57713763","57714078","chr8","59776369","59776710","31","2062606"
"chr8","57757665","57757977","chr8","59817949","59818261","11","2060284"
"chr8","58358310","58358617","chr2","94213957","94214267","41","35855647"
"chr8","58481623","58481940","chr1","53870362","53870673","51","4611261"
"chr8","58915983","58916296","chr2","94057068","94057381","42","35141085"
"chr8","59907758","59908073","chr8","61997186","61997499","6","2089428"
"chr8","60470723","60471025","chr8","62623478","62623781","4","2152755"
"chr8","60696447","60696745","chr10","86094068","86094370","41","25397621"
"chr8","60954747","60955002","chr8","63113045","63113300","1","2158298"
"chr8","61350929","61351228","chr4","116888019","116888318","42","55537090"
"chr8","61544980","61545288","chr8","63720966","63721268","19","2175986"
"chr8","61578981","61579290","chr8","63760141","63760448","8","2181160"
"chr8","61598766","61599076","chr10","88330401","88330712","40","26731635"
"chr8","61633156","61633454","chr4","34075870","34076170","40","27557286"
"chr8","61786904","61787219","chr2","54548353","54548666","42","7238551"
"chr8","61984544","61984847","chr8","64176340","64176641","8","2191796"
"chr8","62047197","62047505","chr8","64239046","64239347","13","2191849"
"chr8","62405927","62406239","chr8","64599793","64600105","11","2193866"
"chr8","62461546","62461843","chr14","7681006","7681304","38","54780540"
"chr8","62498477","62498786","chr8","64692278","64692587","5","2193801"
"chr8","62583915","62584211","chr8","64778549","64778844","5","2194634"
"chr8","62634063","62634376","chr9","70703032","70703345","40","8068969"
"chr8","62658722","62658987","chr4","38383795","38384058","42","24274927"
"chr8","62661011","62661327","chr15","26986646","26986958","45","35674365"
"chr8","62774442","62774743","chr8","64972590","64972890","11","2198148"
"chr8","62966623","62966932","chr8","65159718","65160029","6","2193095"
"chr8","63074519","63074810","chr20","57848025","57848317","31","5226494"
"chr8","63340882","63341157","chr2","87122022","87122316","46","23781140"
"chr8","63345863","63346148","chr8","65536507","65536793","2","2190644"
"chr8","63347157","63347448","chr8","65537800","65538093","5","2190643"
"chr8","63356419","63356698","chr11","122000645","122000929","40","58644226"
"chr8","63414423","63414735","chr2","1011747","1012059","38","62402676"
"chr8","63515453","63515755","chr8","65714994","65715296","14","2199541"
"chr8","63573380","63573673","chr9","82400849","82401142","33","18827469"
"chr8","63805191","63805494","chr4","35839048","35839354","45","27966143"
"chr8","64596123","64596437","chr17","54881185","54881491","50","9714938"
"chr8","64933363","64933669","chr8","67230531","67230816","28","2297168"
"chr8","65332013","65332303","chr8","67595231","67595526","10","2263218"
"chr8","65354380","65354669","chr8","67617586","67617890","38","2263206"
"chr8","65453898","65454188","chr8","67718744","67719034","5","2264846"
"chr8","65534150","65534471","chr16","44483690","44484004","50","21050460"
"chr8","65574771","65575079","chr8","67840326","67840635","11","2265555"
"chr8","65657019","65657319","chr8","67920265","67920563","11","2263246"
"chr8","65851871","65852115","chr20","55750","55997","42","65796121"
"chr8","65895625","65895939","chr8","68166168","68166476","11","2270543"
"chr8","65909817","65910036","chr15","10561282","10561499","39","55348535"
"chr8","65966675","65966952","chr16","42522480","42522756","45","23444195"
"chr8","65993580","65993892","chr2","27915046","27915358","34","38078534"
"chr8","66000737","66001031","chr16","32427628","32427931","37","33573109"
"chr8","66319456","66319771","chr9","41028320","41028628","41","25291136"
"chr8","66443692","66443995","chr8","68778714","68779017","4","2335022"
"chr8","66780669","66780979","chr2","1011747","1012059","47","65768922"
"chr8","66858768","66859081","chr8","69251192","69251505","20","2392424"
"chr8","67742183","67742474","chr8","70177480","70177770","5","2435297"
"chr8","68442718","68442849","chr8","70891858","70891997","9","2449140"
"chr8","68771776","68771926","chr8","71228709","71228859","3","2456933"
"chr8","68800772","68801066","chr8","71258356","71258650","13","2457584"
"chr8","68854276","68854554","chr8","71311624","71311931","33","2457348"
"chr8","68975734","68976032","chrX","24134333","24134634","44","44841401"
"chr8","69272983","69273292","chr8","71716193","71716503","5","2443210"
"chr8","69416347","69416625","chr3","163926008","163926304","47","94509661"
"chr8","69643750","69644060","chr13","95377167","95377474","37","25733417"
"chr8","69714017","69714329","chr3","178948248","178948560","41","109234231"
"chr8","69726968","69727090","chr16","4797460","4797575","17","64929508"
"chr8","69754225","69754521","chr8","72202411","72202705","7","2448186"
"chr8","69764954","69765238","chr8","72213454","72213756","21","2448500"
"chr8","69768680","69768967","chr8","72217212","72217499","4","2448532"
"chr8","69777906","69778127","chr7","78340129","78340349","34","8562223"
"chr8","69846123","69846297","chr8","72293440","72293623","11","2447317"
"chr8","69916512","69916798","chr2","109656261","109656557","48","39739749"
"chr8","70375753","70376046","chr8","72824038","72824332","5","2448285"
"chr8","70630248","70630563","chr2","109129520","109129825","44","38499272"
"chr8","70659288","70659588","chr8","73095407","73095714","12","2436119"
"chr8","71114841","71115135","chr2","48896866","48897161","8","22217975"
"chr8","71177970","71178281","chr8","73615981","73616292","3","2438011"
"chr8","71547098","71547404","chr8","74000713","74001019","7","2453615"
"chr8","71583967","71584270","chr19","33343269","33343578","58","38240698"
"chr8","72547352","72547601","chr14","127549573","127549821","37","55002221"
"chr8","73262854","73263011","chr8","75790747","75790902","3","2527893"
"chr8","73427975","73428284","chr1","154900380","154900688","43","81472405"
"chr8","73546067","73546281","chr7","139898181","139898401","41","66352114"
"chr8","73802690","73803011","chr15","46764497","46764816","44","27038193"
"chr8","74374044","74374345","chr1","204277773","204278075","40","129903729"
"chr8","74535259","74535568","chr8","77080660","77080976","13","2545401"
"chr8","75345346","75345649","chr8","77874126","77874430","5","2528780"
"chr8","75772059","75772371","chr6","175999662","175999974","46","100227603"
"chr8","75799535","75799841","chr1","360065","360372","39","75439470"
"chr8","75908068","75908368","chr8","78445183","78445492","11","2537115"
"chr8","75970812","75971104","chr1","152100248","152100537","61","76129436"
"chr8","75987990","75988070","chr16","39114949","39115024","18","36873041"
"chr8","76008872","76009173","chr20","50376728","50377032","42","25632144"
"chr8","76029416","76029704","chr8","78568674","78568963","4","2539258"
"chr8","76066886","76066964","chr8","78604373","78604457","9","2537487"
"chr8","76114155","76114438","chr7","67794476","67794767","42","8319679"
"chr8","76183633","76183934","chr8","78724873","78725174","0","2541240"
"chr8","76245071","76245360","chr8","41313655","41313943","36","34931416"
"chr8","76303970","76304271","chr8","78848238","78848539","3","2544268"
"chr8","76317382","76317691","chr2","201138593","201138900","37","124821211"
"chr8","76595656","76595816","chr2","188522717","188522879","30","111927061"
"chr8","77065796","77066090","chr8","79599107","79599394","17","2533311"
"chr8","77345614","77345904","chr8","79879665","79879959","7","2534051"
"chr8","77378190","77378486","chr8","79912029","79912320","7","2533839"
"chr8","77399479","77399781","chr8","79932706","79933007","4","2533227"
"chr8","77457283","77457588","chr8","79986355","79986656","19","2529072"
"chr8","77506434","77506743","chr8","80036569","80036879","10","2530135"
"chr8","77787652","77787952","chr19","42921830","42922132","46","34865822"
"chr8","78086758","78086975","chr7","51591810","51592027","43","26494948"
"chr8","78442998","78443064","chr3","117425484","117425549","12","38982486"
"chr8","78837890","78838186","chr8","81380393","81380703","22","2542503"
"chr8","79240064","79240374","chr9","126382076","126382389","46","47142012"
"chr8","79522722","79523012","chr8","82119135","82119424","5","2596413"
"chr8","79613983","79614293","chr14","19467773","19468075","58","60146210"
"chr8","79989150","79989296","chr9","72836313","72836462","20","7152837"
"chr8","80013123","80013284","chr8","82648512","82648672","2","2635389"
"chr8","80167991","80168289","chr12","70238023","70238313","75","9929968"
"chr8","80901416","80901694","chr8","92346531","92346819","41","11445115"
"chr8","80927913","80928195","chr8","83565654","83565956","24","2637741"
"chr8","80990190","80990504","chr2","63731365","63731674","43","17258825"
"chr8","81107461","81107763","chr8","83745954","83746256","14","2638493"
"chr8","81183639","81183948","chr7","20375134","20375447","45","60808505"
"chr8","81521137","81521470","chr12","46616730","46617064","53","34904407"
"chr8","81523654","81523976","chr8","84140573","84140894","7","2616919"
"chr8","81691187","81691474","chr8","84307929","84308232","23","2616742"
"chr8","81819743","81820022","chr8","84433200","84433502","29","2613457"
"chr8","82115645","82115943","chr8","84777295","84777593","13","2661650"
"chr8","83055702","83055977","chr8","85828114","85828425","37","2772412"
"chr8","83558879","83559193","chr5","77718321","77718634","35","5840558"
"chr8","83563852","83564162","chr8","86394202","86394505","14","2830350"
"chr8","83900021","83900333","chr8","86809040","86809348","13","2909019"
"chr8","84214725","84215035","chr10","63405659","63405967","43","20809066"
"chr8","85510508","85510782","chr8","88494913","88495187","6","2984405"
"chr8","85609980","85610294","chr4","162752516","162752822","40","77142536"
"chr8","86010107","86010162","chr16","68917963","68918019","8","17092144"
"chr8","86407296","86407581","chr9","82400849","82401142","51","4006447"
"chr8","86443949","86444247","chr8","89516250","89516545","19","3072301"
"chr8","87236735","87237016","chr3","18219515","18219804","39","69017220"
"chr8","87240889","87241200","chr15","46645036","46645347","41","40595853"
"chr8","87511570","87511865","chr8","90580275","90580570","9","3068705"
"chr8","87555781","87556068","chr1","86819890","86820189","39","735891"
"chr8","87976374","87976686","chr16","66710303","66710614","45","21266071"
"chr8","88040967","88041279","chrX","42534967","42535279","49","45506000"
"chr8","88114554","88114868","chr6","14778420","14778732","43","73336134"
"chr8","88419141","88419448","chr8","91498339","91498643","7","3079198"
"chr8","88537544","88537851","chr8","91615154","91615464","6","3077610"
"chr8","88764454","88764763","chr1","24467442","24467748","40","64297012"
"chr8","89056714","89057020","chr8","92135177","92135491","14","3078463"
"chr8","89165628","89165908","chr8","92241539","92241820","3","3075911"
"chr8","89207729","89208040","chr11","117151786","117152096","42","27944057"
"chr8","89273033","89273345","chr11","117151786","117152096","30","27878753"
"chr8","89273916","89274199","chr8","92346531","92346819","8","3072615"
"chr8","89317814","89318087","chr8","92390211","92390484","2","3072397"
"chr8","89643271","89643570","chr2","16120452","16120752","38","73522819"
"chr8","89936921","89937209","chr8","93023750","93024036","6","3086829"
"chr8","90021415","90021706","chr2","203310670","203310965","35","113289255"
"chr8","90058673","90058985","chr8","93147845","93148158","5","3089172"
"chr8","90156701","90157014","chr8","93245238","93245567","29","3088537"
"chr8","90163021","90163312","chr1","87285213","87285503","41","2877808"
"chr8","90452053","90452344","chr8","93545404","93545695","6","3093351"
"chr8","91037165","91037476","chr7","157654660","157654971","39","66617495"
"chr8","91309933","91310249","chrX","25231882","25232194","39","66078051"
"chr8","91444498","91444807","chr2","94673911","94674225","41","3229413"
"chr8","91927681","91927994","chr9","93063333","93063645","42","1135652"
"chr8","92391344","92391649","chr4","116888019","116888318","33","24496675"
"chr8","92840109","92840421","chr2","1011747","1012059","38","91828362"
"chr8","92894155","92894392","chr1","27695689","27695928","50","65198466"
"chr8","92990862","92991153","chr8","96302172","96302478","18","3311310"
"chr8","93052850","93053150","chr2","109920859","109921158","29","16868009"
"chr8","93193053","93193360","chr8","96505084","96505391","4","3312031"
"chr8","93215027","93215332","chr8","96533883","96534181","12","3318856"
"chr8","93324910","93325219","chr2","40865043","40865350","36","52459867"
"chr8","93397229","93397537","chr8","96712293","96712601","5","3315064"
"chr8","93947392","93947690","chr8","97263979","97264277","5","3316587"
"chr8","94155287","94155594","chr9","41028320","41028628","37","53126967"
"chr8","94158996","94159285","chr8","97516206","97516495","9","3357210"
"chr8","94401836","94402150","chr8","29279846","29280157","41","65121990"
"chr8","94688872","94688909","chr6","142931546","142931584","10","48242674"
"chr8","94780707","94780999","chr8","98146542","98146831","7","3365835"
"chr8","94884414","94884598","chr9","59384557","59384741","34","35499857"
"chr8","94903771","94904105","chr8","98283370","98283688","18","3379599"
"chr8","95534448","95534746","chr8","98969962","98970263","5","3435514"
"chr8","95634585","95634890","chr8","99071372","99071674","24","3436787"
"chr8","95982892","95983187","chr16","413150","413444","44","95569742"
"chr8","96011795","96011829","chr1","16316852","16316884","8","79694943"
"chr8","96012116","96012222","chr3","42614727","42614843","19","53397389"
"chr8","96032309","96032645","chr8","99467541","99467846","39","3435232"
"chr8","96050126","96050422","chr8","99482413","99482706","5","3432287"
"chr8","96050910","96051194","chr8","99483356","99483640","7","3432446"
"chr8","96198070","96198356","chr19","32487561","32487847","30","63710509"
"chr8","96263143","96263291","chr13","73519574","73519713","28","22743569"
"chr8","96268866","96269177","chr7","126646043","126646347","47","30377177"
"chr8","96325933","96326234","chr8","99764513","99764811","7","3438580"
"chr8","96408477","96408762","chr8","99855252","99855537","4","3446775"
"chr8","96514651","96514960","chr20","17974498","17974809","41","78540153"
"chr8","96601931","96602211","chr1","218460788","218461068","41","121858857"
"chr8","96711111","96711405","chr3","159781272","159781564","38","63070161"
"chr8","97126414","97126725","chr1","360065","360372","37","96766349"
"chr8","97542842","97543144","chr8","100997712","100998013","4","3454870"
"chr8","97652996","97653306","chr8","101109803","101110113","7","3456807"
"chr8","97681819","97682123","chr9","41028320","41028628","39","56653499"
"chr8","97708230","97708520","chr8","101166647","101166937","2","3458417"
"chr8","97737299","97737610","chr1","221258268","221258572","41","123520969"
"chr8","97838700","97839016","chr15","34278435","34278746","48","63560265"
"chr8","98114489","98114788","chr8","101571446","101571745","5","3456957"
"chr8","98125325","98125633","chr2","109129520","109129825","41","11004195"
"chr8","98126241","98126535","chr10","5478356","5478656","45","92647885"
"chr8","98167429","98167728","chr8","101619341","101619643","6","3451912"
"chr8","98196465","98196775","chr2","54548353","54548666","33","43648112"
"chr8","98207896","98208210","chr7","157654660","157654971","39","59446764"
"chr8","98220957","98221263","chr2","109129520","109129825","37","10908563"
"chr8","98349386","98349676","chr8","72824038","72824332","39","25525348"
"chr8","98372770","98373082","chrX","42534967","42535279","44","55837803"
"chr8","98474782","98475065","chr7","157695061","157695342","33","59220279"
"chr8","98857919","98858218","chr10","31903582","31903882","37","66954337"
"chr8","99050245","99050560","chr4","34151114","34151419","45","64899131"
"chr8","99124399","99124695","chr8","102804287","102804588","13","3679888"
"chr8","99165627","99165935","chrX","8089980","8090284","40","91075647"
"chr8","99364860","99365184","chr3","127699157","127699471","49","28334297"
"chr8","100071181","100071490","chr8","103745926","103746263","32","3674745"
"chr8","100574657","100574956","chr8","104325576","104325872","6","3750919"
"chr8","100627387","100627599","chr3","1785020","1785230","32","98842367"
"chr8","100627600","100627648","chr15","11065023","11065071","12","89562577"
"chr8","101163253","101163543","chr8","104893019","104893309","4","3729766"
"chr8","101625438","101625742","chr8","105357496","105357800","13","3732058"
"chr8","101726764","101727056","chr8","105459096","105459417","32","3732332"
"chr8","102067010","102067247","chr8","105890221","105890439","22","3823211"
"chr8","102112342","102112646","chr12","20457491","20457800","41","81654851"
"chr8","102213960","102214265","chrX","47628942","47629237","57","54585018"
"chr8","102548504","102548805","chr8","106371271","106371579","9","3822767"
"chr8","102667883","102668175","chr15","406779","407070","30","102261104"
"chr8","103367826","103368111","chr7","140270928","140271210","39","36903102"
"chr8","104049989","104050286","chr16","12653620","12653921","47","91396369"
"chr8","104421458","104421752","chr19","17732417","17732716","49","86689041"
"chr8","104595775","104596066","chrX","123495796","123496096","58","18900021"
"chr8","104622255","104622545","chr8","108447332","108447608","21","3825077"
"chr8","104867902","104868207","chrX","71599396","71599712","51","33268506"
"chr8","104915478","104915782","chr8","108782582","108782884","3","3867104"
"chr8","105216868","105217176","chr8","109090898","109091209","8","3874030"
"chr8","105584102","105584425","chr3","48301213","48301535","42","57282889"
"chr8","105601334","105601644","chr9","53346767","53347080","49","52254567"
"chr8","106280320","106280629","chr7","114028458","114028767","50","7748138"
"chr8","106389719","106390013","chr8","110351037","110351337","11","3961318"
"chr8","106414808","106415119","chr2","157421590","157421899","42","51006782"
"chr8","106670621","106670935","chr11","28744070","28744379","43","77926551"
"chr8","106917434","106917524","chr5","127805148","127805235","16","20887714"
"chr8","106918051","106918248","chr3","68780415","68780614","40","38137636"
"chr8","107163807","107164082","chr2","202622423","202622699","36","95458616"
"chr8","107260461","107260770","chrX","47003553","47003867","46","60256908"
"chr8","107326185","107326418","chr5","77727996","77728225","44","29598189"
"chr8","107646066","107646378","chr8","111703186","111703498","3","4057120"
"chr8","108987468","108987780","chr4","28797444","28797754","51","80190024"
"chr8","109361323","109361469","chr8","113434986","113435134","4","4073663"
"chr8","109854221","109854509","chr8","114080836","114081123","2","4226615"
"chr8","109892965","109893224","chr12","20197316","20197556","51","89695649"
"chr8","109932374","109932685","chr8","114158530","114158841","3","4226156"
"chr8","110012397","110012678","chr4","143656037","143656322","40","33643640"
"chr8","110056919","110057222","chr12","120587840","120588141","51","10530921"
"chr8","110133396","110133686","chr1","63236155","63236451","52","46897241"
"chr8","110876260","110876572","chr8","115116931","115117239","7","4240671"
"chr8","111985212","111985515","chr9","115153998","115154298","37","3168786"
"chr8","112921945","112922251","chr2","200557095","200557398","42","87635150"
"chr8","112991804","112992107","chr8","117246243","117246545","7","4254439"
"chr8","113041959","113042276","chr8","117295952","117296269","3","4253993"
"chr8","113285977","113286265","chr8","117542588","117542878","8","4256611"
"chr8","113620876","113621155","chr8","117864058","117864329","14","4243182"
"chr8","114168663","114168957","chr6","133406856","133407151","33","19238193"
"chr8","114409499","114409807","chr8","118652249","118652556","4","4242750"
"chr8","114429270","114429585","chr8","92135177","92135491","44","22294093"
"chr8","114653181","114653472","chr8","101166647","101166937","57","13486534"
"chr8","114666062","114666274","chr14","122937540","122937751","29","8271478"
"chr8","114666749","114667036","chr2","203310670","203310965","34","88643921"
"chr8","114771612","114771919","chr3","7321497","7321803","33","107450115"
"chr8","114772774","114773074","chr7","67081395","67081697","35","47691379"
"chr8","114897424","114897742","chr16","32438374","32438686","46","82459050"
"chr8","114927426","114927737","chr8","119177421","119177730","7","4249995"
"chr8","114976708","114977020","chr19","34193976","34194287","38","80782732"
"chr8","115029906","115030222","chr8","119276224","119276540","4","4246318"
"chr8","115115392","115115681","chr8","119363365","119363654","11","4247973"
"chr8","115264704","115265003","chr8","119518478","119518791","19","4253774"
"chr8","115435605","115435922","chr8","119666720","119667025","13","4231115"
"chr8","115538288","115538595","chr1","12652526","12652828","42","102885762"
"chr8","115750216","115750542","chr7","162006682","162007004","61","46256466"
"chr8","116541797","116541987","chr15","11374347","11374538","35","105167450"
"chr8","116808547","116808839","chr19","32487561","32487847","49","84320986"
"chr8","117024911","117025205","chr11","133167044","133167339","41","16142133"
"chr8","117070267","117070584","chr1","360065","360372","42","116710202"
"chr8","117639202","117639482","chr19","53572827","53573116","38","64066375"
"chr8","117707695","117707890","chr8","121898302","121898503","13","4190607"
"chr8","117769300","117769463","chr1","25568959","25569120","26","92200341"
"chr8","117822601","117822896","chr8","122014427","122014722","5","4191826"
"chr8","117903524","117903821","chr2","15155383","15155685","44","102748141"
"chr8","117987786","117988054","chr8","122180099","122180367","3","4192313"
"chr8","117998159","117998466","chr1","212367041","212367355","44","94368882"
"chr8","118059598","118059914","chr8","122253103","122253406","21","4193505"
"chr8","118068149","118068452","chr1","12652526","12652828","37","105415623"
"chr8","118116115","118116423","chr8","122309288","122309596","4","4193173"
"chr8","118152596","118152910","chr8","122345150","122345466","6","4192554"
"chr8","118210433","118210743","chr8","122404203","122404513","8","4193770"
"chr8","118236317","118236612","chr8","122428806","122429110","17","4192489"
"chr8","118313524","118313816","chr1","128692929","128693228","41","10379405"
"chr8","118418709","118419017","chr1","117585233","117585532","61","833476"
"chr8","118473384","118473663","chrX","14105672","14105940","50","104367712"
"chr8","118664377","118664622","chr14","69186796","69187044","44","49477581"
"chr8","118741701","118741997","chr9","82400849","82401142","53","36340852"
"chr8","118932207","118932502","chr3","36261447","36261744","42","82670760"
"chr8","118946394","118946699","chr7","40967007","40967304","52","77979387"
"chr8","118973660","118973941","chr8","123155306","123155616","41","4181646"
"chr8","119214111","119214279","chr13","97316852","97317027","33","21897259"
"chr8","119272666","119272951","chr9","55550334","55550622","40","63722332"
"chr8","119284649","119284957","chr8","123472261","123472569","5","4187612"
"chr8","119373939","119374219","chr15","104611133","104611416","53","14762806"
"chr8","119377624","119377921","chr9","191148","191443","38","119186476"
"chr8","119418588","119418881","chr8","123603465","123603758","3","4184877"
"chr8","119442712","119443022","chr7","44258629","44258940","39","75184083"
"chr8","119455622","119455920","chr8","123640726","123641035","14","4185104"
"chr8","119633196","119633489","chr6","156719165","156719448","47","37085969"
"chr8","119668372","119668693","chr2","94213957","94214267","48","25454415"
"chr8","119791777","119792080","chr8","123978758","123979062","9","4186981"
"chr8","119835762","119836072","chr8","124023500","124023810","4","4187738"
"chr8","119873029","119873329","chr8","124064226","124064524","18","4191197"
"chr8","119978618","119978936","chr7","163349357","163349670","47","43370739"
"chr8","120224770","120225055","chr8","124457623","124457908","5","4232853"
"chr8","120512536","120512832","chr8","124748903","124749197","11","4236367"
"chr8","120678443","120678724","chr10","25957156","25957437","41","94721287"
"chr8","120725165","120725485","chr9","53346767","53347080","46","67378398"
"chr8","121054076","121054372","chr8","125306821","125307114","8","4252745"
"chr8","121344466","121344783","chr8","125598095","125598405","10","4253629"
"chr8","121421241","121421528","chr2","53002380","53002677","45","68418861"
"chr8","121446616","121446927","chr8","125710163","125710474","6","4263547"
"chr8","121492265","121492588","chr8","125758184","125758513","16","4265919"
"chr8","121545523","121545833","chr10","63405659","63405967","45","58139864"
"chr8","121577207","121577472","chr11","131964697","131964960","39","10387490"
"chr8","121590803","121591112","chr12","3309816","3310116","43","118280987"
"chr8","121591221","121591552","chr9","64075368","64075686","70","57515853"
"chr8","121939511","121939820","chr8","126215064","126215375","13","4275553"
"chr8","122220137","122220321","chr8","126562730","126562914","3","4342593"
"chr8","122434884","122435195","chr5","188768259","188768573","39","66333375"
"chr8","122526880","122527173","chr19","42770874","42771168","36","79756006"
"chr8","122616825","122617142","chr8","126960444","126960761","3","4343619"
"chr8","122654267","122654569","chr9","26792934","26793234","34","95861333"
"chr8","122754490","122754802","chrX","23126700","23127011","44","99627790"
"chr8","122856348","122856616","chr14","112568055","112568320","45","10288293"
"chr8","122891833","122892153","chr8","127238107","127238427","8","4346274"
"chr8","122924229","122924540","chr8","127270237","127270542","17","4346008"
"chr8","122934816","122935110","chr8","127280704","127280998","1","4345888"
"chr8","123291365","123291669","chr8","127638725","127639028","8","4347360"
"chr8","124034749","124035032","chr8","128394603","128394891","11","4359854"
"chr8","124493654","124493958","chr8","128843574","128843881","7","4349920"
"chr8","124543442","124543605","chr16","48091313","48091475","26","76452129"
"chr8","124801693","124801990","chr17","90884138","90884433","53","33917555"
"chr8","124862939","124863149","chr8","129217630","129217840","2","4354691"
"chr8","124937159","124937464","chr8","129294884","129295190","6","4357725"
"chr8","125026779","125027068","chr8","129384287","129384576","6","4357508"
"chr8","125071129","125071426","chr3","36239398","36239698","39","88831731"
"chr8","125120902","125121211","chr8","129479714","129480024","11","4358812"
"chr8","125189610","125189820","chr8","129548012","129548222","2","4358402"
"chr8","125346653","125346946","chr5","169292376","169292670","40","43945723"
"chr8","125352022","125352322","chr8","51933109","51933412","34","73418913"
"chr8","125414100","125414411","chr8","129807133","129807449","12","4393033"
"chr8","125450086","125450397","chr10","63405659","63405967","48","62044427"
"chr8","125489993","125490310","chr12","84681116","84681423","46","40808877"
"chr8","125583277","125583580","chr12","62295482","62295783","37","63287795"
"chr8","125689610","125689847","chr8","130077317","130077552","5","4387707"
"chr8","126834646","126834948","chr8","131206789","131207094","6","4372143"
"chr8","127162532","127162645","chr2","41911826","41911925","24","85250706"
"chr8","127162706","127163012","chr8","131535748","131536059","20","4373042"
"chr8","127169415","127169727","chr8","131541657","131541975","16","4372242"
"chr8","127276587","127276836","chr8","131648814","131649065","16","4372227"
"chr8","127386557","127386855","chr8","131761591","131761897","20","4375034"
"chr8","127479159","127479472","chr11","55363814","55364125","44","72115345"
"chr8","127509416","127509736","chr8","131882052","131882346","32","4372636"
"chr8","127807111","127807367","chr15","107795643","107795898","49","20011468"
"chr8","127847681","127847982","chr8","132222258","132222562","9","4374577"
"chr8","127997621","127997791","chr9","59384557","59384741","42","68613064"
"chr8","128211094","128211406","chr8","132581019","132581331","6","4369925"
"chr8","128261035","128261183","chr8","132633901","132634044","6","4372866"
"chr8","128434895","128435219","chr8","132811755","132812084","18","4376860"
"chr8","128519605","128519926","chr1","87448547","87448862","48","41071058"
"chr8","128542775","128543078","chr8","117246243","117246545","49","11296532"
"chr8","128553526","128553836","chr8","132930145","132930429","29","4376619"
"chr8","128791195","128791508","chr8","133166836","133167150","10","4375641"
"chr8","129190333","129190651","chr8","133580854","133581142","34","4390521"
"chr8","129548202","129548504","chr8","133939584","133939888","10","4391382"
"chr8","129678150","129678461","chr8","134069213","134069517","12","4391063"
"chr8","129717427","129717730","chr3","1792713","1793019","41","127924714"
"chr8","130380942","130381264","chr8","134764601","134764877","54","4383659"
"chr8","130740500","130740779","chr8","135132282","135132561","12","4391782"
"chr8","131344722","131345035","chr8","135736574","135736887","4","4391852"
"chr8","131614522","131614833","chr9","41028320","41028628","44","90586202"
"chr8","131638508","131638791","chr11","68960875","68961167","54","62677633"
"chr8","131873339","131873631","chr19","2665112","2665405","42","129208227"
"chr8","132057915","132058224","chr10","10323197","10323509","47","121734718"
"chr8","132110349","132110670","chrX","19602992","19603313","47","112507357"
"chr8","132175232","132175514","chr8","136584629","136584911","6","4409397"
"chr8","132178634","132178949","chr14","22411607","22411921","42","109767027"
"chr8","132303489","132303792","chr8","136703711","136704017","7","4400222"
"chr8","133301575","133301885","chr4","156993832","156994139","45","23692257"
"chr8","133438649","133438898","chr8","137878432","137878680","2","4439783"
"chr8","133617601","133617878","chr6","166372135","166372406","40","32754534"
"chr8","133806200","133806482","chr16","23399233","23399520","58","110406967"
"chr8","134415945","134416240","chr8","138816898","138817196","9","4400953"
"chr8","134787189","134787500","chr8","139194314","139194620","9","4407125"
"chr8","134993018","134993332","chr8","139405003","139405316","4","4411985"
"chr8","135074234","135074401","chr15","67227642","67227808","22","67846592"
"chr8","135077015","135077305","chr8","139490774","139491064","5","4413759"
"chr8","135175637","135175949","chr9","41028320","41028628","39","94147317"
"chr8","135219441","135219730","chr8","139609186","139609475","6","4389745"
"chr8","135228049","135228338","chr8","139617733","139618022","4","4389684"
"chr8","135252298","135252578","chr8","139642176","139642460","5","4389878"
"chr8","135278598","135278893","chr6","166686121","166686419","35","31407523"
"chr8","135280903","135281201","chr8","139673203","139673513","16","4392300"
"chr8","135348714","135348975","chr9","81624363","81624630","48","53724351"
"chr8","135406023","135406328","chr6","138003267","138003568","38","2597244"
"chr8","135410039","135410341","chr8","139798223","139798526","17","4388184"
"chr8","135452939","135453226","chr5","41773732","41774035","50","93679207"
"chr8","135454828","135455139","chr8","139841269","139841570","22","4386441"
"chr8","135568390","135568612","chr7","51591810","51592027","32","83976580"
"chr8","135786978","135787266","chr1","35039189","35039473","51","100747789"
"chr8","136008956","136009266","chr12","58348417","58348727","41","77660539"
"chr8","136010822","136011112","chr8","140393884","140394169","9","4383062"
"chr8","136020167","136020464","chr8","140403235","140403531","10","4383068"
"chr8","136329723","136330030","chr8","140715218","140715543","21","4385495"
"chr8","136544176","136544488","chr8","140936325","140936643","18","4392149"
"chr8","136932691","136933000","chr1","195618508","195618814","44","58685817"
"chr8","137091201","137091508","chr8","141480987","141481288","21","4389786"
"chr8","137806976","137807269","chr8","142202092","142202392","19","4395116"
"chr8","137824620","137824932","chr2","109129520","109129825","38","28695100"
"chr8","137867758","137868066","chr15","26986646","26986958","41","110881112"
"chr8","137875421","137875727","chr8","142270279","142270588","14","4394858"
"chr8","137896948","137897239","chr1","92366913","92367207","42","45530035"
"chr8","137991816","137992135","chr8","142389697","142390012","9","4397881"
"chr8","138045503","138045799","chrX","124158161","124158455","53","13887342"
"chr8","138311052","138311371","chr8","142708882","142709185","29","4397830"
"chr8","138316755","138317056","chr11","10516060","10516352","45","127800695"
"chr8","138402590","138402884","chr6","171573284","171573582","38","33170694"
"chr8","138501851","138502150","chr8","142902043","142902340","7","4400192"
"chr8","138537894","138538063","chr10","4846215","4846383","29","133691679"
"chr8","138560953","138561245","chr8","92346531","92346819","39","46214422"
"chr8","138701025","138701308","chr8","143112699","143112968","22","4411674"
"chr8","138955350","138955659","chr1","24959805","24960111","50","113995545"
"chr8","138961094","138961382","chr8","143634423","143634729","40","4673329"
"chr8","138961542","138961828","chr8","143634423","143634729","46","4672881"
"chr8","138961987","138962289","chr8","143634423","143634729","7","4672436"
"chr8","138977700","138977991","chr8","143648890","143649208","29","4671190"
"chr8","139225532","139225695","chr8","143931317","143931477","5","4705785"
"chr8","139294009","139294315","chr9","41028320","41028628","41","98265689"
"chr8","139305484","139305797","chr8","144011369","144011679","5","4705885"
"chr8","139350598","139350909","chr16","45178244","45178554","39","94172354"
"chr9","14155712","14155984","chr9","14049997","14050269","14","105715"
"chr9","81526665","81526973","chr9","84619463","84619771","13","3092798"
"chr9","82051010","82051340","chr11","127034793","127035118","49","44983783"
"chr9","50941","51261","chr20","27120032","27120344","55","27069091"
"chr9","55820","56107","chr15","28284547","28284827","41","28228727"
"chr9","226853","227147","chr9","191148","191443","10","35705"
"chr9","437667","437969","chr15","5101646","5101949","25","4663979"
"chr9","484838","485160","chr8","140936325","140936643","68","140451487"
"chr9","750494","750786","chr6","60232300","60232598","43","59481806"
"chr9","757549","757833","chr9","566488","566777","9","191061"
"chr9","767758","768053","chr9","577467","577766","11","190291"
"chr9","988735","989037","chr9","797723","798024","5","191012"
"chr9","1023887","1024197","chr9","831273","831595","20","192614"
"chr9","1054367","1054659","chr9","863178","863468","6","191189"
"chr9","1073811","1074105","chr2","202955495","202955799","56","201881684"
"chr9","1083382","1083694","chr3","10716492","10716803","48","9633110"
"chr9","1221462","1221755","chr10","63158839","63159133","45","61937377"
"chr9","1241100","1241396","chr9","1053329","1053618","8","187771"
"chr9","1545532","1545845","chr19","31624647","31624952","41","30079115"
"chr9","1883776","1884100","chrX","19602992","19603313","54","17719216"
"chr9","1899396","1899695","chr9","1705673","1705971","11","193723"
"chr9","1994512","1994819","chr6","67302891","67303195","45","65308379"
"chr9","2113271","2113568","chr2","43186749","43187051","51","41073478"
"chr9","2388390","2388680","chr9","2195361","2195653","10","193029"
"chr9","2463669","2463969","chr9","2271222","2271517","10","192447"
"chr9","2467596","2467861","chr14","112568055","112568320","30","110100459"
"chr9","2846115","2846426","chr13","54979467","54979778","45","52133352"
"chr9","2893203","2893501","chr2","52000290","52000593","52","49107087"
"chr9","2895544","2895855","chr2","157421590","157421899","48","154526046"
"chr9","3360237","3360555","chr4","162410628","162410938","44","159050391"
"chr9","3522399","3522705","chr9","3241646","3241955","10","280753"
"chr9","3616625","3616912","chr1","93440412","93440706","42","89823787"
"chr9","3647440","3647715","chr9","3369937","3370212","13","277503"
"chr9","3722923","3723230","chr9","3475617","3475922","21","247306"
"chr9","3735501","3735800","chr9","3487897","3488197","15","247604"
"chr9","3736456","3736752","chr9","3488847","3489142","18","247609"
"chr9","3743658","3743759","chr2","41911826","41911925","20","38168168"
"chr9","3814400","3814625","chr20","8992409","8992637","35","5178009"
"chr9","3995517","3995806","chr8","92346531","92346819","34","88351014"
"chr9","4031155","4031328","chr3","39898760","39898931","30","35867605"
"chr9","4063246","4063510","chr17","23932101","23932362","46","19868855"
"chr9","4118942","4119232","chr11","101796021","101796314","46","97677079"
"chr9","4187491","4187624","chr9","3934919","3935055","5","252572"
"chr9","4256955","4257259","chr9","4003614","4003918","4","253341"
"chr9","4479812","4480123","chr10","88330401","88330712","47","83850589"
"chr9","4633085","4633366","chr4","171552441","171552725","55","166919356"
"chr9","4679966","4680223","chr9","4428070","4428342","24","251896"
"chr9","4864889","4865173","chr11","10516060","10516352","26","5651171"
"chr9","4965506","4965797","chr9","4734907","4735198","8","230599"
"chr9","5164165","5164443","chr9","4904256","4904537","11","259909"
"chr9","5255989","5256299","chr15","42808664","42808977","36","37552675"
"chr9","5593692","5593992","chr9","5273185","5273485","6","320507"
"chr9","5637417","5637701","chr1","125412534","125412824","54","119775117"
"chr9","5827931","5828228","chr9","5504707","5505014","16","323224"
"chr9","5847941","5848245","chrX","113433151","113433451","49","107585210"
"chr9","5875002","5875329","chr9","5551877","5552203","18","323125"
"chr9","5913319","5913614","chr9","5590245","5590536","8","323074"
"chr9","5976989","5977280","chr9","12452233","12452526","39","6475244"
"chr9","6024217","6024529","chr9","5701676","5701989","16","322541"
"chr9","6076183","6076494","chr9","5758945","5759256","7","317238"
"chr9","6079329","6079628","chr12","66439226","66439518","53","60359897"
"chr9","6226399","6226695","chr9","5943151","5943447","9","283248"
"chr9","6251242","6251488","chr19","45957645","45957883","42","39706403"
"chr9","6297851","6298162","chr7","83965507","83965820","42","77667656"
"chr9","6438599","6438882","chr4","18525376","18525667","44","12086777"
"chr9","6445569","6445859","chr9","6161207","6161500","9","284362"
"chr9","6484607","6484920","chr16","34222054","34222358","42","27737447"
"chr9","6598452","6598759","chr9","6314736","6315040","10","283716"
"chr9","6643404","6643685","chr9","6359500","6359795","24","283904"
"chr9","7082044","7082318","chr9","6801496","6801776","10","280548"
"chr9","7362558","7362823","chr9","7079224","7079494","23","283334"
"chr9","7620044","7620278","chr4","43015370","43015601","47","35395326"
"chr9","7717418","7717705","chr9","7540548","7540842","11","176870"
"chr9","7752707","7752997","chr4","116888019","116888318","46","109135312"
"chr9","7919109","7919400","chr6","114533246","114533529","39","106614137"
"chr9","8024494","8024786","chr9","7842660","7842952","4","181834"
"chr9","8065917","8066222","chr3","10716492","10716803","38","2650575"
"chr9","8148916","8149229","chr9","7968342","7968655","9","180574"
"chr9","8358730","8359033","chr9","8180059","8180340","28","178671"
"chr9","8632360","8632667","chr9","8450803","8451111","20","181557"
"chr9","8718028","8718339","chr10","29617192","29617497","41","20899164"
"chr9","9114640","9114947","chr9","8932693","8932999","4","181947"
"chr9","9410890","9411187","chr9","9228154","9228447","14","182736"
"chr9","9503003","9503308","chr9","9319788","9320092","4","183215"
"chr9","10086335","10086653","chr9","9950966","9951250","34","135369"
"chr9","10142900","10143211","chr10","29617192","29617497","38","19474292"
"chr9","10219137","10219436","chr9","10081084","10081384","4","138053"
"chr9","10459619","10459908","chr16","31070792","31071075","51","20611173"
"chr9","10553332","10553633","chr9","10414170","10414471","4","139162"
"chr9","10706171","10706451","chr10","25957156","25957437","45","15250985"
"chr9","10727580","10727873","chr9","10583583","10583852","37","143997"
"chr9","10823825","10824137","chr19","34193976","34194287","45","23370151"
"chr9","10931754","10932053","chr9","10786103","10786403","7","145651"
"chr9","11093241","11093546","chr1","7401659","7401964","37","3691582"
"chr9","11549588","11549898","chr9","11410422","11410734","13","139166"
"chr9","11565735","11566052","chrX","128430767","128431080","40","116865032"
"chr9","11569468","11569780","chr17","22149310","22149617","38","10579842"
"chr9","11700743","11701051","chr9","11561925","11562230","4","138818"
"chr9","11736050","11736341","chr9","11597570","11597862","6","138480"
"chr9","12078467","12078754","chr19","1555719","1556003","43","10522748"
"chr9","12125958","12126256","chr9","55550334","55550622","39","43424376"
"chr9","12176347","12176635","chr14","100540512","100540803","34","88364165"
"chr9","12199615","12199915","chr2","89565437","89565737","43","77365822"
"chr9","12255341","12255647","chr9","12113097","12113393","11","142244"
"chr9","12256737","12257047","chr9","12114741","12115051","6","141996"
"chr9","12278065","12278360","chr2","97026447","97026738","42","84748382"
"chr9","12316077","12316382","chr5","151788359","151788660","37","139472282"
"chr9","12357794","12357951","chr6","131883156","131883315","25","119525362"
"chr9","12373690","12373989","chr5","8868729","8869028","56","3504961"
"chr9","12375534","12375829","chr1","42005782","42006075","48","29630248"
"chr9","12409661","12409947","chr7","85447446","85447744","48","73037785"
"chr9","12518969","12519291","chr4","115333389","115333711","53","102814420"
"chr9","12576601","12576897","chr9","12452233","12452526","6","124368"
"chr9","12589096","12589406","chr9","12464685","12464995","5","124411"
"chr9","12594443","12594747","chr4","34151114","34151419","37","21556671"
"chr9","12602442","12602760","chr3","127699157","127699471","44","115096715"
"chr9","12605789","12606086","chr9","12481808","12482109","9","123981"
"chr9","12637489","12637805","chr1","27575549","27575860","45","14938060"
"chr9","12668713","12669002","chr12","114039400","114039688","47","101370687"
"chr9","12691170","12691480","chr9","12568756","12569066","4","122414"
"chr9","12797542","12797853","chr15","19018192","19018504","42","6220650"
"chr9","12804531","12804837","chr10","29617192","29617497","43","16812661"
"chr9","12839836","12840118","chr8","92346531","92346819","43","79506695"
"chr9","12863362","12863654","chr1","16317597","16317894","50","3454235"
"chr9","12866407","12866723","chr9","12750115","12750398","37","116292"
"chr9","12885165","12885470","chr9","12769404","12769711","11","115761"
"chr9","12939935","12940244","chr9","12828072","12828373","11","111863"
"chr9","13025624","13025932","chrX","38138001","38138314","10","25112377"
"chr9","13091595","13091873","chr2","112227291","112227575","49","99135696"
"chr9","13199919","13200204","chr12","100530130","100530416","38","87330211"
"chr9","13214516","13214805","chr9","13107907","13108191","11","106609"
"chr9","13242162","13242453","chr9","13125852","13126143","6","116310"
"chr9","13524023","13524317","chr18","47080607","47080899","34","33556584"
"chr9","13575861","13576171","chr10","29617192","29617497","38","16041331"
"chr9","13740294","13740589","chr9","13624275","13624578","14","116019"
"chr9","14061987","14062298","chr10","78692337","78692646","55","64630350"
"chr9","14097042","14097335","chr9","13991367","13991659","47","105675"
"chr9","14145869","14146168","chr7","36332943","36333239","39","22187074"
"chr9","14215975","14216262","chr1","31550370","31550659","49","17334395"
"chr9","14350242","14350539","chr9","14244602","14244900","7","105640"
"chr9","14651561","14651872","chr9","14548434","14548746","6","103127"
"chr9","14815767","14816072","chr9","14716700","14717004","5","99067"
"chr9","15143175","15143493","chr2","94057068","94057381","50","78913893"
"chr9","15179148","15179435","chr6","156719165","156719448","42","141540017"
"chr9","15180581","15180871","chr9","15080201","15080491","2","100380"
"chr9","15183715","15184019","chr9","15083325","15083630","11","100390"
"chr9","15198805","15198997","chr6","118614783","118614982","45","103415978"
"chr9","15277596","15277893","chr9","15242211","15242510","15","35385"
"chr9","15403972","15404261","chr9","15371451","15371738","7","32521"
"chr9","15414516","15414814","chr4","162098686","162098983","39","146684170"
"chr9","15431132","15431450","chr9","15398760","15399079","8","32372"
"chr9","15438385","15438698","chr9","15406113","15406419","22","32272"
"chr9","15443847","15444132","chr9","15411661","15411939","10","32186"
"chr9","15449181","15449444","chr9","15416995","15417259","4","32186"
"chr9","15449639","15449683","chr19","11604519","11604555","13","3845120"
"chr9","15523005","15523323","chr9","15495685","15496004","10","27320"
"chr9","15549632","15549923","chr10","84928622","84928916","38","69378990"
"chr9","15620771","15621073","chr9","15590570","15590872","1","30201"
"chr9","15665861","15666166","chr9","15635880","15636185","3","29981"
"chr9","15680612","15680931","chr6","92544030","92544332","43","76863418"
"chr9","15878506","15878815","chr9","53346767","53347080","43","37468261"
"chr9","15970359","15970661","chr9","15954024","15954322","10","16335"
"chr9","16319909","16320210","chr9","16302359","16302659","3","17550"
"chr9","16324737","16324930","chr10","61247406","61247595","37","44922669"
"chr9","16497640","16497947","chr3","178948248","178948560","38","162450608"
"chr9","16575448","16575747","chr3","36139696","36139995","42","19564248"
"chr9","16646562","16646859","chr7","147596611","147596908","42","130950049"
"chr9","16676118","16676423","chr9","16666451","16666759","11","9667"
"chr9","16883685","16883995","chr9","53346767","53347080","43","36463082"
"chr9","16898818","16899123","chr9","17396492","17396798","4","497674"
"chr9","17049186","17049486","chr9","17546136","17546436","3","496950"
"chr9","17138462","17138743","chr4","150392884","150393170","45","133254422"
"chr9","17158177","17158305","chr12","70150185","70150313","22","52992008"
"chr9","17158462","17158645","chr17","18751212","18751393","32","1592750"
"chr9","17173064","17173373","chr9","17672840","17673151","7","499776"
"chr9","17218134","17218414","chr9","17716257","17716537","6","498123"
"chr9","17255987","17256292","chr9","17754687","17754992","9","498700"
"chr9","17392760","17393077","chr11","52572272","52572595","50","35179512"
"chr9","17476585","17476894","chr20","61246724","61247032","45","43770139"
"chr9","17549517","17549819","chr9","18061368","18061669","2","511851"
"chr9","17600753","17601062","chr9","18112748","18113053","17","511995"
"chr9","17930838","17931141","chr16","32427628","32427931","38","14496790"
"chr9","18015932","18016209","chr4","122590233","122590515","37","104574301"
"chr9","18046907","18047185","chrX","7293478","7293753","48","10753429"
"chr9","18051398","18051647","chr9","18616227","18616478","7","564829"
"chr9","18076308","18076600","chr9","18641617","18641896","20","565309"
"chr9","18104236","18104534","chr9","18675732","18676027","8","571496"
"chr9","18116866","18117178","chr9","18688046","18688358","5","571180"
"chr9","18126203","18126515","chr10","29617192","29617497","32","11490989"
"chr9","18329964","18330295","chr9","18983717","18984050","32","653753"
"chr9","18372849","18373144","chrX","47435138","47435436","41","29062289"
"chr9","18393168","18393444","chr9","19048808","19049087","4","655640"
"chr9","18478600","18478899","chr9","19115546","19115850","13","636946"
"chr9","18898293","18898556","chr1","221257980","221258246","40","202359687"
"chr9","19013110","19013383","chr6","166372135","166372406","44","147359025"
"chr9","19262408","19262714","chr9","19917234","19917538","17","654826"
"chr9","19264670","19264960","chr3","86589506","86589798","42","67324836"
"chr9","19267731","19268051","chr7","15640243","15640567","58","3627488"
"chr9","19486203","19486476","chr9","20143024","20143293","68","656821"
"chr9","19558670","19558979","chr9","20216327","20216630","9","657657"
"chr9","19623318","19623615","chr6","166686121","166686419","42","147062803"
"chr9","19681231","19681526","chr9","20339967","20340272","13","658736"
"chr9","19827022","19827330","chr9","20490316","20490624","4","663294"
"chr9","19871131","19871417","chr9","20534613","20534869","33","663482"
"chr9","19936865","19937150","chr10","72475306","72475600","42","52538441"
"chr9","20299052","20299370","chr3","48403991","48404294","60","28104939"
"chr9","20785768","20786057","chr14","57782646","57782933","42","36996878"
"chr9","20869510","20869818","chr13","94486876","94487186","40","73617366"
"chr9","20911688","20911988","chr7","80610462","80610764","41","59698774"
"chr9","20914753","20914926","chr15","83676100","83676274","29","62761347"
"chr9","20917019","20917144","chr1","140226445","140226567","20","119309426"
"chr9","20945464","20945758","chr9","21597658","21597953","8","652194"
"chr9","20959274","20959546","chr2","30016127","30016406","44","9056853"
"chr9","21081121","21081419","chr9","21731412","21731710","7","650291"
"chr9","21087508","21087678","chr9","21737775","21737937","12","650267"
"chr9","21202357","21202672","chr9","21852416","21852731","7","650059"
"chr9","21371187","21371476","chr9","22018980","22019291","25","647793"
"chr9","21408057","21408366","chr9","22065520","22065829","4","657463"
"chr9","22185835","22186135","chr9","22841880","22842178","9","656045"
"chr9","22328252","22328566","chr9","22985758","22986073","7","657506"
"chr9","22572587","22572902","chr4","156993832","156994139","45","134421245"
"chr9","22789454","22789664","chr9","23441007","23441216","7","651553"
"chr9","22912401","22912741","chr4","45089818","45090148","64","22177417"
"chr9","23343369","23343667","chr5","169292376","169292670","57","145949007"
"chr9","23701880","23702181","chr9","24361236","24361527","12","659356"
"chr9","23851887","23852184","chr9","24509497","24509780","19","657610"
"chr9","23937919","23938213","chr9","24595569","24595879","19","657650"
"chr9","24059425","24059726","chr9","24718271","24718574","8","658846"
"chr9","24276383","24276696","chr9","24911897","24912209","6","635514"
"chr9","24284710","24284738","chr3","127440835","127440864","7","103156125"
"chr9","24389715","24390001","chr9","25024254","25024556","23","634539"
"chr9","24529344","24529651","chr9","25138560","25138866","7","609216"
"chr9","24583244","24583529","chr9","25192855","25193140","7","609611"
"chr9","24873867","24874161","chr7","136178277","136178567","37","111304410"
"chr9","25051868","25052168","chr9","25660599","25660896","7","608731"
"chr9","25233989","25234327","chr1","124479126","124479461","55","99245137"
"chr9","25317171","25317470","chr9","25920036","25920323","16","602865"
"chr9","25676096","25676389","chr9","26293705","26293998","13","617609"
"chr9","25686392","25686702","chr5","179013597","179013907","37","153327205"
"chr9","25749592","25749917","chr2","94213957","94214267","53","68464365"
"chr9","25986803","25987116","chr1","53870362","53870673","42","27883559"
"chr9","26016936","26017198","chr9","26626570","26626840","9","609634"
"chr9","26025533","26025828","chr16","19171896","19172193","37","6853637"
"chr9","26044992","26045305","chr9","87559540","87559852","40","61514548"
"chr9","26183324","26183626","chr9","26792934","26793234","3","609610"
"chr9","26270745","26271038","chr9","26880505","26880800","6","609760"
"chr9","26290098","26290385","chr1","125132398","125132687","46","98842300"
"chr9","26483645","26483919","chrX","91814529","91814802","43","65330884"
"chr9","26494149","26494459","chr9","27106006","27106316","7","611857"
"chr9","26513868","26514168","chr9","27125707","27126011","12","611839"
"chr9","26567813","26568103","chr6","39737167","39737470","39","13169354"
"chr9","26602244","26602555","chr9","27209040","27209351","1","606796"
"chr9","26916407","26916709","chr7","16885620","16885926","41","10030787"
"chr9","27019467","27019749","chr5","111655940","111656224","46","84636473"
"chr9","27253889","27254175","chr8","92346531","92346819","35","65092642"
"chr9","27495495","27495800","chr10","29617192","29617497","39","2121697"
"chr9","27658122","27658433","chr9","28270559","28270845","32","612437"
"chr9","27810575","27810854","chr9","28425815","28426097","8","615240"
"chr9","27936552","27936842","chr9","28574258","28574547","6","637706"
"chr9","27958577","27958889","chr9","28595159","28595465","20","636582"
"chr9","28072882","28073177","chr9","28750699","28750991","29","677817"
"chr9","28083580","28083877","chr1","25343836","25344135","37","2739744"
"chr9","28097022","28097315","chr9","28778006","28778302","10","680984"
"chr9","28309620","28309909","chr9","28994404","28994696","9","684784"
"chr9","28335449","28335612","chr1","20788190","20788361","30","7547259"
"chr9","28441151","28441435","chr9","29126411","29126695","7","685260"
"chr9","28511763","28512080","chr9","29196252","29196573","12","684489"
"chr9","28524521","28524815","chr6","79022858","79023154","37","50498337"
"chr9","28591799","28592106","chr9","29277497","29277782","27","685698"
"chr9","28677068","28677377","chr3","36619575","36619882","43","7942507"
"chr9","28679888","28680199","chr9","29365999","29366310","9","686111"
"chr9","28991711","28992013","chr4","36818592","36818900","50","7826881"
"chr9","29077267","29077564","chr3","178662983","178663277","36","149585716"
"chr9","29178031","29178343","chrX","29625143","29625451","41","447112"
"chr9","29196346","29196550","chr9","29884731","29884931","11","688385"
"chr9","29198354","29198659","chr12","62295482","62295783","42","33097128"
"chr9","29200523","29200831","chr9","29888902","29889227","21","688379"
"chr9","29214485","29214795","chr9","29903328","29903626","21","688843"
"chr9","29346059","29346356","chr9","30035789","30036083","12","689730"
"chr9","29471342","29471655","chr19","17429712","17430024","41","12041630"
"chr9","29483937","29484243","chr9","30180018","30180326","4","696081"
"chr9","29657570","29657836","chr4","38383795","38384058","42","8726225"
"chr9","29908119","29908422","chr9","30605712","30606015","6","697593"
"chr9","29934852","29935149","chr9","30631610","30631915","12","696758"
"chr9","29970184","29970489","chr9","30668196","30668500","10","698012"
"chr9","29974976","29975288","chr9","30672855","30673153","18","697879"
"chr9","29996055","29996327","chr9","30695175","30695451","10","699120"
"chr9","30004675","30004986","chr9","30703923","30704232","7","699248"
"chr9","30057891","30058184","chr9","30758056","30758349","8","700165"
"chr9","30106495","30106795","chr9","30816809","30817110","11","710314"
"chr9","30119963","30120259","chr11","10516060","10516352","38","19603903"
"chr9","30201674","30201984","chr12","120981550","120981858","43","90779876"
"chr9","30228363","30228668","chr2","149030932","149031236","5","118802569"
"chr9","30268499","30268836","chr19","34264487","34264817","57","3995988"
"chr9","30345728","30346035","chrX","42534967","42535279","40","12189239"
"chr9","30434216","30434536","chr9","31104773","31105122","36","670557"
"chr9","30530706","30531004","chr11","10516060","10516352","42","20014646"
"chr9","30620242","30620536","chr3","9794966","9795261","34","20825276"
"chr9","30633174","30633486","chr9","31304685","31304998","8","671511"
"chr9","30774122","30774428","chr5","86534254","86534559","43","55760132"
"chr9","31132981","31133274","chr9","31880245","31880535","19","747264"
"chr9","31179369","31179671","chr1","123571730","123572033","36","92392361"
"chr9","31344573","31344873","chr9","32092133","32092428","13","747560"
"chr9","31371565","31371851","chr9","32119355","32119658","21","747790"
"chr9","31400232","31400537","chr9","32149640","32149945","40","749408"
"chr9","31478333","31478631","chr9","32229373","32229693","24","751040"
"chr9","31530971","31531245","chr2","202622423","202622699","45","171091452"
"chr9","31658569","31658859","chr9","32420773","32421063","3","762204"
"chr9","31744762","31745068","chr9","32508047","32508353","3","763285"
"chr9","31765964","31766119","chr9","32528468","32528646","26","762504"
"chr9","31798026","31798311","chr12","114039400","114039688","41","82241374"
"chr9","31829794","31830081","chr9","32597444","32597735","6","767650"
"chr9","32009899","32010209","chrX","8089980","8090284","38","23919919"
"chr9","32015384","32015676","chr9","32799231","32799523","1","783847"
"chr9","32433657","32433973","chr6","140024892","140025205","47","107591235"
"chr9","32802583","32802916","chr9","33601999","33602332","7","799416"
"chr9","32817014","32817304","chr9","33616756","33617046","9","799742"
"chr9","32842607","32842881","chr9","33643464","33643738","5","800857"
"chr9","33103097","33103396","chr9","33906173","33906466","11","803076"
"chr9","33230425","33230734","chr1","154900380","154900688","40","121669955"
"chr9","33299629","33299942","chr9","34102938","34103223","33","803309"
"chr9","33346921","33347234","chr3","11837835","11838142","47","21509086"
"chr9","33357473","33357795","chr17","731819","732128","52","32625654"
"chr9","33444501","33444757","chr12","114776844","114777090","42","81332343"
"chr9","33467731","33468038","chr9","34268944","34269243","16","801213"
"chr9","33507364","33507397","chr6","37726911","37726948","10","4219547"
"chr9","33625376","33625695","chr3","46985849","46986166","85","13360473"
"chr9","33729063","33729335","chr1","166292218","166292489","45","132563155"
"chr9","33874284","33874596","chr9","34680506","34680821","9","806222"
"chr9","34196004","34196312","chr18","70191457","70191758","41","35995453"
"chr9","34355947","34356236","chr9","35160005","35160294","4","804058"
"chr9","34404231","34404532","chr9","35206842","35207143","0","802611"
"chr9","34418099","34418416","chr19","34193976","34194287","49","224123"
"chr9","34421426","34421738","chr9","35223561","35223879","12","802135"
"chr9","34475204","34475517","chrX","23126700","23127011","42","11348504"
"chr9","34508107","34508423","chr20","17974498","17974809","42","16533609"
"chr9","34631545","34631842","chr9","35431165","35431463","8","799620"
"chr9","34643827","34644121","chr9","35443519","35443813","3","799692"
"chr9","34788712","34789010","chr9","35585905","35586203","4","797193"
"chr9","34831324","34831611","chr9","35628994","35629281","7","797670"
"chr9","35076202","35076502","chr9","35866763","35867062","5","790561"
"chr9","35119181","35119491","chr17","76949866","76950172","39","41830685"
"chr9","35133117","35133417","chr9","35956574","35956874","3","823457"
"chr9","35238857","35239172","chr15","34198265","34198571","46","1040592"
"chr9","35244179","35244491","chr9","36070774","36071093","13","826595"
"chr9","35320905","35321232","chr3","178948248","178948560","54","143627343"
"chr9","35390070","35390347","chr9","36213082","36213357","10","823012"
"chr9","35510779","35511105","chr9","36334365","36334697","14","823586"
"chr9","35847131","35847422","chr4","116888019","116888318","48","81040888"
"chr9","35955720","35956008","chr12","114039400","114039688","44","78083680"
"chr9","36095663","36095946","chr9","36427705","36427988","4","332042"
"chr9","36119224","36119534","chr9","36451451","36451766","15","332227"
"chr9","36124839","36125142","chr7","10134125","10134425","44","25990714"
"chr9","36320728","36320970","chr9","37388728","37388970","3","1068000"
"chr9","36441722","36442034","chr6","32369655","32369968","45","4072067"
"chr9","36483828","36484128","chr14","753228","753529","37","35730600"
"chr9","36517273","36517588","chr7","163349357","163349670","42","126832084"
"chr9","36577010","36577319","chr1","44545079","44545366","60","7968069"
"chr9","36608829","36609140","chr4","73472107","73472419","43","36863278"
"chr9","36666596","36666898","chr2","87447080","87447383","41","50780484"
"chr9","36667769","36667918","chr14","101060540","101060686","34","64392771"
"chr9","36771988","36772293","chr9","38106487","38106791","3","1334499"
"chr9","36862278","36862582","chr3","9812386","9812687","45","27049892"
"chr9","36868770","36869074","chr17","12372048","12372347","37","24496722"
"chr9","36903410","36903629","chr1","126748824","126749046","37","89845414"
"chr9","36924411","36924721","chr16","76763230","76763541","42","39838819"
"chr9","37027384","37027671","chr10","73359635","73359925","53","36332251"
"chr9","37070929","37071171","chr5","177731978","177732207","60","140661049"
"chr9","37132756","37132983","chr7","78340129","78340349","40","41207373"
"chr9","37670272","37670559","chr4","44046776","44047080","45","6376504"
"chr9","37682926","37683223","chr9","57275871","57276167","42","19592945"
"chr9","37734494","37734806","chr1","62016381","62016693","40","24281887"
"chr9","37759318","37759587","chr7","6251212","6251473","46","31508106"
"chr9","37806557","37806850","chr8","48991236","48991528","48","11184679"
"chr9","37827221","37827554","chr12","46616730","46617064","55","8789509"
"chr9","37834832","37835128","chr9","38976979","38977275","4","1142147"
"chr9","38500106","38500409","chr2","109129520","109129825","56","70629414"
"chr9","38888392","38888693","chr14","21868513","21868811","64","17019879"
"chr9","39147353","39147664","chr20","61246724","61247032","50","22099371"
"chr9","39365220","39365527","chr9","41028320","41028628","4","1663100"
"chr9","39403590","39403900","chr9","41067212","41067510","15","1663622"
"chr9","39661241","39661511","chr9","41341586","41341856","2","1680345"
"chr9","39686448","39686753","chr9","41361808","41362083","46","1675360"
"chr9","39710099","39710408","chr9","41432008","41432318","24","1721909"
"chr9","39738498","39738800","chr6","128812162","128812464","45","89073664"
"chr9","39739009","39739302","chr15","13282114","13282409","39","26456895"
"chr9","39739584","39739882","chr9","41414321","41414626","26","1674737"
"chr9","39744319","39744623","chr9","41417804","41418115","11","1673485"
"chr9","39758731","39759039","chr9","41432008","41432318","14","1673277"
"chr9","39800457","39800735","chr9","41361808","41362083","16","1561351"
"chr9","39859194","39859504","chr9","19917234","19917538","50","19941960"
"chr9","39868767","39869076","chr9","44138857","44139154","16","4270090"
"chr9","39877512","39877834","chr9","44130031","44130357","21","4252519"
"chr9","39999673","39999961","chr9","44013699","44013987","4","4014026"
"chr9","40142886","40143198","chr15","45240967","45241278","43","5098081"
"chr9","40416538","40416826","chr14","57782646","57782933","33","17366108"
"chr9","40505668","40505957","chr9","43518554","43518841","5","3012886"
"chr9","40771552","40771856","chr9","43251027","43251338","15","2479475"
"chr9","40981571","40981882","chr9","43046131","43046439","8","2064560"
"chr9","40986624","40986910","chr19","32487561","32487847","45","8499063"
"chr9","41092729","41093015","chr9","42935171","42935457","3","1842442"
"chr9","41430346","41430636","chr9","42598844","42599134","4","1168498"
"chr9","41613322","41613569","chr4","31815929","31816154","73","9797393"
"chr9","41853130","41853416","chr1","21730640","21730935","53","20122490"
"chr9","41958436","41958735","chr9","42067508","42067812","12","109072"
"chr9","42171559","42171869","chrX","42534967","42535279","44","363408"
"chr9","42435926","42436228","chr9","44598194","44598491","11","2162268"
"chr9","42455827","42456129","chr9","44578505","44578807","8","2122678"
"chr9","42467757","42468073","chr7","163349357","163349670","40","120881600"
"chr9","42499401","42499714","chr9","44533631","44533944","6","2034230"
"chr9","42515618","42515783","chr2","84214872","84215040","25","41699254"
"chr9","42616072","42616376","chr4","85833400","85833701","36","43217328"
"chr9","42751164","42751376","chr9","41522680","41522887","9","1228484"
"chr9","42841537","42841821","chr9","41604054","41604343","6","1237483"
"chr9","42901342","42901641","chr9","41665816","41666115","8","1235526"
"chr9","43082279","43082591","chr9","41028320","41028628","42","2053959"
"chr9","43116516","43116810","chr9","45334838","45335132","4","2218322"
"chr9","43260902","43261191","chr2","109129520","109129825","59","65868618"
"chr9","43316802","43317087","chr2","30016127","30016406","42","13300675"
"chr9","43330256","43330561","chr9","45547918","45548207","18","2217662"
"chr9","43460846","43461160","chr9","45678107","45678418","19","2217261"
"chr9","43472578","43472888","chr9","41028320","41028628","37","2444258"
"chr9","43511901","43512193","chr9","45751266","45751563","11","2239365"
"chr9","43537848","43538149","chr1","210824915","210825219","44","167287067"
"chr9","43634950","43635239","chr1","153472046","153472335","34","109837096"
"chr9","43902533","43902725","chr9","46144535","46144727","2","2242002"
"chr9","44475554","44475861","chr10","10323197","10323509","47","34152357"
"chr9","45261849","45262172","chr12","47045107","47045434","54","1783258"
"chr9","45326532","45326849","chr1","53870362","53870673","47","8543830"
"chr9","45340826","45341110","chr9","47770105","47770391","8","2429279"
"chr9","45475247","45475546","chr9","47908009","47908316","13","2432762"
"chr9","45630278","45630583","chr9","48060397","48060679","27","2430119"
"chr9","45745502","45745814","chr8","92135177","92135491","37","46389675"
"chr9","45837902","45838211","chr9","48266332","48266622","35","2428430"
"chr9","45940251","45940562","chr7","42153561","42153873","38","3786690"
"chr9","45971166","45971473","chr4","114771357","114771663","36","68800191"
"chr9","46361705","46362005","chr9","48788376","48788677","10","2426671"
"chr9","47033953","47034265","chr1","87448547","87448862","39","40414594"
"chr9","47091324","47091631","chr9","49591882","49592190","8","2500558"
"chr9","47397974","47398277","chr9","49899013","49899308","15","2501039"
"chr9","47425198","47425357","chr9","49926146","49926302","7","2500948"
"chr9","47850715","47851028","chr6","59352546","59352856","42","11501831"
"chr9","48074643","48074961","chr1","163154731","163155044","51","115080088"
"chr9","48291994","48292104","chr8","80191050","80191152","31","31899056"
"chr9","48463369","48463665","chr1","129047168","129047462","47","80583799"
"chr9","48594410","48594718","chr3","30295292","30295604","52","18299118"
"chr9","49574503","49574812","chr9","577467","577766","47","48997036"
"chr9","49666024","49666325","chr4","116888019","116888318","38","67221995"
"chr9","49700282","49700585","chrX","123495796","123496096","36","73795514"
"chr9","49719533","49719858","chrX","46703047","46703358","57","3016486"
"chr9","49854283","49854584","chr9","52760228","52760529","26","2905945"
"chr9","49864037","49864347","chr9","52391800","52392113","10","2527763"
"chr9","50013625","50013912","chr9","52548503","52548806","21","2534878"
"chr9","50240428","50240740","chr9","52391800","52392113","11","2151372"
"chr9","50248489","50248796","chr9","52760228","52760529","8","2511739"
"chr9","50290339","50290645","chr9","52797948","52798255","2","2507609"
"chr9","50400839","50401154","chr9","41028320","41028628","42","9372519"
"chr9","50633584","50633883","chr10","61098891","61099202","47","10465307"
"chr9","50790943","50791256","chr9","53346767","53347080","9","2555824"
"chr9","50997122","50997386","chr12","2680133","2680403","42","48316989"
"chr9","51079281","51079576","chr9","53631972","53632267","7","2552691"
"chr9","51240202","51240490","chr9","53792873","53793175","20","2552671"
"chr9","51673304","51673568","chr11","131964697","131964960","44","80291393"
"chr9","51706402","51706698","chr9","30672182","30672480","57","21034220"
"chr9","51720201","51720552","chr11","126136479","126136819","67","74416278"
"chr9","51824585","51824908","chr1","87448547","87448862","53","35623962"
"chr9","51896144","51896452","chr9","54473099","54473407","7","2576955"
"chr9","51917118","51917429","chr9","54494464","54494775","6","2577346"
"chr9","51947225","51947522","chr9","54528816","54529113","5","2581591"
"chr9","52050767","52051074","chr16","45178244","45178554","42","6872523"
"chr9","52454244","52454559","chr9","56764087","56764368","39","4309843"
"chr9","52457108","52457418","chr9","56761197","56761497","13","4304089"
"chr9","52487517","52487791","chrX","91814529","91814802","52","39327012"
"chr9","52577816","52578123","chr9","56641524","56641831","6","4063708"
"chr9","52979295","52979587","chr19","36130755","36131051","34","16848540"
"chr9","53532604","53532915","chr9","55661547","55661854","8","2128943"
"chr9","53638124","53638412","chr9","55550334","55550622","2","1912210"
"chr9","53858064","53858374","chr9","53346767","53347080","47","511297"
"chr9","53981746","53982047","chr9","55207207","55207508","4","1225461"
"chr9","54457072","54457243","chr8","11390815","11390989","25","43066257"
"chr9","54463915","54464214","chr9","54731914","54732212","7","267999"
"chr9","54517086","54517405","chr9","54676500","54676816","7","159414"
"chr9","54539466","54539773","chr20","50376728","50377032","37","4162738"
"chr9","54553831","54554137","chr2","54548353","54548666","46","5478"
"chr9","54667244","54667531","chr9","57275871","57276167","14","2608627"
"chr9","54801115","54801404","chr9","57409013","57409309","26","2607898"
"chr9","54813220","54813530","chr9","57421155","57421465","10","2607935"
"chr9","54916164","54916474","chr7","20375134","20375447","40","34541030"
"chr9","54964624","54964935","chr9","57571981","57572265","34","2607357"
"chr9","54967111","54967427","chr3","36619575","36619882","43","18347536"
"chr9","54985939","54986230","chr4","68625841","68626143","42","13639902"
"chr9","55020854","55021147","chr20","742253","742546","38","54278601"
"chr9","55030363","55030675","chr20","61246724","61247032","37","6216361"
"chr9","55141949","55142236","chr9","57767560","57767850","6","2625611"
"chr9","55190436","55190727","chr8","72824038","72824332","45","17633602"
"chr9","55393403","55393712","chr1","139647646","139647956","50","84254243"
"chr9","55403522","55403812","chr9","58026641","58026934","6","2623119"
"chr9","55475816","55476124","chr2","22176166","22176475","39","33299650"
"chr9","55682622","55682923","chrX","8089980","8090284","36","47592642"
"chr9","55693133","55693441","chr9","58327160","58327493","30","2634027"
"chr9","55716484","55716804","chr1","129094903","129095211","54","73378419"
"chr9","55922331","55922633","chr9","58555537","58555838","9","2633206"
"chr9","56033068","56033368","chr9","58666769","58667069","5","2633701"
"chr9","56256349","56256656","chr9","58895359","58895666","11","2639010"
"chr9","56287684","56287988","chr9","58928010","58928313","5","2640326"
"chr9","56557338","56557646","chr9","59206205","59206513","3","2648867"
"chr9","56640866","56641165","chr20","17904997","17905298","38","38735869"
"chr9","56700512","56700810","chr9","59340768","59341069","17","2640256"
"chr9","56743537","56743845","chr6","177697236","177697541","39","120953699"
"chr9","56769483","56769787","chr4","107902626","107902931","40","51133143"
"chr9","56779922","56780233","chr3","10716492","10716803","39","46063430"
"chr9","56824520","56824828","chr9","59464905","59465218","11","2640385"
"chr9","56864876","56865194","chr9","59504384","59504699","8","2639508"
"chr9","56887637","56887937","chr6","39737167","39737470","33","17150470"
"chr9","56933493","56933792","chr2","87447080","87447383","42","30513587"
"chr9","56977554","56977816","chr9","59617570","59617835","9","2640016"
"chr9","57110931","57111224","chr9","59760364","59760653","11","2649433"
"chr9","57166135","57166446","chr19","28376800","28377112","46","28789335"
"chr9","57184573","57184916","chrX","21199397","21199710","69","35985176"
"chr9","57234418","57234693","chr9","55550334","55550622","52","1684084"
"chr9","57269375","57269671","chr9","82400849","82401142","32","25131474"
"chr9","57273899","57274203","chr9","59921182","59921488","5","2647283"
"chr9","57350394","57350704","chr2","54548353","54548666","31","2802041"
"chr9","57411336","57411646","chr9","60056363","60056668","7","2645027"
"chr9","57419369","57419663","chr9","60064784","60065076","3","2645415"
"chr9","57423828","57424141","chr9","60068959","60069273","13","2645131"
"chr9","57430435","57430727","chr3","68752563","68752851","46","11322128"
"chr9","57470114","57470415","chr9","60114670","60114967","6","2644556"
"chr9","57479004","57479308","chr9","60123803","60124107","5","2644799"
"chr9","57528290","57528582","chr9","60169234","60169528","8","2640944"
"chr9","57530215","57530508","chr9","60171465","60171758","4","2641250"
"chr9","57531171","57531471","chr12","118844390","118844688","39","61313219"
"chr9","57739293","57739598","chr9","60378084","60378392","8","2638791"
"chr9","57844395","57844702","chr1","65458641","65458954","53","7614246"
"chr9","57848214","57848517","chr9","60492052","60492354","3","2643838"
"chr9","57884016","57884257","chr12","20197316","20197556","36","37686700"
"chr9","58122774","58123087","chr5","108945447","108945757","39","50822673"
"chr9","58416155","58416477","chr11","52572272","52572595","44","5843883"
"chr9","58694903","58695217","chr9","41028320","41028628","39","17666583"
"chr9","58869417","58869730","chr9","61513518","61513822","14","2644101"
"chr9","59221940","59222252","chr10","88330401","88330712","41","29108461"
"chr9","59279168","59279482","chr9","61974536","61974846","7","2695368"
"chr9","59418742","59419046","chr10","88330401","88330712","51","28911659"
"chr9","59452189","59452493","chr9","62151504","62151808","7","2699315"
"chr9","59508064","59508391","chr12","57920225","57920534","63","1587839"
"chr9","59682548","59682840","chr9","62376970","62377262","6","2694422"
"chr9","60035431","60035713","chr15","47798385","47798667","39","12237046"
"chr9","60168809","60169090","chr9","55550334","55550622","46","4618475"
"chr9","60227229","60227508","chr2","201472949","201473231","43","141245720"
"chr9","60336014","60336318","chr9","63028814","63029117","12","2692800"
"chr9","60353184","60353474","chr10","87564869","87565168","43","27211685"
"chr9","60408004","60408313","chr9","63100579","63100897","12","2692575"
"chr9","60428845","60429141","chr3","163926008","163926304","33","103497163"
"chr9","60485670","60485967","chr9","63180644","63180948","13","2694974"
"chr9","60506987","60507299","chr7","20375134","20375447","37","40131853"
"chr9","60610284","60610582","chr3","36139696","36139995","40","24470588"
"chr9","60658199","60658502","chr11","96189134","96189429","42","35530935"
"chr9","60715566","60715852","chr5","1834340","1834620","56","58881226"
"chr9","60732468","60732780","chr10","29617192","29617497","40","31115276"
"chr9","60836564","60836876","chr9","63532310","63532622","5","2695746"
"chr9","60847840","60848122","chr9","63544837","63545108","24","2696997"
"chr9","60885743","60886019","chr9","63581332","63581613","10","2695589"
"chr9","60904836","60905017","chr6","178253800","178253965","31","117348964"
"chr9","60916029","60916323","chr9","63612908","63613205","13","2696879"
"chr9","61010959","61011262","chr8","133939584","133939888","44","72928625"
"chr9","61069095","61069391","chr11","68960875","68961167","44","7891780"
"chr9","61078054","61078282","chrX","9028967","9029199","35","52049087"
"chr9","61078333","61078422","chr1","134867751","134867824","24","73789418"
"chr9","61129825","61130112","chrX","124158161","124158455","39","63028336"
"chr9","61164905","61165218","chrX","8089980","8090284","49","53074925"
"chr9","61213346","61213632","chr9","55550334","55550622","34","5663012"
"chr9","61221180","61221469","chr9","63923711","63923998","8","2702531"
"chr9","61300512","61300791","chr7","114936221","114936507","50","53635709"
"chr9","61300799","61301093","chr5","169292376","169292670","50","107991577"
"chr9","61325673","61325985","chr6","68078633","68078935","56","6752960"
"chr9","61370607","61370865","chr9","64074374","64074634","4","2703767"
"chr9","61371599","61371916","chr9","64075368","64075686","6","2703769"
"chr9","61423337","61423657","chr1","126524795","126525111","71","65101458"
"chr9","61458417","61458715","chr2","159908871","159909170","39","98450454"
"chr9","61497109","61497404","chr9","64208286","64208581","7","2711177"
"chr9","61645177","61645464","chr9","64360336","64360623","4","2715159"
"chr9","61759788","61760088","chr9","64475638","64475938","2","2715850"
"chr9","61826097","61826366","chr1","26941170","26941450","52","34884927"
"chr9","61951226","61951508","chr17","60798666","60798946","30","1152560"
"chr9","61967162","61967458","chr9","64686896","64687193","7","2719734"
"chr9","62018888","62019185","chr1","152715161","152715463","46","90696273"
"chr9","62038428","62038726","chr9","64745055","64745354","2","2706627"
"chr9","62043155","62043284","chr6","108522867","108522983","29","46479712"
"chr9","62070679","62070978","chr6","64317330","64317632","37","2246651"
"chr9","62090943","62091236","chr9","64802248","64802539","6","2711305"
"chr9","62126508","62126798","chr9","64838032","64838323","5","2711524"
"chr9","62403077","62403303","chr7","78340129","78340349","34","15937052"
"chr9","62625305","62625585","chrX","91479668","91479949","38","28854363"
"chr9","62634087","62634371","chr4","143789231","143789509","54","81155144"
"chr9","62862746","62862856","chr13","62032150","62032271","33","830596"
"chr9","62863003","62863139","chr5","147999049","147999187","18","85136046"
"chr9","62868480","62868754","chr9","65596197","65596472","5","2727717"
"chr9","63223400","63223656","chr9","65975411","65975660","14","2752011"
"chr9","63550814","63551123","chr10","63405659","63405967","41","145155"
"chr9","63559954","63560252","chr9","66311252","66311546","8","2751298"
"chr9","65035173","65035467","chr9","67836992","67837286","6","2801819"
"chr9","65250716","65251027","chr3","95795033","95795341","44","30544317"
"chr9","66148614","66148921","chr6","138003267","138003568","42","71854653"
"chr9","66159955","66160263","chr9","68986531","68986838","8","2826576"
"chr9","66370929","66371219","chr9","69194658","69194945","9","2823729"
"chr9","66400983","66401266","chr1","42275746","42276042","59","24125237"
"chr9","66403204","66403535","chr9","69226418","69226757","15","2823214"
"chr9","66407704","66408007","chr9","69230610","69230913","3","2822906"
"chr9","66430032","66430329","chr9","69253234","69253527","9","2823202"
"chr9","66611963","66612270","chr15","101939132","101939434","46","35327169"
"chr9","66625326","66625616","chr9","69448662","69448952","6","2823336"
"chr9","66711188","66711491","chr9","69533584","69533879","10","2822396"
"chr9","66767742","66767912","chr16","58469488","58469653","30","8298254"
"chr9","66780460","66780751","chr9","69603195","69603479","11","2822735"
"chr9","66802378","66802642","chr10","27694634","27694898","39","39107744"
"chr9","66856823","66857128","chr8","42714956","42715262","32","24141867"
"chr9","67000789","67001112","chr3","10716492","10716803","51","56284297"
"chr9","67235052","67235330","chr7","112424793","112425081","47","45189741"
"chr9","67555762","67556069","chr9","70371869","70372178","5","2816107"
"chr9","67631950","67632241","chr9","70444764","70445055","2","2812814"
"chr9","67936255","67936553","chr9","70759544","70759840","5","2823289"
"chr9","68300488","68300781","chr9","71120549","71120858","20","2820061"
"chr9","68378752","68379056","chr9","71200829","71201127","16","2822077"
"chr9","68609626","68609919","chr9","71433251","71433544","4","2823625"
"chr9","69526490","69526787","chr9","72360428","72360723","5","2833938"
"chr9","69906706","69907010","chr9","72742754","72743059","17","2836048"
"chr9","69961552","69961790","chr20","8992409","8992637","40","60969143"
"chr9","70214371","70214692","chr3","42472968","42473277","56","27741403"
"chr9","70719196","70719498","chr9","73548294","73548597","4","2829098"
"chr9","71310481","71310795","chr1","150946843","150947156","45","79636362"
"chr9","71872426","71872722","chr19","10872248","10872544","36","61000178"
"chr9","72137329","72137621","chr11","28501737","28502033","39","43635592"
"chr9","72182264","72182575","chr6","114508766","114509074","43","42326502"
"chr9","72247666","72247974","chr2","109129520","109129825","41","36881854"
"chr9","72789557","72789869","chr12","116819439","116819752","46","44029882"
"chr9","72949211","72949525","chr2","1011747","1012059","51","71937464"
"chr9","72985792","72986081","chr9","75857003","75857292","9","2871211"
"chr9","73056165","73056470","chr2","159018718","159019026","52","85962553"
"chr9","73117353","73117645","chr7","166390096","166390392","46","93272743"
"chr9","73259474","73259773","chr3","9812386","9812687","57","63447088"
"chr9","74164494","74164804","chr7","20375134","20375447","40","53789360"
"chr9","75838041","75838339","chr19","10872248","10872544","33","64965793"
"chr9","75995457","75995768","chr14","8749915","8750226","43","67245542"
"chr9","76125056","76125353","chr9","79141937","79142234","10","3016881"
"chr9","76154961","76155127","chr12","14837104","14837264","32","61317857"
"chr9","76445511","76445792","chr9","79468568","79468865","30","3023057"
"chr9","76997524","76997799","chr9","80027502","80027765","21","3029978"
"chr9","77069150","77069466","chr13","27837878","27838188","64","49231272"
"chr9","77112801","77113074","chr7","85579975","85580257","47","8467174"
"chr9","77122826","77123120","chr9","80154345","80154639","3","3031519"
"chr9","77138634","77138937","chr9","80170162","80170465","9","3031528"
"chr9","77296350","77296630","chr9","80329282","80329587","28","3032932"
"chr9","77435373","77435684","chr9","41028320","41028628","37","36407053"
"chr9","77503254","77503562","chr9","80535512","80535823","11","3032258"
"chr9","77581300","77581608","chr1","991950","992256","42","76589350"
"chr9","77642301","77642578","chr9","80675573","80675847","7","3033272"
"chr9","78053074","78053384","chr2","94181087","94181399","44","16128013"
"chr9","78573072","78573401","chr2","183368320","183368644","54","104795248"
"chr9","78586142","78586410","chr9","81624363","81624630","4","3038221"
"chr9","78828145","78828457","chr16","76763230","76763541","46","2064915"
"chr9","79307051","79307345","chr9","82400849","82401142","4","3093798"
"chr9","79779866","79780174","chr9","53346767","53347080","45","26433099"
"chr9","79848671","79848974","chr9","82931618","82931922","8","3082947"
"chr9","79870509","79870820","chr9","82954383","82954694","4","3083874"
"chr9","79901882","79902169","chr9","82983949","82984236","3","3082067"
"chr9","82695608","82695861","chr9","85918609","85918862","1","3223001"
"chr9","82725203","82725516","chrX","47003553","47003867","41","35721650"
"chr9","83516839","83517150","chr1","53870362","53870673","36","29646477"
"chr9","83565856","83566165","chr1","154900380","154900688","42","71334524"
"chr9","83647173","83647459","chr2","30016127","30016406","48","53631046"
"chr9","83807181","83807482","chr9","87069844","87070145","3","3262663"
"chr9","83909595","83909890","chr9","87160658","87160953","2","3251063"
"chr9","83933737","83934050","chr9","87185382","87185694","4","3251645"
"chr9","83942377","83942689","chr3","178380038","178380345","37","94437661"
"chr9","84000698","84001007","chr9","87252669","87252978","5","3251971"
"chr9","84003899","84004223","chr8","122261566","122261905","134","38257667"
"chr9","84016776","84017059","chr9","87269179","87269459","5","3252403"
"chr9","84040937","84041238","chr5","93197990","93198298","41","9157053"
"chr9","84067237","84067538","chr9","87318353","87318660","12","3251116"
"chr9","84067587","84067893","chr13","40178873","40179177","49","43888714"
"chr9","84071147","84071442","chr1","128495044","128495338","41","44423897"
"chr9","84195578","84195881","chr2","139884483","139884776","51","55688905"
"chr9","84195912","84196207","chr9","92379889","92380187","36","8183977"
"chr9","84221008","84221306","chr9","87469869","87470164","6","3248861"
"chr9","84244715","84245003","chr9","87488936","87489224","6","3244221"
"chr9","84325144","84325430","chr17","88673642","88673923","45","4348498"
"chr9","84374369","84374650","chr1","139636241","139636517","58","55261872"
"chr9","84386534","84386844","chr19","34193976","34194287","40","50192558"
"chr9","84415811","84416114","chr2","123429509","123429809","34","39013698"
"chr9","84474369","84474624","chr19","48532197","48532455","47","35942172"
"chr9","84532389","84532701","chr9","87781617","87781929","5","3249228"
"chr9","84569170","84569478","chr13","25827218","25827525","40","58741952"
"chr9","84570311","84570614","chr17","17830825","17831132","39","66739486"
"chr9","84581293","84581592","chr9","87829584","87829884","2","3248291"
"chr9","84766500","84766806","chr9","88016130","88016435","9","3249630"
"chr9","84785288","84785585","chr9","88035172","88035469","4","3249884"
"chr9","84844178","84844477","chr16","73901408","73901708","39","10942770"
"chr9","84849335","84849631","chr9","88099751","88100046","6","3250416"
"chr9","84999004","84999315","chr9","88250301","88250608","10","3251297"
"chr9","85077753","85078067","chr1","87448547","87448862","30","2370794"
"chr9","85108465","85108766","chr9","88364712","88365018","11","3256247"
"chr9","85157970","85158280","chr9","88414705","88415017","10","3256735"
"chr9","85211845","85212072","chr15","10561282","10561499","52","74650563"
"chr9","85369912","85370204","chr12","9454878","9455176","42","75915034"
"chr9","85432722","85433034","chr10","10323197","10323509","32","75109525"
"chr9","85434998","85435311","chr16","11911337","11911647","39","73523661"
"chr9","85442508","85442827","chr9","88705376","88705687","11","3262868"
"chr9","85475326","85475598","chr7","151812473","151812755","45","66337147"
"chr9","85477805","85478117","chr20","27120032","27120344","43","58357773"
"chr9","86160471","86160758","chr9","89405588","89405875","5","3245117"
"chr9","86329745","86330042","chr7","166390096","166390392","40","80060351"
"chr9","86369525","86369828","chr2","61336823","61337120","33","25032702"
"chr9","86387631","86387940","chr9","89639318","89639619","9","3251687"
"chr9","86491234","86491536","chr2","109129520","109129825","36","22638286"
"chr9","86582529","86582833","chr9","89827223","89827526","15","3244694"
"chr9","86661004","86661312","chrX","23126700","23127011","45","63534304"
"chr9","87061200","87061502","chr9","90729421","90729736","17","3668221"
"chr9","87071504","87071798","chr9","90740056","90740353","6","3668552"
"chr9","87330348","87330477","chr18","681534","681675","30","86648814"
"chr9","87465197","87465474","chr9","91140856","91141134","4","3675659"
"chr9","87478365","87478677","chr9","91157613","91157919","7","3679248"
"chr9","87670484","87670797","chr10","76840766","76841077","34","10829718"
"chr9","87750707","87751005","chr6","166686121","166686419","34","78935414"
"chr9","87778829","87779139","chr9","91462117","91462435","13","3683288"
"chr9","87972841","87973115","chr9","91659878","91660152","8","3687037"
"chr9","87999794","88000000","chr7","47772511","47772719","32","40227283"
"chr9","88079064","88079360","chr9","91766957","91767264","13","3687893"
"chr9","88195442","88195754","chr9","91883251","91883563","10","3687809"
"chr9","88196762","88197062","chr6","132618816","132619115","40","44422054"
"chr9","88268603","88268902","chr9","91956036","91956335","4","3687433"
"chr9","88304665","88304907","chr1","112942930","112943139","58","24638265"
"chr9","88317490","88317771","chr9","92005949","92006230","4","3688459"
"chr9","88434936","88435236","chr11","119877526","119877831","29","31442590"
"chr9","88438452","88438713","chr9","92126184","92126476","31","3687732"
"chr9","88440454","88440771","chr9","92128245","92128541","28","3687791"
"chr9","88523926","88524249","chr9","92215282","92215594","22","3691356"
"chr9","88528655","88528924","chr7","44101708","44101973","36","44426947"
"chr9","88599294","88599605","chrX","44588343","44588650","40","44010951"
"chr9","88605628","88605945","chr9","92348928","92349244","1","3743300"
"chr9","88632421","88632719","chr9","92375076","92375374","3","3742655"
"chr9","88637211","88637513","chr9","92379889","92380187","7","3742678"
"chr9","88669967","88670264","chr9","92412810","92413107","5","3742843"
"chr9","88675798","88676093","chr14","19354856","19355143","43","69320942"
"chr9","88773083","88773397","chr9","92514959","92515271","11","3741876"
"chr9","88774254","88774577","chr9","92516121","92516419","30","3741867"
"chr9","88860377","88860678","chr5","169292376","169292670","45","80431999"
"chr9","88908112","88908466","chr9","92648425","92648778","14","3740313"
"chr9","89003502","89003800","chr2","201138593","201138900","46","112135091"
"chr9","89057191","89057444","chr9","92806016","92806272","4","3748825"
"chr9","89070375","89070640","chr9","92812441","92812706","4","3742066"
"chr9","89136004","89136316","chr9","92877832","92878144","3","3741828"
"chr9","89290546","89290839","chrX","124158161","124158455","45","34867615"
"chr9","89319733","89319858","chrX","127938234","127938361","20","38618501"
"chr9","89322704","89322995","chr1","11067859","11068151","43","78254845"
"chr9","89442663","89442946","chr9","93187527","93187838","33","3744864"
"chr9","89453318","89453631","chr9","93198866","93199169","18","3745548"
"chr9","89454233","89454543","chr5","16623535","16623847","42","72830698"
"chr9","89854191","89854501","chr7","44258629","44258940","41","45595562"
"chr9","90041642","90041937","chr9","93802140","93802431","10","3760498"
"chr9","90404106","90404402","chr9","94172186","94172483","4","3768080"
"chr9","90717237","90717530","chr9","94500794","94501088","21","3783557"
"chr9","90949962","90950264","chr9","94780141","94780442","5","3830179"
"chr9","91073702","91074052","chr9","94902484","94902801","37","3828782"
"chr9","91214080","91214389","chr13","27837878","27838188","36","63376202"
"chr9","91248355","91248692","chr4","160922562","160922896","54","69674207"
"chr9","91297022","91297309","chr15","44115398","44115687","45","47181624"
"chr9","91360723","91361028","chr9","95190657","95190966","7","3829934"
"chr9","91469832","91470079","chr14","18794151","18794402","43","72675681"
"chr9","91617043","91617341","chr9","95445991","95446288","14","3828948"
"chr9","91674185","91674477","chr4","18525376","18525667","28","73148809"
"chr9","91704001","91704293","chr5","143340059","143340354","45","51636058"
"chr9","91754045","91754363","chr7","152496223","152496538","40","60742178"
"chr9","91777139","91777447","chrX","8089980","8090284","38","83687159"
"chr9","91799311","91799611","chr9","95633892","95634194","6","3834581"
"chr9","91848774","91848828","chr8","40543271","40543332","16","51305503"
"chr9","91848830","91848940","chr10","13703659","13703756","26","78145171"
"chr9","91896752","91897067","chr7","157654660","157654971","41","65757908"
"chr9","92015367","92015654","chr7","151812473","151812755","38","59797106"
"chr9","92072661","92072726","chr11","100644490","100644552","17","8571829"
"chr9","92154160","92154468","chr20","61246724","61247032","43","30907436"
"chr9","92157006","92157308","chr3","36139696","36139995","39","56017310"
"chr9","92387664","92387962","chr1","117585233","117585532","42","25197569"
"chr9","92444147","92444451","chr9","96330695","96331000","5","3886548"
"chr9","92616913","92617096","chr13","97316852","97317027","30","4699939"
"chr9","92617165","92617311","chr17","25765841","25765984","23","66851324"
"chr9","92635802","92636082","chr7","135345658","135345941","40","42709856"
"chr9","92636713","92637016","chr7","20578631","20578946","38","72058082"
"chr9","92637353","92637652","chr9","96551343","96551643","3","3913990"
"chr9","92687672","92687978","chr9","96602098","96602404","2","3914426"
"chr9","92694283","92694582","chr16","45290065","45290359","42","47404218"
"chr9","92750941","92751264","chr5","49790040","49790360","53","42960901"
"chr9","92821681","92821979","chr7","40967007","40967304","43","51854674"
"chr9","92906264","92906443","chr2","197360815","197360993","24","104454551"
"chr9","92944631","92944944","chr9","96861325","96861638","19","3916694"
"chr9","92948404","92948721","chr9","53346767","53347080","37","39601637"
"chr9","93087985","93088300","chr9","97005449","97005760","12","3917464"
"chr9","93091722","93092015","chr18","34042616","34042906","39","59049106"
"chr9","93110157","93110468","chr5","108945447","108945757","40","15835290"
"chr9","93136900","93137216","chr9","97053120","97053430","14","3916220"
"chr9","93168089","93168378","chr4","32642038","32642334","50","60526051"
"chr9","93265118","93265421","chr9","97180485","97180789","7","3915367"
"chr9","93455090","93455349","chr19","6748238","6748496","50","86706852"
"chr9","93501426","93501708","chr9","55550334","55550622","43","37951092"
"chr9","93632456","93632758","chr2","87447080","87447383","37","6185376"
"chr9","93654915","93655221","chr9","97577297","97577597","8","3922382"
"chr9","93810087","93810356","chr2","46243374","46243651","49","47566713"
"chr9","93824421","93824713","chr19","15282895","15283197","51","78541526"
"chr9","93977678","93977986","chr9","97902031","97902340","2","3924353"
"chr9","93987012","93987265","chr20","74479991","74480243","63","19507021"
"chr9","94040536","94040852","chr6","43860841","43861149","43","50179695"
"chr9","94187142","94187448","chr9","98115176","98115482","7","3928034"
"chr9","94256608","94256907","chr11","47158355","47158645","59","47098253"
"chr9","94363252","94363555","chr9","98292452","98292766","14","3929200"
"chr9","94478640","94478814","chr6","164721759","164721931","29","70243119"
"chr9","94482863","94483135","chr9","98411664","98411945","15","3928801"
"chr9","94483841","94484140","chr16","45210778","45211077","36","49273063"
"chr9","94510006","94510309","chr9","98439018","98439321","5","3929012"
"chr9","94628100","94628403","chr2","94057068","94057381","39","571032"
"chr9","94716464","94716771","chr11","133475433","133475744","41","38758969"
"chr9","94737681","94737969","chr9","98678077","98678375","13","3940396"
"chr9","94759832","94760114","chr11","122000645","122000929","40","27240813"
"chr9","94940964","94941015","chr6","28797580","28797623","17","66143384"
"chr9","94941147","94941390","chr3","64135561","64135808","41","30805586"
"chr9","94942401","94942691","chr9","98887913","98888200","7","3945512"
"chr9","95046589","95046684","chr7","8283998","8284097","18","86762591"
"chr9","95047056","95047185","chr10","92376501","92376627","15","2670555"
"chr9","95047215","95047244","chr1","42435115","42435139","9","52612100"
"chr9","95053459","95053780","chr9","99045560","99045880","5","3992101"
"chr9","95085065","95085349","chr9","99078062","99078346","5","3992997"
"chr9","95125907","95126183","chr2","202622423","202622699","33","107496516"
"chr9","95140370","95140660","chr7","131014684","131014977","38","35874314"
"chr9","95150680","95150950","chr11","48882166","48882437","60","46268514"
"chr9","95157143","95157443","chr9","99138914","99139208","9","3981771"
"chr9","95199943","95200260","chr3","178948248","178948560","43","83748305"
"chr9","95207923","95208227","chr9","99194829","99195123","14","3986906"
"chr9","95225499","95225812","chr9","99213472","99213785","6","3987973"
"chr9","95296511","95296824","chr11","117151786","117152096","47","21855275"
"chr9","95299525","95299826","chr9","99287464","99287765","10","3987939"
"chr9","95483263","95483551","chr9","99473550","99473836","16","3990287"
"chr9","96437733","96438034","chr20","21053524","21053830","43","75384209"
"chr9","96848110","96848387","chr12","20197316","20197556","68","76650794"
"chr9","97036981","97037283","chr9","101020584","101020884","9","3983603"
"chr9","97376890","97377167","chr9","103656573","103656863","17","6279683"
"chr9","98440707","98440993","chr9","102567860","102568112","37","4127153"
"chr9","98530501","98530729","chr9","102477111","102477334","15","3946610"
"chr9","98550369","98550657","chr9","102457580","102457866","6","3907211"
"chr9","98614580","98614882","chr9","102390553","102390851","22","3775973"
"chr9","98785133","98785468","chr14","11153397","11153725","55","87631736"
"chr9","98854163","98854465","chr9","102151449","102151745","10","3297286"
"chr9","98883223","98883533","chr9","102124396","102124707","7","3241173"
"chr9","99140572","99140852","chr9","101867642","101867921","7","2727070"
"chr9","99758244","99758523","chr6","37847407","37847677","63","61910837"
"chr9","100559434","100559575","chr9","104742840","104742981","4","4183406"
"chr9","100798490","100798807","chr14","13010878","13011189","53","87787612"
"chr9","100991085","100991395","chr17","58111107","58111413","40","42879978"
"chr9","101173467","101173775","chr9","105385314","105385622","7","4211847"
"chr9","101292597","101292894","chr9","105509746","105510043","21","4217149"
"chr9","101311633","101311909","chr9","105527877","105528153","6","4216244"
"chr9","101421278","101421388","chr9","105635929","105636043","4","4214651"
"chr9","101505431","101505742","chr15","9620516","9620813","69","91884915"
"chr9","101656280","101656573","chr6","55217285","55217578","39","46438995"
"chr9","102117106","102117387","chr9","106368140","106368424","11","4251034"
"chr9","102136972","102137276","chr9","106389057","106389365","10","4252085"
"chr9","102369256","102369569","chrX","68458905","68459220","42","33910351"
"chr9","102448614","102448936","chr3","127699157","127699471","43","25250543"
"chr9","102514017","102514326","chr9","106767593","106767903","8","4253576"
"chr9","103939374","103939690","chr9","108191704","108192019","4","4252330"
"chr9","103952756","103953036","chr17","82123","82406","35","103870633"
"chr9","103954155","103954452","chr9","87469869","87470164","40","16484286"
"chr9","103962886","103963191","chr9","41028320","41028628","47","62934566"
"chr9","103992189","103992509","chr15","34278435","34278746","48","69713754"
"chr9","104020564","104020857","chr15","18234057","18234351","41","85786507"
"chr9","104211427","104211715","chr8","22172948","22173232","44","82038479"
"chr9","104266368","104266670","chr9","108519522","108519824","2","4253154"
"chr9","104326796","104327104","chr9","108579202","108579500","18","4252406"
"chr9","104331531","104331846","chr9","108583979","108584294","16","4252448"
"chr9","104336264","104336577","chr9","108588705","108589004","27","4252441"
"chr9","104374468","104374781","chr9","108625812","108626112","19","4251344"
"chr9","104376924","104377221","chr1","10059296","10059597","37","94317628"
"chr9","104508507","104508817","chr9","108759072","108759376","10","4250565"
"chr9","104543476","104543806","chr9","108795119","108795437","23","4251643"
"chr9","104603815","104604131","chr9","108856380","108856697","8","4252565"
"chr9","104631194","104631477","chr14","7381570","7381852","36","97249624"
"chr9","104709947","104710255","chr9","108962245","108962550","4","4252298"
"chr9","105112566","105112850","chr8","101166647","101166937","53","3945919"
"chr9","105439067","105439379","chr9","53346767","53347080","52","52092300"
"chr9","105442719","105443023","chr3","9812386","9812687","39","95630333"
"chr9","105452116","105452399","chr9","109711364","109711647","8","4259248"
"chr9","105476476","105476755","chr16","5049977","5050261","43","100426499"
"chr9","105556122","105556437","chr4","116687388","116687697","47","11131266"
"chr9","105582723","105583038","chr9","109842598","109842916","18","4259875"
"chr9","105682434","105682732","chr9","109941087","109941387","8","4258653"
"chr9","105747614","105747919","chr7","163349357","163349670","44","57601743"
"chr9","105791684","105791996","chr1","187241121","187241433","40","81449437"
"chr9","105831452","105831766","chr7","42153561","42153873","39","63677891"
"chr9","105926746","105927038","chr15","41562776","41563067","37","64363970"
"chr9","105927449","105927745","chr9","110187510","110187808","4","4260061"
"chr9","105991289","105991596","chrX","8089980","8090284","36","97901309"
"chr9","106107426","106107721","chr9","110366199","110366491","8","4258773"
"chr9","106213952","106214261","chr9","110468286","110468596","8","4254334"
"chr9","106313249","106313556","chr9","58666769","58667069","46","47646480"
"chr9","106544760","106545064","chr9","110799264","110799568","3","4254504"
"chr9","106557521","106557811","chr9","110812888","110813178","11","4255367"
"chr9","106600391","106600680","chr9","110851675","110851964","4","4251284"
"chr9","106845959","106846267","chr9","111092137","111092444","5","4246178"
"chr9","106857583","106857633","chr9","111104062","111104112","1","4246479"
"chr9","107174627","107174802","chr4","128747753","128747929","25","21573126"
"chr9","107174917","107175058","chr1","34287956","34288098","19","72886961"
"chr9","107205832","107206139","chr9","111463121","111463428","5","4257289"
"chr9","107329857","107330169","chr9","53346767","53347080","45","53983090"
"chr9","107380493","107380755","chr9","111687673","111687940","13","4307180"
"chr9","108221298","108221590","chr14","12392138","12392435","47","95829160"
"chr9","108285773","108286085","chr9","41028320","41028628","40","67257453"
"chr9","108293480","108293789","chr9","112599305","112599615","6","4305825"
"chr9","108355310","108355633","chr16","39030475","39030792","46","69324835"
"chr9","108482640","108482924","chr9","112786268","112786552","7","4303628"
"chr9","108533335","108533630","chr9","112836894","112837188","10","4303559"
"chr9","108744734","108744887","chr6","126490462","126490623","38","17745728"
"chr9","108957111","108957412","chr15","46645036","46645347","45","62312075"
"chr9","109057824","109058140","chr15","26986646","26986958","38","82071178"
"chr9","109088241","109088556","chr14","13010878","13011189","42","96077363"
"chr9","109102818","109103102","chr9","113406449","113406738","9","4303631"
"chr9","109289552","109289860","chr9","113588959","113589267","6","4299407"
"chr9","109389583","109389891","chr7","139271553","139271862","37","29881970"
"chr9","109753171","109753574","chr9","114054904","114055236","75","4301733"
"chr9","109831523","109831789","chr9","114132793","114133057","7","4301270"
"chr9","110348871","110349174","chr7","147596611","147596908","42","37247740"
"chr9","110373949","110374258","chr9","114718848","114719159","21","4344899"
"chr9","110473520","110473831","chr2","157421590","157421899","43","46948070"
"chr9","110517680","110517965","chr9","114857813","114858118","27","4340133"
"chr9","110613055","110613356","chr9","114957279","114957581","3","4344224"
"chr9","110655095","110655378","chr5","38773525","38773810","49","71881570"
"chr9","110665696","110665983","chr9","115015432","115015719","6","4349736"
"chr9","110666418","110666447","chr6","37726911","37726948","12","72939507"
"chr9","110685626","110685927","chr9","115041403","115041705","7","4355777"
"chr9","110732858","110733171","chr5","153272771","153273078","40","42539913"
"chr9","110777832","110778142","chr16","66710303","66710614","42","44067529"
"chr9","110788369","110788667","chr9","115153998","115154298","10","4365629"
"chr9","110813542","110813848","chr1","125115707","125116004","43","14302165"
"chr9","110932776","110933078","chr9","115307180","115307482","4","4374404"
"chr9","111078059","111078377","chr9","115452182","115452500","5","4374123"
"chr9","111286940","111287236","chr9","115662699","115662992","5","4375759"
"chr9","111309145","111309362","chr9","115683275","115683489","4","4374130"
"chr9","111315230","111315541","chr1","360065","360372","36","110955165"
"chr9","111582511","111582803","chr9","115948055","115948347","11","4365544"
"chr9","111886650","111886945","chr9","116250454","116250748","4","4363804"
"chr9","112171429","112171740","chr9","41028320","41028628","43","71143109"
"chr9","112402452","112402754","chr19","34193976","34194287","41","78208476"
"chr9","112482956","112483269","chrX","8089980","8090284","37","104392976"
"chr9","112518827","112519010","chr9","116888412","116888583","14","4369585"
"chr9","112792086","112792373","chr9","117166286","117166573","1","4374200"
"chr9","112942067","112942364","chr9","117364480","117364780","7","4422413"
"chr9","112958170","112958449","chr9","117380558","117380837","3","4422388"
"chr9","113036729","113037044","chrX","42534967","42535279","39","70501762"
"chr9","113071276","113071576","chr5","58985559","58985857","37","54085717"
"chr9","113127761","113128062","chr9","117551816","117552117","2","4424055"
"chr9","113185549","113185868","chr8","73095407","73095714","50","40090142"
"chr9","113272098","113272405","chr9","117702192","117702499","1","4430094"
"chr9","113297940","113298246","chr19","15282895","15283197","37","98015045"
"chr9","113450592","113450896","chr9","117880655","117880961","8","4430063"
"chr9","113506878","113507186","chr9","117937587","117937872","41","4430709"
"chr9","113548537","113548842","chr9","117979905","117980210","3","4431368"
"chr9","113627332","113627638","chr11","10516060","10516352","42","103111272"
"chr9","113643085","113643382","chr16","60680494","60680789","36","52962591"
"chr9","113675799","113676092","chr9","118108962","118109255","3","4433163"
"chr9","113693639","113693930","chr7","151812473","151812755","46","38118834"
"chr9","113719231","113719543","chr9","118152177","118152483","10","4432946"
"chr9","113785639","113785948","chr9","118220561","118220873","17","4434922"
"chr9","113807254","113807571","chr9","118241573","118241884","18","4434319"
"chr9","113807817","113808128","chr10","76840766","76841077","42","36967051"
"chr9","113928277","113928574","chr9","118359164","118359459","6","4430887"
"chr9","114342935","114343237","chr9","118787128","118787426","10","4444193"
"chr9","114536605","114536820","chr2","109693856","109694072","29","4842749"
"chr9","114630438","114630744","chr9","119075689","119075982","18","4445251"
"chr9","114775285","114775589","chr10","29617192","29617497","49","85158093"
"chr9","115682388","115682702","chr3","882467","882759","68","114799921"
"chr9","115795605","115795908","chr11","74878801","74879097","47","40916804"
"chr9","115905514","115905832","chr7","157654660","157654971","44","41749146"
"chr9","115927516","115927817","chr9","120396425","120396723","13","4468909"
"chr9","115987422","115987714","chr11","10516060","10516352","36","105471362"
"chr9","116025540","116025836","chr9","120496273","120496569","17","4470733"
"chr9","116053302","116053580","chr9","120530433","120530711","4","4477131"
"chr9","116055038","116055142","chr9","120531845","120531937","14","4476807"
"chr9","116155909","116156206","chr2","168435101","168435404","39","52279192"
"chr9","116248129","116248425","chr9","120724571","120724869","8","4476442"
"chr9","116325581","116325900","chr20","14531745","14532056","46","101793836"
"chr9","116378375","116378685","chr9","120856980","120857281","11","4478605"
"chr9","116390249","116390533","chr9","120869612","120869896","3","4479363"
"chr9","116480666","116480977","chr8","42714956","42715262","37","73765710"
"chr9","116504500","116504807","chr17","5712099","5712403","36","110792401"
"chr9","116550010","116550318","chr9","121026562","121026870","8","4476552"
"chr9","116854595","116854907","chr11","28744070","28744379","44","88110525"
"chr9","116892628","116892923","chr19","15282895","15283197","43","101609733"
"chr9","117211258","117211575","chr9","121702172","121702489","3","4490914"
"chr9","117319253","117319535","chr9","121808063","121808344","9","4488810"
"chr9","117365196","117365487","chr9","121854412","121854704","6","4489216"
"chr9","117379292","117379601","chr3","101114143","101114455","41","16265149"
"chr9","117647441","117647723","chr4","122590233","122590515","36","4942792"
"chr9","117811056","117811349","chr9","122302454","122302753","11","4491398"
"chr9","118342946","118343253","chr9","122836418","122836725","5","4493472"
"chr9","118550003","118550305","chr2","160263106","160263404","34","41713103"
"chr9","118715702","118715991","chr17","11976920","11977221","54","106738782"
"chr9","118752274","118752587","chr7","154919883","154920191","36","36167609"
"chr9","119283610","119283909","chr9","123850572","123850867","9","4566962"
"chr9","119317797","119318114","chr9","123884191","123884475","44","4566394"
"chr9","120014758","120015069","chr9","124680425","124680736","10","4665667"
"chr9","120107928","120108211","chr9","124771462","124771745","4","4663534"
"chr9","120275198","120275500","chr9","124937774","124938077","4","4662576"
"chr9","121007625","121007918","chr9","125683005","125683307","18","4675380"
"chr9","121530630","121530864","chr7","113106895","113107168","72","8423735"
"chr9","121555560","121555855","chr16","55475851","55476149","39","66079709"
"chr9","121577378","121577668","chr9","126253747","126254038","3","4676369"
"chr9","121704547","121704860","chr9","126382076","126382389","8","4677529"
"chr9","121760533","121760837","chr6","68600539","68600843","29","53159994"
"chr9","121806526","121806831","chr19","15282895","15283197","45","106523631"
"chr9","122130929","122131234","chr9","126834279","126834590","9","4703350"
"chr9","122506462","122506773","chr9","127231481","127231791","8","4725019"
"chr9","122842795","122843149","chr19","49416608","49416948","74","73426187"
"chr9","122956577","122956862","chr9","127691301","127691605","33","4734724"
"chr9","123070617","123070916","chr9","127804990","127805284","14","4734373"
"chr9","123468779","123469045","chr9","128173919","128174185","5","4705140"
"chr9","123475594","123475867","chr9","128181685","128181958","1","4706091"
"chr9","123535964","123536279","chrX","64346488","64346795","42","59189476"
"chr9","123559655","123559961","chr9","128264097","128264403","13","4704442"
"chr9","124093770","124094081","chr2","40865043","40865350","44","83228727"
"chr9","124694038","124694264","chr12","84829371","84829606","42","39864667"
"chr9","124830785","124830936","chr3","34905736","34905898","30","89925049"
"chr9","124869467","124869779","chr9","129633624","129633936","9","4764157"
"chr9","124935583","124935887","chr9","123850572","123850867","55","1085011"
"chr9","125052571","125052864","chr9","129690529","129690821","4","4637958"
"chr9","125173022","125173105","chr9","129856740","129856815","9","4683718"
"chr9","125173333","125173550","chr9","129857043","129857261","3","4683710"
"chrX","123076420","123076696","chr8","92390211","92390484","43","30686209"
"chrX","66411","66634","chrY","10839","11064","4","55572"
"chrX","72782","73076","chr11","10516060","10516352","37","10443278"
"chrX","150503","150812","chr1","129094903","129095211","43","128944400"
"chrX","250114","250246","chrX","1936644","1936780","12","1686530"
"chrX","352955","353259","chr6","68600539","68600843","39","68247584"
"chrX","392875","393190","chr9","91766957","91767264","48","91374082"
"chrX","396838","397052","chr4","107638826","107639041","38","107241988"
"chrX","432133","432426","chr3","178662983","178663277","42","178230850"
"chrX","762569","762827","chrX","2458605","2458863","1","1696036"
"chrX","828410","828705","chrX","2526173","2526468","2","1697763"
"chrX","871129","871435","chrX","2572498","2572804","0","1701369"
"chrX","889245","889532","chrX","2590347","2590640","10","1701102"
"chrX","958549","958852","chrX","2659847","2660132","22","1701298"
"chrX","1138837","1139124","chr3","882467","882759","48","256370"
"chrX","1164420","1164716","chr4","116888019","116888318","38","115723599"
"chrX","1522747","1523059","chr1","87448547","87448862","38","85925800"
"chrX","2332972","2333145","chr2","71127087","71127251","23","68794115"
"chrX","2346011","2346274","chrX","49222327","49222583","48","46876316"
"chrX","2394548","2394844","chrX","4149482","4149783","9","1754934"
"chrX","2472352","2472408","chrX","4223262","4223317","1","1750910"
"chrX","2567435","2567727","chrX","4321029","4321321","4","1753594"
"chrX","2661392","2661683","chrX","4414151","4414443","2","1752759"
"chrX","2818045","2818349","chrX","4573410","4573715","7","1755365"
"chrX","3320969","3321278","chrX","5074589","5074900","7","1753620"
"chrX","3327855","3328162","chrX","5081480","5081784","9","1753625"
"chrX","3789048","3789349","chr17","11976920","11977221","36","8187872"
"chrX","4090608","4090884","chrX","5847014","5847290","2","1756406"
"chrX","4282489","4282783","chrX","6029332","6029626","2","1746843"
"chrX","4395091","4395386","chrX","124158161","124158455","36","119763070"
"chrX","5419776","5420052","chr5","180234875","180235152","37","174815099"
"chrX","5445134","5445416","chr9","49749464","49749744","40","44304330"
"chrX","5514854","5515129","chrX","7293478","7293753","3","1778624"
"chrX","5795815","5796085","chr13","54502592","54502864","48","48706777"
"chrX","5914194","5914466","chr1","184500114","184500385","57","178585920"
"chrX","6281690","6281975","chrX","8079187","8079472","8","1797497"
"chrX","6678361","6678633","chr1","221257980","221258246","45","214579619"
"chrX","6719557","6719855","chrX","47628942","47629237","40","40909385"
"chrX","6945623","6945866","chr12","20197316","20197556","45","13251693"
"chrX","6995940","6996234","chrX","8813963","8814257","3","1818023"
"chrX","7157431","7157730","chrX","8974520","8974818","7","1817089"
"chrX","7212736","7212812","chr7","85357522","85357598","11","78144786"
"chrX","7213811","7213990","chr2","40659083","40659261","23","33445272"
"chrX","7849737","7850042","chrX","8089980","8090284","48","240243"
"chrX","8038290","8038563","chr11","112372411","112372684","45","104334121"
"chrX","8541622","8541925","chr9","41028320","41028628","38","32486698"
"chrX","8635786","8636101","chr4","116687388","116687697","41","108051602"
"chrX","9233027","9233340","chrX","11084783","11085091","9","1851756"
"chrX","9467086","9467384","chrX","11365970","11366268","4","1898884"
"chrX","10055422","10055704","chrX","11957707","11957989","4","1902285"
"chrX","10104070","10104362","chr4","116888019","116888318","42","106783949"
"chrX","10229319","10229627","chrX","12129523","12129831","7","1900204"
"chrX","10298207","10298514","chr1","17364950","17365254","38","7066743"
"chrX","10931756","10932067","chrX","12842725","12843036","8","1910969"
"chrX","12101433","12101730","chrX","14082069","14082349","21","1980636"
"chrX","12607550","12607863","chr2","107478401","107478713","42","94870851"
"chrX","12631009","12631307","chrX","14610486","14610783","8","1979477"
"chrX","12792827","12793116","chr15","104453069","104453363","50","91660242"
"chrX","12946508","12946823","chr5","85034070","85034382","47","72087562"
"chrX","13055865","13056173","chr3","1792713","1793019","39","11263152"
"chrX","13099640","13099948","chrX","15085969","15086277","3","1986329"
"chrX","13112919","13113116","chr7","2517198","2517402","59","10595721"
"chrX","13128127","13128429","chrX","15114421","15114724","6","1986294"
"chrX","13192691","13193067","chr10","81311707","81312047","98","68119016"
"chrX","13751522","13751828","chr19","15282895","15283197","35","1531373"
"chrX","13819512","13819823","chr20","66412856","66413167","33","52593344"
"chrX","14225817","14226128","chrX","16341918","16342225","9","2116101"
"chrX","14689037","14689328","chrX","16814300","16814591","2","2125263"
"chrX","14983901","14984120","chrX","17105835","17106054","2","2121934"
"chrX","15451696","15452008","chr2","103329306","103329617","41","87877610"
"chrX","15499002","15499254","chrX","17638520","17638786","20","2139518"
"chrX","15520250","15520519","chr19","44930933","44931201","44","29410683"
"chrX","15581110","15581400","chrX","17721636","17721924","6","2140526"
"chrX","15618206","15618525","chrX","17757808","17758114","15","2139602"
"chrX","15623954","15624264","chr19","17429712","17430024","37","1805758"
"chrX","15696684","15696953","chr3","12119090","12119350","40","3577594"
"chrX","16059972","16060275","chrX","18203031","18203332","8","2143059"
"chrX","16087353","16087654","chr1","110353438","110353728","46","94266085"
"chrX","16092422","16092720","chrX","18235725","18236024","4","2143303"
"chrX","16103381","16103709","chrX","18245707","18246035","5","2142326"
"chrX","16106432","16106736","chrX","18248739","18249043","3","2142307"
"chrX","16330272","16330573","chrX","18471611","18471916","6","2141339"
"chrX","16492011","16492283","chrX","18647761","18648033","3","2155750"
"chrX","16511746","16512053","chrX","18667270","18667576","9","2155524"
"chrX","16674364","16674678","chr1","360065","360372","40","16314299"
"chrX","16700834","16701136","chrX","18856652","18856954","3","2155818"
"chrX","17318838","17319131","chr20","4793396","4793696","36","12525442"
"chrX","17372592","17372780","chr7","17737324","17737508","28","364732"
"chrX","17413534","17413833","chrX","19585826","19586127","5","2172292"
"chrX","17421696","17421993","chrX","19594004","19594302","5","2172308"
"chrX","17432061","17432374","chr3","37266155","37266467","40","19834094"
"chrX","17439595","17439882","chr7","140270928","140271210","34","122831333"
"chrX","17539533","17539847","chrX","23126700","23127011","36","5587167"
"chrX","17668624","17668940","chrX","19842852","19843170","3","2174228"
"chrX","18657898","18658197","chrX","20821242","20821548","13","2163344"
"chrX","19045071","19045384","chrX","21199397","21199710","1","2154326"
"chrX","19103796","19104115","chrX","21261694","21262013","6","2157898"
"chrX","19164761","19165018","chrX","21322551","21322847","54","2157790"
"chrX","19286919","19287228","chrX","21444029","21444332","7","2157110"
"chrX","19325751","19326052","chrX","21482041","21482328","20","2156290"
"chrX","19757408","19757713","chr9","41028320","41028628","40","21270912"
"chrX","20395961","20396268","chrX","22526053","22526330","31","2130092"
"chrX","20413988","20414269","chr12","2434404","2434687","38","17979584"
"chrX","20425856","20426160","chrX","22556030","22556333","8","2130174"
"chrX","21014509","21014780","chrX","23112343","23112613","2","2097834"
"chrX","21028752","21029063","chrX","23126700","23127011","0","2097948"
"chrX","21030861","21031168","chrX","23128794","23129101","3","2097933"
"chrX","21138203","21138514","chr17","17830825","17831132","39","3307378"
"chrX","21185002","21185263","chr10","81522520","81522777","34","60337518"
"chrX","21193038","21193131","chr5","127805148","127805235","13","106612110"
"chrX","21232111","21232410","chrX","23352135","23352426","19","2120024"
"chrX","21367115","21367413","chrX","23490462","23490761","7","2123347"
"chrX","21408275","21408573","chrX","23532086","23532384","5","2123811"
"chrX","21562321","21562633","chrX","23690021","23690333","5","2127700"
"chrX","21618951","21619242","chrX","23746759","23747067","23","2127808"
"chrX","21914983","21915293","chrX","24048896","24049201","9","2133913"
"chrX","21918829","21919082","chrX","24052736","24052990","9","2133907"
"chrX","21988437","21988729","chrX","24122386","24122660","22","2133949"
"chrX","21990526","21990835","chr2","118509475","118509782","40","96518949"
"chrX","22000381","22000684","chrX","24134333","24134634","2","2133952"
"chrX","22012576","22012858","chr2","202622423","202622699","44","180609847"
"chrX","22340358","22340585","chrX","24470826","24471080","31","2130468"
"chrX","22899042","22899354","chrX","25028377","25028685","10","2129335"
"chrX","23112602","23112915","chrX","25231882","25232194","3","2119280"
"chrX","23907669","23907981","chrX","26069960","26070272","6","2162291"
"chrX","24355852","24356151","chrX","26583964","26584261","6","2228112"
"chrX","24674089","24674411","chr9","53346767","53347080","63","28672678"
"chrX","25031628","25031937","chrX","27291199","27291508","6","2259571"
"chrX","25736512","25736830","chrX","28029244","28029548","18","2292732"
"chrX","26188420","26188734","chrX","28493415","28493728","13","2304995"
"chrX","26384022","26384299","chrX","28688357","28688634","7","2304335"
"chrX","26462802","26463104","chr20","18397764","18398068","46","8065038"
"chrX","26548243","26548514","chrX","28863072","28863345","11","2314829"
"chrX","26588981","26589284","chr4","85833400","85833701","52","59244419"
"chrX","26626529","26626825","chrX","28943701","28944001","7","2317172"
"chrX","26634496","26634794","chrX","28951591","28951881","13","2317095"
"chrX","26652252","26652562","chr9","41028320","41028628","38","14376068"
"chrX","26719156","26719382","chrX","29036128","29036354","2","2316972"
"chrX","27114015","27114329","chr1","360065","360372","43","26753950"
"chrX","27301003","27301314","chrX","29625143","29625451","8","2324140"
"chrX","27507951","27508263","chr3","182775197","182775506","35","155267246"
"chrX","27618787","27619027","chr12","84829371","84829606","35","57210584"
"chrX","27770903","27771161","chr1","27695689","27695928","59","75214"
"chrX","27810573","27810869","chrX","30140705","30141027","34","2330132"
"chrX","27814927","27815239","chr12","58348417","58348727","46","30533490"
"chrX","27893123","27893434","chr8","42714956","42715262","42","14821833"
"chrX","27919952","27920232","chrX","30256652","30256954","26","2336700"
"chrX","28371286","28371592","chrX","30716070","30716377","3","2344784"
"chrX","29137485","29137751","chrX","31515586","31515869","22","2378101"
"chrX","29544558","29544857","chrX","31927116","31927414","9","2382558"
"chrX","29641975","29642288","chr19","34193976","34194287","44","4552001"
"chrX","29826734","29827040","chrX","32200886","32201190","6","2374152"
"chrX","29946397","29946694","chrX","32314002","32314296","5","2367605"
"chrX","30016071","30016373","chrX","32384227","32384530","5","2368156"
"chrX","30050579","30050881","chr3","163926008","163926304","42","133875429"
"chrX","30415234","30415535","chr3","82043898","82044199","35","51628664"
"chrX","30424582","30424891","chrX","32791354","32791659","10","2366772"
"chrX","30437608","30437915","chrX","32804363","32804670","4","2366755"
"chrX","30518465","30518792","chrX","32887311","32887639","6","2368846"
"chrX","30600278","30600591","chr8","63760141","63760448","45","33159863"
"chrX","30677875","30678174","chrX","33049744","33050019","28","2371869"
"chrX","30723297","30723581","chr1","31550370","31550659","48","827073"
"chrX","30883565","30883882","chrX","33257536","33257840","25","2373971"
"chrX","31079560","31079846","chrX","33495372","33495658","4","2415812"
"chrX","31888653","31888944","chr1","153472046","153472335","37","121583393"
"chrX","32265032","32265353","chr17","731819","732128","53","31533213"
"chrX","33164545","33164798","chr7","44101708","44101973","38","10937163"
"chrX","33250007","33250300","chr13","107685940","107686224","58","74435933"
"chrX","33520391","33520702","chr7","52967120","52967431","9","19446729"
"chrX","33576060","33576343","chrX","36112909","36113192","11","2536849"
"chrX","33631393","33631697","chr5","18956092","18956398","47","14675301"
"chrX","33740659","33740934","chr20","58700530","58700801","46","24959871"
"chrX","34647083","34647398","chr13","54979467","54979778","38","20332384"
"chrX","34836940","34837248","chr14","11892111","11892415","41","22944829"
"chrX","35114931","35115221","chr14","33519230","33519520","48","1595701"
"chrX","35126758","35127070","chrX","8089980","8090284","43","27036778"
"chrX","35497786","35497963","chr10","59974925","59975101","28","24477139"
"chrX","35524497","35524810","chr7","163349357","163349670","41","127824860"
"chrX","35623307","35623614","chrX","38336546","38336859","15","2713239"
"chrX","36010707","36011011","chrX","38727424","38727725","5","2716717"
"chrX","36869652","36869924","chrX","39574883","39575173","22","2705231"
"chrX","36888300","36888600","chrX","39593486","39593782","7","2705186"
"chrX","36928244","36928552","chr10","29617192","29617497","34","7311052"
"chrX","37095152","37095463","chrX","74637879","74638190","38","37542727"
"chrX","37104914","37105217","chrX","39808205","39808500","11","2703291"
"chrX","37358648","37358958","chrX","40062919","40063235","20","2704271"
"chrX","37369712","37370022","chr10","88330401","88330712","36","50960689"
"chrX","37386151","37386441","chr16","31070792","31071075","45","6315359"
"chrX","37412293","37412605","chr2","94181087","94181399","39","56768794"
"chrX","37498920","37499230","chr4","7162129","7162439","34","30336791"
"chrX","37542115","37542157","chr9","95469129","95469170","9","57927014"
"chrX","37769657","37769950","chrX","40477345","40477622","20","2707688"
"chrX","37976944","37977252","chrX","40682134","40682447","8","2705190"
"chrX","38004977","38005281","chrX","40710158","40710462","5","2705181"
"chrX","38100862","38101162","chrX","40808303","40808607","5","2707441"
"chrX","38180374","38180672","chrX","40882692","40882990","3","2702318"
"chrX","38224428","38224726","chrX","40927415","40927717","7","2702987"
"chrX","38335382","38335676","chr1","63236155","63236451","36","24900773"
"chrX","38372271","38372562","chrX","41078895","41079187","6","2706624"
"chrX","38406812","38407122","chrX","41119357","41119672","9","2712545"
"chrX","38456087","38456375","chrX","41169022","41169330","22","2712935"
"chrX","38486586","38486885","chrX","41204334","41204635","28","2717748"
"chrX","38501401","38501464","chr2","41097625","41097684","18","2596224"
"chrX","38602711","38603008","chrX","41347583","41347881","4","2744872"
"chrX","38619349","38619626","chrX","41365916","41366170","28","2746567"
"chrX","38626831","38627124","chrX","41373380","41373680","15","2746549"
"chrX","38700050","38700355","chrX","41451458","41451740","34","2751408"
"chrX","38896318","38896619","chrX","41648538","41648839","5","2752220"
"chrX","38975358","38975623","chr3","127317386","127317658","42","88342028"
"chrX","38991506","38991800","chrX","41744283","41744578","6","2752777"
"chrX","39115037","39115347","chr8","129294884","129295190","38","90179847"
"chrX","39782818","39783129","chrX","42534967","42535279","9","2752149"
"chrX","39934800","39935112","chr11","43865705","43866012","53","3930905"
"chrX","40031460","40031770","chr3","86174547","86174857","41","46143087"
"chrX","40230118","40230411","chrX","42995901","42996193","4","2765783"
"chrX","40314085","40314387","chrX","43086970","43087279","12","2772885"
"chrX","40460734","40461047","chr9","41028320","41028628","35","567586"
"chrX","40498611","40498961","chrX","43266189","43266540","7","2767578"
"chrX","40836400","40836682","chrX","43647814","43648101","9","2811414"
"chrX","41153035","41153346","chr1","28105311","28105622","38","13047724"
"chrX","41200462","41200760","chr13","9064212","9064518","45","32136250"
"chrX","41507762","41508050","chrX","44588343","44588650","25","3080581"
"chrX","41512447","41512735","chrX","44593091","44593379","6","3080644"
"chrX","41545338","41545648","chr10","78692337","78692646","53","37146999"
"chrX","41558537","41558766","chrX","44640766","44640995","3","3082229"
"chrX","41569966","41570276","chr9","5701676","5701989","48","35868290"
"chrX","41584922","41585235","chrX","44667739","44668052","1","3082817"
"chrX","41602016","41602190","chr13","97316852","97317027","24","55714836"
"chrX","41708867","41709178","chr2","54548353","54548666","32","12839486"
"chrX","41736620","41736931","chr9","41028320","41028628","40","708300"
"chrX","41777310","41777641","chr8","72824038","72824332","92","31046728"
"chrX","41838501","41838796","chrX","44921128","44921423","4","3082627"
"chrX","41852108","41852413","chr6","39737167","39737470","33","2114941"
"chrX","41865343","41865636","chr7","127498873","127499156","44","85633530"
"chrX","41896700","41897012","chr1","164548","164855","43","41732152"
"chrX","41909998","41910166","chr9","38189656","38189827","21","3720342"
"chrX","41914516","41914788","chr6","166372135","166372406","34","124457619"
"chrX","41953361","41953628","chrX","45040481","45040747","3","3087120"
"chrX","41985571","41985817","chrX","45072455","45072744","44","3086884"
"chrX","42125064","42125375","chrX","45214755","45215067","6","3089691"
"chrX","42434516","42434808","chrX","45536396","45536688","6","3101880"
"chrX","42443659","42443971","chrX","45545482","45545787","13","3101823"
"chrX","43210966","43211264","chr10","87589639","87589938","37","44378673"
"chrX","43551803","43552096","chr16","43478607","43478902","37","73196"
"chrX","43583431","43583740","chr9","31304685","31304998","38","12278746"
"chrX","43588259","43588570","chrX","46703047","46703358","3","3114788"
"chrX","43695811","43696121","chr9","53346767","53347080","38","9650956"
"chrX","43825355","43825668","chrX","46943130","46943441","7","3117775"
"chrX","43836379","43836676","chr10","84928622","84928916","39","41092243"
"chrX","43839177","43839501","chrX","46958050","46958355","24","3118873"
"chrX","43844960","43845234","chr2","202622423","202622699","30","158777463"
"chrX","43925777","43926090","chr5","780445","780757","39","43145332"
"chrX","43963486","43963799","chr7","44258629","44258940","32","295143"
"chrX","44113688","44113984","chrX","47240791","47241083","7","3127103"
"chrX","44127793","44128085","chr1","45556009","45556301","53","1428216"
"chrX","44212470","44212783","chrX","47337708","47338019","7","3125238"
"chrX","44238682","44238995","chrX","47363490","47363800","12","3124808"
"chrX","44288406","44288725","chr1","23528265","23528585","52","20760141"
"chrX","44308221","44308525","chrX","47435138","47435436","8","3126917"
"chrX","44407699","44407996","chr19","18435040","18435339","35","25972659"
"chrX","44446243","44446548","chrX","47628942","47629237","11","3182699"
"chrX","44550909","44551211","chr6","39737167","39737470","31","4813742"
"chrX","44617313","44617613","chr1","30345374","30345667","45","14271939"
"chrX","45133803","45134080","chrX","48359294","48359578","25","3225491"
"chrX","45164782","45165079","chrX","48326759","48327058","8","3161977"
"chrX","45193183","45193517","chrX","48298246","48298554","44","3105063"
"chrX","45206477","45206767","chrX","48371830","48372120","3","3165353"
"chrX","45355216","45355500","chrX","144511049","144511337","46","99155833"
"chrX","45507865","45508175","chr2","109129520","109129825","40","63621655"
"chrX","45555919","45556228","chr12","83411292","83411599","36","37855373"
"chrX","45575428","45575732","chrX","48791037","48791353","15","3215609"
"chrX","45578176","45578487","chr17","18914487","18914799","42","26663689"
"chrX","45773704","45774008","chrX","48995292","48995592","6","3221588"
"chrX","45855675","45855971","chrX","49091135","49091431","3","3235460"
"chrX","45875643","45875909","chrX","49106204","49106486","17","3230561"
"chrX","45878991","45879303","chr5","780445","780757","38","45098546"
"chrX","45890972","45891266","chrX","49121191","49121489","9","3230219"
"chrX","45945994","45946295","chrX","49176318","49176613","9","3230324"
"chrX","46014283","46014590","chrX","49244999","49245306","4","3230716"
"chrX","46032200","46032336","chr5","147999049","147999187","15","101966849"
"chrX","46046786","46047097","chr5","780445","780757","39","45266341"
"chrX","46102984","46103149","chrX","49341470","49341627","19","3238486"
"chrX","46138576","46138713","chrX","49374921","49375057","2","3236345"
"chrX","46139946","46140266","chrX","49376294","49376615","7","3236348"
"chrX","46149451","46149763","chr1","360065","360372","41","45789386"
"chrX","46569123","46569426","chrX","49791375","49791682","7","3222252"
"chrX","47368060","47368367","chrX","50576766","50577063","14","3208706"
"chrX","48088615","48088912","chr12","9454878","9455176","41","38633737"
"chrX","48342315","48342616","chrX","51543519","51543820","7","3201204"
"chrX","48473111","48473425","chrX","51653836","51654121","34","3180725"
"chrX","48524468","48524775","chrX","51802011","51802321","5","3277543"
"chrX","48840642","48840800","chrX","52123686","52123838","7","3283044"
"chrX","49133453","49133735","chr9","55550334","55550622","44","6416881"
"chrX","49626841","49627129","chr1","35039189","35039473","49","14587652"
"chrX","49680955","49681265","chr10","77493974","77494284","12","27813019"
"chrX","49913281","49913595","chr2","94213957","94214267","44","44300676"
"chrX","50041842","50042118","chr11","10313678","10313942","59","39728164"
"chrX","50067471","50067776","chr20","26007432","26007738","41","24060039"
"chrX","50072782","50073096","chr7","44258629","44258940","43","5814153"
"chrX","50073352","50073663","chr3","10716492","10716803","37","39356860"
"chrX","50175847","50176164","chr1","36884018","36884325","47","13291829"
"chrX","50312018","50312314","chrX","53161981","53162293","24","2849963"
"chrX","50354121","50354432","chr7","157654660","157654971","35","107300539"
"chrX","50398029","50398343","chr2","54548353","54548666","37","4150324"
"chrX","50407170","50407461","chrX","53263698","53263989","1","2856528"
"chrX","50418468","50418720","chrX","53323136","53323401","22","2904668"
"chrX","50439399","50439704","chr1","87448547","87448862","48","37009148"
"chrX","50473043","50473345","chrX","53379272","53379574","2","2906229"
"chrX","50595789","50596067","chr7","62793923","62794207","44","12198134"
"chrX","50603829","50604134","chr17","731819","732128","32","49872010"
"chrX","50646797","50647110","chr5","780445","780757","34","49866352"
"chrX","50657796","50658108","chr8","92135177","92135491","45","41477381"
"chrX","50729222","50729427","chr3","40509412","40509622","63","10219810"
"chrX","50747999","50748310","chr2","1011747","1012059","41","49736252"
"chrX","50759522","50759832","chr11","117151786","117152096","40","66392264"
"chrX","50853316","50853627","chrX","53764677","53764984","4","2911361"
"chrX","50887526","50887828","chrX","53799313","53799610","11","2911787"
"chrX","50957804","50958091","chrX","53872705","53872992","0","2914901"
"chrX","51024521","51024835","chrX","53944590","53944872","35","2920069"
"chrX","51109690","51109989","chr1","211695531","211695827","47","160585841"
"chrX","52216394","52216706","chr9","41028320","41028628","41","11188074"
"chrX","52562830","52563141","chr1","114918889","114919197","42","62356059"
"chrX","55793143","55793455","chrX","58783490","58783802","2","2990347"
"chrX","55923142","55923452","chr12","116819439","116819752","41","60896297"
"chrX","56478587","56478898","chr19","34193976","34194287","41","22284611"
"chrX","56520768","56521075","chrX","59619366","59619679","8","3098598"
"chrX","56622601","56622912","chr4","44046776","44047080","44","12575825"
"chrX","56732295","56732607","chr3","10716492","10716803","47","46015803"
"chrX","56749809","56750120","chr2","107478401","107478713","46","50728592"
"chrX","56778220","56778519","chr7","42688737","42689037","37","14089483"
"chrX","56795329","56795570","chrX","59882580","59882821","3","3087251"
"chrX","56834177","56834490","chr6","132315465","132315776","36","75481288"
"chrX","56835334","56835602","chrX","59922493","59922763","4","3087159"
"chrX","58712002","58712314","chr1","162739180","162739489","46","104027178"
"chrX","59776943","59777252","chr12","50823074","50823380","42","8953869"
"chrX","59789826","59790132","chr3","178662290","178662596","46","118872464"
"chrX","59833508","59833808","chrX","62929180","62929480","2","3095672"
"chrX","59842332","59842639","chr2","54548353","54548666","50","5293979"
"chrX","59933000","59933304","chr2","107478401","107478713","40","47545401"
"chrX","59995584","59995878","chrX","63087859","63088153","3","3092275"
"chrX","60054942","60055231","chrX","63145997","63146283","7","3091055"
"chrX","61124517","61124812","chrX","64208531","64208824","3","3084014"
"chrX","61256692","61257004","chrX","64346488","64346795","13","3089796"
"chrX","61346179","61346492","chr1","187241121","187241433","42","125894942"
"chrX","61532488","61532788","chrX","64622084","64622384","4","3089596"
"chrX","61606932","61607095","chr9","79017626","79017785","23","17410694"
"chrX","61692130","61692427","chr5","17269509","17269813","44","44422621"
"chrX","62419406","62419718","chrX","65635760","65636068","8","3216354"
"chrX","62545646","62545947","chr7","44258629","44258940","46","18287017"
"chrX","62553439","62553741","chr1","123571730","123572033","31","61018291"
"chrX","62577882","62578170","chr3","159781272","159781564","31","97203390"
"chrX","62588141","62588453","chrX","65805963","65806281","14","3217822"
"chrX","62680744","62681005","chrX","66008926","66009193","31","3328182"
"chrX","62693467","62693778","chrX","74637879","74638190","45","11944412"
"chrX","62711340","62711633","chr15","46215391","46215683","36","16495949"
"chrX","62731514","62731814","chr3","36139696","36139995","34","26591818"
"chrX","62875882","62876172","chrX","66207845","66208135","3","3331963"
"chrX","62897337","62897645","chrX","66231029","66231334","7","3333692"
"chrX","62937560","62937867","chrX","66276062","66276371","6","3338502"
"chrX","63055873","63056185","chr5","780445","780757","37","62275428"
"chrX","63130460","63130668","chr6","147220669","147220871","41","84090209"
"chrX","63130826","63131136","chr1","87448547","87448862","42","24317721"
"chrX","63412612","63412667","chrX","66789610","66789665","2","3376998"
"chrX","63579743","63580025","chr10","25957156","25957437","36","37622587"
"chrX","63639429","63639711","chrX","67007449","67007731","2","3368020"
"chrX","63775557","63775862","chr4","40517850","40518159","40","23257707"
"chrX","63972597","63972910","chr2","94057068","94057381","38","30084471"
"chrX","64040681","64040989","chrX","67410288","67410602","11","3369607"
"chrX","65007424","65007712","chrX","68422632","68422921","4","3415208"
"chrX","65044273","65044586","chrX","68458905","68459220","4","3414632"
"chrX","65074314","65074615","chrX","68488346","68488646","2","3414032"
"chrX","65140719","65141021","chr3","163926008","163926304","38","98785289"
"chrX","65177838","65178122","chr1","91918026","91918310","45","26740188"
"chrX","65360774","65361066","chrX","68755345","68755627","36","3394571"
"chrX","65547674","65547971","chrX","68993820","68994117","4","3446146"
"chrX","65811262","65811584","chr17","731819","732128","49","65079443"
"chrX","66033067","66033372","chrX","69389323","69389632","9","3356256"
"chrX","66233506","66233771","chr3","12119090","12119350","40","54114416"
"chrX","66796920","66797217","chrX","70132525","70132841","23","3335605"
"chrX","68116230","68116544","chrX","71393775","71394085","10","3277545"
"chrX","68127503","68127811","chrX","71405016","71405326","8","3277513"
"chrX","68242273","68242580","chrX","71520343","71520649","2","3278070"
"chrX","68267969","68268272","chrX","71546351","71546654","1","3278382"
"chrX","68314525","68314836","chrX","71599396","71599712","7","3284871"
"chrX","68404561","68404858","chrX","71690462","71690764","17","3285901"
"chrX","68416055","68416344","chrX","71701711","71702000","3","3285656"
"chrX","68420059","68420363","chrX","71705711","71706016","4","3285652"
"chrX","68421252","68421376","chrX","71706902","71707023","6","3285650"
"chrX","68431977","68432282","chrX","71718310","71718612","4","3286333"
"chrX","68467127","68467402","chr7","15442702","15442980","41","53024425"
"chrX","68553303","68553610","chr3","36619575","36619882","38","31933728"
"chrX","68624958","68625243","chrX","71919062","71919347","4","3294104"
"chrX","69116418","69116721","chrX","72587270","72587573","8","3470852"
"chrX","69275699","69275991","chrX","72752193","72752485","1","3476494"
"chrX","69534986","69535294","chrX","434889","435199","41","69100097"
"chrX","69603067","69603125","chr16","68917963","68918019","13","685104"
"chrX","69603135","69603396","chrX","49222327","49222583","43","20380808"
"chrX","70470249","70470573","chr1","26010816","26011138","64","44459433"
"chrX","70901178","70901361","chr17","18751212","18751393","28","52149966"
"chrX","71081328","71081635","chrX","74637879","74638190","7","3556551"
"chrX","72096303","72096615","chrX","75759372","75759666","21","3663069"
"chrX","72153201","72153523","chrX","75820253","75820570","10","3667052"
"chrX","72722812","72723087","chrX","76439147","76439422","4","3716335"
"chrX","73366681","73366984","chrX","77095556","77095861","11","3728875"
"chrX","73589442","73589752","chrX","29625143","29625451","43","43964299"
"chrX","74646511","74646823","chr19","34193976","34194287","46","40452535"
"chrX","74824541","74824854","chrX","78540583","78540896","8","3716042"
"chrX","75189831","75190146","chr16","43763255","43763565","48","31426576"
"chrX","75369237","75369379","chr17","79282633","79282779","30","3913396"
"chrX","75754710","75755007","chrX","79612258","79612555","6","3857548"
"chrX","76323064","76323363","chr7","52960884","52961187","38","23362180"
"chrX","76963083","76963369","chrX","80851362","80851648","6","3888279"
"chrX","77053188","77053475","chrX","8974520","8974818","56","68078668"
"chrX","77482983","77483314","chr12","47045107","47045434","49","30437876"
"chrX","77874411","77874700","chr4","32633053","32633351","49","45241358"
"chrX","78001792","78002085","chrX","81963313","81963610","8","3961521"
"chrX","78439105","78439194","chr4","133336571","133336664","22","54897466"
"chrX","78557855","78558153","chrX","82540665","82540962","4","3982810"
"chrX","78752795","78753090","chrX","82726563","82726858","2","3973768"
"chrX","79186746","79187033","chr3","154672661","154672956","58","75485915"
"chrX","79485840","79486013","chrX","83419970","83420142","3","3934130"
"chrX","80079829","80080163","chrX","83980383","83980658","68","3900554"
"chrX","80263220","80263533","chr1","212367041","212367355","42","132103821"
"chrX","80757053","80757357","chr3","126757935","126758247","43","46000882"
"chrX","81154083","81154393","chr2","202989321","202989632","56","121835238"
"chrX","81712074","81712378","chrX","85668672","85668976","9","3956598"
"chrX","81818256","81818565","chrX","85775670","85775981","3","3957414"
"chrX","82194287","82194598","chrX","8089980","8090284","39","74104307"
"chrX","82219325","82219627","chr18","10227368","10227675","41","71991957"
"chrX","82582158","82582453","chrX","86595225","86595525","12","4013067"
"chrX","83089666","83089973","chrX","87100999","87101292","19","4011333"
"chrX","83605157","83605456","chr11","47158355","47158645","51","36446802"
"chrX","84015800","84016058","chr6","172017122","172017399","59","88001322"
"chrX","84445283","84445594","chr7","114028458","114028767","47","29583175"
"chrX","84501722","84502018","chr2","200557095","200557398","50","116055373"
"chrX","84723193","84723502","chr16","5898159","5898472","48","78825034"
"chrX","85297631","85297929","chrX","89575371","89575663","11","4277740"
"chrX","85511984","85512174","chr9","55670063","55670243","32","29841921"
"chrX","85711358","85711667","chrX","90011512","90011823","9","4300154"
"chrX","85871731","85872030","chrX","90173151","90173451","5","4301420"
"chrX","86103582","86103918","chr1","26010816","26011138","50","60092766"
"chrX","86737561","86737853","chrX","95420033","95420334","44","8682472"
"chrX","86796083","86796369","chrX","91097006","91097292","3","4300923"
"chrX","87009145","87009423","chrX","91313347","91313625","3","4304202"
"chrX","87076904","87077198","chr10","87564869","87565168","41","487965"
"chrX","87167347","87167628","chrX","91479668","91479949","3","4312321"
"chrX","87191121","87191432","chrX","124158161","124158455","50","36967040"
"chrX","87241589","87241888","chrX","91550565","91550863","5","4308976"
"chrX","87268481","87268784","chr7","157654660","157654971","39","70386179"
"chrX","87493835","87494138","chrX","91806930","91807233","1","4313095"
"chrX","87501382","87501642","chrX","91814529","91814802","13","4313147"
"chrX","87671318","87671614","chr19","42770874","42771168","34","44900444"
"chrX","87727248","87727550","chrX","92048556","92048858","4","4321308"
"chrX","88445060","88445371","chr9","54473099","54473407","43","33971961"
"chrX","88978019","88978334","chrX","93301253","93301568","8","4323234"
"chrX","89585350","89585651","chrX","93895240","93895546","8","4309890"
