"chr1","18349835","18350144","chr6","3803168","3803477","43","14546667","GGGCACAGTGGCTCACATCTGTAATGCCAGCACTTTATGAGGCCAAGGCAGGCAGATCACCTGAGGTCAGGATTTCGAGACCAGGCTGGTCAACATGGCAAAACCCCGTCTCTATTAAAAATACAAAATTAGCTGGGCATGGTGGCGTGCACCTGTAATCCCAGCTACTCAGGAGACTGAGGCAGGAGAATCGTTTGAACCAGGGAGGTGGAGGTTGCAGTGAGGCGAGATTGTGCCATTGCACTCCAGCCTGGGCAACAAGAGTGAAACTCTGTCTCAAAGCAAAACAAAACAAACAAACAAAAAGAAA","GGCCGGGTGCGGTGGCTCACACCTGTAATCCCAACACTTTGGGAGGCCAAGGCAGGCGGATCACCTGAGATCAGGAGTTCGAGACCAGCCTGGCCAATATGGCAAAACCCCATCTCCACTAAAAATACAAAAATTAGCTGGGCATGGTGGTGTGCACCTGTAATCCCAGCTACTCAGGAGGCTGAGGCAGGAGAATTGCTTGAACCAGGAAGGTGGAGGTTGCAGTGAGCCGAGATTATGACACTGCACTCCAGCCTGGGCAAAAAGAGCTAAATTCTGTCTAAAAAAAAAAAAAGAAAAGAAAAAGAAA"
"chr1","37355340","37355627","chr5","40527212","40527505","32","3171872","GGCCAGGCATGGTGTCTCATGCCATAATTCCAGCACTTTGCGAGGCCCAGGCGGGCGGATCACCTGAGGTCAGGAGTTCAAGACCAGTCTGGCCAACATGATGAAACCCCATCTCTACTAAAAATACAAAAATTAGTTGGGCGTGGTGGTATGCGCCTGTCATCCCAGCTACTTGGGAAGCTGAGGCAGGAGAATCGCTTGAACCTGGGAGGCAGTGGTTGCAGTGAGCCGAGATCACACCACTGCACTCCAGCCTGGGCAACAAGAGCGAAACTGTCTCAAAAAAAA","GGCCAGGCGCGGTGGCTCATGCCTGTAATTCGAGCACTTTGGGAGGCCGAGGCAGGTGGATCACCTGAGGTCAGGAGTTCAAGACCAGCCTGGCCAACTTGATGAAACCCCATCTCTACTAAAAATACAAAAAATTAGCTGGGCATGGTGGCAGGTGCCTGTAATCCCAGCTACTCCGGAGACTGAGGCAGGAGAATCGCTTGAACCTGGGAGGCGGAGGTTGCAGTGAGCCGAGATCACATCACTGCACTCCAGCCTAGGCAACAAGAGTGAAACTTTGTCTCAAAAAAAAAA"
"chr1","122421089","122421401","chr15","42141648","42141949","46","80279441","GGCCGGGCGCGGTGGCTCACTCCTGTAATCCCAGCACTTTGAGAGGACCATGTGGGTGGATCATCTGAGGTCAGGAGTTCAAGACCAGCCTGACTAACACGGTGAAACCCCATCTTTACTAAAAATACAAAAAAATCAGCCGGGCGTGGTAGTGCACGCCTGTAATCCCAGCTACTTGGGAGGCTGAGGAAGGAATCACTTAAATCCACAAGGCAGAGGTTGCAGTGAGTTGAGATCAGGCCACTGCACTGCAGCCTGGGCAACAGGAGTGAAACTACATCTCGAAAAAAAAAAAAAAAAAAAAGAAAAAAAA","GGCCGGGCGCGGTGGCTCACTCCTGTAATCCCAGCACTTTGGGAGGCCAAGGTGGGTGGATCACCTGAGGTCAGGAGTTTGAGACCAGCCTCACCAGCATGGTGAAACCCCATCTCTACTAAAAATACAAAAATTAACTGGGCGTGATGGTGGAGCCTGTAATCCCAGCTACTTGGGAGGCTGAGGCGGGAGAATCACTTGAACCCAGGAGGCAGAGGTTGCAGTGAGCCGAGATCGCGCCACTGCACTACAGCCTGGGCAACAAGAGTGAAACTCCATCTCAAAAAAAAAAAAAAAAAAAA"
"chr1","193724395","193724694","chrX","134590598","134590899","41","59133797","GGCCGGACGTGGTGGCTCATGTACTTTGGGAGGCTGAAGCGGGTGGATCACCCGGGTCAGGAGTTTGAGACCAGCCTGGCCAACATGATGAAACCCCATATCTACAAAAAATACAAAAAATTAGCTGGGCATGATGGCAGGTACCTGTAATCCCAGCTACTTGGGAGGCTGAGGCAGGAGAATCACTTGAACCTGGAAGGCAGAGGTTGCAGTGTGCCAAGATCGCGCCACTGCACTCCAGCCTGGGCAACAGGAGCGAAACTCCATTTCAAAAAAAAAAAAAAAAAAAAGAAAAAGAAA","GGCCAGGCATGGTGGCTCATCCTTGCACTTTGGGAGGCCGAGGTGGGTGGATCACCTGAAGTCCGGAGTTTGAGACCAACCTGGCCAACATGATGAAACCCTGTCTCTACTAAAAATACAAAAAATTAGCTGGGCGTGATGGCGGGCACATGTAACCCCAGCTACTCGAGGGGCTGAGGCAGGAGAATCACTTGAACCTGGGAGGCGGAGGTTGCAGTGAGCTGAGATCGCGCCACTTCACTCCAGCCTGGGCAACAAGGGTGAAACTCCATCTAAAAAAAAAAAAAAAAAAAAAAAAAGAA"
"chr1","212991736","212992020","chr15","52950317","52950594","37","160041419","GGCCAGGCACGGTGGCTCATGCCTATAACCCCAGCACTTCCTGAGGCCGAGGCGGGTCAGGAGTTCTAGACCAGTCTGGCCAACATGGGGAAACCCCGTCTCTACAAAAAATACAAAAACATTAGCCGGGCGTGGTGGTGGGCGCCTGTAATCCCAGCTACTCAGGAGGCTGAGGCAGGAGAATCTCTTGAATCCAGGAGGCGGAGGTTGCAGTGAGCCGAGATCGCACCACTGGCACTCCAGCCTGGGCAACAAGAGCGAAACTCCATCCCAAAAGAAAAGAAA","GGCCAGGCGCGGTGTCTCACTCCTGTAATCCCAGCACTTTGGGAGGCCAAGGCAGGAGTTCGAGACCAGCCTGGCCAACATGGTGAAACCCCGTCTCTACTAAAAATACAAAAATTAACCGGGCGTGGTAGTGGGCACCTGTAATCCCAGCTACTCGGGAGGCTGAGGCAGGAGAATGGCTTGAACCCGGGAGGCAGAGGTTGCAGTGAGCCGAGATAGCACCACAGCACTCCAGCCTGGGCAACAAAGAGCGAAACTCCATCTCAAAAAAAAAAAAA"
"chr1","9822","10108","chr17","83833273","83833562","33","83823451","GGCTAGGCATGGTGGCTCACGCCTGTAATCCCAGCACTTTGGGAGGCCGAGGCGGGTGCATCACCTGAGGTCAGGAGTTCAAGACCAGCCTGACCAATATAATGAAACCCCGTCTCTACTAAAAATACAGAAATTAGCTGGGTATGGTGGCAGGCACCTGTAATCTCAGCTACTTGGGAGGCTGAGACAGAATTGTTTGAACCCTGGAGATGGAGGTTGCAGTGAGCCAAGATCACACCACTGCACTCCAGCCTGGGCCACAAGAGTGAAACTCCATCTCAAAAAAA","GGCCAGGCATGGTGGCTCATGCCTGTAATCCCAGCATTTTGGGAGGCCGAGGTGGGTGGATCCCTGAGGTCAGGAGTTCGAGACCAGCCTGGCCAACATGGTGAAACCCCATCTCTACTAAAAATACAAAAATAAGCTGGGCATGGTGGGAGGCACCTGTAATCCCAGCTACTTGGGAGGCTGAAGCAGGAGAATTGCCTGAACCCTGGAGGCAGAGGTTACAGTGAGCCAAGATCACGCCACTGGACTCCAGCCTGGGCAACAAGAGTGAAACTCCAACTAAAAATAAA"
"chr1","163766","164053","chr3","200664126","200664415","50","200500360","GGCGCAGTGGCTCACGCCTGTAATCCCAGCACTTTGGAAGGCCAAAGCAGGCAGCTCACCAGAGGTTAGGCGTTCAAGACCAGCCTGGCCAAAATGGTGAAACCCTGGTTCTACTAAAAAAAAATACAAAAAAATTAGCTGGGCATGGTGGGGGCGCCTGTATTCCCAGCTACTCAGGAGGCTGAGGCAGGAGAATTGCTTGAAACCAAGAGGCAGAGGTTGCAGTGAACTGAGATTGGGCCACTACACACCAACTTGGGCCACAAGAGTGAAATTCTGAAAGAGAAA","GGCTGGGTGCGGTGGCTCACACCTGTAATCCCAGCACTTTGGGAGGCCGAGGAGGCGGATCACCTGAGGTCAGGAGTTCAAGACCAGCCTGGCCAACATGGTGAAACCCGTCTCTACTAAAAATACAAAAAATTAGCTGGGCATGGTGATGGGCGCCTGTAATCCCAGCTACTCAGGAGGCTGAGGCAAGAGAATCGCTTGAACCCGGGCGGCGGAGCTTGCAGTGAGCTGAGGTTGCGCCACTGCACTCCAGCCTGGGCCACAAGAGTGAAACTCCGTCTCAAAAAAAA"
"chr1","385088","385400","chr2A","10355583","10355893","36","9970495","GGCCGGGCGTGGTGGCTCACGCCTGTAATCCCAGCACTTTGGGAGGCTGAGGCAGGTAGATCACTTGAGGTCAGGAGTTGGAGACCAGCCTGGCCAACATGGTGAAACCCCGTCTCTACTAAAAATACAAAAATTAGCCGGGTGTGGTGGTGGGTGCCTGTAGTTCCAGCTACCAGGGAGGCTGAGGCAGGAGAATCACTTGAGCCGAGGAGGTGGAGGTTGCAGTGAGCCAAGATTGCACTACTGCGCTCCAGCCTGGGTGACAAGAGCAAGACTCCGCCAAAAAAAAAAAAAAAAAAGAAGAAGAAGAAAA","GGCCGGGCGCAGTGGCTCACGCCTGTAATCCCAGCACTTTGGGAGACTGAGGTGGGTAGATCACCTGAGGTCAGGAGTTTGAGACCAGCCTGGCCAACATGGTGAAACCCCATTTCTACTAAAAATACAAAAATTAGCTGGGTGTGGTGGCAGGTGCCTGTAATCCCAGCTACTTGGGAGGCTGAGGCAGGAAAATCACTTGAACCCAGGAGGCGGAGGTTGCAGTGAGCTGAGATCATGCCACTGCACTCCAGCCTGGGCAACAAGAGCAAAACTCTCTCAAAAAAAAAAAAAAAAAAGGAAAGAAAAAA"
"chr1","734582","734885","chr10","108870200","108870501","39","108135618","GGCCAGGCACAGTGGCTCATACCTGTAATCCCAGCACTTCTGGAGGCTGAGGTGGACGGATCACCTGAGGTCAGGAGTTCGAGACCAGCCTGGCCAACATGGTGAAGCCCCACTCTACTAAAAATACAAAAATTAGCTATCTGGGTATGGTGGTGCACACCTGTAATCCCAGCTACTCAGGAGACTGAGACAGGAGAATCACTTGAACCTAGGAGGCGGAGGTTGTAGTGAGCCGAGATCCCGCCGCTGCACTCCAGCCTGGGTTACAAGAGTGAGACTCCATCTCAGGGGAAAAAAAAAAAAA","GGCCAGGCACAGTGGCTCACACCTGTAATCCCAGCACTTTGGGAGGCTGAGGCGGGCAGACCACCTGAGGTCAGGAGTTCGAGACCAGCCTGGCCAACATGGCGAAACCCCATCTCTACTAAAAGTAAAAAAATTAGCCGGGCGTGGTAGCGGGCACCTGTAATCCCAGCTACTCAGGAGGCTGAGGCAGGAGAATCACTTGAACCCGGGAGGCGGAGGTTGTAGTGAGCCAAGATTGAGCCACTGAACTCCAGCCTGGGCAACAAGAGTGAGACTCCATCTCAAAAAAAAAAAAAAAAAAA"
"chr1","745985","746289","chr16","28150661","28150970","41","27404676","GGCCAGGCACGGCAGCTCACACCTGTAATCCCAGCACTTTGGGAGTCTGAGGTAGGTGGATCACCTGAGGTCAGGAGTTCAAGACCAGCCTGGCCAACATGGTGAAACCCCATCTCTGCTAAAAATACAAAAATTAGCCAGGCCTTGTGGCAGGCGCCTGTAATCCCAGCTACTTGGGAGGATGAGGCAGGAGAATCGCTTGAACCTGGGAGGTGGAGGTTGCAGTGAGTCAAGATCATTCCACTGCACTCTGCACAAGAGCGAGACTCCGTCTCAAAAAAAAAAAAAAGAAAAAGAAAAAGAAA","GGCCAGGCACGGCAGCTCAGGCCTGTAATCCCAGCACTTTGGGAGACTGAGGCGGGTGGATCACTTGAGGTCAGGAGTTCGAGACCAGCCTGGCCAACATGGTGAAACTCCATTTCTACTAAAAATATAAAAATTAGCCAGGCATGGTGGTGGGTGTCTGTAATCCCAGCTACTCAGGAGGCTGAGGCAGGAGAATCGCTTGAACTTGGGAGGTGAAGGTTGCAGTGAGCCGGGATCGCACCACTGCACTTCAGCCTAGGCAACAAGAGTGAGACTCCATCTCAAAAAAAAAAAAAAAAAAAAAAAAAAA"
"chr1","994188","994493","chr4","37953476","37953776","42","36959288","GGCCTGACACAATGGCTCACACCTGTAATCCCAGCACTTTGGGAGGCCGAGGTGGGTGGATGGATCACCTGAAGTCAGGAGTTTGAGACCAGCCTGGCCAACATGGTGAATCTCCATCTCTAGTAAAAGTACGAAGTATTAGCCAGGCGTGGTGGTAGACGCCTGTAATCTCGGCTACTCAGGAGGCTAAGGCAGGACAATGCTTGAACCTGGGAGGCGGAGGTTGCAGTGAGCTGAGATCGTGCCACTGCACTCCAGCCTGGGCAATAAGAGCAAAACTCCATCTCCAAATAAAACAAAACAAAA","GGCCGGGCGCAGTGGCTCATGCCTGTAATCCCAGCACTTTGGGAGGCCAAGGTGGGCGGATCACCTGAGGTCAGGAGTTTGAGACCAGCCTGGCCAACATGGTGAAACCCCATCTCTAGTAAAAATACAAAAATTAGCCAGGCATGGTGGTGCATGCCTGTAGTCCCACCTACTCGGGAGGCTGAGGCAGGAGAATCGCTTGAACCCGGGAGGAGGAGGTTGCAGTGAGCTGAGATCGTGCCGCTGCACTTCAGCCTGGGCAACAAGAGCGAAACTCCATCTCAAAAAAAAAAACAAAAAA"
"chr1","995979","996270","chr9","81354291","81354584","31","80358312","GGGCGGGCGTGGTGGCTCATGCCTGTAATCCCACTACTTTGGGAGGCCGAGGAGGGTGGATCACCTGAGGTCAGGAGTTCGAGACCAGCCTGACCGACATGATGAACGCTGTCTCTACTAAAAATACAAAAATTAGCTGGGCGTGGTGGCAGGCGCCTGTAATCTCAGCTACTCGGGAGGCTGAGGCAGGAGAATCACTTGAACCCAGGAGGCAGAGGTTGCAGTGAGCCAAGATCACGCCACTGCACTCCAGCCTGGGCAACAAGAATGAAACTCCATCTCAAAAAAAAAA","GCCAGGCATGGTGGCTCATGCCTGTAATCCCAGCACTTTGGGAGGCTGAGGCGGGCGGATCACCTGAGGTCAGGAGTTCCAGACCAGCCTGGCCAACATGGTGAAACCCCGTCTCTACTAAAAATACAAAAAATTAGCCGGGTGTGGTTGCAGGCGCCTGTAATCCCAGCTACTCTGGAGGCTAAGGCAGGAGAATCGCTTGAACCCAGGAGGCAGAGGTTGCAGTGAGCCGAGATCGTGCCACTGCACTCTGGCCTGGGCAACAAGAGTGAAACTCCATCTCAAAAAAAAAAA"
"chr1","1153490","1153765","chr15","52950317","52950594","34","51796827","GCCAGGCGCAGTGCCTCACGCCTGTAATCCCAGCACTCTGGGAGGCTGAGGTCAGGAGTTCGAGACCGCCCTGGCCAACATGGTGAAACCCCGTCTCTACAAAAAATACAAAAACTAGCCAGGTGTGGTGGCGGGCACCTGTAATCCCAGCTACTTGGGAGGCTAAGGCAGGAGAATCGCTTGAACCTGGGAGGCGAAGGTTGCGGTGAGCCAAGATTGCACCACTGCACTCCAGTCTGGGCAACAAGAGCAAAACTCAGTCTCAAAAGAAAAAAA","GGCCAGGCGCGGTGTCTCACTCCTGTAATCCCAGCACTTTGGGAGGCCAAGGCAGGAGTTCGAGACCAGCCTGGCCAACATGGTGAAACCCCGTCTCTACTAAAAATACAAAAATTAACCGGGCGTGGTAGTGGGCACCTGTAATCCCAGCTACTCGGGAGGCTGAGGCAGGAGAATGGCTTGAACCCGGGAGGCAGAGGTTGCAGTGAGCCGAGATAGCACCACAGCACTCCAGCCTGGGCAACAAAGAGCGAAACTCCATCTCAAAAAAAAAAAAA"
"chr1","1396219","1396501","chr4","2596927","2597217","34","1200708","GCCGGGCGTAGTAGCTTACGGCTGTAATCCCAGTATTTTGGGAGGCCGAGGTGGTTGGATTACCTGAGGTCAGGAGCTAGAGACAAGCCTGGCCAACATGATGAAATCCCGTCTCCACCAAAAACTTAGCCAGGCATGGTGGCACGCGCCTATAATCCCAGCTACTCGGGAGGCTAAGGCAGGAGAATCGCTTGAACCTGGGAGGTGGAGATTGCAGTGAGCCGAGGTTGTGCCACTGCACTTCAGCCTGGGCAACAAGAGCAAAACTCTCTCTCAGAACAAA","GCCGGGCGTGGTGGCTTACGGCTATAATTCCAGCACTTTGGGAGGCCGAGGTGGTTGGATCACCTGAGGTCAGGAGTTAGAGACCAGCCTGGCCAACATGATGAAACCCCGTCTCTACTAAAAATGCAAAAAATTAGCCTGGCGTGGTGGCACGCGCCTATAATCCCAGCTACTTGGGAGGCTGAGGCAGGAGAATTGCTTGAACCTGGGAGGTGGAGGTTGCAGTGAGCCGAGATTGTGCTGCTGCACTCCAGCCTGGGCAACAAGAGCAAAACTCCGTCTCAAAAAAAA"
"chr1","1446712","1447000","chr1","216246049","216246333","54","214799337","GGCCAGGCGCGGTGGCTCATGCCTATAATCCCAGCACACTGGAAGGCTGAGGCGAGCAAATTACCTGAGGTCAGGAGTTTGGCACCAGCTTGGCCAACATGCTGAAATACAGACAGGGTTCTGTCTCTACTAAAAATACAAAAATTGGCTGGGCATGGTAGCGGGTGCCTGTAGCTACTTTGGAGGCTGAGGCAGAAGAATCGCTTGAACCCGGGAGGCGGAGGTTGCAGTGAGCTGAGATTGCACCACCGCACTCCAGCCTGGGCAACAAGAGCAAAACTCCATCTCA","GGCTGGGCGCGGTAGCTCATGCCTGTAATCCCAGCACTTTGGGAGGCTGAGGTGGGTGAATTACCTGAGGTCAGCAGTTCGAGACCAGCCTGGCCAACATGGTGAACCTCTGTCTCTACTAAAAATGCAAAAAATTAGCCGGGCGTGGTGGTGCATTCCTGTAATACCAGGTACTCGGGAGGCTGAGGCAGGAGAATCACTTGAACCCAGGAGGTGGAGGTTGCAGTGAGTTGAGATAGCACCACTGCACTCCAGCCTGGGCAACAAGAGCAAAACTCCATCTCA"
"chr1","1471616","1471912","chr4","2524667","2524952","30","1053051","GGCCAGGTGCAGTGGCTCACACCTGTAATCCCAACACTTTGGGAGGTCGAAGCGGGTGGATCACCTGAGGTCCGGAGTTTGAGACCAGCCTGCCCAGCATGGCGAAACCCCACCTCTACTAAACATACAAAAAATTAGCTGGGCATGGCGGCAGGCGCCTGTAATCCCAGCTACTCCGGAGGCTTGAACCAGGGAGGCGGAGCTTGCAGTGAGCCAAGATCGCACCACTGCATTCCAGCCTAGGTAACAAGAGTGAAACTCCATCTCAAAAAAAAAAAAAGAAAGAAAGAAAGAAAA","GGCCAGGCGCGGTGGCTCACGCCTGTAATCCCAACACTTTGGGAGGCCGAGGCGGGTGGATCACCTGAGGTCGGGAGTTTGAGACCAGCCTGCCCAGCATGGCGAAACCCCATCTCTACTAAACATACAAAAAATTAGCTGGGTGTGGTGGCAGGCACCTGTAATCCCAGCTACTCGGCAGGCTTGAACCAGGGAGGCAGAGCTTGCAGTGAGCCAAGATCGCAGCACTGCACTCCAGCCTGGGCAACAAGAGTGAAAAAAAAAAAAAAAAAAAAAAAGGAAAAAA"
"chr1","1503451","1503774","chr3","12041820","12042133","56","10538369","GGCCAGGCACGGTGGCTCACACCTGTAATCCAAGCATTTTGGGAGGGCGAGGCAGGTCAGGACTTGAACTTGAGGTCAGGAGTTCAAGACCAGCCTGGCCAACGTGGTGAAACCCTGTTTTTACTAAAGTTACAATAATTAGCCAGGCGTGATGGCAGGCACCTATAATCCCAGTTATTCGGGAGGCTGAAGCAGGAGAATCGCTTGAGCCCAGGAGGCGCAGGTTGCAGTGAAACGAGATCATCCGACTGCACTCCAATCTGGGGGCCAAGAGCAAAATTCGATTTCAAAAGAGAAATAAAGCAAAAAAAAAAAAAAAAAAAA","GGCCAAGCACAGTGGCTCACGCCTGTAATCCCAGCACTTTGGGAGGCCGAGGCGGGTGGATCAGCTGAGGTCAGGAGTTCAAGACCAGCCTGGCCAACATGATGAAACCCTGTTTCTACTAAAAATAGAAAAAATTAGCTGGGCGTGGTGGCAGCCACCTGTAATCCCAGCTACTCGGGAGGCTGAAGCAGCAGAATTGCTTGAACCCAGGAGGTGGAGGTTGCAGTGAGCCAAGATCATGCCACTGCACTCCAGCCTGGGCAACAAGAGCGAAATTCCATCTCGAAAAAAAAAAAAAAAGAAAAAAGAAAAAA"
"chr1","1512603","1512811","chr19","20927860","20928076","47","19415257","CCGGTCGTGGTGGCTCATGCCTGTAATCCCAGCACTCTGGGAGGCCAAGGCAGGCAAATCATCTGAGATCAGGAATTTGCTACTCAGGAAGGCTGAGGCGGGAGAATCACTTGAACCCAGGAGGCAGAGGTTGTGGTGAGCTGAGATAGTGCCACTGCACTCCAGCCTGGGTAACTAGAGCAAAACTCGGTCTCAAATAAATAAACAAA","GGCCGCGCGTGGTGGCTCACACCTGTTATCCCAGCACTTTGGGAGGCCAAGGAGGGCAGATCATCTGAGGTCAGGAGTTTGAGACCAGCCTGGCCCGCTGAGGCAGGAAAATCACTTGAACCCAGGAGGTGGAGGTTGCAGTGAACCGAGATCGTACCACTGCACTCCAGCCTGGGCAACAAGAGTGAAACTGTCTCAAAAAAAAAAAAAAAAAAAA"
"chr1","1570129","1570429","chr1","185054973","185055268","42","183484844","GGCTGGGCTAGGGGGCTCAAACCTGTAATCCCAGCACTTTGGGAGGCTGAGGCAGATGGATCACCTGAGGTCAGGAGTTTAAGACCAGCCTGGCCAACATGGCAAAACCCCGTCGCTACTAAAAATACAAAAAATTAGCTGGGCGTAGTGGCGGGTGCCTGTAATCCCAGCTACTCGGGAAACTGATGCAAGAGAATCGAATTGCTTGAACCCAGGAGACGGAGGTTGCAGTGAGCTGAGATTGCACCACTGCATTCCAGCCTGGTAACAAGAGCAAAATGCCATCTCAAAAAAAAAGAAA","GGCTGGGCGCAGTGGCTCATGCTTGTAATCCCTGCACTTTGGGAGGCCGAGGTGGGTGGATCACCTGAGGTCAGGAGTTTGAGACCAGCCTGGCCAACATGATGAAACCCCATCTCTACTAAAAATACAAAAAATTAGCTGGGCGTGGTGGCGTGCGTCTGTAATCCCAGCTACTCAGGAGGCTGAGGCAGGAGAATTGCTTGAACCCAGGAGGCGGAGGTTGCAGTGAGCTGAGATCGTGCCACTGCACTCCAGCCTGGGCAACAAGAGCAAAACTCCATCTCAAAAAAACAAAA"
"chr1","1691944","1692214","chr20","58367555","58367825","39","56675611","GGCTAGGCACAGTAGCTCATGCCTATAATGCCAGCACTTTGGGTGGCCGAGGCGGGTGGTTTACCTGACGTCAGGAGTTCGAGACCAGCCTGGCCAACATAGCAAAACCCCGTCTCTACTAAAAATACAAAAATTAGCTGGGCGTGGTAGCGCACACCTGTAATCCCAGCTATTCGGGAGGCTGAGGCAGGAGGATCACTTGAACCAGGGAGGCGGAGGTTGCAGTGAGCCGAGATCCTGCCACTGCACTCCAGCCGGGGTAACAAGAGCG","GGCCGGGCACAGTGGCTCATGCCATAATCCCAGCACTTTGGGAGGGCGAGGCAGGTGGATCACCTGAGGTCAGGAGTTCGAGACCAGCCTGGCCAACATGGTGAAATCCCGTCTTTACTAAAACTACAAAAATTAGTCAGGCGTGGTGGCGGGCACCTATAGTCCCAGCTACTCGGGAGGCTAAGGCAGGAGAATCACTTGAACCTGGGAGGCAAAGGCTGCAGTGAGCTGAGATCATGCCACTGCACTCCAGCCTGGGCTACAAGAGTGA"
"chr1","1804809","1805092","chr11","123831654","123831935","44","122026845","CCTGTAATCCCTGCACTTTGAAGGTAGCCCGAGGCAGATGGATCACCTGAGGTCAGGAGTTCGAGACCAACTTGGCCAACATGATGAAATCCCATCTCTACTAAAAATACGAAAAATTAACTGGGCATGGTGGCGCCTGTAATCCCAGCTACTCAGGAGGCCTGAGGCAGGAGAACCACTTGAACCCAGGAGGCGGAGGCTGCAGTGAGCTGAGATCACGCCACTGTACTCCAGCCTGGGCAACAAAAGCGAAACTCTGTCTCAAAAAATAAAAACAAAATAAA","GCCTGTCATCCCTGCACTTTGGGAGGCCGAGGCAGGTGGATTACCTGAGGTCAGGAGTTCGAGACTAGCCTGGCCAACATGATGAAACCCCATCTCTACTAAAAATACAAAAAATTAGCTGAGTGTGGTGGTGCATGTCTGTAATCCCAGCTACTCAGGATTCTCCTGCCGGAGAATCGCTTGAACCCGGGGGGTGGAGGTTGCAGTGAGCTGAGATCGCACCACTGCACTCCAGCCTGGGCAACAAGAGCGAAACTCCGTCTCAAAAAAAAAAAAAAAGAA"
"chr1","1919464","1919761","chr3","195766033","195766330","41","193846569","GGCCAAGCATGATGGCTCATACCTGTAATCCCAGCACTTTGGGAGGCCAAGGTGGGTGGATCAGCTGAGGTCAGAAGTTCGAGAGCATCCTGGCCAACATGATGAAACCCCGTCTCTACTAAAAAAACAGAAAATTAGCCAGTTGTAGTGATGGATGCCTGTAATCTCAACTACTCGAGAGACTGAGGCAGGAGAATCACTTGAACCCACGAGGTGGAGGTTGCAGTGATCTGAGATTGAGCCACTACACTCCAGCCTGGGCAACAAGAGCAAAACTATCTCAAAAAAAAAAAAAAAA","GGCCAGGCAAGGTGGCTCATACCTGTAATCCCAGCACTTTGTGAGGCCAAGGCAGGTGGATCATCTGAGGTCAGGAGTTTGAGACCAGTCTGGCCAACATGTTGAAACCCCGTCTCTACTAAAAATACAAAAAATTAGCCGGGCATGGTGGTGCATGCCTGTAATTCCAGCTACTCGGGAGGCTGAGGCAGGAGAATCGCTTGAACCCGGGAGGTGGAGGTTGCAGTGAGCTGAGATCGCACCACGACACTCCAGCCTGGGCAACAAGAGCGAAACTCTGTCACGAGAAAAAAAAAAA"
"chr1","2050140","2050435","chr4","1954458","1954764","50","95682","CAGGCGTGGTGGCTTACGTAATCCCAGCGCTTTGGAAGGCCAAGGCCAGCAGATCACCTGAGGTCAGGAATTCAAGACCAGCTTGGCCAACATGGTGAAACCCCATCTCTATGAAAAATACAAAAATTAGCCAGGCATGGTGGTGCAGGCCTGTAATCCCAGTTGCTAGGGAGGCTGAGGCAGGAGAATCGCTTGAACCTGGGAGGCGGAGGTTGCAGCGAGCTGAGATTGCACTCCAGCCTGGGCAACAAGGACAAAACAGCATCTCAAAAAAAAAAAAAGAAAGAAATCAAAAA","GGCTGGGCATGGTGGCTCACACCTCTAAACCCAGCACTTTGGGAGGCTGAGGCCAGCAGATCACCTGAGGTCAGGAGTTCGAGACCAGCCTGGCCCACATGGTGAAACCCCGTCTCTACTAAAAATACAAAAATTAGCTGGCTGTGGTGGTGCATGCCTGTAATCCCAGTTGCTTGGGAGGCTGAGGCAAGAGAATCACTTGAACCTGGGAGGCGGAGGTTGCAGTGAGCCAAGATTGCACCACTGCACTCCAGCCTGGGCAACAAGAGCGAAACAACATCTCAAAAAAAAAAAAAAAAAAAAAAAA"
"chr1","2172858","2173169","chr5","162326402","162326716","42","160153544","GGCCAGGGTGGTGGCTCATGCCTATAATCCCAGCACTTTGGAGGCCGAGGCGGGTGGAATGCCTGAGGTCAGGAGTTTGAGACCAGCCTGGCCAATATGGTGAAACCCTATCTCTACTAAAAATACAAAAATTAGCTGGGTGTGGTGGCGCATGCCTGCAGTCCCAGCTACCTGGGAGGCTGAGGCATGATAATCACTTAAACCTGGGAGGCAGAGGTTCAGTGAACCGAGACTGTGCCATTGCACTCCAGCCTGGGCAACAAGAGTAAGAAACTCTGTCTCAAGAAAGAAAAAAAAAAAAACAAGAAGGAA","GGCCGGGCGTGGTGGCTCACACCTGTAAATCCCAGCACTTTGGGAGGCCGAGGCAGGTGGATCACCTGAGGTCAGGAGTTTGAGACCAGCCTGGCCAACATGGTGAAACTCTGTCTCTACTAAAAATACAAAAAATTAGCCGGGCGTGGTGGCACATGCCTGTAATCCCAGCTACTTGAGAGGCTGAGGCAGGAGAATCACTTGAACCCGGGAGGCAGAGGTCGCAATGAGCCAAGATTGCGCCACTGCACTCCAGCCTGGGCAACAAGAGCAAAACTCTGTCTCAAAAAAAAAAAAAAAAAAAAAGAAAAGGAA"
"chr1","2204432","2204732","chr1","132554974","132555276","39","130350542","GCTGGGCACAGTGGCTCACACCTGTAATCCCAGCACTTTGGGAGGCCAAGGTGGGCAAATCACTTGAGGTCCAGAGTTCGAGGCCAGCCTGGCCAACGTGGTGAAACCCTGTCTCTACCAAAAAATACAAAAAATAGTCGGGCATGGTGGCGGGTGCCTGTAATCCTAGCTACTCCAGAGGCTGAGGCAGCAGAATTGCTTGAACCCAGGAGGTGGAGGTTGTAGTGAGTTGAGATCTCGCACTGCACTCCAGCCTGGGCAACAAGATTGAAACTCTGTCTCAAAAAAAAAAAAAAAAAAA","GGCCAGGCACAGTGGCTCACACCTGTAATCCCAGCACTTTGGGAGGCCAAGGTGGGCAGATCACCTGAGGTCAGGAGTTCGAGACCAGCCTGGCCAACATGGTGAAACCCCGTCTCTACTAAAAACACAAAAATTAGCTGGGCGTGGTGGTGGGTGTCTGTAATCCCAGCTACTCAGGAGGCTAAGGCAGGAGAATCGCTTAAACCCGGGAGGCGGAGGTTGCAGTGAGCCGAGATCGCACCACTGCACTCCAGCTGGGCAACAAGAGTGAAACTCCGTCTCAAAAAAAAAAAAAAAAAAAAA"
"chr1","2309458","2309738","chr3","48723113","48723394","36","46413655","GGCTGGGCGCGATGGCTTATGCCTGTAATCCCAGCACTTTGGGAGGCTGAGGCAGGTGGACCACCTGAGGTCAGGAGTTCGAGACCAGCCTGGCCAATATGAAGAAACCTCATCTCTGCTAAAAATACAAAAATTAGCCAGGTGTTGGTGGGCACCTGTAATCCCAGCTACTGGGGAGGTTGGGGTGGGAGAATCGCTTGGACATGGGAGGCGGAGGTTGCAGTGAGCAGAGATCGTGTCACTGCACTCCAGCCTGGGCATCAAGAGCAAAACTCCATCTC","GGCTGGACACGGTAGCTCATGCCTGTAATCCCAGCACTTTGGGAGGCCGAGGTGAATGGATCACCTGAGGTCAGGAGTTTGAGACCTGCCTGGCCAACATGGTGAAACCCCATCTCTACTAAAAATACAAAAATTAGCCGGGTGTGGTGGTGGGCACCTGTAATCCCAGCTACTTGGGAGGCTGAGGCAGGAGAATCGTTTGAACCTGGGAGGCGGAGGTTGCAGTGAGTGGAGATCCTGCCACTGCACTCCAGCCTTGGCAACAAGAGCAAAACTCCATCT"
"chr1","2346505","2346810","chr3","134365024","134365327","48","132018519","GGCCGGGCGCAGTGGCTCACGCCTGTAATCCAAGCACTTTGGGAGGCCAAGGTGGGTGGATCACCTGAGGTCTGGAGTTTGAGACCAGCCTGACCAACATGGTGAAACCCTGTTTTGTATTTTGTCTCTACTAAAATACAAAACTAGCCAGGCGTGGTGGCAGGTGCCTGTAATCCCAGCTACTCGGGAGGCTGAGGCAAGAGAATCGCTTGAACCCAGGAGGTGGAGGTGTAGTGAGCCGAGATCACACTCCAGCCTGGGCAACAAGAGCAAAACTCCATCTCAAAAAACAAAATAACAAAAAGA","GGCCGGGCACAGTGGCTCACGCTTGTAATCCCAACACTTTGGGAGGCCAAGGTGGGTGGATCACCTGAGGTCAGGAGTTTGAGACCAGCCTGGCCAACTTAGTGAAACCCTGTCTCTACTAAAAACACAAAAAATTAGCCAGGCGTGGTGGCAGGCGCCTGTAATCCCAGCTACTCAGGAGGCTGAGGCAAGAGAATCACTTGAACCCAGGAGGCGGAGGTTGCAGTGAGCCGAGATGGCGCCACTGCATTCCAGCCTGGGCAACAAGAACGAAATTCCATCTCAAAAAAAAAAAAAAAACAAA"
"chr1","2357714","2358001","chr9","87736194","87736488","37","85378480","GACTGGACGCGATGACTCATGCCTGTAATCCCAGCACTTTGGGAGGCTGAGGCGGGTGGATCACCTGAGGTCAGGACTTCAAGACCAGCCTGGCCAACATGGGGAAACCTGGTCTCTACTAAAAATACAAAAATTAGCCAGGCGTGGTGGCGGGTACCTGTAATCCCAGCTACTTGAGAGGCTGAGGTAGAAGAATCGCTTGAACCTGGGGGGCGGAGGTTGCAGTGAGCCGAGATCGCGTCACTCCAGCCTGGGCAAAAGAGTGAAACTGTCTCAAAAAAAACAAAA","GGCTGGACGCGGTGGCTCACGCCTGTAATCCCAGCACTTTGGGAGGCTGAGGCGGGTGGATCACCTGAGGCCAAGGAGTTCAAGACCAGCCTGGCCAACATGGTGAAACCCTATCTCTACTAAAAATACAATAAATTAGCCGGGTGTGGTGGCGGGCGCCTGTAATCCCAGCTACTCCTGAGGCTGAGGCAGGAGAATCGCTTGAACTTGGGAGGCAGAGGTTGCAGTGAGCCAAGATCAGGCCACTGCACTCCAGCCTGGGCAACAAGAGCGAAACTCTGTCTAAAAAAAAAAA"
"chr1","2364274","2364558","chr19","3472325","3472614","46","1108051","GGCCAGGTGTGGTGCTCATGCCTGTAATCCCAGCACTTTGGGAGACCAAGGCAGATGGATCACCTGAGATCAGGAGTTCAAGACCAGGCTGGCCAACATAGCGAAACCCCATCTCTATTAAAAATACAAAAATTAGCTGGGCGTGATGGCAGGCGCCTGTAATCACAGCTCCTCGGGAGGATGAGGCGGAGGTTGCAGTGAGCCGAGATCGCACCAGTGCACTCCAGCCTGGGCAACAAGAGTGAAACTCTGTCTCAAAACAAAACAAAACAAAACAAAACAAAA","GGCTGGGCGCGGTGGCTGACGCCTGTAATCCCAGCACTTTGGGAGGCCGAGGGGGGTTGGATCACCTGAGGTCAGGAGTTCGAGACCAGCCTGGCCAACATGGTGAAACCCCGTCTCTACTAAAAATACAAAAATTAGCTGGGCATGGTGGTAGGCGCTTGTAATCCCAGCTACTCGGGAGGCAGAGGTGGAGGCAGAGGTTGCAGTGAGCCAAGATCGCACCACTGCACTCCAGCCTGGGCAACAAGAGCAAAACTCCGTCTCAAAAAAAAAAAAATTAGCAAAAGAAA"
"chr1","2364615","2364924","chr2A","21134848","21135157","42","18770233","GGCCAGGAGCAGTGGTTCATGCCTGTAATTCCACTTTGGGAGGCCAAGGCAGGTGGAACAACTGAGGTCAGGAGTTCGAGACCAGCCTGGCAAATGTGGTGAAACCCTGTTTCTACTAAAACTACAAAAATTAGTTGGGCATGGTGGCAGGTGCCTGTAATCCTAGCTACATGGGAGGCTGAGGCAGGAGAATTCCTTGAACCCGGGAGGCGCAGGTTGCAGCGAGCCAAGATAGCACCACTGCACTCCAGCCTGGGCAACAAGAGCGAAACTCCACCTCAAAAAAAAAAAAGAAAAAAGAAAGAAAGAA","GGCCAGGCGAGGTGGCTCATGCCTGTAATCCCAGCACTTTGGGAGGCCAAGGTGGGAGGATCACCTGAGGTCAGGAGTTCAAGACCAGCCTGGCCAACATGGTGAAACCCCGTCTCTACTAAAAATACAAAAATTAGCCGGGCATGGTGGCACGCGCCTGTAATCCCAGCTACTCAGGAGGCTGAGGCAGAAGAATCACTTGAACCCGGGAGGCGGAGGTTGCAGTGAGCCAAGATGGCACCACTGCACTCCAGCCTAGACAACAAGAGCAAAACTCCATCTCAAAAAAAAAAAAAAAAAAATAGAAAAA"
"chr1","2384407","2384714","chr4","1604817","1605108","37","779590","GGCTGGGCACGGGAGCACACACCTGAATCCCAGCACTGTGGGAGGCCAAGGCGGAAGGATTGCTTGAGCCCAGGAGTTTGAGACCAGCCTGACCAACATGGTGAAACCCTGTCTCTACTAAAAATACAAAAATTAGCTAGGTGTGATGGTGGGTGCCCGTAATCCCAGCTACTTGGGAGGCAGAGGCAGGGGAATCGCTTTAACCCGGGAGGCAGAGACTACAGCGAGCTGAGATCACACCACTGCACTCCAGCCTTGGCAACAAGAGCGAGACTCTGTCTCAGAAAAAGAAGAAGAAAAAAAAGAAA","GGCTGGGCACCGGGGCACACACCTGAATCCCAGCAAGGCGGGAGGATCACTTGAGCTCAGGAGTTTGAGACCAGCGTGGCCAACATGGTGAAACCCTGTCTTTACTAAAAATACAAAAATTAGCTGGGTATGGTGGTGGGTGCCTGTAATCCCAGCTACTTGGGAGGCTGAGGCAGGGGAATCGCTTGAACCCGGGAGGCAGAGGCTGCAGTGAGCCGAGATCACACCACTGCACTCCAGCCTGGGCAACAAGAGCGAGACTCCATCCAGAAAAAGAAGAAAAAAAAAGAAA"
"chr1","2394495","2394769","chr4","1594877","1595148","19","799618","GCCGGGTGTGGTGGCTCACGCCTGTAATCCCAGCACTTTGGGAGGCCAAGACAGGCAGATTACCTGAGGCCAAGAGTTCGAGATCAGCCTGGCCAATATGGTGAAACCCCATCTCTACTAAAAATACAAAAATTAGCCAGGTGTGGTGATGGGCGCTTATAATCCCAGCCACTTGGGGAGCTGACGCAGGAGAATCTCTGGAACCTGGGAGACAAAGGTTGCACTGAGCTGAGATCATGCCACTGCCCTCCAGCCTGGGCAACAAGAGCAAAACT","GCCGGGAGTGGTGGCTCACGCCTGTAATCCCAGCACTTTGGGAGGCCAAGGCGGGCGGATTACCGAGGCCAAGAGTTCAAGACCAGCCTGGCCAATATGGTGAAACCCCATCTCACTAAAAATACAAAAATTAGCCAGGTGTGGTGGTGGGCGCCTACAATCCCAGACACTTGGGAAGCTGACGCAGGAGAATCTCTGGAATCTGGGAGGCAGAGGTTGCACTGAGCTGAGATCATGCCACTGCACTCCAGCGTGGGCAACAAGAGCAAAAC"
"chr1","2407733","2408041","chr4","1581323","1581630","31","826410","GGCCAGGCGCAGTGGTTCACGCCTATAATCCCAGCACTTTGGGAGGCCAAGGCAGGTGGATCACCTGAGGTCAGGAGTTCAAGACCAGCCTGGCCGACATGGTGAAATCCCATCTCTACTAAAAACACAAAAAAATTAGCCAGGCACGGTGGTGCACACCTGTAGTCCCAGCTATTTGGGAGGCTGAGGCAGAGGAACTACTTGAACCCAGGAGAGAGACGTTGCAGTGAGCCAAGATTGCACCACTGCACTCCAGCCTGGGCAACAAGAGTGAAACTCTGTCTCAAAAAATAAAAATAAAAAAATAAA","GGCCAGGCGTGGTGGCTCACGCCTGTAATCCCAGAACTTTGGGAGGCCAAGGTGGCTGGATCACCTGAGGTCAGGAGTTCAAGACCAGCCTGGCCAACATGGTGAAACCCCGTCTCTATTAAAAACACAAAAAAATTAGCCAGGCATGGTGGTGCGCGCCTGTAATCCGTTACTCAGGAGGCTGAGGCAGGGGAACTGCTTGAACCCAGGAGACAGAGGTTGCAGTGAGTCAAGATCGCACCACTGCACTCCAGCCTGGGCAACAAGAGAGAAACTCTGTCTCAAAAAAAAAAAATAAAAAAATAAAA"
"chr1","2870668","2870980","chr5","152681126","152681425","44","149810458","GGCCAGGTGTGGTGACTCACGCCTGTAATCCCAACACTTTGGGAGGCCAAGGTCGGCGGATCACCTGAGGTCAGGAGTTCGAGACCAGCCTGACCAACATAGTGAAACCCTGTCTCTACTAAAAACACAAAATTAGCTGGGCATGGTGGTGCATGCCTGTAATCCCAGCTACTTGGGGGGCTGAGGCACGAGAATCGCTTGAACCCATGGGTGGAGGTTGCAGTGAGCCGAAATCGCACCACCGCACTGCAGCCTAGGCCAGAAGAGTGAAACTCCATCTCAAAAAAAATTAAAATTAAAAATCAGTAAAAAA","GGCTGGGCGTGGTGGCTCACGCCCGTAATCCCAACACTCTGGGAGGCTGAGGCAGGTGGATCACCTGAGGTCAGGAGTTGGAAACCAGCCTGGCCAACATGGTGAAACCCTGTCTCTACTAAAAATACAAAATTAGCTGGGTGTGGTGGTGCATGCCTGTAATCCCAGCTACTTGGGAGGCTGAGGCAGGAGAATCGCTTGAACCCACGAGGTGGAGGTTGCAGTGAGCCAAGATCACACCACTGCACGCCAGCCTAGGCAACAAGAGTGAAACTCCATCTCAAAAAATAAATAAATAAA"
"chr1","2888718","2889002","chr10","86865957","86866245","42","83977239","GGCTGGGTGTGGTGGCTCACTCCTGTAATCCCAGCTGAGGTCAGGAGTTTGAGACCAGCCTGGCCAACATGGTGAAAACCCATCTCTACTAAAAATACAAAAATTAGCTGGGCATGGTGGTGCACGCCTGTAATTCCAGTTACTCGGGAGGCTGAGGCAGGAGAATCGCTTAGAACCTGGGAGGTGGAGGTTGCAGTCAGCAGAGATTGCACCACTGCACTCCAGCCTGGGCAACAAGAGTGAAACTCCATCACCAAAAAAAAAAAAAAAAAAGAAAAAAAAGAA","GGCTGGGTGCAGTGGCTTACACCTGTAATCCCAGCACCCGAGGTGAGGAATTCGAGACCAGCCTGGCCAACATGGTGAAACCCCATCTCTACTAAAAAATACAAAAAATTAGCCGGGCATGGTGGTGGGCACCTATAATCCCAGCTACTCTGGGAGGCTGAGGCAGGAGAATAGCTTGAACCCAGGAGGCGGAGGTTGCAGTGAGCTGAGATCACACCACTGCACTCCAGCCTGGGCAACAAGAGCAAAACTCCATTTCGAAAAAAGAAAAGAAAGAAAGAAAGAAGAA"
"chr1","3092675","3092972","chr4","964728","965032","25","2127947","GGCCGGGTGCGGTGGCTCACGCCTAGAATCCCAGCACTTTGGGAGGCCAAGGTGGGCAGGTCACCTGAGGTCAGGAGATCGAGACAATCCTGGCCAACATGGTGAAACCCTCTCTCTACTAAAAATACAAAAATTAGCCAGGTATGTTGGCGGGCACCTGTAGTCCCAGCTACTTGGGAGGCTGAGGCAGAAGAATTGCTTGAACCCGGGAGGCGGAGGCTGCAGTGAGCCAGGATTGTGCCACTGCACTCCAGCCCGGGCAACAAGAGCAAAACTCCTTCTCAAAAGAAAAAAAAAA","GGCCGGGTGCGGTGGCTCACGCCTATAATCCCAGCACTTTGGGAGGCTGAAGTGGGCAGATCACCTGAGGTCAAGAGATCGAGACCATCCTGGCCAACATGGTGAAACCCTGTCTCTACTAAAAATACAAAAATTAGCCAGGAATGGTGGCGGGCACCTGTAGTCCCAGCTACTTGGGAGGCTGAGGCAGGAGAATCGCTTGAACCCGGGAGGTGGAGGCTGCAGTGAGCCAGGATTGCGCCACTGCACTCCGGCCCGGGCAACAAGAGCGAAACTCCATCTCAAAAAAAAAAAAAAAAAAAAAA"
"chr1","3242289","3242584","chr4","150991545","150991852","51","147749256","GGTGCAGTGGCTCTTGCCTGTAATCCTAGCACTTTCAGAGGCTGAGGTGGGTGGTCACCTGAGTTCAGGAGTTTGAGACCATCCTGGCCAACGTGGTGAAACCCTGTCTCTACTAAAAATACAAAAAATTAGCTGGGTGTGGTGGCGGGTGCCTGTAATTCCAGCTACTCTGGAGGCTGAGGCAGGAAAATTGCTTAAACCTGGGAGGCAGAGGTTGCAGATCACGCTACTGCTCTCCAGCCTGGGCAAGAAGAGCGAAATTCCATCTCAGAACAACAAACTAACAAACAAACAAA","GGCCGGGTGCAATGGCTCATGCCTGTTATCCCAGCACTTTGGGAGGTCAAGGCAAGTGGATCACCTGAGGTCAGGAGTTTGAGACCAGCCTGGCCAACATGGTGAAACCCCGTCTCTATTAAAAATACAAAAAATTAGCTGGGAGTGGTGGTGGGTGCCAGTAATCCCAGCTACTCGGGAGGCTGAGGCAGGAGAATCGCTTGAACCGGGAGGCAGAGGTTACAGTGAACCGAGATCATGCCACTGCACTCCAGCCTGGGCAACAAGAGTGAAACTCCATCTCAAAAACAAATGAACAAACAAACAAA"
"chr1","3279204","3279515","chr1","197931021","197931326","52","194651817","GGTCGAGCAAGGTGGCTCACGCCTGTAATTTCAGCACTTTGGGGGGCGGAGGAGGGCAGATCACCTGAGGTCAGCAGTTTGAGACCAGCCTAACCAACAAGGTGAAAACCTCATCTCTACCAAAAATTAAAAAAAAAAAAAAATTGGCCAGGCATGGTGGCACCTGCCCATAATCTCAGCTACTTGGAGGCTGAGGCAGGAGAATCTCTTGAACCCGGGGGGCAGAGGTTTCAGTGAGCCAAGATTGTGCCGCTGCACTCCAACCTGGGCAACAAAGAGTGAAACTCCATCTCAAAAAAAAAAAAAAAAAAA","GGTCGGGCAAGGTGGCTCACGCCTGTAATCCCAGCACTTTGGGAGGCCGAGGTGGGCAGATCACCCGAGGTCAGGAGTTCAAGACCAGCCTGGCCAACATGGTGAAACCCCATCTCTACTAAAAATAACAAAAAATTAGCTAGGCATGGTGGTGGGTGCCTGTAATCCCAGCTACTCGGGAGGCTGAGGCAGGAGAATGGCTTGAGCCTGGGAGGCGGAGGTTGCAGTGAGCCAAGATCGTGCCACTGCACTCCAGTCTGGGCAACAAGAGTGAAACTCAGCCTCAAAAAGAAAAAAAAAAAAAAA"
"chr1","3334561","3334839","chr4","83955527","83955809","40","80620966","GGCCAGGCGTGGTGGCTCATGCCTGTAATCCCAGTACTTTGGGAGGCCGAGGCAGGCAGGTTGCCTAAGCTCAGGAGTTTGAGACCAGCCTGGGCAACAAGGTGAAACCCCATCTCTACTAAAGTACAAAAAATTAGCTGGGTGTGGTGATGGGCGCCTGTATTCCCAGCTACTCGGGAGGCTGAGGCAGTAGAATCGCTTGAACCTGAGAGGCAGAGGTTGCAGTGAGCTGAGATCAAGGCACTGCACTCCAGCCTGGGCAACGAGAGTGAGACTCTG","GGCCGGGCGTGGTGGCTCACGCCTGTAATCCCAGCACTTTGGGAGGCTGAGGCGGGCGGATCACCTGAGGTCAGGAGTTTGAGACCAGCCTGGCCAACATGGTGAAACCCCATCTCTACTAAAAATACAAAAAAAATTAGCTGGGCATTGTGGCGCATGCCTGTAATCCCAGCTACTCGGGAGGCTGAGGCAGGAGAATCGCTTGAATCCAGGAGATGGAGGTTGCAGTGAGCCGAGATCATGCCACTGCACTCCAGCCTGGGCAACAAGAGCGAAACTCTGT"
"chr1","3345286","3345568","chr10","129431275","129431563","33","126085989","GGCTGGGCGTGGCTCACACCTGTAATCCTGGCAGTTTGGGAGGCTGAGGCAGGTGGATCACCTGAGGTCAGGAGTTTGAGACCAGCCTGGCCAACACAGTGAAACCCCATCTCTACTAAAATACAAAAAATTAGCTGGGCATGGTGGCAGATGCCTGTAATCCCAGCTACTCAGGAGGCTGAGACAGGAGAACTGTGTGAACCTGGGAGGCGGAGGTTGCGGTGAGCTGAGATCGTGCCACTGCACTCAGCCTGGGCAACAAGAGTGAAACTCCGTCTCAAAA","GGCTGGGCACAGTGGCTCACACCTGTAATCCCAGCACTTTGGGAGGCTGAGGCGGGTGGATCACCTGAGGTCAGGAGTTTGAGACCAGCCTGGCCAACATGGTGAAACCCCATCTCTACTAAAAATACAATAAAATTAACTGGGTGTGGTGGCAGGCACCTGTAATCCCAGCTACTTGGGAGGCTGAGGCAGGAGAATCGCTTGAACTTGGAAGGCGGAGGGTGCAGTGAGCCGAGATTGTGCCACTGCACTCCAGCCTGGGCAACAAGAGTGAAACTCTGCCTCAAAA"
"chr1","3350711","3350993","chr2A","59842093","59842378","43","56491382","GGGTGCGGTGGCTTACACCTGTAATCCTAGCACTTCGGGAGGCCGAGGTGGGCGGATGACCTAAAGTCAGGAGTTTGAAACCAGCCTGGCCAACATGGTGAAACCCCATCTCTACTAAAAATACAAAAAATAGCCAGGCATGGTGGTGCACACCTGTAGTCCCAGCTACTCAGGAAGCTGAGGCAGGAGAATCGTTTGAACCCGGGCGGCAGAGGTTGCAGTGAGTCCAGATCACACCACCGCAATCAAGCCTGGGCAACAAGAGAGAGACTCTGTCCTAAGA","GGCCAGGTGCGGTGGCTCACACCTGTAATCCCAGCACTTTGGGAGGCCGAGGTGGGCAATCACCTGAGGTCAGGAGTTTAAGACCAGCCTGGCCAACTTGGTGAAAACCCATCTCTACTAAAAATACAAAAAAATTAGCCAGGCATGGTGGCAGACACCTGTAATCCCAGCTACTTGGGAGGCTGAAGCAGGAGAATTGCTTGAACCCAGGAGGCAGAGGTTGCAGTGAGCTGAGATCACGCCACTGCACTCCAGCCTGGGCAACAAGAGCAAGATTCTGTCTCAA"
"chr1","3374624","3374945","chr1","40966383","40966697","43","37591759","GGCCGGGCGCAATGGCTCACACCTGTAATCCCAGCACTTTGGGAGGCTGAGATGGGTGGATCACCTGAGGTTAGGAGTTCAAGACCAGCCTGGCCAACATGGCGAAACCCCGTCTCTACTAAAAACACAAAAAATTAGCAGGGCGTGGTGGCAGGCACTTGTAAACCCAGCTACTTAGGGAGCTGAGGCAGGAGAATCACTTGAACCTGGGAGGCAGAGGTGGCAGTGAGCCGAGATCGCGCCACTGCACTCCAGCCTGGGTTACGAGAGCTAAACTCCAACTCAAAACAAACAAACAAAAAAACAAAAACAAACAAACAAA","GGCCAGACTCAGTGGTTCACGCCTGTAATCCCAGCACTTTGGGAGGCCAAGGTGGGTGGATCACCTGAGGTCAGGAGTTCGAGACCAGCCTGGCCACCATGGCGAAACCCAGTCTCTACTAAAAATACAAAAATTAGCTGGGCGTGGTGGTGGGAGCTTGTAATCCCAGCTACTTGAGAGGCTGAGGCAGGAGAATCGCTTGAACCTGGAAGGCAGAGGTTGCAGTGAGCCGAGATCATGCCACTGCACTCCAGCCTGGGCAACAAGAGTGAAACTCCGTCTCAAAAAAAAAAAAAAAAAAAAAAAAAAAAAAAA"
"chr1","3419005","3419315","chr11","65999481","65999780","55","62580476","GGCCGGGTGTGGTGGCTCATGCCTGTAATCCTAGCACTTTGGGAGGCCGAGACAGGCAGACTGCCTGAGTTCAGGAGTTCGAGACCAGCCTGGGCAAGATGGTGAAACCCCATTTCTACTAAAATACAAAAAATCAGCCGGGCATGGTGGCAGGCATGTAATCCCAGCTACTCAGCTGAGGCACGAGAATTGCTTGAACCTGGGAGGTGGTGCTTGAACCCGGGAGGCAGAGGTTGCAGTGAGCTGAGATCACACCACTGCACTCCAGCCTGGGCAGCAAAGCAAAACTCTTTGTCTAAAAAAAAAAAAAA","GGCCAGGCGCGGTGGCTCACGTCTGTAATCCCAGCACTTTGGGAGGCCGAGGTGGGCAGATCACCTGAGGTCAGGAGTTCGAGACCAGCCTGGCCAACATGGCAAAACCCCGTCTCTACAGAAAATACAAAAAATCAGCCAGGCATGGTGGCACGCACCTGTAGTCCCAGCTACTCAGGAGGCTGAGGCAGGAGAATTGCTTGAACCCGGGAGGCAGAGGTTGCAGTGAGCCGAGATCACACCACTGTACTCCAGCCTGGGCAACAAGAGCAAAACTCCATCTCAAAAAAAAAAAAAAAA"
"chr1","3443651","3443934","chr4","83955527","83955809","38","80511876","GGCCAGGTGTGATGGTTCATGCCTGTAATCCCAGCACTTTGGGAGGCTAAGGAGGGCAGATCACCTGAGGTCAGGAGTTCGAGACCAGCCTGGCCAAAATGGTGAAATCGCGTCTCTACTAAAACATACAAAAAAATTATCTGGGCATGGTGGTGTGGGCCTGTAACACCAGCTACTCAGGACACTGAGGCAGGAAAATTGCTTGAACCCAGGAGGCAGAGGTCGCAGTGAGCCGAGATCATGCCACTGCACTCTAGCCTGGGCAACAAGAGCAAAACTGCGTC","GGCCGGGCGTGGTGGCTCACGCCTGTAATCCCAGCACTTTGGGAGGCTGAGGCGGGCGGATCACCTGAGGTCAGGAGTTTGAGACCAGCCTGGCCAACATGGTGAAACCCCATCTCTACTAAAAATACAAAAAAAATTAGCTGGGCATTGTGGCGCATGCCTGTAATCCCAGCTACTCGGGAGGCTGAGGCAGGAGAATCGCTTGAATCCAGGAGATGGAGGTTGCAGTGAGCCGAGATCATGCCACTGCACTCCAGCCTGGGCAACAAGAGCGAAACTCTGT"
"chr1","3472618","3472903","chr10","142645562","142645855","48","139172944","GGCAGGGCACAGTGGCTCACACCTGTAATCCCAGCACTTTGGGAGGCTGAGGCAGGCAGACCACATGGTCAGGAGGTCAACACCATCCTGGCAAACATGGTGAAACCCTGTCTCTACTACAGAAAACCCCAAAATTAGCTGGGTATGGTGGCATGCACCTGTAGTCCCAGCTACGAGGGAGGCTGAAGCAGGAGAATCATTTGAACCCAGGAGGCGGAGGTTGCAGTGAGCACCACTGCACTCCAGCCTGGGCAACAAGAGTGAATCTCCATAAAAAACAAAACAA","GGCTGGGCGTGGTGGCTCACACCTGTAATCCCAGCACTTTGGGAAGCTGAAGCAGGCAGATCATCTGTGGTCAGGAGTTCAAGACCAGCCTGGCCAGCATGGTGAAACCCCGTCTCCACTAAAAATACGAAAATTAGCTGGGCATGGTGACAGGCGCCTGTAATCCCAGCTACTTGGAAGGCTGAGGCAGGAGAATCGCTTGAACCCAGGAGGCGGAGGTTGCAGTGAGCCGAGATCATGCCACTGCACTCCAGCCTGGGCAACAAAGAGTGAAACTCCATCAAAAAAAAAAAA"
"chr1","3605262","3605574","chr8","48982259","48982571","47","45376997","GGCTGGGCACGGTGGCTTACGCCTGTAATCCCAGCACTTTGGGAGGCTGAGGTGGGTGGATCATGAGGTCAGGAGTTTGAGACCAGCCTGGCCAACATGACAAAACCCCGTCTCTACTAAAAATACAAAAAACTAGCTGGACGTGGTGGCAGGTGCTTGTAATCCAGCTACTCGGGAGGCTTAGTTGGGAGAATCACTTGAACCTGGGAGGTGGAGGATGCAGTGAGCCGAGATTGCACCACTGAACTTCTGTCTGGGTGATAAGAGCAAAACTCAGTCTCAAAAAAACCAAAAAACAACAACAAAAAAAGAA","GGCTGGTTGTGGTGGCTCACGCCTGTAATCCCAGCACTTTGGGAGGCTGAGGTGGGCGGATCACCTGAGGTCAGGAGTTTGAGACCAGCCTGGCCAACATGGCGAAACCTTGTCTCTACTAAAAATACAAAACTTAGCTGGGCATGGTGGTGTGTGCCTGTAATACCAGCTACTCGGGAGGCTGAGGCAGGAGAATCACTTGAACCTGGCAGGCAGAGGTTGCAGTGAGCCAAGATTGCACCACTGCCCTCCTGCCTGGGCAATGAGAGTGAAACTCTGTCTCAAAAACAAAAAACAAAACAAACAAAAGAAA"
"chr1","3745720","3746021","chr17","16949878","16950179","42","13204158","CGGGCGAGGTGGCTTACCCCTGTAATCCCAGCACTTTGGGAGGCCAAAGTGGGCAGATCACTTGAGGTCAGCAGTTCAAGACCAGCCTGGCCAACATGGCGAAACCCCGTCTCTACTAAAAATACAAAAATTAGCTGGGTGTGATGGTGGGCACTTGTAATCCCAGCTACTTGGGAGGCTGAGGCAGGAGAATCACTTGAACCCAGGAGGCAGAGGTTGCAGTGAGCCAAAATTGTGCCAATGTGCTCCAGTCCGGGCAACAAGAGCAAGACACTGTCTTAAAAAAAAAAAAGCAAAACAAA","GGGCGCAGTGGCTCACGCCTGTAATCCCTGAACTTTGGGAGGCCGAGGTGGGTGGATCACCTGAGGTCAGGAGTTCAAGACCAGCCCGGCCAACATGATGAAACCCCGTCTCTACTAAAAATACAAAAAAATTAGCTGGGTGTGGTGGTGTATGCCTGTAATCCCAGCTACTCAGGAGGGTGAGGCAGGAGAATCACTTGAACCCGGGAGGCGGAGGTTGCAGTAAGCCAAGATTGTGCCACCGCGCTCCAGCCTGGGCAACAAGAGCAAAACTCTGTCTCAAAAAAAAAAAAAAAAAAAAA"
"chr1","3920000","3920303","chr4","135465","135778","32","3784535","GCCAGGTACGGTGGCTCACGCCTGTAATCCCAGCACTTTGGGAGGCTGAGGTGGGTGGATTACCTGAGGTTAGGAGTTCAAGACCAGCCTGGCCAACATGGTGAAACCTCATCTCTACTAAAAAGGCAGAATGAGCACAGTATGGGCCACCTGTAGTCCCAGCTACTTGGGAGGCTGAGGCAGGAGAATCACTTGAACCTGGGAGGCAGAGGTTGCAGTGAGCTGAGATCATGTCACTGCACTCCAGCCTTGGCAACTAGAGGAAAACTCTGTCTCAAACAAAGCAAAACAAAACAATACAAAA","GCCAGGCACGGTGGCTCATGCCTGTAATCCCAGCACTTTGGTTGGTTGAGGTGGGTGGATTACCTGAGGTTAGGAGTTCAAGACCAGACTGGCCAACATGGTGAAACCTCATCTCTACTAAAAAGGCAAAATGAGTATGGCATGGTGGTGGGCACCTGTAGTCCCAGCTACTTGGGAGGCTGAGGCAGGAGAATCACTTGAACCTGGGAGGCGGAGGTTGTAGTGAGCCAAGATCATGCCACTGCACTCCAGCCTGGGCAATTAGAGCAAAACCCTGTCTCAAACAAAACAAAACAAAACAAAACAAAACAAAA"
"chr1","4093903","4094166","chr6","25488443","25488707","71","21394540","AGGACTCTGGGAGGTGGGGGTGGTCGGAATTTTTGAACTCAGGAGCTGGAGACCAGCCTGGGCAACACGGCCAGACCCCGTTAAAGTTTACAAAAAGTTTAAAATTAGTTGGGCCTGGTAGCGGGAGCCTGAGGTCCCAGCGACTCAGGAGGCTGAGGTGGAAGGATCGCCTGAGCCCAGAGGTGGAGGCTGCAGTGAACCGAGACTGCACCACTGCACTCCAGCCTGTGCAAGGCAAACTCCATCTCAAAAAAAAAAAACAAA","AGCACTTTGGGAGGCCGAGGCAGGTGGATCACCCAAGGTCAGGAGTTCAAGACCAGCTTGGCCAACATGGCGAGACCCTGTCTCTACTAAAAATACAAAAATTAGCTGGGCGTGGTGGCGGGTGCCTGTAATCCCAGCTACTCAGGAGGCTGAGGCAGGAGAATCGCTTGAACCAGGGAGGTGGAAGTTGCGGTGAGCCGAGATCGTGCCACTGCACTCCAGGCTGGGCAAAAGAGCGAAACTCTGTCTCAAAAACAAAACAAAA"
"chr1","4260056","4260366","chrX","51034227","51034538","33","46774171","CCGGGCATGGTGGCTCACGCCTGTAATCCCAGCACTTTGGGAGGCTGAGGCGGGCAGATCACCTGAGGTCAGGAGTTTGAGACCAGCCTGGTCAACATGGTAAAACCCCGTCTCTACCAAAAATACAAAAATTAGCTGGGCGTGATGGCATGCGCCTGTAATCCCAGCTACTCGGGAGACTGAGACGGGAGAATCTCTTGAACCTGGGAGGCAGAGGTTGCAGTGAGCCGAGATCACGCCACTGCACTCCAGCCTGGGCAACAAGAGTGAAACTCTGTCTCAAAAAAAAAAAAAAAAAAAAAGGAAGGAAA","GGCTGGGCATGGTGGCTCCCGCCTGTAATCCCAGCACTTTGGGAGGCCAGGGTGGGTGGATCACCTGAGGTCAGGAGTTTGAGAACAGCCTGGCCAACATGGTGAAACCCCGTCTCTACTAAAAATACAAAAATTAGCTAGGCGTGGTGGCGGGCACCTGTAATCTCAGCTGCTCGGGAGGCTGAGACAGGAGAATTGCTTGAACCCAGGAGGCGGAGGTTGCAGTGAGCCGAGATCACGCCACTGCACTCCAGCCTGGGCAACAAAGAGTGAAACTCTGTCTCAAAAAAAAAAAAAAAAAAGAAAAGAAAA"
"chr1","4262393","4262706","chr4","109395836","109396141","43","105133443"
"chr1","4308960","4309258","chr5","133411905","133412206","37","129102945"
"chr1","4388793","4389091","chrX","97594986","97595289","43","93206193"
"chr1","4418411","4418722","chr6","35622489","35622796","39","31204078"
"chr1","4422835","4423147","chr12","8706461","8706771","36","4283626"
"chr1","4523076","4523344","chr2B","126690464","126690739","42","122167388"
"chr1","4586442","4586751","chr21","23580989","23581298","43","18994547"
"chr1","4651134","4651448","chr1","13582785","13583095","37","8931651"
"chr1","4673716","4673991","chr12","34416561","34416833","53","29742845"
"chr1","4678469","4678573","chr4","83955333","83955426","18","79276864"
"chr1","4736764","4737068","chr20","35582405","35582711","34","30845641"
"chr1","4770796","4770963","chr19","10235712","10235873","29","5464916"
"chr1","4849311","4849608","chr2A","10348885","10349185","35","5499574"
"chr1","4896708","4897014","chr15","67619999","67620309","31","62723291"
"chr1","4910097","4910402","chr20","21707872","21708172","29","16797775"
"chr1","4963639","4963951","chr1","1695262","1695570","35","3268377"
"chr1","5001730","5002027","chr20","35582405","35582711","49","30580675"
"chr1","5176969","5177266","chr2B","80727391","80727695","43","75550422"
"chr1","5190221","5190527","chr2A","63373637","63373940","36","58183416"
"chr1","5253651","5253958","chr4","165907120","165907419","38","160653469"
"chr1","5361331","5361641","chr1","132554974","132555276","39","127193643"
"chr1","5508584","5508889","chr4","199024335","199024640","37","193515751"
"chr1","5554203","5554498","chr12","55469357","55469649","39","49915154"
"chr1","5649847","5650161","chr4","198295008","198295316","37","192645161"
"chr1","6210361","6210669","chr13","62764436","62764745","46","56554075"
"chr1","6234968","6235269","chr1","100887646","100887952","35","94652678"
"chr1","6705568","6705885","chr22","17140799","17141110","42","10435231"
"chr1","6748206","6748504","chr1","3599217","3599515","22","3148989"
"chr1","6859359","6859656","chr19","15927697","15927997","35","9068338"
"chr1","6898321","6898636","chr13","8634043","8634347","44","1735722"
"chr1","7281052","7281360","chr6","38512524","38512836","39","31231472"
"chr1","7477409","7477744","chrX","1527681","1528002","61","5949728"
"chr1","7515522","7515824","chr1","27021093","27021389","37","19505571"
"chr1","7761556","7761855","chr5","160987933","160988228","38","153226377"
"chr1","8207893","8208197","chr20","21707872","21708172","32","13499979"
"chr1","8298375","8298675","chr1","185054973","185055268","43","176756598"
"chr1","8421128","8421433","chr1","182138307","182138613","40","173717179"
"chr1","8624238","8624534","chr11","309868","310167","38","8314370"
"chr1","8745740","8745963","chr4","75262680","75262905","36","66516940"
"chr1","8890145","8890456","chr10","101337366","101337681","48","92447221"
"chr1","8902256","8902562","chr2B","95168475","95168788","35","86266219"
"chr1","8960437","8960743","chr10","45646188","45646499","28","36685751"
"chr1","9048475","9048786","chr9","59842059","59842366","34","50793584"
"chr1","9239094","9239388","chr1","130106457","130106756","42","120867363"
"chr1","9296591","9296870","chr17","7397249","7397531","38","1899342"
"chr1","9380304","9380551","chr3","67751426","67751684","52","58371122"
"chr1","9388263","9388521","chr12","131788345","131788608","40","122400082"
"chr1","9394013","9394303","chr4","2596927","2597217","40","6797086"
"chr1","9416900","9417248","chr22","22301801","22302112","88","12884901"
"chr1","9502035","9502336","chr1","204184641","204184943","30","194682606"
"chr1","9508344","9508649","chr19","47859775","47860075","40","38351431"
"chr1","9536302","9536549","chr5","35568759","35569015","40","26032457"
"chr1","9590576","9590745","chr1","14249496","14249656","30","4658920"
"chr1","9628796","9629081","chr5","160987933","160988228","47","151359137"
"chr1","9633399","9633677","chr19","54472865","54473144","48","44839466"
"chr1","9680449","9680699","chr12","131788345","131788608","56","122107896"
"chr1","9701371","9701674","chrX","11086336","11086646","37","1384965"
"chr1","9769856","9770139","chr1","24189834","24190118","41","14419978"
"chr1","9895374","9895683","chr17","38608208","38608518","39","28712834"
"chr1","9984254","9984546","chr16","48511650","48511946","35","38527396"
"chr1","10002247","10002552","chr5","13160492","13160798","35","3158245"
"chr1","10020195","10020511","chr17","9644327","9644622","57","375868"
"chr1","10024259","10024556","chr17","24583359","24583669","49","14559100"
"chr1","10162763","10163069","chr7","72899498","72899802","30","62736735"
"chr1","10250712","10251011","chr1","7060335","7060646","37","3190377"
"chr1","10259122","10259422","chr1","7068475","7068773","28","3190647"
"chr1","10269631","10269919","chrX","50220545","50220834","38","39950914"
"chr1","10342552","10342874","chr1","220444183","220444498","47","210101631"
"chr1","10376056","10376361","chrX","41978583","41978888","40","31602527"
"chr1","10508712","10509007","chr1","27021093","27021389","38","16512381"
"chr1","10713014","10713320","chr6","35356727","35357029","44","24643713"
"chr1","10768533","10768824","chr3","200664126","200664415","31","189895593"
"chr1","10813894","10814188","chr7","29178664","29178961","35","18364770"
"chr1","10870904","10871193","chr1","7700882","7701173","20","3170022"
"chr1","10882189","10882493","chr1","7711206","7711495","33","3170983"
"chr1","10899657","10899969","chr19","51697514","51697817","44","40797857"
"chr1","11012071","11012351","chr5","164937765","164938039","61","153925694"
"chr1","11018514","11018805","chr1","7847371","7847677","39","3171143"
"chr1","11042458","11042778","chr9","82578710","82579015","62","71536252"
"chr1","11072139","11072438","chr18","17496269","17496567","31","6424130"
"chr1","11073094","11073227","chr6","164004121","164004240","30","152931027"
"chr1","11107216","11107528","chr1","142335679","142335988","36","131228463"
"chr1","11134546","11134847","chr2B","124078688","124078987","32","112944142"
"chr1","11135716","11136012","chr12","43988486","43988781","37","32852770"
"chr1","11164492","11164722","chr10","112162079","112162304","32","100997587"
"chr1","11166857","11167165","chr1","8008819","8009128","35","3158038"
"chr1","11304283","11304590","chr10","136766798","136767102","41","125462515"
"chr1","11307899","11308221","chrX","51034227","51034538","49","39726328"
"chr1","11347020","11347307","chr2A","103932089","103932366","42","92585069"
"chr1","11396214","11396519","chr7","151652893","151653193","47","140256679"
"chr1","11518667","11518951","chr11","66125261","66125543","41","54606594"
"chr1","11521731","11522006","chr10","106607864","106608139","36","95086133"
"chr1","11532882","11532981","chr2B","95219985","95220093","21","83687103"
"chr1","11550908","11551200","chr5","137760043","137760333","33","126209135"
"chr1","11597427","11597732","chr1","8435090","8435381","35","3162337"
"chr1","11665643","11665937","chr4","39554171","39554467","44","27888528"
"chr1","11668489","11668797","chr12","21812997","21813292","52","10144508"
"chr1","11729912","11730207","chr9","94919935","94920225","37","83190023"
"chr1","11740118","11740399","chr1","23083897","23084189","37","11343779"
"chr1","11770853","11771135","chr5","54654019","54654302","36","42883166"
"chr1","11801534","11801846","chr1","22955832","22956145","39","11154298"
"chr1","11810417","11810715","chr1","8634922","8635216","24","3175495"
"chr1","11821925","11822043","chr9","45575153","45575275","18","33753228"
"chr1","11893258","11893334","chr8","126093872","126093963","32","114200614"
"chr1","11926669","11926973","chr12","52850616","52850925","38","40923947"
"chr1","11933348","11933642","chr20","36320473","36320769","31","24387125"
"chr1","11986742","11987046","chr1","132554974","132555276","32","120568232"
"chr1","11988813","11989121","chr17","24583359","24583669","46","12594546"
"chr1","12013385","12013697","chr1","191149848","191150155","36","179136463"
"chr1","12086579","12086869","chr3","144880561","144880847","46","132793982"
"chr1","12166620","12166919","chr1","9010315","9010633","44","3156305"
"chr1","12184881","12185186","chr20","35582405","35582711","36","23397524"
"chr1","12319897","12320211","chr3","53283944","53284251","37","40964047"
"chr1","12338152","12338440","chr1","95437365","95437651","38","83099213"
"chr1","12372283","12372574","chr1","840406","840700","35","11531877"
"chr1","12390002","12390114","chr2B","66491327","66491448","17","54101325"
"chr1","12395435","12395588","chr3","198623790","198623952","31","186228355"
"chr1","12537446","12537748","chr10","131944265","131944557","57","119406819"
"chr1","12558220","12558503","chr9","114512348","114512618","39","101954128"
"chr1","12566602","12566890","chr15","48096690","48096980","37","35530088"
"chr1","12665495","12665806","chr1","9508258","9508576","33","3157237"
"chr1","12799029","12799328","chr2A","519286","519588","33","12279743"
"chr1","12799389","12799681","chr2A","106779890","106780179","37","93980501"
"chr1","12815663","12815948","chr1","66580123","66580404","45","53764460"
"chr1","12846055","12846366","chr2A","10355583","10355893","40","2490472"
"chr1","12856753","12857060","chr1","9692586","9692890","21","3164167"
"chr1","12960585","12960891","chr9","70252230","70252529","46","57291645"
"chr1","12989391","12989680","chr1","216079505","216079791","46","203090114"
"chr1","13018874","13019060","chr1","1885576","1885759","34","11133298"
"chr1","13031854","13032157","chr3","135591702","135592003","31","122559848"
"chr1","13093889","13094166","chr3","144880561","144880847","54","131786672"
"chr1","13111841","13112141","chr1","194446199","194446496","41","181334358"
"chr1","13120360","13120639","chr7","55894080","55894358","49","42773720"
"chr1","13227880","13228180","chr2A","51304277","51304576","42","38076397"
"chr1","13243340","13243613","chrX","134562038","134562303","39","121318698"
"chr1","13249860","13250160","chr5","51774532","51774825","47","38524672"
"chr1","13258736","13258998","chr12","76915481","76915745","53","63656745"
"chr1","13283195","13283483","chrX","8722882","8723181","49","4560313"
"chr1","13432386","13432653","chr13","42491879","42492161","47","29059493"
"chr1","13456408","13456702","chr1","10334930","10335223","22","3121478"
"chr1","13667622","13667917","chr4","40078992","40079285","27","26411370"
"chr1","13739257","13739531","chr8","67172779","67173059","50","53433522"
"chr1","13814123","13814422","chr1","10694434","10694739","33","3119689"
"chr1","13851599","13851926","chr1","10729466","10729780","27","3122133"
"chr1","13885045","13885363","chr1","100887646","100887952","41","87002601"
"chr1","13892203","13892501","chr1","10752983","10753279","18","3139220"
"chr1","13930959","13931277","chr2A","10355583","10355893","36","3575376"
"chr1","13968102","13968416","chr9","74575275","74575588","43","60607173"
"chr1","13977899","13978201","chr1","10843872","10844174","29","3134027"
"chr1","13979512","13979656","chr14","44685173","44685313","23","30705661"
"chr1","14002193","14002464","chr1","222126053","222126337","41","208123860"
"chr1","14024364","14024669","chr1","10898344","10898636","35","3126020"
"chr1","14045570","14045871","chr1","10920201","10920496","28","3125369"
"chr1","14078068","14078366","chr3","74154239","74154539","37","60076171"
"chr1","14103700","14104000","chr1","10975342","10975636","37","3128358"
"chr1","14450703","14451017","chr20","35582405","35582711","36","21131702"
"chr1","14464911","14465223","chr15","67619999","67620309","34","53155088"
"chr1","14490232","14490546","chr17","38608208","38608518","41","24117976"
"chr1","14511991","14512250","chr3","67751426","67751684","49","53239435"
"chr1","14542591","14542884","chr10","117071045","117071342","33","102528454"
"chr1","14569917","14570220","chr1","11464495","11464802","30","3105422"
"chr1","14643894","14644205","chr2B","72409719","72410029","39","57765825"
"chr1","14651075","14651366","chr13","34006475","34006766","38","19355400"
"chr1","14655951","14656267","chr15","67619999","67620309","52","52964048"
"chr1","14826845","14827067","chr2A","93206573","93206791","48","78379728"
"chr1","14890869","14890957","chr1","107670400","107670487","12","92779531"
"chr1","15035969","15036294","chr3","2931636","2931947","54","12104333"
"chr1","15092964","15093266","chr4","198798700","198799005","35","183705736"
"chr1","15236815","15237110","chr16","12186594","12186889","37","3050221"
"chr1","15260385","15260484","chr22","14448696","14448798","16","811689"
"chr1","15559528","15559823","chrX","101131513","101131799","40","85571985"
"chr1","15724444","15724749","chr5","40668482","40668789","44","24944038"
"chr1","15730730","15731035","chr5","40668482","40668789","44","24937752"
"chr1","15755476","15755768","chr7","132389917","132390213","46","116634441"
"chr1","15796094","15796399","chr7","72899498","72899802","45","57103404"
"chr1","15823998","15824317","chr17","9558423","9558728","50","6265575"
"chr1","15907465","15907761","chr7","129287081","129287379","36","113379616"
"chr1","16033122","16033400","chr1","13563609","13563887","27","2469513"
"chr1","16034915","16035234","chr17","79404094","79404401","41","63369179"
"chr1","16053014","16053323","chr1","13582785","13583095","26","2470229"
"chr1","16064432","16064744","chr2A","10355583","10355893","39","5708849"
"chr1","16077294","16077603","chr5","46820864","46821176","40","30743570"
"chr1","16089373","16089669","chr5","16280399","16280695","28","191026"
"chr1","16169743","16170050","chr1","130106457","130106756","41","113936714"
"chr1","16263821","16264115","chr2B","125039405","125039704","28","108775584"
"chr1","16595863","16596188","chr5","122754277","122754599","57","106158414"
"chr1","16635993","16636305","chr1","191149848","191150155","35","174513855"
"chr1","16699922","16700219","chrX","36406749","36407049","37","19706827"
"chr1","16711133","16711296","chr1","14249496","14249656","19","2461637"
"chr1","16864866","16865107","chr7","67081453","67081694","39","50216587"
"chr1","17078893","17079192","chr1","14617399","14617700","32","2461494"
"chr1","17088892","17089243","chr3","22047910","22048257","64","4959018"
"chr1","17164648","17164947","chr1","14701320","14701619","31","2463328"
"chr1","17183718","17184033","chr10","118065990","118066302","56","100882272"
"chr1","17233257","17233571","chr22","22301801","22302112","30","5068544"
"chr1","17392741","17393052","chr1","191149848","191150155","38","173757107"
"chr1","17449478","17449790","chr15","67619999","67620309","48","50170521"
"chr1","17519420","17519721","chr19","33970963","33971252","41","16451543"
"chr1","17601718","17602024","chr3","57744243","57744548","36","40142525"
"chr1","17603630","17603929","chr1","15137191","15137502","36","2466439"
"chr1","17724099","17724413","chr1","22955832","22956145","38","5231733"
"chr1","17870862","17871181","chr14","23916952","23917265","42","6046090"
"chr1","17964876","17965194","chr16","40670613","40670927","41","22705737"
"chr1","18008480","18008783","chr1","58428176","58428483","43","40419696"
"chr1","18013377","18013646","chr19","10545129","10545406","56","7468248"
"chr1","18039274","18039550","chr16","2106237","2106507","41","15933037"
"chr1","18047209","18047525","chr17","8465111","8465410","45","9582098"
"chr1","18067448","18067715","chr1","24189834","24190118","47","6122386"
"chr1","18129346","18129598","chr14","6124908","6125162","39","12004438"
"chr1","18146537","18146842","chr22","26552133","26552442","41","8405596"
"chr1","18150189","18150481","chr17","62637737","62638033","35","44487548"
"chr1","18161257","18161551","chr17","9644327","9644622","33","8516930"
"chr1","18162767","18163059","chr16","57514265","57514560","45","39351498"
"chr1","18226179","18226240","chr1","15731034","15731090","8","2495145"
"chr1","18237667","18237960","chr10","111057945","111058242","43","92820278"
"chr1","18263383","18263700","chr5","15352472","15352776","49","2910911"
"chr1","18284136","18284436","chr8","77189674","77189971","44","58905538"
"chr1","18361726","18361950","chr1","10834504","10834743","51","7527222"
"chr1","18468015","18468351","chr3","2931636","2931947","60","15536379"
"chr1","18549275","18549608","chr9","66477747","66478075","54","47928472"
"chr1","18576394","18576708","chr1","100887646","100887952","37","82311252"
"chr1","18719296","18719608","chr17","38608208","38608518","38","19888912"
"chr1","18789550","18789836","chr4","87439409","87439700","46","68649859"
"chr1","18846781","18846996","chr3","48903530","48903745","32","30056749"
"chr1","18849732","18850029","chr17","81504650","81504947","40","62654918"
"chr1","18853147","18853426","chr8","130516313","130516591","40","111663166"
"chr1","18867061","18867373","chr5","162326402","162326716","42","143459341"
"chr1","18878216","18878510","chr2B","99512257","99512553","39","80634041"
"chr1","19178050","19178342","chr13","27699295","27699595","41","8521245"
"chr1","19271305","19271601","chr5","5487375","5487672","51","13783930"
"chr1","19403178","19403441","chrX","134562038","134562303","35","115158860"
"chr1","19534708","19534997","chr2B","124930134","124930424","37","105395426"
"chr1","19655253","19655589","chr5","8586547","8586874","60","11068706"
"chr1","19656160","19656449","chr1","17220572","17220861","16","2435588"
"chr1","19671870","19672158","chr1","17239650","17239943","23","2432220"
"chr1","19726588","19726888","chr1","17294822","17295124","24","2431766"
"chr1","19741535","19741846","chr1","17314806","17315107","30","2426729"
"chr1","19754552","19754844","chr1","144529989","144530282","37","124775437"
"chr1","19767960","19768268","chr17","79404094","79404401","39","59636134"
"chr1","19771571","19771859","chr3","143032392","143032681","48","123260821"
"chr1","19880053","19880351","chr1","17435492","17435794","24","2444561"
"chr1","20030114","20030420","chr3","53283944","53284251","43","33253830"
"chr1","20159369","20159591","chrX","29661198","29661425","33","9501829"
"chr1","20317702","20318020","chr1","205194362","205194670","44","184876660"
"chr1","20838314","20838624","chr20","35582405","35582711","44","14744091"
"chr1","20898402","20898700","chrX","97594986","97595289","33","76696584"
"chr1","21310705","21311006","chr4","38387917","38388218","45","17077212"
"chr1","21435011","21435320","chr7","101971662","101971964","41","80536651"
"chr1","21496399","21496695","chr5","33727432","33727720","46","12231033"
"chr1","21538757","21539048","chr6","38658958","38659251","35","17120201"
"chr1","21592829","21593123","chr1","194446199","194446496","42","172853370"
"chr1","21694098","21694413","chr6","27967006","27967303","55","6272908"
"chr1","21832297","21832437","chr3","190148538","190148676","21","168316241"
"chr1","21849521","21849826","chrX","41271607","41271912","41","19422086"
"chr1","21954479","21954772","chr3","156158083","156158375","35","134203604"
"chr1","21991027","21991163","chr1","19586121","19586260","18","2404906"
"chr1","22033679","22033979","chr5","24415712","24416011","34","2382033"
"chr1","22066626","22066951","chr12","37010435","37010746","86","14943809"
"chr1","22066955","22067267","chr6","32378353","32378664","37","10311398"
"chr1","22133450","22133739","chr1","144529989","144530282","31","122396539"
"chr1","22146181","22146479","chr3","196115415","196115713","36","173969234"
"chr1","22244760","22245060","chr16","12186594","12186889","40","10058166"
"chr1","22439593","22439881","chr7","154438682","154438977","41","131999089"
"chr1","22654816","22655124","chr1","20263423","20263726","38","2391393"
"chr1","22819538","22819832","chr1","185054973","185055268","34","162235435"
"chr1","22922340","22922649","chr5","13160492","13160798","38","9761848"
"chr1","23033949","23034260","chr22","15277783","15278092","37","7756166"
"chr1","23070355","23070534","chr7","41261335","41261509","39","18190980"
"chr1","23145853","23146160","chr14","89567587","89567900","50","66421734"
"chr1","23289887","23290193","chr9","11641215","11641514","38","11648672"
"chr1","23401806","23402086","chr9","16046919","16047196","53","7354887"
"chr1","23468962","23469264","chrX","97594986","97595289","38","74126024"
"chr1","23497998","23498302","chr22","27755403","27755700","37","4257405"
"chr1","23508535","23508869","chr10","36940510","36940825","54","13431975"
"chr1","23643898","23644201","chr1","21262166","21262476","31","2381732"
"chr1","23710881","23711183","chr10","140604064","140604370","29","116893183"
"chr1","23771441","23771735","chr17","62637737","62638033","44","38866296"
"chr1","23858909","23859220","chr2A","10355583","10355893","37","13503326"
"chr1","23955837","23955871","chr18","56150677","56150711","13","32194840"
"chr1","24016534","24016830","chr1","21753679","21753978","28","2262855"
"chr1","24061452","24061749","chr1","40476156","40476452","35","16414704"
"chr1","24098657","24098960","chr1","21834202","21834505","32","2264455"
"chr1","24107600","24107912","chr1","21844037","21844341","34","2263563"
"chr1","24134894","24135205","chr1","21869855","21870167","35","2265039"
"chr1","24174382","24174683","chr9","67126783","67127082","45","42952401"
"chr1","24228819","24228990","chr4","81515226","81515394","20","57286407"
"chr1","24230433","24230734","chr6","35622489","35622796","37","11392056"
"chr1","24231621","24231928","chr14","77304145","77304459","38","53072524"
"chr1","24260180","24260477","chr11","82956585","82956882","49","58696405"
"chr1","24271170","24271475","chr2A","63373637","63373940","33","39102467"
"chr1","24428854","24429159","chr1","100887646","100887952","33","76458792"
"chr1","24552383","24552675","chr13","33361251","33361548","40","8808868"
"chr1","24640697","24640993","chr1","22411410","22411704","38","2229287"
"chr1","24650065","24650377","chr2A","10355583","10355893","36","14294482"
"chr1","24659143","24659435","chr7","154438682","154438977","41","129779539"
"chr1","24660589","24660896","chr17","8465111","8465410","41","16195478"
"chr1","25095626","25095947","chr5","162326402","162326716","41","137230776"
"chr1","25164019","25164314","chr1","43904861","43905158","33","18740842"
"chr1","25207319","25207653","chr18","7328644","7328966","58","17878675"
"chr1","25211107","25211389","chr21","17637641","17637925","39","7573466"
"chr1","25216653","25216945","chr1","23019139","23019437","32","2197514"
"chr1","25336870","25337174","chr9","13538017","13538324","43","11798853"
"chr1","25352257","25352548","chr1","23162918","23163216","35","2189339"
"chr1","25355617","25355778","chr3","32744067","32744225","23","7388450"
"chr1","25390871","25391201","chr5","3559884","3560213","52","21830987"
"chr1","25407875","25408145","chr6","151766509","151766786","55","126358634"
"chr1","25470373","25470672","chr5","36374695","36374994","30","10904322"
"chr1","25544018","25544328","chr9","77381495","77381803","41","51837477"
"chr1","25544514","25544795","chr13","42491879","42492161","34","16947365"
"chr1","25735321","25735624","chr15","42141648","42141949","39","16406327"
"chr1","25814385","25814687","chr1","23621262","23621562","29","2193123"
"chr1","25843658","25843970","chr7","127657301","127657615","33","101813643"
"chr1","25900089","25900404","chr1","157796244","157796556","37","131896155"
"chr1","25906833","25906996","chr2A","2066051","2066220","24","23840782"
"chr1","25947306","25947599","chr1","23753669","23753962","20","2193637"
"chr1","26055537","26055714","chr6","141107307","141107479","33","115051770"
"chr1","26066290","26066589","chr1","71295938","71296237","37","45229648"
"chr1","26097783","26098090","chr7","64373628","64373941","52","38275845"
"chr1","26114779","26115084","chr4","198798700","198799005","35","172683921"
"chr1","26115640","26115950","chr3","2931636","2931947","35","23184004"
"chr1","26155563","26155867","chr1","23950037","23950338","18","2205526"
"chr1","26174932","26175225","chr5","35877143","35877438","45","9702211"
"chr1","26221312","26221611","chr5","160987933","160988228","36","134766621"
"chr1","26267439","26267489","chr4","194533651","194533697","8","168266212"
"chr1","26267961","26268202","chr4","38760537","38760771","46","12492576"
"chr1","26279634","26279962","chr22","24992736","24993063","67","1286898"
"chr1","26280028","26280312","chr19","52418058","52418354","66","26138030"
"chr1","26390006","26390308","chr1","24189834","24190118","34","2200172"
"chr1","26411343","26411660","chr7","76735395","76735710","39","50324052"
"chr1","26427774","26428083","chr1","24228039","24228349","23","2199735"
"chr1","26537036","26537250","chr1","180285522","180285755","47","153748486"
"chr1","26537362","26537447","chr5","16882426","16882524","31","9654936"
"chr1","26663291","26663597","chr10","136556545","136556854","30","109893254"
"chr1","26708917","26709227","chr9","12380690","12381000","42","14328227"
"chr1","26736637","26736951","chr7","80058785","80059098","38","53322148"
"chr1","26831234","26831545","chr1","24624462","24624771","37","2206772"
"chr1","26933818","26934135","chr1","24726177","24726478","41","2207641"
"chr1","27316349","27316653","chr5","115790615","115790914","48","88474266"
"chr1","27508960","27509141","chr8","128593356","128593540","37","101084396"
"chr1","27509391","27509456","chr7","140409397","140409463","34","112900006"
"chr1","27518671","27518988","chr1","25439191","25439483","49","2079480"
"chr1","27595123","27595417","chr1","25513043","25513335","23","2082080"
"chr1","27609128","27609450","chr2A","81177924","81178240","47","53568796"
"chr1","27752612","27752916","chr6","3803168","3803477","42","23949444"
"chr1","27861144","27861442","chr9","67126783","67127082","32","39265639"
"chr1","27878493","27878799","chr14","22610112","22610417","31","5268381"
"chr1","27955667","27955973","chr2A","83657439","83657747","38","55701772"
"chr1","28069794","28070061","chr7","105061299","105061571","51","76991505"
"chr1","28213422","28213638","chr22","19333163","19333397","50","8880259"
"chr1","28213846","28214159","chr10","118065990","118066302","41","89852144"
"chr1","28216505","28216816","chr2B","126659408","126659716","34","98442903"
"chr1","28322649","28322935","chr19","14027232","14027520","31","14295417"
"chr1","28479722","28480029","chr2B","66922159","66922465","37","38442437"
"chr1","28498871","28499158","chr5","74022551","74022841","44","45523680"
"chr1","28511084","28511379","chr17","81504650","81504947","32","52993566"
"chr1","28554631","28554941","chr2A","21134848","21135157","38","7419783"
"chr1","28563844","28564134","chr6","113157764","113158063","43","84593920"
"chr1","28565467","28565768","chr1","26503327","26503632","39","2062140"
"chr1","28634014","28634320","chr1","26581131","26581425","36","2052883"
"chr1","28684234","28684527","chr1","41763043","41763338","37","13078809"
"chr1","28769266","28769560","chr12","117088484","117088786","46","88319218"
"chr1","28992430","28992717","chr19","2691420","2691706","40","26301010"
"chr1","29093446","29093736","chr17","9644327","9644622","28","19449119"
"chr1","29117550","29117831","chrX","108626661","108626941","29","79509111"
"chr1","29121196","29121508","chr3","200810389","200810699","36","171689193"
"chr1","29133704","29134003","chr1","27057314","27057597","35","2076390"
"chr1","29165011","29165292","chrX","36693904","36694182","39","7528893"
"chr1","29175624","29175880","chr14","6124908","6125162","39","23050716"
"chr1","29188069","29188334","chr7","129430880","129431159","52","100242811"
"chr1","29213957","29214272","chr1","27138334","27138648","31","2075623"
"chr1","29218376","29218689","chr7","127657301","127657615","41","98438925"
"chr1","29269686","29269996","chr13","55838775","55839085","35","26569089"
"chr1","29278423","29278729","chr6","37682797","37683102","39","8404374"
"chr1","29320014","29320300","chr19","33970963","33971252","35","4650949"
"chr1","29347674","29347977","chr5","115780222","115780526","47","86432548"
"chr1","29355892","29356200","chr1","27274627","27274933","33","2081265"
"chr1","29419364","29419668","chr17","31592749","31593051","35","2173385"
"chr1","29431092","29431400","chr9","74575275","74575588","40","45144183"
"chr1","29570215","29570543","chr14","23916952","23917265","57","5653263"
"chr1","29571000","29571304","chr4","199434090","199434392","45","169863090"
"chr1","29581190","29581495","chr1","27510132","27510429","38","2071058"
"chr1","29582899","29583218","chr1","27511879","27512199","33","2071020"
"chr1","29636024","29636318","chr17","8465111","8465410","38","21170913"
"chr1","29663423","29663738","chr5","40668482","40668789","47","11005059"
"chr1","29849114","29849416","chr1","27767540","27767838","30","2081574"
"chr1","29919950","29920243","chr9","12719252","12719556","48","17200698"
"chr1","29925886","29926167","chr14","77263236","77263529","66","47337350"
"chr1","29937101","29937394","chr15","19079066","19079339","59","10858035"
"chr1","29947749","29948045","chr1","194446199","194446496","35","164498450"
"chr1","30274832","30275112","chr1","28199976","28200262","32","2074856"
"chr1","30334657","30334968","chr15","67619999","67620309","30","37285342"
"chr1","30340434","30340733","chr11","14213433","14213733","31","16127001"
"chr1","30346291","30346584","chr1","28265791","28266094","26","2080500"
"chr1","30365936","30366246","chr1","54620539","54620851","33","24254603"
"chr1","30375034","30375296","chr17","10387569","10387843","37","19987465"
"chr1","30420272","30420582","chr2A","21134848","21135157","31","9285424"
"chr1","30422951","30423196","chr17","4749406","4749632","50","25673545"
"chr1","30476336","30476646","chr10","136766798","136767102","38","106290462"
"chr1","30520359","30520669","chr1","28432340","28432644","22","2088019"
"chr1","30574690","30574936","chr21","24750099","24750349","48","5824591"
"chr1","30587987","30588277","chr11","68121528","68121809","54","37533541"
"chr1","30615340","30615635","chr13","1928890","1929189","33","28686450"
"chr1","30634036","30634350","chr10","36119294","36119606","40","5485258"
"chr1","30701757","30702045","chr11","71255740","71256033","36","40553983"
"chr1","30712970","30713270","chr5","24415712","24416011","35","6297258"
"chr1","30723409","30723565","chr10","124132642","124132793","24","93409233"
"chr1","30748880","30749051","chrX","68153775","68153948","27","37404895"
"chr1","30804434","30804730","chr1","28671061","28671369","42","2133373"
"chr1","30810088","30810183","chr7","76321808","76321911","26","45511720"
"chr1","30810659","30810860","chr20","18379353","18379554","33","12431306"
"chr1","30879547","30879769","chr3","48903530","48903745","34","18023983"
"chr1","30892783","30893015","chr19","20927860","20928076","54","9964923"
"chr1","30911970","30912270","chr1","28783331","28783631","19","2128639"
"chr1","30914820","30915004","chr12","32666140","32666316","43","1751320"
"chr1","30915005","30915317","chr9","98794847","98795160","43","67879842"
"chr1","30928214","30928506","chr5","36374695","36374994","40","5446481"
"chr1","30947814","30948118","chr14","47857829","47858141","37","16910015"
"chr1","30959933","30960227","chr5","137760043","137760333","33","106800110"
"chr1","30967699","30968016","chr5","22049247","22049559","51","8918452"
"chr1","30972009","30972312","chr17","8465111","8465410","32","22506898"
"chr1","31144593","31144901","chr1","29017804","29018117","29","2126789"
"chr1","31207446","31207737","chr1","29090290","29090597","41","2117156"
"chr1","31235879","31236188","chr1","100887646","100887952","41","69651767"
"chr1","31259638","31259883","chr22","19333163","19333397","38","11926475"
"chr1","31356878","31357190","chr7","134871506","134871819","50","103514628"
"chr1","31367755","31368056","chr15","48584885","48585184","33","17217130"
"chr1","31379359","31379672","chr2A","21134848","21135157","44","10244511"
"chr1","31384761","31384889","chr13","1465874","1466004","17","29918887"
"chr1","31395546","31395858","chr7","134871506","134871819","36","103475960"
"chr1","31531138","31531427","chr1","29407193","29407484","28","2123945"
"chr1","31550907","31551205","chr15","52874335","52874637","36","21323428"
"chr1","31838480","31838789","chr2A","106426030","106426339","40","74587550"
"chr1","31909288","31909601","chr1","29813541","29813852","38","2095747"
"chr1","32311571","32311882","chr1","30193802","30194114","28","2117769"
"chr1","32460035","32460343","chr1","30349773","30350080","29","2110262"
"chr1","32607522","32607694","chr4","39774934","39775110","42","7167412"
"chr1","32792300","32792608","chr6","35622489","35622796","41","2830189"
"chr1","32997977","32998242","chr1","224235364","224235639","41","191237387"
"chr1","33034835","33035146","chr15","67619999","67620309","43","34585164"
"chr1","33035165","33035467","chr20","35582405","35582711","34","2547240"
"chr1","33208707","33209008","chr21","34822190","34822488","52","1613483"
"chr1","33286385","33286609","chrX","9676289","9676520","52","23610096"
"chr1","33313776","33314068","chr5","36374695","36374994","44","3060919"
"chr1","33322920","33323232","chr2A","10355583","10355893","41","22967337"
"chr1","33341457","33341758","chr1","31246323","31246628","28","2095134"
"chr1","33350286","33350595","chr14","77304145","77304459","48","43953859"
"chr1","33352735","33353051","chr1","45157923","45158217","61","11805188"
"chr1","33361541","33361840","chr1","31267314","31267622","29","2094227"
"chr1","33377442","33377753","chr5","15352472","15352776","36","18024970"
"chr1","33392795","33393086","chr3","186504136","186504430","38","153111341"
"chr1","33433238","33433548","chr10","136766798","136767102","34","103333560"
"chr1","33461469","33461782","chr12","127194963","127195276","37","93733494"
"chr1","33490356","33490593","chr2A","13465541","13465765","37","20024815"
"chr1","33503376","33503670","chr1","31409949","31410230","28","2093427"
"chr1","33546599","33546895","chr3","113969292","113969585","36","80422693"
"chr1","33620430","33620728","chr1","31528640","31528942","25","2091790"
"chr1","33629247","33629547","chr1","144529989","144530282","36","110900742"
"chr1","33716633","33716924","chr1","31644151","31644442","27","2072482"
"chr1","33732481","33732777","chr13","33361251","33361548","36","371230"
"chr1","33738798","33739108","chr1","31656307","31656617","26","2082491"
"chr1","33925965","33926287","chr15","67619999","67620309","40","33694034"
"chr1","34028629","34028938","chr1","31986631","31986926","47","2041998"
"chr1","34052452","34052761","chr5","64763044","64763340","39","30710592"
"chr1","34148681","34148988","chr1","32109269","32109576","14","2039412"
"chr1","34187322","34187605","chr4","171953878","171954174","41","137766556"
"chr1","34229017","34229299","chr1","32188304","32188595","26","2040713"
"chr1","34267954","34268252","chr19","17870819","17871115","34","16397135"
"chr1","34297433","34297624","chr12","94763675","94763861","82","60466242"
"chr1","34299376","34299463","chrUn_CABD030133092v1","1","88","16","34299375"
"chr1","34307632","34307935","chrX","119247596","119247903","34","84939964"
"chr1","34318578","34318810","chr7","157972520","157972765","42","123653942"
"chr1","34326620","34326921","chr6","9619085","9619381","37","24707535"
"chr1","34393115","34393416","chr9","67126783","67127082","32","32733668"
"chr1","34556046","34556360","chr1","32520989","32521285","42","2035057"
"chr1","34612814","34613103","chr1","32577695","32577995","34","2035119"
"chr1","34695205","34695498","chr1","32667941","32668230","25","2027264"
"chr1","34721389","34721684","chr3","126817334","126817631","41","92095945"
"chr1","34811357","34811663","chr11","95549087","95549398","39","60737730"
"chr1","34819510","34819798","chr6","169689147","169689442","41","134869637"
"chr1","34865514","34865819","chr10","136766798","136767102","42","101901284"
"chr1","34880929","34881198","chr5","34643092","34643361","49","237837"
"chr1","34920272","34920570","chr9","67126783","67127082","32","32206511"
"chr1","34941071","34941385","chr2A","79839508","79839818","35","44898437"
"chr1","35012388","35012703","chr1","109323755","109324067","40","74311367"
"chr1","35289861","35290160","chr15","67619999","67620309","49","32330138"
"chr1","35383740","35384052","chr1","33406715","33407026","35","1977025"
"chr1","35450888","35451199","chr1","33468831","33469137","33","1982057"
"chr1","35468076","35468372","chr20","30426164","30426464","39","5041912"
"chr1","35480492","35480663","chr1","53417441","53417605","29","17936949"
"chr1","35532425","35532719","chr1","33554034","33554324","34","1978391"
"chr1","35594722","35595034","chr15","42617039","42617348","33","7022317"
"chr1","35597692","35597980","chr7","56535890","56536179","37","20938198"
"chr1","35692511","35692817","chr5","22049247","22049559","37","13643264"
"chr1","35758416","35758706","chr4","155657331","155657621","34","119898915"
"chr1","35814904","35815200","chr13","21291713","21292010","34","14523191"
"chr1","36482292","36482605","chr13","8634043","8634347","44","27848249"
"chr1","36870744","36871058","chr20","35582405","35582711","46","1288339"
"chr1","37168803","37168982","chr6","141107307","141107479","26","103938504"
"chr1","37239320","37239634","chr8","101877602","101877912","44","64638282"
"chr1","37303253","37303564","chr1","191149848","191150155","38","153846595"
"chr1","37348322","37348624","chr1","35407910","35408211","27","1940412"
"chr1","37412329","37412613","chr4","37239708","37239991","49","172621"
"chr1","37461457","37461767","chr19","16040350","16040659","37","21421107"
"chr1","37503917","37504213","chr8","59228894","59229188","40","21724977"
"chr1","37527008","37527314","chr7","140480619","140480924","45","102953611"
"chr1","37565539","37565847","chr18","11512850","11513160","41","26052689"
"chr1","37656681","37656991","chr17","79404094","79404401","44","41747413"
"chr1","37733592","37733903","chr1","35794638","35794939","32","1938954"
"chr1","37847032","37847316","chr20","44489089","44489370","48","6642057"
"chr1","37886890","37887158","chr2A","68540756","68541034","51","30653866"
"chr1","37927817","37928134","chr19","11391021","11391337","45","26536796"
"chr1","37946283","37946580","chr10","16102299","16102594","32","21843984"
"chr1","38027868","38028165","chr16","12186594","12186889","36","25841274"
"chr1","38089575","38089888","chrX","134880203","134880513","38","96790628"
"chr1","38133242","38133535","chr1","36184591","36184878","27","1948651"
"chr1","38301921","38302238","chr2B","65741490","65741803","47","27439569"
"chr1","38336707","38336989","chr5","137760043","137760333","33","99423336"
"chr1","38344436","38344737","chr5","15352472","15352776","32","22991964"
"chr1","38390473","38390748","chr2A","1587097","1587372","37","36803376"
"chr1","38466225","38466510","chr1","181950388","181950673","26","143484163"
"chr1","38510878","38511182","chr10","136766798","136767102","42","98255920"
"chr1","38527100","38527373","chrX","97111067","97111349","51","58583967"
"chr1","38544699","38545004","chr5","26969980","26970283","46","11574719"
"chr1","38555147","38555442","chr17","59104636","59104927","41","20549489"
"chr1","38572204","38572511","chrX","133201053","133201355","37","94628849"
"chr1","38755460","38755757","chr3","172385433","172385736","32","133629973"
"chr1","38767753","38768047","chr12","59907829","59908121","34","21140076"
"chr1","38876603","38876912","chr22","23956033","23956352","52","14920570"
"chr1","39539272","39539574","chr14","56751905","56752203","34","17212633"
"chr1","39627340","39627648","chr2B","111036318","111036618","50","71408978"
"chr1","39794428","39794713","chr1","37855279","37855579","35","1939149"
"chr1","39816891","39817180","chr9","118968461","118968747","40","79151570"
"chr1","39831578","39831851","chr9","70293136","70293417","53","30461558"
"chr1","39957785","39957994","chr1","216931005","216931213","29","176973220"
"chr1","39986085","39986362","chr1","38042160","38042440","19","1943925"
"chr1","40112101","40112395","chrX","40197721","40198013","31","85620"
"chr1","40135712","40136013","chr1","38185084","38185386","14","1950628"
"chr1","40143446","40143697","chr7","140147816","140148083","52","100004370"
"chr1","40202646","40202910","chr12","131788345","131788608","39","91585699"
"chr1","40312509","40312814","chr10","140604064","140604370","37","100291555"
"chr1","40358757","40359065","chr9","77381495","77381803","44","37022738"
"chr1","40397648","40397948","chr1","38451526","38451829","27","1946122"
"chr1","40461969","40462247","chrX","54483388","54483667","41","14021419"
"chr1","40614162","40614457","chr10","37905044","37905340","50","2709118"
"chr1","40910340","40910650","chr3","2931636","2931947","35","37978704"
"chr1","41010985","41011289","chr3","3628864","3629165","42","37382121"
"chr1","41036433","41036740","chr1","39131230","39131537","29","1905203"
"chr1","41104943","41105269","chr5","121627382","121627706","50","80522439"
"chr1","41123772","41124071","chr11","128953629","128953926","34","87829857"
"chr1","41155826","41156116","chr9","79965468","79965758","31","38809642"
"chr1","41215491","41215790","chr3","103740201","103740497","35","62524710"
"chr1","41217665","41217981","chr20","44647537","44647849","50","3429872"
"chr1","41235431","41235743","chr5","46820864","46821176","39","5585433"
"chr1","41300492","41300540","chrX","1473777","1473827","14","39826715"
"chr1","41342453","41342731","chr6","25488443","25488707","47","15854010"
"chr1","41418836","41419120","chr13","1350612","1350896","38","40068224"
"chr1","41435533","41435845","chr14","20972619","20972931","45","20462914"
"chr1","41527661","41527962","chr22","34110688","34110990","32","7416973"
"chr1","41713357","41713670","chr22","20623630","20623939","37","21089727"
"chr1","41728131","41728440","chr12","8706461","8706771","36","33021670"
"chr1","41802732","41803036","chr1","39954046","39954344","30","1848686"
"chr1","41851602","41851756","chr2B","48669941","48670088","24","6818339"
"chr1","41974496","41974809","chr10","115545352","115545667","41","73570856"
"chr1","42054369","42054663","chr1","40234571","40234860","29","1819798"
"chr1","42120703","42121015","chr1","88149023","88149328","47","46028320"
"chr1","42191804","42192104","chr1","40373238","40373550","32","1818566"
"chr1","42274293","42274597","chr1","40459666","40459973","32","1814627"
"chr1","42289881","42290175","chr19","3472325","3472614","50","38817556"
"chr1","42293325","42293636","chr3","193320266","193320578","44","151026941"
"chr1","42387438","42387748","chr11","61980729","61981038","49","19593291"
"chr1","42644073","42644375","chr17","4925082","4925385","35","37718991"
"chr1","42645199","42645509","chr1","40966383","40966697","30","1678816"
"chr1","42670667","42670964","chr8","133920568","133920865","29","91249901"
"chr1","42889251","42889545","chrX","94632736","94633009","53","51743485"
"chr1","42900045","42900342","chr9","67126783","67127082","32","24226738"
"chr1","43046794","43047097","chr4","199024335","199024640","31","155977541"
"chr1","43137457","43137607","chr16","2682092","2682244","21","40455365"
"chr1","43138359","43138662","chr1","41451015","41451316","31","1687344"
"chr1","43269132","43269401","chr7","95098718","95098990","43","51829586"
"chr1","43297246","43297555","chr1","41598264","41598576","32","1698982"
"chr1","43378119","43378422","chr1","41681759","41682070","35","1696360"
"chr1","43390477","43390782","chr22","34538362","34538671","35","8852115"
"chr1","43455145","43455445","chr1","41763043","41763338","23","1692102"
"chr1","43474009","43474251","chr1","41781908","41782147","20","1692101"
"chr1","43474329","43474374","chr18","56150677","56150711","20","12676348"
"chr1","43701426","43701704","chr1","31409949","31410230","48","12291477"
"chr1","43770082","43770367","chr3","144880561","144880847","50","101110479"
"chr1","43812337","43812649","chr17","3565158","3565470","49","40247179"
"chr1","44392116","44392412","chr9","114285913","114286219","49","69893797"
"chr1","44466092","44466396","chr19","47859775","47860075","38","3393683"
"chr1","44521994","44522306","chr1","42870112","42870422","25","1651882"
"chr1","44528700","44528987","chr1","42876878","42877163","18","1651822"
"chr1","44656892","44657202","chr7","72899498","72899802","41","28242606"
"chr1","44814308","44814601","chr1","43177069","43177374","28","1637239"
"chr1","44922831","44923102","chr1","43285936","43286205","16","1636895"
"chr1","45083893","45084173","chr7","106866736","106867026","41","61782843"
"chr1","45084772","45085084","chr7","52058550","52058861","44","6973778"
"chr1","45129787","45130099","chr4","198295008","198295316","35","153165221"
"chr1","45139071","45139365","chr1","27021093","27021389","38","18117978"
"chr1","45139368","45139677","chr1","43485773","43486076","38","1653595"
"chr1","45157919","45158212","chr20","13778704","13778989","63","31379215"
"chr1","45162539","45162831","chr19","33970963","33971252","36","11191576"
"chr1","45231151","45231360","chr16","2157593","2157803","50","43073558"
"chr1","45243103","45243407","chr1","27021093","27021389","40","18222010"
"chr1","45574651","45574970","chr15","69276871","69277183","47","23702220"
"chr1","45690301","45690603","chr1","100887646","100887952","42","55197345"
"chr1","45809049","45809362","chr2A","103881939","103882244","41","58072890"
"chr1","45939464","45939770","chr5","162326402","162326716","41","116386938"
"chr1","45939923","45940237","chr17","38608208","38608518","34","7331715"
"chr1","46023396","46023695","chr3","24226115","24226415","37","21797281"
"chr1","46150013","46150319","chr15","69276871","69277183","44","23126858"
"chr1","46229052","46229360","chr6","17608929","17609236","43","28620123"
"chr1","46230293","46230515","chr5","3301299","3301508","41","42928994"
"chr1","46394625","46394935","chr4","106451241","106451549","36","60056616"
"chr1","46403566","46403864","chr4","116388198","116388503","39","69984632"
"chr1","46411250","46411558","chr19","35264399","35264701","38","11146851"
"chr1","46477160","46477472","chr15","43144426","43144738","44","3332734"
"chr1","46497656","46497965","chr8","145823123","145823430","48","99325467"
"chr1","46902139","46902453","chr2B","95168475","95168788","35","48266336"
"chr1","46977448","46977740","chr5","64763044","64763340","36","17785596"
"chr1","47029244","47029528","chr3","23553039","23553323","50","23476205"
"chr1","47071644","47071950","chr1","45280331","45280633","36","1791313"
"chr1","47087853","47088149","chr3","98454871","98455168","42","51367018"
"chr1","47140921","47141208","chr9","94919935","94920225","35","47779014"
"chr1","47164050","47164343","chr1","45367326","45367619","30","1796724"
"chr1","47227193","47227475","chr13","14889607","14889891","33","32337586"
"chr1","47253483","47253793","chr20","35582405","35582711","35","11671078"
"chr1","47282575","47282863","chr3","186504136","186504430","32","139221561"
"chr1","47438625","47438891","chr5","51774532","51774825","56","4335907"
"chr1","47552871","47553175","chr2A","45126237","45126533","36","2426634"
"chr1","47598300","47598565","chr12","131788345","131788608","46","84190045"
"chr1","47688760","47689035","chr17","10387569","10387843","41","37301191"
"chr1","47699017","47699335","chr1","183273421","183273733","49","135574404"
"chr1","47748079","47748177","chrX","31088971","31089069","14","16659108"
"chr1","47761303","47761596","chr5","156184518","156184813","39","108423215"
"chr1","47807321","47807644","chr1","46153241","46153566","27","1654080"
"chr1","47924558","47924869","chr9","59842059","59842366","38","11917501"
"chr1","47946709","47947013","chr7","134871506","134871819","58","86924797"
"chr1","48249885","48250205","chr12","127675606","127675919","58","79425721"
"chr1","48313158","48313462","chr10","27438028","27438332","33","20875130"
"chr1","48363162","48363476","chr9","32689013","32689326","37","15674149"
"chr1","48368549","48368840","chr1","46682996","46683275","48","1685553"
"chr1","48453494","48453800","chrX","82828100","82828413","34","34374606"
"chr1","48484015","48484317","chr13","31400119","31400418","40","17083896"
"chr1","48501679","48501978","chr1","46826086","46826382","22","1675593"
"chr1","48599452","48599516","chr5","33177321","33177383","13","15422131"
"chr1","48605621","48605934","chr6","169689147","169689442","53","121083526"
"chr1","48669007","48669320","chr7","18509561","18509873","39","30159446"
"chr1","48904344","48904644","chr2B","131682097","131682398","62","82777753"
"chr1","49062314","49062591","chr1","154799917","154800192","48","105737603"
"chr1","49141625","49141920","chrX","18796354","18796648","31","30345271"
"chr1","49218164","49218477","chr5","25211209","25211524","40","24006955"
"chr1","49340999","49341315","chr1","30193802","30194114","47","19147197"
"chr1","49349969","49350151","chr1","47783517","47783698","19","1566452"
"chr1","49424888","49425207","chr2A","21134848","21135157","41","28290040"
"chr1","49460443","49460753","chr3","50925441","50925752","36","1464998"
"chr1","49511714","49511913","chr9","106161369","106161567","33","56649655"
"chr1","50147710","50148004","chr1","48599619","48599915","25","1548091"
"chr1","50338148","50338461","chr6","35622489","35622796","45","14715659"
"chr1","50652210","50652455","chr4","39582201","39582448","52","11070009"
"chr1","50773549","50773722","chr15","33698338","33698507","28","17075211"
"chr1","50851872","50852199","chr17","5457212","5457533","45","45394660"
"chr1","51604166","51604424","chr12","131788345","131788608","55","80184179"
"chr1","52086343","52086641","chrX","41587872","41588178","50","10498471"
"chr1","52354096","52354392","chr20","35582405","35582711","41","16771691"
"chr1","52800077","52800372","chr5","160987933","160988228","39","108187856"
"chr1","52874707","52874982","chr2A","1587097","1587372","34","51287610"
"chr1","52881395","52881719","chr5","604211","604536","60","52277184"
"chr1","53029751","53030029","chr5","164937765","164938039","40","111908014"
"chr1","53137474","53137804","chr1","51525684","51525999","47","1611790"
"chr1","53196463","53196731","chr1","51589309","51589572","27","1607154"
"chr1","53221254","53221542","chr21","23838552","23838840","40","29382702"
"chr1","53360265","53360552","chr3","161372248","161372536","36","108011983"
"chr1","53373126","53373435","chr1","51770186","51770487","31","1602940"
"chr1","53388661","53388967","chr1","135335882","135336186","37","81947221"
"chr1","53529336","53529648","chr2B","125039405","125039704","54","71510069"
"chr1","53571993","53572306","chr1","51985183","51985483","35","1586810"
"chr1","53581783","53582098","chr1","51993986","51994290","39","1587797"
"chr1","53661681","53661987","chr5","82014241","82014539","47","28352560"
"chr1","53676233","53676541","chr5","5487375","5487672","44","48188858"
"chr1","53676654","53676967","chr5","22049247","22049559","43","31627407"
"chr1","53678911","53679211","chr1","35990880","35991182","47","17688031"
"chr1","53784750","53785046","chr6","125884319","125884615","33","72099569"
"chr1","53813426","53813717","chr9","32689013","32689326","51","21124413"
"chr1","53896349","53896666","chr2A","59985648","59985942","52","6089299"
"chr1","54200844","54201151","chr20","55450421","55450733","44","1249577"
"chr1","54272478","54272753","chr21","34811777","34812045","55","19460701"
"chr1","54278620","54278917","chr5","120582513","120582809","43","66303893"
"chr1","54301860","54302155","chr5","58032088","58032384","32","3730228"
"chr1","54323024","54323302","chrX","97111067","97111349","34","42788043"
"chr1","54338305","54338594","chr14","79505042","79505331","34","25166737"
"chr1","54359235","54359540","chr1","52777578","52777908","54","1581657"
"chr1","54368770","54369072","chr12","8893890","8894193","35","45474880"
"chr1","54375971","54376238","chr18","42996273","42996545","39","11379698"
"chr1","54420365","54420680","chr7","134871506","134871819","36","80451141"
"chr1","54429214","54429505","chr8","131497311","131497601","55","77068097"
"chr1","54447292","54447592","chr1","52864250","52864559","26","1583042"
"chr1","54570764","54571031","chr12","34416561","34416833","52","20154203"
"chr1","54621856","54622156","chr10","136766798","136767102","37","82144942"
"chr1","54703782","54704047","chrX","94632736","94633009","41","39928954"
"chr1","54715266","54715552","chr1","23083897","23084189","48","31631369"
"chr1","54721295","54721438","chr3","50965270","50965401","28","3756025"
"chr1","54848320","54848631","chr20","35582405","35582711","39","19265915"
"chr1","54894546","54894839","chr3","186504136","186504430","41","131609590"
"chr1","54918481","54918792","chr17","79404094","79404401","32","24485613"
"chr1","54938905","54938971","chr17","5211580","5211646","10","49727325"
"chr1","54943274","54943568","chr2B","99512257","99512553","37","44568983"
"chr1","54985770","54986058","chr1","53395797","53396079","30","1589973"
"chr1","55042323","55042619","chr8","142803773","142804071","41","87761450"
"chr1","55054781","55055118","chrX","108118961","108119272","76","53064180"
"chr1","55058340","55058631","chr9","79965468","79965758","41","24907128"
"chr1","55080493","55080795","chr4","37674564","37674870","32","17405929"
"chr1","55091459","55091778","chr7","130411286","130411597","42","75319827"
"chr1","55093998","55094311","chr1","53492969","53493281","26","1601029"
"chr1","55095056","55095363","chrX","43601029","43601333","35","11494027"
"chr1","55112449","55112742","chr9","120262125","120262421","47","65149676"
"chr1","55145968","55146255","chr1","23959364","23959650","40","31186604"
"chr1","55175745","55176044","chr6","9619085","9619381","40","45556660"
"chr1","55225267","55225557","chr14","57765178","57765474","44","2539911"
"chr1","55277589","55277865","chr14","87849883","87850160","48","32572294"
"chr1","55372932","55373037","chr21","37505478","37505576","22","17867454"
"chr1","55387675","55387991","chr16","17019685","17019993","40","38367990"
"chr1","56033910","56034075","chrX","8143783","8143945","26","47890127"
"chr1","56039270","56039596","chr1","54464452","54464778","20","1574818"
"chr1","56130518","56130813","chr1","54550377","54550680","24","1580141"
"chr1","56167409","56167712","chr1","132554974","132555276","32","76387565"
"chr1","56172288","56172537","chr1","54601959","54602207","22","1570329"
"chr1","56191208","56191499","chr19","3472325","3472614","52","52718883"
"chr1","56213326","56213638","chr13","8634043","8634347","42","47579283"
"chr1","56263274","56263590","chr5","141353236","141353548","43","85089962"
"chr1","56408793","56409103","chr1","54827547","54827858","26","1581246"
"chr1","56413547","56413841","chr5","122702004","122702298","40","66288457"
"chr1","56499640","56499956","chr12","55469357","55469649","55","1030283"
"chr1","56556288","56556587","chrX","54777977","54778289","54","1778311"
"chr1","56642601","56642915","chr17","38608208","38608518","44","18034393"
"chr1","56873642","56873990","chr13","67212513","67212847","50","10338871"
"chr1","56907792","56908079","chrUn_CABD030131550v1","8094","8384","41","56899698"
"chr1","57090946","57091256","chr1","55491833","55492150","41","1599113"
"chr1","57130234","57130530","chr1","55546422","55546720","29","1583812"
"chr1","57164930","57165229","chr1","55578900","55579207","47","1586030"
"chr1","57169551","57169859","chr1","55583898","55584205","37","1585653"
"chr1","57213501","57213808","chr9","59842059","59842366","44","2628558"
"chr1","57528603","57528906","chr1","55949830","55950134","32","1578773"
"chr1","57691264","57691536","chr12","76915481","76915745","53","19224217"
"chr1","58555717","58556022","chrX","97594986","97595289","38","39039269"
"chr1","58628264","58628569","chr10","121813796","121814102","36","63185532"
"chr1","59155212","59155503","chr6","13303749","13304049","48","45851463"
"chr1","59376589","59376893","chr17","12349722","12350033","44","47026867"
"chr1","59403434","59403699","chr12","76915481","76915745","48","17512047"
"chr1","59640804","59641121","chr14","77304145","77304459","44","17663341"
"chr1","59866711","59867024","chr8","74261100","74261405","34","14394389"
"chr1","60822228","60822541","chr20","32211306","32211614","40","28610922"
"chr1","60854761","60855048","chr14","12451875","12452165","33","48402886"
"chr1","61044920","61045215","chr11","82956585","82956882","41","21911665"
"chr1","61653764","61654051","chr8","146076240","146076523","48","84422476"
"chr1","61770910","61771185","chr21","34811777","34812045","50","26959133"
"chr1","61960676","61960917","chr14","62662099","62662351","44","701423"
"chr1","62134886","62135187","chr1","60766014","60766316","31","1368872"
"chr1","62345456","62345631","chr17","2504521","2504695","31","59840935"
"chr1","62485846","62486142","chrX","52220872","52221169","44","10264974"
"chr1","62605370","62605651","chr14","24586556","24586849","50","38018814"
"chr1","62872796","62873133","chr14","85461757","85462083","56","22588961"
"chr1","63023684","63023983","chr14","20972619","20972931","51","42051065"
"chr1","63171107","63171420","chr16","80407225","80407535","47","17236118"
"chr1","63693707","63694005","chr1","62445855","62446158","27","1247852"
"chr1","63774166","63774470","chrX","97594986","97595289","47","33820820"
"chr1","63822696","63822999","chr18","14664667","14664971","51","49158029"
"chr1","63864804","63865120","chr1","62620585","62620894","40","1244219"
"chr1","63902653","63902936","chr1","62650797","62651079","21","1251856"
"chr1","64173222","64173530","chr19","18263442","18263752","36","45909780"
"chr1","64241623","64241919","chr1","63010369","63010669","27","1231254"
"chr1","64326439","64326769","chr1","69034819","69035142","59","4708380"
"chr1","64346501","64346805","chr10","136766798","136767102","49","72420297"
"chr1","64362424","64362749","chr9","59842059","59842366","55","4520365"
"chr1","64381557","64381874","chr10","86782884","86783195","42","22401327"
"chr1","64421897","64422209","chr1","133187123","133187432","37","68765226"
"chr1","64432282","64432583","chr5","133411905","133412206","35","68979623"
"chr1","64529661","64529968","chr17","38608208","38608518","47","25921453"
"chr1","64697330","64697639","chr1","63460321","63460623","38","1237009"
"chr1","64821128","64821398","chrX","30761420","30761677","51","34059708"
"chr1","64846746","64847057","chr8","127791237","127791544","44","62944491"
"chr1","64849774","64850086","chr1","27021093","27021389","49","37828681"
"chr1","64926769","64927068","chr3","198722089","198722390","37","133795320"
"chr1","65136792","65137097","chr1","63939877","63940182","32","1196915"
"chr1","65157122","65157423","chr7","2204264","2204577","42","62952858"
"chr1","66357747","66358080","chr9","73383977","73384295","63","7026230"
"chr1","66378818","66379128","chr17","69846993","69847300","40","3468175"
"chr1","66444320","66444631","chr1","193093295","193093604","40","126648975"
"chr1","66776598","66776885","chr20","34323117","34323413","52","32453481"
"chr1","67038622","67038942","chr1","65791788","65792095","32","1246834"
"chr1","67090542","67090825","chr2A","59985648","59985942","41","7104894"
"chr1","67111987","67112292","chr2B","107373831","107374141","46","40261844"
"chr1","67113830","67114150","chr18","32989823","32990134","42","34124007"
"chr1","67161288","67161578","chr1","185054973","185055268","31","117893685"
"chr1","67179269","67179538","chr10","106607864","106608139","38","39428595"
"chr1","67214806","67215103","chr7","138662760","138663060","38","71447954"
"chr1","67376164","67376477","chr14","87826246","87826553","40","20450082"
"chr1","67383963","67384264","chr1","66126236","66126536","26","1257727"
"chr1","67432863","67433165","chr10","136766798","136767102","41","69333935"
"chr1","67783223","67783535","chr14","77304145","77304459","35","9520922"
"chr1","68187180","68187491","chr1","66967304","66967623","41","1219876"
"chr1","68394947","68395251","chr7","70900990","70901293","48","2506043"
"chr1","68938814","68939116","chr2B","124790616","124790915","42","55851802"
"chr1","69010762","69011048","chr15","5166259","5166547","48","63844503"
"chr1","69417936","69418229","chr19","45984366","45984662","28","23433570"
"chr1","69450013","69450317","chr20","21707872","21708172","58","47742141"
"chr1","69705092","69705406","chr12","21276435","21276745","39","48428657"
"chr1","70078124","70078414","chrX","18796354","18796648","47","51281770"
"chr1","70355164","70355457","chr3","197719809","197720102","34","127364645"
"chr1","70600904","70601209","chr1","194446199","194446496","41","123845295"
"chr1","71822133","71822451","chr1","70632062","70632370","39","1190071"
"chr1","71941685","71942002","chr5","162326402","162326716","42","90384717"
"chr1","72191993","72192296","chr1","71015282","71015574","29","1176711"
"chr1","72305702","72306016","chr3","197346369","197346679","33","125040667"
"chr1","72445093","72445357","chr17","6033058","6033324","36","66412035"
"chr1","72500119","72500412","chr11","82956585","82956882","42","10456466"
"chr1","72611771","72612073","chr1","71409020","71409330","34","1202751"
"chr1","73417675","73417977","chr1","130106457","130106756","54","56688782"
"chr1","73668051","73668360","chr3","2931636","2931947","45","70736415"
"chr1","74034967","74035221","chr1","20720498","20720748","35","53314469"
"chr1","74411578","74411886","chr17","26156165","26156468","40","48255413"
"chr1","74651094","74651381","chr1","178561977","178562265","42","103910883"
"chr1","74707177","74707489","chr1","73521608","73521917","31","1185569"
"chr1","75292509","75292813","chr1","74177742","74178046","27","1114767"
"chr1","75799888","75800192","chr1","74691760","74692071","37","1108128"
"chr1","76102290","76102593","chr6","37693724","37694034","55","38408566"
"chr1","76136733","76137035","chr3","20080922","20081225","37","56055811"
"chr1","77817001","77817318","chr6","45003166","45003473","40","32813835"
"chr1","77876870","77877171","chr5","160987933","160988228","46","83111063"
"chr1","77949404","77949516","chr1","76865802","76865912","11","1083602"
"chr1","79066439","79066755","chr1","215764676","215764988","42","136698237"
"chr1","79667872","79668158","chr1","78554247","78554554","44","1113625"
"chr1","79790853","79791153","chr13","22702255","22702553","29","57088598"
"chr1","79799824","79800127","chr5","22049247","22049559","50","57750577"
"chr1","79866605","79866908","chr10","136766798","136767102","36","56900193"
"chr1","79892489","79892791","chr2A","82306936","82307232","42","2414447"
"chr1","79917383","79917687","chrX","97594986","97595289","34","17677603"
"chr1","79979694","79980008","chr20","35582405","35582711","33","44397289"
"chr1","80122036","80122350","chr12","21276435","21276745","39","58845601"
"chr1","80139364","80139672","chr3","187177539","187177847","38","107038175"
"chr1","80243784","80243971","chr6","44804165","44804352","30","35439619"
"chr1","80334903","80335208","chr1","160753833","160754142","46","80418930"
"chr1","80581582","80581877","chr1","79500400","79500700","31","1081182"
"chr1","81041443","81041723","chr2A","46391002","46391284","38","34650441"
"chr1","83553510","83553823","chr4","133128211","133128521","34","49574701"
"chr1","83768160","83768345","chr4","178384807","178384998","34","94616647"
"chr1","83841850","83842141","chr1","82784742","82785030","32","1057108"
"chr1","83907871","83908175","chr1","82851523","82851822","28","1056348"
"chr1","85884885","85885181","chr5","160987933","160988228","38","75103048"
"chr1","85986404","85986715","chr1","100887646","100887952","39","14901242"
"chr1","86103179","86103495","chr2A","103881939","103882244","53","17778760"
"chr1","86305941","86306245","chr1","132729492","132729799","41","46423551"
"chr1","86480056","86480361","chr12","8893890","8894193","35","77586166"
"chr1","86679377","86679678","chr14","13130862","13131168","37","73548515"
"chr1","86887717","86888035","chr1","87051685","87051991","35","163968"
"chr1","86935025","86935337","chr1","132554974","132555276","36","45619949"
"chr1","87411224","87411524","chr5","64763044","64763340","29","22648180"
"chr1","87440561","87440888","chr1","87691037","87691369","34","250476"
"chr1","87494283","87494588","chr17","38608208","38608518","49","48886075"
"chr1","87568139","87568448","chrX","36406749","36407049","43","51161390"
"chr1","87582133","87582446","chr5","59448191","59448498","47","28133942"
"chr1","87651074","87651376","chr1","71295938","71296237","40","16355136"
"chr1","87661534","87661787","chr3","48678818","48679094","61","38982716"
"chr1","87756309","87756611","chr11","82956585","82956882","49","4799724"
"chr1","87846560","87846855","chr13","34006475","34006766","44","53840085"
"chr1","87900585","87900884","chr11","14213433","14213733","29","73687152"
"chr1","88051512","88051695","chr1","43579395","43579577","35","44472117"
"chr1","88080907","88081222","chr5","36664566","36664877","29","51416341"
"chr1","88307312","88307622","chr3","12041820","12042133","43","76265492"
"chr1","88707462","88707751","chr6","119750721","119751012","39","31043259"
"chr1","89245355","89245664","chr1","89520461","89520765","38","275106"
"chr1","89587686","89587975","chr2A","79159701","79160000","52","10427985"
"chr1","89601606","89601913","chr1","89976695","89976998","31","375089"
"chr1","89672479","89672778","chr1","90041407","90041715","37","368928"
"chr1","90433865","90434165","chr1","90880725","90881019","24","446860"
"chr1","90515582","90515895","chr4","198295008","198295316","36","107779426"
"chr1","90634597","90634733","chrX","119354023","119354171","28","28719426"
"chr1","90639885","90640193","chr6","30498131","30498435","39","60141754"
"chr1","91370627","91370885","chr4","41945786","41946057","56","49424841"
"chr1","91539046","91539350","chr1","91909608","91909909","33","370562"
"chr1","91544897","91545207","chr1","22955832","22956145","46","68589065"
"chr1","91549290","91549590","chr1","91921240","91921536","30","371950"
"chr1","91560559","91560862","chr1","185054973","185055268","39","93494414"
"chr1","91569275","91569599","chr3","2931636","2931947","58","88637639"
"chr1","91659158","91659458","chr4","171953878","171954174","43","80294720"
"chr1","91761355","91761658","chr1","204184641","204184943","31","112423286"
"chr1","91789934","91790248","chr7","26308521","26308832","42","65481413"
"chr1","91812399","91812693","chr14","60355782","60356072","39","31456617"
"chr1","91897714","91898026","chr2B","65741490","65741803","33","26156224"
"chr1","91976698","91976985","chr10","129431275","129431563","35","37454577"
"chr1","92259089","92259373","chr12","79066133","79066418","31","13192956"
"chr1","92405130","92405431","chr5","83058","83359","42","92322072"
"chr1","92406232","92406517","chr3","52951985","52952276","38","39454247"
"chr1","92562504","92562817","chr12","21276435","21276745","34","71286069"
"chr1","92609251","92609554","chr1","92698169","92698465","30","88918"
"chr1","92823167","92823319","chr1","92921912","92922068","14","98745"
"chr1","92889911","92890208","chr5","51774532","51774825","44","41115379"
"chr1","92891408","92891702","chr1","92995298","92995586","22","103890"
"chr1","92961845","92962113","chr9","113259319","113259586","43","20297474"
"chr1","92980213","92980521","chr1","93092374","93092670","27","112161"
"chr1","93033267","93033557","chr1","93147691","93147983","34","114424"
"chr1","93663646","93663935","chr1","93824549","93824847","32","160903"
"chr1","93697290","93697592","chr9","108229509","108229814","38","14532219"
"chr1","93771954","93772249","chr3","126817334","126817631","33","33045380"
"chr1","93949400","93949695","chr1","53460720","53461011","52","40488680"
"chr1","94011786","94012072","chrUn_CABD030131550v1","8094","8384","39","94003692"
"chr1","94649350","94649642","chr4","24876318","24876618","48","69773032"
"chr1","94808922","94809234","chr13","8903623","8903936","43","85905299"
"chr1","94824297","94824600","chr10","36119294","36119606","43","58705003"
"chr1","94909197","94909487","chr17","38608208","38608518","48","56300989"
"chr1","95201820","95202094","chr1","95437365","95437651","44","235545"
"chr1","95863618","95863907","chr1","96086742","96087044","36","223124"
"chr1","95905025","95905320","chr1","23083897","23084189","45","72821128"
"chr1","96075079","96075394","chr19","57118880","57119186","29","38956199"
"chr1","96123203","96123351","chr2B","101262875","101263034","35","5139672"
"chr1","96338871","96339161","chrUn_CABD030131550v1","8094","8384","37","96330777"
"chr1","96862290","96862583","chr14","60303349","60303630","54","36558941"
"chr1","97962831","97963131","chr1","185054973","185055268","44","87092142"
"chr1","98007246","98007555","chr1","98242456","98242765","43","235210"
"chr1","98288157","98288491","chr11","76075200","76075527","56","22212957"
"chr1","98373131","98373441","chr4","106451241","106451549","46","8078110"
"chr1","98382157","98382467","chrX","74427130","74427438","45","23955027"
"chr1","98489116","98489415","chr1","98731229","98731523","24","242113"
"chr1","98617279","98617357","chr1","51826367","51826439","16","46790912"
"chr1","98944886","98945166","chr1","24189834","24190118","35","74755052"
"chr1","99162612","99162919","chr1","99402809","99403116","31","240197"
"chr1","99192327","99192623","chr10","23033171","23033469","52","76159156"
"chr1","99654609","99654920","chr4","198295008","198295316","45","98640399"
"chr1","99743207","99743507","chr5","160987933","160988228","38","61244726"
"chr1","99865178","99865483","chr1","100151707","100152006","39","286529"
"chr1","99915874","99916180","chr1","191149848","191150155","52","91233974"
"chr1","101022833","101023141","chr1","101344394","101344699","38","321561"
"chr1","101068949","101069263","chr1","132729492","132729799","40","31660543"
"chr1","101109592","101109903","chr5","162326402","162326716","46","61216810"
"chr1","101144052","101144358","chr1","101463932","101464218","45","319880"
"chr1","101288562","101288875","chr1","101604331","101604644","32","315769"
"chr1","101373268","101373568","chr5","160987933","160988228","45","59614665"
"chr1","101575906","101576224","chr2A","81872121","81872429","56","19703785"
"chr1","101693077","101693381","chr12","8893890","8894193","34","92799187"
"chr1","102046480","102046783","chr6","36758852","36759156","36","65287628"
"chr1","102556435","102556743","chr15","67619999","67620309","44","34936436"
"chr1","102602808","102603096","chr9","94919935","94920225","32","7682873"
"chr1","104090727","104091038","chr7","127657301","127657615","41","23566574"
"chr1","104387091","104387404","chr9","59842059","59842366","56","44545032"
"chr1","104579228","104579451","chr1","104974267","104974496","28","395039"
"chr1","105387421","105387733","chr4","155503360","155503678","60","50115939"
"chr1","105700707","105701019","chr16","80407225","80407535","70","25293482"
"chr1","105857667","105857832","chr17","9422771","9422930","34","96434896"
"chr1","105905336","105905598","chr17","10387569","10387843","56","95517767"
"chr1","106124678","106124991","chr15","19133764","19134076","44","86990914"
"chr1","106419023","106419318","chr5","13187837","13188133","43","93231186"
"chr1","106846534","106846847","chr15","37451080","37451392","36","69395454"
"chr1","106889247","106889553","chr2A","31692393","31692699","58","75196854"
"chr1","108776065","108776375","chr6","35622489","35622796","40","73153576"
"chr1","108790541","108790836","chr17","9644327","9644622","47","99146214"
"chr1","108907296","108907607","chr2A","21134848","21135157","46","87772448"
"chr1","108976541","108976852","chr11","121383252","121383565","38","12406711"
"chr1","109815049","109815337","chr2A","75137163","75137453","35","34677886"
"chr1","109914182","109914488","chr7","72899498","72899802","35","37014684"
"chr1","109966409","109966706","chr1","110367118","110367420","33","400709"
"chr1","110054083","110054392","chr1","110453455","110453768","34","399372"
"chr1","110074380","110074667","chr1","110477186","110477473","15","402806"
"chr1","110116765","110117068","chr11","17305005","17305310","37","92811760"
"chr1","110134310","110134622","chr15","19133764","19134076","40","91000546"
"chr1","110198808","110199118","chr20","43352634","43352940","33","66846174"
"chr1","110273230","110273546","chr9","95805016","95805324","48","14468214"
"chr1","110468156","110468458","chr13","24231506","24231805","36","86236650"
"chr1","110636736","110637033","chrX","67927403","67927703","37","42709333"
"chr1","110685839","110686134","chr1","185054973","185055268","30","74369134"
"chr1","110760622","110760917","chr1","111289255","111289555","27","528633"
"chr1","110824612","110824924","chr3","38028952","38029265","39","72795660"
"chr1","110880156","110880444","chr8","96234805","96235093","37","14645351"
"chr1","111210957","111211078","chr1","53417638","53417757","17","57793319"
"chr1","111211809","111212004","chr7","140066600","140066786","33","28854791"
"chr1","111239765","111240064","chr22","26546615","26546905","62","84693150"
"chr1","111465325","111465558","chr1","104974267","104974496","32","6491058"
"chr1","111508945","111509251","chr6","53158380","53158685","35","58350565"
"chr1","111766822","111767127","chr14","36693590","36693894","35","75073232"
"chr1","112271294","112271595","chr1","112901993","112902292","26","630699"
"chr1","112304891","112305188","chr13","62764436","62764745","45","49540455"
"chr1","112532339","112532652","chr1","113167592","113167881","43","635253"
"chr1","113194709","113195016","chr13","62764436","62764745","33","50430273"
"chr1","113464870","113465147","chr1","114061795","114062093","36","596925"
"chr1","113475429","113475715","chr6","17014066","17014366","45","96461363"
"chr1","113592816","113593129","chrX","41587872","41588178","43","72004944"
"chr1","113645168","113645472","chr1","114250488","114250799","35","605320"
"chr1","113663130","113663422","chr7","154438682","154438977","38","40775552"
"chr1","113686568","113686738","chrX","123723452","123723622","23","10036884"
"chr1","113815598","113815887","chr22","26546615","26546905","37","87268983"
"chr1","113866415","113866707","chr1","186381667","186381959","34","72515252"
"chr1","113881855","113882159","chr17","58273313","58273617","48","55608542"
"chr1","113899159","113899447","chr16","12186594","12186889","39","101712565"
"chr1","113904387","113904689","chrX","97426892","97427187","41","16477495"
"chr1","113908990","113909288","chr1","114496224","114496520","32","587234"
"chr1","114449950","114450252","chr1","115102960","115103258","24","653010"
"chr1","114730743","114731019","chr19","12883061","12883346","47","101847682"
"chr1","114746857","114747156","chr10","111398143","111398443","37","3348714"
"chr1","115207689","115207987","chr1","115876716","115877014","20","669027"
"chr1","115344940","115345253","chr7","75796417","75796729","32","39548523"
"chr1","115535084","115535404","chr17","9270411","9270725","43","106264673"
"chr1","115673275","115673571","chr16","12186594","12186889","38","103486681"
"chr1","115898844","115899150","chr2B","39572586","39572890","40","76326258"
"chr1","116428984","116429296","chr7","2112993","2113296","46","114315991"
"chr1","116533042","116533359","chr1","193093295","193093604","43","76560253"
"chr1","116677976","116678289","chr1","22955832","22956145","34","93722144"
"chr1","116741520","116741733","chr1","117441779","117441989","23","700259"
"chr1","117303912","117304222","chr2A","82306936","82307232","54","34996976"
"chr1","117494869","117495184","chr14","25409384","25409700","42","92085485"
"chr1","117591246","117591555","chr1","118307225","118307529","34","715979"
"chr1","117788010","117788292","chr14","36230486","36230773","46","81557524"
"chr1","117862123","117862418","chr2A","59985648","59985942","28","57876475"
"chr1","117878049","117878365","chr12","21276435","21276745","36","96601614"
"chr1","117919150","117919461","chr6","35622489","35622796","38","82296661"
"chr1","118048752","118049063","chr1","109323755","109324067","41","8724997"
"chr1","118094052","118094361","chr5","163188872","163189183","35","45094820"
"chr1","118237343","118237636","chr5","2564435","2564725","30","115672908"
"chr1","118331130","118331442","chr2A","21134848","21135157","41","97196282"
"chr1","119057668","119057972","chr1","212881549","212881851","40","93823881"
"chr1","119953656","119953950","chr10","16102299","16102594","40","103851357"
"chr1","119991721","119992040","chr7","76735395","76735710","49","43256326"
"chr1","120639166","120639459","chr11","107106280","107106579","40","13532886"
"chr1","120872812","120873101","chr19","46266732","46267017","39","74606080"
"chr1","121013869","121014160","chr1","125072777","125073058","33","4058908"
"chr1","121298512","121298647","chr14","44685173","44685313","26","76613339"
"chr1","121371403","121371682","chr17","85184470","85184751","35","36186933"
"chr1","121658377","121658692","chr12","8706461","8706771","47","112951916"
"chr1","121664485","121664781","chr9","67126783","67127082","33","54537702"
"chr1","121686962","121687257","chr1","23083897","23084189","44","98603065"
"chr1","121809176","121809454","chr10","90682889","90683167","46","31126287"
"chr1","122874603","122874861","chr17","10387569","10387843","49","112487034"
"chr1","122888333","122888644","chrX","132594923","132595230","50","9706590"
"chr1","122989307","122989605","chr2B","56241538","56241842","38","66747769"
"chr1","123216308","123216620","chr1","36815761","36816072","30","86400547"
"chr1","123531470","123531782","chr20","49391905","49392218","37","74139565"
"chr1","123538555","123538865","chr20","55450421","55450733","50","68088134"
"chr1","123614353","123614668","chr6","172892387","172892713","66","49278034"
"chr1","123730764","123731048","chr8","96234805","96235093","45","27495959"
"chr1","123837435","123837726","chr1","129060394","129060692","30","5222959"
"chr1","123841082","123841391","chr11","17305005","17305310","36","106536077"
"chr1","123895463","123895632","chr1","93213772","93213948","31","30681691"
"chr1","124058260","124058571","chr16","48003749","48004056","36","76054511"
"chr1","124107906","124108217","chr1","132554974","132555276","36","8447068"
"chr1","124236502","124236772","chr3","189602309","189602607","61","65365807"
"chr1","124304694","124304978","chr2B","99512257","99512553","39","24792437"
"chr1","124375170","124375472","chr17","85095165","85095468","40","39280005"
"chr1","124383377","124383654","chr1","206392101","206392374","41","82008724"
"chr1","124389428","124389724","chr19","52528111","52528405","34","71861317"
"chr1","124390638","124390937","chr19","17050826","17051125","37","107339812"
"chr1","124406812","124407106","chr5","160987933","160988228","29","36581121"
"chr1","124430686","124430983","chr3","25624991","25625291","32","98805695"
"chr1","124449268","124449557","chr1","129673639","129673931","27","5224371"
"chr1","124459870","124460062","chr15","4092119","4092319","38","120367751"
"chr1","124466341","124466643","chr7","130014481","130014785","38","5548140"
"chr1","124497911","124498190","chr17","65517709","65517990","36","58980202"
"chr1","124576705","124576996","chr15","51575964","51576258","34","73000741"
"chr1","124640814","124641125","chr3","186406630","186406936","38","61765816"
"chr1","124713362","124713665","chr20","35582405","35582711","36","89130957"
"chr1","124717912","124718219","chr11","14213433","14213733","55","110504479"
"chr1","124725330","124725621","chr1","129950799","129951086","24","5225469"
"chr1","124768226","124768512","chrUn_CABD030131550v1","8094","8384","34","124760132"
"chr1","124773096","124773220","chr3","58384525","58384640","22","66388571"
"chr1","124773540","124773754","chr10","141929565","141929770","40","17156025"
"chr1","124868315","124868628","chr1","134763713","134764022","47","9895398"
"chr1","125057481","125057781","chr1","130256487","130256787","34","5199006"
"chr1","125059047","125059362","chr14","23916952","23917265","45","101142095"
"chr1","125070600","125070879","chr8","17570913","17571199","38","107499687"
"chr1","125154622","125154909","chr1","144529989","144530282","42","19375367"
"chr1","125167473","125167780","chrX","74427130","74427438","40","50740343"
"chr1","125169318","125169598","chr4","83955527","83955809","45","41213791"
"chr1","125179545","125179852","chr1","130399316","130399618","29","5219771"
"chr1","125186734","125187046","chr10","136766798","136767102","42","11580064"
"chr1","125257530","125257862","chr9","59842059","59842366","51","65415471"
"chr1","125274022","125274313","chr1","130500043","130500336","31","5226021"
"chr1","125561780","125562077","chr2B","95425788","95426089","40","30135992"
"chr1","125591675","125591961","chr6","172320858","172321142","42","46729183"
"chr1","125673831","125674126","chr1","130899270","130899565","22","5225439"
"chr1","125722036","125722342","chr10","140604064","140604370","38","14882028"
"chr1","125785694","125785929","chr17","58068588","58068815","41","67717106"
"chr1","125818223","125818514","chr15","18023695","18023993","30","107794528"
"chr1","125843572","125843888","chr1","89520461","89520765","62","36323111"
"chr1","126037592","126037815","chrX","29661198","29661425","32","96376394"
"chr1","126418072","126418393","chr1","131634546","131634864","44","5216474"
"chr1","126650220","126650528","chr12","8706461","8706771","41","117943759"
"chr1","126713297","126713609","chr12","21276435","21276745","35","105436862"
"chr1","127027791","127028114","chr17","9234226","9234536","54","117793565"
"chr1","127386882","127387183","chr3","100561340","100561640","50","26825542"
"chr1","127476961","127477251","chr9","15696116","15696407","37","111780845"
"chr1","127506948","127507245","chr11","61561439","61561735","36","65945509"
"chr1","127507256","127507554","chr10","92135337","92135628","51","35371919"
"chr1","127600488","127600785","chr1","132887586","132887888","27","5287098"
"chr1","127624742","127625046","chrX","82161045","82161350","36","45463697"
"chr1","127679215","127679522","chr5","162326402","162326716","42","34647187"
"chr1","127680882","127681183","chr4","158150725","158151033","45","30469843"
"chr1","127690987","127691281","chr2A","59985648","59985942","34","67705339"
"chr1","127711017","127711324","chr2A","79839508","79839818","41","47871509"
"chr1","128002535","128002851","chr1","133281170","133281483","30","5278635"
"chr1","128005756","128006064","chr1","133284283","133284604","43","5278527"
"chr1","128033651","128033818","chrX","123723452","123723622","27","4310199"
"chr1","128337925","128338205","chr8","142792910","142793193","50","14454985"
"chr1","128491682","128491987","chr1","133746278","133746584","30","5254596"
"chr1","128792311","128792623","chr1","100887646","100887952","37","27904665"
"chr1","128803799","128804021","chr8","41427833","41428060","48","87375966"
"chr1","128921268","128921439","chr5","134171547","134171724","28","5250279"
"chr1","128939829","128940136","chr1","132554974","132555276","48","3615145"
"chr1","128957615","128957824","chr20","32095901","32096110","39","96861714"
"chr1","129032723","129033040","chr7","18509561","18509873","41","110523162"
"chr1","129079750","129080053","chr2B","95425788","95426089","39","33653962"
"chr1","129099437","129099746","chr1","134334599","134334898","32","5235162"
"chr1","129135238","129135422","chr12","119392442","119392648","57","9742796"
"chr1","129143359","129143671","chr22","20623630","20623939","32","108519729"
"chr1","129220057","129220364","chr1","100887646","100887952","39","28332411"
"chr1","129255161","129255474","chr2A","83657439","83657747","34","45597722"
"chr1","129268764","129269065","chr1","134505175","134505477","38","5236411"
"chr1","129349743","129350022","chr2A","54901212","54901491","43","74448531"
"chr1","129366263","129366545","chr4","83955527","83955809","38","45410736"
"chr1","129410424","129410728","chr19","47859775","47860075","56","81550649"
"chr1","129460107","129460417","chr1","134692259","134692568","43","5232152"
"chr1","129490727","129491027","chr1","129673639","129673931","41","182912"
"chr1","129566147","129566197","chr4","86886878","86886939","23","42679269"
"chr1","129566248","129566521","chr9","113259319","113259586","44","16306929"
"chr1","129585198","129585514","chr20","35582405","35582711","38","94002793"
"chr1","129654657","129654966","chr4","199024335","199024640","32","69369678"
"chr1","129683670","129683961","chr1","45157923","45158217","48","84525747"
"chr1","129767213","129767519","chr1","134992273","134992577","21","5225060"
"chr1","129800106","129800409","chr1","135023248","135023540","39","5223142"
"chr1","129874563","129874865","chr8","7639314","7639619","35","122235249"
"chr1","129899693","129899988","chr1","135114436","135114732","29","5214743"
"chr1","129972297","129972593","chr5","160987933","160988228","36","31015636"
"chr1","130103549","130103839","chr1","135314808","135315094","24","5211259"
"chr1","130126374","130126663","chr19","35385832","35386124","30","94740542"
"chr1","130174975","130175290","chr7","2275267","2275574","38","127899708"
"chr1","130233155","130233461","chr1","135438790","135439101","42","5205635"
"chr1","130255301","130255490","chr18","20275144","20275323","33","109980157"
"chr1","130281008","130281307","chr10","131944265","131944557","44","1663257"
"chr1","130402663","130402979","chr3","47975406","47975722","48","82427257"
"chr1","130606864","130607167","chr1","100887646","100887952","35","29719218"
"chr1","130726617","130726924","chr15","11881018","11881326","33","118845599"
"chr1","130984813","130985131","chr1","100887646","100887952","40","30097167"
"chr1","131507868","131508094","chr22","19333163","19333397","38","112174705"
"chr1","131517999","131518310","chr1","136752789","136753099","31","5234790"
"chr1","131643218","131643530","chr9","114786009","114786320","48","16857209"
"chr1","132951949","132952232","chr1","138175839","138176141","39","5223890"
"chr1","133629344","133629633","chr5","26480986","26481273","43","107148358"
"chr1","133668747","133669053","chr7","75623388","75623697","33","58045359"
"chr1","134689357","134689659","chr1","139778600","139778901","32","5089243"
"chr1","134778005","134778305","chr1","52786923","52787214","46","81991082"
"chr1","134813862","134814173","chr9","67190763","67191073","41","67623099"
"chr1","134956220","134956530","chr21","23748714","23749027","42","111207506"
"chr1","135078465","135078763","chr4","161025537","161025837","43","25947072"
"chr1","135109338","135109646","chr5","155273113","155273418","35","20163775"
"chr1","135131904","135132210","chr2A","51304277","51304576","32","83827627"
"chr1","135272503","135272566","chr1","140347789","140347854","7","5075286"
"chr1","135273382","135273622","chr2A","21712964","21713196","48","113560418"
"chr1","135287287","135287551","chr6","25488443","25488707","45","109798844"
"chr1","135465884","135466027","chr3","78123211","78123354","16","57342673"
"chr1","135800176","135800493","chr1","140909771","140910087","43","5109595"
"chr1","135944461","135944735","chr1","141054866","141055162","49","5110405"
"chr1","136261593","136261882","chrX","18200876","18201163","40","118060717"
"chr1","136314226","136314518","chr2B","5748374","5748668","48","130565852"
"chr1","136950234","136950533","chrX","54732807","54733103","44","82217427"
"chr1","136951829","136952134","chr4","106451241","106451549","48","30500588"
"chr1","137229118","137229432","chr15","67619999","67620309","40","69609119"
"chr1","137357080","137357381","chr1","207752295","207752602","35","70395215"
"chr1","137367039","137367341","chr1","207703400","207703699","28","70336361"
"chr1","137491054","137491352","chr1","207576958","207577250","20","70085904"
"chr1","137602120","137602415","chr22","34314671","34314970","41","103287449"
"chr1","137821794","137822103","chr5","15352472","15352776","35","122469322"
"chr1","137834067","137834347","chr1","207206369","207206665","38","69372302"
"chr1","137854533","137854821","chr9","120951627","120951923","42","16902906"
"chr1","137858157","137858454","chr1","207185656","207185957","22","69327499"
"chr1","137942262","137942569","chr1","207102048","207102344","32","69159786"
"chr1","138069553","138069852","chr5","26969980","26970283","34","111099573"
"chr1","138126618","138126748","chr7","147549472","147549596","30","9422854"
"chr1","138407485","138407782","chr1","185054973","185055268","38","46647488"
"chr1","138439069","138439357","chr4","121668669","121668961","35","16770400"
"chr1","138517504","138517824","chr20","35582405","35582711","52","102935099"
"chr1","138561353","138561660","chr1","206454807","206455118","36","67893454"
"chr1","138576132","138576442","chr16","27359367","27359679","39","111216765"
"chr1","138658857","138659132","chr1","206347643","206347914","26","67688786"
"chr1","138659766","138660071","chr1","132554974","132555276","39","6104792"
"chr1","138677226","138677538","chr1","134432903","134433212","49","4244323"
"chr1","138711867","138712168","chr7","2112993","2113296","38","136598874"
"chr1","138928285","138928602","chr9","120829112","120829423","42","18099173"
"chr1","139112933","139113227","chr2A","59985648","59985942","33","79127285"
"chr1","139148093","139148374","chr1","224235364","224235639","40","85087271"
"chr1","139208701","139208989","chr5","19394864","19395150","46","119813837"
"chr1","139211185","139211497","chr3","12041820","12042133","45","127169365"
"chr1","139249289","139249587","chr14","25023031","25023330","37","114226258"
"chr1","139258684","139258806","chr1","205792182","205792306","9","66533498"
"chr1","139280323","139280617","chr12","59907829","59908121","36","79372494"
"chr1","139281108","139281417","chr2A","2036367","2036674","38","137244741"
"chr1","139300567","139300876","chr15","34274908","34275193","59","105025659"
"chr1","139323294","139323569","chr1","205727861","205728142","31","66404567"
"chr1","139394319","139394630","chr5","1337460","1337763","38","138056859"
"chr1","139408126","139408425","chr17","8465111","8465410","34","130943015"
"chr1","139456727","139457038","chr1","205588876","205589188","34","66132149"
"chr1","139475918","139476219","chr14","36230486","36230773","46","103245432"
"chr1","139482947","139483236","chr9","94919935","94920225","37","44563012"
"chr1","139506255","139506552","chr1","205542911","205543208","23","66036656"
"chr1","139550561","139550869","chr1","205504083","205504391","29","65953522"
"chr1","139551818","139552126","chr17","78517221","78517524","38","61034597"
"chr1","139628314","139628602","chr5","152681126","152681425","41","13052812"
"chr1","139628735","139629048","chr15","67619999","67620309","43","72008736"
"chr1","139631062","139631375","chr1","205430531","205430844","23","65799469"
"chr1","139639438","139639750","chr1","205422729","205423037","36","65783291"
"chr1","139813045","139813340","chr5","64763044","64763340","32","75050001"
"chr1","139890711","139891008","chr14","19134341","19134644","31","120756370"
"chr1","139894128","139894413","chr1","205157531","205157834","32","65263403"
"chr1","140954876","140955178","chr1","204384980","204385290","31","63430104"
"chr1","140977526","140977845","chr15","69276871","69277183","43","71700655"
"chr1","141075717","141075948","chrX","9676289","9676520","38","131399428"
"chr1","141118654","141118955","chr18","72741982","72742276","34","68376672"
"chr1","141146423","141146704","chr1","204180963","204181253","31","63034540"
"chr1","141167902","141168186","chr1","185054973","185055268","44","43887071"
"chr1","141195076","141195352","chr1","204131935","204132228","38","62936859"
"chr1","141205446","141205758","chr14","74198044","74198357","38","67007402"
"chr1","141230708","141230772","chr12","123735274","123735336","6","17495434"
"chr1","141237071","141237376","chr20","13403253","13403563","41","127833818"
"chr1","141290428","141290726","chr12","130644710","130645002","50","10645718"
"chr1","141316184","141316486","chr4","37953476","37953776","37","103362708"
"chr1","141393727","141394032","chr5","15352472","15352776","35","126041255"
"chr1","141457163","141457451","chr1","203814340","203814616","33","62357177"
"chr1","141483770","141484076","chrX","21895251","21895553","44","119588519"
"chr1","142373779","142374085","chr3","53283944","53284251","43","89089835"
"chr1","142546320","142546628","chr2A","9923858","9924164","38","132622462"
"chr1","142807077","142807388","chr7","72899498","72899802","43","69907579"
"chr1","142858607","142858915","chr1","202183988","202184294","30","59325381"
"chr1","143169967","143170266","chr7","29178664","29178961","34","113991303"
"chr1","143465539","143465832","chr7","29178664","29178961","58","114286875"
"chr1","143578623","143578887","chr11","66322875","66323149","52","77255748"
"chr1","143821712","143822013","chr9","13234462","13234763","30","130587250"
"chr1","143902169","143902473","chr5","157267053","157267352","38","13364884"
"chr1","143902801","143903091","chrX","113023008","113023300","37","30879793"
"chr1","144066370","144066688","chr10","101337366","101337681","47","42729004"
"chr1","144201664","144201958","chr2B","125039405","125039704","34","19162259"
"chr1","144502116","144502401","chr1","129673639","129673931","41","14828477"
"chr1","144731073","144731351","chr1","200347469","200347755","35","55616396"
"chr1","144876455","144876750","chrX","18796354","18796648","32","126080101"
"chr1","144908991","144909280","chr1","200172669","200172966","27","55263678"
"chr1","144981667","144981968","chr10","86782884","86783195","42","58198783"
"chr1","145027118","145027395","chr1","66580123","66580404","42","78446995"
"chr1","145043728","145044000","chrX","119746098","119746358","50","25297630"
"chr1","146260343","146260633","chr3","197719809","197720102","36","51459466"
"chr1","146347090","146347375","chr14","60303349","60303630","40","86043741"
"chr1","146767068","146767364","chr1","198234048","198234340","30","51466980"
"chr1","146986952","146987261","chrX","134880203","134880513","42","12106749"
"chr1","147109916","147110216","chr1","197931021","197931326","29","50821105"
"chr1","147535213","147535412","chr1","216931005","216931213","32","69395792"
"chr1","147560389","147560727","chr3","102429845","102430183","57","45130544"
"chr1","147572469","147572771","chr2B","95425788","95426089","37","52146681"
"chr1","147679029","147679327","chr2A","68586251","68586547","35","79092778"
"chr1","148115941","148116192","chr10","43187932","43188189","39","104928009"
"chr1","148399195","148399505","chr4","105965556","105965868","53","42433639"
"chr1","148581650","148581962","chr2B","99158092","99158401","33","49423558"
"chr1","148586348","148586648","chr19","5859200","5859509","55","142727148"
"chr1","148648396","148648695","chr1","196292207","196292506","14","47643811"
"chr1","148691658","148691969","chr10","86782884","86783195","40","61908774"
"chr1","149877162","149877433","chr1","222126053","222126337","59","72248891"
"chr1","150094404","150094715","chr10","86782884","86783195","36","63311520"
"chr1","150125388","150125707","chr1","194862127","194862439","42","44736739"
"chr1","150520488","150520783","chr1","194446199","194446496","26","43925711"
"chr1","150658466","150658766","chr1","194313265","194313565","32","43654799"
"chr1","150772845","150773141","chr1","194201906","194202203","23","43429061"
"chr1","151339433","151339729","chr5","5487375","5487672","30","145852058"
"chr1","151865155","151865463","chrX","41587872","41588178","40","110277283"
"chr1","151967586","151967868","chr1","191880087","191880367","21","39912501"
"chr1","151992238","151992550","chr3","2931636","2931947","40","149060602"
"chr1","152086825","152087135","chr22","8421887","8422192","39","143664938"
"chr1","152150824","152151129","chr1","191698518","191698813","36","39547694"
"chr1","152287661","152287937","chr6","151766509","151766786","54","521152"
"chr1","152394852","152395163","chr1","191429018","191429322","29","39034166"
"chr1","152438566","152438873","chr1","191383920","191384222","26","38945354"
"chr1","152446963","152447273","chr3","6092861","6093175","38","146354102"
"chr1","152527477","152527793","chr1","22955832","22956145","40","129571645"
"chr1","152531371","152531682","chr1","22955832","22956145","42","129575539"
"chr1","152556061","152556374","chr18","14664667","14664971","42","137891394"
"chr1","152613471","152613771","chr1","204184641","204184943","33","51571170"
"chr1","152622450","152622728","chr13","31400119","31400418","62","121222331"
"chr1","152819054","152819352","chr9","70252230","70252529","38","82566824"
"chr1","152824860","152825134","chr1","191068105","191068396","44","38243245"
"chr1","152910604","152910925","chr19","16079072","16079378","43","136831532"
"chr1","153468880","153469180","chr1","190370106","190370412","23","36901226"
"chr1","153943743","153944032","chr12","43988486","43988781","47","109955257"
"chr1","154029894","154030202","chr1","189820894","189821192","35","35791000"
"chr1","154206936","154207246","chr1","189623326","189623636","31","35416390"
"chr1","154225798","154226111","chr1","191149848","191150155","41","36924050"
"chr1","155312211","155312514","chr5","59448191","59448498","48","95864020"
"chr1","155507040","155507356","chr9","108229509","108229814","52","47277531"
"chr1","155639726","155640022","chr1","144529989","144530282","37","11109737"
"chr1","155775089","155775401","chr18","33156600","33156913","38","122618489"
"chr1","155839348","155839652","chrX","97594986","97595289","35","58244362"
"chr1","155958065","155958312","chr22","2579087","2579337","48","153378978"
"chr1","156233589","156233900","chr1","187518473","187518785","42","31284884"
"chr1","156324096","156324411","chr6","32378353","32378664","45","123945743"
"chr1","156931665","156931969","chr16","3988831","3989133","37","152942834"
"chr1","157098810","157099098","chr12","55469357","55469649","49","101629453"
"chr1","157368902","157369216","chr17","37311463","37311775","35","120057439"
"chr1","157502367","157502679","chr1","33406715","33407026","38","124095652"
"chr1","157850860","157851153","chr7","44506290","44506583","36","113344570"
"chr1","158012899","158013202","chr10","136766798","136767102","39","21246101"
"chr1","158013305","158013618","chr2B","44213774","44214081","40","113799531"
"chr1","158149153","158149454","chr1","185609206","185609508","35","27460053"
"chr1","158225207","158225508","chrX","71178322","71178614","50","87046885"
"chr1","158302345","158302638","chr1","129673639","129673931","38","28628706"
"chr1","158324054","158324366","chr1","204184641","204184943","41","45860587"
"chr1","158440361","158440656","chr11","40456240","40456538","42","117984121"
"chr1","158510092","158510409","chr9","114285913","114286219","44","44224179"
"chr1","158690070","158690411","chr5","53996410","53996745","51","104693660"
"chr1","159399549","159399838","chr1","184334993","184335297","43","24935444"
"chr1","159402001","159402305","chr5","64412943","64413252","45","94989058"
"chr1","159415842","159416160","chr1","184321773","184322093","31","24905931"
"chr1","159510068","159510348","chr18","49658543","49658827","41","109851525"
"chr1","159519527","159519810","chr8","1618908","1619194","37","157900619"
"chr1","159711230","159711538","chr1","184016456","184016761","40","24305226"
"chr1","159741877","159742189","chr17","4353432","4353743","33","155388445"
"chr1","159749257","159749549","chr1","183978054","183978343","25","24228797"
"chr1","159808490","159808771","chr1","183917655","183917939","28","24109165"
"chr1","160024763","160025071","chr20","35582405","35582711","30","124442358"
"chr1","160028274","160028587","chr1","183705803","183706112","27","23677529"
"chr1","160098349","160098516","chr4","81515226","81515394","25","78583123"
"chr1","160100552","160100845","chr19","14027232","14027520","44","146073320"
"chr1","160106825","160107145","chr2A","10355583","10355893","46","149751242"
"chr1","160140136","160140336","chr1","183593194","183593388","18","23453058"
"chr1","160145252","160145542","chr5","137760043","137760333","35","22385209"
"chr1","160151124","160151416","chr12","43988486","43988781","41","116162638"
"chr1","160155169","160155472","chr1","183578958","183579265","25","23423789"
"chr1","160222745","160223064","chr5","155562417","155562734","55","4660328"
"chr1","160247114","160247408","chr1","27021093","27021389","42","133226021"
"chr1","160312004","160312322","chr4","127087460","127087778","59","33224544"
"chr1","160320632","160320940","chr1","183386669","183386975","38","23066037"
"chr1","160333055","160333363","chr1","182138307","182138613","44","21805252"
"chr1","160359600","160359753","chr1","134107846","134107997","20","26251754"
"chr1","160413212","160413498","chr3","124158104","124158407","49","36255108"
"chr1","160435852","160436153","chr19","15663733","15664037","34","144772119"
"chr1","160453028","160453349","chr14","47857829","47858141","49","112595199"
"chr1","160510314","160510611","chr12","117088484","117088786","39","43421830"
"chr1","161007469","161007774","chr12","8893890","8894193","35","152113579"
"chr1","161020521","161020651","chr12","25809993","25810119","18","135210528"
"chr1","161281515","161281816","chrX","74427130","74427438","39","86854385"
"chr1","161283870","161284168","chr1","182501335","182501623","31","21217465"
"chr1","161435870","161436187","chr7","71187672","71187981","48","90248198"
"chr1","161611353","161611656","chr1","182138307","182138613","29","20526954"
"chr1","161756306","161756615","chr9","22732638","22732941","40","139023668"
"chr1","161899145","161899444","chr10","16102299","16102594","30","145796846"
"chr1","161939197","161939500","chr19","38050513","38050826","42","123888684"
"chr1","161974964","161975260","chr10","110169579","110169875","35","51805385"
"chr1","161995698","161996000","chr1","181702855","181703153","22","19707157"
"chr1","161997907","161998217","chrX","51034227","51034538","50","110963680"
"chr1","162034035","162034331","chr1","181665389","181665687","22","19631354"
"chr1","162091291","162091577","chr1","84476426","84476711","51","77614865"
"chr1","162164745","162165056","chr6","35622489","35622796","36","126542256"
"chr1","162341633","162341928","chr2B","98355781","98356078","36","63985852"
"chr1","162367406","162367712","chr6","6752789","6753094","36","155614617"
"chr1","162491351","162491657","chr5","13160492","13160798","31","149330859"
"chr1","162630110","162630426","chr4","40762635","40762950","54","121867475"
"chr1","163084237","163084552","chr1","180529937","180530249","32","17445700"
"chr1","163205584","163205904","chr16","76354770","76355065","59","86850814"
"chr1","163296868","163297101","chr1","180285522","180285755","13","16988654"
"chr1","163327608","163327910","chr1","180255127","180255426","28","16927519"
"chr1","163398056","163398371","chr1","187807358","187807662","54","24409302"
"chr1","163436773","163437052","chr15","44703221","44703496","41","118733552"
"chr1","163494017","163494317","chr1","180108893","180109189","30","16614876"
"chr1","163499545","163499830","chr1","180103110","180103395","28","16603565"
"chr1","163536789","163537106","chr6","111974552","111974862","45","51562237"
"chr1","163911949","163912263","chr1","179669936","179670237","30","15757987"
"chr1","163941247","163941544","chr11","61561439","61561735","28","102379808"
"chr1","163976025","163976294","chr1","179602166","179602440","22","15626141"
"chr1","164021667","164021992","chr17","5457212","5457533","49","158564455"
"chr1","164111289","164111595","chr1","179464801","179465105","29","15353512"
"chr1","164364923","164365219","chr9","94919935","94920225","36","69444988"
"chr1","165230956","165231256","chr5","156289782","156290081","54","8941174"
"chr1","165345913","165346224","chr1","132554974","132555276","51","32790939"
"chr1","165404410","165404698","chr9","13014891","13015178","35","152389519"
"chr1","166104688","166104999","chr1","191149848","191150155","34","25045160"
"chr1","166770285","166770591","chr10","140604064","140604370","33","26166221"
"chr1","167484251","167484557","chr7","80058785","80059098","57","87425466"
"chr1","168287958","168288251","chr1","194446199","194446496","38","26158241"
"chr1","168356595","168356904","chr13","62764436","62764745","43","105592159"
"chr1","168396745","168396967","chr1","175113558","175113754","41","6716813"
"chr1","168601951","168602253","chr9","59842059","59842366","42","108759892"
"chr1","168754254","168754546","chr5","82014241","82014539","46","86740013"
"chr1","168902916","168903208","chr1","174604536","174604838","40","5701620"
"chr1","168929979","168930307","chr16","73086406","73086726","58","95843573"
"chr1","170768131","170768419","chr3","89486339","89486629","53","81281792"
"chr1","170998369","170998649","chrX","108626661","108626941","44","62371708"
"chr1","171018463","171018765","chr13","78136144","78136444","41","92882319"
"chr1","171451538","171451851","chr17","9558423","9558728","40","161893115"
"chr1","171758369","171758475","chr2A","82679349","82679451","23","89079020"
"chr1","171758967","171759180","chr15","61663748","61663960","39","110095219"
"chr1","171971277","171971588","chr4","199024335","199024640","47","27053058"
"chr1","172347740","172348019","chr1","171363217","171363501","40","984523"
"chr1","172837498","172837772","chr1","162618317","162618589","47","10219181"
"chr1","173401594","173401905","chr1","40966383","40966697","48","132435211"
"chr1","173566835","173567117","chr1","170162704","170162984","27","3404131"
"chr1","173688327","173688628","chr3","3628864","3629165","50","170059463"
"chr1","173850449","173850761","chr17","38608208","38608518","41","135242241"
"chr1","174626615","174626914","chr13","31463447","31463746","43","143163168"
"chr1","174804829","174804940","chr1","76865802","76865912","18","97939027"
"chr1","175395715","175396028","chr1","168359679","168359981","46","7036036"
"chr1","175496928","175497230","chr10","136766798","136767102","30","38730130"
"chr1","175781725","175782035","chr18","23191935","23192242","48","152589790"
"chr1","177200184","177200496","chr5","162326402","162326716","46","14873782"
"chr1","177425848","177426150","chr1","144529989","144530282","41","32895859"
"chr1","178044884","178045197","chr1","165583096","165583408","27","12461788"
"chr1","178156291","178156602","chr7","75796417","75796729","42","102359874"
"chr1","178171504","178171786","chr1","165443346","165443623","48","12728158"
"chr1","178566616","178566917","chrX","36406749","36407049","32","142159867"
"chr1","179114647","179114948","chr5","160987933","160988228","38","18126714"
"chr1","179219026","179219324","chr6","169689147","169689442","33","9529879"
"chr1","179297537","179297839","chr1","164274590","164274893","27","15022947"
"chr1","179536226","179536533","chr1","100887646","100887952","47","78648580"
"chr1","179878253","179878570","chr19","7835878","7836176","71","172042375"
"chr1","179977110","179977422","chr13","27159096","27159404","41","152818014"
"chr1","180124709","180124971","chr12","131788345","131788608","37","48336364"
"chr1","180288918","180289213","chr5","160987933","160988228","36","19300985"
"chr1","180350122","180350435","chr22","19129944","19130249","51","161220178"
"chr1","180487181","180487511","chr5","121627382","121627706","52","58859799"
"chr1","180509150","180509440","chr16","23190870","23191153","51","157318280"
"chr1","180676217","180676489","chr3","162541733","162542015","53","18134484"
"chr1","180925155","180925452","chr1","185054973","185055268","31","4129818"
"chr1","180928913","180929214","chr3","131694285","131694588","41","49234628"
"chr1","180984397","180984710","chr1","162558555","162558872","23","18425842"
"chr1","181028909","181029222","chr1","89520461","89520765","35","91508448"
"chr1","181234727","181234835","chr1","76865802","76865912","15","104368925"
"chr1","181251308","181251617","chr6","35622489","35622796","40","145628819"
"chr1","181414140","181414405","chr10","90682889","90683167","51","90731251"
"chr1","181573467","181573748","chr1","161940320","161940594","30","19633147"
"chr1","181573889","181574189","chrX","705896","706197","37","180867993"
"chr1","181935600","181935904","chr5","15352472","15352776","34","166583128"
"chr1","181944874","181944977","chr7","137530746","137530858","19","44414128"
"chr1","181966846","181967149","chr9","82578710","82579015","44","99388136"
"chr1","182019642","182019929","chr7","70128433","70128712","38","111891209"
"chr1","182220715","182221031","chr1","161314659","161314955","35","20906056"
"chr1","182319394","182319696","chr1","161222414","161222718","31","21096980"
"chr1","182778806","182779132","chr1","160753833","160754142","39","22024973"
"chr1","182869200","182869508","chr1","160668137","160668443","33","22201063"
"chr1","182941354","182941654","chr1","27021093","27021389","28","155920261"
"chr1","183088547","183088861","chr14","74198044","74198357","34","108890503"
"chr1","183214536","183214815","chr7","79649124","79649404","40","103565412"
"chr1","183248350","183248644","chr4","171953878","171954174","29","11294472"
"chr1","183310557","183310830","chr1","224235364","224235639","35","40924807"
"chr1","183911672","183911973","chr5","155121323","155121624","32","28790349"
"chr1","183945859","183946156","chr3","196115415","196115713","33","12169556"
"chr1","184014913","184015204","chr5","156184518","156184813","36","27830395"
"chr1","184025287","184025581","chr1","159265033","159265327","21","24760254"
"chr1","184041918","184042230","chr3","6092861","6093175","41","177949057"
"chr1","184128722","184129021","chr10","136766798","136767102","36","47361924"
"chr1","184203413","184203717","chr1","162395115","162395416","41","21808298"
"chr1","184294477","184294777","chr2A","10348885","10349185","33","173945592"
"chr1","184443094","184443389","chr1","158830016","158830309","37","25613078"
"chr1","184523273","184523564","chr5","64763044","64763340","37","119760229"
"chr1","184699365","184699681","chr7","18509561","18509873","47","166189804"
"chr1","184739449","184739689","chr1","158525902","158526148","16","26213547"
"chr1","184790978","184791265","chr1","23083897","23084189","43","161707081"
"chr1","184825464","184825764","chr1","158434363","158434650","32","26391101"
"chr1","184833577","184833910","chr13","63423787","63424093","57","121409790"
"chr1","184886216","184886501","chr22","25422423","25422714","44","159463793"
"chr1","184916787","184917065","chr1","158329269","158329568","42","26587518"
"chr1","184988183","184988469","chr1","158246664","158246936","24","26741519"
"chr1","185112048","185112349","chr1","158119097","158119397","35","26992951"
"chr1","185231968","185232272","chr19","10799423","10799732","48","174432545"
"chr1","185291491","185291762","chr1","206392101","206392374","42","21100610"
"chr1","185344251","185344536","chr1","23959364","23959650","34","161384887"
"chr1","185358967","185359284","chr2B","65741490","65741803","37","119617477"
"chr1","185390582","185390890","chr10","110180557","110180860","38","75210025"
"chr1","185433053","185433358","chr19","50345980","50346283","40","135087073"
"chr1","185436461","185436759","chr12","117088484","117088786","39","68347977"
"chr1","185739171","185739439","chr12","76915481","76915745","41","108823690"
"chr1","185763210","185763486","chr2A","3645196","3645471","44","182118014"
"chr1","185897184","185897496","chr2A","10355583","10355893","36","175541601"
"chr1","185938614","185938930","chr1","157261144","157261453","33","28677470"
"chr1","185981316","185981638","chr4","194522414","194522736","56","8541098"
"chr1","186097332","186097635","chr1","141890548","141890850","40","44206784"
"chr1","186313325","186313634","chr9","12114478","12114795","61","174198847"
"chr1","186525001","186525306","chr1","142335679","142335988","26","44189322"
"chr1","186527332","186527637","chr1","142337999","142338299","35","44189333"
"chr1","186842271","186842584","chr8","19042781","19043092","52","167799490"
"chr1","187040796","187041092","chr4","161025537","161025837","35","26015259"
"chr1","187302016","187302315","chr15","53358142","53358442","38","133943874"
"chr1","187396032","187396325","chr18","30424705","30424998","50","156971327"
"chr1","187399375","187399653","chr4","83955527","83955809","31","103443848"
"chr1","188203933","188204240","chr2A","10355583","10355893","43","177848350"
"chr1","188574290","188574574","chr11","66125261","66125543","35","122449029"
"chr1","188634495","188634795","chr1","144529989","144530282","32","44104506"
"chr1","188646532","188646826","chr1","27021093","27021389","37","161625439"
"chr1","188723632","188723908","chr1","72312896","72313179","34","116410736"
"chr1","188932861","188933148","chr1","36184591","36184878","49","152748270"
"chr1","189283588","189283875","chr1","24189834","24190118","53","165093754"
"chr1","189309620","189309934","chr3","187575063","187575375","44","1734557"
"chr1","189697815","189698105","chr1","27021093","27021389","45","162676722"
"chr1","189993405","189993719","chr1","101604331","101604644","39","88389074"
"chr1","190050605","190050914","chr9","13570886","13571199","41","176479719"
"chr1","190079553","190079850","chr1","41763043","41763338","42","148316510"
"chr1","190141115","190141427","chr1","132729492","132729799","44","57411623"
"chr1","190293652","190293950","chr19","39317086","39317381","33","150976566"
"chr1","190293951","190294118","chr13","43834522","43834689","21","146459429"
"chr1","190320160","190320447","chr1","146364521","146364818","37","43955639"
"chr1","190340491","190340807","chr13","55838775","55839085","44","134501716"
"chr1","190392592","190392906","chr10","111864529","111864838","43","78528063"
"chr1","190666309","190666611","chr2B","95425788","95426089","35","95240521"
"chr1","190698777","190699066","chr3","144880561","144880847","46","45818216"
"chr1","190887147","190887436","chr1","146982303","146982597","35","43904844"
"chr1","191217671","191217834","chr8","131019200","131019360","32","60198471"
"chr1","191229484","191229793","chr7","45520039","45520349","35","145709445"
"chr1","191233150","191233434","chr2A","10348885","10349185","48","180884265"
"chr1","191771939","191772252","chr1","180453011","180453318","40","11318928"
"chr1","192047414","192047720","chr13","62764436","62764745","43","129282978"
"chr1","192551081","192551340","chr12","131788345","131788608","41","60762736"
"chr1","192673778","192674082","chr10","140604064","140604370","37","52069714"
"chr1","192814837","192815140","chr1","148927652","148927960","31","43887185"
"chr1","193328993","193329108","chr7","137530746","137530858","16","55798247"
"chr1","193404447","193404728","chr7","105061299","105061571","43","88343148"
"chr1","193419890","193420188","chr1","149547564","149547871","32","43872326"
"chr1","193890973","193891273","chr19","10799423","10799732","42","183091550"
"chr1","194363394","194363568","chr2B","84072443","84072619","27","110290951"
"chr1","194589223","194589521","chr4","38387917","38388218","38","156201306"
"chr1","194603592","194603905","chr1","22955832","22956145","30","171647760"
"chr1","195127322","195127610","chrX","18200876","18201163","32","176926446"
"chr1","196385396","196385699","chr1","152786357","152786659","27","43599039"
"chr1","196522188","196522492","chr5","143073195","143073503","40","53448993"
"chr1","196569289","196569576","chr1","95437365","95437651","45","101131924"
"chr1","196586677","196587001","chr15","23463790","23464110","50","173122887"
"chr1","196594454","196594756","chr9","67126783","67127082","44","129467671"
"chr1","196672157","196672439","chr1","153075371","153075654","30","43596786"
"chr1","196749384","196749686","chr1","153152680","153152982","33","43596704"
"chr1","196973932","196974234","chr1","153394317","153394615","28","43579615"
"chr1","197143786","197143945","chr19","10235712","10235873","30","186908074"
"chr1","197143949","197144247","chr5","64763044","64763340","41","132380905"
"chr1","197395713","197395955","chr7","37531907","37532147","36","159863806"
"chr1","197548871","197549174","chr3","55843499","55843803","39","141705372"
"chr1","197688515","197688820","chr1","40476156","40476452","46","157212359"
"chr1","197848009","197848210","chr1","216931005","216931213","37","19082996"
"chr1","198535216","198535513","chr1","155014789","155015088","24","43520427"
"chr1","198560508","198560774","chr6","2478129","2478392","40","196082379"
"chr1","198694198","198694508","chr12","36414589","36414899","40","162279609"
"chr1","199441066","199441348","chr1","155935562","155935860","38","43505504"
"chr1","199611790","199612101","chr1","132729492","132729799","35","66882298"
"chr1","199807621","199807938","chr17","9234226","9234536","48","190573395"
"chr1","199819426","199819708","chr1","156316585","156316879","42","43502841"
"chr1","200262701","200262985","chr1","156792642","156792926","26","43470059"
"chr1","200613601","200613894","chr1","157161571","157161874","33","43452030"
"chr1","200856151","200856314","chr4","81515226","81515394","34","119340925"
"chr1","201266562","201266856","chr2A","10994406","10994705","64","190272156"
"chr1","201521501","201521830","chr5","25211209","25211524","57","176310292"
"chr1","201744123","201744436","chr4","198295008","198295316","34","3449115"
"chr1","201833524","201833819","chr1","227410770","227411068","31","25577246"
"chr1","202190990","202191304","chr1","191149848","191150155","40","11041142"
"chr1","202223934","202224246","chrX","41587872","41588178","45","160636062"
"chr1","202248356","202248651","chr1","226956968","226957263","25","24708612"
"chr1","202327254","202327561","chr1","226836883","226837190","36","24509629"
"chr1","202505095","202505401","chr9","108229509","108229814","38","94275586"
"chr1","202617226","202617522","chr1","194446199","194446496","34","8171027"
"chr1","202683631","202683922","chr1","86568052","86568344","47","116115579"
"chr1","202689004","202689289","chr1","6099213","6099485","42","196589791"
"chr1","202815267","202815573","chr10","115595773","115596076","38","87219494"
"chr1","203109337","203109649","chr21","23748714","23749027","40","179360623"
"chr1","203197161","203197457","chr16","12186594","12186889","32","191010567"
"chr1","203400320","203400634","chr2A","10355583","10355893","40","193044737"
"chr1","203750157","203750369","chr1","225361794","225361995","43","21611637"
"chr1","203752226","203752540","chr2A","21134848","21135157","35","182617378"
"chr1","203832227","203832523","chr9","70252230","70252529","34","133579997"
"chr1","203832920","203833231","chrX","18242793","18243105","56","185590127"
"chr1","203913177","203913471","chr1","225184903","225185199","33","21271726"
"chr1","203950978","203951251","chr1","225147739","225148014","22","21196761"
"chr1","204009093","204009404","chr1","225078985","225079296","29","21069892"
"chr1","204028112","204028415","chr4","48585107","48585416","42","155443005"
"chr1","204069472","204069755","chr12","37279351","37279642","63","166790121"
"chr1","204156327","204156598","chrX","47378035","47378310","44","156778292"
"chr1","204200265","204200560","chr10","36097397","36097696","45","168102868"
"chr1","204233678","204233962","chrX","97111067","97111349","32","107122611"
"chr1","204260456","204260753","chr9","59842059","59842366","39","144418397"
"chr1","204275169","204275469","chr5","39364453","39364757","50","164910716"
"chr1","204298279","204298570","chr12","59907829","59908121","37","144390450"
"chr1","204314834","204315127","chrUn_CABD030131550v1","8094","8384","45","204306740"
"chr1","204327841","204328042","chr9","106161369","106161567","32","98166472"
"chr1","204395217","204395538","chr1","224711589","224711911","41","20316372"
"chr1","204396297","204396600","chr1","132554974","132555276","40","71841323"
"chr1","204396622","204396889","chr1","224710236","224710508","33","20313614"
"chr1","204405658","204405947","chr9","111831521","111831814","35","92574137"
"chr1","204405998","204406200","chr2B","93870467","93870663","32","110535531"
"chr1","204414223","204414511","chr1","224694915","224695201","32","20280692"
"chr1","204440974","204441269","chr5","152478996","152479296","38","51961978"
"chr1","204464968","204465267","chr17","8465111","8465410","35","195999857"
"chr1","204539274","204539582","chr1","157261144","157261453","35","47278130"
"chr1","204552298","204552613","chr3","187177539","187177847","35","17374759"
"chr1","204585775","204586069","chr7","111976753","111977051","42","92609022"
"chr1","204606330","204606575","chr6","75422722","75422964","40","129183608"
"chr1","204678295","204678589","chr1","224422972","224423284","45","19744677"
"chr1","204680149","204680280","chr5","160567699","160567827","16","44112450"
"chr1","204682059","204682371","chr1","100887646","100887952","34","103794413"
"chr1","204769325","204769633","chr10","121813796","121814102","41","82955529"
"chr1","204783113","204783412","chr1","224315039","224315329","33","19531926"
"chr1","205172493","205172801","chr3","200810389","200810699","40","4362104"
"chr1","205230181","205230492","chr1","223884900","223885210","38","18654719"
"chr1","205285507","205285806","chr2A","45229836","45230134","33","160055671"
"chr1","205541715","205541834","chr11","66170356","66170479","19","139371359"
"chr1","205541858","205542163","chr6","37682797","37683102","38","167859061"
"chr1","205581695","205582004","chr1","223532278","223532585","36","17950583"
"chr1","205736270","205736551","chr7","70128433","70128712","37","135607837"
"chr1","205881463","205881769","chr12","31896404","31896707","40","173985059"
"chr1","205938837","205939129","chr10","36114158","36114452","39","169824679"
"chr1","206131816","206132106","chr1","204015782","204016076","24","2116034"
"chr1","206380095","206380380","chr12","79066133","79066418","31","127313962"
"chr1","206587199","206587499","chr3","135591702","135592003","30","70995497"
"chr1","206728417","206728665","chr3","155409710","155409966","44","51318707"
"chr1","206728800","206728859","chr4","86886878","86886939","20","119841922"
"chr1","206798450","206798763","chr11","60771451","60771759","41","146026999"
"chr1","207055111","207055412","chr7","2112993","2113296","44","204942118"
"chr1","207135765","207136073","chr1","221794285","221794593","32","14658520"
"chr1","207167704","207168025","chr7","127657301","127657615","37","79510403"
"chr1","207205742","207206055","chr19","5859200","5859509","45","201346542"
"chr1","207209989","207210298","chr5","58791036","58791341","43","148418953"
"chr1","207296848","207297157","chrX","51034227","51034538","40","156262621"
"chr1","207467815","207468124","chr20","35582405","35582711","30","171885410"
"chr1","207652921","207653235","chr1","130106457","130106756","51","77546464"
"chr1","207669303","207669614","chr20","49391905","49392218","45","158277398"
"chr1","207993478","207993785","chr1","134763713","134764022","42","73229765"
"chr1","208006467","208006754","chr1","220898704","220898993","27","12892237"
"chr1","208270440","208270755","chr1","220628990","220629304","32","12358550"
"chr1","208377377","208377672","chr3","54007683","54007979","37","154369694"
"chr1","208385928","208386237","chr13","62764436","62764745","36","145621492"
"chr1","208431258","208431567","chr1","220444183","220444498","33","12012925"
"chr1","208432235","208432516","chr8","21673007","21673285","41","186759228"
"chr1","208433896","208434210","chr14","32972455","32972755","39","175461441"
"chr1","208459615","208459921","chr11","9449059","9449367","44","199010556"
"chr1","208473246","208473535","chr11","65999481","65999780","39","142473765"
"chr1","208479276","208479587","chr15","52874335","52874637","33","155604941"
"chr1","208591892","208592193","chr9","81354291","81354584","37","127237601"
"chr1","208684598","208684906","chr1","220179649","220179961","35","11495051"
"chr1","208714692","208714963","chr17","77615943","77616210","44","131098749"
"chr1","209022879","209023193","chr3","24048068","24048376","42","184974811"
"chr1","209131392","209131692","chrX","77458121","77458428","33","131673271"
"chr1","209579724","209579903","chr6","141107307","141107479","30","68472417"
"chr1","209632622","209632910","chr7","44506290","44506583","61","165126332"
"chr1","209807848","209808160","chr15","28083376","28083681","40","181724472"
"chr1","210004372","210004666","chr14","49393397","49393694","43","160610975"
"chr1","210044703","210044913","chr1","212493778","212493994","31","2449075"
"chr1","210216759","210217065","chr2B","16433354","16433662","36","193783405"
"chr1","210338685","210338972","chr1","218535625","218535906","35","8196940"
"chr1","210844585","210844877","chr1","218062476","218062767","21","7217891"
"chr1","211253879","211254188","chr4","37953476","37953776","40","173300403"
"chr1","211408929","211409242","chrX","41271607","41271912","39","170137322"
"chr1","211437060","211437361","chr1","29238037","29238334","36","182199023"
"chr1","211539575","211539769","chr14","83000942","83001142","35","128538633"
"chr1","211542687","211542970","chr8","33472835","33473130","44","178069852"
"chr1","211612961","211613235","chr3","7482197","7482477","38","204130764"
"chr1","211857111","211857392","chr7","70494244","70494526","42","141362867"
"chr1","211934351","211934546","chr22","27972720","27972916","21","183961631"
"chr1","212175417","212175716","chr2B","99512257","99512553","47","112663160"
"chr1","212319608","212319916","chr19","53294783","53295094","41","159024825"
"chr1","212417127","212417429","chr2B","95168475","95168788","41","117248652"
"chr1","212430515","212430805","chr5","26480986","26481273","40","185949529"
"chr1","212455656","212455964","chr5","59448191","59448498","42","153007465"
"chr1","212464421","212464715","chr1","35520906","35521193","59","176943515"
"chr1","212520194","212520501","chr7","29021792","29022096","39","183498402"
"chr1","212691639","212691947","chr1","100887646","100887952","31","111803993"
"chr1","212749214","212749488","chr1","216079505","216079791","35","3330291"
"chr1","212761824","212761987","chr1","14249496","14249656","24","198512328"
"chr1","212828866","212829170","chrX","74427130","74427438","31","138401736"
"chr1","212855281","212855567","chr5","2683883","2684176","43","210171398"
"chr1","212897880","212898188","chr2A","21134848","21135157","35","191763032"
"chr1","212920370","212920685","chr14","36693590","36693894","48","176226780"
"chr1","212997971","212998286","chr1","215835109","215835422","29","2837138"
"chr1","213050677","213050990","chr9","32689013","32689326","40","180361664"
"chr1","213073919","213074020","chr7","134662113","134662215","15","78411806"
"chr1","213090964","213091258","chr1","215749362","215749652","32","2658398"
"chr1","213212311","213212614","chr18","43148658","43148954","40","170063653"
"chr1","213284102","213284232","chr2B","66491327","66491448","24","146792775"
"chr1","213502747","213502821","chr15","43946691","43946758","16","169556056"
"chr1","213517979","213518279","chr12","30338513","30338812","37","183179466"
"chr1","213627848","213628146","chr4","161025537","161025837","34","52602311"
"chr1","213640396","213640690","chr5","160987933","160988228","37","52652463"
"chr1","213647425","213647724","chr5","152478996","152479296","32","61168429"
"chr1","213652474","213652738","chr12","76915481","76915745","37","136736993"
"chr1","213663163","213663501","chr8","25754244","25754574","54","187908919"
"chr1","213672120","213672416","chr8","17570913","17571199","47","196101207"
"chr1","213738268","213738570","chr1","215064565","215064867","28","1326297"
"chr1","213745732","213746047","chr10","36119294","36119606","33","177626438"
"chr1","213803085","213803366","chr14","9388027","9388311","46","204415058"
"chr1","213808921","213809214","chr7","44506290","44506583","39","169302631"
"chr1","213871754","213872037","chr1","214936683","214936982","38","1064929"
"chr1","213903502","213903798","chr1","214906134","214906449","48","1002632"
"chr1","213978850","213979137","chr15","19079066","19079339","70","194899784"
"chr1","213979392","213979694","chrX","97594986","97595289","29","116384406"
"chr1","214037879","214038154","chr1","41763043","41763338","51","172274836"
"chr1","214038380","214038663","chr1","23083897","23084189","41","190954483"
"chr1","214055124","214055303","chr12","12697175","12697348","29","201357949"
"chr1","214055452","214055583","chr19","38059194","38059324","32","175996258"
"chr1","214080077","214080391","chr1","191149848","191150155","39","22930229"
"chr1","214416669","214416965","chr2A","10355583","10355893","49","204061086"
"chr1","214520752","214521055","chr12","99976026","99976332","36","114544726"
"chr1","214528153","214528459","chr2B","125039405","125039704","32","89488748"
"chr1","214572790","214573085","chr14","76236478","76236769","43","138336312"
"chr1","214598902","214599209","chr22","22301801","22302112","35","192297101"
"chr1","214650232","214650533","chr1","214169598","214169897","34","480634"
"chr1","214838321","214838613","chrX","48041286","48041580","33","166797035"
"chr1","214936789","214937104","chr18","59918384","59918694","42","155018405"
"chr1","215110391","215110695","chr3","186504136","186504430","51","28606255"
"chr1","215326826","215327151","chr9","12114478","12114795","46","203212348"
"chr1","215391013","215391324","chr2B","56727034","56727344","37","158663979"
"chr1","215722661","215722968","chr7","127657301","127657615","37","88065360"
"chr1","215844346","215844627","chr19","1355781","1356069","38","214488565"
"chr1","215919510","215919709","chr17","6997149","6997354","33","208922361"
"chr1","216266932","216267241","chr4","198295008","198295316","39","17971924"
"chr1","216345895","216346188","chr1","144529989","144530282","32","71815906"
"chr1","216644611","216644904","chr7","132966188","132966479","36","83678423"
"chr1","216804350","216804662","chr2B","44213774","44214081","44","172590576"
"chr1","216997259","216997575","chr12","36414589","36414899","38","180582670"
"chr1","217086427","217086718","chr3","12024603","12024895","32","205061824"
"chr1","217340266","217340569","chr1","211408198","211408514","30","5932068"
"chr1","217425403","217425678","chr5","4715105","4715387","35","212710298"
"chr1","217450486","217450787","chr7","132575347","132575645","45","84875139"
"chr1","217480964","217481267","chr4","24876318","24876618","46","192604646"
"chr1","217481421","217481712","chr5","24415712","24416011","46","193065709"
"chr1","217530515","217530767","chr14","6124908","6125162","42","211405607"
"chr1","217704167","217704485","chr20","43352634","43352940","46","174351533"
"chr1","217759837","217760149","chr4","198295008","198295316","35","19464829"
"chr1","217887855","217888149","chrX","97594986","97595289","56","120292869"
"chr1","218013526","218013815","chr5","33727432","33727720","48","184286094"
"chr1","218232431","218232726","chr2B","63348784","63349075","53","154883647"
"chr1","218278594","218278905","chr1","210482075","210482409","44","7796519"
"chr1","218477771","218478081","chr14","20972619","20972931","37","197505152"
"chr1","218767047","218767355","chr1","43177069","43177374","51","175589978"
"chr1","218797836","218798137","chrX","52220872","52221169","47","166576964"
"chr1","218814375","218814685","chrX","97594986","97595289","39","121219389"
"chr1","218842952","218843250","chr3","135591702","135592003","39","83251250"
"chr1","218964627","218964921","chr5","5487375","5487672","37","213477252"
"chr1","218985577","218985889","chrX","51034227","51034538","42","167951350"
"chr1","219382389","219382542","chr3","32744067","32744225","28","186638322"
"chr1","219508819","219509119","chr9","91492807","91493107","38","128016012"
"chr1","219603196","219603490","chr19","37791442","37791741","38","181811754"
"chr1","219663740","219664052","chr7","72899498","72899802","38","146764242"
"chr1","219740868","219741153","chr1","207102048","207102344","45","12638820"
"chr1","219769198","219769507","chr17","59104636","59104927","46","160664562"
"chr1","219866465","219866783","chr3","139813388","139813699","45","80053077"
"chr1","219924249","219924537","chrX","102608865","102609168","42","117315384"
"chr1","220222695","220222998","chr9","108229509","108229814","38","111993186"
"chr1","220350883","220351172","chr2A","59985648","59985942","38","160365235"
"chr1","220353059","220353346","chr4","116467392","116467678","38","103885667"
"chr2","132120489","132120760","chr11","47651302","47651576","37","84469187"
"chr2","84148176","84148488","chr2A","21134848","21135157","42","63013328"
"chr2","163839990","163840299","chr12","43187170","43187474","42","120652820"
"chr2","834257","834569","chr17","7124898","7125211","30","6290641"
"chr2","1382997","1383308","chr2B","99158092","99158401","46","97775095"
"chr2","1651976","1652284","chr17","9558423","9558728","41","7906447"
"chr2","2022818","2023094","chr8","130516313","130516591","46","128493495"
"chr2","2310279","2310572","chr9","82578710","82579015","42","80268431"
"chr2","2353166","2353443","chr19","3472325","3472614","55","1119159"
"chr2","2615921","2616013","chrX","111811533","111811626","23","109195612"
"chr2","2616238","2616368","chr6","31803854","31803980","21","29187616"
"chr2","3113123","3113435","chr10","101337366","101337681","41","98224243"
"chr2","3139938","3140246","chr3","80414524","80414818","39","77274586"
"chr2","3534307","3534596","chr5","101086301","101086595","41","97551994"
"chr2","3693122","3693435","chr3","81072915","81073225","47","77379793"
"chr2","4002576","4002680","chr7","138962703","138962820","28","134960127"
"chr2","4148238","4148481","chr2A","98400246","98400478","52","94252008"
"chr2","4330042","4330349","chr2A","10355583","10355893","46","6025541"
"chr2","4655664","4655961","chr3","82064508","82064818","45","77408844"
"chr2","5005349","5005610","chr3","82426695","82426949","30","77421346"
"chr2","5693287","5693588","chr8","94878591","94878895","43","89185304"
"chr2","5952210","5952493","chr10","137181578","137181873","50","131229368"
"chr2","7028016","7028336","chr4","198977209","198977521","53","191949193"
"chr2","7200793","7201103","chr3","84652965","84653278","34","77452172"
"chr2","8238262","8238548","chr3","85712086","85712381","35","77473824"
"chr2","8400114","8400397","chrX","119746098","119746358","61","111345984"
"chr2","8792169","8792456","chr2A","45796302","45796570","65","37004133"
"chr2","9220087","9220390","chr3","86756832","86757133","31","77536745"
"chr2","10097285","10097565","chr12","76915481","76915745","47","66818196"
"chr2","10445563","10445879","chr17","38608208","38608518","40","28162645"
"chr2","10650056","10650344","chr3","200810389","200810699","57","190160333"
"chr2","11269260","11269613","chr3","88882199","88882538","50","77612939"
"chr2","11384026","11384310","chr3","89005019","89005312","56","77620993"
"chr2","11549460","11549741","chr1","181950388","181950673","63","170400928"
"chr2","11573353","11573643","chr4","194608401","194608688","41","183035048"
"chr2","11836194","11836415","chr6","161107944","161108165","37","149271750"
"chr2","11841670","11841955","chr3","89486339","89486629","42","77644669"
"chr2","12245117","12245424","chr3","89896372","89896676","37","77651255"
"chr2","12726638","12726929","chr12","59907829","59908121","38","47181191"
"chr2","12997701","12998009","chr9","74575275","74575588","44","61577574"
"chr2","14293572","14293880","chr3","95320789","95321100","30","81027217"
"chr2","14567831","14568136","chr12","35789042","35789354","45","21221211"
"chr2","14777068","14777361","chrX","2007514","2007808","34","12769554"
"chr2","14792768","14793060","chr1","38185084","38185386","50","23392316"
"chr2","15066169","15066441","chrX","140663591","140663869","49","125597422"
"chr2","15251957","15252254","chr9","68968659","68968955","35","53716702"
"chr2","15506421","15506505","chr4","86886878","86886939","40","71380457"
"chr2","15506967","15507203","chr2B","96002893","96003128","34","80495926"
"chr2","16066063","16066363","chr7","154326164","154326473","57","138260101"
"chr2","16093288","16093601","chr3","45442458","45442770","44","29349170"
"chr2","16165727","16166038","chr15","69276871","69277183","40","53111144"
"chr2","16627997","16628254","chr20","61312391","61312649","35","44684394"
"chr2","17034919","17035215","chr3","98144276","98144557","47","81109357"
"chr2","17320995","17321062","chr17","5211580","5211646","6","12109415"
"chr2","17322044","17322222","chr19","49500498","49500677","22","32178454"
"chr2","17333932","17334221","chr3","98454871","98455168","31","81120939"
"chr2","17383444","17383740","chr3","98507539","98507843","28","81124095"
"chr2","17702977","17703260","chr4","83955527","83955809","40","66252550"
"chr2","17790366","17790678","chr3","98904971","98905271","35","81114605"
"chr2","17793878","17794183","chr6","17608929","17609236","38","184949"
"chr2","17932822","17933123","chr3","158501942","158502247","49","140569120"
"chr2","18079765","18080070","chr3","99188373","99188684","31","81108608"
"chr2","18221974","18222209","chr1","129204739","129204963","34","110982765"
"chr2","18560161","18560478","chr3","99856159","99856472","34","81295998"
"chr2","18640002","18640300","chr12","3105971","3106266","39","15534031"
"chr2","18756380","18756658","chr3","100090807","100091096","37","81334427"
"chr2","18784233","18784547","chr2B","44438738","44439054","49","25654505"
"chr2","19226905","19227233","chr1","179606499","179606823","43","160379594"
"chr2","19452666","19452967","chr2A","63373637","63373940","30","43920971"
"chr2","19738734","19739021","chr19","1355781","1356069","31","18382953"
"chr2","19853799","19854105","chr1","111289255","111289555","42","91435456"
"chr2","19993570","19993872","chr9","59842059","59842366","35","39848489"
"chr2","20130548","20130847","chr3","101389533","101389827","23","81258985"
"chr2","20220562","20220875","chr3","197346369","197346679","40","177125807"
"chr2","20331415","20331692","chr2A","15300168","15300463","56","5031247"
"chr2","20745320","20745643","chr1","42870112","42870422","49","22124792"
"chr2","21146385","21146692","chrX","74427130","74427438","32","53280745"
"chr2","21545928","21546236","chr4","198798700","198799005","48","177252772"
"chr2","21566232","21566321","chr3","102917110","102917199","6","81350878"
"chr2","21593686","21593998","chr3","2931636","2931947","41","18662050"
"chr2","21615993","21616311","chr7","127657301","127657615","44","106041308"
"chr2","21621069","21621368","chr5","160987933","160988228","31","139366864"
"chr2","21626906","21627192","chr3","102995645","102995951","49","81368739"
"chr2","21640370","21640501","chr3","103014643","103014776","12","81374273"
"chr2","22982462","22982773","chr14","36693590","36693894","46","13711128"
"chr2","23194599","23194851","chr10","86015884","86016138","65","62821285"
"chr2","23419238","23419556","chr1","135335882","135336186","64","111916644"
"chr2","23482715","23482875","chr3","136384618","136384776","30","112901903"
"chr2","23626082","23626375","chr8","126553995","126554284","39","102927913"
"chr2","24384862","24385174","chr4","48585107","48585416","42","24200245"
"chr2","25000019","25000330","chr2A","10355583","10355893","42","14644436"
"chr2","26433111","26433399","chr1","133997743","133998034","36","107564632"
"chr2","26713391","26713694","chrX","97594986","97595289","34","70881595"
"chr2","26988623","26988925","chr5","82014241","82014539","38","55025618"
"chr2","27420796","27421078","chr11","46969394","46969676","41","19548598"
"chr2","27424444","27424746","chr7","127657301","127657615","47","100232857"
"chr2","27426850","27427130","chr6","14832308","14832590","38","12594542"
"chr2","27582741","27583061","chr17","24583359","24583669","43","2999382"
"chr2","28596451","28596817","chr13","89280477","89280807","86","60684026"
"chr2","28625723","28625846","chr3","110217304","110217427","7","81591581"
"chr2","28682330","28682615","chr3","70239092","70239378","29","41556762"
"chr2","28699587","28699891","chr17","4925082","4925385","45","23774505"
"chr2","28763209","28763497","chr12","37279351","37279642","41","8516142"
"chr2","28927645","28927958","chr11","17305005","17305310","43","11622640"
"chr2","29121267","29121579","chr6","37693724","37694034","41","8572457"
"chr2","29147444","29147740","chr13","34006475","34006766","41","4859031"
"chr2","29153087","29153388","chr4","199024335","199024640","35","169871248"
"chr2","29176309","29176613","chr10","140604064","140604370","31","111427755"
"chr2","30029985","30030295","chr6","35622489","35622796","53","5592504"
"chr2","30605684","30605984","chr3","112189338","112189632","32","81583654"
"chr2","31927550","31927694","chr3","113816856","113817003","13","81889306"
"chr2","31936400","31936659","chr3","113825165","113825432","23","81888765"
"chr2","32277134","32277456","chr20","30120028","30120336","51","2157106"
"chr2","32403918","32404216","chr6","35622489","35622796","38","3218571"
"chr2","32454114","32454421","chr17","38608208","38608518","38","6154094"
"chr2","33135291","33135600","chr2A","83657439","83657747","34","50522148"
"chr2","33335669","33335959","chr3","115286511","115286806","30","81950842"
"chr2","33349743","33350037","chr3","115300421","115300717","22","81950678"
"chr2","33373093","33373388","chr19","37791442","37791741","40","4418349"
"chr2","33392252","33392541","chr8","47677772","47678076","41","14285520"
"chr2","33413709","33413994","chr16","15232771","15233053","34","18180938"
"chr2","33454513","33454812","chr3","115430190","115430486","38","81975677"
"chr2","33761233","33761529","chr3","115741611","115741906","32","81980378"
"chr2","34521368","34521679","chr22","15277783","15278092","38","19243585"
"chr2","34604055","34604366","chrX","82161045","82161350","45","47556990"
"chr2","35145962","35146256","chr5","36374695","36374994","38","1228733"
"chr2","35245553","35245843","chr12","94842887","94843180","39","59597334"
"chr2","35332302","35332432","chr4","37948942","37949069","17","2616640"
"chr2","35392443","35392725","chr19","52434338","52434622","33","17041895"
"chr2","35655562","35655858","chr3","60042394","60042698","44","24386832"
"chr2","35921310","35921628","chr9","114786009","114786320","49","78864699"
"chr2","35976095","35976381","chr19","3472325","3472614","53","32503770"
"chr2","36040306","36040606","chr1","205430531","205430844","48","169390225"
"chr2","36394225","36394529","chr1","204184641","204184943","41","167790416"
"chr2","36583682","36583996","chr3","118684420","118684728","41","82100738"
"chr2","36632263","36632576","chr16","9190501","9190812","47","27441762"
"chr2","37526665","37526965","chrX","123609498","123609802","36","86082833"
"chr2","37956860","37957137","chr3","120073994","120074271","22","82117134"
"chr2","38066491","38066789","chr7","44506290","44506583","55","6439799"
"chr2","38201692","38201981","chr3","3628864","3629165","38","34572828"
"chr2","38402536","38402807","chr14","49392629","49392899","36","10990093"
"chr2","38567829","38568139","chr2B","59613575","59613878","45","21045746"
"chr2","38767379","38767691","chr1","191149848","191150155","39","152382469"
"chr2","38775841","38776152","chr2B","107373831","107374141","34","68597990"
"chr2","38848009","38848305","chrX","71373929","71374223","36","32525920"
"chr2","39022575","39022750","chr19","2974694","2974872","21","36047881"
"chr2","39066694","39067027","chr1","46153241","46153566","61","7086547"
"chr2","39077481","39077764","chr1","135023248","135023540","44","95945767"
"chr2","39144131","39144414","chr16","58505222","58505497","56","19361091"
"chr2","39162348","39162660","chr19","53294783","53295094","35","14132435"
"chr2","39182939","39183236","chr5","5487375","5487672","35","33695564"
"chr2","39226425","39226729","chr3","121417916","121418229","30","82191491"
"chr2","39491505","39491805","chrX","97594986","97595289","39","58103481"
"chr2","39696244","39696540","chr13","34006475","34006766","39","5689769"
"chr2","40204533","40204840","chr6","53158380","53158685","34","12953847"
"chr2","40484169","40484463","chr1","41763043","41763338","43","1278874"
"chr2","40905272","40905584","chr8","145823123","145823430","39","104917851"
"chr2","40916121","40916422","chr3","123193909","123194204","26","82277788"
"chr2","40946778","40946987","chr3","48903530","48903745","34","7956752"
"chr2","40946995","40947311","chr12","110623481","110623790","50","69676486"
"chr2","40968168","40968479","chr20","45934753","45935060","40","4966585"
"chr2","40998011","40998322","chr1","160753833","160754142","48","119755822"
"chr2","41139562","41139871","chr3","123405421","123405736","34","82265859"
"chr2","41337324","41337641","chr14","23916952","23917265","42","17420372"
"chr2","41826644","41826936","chr1","100887646","100887952","50","59061002"
"chr2","41898645","41898954","chr3","124158104","124158407","35","82259459"
"chr2","41965420","41965718","chr2A","59985648","59985942","46","18020228"
"chr2","41975740","41976038","chr3","124236576","124236866","41","82260836"
"chr2","42926238","42926519","chr9","94919935","94920225","44","51993697"
"chr2","43138178","43138490","chr17","38608208","38608518","35","4529970"
"chr2","43207441","43207498","chr15","79946325","79946381","10","36738884"
"chr2","43787537","43787844","chr3","126026739","126027040","28","82239202"
"chr2","43815352","43815665","chr2B","99158092","99158401","40","55342740"
"chr2","44058398","44058699","chr9","67126783","67127082","34","23068385"
"chr2","44382844","44383141","chr3","126632674","126632976","26","82249830"
"chr2","44444562","44444850","chr4","87439409","87439700","40","42994847"
"chr2","44468500","44468813","chr3","199354321","199354630","39","154885821"
"chr2","44503171","44503448","chr19","49469690","49469977","34","4966519"
"chr2","44566201","44566502","chr3","126817334","126817631","30","82251133"
"chr2","44660085","44660397","chr14","20972619","20972931","43","23687466"
"chr2","44661008","44661317","chr3","126909059","126909366","29","82248051"
"chr2","44739556","44739854","chrX","36406749","36407049","38","8332807"
"chr2","44848218","44848505","chr1","24189834","24190118","36","20658384"
"chr2","44984370","44984682","chr15","19133764","19134076","34","25850606"
"chr2","45007730","45008046","chr17","8465111","8465410","43","36542619"
"chr2","45012631","45012898","chr3","127268944","127269210","15","82256313"
"chr2","45034845","45035146","chr3","127292279","127292575","32","82257434"
"chr2","45047010","45047301","chr1","41763043","41763338","38","3283967"
"chr2","45062743","45063075","chr6","37861193","37861525","47","7201550"
"chr2","45069985","45070276","chr3","127326660","127326956","39","82256675"
"chr2","45242314","45242613","chr19","45984366","45984662","34","742052"
"chr2","45749444","45749748","chr17","38608208","38608518","38","7141236"
"chr2","45762184","45762480","chrX","130077453","130077750","42","84315269"
"chr2","46049400","46049708","chr17","79404094","79404401","36","33354694"
"chr2","46064154","46064472","chr7","18509561","18509873","44","27554593"
"chr2","46148384","46148684","chr10","34684828","34685127","44","11463556"
"chr2","46163022","46163277","chr12","118174703","118174968","32","72011681"
"chr2","46363923","46364235","chr17","24583359","24583669","46","21780564"
"chr2","46702224","46702522","chr6","39813718","39814020","35","6888506"
"chr2","46806355","46806520","chr8","54546819","54546991","25","7740464"
"chr2","46820497","46820746","chr12","131788345","131788608","51","84967848"
"chr2","46841105","46841409","chr17","79404094","79404401","39","32562989"
"chr2","47088378","47088687","chr3","75485585","75485895","38","28397207"
"chr2","47135827","47136116","chr3","33121911","33122202","45","14013916"
"chr2","47142401","47142712","chr1","33406715","33407026","45","13735686"
"chr2","47449807","47450091","chrUn_CABD030131550v1","8094","8384","36","47441713"
"chr2","47634169","47634443","chr16","15232771","15233053","35","32401398"
"chr2","47655456","47655761","chr3","143717924","143718228","34","96062468"
"chr2","47682986","47683281","chr7","105061299","105061571","65","57378313"
"chr2","47731216","47731512","chr3","12829604","12829903","24","34901612"
"chr2","47754678","47754832","chr3","32744067","32744225","25","15010611"
"chr2","47764236","47764550","chr12","21276435","21276745","37","26487801"
"chr2","47775645","47775927","chr3","12787695","12787998","45","34987950"
"chr2","47776879","47777136","chr3","12786516","12786773","21","34990363"
"chr2","47895183","47895495","chr22","15277783","15278092","37","32617400"
"chr2","48367339","48367647","chr20","35582405","35582711","40","12784934"
"chr2","48408425","48408707","chr17","85184470","85184751","31","36776045"
"chr2","48438311","48438587","chr3","12096974","12097256","27","36341337"
"chr2","48477895","48478209","chr4","198295008","198295316","41","149817113"
"chr2","48494025","48494338","chr3","12041820","12042133","21","36452205"
"chr2","48519137","48519422","chr3","12016859","12017144","26","36502278"
"chr2","48540412","48540697","chr19","3472325","3472614","43","45068087"
"chr2","48643445","48643753","chr3","11882632","11882944","22","36760813"
"chr2","48769481","48769773","chr9","70388865","70389159","35","21619384"
"chr2","48823355","48823643","chr16","12186594","12186889","37","36636761"
"chr2","48824732","48825026","chr5","43864686","43864987","42","4960046"
"chr2","48850399","48850701","chr4","4362473","4362769","44","44487926"
"chr2","48942661","48942968","chr15","67619999","67620309","40","18677338"
"chr2","48976721","48977026","chr1","100887646","100887952","40","51910925"
"chr2","49193611","49193886","chr6","11278383","11278664","49","37915228"
"chr2","49365586","49365780","chr1","27087309","27087499","35","22278277"
"chr2","49396999","49397297","chr13","34006475","34006766","45","15390524"
"chr2","49417594","49417904","chr9","73922988","73923294","45","24505394"
"chr2","49586641","49586923","chr1","24189834","24190118","32","25396807"
"chr2","50005670","50005973","chr1","100887646","100887952","35","50881976"
"chr2","50132358","50132660","chr1","132554974","132555276","32","82422616"
"chr2","50186448","50186736","chrX","54732807","54733103","46","4546359"
"chr2","50189021","50189308","chr3","10251337","10251622","24","39937684"
"chr2","50205789","50206105","chrX","74427130","74427438","42","24221341"
"chr2","50213691","50213911","chr19","5961507","5961735","26","44252184"
"chr2","50298858","50299082","chr12","95133984","95134201","34","44835126"
"chr2","50391581","50391880","chr2A","51946486","51946782","90","1554905"
"chr2","50414734","50415044","chr3","200810389","200810699","34","150395655"
"chr2","50566997","50567308","chr1","28800327","28800641","57","21766670"
"chr2","50626438","50626740","chr5","45856163","45856467","41","4770275"
"chr2","50666902","50667231","chr7","72899498","72899802","59","22232596"
"chr2","51125406","51125695","chr3","182480373","182480663","37","131354967"
"chr2","51363944","51364248","chr15","42141648","42141949","40","9222296"
"chr2","51402905","51403217","chr1","182138307","182138613","43","130735402"
"chr2","51452461","51452753","chr2A","80022127","80022416","43","28569666"
"chr2","51613343","51613647","chr6","6752789","6753094","30","44860554"
"chr2","52063671","52063952","chrX","41874549","41874831","41","10189122"
"chr2","52112850","52113139","chr18","12016177","12016472","55","40096673"
"chr2","52419888","52420182","chr19","57118880","57119186","36","4698992"
"chr2","52620068","52620380","chr5","22049247","22049559","42","30570821"
"chr2","53373577","53373875","chr4","87439409","87439700","52","34065832"
"chr2","53518170","53518452","chr6","136264967","136265262","53","82746797"
"chr2","53669003","53669284","chrX","115745405","115745689","33","62076402"
"chr2","54249387","54249671","chr8","146076240","146076523","40","91826853"
"chr2","55055647","55055828","chr1","93213772","93213948","28","38158125"
"chr2","55085176","55085425","chr17","94417579","94417841","50","39332403"
"chr2","55104933","55105219","chr2A","15300168","15300463","43","39804765"
"chr2","55150081","55150390","chr1","40966383","40966697","40","14183698"
"chr2","55738002","55738313","chr3","4564043","4564354","31","51173959"
"chr2","55764690","55764973","chrX","36693904","36694182","44","19070786"
"chr2","55776888","55777170","chr2B","44368641","44368918","43","11408247"
"chr2","56208250","56208540","chr3","4082623","4082921","34","52125627"
"chr2","56833471","56833768","chr1","10334930","10335223","38","46498541"
"chr2","57330943","57331256","chr3","2931636","2931947","21","54399307"
"chr2","57341187","57341500","chr15","67619999","67620309","44","10278812"
"chr2","57717375","57717670","chr3","2539902","2540197","28","55177473"
"chr2","57831562","57831874","chr20","35582405","35582711","39","22249157"
"chr2","58478277","58478556","chr20","50572279","50572558","35","7905998"
"chr2","59758157","59758492","chr19","38050513","38050826","68","21707644"
"chr2","61651091","61651403","chr2B","72409719","72410029","41","10758628"
"chr2","61817721","61818016","chr16","12186594","12186889","28","49631127"
"chr2","61983885","61984183","chr2B","125039405","125039704","31","63055520"
"chr2","62048649","62048959","chr3","74493151","74493455","28","12444502"
"chr2","62052266","62052540","chr3","74489541","74489815","21","12437275"
"chr2","62094018","62094282","chrX","2974607","2974870","49","59119411"
"chr2","62291225","62291528","chr9","87523162","87523472","43","25231937"
"chr2","62327480","62327776","chr1","144529989","144530282","46","82202509"
"chr2","62383633","62383934","chr3","74154239","74154539","26","11770606"
"chr2","62431896","62432198","chr4","201004696","201005001","31","138572800"
"chr2","62653848","62653965","chr3","58384525","58384640","20","4269323"
"chr2","62744182","62744489","chr4","106451241","106451549","39","43707059"
"chr2","62973844","62974157","chr5","162326402","162326716","40","99352558"
"chr2","63075587","63075708","chr7","147549472","147549596","33","84473885"
"chr2","63316964","63317133","chr3","158483655","158483822","26","95166691"
"chr2","63460626","63460927","chr2A","21134848","21135157","51","42325778"
"chr2","63467488","63467775","chr3","72964730","72965017","21","9497242"
"chr2","63632987","63633298","chr9","114786009","114786320","44","51153022"
"chr2","63856297","63856610","chr2A","21134848","21135157","38","42721449"
"chr2","63869477","63869789","chr7","75796417","75796729","42","11926940"
"chr2","64089199","64089527","chr13","73739367","73739690","54","9650168"
"chr2","64157899","64158193","chr2B","99158092","99158401","45","35000193"
"chr2","64171424","64171722","chr19","13554651","13554956","48","50616773"
"chr2","64466916","64467219","chr1","157261144","157261453","50","92794228"
"chr2","64494537","64494698","chr19","10235712","10235873","24","54258825"
"chr2","65335668","65335944","chr17","77615943","77616210","37","12280275"
"chr2","65965146","65965397","chr3","70364899","70365150","29","4399753"
"chr2","66000177","66000477","chr1","27042867","27043169","37","38957310"
"chr2","66037894","66038203","chr12","8893890","8894193","41","57144004"
"chr2","66642502","66642808","chr1","23019139","23019437","63","43623363"
"chr2","67998571","67998854","chr3","68311899","68312190","35","313328"
"chr2","68417969","68418282","chr3","67892611","67892920","34","525358"
"chr2","68557732","68557988","chr3","67751426","67751684","24","806306"
"chr2","69000001","69000306","chr7","127657301","127657615","36","58657300"
"chr2","69030447","69030759","chr18","33156600","33156913","40","35873847"
"chr2","69062581","69062882","chr5","160987933","160988228","49","91925352"
"chr2","69298177","69298439","chr6","72413833","72414113","49","3115656"
"chr2","69367147","69367447","chr13","20225977","20226281","48","49141170"
"chr2","69458539","69458846","chr10","136766798","136767102","41","67308259"
"chr2","69481958","69482264","chr1","100887646","100887952","42","31405688"
"chr2","69512489","69512798","chrX","1158113","1158427","44","68354376"
"chr2","69787933","69788244","chr3","66592692","66593013","47","3195241"
"chr2","70996530","70996855","chr14","31471531","31471845","42","39524999"
"chr2","71428399","71428694","chr17","62637737","62638033","42","8790662"
"chr2","71615342","71615638","chr15","19304840","19305139","34","52310502"
"chr2","72014753","72015051","chr1","40476156","40476452","28","31538597"
"chr2","72020978","72021274","chr14","30944969","30945253","51","41076009"
"chr2","72075194","72075511","chr2B","72409719","72410029","38","334525"
"chr2","72142720","72143042","chr7","127657301","127657615","44","55514581"
"chr2","72264127","72264403","chr7","70128433","70128712","39","2135694"
"chr2","72434098","72434409","chr5","45856163","45856467","46","26577935"
"chr2","73100342","73100650","chr10","121813796","121814102","39","48713454"
"chr2","73384783","73385078","chr9","70252230","70252529","42","3132553"
"chr2","73799881","73800123","chr3","62607265","62607527","36","11192616"
"chr2","74093987","74094291","chr1","132554974","132555276","37","58460987"
"chr2","74397195","74397517","chr4","106451241","106451549","42","32054046"
"chr2","74454481","74454792","chrX","97594986","97595289","40","23140505"
"chr2","74584650","74584951","chr7","76735395","76735710","50","2150745"
"chr2","74618017","74618337","chr18","14617071","14617388","38","60000946"
"chr2","74675241","74675536","chr1","93147691","93147983","53","18472450"
"chr2","75010864","75011159","chr3","11592628","11592929","48","63418236"
"chr2","75056992","75057305","chr10","31166079","31166385","46","43890913"
"chr2","75589689","75589999","chr7","52058550","52058861","42","23531139"
"chr2","75848395","75848688","chr6","37682797","37683102","48","38165598"
"chr2","76079616","76079917","chr7","29021792","29022096","41","47057824"
"chr2","76674265","76674567","chr12","51620662","51620972","40","25053603"
"chr2","76733671","76733976","chr1","132554974","132555276","34","55821303"
"chr2","76740549","76740852","chr3","59635475","59635780","38","17105074"
"chr2","76823388","76823694","chr20","35582405","35582711","39","41240983"
"chr2","76831091","76831385","chr4","171953878","171954174","37","95122787"
"chr2","76872813","76873053","chr3","59521749","59522002","30","17351064"
"chr2","76874275","76874565","chr20","42419027","42419313","46","34455248"
"chr2","77025884","77026181","chr18","48344911","48345211","36","28680973"
"chr2","77062125","77062445","chr11","27442623","27442932","45","49619502"
"chr2","77093004","77093299","chr20","48509065","48509359","38","28583939"
"chr2","77227891","77228216","chr3","59193625","59193940","42","18034266"
"chr2","77235421","77235720","chr4","39554171","39554467","37","37681250"
"chr2","77236631","77236943","chr14","20972619","20972931","48","56264012"
"chr2","77266833","77267139","chr9","114786009","114786320","35","37519176"
"chr2","77291369","77291426","chr5","7817287","7817344","6","69474082"
"chr2","77309871","77310180","chr11","101447273","101447578","47","24137402"
"chr2","77367133","77367440","chr9","59842059","59842366","35","17525074"
"chr2","77402176","77402485","chrX","97594986","97595289","39","20192810"
"chr2","77434007","77434288","chr5","141817542","141817822","34","64383535"
"chr2","77523770","77524063","chr19","36698980","36699277","50","40824790"
"chr2","77552601","77552908","chr3","58866049","58866355","23","18686552"
"chr2","77553420","77553703","chr3","58865258","58865541","29","18688162"
"chr2","77585375","77585671","chr3","58833296","58833591","20","18752079"
"chr2","77603061","77603377","chr16","9190501","9190812","45","68412560"
"chr2","77610287","77610599","chr2A","81872121","81872429","37","4261834"
"chr2","77803881","77804165","chr15","52950317","52950594","50","24853564"
"chr2","77884787","77885099","chr3","58505635","58505948","39","19379152"
"chr2","77953607","77953909","chr19","44629779","44630076","48","33323828"
"chr2","78008973","78009268","chr5","45856163","45856467","47","32152810"
"chr2","78106768","78107078","chr7","127657301","127657615","41","49550533"
"chr2","78144484","78144804","chr6","35622489","35622796","43","42521995"
"chr2","78449974","78450278","chr3","57943388","57943697","25","20506586"
"chr2","78504866","78505163","chr2A","79159701","79160000","36","654835"
"chr2","78534633","78534937","chr5","45856163","45856467","41","32678470"
"chr2","78624002","78624179","chr10","115816652","115816829","26","37192650"
"chr2","78634487","78634791","chrX","97594986","97595289","47","18960499"
"chr2","78649147","78649445","chr19","47859775","47860075","33","30789372"
"chr2","78671138","78671443","chr7","29021792","29022096","34","49649346"
"chr2","78721227","78721526","chr3","57687095","57687389","29","21034132"
"chr2","78727453","78727760","chr3","57677671","57677977","27","21049782"
"chr2","78785214","78785504","chr6","39058088","39058377","44","39727126"
"chr2","79022809","79023131","chr6","172892387","172892713","44","93869578"
"chr2","79486170","79486446","chr4","83955527","83955809","36","4469357"
"chr2","79523507","79523814","chr3","56848144","56848462","39","22675363"
"chr2","79573935","79574247","chr2A","10355583","10355893","35","69218352"
"chr2","79736485","79736795","chr3","56639769","56640074","38","23096716"
"chr2","79989401","79989708","chr17","38608208","38608518","37","41381193"
"chr2","80073440","80073704","chr1","198740654","198740923","41","118667214"
"chr2","80175700","80176007","chr14","20972619","20972931","46","59203081"
"chr2","80209027","80209321","chr3","56137564","56137860","24","24071463"
"chr2","80398205","80398512","chr22","17278547","17278858","44","63119658"
"chr2","80432293","80432599","chr4","198295008","198295316","48","117862715"
"chr2","80534159","80534463","chr3","55843499","55843803","23","24690660"
"chr2","80909039","80909351","chr3","49259552","49259862","39","31649487"
"chr2","80919494","80919789","chr5","36374695","36374994","33","44544799"
"chr2","80986567","80986873","chr7","127657301","127657615","40","46670734"
"chr2","81027035","81027346","chr13","59203387","59203695","40","21823648"
"chr2","81052194","81052500","chr3","55283195","55283502","24","25768999"
"chr2","81217836","81218146","chr4","148291174","148291482","42","67073338"
"chr2","81302227","81302540","chr3","187177539","187177847","39","105875312"
"chr2","81740328","81740639","chr7","29021792","29022096","30","52718536"
"chr2","81870388","81870682","chr3","54463540","54463832","17","27406848"
"chr2","81902243","81902532","chr3","54429360","54429663","40","27472883"
"chr2","81911099","81911408","chr9","74575275","74575588","39","7335824"
"chr2","81917493","81917798","chr5","13160492","13160798","36","68757001"
"chr2","82053016","82053319","chr8","22325883","22326185","47","59727133"
"chr2","82057481","82057788","chr15","37451080","37451392","42","44606401"
"chr2","82198116","82198422","chr3","12041820","12042133","43","70156296"
"chr2","82247322","82247630","chr3","54051577","54051881","30","28195745"
"chr2","82301651","82301958","chr1","22955832","22956145","35","59345819"
"chr2","82386551","82386879","chr19","44301518","44301838","38","38085033"
"chr2","82431378","82431695","chr7","127657301","127657615","38","45225923"
"chr2","82622789","82623104","chr14","9537791","9538103","52","73084998"
"chr2","82659203","82659502","chr3","53638610","53638915","23","29020593"
"chr2","82720486","82720784","chr9","67774312","67774613","42","14946174"
"chr2","82808847","82809147","chrX","705896","706197","38","82102951"
"chr2","82814820","82815122","chr3","53489666","53489962","29","29325154"
"chr2","82817500","82817810","chr9","117602519","117602824","30","34785019"
"chr2","82951609","82951914","chr13","55838775","55839085","48","27112834"
"chr2","83026470","83026773","chr3","53283944","53284251","26","29742526"
"chr2","83098126","83098387","chr2A","45796302","45796570","52","37301824"
"chr2","83117702","83118013","chrX","97594986","97595289","40","14477284"
"chr2","83124087","83124386","chr22","34538362","34538671","50","48585725"
"chr2","83284549","83284801","chr10","43187932","43188189","40","40096617"
"chr2","83353170","83353467","chr3","52951985","52952276","27","30401185"
"chr2","83395461","83395748","chr9","81354291","81354584","38","2041170"
"chr2","83624560","83624868","chr1","38451526","38451829","38","45173034"
"chr2","83680043","83680352","chr3","52663913","52664227","28","31016130"
"chr2","83714443","83714743","chr17","8465111","8465410","41","75249332"
"chr2","83736111","83736407","chr11","100391768","100392065","37","16655657"
"chr2","83768218","83768534","chr3","52590223","52590526","31","31177995"
"chr2","83782432","83782717","chr1","224694915","224695201","50","140912483"
"chr2","83833643","83833960","chr2A","21134848","21135157","33","62698795"
"chr2","83872552","83872843","chr4","171953878","171954174","34","88081326"
"chr2","83877664","83877945","chr3","52472418","52472703","34","31405246"
"chr2","83880724","83881016","chr16","12186594","12186889","37","71694130"
"chr2","83881618","83881890","chr3","46088651","46088921","45","37792967"
"chr2","84185610","84185906","chr10","108852377","108852676","39","24666767"
"chr2","84475940","84475973","chr2B","22746166","22746196","16","61729774"
"chr2","84526332","84526640","chr5","45856163","45856467","40","38670169"
"chr2","84539802","84540113","chr1","21869855","21870167","37","62669947"
"chr2","84590826","84591131","chr3","51711909","51712199","39","32878917"
"chr2","85175478","85175777","chr9","70252230","70252529","31","14923248"
"chr2","85230182","85230478","chr7","154438682","154438977","35","69208500"
"chr2","85271009","85271315","chrX","97594986","97595289","44","12323977"
"chr2","85290712","85291018","chr22","34538362","34538671","39","50752350"
"chr2","85309642","85309942","chr9","67126783","67127082","36","18182859"
"chr2","85337471","85337617","chr18","20450921","20451070","25","64886550"
"chr2","85368371","85368628","chr10","43187932","43188189","36","42180439"
"chr2","85372048","85372189","chr7","113774600","113774736","23","28402552"
"chr2","85396661","85396969","chr10","140604064","140604370","41","55207403"
"chr2","85539151","85539457","chr7","72899498","72899802","32","12639653"
"chr2","85559734","85560028","chr1","144529989","144530282","45","58970255"
"chr2","85614517","85614806","chr1","193042953","193043246","36","107428436"
"chr2","85698546","85698801","chr17","2193514","2193766","36","83505032"
"chr2","85785481","85785802","chr5","44467184","44467496","47","41318297"
"chr2","85805350","85805661","chr6","35622489","35622796","40","50182861"
"chr2","85808844","85808975","chr13","1465874","1466004","17","84342970"
"chr2","85880544","85880837","chr7","132389917","132390213","41","46509373"
"chr2","85891124","85891412","chr11","58946039","58946326","53","26945085"
"chr2","85900112","85900423","chr13","55838775","55839085","40","30061337"
"chr2","85925237","85925513","chr17","85853699","85853984","58","71538"
"chr2","85936206","85936507","chr4","37953476","37953776","39","47982730"
"chr2","85983932","85984240","chr3","50326449","50326745","27","35657483"
"chr2","86089454","86089728","chr3","144880561","144880847","58","58791107"
"chr2","86095833","86096009","chr12","29063562","29063741","29","57032271"
"chr2","86145264","86145584","chr15","37451080","37451392","47","48694184"
"chr2","86157631","86157937","chr15","19038608","19038907","33","67119023"
"chr2","86166290","86166598","chr2A","79839508","79839818","44","6326782"
"chr2","86226912","86227213","chr3","135591702","135592003","42","49364790"
"chr2","86228384","86228684","chr11","82956585","82956882","51","3271799"
"chr2","86380994","86381025","chr18","56150677","56150711","6","30230317"
"chr2","86394885","86395165","chr3","49900500","49900781","21","36494385"
"chr2","86408944","86409254","chr14","20972619","20972931","39","65436325"
"chr2","86459799","86460113","chr1","191149848","191150155","39","104690049"
"chr2","86495404","86495709","chr10","111864529","111864838","32","25369125"
"chr2","86504627","86504924","chr1","38451526","38451829","36","48053101"
"chr2","86536507","86536755","chr12","35696479","35696740","43","50840028"
"chr2","86587396","86587699","chr12","103004116","103004415","33","16416720"
"chr2","86713916","86714267","chr1","27389038","27389357","78","59324878"
"chr2","86776506","86776804","chr15","51575964","51576258","39","35200542"
"chr2","86787932","86788232","chr16","17726971","17727271","48","69060961"
"chr2","86846524","86846750","chr7","2943656","2943877","41","83902868"
"chr2","86935666","86935974","chr5","13160492","13160798","34","73775174"
"chr2","87034873","87035186","chr3","49274363","49274680","23","37760510"
"chr2","87056665","87056978","chr3","49259552","49259862","26","37797113"
"chr2","87089594","87089904","chr3","49225823","49226129","25","37863771"
"chr2","87105401","87105683","chr11","61618550","61618834","49","25486851"
"chr2","87106691","87107000","chr5","24415712","24416011","55","62690979"
"chr2","87184973","87185243","chrX","119746098","119746358","53","32561125"
"chr2","87209663","87209961","chr3","49125643","49125940","25","38084020"
"chr2","87210966","87211260","chr3","49125643","49125940","28","38085323"
"chr2","87226810","87227102","chr3","49109003","49109298","37","38117807"
"chr2","87241938","87242253","chr1","40966383","40966697","44","46275555"
"chr2","87246212","87246523","chr19","52547637","52547945","37","34698575"
"chr2","87295081","87295345","chr12","34416561","34416833","54","52878520"
"chr2","87339589","87339873","chr3","48980493","48980778","33","38359096"
"chr2","87478585","87478864","chr17","77615943","77616210","44","9862642"
"chr2","87486957","87487244","chr19","35708412","35708705","63","51778545"
"chr2","87527337","87527636","chr3","48788744","48789038","33","38738593"
"chr2","87536734","87537048","chr8","96727720","96728035","40","9190986"
"chr2","87587320","87587503","chr1","183634497","183634681","26","96047177"
"chr2","87616779","87617091","chr1","205430531","205430844","45","117813752"
"chr2","87623637","87623965","chr3","48704650","48704958","55","38918987"
"chr2","87778291","87778481","chr20","49890887","49891072","29","37887404"
"chr2","87827515","87827821","chr20","35582405","35582711","35","52245110"
"chr2","87896839","87897131","chr2A","45796941","45797235","37","42099898"
"chr2","87927418","87927725","chr3","48392787","48393082","33","39534631"
"chr2","87927888","87928170","chr7","154438682","154438977","50","66510794"
"chr2","87939729","87940019","chr10","136766798","136767102","41","48827069"
"chr2","88013705","88013992","chr3","48317022","48317310","39","39696683"
"chr2","88016580","88016874","chr4","37239708","37239991","39","50776872"
"chr2","88018196","88018506","chr7","29021792","29022096","35","58996404"
"chr2","88087240","88087557","chr14","48191175","48191494","47","39896065"
"chr2","88152816","88153124","chr4","106451241","106451549","39","18298425"
"chr2","88355863","88356224","chr3","47975406","47975722","73","40380457"
"chr2","88429677","88429982","chr5","154317760","154318060","34","65888083"
"chr2","89392442","89392743","chr3","46870980","46871289","29","42521462"
"chr2","89797389","89797701","chr6","35622489","35622796","34","54174900"
"chr2","89841877","89842168","chr8","54146840","54147130","34","35695037"
"chr2","89954344","89954654","chr3","42657205","42657512","40","47297139"
"chr2","90068817","90069131","chr5","138499454","138499768","43","48430637"
"chr2","90134260","90134550","chrUn_CABD030131550v1","8094","8384","33","90126166"
"chr2","90143153","90143438","chr3","46088651","46088921","51","44054502"
"chr2","90185630","90185919","chr19","52434338","52434622","38","37751292"
"chr2","90256685","90256979","chr2A","67056049","67056354","44","23200636"
"chr2","90575751","90576044","chr1","23083897","23084189","38","67491854"
"chr2","90579599","90579901","chr3","45646854","45647154","33","44932745"
"chr2","90688439","90688737","chr3","196115415","196115713","37","105426976"
"chr2","90785072","90785371","chr22","8757305","8757604","32","82027767"
"chr2","90889538","90889832","chr13","31463447","31463746","39","59426091"
"chr2","90919170","90919481","chr7","77452277","77452583","36","13466893"
"chr2","90930954","90931261","chr7","64373628","64373941","44","26557326"
"chr2","91154728","91155025","chr13","31463447","31463746","35","59691281"
"chr2","91460919","91461231","chr17","38608208","38608518","32","52852711"
"chr2","91596205","91596518","chr4","83558656","83558971","41","8037549"
"chr2","91773217","91773510","chr19","45984366","45984662","37","45788851"
"chr2","91825561","91825846","chr8","17570913","17571199","45","74254648"
"chr2","92046205","92046518","chr1","132729492","132729799","35","40683287"
"chr2","92203420","92203733","chr20","35582405","35582711","35","56621015"
"chr2","92274034","92274338","chr1","194446199","194446496","41","102172165"
"chr2","92559300","92559592","chr12","59907829","59908121","34","32651471"
"chr2","92621726","92622021","chr1","180108893","180109189","37","87487167"
"chr2","92679469","92679770","chr9","82578710","82579015","43","10100759"
"chr2","92874796","92875098","chr11","17305005","17305310","27","75569791"
"chr2","92912639","92912951","chr3","43319959","43320268","26","49592680"
"chr2","93110631","93110930","chr12","121416748","121417048","44","28306117"
"chr2","93119197","93119511","chr5","162326402","162326716","40","69207205"
"chr2","93156560","93156870","chr5","22049247","22049559","44","71107313"
"chr2","93160817","93161118","chr3","43072393","43072684","26","50088424"
"chr2","93302050","93302363","chrX","74427130","74427438","41","18874920"
"chr2","93377357","93377670","chr3","2931636","2931947","44","90445721"
"chr2","93426641","93426945","chr3","42822524","42822828","31","50604117"
"chr2","93429274","93429568","chr3","42820234","42820534","32","50609040"
"chr2","93459762","93460070","chr10","140604064","140604370","34","47144302"
"chr2","93599500","93599813","chr3","42657205","42657512","30","50942295"
"chr2","93659409","93659718","chr3","53283944","53284251","39","40375465"
"chr2","93680961","93681270","chrX","151107989","151108296","31","57427028"
"chr2","93700985","93701278","chr12","3042424","3042732","45","90658561"
"chr2","94332482","94332796","chr9","59842059","59842366","40","34490423"
"chr2","94379152","94379463","chr19","30883795","30884107","44","63495357"
"chr2","94912472","94912783","chr4","106451241","106451549","36","11538769"
"chr2","95266267","95266585","chr9","39192863","39193181","37","56073404"
"chr2","95572155","95572461","chr3","40624681","40624979","33","54947474"
"chr2","95668180","95668491","chr17","38608208","38608518","37","57059972"
"chr2","95772652","95772955","chr19","45219719","45220014","45","50552933"
"chr2","95870419","95870750","chr15","67619999","67620309","52","28250420"
"chr2","95871107","95871417","chr17","79404094","79404401","35","16467013"
"chr2","96092448","96092759","chr3","40085381","40085690","25","56007067"
"chr2","96117447","96117728","chr5","40527212","40527505","38","55590235"
"chr2","96232094","96232406","chr3","39939304","39939615","35","56292790"
"chr2","96959630","96959914","chr3","39145965","39146240","33","57813665"
"chr2","97035922","97036227","chr20","21707872","21708172","43","75328050"
"chr2","97128061","97128349","chr6","119750721","119751012","38","22622660"
"chr2","97609104","97609418","chr2B","62227859","62228171","44","35381245"
"chr2","98159327","98159597","chr1","165443346","165443623","51","67284019"
"chr2","98178316","98178616","chr3","37903955","37904260","32","60274361"
"chr2","98300938","98301241","chr1","68097549","68097852","39","30203389"
"chr2","98552663","98552951","chr6","119750721","119751012","36","21198058"
"chr2","98751419","98751734","chr15","67619999","67620309","38","31131420"
"chr2","98888240","98888535","chr1","53460720","53461011","47","45427520"
"chr2","98893042","98893359","chr15","37451080","37451392","51","61441962"
"chr2","98895493","98895794","chr5","122871832","122872131","42","23976339"
"chr2","99297855","99298158","chr1","43904861","43905158","38","55392994"
"chr2","99475661","99475963","chr5","57783045","57783345","43","41692616"
"chr2","99622316","99622621","chr15","21257779","21258089","53","78364537"
"chr2","99700909","99701220","chr22","15277783","15278092","40","84423126"
"chr2","99858821","99859112","chr5","40527212","40527505","37","59331609"
"chr2","99881664","99881960","chr15","42141648","42141949","38","57740016"
"chr2","99903382","99903688","chr9","108229509","108229814","37","8326127"
"chr2","99962850","99963135","chr1","915718","916000","43","99047132"
"chr2","99968329","99968639","chr7","127657301","127657615","31","27688972"
"chr2","99985046","99985359","chr2A","76645115","76645427","39","23339931"
"chr2","99987570","99987878","chr1","132729492","132729799","33","32741922"
"chr2","99992842","99993153","chrX","41587872","41588178","43","58404970"
"chr2","100141523","100141807","chr6","156213541","156213828","43","56072018"
"chr2","100211810","100212112","chr1","27021093","27021389","38","73190717"
"chr2","100310351","100310662","chr1","100887646","100887952","41","577295"
"chr2","100346926","100347212","chr3","188307427","188307730","37","87960501"
"chr2","100489354","100489659","chr1","100887646","100887952","41","398292"
"chr2","100498525","100498824","chr11","80235448","80235745","32","20263077"
"chr2","100519613","100519910","chr10","136766798","136767102","31","36247185"
"chr2","100894670","100894975","chr12","36414589","36414899","44","64480081"
"chr2","100972932","100973215","chr2B","53579008","53579294","40","47393924"
"chr2","100975662","100975972","chr12","78558197","78558505","41","22417465"
"chr2","101016952","101017269","chr11","101447273","101447578","42","430321"
"chr2","101053684","101053962","chr3","187607007","187607288","30","86553323"
"chr2","101059455","101059642","chr1","27190507","27190696","35","73868948"
"chr2","101095623","101095932","chr3","187566904","187567210","25","86471281"
"chr2","101096077","101096375","chr3","187566438","187566736","23","86470361"
"chr2","101265441","101265754","chr5","162326402","162326716","30","61060961"
"chr2","101289041","101289341","chr3","187389554","187389861","37","86100513"
"chr2","101289889","101290218","chr3","187388711","187389012","53","86098822"
"chr2","101308137","101308428","chr3","187371514","187371814","46","86063377"
"chr2","101341705","101342010","chr5","45856163","45856467","39","55485542"
"chr2","101460355","101460641","chr5","63827188","63827485","41","37633167"
"chr2","101487087","101487397","chr17","38608208","38608518","44","62878879"
"chr2","101607160","101607440","chr19","33970963","33971252","47","67636197"
"chr2","101607692","101608009","chr4","198977209","198977521","36","97369517"
"chr2","101619907","101620208","chr6","169689147","169689442","30","68069240"
"chr2","101642785","101643095","chr3","187026404","187026714","24","85383619"
"chr2","101672947","101673263","chr15","69276871","69277183","38","32396076"
"chr2","101728917","101729174","chr12","131788345","131788608","44","30059428"
"chr2","101747267","101747573","chr17","60844392","60844695","37","40902875"
"chr2","101813579","101813885","chrX","124330972","124331269","53","22517393"
"chr2","101827816","101828109","chr9","81354291","81354584","32","20473525"
"chr2","101901059","101901243","chr11","69013830","69014016","28","32887229"
"chr2","101930434","101930606","chr19","41802067","41802242","27","60128367"
"chr2","102058398","102058706","chr3","186587564","186587871","32","84529166"
"chr2","102081179","102081483","chr17","79404094","79404401","45","22677085"
"chr2","102150703","102150999","chr12","3105971","3106266","33","99044732"
"chr2","102249599","102249912","chrX","41587872","41588178","39","60661727"
"chr2","102259452","102259742","chr10","125646260","125646551","32","23386808"
"chr2","102354311","102354636","chr2B","72409719","72410029","50","29944592"
"chr2","102389009","102389327","chr1","40966383","40966697","45","61422626"
"chr2","102418661","102418969","chr5","45856163","45856467","31","56562498"
"chr2","102467269","102467588","chr3","186183996","186184309","39","83716727"
"chr2","102984302","102984572","chr8","68657259","68657529","43","34327043"
"chr2","103635726","103636025","chr3","185006964","185007265","30","81371238"
"chr2","103673414","103673722","chr18","8820811","8821121","41","94852603"
"chr2","103694873","103695011","chr3","184948214","184948339","21","81253341"
"chr2","103704026","103704333","chr1","223532278","223532585","42","119828252"
"chr2","103710236","103710514","chr14","87849883","87850160","40","15860353"
"chr2","103714295","103714584","chr7","73793804","73794096","38","29920491"
"chr2","103756051","103756360","chr11","48152767","48153078","51","55603284"
"chr2","104223097","104223405","chr9","59842059","59842366","40","44381038"
"chr2","104305022","104305317","chr7","72899498","72899802","36","31405524"
"chr2","104504947","104505253","chr5","134844626","134844929","36","30339679"
"chr2","104522577","104522871","chr4","155657331","155657621","32","51134754"
"chr2","104620001","104620285","chr2A","10348885","10349185","48","94271116"
"chr2","104664241","104664553","chr3","183991902","183992202","34","79327661"
"chr2","104691618","104691910","chr1","16018466","16018772","45","88673152"
"chr2","104881651","104881979","chr4","31095244","31095566","49","73786407"
"chr2","104912213","104912524","chr3","183749367","183749684","35","78837154"
"chr2","104940862","104941168","chr10","34684828","34685127","40","70256034"
"chr2","105350839","105351135","chr3","126817334","126817631","39","21466495"
"chr2","105375674","105375989","chr15","37451080","37451392","39","67924594"
"chr2","105721707","105722004","chr2A","10994406","10994705","34","94727301"
"chr2","105731441","105731753","chr7","52058550","52058861","51","53672891"
"chr2","105741381","105741654","chr10","140684085","140684354","43","34942704"
"chr2","105854588","105854884","chr1","27021093","27021389","36","78833495"
"chr2","105937232","105937544","chr5","162326402","162326716","32","56389170"
"chr2","105941572","105941889","chr1","191149848","191150155","36","85208276"
"chr2","106151236","106151530","chr3","182480373","182480663","32","76329137"
"chr2","106175405","106175718","chr17","38608208","38608518","44","67567197"
"chr2","106240272","106240581","chr11","17305005","17305310","48","88935267"
"chr2","106273906","106274218","chr2A","23900758","23901062","39","82373148"
"chr2","106367693","106367995","chr4","199024335","199024640","40","92656642"
"chr2","107318173","107318480","chr3","49125643","49125940","43","58192530"
"chr2","107466900","107467204","chrX","97594986","97595289","32","9871914"
"chr2","107475610","107475898","chr9","60197511","60197800","54","47278099"
"chr2","107489961","107490265","chr3","55843499","55843803","30","51646462"
"chr2","107694524","107694835","chr19","53294783","53295094","39","54399741"
"chr2","107812757","107813046","chrUn_CABD030131550v1","8094","8384","32","107804663"
"chr2","107917613","107917858","chr16","60573376","60573617","37","47344237"
"chr2","107979967","107980274","chr1","40966383","40966697","37","67013584"
"chr2","107982286","107982562","chr3","180668161","180668440","21","72685875"
"chr2","108068426","108068741","chr9","108229509","108229814","47","161083"
"chr2","108327636","108327935","chr9","78896161","78896464","39","29431475"
"chr2","108343561","108343856","chr11","61849401","61849692","36","46494160"
"chr2","108364636","108364932","chr5","160987933","160988228","40","52623297"
"chr2","108387036","108387325","chr19","1355781","1356069","38","107031255"
"chr2","108403378","108403667","chr3","180191944","180192235","33","71788566"
"chr2","108424571","108424883","chr15","37451080","37451392","45","70973491"
"chr2","108439152","108439460","chr3","180155370","180155671","38","71716218"
"chr2","108569802","108570055","chr14","62662099","62662351","48","45907703"
"chr2","108593496","108593797","chr6","14456523","14456825","34","94136973"
"chr2","108626070","108626364","chr10","108870200","108870501","45","244130"
"chr2","109187292","109187574","chr3","119846659","119846944","77","10659367"
"chr2","109301016","109301309","chr17","81504650","81504947","40","27796366"
"chr2","109339233","109339539","chr1","205194362","205194670","52","95855129"
"chr2","109805666","109805963","chr1","23083897","23084189","39","86721769"
"chr2","110196114","110196398","chr1","76486361","76486625","69","33709753"
"chr2","110535779","110536089","chr4","106451241","106451549","35","4084538"
"chr2","110676625","110676896","chr19","50608895","50609181","60","60067730"
"chr2","110722407","110722716","chr3","177778518","177778827","47","67056111"
"chr2","110893854","110894160","chr2B","134434957","134435266","46","23541103"
"chr2","111091191","111091499","chr5","162326402","162326716","43","51235211"
"chr2","111214995","111215267","chr19","52434338","52434622","44","58780657"
"chr2","111513841","111514056","chr3","193932181","193932383","43","82418340"
"chr2","111514630","111514937","chr3","177046486","177046780","27","65531856"
"chr2","111586779","111587089","chr3","176980017","176980322","37","65393238"
"chr2","112195322","112195656","chr19","44301518","44301838","53","67893804"
"chr2","112305902","112306221","chr14","74198044","74198357","43","38107858"
"chr2","112532350","112532603","chr3","176072529","176072790","45","63540179"
"chr2","112860697","112860814","chr2B","66491327","66491448","24","46369370"
"chr2","113011773","113012060","chr8","76998126","76998408","42","36013647"
"chr2","113031713","113031980","chr4","83955527","83955809","39","29076186"
"chr2","113032934","113033241","chr3","175567933","175568240","25","62534999"
"chr2","113056782","113057058","chr5","164937765","164938039","47","51880983"
"chr2","113119633","113119933","chr16","13887526","13887828","35","99232107"
"chr2","113135536","113135848","chr4","106451241","106451549","36","6684295"
"chr2","113140263","113140572","chr3","175468885","175469181","39","62328622"
"chr2","113169665","113169967","chr1","13582785","13583095","50","99586880"
"chr2","113340602","113340899","chr1","27021093","27021389","37","86319509"
"chr2","113404104","113404416","chr16","43413176","43413481","41","69990928"
"chr2","113548924","113549207","chr5","152981291","152981582","47","39432367"
"chr2","113550261","113550589","chr1","157261144","157261453","63","43710883"
"chr2","113889118","113889427","chr3","174740166","174740472","31","60851048"
"chr2","114165907","114166218","chr3","45442458","45442770","56","68723449"
"chr2","114206543","114206864","chr14","89567587","89567900","53","24638956"
"chr2","114710293","114710588","chr3","173868583","173868881","27","59158290"
"chr2","114994244","114994532","chr3","173567555","173567840","34","58573311"
"chr2","115358317","115358613","chr1","28587631","28587928","52","86770686"
"chr2","115359124","115359424","chr8","33426579","33426880","35","81932545"
"chr2","115375815","115376119","chr1","135335882","135336186","44","19960067"
"chr2","115391990","115392302","chr20","35582405","35582711","42","79809585"
"chr2","115412140","115412280","chr3","190148538","190148676","22","74736398"
"chr2","115461503","115461660","chr15","21079920","21080084","30","94381583"
"chr2","115574302","115574619","chr3","172937903","172938224","30","57363601"
"chr2","115717758","115718066","chr2A","31692393","31692699","38","84025365"
"chr2","115830369","115830687","chr3","172682819","172683131","43","56852450"
"chr2","116081575","116081866","chr3","172385433","172385736","28","56303858"
"chr2","116188037","116188349","chr5","82014241","82014539","44","34173796"
"chr2","116282140","116282389","chr19","31376598","31376872","55","84905542"
"chr2","116465572","116465883","chr19","29025419","29025728","34","87440153"
"chr2","117665612","117665916","chr3","170868498","170868803","26","53202886"
"chr2","118630125","118630438","chr17","28027747","28028064","56","90602378"
"chr2","118987397","118987715","chr11","19872208","19872525","55","99115189"
"chr2","119075223","119075535","chr16","48445814","48446125","59","70629409"
"chr2","119139825","119140105","chr10","30706997","30707281","50","88432828"
"chr2","119982361","119982659","chr3","168671669","168671950","48","48689308"
"chr2","120026277","120026589","chr4","198977209","198977521","45","78950932"
"chr2","120194071","120194374","chr17","78517221","78517524","37","41676850"
"chr2","120325072","120325377","chr13","89348099","89348405","50","30976973"
"chr2","120954010","120954315","chr1","17294822","17295124","47","103659188"
"chr2","120993001","120993294","chr5","152981291","152981582","45","31988290"
"chr2","121593117","121593398","chr3","167113612","167113892","21","45520495"
"chr2","121626767","121627076","chr4","198295008","198295316","49","76668241"
"chr2","121849178","121849498","chr2A","21134848","21135157","43","100714330"
"chr2","122999843","123000000","chr3","32744067","32744225","30","90255776"
"chr2","123095053","123095382","chr3","165581661","165581976","58","42486608"
"chr2","123224485","123224794","chr10","115658494","115658816","68","7565991"
"chr2","123396111","123396409","chr10","136766798","136767102","46","13370687"
"chr2","123585061","123585364","chr5","10052630","10052935","45","113532431"
"chr2","123933821","123933906","chr3","164788936","164789021","10","40855115"
"chr2","124229273","124229570","chr19","15927697","15927997","38","108301576"
"chr2","124580014","124580288","chr2A","103932089","103932366","40","20647925"
"chr2","124631633","124631912","chr1","23083897","23084189","50","101547736"
"chr2","124699096","124699407","chr2B","2648213","2648520","36","122050883"
"chr2","124844175","124844488","chr17","38608208","38608518","36","86235967"
"chr2","125047541","125047822","chr3","30335995","30336284","52","94711546"
"chr2","125119993","125120293","chr15","42141648","42141949","35","82978345"
"chr2","125501492","125501789","chr3","163246789","163247085","30","37745297"
"chr2","125867391","125867671","chr6","11278383","11278664","43","114589008"
"chr2","125973784","125974082","chr19","15600699","15601003","37","110373085"
"chr2","125998244","125998531","chr11","7228654","7228943","40","118769590"
"chr2","126141404","126141716","chr12","52850616","52850925","46","73290788"
"chr2","126172209","126172518","chr1","160753833","160754142","46","34581624"
"chr2","126194798","126194953","chrX","45298535","45298685","27","80896263"
"chr2","126201816","126202121","chr4","198295008","198295316","48","72093192"
"chr2","126220803","126221096","chr10","16102299","16102594","44","110118504"
"chr2","126247482","126247629","chr18","20450921","20451070","23","105796561"
"chr2","126306628","126306939","chr4","106451241","106451549","38","19855387"
"chr2","127018447","127018756","chr7","127657301","127657615","30","638854"
"chr2","127039387","127039658","chr4","25318746","25319025","49","101720641"
"chr2","127522753","127523068","chr14","25409384","25409700","38","102113369"
"chr2","127737482","127737780","chr17","38608208","38608518","45","89129274"
"chr2","128578199","128578517","chr3","160076729","160077044","21","31498530"
"chr2","128716974","128717286","chr1","100887646","100887952","34","27829328"
"chr2","129415986","129416289","chr3","49125643","49125940","38","80290343"
"chr2","130007307","130007600","chr16","76354770","76355065","47","53652537"
"chr2","130076736","130077038","chr3","158504638","158504950","31","28427902"
"chr2","130144035","130144336","chr3","158438334","158438633","17","28294299"
"chr2","130163768","130164067","chr12","8893890","8894193","34","121269878"
"chr2","130191665","130191938","chr6","22183171","22183440","41","108008494"
"chr2","130219180","130219501","chr14","20972619","20972931","47","109246561"
"chr2","130230422","130230723","chr3","158328745","158329056","25","28098323"
"chr2","130281860","130282131","chr1","24189834","24190118","39","106092026"
"chr2","130323756","130324055","chr3","134365024","134365327","35","4041268"
"chr2","130487347","130487586","chr11","76501993","76502233","37","53985354"
"chr2","130528923","130529227","chr3","157964715","157965026","36","27435792"
"chr2","130650611","130650917","chr19","51697514","51697817","42","78953097"
"chr2","130980845","130981156","chr19","2494413","2494722","46","128486432"
"chr2","131004167","131004480","chr16","45322659","45322970","38","85681508"
"chr2","131012244","131012549","chr11","47820482","47820795","42","83191762"
"chr2","131026540","131026866","chr11","47944780","47945104","52","83081760"
"chr2","131894842","131895126","chr4","39554171","39554467","52","92340671"
"chr2","132063344","132063655","chr17","79404094","79404401","37","52659250"
"chr2","132473331","132473643","chr1","42870112","42870422","47","89603219"
"chr2","132786972","132787274","chr13","63423787","63424093","43","69363185"
"chr2","132810857","132811165","chr15","67619999","67620309","38","65190858"
"chr2","132872389","132872704","chr4","133128211","133128521","38","255822"
"chr2","132916343","132916642","chr3","155376939","155377230","27","22460596"
"chr2","132931626","132931936","chr12","78558197","78558505","30","54373429"
"chr2","132979446","132979756","chr3","155307549","155307859","23","22328103"
"chr2","133443159","133443416","chr17","6033058","6033324","41","127410101"
"chr2","133794374","133794678","chr19","50345980","50346283","38","83448394"
"chr2","134000236","134000547","chr2A","96359781","96360091","43","37640455"
"chr2","134092736","134092971","chr15","11782703","11782955","42","122310033"
"chr2","134097445","134097739","chr19","57283584","57283879","33","76813861"
"chr2","134758638","134758946","chrX","41587872","41588178","44","93170766"
"chr2","134786428","134786719","chr5","5487375","5487672","47","129299053"
"chr2","134800753","134801062","chr3","153506326","153506641","38","18705573"
"chr2","135431624","135431922","chr9","120437519","120437817","28","14994105"
"chr2","135454687","135454977","chr3","152787953","152788251","33","17333266"
"chr2","135653712","135654022","chr3","53283944","53284251","44","82369768"
"chr2","136064559","136064852","chr3","152175763","152176061","33","16111204"
"chr2","136143587","136143895","chr3","152105050","152105360","25","15961463"
"chr2","136288001","136288305","chr1","29163733","29164039","45","107124268"
"chr2","136314120","136314431","chr7","127657301","127657615","41","8656819"
"chr2","136453835","136454138","chr17","38608208","38608518","45","97845627"
"chr2","136520993","136521309","chr2B","51547860","51548168","46","84973133"
"chr2","136974154","136974464","chr3","58866049","58866355","37","78108105"
"chr2","137290387","137290694","chr4","106451241","106451549","42","30839146"
"chr2","137706584","137706896","chr10","136766798","136767102","45","939786"
"chr2","137957034","137957349","chr12","21276435","21276745","46","116680599"
"chr2","138034563","138034893","chr3","150221609","150221920","55","12187046"
"chr2","138048983","138049303","chr1","54464452","54464778","48","83584531"
"chr2","138089254","138089562","chr2A","18441036","18441339","37","119648218"
"chr2","139145576","139145854","chr3","149118148","149118427","41","9972572"
"chr2","140196408","140196711","chr6","126157601","126157903","39","14038807"
"chr2","140619799","140620111","chr5","162326402","162326716","55","21706603"
"chr2","141081961","141082274","chr5","162326402","162326716","40","21244441"
"chr2","141093977","141094265","chr7","106866736","106867026","54","34227241"
"chr2","141620772","141621000","chr1","180285522","180285755","49","38664750"
"chr2","141719913","141720227","chr15","67619999","67620309","36","74099914"
"chr2","142500287","142500576","chr6","152183201","152183484","42","9682914"
"chr2","142823706","142824016","chr3","145436653","145436953","42","2612947"
"chr2","142868636","142868949","chr19","6616662","6616972","44","136251974"
"chr2","143272393","143272694","chr3","145000780","145001072","43","1728387"
"chr2","143305886","143306169","chr3","144966167","144966448","28","1660281"
"chr2","143391117","143391410","chr3","144880561","144880847","26","1489444"
"chr2","143557236","143557548","chr15","67619999","67620309","38","75937237"
"chr2","143602239","143602534","chr19","1355781","1356069","41","142246458"
"chr2","143940241","143940554","chr1","141361647","141361958","37","2578594"
"chr2","144021022","144021313","chrX","973699","973991","42","143047323"
"chr2","144107189","144107491","chr8","30072940","30073247","32","114034249"
"chr2","144124728","144125041","chr2B","98377839","98378150","41","45746889"
"chr2","144161779","144162072","chr4","171953878","171954174","36","27792099"
"chr2","144164452","144164764","chr2A","10355583","10355893","29","133808869"
"chr2","144167820","144168085","chr2A","46646404","46646666","44","97521416"
"chr2","144176917","144177198","chr3","143993568","143993857","28","183349"
"chr2","144256134","144256450","chr7","76735395","76735710","37","67520739"
"chr2","144310618","144310911","chr3","143836492","143836780","32","474126"
"chr2","144414014","144414316","chr10","108870200","108870501","36","35543814"
"chr2","144587257","144587546","chr7","57026293","57026584","38","87560964"
"chr2","144646350","144646655","chr3","143498325","143498630","25","1148025"
"chr2","144797974","144798286","chr3","143342064","143342367","36","1455910"
"chr2","145006502","145006808","chr3","143118697","143119002","27","1887805"
"chr2","145084424","145084737","chr1","100887646","100887952","40","44196778"
"chr2","145444937","145445186","chr3","142673959","142674216","32","2770978"
"chr2","145998536","145998829","chr1","144529989","144530282","34","1468547"
"chr2","146577403","146577715","chr3","187177539","187177847","42","40600136"
"chr2","146617203","146617497","chr20","51641292","51641587","39","94975911"
"chr2","146740691","146741005","chr5","23595371","23595677","45","123145320"
"chr2","147140508","147140799","chrX","40197721","40198013","34","106942787"
"chr2","147162093","147162388","chr3","140944975","140945265","24","6217118"
"chr2","147162761","147163065","chr9","82578710","82579015","40","64584051"
"chr2","147174241","147174546","chr20","34210995","34211307","54","112963246"
"chr2","147178935","147179244","chr22","29183669","29183981","49","117995266"
"chr2","147591089","147591399","chr13","20775986","20776294","50","126815103"
"chr2","147656554","147656853","chr3","140456692","140456991","28","7199862"
"chr2","147859124","147859436","chr3","140232686","140232998","37","7626438"
"chr2","148264919","148265224","chr3","139813388","139813699","35","8451531"
"chr2","148542648","148542957","chr5","162326402","162326716","39","13783754"
"chr2","148793757","148793899","chr9","45575153","45575275","29","103218604"
"chr2","148876133","148876435","chr10","46860727","46861023","39","102015406"
"chr2","148880160","148880415","chr7","105061299","105061571","65","43818861"
"chr2","148929363","148929532","chr3","139120006","139120171","20","9809357"
"chr2","149086595","149086896","chr3","138929405","138929697","40","10157190"
"chr2","149131356","149131675","chr13","62764436","62764745","41","86366920"
"chr2","149132246","149132525","chr8","77218976","77219261","48","71913270"
"chr2","149213076","149213368","chr3","138800717","138801030","35","10412359"
"chr2","149226775","149227084","chr3","138785504","138785812","30","10441271"
"chr2","149238540","149238841","chr7","138662760","138663060","41","10575780"
"chr2","149533954","149534247","chr9","112034608","112034905","43","37499346"
"chr2","149698160","149698477","chr9","70252230","70252529","53","79445930"
"chr2","150382551","150382838","chr13","33361251","33361548","40","117021300"
"chr2","151373295","151373615","chr7","127657301","127657615","42","23715994"
"chr2","151488230","151488525","chr14","56751905","56752203","40","94736325"
"chr2","151560244","151560554","chr17","9234226","9234536","40","142326018"
"chr2","151597822","151598135","chr15","37451080","37451392","43","114146742"
"chr2","151706732","151707033","chrX","97594986","97595289","36","54111746"
"chr2","152154547","152154841","chr9","74575275","74575588","43","77579272"
"chr2","152184667","152184946","chr13","14889607","14889891","38","137295060"
"chr2","152235433","152235734","chr17","8465111","8465410","34","143770322"
"chr2","152318410","152318710","chr3","135591702","135592003","22","16726708"
"chr2","152357731","152358050","chr12","40495896","40496211","66","111861835"
"chr2","152360842","152361151","chr5","53683183","53683498","41","98677659"
"chr2","152417325","152417638","chr3","135487591","135487899","33","16929734"
"chr2","153206602","153206903","chr3","134626363","134626660","33","18580239"
"chr2","153227421","153227717","chr7","154438682","154438977","30","1211261"
"chr2","153399245","153399539","chr12","34749700","34749997","29","118649545"
"chr2","153401595","153401819","chr19","5961507","5961735","29","147440088"
"chr2","153467126","153467424","chr3","134365024","134365327","23","19102102"
"chr2","153483254","153483560","chr15","11987743","11988049","36","141495511"
"chr2","154051439","154051666","chr6","161107944","161108165","44","7056505"
"chr2","154172991","154173148","chr17","8148578","8148726","21","146024413"
"chr2","154670087","154670399","chr3","133144831","133145142","21","21525256"
"chr2","154870496","154870792","chr5","64412943","64413252","58","90457553"
"chr2","154909204","154909493","chr3","193246656","193246941","44","38337452"
"chr2","155363358","155363659","chr3","132376238","132376535","29","22987120"
"chr2","155477880","155478190","chr7","127657301","127657615","40","27820579"
"chr2","155849309","155849611","chr3","15697432","15697731","26","140151877"
"chr2","156092020","156092226","chr4","111252338","111252552","31","44839682"
"chr2","156155760","156156065","chr4","6791870","6792178","46","149363890"
"chr2","156265116","156265427","chr5","162326402","162326716","43","6061286"
"chr2","156703924","156704228","chr6","37682797","37683102","40","119021127"
"chr2","156844388","156844693","chr1","35990880","35991182","36","120853508"
"chr2","157694655","157694961","chr2B","62355349","62355658","38","95339306"
"chr2","158014834","158015123","chr3","17943764","17944066","36","140071070"
"chr2","158210457","158210758","chr2B","124790616","124790915","43","33419841"
"chr2","158439882","158440180","chr3","33692080","33692378","36","124747802"
"chr2","160051527","160051833","chr3","20080922","20081225","24","139970605"
"chr2","160052899","160053205","chr3","20080922","20081225","24","139971977"
"chr2","160373074","160373405","chr5","121627382","121627706","53","38745692"
"chr2","160943674","160943985","chr3","197346369","197346679","43","36402695"
"chr2","161264797","161265107","chr14","74671804","74672116","45","86592993"
"chr2","161786477","161786766","chr3","21937179","21937464","34","139849298"
"chr2","161902012","161902310","chr2B","125039405","125039704","29","36862607"
"chr2","162394263","162394562","chr2B","16242998","16243299","42","146151265"
"chr2","162465347","162465652","chr1","205504083","205504391","43","43038736"
"chr2","163277582","163277873","chr3","23426336","23426635","40","139851246"
"chr2","163472490","163472730","chr17","40298402","40298619","48","123174088"
"chr2","164020823","164021104","chr3","24211989","24212262","24","139808834"
"chr2","164034688","164034977","chr3","24226115","24226415","31","139808573"
"chr2","164074365","164074668","chr3","24262443","24262749","31","139811922"
"chr2","164094300","164094586","chr1","164360315","164360602","38","266015"
"chr2","164104113","164104411","chr15","44467276","44467574","33","119636837"
"chr2","164225204","164225507","chrX","97594986","97595289","37","66630218"
"chr2","164254405","164254713","chr4","173568856","173569161","40","9314451"
"chr2","164305629","164305924","chr6","169689147","169689442","43","5383518"
"chr2","164341727","164342029","chr4","4362473","4362769","37","159979254"
"chr2","164356586","164356905","chr6","172892387","172892713","48","8535801"
"chr2","164390858","164391170","chr1","45529178","45529489","40","118861680"
"chr2","164778421","164778699","chr5","127775845","127776134","48","37002576"
"chr2","164846192","164846455","chr12","131788345","131788608","43","33057847"
"chr2","164939309","164939603","chr17","9644327","9644622","31","155294982"
"chr2","165037467","165037780","chrX","41587872","41588178","37","123449595"
"chr2","165423928","165424240","chr2A","81177924","81178240","39","84246004"
"chr2","165487489","165487789","chr3","25685271","25685584","41","139802218"
"chr2","165491152","165491443","chr3","25688949","25689242","34","139802203"
"chr2","165945167","165945459","chr18","21756959","21757258","35","144188208"
"chr2","166109134","166109445","chr5","162326402","162326716","36","3782732"
"chr2","166111229","166111524","chr8","78695489","78695787","43","87415740"
"chr2","166127431","166127529","chr3","26335971","26336070","10","139791460"
"chr2","166321150","166321449","chr2A","5772792","5773090","37","160548358"
"chr2","166896046","166896379","chr10","15529004","15529338","53","151367042"
"chr2","167010632","167010937","chr10","136766798","136767102","34","30243834"
"chr2","167435960","167436256","chr8","61897078","61897377","41","105538882"
"chr2","167637019","167637328","chr3","27878626","27878927","32","139758393"
"chr2","167705389","167705705","chr2A","103881939","103882244","57","63823450"
"chr2","167783381","167783696","chr22","32422358","32422671","39","135361023"
"chr2","168039705","168040010","chr6","35622489","35622796","33","132417216"
"chr2","168180475","168180787","chr17","38608208","38608518","40","129572267"
"chr2","168228558","168228858","chr4","100118727","100119024","49","68109831"
"chr2","168262978","168263274","chr14","58578318","58578620","54","109684660"
"chr2","168293946","168294258","chr17","24583359","24583669","42","143710587"
"chr2","168556750","168557048","chr13","1928890","1929189","33","166627860"
"chr2","168911587","168911898","chr1","133746278","133746584","38","35165309"
"chr2","169013927","169014217","chr9","79965468","79965758","37","89048459"
"chr2","169221552","169221867","chr5","25211209","25211524","44","144010343"
"chr2","169683856","169684164","chr3","29946623","29946922","40","139737233"
"chr2","169859657","169859972","chr17","79404094","79404401","42","90455563"
"chr2","170067063","170067364","chr3","30335995","30336284","32","139731068"
"chr2","170169959","170170241","chr19","16298872","16299156","29","153871087"
"chr2","171030925","171031230","chr22","8421887","8422192","46","162609038"
"chr2","171796056","171796350","chr3","32060233","32060527","31","139735823"
"chr2","172065633","172065853","chr3","193932181","193932383","38","21866548"
"chr2","172076133","172076435","chr2B","124078688","124078987","33","47997445"
"chr2","172147690","172147997","chr6","17608929","17609236","39","154538761"
"chr2","172181931","172182240","chr1","13582785","13583095","35","158599146"
"chr2","172290965","172291266","chr8","33426579","33426880","42","138864386"
"chr2","172364981","172365272","chr1","194446199","194446496","34","22081218"
"chr2","172496912","172497222","chr5","164809652","164809960","40","7687260"
"chr2","172824517","172824779","chr15","52950317","52950594","51","119874200"
"chr2","172892765","172893059","chr20","13778704","13778989","42","159114061"
"chr2","172893660","172893959","chr15","19304840","19305139","40","153588820"
"chr2","172900925","172901088","chr9","11179627","11179785","28","161721298"
"chr2","172913484","172913721","chr3","70364899","70365150","52","102548585"
"chr2","173082378","173082668","chrX","18200876","18201163","42","154881502"
"chr2","173156074","173156390","chr3","33449186","33449496","29","139706888"
"chr2","173157747","173158063","chr3","33450785","33451108","38","139706962"
"chr2","173187894","173188178","chr1","24189834","24190118","39","148998060"
"chr2","173200811","173201125","chr3","33508917","33509221","32","139691894"
"chr2","173356574","173356876","chr1","45200317","45200620","50","128156257"
"chr2","173381694","173382005","chr3","158501942","158502247","41","14879752"
"chr2","173419776","173420074","chr13","63423787","63424093","43","109995989"
"chr2","173483597","173483906","chr3","33689733","33690039","42","139793864"
"chr2","173487714","173488013","chr3","33786767","33787066","24","139700947"
"chr2","173620470","173620744","chr14","30944969","30945253","49","142675501"
"chr2","173699058","173699388","chr10","15529004","15529338","51","158170054"
"chr2","173789525","173789819","chr2A","59985648","59985942","40","113803877"
"chr2","174042695","174042984","chr3","34383326","34383605","37","139659369"
"chr2","174073303","174073590","chr1","23083897","23084189","47","150989406"
"chr2","174829965","174830255","chr10","129431275","129431563","47","45398690"
"chr2","175261408","175261622","chr3","193932181","193932383","46","18670773"
"chr2","175526435","175526744","chr3","35913629","35913937","13","139612806"
"chr2","176834986","176835139","chr3","198623790","198623952","26","21788804"
"chr2","176836041","176836355","chr3","189917481","189917788","34","13081440"
"chr2","176934851","176935165","chr2A","79839508","79839818","43","97095343"
"chr2","177036520","177036802","chr1","24189834","24190118","47","152846686"
"chr2","177060164","177060450","chr1","23959364","23959650","35","153100800"
"chr2","177377764","177378023","chr2B","72567730","72567984","50","104810034"
"chr2","177421508","177421803","chr2B","126006887","126007184","35","51414621"
"chr2","177512297","177512533","chr22","19333163","19333397","42","158179134"
"chr2","177915366","177915666","chr19","57118880","57119186","45","120796486"
"chr2","178106766","178107046","chr3","191272284","191272568","39","13165518"
"chr2","178148995","178149257","chr12","76915481","76915745","46","101233514"
"chr2","178178311","178178603","chr3","191348132","191348416","36","13169821"
"chr2","178211004","178211322","chr5","26135906","26136209","49","152075098"
"chr2","178280042","178280353","chr10","36119294","36119606","42","142160748"
"chr2","178359180","178359494","chr16","66436699","66437011","50","111922481"
"chr2","178579725","178580031","chr3","191784702","191785012","33","13204977"
"chr2","178688858","178689165","chrX","97594986","97595289","37","81093872"
"chr2","178928559","178928848","chr10","129431275","129431563","32","49497284"
"chr2","178974192","178974503","chr9","74575275","74575588","43","104398917"
"chr2","179445783","179446115","chr6","172892387","172892713","50","6553396"
"chr2","179779094","179779303","chr2A","82678716","82678930","36","97100378"
"chr2","179823447","179823752","chr14","32972455","32972755","43","146850992"
"chr2","180006776","180007082","chr15","42141648","42141949","32","137865128"
"chr2","180079347","180079654","chr3","193320266","193320578","38","13240919"
"chr2","180124903","180125213","chrX","41587872","41588178","44","138537031"
"chr2","180176710","180177008","chrX","15138629","15138928","39","165038081"
"chr2","180349819","180350099","chr14","10151702","10151986","51","170198117"
"chr2","180634821","180635126","chr3","197346369","197346679","33","16711548"
"chr2","181218994","181219294","chr3","194504922","194505225","29","13285928"
"chr2","181520158","181520198","chrX","97446042","97446092","14","84074116"
"chr2","181545328","181545547","chr15","61663748","61663960","54","119881580"
"chr2","181581623","181581926","chr17","8465111","8465410","45","173116512"
"chr2","181877978","181878284","chr3","195189989","195190288","37","13312011"
"chr2","181907443","181907734","chr5","51485013","51485305","41","130422430"
"chr2","182418338","182418631","chr3","195766033","195766330","40","13347695"
"chr2","182433069","182433376","chr11","64407849","64408159","45","118025220"
"chr2","182722017","182722321","chr15","67619999","67620309","42","115102018"
"chr2","182839306","182839598","chr17","8465111","8465410","43","174374195"
"chr2","182856902","182857192","chr6","169689147","169689442","34","13167755"
"chr2","182909291","182909605","chr7","18509561","18509873","42","164399730"
"chr2","182921411","182921712","chr5","45856163","45856467","34","137065248"
"chr2","182975004","182975304","chr4","96972200","96972495","34","86002804"
"chr2","183347697","183348004","chr1","132729492","132729799","46","50618205"
"chr2","183417438","183417749","chr3","2931636","2931947","40","180485802"
"chr2","183420732","183421036","chr11","17305005","17305310","28","166115727"
"chr2","183475961","183476265","chr5","36374695","36374994","40","147101266"
"chr2","183561724","183562010","chr6","29230763","29231056","39","154330961"
"chr2","183716736","183717032","chr3","197120930","197121230","26","13404194"
"chr2","183931343","183931656","chr4","195335628","195335940","37","11404285"
"chr2","183997137","183997436","chr1","35990880","35991182","44","148006257"
"chr2","184028843","184029143","chr10","36114158","36114452","40","147914685"
"chr2","184046504","184046782","chr2B","125971605","125971887","39","58074899"
"chr2","184062942","184063253","chr3","197478809","197479109","33","13415867"
"chr2","184138024","184138258","chr2B","30778127","30778363","46","153359897"
"chr2","184297174","184297484","chr6","35622489","35622796","40","148674685"
"chr2","184305941","184306236","chr11","117188078","117188372","36","67117863"
"chr2","184306634","184306943","chr11","27442623","27442932","31","156864011"
"chr2","184335566","184335890","chr7","151479273","151479586","51","32856293"
"chr2","184414079","184414381","chr3","197832838","197833134","37","13418759"
"chr2","184471737","184472046","chr3","197889107","197889413","26","13417370"
"chr2","184536556","184536860","chr13","62764436","62764745","36","121772120"
"chr2","184624748","184625055","chr3","198045470","198045767","30","13420722"
"chr2","184978686","184978987","chr19","47859775","47860075","30","137118911"
"chr2","185477212","185477532","chr20","35582405","35582711","34","149894807"
"chr2","185593150","185593451","chr9","67126783","67127082","38","118466367"
"chr2","185594954","185595275","chr4","97869071","97869381","50","87725883"
"chr2","185659654","185659961","chr19","16602118","16602424","39","169057536"
"chr2","185739875","185740176","chr3","200664126","200664415","35","14924251"
"chr2","185765977","185766314","chr14","85461757","85462083","52","100304220"
"chr2","185772126","185772435","chr13","56111657","56111965","43","129660469"
"chr2","185819929","185819993","chr3","144149690","144149758","9","41670239"
"chr2","185973789","185974072","chr1","24189834","24190118","40","161783955"
"chr2","186044427","186044686","chr7","95873950","95874217","56","90170477"
"chr2","186241940","186242244","chr8","82903381","82903687","48","103338559"
"chr2","186251262","186251503","chr2A","65259267","65259509","39","120991995"
"chr2","186303952","186304249","chr1","27021093","27021389","40","159282859"
"chr2","186329351","186329630","chr15","52950317","52950594","40","133379034"
"chr2","186350366","186350645","chr3","200103293","200103591","50","13752927"
"chr2","186463816","186464030","chr6","161107944","161108165","30","25355872"
"chr2","186489675","186489850","chr1","93213772","93213948","29","93275903"
"chr2","186490046","186490335","chr19","35385832","35386124","47","151104214"
"chr2","186519100","186519412","chr20","32211306","32211614","37","154307794"
"chr2","186522125","186522435","chr3","199928410","199928722","29","13406285"
"chr2","186561903","186562189","chr8","42210101","42210398","47","144351802"
"chr2","186735160","186735473","chr5","45856163","45856467","41","140878997"
"chr2","186765199","186765496","chr3","199719293","199719595","33","12954094"
"chr2","186765509","186765810","chr5","160987933","160988228","48","25777576"
"chr2","186799838","186800150","chr3","199687731","199688037","37","12887893"
"chr2","186832519","186832815","chr3","103740201","103740497","32","83092318"
"chr2","186838611","186838889","chr4","116467392","116467678","43","70371219"
"chr2","186874682","186874983","chr17","8465111","8465410","34","178409571"
"chr2","186989402","186989705","chr5","13160492","13160798","35","173828910"
"chr2","186990931","186991119","chr15","12839071","12839262","29","174151860"
"chr2","186995282","186995450","chr6","141107307","141107479","24","45887975"
"chr2","187030422","187030723","chr17","7818044","7818344","42","179212378"
"chr2","187044405","187044706","chr1","35407910","35408211","37","151636495"
"chr2","187050930","187051245","chr16","49258474","49258790","50","137792456"
"chr2","187089031","187089309","chr8","142792910","142793193","50","44296121"
"chr2","187094356","187094662","chr5","152478996","152479296","41","34615360"
"chr2","187106158","187106383","chr18","27822115","27822332","34","159284043"
"chr2","187106908","187107001","chrX","111811533","111811626","24","75295375"
"chr2","187165653","187165802","chr1","134107846","134107997","21","53057807"
"chr2","187175177","187175475","chr1","185054973","185055268","37","2120204"
"chr2","187214708","187215014","chr1","100887646","100887952","32","86327062"
"chr2","187251899","187252207","chr4","173568856","173569161","35","13683043"
"chr2","187305543","187305851","chr1","205194362","205194670","34","17888819"
"chr3","17432555","17432866","chr4","198295008","198295316","36","180862453"
"chr3","66322285","66322597","chr9","74575275","74575588","38","8252990"
"chr3","259920","260228","chr13","89348099","89348405","42","89088179"
"chr3","345466","345761","chr7","154438682","154438977","41","154093216"
"chr3","441407","441701","chr3","158438334","158438633","37","157996927"
"chr3","464360","464672","chr19","40734404","40734716","33","40270044"
"chr3","808771","809078","chr21","37132412","37132719","23","36323641"
"chr3","875907","876201","chr21","37062768","37063055","36","36186861"
"chr3","1127778","1128086","chr20","35582405","35582711","34","34454627"
"chr3","1661331","1661627","chr21","36197417","36197712","28","34536086"
"chr3","1796983","1797295","chrX","51034227","51034538","35","49237244"
"chr3","1933025","1933336","chr21","35938756","35939068","30","34005731"
"chr3","1980661","1980974","chr1","100887646","100887952","41","98906985"
"chr3","2125489","2125799","chr13","12804911","12805215","46","10679422"
"chr3","2301535","2301854","chr2A","21134848","21135157","37","18833313"
"chr3","2305272","2305563","chr5","33727432","33727720","40","31422160"
"chr3","2408547","2408859","chr12","3042424","3042732","42","633877"
"chr3","2446747","2447046","chr5","160987933","160988228","41","158541186"
"chr3","2471012","2471324","chr1","109323755","109324067","39","106852743"
"chr3","2491894","2492202","chr1","132729492","132729799","40","130237598"
"chr3","2772019","2772288","chr1","25513043","25513335","55","22741024"
"chr3","2852395","2852705","chr1","193093295","193093604","49","190240900"
"chr3","2917023","2917313","chrUn_CABD030131550v1","8094","8384","37","2908929"
"chr3","2923252","2923550","chr10","108852377","108852676","35","105929125"
"chr3","3000965","3001238","chr21","34811777","34812045","25","31810812"
"chr3","3021006","3021316","chr17","38608208","38608518","33","35587202"
"chr3","3105160","3105463","chr21","34703739","34704048","25","31598579"
"chr3","3106672","3106801","chr9","45575153","45575275","25","42468481"
"chr3","3161551","3161856","chr21","34638605","34638910","22","31477054"
"chr3","3420084","3420380","chr15","42141648","42141949","37","38721564"
"chr3","3485889","3486198","chr21","34312524","34312825","40","30826635"
"chr3","3606591","3606884","chr5","64763044","64763340","37","61156453"
"chr3","3611422","3611721","chr1","10843872","10844174","43","7232450"
"chr3","3731080","3731381","chr4","138472993","138473286","40","134741913"
"chr3","3747471","3747779","chr9","70252230","70252529","42","66504759"
"chr3","3783630","3783941","chr9","82578710","82579015","51","78795080"
"chr3","3823635","3823950","chr3","45442458","45442770","47","41618823"
"chr3","3872481","3872753","chr6","75445943","75446227","49","71573462"
"chr3","3899804","3900117","chr5","45856163","45856467","39","41956359"
"chr3","3921675","3921975","chr17","8465111","8465410","29","4543436"
"chr3","4225404","4225702","chr12","117088484","117088786","35","112863080"
"chr3","4299595","4299906","chr3","158397250","158397564","56","154097655"
"chr3","4428687","4428999","chr6","99068898","99069202","40","94640211"
"chr3","4579091","4579397","chr1","132554974","132555276","34","127975883"
"chr3","4753599","4753878","chr7","129430880","129431159","54","124677281"
"chr3","5066654","5066948","chr1","185054973","185055268","29","179988319"
"chr3","5177104","5177406","chr19","17050826","17051125","36","11873722"
"chr3","5867438","5867698","chr1","107068394","107068658","42","101200956"
"chr3","6172363","6172415","chr5","104789932","104789989","14","98617569"
"chr3","6172416","6172621","chr10","141929565","141929770","36","135757149"
"chr3","6172762","6173039","chr17","84026588","84026866","55","77853826"
"chr3","6278144","6278460","chr21","31556506","31556818","33","25278362"
"chr3","6561899","6562165","chr15","44703221","44703496","55","38141322"
"chr3","6729361","6729668","chr7","127657301","127657615","48","120927940"
"chr3","7057164","7057464","chr2B","134955144","134955446","44","127897980"
"chr3","7092196","7092480","chr8","126553995","126554284","39","119461799"
"chr3","7214680","7214986","chr7","48203278","48203590","41","40988598"
"chr3","7216691","7216900","chr7","158117766","158117973","35","150901075"
"chr3","7245960","7246256","chr5","160987933","160988228","37","153741973"
"chr3","7298394","7298703","chr5","26969980","26970283","33","19671586"
"chr3","7313930","7314195","chr21","30452051","30452312","33","23138121"
"chr3","7327674","7327970","chr17","81504650","81504947","35","74176976"
"chr3","7380847","7381159","chr6","6752789","6753094","40","628058"
"chr3","7810225","7810559","chr8","25754244","25754574","56","17944019"
"chr3","7841309","7841616","chr4","40072459","40072768","45","32231150"
"chr3","8129344","8129638","chr15","317863","318162","50","7811481"
"chr3","8256678","8256988","chr21","29470353","29470659","35","21213675"
"chr3","8606088","8606394","chr13","34006475","34006766","49","25400387"
"chr3","9042712","9042983","chrUn_CABD030131550v1","8094","8384","47","9034618"
"chr3","9046785","9047075","chr5","164441619","164441900","74","155394834"
"chr3","9215847","9216147","chrX","97594986","97595289","40","88379139"
"chr3","9322861","9323156","chr10","34684828","34685127","34","25361967"
"chr3","9446480","9446794","chr14","47857829","47858141","38","38411349"
"chr3","9503057","9503349","chr1","185054973","185055268","40","175551916"
"chr3","9526447","9526709","chr12","58649183","58649459","47","49122736"
"chr3","9540896","9541209","chr4","173568856","173569161","35","164027960"
"chr3","9554239","9554544","chr3","200810389","200810699","42","191256150"
"chr3","9556202","9556509","chr3","200810389","200810699","42","191254187"
"chr3","9607625","9607920","chr1","144529989","144530282","32","134922364"
"chr3","9616084","9616330","chr4","80678750","80678995","41","71062666"
"chr3","9731392","9731692","chr1","31986631","31986926","47","22255239"
"chr3","9834934","9835239","chr6","36758852","36759156","45","26923918"
"chr3","9955828","9956102","chr4","83955527","83955809","33","73999699"
"chr3","10085023","10085325","chr1","182138307","182138613","35","172053284"
"chr3","10091442","10091746","chr7","72899498","72899802","33","62808056"
"chr3","10104660","10104964","chr4","198798700","198799005","34","188694040"
"chr3","10127169","10127472","chr17","8465111","8465410","33","1662058"
"chr3","10150253","10150552","chr4","39188125","39188428","44","29037872"
"chr3","10170185","10170476","chr18","17496269","17496567","38","7326084"
"chr3","10171714","10172019","chr8","74261100","74261405","40","64089386"
"chr3","10178555","10178856","chr21","27492939","27493232","35","17314384"
"chr3","10179782","10179952","chr21","27491844","27492014","14","17312062"
"chr3","10183344","10183647","chr21","27488203","27488474","55","17304859"
"chr3","10195725","10196033","chr9","82578710","82579015","34","72382985"
"chr3","10213919","10214220","chr15","19038608","19038907","51","8824689"
"chr3","10218336","10218634","chr9","67126783","67127082","33","56908447"
"chr3","10263261","10263581","chr21","27408479","27408766","54","17145218"
"chr3","10266515","10266809","chr4","155657331","155657621","41","145390816"
"chr3","10292755","10293057","chr9","67126783","67127082","33","56834028"
"chr3","10359543","10359855","chr2A","10355583","10355893","26","3960"
"chr3","10522848","10523149","chr10","136766798","136767102","28","126243950"
"chr3","10546294","10546600","chr20","35582405","35582711","37","25036111"
"chr3","10580917","10581212","chr14","40634082","40634382","40","30053165"
"chr3","11269495","11269768","chr5","20856959","20857224","47","9587464"
"chr3","11527550","11527832","chr1","24189834","24190118","38","12662284"
"chr3","11599370","11599690","chr19","48749897","48750207","48","37150527"
"chr3","11674487","11674789","chr2A","103881939","103882244","31","92207452"
"chr3","11800607","11800923","chr17","12349722","12350033","40","549115"
"chr3","11953132","11953435","chr5","45856163","45856467","32","33903031"
"chr3","12052055","12052351","chr17","8465111","8465410","31","3586944"
"chr3","12475648","12475963","chr21","25129589","25129900","37","12653941"
"chr3","12476553","12476860","chr21","25129589","25129900","38","12653036"
"chr3","12542496","12542794","chr5","122702004","122702298","37","110159508"
"chr3","12549875","12550149","chr1","154799917","154800192","52","142250042"
"chr3","12752532","12752837","chr4","106451241","106451549","37","93698709"
"chr3","12843250","12843512","chr21","24750099","24750349","38","11906849"
"chr3","12911105","12911419","chr19","18263442","18263752","38","5352337"
"chr3","12922695","12922986","chr9","120437519","120437817","34","107514824"
"chr3","13051450","13051761","chr6","6752789","6753094","56","6298661"
"chr3","13069807","13070108","chr10","94348044","94348346","53","81278237"
"chr3","13114979","13115286","chr19","16079072","16079378","52","2964093"
"chr3","13245278","13245585","chr20","35582405","35582711","41","22337127"
"chr3","13360863","13361183","chr16","80407225","80407535","46","67046362"
"chr3","13811082","13811409","chr7","4782096","4782422","57","9028986"
"chr3","13829641","13829933","chr11","65859363","65859654","39","52029722"
"chr3","13940353","13940684","chr4","6088916","6089250","59","7851437"
"chr3","13996184","13996488","chr21","23580989","23581298","40","9584805"
"chr3","14173869","14174190","chr21","23408335","23408650","39","9234466"
"chr3","14409390","14409703","chr7","45520039","45520349","42","31110649"
"chr3","14434866","14435175","chr11","65334802","65335112","44","50899936"
"chr3","14611909","14612209","chr21","22989742","22990031","40","8377833"
"chr3","14625049","14625322","chr14","14109504","14109789","49","515545"
"chr3","14630604","14630881","chr1","24189834","24190118","35","9559230"
"chr3","14740417","14740717","chr2B","99512257","99512553","37","84771840"
"chr3","14863797","14864073","chr22","24788380","24788656","37","9924583"
"chr3","14864449","14864744","chr19","15663733","15664037","51","799284"
"chr3","14871807","14872106","chr13","83156229","83156538","40","68284422"
"chr3","14887560","14887853","chr5","160987933","160988228","42","146100373"
"chr3","14994592","14994876","chr11","46969394","46969676","29","31974802"
"chr3","14997762","14998073","chr22","29802263","29802572","38","14804501"
"chr3","15049296","15049603","chr6","6752789","6753094","33","8296507"
"chr3","15052199","15052399","chr21","27572893","27573087","29","12520694"
"chr3","15062084","15062398","chr21","22526837","22527146","26","7464753"
"chr3","15119951","15120253","chr2B","95425788","95426089","33","80305837"
"chr3","15215364","15215647","chr3","191272284","191272568","47","176056920"
"chr3","15334338","15334608","chr3","155409710","155409966","38","140075372"
"chr3","15492099","15492404","chr3","3628864","3629165","53","11863235"
"chr3","15673066","15673379","chr17","12349722","12350033","46","3323344"
"chr3","15845741","15846016","chr7","55894080","55894358","51","40048339"
"chr3","15919477","15919749","chr2A","1587097","1587372","46","14332380"
"chr3","16025245","16025541","chr5","36374695","36374994","29","20349450"
"chr3","16193156","16193466","chr7","154326164","154326473","41","138133008"
"chr3","16288499","16288803","chr18","20772708","20773013","38","4484209"
"chr3","16300620","16300915","chr21","21348195","21348491","31","5047575"
"chr3","16376981","16377147","chr1","14249496","14249656","27","2127485"
"chr3","16546938","16547236","chr5","64763044","64763340","40","48216106"
"chr3","16823309","16823590","chr19","8418292","8418574","56","8405017"
"chr3","16892758","16893058","chr1","144529989","144530282","37","127637231"
"chr3","16938938","16939250","chr9","30865765","30866071","40","13926827"
"chr3","17052440","17052775","chr21","20551924","20552242","55","3499484"
"chr3","17439743","17440036","chr21","20170201","20170510","33","2730458"
"chr3","17531465","17531775","chr2B","72409719","72410029","32","54878254"
"chr3","17562530","17562811","chr19","52434338","52434622","46","34871808"
"chr3","17871677","17871966","chr21","19767791","19768077","17","1896114"
"chr3","18002661","18002958","chr1","27021093","27021389","31","9018432"
"chr3","18563442","18563724","chr12","121563374","121563659","44","102999932"
"chr3","18754803","18755102","chr21","18900226","18900535","37","145423"
"chr3","19039383","19039464","chr8","32413551","32413628","16","13374168"
"chr3","19188043","19188346","chr5","160987933","160988228","45","141799890"
"chr3","19242734","19243056","chr4","165661257","165661549","76","146418523"
"chr3","19243386","19243714","chr14","23916952","23917265","47","4673566"
"chr3","20014359","20014628","chr21","17637641","17637925","39","2376718"
"chr3","20129541","20129853","chr1","100887646","100887952","40","80758105"
"chr3","20482546","20482852","chr3","140232686","140232998","42","119750140"
"chr3","20543564","20543791","chr21","17091260","17091490","15","3452304"
"chr3","20720272","20720582","chr1","54620539","54620851","39","33900267"
"chr3","20866145","20866426","chr12","121563374","121563659","48","100697229"
"chr3","21384469","21384768","chr7","29021792","29022096","40","7637323"
"chr3","21576895","21577195","chr1","191149848","191150155","52","169572953"
"chr3","21659702","21659973","chr10","92135337","92135628","47","70475635"
"chr3","21662283","21662554","chr10","92135337","92135628","47","70473054"
"chr3","21701803","21702088","chr7","105061299","105061571","66","83359496"
"chr3","21862071","21862387","chr1","205430531","205430844","43","183568460"
"chr3","21956785","21957099","chr13","55838775","55839085","44","33881990"
"chr3","22912426","22912721","chr13","33361251","33361548","42","10448825"
"chr3","22963246","22963549","chr10","101337366","101337681","49","78374120"
"chr3","23543819","23544130","chr20","43352634","43352940","47","19808815"
"chr3","23629763","23630056","chr2A","59985648","59985942","35","36355885"
"chr3","23879849","23880108","chr10","43187932","43188189","37","19308083"
"chr3","24029121","24029428","chr17","38608208","38608518","44","14579087"
"chr3","24029496","24029806","chr5","46820864","46821176","54","22791368"
"chr3","24331063","24331378","chr5","164523015","164523323","44","140191952"
"chr3","24443400","24443706","chr21","13380687","13380997","37","11062713"
"chr3","24761338","24761679","chr7","48281427","48281761","53","23520089"
"chr3","25205421","25205679","chr1","52986441","52986711","48","27781020"
"chr3","25549213","25549526","chr3","187177539","187177847","46","161628326"
"chr3","25679993","25680281","chr8","54146840","54147130","44","28466847"
"chr3","25740652","25740948","chrX","1068284","1068571","40","24672368"
"chr3","26057978","26058272","chr21","11762542","11762828","38","14295436"
"chr3","26179391","26179693","chr22","9020129","9020431","33","17159262"
"chr3","26267413","26267701","chr21","11568738","11569020","35","14698675"
"chr3","26460614","26460663","chr1","181768584","181768636","10","155307970"
"chr3","26460665","26460873","chr2A","1903269","1903485","37","24557396"
"chr3","26525059","26525349","chr17","9644327","9644622","42","16880732"
"chr3","26652481","26652758","chr8","142803773","142804071","49","116151292"
"chr3","27094462","27094752","chr21","10719345","10719637","27","16375117"
"chr3","27117613","27117921","chr1","221794285","221794593","47","194676672"
"chr3","27176758","27177038","chr10","106607864","106608139","60","79431106"
"chr3","27729099","27729346","chr21","10070518","10070765","20","17658581"
"chr3","28208072","28208374","chr2A","51304277","51304576","40","23096205"
"chr3","28466146","28466412","chr1","162618317","162618589","47","134152171"
"chr3","28587825","28588136","chr5","45856163","45856467","40","17268338"
"chr3","28971399","28971710","chr7","29021792","29022096","40","50393"
"chr3","29158906","29158998","chr5","39847816","39847895","20","10688910"
"chr3","29159060","29159225","chr1","14249496","14249656","27","14909564"
"chr3","29283395","29283676","chr1","101469232","101469515","41","72185837"
"chr3","29338142","29338452","chr10","12686505","12686812","62","16651637"
"chr3","29399051","29399362","chr1","101604331","101604644","31","72205280"
"chr3","29898487","29898799","chr2A","2036367","2036674","42","27862120"
"chr3","30010052","30010330","chrX","36693904","36694182","40","6683852"
"chr3","30149903","30150206","chr3","24226115","24226415","43","5923788"
"chr3","30972931","30973206","chr7","15207724","15208002","42","15765207"
"chr3","30979858","30980158","chrX","136673287","136673589","43","105693429"
"chr3","31281930","31282234","chr21","6446049","6446351","25","24835881"
"chr3","31338871","31339166","chr19","52528111","52528405","35","21189240"
"chr3","31510246","31510562","chr4","40505529","40505842","59","8995283"
"chr3","31578606","31578919","chr8","78037440","78037753","32","46458834"
"chr3","31844655","31844970","chr13","8903623","8903936","41","22941032"
"chr3","31859531","31859844","chr5","36664566","36664877","43","4805035"
"chr3","31984241","31984540","chrX","21895251","21895553","40","10088990"
"chr3","32283758","32284059","chr6","161291675","161291976","48","129007917"
"chr3","33031910","33032212","chr13","55838775","55839085","55","22806865"
"chr3","33065788","33065977","chr10","100419804","100419996","38","67354016"
"chr3","33196681","33196976","chr9","95769733","95770031","35","62573052"
"chr3","33213924","33214201","chr21","23838552","23838840","54","9375372"
"chr3","33228767","33229054","chr1","23083897","23084189","35","10144870"
"chr3","33237562","33237870","chrX","36406749","36407049","46","3169187"
"chr3","33239709","33240016","chr7","638203","638512","35","32601506"
"chr3","33503192","33503358","chr8","46393205","46393371","25","12890013"
"chr3","33633387","33633678","chr9","13793724","13794018","39","19839663"
"chr3","33714069","33714275","chr1","216931005","216931213","34","183216936"
"chr3","33842036","33842348","chr15","67619999","67620309","35","33777963"
"chr3","33851699","33852012","chr10","13468264","13468572","38","20383435"
"chr3","33912987","33913268","chr1","24189834","24190118","39","9723153"
"chr3","33913822","33914121","chr15","53358142","53358442","38","19444320"
"chr3","33944273","33944564","chr7","1358926","1359227","48","32585347"
"chr3","34027854","34028158","chr9","73922988","73923294","39","39895134"
"chr3","34078164","34078446","chr10","30058316","30058597","63","4019848"
"chr3","34166250","34166530","chr11","93887229","93887520","47","59720979"
"chr3","34209435","34209724","chr6","119750721","119751012","30","85541286"
"chr3","34244779","34245083","chr19","627940","628244","40","33616839"
"chr3","34250399","34250696","chr7","1689767","1690065","31","32560632"
"chr3","34289189","34289500","chr17","12349722","12350033","40","21939467"
"chr3","34515764","34515973","chr7","2943656","2943877","51","31572108"
"chr3","34670851","34671155","chr7","2112993","2113296","13","32557858"
"chr3","34770839","34771135","chr4","39554171","39554467","31","4783332"
"chr3","34781079","34781346","chr17","21655072","21655330","56","13126007"
"chr3","34786093","34786399","chr9","111442757","111443054","51","76656664"
"chr3","34789944","34790259","chr2A","81177924","81178240","48","46387980"
"chr3","34793246","34793551","chr7","2226237","2226538","33","32567009"
"chr3","34797153","34797465","chr12","21276435","21276745","35","13520718"
"chr3","34818902","34819214","chr1","40966383","40966697","40","6147481"
"chr3","34837797","34838016","chr1","216931005","216931213","38","182093208"
"chr3","34838159","34838437","chr18","49658543","49658827","49","14820384"
"chr3","34841921","34842094","chr6","141107307","141107479","28","106265386"
"chr3","34852515","34852788","chr13","11282095","11282366","43","23570420"
"chr3","34889092","34889405","chr18","3182424","3182723","76","31706668"
"chr3","34930866","34931153","chr22","8389155","8389446","44","26541711"
"chr3","34974734","34975024","chr15","67797572","67797866","31","32822838"
"chr3","34980596","34980894","chr5","160987933","160988228","27","126007337"
"chr3","35040514","35040802","chr20","51641292","51641587","34","16600778"
"chr3","35117218","35117513","chr8","78695489","78695787","33","43578271"
"chr3","35120175","35120476","chr1","35990880","35991182","31","870705"
"chr3","35183879","35184172","chr7","2501234","2501529","28","32682645"
"chr3","35224157","35224470","chr6","17608929","17609236","31","17615228"
"chr3","35337271","35337564","chr5","117382926","117383217","48","82045655"
"chr3","35361469","35361807","chr1","54464452","54464778","59","19102983"
"chr3","35385859","35386166","chr7","2757521","2757833","38","32628338"
"chr3","35409460","35409779","chr1","132554974","132555276","44","97145514"
"chr3","35575166","35575469","chr12","51620662","51620972","44","16045496"
"chr3","35577536","35577750","chr7","2943656","2943877","33","32633880"
"chr3","35592860","35593153","chr6","125884319","125884615","34","90291459"
"chr3","35772758","35773069","chr2A","31692393","31692699","33","4080365"
"chr3","35793460","35793769","chr7","3139729","3140041","36","32653731"
"chr3","35923811","35924109","chr9","87736194","87736488","38","51812383"
"chr3","35951472","35951778","chr5","15352472","15352776","34","20599000"
"chr3","36186303","36186609","chr7","3500525","3500817","41","32685778"
"chr3","36300435","36300478","chr4","194533651","194533697","11","158233216"
"chr3","36300490","36300745","chr12","131788345","131788608","32","95487855"
"chr3","36384693","36384968","chr5","143894613","143894889","45","107509920"
"chr3","36418941","36419227","chr7","3733995","3734283","35","32684946"
"chr3","36515683","36515978","chr2B","99512257","99512553","36","62996574"
"chr3","36826434","36826718","chr3","49455467","49455750","54","12629033"
"chr3","36874921","36875234","chr3","47975406","47975722","48","11100485"
"chr3","36899469","36899762","chr9","117769096","117769394","36","80869627"
"chr3","36993867","36994178","chr10","36119294","36119606","39","874573"
"chr3","37060029","37060342","chr9","67126783","67127082","49","30066754"
"chr3","37065336","37065633","chr1","26251787","26252092","59","10813549"
"chr3","37199150","37199462","chrX","97594986","97595289","40","60395836"
"chr3","37264887","37265194","chr15","37451080","37451392","42","186193"
"chr3","37374526","37374829","chrX","43601029","43601333","43","6226503"
"chr3","37402721","37403016","chr1","194446199","194446496","41","157043478"
"chr3","37417032","37417347","chr10","36119294","36119606","45","1297738"
"chr3","37539494","37539785","chr6","48852583","48852874","37","11313089"
"chr3","37575409","37575718","chr15","67619999","67620309","40","30044590"
"chr3","37691807","37692116","chr2A","21134848","21135157","43","16556959"
"chr3","37704978","37705263","chr3","70239092","70239378","31","32534114"
"chr3","37710723","37710982","chr5","25439434","25439692","33","12271289"
"chr3","37728423","37728553","chr7","106838624","106838758","27","69110201"
"chr3","37729668","37729953","chr6","39058088","39058377","37","1328420"
"chr3","37737769","37738060","chrUn_CABD030131550v1","8094","8384","37","37729675"
"chr3","37873445","37873741","chr2B","122501056","122501369","47","84627611"
"chr3","38042962","38043275","chr2A","21134848","21135157","32","16908114"
"chr3","38091819","38092157","chr22","24992736","24993063","73","13099083"
"chr3","38112304","38112562","chr7","2269753","2270009","47","35842551"
"chr3","38125771","38126069","chr14","57765178","57765474","37","19639407"
"chr3","38210505","38210802","chr2B","99512257","99512553","24","61301752"
"chr3","38217982","38218281","chr9","70252230","70252529","32","32034248"
"chr3","38262543","38262834","chr11","100391768","100392065","45","62129225"
"chr3","38266566","38266866","chr9","82578710","82579015","41","44312144"
"chr3","38446350","38446639","chr7","5902364","5902651","24","32543986"
"chr3","38503015","38503319","chr7","5951710","5952002","47","32551305"
"chr3","38573486","38573790","chr4","198798700","198799005","38","160225214"
"chr3","38632315","38632621","chr10","140604064","140604370","42","101971749"
"chr3","38658789","38659083","chr9","81354291","81354584","38","42695502"
"chr3","38705374","38705683","chr1","100887646","100887952","41","62182272"
"chr3","38737826","38738078","chr11","47651302","47651576","55","8913476"
"chr3","38785138","38785452","chr7","6218741","6219052","40","32566397"
"chr3","38789505","38789669","chrX","8143783","8143945","33","30645722"
"chr3","38790485","38790517","chr9","1669614","1669647","15","37120871"
"chr3","38826749","38827048","chr17","8465111","8465410","41","30361638"
"chr3","38828247","38828558","chr5","162326402","162326716","36","123498155"
"chr3","38847008","38847304","chr7","138662760","138663060","48","99815752"
"chr3","38907718","38908029","chr4","40072459","40072768","37","1164741"
"chr3","38916589","38916933","chr5","14913423","14913770","70","24003166"
"chr3","38939557","38939866","chr16","80407225","80407535","44","41467668"
"chr3","38980495","38980773","chr1","66580123","66580404","58","27599628"
"chr3","38983199","38983494","chr5","160987933","160988228","38","122004734"
"chr3","38989196","38989501","chr2B","99512257","99512553","40","60523061"
"chr3","38999698","38999994","chr5","160987933","160988228","31","121988235"
"chr3","39001726","39002041","chr1","100887646","100887952","42","61885920"
"chr3","39077786","39078071","chr5","11697069","11697363","50","27380717"
"chr3","39172594","39172857","chr12","76915481","76915745","48","37742887"
"chr3","39200845","39201120","chr7","6596574","6596839","27","32604271"
"chr3","39212244","39212285","chrX","97446042","97446092","14","58233798"
"chr3","39498055","39498345","chr4","155657331","155657621","38","116159276"
"chr3","39519194","39519484","chr6","54669996","54670289","39","15150802"
"chr3","39547147","39547457","chr19","40734404","40734716","37","1187257"
"chr3","39576665","39576949","chr7","70273027","70273314","42","30696362"
"chr3","39582403","39582707","chr7","79780175","79780491","36","40197772"
"chr3","39700701","39700993","chr2B","63348784","63349075","38","23648083"
"chr3","39710890","39711166","chr6","164135332","164135612","44","124424442"
"chr3","39760504","39760798","chr5","51774532","51774825","45","12014028"
"chr3","39784009","39784308","chrX","379358","379645","81","39404651"
"chr3","39869894","39870201","chr17","2589116","2589422","39","37280778"
"chr3","39889146","39889457","chr19","15918497","15918807","41","23970649"
"chr3","40023974","40024259","chrUn_CABD030131550v1","8094","8384","39","40015880"
"chr3","40040522","40040809","chr7","132966188","132966479","42","92925666"
"chr3","40051780","40052080","chr4","106451241","106451549","43","66399461"
"chr3","40061125","40061369","chr3","134610504","134610747","37","94549379"
"chr3","40061372","40061683","chr17","38608208","38608518","36","1453164"
"chr3","40072243","40072521","chr17","85184470","85184751","50","45112227"
"chr3","40105338","40105645","chr17","38608208","38608518","41","1497130"
"chr3","40119678","40119984","chr6","53158380","53158685","41","13038702"
"chr3","40155578","40155887","chr7","79233496","79233806","28","39077918"
"chr3","40294380","40294687","chr6","160674779","160675089","39","120380399"
"chr3","40372516","40372783","chr12","131788345","131788608","39","91415829"
"chr3","40401981","40402321","chr4","6088916","6089250","62","34313065"
"chr3","40448504","40448791","chr20","46319749","46320037","40","5871245"
"chr3","40503379","40503683","chr4","198798700","198799005","39","158295321"
"chr3","40508409","40508784","chr10","19180162","19180527","103","21328247"
"chr3","40536159","40536474","chrX","18242793","18243105","47","22293366"
"chr3","40589280","40589591","chr14","74198044","74198357","34","33608764"
"chr3","40596611","40596894","chr1","24189834","24190118","43","16406777"
"chr3","40653833","40654146","chr3","2931636","2931947","50","37722197"
"chr3","40657726","40658028","chr12","8893890","8894193","30","31763836"
"chr3","40748392","40748691","chr7","78662647","78662943","28","37914255"
"chr3","40799404","40799713","chr13","34006475","34006766","61","6792929"
"chr3","40830132","40830401","chr12","35696479","35696740","40","5133653"
"chr3","40847080","40847378","chr8","141580771","141581074","38","100733691"
"chr3","41254772","41255080","chr7","78164271","78164579","23","36909499"
"chr3","41329094","41329407","chr1","100887646","100887952","33","59558552"
"chr3","41344951","41345228","chr7","78076708","78077011","57","36731757"
"chr3","41366353","41366671","chr14","74198044","74198357","43","32831691"
"chr3","41488192","41488485","chr7","77947030","77947325","23","36458838"
"chr3","41508397","41508730","chr1","54464452","54464778","48","12956055"
"chr3","41630879","41631190","chr19","15918497","15918807","43","25712382"
"chr3","41684317","41684626","chr7","77646470","77646785","25","35962153"
"chr3","41761492","41761802","chr7","77316951","77317271","31","35555459"
"chr3","41767383","41767565","chr7","77311514","77311688","23","35544131"
"chr3","41809412","41809682","chr12","131788345","131788608","47","89978933"
"chr3","41847145","41847457","chr4","133128211","133128521","39","91281066"
"chr3","41866226","41866448","chr17","938792","939001","42","40927434"
"chr3","41939879","41940154","chrX","18200876","18201163","43","23739003"
"chr3","41944754","41944983","chr22","19017284","19017526","49","22927470"
"chr3","41965730","41966023","chrUn_CABD030131550v1","8094","8384","49","41957636"
"chr3","41967643","41967704","chr5","7817287","7817344","10","34150356"
"chr3","42088726","42089031","chrX","137736664","137736965","44","95647938"
"chr3","42102426","42102558","chr9","76662611","76662745","16","34560185"
"chr3","42102847","42103011","chr1","24076385","24076550","24","18026462"
"chr3","42112692","42112986","chr5","64763044","64763340","35","22650352"
"chr3","42126085","42126383","chr7","76803777","76804083","44","34677692"
"chr3","42164607","42164904","chr19","54938785","54939079","39","12774178"
"chr3","42170186","42170477","chr1","185054973","185055268","43","142884787"
"chr3","42178734","42178986","chr6","151766509","151766786","61","109587775"
"chr3","42195503","42195815","chr20","35582405","35582711","35","6613098"
"chr3","42242009","42242066","chr16","78769478","78769537","9","36527469"
"chr3","42242139","42242392","chr1","158596839","158597096","61","116354700"
"chr3","42256049","42256361","chr7","71187672","71187981","39","28931623"
"chr3","42298036","42298354","chr1","69034819","69035142","49","26736783"
"chr3","42321323","42321629","chr17","30741176","30741483","36","11580147"
"chr3","42401253","42401546","chr1","25513043","25513335","48","16888210"
"chr3","42523536","42523848","chr6","4463035","4463342","40","38060501"
"chr3","42534005","42534316","chr17","38608208","38608518","39","3925797"
"chr3","42539745","42540053","chr1","40966383","40966697","35","1573362"
"chr3","42576073","42576362","chrUn_CABD030131550v1","8094","8384","33","42567979"
"chr3","42609180","42609481","chrX","41271607","41271912","34","1337573"
"chr3","42610467","42610771","chr7","76333761","76334066","36","33723294"
"chr3","42663437","42663715","chr16","23748121","23748400","36","18915316"
"chr3","42673654","42673964","chr3","51046258","51046568","43","8372604"
"chr3","42753798","42754070","chr20","725690","725969","37","42028108"
"chr3","42791778","42792082","chr5","164523015","164523323","44","121731237"
"chr3","42865166","42865467","chr10","36114158","36114452","49","6751008"
"chr3","42890527","42890820","chr7","154438682","154438977","36","111548155"
"chr3","42995164","42995247","chr11","97256285","97256365","17","54261121"
"chr3","43082742","43083040","chr1","24189834","24190118","50","18892908"
"chr3","43137508","43137823","chr4","1939690","1939995","37","41197818"
"chr3","43146644","43146951","chr5","152478996","152479296","44","109332352"
"chr3","43194461","43194738","chr5","35568759","35569015","55","7625702"
"chr3","43254715","43255009","chr1","19448521","19448815","35","23806194"
"chr3","43258464","43258768","chr7","75629923","75630223","34","32371459"
"chr3","43265660","43265958","chr1","27021093","27021389","37","16244567"
"chr3","43290739","43291040","chr3","103740201","103740497","41","60449462"
"chr3","43361850","43362161","chr4","198977209","198977521","38","155615359"
"chr3","43474678","43474974","chr12","59907829","59908121","35","16433151"
"chr3","43716215","43716510","chr14","34284807","34285111","39","9431408"
"chr3","43805494","43805579","chr15","3407949","3408032","13","40397545"
"chr3","43899982","43900295","chr5","162326402","162326716","32","118426420"
"chr3","43961764","43962061","chr5","5487375","5487672","43","38474389"
"chr3","43985446","43985757","chr7","74406999","74407293","37","30421553"
"chr3","43987606","43987899","chr17","81504650","81504947","37","37517044"
"chr3","43992117","43992419","chr2B","120482716","120483014","39","76490599"
"chr3","43997524","43997822","chr3","186504136","186504430","36","142506612"
"chr3","44038824","44039003","chr9","26058618","26058796","40","17980206"
"chr3","44083950","44084264","chr9","87523162","87523472","33","43439212"
"chr3","44111960","44112275","chr3","2931636","2931947","40","41180324"
"chr3","44128039","44128332","chr7","74342297","74342596","27","30214258"
"chr3","44224307","44224598","chr17","9644327","9644622","42","34579980"
"chr3","44232507","44232818","chr5","46820864","46821176","42","2588357"
"chr3","44272963","44273265","chr7","74204062","74204353","39","29931099"
"chr3","44284315","44284605","chr1","66580123","66580404","41","22295808"
"chr3","44324448","44324760","chr7","71876095","71876416","36","27551647"
"chr3","44473014","44473211","chr18","27901914","27902114","32","16571100"
"chr3","44559709","44560007","chr5","82014241","82014539","31","37454532"
"chr3","44578292","44578581","chr9","15696116","15696407","32","28882176"
"chr3","44604211","44604409","chr12","5926125","5926316","41","38678086"
"chr3","44621525","44621802","chr11","16809162","16809435","50","27812363"
"chr3","44623548","44623828","chrX","36693904","36694182","46","7929644"
"chr3","44639912","44640209","chr16","12186594","12186889","45","32453318"
"chr3","44671157","44671462","chr1","100887646","100887952","28","56216489"
"chr3","44672840","44673137","chr7","72201755","72202055","28","27528915"
"chr3","44680942","44681240","chrX","19140350","19140650","39","25540592"
"chr3","44687073","44687366","chr14","40634082","40634382","40","4052991"
"chr3","44716312","44716610","chr9","108229509","108229814","37","63513197"
"chr3","44782915","44783237","chr19","44301518","44301838","41","481397"
"chr3","44815325","44815627","chr10","136766798","136767102","36","91951473"
"chr3","44840536","44840833","chr1","35990880","35991182","42","8849656"
"chr3","44846314","44846637","chr1","144529989","144530282","77","99683675"
"chr3","44865892","44866104","chr7","72398613","72398814","24","27532721"
"chr3","44880372","44880554","chr19","41802067","41802242","28","3078305"
"chr3","44935702","44936002","chr7","72467168","72467467","28","27531466"
"chr3","44938634","44938947","chr15","37451080","37451392","41","7487554"
"chr3","44982416","44982728","chr5","115780222","115780526","48","70797806"
"chr3","44983186","44983478","chr8","22325883","22326185","51","22657303"
"chr3","45131312","45131623","chr3","155388224","155388537","53","110256912"
"chr3","45153942","45154252","chr7","72681981","72682293","25","27528039"
"chr3","45165705","45166003","chr7","72693733","72694043","36","27528028"
"chr3","45219861","45220149","chr10","129431275","129431563","41","84211414"
"chr3","45242102","45242279","chr6","141107307","141107479","32","95865205"
"chr3","45243009","45243132","chr19","38059194","38059324","23","7183815"
"chr3","45253799","45254071","chr16","39080801","39081081","49","6172998"
"chr3","45271102","45271283","chr4","86698547","86698733","29","41427445"
"chr3","45304798","45304965","chr13","43834522","43834689","29","1470276"
"chr3","45335304","45335601","chr5","2683883","2684176","35","42651421"
"chr3","45377122","45377423","chr5","25671437","25671735","40","19705685"
"chr3","45386272","45386584","chr2A","10355583","10355893","40","35030689"
"chr3","45397413","45397725","chr7","72924120","72924412","70","27526707"
"chr3","45436570","45436862","chr5","160987933","160988228","31","115551363"
"chr3","45452610","45452917","chrX","51034227","51034538","38","5581617"
"chr3","45488654","45488919","chr12","131788345","131788608","40","86299691"
"chr3","45615888","45616197","chr7","154326164","154326473","36","108710276"
"chr3","45635449","45635765","chr10","136766798","136767102","41","91131349"
"chr3","45663166","45663481","chr1","54620539","54620851","39","8957373"
"chr3","45699844","45700162","chr5","22049247","22049559","47","23650597"
"chr3","45720277","45720572","chr19","35385832","35386124","43","10334445"
"chr3","45763900","45764215","chr7","73314313","73314624","34","27550413"
"chr3","45832368","45832666","chr7","73793804","73794096","31","27961436"
"chr3","45916944","45917234","chrX","141220914","141221215","39","95303970"
"chr3","46010943","46011214","chr5","164937765","164938039","44","118926822"
"chr3","46038613","46038905","chr5","5487375","5487672","40","40551238"
"chr3","46121729","46122036","chr1","100887646","100887952","36","54765917"
"chr3","46166903","46167203","chr13","34006475","34006766","39","12160428"
"chr3","46230664","46230974","chr1","191149848","191150155","40","144919184"
"chr3","46256751","46257057","chr5","51774532","51774825","57","5517781"
"chr3","46286202","46286505","chr17","8465111","8465410","34","37821091"
"chr3","46476862","46477165","chr10","148481903","148482198","44","102005041"
"chr3","46587821","46588131","chr17","9270411","9270725","43","37317410"
"chr3","46590841","46591141","chr12","8693113","8693410","45","37897728"
"chr3","46611211","46611487","chr3","113825165","113825432","52","67213954"
"chr3","46698890","46699202","chr10","136766798","136767102","39","90067908"
"chr3","46705344","46705654","chr9","114786009","114786320","38","68080665"
"chr3","46723815","46724120","chr2B","44213774","44214081","45","2510041"
"chr3","46748418","46748594","chr19","2974694","2974872","21","43773724"
"chr3","46806565","46806884","chr7","154570538","154570845","44","107763973"
"chr3","46959629","46959926","chr1","40476156","40476452","33","6483473"
"chr3","46960058","46960185","chr20","51182268","51182392","23","4222210"
"chr3","46999281","46999584","chr14","57765178","57765474","41","10765897"
"chr3","47003914","47004220","chr1","130453549","130453856","38","83449635"
"chr3","47047570","47047880","chr5","5990714","5991017","48","41056856"
"chr3","47080398","47080662","chr12","18433981","18434243","68","28646417"
"chr3","47101022","47101325","chr7","67221601","67221904","28","20120579"
"chr3","47114915","47115191","chr2B","44368641","44368918","40","2746274"
"chr3","47119192","47119504","chr5","45856163","45856467","37","1263029"
"chr3","47124761","47125062","chr17","81504650","81504947","34","34379889"
"chr3","47159665","47159974","chr14","24714586","24714893","41","22445079"
"chr3","47252953","47253249","chr16","12186594","12186889","37","35066359"
"chr3","47362022","47362298","chr7","67494022","67494305","26","20132000"
"chr3","47567964","47568220","chr18","20906366","20906616","48","26661598"
"chr3","47571680","47571984","chr3","187177539","187177847","32","139605859"
"chr3","47596362","47596663","chr1","65914289","65914588","28","18317927"
"chr3","47629836","47630136","chr4","165907120","165907419","41","118277284"
"chr3","47681757","47682047","chr6","119750721","119751012","40","72068964"
"chr3","47695071","47695376","chr19","16040350","16040659","36","31654721"
"chr3","47718201","47718494","chr1","185054973","185055268","37","137336772"
"chr3","47867212","47867513","chr7","72899498","72899802","38","25032286"
"chr3","48005045","48005341","chr7","68124480","68124779","28","20119435"
"chr3","48007651","48007967","chr7","72899498","72899802","42","24891847"
"chr3","48028462","48028771","chr4","198295008","198295316","36","150266546"
"chr3","48032784","48033075","chr7","68168508","68168806","23","20135724"
"chr3","48083693","48084002","chr1","157261144","157261453","32","109177451"
"chr3","48108138","48108460","chr3","172682819","172683131","48","124574681"
"chr3","48143134","48143444","chr7","68268364","68268649","43","20125230"
"chr3","48317961","48318259","chr1","144529989","144530282","31","96212028"
"chr3","48373057","48373369","chrX","41587872","41588178","42","6785185"
"chr3","48525358","48525670","chr2B","66703341","66703653","36","18177983"
"chr3","48553380","48553702","chr1","22955832","22956145","41","25597548"
"chr3","48869293","48869586","chr7","68992751","68993041","30","20123458"
"chr3","48949774","48950079","chr7","69041607","69041907","23","20091833"
"chr3","49008987","49009279","chr9","81354291","81354584","34","32345304"
"chr3","49026381","49026692","chr17","38608208","38608518","41","10418173"
"chr3","49220261","49220566","chrX","97594986","97595289","37","48374725"
"chr3","49649027","49649327","chr9","70252230","70252529","35","20603203"
"chr3","49683679","49683988","chr10","121813796","121814102","43","72130117"
"chr3","49743880","49744178","chr7","69819594","69819891","27","20075714"
"chr3","50133077","50133382","chr11","56432081","56432377","46","6299004"
"chr3","50178092","50178394","chr7","127920362","127920661","46","77742270"
"chr3","50244947","50245246","chr4","37953476","37953776","29","12291471"
"chr3","50422968","50423289","chr7","70506920","70507253","27","20083952"
"chr3","50556167","50556428","chr1","40467054","40467328","47","10089113"
"chr3","50579648","50579952","chr13","8634043","8634347","42","41945605"
"chr3","50808229","50808503","chr2A","1587097","1587372","31","49221132"
"chr3","50862211","50862512","chr2B","125039405","125039704","30","74177194"
"chr3","50884966","50885255","chr5","160987933","160988228","42","110102967"
"chr3","50983706","50984000","chr5","26480986","26481273","36","24502720"
"chr3","51041743","51042055","chr6","109168826","109169138","36","58127083"
"chr3","51074492","51074799","chr7","71187672","71187981","28","20113180"
"chr3","51176165","51176478","chr7","127657301","127657615","34","76481136"
"chr3","51220144","51220464","chr2A","21134848","21135157","46","30085296"
"chr3","51275286","51275368","chr7","71388047","71388130","6","20112761"
"chr3","51321484","51321783","chr7","71429979","71430273","31","20108495"
"chr3","51323316","51323623","chr1","27021093","27021389","42","24302223"
"chr3","51361435","51361737","chr9","12719252","12719556","44","38642183"
"chr3","51367547","51367851","chr16","66170347","66170652","42","14802800"
"chr3","51422277","51422560","chr1","24189834","24190118","41","27232443"
"chr3","51527589","51527883","chr2A","59842093","59842378","33","8314504"
"chr3","51564286","51564576","chrUn_CABD030131550v1","8094","8384","37","51556192"
"chr3","51608512","51608820","chr17","4421208","4421514","43","47187304"
"chr3","51638750","51639048","chr9","81354291","81354584","39","29715541"
"chr3","51649951","51650244","chr5","58032088","58032384","40","6382137"
"chr3","51658725","51659031","chr2A","31692393","31692699","38","19966332"
"chr3","51693607","51693909","chr19","48749897","48750207","49","2943710"
"chr3","51728308","51728586","chr16","15232771","15233053","37","36495537"
"chr3","51775437","51775749","chr2B","98377839","98378150","42","46602402"
"chr3","51786062","51786372","chr19","35210716","35211026","45","16575346"
"chr3","51822448","51822774","chr7","72899498","72899802","59","21077050"
"chr3","51833087","51833289","chr12","5926125","5926316","34","45906962"
"chr3","51841893","51842205","chr7","73194311","73194629","35","21352418"
"chr3","51855174","51855470","chr7","73208625","73208927","19","21353451"
"chr3","51872059","51872363","chr7","65699797","65700103","35","13827738"
"chr3","51880576","51880886","chr15","43642077","43642386","41","8238499"
"chr3","51976841","51977129","chr7","65528364","65528659","32","13551523"
"chr3","51979236","51979540","chr17","2589116","2589422","40","49390120"
"chr3","52031790","52032051","chr12","76915481","76915745","50","24883691"
"chr3","52096348","52096664","chr7","65194388","65194702","31","13098040"
"chr3","52131214","52131472","chr7","65155241","65155502","19","13024027"
"chr3","52176805","52177117","chr1","33406715","33407026","37","18770090"
"chr3","52196478","52196807","chr18","7585391","7585708","53","44611087"
"chr3","52203075","52203379","chr7","65082157","65082456","24","12879082"
"chr3","52271753","52272061","chr10","136766798","136767102","43","84495045"
"chr3","52276645","52276947","chrX","36406749","36407049","40","15869896"
"chr3","52400738","52401039","chr10","136766798","136767102","30","84366060"
"chr3","52432617","52432909","chr5","137760043","137760333","45","85327426"
"chr3","52464664","52464961","chr2B","2648213","2648520","39","49816451"
"chr3","52481528","52481817","chr7","64759960","64760256","34","12278432"
"chr3","52536088","52536386","chr3","11592628","11592929","38","40943460"
"chr3","52541641","52541938","chr19","45984366","45984662","39","6557275"
"chr3","52572785","52573077","chr12","59907829","59908121","36","7335044"
"chr3","52592970","52593250","chr7","105061299","105061571","56","52468329"
"chr3","52617611","52617904","chr1","23950037","23950338","42","28667574"
"chr3","52621939","52622258","chr9","74575275","74575588","47","21953336"
"chr3","52634755","52635045","chr14","75429553","75429842","57","22794798"
"chr3","52724021","52724348","chr1","69034819","69035142","52","16310798"
"chr3","52933924","52934244","chr4","10687813","10688124","53","42246111"
"chr3","52973561","52973875","chr7","64373628","64373941","21","11400067"
"chr3","53000493","53000832","chr4","6088916","6089250","54","46911577"
"chr3","53000895","53001083","chr19","8274676","8274854","45","44726219"
"chr3","53027029","53027322","chr7","64323099","64323394","21","11296070"
"chr3","53084418","53084713","chr7","132389917","132390213","29","79305499"
"chr3","53105913","53106221","chr19","54983218","54983530","46","1877305"
"chr3","53117576","53117877","chr2B","101011657","101011955","52","47894081"
"chr3","53150672","53150965","chr17","59104636","59104927","35","5953964"
"chr3","53392122","53392219","chr4","140514921","140515016","15","87122799"
"chr3","53452769","53453049","chr17","59104636","59104927","50","5651867"
"chr3","53501035","53501330","chr7","63862184","63862487","19","10361149"
"chr3","53506161","53506468","chr13","74873583","74873891","55","21367422"
"chr3","53507419","53507724","chr10","37549155","37549461","42","15958264"
"chr3","53515481","53515775","chr1","17328715","17329015","39","36186766"
"chr3","53531257","53531551","chr1","27021093","27021389","41","26510164"
"chr3","53794564","53794860","chr3","186504136","186504430","37","132709572"
"chr3","53886057","53886358","chr7","63526636","63526937","23","9640579"
"chr3","53951641","53951925","chr1","144529989","144530282","41","90578348"
"chr3","53958591","53958877","chr19","52434338","52434622","38","1524253"
"chr3","53977132","53977438","chr10","136766798","136767102","42","82789666"
"chr3","53991994","53992307","chr1","142335679","142335988","53","88343685"
"chr3","54758928","54759221","chr19","12155376","12155665","42","42603552"
"chr3","54775890","54775999","chr5","122001202","122001308","21","67225312"
"chr3","54958841","54959098","chr12","58649183","58649459","54","3690342"
"chr3","54959099","54959253","chrX","2025222","2025357","43","52933877"
"chr3","54967197","54967505","chr6","113288131","113288442","49","58320934"
"chr3","55005061","55005275","chr1","216931005","216931213","38","161925944"
"chr3","55044731","55045046","chr5","125817242","125817550","44","70772511"
"chr3","55054160","55054470","chr7","56905112","56905416","35","1850952"
"chr3","55090502","55090776","chr5","26480986","26481273","46","28609516"
"chr3","55137107","55137398","chr7","105061299","105061571","61","49924192"
"chr3","55150308","55150623","chr2A","81872121","81872429","45","26721813"
"chr3","55166509","55166806","chr5","59295543","59295841","46","4129034"
"chr3","55184611","55184919","chr5","64412943","64413252","44","9228332"
"chr3","55308784","55309090","chr7","56642171","56642472","23","1333387"
"chr3","55323779","55324065","chr7","56632012","56632303","39","1308233"
"chr3","55332775","55332949","chr7","41261335","41261509","31","14071440"
"chr3","55334976","55335273","chr1","98765905","98766208","33","43430929"
"chr3","55340826","55341125","chr7","56612372","56612667","35","1271546"
"chr3","55365126","55365426","chr5","82014241","82014539","30","26649115"
"chr3","55374172","55374529","chr20","24351052","24351381","75","31023120"
"chr3","55381309","55381605","chr17","9644327","9644622","36","45736982"
"chr3","55387078","55387373","chr13","34006475","34006766","45","21380603"
"chr3","55418011","55418309","chr7","56535890","56536179","34","1117879"
"chr3","55464070","55464362","chr4","40078992","40079285","45","15385078"
"chr3","55767019","55767308","chr8","54146840","54147130","31","1620179"
"chr3","55840404","55840710","chr1","191149848","191150155","48","135309444"
"chr3","55893180","55893480","chr10","136766798","136767102","38","80873618"
"chr3","55945756","55946077","chr14","47213659","47213973","45","8732097"
"chr3","55946228","55946537","chr7","70737321","70737625","37","14791093"
"chr3","55984193","55984501","chr2A","10355583","10355893","39","45628610"
"chr3","56112638","56112941","chr1","153367727","153368028","34","97255089"
"chr3","56246835","56247076","chr9","15449280","15449509","56","40797555"
"chr3","56550915","56551217","chr11","17305005","17305310","39","39245910"
"chr3","56641237","56641564","chr7","55365727","55366043","39","1275510"
"chr3","56933380","56933682","chr7","55061830","55062135","30","1871550"
"chr3","57446427","57446732","chr16","76137172","76137480","43","18690745"
"chr3","57525658","57525972","chr2A","23900758","23901062","42","33624900"
"chr3","57739269","57739567","chr2B","95168475","95168788","43","37429206"
"chr3","58243826","58244140","chr3","12041820","12042133","51","46202006"
"chr3","58511299","58511601","chr1","20263423","20263726","53","38247876"
"chr3","58950360","58950629","chr22","24788380","24788656","40","34161980"
"chr3","59115050","59115359","chr10","121813796","121814102","36","62698746"
"chr3","59560374","59560702","chr9","66477747","66478075","53","6917373"
"chr3","59837066","59837381","chrX","41587872","41588178","46","18249194"
"chr3","59914232","59914536","chr3","196115415","196115713","36","136201183"
"chr3","59934809","59935108","chr5","41701618","41701917","35","18233191"
"chr3","59945739","59946052","chr9","74575275","74575588","41","14629536"
"chr3","59956293","59956605","chr10","86782884","86783195","36","26826591"
"chr3","59957516","59957810","chr7","52005529","52005818","33","7951987"
"chr3","60012166","60012429","chr12","131788345","131788608","43","71776179"
"chr3","60016798","60017105","chr19","15663733","15664037","37","44353065"
"chr3","60038526","60038828","chr13","62764436","62764745","41","2725910"
"chr3","60061265","60061582","chr19","47549022","47549328","50","12512243"
"chr3","60104549","60104853","chr7","51892795","51893101","26","8211754"
"chr3","60150804","60151091","chr1","185054973","185055268","37","124904169"
"chr3","61115469","61115760","chr1","144529989","144530282","29","83414520"
"chr3","61129280","61129592","chr21","32787881","32788194","36","28341399"
"chr3","61534754","61535030","chr17","26447333","26447608","33","35087421"
"chr3","62279220","62279491","chr3","127268944","127269210","41","64989724"
"chr3","63212444","63212755","chr7","48786844","48787156","25","14425600"
"chr3","63223424","63223725","chrX","97594986","97595289","44","34371562"
"chr3","63571448","63571753","chr4","106451241","106451549","41","42879793"
"chr3","63590839","63591136","chr4","37953476","37953776","33","25637363"
"chr3","63602976","63603289","chr2B","95168475","95168788","38","31565499"
"chr3","63749456","63749766","chr1","157261144","157261453","39","93511688"
"chr3","64071855","64072012","chr19","14148444","14148599","25","49923411"
"chr3","64108478","64108781","chr17","38608208","38608518","47","25500270"
"chr3","64161317","64161596","chr3","182480373","182480663","41","118319056"
"chr3","64391362","64391676","chr7","127657301","127657615","43","63265939"
"chr3","64407628","64407933","chr2A","10355583","10355893","40","54052045"
"chr3","64513569","64513883","chr2A","10355583","10355893","46","54157986"
"chr3","65810897","65811196","chr6","53158380","53158685","35","12652517"
"chr3","66207351","66207644","chr1","137432704","137433002","36","71225353"
"chr3","66207645","66207958","chr3","139813388","139813699","45","73605743"
"chr3","66231176","66231473","chr7","45631295","45631594","25","20599881"
"chr3","66329172","66329309","chr1","19586121","19586260","23","46743051"
"chr3","66336789","66337096","chr7","45526909","45527205","29","20809880"
"chr3","66482328","66482554","chr1","211190774","211191001","46","144708446"
"chr3","66482718","66482760","chrX","1473777","1473827","13","65008941"
"chr3","66583936","66584183","chr7","157972520","157972765","34","91388584"
"chr3","66630349","66630665","chr7","45247514","45247826","37","21382835"
"chr3","66644524","66644832","chr3","12041820","12042133","43","54602704"
"chr3","66728826","66729136","chr2A","10355583","10355893","45","56373243"
"chr3","67158727","67159024","chr7","44696813","44697112","33","22461914"
"chr3","67242701","67242967","chrX","112950331","112950595","31","45707630"
"chr3","67268335","67268645","chr4","106451241","106451549","34","39182906"
"chr3","67345236","67345530","chr7","44396597","44396887","22","22948639"
"chr3","67423804","67424108","chr9","82578710","82579015","37","15154906"
"chr3","67506589","67506893","chr7","44221337","44221649","31","23285252"
"chr3","67798067","67798348","chr7","43943750","43944044","29","23854317"
"chr3","67854202","67854510","chr22","34538362","34538671","41","33315840"
"chr3","67907971","67908268","chr7","43831522","43831808","32","24076449"
"chr3","68101662","68101969","chr14","34284807","34285111","34","33816855"
"chr3","68269345","68269669","chr6","160674779","160675089","65","92405434"
"chr3","68941727","68942020","chr1","144529989","144530282","38","75588262"
"chr3","68958894","68959196","chrX","97594986","97595289","30","28636092"
"chr3","69017222","69017509","chr7","42755770","42756058","21","26261452"
"chr3","69179814","69180125","chr7","42592826","42593112","48","26586988"
"chr3","69319856","69320169","chr3","158397250","158397564","47","89077394"
"chr3","69334542","69334835","chr7","42433313","42433613","39","26901229"
"chr3","69411987","69412292","chr10","136766798","136767102","40","67354811"
"chr3","69556580","69556880","chr16","45986934","45987236","32","23569646"
"chr3","69764946","69765251","chr15","42141648","42141949","40","27623298"
"chr3","70165066","70165329","chr17","6033058","6033324","40","64132008"
"chr3","70486932","70487081","chrX","97427844","97427985","25","26940912"
"chr3","70731885","70732193","chr9","73922988","73923294","40","3191103"
"chr3","70826734","70826811","chr7","40926152","40926235","15","29900582"
"chr3","70875809","70876109","chr4","161025537","161025837","34","90149728"
"chr3","70883566","70883710","chr1","129377168","129377305","42","58493602"
"chr3","71050117","71050430","chr21","23748714","23749027","37","47301403"
"chr3","71056047","71056327","chr5","35877143","35877438","51","35178904"
"chr3","71088299","71088610","chr12","98334241","98334551","40","27245942"
"chr3","71194823","71195118","chr3","11592628","11592929","40","59602195"
"chr3","71314145","71314455","chr7","40436488","40436811","49","30877657"
"chr3","71323718","71324061","chr7","48281427","48281761","52","23042291"
"chr3","71562936","71563234","chr19","35345856","35346163","44","36217080"
"chr3","71727903","71728214","chr13","17520499","17520805","37","54207404"
"chr3","71865994","71866300","chr12","21276435","21276745","47","50589559"
"chr3","72496038","72496349","chr7","39110587","39110893","34","33385451"
"chr3","72870920","72871231","chr21","25970503","25970814","41","46900417"
"chr3","73072208","73072372","chr1","24076385","24076550","26","48995823"
"chr3","73696853","73697160","chr5","162326402","162326716","37","88629549"
"chr3","73858250","73858544","chr1","27021093","27021389","39","46837157"
"chr3","73876896","73877208","chr1","179669936","179670237","50","105793040"
"chr3","74033973","74034279","chr13","33361251","33361548","53","40672722"
"chr3","74646959","74647262","chr13","62492466","62492769","32","12154493"
"chr3","74755518","74755832","chr22","19766314","19766620","38","54989204"
"chr3","74798314","74798602","chr7","36740007","36740295","23","38058307"
"chr3","74813161","74813448","chr18","49658543","49658827","39","25154618"
"chr3","75120854","75121176","chr1","69034819","69035142","50","6086035"
"chr3","75143303","75143603","chr10","136766798","136767102","35","61623495"
"chr3","75206348","75206644","chr7","46394045","46394334","28","28812303"
"chr3","75284882","75285189","chr7","36197569","36197873","38","39087313"
"chr3","75417444","75417756","chr7","36050255","36050566","28","39367189"
"chr3","75495193","75495506","chr19","4036834","4037144","35","71458359"
"chr3","75628755","75629069","chr7","127657301","127657615","38","52028546"
"chr3","75738170","75738428","chrX","154237824","154238090","37","78499654"
"chr3","75877045","75877347","chr7","35598178","35598474","19","40278867"
"chr3","76199621","76199932","chr8","67800679","67800989","44","8398942"
"chr3","76712275","76712573","chr5","24415712","24416011","40","52296563"
"chr3","76909229","76909547","chr11","75287317","75287634","49","1621912"
"chr3","77613291","77613590","chrX","54732807","54733103","38","22880484"
"chr3","77736865","77737159","chr11","61561439","61561735","38","16175426"
"chr3","78038295","78038595","chr7","33279996","33280292","45","44758299"
"chr3","78278135","78278447","chr11","101447273","101447578","39","23169138"
"chr3","78430443","78430755","chr6","35622489","35622796","43","42807954"
"chr3","78467973","78468299","chr4","123129282","123129608","58","44661309"
"chr3","78468623","78468865","chrX","17616652","17616874","40","60851971"
"chr3","78559062","78559227","chr4","81515226","81515394","22","2956164"
"chr3","78608387","78608686","chr4","38387917","38388218","37","40220470"
"chr3","78650156","78650448","chr19","34938060","34938350","35","43712096"
"chr3","78663019","78663312","chr7","32732511","32732804","22","45930508"
"chr3","79171153","79171461","chr13","18563727","18564036","49","60607426"
"chr3","79554183","79554491","chr7","31793862","31794169","25","47760321"
"chr3","79557540","79557855","chr7","31790516","31790822","45","47767024"
"chr3","79679316","79679625","chr5","1337460","1337763","35","78341856"
"chr3","79834524","79834823","chr7","31469344","31469646","32","48365180"
"chr3","79863109","79863413","chr12","106449422","106449729","42","26586313"
"chr3","80513739","80514032","chr7","69819594","69819891","37","10694145"
"chr3","80655684","80656005","chr14","77304145","77304459","47","3351539"
"chr3","80776611","80776885","chr7","30466005","30466270","25","50310606"
"chr3","80789404","80789709","chr14","36693590","36693894","39","44095814"
"chr3","81020807","81021105","chr5","36374695","36374994","30","44646112"
"chr3","81316435","81316633","chr21","27572893","27573087","36","53743542"
"chr3","81344749","81345036","chr8","130516313","130516591","38","49171564"
"chr3","81365963","81366276","chr2A","80058885","80059195","39","1307078"
"chr3","81514228","81514522","chr7","29518000","29518292","41","51996228"
"chr3","81832991","81833288","chr7","29190045","29190347","37","52642946"
"chr3","81844903","81845203","chr1","27021093","27021389","36","54823810"
"chr3","82098731","82099007","chr1","24189834","24190118","39","57908897"
"chr3","82175613","82175902","chr7","28845051","28845347","32","53330562"
"chr3","82436178","82436461","chr21","36178489","36178784","40","46257689"
"chr3","83011651","83011936","chrUn_CABD030131550v1","8094","8384","38","83003557"
"chr3","83190738","83190939","chr8","68569506","68569711","25","14621232"
"chr3","83245111","83245389","chr7","27741498","27741778","20","55503613"
"chr3","83259179","83259484","chr7","27728883","27729184","25","55530296"
"chr3","83349946","83350243","chr1","204184641","204184943","42","120834695"
"chr3","83403831","83404137","chr5","19541472","19541772","48","63862359"
"chr3","83637865","83638153","chr7","27339131","27339423","32","56298734"
"chr3","83853845","83854144","chr13","33361251","33361548","36","50492594"
"chr3","83857310","83857596","chr1","109323755","109324067","56","25466445"
"chr3","83940864","83941174","chr7","27044857","27045171","35","56896007"
"chr3","83991460","83991750","chr2A","81381413","81381714","50","2610047"
"chr3","83993601","83993913","chr1","100887646","100887952","39","16894045"
"chr3","83996494","83996788","chr3","49125643","49125940","52","34870851"
"chr3","84194931","84195228","chr1","133746278","133746584","47","49551347"
"chr3","84242758","84243056","chr1","27021093","27021389","37","57221665"
"chr3","84681832","84682144","chrX","41587872","41588178","41","43093960"
"chr3","84682177","84682485","chr7","26311808","26312119","24","58370369"
"chr3","84685838","84686167","chr7","26308521","26308832","44","58377317"
"chr3","84717581","84717880","chr8","74291514","74291815","36","10426067"
"chr3","84755483","84755790","chr4","106451241","106451549","37","21695758"
"chr3","84806433","84806732","chr5","160987933","160988228","29","76181500"
"chr3","85512127","85512415","chr1","144529989","144530282","41","59017862"
"chr3","85777284","85777576","chr4","8000214","8000512","49","77777070"
"chr3","86890473","86890742","chr17","6033058","6033324","42","80857415"
"chr3","87108361","87108675","chr7","23835787","23836110","45","63272574"
"chr3","87290715","87291048","chr1","31106434","31106748","51","56184281"
"chr3","87317742","87318031","chr5","160987933","160988228","69","73670191"
"chr3","87351091","87351370","chr10","106607864","106608139","41","19256773"
"chr3","87419277","87419580","chr17","8465111","8465410","39","78954166"
"chr3","87468502","87468798","chr7","23518363","23518665","33","63950139"
"chr3","87581730","87582022","chr7","23403808","23404109","30","64177922"
"chr3","87624498","87624635","chr5","125002744","125002896","46","37378246"
"chr3","87711250","87711550","chr3","25624991","25625291","38","62086259"
"chr3","87753682","87753990","chr5","45856163","45856467","43","41897519"
"chr3","87905713","87906006","chr11","61102182","61102474","32","26803531"
"chr3","88022638","88022938","chr5","82014241","82014539","39","6008397"
"chr3","88090239","88090519","chr14","87849883","87850160","49","240356"
"chr3","88109058","88109117","chr10","126726959","126727018","12","38617901"
"chr3","88455349","88455625","chr1","23057544","23057815","36","65397805"
"chr3","88644397","88644691","chr12","117088484","117088786","48","28444087"
"chr3","88826559","88826871","chr2B","65741490","65741803","34","23085069"
"chr3","88872054","88872345","chr7","22028248","22028547","30","66843806"
"chr3","88925282","88925583","chr12","21276435","21276745","47","67648847"
"chr3","88929777","88930087","chr5","15352472","15352776","41","73577305"
"chr3","89100804","89100919","chr1","76865802","76865912","23","12235002"
"chr3","89152924","89153220","chr11","82956585","82956882","46","6196339"
"chr3","89253686","89253983","chr19","45984366","45984662","45","43269320"
"chr3","89358537","89358825","chr16","12186594","12186889","37","77171943"
"chr3","89557327","89557652","chr9","74575275","74575588","56","14982052"
"chr3","89942238","89942529","chr7","20956320","20956591","50","68985918"
"chr3","90218398","90218705","chr4","84634003","84634316","44","5584395"
"chr3","91175114","91175426","chr4","198295008","198295316","37","107119894"
"chr3","91500685","91500993","chr7","19333175","19333482","29","72167510"
"chr3","92324345","92324659","chr7","18509561","18509873","29","73814784"
"chr3","92679962","92680255","chr7","18158267","18158556","23","74521695"
"chr3","92709449","92709701","chr7","18128931","18129183","17","74580518"
"chr3","92877598","92877878","chr15","52950317","52950594","60","39927281"
"chr3","93216862","93217152","chrUn_CABD030131550v1","8094","8384","40","93208768"
"chr3","93456069","93456364","chr5","160987933","160988228","36","67531864"
"chr3","93848877","93849156","chr7","76335126","76335406","43","17513751"
"chr3","94075387","94075684","chr7","16718695","16719006","39","77356692"
"chr3","94086965","94087273","chr6","35622489","35622796","33","58464476"
"chr3","94336579","94336875","chr19","17050826","17051125","39","77285753"
"chr3","94567494","94567790","chr2B","16242998","16243299","45","78324496"
"chr3","94742861","94743165","chr14","20972619","20972931","47","73770242"
"chr3","94956373","94956680","chr17","69846993","69847300","44","25109380"
"chr3","95259260","95259582","chr7","15516751","15517066","38","79742509"
"chr3","95349394","95349688","chrX","36693904","36694182","62","58655490"
"chr3","95476090","95476407","chr2B","10601584","10601902","56","84874506"
"chr3","95860844","95861153","chr1","191149848","191150155","41","95289004"
"chr3","96356393","96356687","chr1","86568052","86568344","45","9788341"
"chr3","96552729","96552904","chr14","38934062","38934237","24","57618667"
"chr3","97038999","97039299","chr6","172320858","172321142","54","75281859"
"chr3","97413578","97413829","chr2A","65259267","65259509","55","32154311"
"chr3","97526730","97526903","chr4","81515226","81515394","25","16011504"
"chr3","97592176","97592474","chr1","194446199","194446496","41","96854023"
"chr3","97609400","97609644","chr22","19333163","19333397","47","78276237"
"chr3","97609675","97609957","chr7","13201013","13201301","30","84408662"
"chr3","97742891","97743167","chr8","130516313","130516591","39","32773422"
"chr3","98168306","98168602","chr13","31463447","31463746","42","66704859"
"chr3","98206471","98206708","chr22","19333163","19333397","37","78873308"
"chr3","98212462","98212652","chr6","44804165","44804352","30","53408297"
"chr3","98402356","98402662","chr3","2931636","2931947","42","95470720"
"chr3","98962582","98962907","chr14","85461757","85462083","52","13500825"
"chr3","99329068","99329363","chrX","134590598","134590899","60","35261530"
"chr3","99775538","99775813","chr11","117179206","117179480","44","17403668"
"chr3","99801185","99801479","chr3","188115751","188116059","56","88314566"
"chr3","99905235","99905537","chr2B","95168475","95168788","42","4736760"
"chr3","99946002","99946294","chr1","215749362","215749652","37","115803360"
"chr3","100040733","100041032","chr1","27021093","27021389","32","73019640"
"chr3","100157167","100157477","chr2A","10355583","10355893","41","89801584"
"chr3","100263810","100264109","chrX","97594986","97595289","38","2668824"
"chr3","101065699","101065983","chr1","216079505","216079791","62","115013806"
"chr3","101747097","101747407","chr17","58273313","58273617","49","43473784"
"chr3","101748791","101749090","chr11","65999481","65999780","38","35749310"
"chr3","102396377","102396692","chr1","191149848","191150155","38","88753471"
"chr3","102829197","102829476","chr15","46138105","46138386","37","56691092"
"chr3","102874791","102875094","chr7","8083665","8083966","35","94791126"
"chr3","102979262","102979565","chr1","10843872","10844174","49","92135390"
"chr3","103005986","103006305","chr13","55838775","55839085","47","47167211"
"chr3","103122195","103122492","chr13","33361251","33361548","44","69760944"
"chr3","103231767","103232071","chr22","14216868","14217167","41","89014899"
"chr3","103236079","103236392","chr12","32964248","32964559","42","70271831"
"chr3","103485253","103485562","chr4","139819047","139819355","31","36333794"
"chr3","103739545","103739847","chr7","7231082","7231389","33","96508463"
"chr3","104088688","104088944","chr14","6124908","6125162","53","97963780"
"chr3","104266615","104266926","chr2A","83657439","83657747","34","20609176"
"chr3","104501549","104501853","chrX","82161045","82161350","36","22340504"
"chr3","104535708","104536020","chrX","51034227","51034538","36","53501481"
"chr3","104559328","104559622","chr11","309868","310167","37","104249460"
"chr3","104838111","104838373","chr7","80944265","80944533","48","23893846"
"chr3","105053878","105054161","chr7","81155889","81156149","38","23897989"
"chr3","105303689","105304002","chr7","72803004","72803316","43","32500685"
"chr3","105422411","105422693","chr1","24189834","24190118","42","81232577"
"chr3","105809128","105809426","chr7","81910362","81910661","25","23898766"
"chr3","105819724","105820030","chr1","100887646","100887952","46","4932078"
"chr3","105872128","105872446","chr20","35582405","35582711","41","70289723"
"chr3","105881375","105881670","chr9","81354291","81354584","40","24527084"
"chr3","106384454","106384766","chr7","52058550","52058861","37","54325904"
"chr3","106397697","106397993","chr9","11641215","11641514","38","94756482"
"chr3","106433446","106433760","chr2B","72409719","72410029","45","34023727"
"chr3","106558843","106559156","chr5","59448191","59448498","43","47110652"
"chr3","106596936","106597252","chr14","20972619","20972931","39","85624317"
"chr3","106754128","106754441","chr20","35582405","35582711","44","71171723"
"chr3","107119467","107119775","chr1","191149848","191150155","35","84030381"
"chr3","107133719","107134025","chr11","17305005","17305310","36","89828714"
"chr3","107206666","107206968","chr2A","97932797","97933108","56","9273869"
"chr3","107419557","107419867","chr20","35582405","35582711","31","71837152"
"chr3","107575607","107575901","chr6","48435776","48436078","53","59139831"
"chr3","107620762","107621076","chr15","69276871","69277183","52","38343891"
"chr3","107990549","107990860","chr1","191149848","191150155","43","83159299"
"chr3","108029581","108029613","chrX","1474044","1474063","16","106555537"
"chr3","108783606","108783918","chr7","84939737","84940032","40","23843869"
"chr3","109094511","109094688","chr6","44804165","44804352","27","64290346"
"chr3","109264340","109264634","chr7","44506290","44506583","33","64758050"
"chr3","109403908","109404226","chr3","50925441","50925752","54","58478467"
"chr3","109500723","109501004","chr3","23553039","23553323","33","85947684"
"chr3","109541772","109542072","chr2A","79079792","79080095","30","30461980"
"chr3","109602078","109602391","chr1","142335679","142335988","44","32733601"
"chr3","109616206","109616519","chr1","22955832","22956145","40","86660374"
"chr3","109727097","109727397","chr7","85878922","85879215","23","23848175"
"chr3","109818771","109819085","chr17","38608208","38608518","38","71210563"
"chr3","109828050","109828336","chr7","85978330","85978629","33","23849720"
"chr3","109852141","109852208","chr8","22327768","22327831","9","87524373"
"chr3","109852225","109852512","chr5","33727432","33727720","37","76124793"
"chr3","109859866","109860166","chr5","24415712","24416011","21","85444154"
"chr3","111008831","111009140","chr7","87220464","87220776","37","23788367"
"chr3","111150571","111150879","chr3","180305217","180305527","39","69154646"
"chr3","111325286","111325584","chrX","15138629","15138928","37","96186657"
"chr3","111375630","111375927","chr21","36178489","36178784","36","75197141"
"chr3","111403415","111403720","chr8","67971105","67971409","44","43432310"
"chr3","111904457","111904767","chr10","121813796","121814102","39","9909339"
"chr3","112211211","112211516","chr10","136766798","136767102","37","24555587"
"chr3","112610345","112610666","chr14","23916952","23917265","42","88693393"
"chr3","112822041","112822352","chr7","107430664","107430976","42","5391377"
"chr3","113104178","113104491","chr7","89282247","89282539","50","23821931"
"chr3","113879397","113879693","chr11","18496861","18497148","44","95382536"
"chr3","114046439","114046754","chr7","64373628","64373941","42","49672811"
"chr3","114081460","114081754","chr1","180108893","180109189","52","66027433"
"chr3","114349892","114350196","chr7","90558331","90558642","34","23791561"
"chr3","114963116","114963421","chr10","136766798","136767102","46","21803682"
"chr3","115119952","115120266","chr3","193320266","193320578","41","78200314"
"chr3","115373722","115374022","chr7","91587185","91587483","26","23786537"
"chr3","115992111","115992461","chr1","179606499","179606823","56","63614388"
"chr3","116329530","116329800","chr15","19268522","19268793","37","97061008"
"chr3","116853049","116853310","chr10","43187932","43188189","39","73665117"
"chr3","117304792","117305099","chr3","188115751","188116059","52","70810959"
"chr3","117655338","117655634","chr1","144529989","144530282","35","26874651"
"chr3","117695594","117695908","chrX","97038467","97038780","35","20657127"
"chr3","117804132","117804444","chr3","43184780","43185071","53","74619352"
"chr3","117898618","117898899","chr1","84476426","84476711","47","33422192"
"chr3","118204134","118204459","chr7","94484792","94485118","59","23719342"
"chr3","118534757","118535096","chr14","35929101","35929434","64","82605656"
"chr3","118745350","118745665","chr2A","21134848","21135157","49","97610502"
"chr3","118803391","118803679","chr7","95098718","95098990","41","23704673"
"chr3","118878142","118878456","chr4","173568856","173569161","46","54690714"
"chr3","118892561","118892853","chr7","95185637","95185941","44","23706924"
"chr3","119279335","119279638","chr7","72899498","72899802","34","46379837"
"chr3","119619817","119620118","chr2A","81381413","81381714","49","38238404"
"chr3","120352817","120353121","chr7","96702958","96703259","35","23649859"
"chr3","120424246","120424548","chr4","86790373","86790681","54","33633873"
"chr3","120872829","120873105","chr4","83955527","83955809","40","36917302"
"chr3","121093801","121094097","chr5","24415712","24416011","35","96678089"
"chr3","121239289","121239595","chr1","132554974","132555276","41","11315685"
"chr3","121810083","121810391","chr7","98167335","98167647","38","23642748"
"chr3","121869497","121869574","chr19","18038341","18038412","15","103831156"
"chr3","121933471","121933760","chr1","23083897","23084189","36","98849574"
"chr3","122473770","122474091","chr12","12300417","12300745","88","110173353"
"chr3","122882005","122882110","chr13","30019959","30020076","23","92862046"
"chr3","124246495","124246798","chr7","100590569","100590871","25","23655926"
"chr3","124262656","124262955","chr2A","59985648","59985942","36","64277008"
"chr3","124328306","124328608","chr1","130453549","130453856","36","6125243"
"chr3","124343460","124343768","chrX","43601029","43601333","44","80742431"
"chr3","124343871","124344177","chr16","66170347","66170652","39","58173524"
"chr3","124368670","124368969","chr16","12186594","12186889","41","112182076"
"chr3","124395751","124396053","chr2A","63373637","63373940","40","61022114"
"chr3","124407450","124407748","chr7","100741545","100741845","31","23665905"
"chr3","124631808","124631840","chr18","56150677","56150711","12","68481131"
"chr3","124631856","124632046","chrX","637212","637408","50","123994644"
"chr3","124873618","124873907","chr4","83955527","83955809","37","40918091"
"chr3","124945772","124946064","chr16","43348777","43349076","36","81596995"
"chr3","125238004","125238187","chr7","41261335","41261509","33","83976669"
"chr3","125302897","125303098","chr7","101922794","101923011","34","23380103"
"chr3","125336020","125336312","chr1","23959364","23959650","36","101376656"
"chr3","125347576","125347906","chr13","66616993","66617297","54","58730583"
"chr3","125349102","125349399","chr7","101971662","101971964","23","23377440"
"chr3","125457856","125458147","chr1","135023248","135023540","50","9565392"
"chr3","125503679","125503967","chr1","66580123","66580404","38","58923556"
"chr3","125637531","125637861","chr8","25754244","25754574","41","99883287"
"chr3","126014135","126014349","chr1","216931005","216931213","43","90916870"
"chr3","126163061","126163325","chr20","58367555","58367825","50","67795506"
"chr3","126397021","126397333","chr7","103050294","103050605","28","23346727"
"chr3","126564045","126564368","chr11","47944780","47945104","39","78619265"
"chr3","127214414","127214717","chrX","97594986","97595289","37","29619428"
"chr3","127255882","127256191","chr1","17314806","17315107","44","109941076"
"chr3","127271408","127271714","chr14","37334808","37335109","46","89936600"
"chr3","127302563","127302831","chr12","131788345","131788608","52","4485782"
"chr3","127318822","127319132","chr9","73922988","73923294","40","53395834"
"chr3","127361157","127361419","chr7","104022566","104022847","36","23338591"
"chr3","127435886","127436188","chr1","27021093","27021389","45","100414793"
"chr3","127481716","127482010","chr2B","63658605","63658897","42","63823111"
"chr3","127487951","127488262","chr20","35582405","35582711","45","91905546"
"chr3","127560779","127561088","chr18","20263234","20263541","44","107297545"
"chr3","127572897","127573210","chr15","69276871","69277183","39","58296026"
"chr3","127610108","127610419","chr14","74198044","74198357","40","53412064"
"chr3","127705034","127705325","chr19","33970963","33971252","33","93734071"
"chr3","127711384","127711681","chr8","61897078","61897377","33","65814306"
"chr3","127726305","127726628","chr1","69034819","69035142","48","58691486"
"chr3","127813728","127813997","chr2A","68921900","68922175","38","58891828"
"chr3","128149925","128150229","chr7","72899498","72899802","31","55250427"
"chr3","128225334","128225636","chr15","19304840","19305139","36","108920494"
"chr3","128241496","128241797","chr5","5487375","5487672","36","122754121"
"chr3","128616684","128617011","chr4","48585107","48585416","51","80031577"
"chr3","128657099","128657375","chr20","48626710","48626991","45","80030389"
"chr3","129577342","129577651","chr7","106260281","106260586","25","23317061"
"chr3","129741172","129741481","chr13","26867523","26867829","49","102873649"
"chr3","129824602","129824717","chr5","117795562","117795676","29","12029040"
"chr3","129952496","129952768","chr6","165947210","165947493","50","35994714"
"chr3","129984758","129985070","chr6","99040644","99040953","39","30944114"
"chr3","130053391","130053688","chr8","94878591","94878895","47","35174800"
"chr3","130121832","130122133","chr15","51575964","51576258","32","78545868"
"chr3","130141598","130141887","chrX","73648658","73648956","55","56492940"
"chr3","130181895","130182194","chr20","35582405","35582711","47","94599490"
"chr3","130341798","130342105","chr20","35582405","35582711","39","94759393"
"chr3","130523291","130523582","chr1","7700882","7701173","27","122822409"
"chr3","130664780","130665072","chr4","155657331","155657621","37","24992551"
"chr3","130711061","130711356","chrX","19140350","19140650","36","111570711"
"chr3","131763399","131763695","chr1","185054973","185055268","47","53291574"
"chr3","132337887","132338194","chr17","9006578","9006890","60","123331309"
"chr3","132586578","132586901","chr8","45306348","45306665","59","87280230"
"chr3","132856842","132857147","chr19","57118880","57119186","50","75737962"
"chr3","133152684","133152984","chr19","14294165","14294464","38","118858519"
"chr3","133753472","133753763","chr7","110621608","110621899","34","23131864"
"chr3","134009730","134010041","chr7","110860564","110860865","34","23149166"
"chr3","134040683","134040983","chr7","110891645","110891944","28","23149038"
"chr3","134044111","134044401","chr19","12883061","12883346","53","121161050"
"chr3","134206144","134206460","chr7","111064474","111064783","36","23141670"
"chr3","134378980","134379292","chr10","40533296","40533592","46","93845684"
"chr3","134479403","134479714","chr2B","126659408","126659716","33","7819995"
"chr3","134589050","134589343","chr4","40078992","40079285","42","94510058"
"chr3","134658537","134658833","chr19","45984366","45984662","32","88674171"
"chr3","134998916","134999225","chr1","191149848","191150155","47","56150932"
"chr3","136172559","136172707","chr3","190148538","190148676","28","53975979"
"chr3","136416360","136416668","chr17","85095165","85095468","52","51321195"
"chr3","136522490","136522558","chr12","131788252","131788307","22","4734238"
"chr3","136686221","136686505","chr19","16512977","16513270","39","120173244"
"chr3","136693100","136693231","chr19","37877331","37877461","17","98815769"
"chr3","136945204","136945514","chr14","74198044","74198357","42","62747160"
"chr3","136962775","136963072","chr17","81504650","81504947","40","55458125"
"chr3","137513822","137514116","chr1","133997743","133998034","41","3516079"
"chr3","137745135","137745443","chr4","106451241","106451549","38","31293894"
"chr3","138256590","138256881","chr9","94919935","94920225","35","43336655"
"chr3","138280533","138280843","chr7","115375555","115375864","32","22904978"
"chr3","138793581","138793887","chr7","115914275","115914582","24","22879306"
"chr3","138813184","138813461","chr7","115933903","115934186","27","22879281"
"chr3","139282348","139282407","chr5","7817287","7817344","7","131465061"
"chr3","139294179","139294490","chr7","127657301","127657615","38","11636878"
"chr3","139325960","139326252","chr7","116460801","116461096","26","22865159"
"chr3","139375853","139376141","chrX","18200876","18201163","42","121174977"
"chr3","139526484","139526784","chr20","35582405","35582711","41","103944079"
"chr3","140025274","140025555","chr7","148440141","148440443","52","8414867"
"chr3","140165876","140166178","chrX","41587872","41588178","40","98578004"
"chr3","140432041","140432323","chr11","46969394","46969676","42","93462647"
"chr3","141239643","141239928","chr7","118346502","118346792","37","22893141"
"chr3","142444541","142444845","chr7","119553190","119553483","25","22891351"
"chr3","142472634","142472946","chr18","46566746","46567058","43","95905888"
"chr3","142621939","142622265","chr7","119727966","119728286","29","22893973"
"chr3","142713209","142713517","chr3","50925441","50925752","44","91787768"
"chr3","142898670","142898972","chr7","120000431","120000738","23","22898239"
"chr3","143651320","143651639","chr6","92627130","92627451","51","51024190"
"chr3","143700614","143700906","chr5","43510231","43510524","44","100190383"
"chr3","143739241","143739508","chr7","120868667","120868932","34","22870574"
"chr3","144124484","144124784","chr14","32972455","32972755","41","111152029"
"chr3","144340005","144340318","chr14","88626901","88627211","41","55713104"
"chr3","144588082","144588393","chr8","44932082","44932391","39","99656000"
"chr3","145946989","145947303","chr12","8706461","8706771","42","137240528"
"chr3","146158306","146158620","chr14","74671804","74672116","43","71486502"
"chr3","146351864","146352143","chr7","123523598","123523875","24","22828266"
"chr3","146639576","146639887","chr6","144898371","144898682","39","1741205"
"chr3","147206301","147206613","chr5","162326402","162326716","36","15120101"
"chr3","149346237","149346546","chr1","134763713","134764022","39","14582524"
"chr3","149808383","149808666","chr1","144529989","144530282","40","5278394"
"chr3","149808866","149809154","chr7","127239567","127239862","23","22569299"
"chr3","150221069","150221379","chr17","79404094","79404401","37","70816975"
"chr3","150236506","150236818","chr18","59918384","59918694","39","90318122"
"chr3","150405596","150405891","chr2A","59985648","59985942","30","90419948"
"chr3","150445880","150446195","chr1","40966383","40966697","37","109479497"
"chr3","150765833","150766130","chr11","44474205","44474497","41","106291628"
"chr3","150774901","150775197","chr6","113157764","113158063","28","37617137"
"chr3","150973219","150973518","chr7","128594248","128594544","39","22378971"
"chr3","151019202","151019492","chr17","59104636","59104927","33","91914566"
"chr3","151152272","151152554","chr18","43171207","43171494","38","107981065"
"chr3","151249601","151249893","chr19","35385832","35386124","33","115863769"
"chr3","151290717","151291030","chr1","100887646","100887952","42","50403071"
"chr3","151494931","151495237","chr15","28083376","28083681","34","123411555"
"chr3","151563463","151563749","chr7","154438682","154438977","43","2875219"
"chr3","151665503","151665784","chr11","68121528","68121809","36","83543975"
"chr3","151689877","151690174","chr7","129287081","129287379","28","22402796"
"chr3","151707648","151707944","chr7","47963569","47963862","27","103744079"
"chr3","151713207","151713532","chr14","40036316","40036635","53","111676891"
"chr3","151741849","151742160","chr20","35582405","35582711","39","116159444"
"chr3","151762780","151763092","chr10","36119294","36119606","38","115643486"
"chr3","151766417","151766712","chr19","45984366","45984662","42","105782051"
"chr3","151820841","151821097","chr4","41945786","41946057","71","109875055"
"chr3","151823857","151824167","chr2A","21134848","21135157","42","130689009"
"chr3","151910513","151910834","chr4","106451241","106451549","47","45459272"
"chr3","152304146","152304463","chr3","172937903","172938224","41","20633757"
"chr3","152350123","152350436","chrX","41587872","41588178","33","110762251"
"chr3","152496874","152497146","chr5","127310135","127310417","48","25186739"
"chr3","152511419","152511721","chr2A","10355583","10355893","43","142155836"
"chr3","152896716","152896995","chr7","130411006","130411284","30","22485710"
"chr3","152896996","152897274","chr7","130411006","130411284","17","22485990"
"chr3","152897276","152897584","chr7","130411286","130411597","23","22485990"
"chr3","152921676","152921987","chr1","100887646","100887952","35","52034030"
"chr3","153017369","153017683","chr6","35622489","35622796","35","117394880"
"chr3","153074946","153075200","chr2A","3858620","3858873","40","149216326"
"chr3","153210667","153210959","chr9","70252230","70252529","33","82958437"
"chr3","153255703","153255991","chr10","92135337","92135628","36","61120366"
"chr3","153371648","153371959","chr8","145823123","145823430","40","7548525"
"chr3","153413614","153413928","chr1","205430531","205430844","34","52016917"
"chr3","154082449","154082625","chr17","57360468","57360638","24","96721981"
"chr3","154824372","154824682","chr6","32378353","32378664","33","122446019"
"chr3","154839451","154839745","chr7","132389917","132390213","31","22449534"
"chr3","154952174","154952484","chr1","40966383","40966697","44","113985791"
"chr3","155051275","155051578","chr7","132575347","132575645","38","22475928"
"chr3","155053043","155053208","chr5","120539292","120539462","26","34513751"
"chr3","155202813","155203130","chr1","204184641","204184943","50","48981828"
"chr3","155320653","155320906","chr12","81903708","81903964","46","73416945"
"chr3","155334529","155334835","chr7","132860297","132860608","32","22474232"
"chr3","155452730","155453022","chr7","132966188","132966479","25","22486542"
"chr3","156070047","156070313","chr12","76915481","76915745","44","79154566"
"chr3","156135057","156135359","chr20","35582405","35582711","38","120552652"
"chr3","156270964","156271277","chr17","809178","809485","48","155461786"
"chr3","156587371","156587678","chr7","134156701","134157011","32","22430670"
"chr3","156695817","156696126","chr14","20972619","20972931","34","135723198"
"chr3","157059418","157059525","chr7","134662113","134662215","16","22397305"
"chr3","157227298","157227587","chr19","15118700","15118990","34","142108598"
"chr3","157236012","157236314","chr6","39813718","39814020","31","117422294"
"chr3","157273904","157274194","chr7","4137338","4137637","48","153136566"
"chr3","157293371","157293660","chr7","134882316","134882612","36","22411055"
"chr3","157305827","157306132","chr7","134894731","134895043","38","22411096"
"chr3","157385364","157385667","chr7","134978192","134978499","22","22407172"
"chr3","157396523","157396812","chr7","134990082","134990372","31","22406441"
"chr3","157530576","157530888","chr7","127657301","127657615","41","29873275"
"chr3","157587177","157587494","chr7","135179234","135179552","33","22407943"
"chr3","157593242","157593551","chr7","135184141","135184439","32","22409101"
"chr3","157811027","157811322","chr22","34538362","34538671","38","123272665"
"chr3","158054156","158054411","chr10","43187932","43188189","42","114866224"
"chr3","158443407","158443702","chr13","12594801","12595101","50","145848606"
"chr3","159169578","159169878","chr7","136838287","136838594","30","22331291"
"chr3","159354752","159355046","chr7","137047086","137047379","18","22307666"
"chr3","159411050","159411348","chr9","120437519","120437817","23","38973531"
"chr3","159837628","159837738","chr7","137530746","137530858","8","22306882"
"chr3","159904651","159904941","chr5","137760043","137760333","36","22144608"
"chr3","159957456","159957751","chr7","137661993","137662288","24","22295463"
"chr3","160004633","160004939","chr11","17305005","17305310","44","142699628"
"chr3","160016009","160016327","chr12","106449422","106449729","38","53566587"
"chr3","160088148","160088445","chr4","171953878","171954174","42","11865730"
"chr3","160146074","160146386","chr14","47699482","47699790","43","112446592"
"chr3","160271179","160271449","chr5","100069077","100069348","44","60202102"
"chr3","160421268","160421579","chrX","97594986","97595289","42","62826282"
"chr3","160463990","160464279","chr12","98237078","98237367","46","62226912"
"chr3","160466710","160467016","chr8","74261100","74261405","35","86205610"
"chr3","160484277","160484570","chr3","123193909","123194204","38","37290368"
"chr3","160500792","160501089","chr1","38451526","38451829","41","122049266"
"chr3","160795046","160795337","chr18","14207301","14207594","43","146587745"
"chr3","160871523","160871840","chr14","77304145","77304459","46","83567378"
"chr3","160873442","160873752","chr6","20369140","20369448","48","140504302"
"chr3","160937984","160938286","chr17","63244580","63244884","40","97693404"
"chr3","160944951","160945251","chr7","138662760","138663060","31","22282191"
"chr3","161030953","161031251","chr4","161025537","161025837","35","5416"
"chr3","161104913","161105210","chr5","160987933","160988228","29","116980"
"chr3","161126148","161126446","chr16","43348777","43349076","27","117777371"
"chr3","161173808","161174107","chr7","75795144","75795454","53","85378664"
"chr3","161176952","161177264","chr17","38608208","38608518","41","122568744"
"chr3","161409275","161409562","chr7","139135562","139135842","26","22273713"
"chr3","161620273","161620415","chr7","139346430","139346561","18","22273843"
"chr3","161767416","161767738","chr7","72899498","72899802","53","88867918"
"chr3","161780261","161780545","chr1","17314806","17315107","42","144465455"
"chr3","161828481","161828780","chr8","142803773","142804071","34","19024708"
"chr3","161894523","161894818","chr11","27442623","27442932","48","134451900"
"chr3","161963093","161963405","chr14","20972619","20972931","37","140990474"
"chr3","162001449","162001767","chr17","38608208","38608518","45","123393241"
"chr3","162034922","162035209","chr1","88149023","88149328","42","73885899"
"chr3","162056618","162056905","chr9","15696116","15696407","41","146360502"
"chr3","162089011","162089306","chr1","194446199","194446496","40","32357188"
"chr3","162114553","162114864","chrX","41587872","41588178","36","120526681"
"chr3","162131483","162131771","chr2B","79688440","79688705","69","82443043"
"chr3","162183012","162183312","chr17","8465111","8465410","34","153717901"
"chr3","162217328","162217630","chr19","50345980","50346283","31","111871348"
"chr3","162242400","162242560","chr19","10235712","10235873","34","152006688"
"chr3","162312648","162312960","chr12","21276435","21276745","41","141036213"
"chr3","162320208","162320491","chr7","5902364","5902651","51","156417844"
"chr3","162347431","162347698","chr7","140118414","140118673","29","22229017"
"chr3","162377118","162377387","chr7","140147816","140148083","24","22229302"
"chr3","162379211","162379503","chr1","144529989","144530282","32","17849222"
"chr3","162427593","162427892","chr17","58273313","58273617","53","104154280"
"chr3","162514823","162515148","chr1","191149848","191150155","45","28635025"
"chr3","162522696","162522998","chr13","12804911","12805215","37","149717785"
"chr3","162619463","162619568","chr5","122001202","122001308","12","40618261"
"chr3","162652475","162652767","chr8","33472835","33473130","42","129179640"
"chr3","162692343","162692409","chr7","140482622","140482688","4","22209721"
"chr3","162727992","162728033","chr15","7314160","7314203","11","155413832"
"chr3","162757359","162757669","chr17","12349722","12350033","40","150407637"
"chr3","162792989","162793302","chr20","32211306","32211614","35","130581683"
"chr3","162852995","162853292","chr7","140746275","140746579","32","22106720"
"chr3","163091485","163091720","chr7","140983792","140984027","26","22107693"
"chr3","163255186","163255493","chr20","35582405","35582711","47","127672781"
"chr3","163267652","163267943","chr2B","396836","397130","40","162870816"
"chr3","163828607","163828916","chr10","136766798","136767102","36","27061809"
"chr3","164126444","164126739","chr22","30343256","30343556","52","133783188"
"chr3","164368822","164369121","chr7","142220937","142221236","38","22147885"
"chr3","164817024","164817352","chr7","142685164","142685474","37","22131860"
"chr3","164827399","164827703","chr13","57586674","57586982","36","107240725"
"chr3","165171585","165171893","chr2A","83657439","83657747","33","81514146"
"chr3","165201727","165202040","chr7","143117212","143117527","22","22084515"
"chr3","165243265","165243529","chr13","89911763","89912027","45","75331502"
"chr3","165244132","165244309","chr15","7627482","7627659","23","157616650"
"chr3","165375308","165375611","chr1","65914289","65914588","35","99461019"
"chr3","165647778","165648059","chr12","6236698","6236971","58","159411080"
"chr3","165722727","165723039","chr2A","38433886","38434193","38","127288841"
"chr3","166036308","166036595","chr13","34006475","34006766","48","132029833"
"chr3","166036598","166036759","chr1","14249496","14249656","25","151787102"
"chr3","166164842","166165137","chr8","77189674","77189971","43","88975168"
"chr3","166184745","166185046","chr14","34284807","34285111","44","131899938"
"chr3","166332414","166332693","chr19","10545129","10545406","51","155787285"
"chr3","166567927","166568227","chr7","144493767","144494066","25","22074160"
"chr3","166900645","166900952","chr7","144842234","144842540","34","22058411"
"chr3","167430675","167430849","chr5","18186176","18186342","28","149244499"
"chr3","167570314","167570609","chr5","82014241","82014539","39","85556073"
"chr3","167695611","167695920","chr10","86782884","86783195","47","80912727"
"chr3","167716837","167717137","chr1","102954572","102954872","39","64762265"
"chr3","167823455","167823762","chr9","114285913","114286219","37","53537542"
"chr3","167990904","167991216","chr6","6752789","6753094","44","161238115"
"chr3","168482140","168482486","chr1","54464452","54464778","61","114017688"
"chr3","168572965","168573121","chr7","146538326","146538484","20","22034639"
"chr3","168608650","168608944","chr13","31463447","31463746","38","137145203"
"chr3","168921650","168921944","chr5","151232990","151233286","49","17688660"
"chr3","169261855","169262143","chr16","12186594","12186889","46","157075261"
"chr3","169513232","169513529","chr9","44384816","44385110","34","125128416"
"chr3","169692234","169692445","chr7","152135648","152135848","40","17556586"
"chr3","169915544","169915855","chr13","20775986","20776294","42","149139558"
"chr3","169986850","169987155","chr9","78896161","78896464","36","91090689"
"chr3","170074756","170075047","chr10","92135337","92135628","43","77939419"
"chr3","170176770","170177073","chr1","221794285","221794593","37","51617515"
"chr3","170216668","170216974","chr15","67619999","67620309","41","102596669"
"chr3","170486731","170487006","chr1","27046001","27046282","37","143440730"
"chr3","170509316","170509597","chr8","54146840","54147130","38","116362476"
"chr3","170521972","170522273","chr10","35751028","35751331","43","134770944"
"chr3","170578933","170579229","chr7","148536411","148536712","20","22042522"
"chr3","170593492","170593795","chr1","185054973","185055268","36","14461481"
"chr3","170624711","170625011","chr8","94021108","94021405","36","76603603"
"chr3","170671856","170672113","chr7","64883012","64883245","54","105788844"
"chr3","170701881","170702016","chr10","50121001","50121135","15","120580880"
"chr3","170702395","170702410","chr13","53878400","53878416","4","116823995"
"chr3","170702726","170702896","chr15","33698338","33698507","29","137004388"
"chr3","170703017","170703310","chr22","11918519","11918809","38","158784498"
"chr3","170725697","170725993","chr1","185054973","185055268","42","14329276"
"chr3","170829779","170830055","chr7","85761026","85761312","54","85068753"
"chr3","170906789","170907103","chr1","54620539","54620851","40","116286250"
"chr3","170936313","170936618","chr1","194446199","194446496","49","23509886"
"chr3","171019524","171019818","chr6","19888890","19889184","38","151130634"
"chr3","171024495","171024797","chr10","136766798","136767102","44","34257697"
"chr3","171103570","171103794","chr6","161107944","161108165","28","9995626"
"chr3","171115281","171115590","chr2B","93658028","93658336","33","77457253"
"chr3","171413078","171413391","chr7","149339229","149339536","24","22073849"
"chr3","171417952","171418087","chr9","45575153","45575275","20","125842799"
"chr3","171648332","171648642","chr7","149991435","149991749","29","21656897"
"chr3","171873072","171873383","chr1","11464495","11464802","33","160408577"
"chr3","172082635","172082946","chr5","133411905","133412206","37","38670730"
"chr3","172169851","172170029","chr6","35919970","35920147","29","136249881"
"chr3","172465812","172466128","chr1","93824549","93824847","47","78641263"
"chr3","172479049","172479349","chr2A","98098346","98098646","36","74380703"
"chr3","172700840","172701154","chr7","151035064","151035373","36","21665776"
"chr3","173136269","173136580","chr7","151479273","151479586","32","21656996"
"chr3","173247217","173247530","chr7","151598755","151599068","31","21648462"
"chr3","173268846","173269140","chr1","27021093","27021389","33","146247753"
"chr3","173443560","173443866","chr6","35622489","35622796","34","137821071"
"chr3","173597484","173597791","chr1","100887646","100887952","34","72709838"
"chr3","173620502","173620766","chr12","76915481","76915745","43","96705021"
"chr3","173628756","173629046","chr3","12024603","12024895","40","161604153"
"chr3","173724037","173724334","chr7","152141321","152141616","24","21582716"
"chr3","173724716","173725013","chr8","61626727","61627026","34","112097989"
"chr3","173732929","173733218","chr6","39058088","39058377","31","134674841"
"chr3","173736704","173737004","chr15","44467276","44467574","35","129269428"
"chr3","173778182","173778469","chr4","155657331","155657621","32","18120851"
"chr3","173794929","173795207","chr7","138018916","138019184","63","35776013"
"chr3","173799091","173799146","chr3","162676568","162676614","13","11122523"
"chr3","173801478","173801792","chr1","100887646","100887952","31","72913832"
"chr3","173925585","173925889","chr7","110891645","110891944","32","63033940"
"chr3","173949892","173949991","chr5","116302769","116302865","27","57647123"
"chr3","173960853","173961147","chr7","152431067","152431362","24","21529786"
"chr3","173983015","173983304","chr3","197478809","197479109","45","23495794"
"chr3","173990768","173991073","chrX","97594986","97595289","31","76395782"
"chr3","174069131","174069424","chr6","125884319","125884615","40","48184812"
"chr3","174371521","174371795","chr1","66580123","66580404","48","107791398"
"chr3","174734629","174734924","chr1","185054973","185055268","39","10320344"
"chr3","174735542","174735846","chr6","6752789","6753094","30","167982753"
"chr3","174918124","174918415","chr9","118968461","118968747","40","55949663"
"chr3","174937903","174938209","chr3","186504136","186504430","47","11566233"
"chr3","175018876","175019172","chr4","39554171","39554467","38","135464705"
"chr3","175121998","175122303","chr4","198798700","198799005","45","23676702"
"chr3","175269401","175269703","chr1","27042867","27043169","39","148226534"
"chr3","175331879","175332060","chr1","175113558","175113754","36","218321"
"chr3","175363149","175363458","chr10","121813796","121814102","33","53549353"
"chr3","175509239","175509553","chr3","49259552","49259862","39","126249687"
"chr3","175521191","175521504","chr7","153994364","153994675","27","21526827"
"chr3","175583788","175584077","chr9","94919935","94920225","35","80663853"
"chr3","175634583","175634895","chrX","74427130","74427438","38","101207453"
"chr3","175821129","175821444","chr2B","95168475","95168788","34","80652654"
"chr3","176077102","176077406","chr7","154570538","154570845","31","21506564"
"chr3","176087174","176087493","chr15","69276871","69277183","39","106810303"
"chr3","176132507","176132814","chr5","15352472","15352776","42","160780035"
"chr3","176320330","176320607","chr1","23057544","23057815","37","153262786"
"chr3","176460287","176460338","chr4","86886878","86886939","21","89573409"
"chr3","176460488","176460634","chr12","96053521","96053677","33","80406967"
"chr3","176627951","176628257","chr13","26867523","26867829","40","149760428"
"chr3","176776084","176776393","chr12","8844629","8844937","40","167931455"
"chr3","176802626","176802941","chr7","155301152","155301467","31","21501474"
"chr3","177079073","177079395","chr1","69034819","69035142","51","108044254"
"chr3","177195348","177195658","chr1","100887646","100887952","37","76307702"
"chr3","177317745","177318055","chr14","55579872","55580176","45","121737873"
"chr3","177543060","177543371","chr2A","79839508","79839818","33","97703552"
"chr3","177594715","177595012","chr5","160987933","160988228","35","16606782"
"chr3","177755922","177756225","chr7","138662760","138663060","37","39093162"
"chr3","177826903","177827196","chr4","37953476","37953776","38","139873427"
"chr3","177919527","177919792","chr12","76915481","76915745","51","101004046"
"chr3","177979369","177979674","chr10","129533299","129533601","39","48446070"
"chr3","178064297","178064608","chr17","38608208","38608518","30","139456089"
"chr3","178104133","178104429","chr17","8465111","8465410","38","169639022"
"chr3","178229805","178229952","chr3","113816856","113817003","27","64412949"
"chr3","178363820","178364132","chr10","101337366","101337681","47","77026454"
"chr3","178382547","178382856","chr14","77304145","77304459","43","101078402"
"chr3","178399250","178399551","chr10","136766798","136767102","39","41632452"
"chr3","178403439","178403738","chr16","19118334","19118636","42","159285105"
"chr3","178441894","178442198","chr7","2112993","2113296","42","176328901"
"chr3","178443029","178443192","chr1","24076385","24076550","24","154366644"
"chr3","179285669","179285920","chr7","157972520","157972765","26","21313149"
"chr3","179377526","179377756","chr12","64784620","64784856","57","114592906"
"chr3","179648004","179648318","chr9","74575275","74575588","48","105072729"
"chr3","179690050","179690350","chr7","158386098","158386404","24","21303952"
"chr3","179734874","179735172","chr14","89196847","89197147","40","90538027"
"chr3","179783086","179783393","chr16","80407225","80407535","38","99375861"
"chr3","179785600","179785912","chrX","44834336","44834647","41","134951264"
"chr3","179815094","179815370","chr21","33915139","33915420","41","145899955"
"chr3","179911682","179911973","chr5","51485013","51485305","38","128426669"
"chr3","179918362","179918663","chr16","4754253","4754556","44","175164109"
"chr3","179982982","179983274","chr1","144529989","144530282","41","35452993"
"chr3","180013365","180013671","chr1","35990880","35991182","29","144022485"
"chr4","38797220","38797531","chr6","52842199","52842509","37","14044979"
"chr4","84672395","84672697","chr9","67126783","67127082","33","17545612"
"chr4","6606","6899","chr1","46826086","46826382","43","46819480"
"chr4","317477","317784","chr1","100887646","100887952","41","100570169"
"chr4","650040","650339","chr5","5487375","5487672","34","4837335"
"chr4","743775","744052","chr14","61104621","61104901","45","60360846"
"chr4","834399","834703","chr9","82578710","82579015","35","81744311"
"chr4","937439","937729","chr6","940081","940375","28","2642"
"chr4","1001036","1001331","chr13","31463447","31463746","33","30462411"
"chr4","1193506","1193816","chr2B","65741490","65741803","39","64547984"
"chr4","1319016","1319336","chr1","54464452","54464778","48","53145436"
"chr4","1438255","1438558","chr3","33692080","33692378","43","32253825"
"chr4","1915353","1915657","chr8","94878591","94878895","38","92963238"
"chr4","2092832","2093085","chr6","2127904","2128170","38","35072"
"chr4","2255358","2255675","chr18","8820811","8821121","50","6565453"
"chr4","2374353","2374613","chr6","2478129","2478392","20","103776"
"chr4","2741139","2741429","chr10","91052551","91052845","49","88311412"
"chr4","2782274","2782587","chr14","89567587","89567900","39","86785313"
"chr4","2919499","2919806","chr3","2931636","2931947","36","12137"
"chr4","2951441","2951746","chr6","3099757","3100061","32","148316"
"chr4","2952914","2953226","chr7","130411286","130411597","43","127458372"
"chr4","2964842","2965143","chr12","8893890","8894193","46","5929048"
"chr4","3005746","3006066","chr4","106451241","106451549","44","103445495"
"chr4","3047259","3047539","chr6","3197896","3198178","32","150637"
"chr4","3155767","3156075","chr8","30072940","30073247","39","26917173"
"chr4","3205793","3205966","chr4","81515226","81515394","22","78309433"
"chr4","3477500","3477807","chr5","45856163","45856467","43","42378663"
"chr4","3509414","3509752","chr1","54464452","54464778","54","50955038"
"chr4","3540871","3541176","chr20","39696632","39696939","38","36155761"
"chr4","3546440","3546737","chr1","144529989","144530282","37","140983549"
"chr4","3580218","3580517","chr1","93824549","93824847","35","90244331"
"chr4","3590920","3591215","chr6","3759364","3759658","16","168444"
"chr4","3606513","3606796","chr12","68329027","68329323","51","64722514"
"chr4","3633837","3634131","chr6","3803168","3803477","42","169331"
"chr4","3958780","3959078","chr9","67126783","67127082","26","63168003"
"chr4","4043260","4043564","chr6","4189942","4190234","37","146682"
"chr4","4073465","4073793","chr1","46153241","46153566","58","42079776"
"chr4","4174237","4174546","chr6","4341247","4341556","29","167010"
"chr4","4303046","4303351","chr6","4463035","4463342","39","159989"
"chr4","4363417","4363638","chr1","180285522","180285755","42","175922105"
"chr4","4512999","4513307","chr12","3042424","3042732","37","1470575"
"chr4","4523882","4524191","chr6","17608929","17609236","39","13085047"
"chr4","4661500","4661791","chr1","144529989","144530282","43","139868489"
"chr4","5029782","5029909","chr1","220442001","220442128","15","215412219"
"chr4","5030007","5030198","chr12","5926125","5926316","33","896118"
"chr4","5058268","5058553","chr4","193440825","193441116","39","188382557"
"chr4","5075920","5076206","chr19","52434338","52434622","35","47358418"
"chr4","5089528","5089823","chr4","40078992","40079285","40","34989464"
"chr4","5276068","5276360","chrX","54732807","54733103","46","49456739"
"chr4","5373119","5373431","chr2A","10355583","10355893","35","4982464"
"chr4","5639835","5640109","chr11","39445585","39445851","38","33805750"
"chr4","5663102","5663393","chr5","2683883","2684176","41","2979219"
"chr4","5942110","5942411","chr6","6163226","6163534","39","221116"
"chr4","6186713","6186991","chr7","70128433","70128712","34","63941720"
"chr4","6515217","6515528","chr6","6752789","6753094","29","237572"
"chr4","6538506","6538819","chr2A","21134848","21135157","47","14596342"
"chr4","6575437","6575714","chr1","224235364","224235639","39","217659927"
"chr4","6627016","6627319","chr6","6863787","6864092","34","236771"
"chr4","6862956","6863243","chr12","86830717","86831004","49","79967761"
"chr4","6905659","6905941","chr6","7125066","7125354","28","219407"
"chr4","6934781","6935091","chr6","7156507","7156815","29","221726"
"chr4","6958409","6958714","chr18","7328644","7328966","58","370235"
"chr4","6967706","6967943","chr2A","21712964","21713196","58","14745258"
"chr4","6984141","6984422","chr2A","68921900","68922175","43","61937759"
"chr4","6992975","6993151","chr2B","60594972","60595145","31","53601997"
"chr4","7011169","7011481","chr14","74198044","74198357","30","67186875"
"chr4","7045734","7046012","chr14","87849883","87850160","37","80804149"
"chr4","7108647","7108947","chr9","11641215","11641514","33","4532568"
"chr4","7200794","7201100","chr20","32211306","32211614","34","25010512"
"chr4","7210806","7211092","chr5","117859800","117860087","39","110648994"
"chr4","7271548","7271855","chr2A","31692393","31692699","37","24420845"
"chr4","7318594","7318905","chr1","93824549","93824847","44","86505955"
"chr4","7387564","7387871","chr11","117188078","117188372","64","109800514"
"chr4","7497387","7497671","chr1","24189834","24190118","41","16692447"
"chr4","7546166","7546481","chr15","62254820","62255135","49","54708654"
"chr4","7796491","7796800","chr5","162326402","162326716","37","154529911"
"chr4","7879862","7880125","chr12","131788345","131788608","32","123908483"
"chr4","7988221","7988511","chr6","8275631","8275920","26","287410"
"chr4","8012435","8012738","chr6","8296755","8297049","35","284320"
"chr4","8013368","8013706","chr7","48281427","48281761","61","40268059"
"chr4","8203322","8203618","chr6","8496582","8496898","55","293260"
"chr4","8300315","8300567","chr4","39582201","39582448","40","31281886"
"chr4","8535148","8535441","chr20","34323117","34323413","45","25787969"
"chr4","8727636","8727947","chr21","35938756","35939068","38","27211120"
"chr4","8845359","8845671","chr10","36119294","36119606","32","27273935"
"chr4","9051804","9052111","chr3","2931636","2931947","46","6120168"
"chr4","9094345","9094657","chr9","114786009","114786320","46","105691664"
"chr4","9258221","9258523","chr6","9619085","9619381","35","360864"
"chr4","9299636","9299945","chr2B","99158092","99158401","43","89858456"
"chr4","9409755","9410048","chr6","9775131","9775433","36","365376"
"chr4","9463583","9463877","chr4","197519800","197520092","32","188056217"
"chr4","9465418","9465710","chr6","9843830","9844122","33","378412"
"chr4","9519608","9519897","chr4","154399744","154400023","42","144880136"
"chr4","9709243","9709582","chr3","102429845","102430183","47","92720602"
"chr4","10193336","10193639","chr3","55843499","55843803","35","45650163"
"chr4","10225109","10225404","chrX","47697949","47698245","33","37472840"
"chr4","10325446","10325730","chr2B","125039405","125039704","42","114713959"
"chr4","10344661","10344924","chr12","131788345","131788608","46","121443684"
"chr4","10396088","10396411","chr7","76735395","76735710","44","66339307"
"chr4","10449507","10449797","chr1","181822805","181823100","43","171373298"
"chr4","10582383","10582689","chr22","34538362","34538671","36","23955979"
"chr4","10606424","10606693","chr16","40452303","40452577","49","29845879"
"chr4","10632127","10632418","chr13","27699295","27699595","39","17067168"
"chr4","10686019","10686321","chr22","14216868","14217167","46","3530849"
"chr4","10717912","10718212","chr1","100887646","100887952","43","90169734"
"chr4","10718220","10718526","chr5","156818636","156818943","40","146100416"
"chr4","10719285","10719549","chr6","2478129","2478392","43","8241156"
"chr4","10726752","10727029","chr4","83955527","83955809","32","73228775"
"chr4","10782989","10783295","chr6","11147544","11147849","33","364555"
"chr4","10891151","10891457","chr6","11259399","11259700","32","368248"
"chr4","10905888","10906164","chr6","11278383","11278664","32","372495"
"chr4","10910363","10910661","chr6","11283385","11283694","34","373022"
"chr4","10991085","10991391","chr9","82578710","82579015","38","71587625"
"chr4","11001454","11001758","chr6","111250803","111251109","32","100249349"
"chr4","11066710","11067001","chr5","13187837","13188133","50","2121127"
"chr4","11111822","11112119","chr11","42737891","42738187","35","31626069"
"chr4","11113696","11113861","chr19","52939529","52939692","28","41825833"
"chr4","11151891","11152193","chr6","11540266","11540569","28","388375"
"chr4","11188126","11188406","chrX","108626661","108626941","34","97438535"
"chr4","11216760","11217072","chr1","53492969","53493281","43","42276209"
"chr4","11716248","11716536","chr3","12024603","12024895","38","308355"
"chr4","11825930","11826180","chr12","76915481","76915745","52","65089551"
"chr4","11854873","11855170","chr6","12281853","12282148","45","426980"
"chr4","11857302","11857598","chr6","12284327","12284622","33","427025"
"chr4","11972815","11973121","chr4","38387917","38388218","40","26415102"
"chr4","11981912","11982207","chr6","12410482","12410777","20","428570"
"chr4","12644293","12644607","chr3","200810389","200810699","44","188166096"
"chr4","12737540","12737835","chr6","13219977","13220276","34","482437"
"chr4","12813295","12813592","chr4","106451241","106451549","50","93637946"
"chr4","12924512","12924818","chr16","66170347","66170652","38","53245835"
"chr4","13181926","13182227","chr6","13676388","13676692","29","494462"
"chr4","13243103","13243415","chr14","89567587","89567900","35","76324484"
"chr4","13360641","13360932","chr17","85184470","85184751","39","71823829"
"chr4","13422353","13422648","chr1","41763043","41763338","36","28340690"
"chr4","13453432","13453724","chr6","13949767","13950058","27","496335"
"chr4","13526061","13526368","chr3","123237386","123237686","39","109711325"
"chr4","13702658","13702956","chr21","36178489","36178784","44","22475831"
"chr4","13717750","13718045","chr11","58946039","58946326","44","45228289"
"chr4","14012340","14012532","chr12","5926125","5926316","36","8086215"
"chr4","14084759","14085074","chr7","151652893","151653193","44","137568134"
"chr4","14127844","14128140","chr5","115790615","115790914","40","101662771"
"chr4","14741631","14741931","chr8","61897078","61897377","36","47155447"
"chr4","14760605","14760902","chr5","5487375","5487672","39","9273230"
"chr4","14895469","14895784","chr1","141361647","141361958","41","126466178"
"chr4","14926720","14927032","chr7","72693733","72694043","30","57767013"
"chr4","14998237","14998415","chr6","15537604","15537781","15","539367"
"chr4","15023013","15023305","chr6","15562948","15563229","30","539935"
"chr4","15068708","15069002","chr6","15605707","15606018","51","536999"
"chr4","15080021","15080331","chr6","15617261","15617575","38","537240"
"chr4","15119680","15119968","chr10","30706997","30707281","45","15587317"
"chr4","15228894","15229143","chr8","98564414","98564653","58","83335520"
"chr4","15362417","15362721","chr2B","95425788","95426089","37","80063371"
"chr4","15376319","15376629","chr7","80058785","80059098","39","64682466"
"chr4","15472992","15473296","chr1","191149848","191150155","35","175676856"
"chr4","15480366","15480677","chr2A","10348885","10349185","52","5131481"
"chr4","15535668","15535978","chr7","159061812","159062121","50","143526144"
"chr4","15552284","15552584","chr6","16081362","16081675","31","529078"
"chr4","15825117","15825405","chr6","16382413","16382700","24","557296"
"chr4","16000062","16000378","chr2A","21134848","21135157","45","5134786"
"chr4","16017014","16017321","chr6","16571767","16572071","34","554753"
"chr4","16052573","16052885","chr5","5990714","5991017","45","10061859"
"chr4","16178036","16178354","chr17","38608208","38608518","40","22430172"
"chr4","16189028","16189327","chr10","148291860","148292160","42","132102832"
"chr4","16210526","16210818","chr12","3105971","3106266","46","13104555"
"chr4","16215324","16215642","chr15","52874335","52874637","57","36659011"
"chr4","16239849","16240160","chr17","24583359","24583669","37","8343510"
"chr4","16262122","16262417","chr1","27021093","27021389","59","10758971"
"chr4","16420409","16420680","chr6","16957437","16957732","44","537028"
"chr4","16477090","16477396","chr20","35582405","35582711","27","19105315"
"chr4","16488238","16488519","chr1","27021093","27021389","41","10532855"
"chr4","16510418","16510665","chr1","158525902","158526148","47","142015484"
"chr4","16581356","16581664","chr6","17120241","17120537","35","538885"
"chr4","16615463","16615764","chr3","135591702","135592003","33","118976239"
"chr4","16651634","16651921","chr3","70239092","70239378","45","53587458"
"chr4","16680602","16680834","chr7","2943656","2943877","66","13736946"
"chr4","16783866","16784160","chr9","94919935","94920225","43","78136069"
"chr4","16813275","16813586","chr2B","16433354","16433662","39","379921"
"chr4","16968315","16968609","chr17","20151025","20151313","36","3182710"
"chr4","17046747","17047038","chr6","17592079","17592363","27","545332"
"chr4","17061673","17061968","chr7","132389917","132390213","31","115328244"
"chr4","17186309","17186574","chr6","17737003","17737290","43","550694"
"chr4","17189393","17189705","chr22","20623630","20623939","34","3434237"
"chr4","17264880","17265157","chr1","6099213","6099485","39","11165667"
"chr4","17330885","17331184","chr22","21098200","21098493","36","3767315"
"chr4","17449084","17449408","chr3","172937903","172938224","68","155488819"
"chr4","17523435","17523744","chr11","17305005","17305310","40","218430"
"chr4","17618811","17619083","chr12","118174703","118174968","44","100555892"
"chr4","17726386","17726684","chr17","2589116","2589422","37","15137270"
"chr4","17741356","17741649","chr17","8465111","8465410","29","9276245"
"chr4","17799884","17800168","chr6","18367906","18368194","30","568022"
"chr4","17825243","17825528","chr22","24788380","24788656","33","6963137"
"chr4","17916263","17916548","chr5","51485013","51485305","41","33568750"
"chr4","18082080","18082369","chr2B","128845658","128845947","31","110763578"
"chr4","18247216","18247516","chr6","37682797","37683102","37","19435581"
"chr4","18263145","18263437","chr6","18838500","18838795","25","575355"
"chr4","18336784","18337085","chr14","55579872","55580176","45","37243088"
"chr4","18553767","18554073","chr11","101447273","101447578","43","82893506"
"chr4","19005022","19005319","chr6","92138445","92138750","46","73133423"
"chr4","19255273","19255581","chr12","8706461","8706771","47","10548812"
"chr4","19293931","19294239","chr16","43413176","43413481","38","24119245"
"chr4","19325410","19325722","chr11","69456323","69456634","45","50130913"
"chr4","19413145","19413454","chr10","121813796","121814102","38","102400651"
"chr4","19522883","19523147","chr3","162541733","162542015","50","143018850"
"chr4","19635239","19635549","chr6","20246243","20246547","35","611004"
"chr4","19668255","19668556","chr11","61231330","61231630","35","41563075"
"chr4","19743965","19744276","chr6","20369140","20369448","37","625175"
"chr4","19889095","19889387","chr4","40078992","40079285","52","20189897"
"chr4","20073477","20073792","chrX","41587872","41588178","51","21514395"
"chr4","20168692","20168997","chr20","35582405","35582711","35","15413713"
"chr4","20259839","20260151","chr6","20895564","20895866","34","635725"
"chr4","20410086","20410391","chr1","100887646","100887952","45","80477560"
"chr4","20456805","20457099","chr7","132389917","132390213","33","111933112"
"chr4","20471515","20471790","chr10","42082199","42082487","50","21610684"
"chr4","20562917","20563210","chr1","10334930","10335223","35","10227987"
"chr4","21088194","21088505","chrX","41587872","41588178","46","20499678"
"chr4","21173599","21173894","chr16","12186594","12186889","34","8987005"
"chr4","21282293","21282619","chr1","54464452","54464778","44","33182159"
"chr4","21311537","21311848","chr1","100887646","100887952","42","79576109"
"chr4","21353540","21353641","chr13","9852334","9852425","20","11501206"
"chr4","21391015","21391323","chr19","17050826","17051125","37","4340189"
"chr4","21473133","21473379","chr5","121540721","121540963","49","100067588"
"chr4","21546307","21546568","chr6","22183171","22183440","26","636864"
"chr4","21568746","21569056","chr1","157261144","157261453","35","135692398"
"chr4","21589858","21590155","chr11","65999481","65999780","32","44409623"
"chr4","21612717","21612892","chr15","33698338","33698507","27","12085621"
"chr4","21613724","21614021","chr19","47859775","47860075","45","26246051"
"chr4","21628547","21628584","chr6","118979032","118979065","14","97350485"
"chr4","21720054","21720344","chr1","7700882","7701173","48","14019172"
"chr4","21731383","21731692","chr14","75036885","75037196","40","53305502"
"chr4","21825425","21825725","chr9","81354291","81354584","44","59528866"
"chr4","21849098","21849378","chr4","83955527","83955809","34","62106429"
"chr4","21859639","21859943","chr10","140604064","140604370","36","118744425"
"chr4","21879682","21879982","chr15","42141648","42141949","37","20261966"
"chr4","22155335","22155651","chr17","38608208","38608518","42","16452873"
"chr4","22249791","22250106","chr4","151060745","151061057","48","128810954"
"chr4","22552659","22552955","chr19","33970963","33971252","41","11418304"
"chr4","22593831","22594127","chr18","72741982","72742276","41","50148151"
"chr4","23208109","23208421","chrX","74427130","74427438","43","51219021"
"chr4","23441753","23441973","chr17","40298402","40298619","39","16856649"
"chr4","23710332","23710636","chr4","9851857","9852168","49","13858475"
"chr4","23972451","23972755","chr3","158501942","158502247","38","134529491"
"chr4","24094542","24094830","chr8","96234805","96235093","39","72140263"
"chr4","24206457","24206726","chr17","10387569","10387843","35","13818888"
"chr4","24241264","24241573","chr6","24943059","24943377","35","701795"
"chr4","24315484","24315779","chr6","39058088","39058377","40","14742604"
"chr4","24727308","24727596","chrUn_CABD030131550v1","8094","8384","38","24719214"
"chr4","24745908","24746218","chr12","8706461","8706771","34","16039447"
"chr4","24767128","24767446","chr5","162326402","162326716","42","137559274"
"chr4","24795119","24795413","chr5","45856163","45856467","31","21061044"
"chr4","24799801","24800091","chr2A","59985648","59985942","35","35185847"
"chr4","24826138","24826401","chr12","76915481","76915745","46","52089343"
"chr4","25081911","25082172","chr7","79822335","79822600","36","54740424"
"chr4","25139351","25139501","chr4","47228875","47229017","16","22089524"
"chr4","25283965","25284248","chr4","151697455","151697746","42","126413490"
"chr4","25747824","25748135","chr17","9809898","9810208","37","15937926"
"chr4","25857706","25858004","chr5","152478996","152479296","43","126621290"
"chr4","25960696","25961003","chr1","100887646","100887952","44","74926950"
"chr4","25963821","25964109","chr1","8435090","8435381","39","17528731"
"chr4","26034071","26034386","chr1","140909771","140910087","40","114875700"
"chr4","26048508","26048774","chr6","26749418","26749706","53","700910"
"chr4","26084278","26084586","chr1","130453549","130453856","41","104369271"
"chr4","26280288","26280558","chr5","118135036","118135304","54","91854748"
"chr4","26521257","26521555","chr1","27021093","27021389","37","499836"
"chr4","26532529","26532840","chr6","27164981","27165283","36","632452"
"chr4","26619350","26619653","chr10","110180557","110180860","26","83561207"
"chr4","26767220","26767524","chr9","59842059","59842366","36","33074839"
"chr4","26880975","26881291","chr1","134763713","134764022","44","107882738"
"chr4","26885640","26885934","chr17","8465111","8465410","45","18420529"
"chr4","26894730","26895050","chr4","10687813","10688124","46","16206917"
"chr4","26903220","26903249","chr3","188980486","188980514","15","162077266"
"chr4","26906848","26907066","chrX","17616652","17616874","30","9290196"
"chr4","26932968","26933271","chr1","16784706","16785015","35","10148262"
"chr4","26957412","26957725","chr6","27855744","27856072","40","898332"
"chr4","27052312","27052646","chr12","121772862","121773176","62","94720550"
"chr4","27062434","27062699","chr5","25439434","25439692","38","1623000"
"chr4","27260833","27261095","chr12","131788345","131788608","45","104527512"
"chr4","27261103","27261153","chr8","66895829","66895883","10","39634726"
"chr4","27279478","27279783","chr6","28180206","28180516","35","900728"
"chr4","27358614","27358923","chr5","162326402","162326716","40","134967788"
"chr4","27426392","27426700","chr1","100887646","100887952","38","73461254"
"chr4","27432809","27433118","chr5","22049247","22049559","37","5383562"
"chr4","27446704","27447002","chr2B","125039405","125039704","26","97592701"
"chr4","27577370","27577418","chr3","162676568","162676614","13","135099198"
"chr4","27941114","27941434","chr14","23916952","23917265","45","4024162"
"chr4","28083266","28083558","chr1","23083897","23084189","44","4999369"
"chr4","28098712","28098997","chr5","70103079","70103361","45","42004367"
"chr4","28298458","28298773","chr1","165583096","165583408","39","137284638"
"chr4","28322788","28322972","chr19","38058960","38059140","28","9736172"
"chr4","28432368","28432662","chr11","50205722","50206035","48","21773354"
"chr4","28438246","28438560","chr5","162326402","162326716","52","133888156"
"chr4","28453023","28453314","chr9","120437519","120437817","33","91984496"
"chr4","28661903","28662209","chr15","21895530","21895829","38","6766373"
"chr4","29312366","29312678","chr9","74575275","74575588","42","45262909"
"chr4","29557870","29558176","chr6","30798684","30798986","24","1240814"
"chr4","29564727","29565040","chr14","39860929","39861237","42","10296202"
"chr4","29700112","29700425","chr5","162326402","162326716","40","132626290"
"chr4","29734639","29734952","chr10","121813796","121814102","41","92079157"
"chr4","29870097","29870400","chr1","35990880","35991182","46","6120783"
"chr4","29954692","29954958","chr17","21655072","21655330","56","8299620"
"chr4","29973863","29974151","chrX","18200876","18201163","36","11772987"
"chr4","30042928","30043242","chr1","132729492","132729799","43","102686564"
"chr4","30066571","30066879","chr7","75795144","75795454","36","45728573"
"chr4","30206652","30206961","chr5","164523015","164523323","29","134316363"
"chr4","30214187","30214493","chr7","72899498","72899802","31","42685311"
"chr4","30243649","30243948","chr5","36374695","36374994","37","6131046"
"chr4","30292785","30293074","chr1","144529989","144530282","35","114237204"
"chr4","30317603","30317914","chr6","31528869","31529171","36","1211266"
"chr4","30407480","30407774","chr1","185054973","185055268","35","154647493"
"chr4","30525452","30525764","chr6","31746363","31746675","28","1220911"
"chr4","30530484","30530796","chr13","89348099","89348405","42","58817615"
"chr4","30571163","30571384","chr8","74128489","74128713","32","43557326"
"chr4","30734398","30734706","chr6","32092774","32093082","29","1358376"
"chr4","30835696","30836014","chr17","28027747","28028064","43","2807949"
"chr4","30983880","30984182","chr6","32254431","32254740","38","1270551"
"chr4","31032297","31032604","chr2A","21134848","21135157","33","9897449"
"chr4","31104081","31104383","chr12","8893890","8894193","28","22210191"
"chr4","31113392","31113687","chrX","97594986","97595289","27","66481594"
"chr4","31130081","31130386","chr17","8465111","8465410","35","22664970"
"chr4","31181001","31181177","chr1","38270538","38270711","29","7089537"
"chr4","31234374","31234654","chr6","32484164","32484457","39","1249790"
"chr4","31236859","31237169","chr22","14282850","14283161","39","16954009"
"chr4","31262945","31263208","chr4","129490050","129490305","36","98227105"
"chr4","31275745","31276053","chr10","140604064","140604370","33","109328319"
"chr4","31385965","31386136","chr15","33698338","33698507","23","2312373"
"chr4","31707454","31707739","chrUn_CABD030131550v1","8094","8384","35","31699360"
"chr4","31857216","31857512","chr1","193042953","193043246","34","161185737"
"chr4","31880400","31880733","chr6","162633494","162633818","51","130753094"
"chr4","32162218","32162326","chr7","137530746","137530858","14","105368528"
"chr4","32163832","32164143","chr6","33576718","33577029","29","1412886"
"chr4","32491258","32491560","chr6","33893590","33893896","28","1402332"
"chr4","32569508","32569800","chr16","15232771","15233053","42","17336737"
"chr4","32592928","32593218","chr14","79505042","79505331","43","46912114"
"chr4","32646962","32647271","chr4","40581263","40581571","48","7934301"
"chr4","32652218","32652408","chr4","39774934","39775110","30","7122716"
"chr4","32783363","32783659","chr9","81354291","81354584","28","48570928"
"chr4","32907691","32907993","chr5","13160492","13160798","42","19747199"
"chr4","33506809","33507033","chr4","75262680","75262905","41","41755871"
"chr4","33515674","33515971","chr11","71255740","71256033","42","37740066"
"chr4","33541638","33541934","chr17","54310657","54310956","39","20769019"
"chr4","33607069","33607343","chr3","49455467","49455750","62","15848398"
"chr4","33618357","33618651","chr10","88762857","88763154","31","55144500"
"chr4","33640279","33640561","chr9","94919935","94920225","38","61279656"
"chr4","33700582","33700761","chr19","2974694","2974872","28","30725888"
"chr4","33715385","33715703","chr12","58075576","58075880","48","24360191"
"chr4","33729511","33729831","chrX","101207138","101207453","45","67477627"
"chr4","33926106","33926400","chr1","27021093","27021389","34","6905013"
"chr4","33993753","33994050","chr3","43184780","43185071","42","9191027"
"chr4","34166558","34166861","chr14","32972455","32972755","39","1194103"
"chr4","34236684","34236988","chr6","35622489","35622796","27","1385805"
"chr4","34377840","34378131","chr19","3472325","3472614","53","30905515"
"chr4","34512972","34513268","chr8","78037440","78037753","49","43524468"
"chr4","34520579","34520738","chr19","52939529","52939692","22","18418950"
"chr4","34541520","34541852","chr1","54464452","54464778","63","19922932"
"chr4","34568667","34568961","chr17","9644327","9644622","36","24924340"
"chr4","34712272","34712561","chr13","1659959","1660247","28","33052313"
"chr4","34717321","34717627","chr17","2589116","2589422","32","32128205"
"chr4","34719459","34719751","chrUn_CABD030131550v1","8094","8384","41","34711365"
"chr4","34975570","34975869","chr20","36320473","36320769","38","1344903"
"chr4","34992730","34993037","chr1","27021093","27021389","43","7971637"
"chr4","35040315","35040628","chr17","9558423","9558728","51","25481892"
"chr4","35073922","35074226","chr19","57283584","57283879","34","22209662"
"chr4","35084243","35084552","chr1","100887646","100887952","33","65803403"
"chr4","35085455","35085746","chr4","41554208","41554504","39","6468753"
"chr4","35178008","35178319","chr4","16292913","16293223","44","18885095"
"chr4","35184391","35184527","chr3","103014643","103014776","44","67830252"
"chr4","35185679","35185986","chr10","111864529","111864838","35","76678850"
"chr4","35266439","35266725","chr14","10151702","10151986","37","25114737"
"chr4","35278607","35278897","chr21","23838552","23838840","36","11440055"
"chr4","35345198","35345482","chr9","94919935","94920225","34","59574737"
"chr4","35351976","35352113","chr7","113774600","113774736","23","78422624"
"chr4","35577571","35577886","chr3","40085381","40085690","34","4507810"
"chr4","35702630","35702938","chr15","67619999","67620309","33","31917369"
"chr4","35703555","35703865","chr2B","56727034","56727344","37","21023479"
"chr4","35720953","35721254","chr16","11108091","11108389","29","24612862"
"chr4","35741477","35741781","chr14","87826246","87826553","42","52084769"
"chr4","35832440","35832749","chr6","35622489","35622796","42","209951"
"chr4","35863464","35863770","chr10","136766798","136767102","40","100903334"
"chr4","35868406","35868703","chr6","37216678","37216967","27","1348272"
"chr4","35939792","35940110","chr6","37286036","37286349","28","1346244"
"chr4","35948148","35948405","chr6","37294656","37294912","22","1346508"
"chr4","35960199","35960508","chr7","127657301","127657615","44","91697102"
"chr4","36025294","36025471","chr4","39774934","39775110","25","3749640"
"chr4","36082492","36082785","chr8","77189674","77189971","38","41107182"
"chr4","36180158","36180471","chr7","76735395","76735710","35","40555237"
"chr4","36320327","36320620","chr6","37675440","37675740","26","1355113"
"chr4","36337368","36337678","chr6","37693724","37694034","32","1356356"
"chr4","36389934","36390245","chr10","86782884","86783195","36","50392950"
"chr4","36440809","36441117","chr13","62764436","62764745","41","26323627"
"chr4","36453525","36453829","chr6","37806447","37806754","23","1352922"
"chr4","36520130","36520440","chr9","48324299","48324615","46","11804169"
"chr4","36648093","36648380","chr1","24189834","24190118","37","12458259"
"chr4","36720532","36720819","chr6","38060685","38060979","34","1340153"
"chr4","36873846","36874158","chr14","77304145","77304459","34","40430299"
"chr4","36877412","36877451","chr13","61473070","61473106","21","24595658"
"chr4","36877545","36877821","chr1","46271000","46271275","41","9393455"
"chr4","36965257","36965562","chr3","24262443","24262749","30","12702814"
"chr4","37142528","37142847","chr12","37078719","37079032","48","63809"
"chr4","37173915","37174225","chr6","38512524","38512836","33","1338609"
"chr4","37241514","37241816","chr4","37953476","37953776","40","711962"
"chr4","37329680","37329985","chr6","35622489","35622796","31","1707191"
"chr4","37407521","37407814","chr2A","10348885","10349185","40","27058636"
"chr4","37610079","37610387","chrX","124240756","124241066","45","86630677"
"chr4","37634322","37634625","chr6","38961639","38961952","35","1327317"
"chr4","37780854","37781164","chr1","191149848","191150155","31","153368994"
"chr4","37976644","37976956","chr6","39311755","39312066","40","1335111"
"chr4","38487745","38488021","chr8","130516313","130516591","32","92028568"
"chr4","38805629","38805936","chr15","67619999","67620309","40","28814370"
"chr4","38914039","38914347","chr2A","21134848","21135157","31","17779191"
"chr4","38967252","38967549","chr6","40373621","40373925","35","1406369"
"chr4","39280915","39281163","chr11","44912632","44912889","58","5631717"
"chr4","39281542","39281587","chr18","56150677","56150711","23","16869135"
"chr4","39313719","39314024","chr13","62764436","62764745","46","23450717"
"chr4","39448258","39448554","chr6","40889333","40889636","31","1441075"
"chr4","40317355","40317663","chr1","134763713","134764022","49","94446358"
"chr4","40521672","40521963","chr1","194446199","194446496","33","153924527"
"chr4","40770631","40770824","chr12","5926125","5926316","32","34844506"
"chr4","40852379","40852692","chr5","162326402","162326716","37","121474023"
"chr4","40934385","40934698","chr1","93120148","93120458","49","52185763"
"chr4","41161325","41161636","chr21","31561512","31561815","51","9599813"
"chr4","41186930","41187241","chr20","35582405","35582711","37","5604525"
"chr4","41242767","41243053","chr10","129431275","129431563","39","88188508"
"chr4","41253381","41253678","chr4","37953476","37953776","30","3299905"
"chr4","41257432","41257736","chr6","42682302","42682607","18","1424870"
"chr4","41311666","41311957","chr6","42731113","42731410","35","1419447"
"chr4","41355409","41355710","chr6","42775789","42776088","27","1420380"
"chr4","41359521","41359766","chr8","74128489","74128713","52","32768968"
"chr4","41381698","41381927","chr8","98564414","98564653","40","57182716"
"chr4","41402318","41402632","chr14","23916952","23917265","35","17485366"
"chr4","41536908","41537208","chr1","43460043","43460337","52","1923135"
"chr4","41537288","41537608","chr1","69034819","69035142","49","27497531"
"chr4","41642147","41642431","chr3","23553039","23553323","32","18089108"
"chr4","41856168","41856349","chr1","93213772","93213948","30","51357604"
"chr4","41923448","41923734","chr11","5504830","5505110","36","36418618"
"chr4","41974184","41974473","chr8","34563049","34563347","41","7411135"
"chr4","42115403","42115707","chr1","16018466","16018772","45","26096937"
"chr4","42141798","42142108","chr2A","10355583","10355893","30","31786215"
"chr4","42155761","42155962","chr1","216931005","216931213","33","174775244"
"chr4","42232242","42232543","chr6","43654688","43654996","35","1422446"
"chr4","42406201","42406353","chr19","30888559","30888707","27","11517642"
"chr4","42406998","42407305","chr20","35582405","35582711","36","6824593"
"chr4","42483765","42484070","chr4","40072459","40072768","35","2411306"
"chr4","42521779","42522083","chr5","45856163","45856467","47","3334384"
"chr4","42607150","42607350","chr20","18379353","18379554","29","24227797"
"chr4","42662605","42662914","chr6","44097428","44097732","26","1434823"
"chr4","42669147","42669452","chr19","50345980","50346283","36","7676833"
"chr4","42725306","42725592","chr1","24189834","24190118","41","18535472"
"chr4","42946870","42947151","chr12","53229438","53229721","45","10282568"
"chr4","42981876","42982176","chr6","44426396","44426723","42","1444520"
"chr4","43014609","43014909","chr9","67126783","67127082","37","24112174"
"chr4","43014912","43015204","chrX","71178322","71178614","39","28163410"
"chr4","43025927","43026229","chr18","60321795","60322099","51","17295868"
"chr4","43089427","43089719","chr6","44530648","44530947","37","1441221"
"chr4","43092591","43092898","chr6","44533500","44533802","32","1440909"
"chr4","43341217","43341536","chr5","46364536","46364872","53","3023319"
"chr4","43414642","43414944","chr2A","31692393","31692699","44","11722249"
"chr4","43557017","43557324","chr6","45010022","45010329","21","1453005"
"chr4","43572306","43572628","chr20","33963565","33963880","49","9608741"
"chr4","43838942","43839249","chr5","22715313","22715618","43","21123629"
"chr4","43847877","43848188","chr2A","10355583","10355893","35","33492294"
"chr4","43848752","43848787","chr3","188980486","188980514","18","145131734"
"chr4","44013345","44013626","chr1","24189834","24190118","38","19823511"
"chr4","44478219","44478519","chr13","31463447","31463746","39","13014772"
"chr4","44744458","44744758","chr6","46308008","46308301","35","1563550"
"chr4","44860691","44860865","chr1","1569780","1569950","33","43290911"
"chr4","44942429","44942489","chr5","7817287","7817344","8","37125142"
"chr4","45040646","45040959","chr12","36868344","36868657","34","8172302"
"chr4","45083870","45084148","chr1","178122868","178123153","45","133038998"
"chr4","45263154","45263430","chr19","52434338","52434622","36","7171184"
"chr4","45695011","45695318","chr6","47364243","47364539","39","1669232"
"chr4","45828351","45828641","chr12","59907829","59908121","40","14079478"
"chr4","45898854","45899172","chr1","40966383","40966697","46","4932471"
"chr4","46216132","46216422","chr6","47935878","47936165","35","1719746"
"chr4","46234013","46234308","chr17","81504650","81504947","30","35270637"
"chr4","46452517","46452812","chr6","48174399","48174693","19","1721882"
"chr4","46665709","46666016","chr6","48435776","48436078","36","1770067"
"chr4","46687021","46687339","chr15","28083376","28083681","51","18603645"
"chr4","46726435","46726749","chr15","67619999","67620309","38","20893564"
"chr4","46933746","46933994","chr3","158184172","158184437","60","111250426"
"chr4","47373039","47373343","chr1","28498242","28498544","50","18874797"
"chr4","47474546","47474857","chrX","97594986","97595289","33","50120440"
"chr4","47909695","47910006","chr9","108229509","108229814","47","60319814"
"chr4","48134399","48134689","chr9","120437519","120437817","34","72303120"
"chr4","48668731","48669035","chr5","152681126","152681425","41","104012395"
"chr4","48697198","48697498","chr4","100118727","100119024","42","51421529"
"chr4","49205178","49205479","chrX","15138629","15138928","48","34066549"
"chr4","49823775","49824082","chr6","35622489","35622796","39","14201286"
"chr4","49856536","49856825","chr6","51798943","51799224","31","1942407"
"chr4","50055662","50055970","chr12","21276435","21276745","39","28779227"
"chr4","50245158","50245455","chr6","52209501","52209812","37","1964343"
"chr4","50917808","50918117","chr20","50942392","50942702","39","24584"
"chr4","51401513","51401827","chr22","19766314","19766620","44","31635199"
"chr4","51422424","51422582","chr19","10235712","10235873","31","41186712"
"chr4","51718589","51718891","chr1","27021093","27021389","42","24697496"
"chr4","51727918","51728061","chr4","95500001","95500138","23","43772083"
"chr4","51938597","51938908","chr18","50981610","50981922","46","956987"
"chr4","51966708","51967004","chrX","19140350","19140650","40","32826358"
"chr4","52158282","52158569","chr17","30741176","30741483","49","21417106"
"chr4","52242337","52242664","chr11","76075200","76075527","46","23832863"
"chr4","52739881","52740186","chr10","136766798","136767102","31","84026917"
"chr4","52947922","52948226","chr6","54876239","54876537","32","1928317"
"chr4","53206886","53207181","chr6","125884319","125884615","42","72677433"
"chr4","53435285","53435597","chr17","38608208","38608518","51","14827077"
"chr4","53566308","53566633","chr6","55447939","55448255","46","1881631"
"chr4","54036181","54036476","chr3","12829604","12829903","42","41206577"
"chr4","54475478","54475791","chr1","54620539","54620851","45","145061"
"chr4","54495181","54495491","chr18","32989823","32990134","38","21505358"
"chr4","54708034","54708345","chr6","35622489","35622796","44","19085545"
"chr4","55185122","55185424","chr3","135591702","135592003","39","80406580"
"chr4","55686744","55687043","chr6","125884319","125884615","36","70197575"
"chr4","55703305","55703574","chr6","57617524","57617820","52","1914219"
"chr4","56027031","56027333","chr9","59842059","59842366","49","3815028"
"chr4","56115237","56115550","chr7","72803004","72803316","30","16687767"
"chr4","56294308","56294611","chr6","58172367","58172669","26","1878059"
"chr4","56472043","56472272","chr2B","110561140","110561369","47","54089097"
"chr4","56602572","56602871","chr6","58533347","58533650","39","1930775"
"chr4","57905598","57905903","chr6","63722185","63722488","35","5816587"
"chr4","58180640","58180726","chr6","64024425","64024512","9","5843785"
"chr4","58800003","58800307","chr15","11987743","11988049","45","46812260"
"chr4","59295242","59295545","chr1","115412597","115412899","46","56117355"
"chr4","59337523","59337706","chr6","65181148","65181329","15","5843625"
"chr4","59391312","59391621","chr3","40085381","40085690","45","19305931"
"chr4","59404139","59404425","chr10","30706997","30707281","48","28697142"
"chr4","59422456","59422706","chr2B","91452599","91452856","35","32030143"
"chr4","59429366","59429658","chr4","194608401","194608688","54","135179035"
"chr4","59480726","59481048","chr3","50790088","50790400","54","8690638"
"chr4","60159231","60159507","chr1","27046001","27046282","55","33113230"
"chr4","60685685","60685991","chr1","100887646","100887952","41","40201961"
"chr4","62080546","62080793","chr1","35902953","35903208","42","26177593"
"chr4","62559007","62559275","chr6","68552195","68552464","33","5993188"
"chr4","62752309","62752620","chr1","134432903","134433212","63","71680594"
"chr4","62928365","62928659","chr6","68960207","68960508","43","6031842"
"chr4","63057220","63057523","chr14","32972455","32972755","40","30084765"
"chr4","63119198","63119504","chr3","131694285","131694588","44","68575087"
"chr4","63421406","63421712","chr15","67619999","67620309","59","4198593"
"chr4","63776370","63776665","chr6","69834246","69834546","29","6057876"
"chr4","63989122","63989407","chr8","21673007","21673285","43","42316115"
"chr4","64239269","64239585","chr17","79404094","79404401","47","15164825"
"chr4","64319673","64319980","chr9","74575275","74575588","52","10255602"
"chr4","64545310","64545614","chr16","66103055","66103368","52","1557745"
"chr4","65017517","65017838","chr1","40966383","40966697","47","24051134"
"chr4","65500268","65500578","chr12","12640386","12640692","38","52859882"
"chr4","65884815","65885131","chr17","38608208","38608518","50","27276607"
"chr4","66080890","66081207","chr4","198798700","198799005","45","132717810"
"chr4","66305048","66305337","chr6","72413833","72414113","32","6108785"
"chr4","66422828","66423136","chr3","197346369","197346679","37","130923541"
"chr4","66435871","66436163","chr6","72540730","72541029","33","6104859"
"chr4","66516275","66516545","chr21","28663801","28664070","37","37852474"
"chr4","66583181","66583487","chr5","40668482","40668789","37","25914699"
"chr4","66613131","66613409","chr7","39101985","39102253","49","27511146"
"chr4","66659681","66659964","chr6","72772517","72772805","24","6112836"
"chr4","66886007","66886306","chr6","73039134","73039427","36","6153127"
"chr4","67193012","67193321","chr6","73358447","73358756","30","6165435"
"chr4","67747537","67747847","chr6","73904155","73904463","37","6156618"
"chr4","67901842","67902140","chr2B","134955144","134955446","42","67053302"
"chr4","67966706","67967003","chr9","22732638","22732941","37","45234068"
"chr4","68787334","68787611","chr4","83955527","83955809","41","15168193"
"chr4","68905945","68906256","chr19","16602118","16602424","47","52303827"
"chr4","68943236","68943538","chrX","97594986","97595289","44","28651750"
"chr4","69024244","69024551","chr1","40966383","40966697","40","28057861"
"chr4","69040200","69040508","chr1","38451526","38451829","42","30588674"
"chr4","69106082","69106376","chr6","75387768","75388066","34","6281686"
"chr4","69110056","69110351","chr6","75391073","75391365","31","6281017"
"chr4","69111482","69111791","chr6","75392499","75392804","25","6281017"
"chr4","69112695","69112995","chr6","75393702","75394001","23","6281007"
"chr4","69149507","69149818","chr1","100887646","100887952","42","31738139"
"chr4","69153818","69154123","chr6","75433181","75433491","35","6279363"
"chr4","69167474","69167793","chr6","75447225","75447534","37","6279751"
"chr4","69174014","69174310","chr7","44506290","44506583","37","24667724"
"chr4","69196911","69197201","chr6","75476007","75476303","48","6279096"
"chr4","69287777","69288101","chrX","41660239","41660561","48","27627538"
"chr4","69321588","69321848","chr6","2478129","2478392","44","66843459"
"chr4","69378274","69378580","chr8","82903381","82903687","42","13525107"
"chr4","69981560","69981887","chr19","6723232","6723547","55","63258328"
"chr4","70465305","70465615","chr5","46853080","46853384","46","23612225"
"chr4","70548552","70548863","chr5","162326402","162326716","37","91777850"
"chr4","70875478","70875782","chr4","173568856","173569161","40","102693378"
"chr4","70993274","70993586","chr17","3370830","3371136","34","67622444"
"chr4","71007349","71007658","chr7","72693733","72694043","33","1686384"
"chr4","71197413","71197729","chr2B","95168475","95168788","44","23971062"
"chr4","71251113","71251414","chr1","132554974","132555276","37","61303861"
"chr4","71309066","71309368","chr3","3628864","3629165","40","67680202"
"chr4","71355034","71355323","chr6","77771386","77771676","24","6416352"
"chr4","71373860","71374167","chr1","100887646","100887952","35","29513786"
"chr4","71454174","71454482","chr1","20263423","20263726","44","51190751"
"chr4","71560183","71560486","chr6","77989366","77989669","26","6429183"
"chr4","72096857","72097144","chr6","78528882","78529169","17","6432025"
"chr4","72685529","72685840","chr5","145272480","145272793","46","72586951"
"chr4","72781213","72781525","chr12","65367772","65368077","43","7413441"
"chr4","72921277","72921592","chr15","37451080","37451392","44","35470197"
"chr4","73058635","73058917","chr6","79567905","79568191","36","6509270"
"chr4","74851378","74851676","chr13","34006475","34006766","43","40844903"
"chr4","75134096","75134229","chr1","135077577","135077709","21","59943481"
"chr4","75199942","75200123","chr19","2974694","2974872","24","72225248"
"chr4","75781557","75781870","chr15","67619999","67620309","39","8161558"
"chr4","75785404","75785713","chr3","2931636","2931947","38","72853768"
"chr4","76250063","76250367","chr1","204184641","204184943","45","127934578"
"chr4","76651179","76651481","chr6","83284830","83285137","25","6633651"
"chr4","77635535","77635833","chr14","78328143","78328435","45","692608"
"chr4","77740844","77741118","chr6","17012357","17012630","40","60728487"
"chr4","77773713","77774027","chr14","20972619","20972931","41","56801094"
"chr4","77781001","77781280","chr4","25318746","25319025","36","52462255"
"chr4","77935662","77935971","chr17","9558423","9558728","44","68377239"
"chr4","78605372","78605683","chr6","85291791","85292115","36","6686419"
"chr4","78660871","78661175","chr2A","10355583","10355893","39","68305288"
"chr4","78815004","78815290","chr6","85524282","85524576","36","6709278"
"chr4","79222762","79222888","chr3","184948214","184948339","19","105725452"
"chr4","79286377","79286659","chr8","54146840","54147130","48","25139537"
"chr4","79492234","79492544","chr5","22049247","22049559","38","57442987"
"chr4","79513005","79513315","chr17","79404094","79404401","38","108911"
"chr4","79893238","79893421","chr12","94763675","94763861","39","14870437"
"chr4","80046980","80047280","chr6","86742435","86742730","42","6695455"
"chr4","80512364","80512607","chr9","120748646","120748908","50","40236282"
"chr4","80909180","80909471","chr2A","106779890","106780179","42","25870710"
"chr4","81111048","81111321","chr4","83955527","83955809","42","2844479"
"chr4","81844647","81844916","chr14","6165801","6166083","48","75678846"
"chr4","82426698","82427019","chr15","67619999","67620309","47","14806699"
"chr4","82439967","82440249","chr6","89281283","89281576","34","6841316"
"chr4","82519067","82519368","chr6","37682797","37683102","51","44836270"
"chr4","82625441","82625749","chr10","140604064","140604370","41","57978623"
"chr4","82637407","82637708","chrX","41271607","41271912","32","41365800"
"chr4","82695405","82695718","chr14","89567587","89567900","37","6872182"
"chr4","82758088","82758403","chr14","47857829","47858141","40","34900259"
"chr4","82763277","82763593","chr1","47958026","47958328","42","34805251"
"chr4","82925303","82925606","chr5","162326402","162326716","47","79401099"
"chr4","83029547","83029822","chrX","36693904","36694182","44","46335643"
"chr4","83039597","83039908","chr6","112352788","112353092","32","29313191"
"chr4","83089058","83089362","chr6","89964631","89964935","28","6875573"
"chr4","83120710","83120938","chr21","35976723","35976952","40","47143987"
"chr4","83166738","83167046","chr15","19505711","19506016","42","63661027"
"chr4","83309230","83309540","chr6","90189156","90189464","30","6879926"
"chr4","83708348","83708669","chr10","36123281","36123590","50","47585067"
"chr4","83836861","83836971","chr13","32905298","32905422","31","50931563"
"chr4","84316931","84317161","chr16","50754893","50755126","34","33562038"
"chr4","84332725","84333025","chr6","91322629","91322928","33","6989904"
"chr4","84414772","84415040","chr9","104373219","104373493","40","19958447"
"chr4","84548627","84548925","chr6","91511286","91511586","35","6962659"
"chr4","84852177","84852478","chr5","130076685","130076979","45","45224508"
"chr4","85108801","85109106","chr9","59842059","59842366","36","25266742"
"chr4","85119980","85120292","chr6","92085589","92085900","28","6965609"
"chr4","85135850","85136147","chrX","71373929","71374223","44","13761921"
"chr4","85176317","85176611","chr12","116770632","116770923","40","31594315"
"chr4","85180031","85180339","chr7","75795144","75795454","44","9384887"
"chr4","85217482","85217776","chrX","18796354","18796648","38","66421128"
"chr4","85235107","85235420","chr3","139813388","139813699","39","54578281"
"chr4","86004313","86004623","chr1","38451526","38451829","51","47552787"
"chr4","86108555","86108885","chr13","20775986","20776294","58","65332569"
"chr4","86752235","86752547","chr6","93724766","93725076","33","6972531"
"chr4","87614496","87614800","chr5","22049247","22049559","41","65565249"
"chr4","87907684","87907978","chr16","48511650","48511946","41","39396034"
"chr4","88011416","88011726","chr3","187014359","187014668","44","99002943"
"chr4","88191991","88192300","chr1","111254166","111254467","43","23062175"
"chr4","88514940","88515188","chr13","81714037","81714310","56","6800903"
"chr4","88733127","88733430","chr6","95737488","95737789","20","7004361"
"chr4","88968390","88968702","chr1","134763713","134764022","44","45795323"
"chr4","89359546","89359864","chr2A","96359781","96360091","45","7000235"
"chr4","90030474","90030761","chr15","80391407","80391693","38","9639067"
"chr4","90350346","90350652","chrX","97594986","97595289","40","7244640"
"chr4","90420290","90420601","chr20","35582405","35582711","43","54837885"
"chr4","90870620","90870900","chr3","48723113","48723394","41","42147507"
"chr4","91444412","91444723","chr1","17435492","17435794","43","74008920"
"chr4","91594681","91595007","chr9","73383977","73384295","52","18210704"
"chr4","91789415","91789726","chr6","98421938","98422252","35","6632523"
"chr4","92238104","92238411","chr20","35582405","35582711","34","56655699"
"chr4","92332578","92332873","chr6","98991169","98991466","30","6658591"
"chr4","92401424","92401708","chr6","99068898","99069202","49","6667474"
"chr4","92471562","92471860","chr9","13234462","13234763","39","79237100"
"chr4","92572976","92573262","chr3","54338401","54338700","45","38234575"
"chr4","93046504","93046702","chr6","99700460","99700657","14","6653956"
"chr4","93106827","93107124","chr6","99761530","99761811","41","6654703"
"chr4","93226649","93226966","chr2A","81177924","81178240","37","12048725"
"chr4","93591740","93592052","chr3","2931636","2931947","47","90660104"
"chr4","94554832","94555141","chr5","163188872","163189183","44","68634040"
"chr4","94823249","94823547","chr6","101499703","101499997","32","6676454"
"chr4","95441183","95441498","chr6","113288131","113288442","39","17846948"
"chr4","95568525","95568835","chr6","102306776","102307075","40","6738251"
"chr4","96602482","96602796","chr2A","103881939","103882244","44","7279457"
"chr4","97013267","97013533","chr12","76915481","76915745","52","20097786"
"chr4","98206057","98206364","chr17","38608208","38608518","45","59597849"
"chr4","98371787","98372069","chr5","51774532","51774825","57","46597255"
"chr4","98485429","98485741","chr9","13570886","13571199","47","84914543"
"chr4","98683182","98683490","chr2B","56727034","56727344","43","41956148"
"chr4","98797191","98797487","chr9","76326186","76326484","56","22471005"
"chr4","98840863","98841147","chr9","94919935","94920225","48","3920928"
"chr4","98881181","98881494","chr2A","10355583","10355893","51","88525598"
"chr4","99219128","99219431","chr5","26969980","26970283","33","72249148"
"chr4","99303006","99303300","chr19","14027232","14027520","47","85275774"
"chr4","99576967","99577267","chr13","2573887","2574188","73","97003080"
"chr4","99823212","99823503","chr3","186504136","186504430","39","86680924"
"chr4","100053889","100054184","chr1","35990880","35991182","44","64063009"
"chr4","100234081","100234386","chr22","8320873","8321176","36","91913208"
"chr4","100276254","100276549","chrX","36406749","36407049","37","63869505"
"chr4","100288294","100288630","chr3","102429845","102430183","53","2141551"
"chr4","100367985","100368222","chr12","76915481","76915745","68","23452504"
"chr4","100440487","100440778","chr6","107236406","107236701","31","6795919"
"chr4","100444430","100444696","chr17","40536548","40536823","42","59907882"
"chr4","100623787","100624088","chr6","107431828","107432122","30","6808041"
"chr4","100625049","100625342","chr16","23926045","23926350","66","76699004"
"chr4","100701737","100702022","chr17","7397249","7397531","42","93304488"
"chr4","100778310","100778597","chr1","185054973","185055268","40","84276663"
"chr4","100928220","100928522","chr10","121510432","121510729","40","20582212"
"chr4","100976129","100976424","chr1","144529989","144530282","38","43553860"
"chr4","101151856","101152163","chr2B","125039405","125039704","42","23887549"
"chr4","101316981","101317282","chr1","89520461","89520765","39","11796520"
"chr4","101564431","101564745","chr7","127657301","127657615","40","26092870"
"chr4","101984488","101984780","chr7","132389917","132390213","26","30405429"
"chr4","102101909","102102221","chr7","70900990","70901293","34","31200919"
"chr4","102225905","102226261","chr13","80153116","80153464","70","22072789"
"chr4","102332770","102333059","chr19","33970963","33971252","25","68361807"
"chr4","102428569","102428705","chrX","97427844","97427985","32","5000725"
"chr4","102507978","102508280","chr3","3628864","3629165","38","98879114"
"chr4","102592878","102593172","chr5","160987933","160988228","33","58395055"
"chr4","102613719","102614014","chr1","191149848","191150155","51","88536129"
"chr4","102615147","102615444","chr22","28987370","28987666","31","73627777"
"chr4","102647585","102647887","chr17","90485498","90485806","40","12162087"
"chr4","102755393","102755691","chr3","52841696","52841998","34","49913697"
"chr4","102800244","102800529","chr5","51774532","51774825","47","51025712"
"chr4","102896597","102896869","chr6","109656770","109657055","33","6760173"
"chr4","103103288","103103598","chr6","109861311","109861609","37","6758023"
"chr4","103120564","103120879","chr3","2931636","2931947","37","100188928"
"chr4","103143658","103143967","chr5","59448191","59448498","40","43695467"
"chr4","103358019","103358342","chr6","110127063","110127373","31","6769044"
"chr4","103396275","103396587","chr17","8465111","8465410","42","94931164"
"chr4","103411322","103411633","chr9","59842059","59842366","31","43569263"
"chr4","103415073","103415372","chr10","27438028","27438332","36","75977045"
"chr4","103730225","103730518","chr7","43831522","43831808","44","59898703"
"chr4","103827717","103828015","chr6","35622489","35622796","45","68205228"
"chr4","104019465","104019679","chr3","48903530","48903745","26","55115935"
"chr4","104179545","104179837","chr1","10334930","10335223","46","93844615"
"chr4","104223789","104224098","chr6","35622489","35622796","44","68601300"
"chr4","104231211","104231514","chr4","38387917","38388218","36","65843294"
"chr4","104265377","104265671","chr6","160864773","160865051","36","56599396"
"chr4","104306105","104306418","chr6","160823832","160824136","37","56517727"
"chr4","104394223","104394509","chr6","160725699","160725996","30","56331476"
"chr4","104435104","104435413","chr6","160674779","160675089","30","56239675"
"chr4","104649607","104649912","chr5","52094540","52094846","38","52555067"
"chr4","104687294","104687595","chr13","27699295","27699595","36","76987999"
"chr4","104958907","104959168","chr6","160141880","160142142","28","55182973"
"chr4","105010838","105011126","chr5","51774532","51774825","44","53236306"
"chr4","105213545","105213823","chr7","70128433","70128712","27","35085112"
"chr4","105334357","105334655","chr5","156184518","156184813","35","50850161"
"chr4","105404371","105404656","chr10","117895387","117895673","44","12491016"
"chr4","105596212","105596477","chr17","10387569","10387843","42","95208643"
"chr4","105785545","105785850","chr17","8465111","8465410","37","97320434"
"chr4","105862103","105862407","chr1","132554974","132555276","34","26692871"
"chr4","106126165","106126459","chr6","132896325","132896621","42","26770160"
"chr4","106609425","106609746","chrX","1527681","1528002","56","105081744"
"chr4","106644526","106644833","chr14","32972455","32972755","32","73672071"
"chr4","106664615","106664901","chr19","1355781","1356069","40","105308834"
"chr4","106996795","106997038","chr2A","65259267","65259509","38","41737528"
"chr4","107076086","107076364","chr4","83955527","83955809","35","23120559"
"chr4","107151502","107151816","chr4","40581263","40581571","39","66570239"
"chr4","107234101","107234406","chr3","158397250","158397564","49","51163149"
"chr4","107291061","107291223","chr1","14249496","14249656","20","93041565"
"chr4","107332454","107332719","chr3","200673558","200673829","55","93341104"
"chr4","107408970","107409278","chr3","186406630","186406936","42","78997660"
"chr4","107574673","107574993","chr6","157527125","157527434","39","49952452"
"chr4","107583872","107584147","chr17","10387569","10387843","34","97196303"
"chr4","107635683","107635982","chr10","136766798","136767102","32","29131115"
"chr4","107675139","107675452","chr1","22955832","22956145","41","84719307"
"chr4","107772791","107773101","chrX","74427130","74427438","44","33345661"
"chr4","107881248","107881567","chr19","40734404","40734716","41","67146844"
"chr4","107929348","107929641","chr2B","99512257","99512553","33","8417091"
"chr4","108107358","108107659","chr1","23083897","23084189","45","85023461"
"chr4","108683198","108683516","chrX","1527681","1528002","43","107155517"
"chr4","109172397","109172694","chr6","155963550","155963848","31","46791153"
"chr4","109241370","109241683","chr5","162326402","162326716","41","53085032"
"chr4","109443845","109444075","chr6","161107944","161108165","37","51664099"
"chr4","109489902","109490215","chr6","155659159","155659460","36","46169257"
"chr4","110048686","110048988","chr1","35990880","35991182","34","74057806"
"chr4","110161110","110161440","chr14","77304145","77304459","47","32856965"
"chr4","110367451","110367747","chr10","108852377","108852676","34","1515074"
"chr4","110614893","110615223","chr1","179606499","179606823","45","68991606"
"chr4","110616394","110616705","chr6","154522458","154522770","21","43906064"
"chr4","110698407","110698717","chr13","62764436","62764745","39","47933971"
"chr4","110723290","110723595","chr4","199024335","199024640","39","88301045"
"chr4","110735230","110735536","chr6","154405119","154405421","25","43669889"
"chr4","110759588","110759889","chr12","8893890","8894193","31","101865698"
"chr4","110929845","110930146","chr10","136766798","136767102","37","25836953"
"chr4","111006036","111006333","chr1","27021093","27021389","42","83984943"
"chr4","111029606","111029881","chr10","106607864","106608139","40","4421742"
"chr4","111034443","111034658","chr6","154135652","154135865","18","43101209"
"chr4","111185440","111185756","chr2A","10355583","10355893","44","100829857"
"chr4","111212550","111212862","chr15","20681047","20681357","46","90531503"
"chr4","111328781","111329076","chr22","34314671","34314970","40","77014110"
"chr4","111486338","111486648","chr11","17305005","17305310","40","94181333"
"chr4","111492803","111493101","chr14","25023031","25023330","42","86469772"
"chr4","111514518","111514838","chr6","153659976","153660285","38","42145458"
"chr4","111665339","111665655","chrX","82828100","82828413","49","28837239"
"chr4","111670082","111670390","chr15","69276871","69277183","34","42393211"
"chr4","111699333","111699628","chr6","169689147","169689442","32","57989814"
"chr4","111758497","111758796","chr6","153426958","153427261","25","41668461"
"chr4","111778019","111778332","chr9","74575275","74575588","46","37202744"
"chr4","111879422","111879708","chr9","94919935","94920225","36","16959487"
"chr4","111895387","111895689","chr17","8465111","8465410","36","103430276"
"chr4","112522523","112522816","chr6","152679330","152679640","40","40156807"
"chr4","112554618","112554912","chr9","107822697","107822990","47","4731921"
"chr4","112686817","112687124","chr6","152679330","152679640","39","39992513"
"chr4","112823770","112824031","chr6","2478129","2478392","47","110345641"
"chr4","112834006","112834306","chr6","152527736","152528033","23","39693730"
"chr4","112846725","112847001","chr10","90682889","90683167","36","22163836"
"chr4","112851280","112851592","chr1","141361647","141361958","44","28510367"
"chr4","112860015","112860307","chr8","59951742","59952033","43","52908273"
"chr4","112866658","112866807","chr4","48588512","48588669","36","64278146"
"chr4","112887685","112887976","chr6","152471758","152472048","24","39584073"
"chr4","112899451","112899750","chr9","75973220","75973513","48","36926231"
"chr4","112916339","112916634","chr22","20239501","20239805","55","92676838"
"chr4","113010564","113010861","chr3","103740201","103740497","26","9270363"
"chr4","113042957","113043259","chr6","152329109","152329411","25","39286152"
"chr4","113073374","113073678","chr2A","79839508","79839818","39","33233866"
"chr4","113117251","113117564","chr12","21276435","21276745","32","91840816"
"chr4","113610534","113610846","chr2A","96359781","96360091","38","17250753"
"chr4","113861752","113862022","chr14","30944969","30945253","40","82916783"
"chr4","114091263","114091575","chr17","38608208","38608518","38","75483055"
"chr4","114104911","114105210","chr5","51774532","51774825","48","62330379"
"chr4","114213915","114214219","chr3","187177539","187177847","41","72963624"
"chr4","114216315","114216638","chr1","43545614","43545930","52","70670701"
"chr4","114244672","114244979","chr3","55843499","55843803","42","58401173"
"chr4","114267629","114267941","chr5","36374695","36374994","47","77892934"
"chr4","114281332","114281635","chrX","97594986","97595289","33","16686346"
"chr4","114373295","114373603","chr10","36119294","36119606","30","78254001"
"chr4","114390896","114391196","chr6","151027073","151027379","37","36636177"
"chr4","114620137","114620437","chr11","14213433","14213733","42","100406704"
"chr4","114812871","114813169","chr2A","59985648","59985942","34","54827223"
"chr4","115174378","115174681","chr6","150254138","150254443","29","35079760"
"chr4","115742023","115742334","chr22","20623630","20623939","41","95118393"
"chr4","116299169","116299482","chr6","149170129","149170446","40","32870960"
"chr4","116363279","116363589","chr1","109323755","109324067","55","7039524"
"chr4","116818011","116818295","chr7","70494244","70494526","41","46323767"
"chr4","116879404","116879716","chrX","41587872","41588178","40","75291532"
"chr4","117688015","117688298","chr12","121563374","121563659","34","3875359"
"chr4","118097305","118097607","chr1","185054973","185055268","38","66957668"
"chr4","118148258","118148399","chr5","125002744","125002896","34","6854486"
"chr4","118367707","118368002","chr13","34006475","34006766","38","84361232"
"chr4","118683156","118683466","chr22","34538362","34538671","40","84144794"
"chr4","118772391","118772694","chr4","199434090","199434392","53","80661699"
"chr4","119103475","119103775","chr19","6276374","6276673","38","112827101"
"chr4","119221028","119221327","chr1","111289255","111289555","38","7931773"
"chr4","119451437","119451751","chr1","100887646","100887952","46","18563791"
"chr4","119604131","119604431","chr11","82956585","82956882","39","36647546"
"chr4","120104574","120104885","chr6","144898371","144898682","33","24793797"
"chr4","120172335","120172637","chr1","22712490","22712795","53","97459845"
"chr4","121647986","121648251","chr3","67751426","67751684","49","53896560"
"chr4","121722781","121723074","chr1","144529989","144530282","46","22807208"
"chr4","121788777","121788887","chr1","29226369","29226480","24","92562408"
"chr4","122062745","122062916","chr4","81515226","81515394","22","40547519"
"chr4","122825742","122826047","chr1","10843872","10844174","35","111981870"
"chr4","122835765","122836067","chr1","221106987","221107290","42","98271222"
"chr4","122962406","122962714","chr4","198798700","198799005","29","75836294"
"chr4","122988045","122988342","chr5","25671437","25671735","32","97316608"
"chr4","122991875","122992170","chr5","5487375","5487672","35","117504500"
"chr4","123019205","123019475","chrX","134562038","134562303","37","11542833"
"chr4","123130157","123130456","chr19","14735632","14735933","42","108394525"
"chr4","123180079","123180398","chr14","23916952","23917265","46","99263127"
"chr4","123232457","123232767","chr1","132554974","132555276","42","9322517"
"chr4","123260365","123260678","chr1","100887646","100887952","38","22372719"
"chr4","123329498","123329789","chr7","44506290","44506583","40","78823208"
"chr4","123371039","123371338","chr6","37682797","37683102","35","85688242"
"chr4","123434719","123435030","chr16","66170347","66170652","36","57264372"
"chr4","123470002","123470323","chr14","77304145","77304459","44","46165857"
"chr4","123746500","123746813","chr17","30741176","30741483","40","93005324"
"chr4","123811122","123811343","chr20","31049038","31049266","44","92762084"
"chr4","123861714","123862022","chr12","3042424","3042732","38","120819290"
"chr4","123948075","123948249","chr6","141107307","141107479","13","17159232"
"chr4","124216970","124217264","chr12","55469357","55469649","35","68747613"
"chr4","124306127","124306439","chr7","76735395","76735710","37","47570732"
"chr4","124594966","124595257","chr6","140431956","140432257","31","15836990"
"chr4","124635541","124635836","chr15","317863","318162","57","124317678"
"chr4","124694494","124694574","chr17","84358067","84358149","13","40336427"
"chr4","125199415","125199715","chr8","61897078","61897377","34","63302337"
"chr4","125309469","125309800","chr20","55772499","55772828","51","69536970"
"chr4","125433242","125433536","chr6","139547765","139548063","27","14114523"
"chr4","125495161","125495472","chr1","109323755","109324067","34","16171406"
"chr4","125599455","125599746","chr6","139384581","139384883","48","13785126"
"chr4","125830225","125830537","chr20","32211306","32211614","42","93618919"
"chr4","126062548","126062820","chr16","19825965","19826238","53","106236583"
"chr4","126184358","126184624","chr12","76915481","76915745","34","49268877"
"chr4","126383133","126383434","chr6","138604978","138605283","33","12221845"
"chr4","126425822","126426133","chr2B","122501056","122501369","39","3924766"
"chr4","126464737","126464928","chr19","35554371","35554562","32","90910366"
"chr4","126749908","126750220","chr14","74198044","74198357","41","52551864"
"chr4","126760556","126760871","chr6","138210780","138211085","37","11450224"
"chr4","126775429","126775497","chr3","86515380","86515455","28","40260049"
"chr4","127161197","127161494","chr8","141746900","141747199","35","14585703"
"chr4","127207643","127207968","chr1","69034819","69035142","49","58172824"
"chr4","127324141","127324417","chrX","46708025","46708315","47","80616116"
"chr4","127387130","127387441","chr18","32989823","32990134","40","94397307"
"chr4","127431348","127431644","chr1","66126236","66126536","48","61305112"
"chr4","127438747","127439043","chr7","72899498","72899802","32","54539249"
"chr4","127659707","127660021","chr6","137339922","137340232","29","9680215"
"chr4","127729577","127729871","chr4","155657331","155657621","39","27927754"
"chr4","127774001","127774314","chr1","22955832","22956145","41","104818169"
"chr4","127879214","127879504","chr6","137108396","137108687","28","9229182"
"chr4","128138695","128138992","chrX","36406749","36407049","35","91731946"
"chr4","128370742","128371040","chr3","61775649","61775943","60","66595093"
"chr4","128421858","128422157","chr6","33703368","33703675","46","94718490"
"chr4","128453568","128453860","chr6","136520913","136521216","24","8067345"
"chr4","128624715","128624950","chr2A","21712964","21713196","37","106911751"
"chr4","128625001","128625084","chr17","84358067","84358149","15","44266934"
"chr4","128680429","128680744","chr1","134763713","134764022","41","6083284"
"chr4","128736951","128737260","chr6","136264967","136265262","39","7528016"
"chr4","128963275","128963581","chr6","136062864","136063171","41","7099589"
"chr4","130269882","130270194","chr3","126026739","126027040","43","4243143"
"chr4","131586129","131586426","chr17","8465111","8465410","39","123121018"
"chr4","131697671","131697973","chrX","41271607","41271912","30","90426064"
"chr4","132078423","132078716","chr6","132896325","132896621","29","817902"
"chr4","132258641","132258954","chr6","132714577","132714889","34","455936"
"chr4","132286786","132287097","chr9","74575275","74575588","46","57711511"
"chr4","132522501","132522785","chr6","132447653","132447934","23","74848"
"chr4","132772006","132772316","chr15","69276871","69277183","34","63495135"
"chr4","133320499","133320786","chr9","81354291","81354584","44","51966208"
"chr4","133674969","133675285","chr9","74575275","74575588","39","59099694"
"chr4","133907902","133908201","chr15","63889193","63889496","36","70018709"
"chr4","133930205","133930494","chr6","130996938","130997227","33","2933267"
"chr4","134007962","134008262","chr1","63623762","63624055","41","70384200"
"chr4","135225021","135225361","chr14","40729865","40730201","59","94495156"
"chr4","135304994","135305302","chrX","51034227","51034538","42","84270767"
"chr4","135432681","135432997","chr12","78558197","78558505","44","56874484"
"chr4","135523636","135523951","chr6","129529712","129530008","37","5993924"
"chr4","136180027","136180338","chr6","35622489","35622796","48","100557538"
"chr4","136514743","136515062","chr6","128406996","128407303","29","8107747"
"chr4","136796744","136797056","chr17","79404094","79404401","32","57392650"
"chr4","136967917","136968079","chr19","52939529","52939692","23","84028388"
"chr4","136968080","136968379","chr1","35990880","35991182","34","100977200"
"chr4","137422113","137422406","chr5","13160492","13160798","43","124261621"
"chr4","137742261","137742565","chr2B","2648213","2648520","39","135094048"
"chr4","138244404","138244702","chr6","126600208","126600517","41","11644196"
"chr4","138376792","138377086","chr7","1358926","1359227","43","137017866"
"chr4","138477031","138477326","chr7","2562662","2562954","39","135914369"
"chr4","138522708","138522993","chr13","42491879","42492161","33","96030829"
"chr4","138523907","138524209","chr17","80002195","80002499","38","58521712"
"chr4","138654505","138654791","chr19","49469690","49469977","39","89184815"
"chr4","138933760","138934055","chr6","125884319","125884615","24","13049441"
"chr4","139149959","139150256","chr6","125663995","125664288","29","13485964"
"chr4","139688515","139688820","chr6","125129642","125129955","34","14558873"
"chr4","139701150","139701445","chr1","45157923","45158217","34","94543227"
"chr4","139711378","139711670","chr1","38186753","38187049","33","101524625"
"chr4","139860066","139860205","chr14","44685173","44685313","30","95174893"
"chr4","139971702","139972001","chr5","5487375","5487672","41","134484327"
"chr4","140305152","140305463","chr14","61567729","61568037","51","78737423"
"chr4","140496081","140496350","chr5","141472998","141473273","51","976917"
"chr4","141074059","141074096","chrX","140663922","140663950","16","410137"
"chr4","141074500","141074759","chr12","131788345","131788608","65","9286155"
"chr4","141311590","141311919","chr1","54464452","54464778","47","86847138"
"chr4","142301714","142302026","chr5","162326402","162326716","46","20024688"
"chr4","142315789","142316051","chr3","199459216","199459497","54","57143427"
"chr4","143096615","143096920","chr6","121726295","121726591","31","21370320"
"chr4","143175234","143175539","chr6","121632172","121632476","31","21543062"
"chr4","143378666","143378972","chr10","136766798","136767102","36","6611868"
"chr4","143440018","143440289","chr8","21673007","21673285","44","121767011"
"chr4","144193987","144194277","chr5","5487375","5487672","51","138706612"
"chr4","144497523","144497824","chr7","72899498","72899802","45","71598025"
"chr4","144568998","144569311","chr8","145823123","145823430","42","1254125"
"chr4","144707810","144708105","chr17","81504650","81504947","37","63203160"
"chr4","144837907","144838216","chr3","12041820","12042133","42","132796087"
"chr4","144910816","144911123","chr20","35582405","35582711","41","109328411"
"chr4","144994175","144994465","chr6","119801731","119802029","25","25192444"
"chr4","145047355","145047641","chr6","119750721","119751012","30","25296634"
"chr4","145732869","145733176","chr5","13160492","13160798","32","132572377"
"chr4","146136590","146136900","chr2B","2648213","2648520","35","143488377"
"chr4","146245753","146245947","chr6","121017447","121017641","33","25228306"
"chr4","146659931","146660241","chr7","72899498","72899802","41","73760433"
"chr4","147337471","147337767","chr6","117344222","117344521","30","29993249"
"chr4","147406776","147407088","chr17","38608208","38608518","43","108798568"
"chr4","147463675","147463985","chr15","67619999","67620309","37","79843676"
"chr4","147851889","147852205","chr17","38608208","38608518","41","109243681"
"chr4","148033742","148034050","chrX","41587872","41588178","40","106445870"
"chr4","148057582","148057889","chr19","29025419","29025728","48","119032163"
"chr4","148236057","148236361","chr10","136766798","136767102","43","11469259"
"chr4","148289025","148289323","chr6","116407112","116407414","42","31881913"
"chr4","148482837","148483142","chr5","5487375","5487672","45","142995462"
"chr4","148709212","148709525","chr13","62764436","62764745","41","85944776"
"chr4","148840468","148840780","chr9","73963392","73963702","44","74877076"
"chr4","148883005","148883300","chr6","115818514","115818810","16","33064491"
"chr4","148900964","148901251","chr4","171953878","171954174","40","23052914"
"chr4","148907688","148907970","chr3","149118148","149118427","39","210460"
"chr4","149029011","149029320","chr6","115665307","115665612","32","33363704"
"chr4","149230991","149231269","chr11","66322875","66323149","40","82908116"
"chr4","149652866","149653161","chr8","41556935","41557248","54","108095931"
"chr4","150096203","150096516","chr14","74198044","74198357","44","75898159"
"chr4","150135943","150136236","chr9","67126783","67127082","36","83009160"
"chr4","150661898","150662201","chr1","100887646","100887952","32","49774252"
"chr4","150890983","150891287","chr6","113576290","113576591","19","37314693"
"chr4","150928802","150929114","chr1","22955832","22956145","62","127972970"
"chr4","150978441","150978750","chr2B","10353901","10354207","35","140624540"
"chr4","151160675","151160983","chr6","113288131","113288442","24","37872544"
"chr4","151250269","151250548","chr11","46969394","46969676","44","104280875"
"chr4","151251293","151251589","chr12","59907829","59908121","34","91343464"
"chr4","151291028","151291330","chr9","67126783","67127082","27","84164245"
"chr4","151292933","151293231","chr6","113155465","113155766","29","38137468"
"chr4","151322607","151322924","chr4","48585107","48585416","49","102737500"
"chr4","151336405","151336684","chr6","160461649","160461921","49","9125244"
"chr4","151432972","151433284","chr10","101337366","101337681","41","50095606"
"chr4","151458245","151458354","chr10","124592203","124592313","24","26866042"
"chr4","151518651","151518953","chr12","117088484","117088786","40","34430167"
"chr4","151604772","151605079","chr1","100887646","100887952","36","50717126"
"chr4","151647030","151647332","chr1","134763713","134764022","58","16883317"
"chr4","151852982","151853293","chr7","154570538","154570845","39","2717556"
"chr4","152258451","152258763","chr15","67619999","67620309","37","84638452"
"chr4","152587185","152587488","chr10","86782884","86783195","40","65804301"
"chr4","152777268","152777569","chr3","3628864","3629165","29","149148404"
"chr4","152789732","152790008","chr6","111620222","111620523","43","41169510"
"chr4","152989609","152989896","chr5","137760043","137760333","36","15229566"
"chr4","153046417","153046542","chr6","109879092","109879221","21","43167325"
"chr4","153139650","153139962","chr6","111250803","111251109","29","41888847"
"chr4","153817144","153817453","chr7","154570538","154570845","37","753394"
"chr4","153924762","153925067","chr16","60227894","60228192","42","93696868"
"chr4","153963938","153964238","chr6","110417955","110418252","32","43545983"
"chr4","154463295","154463609","chr9","73922988","73923294","43","80540307"
"chr4","154968764","154969079","chr7","127657301","127657615","47","27311463"
"chr4","154986954","154987250","chr11","14213433","14213733","34","140773521"
"chr4","155002415","155002724","chr1","134763713","134764022","34","20238702"
"chr4","155074563","155074867","chr5","60420475","60420784","38","94654088"
"chr4","155098922","155099232","chr17","24583359","24583669","36","130515563"
"chr4","155122053","155122339","chr6","21800038","21800319","48","133322015"
"chr4","155450643","155450937","chr4","138472993","138473286","40","16977650"
"chr4","155584856","155585169","chr12","36414589","36414899","38","119170267"
"chr4","155703268","155703557","chr6","163258789","163259080","32","7555521"
"chr4","156193042","156193340","chr16","37049725","37050024","33","119143317"
"chr4","156457363","156457659","chr9","94919935","94920225","40","61537428"
"chr4","156460932","156461233","chrX","41271607","41271912","37","115189325"
"chr4","156843904","156844200","chr1","194446199","194446496","32","37602295"
"chr4","157011304","157011621","chr6","164681781","164682089","41","7670477"
"chr4","157014128","157014415","chr6","16382413","16382700","41","140631715"
"chr4","157061116","157061411","chr6","164736975","164737267","15","7675859"
"chr4","157138310","157138596","chr1","23959364","23959650","36","133178946"
"chr4","157179875","157180177","chr1","13582785","13583095","54","143597090"
"chr4","157403657","157403908","chr15","11782703","11782955","44","145620954"
"chr4","157655567","157655748","chr6","141107307","141107479","44","16548260"
"chr4","157730400","157730676","chr6","165429203","165429487","31","7698803"
"chr4","157792044","157792310","chr10","111814647","111814913","40","45977397"
"chr4","158220836","158221129","chr7","132389917","132390213","35","25830919"
"chr4","158261203","158261458","chr12","131788345","131788608","45","26472858"
"chr4","158520204","158520511","chr1","132554974","132555276","34","25965230"
"chr4","158601015","158601287","chr2A","46391002","46391284","39","112210013"
"chr4","158658790","158659098","chr6","166387040","166387364","45","7728250"
"chr4","158703384","158703670","chr19","12155376","12155665","37","146548008"
"chr4","158706495","158706808","chr17","79404094","79404401","41","79302401"
"chr4","159004567","159004868","chr6","166744123","166744423","22","7739556"
"chr4","159107753","159108054","chr1","157261144","157261453","36","1846609"
"chr4","159153272","159153581","chr6","166895743","166896049","34","7742471"
"chr4","159223100","159223408","chr6","111974552","111974862","45","47248548"
"chr4","159225519","159225817","chr4","194608401","194608688","45","35382882"
"chr4","159401295","159401594","chr3","12829604","12829903","40","146571691"
"chr4","159733042","159733360","chr13","8634043","8634347","51","151098999"
"chr4","159850619","159850930","chr7","80058785","80059098","38","79791834"
"chr4","160001272","160001553","chr1","24189834","24190118","30","135811438"
"chr4","160127792","160128095","chr1","132729492","132729799","53","27398300"
"chr4","160146220","160146509","chr1","27021093","27021389","44","133125127"
"chr4","160518752","160519046","chrX","97594986","97595289","49","62923766"
"chr4","161101182","161101479","chr5","160987933","160988228","39","113249"
"chr4","161408300","161408613","chr6","32378353","32378664","36","129029947"
"chr4","161448211","161448523","chr12","8706461","8706771","43","152741750"
"chr4","161769930","161770215","chr1","144529989","144530282","42","17239941"
"chr4","161909330","161909649","chr10","101337366","101337681","41","60571964"
"chr4","162172764","162173063","chr3","3628864","3629165","35","158543900"
"chr4","162229935","162230249","chr4","198295008","198295316","36","36065073"
"chr4","162723503","162723810","chrX","151107989","151108296","40","11615514"
"chr4","162870663","162870953","chr10","131944265","131944557","49","30926398"
"chr4","163432305","163432603","chr12","8693113","8693410","37","154739192"
"chr4","163532079","163532369","chr15","22064683","22064982","43","141467396"
"chr4","163713297","163713482","chr20","49890887","49891072","42","113822410"
"chr4","163945480","163945768","chr1","23959364","23959650","41","139986116"
"chr4","164180268","164180563","chr6","171922593","171922882","34","7742325"
"chr4","164705497","164705803","chr1","35990880","35991182","34","128714617"
"chr4","164783481","164783791","chr2B","107373831","107374141","39","57409650"
"chr4","164796610","164796913","chrX","97594986","97595289","43","67201624"
"chr4","165010221","165010459","chrX","9676289","9676520","33","155333932"
"chr4","165240265","165240557","chr19","54938785","54939079","44","110301480"
"chr4","165253409","165253724","chr3","121417916","121418229","39","43835493"
"chr5","102104807","102105109","chr17","79404094","79404401","42","22700713"
"chr5","71529","71840","chr4","40072459","40072768","36","40000930"
"chr5","99751","100064","chr1","21262166","21262476","35","21162415"
"chr5","132302","132426","chr2B","66491327","66491448","20","66359025"
"chr5","212850","213149","chr3","3628864","3629165","32","3416014"
"chr5","261009","261303","chr4","171953878","171954174","34","171692869"
"chr5","492683","492968","chr4","8501530","8501807","35","8008847"
"chr5","716309","716619","chr10","45646188","45646499","44","44929879"
"chr5","931013","931317","chr19","55001364","55001664","36","54070351"
"chr5","978238","978548","chr16","43413176","43413481","43","42434938"
"chr5","1426040","1426336","chr1","27021093","27021389","34","25595053"
"chr5","1449926","1450221","chr3","103740201","103740497","37","102290275"
"chr5","1482657","1482977","chr10","140604064","140604370","48","139121407"
"chr5","1511094","1511405","chr2A","10355583","10355893","35","8844489"
"chr5","1688977","1689281","chr6","6752789","6753094","34","5063812"
"chr5","1697571","1697875","chr4","7255342","7255649","34","5557771"
"chr5","1702840","1703142","chr17","79404094","79404401","46","77701254"
"chr5","1783017","1783347","chr11","309868","310167","68","1473149"
"chr5","1796792","1797078","chr5","36374695","36374994","38","34577903"
"chr5","1872955","1873244","chrX","48041286","48041580","32","46168331"
"chr5","1876574","1876861","chr15","44703221","44703496","47","42826647"
"chr5","1895053","1895366","chr4","106451241","106451549","37","104556188"
"chr5","2076598","2076911","chr17","79404094","79404401","33","77327496"
"chr5","2151041","2151321","chr4","6791870","6792178","47","4640829"
"chr5","2158331","2158590","chr10","102076588","102076842","49","99918257"
"chr5","2182418","2182730","chr2B","66922159","66922465","40","64739741"
"chr5","2213394","2213702","chr10","136766798","136767102","43","134553404"
"chr5","2464252","2464562","chr4","6482564","6482874","31","4018312"
"chr5","2590612","2590912","chr4","6355452","6355759","27","3764840"
"chr5","2635311","2635610","chr6","54669996","54670289","48","52034685"
"chr5","3087020","3087332","chr12","21276435","21276745","39","18189415"
"chr5","3098446","3098751","chr4","5786743","5787041","34","2688297"
"chr5","4137076","4137382","chr1","100887646","100887952","48","96750570"
"chr5","4189154","4189477","chr14","77304145","77304459","42","73114991"
"chr5","4288620","4288905","chr6","14540070","14540350","42","10251450"
"chr5","4376521","4376827","chr1","100887646","100887952","47","96511125"
"chr5","4397386","4397687","chr1","194446199","194446496","35","190048813"
"chr5","4415592","4415853","chr12","131788345","131788608","46","127372753"
"chr5","4430214","4430454","chr12","30073058","30073285","52","25642844"
"chr5","4436593","4436903","chr10","118065990","118066302","43","113629397"
"chr5","4477258","4477400","chr7","113774600","113774736","18","109297342"
"chr5","4638817","4639132","chr19","52547637","52547945","39","47908820"
"chr5","5224561","5224849","chr17","62637737","62638033","39","57413176"
"chr5","5331577","5331847","chr11","39445585","39445851","45","34114008"
"chr5","5370050","5370332","chr12","106958924","106959208","46","101588874"
"chr5","5380733","5381022","chr15","34274908","34275193","38","28894175"
"chr5","5516107","5516385","chr4","9991743","9992018","31","4475636"
"chr5","5527547","5527848","chr4","10003872","10004173","29","4476325"
"chr5","5554470","5554753","chr14","39990342","39990627","39","34435872"
"chr5","5680737","5681047","chr15","67619999","67620309","41","61939262"
"chr5","5965961","5966270","chr4","10464861","10465155","45","4498900"
"chr5","6177744","6178027","chr1","24189834","24190118","36","18012090"
"chr5","6737384","6737689","chr4","198798700","198799005","42","192061316"
"chr5","7428191","7428486","chr3","12024603","12024895","36","4596412"
"chr5","8030597","8030945","chr3","22047910","22048257","75","14017313"
"chr5","8704822","8705129","chr14","47857829","47858141","51","39153007"
"chr5","8913756","8914075","chr4","13569098","13569404","40","4655342"
"chr5","8925154","8925435","chrX","36693904","36694182","44","27768750"
"chr5","9303786","9304088","chrX","97594986","97595289","39","88291200"
"chr5","9320941","9321253","chr20","32211306","32211614","37","22890365"
"chr5","9572785","9573088","chr14","32972455","32972755","40","23399670"
"chr5","10451503","10451780","chr1","66580123","66580404","44","56128620"
"chr5","10467176","10467481","chr4","15256480","15256774","29","4789304"
"chr5","10896184","10896494","chr5","43510231","43510524","46","32614047"
"chr5","10997992","10998316","chr4","15774056","15774371","36","4776064"
"chr5","11490170","11490484","chr4","16256887","16257196","28","4766717"
"chr5","11524599","11524884","chr5","160987933","160988228","40","149463334"
"chr5","11623924","11624238","chr4","16388486","16388786","38","4764562"
"chr5","12053413","12053725","chr13","62764436","62764745","37","50711023"
"chr5","12144329","12144617","chr4","16919541","16919829","24","4775212"
"chr5","12370982","12371271","chr6","136264967","136265262","47","123893985"
"chr5","12390773","12391088","chr20","30600032","30600347","43","18209259"
"chr5","12539611","12539902","chrX","19140350","19140650","47","6600739"
"chr5","12777949","12778266","chr3","2931636","2931947","41","9846313"
"chr5","13186186","13186481","chr5","51774532","51774825","40","38588346"
"chr5","13251882","13252214","chr1","35515081","35515392","57","22263199"
"chr5","13402795","13403101","chr7","107430664","107430976","51","94027869"
"chr5","13910336","13910612","chr20","12674881","12675147","43","1235455"
"chr5","14327883","14328206","chr8","61863879","61864186","55","47535996"
"chr5","14356856","14357160","chr4","19053739","19054036","29","4696883"
"chr5","14363335","14363635","chr4","19060767","19061065","32","4697432"
"chr5","14589035","14589339","chr19","16602118","16602424","45","2013083"
"chr5","14821214","14821541","chr7","127657301","127657615","59","112836087"
"chr5","14960104","14960399","chr13","34006475","34006766","42","19046371"
"chr5","15053596","15053895","chr5","25671437","25671735","33","10617841"
"chr5","15351217","15351376","chr20","50836341","50836492","35","35485124"
"chr5","15353206","15353519","chr1","100887646","100887952","40","85534440"
"chr5","15377030","15377343","chr19","15334369","15334676","48","42661"
"chr5","15635298","15635602","chr4","20385842","20386153","40","4750544"
"chr5","15637562","15637870","chr10","121813796","121814102","46","106176234"
"chr5","15752467","15752763","chr1","27021093","27021389","43","11268626"
"chr5","15917215","15917516","chr4","20697708","20698020","36","4780493"
"chr5","16606371","16606681","chr5","36664566","36664877","37","20058195"
"chr5","17282311","17282622","chr14","20972619","20972931","48","3690308"
"chr5","17362141","17362461","chr4","22143255","22143558","44","4781114"
"chr5","17394661","17394963","chr4","22223818","22224104","42","4829157"
"chr5","17650440","17650748","chr6","35622489","35622796","47","17972049"
"chr5","17842640","17842963","chr5","70103079","70103361","87","52260439"
"chr5","18335336","18335634","chr15","37451080","37451392","56","19115744"
"chr5","18957168","18957434","chr4","23775183","23775453","23","4818015"
"chr5","19192117","19192415","chr19","49469690","49469977","81","30277573"
"chr5","19317076","19317378","chr6","53158380","53158685","36","33841304"
"chr5","19421684","19421982","chr15","317863","318162","54","19103821"
"chr5","19488895","19489200","chr4","24316014","24316315","19","4827119"
"chr5","19497067","19497374","chr13","20775986","20776294","45","1278919"
"chr5","19656129","19656439","chr22","20623630","20623939","37","967501"
"chr5","19657738","19658038","chr11","60771451","60771759","42","41113713"
"chr5","19735998","19736312","chr14","23916952","23917265","43","4180954"
"chr5","19948412","19948585","chr6","141107307","141107479","35","121158895"
"chr5","19996540","19996821","chr4","24856350","24856632","15","4859810"
"chr5","20013299","20013606","chr4","24876318","24876618","23","4863019"
"chr5","20061759","20062075","chr15","67619999","67620309","44","47558240"
"chr5","20202212","20202422","chr3","48903530","48903745","44","28701318"
"chr5","20229516","20229788","chr1","95437365","95437651","46","75207849"
"chr5","20359904","20360209","chr6","6752789","6753094","41","13607115"
"chr5","20379440","20379519","chr3","164788936","164789021","22","144409496"
"chr5","20392454","20392764","chr4","198295008","198295316","45","177902554"
"chr5","20444854","20444926","chr8","125795308","125795381","14","105350454"
"chr5","20500060","20500375","chr5","22049247","22049559","45","1549187"
"chr5","20606209","20606503","chr16","23190870","23191153","47","2584661"
"chr5","20678961","20679292","chr5","84754161","84754488","55","64075200"
"chr5","20997794","20997850","chr5","104789932","104789989","5","83792138"
"chr5","20997983","20998216","chr2A","21712964","21713196","56","714981"
"chr5","21070617","21070934","chr9","73383977","73384295","44","52313360"
"chr5","21243784","21244096","chr3","2931636","2931947","39","18312148"
"chr5","21283117","21283423","chr4","198295008","198295316","34","177011891"
"chr5","21570683","21570969","chrUn_CABD030131550v1","8094","8384","34","21562589"
"chr5","21874647","21874959","chr4","198977209","198977521","46","177102562"
"chr5","21976586","21976890","chr8","94878591","94878895","40","72902005"
"chr5","22234554","22234840","chr16","19374713","19375012","56","2859841"
"chr5","22427661","22427973","chrX","97594986","97595289","44","75167325"
"chr5","22475299","22475601","chrX","705896","706197","40","21769403"
"chr5","23066950","23067262","chr3","28041400","28041706","40","4974450"
"chr5","23435915","23436237","chr9","74575275","74575588","44","51139360"
"chr5","24220790","24221082","chr20","63173584","63173871","49","38952794"
"chr5","24932274","24932586","chr17","12349722","12350033","40","12582552"
"chr5","25134700","25135003","chr4","29940231","29940533","28","4805531"
"chr5","25172436","25172693","chr12","48370975","48371233","51","23198539"
"chr5","25249446","25249748","chrX","124772075","124772366","51","99522629"
"chr5","25470462","25470766","chr4","30282371","30282678","18","4811909"
"chr5","25526232","25526549","chr4","198977209","198977521","44","173450977"
"chr5","25950919","25951265","chr10","36954252","36954578","71","11003333"
"chr5","26062284","26062328","chr12","49037543","49037584","17","22975259"
"chr5","26653505","26653789","chr1","132554974","132555276","50","105901469"
"chr5","26776476","26776756","chr10","90682889","90683167","35","63906413"
"chr5","26871175","26871466","chr20","50841065","50841355","40","23969890"
"chr5","26936017","26936330","chr6","32378353","32378664","53","5442336"
"chr5","27051810","27052107","chr3","50936660","50936971","58","23884850"
"chr5","27112600","27112892","chr2A","10355583","10355893","50","16757017"
"chr5","27289297","27289599","chr4","37953476","37953776","39","10664179"
"chr5","27325855","27326153","chr11","93420","93723","50","27232435"
"chr5","27710981","27711284","chr4","32545069","32545372","35","4834088"
"chr5","28796200","28796499","chr5","64763044","64763340","44","35966844"
"chr5","29123327","29123660","chr3","102429845","102430183","52","73306518"
"chr5","29693870","29694174","chr11","65999481","65999780","48","36305611"
"chr5","29764304","29764602","chr4","34611241","34611542","37","4846937"
"chr5","29812032","29812334","chr3","3628864","3629165","39","26183168"
"chr5","31001132","31001440","chr4","35884636","35884949","50","4883504"
"chr5","32251741","32252025","chr4","37239708","37239991","24","4987967"
"chr5","32284336","32284644","chr1","100887646","100887952","42","68603310"
"chr5","32356302","32356620","chr17","79404094","79404401","49","47047792"
"chr5","32562107","32562409","chr3","182480373","182480663","50","149918266"
"chr5","32573022","32573330","chr12","21276435","21276745","43","11296587"
"chr5","32669146","32669360","chr11","15469750","15469960","32","17199396"
"chr5","32739618","32739923","chr10","94348044","94348346","44","61608426"
"chr5","33048490","33048779","chr17","13097396","13097691","51","19951094"
"chr5","33202771","33203066","chr1","27021093","27021389","45","6181678"
"chr5","33388160","33388473","chr22","15277783","15278092","36","18110377"
"chr5","33395459","33395773","chr14","47857829","47858141","46","14462370"
"chr5","33745834","33746135","chr3","101389533","101389827","49","67643699"
"chr5","33799514","33799809","chr5","160987933","160988228","31","127188419"
"chr5","33847168","33847462","chr8","94021108","94021405","32","60173940"
"chr5","33956778","33957075","chr3","200673558","200673829","76","166716780"
"chr5","33995497","33995809","chr17","90485498","90485806","47","56490001"
"chr5","34129565","34129881","chr12","8706461","8706771","41","25423104"
"chr5","34133757","34133812","chr1","181768584","181768636","7","147634827"
"chr5","34133863","34134106","chr2A","21712964","21713196","47","12420899"
"chr5","34141794","34142057","chr10","106607864","106608139","52","72466070"
"chr5","34194414","34194699","chrUn_CABD030131550v1","8094","8384","36","34186320"
"chr5","34200991","34201302","chr2B","72409719","72410029","45","38208728"
"chr5","34224793","34225092","chr19","55001364","55001664","38","20776571"
"chr5","34233103","34233389","chr1","23959364","23959650","36","10273739"
"chr5","34372639","34372944","chr4","39427023","39427317","35","5054384"
"chr5","34454890","34455181","chr1","144529989","144530282","24","110075099"
"chr5","34490317","34490629","chr3","186406630","186406936","42","151916313"
"chr5","34505744","34505928","chr16","30587927","30588107","27","3917817"
"chr5","34507957","34508244","chr6","22250678","22250970","56","12257279"
"chr5","34513511","34513779","chr4","39582201","39582448","44","5068690"
"chr5","34594204","34594507","chr1","148927652","148927960","46","114333448"
"chr5","34670537","34670832","chr4","39729226","39729523","34","5058689"
"chr5","34674432","34674742","chr4","39732775","39733080","39","5058343"
"chr5","34723002","34723263","chr19","19547761","19548024","35","15175241"
"chr5","34727626","34727931","chr10","108870200","108870501","37","74142574"
"chr5","34742014","34742198","chr1","1885576","1885759","27","32856438"
"chr5","34762521","34762801","chr14","30944969","30945253","48","3817552"
"chr5","34782578","34782877","chr4","39826601","39826897","31","5044023"
"chr5","34819153","34819457","chr4","39866294","39866594","36","5047141"
"chr5","34855772","34856054","chr21","33915139","33915420","45","940633"
"chr5","35002638","35002947","chr15","67619999","67620309","43","32617361"
"chr5","35015911","35016166","chr10","102076588","102076842","35","67060677"
"chr5","35033656","35033968","chr17","38608208","38608518","37","3574552"
"chr5","35062759","35063071","chr12","21276435","21276745","44","13786324"
"chr5","35203008","35203318","chr4","40268642","40268943","36","5065634"
"chr5","35219335","35219633","chr19","9224338","9224633","35","25994997"
"chr5","35223044","35223327","chr2A","48540646","48540927","39","13317602"
"chr5","35347732","35348037","chr20","30120028","30120336","34","5227704"
"chr5","35356926","35357209","chr21","11762542","11762828","43","23594384"
"chr5","35367409","35367719","chr11","61622111","61622424","46","26254702"
"chr5","35408932","35409232","chr1","204184641","204184943","35","168775709"
"chr5","35426100","35426391","chr14","78328143","78328435","37","42902043"
"chr5","35456688","35456984","chr6","38060685","38060979","32","2603997"
"chr5","35501068","35501380","chr4","40584800","40585119","31","5083732"
"chr5","35542628","35542933","chr3","135591702","135592003","30","100049074"
"chr5","35607762","35608058","chr4","171953878","171954174","30","136346116"
"chr5","35633486","35633755","chr2A","68597764","68598032","47","32964278"
"chr5","35676869","35677164","chr6","155659159","155659460","40","119982290"
"chr5","35706479","35706786","chr10","136766798","136767102","33","101060319"
"chr5","35978385","35978686","chr9","13234462","13234763","37","22743923"
"chr5","35979785","35980095","chr17","38608208","38608518","35","2628423"
"chr5","36218920","36219214","chr4","41331120","41331419","26","5112200"
"chr5","36385492","36385714","chr6","161107944","161108165","30","124722452"
"chr5","36422700","36422988","chr4","41554208","41554504","25","5131508"
"chr5","36455955","36456258","chr15","42141648","42141949","36","5685693"
"chr5","36459975","36460285","chr4","41590902","41591213","34","5130927"
"chr5","36490886","36491177","chr10","86865957","86866245","56","50375071"
"chr5","36630922","36631229","chr3","187177539","187177847","41","150546617"
"chr5","36762030","36762326","chr13","33361251","33361548","33","3400779"
"chr5","36905462","36905772","chr4","42035307","42035613","31","5129845"
"chr5","36971865","36971917","chr5","121370089","121370142","7","84398224"
"chr5","36971922","36972111","chr8","21604086","21604281","46","15367836"
"chr5","37004838","37005132","chr4","42115858","42116157","31","5111020"
"chr5","37091068","37091249","chr6","141107307","141107479","34","104016239"
"chr5","37101753","37102066","chr3","75485585","75485895","38","38383832"
"chr5","37192690","37193002","chr2A","21134848","21135157","34","16057842"
"chr5","37531741","37532041","chrX","15138629","15138928","40","22393112"
"chr5","37877353","37877658","chr4","198798700","198799005","40","160921347"
"chr5","38130575","38130875","chr12","75479920","75480227","44","37349345"
"chr5","39733570","39733832","chr12","131788345","131788608","52","92054775"
"chr5","40342882","40343190","chr11","95549087","95549398","48","55206205"
"chr5","40371917","40372210","chr4","45312344","45312638","42","4940427"
"chr5","41116043","41116307","chr4","46042590","46042858","45","4926547"
"chr5","41283489","41283796","chr4","46206421","46206722","36","4922932"
"chr5","41925181","41925496","chr4","106451241","106451549","43","64526060"
"chr5","42042124","42042437","chr15","37451080","37451392","41","4591044"
"chr5","42355128","42355433","chr2B","95425788","95426089","33","53070660"
"chr5","42597073","42597382","chr4","47480435","47480737","33","4883362"
"chr5","42762143","42762426","chr12","79066133","79066418","36","36303990"
"chr5","43033584","43033897","chr1","41002277","41002587","57","2031307"
"chr5","43050451","43050728","chr5","141817542","141817822","42","98767091"
"chr5","43086369","43086680","chr18","59918384","59918694","39","16832015"
"chr5","43324505","43324688","chr14","38934062","38934237","56","4390443"
"chr5","43347554","43347860","chr1","221106987","221107290","40","177759433"
"chr5","43722228","43722537","chr5","10052630","10052935","43","33669598"
"chr5","43971535","43971843","chr15","52874335","52874637","42","8902800"
"chr5","43995282","43995560","chr5","3723026","3723304","51","40272256"
"chr5","44007649","44007962","chr4","48878213","48878515","43","4870564"
"chr5","44323727","44324037","chr13","1712358","1712664","43","42611369"
"chr5","44515419","44515737","chr12","124952906","124953219","40","80437487"
"chr5","44614405","44614715","chr4","95417818","95418124","42","50803413"
"chr5","45084957","45085255","chr1","27021093","27021389","40","18063864"
"chr5","45191920","45192234","chr12","8706461","8706771","44","36485459"
"chr5","45371533","45371758","chr4","75262680","75262905","39","29891147"
"chr5","45890386","45890680","chr19","36698980","36699277","50","9191406"
"chr5","46033070","46033247","chr4","39774934","39775110","24","6258136"
"chr5","46081276","46081587","chr7","127657301","127657615","44","81576025"
"chr5","46491159","46491470","chr5","5443476","5443764","60","41047683"
"chr5","46518566","46518878","chr4","93428910","93429235","31","46910344"
"chr5","46655560","46655830","chr2B","44368641","44368918","34","2286919"
"chr5","46919712","46919999","chr19","33970963","33971252","38","12948749"
"chr5","47298990","47299266","chr19","29323705","29323979","44","17975285"
"chr5","48975445","48975755","chr20","35582405","35582711","38","13393040"
"chr5","49356645","49356954","chr9","60197511","60197800","64","10840866"
"chr5","50100059","50100362","chr17","8465111","8465410","40","41634948"
"chr5","50103908","50104200","chr4","197519800","197520092","37","147415892"
"chr5","50284811","50285097","chr4","89608635","89608940","47","39323824"
"chr5","50309471","50309760","chr9","94919935","94920225","40","44610464"
"chr5","50895254","50895580","chr4","88970119","88970444","33","38074865"
"chr5","51011204","51011506","chr8","22325883","22326185","43","28685321"
"chr5","51020033","51020345","chr14","77304145","77304459","46","26284112"
"chr5","51686914","51687149","chr10","102076588","102076842","62","50389674"
"chr5","51837752","51838064","chr2A","79839508","79839818","44","28001756"
"chr5","52373318","52373631","chr5","25211209","25211524","35","27162109"
"chr5","52391602","52391905","chr4","87439409","87439700","27","35047807"
"chr5","52409064","52409376","chr1","141361647","141361958","37","88952583"
"chr5","52447843","52448135","chr4","87383351","87383643","16","34935508"
"chr5","52450937","52451233","chr4","87380255","87380556","24","34929318"
"chr5","52569245","52569556","chr12","36868344","36868657","40","15700901"
"chr5","52676919","52677199","chr4","87152666","87152950","28","34475747"
"chr5","52883785","52884097","chr16","3477043","3477352","48","49406742"
"chr5","52906051","52906352","chr4","86932411","86932715","28","34026360"
"chr5","53037519","53037818","chr13","48509559","48509859","48","4527960"
"chr5","53041389","53041676","chr2A","58195821","58196109","36","5154432"
"chr5","53041821","53042085","chr17","6033058","6033324","33","47008763"
"chr5","53080720","53081019","chr5","36374695","36374994","34","16706025"
"chr5","53082661","53082961","chr14","57207102","57207397","67","4124441"
"chr5","53085559","53085619","chr6","166706134","166706195","7","113620575"
"chr5","53199239","53199539","chr4","86641694","86641986","24","33442455"
"chr5","53246164","53246452","chr4","86595597","86595887","27","33349433"
"chr5","53255082","53255365","chr10","123604792","123605073","47","70349710"
"chr5","53270867","53271170","chr1","35990880","35991182","35","17279987"
"chr5","53323135","53323434","chr2A","31692393","31692699","40","21630742"
"chr5","53331464","53331755","chr9","87736194","87736488","35","34404730"
"chr5","53355870","53356180","chr5","45856163","45856467","37","7499707"
"chr5","53411871","53412161","chr19","14090789","14091080","38","39321082"
"chr5","53868790","53869098","chr10","136766798","136767102","43","82898008"
"chr5","54256686","54256988","chr4","85574878","85575187","39","31318192"
"chr5","54423213","54423524","chr4","85363188","85363498","33","30939975"
"chr5","55306300","55306611","chr20","39696632","39696939","47","15609668"
"chr5","55900735","55901048","chr9","32689013","32689326","38","23211722"
"chr5","56015446","56015759","chr13","11345127","11345439","36","44670319"
"chr5","56253707","56254008","chr6","129529712","129530008","53","73276005"
"chr5","56263369","56263668","chr10","108847651","108847954","40","52584282"
"chr5","56575504","56575805","chr11","17305005","17305310","34","39270499"
"chr5","56646655","56646968","chr1","157261144","157261453","42","100614489"
"chr5","57845233","57845544","chr20","39696632","39696939","35","18148601"
"chr5","57994050","57994350","chr11","14213433","14213733","39","43780617"
"chr5","58122077","58122373","chr1","191149848","191150155","51","133027771"
"chr5","58198312","58198625","chr7","134871506","134871819","42","76673194"
"chr5","58207846","58208145","chr4","81523234","81523528","34","23315388"
"chr5","58216351","58216514","chr4","81515226","81515394","18","23298875"
"chr5","58245585","58245895","chr1","205194362","205194670","42","146948777"
"chr5","58315907","58316205","chr15","11881018","11881326","43","46434889"
"chr5","59015015","59015262","chr4","80678750","80678995","24","21663735"
"chr5","59125649","59125956","chr9","74575275","74575588","44","15449626"
"chr5","59201130","59201440","chr19","57118880","57119186","40","2082250"
"chr5","59343179","59343461","chr1","130106457","130106756","63","70763278"
"chr5","59445192","59445487","chr7","2226237","2226538","54","57218955"
"chr5","60098993","60099295","chr17","81504650","81504947","39","21405657"
"chr5","60228475","60228790","chr4","198977209","198977521","41","138748734"
"chr5","60438515","60438811","chr2A","59985648","59985942","31","452867"
"chr5","60773240","60773541","chr3","72521710","72522011","39","11748470"
"chr5","60980767","60981079","chrX","51034227","51034538","41","9946540"
"chr5","61578243","61578591","chr9","45445324","45445662","79","16132919"
"chr5","61706021","61706328","chr4","61914433","61914732","34","208412"
"chr5","61717672","61717982","chr4","61926061","61926373","31","208389"
"chr5","63763891","63764202","chr22","32422358","32422671","46","31341533"
"chr5","63835448","63835775","chr7","119727966","119728286","69","55892518"
"chr5","63902934","63903246","chr2B","72409719","72410029","45","8506785"
"chr5","63965586","63965900","chr17","38608208","38608518","47","25357378"
"chr5","64143951","64144256","chr12","52850616","52850925","42","11293335"
"chr5","64327539","64327852","chr2A","31692393","31692699","53","32635146"
"chr5","64624933","64625229","chr9","32689013","32689326","64","31935920"
"chr5","64661179","64661467","chr1","98731229","98731523","41","34070050"
"chr5","65653128","65653439","chr1","100887646","100887952","42","35234518"
"chr5","66345912","66346220","chr1","132554974","132555276","36","66209062"
"chr5","66457320","66457634","chr6","32370047","32370357","42","34087273"
"chr5","67313178","67313487","chr3","188140014","188140321","39","120826836"
"chr5","67421632","67421943","chr17","38608208","38608518","42","28813424"
"chr5","68375072","68375384","chr15","69276871","69277183","46","901799"
"chr5","68702975","68703263","chr15","42750681","42750978","54","25952294"
"chr5","68985591","68985746","chr19","14148444","14148599","25","54837147"
"chr5","69239257","69239519","chr12","131788345","131788608","43","62549088"
"chr5","69809477","69809779","chrX","15138629","15138928","41","54670848"
"chr5","69898195","69898498","chr9","108229509","108229814","46","38331314"
"chr5","70096275","70096584","chr3","49274363","49274680","43","20821912"
"chr5","70346442","70346739","chr4","70591380","70591682","33","244938"
"chr5","70448739","70448827","chr19","18038341","18038412","28","52410398"
"chr5","71444400","71444698","chr4","71682514","71682811","37","238114"
"chr5","71523081","71523360","chr2A","1587097","1587372","44","69935984"
"chr5","71523971","71524265","chr12","59907829","59908121","37","11616142"
"chr5","71566480","71566767","chr4","71807798","71808085","26","241318"
"chr5","71575457","71575770","chr15","69276871","69277183","37","2298586"
"chr5","71598895","71599201","chr3","12041820","12042133","38","59557075"
"chr5","71658929","71659226","chr3","100561340","100561640","45","28902411"
"chr5","71702888","71703173","chr5","160987933","160988228","44","89285045"
"chr5","71707462","71707749","chr4","71960838","71961125","31","253376"
"chr5","71711025","71711324","chr20","36320473","36320769","34","35390552"
"chr5","71715259","71715558","chr1","185054973","185055268","36","113339714"
"chr5","71719436","71719750","chr5","162326402","162326716","42","90606966"
"chr5","71724217","71724519","chr22","20623630","20623939","39","51100587"
"chr5","71946210","71946484","chrX","41874549","41874831","46","30071661"
"chr5","72163246","72163559","chr5","36374695","36374994","45","35788551"
"chr5","72327080","72327402","chr3","197346369","197346679","55","125019289"
"chr5","72466430","72466645","chr4","72730749","72730971","31","264319"
"chr5","72466926","72467227","chr20","35582405","35582711","44","36884521"
"chr5","72556781","72557090","chr4","198798700","198799005","29","126241919"
"chr5","72975524","72975840","chr12","3105971","3106266","50","69869553"
"chr5","73024280","73024563","chr8","126553995","126554284","37","53529715"
"chr5","73107239","73107541","chr11","107106280","107106579","28","33999041"
"chr5","73154585","73154894","chr17","38608208","38608518","48","34546377"
"chr5","73204459","73204716","chr8","98564414","98564653","73","25359955"
"chr5","73221320","73221625","chr15","19304840","19305139","43","53916480"
"chr5","73934412","73934705","chr5","95992960","95993259","57","22058548"
"chr5","74366122","74366441","chr18","43171207","43171494","63","31194915"
"chr5","74500978","74501280","chr7","72899498","72899802","43","1601480"
"chr5","74585124","74585423","chr1","30193802","30194114","50","44391322"
"chr5","75016371","75016584","chr4","75262680","75262905","31","246309"
"chr5","75291971","75292283","chr2B","72409719","72410029","40","2882252"
"chr5","75788827","75789138","chr11","130667342","130667650","49","54878515"
"chr5","75895917","75896195","chr3","119846659","119846944","42","43950742"
"chr5","76026984","76027292","chr7","45520039","45520349","41","30506945"
"chr5","76989371","76989681","chr4","198295008","198295316","35","121305637"
"chr5","77018965","77019249","chr10","111057945","111058242","54","34038980"
"chr5","77214052","77214347","chr4","96760748","96761048","28","19546696"
"chr5","77425803","77426059","chr22","9341333","9341593","43","68084470"
"chr5","78216841","78217154","chr15","67619999","67620309","31","10596842"
"chr5","78303462","78303761","chr2A","59985648","59985942","34","18317814"
"chr5","78473588","78473900","chr14","20972619","20972931","34","57500969"
"chr5","78496933","78497223","chr5","127775845","127776134","40","49278912"
"chr5","78562754","78563065","chr1","206392101","206392374","78","127829347"
"chr5","78583156","78583463","chr1","205588876","205589188","40","127005720"
"chr5","78702094","78702397","chr4","98284480","98284781","36","19582386"
"chr5","78831997","78832299","chr4","98423481","98423785","26","19591484"
"chr5","78987616","78987816","chr4","98575828","98576023","21","19588212"
"chr5","79226472","79226598","chr4","137169275","137169399","20","57942803"
"chr5","79538216","79538514","chr4","99159137","99159409","36","19620921"
"chr5","79692711","79693017","chr4","99314811","99315110","29","19622100"
"chr5","79705996","79706288","chr4","99327869","99328160","26","19621873"
"chr5","80109866","80110178","chr12","21276435","21276745","36","58833431"
"chr5","80194115","80194408","chr4","99853761","99854063","31","19659646"
"chr5","80608869","80609177","chr9","32689013","32689326","33","47919856"
"chr5","81211670","81211982","chrX","51034227","51034538","34","30177443"
"chr5","81279055","81279357","chr4","100942383","100942680","44","19663328"
"chr5","81589708","81590013","chr4","101257171","101257475","25","19667463"
"chr5","82060451","82060745","chr3","197719809","197720102","44","115659358"
"chr5","82115640","82115955","chr5","46820864","46821176","42","35294776"
"chr5","83065652","83065936","chrX","108626661","108626941","42","25561009"
"chr5","83464152","83464443","chr12","55469357","55469649","37","27994795"
"chr5","83738091","83738374","chr4","103481333","103481615","33","19743242"
"chr5","84371748","84371974","chr4","104114244","104114472","30","19742496"
"chr5","84387940","84388258","chr1","22955832","22956145","44","61432108"
"chr5","86115136","86115434","chr9","67126783","67127082","38","18988353"
"chr5","86140398","86140706","chr15","67619999","67620309","30","18520399"
"chr5","86146300","86146594","chr4","105905827","105906122","23","19759527"
"chr5","86153338","86153640","chr1","191149848","191150155","50","104996510"
"chr5","86272941","86273252","chr14","41477223","41477536","39","44795718"
"chr5","86314743","86314917","chr4","178384807","178384998","51","92070064"
"chr5","86314921","86314979","chr5","82258171","82258233","13","4056750"
"chr5","86681819","86682128","chr4","106451241","106451549","30","19769422"
"chr5","88006074","88006383","chr1","100887646","100887952","38","12881572"
"chr5","88606566","88606871","chr2B","111036318","111036618","61","22429752"
"chr5","88730053","88730360","chr4","173568856","173569161","41","84838803"
"chr5","89583565","89583888","chr7","5261405","5261726","49","84322160"
"chr5","89814180","89814479","chr14","80281239","80281540","39","9532941"
"chr5","89870116","89870417","chr10","108870200","108870501","34","19000084"
"chr5","90009158","90009460","chr5","36374695","36374994","38","53634463"
"chr5","90081710","90082028","chr3","139813388","139813699","42","49731678"
"chr5","90230018","90230325","chr16","47417457","47417765","37","42812561"
"chr5","90384739","90385020","chr4","110348519","110348808","28","19963780"
"chr5","90412313","90412631","chr3","2931636","2931947","37","87480677"
"chr5","90549598","90549893","chr4","110506402","110506697","25","19956804"
"chr5","91129766","91129915","chrX","97427844","97427985","37","6298078"
"chr5","91309329","91309640","chrX","97594986","97595289","45","6285657"
"chr5","91352400","91352702","chr4","111298178","111298478","19","19945778"
"chr5","91466214","91466508","chr4","111416411","111416706","43","19950197"
"chr5","92595429","92595717","chr1","28199976","28200262","56","64395453"
"chr5","93383115","93383405","chr4","113397886","113398184","30","20014771"
"chr5","94218730","94219019","chr10","89990179","89990466","48","4228551"
"chr5","94299619","94299932","chr4","199024335","199024640","40","104724716"
"chr5","94474687","94474987","chr17","75959241","75959533","42","18515446"
"chr5","95136488","95136795","chr4","115188540","115188850","30","20052052"
"chr5","95202418","95202698","chr3","144880561","144880847","39","49678143"
"chr5","96218811","96219115","chr4","116388198","116388503","31","20169387"
"chr5","96316396","96316727","chr11","48321214","48321541","49","47995182"
"chr5","96340963","96341238","chr5","94553764","94554039","42","1787199"
"chr5","96529737","96530018","chr20","46319749","46320037","39","50209988"
"chr5","97661071","97661391","chr4","117903309","117903620","33","20242238"
"chr5","98140418","98140713","chr4","118406059","118406361","34","20265641"
"chr5","98400849","98401147","chr8","142803773","142804071","43","44402924"
"chr5","98681884","98682199","chr16","60195014","60195326","43","38486870"
"chr5","98775773","98776087","chr17","9234226","9234536","44","89541547"
"chr5","99478555","99478864","chr4","119771468","119771772","23","20292913"
"chr5","99811765","99812068","chr5","22049247","22049559","49","77762518"
"chr5","99828524","99828834","chr4","106451241","106451549","34","6622717"
"chr5","99893065","99893292","chr8","41427833","41428060","41","58465232"
"chr5","99923891","99924203","chr1","191149848","191150155","40","91225957"
"chr5","99924288","99924459","chrX","68153775","68153948","31","31770513"
"chr5","99954847","99955163","chr4","139819047","139819355","48","39864200"
"chr5","100667427","100667724","chr3","177046486","177046780","33","76379059"
"chr5","100839881","100840182","chr4","121173062","121173363","17","20333181"
"chr5","100894956","100895256","chr2A","59960892","59961189","30","40934064"
"chr5","101194411","101194723","chr4","121532068","121532372","31","20337657"
"chr5","101314942","101315263","chr2A","59924393","59924701","49","41390549"
"chr5","101324341","101324645","chr13","39054279","39054591","45","62270062"
"chr5","101334553","101334861","chr5","45856163","45856467","39","55478390"
"chr5","101581901","101582203","chr4","121965734","121966037","23","20383833"
"chr5","101594795","101595111","chr20","35582405","35582711","41","66012390"
"chr5","101675278","101675592","chr18","59918384","59918694","34","41756894"
"chr5","101680055","101680359","chr4","122050521","122050834","32","20370466"
"chr5","101797194","101797502","chr10","136766798","136767102","41","34969604"
"chr5","102017288","102017612","chr13","73739367","73739690","60","28277921"
"chr5","102221722","102222015","chr5","5487375","5487672","38","96734347"
"chr5","102590830","102591105","chr19","11306934","11307209","43","91283896"
"chr5","102753511","102753817","chr4","123129282","123129608","42","20375771"
"chr5","103192827","103193133","chr4","123594706","123595017","33","20401879"
"chr5","103380733","103381023","chr4","123788167","123788450","36","20407434"
"chr5","103384158","103384464","chr1","1695262","1695570","35","101688896"
"chr5","103577894","103578202","chr4","124010293","124010603","49","20432399"
"chr5","103636796","103637095","chr16","59141251","59141549","40","44495545"
"chr5","103702826","103703112","chr2A","59985648","59985942","38","43717178"
"chr5","103724160","103724459","chr4","124172231","124172522","33","20448071"
"chr5","103792283","103792564","chrX","97111067","97111349","34","6681216"
"chr5","103819809","103820103","chr22","27755403","27755700","37","76064406"
"chr5","103825305","103825577","chr16","15232771","15233053","42","88592534"
"chr5","103852535","103852831","chr17","9644327","9644622","26","94208208"
"chr5","103853723","103854019","chr17","9644327","9644622","26","94209396"
"chr5","103964801","103965102","chr10","136766798","136767102","33","32801997"
"chr5","104022910","104023223","chr5","22049247","22049559","32","81973663"
"chr5","104082252","104082543","chr3","126817334","126817631","41","22735082"
"chr5","104253066","104253360","chr4","124680790","124681090","34","20427724"
"chr5","104276080","104276371","chr4","124704510","124704804","27","20428430"
"chr5","104551455","104551736","chr19","54938785","54939079","42","49612670"
"chr5","104575500","104575812","chr20","35582405","35582711","34","68993095"
"chr5","104987996","104988304","chr5","36664566","36664877","41","68323430"
"chr5","105146328","105146648","chr17","24583359","24583669","38","80562969"
"chr5","105294010","105294300","chr10","118947097","118947389","48","13653087"
"chr5","106210540","106210747","chr7","140066600","140066786","47","33856060"
"chr5","106543419","106543729","chr1","205504083","205504391","54","98960664"
"chr5","106614982","106615293","chr2A","79839508","79839818","37","26775474"
"chr5","107036276","107036586","chr10","92135337","92135628","61","14900939"
"chr5","107889809","107890104","chr13","34006475","34006766","41","73883334"
"chr5","108005984","108006287","chr3","55843499","55843803","47","52162485"
"chr5","108752173","108752478","chr1","11464495","11464802","47","97287678"
"chr5","108848949","108849215","chr4","129490050","129490305","36","20641101"
"chr5","108855675","108855988","chr7","127657301","127657615","40","18801626"
"chr5","109348242","109348549","chr17","9558423","9558728","40","99789819"
"chr5","109349374","109349590","chr2A","98400246","98400478","44","10949128"
"chr5","109470041","109470346","chr1","35990880","35991182","33","73479161"
"chr5","109515691","109516030","chr7","138233694","138234023","61","28718003"
"chr5","109771440","109771733","chr5","40527212","40527505","35","69244228"
"chr5","109907208","109907512","chr10","108870200","108870501","32","1037008"
"chr5","110192279","110192588","chr10","37934087","37934398","56","72258192"
"chr5","110506573","110506870","chr19","52418058","52418354","56","58088515"
"chr5","111982572","111982876","chr1","26251787","26252092","43","85730785"
"chr5","112018958","112019271","chr20","35582405","35582711","37","76436553"
"chr5","112256245","112256549","chr13","8634043","8634347","42","103622202"
"chr5","112861201","112861509","chr2B","44213774","44214081","30","68647427"
"chr5","113107941","113108243","chrX","43601029","43601333","47","69506912"
"chr5","113760783","113760891","chr5","122001202","122001308","17","8240419"
"chr5","113928043","113928356","chr12","121772862","121773176","40","7844819"
"chr5","114096316","114096629","chr9","74575275","74575588","41","39521041"
"chr5","114147237","114147546","chr2A","83657439","83657747","36","30489798"
"chr5","114872212","114872528","chr1","220444183","220444498","43","105571971"
"chr5","114989559","114989867","chr20","55450421","55450733","43","59539138"
"chr5","115121995","115122298","chr4","136474198","136474504","38","21352203"
"chr5","115792481","115792782","chr9","70252230","70252529","35","45540251"
"chr5","116060782","116061079","chr4","40078992","40079285","37","75981790"
"chr5","116076443","116076733","chr4","137452629","137452920","24","21376186"
"chr5","116820484","116820731","chr15","11782703","11782955","44","105037781"
"chr5","117095546","117095844","chr4","138472993","138473286","31","21377447"
"chr5","117274651","117274949","chr1","45157923","45158217","41","72116728"
"chr5","117321895","117322175","chr7","15207724","15208002","53","102114171"
"chr5","117353904","117354214","chr4","138738605","138738915","21","21384701"
"chr5","117588952","117589238","chr16","58505222","58505497","48","59083730"
"chr5","118034892","118035201","chr20","35582405","35582711","46","82452487"
"chr5","118431698","118432006","chr4","139819047","139819355","23","21387349"
"chr5","118574372","118574700","chr12","21276435","21276745","54","97297937"
"chr5","118690592","118690891","chrUn_CABD030131550v1","8094","8384","39","118682498"
"chr5","118705311","118705608","chr3","126817334","126817631","35","8112023"
"chr5","118781137","118781441","chr10","140604064","140604370","33","21822927"
"chr5","118805395","118805695","chr4","140257513","140257806","30","21452118"
"chr5","118881771","118882065","chr14","60355782","60356072","38","58525989"
"chr5","118912844","118913154","chr6","35622489","35622796","40","83290355"
"chr5","118939256","118939560","chr2A","10348885","10349185","35","108590371"
"chr5","118973489","118973762","chr11","16809162","16809435","56","102164327"
"chr5","119043730","119043822","chr4","140514921","140515016","8","21471191"
"chr5","119213782","119214052","chr17","40536548","40536823","37","78677234"
"chr5","119294208","119294485","chr4","177908057","177908348","47","58613849"
"chr5","119313793","119314104","chr20","30120028","30120336","35","89193765"
"chr5","119314847","119315136","chr3","161372248","161372536","35","42057401"
"chr5","119335729","119336034","chr2A","96359781","96360091","36","22975948"
"chr5","119366913","119367239","chr4","140872805","140873136","43","21505892"
"chr5","119471183","119471448","chr1","110347782","110348058","41","9123401"
"chr5","119683856","119684172","chr11","72786177","72786489","44","46897679"
"chr5","120271984","120272294","chr19","4665670","4665978","43","115606314"
"chr5","120440771","120441016","chr10","43187932","43188189","38","77252839"
"chr5","120565289","120565593","chr10","136766798","136767102","42","16201509"
"chr5","121437695","121437980","chr6","48852583","48852874","40","72585112"
"chr5","121590070","121590371","chr10","136766798","136767102","32","15176728"
"chr5","121885984","121886286","chr1","40966383","40966697","55","80919601"
"chr5","122228167","122228473","chr9","1383884","1384197","42","120844283"
"chr5","122247576","122247888","chr9","87523162","87523472","45","34724414"
"chr5","122320959","122321271","chr1","100887646","100887952","47","21433313"
"chr5","122753862","122754164","chr5","164254660","164254957","50","41500798"
"chr5","123052765","123053068","chr1","193763062","193763356","60","70710297"
"chr5","123080919","123081219","chr1","144529989","144530282","38","21449070"
"chr5","123253777","123254061","chr12","10036466","10036750","58","113217311"
"chr5","124546914","124547168","chr7","67081453","67081694","55","57465461"
"chr5","124847445","124847756","chr4","146598068","146598381","28","21750623"
"chr5","124986374","124986661","chr4","146757078","146757367","29","21770704"
"chr5","125614867","125615163","chrX","15138629","15138928","51","110476238"
"chr5","125978759","125979074","chr14","23916952","23917265","46","102061807"
"chr5","126322822","126323134","chr4","148174084","148174397","27","21851262"
"chr5","126389127","126389441","chr7","127657301","127657615","43","1268174"
"chr5","126446288","126446574","chr6","85524282","85524576","43","40922006"
"chr5","126762976","126763277","chr1","132554974","132555276","57","5791998"
"chr5","127399258","127399533","chr20","58367555","58367825","90","69031703"
"chr5","127783573","127783862","chr17","9558423","9558728","57","118225150"
"chr5","128193244","128193547","chr4","37953476","37953776","32","90239768"
"chr5","128544952","128545254","chr8","9573209","9573516","37","118971743"
"chr5","128659879","128660152","chr6","68552195","68552464","53","60107684"
"chr5","129164985","129165272","chr9","94919935","94920225","33","34245050"
"chr5","129240973","129241258","chr4","151060745","151061057","44","21819772"
"chr5","129341803","129342100","chr17","23111654","23111949","39","106230149"
"chr5","129683221","129683429","chr7","158117766","158117973","34","28434545"
"chr5","129698998","129699309","chr17","7818044","7818344","53","121880954"
"chr5","129747080","129747379","chr4","151563392","151563694","22","21816312"
"chr5","129930190","129930497","chr4","151748421","151748728","22","21818231"
"chr5","129991805","129992101","chr5","160987933","160988228","45","30996128"
"chr5","130143011","130143315","chr9","59842059","59842366","36","70300952"
"chr5","130234352","130234661","chr12","106449422","106449729","52","23784930"
"chr5","130301295","130301592","chr1","148901768","148902056","47","18600473"
"chr5","130311877","130312173","chr4","152130092","152130388","37","21818215"
"chr5","130359692","130359991","chr12","117240987","117241284","28","13118705"
"chr5","130374769","130375077","chr17","38608208","38608518","43","91766561"
"chr5","130859061","130859356","chr10","131587188","131587479","37","728127"
"chr5","130966970","130967183","chr2B","96002893","96003128","52","34964077"
"chr5","130983434","130983725","chr9","81354291","81354584","40","49629143"
"chr5","131046642","131046764","chr16","30587768","30587893","30","100458874"
"chr5","131047246","131047365","chr4","152844889","152845008","5","21797643"
"chr5","131391847","131392160","chr3","2931636","2931947","34","128460211"
"chr5","131898962","131899237","chr4","153707758","153708042","47","21808796"
"chr5","131971144","131971444","chr12","117240987","117241284","46","14730157"
"chr5","133207149","133207439","chr2B","117749801","117750092","38","15457348"
"chr5","133394631","133394848","chr6","161107944","161108165","34","27713313"
"chr5","133589259","133589554","chr1","38186753","38187049","37","95402506"
"chr5","133644829","133645140","chr19","52547637","52547945","38","81097192"
"chr5","133794401","133794703","chr10","136766798","136767102","36","2972397"
"chr5","133806981","133807293","chr4","155657331","155657621","40","21850350"
"chr5","134234500","134234807","chr7","29021792","29022096","38","105212708"
"chr5","134430361","134430661","chr5","45856163","45856467","36","88574198"
"chr5","134762521","134762831","chr8","41556935","41557248","40","93205586"
"chr5","134890417","134890694","chr9","114512348","114512618","48","20378069"
"chr5","135241535","135241844","chr3","12041820","12042133","38","123199715"
"chr5","135286663","135286971","chr2B","72409719","72410029","34","62876944"
"chr5","135315239","135315544","chr8","101229728","101230031","39","34085511"
"chr5","135787696","135788000","chr8","44743772","44744075","35","91043924"
"chr5","135862222","135862516","chr7","154438682","154438977","29","18576460"
"chr5","135977923","135978007","chr5","6648105","6648193","14","129329818"
"chr5","136305735","136306047","chr12","119262768","119263080","42","17042967"
"chr5","136553010","136553319","chr6","35622489","35622796","47","100930521"
"chr5","136845860","136846145","chr4","159145515","159145804","31","22299655"
"chr5","136861910","136862228","chr1","69034819","69035142","51","67827091"
"chr5","137155644","137155946","chr4","159444671","159444977","31","22289027"
"chr5","137458258","137458564","chr4","159757383","159757689","22","22299125"
"chr5","137599076","137599387","chr3","40085381","40085690","41","97513695"
"chr5","137679719","137680032","chr4","160006130","160006435","36","22326411"
"chr5","137711753","137712064","chr5","135389387","135389695","41","2322366"
"chr5","137725828","137726120","chr7","43831522","43831808","55","93894306"
"chr5","137738007","137738304","chr10","136766798","136767102","39","971209"
"chr5","137761754","137762059","chr20","49546213","49546511","40","88215541"
"chr5","137767555","137767855","chr6","53158380","53158685","35","84609175"
"chr5","137768166","137768459","chr4","160087993","160088281","28","22319827"
"chr5","137840340","137840658","chr4","198798700","198799005","65","60958360"
"chr5","137904898","137905208","chr9","74575275","74575588","38","63329623"
"chr5","137965049","137965281","chr2A","98400246","98400478","42","39564803"
"chr5","138061977","138062267","chr5","33727432","33727720","32","104334545"
"chr5","138108711","138109025","chr4","160455470","160455782","35","22346759"
"chr5","138152565","138152711","chr3","113816856","113817003","17","24335709"
"chr5","139012037","139012352","chr14","77304145","77304459","40","61707892"
"chr5","139728064","139728365","chr1","13582785","13583095","44","126145279"
"chr5","139921907","139922189","chr1","6099213","6099485","40","133822694"
"chr5","139955949","139956221","chr2B","129924252","129924543","61","10031697"
"chr5","140037679","140037991","chr4","162422543","162422845","37","22384864"
"chr5","140203882","140204022","chr7","113774600","113774736","28","26429282"
"chr5","140562733","140563034","chr5","152478996","152479296","34","11916263"
"chr5","140967714","140968025","chr5","162326402","162326716","38","21358688"
"chr5","140986736","140987032","chr4","163404588","163404882","31","22417852"
"chr5","141034297","141034602","chr6","153426958","153427261","45","12392661"
"chr5","141114519","141114830","chr20","35582405","35582711","38","105532114"
"chr5","141234128","141234301","chr9","62558738","62558911","31","78675390"
"chr5","141240256","141240551","chr4","163695679","163695974","17","22455423"
"chr5","141272640","141272938","chr12","133224479","133224772","42","8048161"
"chr5","141423329","141423638","chr4","163864428","163864728","36","22441099"
"chr5","141432890","141433169","chr2B","44368641","44368918","41","97064249"
"chr5","141468841","141469142","chr14","32972455","32972755","37","108496386"
"chr5","141496514","141496788","chr12","29701082","29701357","43","111795432"
"chr5","141739705","141740018","chr12","4738369","4738686","46","137001336"
"chr5","141841538","141841818","chr4","164721992","164722280","29","22880454"
"chr5","142535730","142536027","chr5","160987933","160988228","33","18452203"
"chr5","142597084","142597388","chr19","17491703","17492009","31","125105381"
"chr5","142703526","142703828","chr4","165661257","165661549","35","22957731"
"chr5","142848894","142849182","chr4","165809219","165809511","28","22960325"
"chr5","142927748","142928044","chr14","76552019","76552312","42","66375729"
"chr5","142938390","142938705","chr14","77304145","77304459","38","65634245"
"chr5","143085700","143085996","chr17","8465111","8465410","30","134620589"
"chr5","143331066","143331360","chr13","48509559","48509859","53","94821507"
"chr5","143367081","143367392","chr7","72899498","72899802","36","70467583"
"chr5","143744317","143744625","chr4","166750616","166750916","33","23006299"
"chr5","143749648","143749947","chr1","191149848","191150155","41","47400200"
"chr5","143750318","143750372","chr1","181768584","181768636","7","38018266"
"chr5","145026170","145026482","chr6","99040644","99040953","39","45985526"
"chr5","145034950","145035261","chr1","191149848","191150155","44","46114898"
"chr5","145363337","145363647","chr4","168411798","168412109","26","23048461"
"chr5","146002138","146002439","chr4","96760748","96761048","47","49241390"
"chr5","146049371","146049664","chr5","127310135","127310417","66","18739236"
"chr5","146319080","146319391","chrX","140792407","140792712","39","5526673"
"chr5","146327237","146327525","chr4","169367499","169367797","39","23040262"
"chr5","146696946","146697246","chr1","10106309","10106608","48","136590637"
"chr5","146988100","146988410","chr7","127657301","127657615","42","19330799"
"chr5","146994005","146994317","chr1","132554974","132555276","46","14439031"
"chr5","147574742","147575064","chr14","23916952","23917265","46","123657790"
"chr5","147680680","147680992","chr1","31656307","31656617","38","116024373"
"chr5","147738938","147739264","chr8","145073116","145073433","49","2665822"
"chr5","148042088","148042389","chr4","171112610","171112905","30","23070522"
"chr5","148132712","148132999","chr7","15207724","15208002","40","132924988"
"chr5","148331780","148332078","chr5","5487375","5487672","35","142844405"
"chr5","148418889","148419176","chr2B","63658605","63658897","38","84760284"
"chr5","148505922","148506210","chr6","39058088","39058377","31","109447834"
"chr5","148569902","148570208","chr1","21844037","21844341","39","126725865"
"chr5","148574853","148575151","chr5","160987933","160988228","37","12413080"
"chr5","148578061","148578373","chr2A","21134848","21135157","39","127443213"
"chr5","148657065","148657370","chr4","171776933","171777233","34","23119868"
"chr5","148860807","148861118","chr4","171980551","171980872","40","23119744"
"chr5","148940599","148940902","chr10","136766798","136767102","35","12173801"
"chr5","148965016","148965323","chr10","12632029","12632328","54","136332987"
"chr5","149173396","149173686","chr14","76552019","76552312","44","72621377"
"chr5","149271501","149271812","chr17","12349722","12350033","44","136921779"
"chr5","149655140","149655449","chr17","38608208","38608518","37","111046932"
"chr5","149797302","149797602","chr1","28432340","28432644","43","121364962"
"chr5","150345230","150345513","chr12","79066133","79066418","43","71279097"
"chr5","150452068","150452374","chr1","160753833","160754142","53","10301765"
"chr5","150758604","150758881","chr1","23959364","23959650","47","126799240"
"chr5","150823913","150824202","chr9","94919935","94920225","37","55903978"
"chr5","151189041","151189346","chr4","174448640","174448942","29","23259599"
"chr5","151425487","151425805","chr15","78032181","78032486","52","73393306"
"chr5","151490492","151490794","chr10","121813796","121814102","40","29676696"
"chr5","151595133","151595421","chr15","7980381","7980670","42","143614752"
"chr5","152496084","152496285","chr8","68569506","68569711","30","83926578"
"chr5","152519704","152520015","chr6","38512524","38512836","41","114007180"
"chr5","152577651","152577958","chrX","36406749","36407049","40","116170902"
"chr5","152938845","152939149","chr5","34654871","34655164","51","118283974"
"chr5","153608626","153608920","chr1","194446199","194446496","31","40837573"
"chr5","153649910","153650218","chr12","21276435","21276745","48","132373475"
"chr5","153910556","153910873","chr4","177246996","177247296","41","23336440"
"chr5","154223290","154223592","chr4","177555656","177555961","23","23332366"
"chr5","154299315","154299620","chr8","142803773","142804071","43","11495542"
"chr5","154447277","154447579","chr2A","63373637","63373940","34","91073640"
"chr5","154447867","154448033","chr4","81515226","81515394","23","72932641"
"chr5","154478090","154478261","chr14","38934062","38934237","34","115544028"
"chr5","154568699","154568989","chr4","160087993","160088281","46","5519294"
"chr5","154673889","154674178","chr4","177978367","177978656","25","23304478"
"chr5","155012871","155013175","chr4","178313383","178313678","38","23300512"
"chr5","155088510","155088705","chr4","178384807","178384998","18","23296297"
"chr5","155439178","155439493","chrX","74427130","74427438","41","81012048"
"chr5","155708756","155709068","chr4","106451241","106451549","40","49257515"
"chr5","156003875","156004180","chr5","5990714","5991017","52","150013161"
"chr5","157775726","157776018","chr7","44506290","44506583","38","113269436"
"chr5","157787836","157788146","chr15","18246269","18246581","42","139541567"
"chr5","157843718","157844010","chr3","134365024","134365327","38","23478694"
"chr5","157894440","157894744","chr4","181291745","181292054","34","23397305"
"chr5","158056705","158057024","chrX","68749809","68750115","30","89306896"
"chr5","158387357","158387651","chr7","72899498","72899802","38","85487859"
"chr5","158405565","158405867","chr12","118372516","118372815","40","40033049"
"chr5","158418170","158418468","chr7","72899498","72899802","43","85518672"
"chr5","158443997","158444296","chr3","33692080","33692378","35","124751917"
"chr5","158548813","158549123","chr4","181963136","181963437","28","23414323"
"chr5","158588873","158589190","chr1","13582785","13583095","40","145006088"
"chr5","158750813","158751111","chr5","58032088","58032384","31","100718725"
"chr5","158772366","158772663","chr14","34284807","34285111","40","124487559"
"chr5","158848695","158848951","chr12","35696479","35696740","39","123152216"
"chr5","158860962","158861269","chr4","182319020","182319326","23","23458058"
"chr5","158861524","158861836","chr4","182319577","182319890","37","23458053"
"chr5","158901815","158902128","chr2A","10355583","10355893","31","148546232"
"chr5","159114377","159114684","chr17","9809898","9810208","52","149304479"
"chr5","159239317","159239675","chrX","28667291","28667605","88","130572026"
"chr5","159258377","159258678","chr3","124158104","124158407","37","35100273"
"chr5","159364784","159365083","chr4","182844741","182845030","41","23479957"
"chr5","160040538","160040819","chr4","183571796","183572079","30","23531258"
"chr5","160163730","160164010","chrX","15111185","15111467","36","145052545"
"chr5","160171131","160171439","chr4","183690341","183690648","23","23519210"
"chr5","160877319","160877585","chr12","76915481","76915745","51","83961838"
"chr5","160971509","160971804","chr4","184461877","184462174","31","23490368"
"chr5","160987353","160987666","chrX","74427130","74427438","45","86560223"
"chr5","161987914","161988197","chr14","36230486","36230773","35","125757428"
"chr5","162435748","162436059","chr1","100887646","100887952","37","61548102"
"chr5","162448340","162448649","chr9","74575275","74575588","36","87873065"
"chr5","162624558","162624863","chr9","59842059","59842366","40","102782499"
"chr5","162746676","162746955","chr15","44703221","44703496","37","118043455"
"chr5","162989911","162990207","chr11","309868","310167","45","162680043"
"chr5","163410657","163410966","chr14","77304145","77304459","43","86106512"
"chr5","163675436","163675729","chr6","171683863","171684156","34","8008427"
"chr5","164941766","164942041","chr3","130511138","130511419","51","34430628"
"chr5","164986859","164987102","chr16","50754893","50755126","39","114231966"
"chr5","165049062","165049370","chr3","49274363","49274680","45","115774699"
"chr5","165273682","165273984","chr14","23916952","23917265","50","141356730"
"chr5","165436705","165437025","chr3","45442458","45442770","47","119994247"
"chr5","165438341","165438667","chr4","188999155","188999497","50","23560814"
"chr5","165453092","165453390","chr4","189018717","189019020","34","23565625"
"chr5","165562273","165562568","chr4","189128838","189129137","30","23566565"
"chr5","165592043","165592343","chrX","52220872","52221169","46","113371171"
"chr5","165592703","165592861","chr4","189164875","189165035","17","23572172"
"chr5","166358027","166358306","chr9","60197511","60197800","48","106160516"
"chr5","166563530","166563828","chr10","116991290","116991598","51","49572240"
"chr5","166612365","166612404","chr17","4775549","4775592","12","161836816"
"chr5","166612466","166612711","chr22","32182154","32182416","51","134430312"
"chr5","166708251","166708563","chr4","106451241","106451549","46","60257010"
"chr5","166750348","166750648","chr2A","31692393","31692699","37","135057955"
"chr5","166880374","166880667","chr15","51575964","51576258","42","115304410"
"chr5","167186921","167187215","chr1","144529989","144530282","39","22656932"
"chr5","167450824","167451084","chr12","131788345","131788608","47","35662479"
"chr5","167789555","167789839","chr10","89990179","89990466","50","77799376"
"chr5","168212898","168213199","chr2B","2648213","2648520","58","165564685"
"chr5","168235116","168235334","chr15","61663748","61663960","43","106571368"
"chr5","168676030","168676321","chr4","192337165","192337456","17","23661135"
"chr5","168843444","168843737","chr14","77497719","77498015","43","91345725"
"chr5","169063266","169063543","chr4","25318746","25319025","36","143744520"
"chr5","169103985","169104278","chr19","17050826","17051125","40","152053159"
"chr5","169124533","169124640","chr4","192793530","192793647","17","23668997"
"chr5","169413708","169413997","chr7","2562662","2562954","50","166851046"
"chr5","169477225","169477525","chr6","36758852","36759156","44","132718373"
"chr5","169526099","169526409","chr5","86257277","86257579","52","83268822"
"chr5","169577690","169577984","chr1","194446199","194446496","43","24868509"
"chr5","169732873","169733163","chr4","193440825","193441116","21","23707952"
"chr5","170014170","170014480","chr20","13403253","13403563","38","156610917"
"chr5","170044210","170044503","chr5","40527212","40527505","35","129516998"
"chr5","170358108","170358422","chr6","17608929","17609236","41","152749179"
"chr5","170732210","170732502","chr4","194447030","194447320","38","23714820"
"chr5","170801442","170801752","chr3","3628864","3629165","47","167172578"
"chr5","171331726","171332019","chr12","21476594","21476898","46","149855132"
"chr5","171411081","171411381","chr12","117240987","117241284","34","54170094"
"chr5","171429276","171429613","chr14","75082285","75082591","84","96346991"
"chr5","171599041","171599349","chr2A","10348885","10349185","34","161250156"
"chr5","171727319","171727585","chr15","52950317","52950594","45","118777002"
"chr5","171945080","171945330","chr3","70364899","70365150","53","101580181"
"chr5","172092524","172092817","chr19","52418058","52418354","51","119674466"
"chr5","172166932","172167254","chr14","23916952","23917265","46","148249980"
"chr5","172207771","172208105","chr3","102429845","102430183","48","69777926"
"chr5","172218411","172218715","chr6","17608929","17609236","41","154609482"
"chr5","172220773","172221079","chr5","45856163","45856467","37","126364610"
"chr5","172305382","172305682","chrX","36406749","36407049","35","135898633"
"chr5","172465424","172465745","chr17","9270411","9270725","46","163195013"
"chr5","172514564","172514875","chr3","6092861","6093175","39","166421703"
"chr5","172599969","172600299","chr1","54464452","54464778","50","118135517"
"chr5","172764727","172765041","chr4","196619386","196619703","32","23854659"
"chr5","172770268","172770393","chr10","148465594","148465716","20","24304674"
"chr5","172797072","172797358","chr2B","128845658","128845947","38","43951414"
"chr5","172801599","172801887","chr11","118704008","118704295","40","54097591"
"chr5","172867881","172868203","chr10","115658494","115658816","52","57209387"
"chr5","172940377","172940690","chr4","196782327","196782641","32","23841950"
"chr5","172967194","172967509","chr4","196808793","196809118","35","23841599"
"chr5","173068901","173069186","chr4","196906924","196907216","24","23838023"
"chr5","173269757","173270048","chr4","197047002","197047292","35","23777245"
"chr5","173630217","173630524","chrX","97594986","97595289","41","76035231"
"chr5","173654275","173654626","chr3","20461146","20461481","70","153193129"
"chr5","173678922","173679218","chr1","23753669","23753962","35","149925253"
"chr5","173704858","173705169","chr4","197489148","197489444","37","23784290"
"chr5","173756666","173756959","chr4","197519800","197520092","19","23763134"
"chr5","173764760","173765023","chr5","126879068","126879333","50","46885692"
"chr5","173787163","173787449","chr1","27021093","27021389","39","146766070"
"chr5","173944898","173945185","chr8","61897078","61897377","47","112047820"
"chr5","174012193","174012505","chr21","27120368","27120680","45","146891825"
"chr5","174118506","174118804","chr10","100861240","100861531","40","73257266"
"chr5","174232503","174232790","chr4","83955527","83955809","31","90276976"
"chr5","174271215","174271538","chr4","198048302","198048617","38","23777087"
"chr5","174322297","174322612","chr4","198095098","198095404","40","23772801"
"chr5","174329234","174329514","chr1","24189834","24190118","34","150139400"
"chr5","174521478","174521784","chr8","33426579","33426880","33","141094899"
"chr5","174706825","174707133","chr4","10687813","10688124","42","164019012"
"chr5","174835624","174835937","chr3","49274363","49274680","35","125561261"
"chr5","174991976","174992205","chr2B","96002893","96003128","33","78989083"
"chr5","175028927","175029234","chr2A","10355583","10355893","38","164673344"
"chr5","175087383","175087686","chr1","27021093","27021389","47","148066290"
"chr5","175098510","175098806","chr1","27021093","27021389","28","148077417"
"chr5","175178484","175178795","chr4","198977209","198977521","24","23798725"
"chr5","175204413","175204724","chr15","67619999","67620309","50","107584414"
"chr5","175390215","175390506","chr7","57026293","57026584","35","118363922"
"chr5","175573765","175574060","chr5","45856163","45856467","41","129717602"
"chr5","175593493","175593791","chr17","54310657","54310956","37","121282836"
"chr5","175632658","175632956","chr3","126817334","126817631","35","48815324"
"chr5","175636863","175637155","chr8","54146840","54147130","39","121490023"
"chr5","175710905","175711056","chr3","180313918","180314068","39","4603013"
"chr5","175850947","175851238","chr21","36178489","36178784","37","139672458"
"chr5","176009855","176010158","chr7","154570538","154570845","46","21439317"
"chr5","176066574","176066871","chr9","70252230","70252529","36","105814344"
"chr5","176305300","176305609","chr12","21276435","21276745","38","155028865"
"chr5","176522865","176523173","chr7","138662760","138663060","45","37860105"
"chr5","176612948","176613257","chr3","197346369","197346679","53","20733421"
"chr5","176757857","176758212","chr19","50345980","50346283","105","126411877"
"chr5","176890864","176891163","chr1","185054973","185055268","38","8164109"
"chr5","176973814","176974128","chr14","31471531","31471845","37","145502283"
"chr5","176976509","176976793","chr7","129430880","129431159","50","47545629"
"chr5","177009132","177009427","chr4","200983502","200983785","37","23974370"
"chr5","177051150","177051462","chr14","74671804","74672116","41","102379346"
"chr5","177051519","177051817","chr16","43348777","43349076","42","133702742"
"chr5","177095531","177095841","chr1","165583096","165583408","41","11512435"
"chr5","177105994","177106288","chr4","201097232","201097540","35","23991238"
"chr5","177115543","177115859","chr3","2931636","2931947","39","174183907"
"chr5","177152919","177153224","chr12","9614658","9614965","40","167538261"
"chr5","177179175","177179489","chr6","32523360","32523672","38","144655815"
"chr5","177197241","177197554","chr1","183349267","183349580","43","6152026"
"chr5","177311622","177311910","chrX","1737744","1738030","32","175573878"
"chr5","177553124","177553390","chr12","76915481","76915745","40","100637643"
"chr5","177565323","177565615","chr16","434810","435101","35","177130513"
"chr5","177914551","177914837","chr1","45157923","45158217","43","132756628"
"chr5","177928739","177929058","chr3","198729273","198729581","50","20800534"
"chr5","178191971","178192275","chr1","132554974","132555276","50","45636997"
"chr5","178204894","178205191","chr4","202275484","202275785","26","24070590"
"chr5","178206201","178206473","chr4","202276795","202277082","42","24070594"
"chr5","178429439","178429710","chr7","95098718","95098990","60","83330721"
"chr5","178613959","178614258","chr19","15197308","15197609","41","163416651"
"chr6","15597519","15597813","chr4","171953878","171954174","36","156356359"
"chr6","70123464","70123783","chr18","17992805","17993118","42","52130659"
"chr6","74710809","74711115","chr5","63234930","63235237","25","11475879"
"chr6","165805832","165806138","chr17","12349722","12350033","42","153456110"
"chr6","25298","25514","chr3","199286075","199286290","21","199260777"
"chr6","109170","109481","chr17","95568611","95568923","31","95459441"
"chr6","392762","393052","chr2A","59985648","59985942","37","59592886"
"chr6","635356","635663","chr17","94922195","94922494","30","94286839"
"chr6","989306","989600","chr3","200664126","200664415","34","199674820"
"chr6","990112","990417","chr8","124609358","124609664","40","123619246"
"chr6","1453162","1453376","chr3","199286075","199286290","23","197832913"
"chr6","1454099","1454384","chr3","199286699","199286993","32","197832600"
"chr6","1651449","1651747","chr1","185054973","185055268","34","183403524"
"chr6","1796963","1797234","chr17","93890573","93890844","29","92093610"
"chr6","2069764","2070061","chr11","82956585","82956882","42","80886821"
"chr6","2187744","2188055","chr6","169689147","169689442","54","167501403"
"chr6","2257230","2257534","chr1","132554974","132555276","40","130297744"
"chr6","2293284","2293590","chr8","94878591","94878895","44","92585307"
"chr6","2684555","2684859","chr17","92972552","92972852","36","90287997"
"chr6","2821336","2821651","chrX","51034227","51034538","46","48212891"
"chr6","2992104","2992414","chr1","191149848","191150155","42","188157744"
"chr6","3253451","3253766","chr7","80058785","80059098","46","76805334"
"chr6","3320432","3320743","chr15","11881018","11881326","43","8560586"
"chr6","3537067","3537372","chr22","20623630","20623939","42","17086563"
"chr6","3728021","3728235","chrX","17616652","17616874","35","13888631"
"chr6","3808625","3808913","chr5","63827188","63827485","51","60018563"
"chr6","4120868","4121159","chr17","91491411","91491705","47","87370543"
"chr6","4265846","4266147","chr7","79233496","79233806","43","74967650"
"chr6","4739568","4739866","chr7","154438682","154438977","32","149699114"
"chr6","4763468","4763774","chr1","162294161","162294462","35","157530693"
"chr6","5110857","5111133","chr17","85184470","85184751","41","80073613"
"chr6","5151519","5151816","chr5","8784767","8785064","41","3633248"
"chr6","5650176","5650460","chr17","89928808","89929109","50","84278632"
"chr6","5801223","5801530","chr17","89771718","89772014","33","83970495"
"chr6","5921664","5921948","chr14","33011394","33011678","44","27089730"
"chr6","6008261","6008569","chr10","136766798","136767102","47","130758537"
"chr6","6276803","6277096","chr1","27021093","27021389","32","20744290"
"chr6","6312066","6312326","chr17","89162112","89162376","21","82850046"
"chr6","6820939","6821238","chr11","82956585","82956882","53","76135646"
"chr6","6923096","6923411","chr4","106451241","106451549","36","99528145"
"chr6","7368016","7368323","chr17","88014881","88015193","29","80646865"
"chr6","7930306","7930602","chr12","30338513","30338812","43","22408207"
"chr6","8627015","8627320","chrX","97594986","97595289","55","88967971"
"chr6","9592811","9593110","chr17","85853699","85853984","34","76260888"
"chr6","9969732","9970039","chr3","55843499","55843803","45","45873767"
"chr6","9993169","9993454","chr20","33884060","33884345","38","23890891"
"chr6","10139726","10140011","chr11","65859363","65859654","43","55719637"
"chr6","10261809","10262109","chr17","85184470","85184751","37","74922661"
"chr6","10286054","10286347","chr5","44034492","44034787","50","33748438"
"chr6","10321858","10322151","chr7","57026293","57026584","37","46704435"
"chr6","10378058","10378374","chr17","85061515","85061823","26","74683457"
"chr6","10963353","10963653","chr17","84480377","84480684","27","73517024"
"chr6","11138207","11138519","chr3","158397250","158397564","44","147259043"
"chr6","11181870","11182154","chr12","121761586","121761860","45","110579716"
"chr6","11297943","11298263","chr1","27511879","27512199","43","16213936"
"chr6","11818922","11819228","chr18","23191935","23192242","43","11373013"
"chr6","12382226","12382536","chr14","74198044","74198357","40","61815818"
"chr6","12622590","12622899","chr11","27442623","27442932","43","14820033"
"chr6","13507357","13507646","chr17","82138288","82138589","44","68630931"
"chr6","13518828","13519142","chr20","35582405","35582711","44","22063577"
"chr6","14005421","14005739","chr17","81606454","81606758","38","67601033"
"chr6","14068005","14068319","chr1","100887646","100887952","45","86819641"
"chr6","14103655","14103943","chr17","81504650","81504947","27","67400995"
"chr6","14133123","14133427","chr7","29021792","29022096","37","14888669"
"chr6","14720446","14720756","chr4","106451241","106451549","37","91730795"
"chr6","14795172","14795464","chr17","80797748","80798030","34","66002576"
"chr6","14853083","14853150","chrX","458203","458266","10","14394880"
"chr6","14860308","14860608","chr14","25023031","25023330","40","10162723"
"chr6","14894340","14894650","chr20","35582405","35582711","32","20688065"
"chr6","14900363","14900684","chr16","50999383","50999692","50","36099020"
"chr6","15182886","15183164","chr3","113825165","113825432","44","98642279"
"chr6","15408555","15408870","chr9","59842059","59842366","40","44433504"
"chr6","15447048","15447343","chr1","144529989","144530282","41","129082941"
"chr6","15646646","15646931","chr10","129431275","129431563","35","113784629"
"chr6","15657075","15657371","chr2B","111036318","111036618","46","95379243"
"chr6","15686979","15687143","chr4","160183577","160183745","28","144496598"
"chr6","16579954","16580256","chrX","97594986","97595289","32","81015032"
"chr6","16592644","16592965","chr8","78037440","78037753","42","61444796"
"chr6","16759106","16759395","chr2B","95425788","95426089","43","78666682"
"chr6","16918692","16918990","chr20","3862616","3862914","34","13056076"
"chr6","16919641","16919928","chr15","34030838","34031123","45","17111197"
"chr6","16922289","16922594","chr10","86782884","86783195","47","69860595"
"chr6","16931394","16931673","chr3","48723113","48723394","33","31791719"
"chr6","16967993","16968318","chr11","17305005","17305310","48","337012"
"chr6","17026643","17026938","chr2A","59985648","59985942","36","42959005"
"chr6","17125869","17126173","chr9","108111460","108111757","42","90985591"
"chr6","17213249","17213575","chr4","117903309","117903620","51","100690060"
"chr6","17336437","17336725","chr9","94919935","94920225","43","77583498"
"chr6","17597903","17598215","chr5","10052630","10052935","41","7545273"
"chr6","17632197","17632500","chr17","77744635","77744932","26","60112438"
"chr6","17875115","17875416","chr3","100561340","100561640","39","82686225"
"chr6","18367716","18368011","chr15","67797572","67797866","36","49429856"
"chr6","18591817","18592080","chr1","203814340","203814616","55","185222523"
"chr6","19267093","19267387","chr6","112352788","112353092","43","93085695"
"chr6","19335788","19336068","chrX","1737744","1738030","39","17598044"
"chr6","19448847","19449131","chrX","100623619","100623904","42","81174772"
"chr6","19526183","19526496","chr10","36119294","36119606","43","16593111"
"chr6","19539453","19539765","chr1","134763713","134764022","44","115224260"
"chr6","19540189","19540493","chr9","114786009","114786320","49","95245820"
"chr6","19704321","19704603","chr1","216246049","216246333","49","196541728"
"chr6","19979981","19980251","chr1","24189834","24190118","44","4209853"
"chr6","20053669","20053978","chr6","35622489","35622796","35","15568820"
"chr6","20151540","20151850","chr17","75099908","75100212","37","54948368"
"chr6","20200169","20200472","chr1","132554974","132555276","34","112354805"
"chr6","20662070","20662383","chr1","22955832","22956145","43","2293762"
"chr6","21185490","21185801","chr9","73922988","73923294","41","52737498"
"chr6","21353539","21353869","chr1","54464452","54464778","47","33110913"
"chr6","21788933","21789226","chr7","132389917","132390213","41","110600984"
"chr6","22082368","22082670","chr1","197931021","197931326","43","175848653"
"chr6","22232210","22232486","chr17","73146104","73146380","27","50913894"
"chr6","22416151","22416454","chr10","131944265","131944557","50","109528114"
"chr6","22662618","22662949","chr1","54464452","54464778","51","31801834"
"chr6","22890235","22890529","chr3","200103293","200103591","45","177213058"
"chr6","22965685","22965977","chrX","124772075","124772366","42","101806390"
"chr6","23251513","23251797","chr16","23926045","23926350","56","674532"
"chr6","23395076","23395434","chr2B","16239926","16240265","71","7155150"
"chr6","23742318","23742623","chr1","194446199","194446496","52","170703881"
"chr6","24377621","24377906","chr19","50608895","50609181","53","26231274"
"chr6","24388121","24388401","chr10","139591535","139591816","40","115203414"
"chr6","25321586","25321910","chr1","22955832","22956145","57","2365754"
"chr6","25386393","25386656","chr21","28663801","28664070","45","3277408"
"chr6","25662715","25663010","chr3","58866049","58866355","51","33203334"
"chr6","26414682","26414879","chr1","216931005","216931213","40","190516323"
"chr6","26494316","26494606","chr14","20972619","20972931","58","5521697"
"chr6","26576090","26576406","chr2B","107373831","107374141","52","80797741"
"chr6","26634912","26635226","chr9","59842059","59842366","40","33207147"
"chr6","27020610","27020773","chr17","68243951","68244102","25","41223341"
"chr6","27285595","27285853","chr3","155409710","155409966","46","128124115"
"chr6","28147186","28147497","chr1","157261144","157261453","53","129113958"
"chr6","28299756","28300055","chr4","37953476","37953776","51","9653720"
"chr6","28638668","28638975","chrX","97594986","97595289","41","68956318"
"chr6","29174481","29174805","chr1","43545614","43545930","55","14371133"
"chr6","29193676","29193955","chr21","23838552","23838840","54","5355124"
"chr6","29346109","29346406","chr2A","59985648","59985942","33","30639539"
"chr6","29647555","29647819","chr17","65517709","65517990","45","35870154"
"chr6","29678761","29679058","chrX","36406749","36407049","42","6727988"
"chr6","29698434","29698753","chr17","65467726","65468026","44","35769292"
"chr6","29731066","29731384","chr12","36868344","36868657","46","7137278"
"chr6","29987258","29987512","chr3","155409710","155409966","38","125422452"
"chr6","30436198","30436509","chr7","134871506","134871819","42","104435308"
"chr6","30692585","30692890","chr1","130106457","130106756","47","99413872"
"chr6","30921764","30922059","chr17","64232697","64232985","33","33310933"
"chr6","31149726","31150037","chr3","139813388","139813699","37","108663662"
"chr6","31226114","31226403","chr7","57026293","57026584","46","25800179"
"chr6","31237373","31237667","chr17","63906774","63907075","35","32669401"
"chr6","31255800","31256106","chr8","33426579","33426880","40","2170779"
"chr6","31360242","31360539","chr17","9644327","9644622","44","21715915"
"chr6","31379484","31379764","chr1","24189834","24190118","35","7189650"
"chr6","31486629","31486942","chr7","127657301","127657615","35","96170672"
"chr6","31532298","31532615","chr17","4007855","4008167","46","27524443"
"chr6","31545248","31545548","chr17","63596758","63597045","36","32051510"
"chr6","31569247","31569548","chr17","63571496","63571798","27","32002249"
"chr6","31591088","31591386","chr20","21707872","21708172","35","9883216"
"chr6","31641416","31641739","chr1","54464452","54464778","51","22823036"
"chr6","31648090","31648369","chr17","63501256","63501542","30","31853166"
"chr6","31682944","31683161","chr1","216931005","216931213","33","185248061"
"chr6","31686622","31686935","chr17","24583359","24583669","37","7103263"
"chr6","31689918","31690201","chr16","22353828","22354106","42","9336090"
"chr6","31771725","31772038","chr14","20972619","20972931","39","10799106"
"chr6","31819280","31819573","chr17","63323868","63324166","34","31504588"
"chr6","31841403","31841716","chr4","198295008","198295316","33","166453605"
"chr6","31887186","31887490","chr1","162294161","162294462","48","130406975"
"chr6","31887749","31888066","chr7","29021792","29022096","51","2865957"
"chr6","31895626","31895931","chr17","63244580","63244884","37","31348954"
"chr6","31986961","31987244","chr15","34274908","34275193","42","2287947"
"chr6","31991606","31991914","chr13","18563727","18564036","38","13427879"
"chr6","31993567","31993830","chr12","131788345","131788608","39","99794778"
"chr6","32004846","32005140","chr12","32785776","32786069","49","780930"
"chr6","32030957","32031135","chr4","47230309","47230475","40","15199352"
"chr6","32031265","32031388","chr7","138962703","138962820","20","106931438"
"chr6","32230909","32231222","chr17","9558423","9558728","35","22672486"
"chr6","32247896","32248192","chr16","30922722","30923023","40","1325174"
"chr6","32249760","32250064","chr9","108229509","108229814","36","75979749"
"chr6","32286869","32287183","chr15","69276871","69277183","42","36990002"
"chr6","32298178","32298489","chr1","30193802","30194114","39","2104376"
"chr6","32362102","32362255","chr19","15879400","15879558","27","16482702"
"chr6","32508979","32509273","chr17","62637737","62638033","23","30128758"
"chr6","32561904","32562178","chr17","77615943","77616210","43","45054039"
"chr6","32705300","32705595","chr1","27021093","27021389","37","5684207"
"chr6","32844333","32844600","chr17","62263860","62264125","18","29419527"
"chr6","33024897","33025208","chr17","62088684","62088993","36","29063787"
"chr6","33026474","33026762","chr1","181950388","181950673","47","148923914"
"chr6","33151236","33151538","chr17","61940107","61940400","33","28788871"
"chr6","33360864","33361126","chrX","65461682","65461944","44","32100818"
"chr6","33769725","33769853","chr4","37948942","37949069","16","4179217"
"chr6","33882993","33883269","chr17","60879963","60880249","38","26996970"
"chr6","33909568","33909864","chr17","60844392","60844695","38","26934824"
"chr6","33936207","33936509","chr3","3628864","3629165","35","30307343"
"chr6","34005261","34005550","chr5","48597575","48597854","68","14592314"
"chr6","34056770","34057082","chr13","3632322","3632644","49","30424448"
"chr6","34089623","34089798","chr6","141107307","141107479","30","107017684"
"chr6","34161735","34162047","chr17","79404094","79404401","36","45242359"
"chr6","34181808","34182099","chr3","144880561","144880847","45","110698753"
"chr6","34349459","34349765","chr17","60406691","60406989","36","26057232"
"chr6","34363016","34363323","chr17","24583359","24583669","43","9779657"
"chr6","34437476","34437735","chr6","112612130","112612399","48","78174654"
"chr6","34774432","34774714","chr2A","75137163","75137453","42","40362731"
"chr6","34978479","34978779","chr4","198977209","198977521","52","163998730"
"chr6","35220554","35220837","chr17","59539727","59540001","41","24319173"
"chr6","35494507","35494791","chr10","92135337","92135628","44","56640830"
"chr6","35999449","35999765","chr4","106451241","106451549","39","70451792"
"chr6","36377851","36378161","chr6","32378353","32378664","34","3999498"
"chr6","36519583","36519884","chr17","58273313","58273617","28","21753730"
"chr6","36689618","36689910","chr1","185054973","185055268","30","148365355"
"chr6","36781064","36781345","chr1","9653622","9653899","48","27127442"
"chr6","36821402","36821674","chr17","6033058","6033324","47","30788344"
"chr6","36828449","36828748","chrX","97594986","97595289","44","60766537"
"chr6","36844864","36845174","chr17","57970132","57970443","30","21125268"
"chr6","36880764","36881066","chr17","57934570","57934868","32","21053806"
"chr6","36893303","36893597","chr17","57914667","57914971","38","21021364"
"chr6","36937648","36937961","chr3","12041820","12042133","40","24895828"
"chr6","36942733","36943037","chr5","45856163","45856467","40","8913430"
"chr6","37411126","37411425","chr1","100887646","100887952","43","63476520"
"chr6","37448675","37448848","chr17","57360468","57360638","15","19911793"
"chr6","37787189","37787501","chr5","162326402","162326716","35","124539213"
"chr6","38211054","38211341","chr8","142809025","142809318","40","104597971"
"chr6","38268208","38268523","chr1","157261144","157261453","43","118992936"
"chr6","38674392","38674695","chr14","32972455","32972755","22","5701937"
"chr6","38834729","38835030","chrX","705896","706197","40","38128833"
"chr6","38959863","38960137","chr17","55789019","55789308","36","16829156"
"chr6","38972192","38972517","chr10","148481903","148482198","61","109509711"
"chr6","39110346","39110657","chr1","100887646","100887952","37","61777300"
"chr6","39184434","39184745","chr6","15540957","15541271","41","23643477"
"chr6","39329090","39329402","chrX","51034227","51034538","36","11705137"
"chr6","39469963","39470272","chr14","56751905","56752203","51","17281942"
"chr6","40172729","40173029","chr4","40078992","40079285","34","93737"
"chr6","40274777","40275084","chr3","2931636","2931947","43","37343141"
"chr6","40298839","40299127","chr5","164441619","164441900","43","124142780"
"chr6","40337134","40337410","chr17","54440153","54440433","22","14103019"
"chr6","40345997","40346292","chr17","54430878","54431178","35","14084881"
"chr6","40475535","40475847","chr1","11464495","11464802","37","29011040"
"chr6","41304419","41304687","chr22","24788380","24788656","39","16516039"
"chr6","41313151","41313481","chr3","140497371","140497686","55","99184220"
"chr6","41318761","41319051","chr1","185054973","185055268","36","143736212"
"chr6","41792522","41792833","chr15","67619999","67620309","35","25827477"
"chr6","42404646","42404953","chr15","67619999","67620309","41","25215353"
"chr6","42495562","42495850","chr12","69356911","69357188","64","26861349"
"chr6","42568214","42568500","chr3","70239092","70239378","41","27670878"
"chr6","42681591","42681903","chr13","20541860","20542172","40","22139731"
"chr6","42685355","42685641","chr4","83955527","83955809","49","41270172"
"chr6","42690519","42690817","chr1","193763062","193763356","42","151072543"
"chr6","42925532","42925833","chr11","17305005","17305310","45","25620527"
"chr6","42953250","42953561","chr17","52007615","52007918","32","9054365"
"chr6","42999152","42999486","chr10","36954252","36954578","51","6044900"
"chr6","43186664","43186965","chr17","51756147","51756440","35","8569483"
"chr6","43243778","43244073","chr1","51985183","51985483","41","8741405"
"chr6","44116143","44116437","chr10","137181578","137181873","41","93065435"
"chr6","44321697","44321999","chr19","57118880","57119186","46","12797183"
"chr6","44363197","44363496","chr1","45157923","45158217","44","794726"
"chr6","44985220","44985523","chr1","197931021","197931326","37","152945801"
"chr6","45105812","45105968","chr17","49835911","49836089","34","4730099"
"chr6","45200903","45201212","chr4","106451241","106451549","54","61250338"
"chr6","46561060","46561369","chr1","127684797","127685102","27","81123737"
"chr6","46585979","46586263","chrX","8345169","8345454","37","38240810"
"chr6","47757628","47757846","chr7","2943656","2943877","48","44813972"
"chr6","47876295","47876594","chr17","44143856","44144158","26","3732439"
"chr6","48308091","48308418","chr10","36954252","36954578","55","11353839"
"chr6","48436442","48436749","chr1","100887646","100887952","42","52451204"
"chr6","48928975","48929298","chr17","43129476","43129788","46","5799499"
"chr6","48947767","48948080","chr17","43111075","43111388","32","5836692"
"chr6","49908794","49909115","chr6","35622489","35622796","57","14286305"
"chr6","50054452","50054750","chr8","142803773","142804071","37","92749321"
"chr6","50075524","50075817","chr1","185054973","185055268","36","134979449"
"chr6","50240637","50240897","chr1","31406499","31406738","60","18834138"
"chr6","50267705","50267881","chr14","38934062","38934237","27","11333643"
"chr6","50583387","50583696","chr1","100887646","100887952","32","50304259"
"chr6","50981266","50981572","chr4","10687813","10688124","47","40293453"
"chr6","51544761","51545068","chr9","97329381","97329689","40","45784620"
"chr6","51595908","51596223","chr1","22955832","22956145","47","28640076"
"chr6","51683269","51683433","chr8","46393205","46393371","27","5290064"
"chr6","51683612","51683666","chr4","86886878","86886939","23","35203266"
"chr6","51690570","51690873","chr9","89512934","89513236","37","37822364"
"chr6","51713188","51713498","chr4","133128211","133128521","42","81415023"
"chr6","51720615","51720909","chr17","40293464","40293768","30","11427151"
"chr6","52001914","52002228","chr17","39998358","39998661","41","12003556"
"chr6","52438748","52439038","chr5","123621942","123622243","55","71183194"
"chr6","52608777","52609083","chr20","55450421","55450733","50","2841644"
"chr6","52726704","52727002","chr17","39280158","39280460","28","13446546"
"chr6","52741913","52742208","chr17","39265777","39266074","29","13476136"
"chr6","53105594","53105895","chr13","59203387","59203695","52","6097793"
"chr6","53109591","53109878","chr17","38893690","38893987","28","14215901"
"chr6","53179983","53180294","chr17","38825616","38825926","25","14354367"
"chr6","53229250","53229414","chr2B","15946889","15947066","59","37282361"
"chr6","53230255","53230351","chr4","83955333","83955426","18","30725078"
"chr6","53250527","53250834","chr17","38765291","38765603","38","14485236"
"chr6","53277239","53277532","chr1","27042867","27043169","51","26234372"
"chr6","53289733","53290043","chr14","32972455","32972755","50","20317278"
"chr6","53416708","53416983","chr17","85184470","85184751","42","31767762"
"chr6","53475357","53475652","chr16","12186594","12186889","36","41288763"
"chr6","53942976","53943282","chr14","32972455","32972755","40","20970521"
"chr6","54063502","54063793","chr17","37923354","37923648","33","16140148"
"chr6","54311315","54311606","chr2B","128845658","128845947","35","74534343"
"chr6","54622459","54622766","chr17","37311463","37311775","21","17310996"
"chr6","54916419","54916713","chr3","12024603","12024895","34","42891816"
"chr6","55154792","55155099","chr17","36333308","36333610","33","18821484"
"chr6","55431265","55431564","chr8","33426579","33426880","34","22004686"
"chr6","55854237","55854531","chr17","35635205","35635492","34","20219032"
"chr6","57132961","57133266","chr5","15352472","15352776","34","41780489"
"chr6","57138524","57138813","chr1","24189834","24190118","44","32948690"
"chr6","57726359","57726659","chr20","36320473","36320769","40","21405886"
"chr6","57977519","57977822","chr17","33521339","33521643","31","24456180"
"chr6","58005409","58005707","chr17","33491673","33491971","18","24513736"
"chr6","58012152","58012464","chr2B","2648213","2648520","41","55363939"
"chr6","58057338","58057637","chr1","27042867","27043169","35","31014471"
"chr6","58118349","58118648","chr1","204184641","204184943","35","146066292"
"chr6","58140278","58140579","chr5","82014241","82014539","35","23873963"
"chr6","58868147","58868460","chr4","106451241","106451549","47","47583094"
"chr6","58941074","58941271","chr10","100419804","100419996","36","41478730"
"chr6","59147549","59147865","chrX","24261426","24261738","42","34886123"
"chr6","59967190","59967494","chr17","31592749","31593051","24","28374441"
"chr6","60477339","60477619","chr2A","45796302","45796570","46","14681037"
"chr6","60793169","60793519","chr2A","79839508","79839818","81","19046339"
"chr6","60844992","60845298","chr17","30741176","30741483","20","30103816"
"chr6","61263070","61263355","chr19","1355781","1356069","38","59907289"
"chr6","61316744","61317049","chr2A","21134848","21135157","38","40181896"
"chr6","61464375","61464680","chr9","73922988","73923294","33","12458613"
"chr6","61498990","61499280","chrX","50220545","50220834","38","11278445"
"chr6","61511119","61511386","chr17","30068004","30068272","25","31443115"
"chr6","61577187","61577488","chr17","29990639","29990941","35","31586548"
"chr6","61680127","61680426","chr1","100887646","100887952","47","39207519"
"chr6","61725669","61725951","chr16","15232771","15233053","33","46492898"
"chr6","61949705","61950006","chr4","171953878","171954174","34","110004173"
"chr6","62061796","62062111","chr17","29506451","29506749","46","32555345"
"chr6","62123431","62123731","chr6","6752789","6753094","37","55370642"
"chr6","62393153","62393465","chr1","40538480","40538784","41","21854673"
"chr6","62479469","62479774","chr4","133128211","133128521","46","70648742"
"chr6","62603505","62603793","chr19","3472325","3472614","55","59131180"
"chr6","63129498","63129767","chr17","28361678","28361954","29","34767820"
"chr6","63289432","63289733","chr18","72741982","72742276","43","9452550"
"chr6","63777410","63777718","chr17","27691680","27691992","29","36085730"
"chr6","63948232","63948528","chr2A","74502438","74502733","41","10554206"
"chr6","64500422","64500729","chr3","1251656","1251959","37","63248766"
"chr6","64809853","64810191","chr2A","79982783","79983078","98","15172930"
"chr6","64813115","64813427","chr19","14735632","14735933","51","50077483"
"chr6","64904620","64904718","chr19","16361831","16361920","22","48542789"
"chr6","64962999","64963279","chr20","50572279","50572558","37","14390720"
"chr6","64984496","64984801","chr19","4019897","4020199","37","60964599"
"chr6","65005381","65005540","chr19","30888559","30888707","29","34116822"
"chr6","65051151","65051446","chr5","51774532","51774825","45","13276619"
"chr6","65055171","65055480","chr22","14282850","14283161","36","50772321"
"chr6","65099060","65099363","chr2A","31692393","31692699","38","33406667"
"chr6","65145942","65146247","chr5","45856163","45856467","35","19289779"
"chr6","65154371","65154679","chr17","26277381","26277679","34","38876990"
"chr6","65162994","65163233","chr5","161178999","161179239","37","96016005"
"chr6","65206163","65206474","chr5","155273113","155273418","42","90066950"
"chr6","65214875","65215184","chr17","26223553","26223849","35","38991322"
"chr6","65284408","65284705","chr17","26156165","26156468","28","39128243"
"chr6","65344966","65345267","chr22","34314671","34314970","41","31030295"
"chr6","65396668","65396981","chr7","127657301","127657615","32","62260633"
"chr6","65534548","65534839","chr12","83303697","83303988","33","17769149"
"chr6","65552702","65552999","chr1","46417395","46417685","44","19135307"
"chr6","65620563","65620865","chr2B","125039405","125039704","31","59418842"
"chr6","65835417","65835707","chr7","68448047","68448343","54","2612630"
"chr6","66216886","66217198","chr13","18563727","18564036","47","47653159"
"chr6","66262701","66262961","chr12","131788345","131788608","42","65525644"
"chr6","66306415","66306711","chrX","97594986","97595289","36","31288571"
"chr6","66434313","66434625","chr17","24296263","24296560","39","42138050"
"chr6","66693550","66693836","chr17","24045393","24045687","35","42648157"
"chr6","67038842","67039008","chr4","81515226","81515394","19","14476384"
"chr6","67042431","67042713","chr13","42491879","42492161","38","24550552"
"chr6","67047311","67047615","chr17","23676558","23676864","30","43370753"
"chr6","67051229","67051516","chr1","144529989","144530282","38","77478760"
"chr6","67080329","67080629","chr17","23647710","23648013","29","43432619"
"chr6","67091954","67092263","chr1","134763713","134764022","40","67671759"
"chr6","67211291","67211579","chr1","42876878","42877163","42","24334413"
"chr6","67470852","67471155","chrX","51034227","51034538","42","16436625"
"chr6","67516949","67517176","chr17","23184269","23184477","35","44332680"
"chr6","67565423","67565538","chr5","58287445","58287554","28","9277978"
"chr6","67598278","67598580","chr17","23111654","23111949","34","44486624"
"chr6","67656703","67656994","chr16","12186594","12186889","31","55470109"
"chr6","67821176","67821506","chr17","2794701","2795027","52","65026475"
"chr6","68667324","68667636","chr7","127657301","127657615","36","58989977"
"chr6","68690925","68691229","chr14","23916952","23917265","50","44773973"
"chr6","68902128","68902431","chr13","62764436","62764745","52","6137692"
"chr6","69081550","69081853","chr17","79404094","79404401","36","10322544"
"chr6","69370727","69371007","chr4","83955527","83955809","39","14584800"
"chr6","69494805","69495101","chr1","40476156","40476452","38","29018649"
"chr6","69656149","69656470","chr17","21007771","21008079","47","48648378"
"chr6","69677959","69678248","chr5","117859800","117860087","48","48181841"
"chr6","69761177","69761485","chr20","43352634","43352940","39","26408543"
"chr6","70265388","70265680","chr17","20341331","20341621","40","49924057"
"chr6","70387019","70387319","chr9","70252230","70252529","31","134789"
"chr6","70424838","70425131","chr4","197519800","197520092","39","127094962"
"chr6","70526491","70526799","chr1","191149848","191150155","35","120623357"
"chr6","70527676","70527984","chr7","52058550","52058861","48","18469126"
"chr6","70536686","70537000","chr14","77304145","77304459","39","6767459"
"chr6","70586327","70586638","chr5","46820864","46821176","42","23765463"
"chr6","70723262","70723470","chr15","61663748","61663960","36","9059514"
"chr6","70843254","70843541","chr18","43171207","43171494","37","27672047"
"chr6","70885404","70885719","chr1","141361647","141361958","47","70476243"
"chr6","70906519","70906830","chr17","38608208","38608518","38","32298311"
"chr6","70957382","70957686","chr12","13213510","13213815","34","57743872"
"chr6","70987610","70987918","chr7","75623388","75623697","48","4635778"
"chr6","71056444","71056745","chr17","19515567","19515871","27","51540877"
"chr6","72207994","72208294","chr2B","95425788","95426089","31","23217794"
"chr6","72513303","72513622","chrX","97594986","97595289","43","25081683"
"chr6","72691072","72691365","chr17","17867335","17867624","24","54823737"
"chr6","72708802","72709110","chr17","17849563","17849875","30","54859239"
"chr6","72718449","72718760","chr17","17838776","17839085","28","54879673"
"chr6","73109941","73110241","chr17","17427415","17427721","36","55682526"
"chr6","73138754","73139060","chr1","100887646","100887952","35","27748892"
"chr6","73161426","73161736","chr10","4055960","4056275","53","69105466"
"chr6","73208832","73209142","chr3","1251656","1251959","39","71957176"
"chr6","73249529","73249844","chr17","38608208","38608518","37","34641321"
"chr6","73537029","73537340","chr2B","95168475","95168788","45","21631446"
"chr6","73592597","73592911","chr5","162326402","162326716","39","88733805"
"chr6","73665242","73665568","chr10","136766798","136767102","82","63101556"
"chr6","73713686","73713980","chr7","47963569","47963862","39","25750117"
"chr6","73742713","73743006","chr17","16792791","16793095","37","56949922"
"chr6","74026130","74026427","chr1","185054973","185055268","36","111028843"
"chr6","74032208","74032519","chr17","16462546","16462844","42","57569662"
"chr6","74128350","74128621","chr20","58367555","58367825","50","15760795"
"chr6","74189778","74190087","chr17","16302819","16303128","32","57886959"
"chr6","74219716","74220012","chr1","19448521","19448815","42","54771195"
"chr6","74262740","74262846","chr6","18407965","18408078","23","55854775"
"chr6","74340813","74341113","chr5","36374695","36374994","35","37966118"
"chr6","74358078","74358397","chr17","16131495","16131811","26","58226583"
"chr6","74455621","74455897","chrX","36693904","36694182","40","37761717"
"chr6","74539645","74539955","chr3","99856159","99856472","37","25316514"
"chr6","74586622","74586935","chr17","24583359","24583669","34","50003263"
"chr6","74614062","74614364","chr1","100887646","100887952","34","26273584"
"chr6","74614376","74614677","chr20","21707872","21708172","46","52906504"
"chr6","74841059","74841359","chr4","161025537","161025837","34","86184478"
"chr6","74956325","74956621","chr1","144529989","144530282","40","69573664"
"chr6","74957832","74958125","chr5","51774532","51774825","46","23183300"
"chr6","75047251","75047574","chr1","54464452","54464778","40","20582799"
"chr6","75127899","75128191","chr1","24189834","24190118","40","50938065"
"chr6","75307807","75308096","chr8","77218976","77219261","40","1911169"
"chr6","75405684","75405987","chr16","66170347","66170652","37","9235337"
"chr6","75477514","75477825","chr5","63988422","63988746","36","11489092"
"chr6","75649368","75649687","chr5","162326402","162326716","48","86677034"
"chr6","75803853","75804164","chr5","64330235","64330546","22","11473618"
"chr6","75841709","75841999","chr5","64367585","64367876","26","11474124"
"chr6","75940716","75941020","chr5","64470894","64471198","32","11469822"
"chr6","76051627","76051795","chr13","43834522","43834689","19","32217105"
"chr6","76238210","76238507","chr5","64763044","64763340","23","11475166"
"chr6","76982437","76982736","chr1","27021093","27021389","36","49961344"
"chr6","76992761","76993046","chr4","194608401","194608688","37","117615640"
"chr6","77178285","77178606","chr5","65737515","65737834","48","11440770"
"chr6","77772509","77772780","chr5","66351841","66352130","36","11420668"
"chr6","78062788","78063098","chr3","49149119","49149432","33","28913669"
"chr6","78273886","78274183","chr9","67126783","67127082","36","11147103"
"chr6","78364618","78364917","chr9","81354291","81354584","41","2989673"
"chr6","79012039","79012302","chrX","134562038","134562303","48","55549999"
"chr6","79483809","79484123","chrX","124240756","124241066","51","44756947"
"chr6","79502297","79502609","chr2A","10355583","10355893","46","69146714"
"chr6","79763158","79763447","chr19","17050826","17051125","43","62712332"
"chr6","79842674","79842993","chr6","33703368","33703675","52","46139306"
"chr6","80303343","80303641","chr8","141580771","141581074","44","61277428"
"chr6","80985320","80985613","chrX","116307008","116307313","50","35321688"
"chr6","81081242","81081547","chr5","69766597","69766899","30","11314645"
"chr6","81088606","81088691","chr4","89129859","89129936","16","8041253"
"chr6","81399184","81399468","chr5","70103079","70103361","20","11296105"
"chr6","81675563","81675771","chr4","179449114","179449329","33","97773551"
"chr6","82248940","82249291","chr5","70949089","70949398","68","11299851"
"chr6","83089290","83089602","chr9","73922988","73923294","42","9166302"
"chr6","83235868","83236221","chr1","163185076","163185426","72","79949208"
"chr6","83730657","83730962","chr10","136766798","136767102","38","53036141"
"chr6","83844728","83845047","chrX","38913053","38913361","45","44931675"
"chr6","83933826","83934136","chr2B","65741490","65741803","35","18192336"
"chr6","84139095","84139395","chr1","93147691","93147983","42","9008596"
"chr6","84343751","84344048","chr5","73052697","73053003","33","11291054"
"chr6","84437841","84438153","chr5","73142367","73142664","47","11295474"
"chr6","84571436","84571696","chr12","76915481","76915745","39","7655955"
"chr6","84622134","84622442","chr1","40234571","40234860","58","44387563"
"chr6","84828903","84829201","chr13","31463447","31463746","40","53365456"
"chr6","85274831","85275146","chr4","48585107","48585416","44","36689724"
"chr6","85295562","85295847","chr16","15232771","15233053","41","70062791"
"chr6","85623883","85624127","chr18","20906366","20906616","54","64717517"
"chr6","86291672","86291980","chr2B","107373831","107374141","49","21082159"
"chr6","86425188","86425476","chr7","104512536","104512832","35","18087348"
"chr6","87792690","87793043","chr1","215291701","215292036","79","127499011"
"chr6","88036800","88037081","chr8","36888502","36888789","51","51148298"
"chr6","88095801","88096099","chr5","160987933","160988228","44","72892132"
"chr6","88584683","88584997","chr14","47857829","47858141","43","40726854"
"chr6","88792205","88792517","chr5","77663581","77663879","37","11128624"
"chr6","88792735","88793049","chr15","19133764","19134076","51","69658971"
"chr6","89583924","89584230","chr1","141361647","141361958","32","51777723"
"chr6","89698111","89698407","chr17","54310657","54310956","41","35387454"
"chr6","90365958","90366242","chr1","129673639","129673931","36","39307681"
"chr6","90636811","90637124","chr5","79598760","79599073","17","11038051"
"chr6","90646456","90646681","chr12","24772600","24772818","46","65873856"
"chr6","91571802","91572091","chr9","67126783","67127082","50","24445019"
"chr6","91956473","91956797","chr5","81009821","81010118","50","10946652"
"chr6","92728954","92729262","chr9","74575275","74575588","34","18153679"
"chr6","92841001","92841323","chr5","162326402","162326716","49","69485401"
"chr6","92915262","92915559","chr5","82014241","82014539","22","10901021"
"chr6","93665419","93665704","chr3","23553039","23553323","34","70112380"
"chr6","94433494","94433804","chr5","83449969","83450278","28","10983525"
"chr6","94710738","94711038","chr5","13160492","13160798","39","81550246"
"chr6","94869292","94869582","chr3","156222300","156222588","48","61353008"
"chr6","94986656","94986968","chr17","9809898","9810208","45","85176758"
"chr6","95209707","95209917","chr5","84316669","84316869","20","10893038"
"chr6","95609978","95610289","chr17","24583359","24583669","38","71026619"
"chr6","95753533","95753844","chr7","134871506","134871819","42","39117973"
"chr6","95995487","95995810","chr18","67784235","67784546","46","28211252"
"chr6","96121334","96121644","chr2A","104165679","104165983","55","8044345"
"chr6","96806372","96806535","chr5","117639202","117639368","22","20832830"
"chr6","96810929","96811240","chr1","132729492","132729799","66","35918563"
"chr6","97078120","97078394","chr4","76317577","76317847","41","20760543"
"chr6","97523390","97523669","chr15","44703221","44703496","43","52820169"
"chr6","97528391","97528709","chr5","86687017","86687337","26","10841374"
"chr6","97890563","97890874","chr14","74198044","74198357","36","23692519"
"chr6","98004412","98004738","chr7","40436488","40436811","52","57567924"
"chr6","98081832","98082143","chr7","72899498","72899802","40","25182334"
"chr6","98833369","98833646","chrX","108626661","108626941","40","9793292"
"chr6","99877502","99877814","chr2A","105983387","105983695","36","6105885"
"chr6","99887145","99887456","chr3","200810389","200810699","36","100923244"
"chr6","100813156","100813465","chr2A","96359781","96360091","41","4453375"
"chr6","101182417","101182732","chr15","67619999","67620309","36","33562418"
"chr6","101223484","101223781","chr5","5487375","5487672","41","95736109"
"chr6","101796441","101796765","chr5","91060706","91061015","42","10735735"
"chr6","102173962","102174274","chr3","58866049","58866355","47","43307913"
"chr6","102382295","102382612","chr5","91756840","91757165","37","10625455"
"chr6","102494561","102494873","chr4","106451241","106451549","37","3956680"
"chr6","102914696","102914892","chr7","144191527","144191741","38","41276831"
"chr6","103025702","103025977","chrX","47378035","47378310","32","55647667"
"chr6","103088886","103089113","chrX","29661198","29661425","29","73427688"
"chr6","103283093","103283401","chr2B","72409719","72410029","40","30873374"
"chr6","103524334","103524620","chr5","92945759","92946047","33","10578575"
"chr6","103713391","103713710","chr11","114009659","114009980","47","10296268"
"chr6","104538614","104538916","chr6","53158380","53158685","42","51380234"
"chr6","104721381","104721493","chr11","33539566","33539677","16","71181815"
"chr6","105666634","105666942","chr4","40072459","40072768","41","65594175"
"chr6","105743535","105743843","chr4","38387917","38388218","46","67355618"
"chr6","105786862","105787150","chr9","41133153","41133436","43","64653709"
"chr6","105798755","105799074","chr5","95237085","95237403","28","10561670"
"chr6","105836365","105836669","chrX","41587872","41588178","42","64248493"
"chr6","106114233","106114560","chr10","101337366","101337681","43","4776867"
"chr6","106255359","106255664","chr1","26251787","26252092","46","80003572"
"chr6","106456370","106456540","chr4","139899848","139900023","31","33443478"
"chr6","106688458","106688678","chr5","143992960","143993179","59","37304502"
"chr6","106723488","106723766","chr6","113023760","113024041","37","6300272"
"chr6","106877926","106878228","chr6","35622489","35622796","41","71255437"
"chr6","107047251","107047515","chrX","112950331","112950595","45","5903080"
"chr6","107077450","107077740","chr5","96369645","96369942","30","10707805"
"chr6","107143134","107143314","chr19","40396949","40397128","25","66746185"
"chr6","107508737","107509047","chr7","127657301","127657615","36","20148564"
"chr6","107548290","107548594","chr3","100561340","100561640","39","6986950"
"chr6","108182469","108182764","chr1","41763043","41763338","37","66419426"
"chr6","108198376","108198692","chr20","30600032","30600347","47","77598344"
"chr6","108440940","108441248","chr4","198977209","198977521","39","90536269"
"chr6","108827177","108827489","chr5","98178333","98178643","30","10648844"
"chr6","108899441","108899723","chr4","154399744","154400023","40","45500303"
"chr6","109099262","109099590","chr11","66138839","66139149","63","42960423"
"chr6","109113877","109114177","chr5","98433540","98433844","30","10680337"
"chr6","109538425","109538736","chr6","35622489","35622796","48","73915936"
"chr6","110087039","110087351","chr13","20775986","20776294","53","89311053"
"chr6","110129834","110130148","chr7","93777948","93778260","42","16351886"
"chr6","110428604","110428899","chr9","94919935","94920225","48","15508669"
"chr6","110634926","110635236","chr20","39696632","39696939","37","70938294"
"chr6","110728999","110729310","chr7","76735395","76735710","40","33993604"
"chr6","110775682","110775999","chr12","3042424","3042732","45","107733258"
"chr6","110786680","110786992","chr9","95805016","95805324","48","14981664"
"chr6","110812802","110813086","chr16","15232771","15233053","30","95580031"
"chr6","110833903","110834197","chr12","59907829","59908121","35","50926074"
"chr6","111696289","111696573","chr2A","46391002","46391284","36","65305287"
"chr6","111924649","111924947","chr5","101134050","101134340","34","10790599"
"chr6","111949021","111949319","chr16","21547474","21547770","53","90401547"
"chr6","112052677","112052983","chr5","101265755","101266061","37","10786922"
"chr6","113028548","113028859","chr1","132729492","132729799","36","19700944"
"chr6","113176139","113176447","chr5","102413280","102413583","38","10762859"
"chr6","113370019","113370286","chr1","27046001","27046282","45","86324018"
"chr6","113482622","113482926","chr10","40521959","40522268","51","72960663"
"chr6","113549549","113549836","chr7","29178664","29178961","50","84370885"
"chr6","114257906","114258205","chr15","19038608","19038907","54","95219298"
"chr6","114323393","114323686","chr19","16602118","16602424","57","97721275"
"chr6","114774369","114774639","chr10","43187932","43188189","49","71586437"
"chr6","115159743","115160008","chr16","8858711","8858978","34","106301032"
"chr6","116056912","116057227","chr17","79404094","79404401","45","36652818"
"chr6","116462077","116462378","chr8","44743772","44744075","44","71718305"
"chr6","116518599","116518910","chr1","54620539","54620851","48","61898060"
"chr6","116546782","116547091","chr7","127657301","127657615","34","11110519"
"chr6","116746597","116746882","chr1","194446199","194446496","41","77699602"
"chr6","117700322","117700626","chrX","97594986","97595289","37","20105336"
"chr6","117850082","117850359","chr11","11693676","11693957","37","106156406"
"chr6","118109852","118110151","chr4","40581263","40581571","52","77528589"
"chr6","118353922","118354232","chr5","107803356","107803666","27","10550566"
"chr6","118638979","118639291","chr5","108096125","108096426","43","10542854"
"chr6","118943883","118944188","chr4","113397886","113398184","53","5545997"
"chr6","119785287","119785426","chr7","113774600","113774736","24","6010687"
"chr6","120257114","120257398","chr18","18679996","18680292","37","101577118"
"chr6","120318217","120318516","chr5","109806723","109807023","36","10511494"
"chr6","120386938","120387243","chr9","78896161","78896464","40","41490777"
"chr6","120389894","120390199","chr12","28716554","28716863","45","91673340"
"chr6","120415673","120415965","chr5","109900943","109901238","54","10514730"
"chr6","120418476","120418778","chr7","72899498","72899802","45","47518978"
"chr6","120547473","120547692","chr2B","30778127","30778363","49","89769346"
"chr6","120562621","120562891","chr21","28663801","28664070","41","91898820"
"chr6","120563012","120563055","chr18","56150677","56150711","21","64412335"
"chr6","120833012","120833312","chr1","41002277","41002587","54","79830735"
"chr6","121075199","121075493","chr8","59951742","59952033","39","61123457"
"chr6","121228468","121228780","chr7","52058550","52058861","44","69169918"
"chr6","121300407","121300700","chr5","110836856","110837150","21","10463551"
"chr6","121476958","121477257","chr12","36414589","36414899","50","85062369"
"chr6","121565637","121565931","chr1","27021093","27021389","36","94544544"
"chr6","121606396","121606727","chr15","79036276","79036605","45","42570120"
"chr6","121643756","121644067","chr2A","7285923","7286231","43","114357833"
"chr6","121968224","121968492","chr11","47651302","47651576","37","74316922"
"chr6","122850232","122850496","chr12","131788345","131788608","47","8938113"
"chr6","123055024","123055318","chr1","185054973","185055268","34","61999949"
"chr6","123981807","123982129","chr3","50925441","50925752","52","73056366"
"chr6","124176155","124176428","chrX","94632736","94633009","45","29543419"
"chr6","124582382","124582693","chr3","134365024","134365327","46","9782642"
"chr6","124715739","124716042","chr11","101447273","101447578","32","23268466"
"chr6","124794867","124795182","chr5","114616168","114616479","33","10178699"
"chr6","124835488","124835794","chr5","114665535","114665840","27","10169953"
"chr6","124952243","124952554","chr20","55450421","55450733","42","69501822"
"chr6","125135855","125136106","chr7","140147816","140148083","58","15011961"
"chr6","125142947","125143233","chrX","25197644","25197923","67","99945303"
"chr6","125149800","125150102","chr4","39188125","39188428","39","85961675"
"chr6","125225087","125225388","chr5","115058230","115058531","24","10166857"
"chr6","125237417","125237725","chr1","191149848","191150155","37","65912431"
"chr6","125468142","125468444","chr5","115315946","115316248","28","10152196"
"chr6","125591092","125591403","chrUn_CABD030131550v1","8094","8384","45","125582998"
"chr6","125638751","125639042","chr19","33970963","33971252","34","91667788"
"chr6","125902006","125902308","chr7","72899498","72899802","36","53002508"
"chr6","125922365","125922651","chr5","115790615","115790914","27","10131750"
"chr6","125942926","125943223","chr5","115806385","115806669","42","10136541"
"chr6","126019302","126019596","chr7","154438682","154438977","46","28419380"
"chr6","126179117","126179408","chr19","49469690","49469977","37","76709427"
"chr6","126182348","126182650","chr9","11641215","11641514","39","114541133"
"chr6","126216148","126216437","chr7","2226237","2226538","40","123989911"
"chr6","126418774","126419094","chr17","38608208","38608518","54","87810566"
"chr6","126421164","126421450","chr3","197719809","197720102","39","71298645"
"chr6","126559038","126559318","chr18","48522988","48523281","50","78036050"
"chr6","126634291","126634591","chr7","70900990","70901293","35","55733301"
"chr6","126643914","126644227","chr5","116532107","116532398","46","10111807"
"chr6","126649114","126649408","chr5","116536942","116537233","35","10112172"
"chr6","126657395","126657722","chr3","49274363","49274680","62","77383032"
"chr6","126851431","126851737","chr5","116733965","116734269","32","10117466"
"chr6","127026420","127026720","chr5","116910010","116910312","35","10116410"
"chr6","127064194","127064476","chr1","92652864","92653150","43","34411330"
"chr6","127420542","127420834","chr1","185054973","185055268","34","57634431"
"chr6","127558690","127558989","chr12","117088484","117088786","38","10470206"
"chr6","127683476","127683792","chrX","5678215","5678521","42","122005261"
"chr6","127755708","127756008","chr5","117655892","117656194","24","10099816"
"chr6","127760728","127761021","chr5","117660449","117660744","35","10100279"
"chr6","127811879","127812166","chr4","140224432","140224719","33","12412553"
"chr6","127991884","127992195","chr5","117864321","117864622","29","10127563"
"chr6","128081446","128081758","chr16","80407225","80407535","42","47674221"
"chr6","128195514","128195813","chr16","65852640","65852944","28","62342874"
"chr6","128237323","128237634","chr22","34538362","34538671","45","93698961"
"chr6","128263737","128263977","chr9","70646421","70646660","40","57617316"
"chr6","128319189","128319473","chr1","39954046","39954344","53","88365143"
"chr6","128331007","128331300","chr5","160987933","160988228","36","32656926"
"chr6","128382241","128382530","chr5","118249806","118250099","27","10132435"
"chr6","128411092","128411391","chr17","9809898","9810208","47","118601194"
"chr6","128445291","128445583","chr10","116503048","116503344","45","11942243"
"chr6","128482550","128482839","chr1","95437365","95437651","38","33045185"
"chr6","128508569","128508865","chrUn_CABD030131550v1","8094","8384","30","128500475"
"chr6","128783091","128783402","chr5","118632744","118633049","34","10150347"
"chr6","128903641","128903945","chr6","129529712","129530008","54","626071"
"chr6","129029119","129029429","chr1","205194362","205194670","42","76165243"
"chr6","129149448","129149608","chr5","23448994","23449146","27","105700454"
"chr6","129293227","129293523","chr5","160987933","160988228","30","31694706"
"chr6","129890386","129890684","chr1","27021093","27021389","32","102869293"
"chr6","130178895","130179194","chr5","120072707","120073009","35","10106188"
"chr6","130556102","130556388","chr1","144529989","144530282","41","13973887"
"chr6","130629700","130629977","chr11","66125261","66125543","44","64504439"
"chr6","130674412","130674694","chr1","24189834","24190118","30","106484578"
"chr6","131301071","131301373","chr5","13160492","13160798","38","118140579"
"chr6","131313114","131313389","chr10","9096692","9096974","42","122216422"
"chr6","131429549","131429769","chrX","100465671","100465900","44","30963878"
"chr6","131429994","131430044","chr5","121370089","121370142","6","10059905"
"chr6","131516325","131516634","chr4","199024335","199024640","41","67508010"
"chr6","131530171","131530456","chr8","54146840","54147130","41","77383331"
"chr6","131584866","131585156","chr5","64763044","64763340","31","66821822"
"chr6","131639197","131639458","chr12","131788345","131788608","40","149148"
"chr6","131670708","131671012","chr11","17305005","17305310","42","114365703"
"chr6","131671320","131671640","chr5","121627382","121627706","31","10043938"
"chr6","131711091","131711384","chr5","121665201","121665495","31","10045890"
"chr6","131765250","131765540","chr3","143032392","143032681","44","11267142"
"chr6","131794083","131794382","chr12","117088484","117088786","40","14705599"
"chr6","131803742","131804041","chr1","27021093","27021389","29","104782649"
"chr6","131930611","131930922","chr1","40966383","40966697","39","90964228"
"chr6","132049740","132050038","chr5","122001335","122001634","29","10048405"
"chr6","132245694","132246007","chr10","101337366","101337681","34","30908328"
"chr6","132630380","132630692","chr5","59295543","59295841","41","73334837"
"chr6","132685148","132685439","chrUn_CABD030131550v1","8094","8384","32","132677054"
"chr6","132716633","132716923","chr5","122702004","122702298","22","10014629"
"chr6","132779285","132779600","chr11","27442623","27442932","40","105336662"
"chr6","132786378","132786689","chr22","22301801","22302112","39","110484577"
"chr6","132823662","132823952","chr9","118968461","118968747","34","13855201"
"chr6","132894717","132895024","chr5","122871832","122872131","38","10022885"
"chr6","132901152","132901430","chr5","122874094","122874392","38","10027058"
"chr6","133033432","133033689","chr5","25439434","25439692","41","107593998"
"chr6","133036882","133037190","chr5","123006712","123007008","44","10030170"
"chr6","133082810","133083078","chr21","28663801","28664070","45","104419009"
"chr6","133101445","133101751","chr12","70844312","70844610","38","62257133"
"chr6","133112992","133113304","chr1","100887646","100887952","40","32225346"
"chr6","133251315","133251391","chr2A","33651136","33651215","12","99600179"
"chr6","133256066","133256356","chr5","123252070","123252352","42","10003996"
"chr6","133311471","133311785","chr5","123307584","123307895","29","10003887"
"chr6","133608064","133608315","chr21","25672362","25672614","41","107935702"
"chr6","133631964","133632252","chr17","9644327","9644622","36","123987637"
"chr6","133759772","133760082","chr12","3042424","3042732","38","130717348"
"chr6","133768378","133768681","chr10","108870200","108870501","33","24898178"
"chr6","133789476","133789787","chr2B","65741490","65741803","36","68047986"
"chr6","133914247","133914525","chr4","83955527","83955809","36","49958720"
"chr6","133934145","133934438","chr7","62498293","62498586","32","71435852"
"chr6","133940870","133941174","chr7","68448047","68448343","54","65492823"
"chr6","134116306","134116488","chr1","1885576","1885759","39","132230730"
"chr6","134122074","134122386","chr12","8706461","8706771","43","125415613"
"chr6","134171846","134172149","chr3","100561340","100561640","45","33610506"
"chr6","134237977","134238270","chr5","124260956","124261255","25","9977021"
"chr6","134497956","134498248","chr7","129430880","129431159","52","5067076"
"chr6","134644476","134644769","chr7","22028248","22028547","39","112616228"
"chr6","134788716","134789012","chrX","55069450","55069745","38","79719266"
"chr6","134936869","134937180","chr17","38608208","38608518","55","96328661"
"chr6","134954451","134954604","chr5","125002744","125002896","14","9951707"
"chr6","134960999","134961311","chrX","44834336","44834647","40","90126663"
"chr6","135105260","135105572","chr14","31471531","31471845","39","103633729"
"chr6","135149914","135150208","chrX","97594986","97595289","32","37554928"
"chr6","135158390","135158681","chr5","64763044","64763340","41","70395346"
"chr6","135294630","135294903","chr18","66000697","66000973","39","69293933"
"chr6","135412594","135412899","chr1","159310134","159310437","39","23897540"
"chr6","135417299","135417610","chr17","38608208","38608518","38","96809091"
"chr6","135533300","135533476","chr9","62558738","62558911","23","72974562"
"chr6","135578168","135578480","chr5","36374695","36374994","47","99203473"
"chr6","135631633","135631943","chr20","35582405","35582711","32","100049228"
"chr6","135704075","135704385","chr19","16602118","16602424","42","119101957"
"chr6","135725533","135725844","chr16","60195014","60195326","42","75530519"
"chr6","135748523","135748833","chr3","2931636","2931947","33","132816887"
"chr6","135779544","135779766","chr12","95133984","95134201","35","40645560"
"chr6","135855809","135855994","chr7","140066600","140066786","25","4210791"
"chr6","135878402","135878696","chr1","110314305","110314597","36","25564097"
"chr6","135901571","135901853","chr3","144880561","144880847","46","8978990"
"chr6","135920277","135920575","chr1","27021093","27021389","33","108899184"
"chr6","135941992","135942286","chr6","35622489","35622796","51","100319503"
"chr6","136007163","136007464","chr5","26135906","26136209","46","109871257"
"chr6","136359628","136359947","chr1","191149848","191150155","46","54790220"
"chr6","136612635","136612941","chr5","126673542","126673850","28","9939093"
"chr6","136624413","136624682","chr12","131788345","131788608","38","4836068"
"chr6","136818758","136819023","chr5","126879068","126879333","35","9939690"
"chr6","137073341","137073676","chr6","37861193","37861525","61","99212148"
"chr6","137220738","137221082","chrX","54528103","54528453","53","82692635"
"chr6","137691136","137691444","chr5","127775845","127776134","36","9915291"
"chr6","137826030","137826344","chr12","3042424","3042732","42","134783606"
"chr6","137840416","137840715","chr17","54310657","54310956","44","83529759"
"chr6","137913336","137913598","chr5","128004397","128004665","30","9908939"
"chr6","138103233","138103512","chr19","52434338","52434622","45","85668895"
"chr6","138538842","138539111","chr7","65155241","65155502","38","73383601"
"chr6","138565201","138565514","chr2A","10348885","10349185","50","128216316"
"chr6","138622576","138622877","chr5","128697047","128697349","44","9925529"
"chr6","138994111","138994408","chr5","129057551","129057850","42","9936560"
"chr6","139156731","139157035","chr12","8706461","8706771","40","130450270"
"chr6","139404456","139404771","chr22","20623630","20623939","42","118780826"
"chr6","139487698","139488006","chrX","97594986","97595289","38","41892712"
"chr6","139607502","139607757","chr5","129645197","129645453","45","9962305"
"chr6","139623116","139623412","chr2B","49485143","49485438","32","90137973"
"chr6","139670662","139670978","chr21","20170201","20170510","49","119500461"
"chr6","139691594","139691900","chr5","129725844","129726150","29","9965750"
"chr6","139726524","139726795","chr3","130511138","130511419","56","9215386"
"chr6","139739885","139740196","chr5","129777200","129777512","36","9962685"
"chr6","139860684","139860997","chr5","129897197","129897503","40","9963487"
"chr6","139883426","139883697","chr2A","3645196","3645471","51","136238230"
"chr6","140038197","140038494","chr5","130076685","130076979","30","9961512"
"chr6","140814197","140814499","chr10","108870200","108870501","42","31943997"
"chr6","140993114","140993381","chr3","113825165","113825432","34","27167949"
"chr6","141028752","141029059","chrX","97594986","97595289","38","43433766"
"chr6","141072903","141073225","chr6","172892387","172892713","58","31819484"
"chr6","141078732","141079032","chr10","132483841","132484151","67","8594891"
"chr6","141137785","141138096","chr5","162326402","162326716","44","21188617"
"chr6","141214263","141214521","chr3","127268944","127269210","40","13945319"
"chr6","141414642","141414946","chr5","15352472","15352776","59","126062170"
"chr6","141619524","141619807","chr16","15232771","15233053","30","126386753"
"chr6","142405441","142405752","chr1","134763713","134764022","39","7641728"
"chr6","142842739","142843045","chr5","132959215","132959523","30","9883524"
"chr6","143007720","143008020","chr5","133127100","133127402","26","9880620"
"chr6","143075495","143075806","chr5","133193777","133194086","25","9881718"
"chr6","143126482","143126793","chr17","38608208","38608518","42","104518274"
"chr6","143156622","143156932","chr5","133276618","133276922","32","9880004"
"chr6","143192321","143192633","chr10","121813796","121814102","42","21378525"
"chr6","143359219","143359531","chr1","13582785","13583095","46","129776434"
"chr6","143455787","143456096","chr8","44743772","44744075","46","98712015"
"chr6","143510874","143511183","chr1","13582785","13583095","42","129928089"
"chr6","143514031","143514338","chr5","133649220","133649524","32","9864811"
"chr6","143538891","143539135","chr1","158525902","158526148","52","14987011"
"chr6","143710189","143710351","chr5","133840241","133840403","18","9869948"
"chr6","143726942","143727252","chrX","51034227","51034538","36","92692715"
"chr6","143990065","143990377","chr1","1695262","1695570","39","142294803"
"chr6","144010822","144011115","chr17","81504650","81504947","40","62506172"
"chr6","144034476","144034794","chr1","132554974","132555276","49","11479502"
"chr6","144036000","144036299","chr1","10106309","10106608","39","133929691"
"chr6","144052216","144052510","chr3","135591702","135592003","42","8460514"
"chr6","144091777","144092085","chr3","2931636","2931947","32","141160141"
"chr6","144123533","144123815","chr1","24189834","24190118","35","119933699"
"chr6","144207333","144207645","chr7","2757521","2757833","34","141449812"
"chr6","144522629","144522929","chr11","19307517","19307814","35","125215112"
"chr6","144542764","144543074","chr19","15918497","15918807","37","128624267"
"chr6","144671194","144671486","chr1","144529989","144530282","48","141205"
"chr6","144717242","144717551","chr10","140604064","140604370","43","4113178"
"chr6","144752355","144752557","chr3","23397621","23397811","43","121354734"
"chr6","144806032","144806319","chr4","140224432","140224719","37","4581600"
"chr6","144870705","144870787","chr5","135091632","135091712","11","9779073"
"chr6","144904607","144904918","chr17","28027747","28028064","42","116876860"
"chr6","144973598","144973917","chr7","127657301","127657615","51","17316297"
"chr6","145165389","145165702","chr5","135389387","135389695","34","9776002"
"chr6","145183023","145183333","chr6","35622489","35622796","33","109560534"
"chr6","145206506","145206820","chr12","21276435","21276745","38","123930071"
"chr6","145252826","145253131","chr5","13160492","13160798","31","132092334"
"chr6","145462973","145463275","chr5","135676375","135676673","25","9786598"
"chr6","146354643","146354942","chr15","52874335","52874637","42","93480308"
"chr6","146430022","146430318","chr5","136708509","136708803","29","9721513"
"chr6","147186112","147186424","chr16","48445814","48446125","37","98740298"
"chr6","147739254","147739567","chr17","38608208","38608518","40","109131046"
"chr6","147850781","147851084","chr10","140604064","140604370","44","7246717"
"chr6","147931322","147931618","chr5","138240538","138240830","38","9690784"
"chr6","148055272","148055561","chrX","12705593","12705883","45","135349679"
"chr6","148100485","148100785","chr5","138409694","138410001","31","9690791"
"chr6","148120647","148120728","chr8","32413551","32413628","9","115707096"
"chr6","148125460","148125771","chr8","9573209","9573516","44","138552251"
"chr6","148255417","148255713","chr6","42731113","42731410","45","105524304"
"chr6","148261202","148261507","chr19","15918497","15918807","41","132342705"
"chr6","148454769","148455049","chr1","24189834","24190118","28","124264935"
"chr6","148524215","148524524","chr20","30426164","30426464","54","118098051"
"chr6","148712348","148712649","chr13","34006475","34006766","52","114705873"
"chr6","148730714","148731006","chr5","139079160","139079451","27","9651554"
"chr6","149907900","149908209","chr2B","2648213","2648520","44","147259687"
"chr6","150214528","150214805","chr5","140577486","140577746","41","9637042"
"chr6","150462770","150463061","chr5","140837764","140838057","21","9625006"
"chr6","150550323","150550617","chr5","140931499","140931791","28","9618824"
"chr6","150567719","150567999","chr1","24189834","24190118","40","126377885"
"chr6","150728602","150728914","chr10","118065990","118066302","45","32662612"
"chr6","150964625","150964932","chr5","141328669","141328975","24","9635956"
"chr6","150993600","150993895","chr5","141357361","141357654","29","9636239"
"chr6","151076451","151076748","chr5","141442723","141443041","39","9633728"
"chr6","151089924","151090242","chr5","141456252","141456556","44","9633672"
"chr6","151092258","151092586","chr1","22955832","22956145","55","128136426"
"chr6","151171307","151171599","chr4","155657331","155657621","36","4486024"
"chr6","151223055","151223364","chr1","31656307","31656617","32","119566748"
"chr6","151308911","151309177","chr5","141693192","141693463","36","9615719"
"chr6","151326392","151326552","chrX","123723452","123723622","26","27602940"
"chr6","151426097","151426402","chr6","6752789","6753094","34","144673308"
"chr6","151551840","151552134","chr5","141944114","141944414","26","9607726"
"chr6","151724731","151725044","chr5","142124933","142125235","35","9599798"
"chr6","151966408","151966700","chr5","142375003","142375305","41","9591405"
"chr6","152007603","152007743","chr9","114224821","114224954","27","37782782"
"chr6","152413474","152413782","chr5","13160492","13160798","45","139252982"
"chr6","152489407","152489720","chr2A","21134848","21135157","44","131354559"
"chr6","152535515","152535833","chr19","46983001","46983308","45","105552514"
"chr6","152681997","152682310","chr5","143073195","143073503","27","9608802"
"chr6","153060761","153061055","chr1","35990880","35991182","60","117069881"
"chr6","153383317","153383610","chr11","56432081","56432377","50","96951236"
"chr6","153410326","153410650","chr5","143842090","143842408","34","9568236"
"chr6","153501676","153501967","chrX","71178322","71178614","35","82323354"
"chr6","153553413","153553694","chr1","32667941","32668230","45","120885472"
"chr6","153577162","153577221","chr5","104789932","104789989","6","48787230"
"chr6","153577275","153577514","chr2A","21712964","21713196","39","131864311"
"chr6","153582549","153582863","chr1","157261144","157261453","43","3678595"
"chr6","153607331","153607636","chr1","132554974","132555276","41","21052357"
"chr6","153627237","153627548","chr1","100887646","100887952","36","52739591"
"chr6","153631548","153631859","chrX","41587872","41588178","35","112043676"
"chr6","153642849","153643149","chr10","117071045","117071342","31","36571804"
"chr6","153665710","153666013","chr1","100887646","100887952","40","52778064"
"chr6","153673479","153673771","chr9","67126783","67127082","33","86546696"
"chr6","153807788","153808089","chr3","24226115","24226415","33","129581673"
"chr6","154422429","154422721","chr8","100353934","100354233","44","54068495"
"chr6","154489777","154490075","chr3","191376953","191377247","45","36887176"
"chr6","154563200","154563506","chr6","35622489","35622796","44","118940711"
"chr6","154626129","154626426","chr5","145042423","145042732","47","9583706"
"chr6","154629373","154629673","chr1","35990880","35991182","36","118638493"
"chr6","154632538","154632858","chr1","27511879","27512199","51","127120659"
"chr6","154999039","154999390","chr1","164362054","164362396","78","9363015"
"chr6","155219923","155220236","chr10","37211192","37211508","44","118008731"
"chr6","156122881","156123185","chr11","82956585","82956882","43","73166296"
"chr6","156366134","156366446","chr1","148927652","148927960","56","7438482"
"chr6","156384324","156384585","chr19","19547761","19548024","45","136836563"
"chr6","156627142","156627455","chr7","52058550","52058861","47","104568592"
"chr6","156724459","156724757","chrX","54732807","54733103","41","101991652"
"chr6","156911022","156911317","chr3","197719809","197720102","37","40808787"
"chr6","157533033","157533239","chr6","154135652","154135865","35","3397381"
"chr6","157943279","157943593","chr7","127657301","127657615","53","30285978"
"chr6","157972140","157972441","chr11","82956585","82956882","37","75015555"
"chr6","158085753","158086037","chr5","148597136","148597428","30","9488617"
"chr6","158087126","158087410","chr5","148597136","148597428","29","9489990"
"chr6","158184302","158184598","chr10","136766798","136767102","43","21417504"
"chr6","158315802","158316086","chr19","33970963","33971252","37","124344839"
"chr6","158711012","158711322","chr15","67619999","67620309","45","91091013"
"chr6","158850730","158851042","chr18","44508207","44508512","43","114342523"
"chr6","159212299","159212613","chr1","40966383","40966697","45","118245916"
"chr6","159447138","159447437","chr5","149959659","149959961","35","9487479"
"chr6","159554936","159555109","chr10","124132642","124132793","29","35422294"
"chr6","159561638","159561932","chr5","150094285","150094588","31","9467353"
"chr6","159821894","159822205","chr5","150370019","150370329","22","9451875"
"chr6","159891993","159892163","chr1","7975974","7976142","27","151916019"
"chr6","159949473","159949760","chr1","8435090","8435381","43","151514383"
"chr6","160050692","160050993","chr9","70252230","70252529","36","89798462"
"chr6","160127075","160127390","chr6","37682797","37683102","45","122444278"
"chr6","160143292","160143571","chr3","199459216","199459497","35","39315924"
"chr6","160330409","160330722","chr2B","44213774","44214081","50","116116635"
"chr6","160532327","160532640","chr2A","10355583","10355893","37","150176744"
"chr6","160604247","160604552","chrX","123609498","123609802","36","36994749"
"chr6","160658831","160659153","chr5","151215061","151215377","38","9443770"
"chr6","160745070","160745357","chr15","28593807","28594096","51","132151263"
"chr6","160949894","160950194","chr1","60766014","60766316","41","100183880"
"chr6","161027087","161027382","chrX","18796354","18796648","42","142230733"
"chr6","161084863","161085142","chr5","151678545","151678830","32","9406318"
"chr6","161226776","161227068","chr4","2596927","2597217","42","158629849"
"chr6","161307601","161307888","chr16","15232771","15233053","39","146074830"
"chr6","161368736","161369038","chr5","45856163","45856467","35","115512573"
"chr6","161652666","161652964","chr1","21740753","21741044","38","139911913"
"chr6","161687153","161687455","chr5","152324431","152324723","34","9362722"
"chr6","161745594","161745883","chr6","7125066","7125354","34","154620528"
"chr6","161751579","161751738","chr3","198623790","198623952","22","36872211"
"chr6","161832874","161833173","chr19","18263442","18263752","50","143569432"
"chr6","161835401","161835699","chr5","152478996","152479296","22","9356405"
"chr6","162058021","162058321","chr2B","107373831","107374141","43","54684190"
"chr6","162060924","162061196","chr5","100069077","100069348","39","61991847"
"chr6","162065154","162065457","chr5","152685113","152685420","36","9380041"
"chr6","162205235","162205548","chr17","38608208","38608518","31","123597027"
"chr6","162221102","162221413","chr5","152840259","152840564","28","9380843"
"chr6","162228906","162229188","chr4","197519800","197520092","49","35290894"
"chr6","162279893","162280206","chr5","152899713","152900025","34","9380180"
"chr6","162377605","162377889","chr12","21778326","21778613","40","140599279"
"chr6","162529826","162530130","chr20","51163813","51164116","47","111366013"
"chr6","163160986","163161299","chr14","20972619","20972931","34","142188367"
"chr6","163432939","163433218","chr4","20117785","20118067","40","143315154"
"chr6","163664088","163664370","chrX","50220545","50220834","41","113443543"
"chr6","164175114","164175396","chr16","39080801","39081081","46","125094313"
"chr6","164180399","164180699","chr20","36320473","36320769","38","127859926"
"chr6","164200249","164200562","chr16","9190501","9190812","38","155009748"
"chr6","164559239","164559534","chr1","27021093","27021389","33","137538146"
"chr6","164702904","164703201","chr11","82956585","82956882","49","81746319"
"chr6","164742977","164743280","chrX","51034227","51034538","49","113708750"
"chr6","164798307","164798617","chrX","41587872","41588178","40","123210435"
"chr6","164861665","164861957","chr5","155579321","155579627","35","9282344"
"chr6","165164606","165164916","chr3","12041820","12042133","52","153122786"
"chr6","165213687","165213993","chr3","188140014","188140321","31","22926327"
"chr6","165332208","165332498","chr4","37953476","37953776","47","127378732"
"chr6","165368081","165368384","chr5","156123288","156123590","22","9244793"
"chr6","165387473","165387782","chr2A","10355583","10355893","42","155031890"
"chr6","165398173","165398243","chr3","55348120","55348193","11","110050053"
"chr6","165456599","165456897","chr3","134438652","134438945","34","31017947"
"chr6","165524207","165524517","chr4","173568856","173569161","50","8044649"
"chr6","165528192","165528504","chr6","2202857","2203169","37","163325335"
"chr6","165538358","165538664","chr5","156289782","156290081","39","9248576"
"chr6","165626690","165626997","chr2A","38433886","38434193","35","127192804"
"chr6","165634367","165634517","chr19","37040913","37041060","19","128593454"
"chr6","165653794","165654083","chr1","23083897","23084189","38","142569897"
"chr6","165690267","165690579","chr3","197346369","197346679","49","31656102"
"chr6","165696727","165697038","chr5","156442404","156442715","30","9254323"
"chr6","165780848","165781161","chr11","17305005","17305310","45","148475843"
"chr6","165846004","165846314","chr5","156598002","156598310","28","9248002"
"chr6","165890451","165890729","chr1","93147691","93147983","44","72742760"
"chr6","165993903","165994211","chr5","156742084","156742384","41","9251819"
"chr6","166168785","166168840","chr5","104789932","104789989","9","61378853"
"chr6","166201418","166201471","chr8","45872001","45872052","14","120329417"
"chr6","166201595","166201847","chr13","88530869","88531139","59","77670726"
"chr6","166262999","166263311","chr6","37682797","37683102","41","128580202"
"chr6","166299801","166300079","chr19","3472325","3472614","45","162827476"
"chr6","166447721","166448016","chr3","197346369","197346679","49","30898648"
"chr6","166460169","166460458","chr1","185054973","185055268","32","18594804"
"chr6","166463221","166463582","chr3","22047910","22048257","85","144415311"
"chr6","166496318","166496619","chr19","57118880","57119186","39","109377438"
"chr6","166542843","166543142","chr12","22054186","22054492","40","144488657"
"chr6","166629148","166629460","chrX","41587872","41588178","37","125041276"
"chr6","166667648","166667950","chr9","59842059","59842366","34","106825589"
"chr6","167109101","167109377","chr19","10545129","10545406","38","156563972"
"chr6","167742523","167742837","chr6","113288131","113288442","37","54454392"
"chr6","167849175","167849446","chr12","34550616","34550890","39","133298559"
"chr6","167891782","167892081","chr2B","125039405","125039704","35","42852377"
"chr6","167916159","167916454","chr1","185054973","185055268","38","17138814"
"chr6","167991555","167991859","chr5","158693392","158693703","34","9298163"
"chr6","168038913","168039220","chr1","17435492","17435794","35","150603421"
"chr6","168064937","168065035","chr14","56757077","56757168","27","111307860"
"chr6","168078175","168078491","chr17","28027747","28028064","36","140050428"
"chr6","168182483","168182800","chr4","86790373","86790681","44","81392110"
"chr6","168242176","168242503","chr11","19872208","19872525","55","148369968"
"chr6","168477815","168478108","chr1","185054973","185055268","39","16577158"
"chr6","168843492","168843793","chr5","159545578","159545884","23","9297914"
"chr6","168846706","168846997","chr3","197719809","197720102","41","28873103"
"chr6","168952405","168952720","chr17","88014881","88015193","38","80937524"
"chr6","168983585","168983877","chr19","15197308","15197609","46","153786277"
"chr6","169178930","169179243","chr13","8634043","8634347","37","160544887"
"chr6","169303734","169304041","chr10","106583212","106583513","46","62720522"
"chr6","169359171","169359449","chr2A","32372916","32373191","39","136986255"
"chr6","169361367","169361664","chr6","166357597","166357893","43","3003770"
"chr6","169483537","169483828","chr16","32631645","32631932","25","136851892"
"chr6","169486550","169486854","chr5","160281654","160281952","38","9204896"
"chr6","169519493","169519785","chr5","160281654","160281952","36","9237839"
"chr6","169579295","169579581","chr9","13793724","13794018","34","155785571"
"chr6","169656991","169657293","chr17","8465111","8465410","35","161191880"
"chr6","169673095","169673393","chr5","160418964","160419261","23","9254131"
"chr6","169749621","169749921","chr2B","131682097","131682398","38","38067524"
"chr6","169812584","169812877","chr1","185054973","185055268","39","15242389"
"chr6","169838795","169839105","chr12","3042424","3042732","39","166796371"
"chr6","169982773","169983070","chr14","32911179","32911476","39","137071594"
"chr6","170203342","170203653","chr2A","10355583","10355893","35","159847759"
"chr6","170254095","170254394","chr5","160987933","160988228","31","9266162"
"chr6","170272530","170272843","chr4","198295008","198295316","36","28022478"
"chr6","170365462","170365751","chr1","40476156","40476452","41","129889306"
"chr6","170367292","170367572","chr5","161113396","161113671","18","9253896"
"chr6","170383632","170383755","chr2B","66491327","66491448","17","103892305"
"chr6","170384736","170385050","chr19","15918497","15918807","36","154466239"
"chr6","170436520","170436834","chr2A","10355583","10355893","44","160080937"
"chr6","170476870","170477170","chr5","133411905","133412206","40","37064965"
"chr6","170509301","170509568","chrX","94632736","94633009","47","75876565"
"chr6","170582895","170583171","chr9","115970096","115970371","45","54612799"
"chr6","170587333","170587628","chr9","75973220","75973513","39","94614113"
"chr6","170610131","170610438","chr6","42682302","42682607","42","127927829"
"chr6","170623228","170623538","chr6","35622489","35622796","41","135000739"
"chr6","170625749","170626048","chr3","200673558","200673829","73","30047809"
"chr6","170721421","170721729","chrX","41587872","41588178","34","129133549"
"chr6","170753899","170754161","chr5","161490258","161490511","35","9263641"
"chr6","170946428","170946733","chr10","118065990","118066302","42","52880438"
"chr6","171108526","171108812","chrX","1068284","1068571","42","170040242"
"chr6","171156691","171156980","chr4","40078992","40079285","45","131077699"
"chr6","171440824","171441137","chr5","162326402","162326716","37","9114422"
"chr6","171442748","171443049","chr6","35787128","35787432","38","135655620"
"chr6","171478584","171478886","chr14","32972455","32972755","42","138506129"
"chr6","171632869","171633176","chr5","162516508","162516815","27","9116361"
"chr6","171685875","171686193","chr5","162572076","162572379","38","9113799"
"chr6","171731102","171731404","chr5","162615311","162615623","37","9115791"
"chr6","171752954","171753264","chr11","68049982","68050285","42","103702972"
"chr6","171792997","171793302","chr4","199024335","199024640","47","27231338"
"chr6","171810217","171810505","chr10","101207975","101208261","48","70602242"
"chr6","172055912","172056221","chr19","48749897","48750207","35","123306015"
"chr6","172064455","172064652","chr7","140066600","140066786","33","31997855"
"chr6","172086302","172086605","chr1","191149848","191150155","50","19063546"
"chr6","172103069","172103361","chr5","82014241","82014539","47","90088828"
"chr6","172163870","172164208","chr8","130965333","130965666","58","41198537"
"chr6","172341987","172342286","chr16","57514265","57514560","41","114827722"
"chr6","172760687","172760985","chr9","67126783","67127082","32","105633904"
"chr6","172768252","172768565","chr5","163626088","163626390","39","9142164"
"chr6","172899621","172899924","chr1","132554974","132555276","39","40344647"
"chr6","172901785","172902083","chr5","163735998","163736298","26","9165787"
"chr6","172905103","172905412","chr9","59842059","59842366","44","113063044"
"chr6","172907385","172907682","chr5","45856163","45856467","54","127051222"
"chr6","172929756","172930055","chr4","165661257","165661549","50","7268499"
"chr6","173019957","173020248","chr17","83833273","83833562","31","89186684"
"chr6","173050284","173050457","chr10","107555129","107555302","24","65495155"
"chr6","173080249","173080518","chr14","87777140","87777418","49","85303109"
"chr6","173117787","173118094","chrX","41587872","41588178","36","131529915"
"chr6","173159048","173159124","chr5","163975000","163975079","8","9184048"
"chr6","173316847","173317145","chr5","164140810","164141104","42","9176037"
"chr6","173324684","173324964","chr1","62359152","62359428","40","110965532"
"chr6","173326754","173327059","chr12","53287753","53288063","39","120039001"
"chr6","173345259","173345572","chr15","69276871","69277183","37","104068388"
"chr6","173404571","173404875","chr19","57118880","57119186","36","116285691"
"chr6","173606142","173606436","chr7","129287081","129287379","45","44319061"
"chr6","173647339","173647622","chr6","11278383","11278664","28","162368956"
"chr6","173755857","173756161","chr7","72899498","72899802","45","100856359"
"chr6","173787156","173787437","chrX","18200876","18201163","43","155586280"
"chr6","173896321","173896617","chr5","164722526","164722827","39","9173795"
"chr6","173978354","173978658","chr1","132554974","132555276","39","41423380"
"chr6","174019466","174019776","chr7","29021792","29022096","43","144997674"
"chr6","174098162","174098476","chr1","100887646","100887952","39","73210516"
"chr7","44171136","44171430","chr10","36114158","36114452","42","8056978"
"chr7","73662309","73662607","chr7","111976753","111977051","34","38314444"
"chr7","116915951","116916272","chr14","43783223","43783536","31","73132728"
"chr7","5905","6177","chr16","58505222","58505497","35","58499317"
"chr7","55996","56226","chr10","66674095","66674324","39","66618099"
"chr7","56492","56572","chr10","66674628","66674710","20","66618136"
"chr7","128475","128794","chr14","77304145","77304459","52","77175670"
"chr7","240144","240359","chr1","212493778","212493994","40","212253634"
"chr7","305877","306192","chr5","162326402","162326716","45","162020525"
"chr7","497032","497348","chr7","154570538","154570845","45","154073506"
"chr7","592695","592984","chr15","2621006","2621302","40","2028311"
"chr7","674583","674899","chr15","2698116","2698430","27","2023533"
"chr7","1064418","1064714","chr11","58946039","58946326","48","57881621"
"chr7","1126039","1126337","chr17","17867335","17867624","40","16741296"
"chr7","1189553","1189850","chr22","34314671","34314970","48","33125118"
"chr7","1211618","1211926","chr15","3408806","3409111","31","2197188"
"chr7","1239373","1239685","chrX","51034227","51034538","56","49794854"
"chr7","1316314","1316618","chrX","39361569","39361874","36","38045255"
"chr7","1969052","1969344","chr1","194446199","194446496","34","192477147"
"chr7","2081761","2082061","chr15","4737312","4737617","41","2655551"
"chr7","2159965","2160260","chr22","14216868","14217167","49","12056903"
"chr7","2502941","2503217","chr15","5166259","5166547","36","2663318"
"chr7","3124076","3124390","chr15","69276871","69277183","51","66152795"
"chr7","3298105","3298397","chr5","2683883","2684176","44","614222"
"chr7","3506163","3506444","chr8","142809025","142809318","43","139302862"
"chr7","3836157","3836392","chr1","180285522","180285755","49","176449365"
"chr7","3857433","3857730","chr15","6566465","6566763","36","2709032"
"chr7","4052458","4052652","chr1","47879138","47879328","37","43826680"
"chr7","4055455","4055675","chr8","98564414","98564653","49","94508959"
"chr7","4157072","4157380","chr11","65334802","65335112","37","61177730"
"chr7","4284448","4284747","chr17","23676558","23676864","46","19392110"
"chr7","4353976","4354275","chr20","36320473","36320769","43","31966497"
"chr7","4367966","4368266","chr17","8465111","8465410","32","4097145"
"chr7","4395286","4395582","chr7","138210981","138211278","39","133815695"
"chr7","4402955","4403252","chr13","33361251","33361548","25","28958296"
"chr7","4444672","4444977","chr15","1963517","1963824","40","2481155"
"chr7","4646657","4646777","chr15","7161808","7161929","17","2515151"
"chr7","4716623","4716933","chr15","7231137","7231445","28","2514514"
"chr7","4895453","4895760","chr4","199024335","199024640","38","194128882"
"chr7","5008258","5008553","chr20","25119800","25120092","50","20111542"
"chr7","5019827","5020139","chr1","54620539","54620851","35","49600712"
"chr7","5063666","5063973","chr8","30072940","30073247","45","25009274"
"chr7","5077850","5078161","chr12","3042424","3042732","34","2035426"
"chr7","5261986","5262282","chr5","2097394","2097688","50","3164592"
"chr7","5274166","5274480","chr3","189917481","189917788","57","184643315"
"chr7","5395569","5395868","chr5","160987933","160988228","29","155592364"
"chr7","5422408","5422722","chr2B","72409719","72410029","38","66987311"
"chr7","5529430","5529706","chr15","13780491","13780768","43","8251061"
"chr7","5588129","5588455","chr18","8820811","8821121","48","3232682"
"chr7","5714006","5714319","chr9","81354291","81354584","48","75640285"
"chr7","5876642","5876953","chr19","46983001","46983308","41","41106359"
"chr7","5916987","5917301","chr15","18246269","18246581","44","12329282"
"chr7","5927630","5927925","chr2B","99512257","99512553","35","93584627"
"chr7","5938405","5938692","chr9","87736194","87736488","41","81797789"
"chr7","6027406","6027586","chr19","2974694","2974872","29","3052712"
"chr7","6224332","6224644","chr20","30120028","30120336","40","23895696"
"chr7","6229643","6229940","chr15","9356934","9357230","27","3127291"
"chr7","6346655","6346843","chr10","60504761","60504953","31","54158106"
"chr7","6842559","6842838","chr15","10027175","10027456","23","3184616"
"chr7","7003362","7003663","chr14","45077767","45078073","39","38074405"
"chr7","7466542","7466854","chr1","215398124","215398438","38","207931582"
"chr7","7728055","7728347","chrX","973699","973991","33","6754356"
"chr7","7732479","7732754","chr17","10387569","10387843","42","2655090"
"chr7","7744768","7745070","chr3","188140014","188140321","37","180395246"
"chr7","7811916","7812089","chrX","123723452","123723622","27","115911536"
"chr7","7838361","7838665","chr1","100887646","100887952","40","93049285"
"chr7","8141131","8141445","chr5","53683183","53683498","38","45542052"
"chr7","8288278","8288587","chr11","95549087","95549398","36","87260809"
"chr7","8309723","8310032","chr15","11625082","11625384","28","3315359"
"chr7","8381829","8382132","chr15","11703953","11704257","32","3322124"
"chr7","8569344","8569635","chr7","57366216","57366511","37","48796872"
"chr7","8582293","8582605","chr14","74671804","74672116","48","66089511"
"chr7","8670381","8670688","chr15","11987743","11988049","21","3317362"
"chr7","8741236","8741545","chrX","55017117","55017417","49","46275881"
"chr7","8779925","8780231","chr1","180453011","180453318","31","171673086"
"chr7","8843253","8843551","chr12","8693113","8693410","38","150140"
"chr7","8899964","8900265","chr16","43413176","43413481","46","34513212"
"chr7","9264049","9264360","chr7","134871506","134871819","40","125607457"
"chr7","9441401","9441704","chr11","17305005","17305310","41","7863604"
"chr7","9449860","9450175","chrX","74427130","74427438","43","64977270"
"chr7","9508990","9509310","chr6","32378353","32378664","44","22869363"
"chr7","9565932","9566222","chr12","35806029","35806302","37","26240097"
"chr7","9570752","9571064","chr2B","62227859","62228171","41","52657107"
"chr7","9600786","9601079","chr1","185054973","185055268","36","175454187"
"chr7","9610957","9611263","chr6","3803168","3803477","54","5807789"
"chr7","9618843","9619136","chr13","48509559","48509859","47","38890716"
"chr7","9772460","9772755","chr4","161025537","161025837","39","151253077"
"chr7","9802041","9802307","chr15","13087085","13087353","20","3285044"
"chr7","10055789","10056067","chr2B","44368641","44368918","45","34312852"
"chr7","10498739","10499016","chr15","13780491","13780768","25","3281752"
"chr7","10890909","10891180","chr15","14230563","14230834","37","3339654"
"chr7","10923983","10924293","chr5","115315946","115316248","55","104391963"
"chr7","10934773","10935064","chr9","68968659","68968955","42","58033886"
"chr7","11567399","11567674","chr19","11306934","11307209","42","260465"
"chr7","11894788","11895082","chr5","63827188","63827485","41","51932400"
"chr7","12281391","12281663","chr17","10387569","10387843","37","1893822"
"chr7","12443134","12443447","chr14","89567587","89567900","42","77124453"
"chr7","12840261","12840550","chr12","59907829","59908121","48","47067568"
"chr7","13030422","13030714","chr22","18788031","18788322","34","5757609"
"chr7","13638704","13639012","chr6","144898371","144898682","35","131259667"
"chr7","13810683","13810983","chr3","33692080","33692378","35","19881397"
"chr7","14202289","14202596","chr2A","10355583","10355893","38","3846706"
"chr7","14422839","14423113","chr15","17899450","17899719","19","3476611"
"chr7","14466464","14466650","chrX","123723452","123723622","36","109256988"
"chr7","14554028","14554333","chr2B","2648213","2648520","31","11905815"
"chr7","15019899","15020211","chr1","100887646","100887952","52","85867747"
"chr7","15046915","15047218","chr15","18489059","18489359","33","3442144"
"chr7","15061151","15061447","chr5","160987933","160988228","30","145926782"
"chr7","15095925","15096235","chr15","18533502","18533806","32","3437577"
"chr7","15159928","15160235","chr15","18586711","18587012","27","3426783"
"chr7","15180899","15181197","chr17","8465111","8465410","35","6715788"
"chr7","15184868","15185173","chr15","18610005","18610313","27","3425137"
"chr7","15275398","15275684","chr10","125646260","125646551","42","110370862"
"chr7","15325839","15326138","chr3","11592628","11592929","37","3733211"
"chr7","15427650","15427928","chr9","16046919","16047196","41","619269"
"chr7","15479532","15479812","chr15","18888189","18888468","29","3408657"
"chr7","15623770","15624073","chr15","19038608","19038907","38","3414838"
"chr7","15664579","15664848","chr15","19079066","19079339","34","3414487"
"chr7","15679192","15679484","chr2A","59985648","59985942","41","44306456"
"chr7","15680976","15681288","chr1","100887646","100887952","37","85206670"
"chr7","15792463","15792658","chr1","27190507","27190696","33","11398044"
"chr7","15792826","15792932","chr7","45338849","45338961","24","29546023"
"chr7","15809086","15809389","chrX","97594986","97595289","33","81785900"
"chr7","15911810","15912107","chrX","55017117","55017417","45","39105307"
"chr7","15912502","15912785","chr14","9388027","9388311","47","6524475"
"chr7","15983267","15983577","chr7","29021792","29022096","45","13038525"
"chr7","16014801","16015082","chr14","9388027","9388311","42","6626774"
"chr7","16018509","16018811","chr3","3628864","3629165","34","12389645"
"chr7","16078316","16078591","chrX","134562038","134562303","45","118483722"
"chr7","16093155","16093476","chr10","36119294","36119606","40","20026139"
"chr7","16107145","16107456","chrX","151107989","151108296","45","135000844"
"chr7","16161055","16161352","chr15","19038608","19038907","52","2877553"
"chr7","16186521","16186670","chr5","150445649","150445797","29","134259128"
"chr7","16203313","16203615","chr6","37682797","37683102","45","21479484"
"chr7","16265849","16266163","chr1","30193802","30194114","44","13927953"
"chr7","16685545","16685838","chr15","20287493","20287781","40","3601948"
"chr7","16840346","16840613","chr14","30944969","30945253","52","14104623"
"chr7","16855241","16855538","chr6","142233702","142233999","30","125378461"
"chr7","16880831","16881118","chr15","20490580","20490866","35","3609749"
"chr7","16941607","16941781","chr4","81515226","81515394","18","64573619"
"chr7","17033745","17034038","chr9","73702199","73702490","46","56668454"
"chr7","17056259","17056556","chr10","34684828","34685127","32","17628569"
"chr7","17061490","17061815","chr18","7585391","7585708","45","9476099"
"chr7","17075444","17075757","chr15","20683015","20683324","32","3607571"
"chr7","17085440","17085736","chr19","9615398","9615693","31","7470042"
"chr7","17088618","17088790","chr4","81515226","81515394","17","64426608"
"chr7","17215695","17216003","chr5","26135906","26136209","37","8920211"
"chr7","17222505","17222641","chr15","20819251","20819388","11","3596746"
"chr7","17234442","17234764","chr6","25493070","25493381","48","8258628"
"chr7","17246418","17246634","chr4","179449114","179449329","35","162202696"
"chr7","17481449","17481735","chr18","68044085","68044362","48","50562636"
"chr7","17671537","17671824","chr14","36230486","36230773","35","18558949"
"chr7","17697861","17698167","chr15","21257779","21258089","41","3559918"
"chr7","17703938","17704223","chr6","7125066","7125354","34","10578872"
"chr7","17935351","17935607","chr12","131788345","131788608","44","113852994"
"chr7","18074957","18075271","chr20","35582405","35582711","36","17507448"
"chr7","18225701","18226007","chr15","21895530","21895829","36","3669829"
"chr7","18317213","18317523","chr4","165907120","165907419","39","147589907"
"chr7","18349293","18349605","chr12","34564566","34564875","40","16215273"
"chr7","18366795","18367086","chr2B","128845658","128845947","36","110478863"
"chr7","18413132","18413442","chr15","22064683","22064982","33","3651551"
"chr7","18430248","18430576","chr6","172892387","172892713","50","154462139"
"chr7","18434344","18434641","chr17","81504650","81504947","30","63070306"
"chr7","18462377","18462676","chr14","59028290","59028577","49","40565913"
"chr7","18534195","18534507","chr1","100887646","100887952","31","82353451"
"chr7","18538925","18539229","chr6","14456523","14456825","41","4082402"
"chr7","18579448","18579712","chr12","76915481","76915745","42","58336033"
"chr7","18617419","18617733","chr15","22261354","22261670","35","3643935"
"chr7","18666921","18667210","chrX","64132827","64133131","42","45465906"
"chr7","18727580","18727895","chr20","48638297","48638608","32","29910717"
"chr7","18940455","18940755","chr16","12186594","12186889","40","6753861"
"chr7","19002345","19002657","chr4","106451241","106451549","38","87448896"
"chr7","19033183","19033458","chr1","24189834","24190118","47","5156651"
"chr7","19051759","19052074","chrX","137736664","137736965","49","118684905"
"chr7","19086977","19087245","chr17","10387569","10387843","44","8699408"
"chr7","19247277","19247565","chr4","155657331","155657621","38","136410054"
"chr7","19608831","19609124","chr1","112790002","112790294","38","93181171"
"chr7","19716275","19716571","chr1","38186753","38187049","32","18470478"
"chr7","19744773","19745049","chr15","13780491","13780768","30","5964282"
"chr7","19832972","19833260","chr15","23694900","23695191","26","3861928"
"chr7","19853759","19854033","chr2B","100588319","100588602","61","80734560"
"chr7","19985058","19985361","chr16","58605580","58605882","41","38620522"
"chr7","20177543","20177851","chr10","140604064","140604370","35","120426521"
"chr7","20471868","20472129","chr12","114425550","114425815","51","93953682"
"chr7","20476407","20476701","chr9","108111460","108111757","33","87635053"
"chr7","21700023","21700337","chr14","74198044","74198357","50","52498021"
"chr7","22484752","22484999","chr15","55782363","55782620","70","33297611"
"chr7","22547326","22547637","chr15","26498091","26498381","43","3950765"
"chr7","22585408","22585721","chr18","59918384","59918694","44","37332976"
"chr7","22640537","22640853","chr4","83558656","83558971","40","60918119"
"chr7","23159930","23160240","chr2A","79839508","79839818","42","56679578"
"chr7","23287695","23287984","chr20","49880710","49881008","38","26593015"
"chr7","23289898","23290208","chr15","27254709","27255019","31","3964811"
"chr7","23293287","23293582","chr15","27258177","27258472","31","3964890"
"chr7","23382708","23382984","chr10","117947190","117947483","52","94564482"
"chr7","23433558","23433861","chr1","132554974","132555276","33","109121416"
"chr7","23490802","23491115","chr15","27445610","27445926","29","3954808"
"chr7","23849572","23849864","chr15","27793281","27793575","23","3943709"
"chr7","24150403","24150710","chr15","28083376","28083681","30","3932973"
"chr7","24290850","24291134","chr8","21673007","21673285","37","2617843"
"chr7","24491640","24491956","chr9","82578710","82579015","47","58087070"
"chr7","24532823","24533126","chr15","28466367","28466681","32","3933544"
"chr7","24578396","24578723","chr9","74575275","74575588","54","49996879"
"chr7","24595465","24595777","chr1","100887646","100887952","40","76292181"
"chr7","24655555","24655843","chr15","28593807","28594096","33","3938252"
"chr7","24655923","24656229","chr15","28594215","28594524","33","3938292"
"chr7","24733341","24733632","chr15","28672164","28672455","19","3938823"
"chr7","24815721","24816010","chr17","59104636","59104927","38","34288915"
"chr7","24824773","24825051","chr15","51575964","51576258","44","26751191"
"chr7","24874177","24874485","chrX","51034227","51034538","45","26160050"
"chr7","24876214","24876371","chr3","32744067","32744225","23","7867853"
"chr7","24896863","24897152","chr7","29021792","29022096","44","4124929"
"chr7","24902305","24902535","chr17","4749406","4749632","70","20152899"
"chr7","24937580","24937876","chr14","47857829","47858141","54","22920249"
"chr7","24944094","24944388","chr17","2489122","2489420","37","22454972"
"chr7","24967985","24968265","chr5","33727432","33727720","36","8759447"
"chr7","25038779","25039079","chr9","76326186","76326484","52","51287407"
"chr7","25051785","25052080","chr15","28982470","28982770","25","3930685"
"chr7","25828869","25829147","chrX","108626661","108626941","34","82797792"
"chr7","25851970","25852269","chr15","29847188","29847492","42","3995218"
"chr7","26136175","26136474","chr4","37953476","37953776","55","11817301"
"chr7","26144132","26144443","chr15","30148900","30149211","29","4004768"
"chr7","26244774","26245068","chr5","160987933","160988228","42","134743159"
"chr7","26252258","26252555","chr1","194446199","194446496","38","168193941"
"chr7","26329349","26329634","chr8","146076240","146076523","46","119746891"
"chr7","26404408","26404715","chr22","18543367","18543680","42","7861041"
"chr7","26504606","26504898","chr9","81354291","81354584","34","54849685"
"chr7","26575986","26576281","chr8","77189674","77189971","34","50613688"
"chr7","26594504","26594815","chrX","134880203","134880513","40","108285699"
"chr7","26663646","26663925","chr14","8955342","8955637","65","17708304"
"chr7","26734197","26734506","chr14","36230486","36230773","58","9496289"
"chr7","27091613","27091892","chr5","70103079","70103361","48","43011466"
"chr7","27482151","27482429","chrX","1737744","1738030","50","25744407"
"chr7","27533869","27534161","chr15","31567997","31568288","39","4034128"
"chr7","28112338","28112635","chr20","35582405","35582711","54","7470067"
"chr7","28160204","28160519","chr3","58866049","58866355","51","30705845"
"chr7","28260713","28260989","chr1","222126053","222126337","47","193865340"
"chr7","28299395","28299696","chr3","49125643","49125940","54","20826248"
"chr7","28656309","28656603","chr4","163864428","163864728","48","135208119"
"chr7","29045115","29045426","chr12","51620662","51620972","42","22575547"
"chr7","29455436","29455740","chr9","59842059","59842366","33","30386623"
"chr7","29637881","29638152","chr15","33721378","33721673","40","4083497"
"chr7","29652540","29652836","chr5","5487375","5487672","36","24165165"
"chr7","29658052","29658351","chr1","185054973","185055268","43","155396921"
"chr7","29707892","29708172","chr1","181950388","181950673","43","152242496"
"chr7","29721928","29722215","chr1","111254166","111254467","56","81532238"
"chr7","29858210","29858512","chr12","8693113","8693410","35","21165097"
"chr7","29886865","29887166","chr16","43348777","43349076","31","13461912"
"chr7","29920641","29920779","chr12","42439315","42439444","26","12518674"
"chr7","30086361","30086652","chr15","34232498","34232780","37","4146137"
"chr7","30126775","30127052","chr15","34274908","34275193","31","4148133"
"chr7","30195995","30196296","chr6","37682797","37683102","41","7486802"
"chr7","30246028","30246329","chr15","42141648","42141949","36","11895620"
"chr7","30363265","30363588","chr3","177778518","177778827","50","147415253"
"chr7","30363810","30364105","chr15","34512077","34512389","36","4148267"
"chr7","30414042","30414348","chr15","34555327","34555639","35","4141285"
"chr7","31114070","31114372","chr9","70252230","70252529","38","39138160"
"chr7","31133895","31134176","chr1","178122868","178123153","42","146988973"
"chr7","31159616","31159921","chr15","35349330","35349634","24","4189714"
"chr7","31229762","31230009","chr2A","65259267","65259509","40","34029505"
"chr7","31655321","31655633","chr1","30193802","30194114","43","1461519"
"chr7","31671202","31671515","chr15","35843031","35843344","33","4171829"
"chr7","32015919","32016204","chr5","40527212","40527505","43","8511293"
"chr7","32174500","32174787","chr15","36375917","36376215","34","4201417"
"chr7","32344702","32345006","chr10","140604064","140604370","41","108259362"
"chr7","32446869","32447165","chr9","67126783","67127082","29","34679914"
"chr7","32712476","32712764","chr10","30706997","30707281","47","2005479"
"chr7","32746026","32746295","chr19","34523867","34524131","42","1777841"
"chr7","32863186","32863497","chr10","27438028","27438332","51","5425158"
"chr7","32888706","32889018","chr2A","21134848","21135157","46","11753858"
"chr7","32890065","32890375","chr15","37130427","37130749","50","4240362"
"chr7","32910580","32910878","chr10","34684828","34685127","32","1774248"
"chr7","32927204","32927513","chr15","37451080","37451392","54","4523876"
"chr7","32942551","32942856","chr15","37181516","37181826","34","4238965"
"chr7","32982827","32983132","chr9","59842059","59842366","37","26859232"
"chr7","33034591","33034898","chr1","100887646","100887952","46","67853055"
"chr7","33095589","33095891","chr9","87736194","87736488","46","54640605"
"chr7","33106517","33106768","chr17","3354858","3355106","51","29751659"
"chr7","33141608","33141798","chr9","26058618","26058796","33","7082990"
"chr7","33166583","33166879","chr19","30691912","30692212","47","2474671"
"chr7","33193017","33193316","chr1","162294161","162294462","37","129101144"
"chr7","33204081","33204393","chr15","37451080","37451392","37","4246999"
"chr7","33487625","33487938","chr14","74198044","74198357","39","40710419"
"chr7","33567960","33568273","chr1","191149848","191150155","41","157581888"
"chr7","33798619","33798925","chr20","35582405","35582711","31","1783786"
"chr7","33849243","33849551","chr22","26552133","26552442","43","7297110"
"chr7","33911008","33911294","chr4","194608401","194608688","43","160697393"
"chr7","33948972","33949274","chr1","132554974","132555276","34","98606002"
"chr7","34036744","34037071","chr15","38280399","38280705","46","4243655"
"chr7","34267415","34267715","chr15","38510622","38510913","33","4243207"
"chr7","34628634","34628892","chr21","34811777","34812045","47","183143"
"chr7","34649570","34649865","chr6","119750721","119751012","35","85101151"
"chr7","34653122","34653410","chr14","23854445","23854734","40","10798677"
"chr7","35298681","35298993","chr14","47857829","47858141","41","12559148"
"chr7","35593606","35593889","chrX","135989979","135990263","38","100396373"
"chr7","35986244","35986545","chr15","40203320","40203622","26","4217076"
"chr7","36218571","36218884","chr1","100887646","100887952","36","64669075"
"chr7","36254999","36255312","chr15","28083376","28083681","54","8171623"
"chr7","36498337","36498473","chr3","103014643","103014776","19","66516306"
"chr7","36547606","36547916","chr17","24583359","24583669","39","11964247"
"chr7","36585112","36585413","chr15","42141648","42141949","31","5556536"
"chr7","36617121","36617428","chr5","5487375","5487672","48","31129746"
"chr7","36682365","36682641","chr19","46266732","46267017","50","9584367"
"chr7","36791188","36791285","chr3","26335971","26336070","20","10455217"
"chr7","36920283","36920585","chr6","17120241","17120537","45","19800042"
"chr7","37587730","37588045","chr7","127657301","127657615","36","90069571"
"chr7","37671213","37671518","chr17","79404094","79404401","34","41732881"
"chr7","37684226","37684527","chr15","41906989","41907299","28","4222763"
"chr7","37728113","37728419","chr9","114786009","114786320","39","77057896"
"chr7","37834616","37834931","chr14","74198044","74198357","40","36363428"
"chr7","37902254","37902556","chr15","42141648","42141949","31","4239394"
"chr7","37961709","37962020","chr15","42207872","42208176","32","4246163"
"chr7","37978285","37978491","chr15","42217509","42217730","31","4239224"
"chr7","38110235","38110544","chr15","42346183","42346493","22","4235948"
"chr7","38121411","38121675","chr14","76236478","76236769","56","38115067"
"chr7","38335320","38335583","chr12","131788345","131788608","37","93453025"
"chr7","38372448","38372755","chr15","42617039","42617348","19","4244591"
"chr7","38398660","38398966","chr15","11881018","11881326","47","26517642"
"chr7","38514405","38514717","chr15","42750681","42750978","48","4236276"
"chr7","38550057","38550362","chr1","100887646","100887952","32","62337589"
"chr7","38582392","38582688","chr17","9644327","9644622","33","28938065"
"chr7","38683105","38683399","chr15","42910078","42910369","23","4226973"
"chr7","38704052","38704362","chr10","37211192","37211508","46","1492860"
"chr7","38719877","38720177","chr10","119877229","119877529","32","81157352"
"chr7","38752553","38752868","chr15","42975478","42975793","22","4222925"
"chr7","38820115","38820272","chr5","117639202","117639368","22","78819087"
"chr7","38823593","38823767","chr10","88435853","88436031","35","49612260"
"chr7","38947282","38947591","chr7","48203278","48203590","39","9255996"
"chr7","39013416","39013660","chr15","43210152","43210406","23","4196736"
"chr7","39022258","39022560","chr1","23753669","23753962","49","15268589"
"chr7","39053588","39053896","chr10","140604064","140604370","41","101550476"
"chr7","39250285","39250575","chr3","117494684","117494975","34","78244399"
"chr7","39254567","39254885","chr5","155562417","155562734","41","116307850"
"chr7","39269173","39269436","chr12","131788345","131788608","42","92519172"
"chr7","39277221","39277511","chr5","152981291","152981582","44","113704070"
"chr7","39390203","39390518","chr19","38050513","38050826","35","1339690"
"chr7","39454124","39454450","chr14","20972619","20972931","54","18481505"
"chr7","39455503","39455798","chr19","17050826","17051125","37","22404677"
"chr7","39563070","39563346","chr15","43751952","43752225","30","4188882"
"chr7","39749567","39749869","chr13","6612821","6613120","36","33136746"
"chr7","39754162","39754304","chr2B","92437961","92438101","16","52683799"
"chr7","39755447","39755756","chrX","97594986","97595289","35","57839539"
"chr7","39772387","39772690","chr19","51697514","51697817","41","11925127"
"chr7","39949611","39949899","chr20","32377092","32377383","39","7572519"
"chr7","40042866","40043177","chr7","71187672","71187981","35","31144806"
"chr7","40084969","40085282","chr6","37682797","37683102","44","2402172"
"chr7","40118306","40118618","chrX","41587872","41588178","42","1469566"
"chr7","40282749","40283045","chr15","44467276","44467574","27","4184527"
"chr7","40489362","40489668","chr15","44658661","44658969","27","4169299"
"chr7","40530254","40530563","chr2B","99158092","99158401","32","58627838"
"chr7","40692359","40692648","chr10","92135337","92135628","39","51442978"
"chr7","40702403","40702716","chr15","44870995","44871306","29","4168592"
"chr7","40716565","40716875","chr15","69276871","69277183","39","28560306"
"chr7","40750464","40750746","chr1","28290289","28290574","51","12460175"
"chr7","40782945","40783236","chr4","197519800","197520092","40","156736855"
"chr7","40789318","40789615","chr5","51774532","51774825","42","10985214"
"chr7","40813873","40814169","chr1","144529989","144530282","38","103716116"
"chr7","40847206","40847520","chr20","35582405","35582711","44","5264801"
"chr7","40914753","40915057","chr6","17608929","17609236","32","23305824"
"chr7","41117703","41118009","chr8","21431504","21431808","38","19686199"
"chr7","41140589","41140888","chr1","35990880","35991182","45","5149709"
"chr7","41219226","41219520","chr3","188635352","188635644","41","147416126"
"chr7","41433516","41433828","chr15","45571333","45571639","33","4137817"
"chr7","41459709","41460006","chr15","45597459","45597745","32","4137750"
"chr7","41657823","41658088","chr12","131788345","131788608","43","90130522"
"chr7","41728328","41728636","chr5","162326402","162326716","43","120598074"
"chr7","41812672","41812984","chr1","100887646","100887952","34","59074974"
"chr7","41920611","41920895","chr3","156158083","156158375","39","114237472"
"chr7","42012539","42012818","chr15","46138105","46138386","25","4125566"
"chr7","42141095","42141380","chr15","46272955","46273234","25","4131860"
"chr7","42484717","42485010","chr11","1697902","1698195","40","40786815"
"chr7","42545400","42545683","chr15","46678018","46678301","29","4132618"
"chr7","42613628","42613926","chr4","38387917","38388218","42","4225711"
"chr7","42632059","42632372","chr19","53294783","53295094","39","10662724"
"chr7","42648481","42648775","chr15","46820675","46820983","37","4172194"
"chr7","42670872","42671168","chr2A","81381413","81381714","43","38710541"
"chr7","42958588","42958896","chr14","77304145","77304459","51","34345557"
"chr7","43079948","43080236","chr5","70103079","70103361","40","27023131"
"chr7","43246327","43246616","chr15","47377960","47378245","32","4131633"
"chr7","43456330","43456630","chr15","47582167","47582467","21","4125837"
"chr7","43960873","43961162","chr15","48096690","48096980","27","4135817"
"chr7","44311715","44312016","chr15","48505342","48505648","18","4193627"
"chr7","44364805","44365117","chr1","100887646","100887952","39","56522841"
"chr7","44396598","44396912","chr15","48584885","48585184","49","4188287"
"chr7","45031226","45031523","chr1","194446199","194446496","25","149414973"
"chr7","45066011","45066295","chr5","141817542","141817822","39","96751531"
"chr7","45118985","45119250","chr3","200673558","200673829","46","155554573"
"chr7","45243685","45243891","chr18","27822115","27822332","31","17421570"
"chr7","45281207","45281442","chr1","31406499","31406738","38","13874708"
"chr7","45949873","45950186","chr3","200810389","200810699","36","154860516"
"chr7","46090186","46090464","chr8","130516313","130516591","27","84426127"
"chr7","46152291","46152583","chr15","50373805","50374087","32","4221514"
"chr7","46303107","46303365","chr12","131788345","131788608","48","85485238"
"chr7","46488266","46488568","chr10","136766798","136767102","29","90278532"
"chr7","46607620","46607921","chr17","9644327","9644622","37","36963293"
"chr7","46697629","46697935","chr4","198977209","198977521","45","152279580"
"chr7","46706879","46707192","chr2A","10355583","10355893","38","36351296"
"chr7","46807521","46807823","chr7","154438682","154438977","40","107631161"
"chr7","46872882","46873203","chr3","10396615","10396924","47","36476267"
"chr7","46978977","46979285","chr15","51205296","51205603","24","4226319"
"chr7","47024443","47024705","chr12","131788345","131788608","42","84763902"
"chr7","47042594","47042891","chr17","9644327","9644622","37","37398267"
"chr7","47045867","47046163","chr17","9644327","9644622","35","37401540"
"chr7","47114487","47114802","chr12","8706461","8706771","50","38408026"
"chr7","47180494","47180670","chr21","9612794","9612973","32","37567700"
"chr7","47278082","47278378","chr6","6752789","6753094","42","40525293"
"chr7","47452639","47452670","chr22","25030076","25030103","15","22422563"
"chr7","47454868","47455180","chr1","6164020","6164325","44","41290848"
"chr7","47730972","47731267","chr13","31463447","31463746","35","16267525"
"chr7","47747086","47747367","chr17","59104636","59104927","40","11357550"
"chr7","47979105","47979409","chr1","185054973","185055268","44","137075868"
"chr7","48366620","48366918","chr3","135591702","135592003","32","87225082"
"chr7","48413709","48414007","chr1","27021093","27021389","30","21392616"
"chr7","48481498","48481804","chr1","31656307","31656617","38","16825191"
"chr7","48589569","48589886","chr4","106451241","106451549","54","57861672"
"chr7","48602427","48602732","chr6","136520913","136521216","45","87918486"
"chr7","48677277","48677582","chr3","100561340","100561640","41","51884063"
"chr7","48693074","48693253","chr19","38058960","38059140","26","10634114"
"chr7","48755004","48755338","chr20","24351052","24351381","43","24403952"
"chr7","48867843","48867921","chr13","66529594","66529667","7","17661751"
"chr7","48877088","48877390","chrX","97594986","97595289","39","48717898"
"chr7","48938950","48939262","chr15","53150089","53150402","22","4211139"
"chr7","48976794","48977106","chr15","53190906","53191208","23","4214112"
"chr7","48977470","48977782","chr15","53190906","53191208","25","4213436"
"chr7","49012858","49013166","chr11","17305005","17305310","38","31707853"
"chr7","49018049","49018356","chr3","2931636","2931947","41","46086413"
"chr7","49028754","49029060","chr14","32972455","32972755","36","16056299"
"chr7","49139708","49140008","chr15","53358142","53358442","25","4218434"
"chr7","49163837","49164147","chr15","11881018","11881326","43","37282819"
"chr7","49183331","49183364","chr2A","21387622","21387648","16","27795709"
"chr7","49183796","49183986","chr1","27087309","27087499","38","22096487"
"chr7","49217889","49218187","chr15","53435850","53436134","40","4217961"
"chr7","49317869","49318177","chr6","37682797","37683102","41","11635072"
"chr7","49455394","49455682","chr20","34323117","34323413","51","15132277"
"chr7","49619026","49619346","chr14","87826246","87826553","50","38207220"
"chr7","49630228","49630526","chr15","53805763","53806071","34","4175535"
"chr7","49682355","49682657","chrX","15138629","15138928","41","34543726"
"chr7","49907707","49908010","chr19","47859775","47860075","41","2047932"
"chr7","49939032","49939333","chrX","130210401","130210687","61","80271369"
"chr7","49973263","49973561","chr14","32972455","32972755","52","17000808"
"chr7","49985702","49985986","chr1","24189834","24190118","33","25795868"
"chr7","49990102","49990329","chr8","80016539","80016766","41","30026437"
"chr7","50000015","50000319","chr15","54831737","54832035","29","4831722"
"chr7","50005987","50006262","chr12","121761586","121761860","46","71755599"
"chr7","50037185","50037493","chr7","72899498","72899802","41","22862313"
"chr7","50058013","50058316","chr10","136766798","136767102","26","86708785"
"chr7","50077005","50077325","chr17","79404094","79404401","42","29327089"
"chr7","50095575","50095769","chr19","35554371","35554562","27","14541204"
"chr7","50111077","50111369","chr5","82014241","82014539","37","31903164"
"chr7","50287180","50287484","chr10","136766798","136767102","35","86479618"
"chr7","50511067","50511308","chr15","54754243","54754493","28","4243176"
"chr7","50591479","50591579","chr8","129329043","129329141","19","78737564"
"chr7","50717151","50717448","chr1","27021093","27021389","40","23696058"
"chr7","50759231","50759526","chr3","43184780","43185071","36","7574451"
"chr7","51022017","51022333","chr1","15137191","15137502","41","35884826"
"chr7","51295797","51296095","chr3","101389533","101389827","48","50093736"
"chr7","51486350","51486623","chr17","10387569","10387843","35","41098781"
"chr7","51726871","51727165","chr19","10136086","10136390","45","41590785"
"chr7","51735792","51735973","chr19","2974694","2974872","27","48761098"
"chr7","51909341","51909646","chr16","2318882","2319181","29","49590459"
"chr7","51924921","51925219","chr11","82956585","82956882","47","31031664"
"chr7","52452250","52452546","chr22","21098200","21098493","44","31354050"
"chr7","52452578","52452866","chr1","182501335","182501623","53","130048757"
"chr7","52552535","52552822","chr16","12186594","12186889","46","40365941"
"chr7","52628221","52628527","chr9","114786009","114786320","44","62157788"
"chr7","53031212","53031524","chr5","52094540","52094846","39","936672"
"chr7","53073542","53073851","chr2A","79839508","79839818","35","26765966"
"chr7","53250385","53250690","chr15","57559112","57559419","36","4308727"
"chr7","53321419","53321743","chr15","57639990","57640312","44","4318571"
"chr7","53350847","53351131","chr2B","128845658","128845947","38","75494811"
"chr7","53719938","53720237","chr15","58021458","58021762","26","4301520"
"chr7","53862622","53862930","chr15","58164078","58164385","28","4301456"
"chr7","53888519","53888813","chrUn_CABD030131550v1","8094","8384","30","53880425"
"chr7","54236850","54237140","chr15","58569560","58569854","33","4332710"
"chr7","54242203","54242518","chr1","40966383","40966697","38","13275820"
"chr7","54252385","54252671","chr9","87736194","87736488","50","33483809"
"chr7","54252889","54253206","chr15","58590564","58590873","42","4337675"
"chr7","54310208","54310505","chr8","44743772","44744075","39","9566436"
"chr7","54442128","54442444","chr5","10868671","10868985","40","43573457"
"chr7","54529585","54529881","chr11","7525914","7526210","40","47003671"
"chr7","54546698","54546959","chr5","126879068","126879333","60","72332370"
"chr7","54552051","54552352","chr15","58902870","58903168","29","4350819"
"chr7","54552670","54552943","chr15","58903486","58903760","21","4350816"
"chr7","54557000","54557297","chr8","44743772","44744075","32","9813228"
"chr7","55267956","55268256","chr1","27021093","27021389","39","28246863"
"chr7","55500918","55501230","chr19","5859200","5859509","39","49641718"
"chr7","55515872","55516148","chr1","206392101","206392374","42","150876229"
"chr7","55602895","55603204","chr15","59938793","59939105","21","4335898"
"chr7","55837516","55837820","chr1","35990880","35991182","50","19846636"
"chr7","55866088","55866399","chr2A","10355583","10355893","32","45510505"
"chr7","56848673","56848974","chr12","22054186","22054492","49","34794487"
"chr7","57068615","57068927","chr9","82578710","82579015","39","25510095"
"chr7","57306602","57306914","chr13","8634043","8634347","33","48672559"
"chr7","57717347","57717652","chr2A","96359781","96360091","43","38642434"
"chr7","57788565","57788877","chr8","25754244","25754574","57","32034321"
"chr7","57812465","57812748","chr18","48522988","48523281","54","9289477"
"chr7","57855733","57855983","chr12","76915481","76915745","47","19059748"
"chr7","57865338","57865632","chr15","62539477","62539777","26","4674139"
"chr7","58022551","58022851","chr5","60420475","60420784","33","2397924"
"chr7","58153991","58154301","chr15","62254820","62255135","31","4100829"
"chr7","58293021","58293334","chr1","40966383","40966697","38","17326638"
"chr7","58328488","58328761","chr3","70239092","70239378","42","11910604"
"chr7","58423881","58424184","chr15","61984082","61984382","29","3560201"
"chr7","58480139","58480430","chr7","22028248","22028547","41","36451891"
"chr7","58490070","58490341","chr13","11282095","11282366","49","47207975"
"chr7","58520267","58520567","chr15","61887367","61887661","49","3367100"
"chr7","58544104","58544408","chr1","132554974","132555276","35","74010870"
"chr7","58658139","58658432","chr15","61771681","61771974","32","3113542"
"chr7","58910990","58911228","chr22","19333163","19333397","34","39577827"
"chr7","59074828","59075107","chr17","7397249","7397531","31","51677579"
"chr7","59123888","59124180","chr3","12024603","12024895","28","47099285"
"chr7","59317032","59317320","chr17","77615943","77616210","53","18298911"
"chr7","59443999","59444310","chr15","63373775","63374070","36","3929776"
"chr7","59506090","59506342","chr7","6611881","6612134","43","52894209"
"chr7","59521360","59521645","chr15","63295053","63295348","39","3773693"
"chr7","59713658","59713969","chr17","79404094","79404401","43","19690436"
"chr7","59822958","59823249","chr17","38608208","38608518","52","21214750"
"chr7","59831647","59831996","chr5","3559884","3560213","64","56271763"
"chr7","59924421","59924732","chr10","37934087","37934398","44","21990334"
"chr7","59966863","59967165","chr15","64116334","64116632","29","4149471"
"chr7","59981152","59981457","chr17","81504650","81504947","42","21523498"
"chr7","60007980","60008313","chr10","36954252","36954578","47","23053728"
"chr7","60052338","60052620","chr15","64207943","64208221","16","4155605"
"chr7","60139093","60139396","chrX","43601029","43601333","32","16538064"
"chr7","60176447","60176757","chr4","179466004","179466310","43","119289557"
"chr7","60228628","60228794","chr19","14352861","14353030","25","45875767"
"chr7","60244998","60245301","chr14","74198044","74198357","52","13953046"
"chr7","60336729","60337022","chr15","64493733","64494026","35","4157004"
"chr7","60674114","60674428","chr3","55843499","55843803","43","4830615"
"chr7","60806086","60806396","chr17","12349722","12350033","44","48456364"
"chr7","61128152","61128429","chr4","83955527","83955809","34","22827375"
"chr7","61444390","61444701","chr9","112794295","112794606","41","51349905"
"chr7","61699313","61699605","chr9","81354291","81354584","38","19654978"
"chr7","62014240","62014530","chr15","66138759","66139048","27","4124519"
"chr7","62022647","62022946","chr6","48435776","48436078","49","13586871"
"chr7","62214084","62214389","chr4","110506402","110506697","48","48292318"
"chr7","62768497","62768810","chr15","66898502","66898813","26","4130005"
"chr7","63018883","63019061","chr12","29063562","29063741","20","33955321"
"chr7","63185166","63185434","chr20","12674881","12675147","33","50510285"
"chr7","63447242","63447504","chr12","131788345","131788608","37","68341103"
"chr7","63525443","63525748","chr16","66170347","66170652","35","2644904"
"chr7","63550231","63550532","chrX","97594986","97595289","48","34044755"
"chr7","63675428","63675718","chr3","126817334","126817631","40","63141906"
"chr7","63724233","63724468","chr12","18433981","18434243","69","45290252"
"chr7","63884295","63884452","chr3","113816856","113817003","29","49932561"
"chr7","63965754","63966068","chr1","157261144","157261453","40","93295390"
"chr7","64006910","64007215","chr5","13160492","13160798","35","50846418"
"chr7","64018395","64018444","chr19","11373063","11373113","7","52645332"
"chr7","64074498","64074799","chr10","111864529","111864838","33","47790031"
"chr7","64159907","64160208","chrX","141220914","141221215","41","77061007"
"chr7","64208015","64208327","chr15","68365499","68365807","27","4157484"
"chr7","64220541","64220855","chr17","79404094","79404401","32","15183553"
"chr7","64297352","64297522","chr5","120539292","120539462","26","56241940"
"chr7","64396468","64396744","chr9","115970096","115970371","46","51573628"
"chr7","64401305","64401603","chrX","97594986","97595289","42","33193681"
"chr7","64543723","64544016","chr6","142067041","142067339","37","77523318"
"chr7","64595158","64595462","chr8","94878591","94878895","50","30283433"
"chr7","64638061","64638364","chr11","17305005","17305310","38","47333056"
"chr7","64645690","64645959","chr1","52986441","52986711","39","11659249"
"chr7","64661156","64661427","chr3","48723113","48723394","37","15938043"
"chr7","64780653","64780966","chr2B","95168475","95168788","45","30387822"
"chr7","65052085","65052207","chr5","36592470","36592589","23","28459615"
"chr7","65095078","65095379","chr3","50317919","50318221","30","14777159"
"chr7","65147353","65147652","chrX","36406749","36407049","34","28740604"
"chr7","65153224","65153523","chr21","36178489","36178784","45","28974735"
"chr7","65223802","65224107","chr9","78896161","78896464","47","13672359"
"chr7","65286859","65287158","chr15","63896951","63897248","40","1389908"
"chr7","65294932","65295239","chr15","63889193","63889496","30","1405739"
"chr7","65329585","65329880","chr14","80281239","80281540","51","14951654"
"chr7","65360607","65360898","chr4","83955527","83955809","48","18594920"
"chr7","66547042","66547330","chr3","113825165","113825432","54","47278123"
"chr7","66888702","66888985","chr15","71233644","71233935","27","4344942"
"chr7","66895834","66896137","chr1","132554974","132555276","32","65659140"
"chr7","66979722","66980018","chr1","185054973","185055268","31","118075251"
"chr7","67066519","67066830","chr2B","99158092","99158401","41","32091573"
"chr7","67107265","67107566","chr1","27021093","27021389","32","40086172"
"chr7","67109795","67110090","chr15","71445361","71445674","46","4335566"
"chr7","67160900","67161231","chr9","11641215","11641514","66","55519685"
"chr7","67185579","67185858","chr15","71529706","71529994","37","4344127"
"chr7","67366396","67366706","chr5","54731375","54731680","44","12635021"
"chr7","67655385","67655677","chr15","72025131","72025437","35","4369746"
"chr7","67756203","67756503","chr15","72131931","72132231","25","4375728"
"chr7","68101284","68101590","chr2A","21134848","21135157","44","46966436"
"chr7","68388428","68388739","chr5","162326402","162326716","40","93937974"
"chr7","69082935","69083211","chr22","24788380","24788656","41","44294555"
"chr7","69277369","69277677","chr2B","31263530","31263841","41","38013839"
"chr7","69309959","69310245","chr7","40872412","40872698","41","28437547"
"chr7","69547360","69547641","chr2A","21319010","21319285","38","48228350"
"chr7","69958277","69958574","chr17","9644327","9644622","38","60313950"
"chr7","69963072","69963371","chr19","17050826","17051125","35","52912246"
"chr7","70071381","70071696","chr22","29183669","29183981","44","40887712"
"chr7","70244569","70244878","chr15","18246269","18246581","45","51998300"
"chr7","70583981","70584239","chr15","75219211","75219458","29","4635230"
"chr7","70678618","70678930","chr15","75315759","75316070","35","4637141"
"chr7","70735497","70735759","chr12","131788345","131788608","46","61052848"
"chr7","71084450","71084727","chr15","75733861","75734144","27","4649411"
"chr7","71712970","71713276","chr15","76361688","76361985","39","4648718"
"chr7","72314251","72314565","chr15","76925420","76925741","36","4611169"
"chr7","72640259","72640556","chr13","24231506","24231805","40","48408753"
"chr7","72853879","72854172","chr22","26546615","26546905","45","46307264"
"chr7","72989425","72989731","chr10","36119294","36119606","38","36870131"
"chr7","73209039","73209360","chr20","13884545","13884844","50","59324494"
"chr7","73212464","73212773","chr17","38608208","38608518","44","34604256"
"chr7","73441760","73442063","chr18","24104585","24104885","49","49337175"
"chr7","73526375","73526656","chr1","27021093","27021389","45","46505282"
"chr7","74182642","74182864","chr15","78868834","78869055","26","4686192"
"chr7","74349025","74349331","chr2A","79839508","79839818","40","5490483"
"chr7","74391819","74392122","chr1","132554974","132555276","30","58163155"
"chr7","74544540","74544843","chr15","79239769","79240066","30","4695229"
"chr7","74617849","74618163","chr8","630106","630417","45","73987743"
"chr7","74705012","74705312","chr8","61897078","61897377","47","12807934"
"chr7","74724075","74724380","chr15","79415420","79415731","36","4691345"
"chr7","74854442","74854732","chr19","3472325","3472614","45","71382117"
"chr7","74932945","74933216","chr1","6099213","6099485","34","68833732"
"chr7","75050182","75050472","chr15","79753980","79754270","30","4703798"
"chr7","75269923","75270236","chr15","79978088","79978393","30","4708165"
"chr7","75493598","75493882","chrX","108626661","108626941","39","33133063"
"chr7","75513777","75514065","chr15","80232195","80232479","30","4718418"
"chr7","75591493","75591803","chr20","48638297","48638608","39","26953196"
"chr7","75671247","75671520","chr15","80391407","80391693","38","4720160"
"chr7","75843399","75843704","chr15","80577834","80578133","29","4734435"
"chr7","76462928","76463249","chr13","58925655","58925966","45","17537273"
"chr7","76540130","76540400","chr14","25353552","25353822","17","51186578"
"chr7","76586931","76587222","chr16","23926045","23926350","52","52660886"
"chr7","77006602","77006638","chr19","38336633","38336677","14","38669969"
"chr7","77020890","77021200","chr17","38608208","38608518","41","38412682"
"chr7","77037924","77038087","chr1","53417441","53417605","22","23620483"
"chr7","77066775","77067072","chr1","93824549","93824847","35","16757774"
"chr7","77067514","77067824","chr1","191149848","191150155","42","114082334"
"chr7","77139010","77139301","chr12","59907829","59908121","37","17231181"
"chr7","77147132","77147448","chr11","14213433","14213733","47","62933699"
"chr7","77195428","77195712","chr16","15232771","15233053","40","61962657"
"chr7","77196351","77196649","chr5","22452184","22452480","38","54744167"
"chr7","77257322","77257602","chrX","108626661","108626941","30","31369339"
"chr7","77285367","77285671","chr1","54620539","54620851","44","22664828"
"chr7","77330055","77330365","chr14","24714586","24714893","27","52615469"
"chr7","77387174","77387488","chr17","24583359","24583669","47","52803815"
"chr7","77426917","77427204","chr19","48188347","48188636","46","29238570"
"chr7","77456705","77457014","chr10","36119294","36119606","34","41337411"
"chr7","77522001","77522308","chr1","41223321","41223631","56","36298680"
"chr7","77754720","77755020","chr1","43177069","43177374","55","34577651"
"chr7","77865698","77866016","chr13","73739367","73739690","53","4126331"
"chr7","77920625","77920923","chr17","8465111","8465410","38","69455514"
"chr7","77924003","77924308","chr22","14282850","14283161","48","63641153"
"chr7","77953787","77954090","chr6","6752789","6753094","38","71200998"
"chr7","78083957","78084259","chr9","49179839","49180145","39","28904118"
"chr7","78136482","78136652","chr4","47230309","47230475","52","30906173"
"chr7","78136793","78136921","chr5","36592470","36592589","23","41544323"
"chr7","78147740","78148026","chr9","15696116","15696407","46","62451624"
"chr7","78150860","78151149","chr14","23854445","23854734","18","54296415"
"chr7","78440696","78441007","chr1","40966383","40966697","42","37474313"
"chr7","79151448","79151753","chr3","186406630","186406936","46","107255182"
"chr7","79285196","79285503","chrX","51034227","51034538","44","28250969"
"chr7","79337060","79337362","chr16","9190501","9190812","60","70146559"
"chr7","79457081","79457393","chr12","21276435","21276745","43","58180646"
"chr7","79462753","79463063","chr17","79404094","79404401","43","58659"
"chr7","79660090","79660405","chr12","59907829","59908121","52","19752261"
"chr7","79850836","79851138","chr14","22177716","22178011","29","57673120"
"chr7","79883107","79883419","chr3","75485585","75485895","39","4397522"
"chr7","79903662","79903787","chr20","51182268","51182392","19","28721394"
"chr7","80262598","80262884","chr4","25824696","25824989","41","54437902"
"chr7","80475023","80475332","chr10","132483841","132484151","38","52008818"
"chr7","80668839","80669147","chr17","38608208","38608518","36","42060631"
"chr7","80724092","80724403","chr1","205430531","205430844","37","124706439"
"chr7","80758884","80759178","chr7","111976753","111977051","32","31217869"
"chr7","80835889","80836186","chr14","21269325","21269618","29","59566564"
"chr7","80845632","80845944","chr4","198295008","198295316","40","117449376"
"chr7","80891977","80892257","chr14","21220060","21220354","33","59671917"
"chr7","81010681","81010975","chr16","30922722","30923023","43","50087959"
"chr7","81051731","81052042","chr4","151060745","151061057","39","70009014"
"chr7","81090877","81091167","chrUn_CABD030131550v1","8094","8384","32","81082783"
"chr7","81467825","81468136","chr14","20972619","20972931","41","60495206"
"chr7","81774724","81775026","chr10","140604064","140604370","44","58829340"
"chr7","82069585","82069751","chr2B","16822189","16822361","33","65247396"
"chr7","82137975","82138288","chr17","2764937","2765248","60","79373038"
"chr7","82930184","82930497","chr7","128393033","128393345","42","45462849"
"chr7","83203301","83203597","chr12","59907829","59908121","35","23295472"
"chr7","83482496","83482809","chr5","59977104","59977421","41","23505392"
"chr7","83813793","83814103","chr14","18223695","18224007","28","65590098"
"chr7","84152978","84153291","chr3","38028952","38029265","36","46124026"
"chr7","84395929","84396235","chr20","35582405","35582711","34","48813524"
"chr7","84469702","84470001","chr10","119877229","119877529","43","35407527"
"chr7","84683628","84683921","chr11","61561439","61561735","46","23122189"
"chr7","84844301","84844406","chr7","137530746","137530858","21","52686445"
"chr7","85093219","85093514","chr7","154438682","154438977","42","69345463"
"chr7","85202824","85203125","chr5","152478996","152479296","51","67276172"
"chr7","85355858","85356154","chr17","29842805","29843102","39","55513053"
"chr7","85387471","85387778","chr12","8706461","8706771","32","76681010"
"chr7","86095575","86095865","chr14","15881294","15881591","35","70214281"
"chr7","86100751","86101035","chr19","16298872","16299156","34","69801879"
"chr7","86306709","86306988","chr11","47651302","47651576","45","38655407"
"chr7","86363649","86363943","chr12","55469357","55469649","40","30894292"
"chr7","86544884","86545196","chr2B","2648213","2648520","40","83896671"
"chr7","86699574","86699837","chr12","76915481","76915745","52","9784093"
"chr7","86968085","86968221","chr8","34649309","34649439","21","52318776"
"chr7","87186704","87186982","chr8","142251735","142252020","58","55065031"
"chr7","87343107","87343356","chr4","59542064","59542312","42","27801043"
"chr7","87376524","87376823","chr13","31410929","31411229","40","55965595"
"chr7","87553867","87554161","chr9","68968659","68968955","34","18585208"
"chr7","87631401","87631714","chr5","22049247","22049559","45","65582154"
"chr7","87640046","87640344","chr19","47859775","47860075","32","39780271"
"chr7","87709796","87710123","chr14","14240581","14240905","21","73469215"
"chr7","87771138","87771439","chr4","171953878","171954174","35","84182740"
"chr7","87807405","87807711","chr1","157261144","157261453","39","69453739"
"chr7","87849159","87849453","chr4","39554171","39554467","34","48294988"
"chr7","87850495","87850795","chr2A","519286","519588","35","87331209"
"chr7","87857681","87857980","chr9","114795333","114795632","38","26937652"
"chr7","87865466","87865766","chrX","36406749","36407049","40","51458717"
"chr7","88070391","88070669","chr19","11080776","11081061","46","76989615"
"chr7","88170007","88170319","chr10","13819024","13819332","32","74350983"
"chr7","88784837","88785128","chr14","13130862","13131168","35","75653975"
"chr7","88808376","88808693","chr20","35286617","35286928","36","53521759"
"chr7","88853383","88853585","chr2B","34173941","34174155","45","54679442"
"chr7","89482671","89482954","chr14","12451875","12452165","20","77030796"
"chr7","89500016","89500315","chr1","41763043","41763338","48","47736973"
"chr7","89564740","89565049","chr5","45856163","45856467","43","43708577"
"chr7","89631274","89631577","chr2A","38433886","38434193","39","51197388"
"chr7","89659724","89660037","chr9","32689013","32689326","38","56970711"
"chr7","89790703","89791000","chr7","56535890","56536179","44","33254813"
"chr7","89851953","89852224","chr14","12055808","12056067","31","77796145"
"chr7","90070558","90070842","chr3","11592628","11592929","54","78477930"
"chr7","90527943","90528253","chr1","191149848","191150155","39","100621905"
"chr7","90577185","90577477","chr7","44506290","44506583","33","46070895"
"chr7","90680699","90680984","chr1","181950388","181950673","45","91269689"
"chr7","90846033","90846350","chrX","41587872","41588178","45","49258161"
"chr7","90857772","90858084","chr22","16447422","16447730","48","74410350"
"chr7","91004188","91004488","chr14","10699360","10699658","29","80304828"
"chr7","91018682","91018978","chr13","78314965","78315262","46","12703717"
"chr7","91114851","91115133","chr2A","59494871","59495147","45","31619980"
"chr7","91126822","91127099","chr6","112585517","112585772","58","21458695"
"chr7","91214425","91214718","chr1","66580123","66580404","47","24634302"
"chr7","91257894","91258210","chr5","22049247","22049559","44","69208647"
"chr7","91267795","91268085","chr2A","36799464","36799750","43","54468331"
"chr7","91270360","91270655","chr18","17496269","17496567","32","73774091"
"chr7","91353291","91353459","chr5","62821763","62821933","22","28531528"
"chr7","91505739","91505898","chr13","43834522","43834689","26","47671217"
"chr7","91519275","91519574","chr4","37953476","37953776","31","53565799"
"chr7","91528319","91528630","chr2A","10355583","10355893","38","81172736"
"chr7","91563223","91563535","chr14","10165317","10165627","30","81397906"
"chr7","91832187","91832499","chr11","69505150","69505463","42","22327037"
"chr7","91851273","91851572","chr8","30072940","30073247","37","61778333"
"chr7","92229077","92229386","chr3","2931636","2931947","50","89297441"
"chr7","92357417","92357678","chr14","9388027","9388311","41","82969390"
"chr7","92388055","92388350","chr14","9359129","9359424","12","83028926"
"chr7","92779978","92780270","chr14","8955342","8955637","38","83824636"
"chr7","92965725","92966022","chr1","204184641","204184943","35","111218916"
"chr7","93091917","93092231","chr5","53683183","53683498","40","39408734"
"chr7","93637731","93638014","chr14","30944969","30945253","36","62692762"
"chr7","93808302","93808609","chr4","106451241","106451549","38","12642939"
"chr7","95088014","95088329","chr4","201933062","201933370","45","106845048"
"chr7","95507413","95507712","chr4","37953476","37953776","31","57553937"
"chr7","95516537","95516734","chr8","68569506","68569711","33","26947031"
"chr7","95566018","95566257","chr14","6118479","6118713","23","89447539"
"chr7","95582323","95582629","chr10","110180557","110180860","35","14598234"
"chr7","95583930","95584249","chrX","1527681","1528002","49","94056249"
"chr7","95618511","95618749","chr2A","65259267","65259509","43","30359244"
"chr7","95674339","95674623","chr12","131788345","131788608","56","36114006"
"chr7","95684502","95684813","chr14","47857829","47858141","30","47826673"
"chr7","95684943","95685206","chr12","76915481","76915745","38","18769462"
"chr7","95759453","95759747","chr1","185054973","185055268","31","89295520"
"chr7","95767151","95767442","chr5","64763044","64763340","44","31004107"
"chr7","95883902","95884211","chr14","5809414","5809708","39","90074488"
"chr7","97631634","97631922","chr10","92135337","92135628","38","5496297"
"chr7","97871979","97872285","chr14","3877408","3877718","27","93994571"
"chr7","98284307","98284620","chr11","17940195","17940506","46","80344112"
"chr7","98520175","98520461","chr14","3205679","3205968","24","95314496"
"chr7","98947406","98947706","chr14","2827537","2827834","30","96119869"
"chr7","99145819","99146127","chr16","66170347","66170652","41","32975472"
"chr7","99209393","99209690","chr18","17496269","17496567","42","81713124"
"chr7","99369868","99370177","chr1","61259749","61260055","41","38110119"
"chr7","100541925","100542236","chr14","1325797","1326110","31","99216128"
"chr7","101191041","101191352","chr1","205430531","205430844","32","104239490"
"chr7","101447168","101447479","chr12","8706461","8706771","34","92740707"
"chr7","101496952","101497240","chr11","18571303","18571599","62","82925649"
"chr7","101567738","101568073","chr1","55257720","55258051","52","46310018"
"chr7","101619632","101619876","chr14","313856","314074","41","101305776"
"chr7","101808214","101808512","chrX","97594986","97595289","37","4213228"
"chr7","101816154","101816453","chr1","144529989","144530282","41","42713835"
"chr7","101905488","101905801","chr8","142209806","142210122","46","40304318"
"chr7","101924180","101924494","chr13","55838775","55839085","43","46085405"
"chr7","101969403","101969667","chr12","48370975","48371233","49","53598428"
"chr7","102761494","102761788","chr12","117088484","117088786","40","14326990"
"chr7","103416715","103417016","chr9","67126783","67127082","30","36289932"
"chr7","103617733","103618038","chr14","30335827","30336120","38","73281906"
"chr7","103912661","103912975","chr5","162326402","162326716","42","58413741"
"chr7","103930572","103930867","chr1","132729492","132729799","47","28798920"
"chr7","104674125","104674428","chr14","31398808","31399105","45","73275317"
"chr7","104734171","104734453","chr16","15232771","15233053","35","89501400"
"chr7","104912721","104913007","chr14","31683674","31683971","41","73229047"
"chr7","105380438","105380750","chr20","35582405","35582711","40","69798033"
"chr7","106051623","106051929","chr6","129736702","129737002","38","23685079"
"chr7","106080595","106080855","chr12","76915481","76915745","42","29165114"
"chr7","106088256","106088579","chr14","32903808","32904126","35","73184448"
"chr7","106094428","106094712","chr14","32911179","32911476","34","73183249"
"chr7","106160288","106160580","chr14","32972455","32972755","29","73187833"
"chr7","106192572","106192830","chr19","11306934","11307209","45","94885638"
"chr7","106194142","106194437","chr18","56178510","56178807","33","50015632"
"chr7","106195579","106195874","chr14","33011394","33011678","32","73184185"
"chr7","106211512","106211835","chr4","106451241","106451549","50","239729"
"chr7","106224390","106224700","chr14","33035386","33035690","34","73189004"
"chr7","106366638","106366972","chr5","164523015","164523323","58","58156377"
"chr7","106379991","106380174","chr2B","84072443","84072619","37","22307548"
"chr7","106381623","106381940","chr14","33192613","33192928","29","73189010"
"chr7","106436177","106436482","chr8","74291514","74291815","43","32144663"
"chr7","106479242","106479473","chr18","27822115","27822332","37","78657127"
"chr7","106623071","106623381","chr14","33437236","33437544","17","73185835"
"chr7","106694771","106695064","chr16","58605580","58605882","43","48089191"
"chr7","106859508","106859809","chrX","36406749","36407049","39","70452759"
"chr7","106919944","106920234","chr19","33970963","33971252","40","72948981"
"chr7","107026191","107026490","chr15","42141648","42141949","35","64884543"
"chr7","107030448","107030744","chr14","33847114","33847418","35","73183334"
"chr7","107102154","107102474","chr1","165583096","165583408","43","58480942"
"chr7","107206358","107206489","chr13","1465874","1466004","16","105740484"
"chr7","107297819","107298111","chr19","35385832","35386124","38","71911987"
"chr7","107352232","107352546","chr7","72899498","72899802","37","34452734"
"chr7","107462963","107463260","chr14","34284807","34285111","30","73178156"
"chr7","107601537","107601812","chr3","12096974","12097256","49","95504563"
"chr7","107764092","107764396","chrX","705896","706197","43","107058196"
"chr7","107814438","107814749","chr17","2764937","2765248","42","105049501"
"chr7","107882680","107882987","chr14","34717330","34717635","30","73165350"
"chr7","108085838","108086126","chr14","34917056","34917351","29","73168782"
"chr7","108435099","108435378","chr16","29420076","29420354","39","79015023"
"chr7","108519889","108520190","chr1","100887646","100887952","40","7632243"
"chr7","108644278","108644586","chr14","35418905","35419219","34","73225373"
"chr7","108981939","108982245","chr4","37953476","37953776","41","71028463"
"chr7","109086176","109086469","chr5","40527212","40527505","40","68558964"
"chr7","109105236","109105285","chr14","35898170","35898223","6","73207066"
"chr7","109135938","109136264","chr5","25211209","25211524","50","83924729"
"chr7","109136363","109136668","chr9","111442757","111443054","46","2306394"
"chr7","109251515","109251818","chr20","13403253","13403563","37","95848262"
"chr7","109279752","109280024","chr3","7482197","7482477","51","101797555"
"chr7","109322028","109322320","chr3","129416387","129416684","33","20094359"
"chr7","109366231","109366550","chr12","37078719","37079032","51","72287512"
"chr7","109374349","109374661","chr1","35515081","35515392","39","73859268"
"chr7","109426848","109427153","chr2A","21134848","21135157","28","88292000"
"chr7","109428244","109428549","chr2A","21134848","21135157","28","88293396"
"chr7","109432762","109433048","chr14","36230486","36230773","19","73202276"
"chr7","109436684","109436962","chr4","83955527","83955809","39","25481157"
"chr7","110510309","110510608","chr14","37334808","37335109","25","73175501"
"chr7","110514885","110515186","chr11","101447273","101447578","48","9067612"
"chr7","110859832","110860134","chr1","132554974","132555276","47","21695142"
"chr7","110860204","110860514","chr9","114285913","114286219","44","3425709"
"chr7","111362947","111363230","chr5","19394864","19395150","45","91968083"
"chr7","111370260","111370556","chr11","40456240","40456538","35","70914020"
"chr7","111482514","111482829","chr12","3042424","3042732","35","108440090"
"chr7","111581935","111582237","chr3","143498325","143498630","43","31916390"
"chr7","111732396","111732575","chr14","38572158","38572338","12","73160238"
"chr7","111787336","111787617","chr3","200864068","200864353","35","89076732"
"chr7","111806036","111806321","chr14","38647873","38648160","21","73158163"
"chr7","111845511","111845821","chr14","38694238","38694537","36","73151273"
"chr7","112395879","112396172","chr1","132554974","132555276","47","20159095"
"chr7","112997250","112997549","chr10","36097397","36097696","34","76899853"
"chr7","113115457","113115766","chr9","114786009","114786320","41","1670552"
"chr7","113123319","113123499","chr6","44804165","44804352","30","68319154"
"chr7","113135856","113136161","chrX","40197721","40198013","47","72938135"
"chr7","113154686","113154989","chr13","2573887","2574188","34","110580799"
"chr7","113163207","113163525","chr2B","65741490","65741803","38","47421717"
"chr7","113257907","113258208","chr11","82956585","82956882","42","30301322"
"chr7","113274004","113274306","chr2B","125039405","125039704","39","11765401"
"chr7","113290200","113290485","chr10","30706997","30707281","38","82583203"
"chr7","113355348","113355634","chr11","39953335","39953620","37","73402013"
"chr7","113397131","113397436","chr14","40237977","40238300","40","73159154"
"chr7","113431148","113431456","chr8","44932082","44932391","44","68499066"
"chr7","113780062","113780369","chr14","40634082","40634382","31","73145980"
"chr7","113902565","113902873","chr1","141361647","141361958","40","27459082"
"chr7","114596661","114596953","chr1","27021093","27021389","33","87575568"
"chr7","114646857","114647172","chr14","41477223","41477536","26","73169634"
"chr7","114700945","114701178","chr17","59302563","59302802","42","55398382"
"chr7","114909464","114909773","chr14","41750772","41751091","29","73158692"
"chr7","115032578","115032870","chr10","114176336","114176628","36","856242"
"chr7","115091864","115092179","chr14","41939561","41939870","41","73152303"
"chr7","115200739","115201029","chrX","54732807","54733103","44","60467932"
"chr7","115252175","115252484","chr10","140604064","140604370","42","25351889"
"chr7","115457372","115457668","chrX","41271607","41271912","32","74185765"
"chr7","116527860","116528155","chr10","108852377","108852676","43","7675483"
"chr7","116557413","116557736","chr7","70506920","70507253","51","46050493"
"chr7","116656014","116656324","chr12","106449422","106449729","34","10206592"
"chr7","116710838","116711140","chrX","41271607","41271912","41","75439231"
"chr7","117138985","117139296","chr4","106451241","106451549","40","10687744"
"chr7","117596777","117597055","chr8","130516313","130516591","35","12919536"
"chr7","117653834","117654119","chr3","126817334","126817631","47","9163500"
"chr7","117787029","117787168","chr14","44685173","44685313","11","73101856"
"chr7","117987121","117987414","chrX","36377332","36377627","38","81609789"
"chr7","118037779","118038095","chr16","60195014","60195326","44","57842765"
"chr7","118190499","118190805","chr1","144529989","144530282","38","26339490"
"chr7","118233205","118233518","chr14","9537791","9538103","39","108695414"
"chr7","118239187","118239493","chr8","22325883","22326185","48","95913304"
"chr7","118249586","118249874","chrX","973699","973991","46","117275887"
"chr7","118251746","118252049","chr9","59842059","59842366","35","58409687"
"chr7","118315526","118315829","chr1","43177069","43177374","46","75138457"
"chr7","118683437","118683717","chrX","115745405","115745689","32","2938032"
"chr7","119130354","119130666","chr10","36119294","36119606","36","83011060"
"chr7","119452602","119452913","chr6","37682797","37683102","40","81769805"
"chr7","119519770","119520084","chr15","69276871","69277183","36","50242899"
"chr7","119668220","119668541","chr5","155562417","155562734","46","35894197"
"chr7","119912857","119913137","chr11","66125261","66125543","37","53787596"
"chr7","119916598","119916889","chr14","46863881","46864183","37","73052717"
"chr7","119971717","119972029","chr4","166038318","166038625","42","46066601"
"chr7","119972030","119972213","chr2B","84072443","84072619","32","35899587"
"chr7","119974323","119974632","chr6","107236406","107236701","47","12737917"
"chr7","120073162","120073449","chr8","54146840","54147130","45","65926322"
"chr7","120107438","120107599","chr6","110455226","110455385","21","9652212"
"chr7","120205286","120205596","chr20","53124122","53124432","46","67081164"
"chr7","120209316","120209619","chr14","47162626","47162916","37","73046690"
"chr7","120252385","120252677","chr14","47205898","47206201","37","73046487"
"chr7","120254617","120254922","chr10","92135337","92135628","51","28119280"
"chr7","120258549","120258861","chrX","51034227","51034538","34","69224322"
"chr7","120370774","120371084","chr1","21869855","21870167","46","98500919"
"chr7","120537504","120537816","chr13","8634043","8634347","36","111903461"
"chr7","120687350","120687647","chr5","133411905","133412206","36","12724555"
"chr7","120694603","120694896","chr14","47657801","47658097","28","73036802"
"chr7","120723304","120723620","chr14","47699482","47699790","34","73023822"
"chr7","120733330","120733622","chr9","67126783","67127082","39","53606547"
"chr7","120760594","120760925","chr5","41189943","41190276","58","79570651"
"chr7","120798894","120799162","chr1","206392101","206392374","43","85593207"
"chr7","120859514","120859813","chr14","47857829","47858141","36","73001685"
"chr7","120907086","120907159","chr15","68492597","68492661","16","52414489"
"chr7","120935482","120935695","chr2B","30778127","30778363","57","90157355"
"chr7","121077013","121077306","chr10","24151028","24151329","46","96925985"
"chr7","121192360","121192666","chr2A","38433886","38434193","52","82758474"
"chr7","121195489","121195794","chr7","29021792","29022096","31","92173697"
"chr7","121261412","121261730","chr4","155503360","155503678","44","34241948"
"chr7","121360577","121360889","chr14","48393550","48393862","20","72967027"
"chr7","121567184","121567437","chr12","96165782","96166031","45","25401402"
"chr7","121670975","121671274","chr14","48709856","48710152","24","72961119"
"chr7","121743158","121743468","chr11","27442623","27442932","40","94300535"
"chr7","121847201","121847486","chr16","18028408","18028692","41","103818793"
"chr7","121889019","121889332","chr9","73922988","73923294","40","47966031"
"chr7","121905165","121905471","chr4","198798700","198799005","39","76893535"
"chr7","122006572","122006881","chr15","23463790","23464110","54","98542782"
"chr7","122074404","122074752","chr6","11285901","11286223","82","110788503"
"chr7","122344207","122344519","chr14","49393397","49393694","33","72950810"
"chr7","122658697","122658947","chr3","67751426","67751684","45","54907271"
"chr7","122763683","122763992","chr17","38608208","38608518","41","84155475"
"chr7","122831980","122832290","chr17","17849563","17849875","41","104982417"
"chr7","122967762","122968052","chr14","50306199","50306488","33","72661563"
"chr7","123048516","123048816","chr2A","63447051","63447353","45","59601465"
"chr7","123054059","123054282","chr16","29133639","29133861","41","93920420"
"chr7","123056490","123056805","chr10","36119294","36119606","44","86937196"
"chr7","123285271","123285586","chrX","134880203","134880513","37","11594932"
"chr7","123356196","123356500","chr14","50678438","50678742","26","72677758"
"chr7","123582895","123583209","chr1","40966383","40966697","36","82616512"
"chr7","123628954","123629253","chr19","45984366","45984662","38","77644588"
"chr7","123723734","123724020","chr1","24189834","24190118","35","99533900"
"chr7","123827083","123827353","chr5","164441619","164441900","46","40614536"
"chr7","123832170","123832484","chr17","38608208","38608518","39","85223962"
"chr7","123862516","123862706","chr8","68569506","68569711","45","55293010"
"chr7","123867649","123867946","chr1","185054973","185055268","43","61187324"
"chr7","123929649","123929964","chr16","16099491","16099802","49","107830158"
"chr7","124004553","124004842","chr17","23806084","23806380","43","100198469"
"chr7","124413646","124413957","chr4","153202734","153203047","39","28789088"
"chr7","124556646","124556958","chr4","198977209","198977521","41","74420563"
"chr7","124575546","124575843","chr14","51905702","51906005","27","72669844"
"chr7","124674924","124675214","chr8","142809025","142809318","35","18134101"
"chr7","124942747","124943054","chr2A","63373637","63373940","41","61569110"
"chr7","125117488","125117785","chrX","36406749","36407049","41","88710739"
"chr7","125156907","125157197","chr14","52500533","52500816","32","72656374"
"chr7","125204407","125204710","chr12","121374115","121374423","34","3830292"
"chr7","125344338","125344633","chr7","127630295","127630590","43","2285957"
"chr7","125474197","125474494","chr1","27021093","27021389","42","98453104"
"chr7","125543215","125543519","chr5","44467184","44467496","41","81076031"
"chr7","125658306","125658616","chr2A","96359781","96360091","43","29298525"
"chr7","125815072","125815373","chr1","204207253","204207553","47","78392181"
"chr7","126528801","126529098","chr11","14213433","14213733","38","112315368"
"chr7","126819884","126820167","chr3","180191944","180192235","43","53372060"
"chr7","126836636","126836795","chr10","63405598","63405761","35","63431038"
"chr7","126863405","126863714","chrX","97594986","97595289","35","29268419"
"chr7","126906516","126906805","chr7","74342297","74342596","37","52564219"
"chr7","126973479","126973775","chr11","34394537","34394834","44","92578942"
"chr7","127021346","127021659","chr17","38608208","38608518","52","88413138"
"chr7","127050791","127051104","chr4","198295008","198295316","41","71244217"
"chr7","127187046","127187339","chr2B","63348784","63349075","40","63838262"
"chr7","127390339","127390605","chr17","28361678","28361954","47","99028661"
"chr7","127390852","127391165","chr1","11873517","11873823","44","115517335"
"chr7","127531121","127531430","chr16","4754253","4754556","48","122776868"
"chr7","127579758","127580057","chr9","67126783","67127082","40","60452975"
"chr7","127633687","127634002","chr22","34538362","34538671","37","93095325"
"chr7","128001344","128001650","chr14","55579872","55580176","17","72421472"
"chr7","128086325","128086641","chr1","101604331","101604644","48","26481994"
"chr7","128302302","128302587","chr14","55868678","55868964","24","72433624"
"chr7","128345942","128346271","chrX","54777977","54778289","49","73567965"
"chr7","128505577","128505830","chr14","56070062","56070325","22","72435515"
"chr7","128527161","128527458","chr14","56091161","56091458","34","72436000"
"chr7","128951355","128951648","chr10","24151028","24151329","53","104800327"
"chr7","129035987","129036278","chr14","9388027","9388311","60","119647960"
"chr7","129039271","129039569","chr19","17050826","17051125","30","111988445"
"chr7","129075208","129075505","chr14","56645879","56646170","26","72429329"
"chr7","129079914","129079942","chr3","70239406","70239425","15","58840508"
"chr7","129119062","129119351","chr12","52999140","52999431","37","76119922"
"chr7","129144492","129144779","chr14","56702811","56703108","39","72441681"
"chr7","129200017","129200117","chr14","56757077","56757168","19","72442940"
"chr7","129202042","129202231","chr1","1885576","1885759","30","127316466"
"chr7","129230372","129230689","chr11","19872208","19872525","44","109358164"
"chr7","129237209","129237524","chr16","4754253","4754556","45","124482956"
"chr7","129297243","129297545","chr4","38387917","38388218","28","90909326"
"chr7","129316881","129317189","chr11","27442623","27442932","38","101874258"
"chr7","129365723","129366032","chr12","52850616","52850925","46","76515107"
"chr7","129366319","129366628","chr1","109323755","109324067","45","20042564"
"chr7","129484217","129484500","chr15","17899450","17899719","55","111584767"
"chr7","129597685","129597779","chr1","24072457","24072560","27","105525228"
"chr7","129661258","129661569","chr15","18246269","18246581","39","111414989"
"chr7","129661626","129661923","chr16","12186594","12186889","43","117475032"
"chr7","129669705","129670004","chr14","57261739","57262046","36","72407966"
"chr7","129679286","129679546","chr15","55782363","55782620","58","73896923"
"chr7","129685891","129686187","chr1","130106457","130106756","49","420566"
"chr7","129734436","129734749","chr15","67619999","67620309","38","62114437"
"chr7","129817897","129818189","chr16","12186594","12186889","36","117631303"
"chr7","129870908","129871224","chr9","59842059","59842366","53","70028849"
"chr7","129897733","129898028","chr5","160987933","160988228","33","31090200"
"chr7","129904731","129905013","chr14","57469142","57469424","31","72435589"
"chr7","129940059","129940360","chr14","57503852","57504167","38","72436207"
"chr7","129947225","129947538","chr14","57510719","57511025","54","72436506"
"chr7","130015635","130015925","chr14","57579468","57579764","41","72436167"
"chr7","130036495","130036795","chr19","37791442","37791741","32","92245053"
"chr7","130038120","130038238","chr4","152844889","152845008","17","22806769"
"chr7","130041359","130041659","chr7","72899498","72899802","37","57141861"
"chr7","130047923","130048172","chr14","36771463","36771715","39","93276460"
"chr7","130144580","130144902","chr14","57709644","57709965","28","72434936"
"chr7","130165271","130165569","chr19","47859775","47860075","35","82305496"
"chr7","130222323","130222637","chr1","157261144","157261453","43","27038821"
"chr7","130294660","130294944","chr16","23190870","23191153","41","107103790"
"chr7","130347142","130347438","chr3","3628864","3629165","37","126718278"
"chr7","130350244","130350549","chr2A","81872121","81872429","41","48478123"
"chr7","130371646","130371949","chrX","97594986","97595289","33","32776660"
"chr7","130376523","130376822","chr14","46863881","46864183","44","83512642"
"chr7","130382989","130383267","chr3","119846659","119846944","43","10536330"
"chr7","130383996","130384288","chr14","57944093","57944387","27","72439903"
"chr7","130406359","130406679","chr20","45934753","45935060","47","84471606"
"chr7","130423951","130424106","chr2B","101262875","101263034","23","29161076"
"chr7","130440939","130441169","chr2B","96002893","96003128","41","34438046"
"chr7","130457869","130458157","chr1","79500400","79500700","55","50957469"
"chr7","130699376","130699686","chr7","2112993","2113296","32","128586383"
"chr7","130798976","130799264","chr14","9388027","9388311","50","121410949"
"chr7","130882827","130882898","chr11","129429272","129429338","13","1453555"
"chr7","130884327","130884576","chr3","155409710","155409966","44","24525383"
"chr7","130996381","130996678","chrX","18796354","18796648","37","112200027"
"chr7","131014662","131014952","chr12","121563374","121563659","37","9451288"
"chr7","131112729","131113035","chr1","100887646","100887952","34","30225083"
"chr7","131122843","131123127","chr14","58681053","58681332","26","72441790"
"chr7","131181003","131181302","chr1","144529989","144530282","38","13348986"
"chr7","131200205","131200511","chr12","21276435","21276745","37","109923770"
"chr7","131261766","131262081","chr8","28774465","28774780","44","102487301"
"chr7","131305872","131306180","chr9","114786009","114786320","29","16519863"
"chr7","131313531","131313840","chr15","52874335","52874637","45","78439196"
"chr7","131363823","131364084","chr12","76915481","76915745","45","54448342"
"chr7","131368060","131368365","chr10","136766798","136767102","44","5398738"
"chr7","131402607","131402907","chr5","152681126","152681425","44","21278519"
"chr7","131573095","131573379","chr13","11282095","11282366","54","120291000"
"chr7","131722138","131722452","chr14","59276979","59277286","35","72445159"
"chr7","131822703","131823014","chr1","132729492","132729799","42","906789"
"chr7","132099063","132099362","chrX","97594986","97595289","46","34504077"
"chr7","132266237","132266526","chr5","148597136","148597428","47","16330899"
"chr7","132342604","132342905","chr10","140604064","140604370","40","8261460"
"chr7","132574513","132574569","chr3","162676568","162676614","19","30102055"
"chr7","132591414","132591707","chr14","60144534","60144830","31","72446880"
"chr7","132652814","132653113","chr9","59842059","59842366","45","72810755"
"chr7","132691161","132691467","chr10","110180557","110180860","34","22510604"
"chr7","132741441","132741752","chr14","60291999","60292318","42","72449442"
"chr7","132752828","132753156","chr10","36954252","36954578","50","95798576"
"chr7","132776027","132776369","chr6","5160817","5161148","55","127615210"
"chr7","132801983","132802113","chr3","50965270","50965401","22","81836713"
"chr7","132875016","132875294","chr14","60436344","60436628","24","72438672"
"chr7","132920876","132921188","chr13","90026760","90027071","30","42894116"
"chr7","132976850","132977143","chr13","34006475","34006766","46","98970375"
"chr7","133033123","133033374","chr7","138018916","138019184","76","4985793"
"chr7","133063121","133063372","chr5","161490258","161490511","84","28427137"
"chr7","133066982","133067270","chr3","200664126","200664415","44","67597144"
"chr7","133222409","133222702","chr7","154438682","154438977","41","21216273"
"chr7","133233232","133233443","chr19","20927860","20928076","49","112305372"
"chr7","133384400","133384713","chr1","100887646","100887952","41","32496754"
"chr7","133496948","133497260","chr13","8903623","8903936","40","124593325"
"chr7","133642499","133642775","chr14","61221806","61222083","29","72420693"
"chr7","133720766","133721037","chr5","94553764","94554039","52","39167002"
"chr7","133745299","133745593","chr13","33361251","33361548","33","100384048"
"chr7","133746209","133746418","chr16","57648114","57648322","33","76098095"
"chr7","133793103","133793406","chr2B","124078688","124078987","33","9714415"
"chr7","133855280","133855591","chr12","36414589","36414899","31","97440691"
"chr7","133887493","133887781","chr16","49395439","49395731","40","84492054"
"chr7","133905214","133905511","chr5","2740998","2741294","32","131164216"
"chr7","133947266","133947566","chr14","61540691","61540988","35","72406575"
"chr7","133975708","133976009","chr14","61567729","61568037","26","72407979"
"chr7","134107214","134107486","chr5","141472998","141473273","38","7365784"
"chr7","134277296","134277559","chr12","131788345","131788608","40","2488951"
"chr7","134538528","134538824","chr1","41763043","41763338","38","92775485"
"chr7","134770030","134770347","chr9","78468833","78469151","48","56301197"
"chr7","134819513","134819824","chr1","40966383","40966697","35","93853130"
"chr7","135187481","135187797","chr12","3042424","3042732","47","132145057"
"chr7","135423793","135424078","chr3","49125643","49125940","52","86298150"
"chr7","136467905","136468212","chr14","64105832","64106143","31","72362073"
"chr7","136545022","136545328","chr7","36197569","36197873","56","100347453"
"chr7","136701262","136701575","chr14","64342815","64343129","30","72358447"
"chr7","136789760","136790058","chrX","97594986","97595289","48","39194774"
"chr7","137098201","137098521","chr4","198295008","198295316","42","61196807"
"chr7","137304126","137304431","chr8","61897078","61897377","35","75407048"
"chr7","137467131","137467414","chr13","42491879","42492161","35","94975252"
"chr7","137481922","137482234","chr20","35582405","35582711","44","101899517"
"chr7","137528807","137529106","chr20","55615661","55615964","37","81913146"
"chr7","137768482","137768792","chr2A","10355583","10355893","34","127412899"
"chr7","137933316","137933627","chr18","59918384","59918694","38","78014932"
"chr7","137949950","137950244","chr7","68220124","68220418","38","69729826"
"chr7","138634230","138634516","chr13","34006475","34006766","45","104627755"
"chr7","139421647","139421981","chr6","172892387","172892713","56","33470740"
"chr7","140101241","140101538","chr6","129529712","129530008","54","10571529"
"chr7","140422389","140422524","chr7","113774600","113774736","24","26647789"
"chr7","140718107","140718297","chr1","47879138","47879328","32","92838969"
"chr7","140728739","140729073","chr14","68406370","68406678","50","72322369"
"chr7","141021112","141021407","chr14","68693431","68693730","22","72327681"
"chr7","141098915","141099086","chr5","18186176","18186342","28","122912739"
"chr7","141194256","141194553","chr11","40456240","40456538","39","100738016"
"chr7","141346356","141346667","chr2A","10355583","10355893","43","130990773"
"chr7","141546811","141547120","chr14","69236419","69236731","28","72310392"
"chr7","141791257","141791568","chr5","26135906","26136209","44","115655351"
"chr7","141874684","141874992","chr1","132554974","132555276","48","9319710"
"chr7","142170040","142170341","chr11","44474205","44474497","49","97695835"
"chr7","142249270","142249552","chr14","69956648","69956937","32","72292622"
"chr7","142679173","142679473","chr12","117240987","117241284","45","25438186"
"chr7","143109616","143109927","chr14","70858227","70858543","21","72251389"
"chr7","143274148","143274454","chr19","15918497","15918807","41","127355651"
"chr7","143763630","143763927","chr1","93824549","93824847","35","49939081"
"chr7","143779896","143780201","chr5","155273113","155273418","47","11493217"
"chr7","144104512","144104804","chr14","36230486","36230773","43","107874026"
"chr7","144183740","144184033","chrX","36406749","36407049","41","107776991"
"chr7","144463855","144464149","chr2A","59985648","59985942","39","84478207"
"chr7","144729797","144730106","chr4","106451241","106451549","35","38278556"
"chr7","144904707","144904980","chr14","72626939","72627217","30","72277768"
"chr7","145026696","145027033","chr1","69034819","69035142","56","75991877"
"chr7","145460373","145460514","chr3","78123211","78123354","18","67337162"
"chr7","145463678","145463979","chr14","73201425","73201721","31","72262253"
"chr7","145465384","145465678","chr11","61231330","61231630","35","84234054"
"chr7","145543633","145543898","chr12","76915481","76915745","36","68628152"
"chr7","145778690","145778960","chr9","85061902","85062173","37","60716788"
"chr7","145882378","145882694","chr14","73616579","73616895","29","72265799"
"chr7","146047681","146047977","chr14","73781383","73781683","28","72266298"
"chr7","146059559","146059887","chr14","73792320","73792630","40","72267239"
"chr7","146096975","146097239","chr6","68552195","68552464","45","77544780"
"chr7","146246616","146246916","chr10","34684828","34685127","40","111561788"
"chr7","146257773","146258082","chr1","134763713","134764022","40","11494060"
"chr7","146335322","146335623","chr8","78695489","78695787","39","67639833"
"chr7","146376290","146376575","chr20","36320473","36320769","41","110055817"
"chr7","146417918","146418230","chr15","67619999","67620309","40","78797919"
"chr7","146447144","146447459","chr14","74204715","74205020","27","72242429"
"chr7","146471459","146471762","chr1","148927652","148927960","43","2456193"
"chr7","146480411","146480721","chr15","67619999","67620309","38","78860412"
"chr7","146673033","146673324","chr14","74460409","74460700","27","72212624"
"chr7","146694716","146695011","chr14","74481283","74481580","35","72213433"
"chr7","146851447","146851738","chr7","111976753","111977051","38","34874694"
"chr7","146885091","146885399","chr15","52874335","52874637","34","94010756"
"chr7","146896673","146896966","chr1","129673639","129673931","37","17223034"
"chr7","146936765","146937076","chr1","27042867","27043169","39","119893898"
"chr7","147203136","147203406","chr12","76915481","76915745","48","70287655"
"chr7","147209582","147209744","chr4","81515226","81515394","22","65694356"
"chr7","147248232","147248538","chr1","132554974","132555276","41","14693258"
"chr7","147249839","147249971","chr20","25878088","25878221","19","121371751"
"chr7","147313727","147314023","chr17","9644327","9644622","44","137669400"
"chr7","147381456","147381769","chr7","29021792","29022096","40","118359664"
"chr7","147408284","147408588","chr14","75194344","75194647","24","72213940"
"chr7","147434754","147435064","chr1","40966383","40966697","37","106468371"
"chr7","147584379","147584685","chr7","72899498","72899802","52","74684881"
"chr7","147599948","147600260","chr14","75429553","75429842","43","72170395"
"chr7","147656366","147656674","chr10","121813796","121814102","32","25842570"
"chr7","147823989","147824293","chr8","33426579","33426880","39","114397410"
"chr7","147959487","147959788","chr10","105371515","105371817","42","42587972"
"chr7","147971762","147972035","chr1","101469232","101469515","56","46502530"
"chr7","148066711","148067022","chr17","38608208","38608518","39","109458503"
"chr7","148156429","148156724","chr19","32129779","32130087","55","116026650"
"chr7","148262673","148262982","chr1","13582785","13583095","39","134679888"
"chr7","148373095","148373397","chr6","35622489","35622796","40","112750606"
"chr7","148376589","148376894","chr3","186406630","186406936","34","38030041"
"chr7","148470518","148470830","chr1","13582785","13583095","44","134887733"
"chr7","148583023","148583316","chr4","4362473","4362769","37","144220550"
"chr7","148689669","148689975","chr8","94878591","94878895","28","53811078"
"chr7","148691888","148692190","chr14","76554298","76554607","36","72137590"
"chr7","148783784","148784080","chr11","61849401","61849692","35","86934383"
"chr7","148810997","148811287","chr1","144529989","144530282","35","4281008"
"chr7","148812087","148812398","chr1","100887646","100887952","30","47924441"
"chr7","148839075","148839378","chr4","40078992","40079285","37","108760083"
"chr7","148842069","148842378","chr2A","10355583","10355893","32","138486486"
"chr7","149046486","149046783","chr13","34006475","34006766","46","115040011"
"chr7","149250473","149250778","chr13","12804911","12805215","46","136445562"
"chr7","149321657","149321960","chr1","191672710","191673007","39","42351053"
"chr7","149331270","149331573","chr6","37682797","37683102","39","111648473"
"chr7","149349283","149349594","chr13","11345127","11345439","43","138004156"
"chr7","149407745","149408041","chr3","196115415","196115713","37","46707670"
"chr7","149408249","149408329","chr3","59092975","59093056","10","90315274"
"chr7","149438869","149439181","chr5","36664566","36664877","38","112774303"
"chr7","149454196","149454502","chr12","3042424","3042732","44","146411772"
"chr7","149530967","149531243","chr1","144529989","144530282","46","5000978"
"chr7","149636012","149636306","chr14","77497719","77498015","23","72138293"
"chr7","149707698","149707994","chr2A","15300168","15300463","41","134407530"
"chr7","150033606","150033920","chr14","77949150","77949445","38","72084456"
"chr7","150142700","150143024","chr17","38608208","38608518","49","111534492"
"chr7","150153839","150154032","chr10","26123065","26123279","49","124030774"
"chr7","150263561","150263821","chrX","2974607","2974870","33","147288954"
"chr7","150826060","150826354","chr2B","7988940","7989242","43","142837120"
"chr7","150860713","150861027","chr2A","10355583","10355893","46","140505130"
"chr7","150878051","150878363","chr13","62764436","62764745","34","88113615"
"chr7","150966742","150967016","chr5","117382926","117383217","56","33583816"
"chr7","151212751","151213051","chr11","82956585","82956882","42","68256166"
"chr7","151498908","151499199","chr5","100674003","100674298","36","50824905"
"chr7","151513375","151513671","chr14","79443562","79443858","28","72069813"
"chr7","151536594","151536904","chr1","135335882","135336186","34","16200712"
"chr7","151572820","151573103","chr14","79505042","79505331","25","72067778"
"chr7","151652535","151652834","chr14","79587383","79587685","24","72065152"
"chr7","151860142","151860426","chr1","24189834","24190118","32","127670308"
"chr7","152258434","152258730","chr2B","99512257","99512553","28","52746177"
"chr7","152341257","152341575","chr7","5261405","5261726","39","147079852"
"chr7","152561530","152561811","chr19","11306934","11307209","41","141254596"
"chr7","152588529","152588833","chr3","197346369","197346679","40","44757840"
"chr7","153023217","153023498","chr16","15232771","15233053","36","137790446"
"chr7","153231695","153232011","chr1","13582785","13583095","46","139648910"
"chr7","154006003","154006305","chr10","136766798","136767102","33","17239205"
"chr7","154401453","154401748","chrX","71178322","71178614","36","83223131"
"chr7","154931616","154931900","chr14","9388027","9388311","40","145543589"
"chr7","155025746","155026034","chr21","28663801","28664070","52","126361945"
"chr7","155056591","155056891","chr1","194446199","194446496","46","39389608"
"chr7","155068398","155068663","chr12","76915481","76915745","48","78152917"
"chr7","155095751","155096030","chr16","13304231","13304513","37","141791520"
"chr7","155240409","155240713","chr17","81504650","81504947","36","73735759"
"chr7","155545282","155545593","chr6","37682797","37683102","44","117862485"
"chr7","155601636","155601908","chr5","70103079","70103361","49","85498557"
"chr7","155669073","155669376","chr7","29021792","29022096","39","126647281"
"chr7","155798047","155798359","chr2B","122501056","122501369","39","33296991"
"chr7","155833062","155833324","chr20","61312391","61312649","56","94520671"
"chr7","155860414","155860705","chr12","59907829","59908121","31","95952585"
"chr7","155897649","155897953","chr11","93420","93723","46","155804229"
"chr7","155927967","155928249","chr7","129430880","129431159","50","26497087"
"chr7","155952239","155952549","chrX","41587872","41588178","45","114364367"
"chr7","155954661","155954979","chr6","125884319","125884615","51","30070342"
"chr7","156033430","156033735","chr14","83849711","83850004","27","72183719"
"chr7","156040884","156041185","chr9","59842059","59842366","31","96198825"
"chr7","156072439","156072738","chr1","204184641","204184943","32","48112202"
"chr7","156118056","156118345","chr14","83928368","83928665","31","72189688"
"chr7","156156560","156156846","chr12","79066133","79066418","38","77090427"
"chr7","156179825","156180123","chr19","3472325","3472614","55","152707500"
"chr7","156209260","156209543","chr11","46969394","46969676","36","109239866"
"chr7","156328826","156329114","chr4","40078992","40079285","39","116249834"
"chr7","156336038","156336350","chr3","197346369","197346679","35","41010331"
"chr7","156494748","156495058","chr1","100887646","100887952","32","55607102"
"chr7","156773991","156774253","chr12","131788345","131788608","31","24985646"
"chr7","156798422","156798517","chr7","100801114","100801203","15","55997308"
"chr7","157136440","157136764","chr15","23463790","23464110","48","133672650"
"chr7","157188128","157188442","chr9","74575275","74575588","32","82612853"
"chr7","157342441","157342748","chr3","175283421","175283732","44","17940980"
"chr7","157350734","157351036","chr2A","23900758","23901062","42","133449976"
"chr7","157621611","157621911","chr9","67126783","67127082","33","90494828"
"chr7","157785565","157785817","chr14","85632199","85632452","36","72153366"
"chr7","158097702","158098015","chr14","20972619","20972931","40","137125083"
"chr7","158134249","158134527","chr14","85989787","85990063","21","72144462"
"chr7","158162863","158163172","chr3","3628864","3629165","41","154533999"
"chr7","158244622","158244970","chr5","14913423","14913770","62","143331199"
"chr7","158245150","158245440","chr1","194446199","194446496","39","36201049"
"chr7","158431973","158432263","chrX","124150716","124151013","43","34281257"
"chr7","158445801","158446097","chr9","70252230","70252529","33","88193571"
"chr7","158485631","158485723","chr12","133197508","133197600","19","25288123"
"chr7","158507713","158508025","chr2B","2648213","2648520","36","155859500"
"chr7","158526329","158526655","chr14","86372094","86372419","33","72154235"
"chr7","158550704","158550994","chr3","186504136","186504430","39","27953432"
"chr7","158560870","158561092","chrX","17616652","17616874","34","140944218"
"chr7","158604445","158604741","chr4","197519800","197520092","45","38915355"
"chr7","158614803","158615051","chr6","112585517","112585772","42","46029286"
"chr7","158666269","158666571","chr14","86521745","86522057","29","72144524"
"chr7","158670362","158670668","chr7","72899498","72899802","35","85770864"
"chr7","158720400","158720712","chr2A","21134848","21135157","36","137585552"
"chr7","158819363","158819650","chr8","96234805","96235093","35","62584558"
"chr7","158855991","158856151","chr6","15593724","15593885","33","143262267"
"chr7","159080809","159081112","chr14","86923032","86923334","29","72157777"
"chr7","159218028","159218205","chr4","81515226","81515394","30","77702802"
"chr7","159353573","159353890","chr7","127657301","127657615","36","31696272"
"chr7","159384772","159385074","chr7","2112993","2113296","44","157271779"
"chr7","159450924","159451214","chr14","11252260","11252549","43","148198664"
"chr7","159494464","159494778","chr22","14282850","14283161","40","145211614"
"chr7","159574707","159575007","chr14","87402775","87403074","32","72171932"
"chr7","159636130","159636425","chr2B","99512257","99512553","39","60123873"
"chr7","159638976","159639216","chr1","158525902","158526148","36","1113074"
"chr7","159710718","159710960","chr16","60573376","60573617","35","99137342"
"chr7","159835041","159835334","chr5","160987933","160988228","28","1152892"
"chr7","159923466","159923775","chr16","43413176","43413481","31","116510290"
"chr7","159942248","159942543","chr17","81504650","81504947","30","78437598"
"chr7","159984524","159984828","chr14","87817110","87817406","25","72167414"
"chr7","159991351","159991648","chr4","171953878","171954174","33","11962527"
"chr7","160012467","160012763","chr14","87849883","87850160","42","72162584"
"chr7","160123271","160123541","chrX","108626661","108626941","36","51496610"
"chr7","160210598","160210892","chr1","185054973","185055268","24","24844375"
"chr7","160545329","160545397","chr7","140409397","140409463","13","20135932"
"chr7","161040680","161040980","chr5","26969980","26970283","33","134070700"
"chr7","161155345","161155562","chr1","216931005","216931213","37","55775660"
"chr7","161243662","161243960","chr9","67126783","67127082","38","94116879"
"chr7","161352447","161352749","chr14","89243762","89244064","28","72108685"
"chr7","161355596","161355893","chr14","89243762","89244064","25","72111834"
"chr7","161565879","161566187","chr1","88149023","88149328","45","73416856"
"chr7","161568899","161569152","chrX","2974607","2974870","53","158594292"
"chr7","161588374","161588678","chr2A","45229836","45230134","42","116358538"
"chr7","161771680","161771978","chr10","136766798","136767102","32","25004882"
"chr8","93061035","93061335","chr17","55924536","55924834","35","37136499"
"chr8","139329244","139329551","chr3","50925441","50925752","57","88403803"
"chr8","254426","254761","chr10","15529004","15529338","53","15274578"
"chr8","648276","648587","chr8","630106","630417","35","18170"
"chr8","706003","706287","chr15","22064683","22064982","47","21358680"
"chr8","1521356","1521655","chr2B","117749801","117750092","29","116228445"
"chr8","1793502","1793794","chr3","196115415","196115713","35","194321913"
"chr8","1981604","1981905","chr1","204184641","204184943","35","202203037"
"chr8","2019339","2019649","chr6","52842199","52842509","40","50822860"
"chr8","2172863","2173175","chr17","24583359","24583669","41","22410496"
"chr8","2281290","2281592","chr4","40078992","40079285","41","37797702"
"chr8","2514332","2514630","chr16","76354770","76355065","42","73840438"
"chr8","2768513","2768639","chr9","45575153","45575275","23","42806640"
"chr8","2797717","2798018","chr8","94878591","94878895","43","92080874"
"chr8","2828334","2828552","chr4","104114244","104114472","41","101285910"
"chr8","3342573","3342885","chr5","45160600","45160912","47","41818027"
"chr8","3648644","3648945","chr19","15927697","15927997","51","12279053"
"chr8","3859255","3859564","chr2A","10355583","10355893","43","6496328"
"chr8","4291731","4291984","chr14","62662099","62662351","40","58370368"
"chr8","4468582","4468853","chr12","12724619","12724892","42","8256037"
"chr8","4709187","4709514","chr3","47975406","47975722","59","43266219"
"chr8","4958006","4958309","chr8","5088019","5088328","35","130013"
"chr8","5479857","5480167","chr17","79404094","79404401","46","73924237"
"chr8","5714535","5714849","chr14","74671804","74672116","42","68957269"
"chr8","5752643","5752950","chr10","129223110","129223414","41","123470467"
"chr8","5902387","5902686","chr1","71295938","71296237","42","65393551"
"chr8","5929319","5929631","chr8","6061018","6061340","45","131699"
"chr8","5943884","5944181","chr5","24415712","24416011","36","18471828"
"chr8","6027414","6027725","chr2B","95168475","95168788","31","89141061"
"chr8","6042573","6042707","chr1","135077577","135077709","19","129035004"
"chr8","6106746","6107041","chr2A","10348885","10349185","38","4242139"
"chr8","6285726","6286022","chr6","125663995","125664288","37","119378269"
"chr8","6385451","6385761","chr12","28716554","28716863","31","22331103"
"chr8","7047797","7048108","chrX","4655561","4655870","39","2392236"
"chr8","7078476","7078790","chr9","108229509","108229814","48","101151033"
"chr8","7125740","7126015","chr1","206392101","206392374","38","199266361"
"chr8","7201368","7201664","chr8","10934926","10935224","36","3733558"
"chr8","7358638","7358943","chr8","10782828","10783137","34","3424190"
"chr8","7639580","7639892","chr2A","9923858","9924164","45","2284278"
"chr8","7794272","7794580","chr1","100887646","100887952","35","93093374"
"chr8","8187150","8187429","chr8","9890615","9890893","32","1703465"
"chr8","8214359","8214669","chr8","9863135","9863436","33","1648776"
"chr8","8370266","8370578","chr20","35582405","35582711","47","27212139"
"chr8","8486040","8486342","chr3","25624991","25625291","39","17138951"
"chr8","8559240","8559326","chr15","3407949","3408032","13","5151291"
"chr8","8615904","8616207","chrX","74427130","74427438","54","65811226"
"chr8","8980035","8980344","chr19","50345980","50346283","44","41365945"
"chr8","8989800","8990152","chr14","73278704","73279041","69","64288904"
"chr8","9087066","9087378","chr15","28466367","28466681","49","19379301"
"chr8","9118905","9119205","chrX","18796354","18796648","32","9677449"
"chr8","9290586","9290875","chr13","34006475","34006766","39","24715889"
"chr8","9372506","9372804","chr4","37953476","37953776","33","28580970"
"chr8","9448627","9448932","chr8","8606767","8607079","39","841860"
"chr8","9698496","9698768","chr13","11282095","11282366","51","1583599"
"chr8","9739941","9740197","chr1","224235364","224235639","46","214495423"
"chr8","9814104","9814417","chr1","191149848","191150155","41","181335744"
"chr8","9929976","9930281","chr10","12632029","12632328","35","2702053"
"chr8","10101483","10101783","chr8","94021108","94021405","41","83919625"
"chr8","10121702","10121856","chr19","14148444","14148599","15","4026742"
"chr8","10157409","10157724","chr2A","10355583","10355893","41","198174"
"chr8","10181803","10182115","chr7","44221337","44221649","38","34039534"
"chr8","10187361","10187652","chr1","207576958","207577250","29","197389597"
"chr8","10254339","10254641","chr1","40622487","40622791","38","30368148"
"chr8","10291854","10292156","chr1","220628990","220629304","47","210337136"
"chr8","10326128","10326431","chr8","7639314","7639619","31","2686814"
"chr8","10429026","10429330","chr12","21276435","21276745","45","10847409"
"chr8","10943082","10943372","chrX","101131513","101131799","52","90188431"
"chr8","11301883","11302204","chr3","140497371","140497686","61","129195488"
"chr8","11535446","11535742","chr1","185054973","185055268","39","173519527"
"chr8","11660202","11660505","chr4","124399412","124399714","44","112739210"
"chr8","11886182","11886495","chr17","40293464","40293768","54","28407282"
"chr8","12076755","12077060","chr10","116503048","116503344","44","104426293"
"chr8","12919507","12919820","chr1","100887646","100887952","49","87968139"
"chr8","13407834","13408130","chr11","18571303","18571599","43","5163469"
"chr8","13636660","13636962","chr5","26135906","26136209","41","12499246"
"chr8","14012963","14013270","chrX","41587872","41588178","44","27574909"
"chr8","14159918","14160229","chr2A","10355583","10355893","40","3804335"
"chr8","14468516","14468690","chr19","41802067","41802242","28","27333551"
"chr8","14933071","14933384","chr1","40966383","40966697","41","26033312"
"chr8","15063486","15063782","chr1","144529989","144530282","37","129466503"
"chr8","15252159","15252467","chr14","77304145","77304459","41","62051986"
"chr8","15489459","15489624","chr8","16649567","16649744","17","1160108"
"chr8","15632626","15632908","chr5","5915714","5915995","53","9716912"
"chr8","15722712","15723010","chr7","2112993","2113296","29","13609719"
"chr8","15728943","15729253","chr9","114786009","114786320","44","99057066"
"chr8","15997137","15997436","chr22","8757305","8757604","45","7239832"
"chr8","16040376","16040689","chr15","69276871","69277183","30","53236495"
"chr8","16336202","16336451","chr12","131788345","131788608","50","115452143"
"chr8","16367579","16367880","chr8","17570913","17571199","36","1203334"
"chr8","16450733","16451056","chr6","160674779","160675089","53","144224046"
"chr8","16517228","16517521","chr1","10843872","10844174","43","5673356"
"chr8","16664287","16664600","chr1","43545614","43545930","42","26881327"
"chr8","16669726","16670023","chr8","17875801","17876102","22","1206075"
"chr8","16978137","16978437","chr6","6752789","6753094","45","10225348"
"chr8","16996191","16996504","chr3","53283944","53284251","39","36287753"
"chr8","17223064","17223346","chr3","23553039","23553323","40","6329975"
"chr8","17292727","17293000","chr8","18435192","18435472","42","1142465"
"chr8","17336065","17336381","chr10","36119294","36119606","46","18783229"
"chr8","17478192","17478505","chr22","14282850","14283161","41","3195342"
"chr8","17876999","17877297","chr6","14456523","14456825","37","3420476"
"chr8","18100195","18100506","chr7","45520039","45520349","40","27419844"
"chr8","18245983","18246291","chr10","90903612","90903921","35","72657629"
"chr8","19020724","19021042","chr8","20200586","20200898","42","1179862"
"chr8","19028532","19028828","chr5","5487375","5487672","36","13541157"
"chr8","19309913","19310200","chr8","20503251","20503544","30","1193338"
"chr8","19652807","19653116","chr21","23748714","23749027","42","4095907"
"chr8","19824486","19824793","chr19","16602118","16602424","35","3222368"
"chr8","19853288","19853577","chr8","21090003","21090296","29","1236715"
"chr8","20069658","20069953","chr9","70252230","70252529","40","50182572"
"chr8","20199665","20199972","chr1","221794285","221794593","30","201594620"
"chr8","20201873","20201958","chr16","68075337","68075423","12","47873464"
"chr8","20222467","20222775","chr22","20623630","20623939","47","401163"
"chr8","20266262","20266574","chr7","75795144","75795454","46","55528882"
"chr8","20345508","20345804","chr2B","124078688","124078987","44","103733180"
"chr8","20350794","20351099","chr8","21532955","21533266","35","1182161"
"chr8","20371204","20371327","chr9","120747317","120747450","33","100376113"
"chr8","20371591","20371721","chr7","138962703","138962820","18","118591112"
"chr8","20426852","20427146","chr8","21604554","21604848","15","1177702"
"chr8","20503563","20503847","chr8","21673007","21673285","27","1169444"
"chr8","20727926","20728028","chr8","21910561","21910664","7","1182635"
"chr8","21055279","21055578","chr8","22179247","22179546","28","1123968"
"chr8","21157064","21157216","chr1","134107846","134107997","17","112950782"
"chr8","21187471","21187754","chr8","22251922","22252199","25","1064451"
"chr8","21377214","21377544","chr9","66477747","66478075","55","45100533"
"chr8","21518926","21519266","chrX","41653739","41654071","65","20134813"
"chr8","21545848","21546138","chr5","26480986","26481273","35","4935138"
"chr8","21620996","21621277","chr8","22737214","22737496","27","1116218"
"chr8","21735024","21735315","chr19","35708412","35708705","51","13973388"
"chr8","22001968","22002279","chr22","15277783","15278092","37","6724185"
"chr8","22248566","22248847","chr8","23365264","23365548","13","1116698"
"chr8","22281209","22281521","chr9","74575275","74575588","38","52294066"
"chr8","22712658","22712926","chr6","75422722","75422964","55","52710064"
"chr8","23083242","23083552","chr4","198295008","198295316","38","175211766"
"chr8","23170183","23170457","chr1","23959364","23959650","43","789181"
"chr8","23202254","23202550","chr9","67126783","67127082","34","43924529"
"chr8","23321726","23322022","chr8","27211422","27211717","42","3889696"
"chr8","23343942","23344231","chr3","182480373","182480663","38","159136431"
"chr8","23470975","23471249","chr1","42876878","42877163","41","19405903"
"chr8","23580360","23580672","chr17","5890564","5890875","44","17689796"
"chr8","23629697","23630005","chr5","60420475","60420784","43","36790778"
"chr8","24114458","24114770","chr7","134871506","134871819","39","110757048"
"chr8","24146693","24146988","chr11","65999481","65999780","35","41852788"
"chr8","24233051","24233335","chr8","25367435","25367718","23","1134384"
"chr8","24283264","24283565","chr7","72899498","72899802","41","48616234"
"chr8","24560559","24560873","chr9","77946762","77947071","37","53386203"
"chr8","24607409","24607624","chr1","212493778","212493994","31","187886369"
"chr8","24668621","24668939","chr6","113288131","113288442","50","88619510"
"chr8","24838019","24838314","chr6","38060685","38060979","41","13222666"
"chr8","25463414","25463709","chr1","144529989","144530282","40","119066575"
"chr8","25567562","25567866","chr8","26604458","26604766","23","1036896"
"chr8","25619711","25620021","chr7","67722485","67722797","40","42102774"
"chr8","25651512","25651825","chr14","77304145","77304459","38","51652633"
"chr8","25865019","25865311","chr1","144529989","144530282","41","118664970"
"chr8","25894721","25895024","chr14","20972619","20972931","38","4922102"
"chr8","25980172","25980486","chr4","198977209","198977521","31","172997037"
"chr8","26082361","26082654","chr8","27136467","27136760","29","1054106"
"chr8","26152648","26152935","chr8","27211422","27211717","46","1058774"
"chr8","26444670","26444966","chr17","9644327","9644622","36","16800343"
"chr8","26457940","26458252","chr12","8706461","8706771","31","17751479"
"chr8","26506481","26506655","chr1","93213772","93213948","26","66707291"
"chr8","26539314","26539619","chr1","132554974","132555276","40","106015660"
"chr8","26605668","26605845","chr8","54546819","54546991","25","27941151"
"chr8","26750853","26751163","chrX","41587872","41588178","38","14837019"
"chr8","26900212","26900519","chr17","38608208","38608518","34","11707996"
"chr8","26916933","26917233","chr19","14864204","14864510","40","12052729"
"chr8","27177100","27177406","chr8","28229121","28229421","28","1052021"
"chr8","27263788","27264090","chr1","191149848","191150155","49","163886060"
"chr8","27325882","27326191","chr2B","16433354","16433662","36","10892528"
"chr8","27532548","27532860","chr17","4421208","4421514","43","23111340"
"chr8","27952969","27953280","chr6","17608929","17609236","46","10344040"
"chr8","28119782","28120075","chr5","40527212","40527505","36","12407430"
"chr8","28203005","28203307","chr9","70252230","70252529","36","42049225"
"chr8","28286510","28286614","chr5","122001202","122001308","15","93714692"
"chr8","28287382","28287589","chr1","47927790","47928002","44","19640408"
"chr8","28297439","28297703","chrX","134562038","134562303","37","106264599"
"chr8","28300456","28300768","chr8","86140881","86141197","26","57840425"
"chr8","28307150","28307397","chr12","107133783","107134017","53","78826633"
"chr8","28476046","28476357","chr7","120826223","120826536","63","92350177"
"chr8","28656721","28657031","chr4","83558656","83558971","53","54901935"
"chr8","28716517","28716819","chr13","42659320","42659625","49","13942803"
"chr8","28762550","28762850","chr13","20943216","20943510","42","7819334"
"chr8","28834771","28835059","chr22","26427129","26427412","47","2407642"
"chr8","28975137","28975433","chr22","20076650","20076946","40","8898487"
"chr8","29105854","29106140","chr8","85344058","85344348","30","56238204"
"chr8","29173165","29173462","chr5","156184518","156184813","41","127011353"
"chr8","29222126","29222437","chr2A","10355583","10355893","44","18866543"
"chr8","29402909","29403214","chr6","35622489","35622796","43","6219580"
"chr8","29454348","29454654","chr18","48344911","48345211","38","18890563"
"chr8","29648659","29648962","chr8","84816257","84816559","24","55167598"
"chr8","29801938","29801995","chr5","63113280","63113339","7","33311342"
"chr8","30824852","30825158","chr17","38608208","38608518","34","7783356"
"chr8","30882061","30882372","chr1","191149848","191150155","37","160267787"
"chr8","31009406","31009717","chr4","198295008","198295316","44","167285602"
"chr8","31023447","31023755","chr8","83413637","83413944","32","52390190"
"chr8","31372104","31372399","chr5","2683883","2684176","34","28688221"
"chr8","31507068","31507380","chr19","15918497","15918807","38","15588571"
"chr8","31509472","31509774","chr10","136766798","136767102","38","105257326"
"chr8","31527713","31527997","chr3","144880561","144880847","42","113352848"
"chr8","31533935","31534230","chr8","82903381","82903687","29","51369446"
"chr8","31634663","31634969","chrX","74427130","74427438","39","42792467"
"chr8","31642494","31642673","chr1","1885576","1885759","33","29756918"
"chr8","31643539","31643825","chr7","43831522","43831808","44","12187983"
"chr8","31652667","31652976","chr1","6164020","6164325","33","25488647"
"chr8","31674978","31675293","chr8","82766821","82767134","27","51091843"
"chr8","31866569","31866873","chr1","197931021","197931326","34","166064452"
"chr8","32289763","32290063","chr1","27021093","27021389","38","5268670"
"chr8","32471280","32471566","chr4","194608401","194608688","47","162137121"
"chr8","32931246","32931544","chrX","97594986","97595289","47","64663740"
"chr8","33267573","33267885","chr2A","79839508","79839818","43","46571935"
"chr8","33410671","33410963","chr8","80949585","80949880","30","47538914"
"chr8","33447862","33448164","chr17","8465111","8465410","41","24982751"
"chr8","33875008","33875305","chr17","38608208","38608518","47","4733200"
"chr8","33903946","33904259","chrX","41587872","41588178","50","7683926"
"chr8","34393476","34393784","chr1","191149848","191150155","34","156756372"
"chr8","34420798","34421108","chr8","79957187","79957500","29","45536389"
"chr8","34448819","34449030","chr14","83000942","83001142","33","48552123"
"chr8","34766158","34766478","chr2A","10355583","10355893","42","24410575"
"chr8","35006941","35007254","chr9","80356847","80357152","41","45349906"
"chr8","35534182","35534408","chr9","116520726","116520959","38","80986544"
"chr8","35678376","35678681","chr10","110180557","110180860","30","74502181"
"chr8","35825937","35826239","chr5","15352472","15352776","38","20473465"
"chr8","35870480","35870795","chr20","53124122","53124432","56","17253642"
"chr8","36019868","36020180","chr18","59918384","59918694","42","23898516"
"chr8","36055757","36055900","chr7","113774600","113774736","32","77718843"
"chr8","36158708","36159043","chr8","25754244","25754574","64","10404464"
"chr8","36188829","36189125","chrX","54732807","54733103","47","18543978"
"chr8","36189638","36189940","chr8","78187658","78187954","27","41998020"
"chr8","36209038","36209355","chr10","86782884","86783195","49","50573846"
"chr8","36234587","36234889","chr16","43348777","43349076","31","7114190"
"chr8","36243632","36243943","chr5","162326402","162326716","33","126082770"
"chr8","36432961","36433269","chr20","35582405","35582711","40","850556"
"chr8","36503034","36503355","chr7","18509561","18509873","49","17993473"
"chr8","36538296","36538575","chr3","12096974","12097256","43","24441322"
"chr8","36547379","36547688","chrX","119746931","119747241","41","83199552"
"chr8","36558272","36558579","chr8","77812974","77813275","28","41254702"
"chr8","36561523","36561809","chr8","77809318","77809604","23","41247795"
"chr8","36694013","36694325","chr22","14282850","14283161","37","22411163"
"chr8","36819331","36819620","chr8","77566308","77566611","44","40746977"
"chr8","36896074","36896350","chr5","18877170","18877444","33","18018904"
"chr8","36940286","36940570","chr1","24189834","24190118","44","12750452"
"chr8","37010108","37010410","chr20","35582405","35582711","38","1427703"
"chr8","37066996","37067282","chr5","160987933","160988228","43","123920937"
"chr8","37094526","37094833","chr10","140604064","140604370","46","103509538"
"chr8","37110309","37110603","chr8","77218976","77219261","40","40108667"
"chr8","37633430","37633730","chr2B","56727034","56727344","43","19093604"
"chr8","37881438","37881720","chrX","54483388","54483667","40","16601950"
"chr8","38159145","38159448","chr11","73552244","73552547","37","35393099"
"chr8","38173732","38174062","chr17","38608208","38608518","63","434476"
"chr8","38176572","38176651","chr3","55348120","55348193","14","17171548"
"chr8","38183882","38184163","chr8","76328471","76328754","29","38144589"
"chr8","38200693","38201000","chr8","76311919","76312219","46","38111226"
"chr8","38249846","38250164","chr10","136766798","136767102","50","98516952"
"chr8","38284217","38284471","chr15","11782703","11782955","46","26501514"
"chr8","38318639","38318948","chr11","17305005","17305310","42","21013634"
"chr8","38385130","38385332","chr14","83000942","83001142","37","44615812"
"chr8","38544558","38544881","chr14","74198044","74198357","46","35653486"
"chr8","38779442","38779742","chr8","75756396","75756691","29","36976954"
"chr8","38938561","38938871","chr10","12686505","12686812","47","26252056"
"chr8","39009537","39009825","chr8","75537402","75537690","23","36527865"
"chr8","39111381","39111676","chr8","126553995","126554284","41","87442614"
"chr8","39160648","39160902","chr8","96234805","96235093","58","57074157"
"chr8","39308468","39308778","chr10","36119294","36119606","38","3189174"
"chr8","39347478","39347738","chr3","155409710","155409966","37","116062232"
"chr8","39418971","39419273","chr12","58075576","58075880","37","18656605"
"chr8","39561293","39561558","chr20","12674881","12675147","34","26886412"
"chr8","39690095","39690402","chr15","78032181","78032486","42","38342086"
"chr8","39727087","39727387","chr9","67126783","67127082","35","27399696"
"chr8","39809357","39809652","chr8","74261100","74261405","50","34451743"
"chr8","39816616","39816915","chr3","143993568","143993857","40","104176952"
"chr8","39936219","39936530","chr17","38608208","38608518","46","1328011"
"chr8","39998298","39998605","chr8","74549499","74549795","28","34551201"
"chr8","40181786","40182087","chr5","44034492","44034787","42","3852706"
"chr8","40261059","40261365","chr7","45520039","45520349","29","5258980"
"chr8","40284468","40284753","chr14","36230486","36230773","42","4053982"
"chr8","40291479","40291789","chr8","74261100","74261405","32","33969621"
"chr8","40356449","40356766","chr4","198798700","198799005","44","158442251"
"chr8","40377723","40378024","chr8","74195666","74195976","44","33817943"
"chr8","40381845","40382132","chr15","51575964","51576258","53","11194119"
"chr8","40444680","40444908","chr8","74128489","74128713","17","33683809"
"chr8","40483583","40483844","chr8","74089490","74089755","38","33605907"
"chr8","40728800","40729112","chr8","73858005","73858320","33","33129205"
"chr8","40836815","40837126","chr1","22955832","22956145","42","17880983"
"chr8","40845884","40846107","chrX","17616652","17616874","46","23229232"
"chr8","40871867","40872163","chr7","72899498","72899802","38","32027631"
"chr8","40903211","40903337","chr9","45575153","45575275","18","4671942"
"chr8","40903686","40903791","chr2A","82679349","82679451","20","41775663"
"chr8","40912636","40912947","chr5","60420475","60420784","32","19507839"
"chr8","40942770","40943041","chr7","105061299","105061571","51","64118529"
"chr8","40959241","40959565","chr1","54464452","54464778","48","13505211"
"chr8","40961016","40961312","chr3","126817334","126817631","33","85856318"
"chr8","41083916","41084217","chr9","117602519","117602824","51","76518603"
"chr8","41183760","41184050","chr8","73423580","73423878","26","32239820"
"chr8","41184812","41185090","chr1","24189834","24190118","43","16994978"
"chr8","41187583","41187885","chr17","60844392","60844695","35","19656809"
"chr8","41279137","41279445","chr20","35582405","35582711","41","5696732"
"chr8","41284913","41285226","chr3","186406630","186406936","36","145121717"
"chr8","41387390","41387696","chr5","15352472","15352776","37","26034918"
"chr8","41455208","41455500","chr17","13097396","13097691","46","28357812"
"chr8","43506807","43507103","chr8","68335109","68335391","26","24828302"
"chr8","43817797","43818082","chr4","155657331","155657621","39","111839534"
"chr8","43985456","43985491","chr13","61473070","61473106","8","17487614"
"chr8","44060964","44061274","chr8","67800679","67800989","27","23739715"
"chr8","44169332","44169623","chr6","39058088","39058377","36","5111244"
"chr8","44563496","44563794","chr10","13819024","13819332","43","30744472"
"chr8","44680162","44680438","chr4","83955527","83955809","38","39275365"
"chr8","44681340","44681645","chr4","199024335","199024640","40","154342995"
"chr8","45008196","45008255","chr6","166706134","166706195","5","121697938"
"chr8","45097947","45098253","chr1","100887646","100887952","49","55789699"
"chr8","45220631","45220922","chr17","9644327","9644622","46","35576304"
"chr8","45381113","45381378","chrX","108626661","108626941","48","63245548"
"chr8","45711645","45711961","chr17","38608208","38608518","43","7103437"
"chr8","46191867","46192172","chr6","37682797","37683102","40","8509070"
"chr8","46342801","46343104","chrX","97594986","97595289","43","51252185"
"chr8","46408620","46408915","chr8","65491981","65492282","35","19083361"
"chr8","46507044","46507340","chr8","65368037","65368335","36","18860993"
"chr8","46546781","46547089","chr3","12041820","12042133","43","34504961"
"chr8","46700359","46700647","chr12","100328527","100328808","47","53628168"
"chr8","47240143","47240451","chr17","9809898","9810208","51","37430245"
"chr8","47265519","47265816","chr12","21276435","21276745","56","25989084"
"chr8","47354575","47354888","chr3","2931636","2931947","42","44422939"
"chr8","47380786","47381090","chrX","97594986","97595289","45","50214200"
"chr8","47553489","47553784","chr17","9644327","9644622","43","37909162"
"chr8","47808047","47808304","chr8","64074654","64074918","29","16266607"
"chr8","48101476","48101777","chr8","63760159","63760461","23","15658683"
"chr8","48147348","48147665","chr5","44463584","44463897","55","3683764"
"chr8","48291205","48291501","chrX","19140350","19140650","35","29150855"
"chr8","48475014","48475326","chr13","62764436","62764745","36","14289422"
"chr8","48564652","48564921","chr17","6033058","6033324","47","42531594"
"chr8","49094409","49094688","chr3","199459216","199459497","48","150364807"
"chr8","49387421","49387712","chr8","62526730","62527034","33","13139309"
"chr8","49512102","49512412","chr17","82138288","82138589","43","32626186"
"chr8","49590210","49590521","chr19","57118880","57119186","49","7528670"
"chr8","49659658","49659952","chr8","62216396","62216688","24","12556738"
"chr8","49889865","49890176","chr8","30072940","30073247","38","19816925"
"chr8","49954184","49954510","chr8","61897078","61897377","49","11942894"
"chr8","49989980","49990290","chr8","61863879","61864186","27","11873899"
"chr8","50035681","50035968","chr4","155657331","155657621","37","105621650"
"chr8","50096176","50096354","chr12","29063562","29063741","33","21032614"
"chr8","50097297","50097608","chr1","205430531","205430844","44","155333234"
"chr8","50104387","50104700","chr7","45520039","45520349","48","4584348"
"chr8","50129738","50130041","chr8","61719645","61719961","35","11589907"
"chr8","50154957","50155248","chr8","61689574","61689882","44","11534617"
"chr8","50217758","50218062","chr8","61626727","61627026","30","11408969"
"chr8","50230801","50231104","chr2B","95425788","95426089","34","45194987"
"chr8","50257886","50258178","chr5","33727432","33727720","33","16530454"
"chr8","50266572","50266865","chr1","23083897","23084189","37","27182675"
"chr8","50426620","50426767","chr5","23448994","23449146","22","26977626"
"chr8","50463099","50463410","chr9","70489400","70489708","45","20026301"
"chr8","50935343","50935470","chr5","36592470","36592589","22","14342873"
"chr8","50968247","50968550","chr4","198798700","198799005","44","147830453"
"chr8","51634589","51634891","chr7","72899498","72899802","40","21264909"
"chr8","51651922","51652076","chr2B","26837669","26837823","29","24814253"
"chr8","51772664","51772974","chr1","109323755","109324067","35","57551091"
"chr8","51787428","51787723","chr8","77189674","77189971","37","25402246"
"chr8","51792759","51793073","chr22","30343256","30343556","44","21449503"
"chr8","51817857","51818166","chr8","60021794","60022102","30","8203937"
"chr8","51958523","51958810","chr12","112839822","112840114","45","60881299"
"chr8","52015704","52015991","chr10","142970684","142970982","37","90954980"
"chr8","52095094","52095411","chr1","54620539","54620851","44","2525445"
"chr8","52110619","52110912","chr1","37855279","37855579","36","14255340"
"chr8","52151280","52151589","chr4","106451241","106451549","35","54299961"
"chr8","52171560","52171858","chr15","42750681","42750978","42","9420879"
"chr8","52312057","52312379","chr2B","95168475","95168788","57","42856418"
"chr8","52523497","52523761","chr12","76915481","76915745","46","24391984"
"chr8","53012889","53013199","chr6","99040644","99040953","42","46027755"
"chr8","53534295","53534472","chr8","128593356","128593540","45","75059061"
"chr8","53605681","53605975","chr5","51774532","51774825","40","1831149"
"chr8","53943509","53943819","chr7","127657301","127657615","36","73713792"
"chr8","54076906","54077211","chr8","57702431","57702734","35","3625525"
"chr8","54817152","54817415","chr6","2478129","2478392","47","52339023"
"chr8","55025239","55025526","chr3","135591702","135592003","48","80566463"
"chr8","56186989","56187284","chr1","27021093","27021389","35","29165896"
"chr8","56352561","56352871","chrX","145857287","145857597","37","89504726"
"chr8","56512126","56512428","chr14","32972455","32972755","40","23539671"
"chr8","56524337","56524616","chr11","66125261","66125543","36","9600924"
"chr8","56644130","56644446","chr17","38608208","38608518","47","18035922"
"chr8","56953960","56954226","chr21","28663801","28664070","39","28290159"
"chr8","56965550","56965852","chr1","182138307","182138613","40","125172757"
"chr8","57025346","57025512","chr8","54546819","54546991","26","2478527"
"chr8","57030023","57030318","chr8","54542293","54542588","29","2487730"
"chr8","57300770","57301083","chr20","35582405","35582711","51","21718365"
"chr8","57362033","57362363","chr2B","95425788","95426089","53","38063755"
"chr8","57410940","57411239","chr5","82014241","82014539","32","24603301"
"chr8","57423497","57423781","chr6","14540070","14540350","48","42883427"
"chr8","57710999","57711306","chr15","80391407","80391693","60","22680408"
"chr8","57713763","57714078","chrX","77458121","77458428","44","19744358"
"chr8","57757665","57757977","chr6","35622489","35622796","36","22135176"
"chr8","58358310","58358617","chr20","35582405","35582711","40","22775905"
"chr8","58481623","58481940","chr3","59209023","59209328","48","727400"
"chr8","58915983","58916296","chrX","51034227","51034538","41","7881756"
"chr8","59907758","59908073","chr8","51602554","51602859","39","8305204"
"chr8","60470723","60471025","chr20","35582405","35582711","41","24888318"
"chr8","60696447","60696745","chr1","184016456","184016761","41","123320009"
"chr8","60954747","60955002","chr1","40467054","40467328","51","20487693"
"chr8","61350929","61351228","chr1","10843872","10844174","43","50507057"
"chr8","61544980","61545288","chr22","34538362","34538671","40","27006618"
"chr8","61578981","61579290","chr8","49882815","49883123","25","11696166"
"chr8","61598766","61599076","chr20","35582405","35582711","40","26016361"
"chr8","61633156","61633454","chr9","67126783","67127082","37","5493627"
"chr8","61786904","61787219","chr3","12041820","12042133","42","49745084"
"chr8","61984544","61984847","chr5","26969980","26970283","28","35014564"
"chr8","62047197","62047505","chr13","20775986","20776294","53","41271211"
"chr8","62405927","62406239","chr8","48982259","48982571","30","13423668"
"chr8","62461546","62461843","chr5","160987933","160988228","36","98526387"
"chr8","62498477","62498786","chr8","48892738","48893043","30","13605739"
"chr8","62583915","62584211","chr8","48809163","48809468","38","13774752"
"chr8","62634063","62634376","chr19","15918497","15918807","41","46715566"
"chr8","62658722","62658987","chrX","134562038","134562303","41","71903316"
"chr8","62661011","62661327","chr1","100887646","100887952","43","38226635"
"chr8","62774442","62774743","chr1","89520461","89520765","38","26746019"
"chr8","62966623","62966932","chr15","11881018","11881326","46","51085605"
"chr8","63074519","63074810","chr2B","99512257","99512553","30","36437738"
"chr8","63340882","63341157","chr2B","82950494","82950780","46","19609612"
"chr8","63345863","63346148","chrX","108626661","108626941","36","45280798"
"chr8","63347157","63347448","chr8","48037412","48037712","30","15309745"
"chr8","63356419","63356698","chr1","24189834","24190118","37","39166585"
"chr8","63414423","63414735","chr10","133182309","133182619","37","69767886"
"chr8","63515453","63515755","chr8","47859201","47859506","26","15656252"
"chr8","63573380","63573673","chr3","134438652","134438945","35","70865272"
"chr8","63805191","63805494","chr1","191149848","191150155","45","127344657"
"chr8","64596123","64596437","chr20","35286617","35286928","50","29309506"
"chr8","64933363","64933669","chr10","34684828","34685127","40","30248535"
"chr8","65332013","65332303","chr1","185054973","185055268","43","119722960"
"chr8","65354380","65354669","chrUn_CABD030131550v1","8094","8384","38","65346286"
"chr8","65453898","65454188","chr9","94919935","94920225","37","29466037"
"chr8","65534150","65534471","chr5","36664566","36664877","51","28869584"
"chr8","65574771","65575079","chr12","117088484","117088786","37","51513713"
"chr8","65657019","65657319","chr2B","60505952","60506256","33","5151067"
"chr8","65851871","65852115","chr1","31406499","31406738","44","34445372"
"chr8","65895625","65895939","chr7","75796417","75796729","53","9900792"
"chr8","65909817","65910036","chr7","2943656","2943877","35","62966161"
"chr8","65966675","65966952","chr15","52950317","52950594","43","13016358"
"chr8","65993580","65993892","chr14","74198044","74198357","35","8204464"
"chr8","66000737","66001031","chr12","43988486","43988781","36","22012251"
"chr8","66319456","66319771","chrX","51034227","51034538","40","15285229"
"chr8","66443692","66443995","chr7","72899498","72899802","29","6455806"
"chr8","66780669","66780979","chr10","136766798","136767102","46","69986129"
"chr8","66858768","66859081","chr8","44389998","44390302","35","22468770"
"chr8","67742183","67742474","chr9","81354291","81354584","39","13612108"
"chr8","68442718","68442849","chr9","45575153","45575275","24","22867565"
"chr8","68771776","68771926","chr5","23448994","23449146","22","45322782"
"chr8","68800772","68801066","chr8","42392021","42392333","44","26408751"
"chr8","68854276","68854554","chr8","42336794","42337081","45","26517482"
"chr8","68975734","68976032","chr8","42210101","42210398","23","26765633"
"chr8","69272983","69273292","chr8","41937396","41937697","33","27335587"
"chr8","69416347","69416625","chr19","16512977","16513270","46","52903370"
"chr8","69643750","69644060","chr9","114786009","114786320","35","45142259"
"chr8","69714017","69714329","chr19","53294783","53295094","43","16419234"
"chr8","69726968","69727090","chr6","109879092","109879221","17","40152124"
"chr8","69754225","69754521","chr8","41450107","41450401","37","28304118"
"chr8","69764954","69765238","chr11","46969394","46969676","41","22795560"
"chr8","69768680","69768967","chr1","24189834","24190118","48","45578846"
"chr8","69777906","69778127","chr8","41427833","41428060","17","28350073"
"chr8","69846123","69846297","chr4","81515226","81515394","26","11669103"
"chr8","69916512","69916798","chr19","33970963","33971252","45","35945549"
"chr8","70375753","70376046","chr1","27021093","27021389","26","43354660"
"chr8","70630248","70630563","chr1","205504083","205504391","44","134873835"
"chr8","70659288","70659588","chr8","40512645","40512938","27","30146643"
"chr8","71114841","71115135","chr1","37855279","37855579","53","33259562"
"chr8","71177970","71178281","chr12","21276435","21276745","36","49901535"
"chr8","71547098","71547404","chr8","39606937","39607245","28","31940161"
"chr8","71583967","71584270","chr6","153659976","153660285","56","82076009"
"chr8","72547352","72547601","chr12","35696479","35696740","37","36850873"
"chr8","73262854","73263011","chr8","37844633","37844791","14","35418221"
"chr8","73427975","73428284","chr2A","10355583","10355893","43","63072392"
"chr8","73546067","73546281","chr17","58068588","58068815","41","15477479"
"chr8","73802690","73803011","chr9","12114478","12114795","49","61688212"
"chr8","74374044","74374345","chr9","67126783","67127082","40","7247261"
"chr8","74535259","74535568","chr8","36397160","36397470","34","38138099"
"chr8","75345346","75345649","chr8","35516305","35516601","28","39829041"
"chr8","75772059","75772371","chr17","38608208","38608518","47","37163851"
"chr8","75799535","75799841","chr14","34284807","34285111","38","41514728"
"chr8","75908068","75908368","chr8","34944701","34945010","35","40963367"
"chr8","75970812","75971104","chr19","3472325","3472614","62","72498487"
"chr8","75987990","75988070","chr8","32413551","32413628","15","43574439"
"chr8","76008872","76009173","chrX","97594986","97595289","41","21586114"
"chr8","76029416","76029704","chr8","34820924","34821227","34","41208492"
"chr8","76066886","76066964","chr8","34777493","34777576","9","41289393"
"chr8","76114155","76114438","chr13","42491879","42492161","38","33622276"
"chr8","76183633","76183934","chr8","34679931","34680236","28","41503702"
"chr8","76245071","76245360","chr5","137760043","137760333","31","61514972"
"chr8","76303970","76304271","chr8","34563049","34563347","26","41740921"
"chr8","76317382","76317691","chr7","29021792","29022096","35","47295590"
"chr8","76595656","76595816","chr11","63331915","63332065","25","13263741"
"chr8","77065796","77066090","chr2A","3645196","3645471","54","73420600"
"chr8","77345614","77345904","chr8","33472835","33473130","24","43872779"
"chr8","77378190","77378486","chr13","31463447","31463746","35","45914743"
"chr8","77399479","77399781","chr8","33426579","33426880","29","43972900"
"chr8","77457283","77457588","chr8","33366076","33366386","31","44091207"
"chr8","77506434","77506743","chr15","67619999","67620309","34","9886435"
"chr8","77787652","77787952","chr2B","95425788","95426089","45","17638136"
"chr8","78086758","78086975","chr17","40298402","40298619","36","37788356"
"chr8","78442998","78443064","chr22","19195613","19195682","9","59247385"
"chr8","78837890","78838186","chr8","32022871","32023173","37","46815019"
"chr8","79240064","79240374","chr11","95549087","95549398","48","16309023"
"chr8","79522722","79523012","chr8","31356531","31356813","29","48166191"
"chr8","79613983","79614293","chr5","46820864","46821176","58","32793119"
"chr8","79989150","79989296","chr2B","104911869","104912016","19","24922719"
"chr8","80013123","80013284","chr4","48588512","48588669","24","31424611"
"chr8","80167991","80168289","chr5","156289782","156290081","79","76121791"
"chr8","80901416","80901694","chr20","48044266","48044543","41","32857150"
"chr8","80927913","80928195","chr1","24189834","24190118","36","56738079"
"chr8","80990190","80990504","chr17","12349722","12350033","41","68640468"
"chr8","81107461","81107763","chr8","29858308","29858613","32","51249153"
"chr8","81183639","81183948","chr5","162326402","162326716","45","81142763"
"chr8","81521137","81521470","chr6","113010031","113010362","56","31488894"
"chr8","81523654","81523976","chr3","155388224","155388537","53","73864570"
"chr8","81691187","81691474","chr5","33727432","33727720","43","47963755"
"chr8","81819743","81820022","chr6","75635802","75636083","50","6183941"
"chr8","82115645","82115943","chr1","132554974","132555276","44","50439329"
"chr8","83055702","83055977","chr5","141472998","141473273","40","58417296"
"chr8","83558879","83559193","chr12","28716554","28716863","33","54842325"
"chr8","83563852","83564162","chr4","1939690","1939995","42","81624162"
"chr8","83900021","83900333","chr8","88894751","88895055","30","4994730"
"chr8","84214725","84215035","chrX","97594986","97595289","42","13380261"
"chr8","85510508","85510782","chr22","24788380","24788656","46","60722128"
"chr8","85609980","85610294","chr15","11881018","11881326","38","73728962"
"chr8","86010107","86010162","chr1","15731034","15731090","7","70279073"
"chr8","86407296","86407581","chr8","91520545","91520849","33","5113249"
"chr8","86443949","86444247","chr8","91550104","91550410","36","5106155"
"chr8","87236735","87237016","chr3","200664126","200664415","35","113427391"
"chr8","87240889","87241200","chr1","191149848","191150155","39","103908959"
"chr8","87511570","87511865","chr5","82014241","82014539","45","5497329"
"chr8","87555781","87556068","chr4","181240114","181240406","37","93684333"
"chr8","87976374","87976686","chr18","32989823","32990134","44","54986551"
"chr8","88040967","88041279","chr12","36414589","36414899","50","51626378"
"chr8","88114554","88114868","chr1","191149848","191150155","46","103035294"
"chr8","88419141","88419448","chrX","123609498","123609802","39","35190357"
"chr8","88537544","88537851","chr4","199024335","199024640","37","110486791"
"chr8","88764454","88764763","chr1","191149848","191150155","38","102385394"
"chr8","89056714","89057020","chr5","115780222","115780526","32","26723508"
"chr8","89165628","89165908","chr1","185054973","185055268","43","95889345"
"chr8","89207729","89208040","chr7","127657301","127657615","39","38449572"
"chr8","89273033","89273345","chr22","22301801","22302112","30","66971232"
"chr8","89273916","89274199","chr1","24189834","24190118","26","65084082"
"chr8","89317814","89318087","chr1","203814340","203814616","34","114496526"
"chr8","89643271","89643570","chr8","94878591","94878895","27","5235320"
"chr8","89936921","89937209","chr14","65484175","65484465","39","24452746"
"chr8","90021415","90021706","chr1","144529989","144530282","34","54508574"
"chr8","90058673","90058985","chr6","35622489","35622796","38","54436184"
"chr8","90156701","90157014","chr14","20972619","20972931","41","69184082"
"chr8","90163021","90163312","chr4","197519800","197520092","38","107356779"
"chr8","90452053","90452344","chr8","95717966","95718257","20","5265913"
"chr8","91037165","91037476","chr13","11345127","11345439","37","79692038"
"chr8","91309933","91310249","chr1","132729492","132729799","39","41419559"
"chr8","91444498","91444807","chr8","96727720","96728035","39","5283222"
"chr8","91927681","91927994","chr14","34215876","34216185","42","57711805"
"chr8","92391344","92391649","chr13","20225977","20226281","31","72165367"
"chr8","92840109","92840421","chr17","38608208","38608518","37","54231901"
"chr8","92894155","92894392","chr18","20906366","20906616","48","71987789"
"chr8","92990862","92991153","chr3","49125643","49125940","38","43865219"
"chr8","93052850","93053150","chr5","133411905","133412206","27","40359055"
"chr8","93193053","93193360","chr8","98691269","98691570","32","5498216"
"chr8","93215027","93215332","chr8","98710942","98711245","34","5495915"
"chr8","93324910","93325219","chr20","55450421","55450733","39","37874489"
"chr8","93397229","93397537","chr9","114786009","114786320","35","21388780"
"chr8","93947392","93947690","chr8","99436980","99437284","36","5489588"
"chr8","94155287","94155594","chrX","51034227","51034538","33","43121060"
"chr8","94158996","94159285","chr19","33970963","33971252","35","60188033"
"chr8","94401836","94402150","chr2A","79839508","79839818","37","14562328"
"chr8","94688872","94688909","chr12","49037543","49037584","11","45651329"
"chr8","94780707","94780999","chr8","100353934","100354233","35","5573227"
"chr8","94884414","94884598","chr11","69013830","69014016","32","25870584"
"chr8","94903771","94904105","chr8","100493198","100493509","46","5589427"
"chr8","95534448","95534746","chr8","101126673","101126975","23","5592225"
"chr8","95634585","95634890","chr8","101229728","101230031","25","5595143"
"chr8","95982892","95983187","chr16","12186594","12186889","42","83796298"
"chr8","96011795","96011829","chr13","61473070","61473106","9","34538725"
"chr8","96012116","96012222","chr4","140514921","140515016","20","44502805"
"chr8","96032309","96032645","chr11","48321214","48321541","53","47711095"
"chr8","96050126","96050422","chr8","101654152","101654446","23","5604026"
"chr8","96050910","96051194","chr16","15232771","15233053","37","80818139"
"chr8","96198070","96198356","chr22","14144848","14145128","45","82053222"
"chr8","96263143","96263291","chrX","5666628","5666771","27","90596515"
"chr8","96268866","96269177","chrX","51034227","51034538","46","45234639"
"chr8","96325933","96326234","chr8","101945306","101945605","28","5619373"
"chr8","96408477","96408762","chr1","24189834","24190118","33","72218643"
"chr8","96514651","96514960","chr1","157261144","157261453","40","60746493"
"chr8","96601931","96602211","chr4","83955527","83955809","41","12646404"
"chr8","96711111","96711405","chr8","102357253","102357548","28","5646142"
"chr8","97126414","97126725","chr5","44463584","44463897","41","52662830"
"chr8","97542842","97543144","chr2A","59985648","59985942","44","37557194"
"chr8","97652996","97653306","chr4","48585107","48585416","38","49067889"
"chr8","97681819","97682123","chr7","72899498","72899802","41","24782321"
"chr8","97708230","97708520","chr7","72899498","72899802","42","24808732"
"chr8","97737299","97737610","chr3","189917481","189917788","42","92180182"
"chr8","97838700","97839016","chr1","22955832","22956145","46","74882868"
"chr8","98114489","98114788","chr8","103808144","103808448","26","5693655"
"chr8","98125325","98125633","chr13","62764436","62764745","38","35360889"
"chr8","98126241","98126535","chr5","160987933","160988228","40","62861692"
"chr8","98167429","98167728","chr8","103850836","103851136","30","5683407"
"chr8","98196465","98196775","chr13","62764436","62764745","33","35432029"
"chr8","98207896","98208210","chr9","74575275","74575588","40","23632621"
"chr8","98220957","98221263","chr9","73922988","73923294","36","24297969"
"chr8","98349386","98349676","chr20","18504512","18504806","39","79844874"
"chr8","98372770","98373082","chr15","67619999","67620309","42","30752771"
"chr8","98474782","98475065","chr1","24189834","24190118","33","74284948"
"chr8","98857919","98858218","chr1","210595639","210595937","34","111737720"
"chr8","99050245","99050560","chr2A","21134848","21135157","45","77915397"
"chr8","99124399","99124695","chr4","96760748","96761048","40","2363651"
"chr8","99165627","99165935","chr1","191149848","191150155","40","91984221"
"chr8","99364860","99365184","chr17","2794701","2795027","44","96570159"
"chr8","100071181","100071490","chr8","106028519","106028832","36","5957338"
"chr8","100574657","100574956","chr8","106581065","106581373","39","6006408"
"chr8","100627387","100627599","chr12","36926018","36926225","45","63701369"
"chr8","100627600","100627648","chr6","44103478","44103536","13","56524122"
"chr8","101163253","101163543","chr1","181950388","181950673","41","80787135"
"chr8","101625438","101625742","chr13","8634043","8634347","37","92991395"
"chr8","101726764","101727056","chr6","107073721","107074014","38","5346957"
"chr8","102067010","102067247","chr22","19333163","19333397","37","82733847"
"chr8","102112342","102112646","chr1","187807358","187807662","43","85695016"
"chr8","102213960","102214265","chr1","144529989","144530282","56","42316029"
"chr8","102548504","102548805","chr8","108607213","108607515","30","6058709"
"chr8","102667883","102668175","chr5","34981033","34981329","29","67686850"
"chr8","103367826","103368111","chr1","91917384","91917672","38","11450442"
"chr8","104049989","104050286","chr12","21476594","21476898","47","82573395"
"chr8","104421458","104421752","chr8","78695489","78695787","49","25725969"
"chr8","104595775","104596066","chr4","194608401","194608688","55","90012626"
"chr8","104622255","104622545","chr21","23838552","23838840","46","80783703"
"chr8","104867902","104868207","chr17","38608208","38608518","47","66259694"
"chr8","104915478","104915782","chr12","8893890","8894193","42","96021588"
"chr8","105216868","105217176","chrX","41978583","41978888","42","63238285"
"chr8","105584102","105584425","chr2A","4571612","4571923","50","101012490"
"chr8","105601334","105601644","chr18","8820811","8821121","51","96780523"
"chr8","106280320","106280629","chr4","198977209","198977521","50","92696889"
"chr8","106389719","106390013","chr8","112521397","112521696","33","6131678"
"chr8","106414808","106415119","chr3","197346369","197346679","42","90931561"
"chr8","106670621","106670935","chr3","6092861","6093175","39","100577760"
"chr8","106917434","106917524","chr1","107670400","107670487","17","752966"
"chr8","106918051","106918248","chr18","57307887","57308095","52","49610164"
"chr8","107163807","107164082","chr15","13780491","13780768","40","93383316"
"chr8","107260461","107260770","chr1","205194362","205194670","45","97933901"
"chr8","107326185","107326418","chr16","50754893","50755126","43","56571292"
"chr8","107646066","107646378","chr8","113898334","113898642","30","6252268"
"chr8","108987468","108987780","chr8","94878591","94878895","52","14108877"
"chr8","109361323","109361469","chrX","119354023","119354171","17","9992700"
"chr8","109854221","109854509","chr8","116075329","116075613","32","6221108"
"chr8","109892965","109893224","chr10","43187932","43188189","48","66705033"
"chr8","109932374","109932685","chr8","116147829","116148141","27","6215455"
"chr8","110012397","110012678","chr8","116235757","116236036","33","6223360"
"chr8","110056919","110057222","chr21","34822190","34822488","48","75234729"
"chr8","110133396","110133686","chr8","42210101","42210398","47","67923295"
"chr8","110876260","110876572","chr8","117135308","117135624","38","6259048"
"chr8","111985212","111985515","chrX","104207361","104207661","37","7777851"
"chr8","112921945","112922251","chr17","79404094","79404401","41","33517851"
"chr8","112991804","112992107","chr8","119188203","119188512","21","6196399"
"chr8","113041959","113042276","chr20","35582405","35582711","42","77459554"
"chr8","113285977","113286265","chr8","77189674","77189971","47","36096303"
"chr8","113620876","113621155","chr8","119867606","119867888","34","6246730"
"chr8","114168663","114168957","chr8","27136467","27136760","31","87032196"
"chr8","114409499","114409807","chr2B","111036318","111036618","58","3373181"
"chr8","114429270","114429585","chr1","42870112","42870422","44","71559158"
"chr8","114653181","114653472","chr3","193246656","193246941","61","78593475"
"chr8","114666062","114666274","chr8","68569506","68569711","30","46096556"
"chr8","114666749","114667036","chr19","33970963","33971252","30","80695786"
"chr8","114771612","114771919","chr1","100887646","100887952","36","13883966"
"chr8","114772774","114773074","chrX","45943264","45943560","32","68829510"
"chr8","114897424","114897742","chr5","162326402","162326716","47","47428978"
"chr8","114927426","114927737","chr13","63423787","63424093","37","51503639"
"chr8","114976708","114977020","chr17","38608208","38608518","34","76368500"
"chr8","115029906","115030222","chr8","121304487","121304805","29","6274581"
"chr8","115115392","115115681","chr4","193440825","193441116","35","78325433"
"chr8","115264704","115265003","chr7","127920362","127920661","40","12655658"
"chr8","115435605","115435922","chr8","121780376","121780681","30","6344771"
"chr8","115538288","115538595","chr3","187177539","187177847","41","71639251"
"chr8","115750216","115750542","chr1","54464452","54464778","62","61285764"
"chr8","116541797","116541987","chr3","104744785","104744978","34","11797012"
"chr8","116808547","116808839","chr3","12041820","12042133","55","104766727"
"chr8","117024911","117025205","chr4","171953878","171954174","37","54928967"
"chr8","117070267","117070584","chr14","89567587","89567900","40","27502680"
"chr8","117639202","117639482","chr11","118704008","118704295","32","1064806"
"chr8","117707695","117707890","chr2B","34173941","34174155","44","83533754"
"chr8","117769300","117769463","chr8","124094879","124095044","19","6325579"
"chr8","117822601","117822896","chr1","161583777","161584072","34","43761176"
"chr8","117903524","117903821","chr10","36114158","36114452","41","81789366"
"chr8","117987786","117988054","chr8","124320729","124321002","21","6332943"
"chr8","117998159","117998466","chrX","97594986","97595289","43","20403173"
"chr8","118059598","118059914","chr4","106451241","106451549","50","11608357"
"chr8","118068149","118068452","chr3","187177539","187177847","37","69109390"
"chr8","118116115","118116423","chr4","37953476","37953776","37","80162639"
"chr8","118152596","118152910","chr6","44304477","44304783","46","73848119"
"chr8","118210433","118210743","chr1","40966383","40966697","38","77244050"
"chr8","118236317","118236612","chr8","124609358","124609664","28","6373041"
"chr8","118313524","118313816","chr16","16564629","16564927","39","101748895"
"chr8","118418709","118419017","chr13","73739367","73739690","57","44679342"
"chr8","118473384","118473663","chrX","36693904","36694182","48","81779480"
"chr8","118664377","118664622","chr2A","65259267","65259509","48","53405110"
"chr8","118741701","118741997","chrX","54483388","54483667","52","64258313"
"chr8","118932207","118932502","chr7","70900990","70901293","40","48031217"
"chr8","118946394","118946699","chr7","127920362","127920661","51","8973968"
"chr8","118973660","118973941","chr8","67172779","67173059","42","51800881"
"chr8","119214111","119214279","chr19","2974694","2974872","32","116239417"
"chr8","119272666","119272951","chr3","186504136","186504430","38","67231470"
"chr8","119284649","119284957","chr8","125643748","125644053","39","6359099"
"chr8","119373939","119374219","chr1","24189834","24190118","50","95184105"
"chr8","119377624","119377921","chr16","3988831","3989133","35","115388793"
"chr8","119418588","119418881","chr9","67126783","67127082","43","52291805"
"chr8","119442712","119443022","chr2B","44213774","44214081","39","75228938"
"chr8","119455622","119455920","chr1","144529989","144530282","43","25074367"
"chr8","119633196","119633489","chr4","38387917","38388218","51","81245279"
"chr8","119668372","119668693","chr7","134871506","134871819","47","15203134"
"chr8","119791777","119792080","chr10","140604064","140604370","38","20812287"
"chr8","119835762","119836072","chr16","9190501","9190812","37","110645261"
"chr8","119873029","119873329","chr8","126246032","126246322","31","6373003"
"chr8","119978618","119978936","chr6","35622489","35622796","47","84356129"
"chr8","120224770","120225055","chr8","126553995","126554284","28","6329225"
"chr8","120512536","120512832","chr9","94919935","94920225","36","25592601"
"chr8","120678443","120678724","chr9","41133153","41133436","39","79545290"
"chr8","120725165","120725485","chr6","35622489","35622796","45","85102676"
"chr8","121054076","121054372","chr1","185054973","185055268","29","64000897"
"chr8","121344466","121344783","chr7","18509561","18509873","47","102834905"
"chr8","121421241","121421528","chr8","127791237","127791544","40","6369996"
"chr8","121446616","121446927","chr22","22882061","22882365","38","98564555"
"chr8","121492265","121492588","chr3","172682819","172683131","48","51190554"
"chr8","121545523","121545833","chr17","38608208","38608518","47","82937315"
"chr8","121577207","121577472","chr12","131788345","131788608","39","10211138"
"chr8","121590803","121591112","chr1","93824549","93824847","41","27766254"
"chr8","121591221","121591552","chrX","21951816","21952140","66","99639405"
"chr8","121939511","121939820","chr5","22049247","22049559","48","99890264"
"chr8","122220137","122220321","chr8","128593356","128593540","16","6373219"
"chr8","122434884","122435195","chr17","38608208","38608518","40","83826676"
"chr8","122526880","122527173","chr6","119750721","119751012","34","2776159"
"chr8","122616825","122617142","chr5","22049247","22049559","44","100567578"
"chr8","122654267","122654569","chr4","37953476","37953776","35","84700791"
"chr8","122754490","122754802","chr3","188271553","188271856","40","65517063"
"chr8","122856348","122856616","chr2A","1587097","1587372","49","121269251"
"chr8","122891833","122892153","chr12","21276435","21276745","42","101615398"
"chr8","122924229","122924540","chrX","133201053","133201355","42","10276824"
"chr8","122934816","122935110","chr5","51774532","51774825","37","71160284"
"chr8","123291365","123291669","chr14","32972455","32972755","44","90318910"
"chr8","124034749","124035032","chr8","130516313","130516591","40","6481564"
"chr8","124493654","124493958","chr11","75110442","75110748","37","49383212"
"chr8","124543442","124543605","chr8","131019200","131019360","24","6475758"
"chr8","124801693","124801990","chr7","127657301","127657615","53","2855608"
"chr8","124862939","124863149","chr7","158117766","158117973","34","33254827"
"chr8","124937159","124937464","chr1","100887646","100887952","39","24049513"
"chr8","125026779","125027068","chr8","131551048","131551330","39","6524269"
"chr8","125071129","125071426","chr3","135591702","135592003","33","10520573"
"chr8","125120902","125121211","chr8","131648795","131649105","34","6527893"
"chr8","125189610","125189820","chr8","131717552","131717762","23","6527942"
"chr8","125346653","125346946","chr14","34284807","34285111","39","91061846"
"chr8","125352022","125352322","chr3","135591702","135592003","32","10239680"
"chr8","125414100","125414411","chr17","26156165","26156468","40","99257935"
"chr8","125450086","125450397","chr2B","66922159","66922465","46","58527927"
"chr8","125489993","125490310","chr17","38608208","38608518","39","86881785"
"chr8","125583277","125583580","chr10","136766798","136767102","38","11183521"
"chr8","125689610","125689847","chr8","132213289","132213520","28","6523679"
"chr8","126834646","126834948","chr8","133406775","133407068","35","6572129"
"chr8","127162532","127162645","chr1","29226369","29226480","20","97936163"
"chr8","127162706","127163012","chr4","173568856","173569161","49","46406150"
"chr8","127169415","127169727","chr8","133736449","133736759","35","6567034"
"chr8","127276587","127276836","chr8","133843019","133843270","18","6566432"
"chr8","127386557","127386855","chr10","36114158","36114452","47","91272399"
"chr8","127479159","127479472","chr20","13403253","13403563","45","114075906"
"chr8","127509416","127509736","chr18","1641850","1642158","53","125867566"
"chr8","127807111","127807367","chr2A","21319010","21319285","56","106488101"
"chr8","127847681","127847982","chr8","94878591","94878895","35","32969090"
"chr8","127997621","127997791","chr8","134574409","134574593","39","6576788"
"chr8","128211094","128211406","chr1","132554974","132555276","34","4343880"
"chr8","128261035","128261183","chr8","134839289","134839435","14","6578254"
"chr8","128434895","128435219","chr13","3632322","3632644","55","124802573"
"chr8","128519605","128519926","chr3","2931636","2931947","47","125587969"
"chr8","128542775","128543078","chr8","19042781","19043092","49","109499994"
"chr8","128553526","128553836","chr8","135137089","135137383","45","6583563"
"chr8","128791195","128791508","chr19","5859200","5859509","39","122931995"
"chr8","129190333","129190651","chr7","143117212","143117527","39","13926879"
"chr8","129548202","129548504","chr8","136166346","136166659","28","6618144"
"chr8","129678150","129678461","chr2A","7285923","7286231","40","122392227"
"chr8","129717427","129717730","chr22","34538362","34538671","41","95179065"
"chr8","130380942","130381264","chr8","136933986","136934283","53","6553044"
"chr8","130740500","130740779","chr5","6362069","6362349","43","124378431"
"chr8","131344722","131345035","chr10","110180557","110180860","50","21164165"
"chr8","131614522","131614833","chr5","39930575","39930888","41","91683947"
"chr8","131638508","131638791","chr8","138278487","138278757","46","6639979"
"chr8","131873339","131873631","chr1","41763043","41763338","38","90110296"
"chr8","132057915","132058224","chr17","12349722","12350033","44","119708193"
"chr8","132110349","132110670","chr1","69034819","69035142","44","63075530"
"chr8","132175232","132175514","chrX","18200876","18201163","40","113974356"
"chr8","132178634","132178949","chr15","18246269","18246581","41","113932365"
"chr8","132303489","132303792","chr7","29021792","29022096","35","103281697"
"chr8","133301575","133301885","chr20","35582405","35582711","41","97719170"
"chr8","133438649","133438898","chr8","140163647","140163896","25","6724998"
"chr8","133617601","133617878","chr1","22429883","22430152","41","111187718"
"chr8","133806200","133806482","chr10","111057945","111058242","54","22748255"
"chr8","134415945","134416240","chr8","141166127","141166407","37","6750182"
"chr8","134787189","134787500","chr8","141537686","141537992","38","6750497"
"chr8","134993018","134993332","chr8","141746900","141747199","45","6753882"
"chr8","135074234","135074401","chr7","1585346","1585513","23","133488888"
"chr8","135077015","135077305","chr9","94919935","94920225","35","40157080"
"chr8","135175637","135175949","chr6","35622489","35622796","41","99553148"
"chr8","135219441","135219730","chr8","141991260","141991559","30","6771819"
"chr8","135228049","135228338","chr19","18434930","18435229","41","116793119"
"chr8","135252298","135252578","chr1","24189834","24190118","34","111062464"
"chr8","135278598","135278893","chr3","49125643","49125940","39","86152955"
"chr8","135280903","135281201","chr8","142076889","142077192","26","6795986"
"chr8","135348714","135348975","chr8","142149307","142149589","40","6800593"
"chr8","135406023","135406328","chr1","132554974","132555276","39","2851049"
"chr8","135410039","135410341","chr5","36374695","36374994","34","99035344"
"chr8","135452939","135453226","chr8","142251735","142252020","33","6798796"
"chr8","135454828","135455139","chr7","29021792","29022096","41","106433036"
"chr8","135568390","135568612","chrX","17616652","17616874","27","117951738"
"chr8","135786978","135787266","chr17","28361678","28361954","48","107425300"
"chr8","136008956","136009266","chr7","72899498","72899802","42","63109458"
"chr8","136010822","136011112","chr8","142792910","142793193","32","6782088"
"chr8","136020167","136020464","chr8","142809025","142809318","24","6788858"
"chr8","136329723","136330030","chrX","39361569","39361874","49","96968154"
"chr8","136544176","136544488","chr1","134432903","134433212","36","2111273"
"chr8","136932691","136933000","chr8","143753631","143753931","38","6820940"
"chr8","137091201","137091508","chr1","100887646","100887952","30","36203555"
"chr8","137806976","137807269","chr5","160987933","160988228","38","23180957"
"chr8","137824620","137824932","chr15","67619999","67620309","35","70204621"
"chr8","137867758","137868066","chr7","127657301","127657615","38","10210457"
"chr8","137875421","137875727","chr12","21276435","21276745","38","116598986"
"chr8","137896948","137897239","chr4","155657331","155657621","40","17760383"
"chr8","137991816","137992135","chr20","33963565","33963880","42","104028251"
"chr8","138045503","138045799","chr8","42006234","42006525","59","96039269"
"chr8","138311052","138311371","chr8","145073116","145073433","42","6762064"
"chr8","138316755","138317056","chr1","185054973","185055268","47","46738218"
"chr8","138402590","138402884","chr12","117240987","117241284","37","21161603"
"chr8","138501851","138502150","chr16","76354770","76355065","31","62147081"
"chr8","138537894","138538063","chr6","141107307","141107479","30","2569413"
"chr8","138560953","138561245","chr3","138772565","138772857","41","211612"
"chr8","138701025","138701308","chr3","180319404","180319693","44","41618379"
"chr8","138955350","138955659","chr8","146039245","146039553","35","7083895"
"chr8","138961094","138961382","chr17","20151025","20151313","40","118810069"
"chr8","138961542","138961828","chr1","40476156","40476452","48","98485386"
"chr8","138961987","138962289","chr1","132554974","132555276","38","6407013"
"chr8","138977700","138977991","chr1","24189834","24190118","42","114787866"
"chr8","139225532","139225695","chr3","198623790","198623952","25","59398258"
"chr8","139294009","139294315","chr2B","99158092","99158401","39","40135917"
"chr8","139305484","139305797","chr2A","103881939","103882244","40","35423545"
"chr8","139350598","139350909","chr8","61689574","61689882","40","77661024"
"chr9","14155712","14155984","chr10","14217385","14217658","18","61673"
"chr9","81526665","81526973","chr7","72899498","72899802","37","8627167"
"chr9","82051010","82051340","chr13","73739367","73739690","47","8311643"
"chr9","50941","51261","chr5","155562417","155562734","55","155511476"
"chr9","55820","56107","chr15","80391407","80391693","38","80335587"
"chr9","226853","227147","chr10","34684828","34685127","31","34457975"
"chr9","437667","437969","chr11","14213433","14213733","36","13775766"
"chr9","484838","485160","chr18","7328644","7328966","72","6843806"
"chr9","750494","750786","chr13","24661027","24661323","43","23910533"
"chr9","757549","757833","chr10","655306","655590","17","102243"
"chr9","767758","768053","chr10","665548","665842","29","102210"
"chr9","988735","989037","chr12","30338513","30338812","36","29349778"
"chr9","1023887","1024197","chr20","35582405","35582711","36","34558518"
"chr9","1054367","1054659","chr19","34938060","34938350","38","33883693"
"chr9","1073811","1074105","chr1","100887646","100887952","56","99813835"
"chr9","1083382","1083694","chr1","191149848","191150155","51","190066466"
"chr9","1221462","1221755","chr19","34938060","34938350","45","33716598"
"chr9","1241100","1241396","chr5","13187837","13188133","45","11946737"
"chr9","1545532","1545845","chr17","38608208","38608518","37","37062676"
"chr9","1883776","1884100","chr13","73739367","73739690","51","71855591"
"chr9","1899396","1899695","chr5","13187837","13188133","55","11288441"
"chr9","1994512","1994819","chr5","22049247","22049559","47","20054735"
"chr9","2113271","2113568","chr3","135591702","135592003","54","133478431"
"chr9","2388390","2388680","chr5","22452184","22452480","52","20063794"
"chr9","2463669","2463969","chr19","17050826","17051125","41","14587157"
"chr9","2467596","2467861","chr12","131788345","131788608","37","129320749"
"chr9","2846115","2846426","chr2A","10355583","10355893","43","7509468"
"chr9","2893203","2893501","chr5","1202797","1203110","49","1690406"
"chr9","2895544","2895855","chr7","72899498","72899802","49","70003954"
"chr9","3360237","3360555","chr1","40966383","40966697","44","37606146"
"chr9","3522399","3522705","chr14","20972619","20972931","40","17450220"
"chr9","3616625","3616912","chr4","197519800","197520092","41","193903175"
"chr9","3647440","3647715","chr22","17211062","17211337","45","13563622"
"chr9","3722923","3723230","chr13","62764436","62764745","31","59041513"
"chr9","3735501","3735800","chr10","3617737","3618034","31","117764"
"chr9","3736456","3736752","chr4","37953476","37953776","45","34217020"
"chr9","3743658","3743759","chr11","109788166","109788265","19","106044508"
"chr9","3814400","3814625","chr22","19333163","19333397","36","15518763"
"chr9","3995517","3995806","chr8","126553995","126554284","35","122558478"
"chr9","4031155","4031328","chr8","54546819","54546991","29","50515664"
"chr9","4063246","4063510","chrX","47378035","47378310","51","43314789"
"chr9","4118942","4119232","chr22","26546615","26546905","45","22427673"
"chr9","4187491","4187624","chr10","4054921","4055053","17","132570"
"chr9","4256955","4257259","chr10","4123396","4123683","47","133559"
"chr9","4479812","4480123","chr20","35582405","35582711","48","31102593"
"chr9","4633085","4633366","chr6","172320858","172321142","49","167687773"
"chr9","4679966","4680223","chr1","147628416","147628684","45","142948450"
"chr9","4864889","4865173","chr10","125646260","125646551","33","120781371"
"chr9","4965506","4965797","chr10","4811836","4812135","34","153670"
"chr9","5164165","5164443","chr12","121761586","121761860","49","116597421"
"chr9","5255989","5256299","chr7","127657301","127657615","35","122401312"
"chr9","5593692","5593992","chr1","60766014","60766316","44","55172322"
"chr9","5637417","5637701","chr10","131944265","131944557","52","126306848"
"chr9","5827931","5828228","chr10","5679935","5680227","30","147996"
"chr9","5847941","5848245","chr2A","51304277","51304576","43","45456336"
"chr9","5875002","5875329","chr10","5726226","5726539","31","148776"
"chr9","5913319","5913614","chr17","8465111","8465410","46","2551792"
"chr9","5976989","5977280","chr5","130076685","130076979","42","124099696"
"chr9","6024217","6024529","chrX","97594986","97595289","37","91570769"
"chr9","6076183","6076494","chr9","74575275","74575588","36","68499092"
"chr9","6079329","6079628","chr4","177908057","177908348","54","171828728"
"chr9","6226399","6226695","chr13","31463447","31463746","34","25237048"
"chr9","6251242","6251488","chr1","180285522","180285755","48","174034280"
"chr9","6297851","6298162","chr2B","72409719","72410029","42","66111868"
"chr9","6438599","6438882","chr2A","59985648","59985942","42","53547049"
"chr9","6445569","6445859","chrX","50220545","50220834","32","43774976"
"chr9","6484607","6484920","chr6","35622489","35622796","37","29137882"
"chr9","6598452","6598759","chr1","191149848","191150155","37","184551396"
"chr9","6643404","6643685","chr12","33243923","33244207","37","26600519"
"chr9","7082044","7082318","chr16","29420076","29420354","51","22338032"
"chr9","7362558","7362823","chr10","7277139","7277404","30","85419"
"chr9","7620044","7620278","chr8","98564414","98564653","44","90944370"
"chr9","7717418","7717705","chr10","7647340","7647643","39","70078"
"chr9","7752707","7752997","chrX","1068284","1068571","42","6684423"
"chr9","7919109","7919400","chr19","52434338","52434622","38","44515229"
"chr9","8024494","8024786","chr14","78328143","78328435","28","70303649"
"chr9","8065917","8066222","chr10","8011527","8011828","23","54390"
"chr9","8148916","8149229","chr22","14282850","14283161","40","6133934"
"chr9","8358730","8359033","chr5","34806335","34806645","46","26447605"
"chr9","8632360","8632667","chr1","100887646","100887952","43","92255286"
"chr9","8718028","8718339","chr13","12554842","12555158","45","3836814"
"chr9","9114640","9114947","chr20","35582405","35582711","32","26467765"
"chr9","9410890","9411187","chr8","22325883","22326185","47","12914993"
"chr9","9503003","9503308","chr10","136766798","136767102","32","127263795"
"chr9","10086335","10086653","chr8","630106","630417","49","9456229"
"chr9","10142900","10143211","chr9","59842059","59842366","40","49699159"
"chr9","10219137","10219436","chr9","59640686","59640990","39","49421549"
"chr9","10459619","10459908","chr21","34822190","34822488","50","24362571"
"chr9","10553332","10553633","chrX","134870138","134870435","40","124316806"
"chr9","10706171","10706451","chr1","23959364","23959650","43","13253193"
"chr9","10727580","10727873","chr10","10744937","10745227","31","17357"
"chr9","10823825","10824137","chr2A","10355583","10355893","42","468242"
"chr9","10931754","10932053","chr4","106451241","106451549","45","95519487"
"chr9","11093241","11093546","chr1","15137191","15137502","39","4043950"
"chr9","11549588","11549898","chr1","100887646","100887952","38","89338058"
"chr9","11565735","11566052","chr12","21276435","21276745","39","9710700"
"chr9","11569468","11569780","chrX","24261426","24261738","36","12691958"
"chr9","11700743","11701051","chr2A","31692393","31692699","41","19991650"
"chr9","11736050","11736341","chr10","140679819","140680102","47","128943769"
"chr9","12078467","12078754","chr19","14027232","14027520","38","1948765"
"chr9","12125958","12126256","chr17","59104636","59104927","39","46978678"
"chr9","12176347","12176635","chr2B","10115092","10115380","33","2061255"
"chr9","12199615","12199915","chr12","117088484","117088786","40","104888869"
"chr9","12255341","12255647","chr10","12271285","12271586","33","15944"
"chr9","12256737","12257047","chr10","12272820","12273122","28","16083"
"chr9","12278065","12278360","chr10","12295481","12295780","28","17416"
"chr9","12316077","12316382","chr12","117088484","117088786","35","104772407"
"chr9","12357794","12357951","chr6","110455226","110455385","26","98097432"
"chr9","12373690","12373989","chrX","52220872","52221169","55","39847182"
"chr9","12375534","12375829","chr10","12391174","12391485","39","15640"
"chr9","12409661","12409947","chr5","19394864","19395150","44","6985203"
"chr9","12518969","12519291","chr1","54464452","54464778","52","41945483"
"chr9","12576601","12576897","chr2A","10348885","10349185","35","2227716"
"chr9","12589096","12589406","chr1","132554974","132555276","39","119965878"
"chr9","12594443","12594747","chr6","6752789","6753094","36","5841654"
"chr9","12602442","12602760","chr9","73383977","73384295","44","60781535"
"chr9","12605789","12606086","chr10","12632029","12632328","29","26240"
"chr9","12637489","12637805","chr1","133746278","133746584","44","121108789"
"chr9","12668713","12669002","chrX","48041286","48041580","44","35372573"
"chr9","12691170","12691480","chr10","12707329","12707624","35","16159"
"chr9","12797542","12797853","chr1","191149848","191150155","44","178352306"
"chr9","12804531","12804837","chr9","59842059","59842366","42","47037528"
"chr9","12839836","12840118","chr13","42491879","42492161","45","29652043"
"chr9","12863362","12863654","chr8","61897078","61897377","48","49033716"
"chr9","12866407","12866723","chr1","157261144","157261453","35","144394737"
"chr9","12885165","12885470","chr19","55001364","55001664","36","42116199"
"chr9","12939935","12940244","chr10","12969339","12969645","21","29404"
"chr9","13025624","13025932","chr1","100887646","100887952","34","87862022"
"chr9","13091595","13091873","chr5","3723026","3723304","45","9368569"
"chr9","13199919","13200204","chr2B","10115092","10115380","40","3084827"
"chr9","13214516","13214805","chr11","46969394","46969676","45","33754878"
"chr9","13242162","13242453","chr10","13288468","13288755","22","46306"
"chr9","13524023","13524317","chrX","9286181","9286474","37","4237842"
"chr9","13575861","13576171","chr3","38028952","38029265","37","24453091"
"chr9","13740294","13740589","chr5","39152423","39152718","47","25412129"
"chr9","14061987","14062298","chr20","13403253","13403563","54","658734"
"chr9","14097042","14097335","chr8","67971105","67971409","51","53874063"
"chr9","14145869","14146168","chr10","14207525","14207822","26","61656"
"chr9","14215975","14216262","chr11","58946039","58946326","47","44730064"
"chr9","14350242","14350539","chr15","80577834","80578133","38","66227592"
"chr9","14651561","14651872","chr3","48551733","48552047","39","33900172"
"chr9","14815767","14816072","chr1","27021093","27021389","40","12205326"
"chr9","15143175","15143493","chr13","63423787","63424093","46","48280612"
"chr9","15179148","15179435","chr9","118968461","118968747","42","103789313"
"chr9","15180581","15180871","chr21","19767791","19768077","37","4587210"
"chr9","15183715","15184019","chr12","117088484","117088786","42","101904769"
"chr9","15198805","15198997","chr7","144191527","144191741","47","128992722"
"chr9","15277596","15277893","chr6","169689147","169689442","31","154411551"
"chr9","15403972","15404261","chr3","12024603","12024895","32","3379369"
"chr9","15414516","15414814","chr11","309868","310167","38","15104648"
"chr9","15431132","15431450","chr10","15529004","15529338","37","97872"
"chr9","15438385","15438698","chr10","15536288","15536601","39","97903"
"chr9","15443847","15444132","chr10","15541492","15541795","52","97645"
"chr9","15449181","15449444","chrX","154237824","154238090","32","138788643"
"chr9","15449639","15449683","chr18","56150677","56150711","20","40701038"
"chr9","15523005","15523323","chr6","37682797","37683102","51","22159792"
"chr9","15549632","15549923","chr22","3185795","3186086","40","12363837"
"chr9","15620771","15621073","chr9","13843119","13843412","48","1777652"
"chr9","15665861","15666166","chr10","15765724","15766029","36","99863"
"chr9","15680612","15680931","chr2A","79839508","79839818","39","64158896"
"chr9","15878506","15878815","chr4","48585107","48585416","43","32706601"
"chr9","15970359","15970661","chr2B","95425788","95426089","36","79455429"
"chr9","16319909","16320210","chr10","16470901","16471193","33","150992"
"chr9","16324737","16324930","chr19","4396036","4396227","33","11928701"
"chr9","16497640","16497947","chr17","24583359","24583669","40","8085719"
"chr9","16575448","16575747","chr1","51985183","51985483","45","35409735"
"chr9","16646562","16646859","chr2A","59985648","59985942","37","43339086"
"chr9","16676118","16676423","chr10","16847632","16847943","33","171514"
"chr9","16883685","16883995","chr16","43800527","43800838","43","26916842"
"chr9","16898818","16899123","chr10","17550361","17550660","32","651543"
"chr9","17049186","17049486","chr10","17708513","17708817","28","659327"
"chr9","17138462","17138743","chr19","29320216","29320509","45","12181754"
"chr9","17158177","17158305","chr20","34803855","34803990","27","17645678"
"chr9","17158462","17158645","chrX","153025683","153025863","31","135867221"
"chr9","17173064","17173373","chr10","17827735","17828046","34","654671"
"chr9","17218134","17218414","chr10","17871324","17871602","29","653190"
"chr9","17255987","17256292","chr10","17912954","17913259","22","656967"
"chr9","17392760","17393077","chr10","18041459","18041774","37","648699"
"chr9","17476585","17476894","chr16","66436699","66437011","46","48960114"
"chr9","17549517","17549819","chr10","108870200","108870501","36","91320683"
"chr9","17600753","17601062","chr2B","72409719","72410029","46","54808966"
"chr9","17930838","17931141","chr18","48344911","48345211","38","30414073"
"chr9","18015932","18016209","chr12","36261828","36262107","35","18245896"
"chr9","18046907","18047185","chr17","10387569","10387843","48","7659338"
"chr9","18051398","18051647","chr14","62662099","62662351","40","44610701"
"chr9","18076308","18076600","chr10","30706997","30707281","50","12630689"
"chr9","18104236","18104534","chr10","18953429","18953733","28","849193"
"chr9","18116866","18117178","chrX","97594986","97595289","37","79478120"
"chr9","18126203","18126515","chr15","19133764","19134076","34","1007561"
"chr9","18329964","18330295","chr7","70506920","70507253","59","52176956"
"chr9","18372849","18373144","chr3","103740201","103740497","39","85367352"
"chr9","18393168","18393444","chr3","41898227","41898512","39","23505059"
"chr9","18478600","18478899","chr4","37953476","37953776","40","19474876"
"chr9","18898293","18898556","chr12","76915481","76915745","39","58017188"
"chr9","19013110","19013383","chr12","121761586","121761860","45","102748476"
"chr9","19262408","19262714","chr7","29021792","29022096","45","9759384"
"chr9","19264670","19264960","chr19","16512977","16513270","41","2751693"
"chr9","19267731","19268051","chr11","78707753","78708068","57","59440022"
"chr9","19486203","19486476","chr10","22673928","22674207","83","3187725"
"chr9","19558670","19558979","chr1","35990880","35991182","39","16432210"
"chr9","19623318","19623615","chrX","52220872","52221169","40","32597554"
"chr9","19681231","19681526","chr10","22876045","22876344","32","3194814"
"chr9","19827022","19827330","chr6","34172572","34172872","41","14345550"
"chr9","19871131","19871417","chr10","86865957","86866245","55","66994826"
"chr9","19936865","19937150","chr19","14027232","14027520","34","5909633"
"chr9","20299052","20299370","chrX","97133732","97134040","60","76834680"
"chr9","20785768","20786057","chrX","101131513","101131799","40","80345745"
"chr9","20869510","20869818","chr20","13403253","13403563","39","7466257"
"chr9","20911688","20911988","chr3","100561340","100561640","40","79649652"
"chr9","20914753","20914926","chr19","41802067","41802242","25","20887314"
"chr9","20917019","20917144","chr5","111499878","111500000","22","90582859"
"chr9","20945464","20945758","chrX","40197721","40198013","42","19252257"
"chr9","20959274","20959546","chr1","66580123","66580404","45","45620849"
"chr9","21081121","21081419","chr10","24358768","24359074","36","3277647"
"chr9","21087508","21087678","chr19","41802067","41802242","26","20714559"
"chr9","21202357","21202672","chr4","198295008","198295316","42","177092651"
"chr9","21371187","21371476","chr7","68992751","68993041","42","47621564"
"chr9","21408057","21408366","chr4","198295008","198295316","34","176886951"
"chr9","22185835","22186135","chr9","116168439","116168747","52","93982604"
"chr9","22328252","22328566","chr19","51697514","51697817","47","29369262"
"chr9","22572587","22572902","chr17","38608208","38608518","40","16035621"
"chr9","22789454","22789664","chr10","26123065","26123279","25","3333611"
"chr9","22912401","22912741","chr17","2794701","2795027","63","20117700"
"chr9","23343369","23343667","chr3","144880561","144880847","57","121537192"
"chr9","23701880","23702181","chr7","29021792","29022096","38","5319912"
"chr9","23851887","23852184","chr15","51575964","51576258","37","27724077"
"chr9","23937919","23938213","chr20","48136363","48136660","40","24198444"
"chr9","24059425","24059726","chr10","27438028","27438332","26","3378603"
"chr9","24276383","24276696","chr2A","103881939","103882244","44","79605556"
"chr9","24284710","24284738","chr22","25030076","25030103","5","745366"
"chr9","24389715","24390001","chr11","44474205","44474497","50","20084490"
"chr9","24529344","24529651","chr5","45856163","45856467","39","21326819"
"chr9","24583244","24583529","chrUn_CABD030131550v1","8094","8384","47","24575150"
"chr9","24873867","24874161","chrX","69262549","69262839","35","44388682"
"chr9","25051868","25052168","chr1","93824549","93824847","34","68772681"
"chr9","25233989","25234327","chr2A","70252695","70253031","52","45018706"
"chr9","25317171","25317470","chr4","37953476","37953776","42","12636305"
"chr9","25676096","25676389","chr17","9644327","9644622","38","16031769"
"chr9","25686392","25686702","chrX","97038467","97038780","38","71352075"
"chr9","25749592","25749917","chr10","45646188","45646499","46","19896596"
"chr9","25986803","25987116","chr22","20623630","20623939","41","5363173"
"chr9","26016936","26017198","chr10","29453883","29454162","36","3436947"
"chr9","26025533","26025828","chr5","160987933","160988228","34","134962400"
"chr9","26044992","26045305","chr14","89567587","89567900","37","63522595"
"chr9","26183324","26183626","chr3","12829604","12829903","29","13353720"
"chr9","26270745","26271038","chr3","186504136","186504430","38","160233391"
"chr9","26290098","26290385","chr2B","8846051","8846333","45","17444047"
"chr9","26483645","26483919","chr6","17012357","17012630","43","9471288"
"chr9","26494149","26494459","chrX","41978583","41978888","41","15484434"
"chr9","26513868","26514168","chr12","117088484","117088786","29","90574616"
"chr9","26567813","26568103","chr11","65999481","65999780","37","39431668"
"chr9","26602244","26602555","chr10","30120372","30120683","28","3518128"
"chr9","26916407","26916709","chr10","136766798","136767102","39","109850391"
"chr9","27019467","27019749","chrX","97111067","97111349","45","70091600"
"chr9","27253889","27254175","chr15","34274908","34275193","41","7021019"
"chr9","27495495","27495800","chr7","72899498","72899802","36","45404003"
"chr9","27658122","27658433","chr20","20013757","20014070","39","7644365"
"chr9","27810575","27810854","chrUn_CABD030131550v1","8094","8384","40","27802481"
"chr9","27936552","27936842","chrUn_CABD030131550v1","8094","8384","25","27928458"
"chr9","27958577","27958889","chr19","17491703","17492009","44","10466874"
"chr9","28072882","28073177","chr10","92163355","92163652","32","64090473"
"chr9","28083580","28083877","chr5","64763044","64763340","34","36679464"
"chr9","28097022","28097315","chr10","92135337","92135628","29","64038315"
"chr9","28309620","28309909","chr21","34043237","34043533","44","5733617"
"chr9","28335449","28335612","chr4","81515226","81515394","22","53179777"
"chr9","28441151","28441435","chr10","91819455","91819741","22","63378304"
"chr9","28511763","28512080","chr19","4555281","4555605","50","23956482"
"chr9","28524521","28524815","chr3","126817334","126817631","38","98292813"
"chr9","28591799","28592106","chr2B","95425788","95426089","38","66833989"
"chr9","28677068","28677377","chr2A","80058885","80059195","42","51381817"
"chr9","28679888","28680199","chr9","59842059","59842366","39","31162171"
"chr9","28991711","28992013","chr5","22049247","22049559","50","6942464"
"chr9","29077267","29077564","chr7","2226237","2226538","37","26851030"
"chr9","29178031","29178343","chr2A","10355583","10355893","37","18822448"
"chr9","29196346","29196550","chr10","91054652","91054820","48","61858306"
"chr9","29198354","29198659","chr2A","83657439","83657747","36","54459085"
"chr9","29200523","29200831","chr10","91050366","91050675","35","61849843"
"chr9","29214485","29214795","chr2A","103881939","103882244","42","74667454"
"chr9","29346059","29346356","chr1","10106309","10106608","38","19239750"
"chr9","29471342","29471655","chr10","140604064","140604370","41","111132722"
"chr9","29483937","29484243","chr4","198798700","198799005","33","169314763"
"chr9","29657570","29657836","chr19","34523867","34524131","42","4866297"
"chr9","29908119","29908422","chr10","90351415","90351714","25","60443296"
"chr9","29934852","29935149","chr9","86438586","86438887","51","56503734"
"chr9","29970184","29970489","chr6","35622489","35622796","38","5652305"
"chr9","29974976","29975288","chr14","20972619","20972931","34","9002357"
"chr9","29996055","29996327","chr1","144529989","144530282","41","114533934"
"chr9","30004675","30004986","chr22","34538362","34538671","38","4533687"
"chr9","30057891","30058184","chr5","16280399","16280695","37","13777492"
"chr9","30106495","30106795","chr5","5487375","5487672","34","24619120"
"chr9","30119963","30120259","chr1","194446199","194446496","37","164326236"
"chr9","30201674","30201984","chr3","2931636","2931947","44","27270038"
"chr9","30228363","30228668","chr4","199024335","199024640","36","168795972"
"chr9","30268499","30268836","chr13","17768082","17768414","54","12500417"
"chr9","30345728","30346035","chr14","89567587","89567900","42","59221859"
"chr9","30434216","30434536","chr7","127657301","127657615","34","97223085"
"chr9","30530706","30531004","chr5","13187837","13188133","42","17342869"
"chr9","30620242","30620536","chr10","89656919","89657212","24","59036677"
"chr9","30633174","30633486","chr1","10729466","10729780","34","19903708"
"chr9","30774122","30774428","chr17","8465111","8465410","42","22309011"
"chr9","31132981","31133274","chr6","119750721","119751012","32","88617740"
"chr9","31179369","31179671","chr5","26135906","26136209","34","5043463"
"chr9","31344573","31344873","chr10","88877752","88878046","31","57533179"
"chr9","31371565","31371851","chr10","88850772","88851066","26","57479207"
"chr9","31400232","31400537","chr4","39554171","39554467","42","8153939"
"chr9","31478333","31478631","chr5","64763044","64763340","37","33284711"
"chr9","31530971","31531245","chr5","18877170","18877444","48","12653801"
"chr9","31658569","31658859","chr1","23083897","23084189","36","8574672"
"chr9","31744762","31745068","chr10","140604064","140604370","34","108859302"
"chr9","31765964","31766119","chr2B","26837669","26837823","25","4928295"
"chr9","31798026","31798311","chr10","88400610","88400895","26","56602584"
"chr9","31829794","31830081","chr10","88368031","88368325","36","56538237"
"chr9","32009899","32010209","chr6","17608929","17609236","42","14400970"
"chr9","32015384","32015676","chr7","154438682","154438977","33","122423298"
"chr9","32433657","32433973","chr3","197346369","197346679","48","164912712"
"chr9","32802583","32802916","chr10","87393060","87393364","54","54590477"
"chr9","32817014","32817304","chr14","76552019","76552312","35","43735005"
"chr9","32842607","32842881","chr11","32669075","32669348","40","173532"
"chr9","33103097","33103396","chr5","104962371","104962665","45","71859274"
"chr9","33230425","33230734","chr1","157261144","157261453","40","124030719"
"chr9","33299629","33299942","chr7","75796417","75796729","44","42496788"
"chr9","33346921","33347234","chr3","158328745","158329056","43","124981824"
"chr9","33357473","33357795","chrX","123609498","123609802","52","90252025"
"chr9","33444501","33444757","chr6","2478129","2478392","45","30966372"
"chr9","33467731","33468038","chr3","2931636","2931947","42","30536095"
"chr9","33507364","33507397","chr12","49037543","49037584","16","15530179"
"chr9","33625376","33625695","chr7","4782096","4782422","90","28843280"
"chr9","33729063","33729335","chr4","155657331","155657621","44","121928268"
"chr9","33874284","33874596","chr22","34538362","34538671","41","664078"
"chr9","34196004","34196312","chr9","59842059","59842366","39","25646055"
"chr9","34355947","34356236","chr10","85806736","85807034","36","51450789"
"chr9","34404231","34404532","chr14","80281239","80281540","44","45877008"
"chr9","34418099","34418416","chr1","205430531","205430844","49","171012432"
"chr9","34421426","34421738","chr10","136766798","136767102","44","102345372"
"chr9","34475204","34475517","chr10","85685433","85685744","24","51210229"
"chr9","34508107","34508423","chr1","157261144","157261453","43","122753037"
"chr9","34631545","34631842","chr7","29021792","29022096","41","5609753"
"chr9","34643827","34644121","chr19","46782494","46782791","34","12138667"
"chr9","34788712","34789010","chr1","194446199","194446496","38","159657487"
"chr9","34831324","34831611","chr10","41487227","41487521","38","6655903"
"chr9","35076202","35076502","chr13","49503693","49503997","41","14427491"
"chr9","35119181","35119491","chr3","200810389","200810699","38","165691208"
"chr9","35133117","35133417","chr10","85014780","85015089","29","49881663"
"chr9","35238857","35239172","chr9","87523162","87523472","45","52284305"
"chr9","35244179","35244491","chr10","84902111","84902426","34","49657932"
"chr9","35320905","35321232","chr4","6482564","6482874","53","28838341"
"chr9","35390070","35390347","chr10","84757610","84757897","35","49367540"
"chr9","35510779","35511105","chr14","34284807","34285111","52","1225972"
"chr9","35847131","35847422","chr10","84296982","84297280","46","48449851"
"chr9","35955720","35956008","chr10","92135337","92135628","42","56179617"
"chr9","36095663","36095946","chr1","24189834","24190118","46","11905829"
"chr9","36119224","36119534","chr19","16602118","16602424","45","19517106"
"chr9","36124839","36125142","chr1","130453549","130453856","45","94328710"
"chr9","36320728","36320970","chr10","82826261","82826503","21","46505533"
"chr9","36441722","36442034","chr10","82701013","82701324","30","46259291"
"chr9","36483828","36484128","chr6","169689147","169689442","37","133205319"
"chr9","36517273","36517588","chr14","74198044","74198357","40","37680771"
"chr9","36577010","36577319","chr7","103164736","103165025","60","66587726"
"chr9","36608829","36609140","chr19","57118880","57119186","41","20510051"
"chr9","36666596","36666898","chr6","6752789","6753094","38","29913807"
"chr9","36667769","36667918","chrX","97427844","97427985","38","60760075"
"chr9","36771988","36772293","chr13","62764436","62764745","41","25992448"
"chr9","36862278","36862582","chr4","139819047","139819355","44","102956769"
"chr9","36868770","36869074","chr14","32972455","32972755","36","3896315"
"chr9","36903410","36903629","chr9","43607692","43607912","40","6704282"
"chr9","36924411","36924721","chr3","2931636","2931947","37","33992775"
"chr9","37027384","37027671","chr1","224694915","224695201","53","187667531"
"chr9","37070929","37071171","chr21","24750099","24750349","58","12320830"
"chr9","37132756","37132983","chr4","72730749","72730971","41","35597993"
"chr9","37670272","37670559","chrX","97594986","97595289","43","59924714"
"chr9","37682926","37683223","chr5","5487375","5487672","36","32195551"
"chr9","37734494","37734806","chr4","40581263","40581571","40","2846769"
"chr9","37759318","37759587","chr12","76915481","76915745","48","39156163"
"chr9","37806557","37806850","chr15","6826781","6827081","46","30979776"
"chr9","37827221","37827554","chr6","37861193","37861525","53","33972"
"chr9","37834832","37835128","chr2B","63348784","63349075","40","25513952"
"chr9","38500106","38500409","chr4","197528210","197528521","54","159028104"
"chr9","38888392","38888693","chr7","5261405","5261726","61","33626987"
"chr9","39147353","39147664","chr1","21844037","21844341","50","17303316"
"chr9","39365220","39365527","chr2B","99158092","99158401","22","59792872"
"chr9","39403590","39403900","chr17","38608208","38608518","32","795382"
"chr9","39661241","39661511","chr10","101289071","101289355","37","61627830"
"chr9","39686448","39686753","chr10","60201836","60202126","46","20515388"
"chr9","39710099","39710408","chr4","10687813","10688124","44","29022286"
"chr9","39738498","39738800","chr4","199024335","199024640","45","159285837"
"chr9","39739009","39739302","chr9","120262125","120262421","39","80523116"
"chr9","39739584","39739882","chr1","210595639","210595937","39","170856055"
"chr9","39744319","39744623","chr1","205430531","205430844","44","165686212"
"chr9","39758731","39759039","chr4","10687813","10688124","44","29070918"
"chr9","39800457","39800735","chrX","94632736","94633009","42","54832279"
"chr9","39859194","39859504","chr5","13160492","13160798","48","26698702"
"chr9","39868767","39869076","chr19","9479124","9479436","28","30389643"
"chr9","39877512","39877834","chr15","2698116","2698430","51","37179396"
"chr9","39999673","39999961","chr7","132389917","132390213","35","92390244"
"chr9","40142886","40143198","chr13","21174105","21174420","41","18968781"
"chr9","40416538","40416826","chr6","7125066","7125354","35","33291472"
"chr9","40505668","40505957","chr5","115790615","115790914","45","75284947"
"chr9","40771552","40771856","chr5","58791036","58791341","31","18019484"
"chr9","40981571","40981882","chr10","61510893","61511195","29","20529322"
"chr9","40986624","40986910","chr1","16018466","16018772","52","24968158"
"chr9","41092729","41093015","chr10","61625573","61625862","31","20532844"
"chr9","41430346","41430636","chr10","61967021","61967310","16","20536675"
"chr9","41613322","41613569","chr1","104974267","104974496","71","63360945"
"chr9","41853130","41853416","chr10","62467537","62467839","35","20614407"
"chr9","41958436","41958735","chr13","33361251","33361548","38","8597185"
"chr9","42171559","42171869","chr2B","83119541","83119853","41","40947982"
"chr9","42435926","42436228","chr1","100887646","100887952","37","58451720"
"chr9","42455827","42456129","chr7","127920362","127920661","35","85464535"
"chr9","42467757","42468073","chr2B","72409719","72410029","38","29941962"
"chr9","42499401","42499714","chr10","101387159","101387467","31","58887758"
"chr9","42515618","42515783","chr10","63405598","63405761","21","20889980"
"chr9","42616072","42616376","chr5","13160492","13160798","33","29455580"
"chr9","42751164","42751376","chr15","61663748","61663960","36","18912584"
"chr9","42841537","42841821","chr10","101289071","101289355","29","58447534"
"chr9","42901342","42901641","chr15","51575964","51576258","41","8674622"
"chr9","43082279","43082591","chr15","67619999","67620309","43","24537720"
"chr9","43116516","43116810","chr10","101207975","101208261","26","58091459"
"chr9","43260902","43261191","chr1","86568052","86568344","57","43307150"
"chr9","43316802","43317087","chrX","97594986","97595289","40","54278184"
"chr9","43330256","43330561","chr9","108229509","108229814","31","64899253"
"chr9","43460846","43461160","chr3","1251656","1251959","45","42209190"
"chr9","43472578","43472888","chr8","27829723","27830029","41","15642855"
"chr9","43511901","43512193","chr3","197719809","197720102","35","154207908"
"chr9","43537848","43538149","chr3","3628864","3629165","44","39908984"
"chr9","43634950","43635239","chr1","23083897","23084189","32","20551053"
"chr9","43902533","43902725","chr10","100419804","100419996","21","56517271"
"chr9","44475554","44475861","chrX","51034227","51034538","46","6558673"
"chr9","45261849","45262172","chr7","40436488","40436811","56","4825361"
"chr9","45326532","45326849","chr3","187177539","187177847","43","141851007"
"chr9","45340826","45341110","chr12","79066133","79066418","34","33725307"
"chr9","45475247","45475546","chr10","98861977","98862287","35","53386730"
"chr9","45630278","45630583","chr10","98705418","98705716","32","53075140"
"chr9","45745502","45745814","chr10","98596688","98596989","28","52851186"
"chr9","45837902","45838211","chr19","4665670","4665978","40","41172232"
"chr9","45940251","45940562","chr8","30072940","30073247","37","15867311"
"chr9","45971166","45971473","chr2A","21134848","21135157","37","24836318"
"chr9","46361705","46362005","chr4","198798700","198799005","46","152436995"
"chr9","47033953","47034265","chr2B","66703341","66703653","43","19669388"
"chr9","47091324","47091631","chr9","73922988","73923294","34","26831664"
"chr9","47397974","47398277","chr2A","10355583","10355893","47","37042391"
"chr9","47425198","47425357","chr19","10235712","10235873","23","37189486"
"chr9","47850715","47851028","chrX","97594986","97595289","41","49744271"
"chr9","48074643","48074961","chr2A","79839508","79839818","48","31764865"
"chr9","48291994","48292104","chr5","36592470","36592589","28","11699524"
"chr9","48463369","48463665","chr3","126817334","126817631","46","78353965"
"chr9","48594410","48594718","chr22","20623630","20623939","49","27970780"
"chr9","49574503","49574812","chr7","129287081","129287379","43","79712578"
"chr9","49666024","49666325","chr14","40634082","40634382","37","9031942"
"chr9","49700282","49700585","chr10","36114158","36114452","38","13586124"
"chr9","49719533","49719858","chr6","113288131","113288442","56","63568598"
"chr9","49854283","49854584","chr14","22681900","22682201","42","27172383"
"chr9","49864037","49864347","chr13","89348099","89348405","45","39484062"
"chr9","50013625","50013912","chr3","12096974","12097256","39","37916651"
"chr9","50240428","50240740","chr5","162326402","162326716","47","112085974"
"chr9","50248489","50248796","chr5","22049247","22049559","51","28199242"
"chr9","50290339","50290645","chr10","93549709","93550016","25","43259370"
"chr9","50400839","50401154","chr8","48982259","48982571","46","1418580"
"chr9","50633584","50633883","chr2A","83657439","83657747","45","33023855"
"chr9","50790943","50791256","chr13","89348099","89348405","26","38557156"
"chr9","50997122","50997386","chr1","24189834","24190118","44","26807288"
"chr9","51079281","51079576","chr2B","99512257","99512553","37","48432976"
"chr9","51240202","51240490","chrUn_CABD030131550v1","8094","8384","35","51232108"
"chr9","51673304","51673568","chr12","131788345","131788608","45","80115041"
"chr9","51706402","51706698","chr4","40078992","40079285","59","11627410"
"chr9","51720201","51720552","chr6","172892387","172892713","70","121172186"
"chr9","51824585","51824908","chr2A","10355583","10355893","52","41469002"
"chr9","51896144","51896452","chr10","31847226","31847537","31","20048918"
"chr9","51917118","51917429","chr10","31868269","31868577","26","20048849"
"chr9","51947225","51947522","chr17","9644327","9644622","36","42302898"
"chr9","52050767","52051074","chr13","62764436","62764745","42","10713669"
"chr9","52454244","52454559","chr9","13570886","13571199","43","38883358"
"chr9","52457108","52457418","chr16","80407225","80407535","45","27950117"
"chr9","52487517","52487791","chr10","32458836","32459131","44","20028681"
"chr9","52577816","52578123","chr10","32546915","32547216","23","20030901"
"chr9","52979295","52979587","chr16","76354770","76355065","37","23375475"
"chr9","53532604","53532915","chr17","24583359","24583669","31","28949245"
"chr9","53638124","53638412","chr8","126553995","126554284","24","72915871"
"chr9","53858064","53858374","chr6","113288131","113288442","46","59430067"
"chr9","53981746","53982047","chr3","3628864","3629165","38","50352882"
"chr9","54457072","54457243","chr4","39774934","39775110","23","14682138"
"chr9","54463915","54464214","chr8","22325883","22326185","49","32138032"
"chr9","54517086","54517405","chr2A","10355583","10355893","52","44161503"
"chr9","54539466","54539773","chr10","140604064","140604370","38","86064598"
"chr9","54553831","54554137","chr17","38608208","38608518","44","15945623"
"chr9","54667244","54667531","chr6","75635802","75636083","29","20968558"
"chr9","54801115","54801404","chr10","34834287","34834568","40","19966828"
"chr9","54813220","54813530","chr2A","10355583","10355893","45","44457637"
"chr9","54916164","54916474","chr21","32787881","32788194","39","22128283"
"chr9","54964624","54964935","chr12","8706461","8706771","41","46258163"
"chr9","54967111","54967427","chrX","41978583","41978888","40","12988528"
"chr9","54985939","54986230","chr19","17050826","17051125","43","37935113"
"chr9","55020854","55021147","chr12","59907829","59908121","31","4886975"
"chr9","55030363","55030675","chr14","20972619","20972931","36","34057744"
"chr9","55141949","55142236","chr6","169689147","169689442","41","114547198"
"chr9","55190436","55190727","chr22","18788031","18788322","41","36402405"
"chr9","55393403","55393712","chr11","19872208","19872525","52","35521195"
"chr9","55403522","55403812","chr8","54146840","54147130","31","1256682"
"chr9","55475816","55476124","chr1","215083606","215083913","38","159607790"
"chr9","55682622","55682923","chrX","97594986","97595289","32","41912364"
"chr9","55693133","55693441","chr10","35721348","35721656","29","19971785"
"chr9","55716484","55716804","chr2A","79839508","79839818","50","24123024"
"chr9","55922331","55922633","chr5","82014241","82014539","34","26091910"
"chr9","56033068","56033368","chr1","23083897","23084189","31","32949171"
"chr9","56256349","56256656","chr2A","79839508","79839818","40","23583159"
"chr9","56287684","56287988","chr10","36385890","36386192","26","19901794"
"chr9","56557338","56557646","chr9","59842059","59842366","40","3284721"
"chr9","56640866","56641165","chr19","37791442","37791741","37","18849424"
"chr9","56700512","56700810","chr10","36792419","36792727","37","19908093"
"chr9","56743537","56743845","chr2A","67056049","67056354","40","10312512"
"chr9","56769483","56769787","chr4","173568856","173569161","41","116799373"
"chr9","56779922","56780233","chr7","130411286","130411597","37","73631364"
"chr9","56824520","56824828","chr17","2589116","2589422","38","54235404"
"chr9","56864876","56865194","chr10","36954252","36954578","28","19910624"
"chr9","56887637","56887937","chr6","35622489","35622796","32","21265148"
"chr9","56933493","56933792","chrX","97594986","97595289","40","40661493"
"chr9","56977554","56977816","chr3","127268944","127269210","33","70291390"
"chr9","57110931","57111224","chrUn_CABD030131550v1","8094","8384","32","57102837"
"chr9","57166135","57166446","chr5","22049247","22049559","48","35116888"
"chr9","57184573","57184916","chr8","41556935","41557248","74","15627638"
"chr9","57234418","57234693","chr1","62359152","62359428","49","5124734"
"chr9","57269375","57269671","chr10","37328597","37328903","28","19940778"
"chr9","57273899","57274203","chr4","173568856","173569161","30","116294957"
"chr9","57350394","57350704","chr13","89348099","89348405","32","31997705"
"chr9","57411336","57411646","chr10","37481484","37481793","30","19929852"
"chr9","57419369","57419663","chr9","87736194","87736488","39","30316825"
"chr9","57423828","57424141","chr1","30193802","30194114","41","27230026"
"chr9","57430435","57430727","chr13","34006475","34006766","40","23423960"
"chr9","57470114","57470415","chr4","24316014","24316315","40","33154100"
"chr9","57479004","57479308","chr10","37549155","37549461","31","19929849"
"chr9","57528290","57528582","chr1","27021093","27021389","36","30507197"
"chr9","57530215","57530508","chr12","59907829","59908121","39","2377614"
"chr9","57531171","57531471","chr17","31592749","31593051","37","25938422"
"chr9","57739293","57739598","chr10","37817308","37817610","25","19921985"
"chr9","57844395","57844702","chr5","36664566","36664877","53","21179829"
"chr9","57848214","57848517","chr10","37934087","37934398","26","19914127"
"chr9","57884016","57884257","chr11","118926567","118926813","37","61042551"
"chr9","58122774","58123087","chr7","127657301","127657615","38","69534527"
"chr9","58416155","58416477","chr1","69034819","69035142","44","10618664"
"chr9","58694903","58695217","chr4","198295008","198295316","37","139600105"
"chr9","58869417","58869730","chr10","38974968","38975275","33","19894449"
"chr9","59221940","59222252","chr7","134871506","134871819","41","75649566"
"chr9","59279168","59279482","chr7","127657301","127657615","41","68378133"
"chr9","59418742","59419046","chr3","58866049","58866355","53","552693"
"chr9","59452189","59452493","chr13","2018537","2018839","39","57433652"
"chr9","59508064","59508391","chr5","45856163","45856467","61","13651901"
"chr9","59682548","59682840","chr1","27021093","27021389","40","32661455"
"chr9","60035431","60035713","chr1","24189834","24190118","37","35845597"
"chr9","60168809","60169090","chr6","7125066","7125354","47","53043743"
"chr9","60227229","60227508","chr13","42491879","42492161","43","17735350"
"chr9","60336014","60336318","chr6","35622489","35622796","35","24713525"
"chr9","60353184","60353474","chr5","43864686","43864987","43","16488498"
"chr9","60408004","60408313","chr10","40521959","40522268","32","19886045"
"chr9","60428845","60429141","chr2B","125039405","125039704","31","64610560"
"chr9","60485670","60485967","chr1","84476426","84476711","53","23990756"
"chr9","60506987","60507299","chr10","136766798","136767102","34","76259811"
"chr9","60610284","60610582","chr5","160987933","160988228","38","100377649"
"chr9","60658199","60658502","chr6","37682797","37683102","40","22975402"
"chr9","60715566","60715852","chr8","67172779","67173059","54","6457213"
"chr9","60732468","60732780","chr10","40847408","40847711","28","19885060"
"chr9","60836564","60836876","chr1","132729492","132729799","41","71892928"
"chr9","60847840","60848122","chr15","52950317","52950594","40","7897523"
"chr9","60885743","60886019","chr1","24189834","24190118","49","36695909"
"chr9","60904836","60905017","chr7","140066600","140066786","40","79161764"
"chr9","60916029","60916323","chr4","155657331","155657621","37","94741302"
"chr9","61010959","61011262","chr10","136766798","136767102","41","75755839"
"chr9","61069095","61069391","chr10","41087191","41087470","36","19981904"
"chr9","61078054","61078282","chr16","10620684","10620913","31","50457370"
"chr9","61078333","61078422","chr9","54016767","54016839","31","7061566"
"chr9","61129825","61130112","chr3","123193909","123194204","36","62064084"
"chr9","61164905","61165218","chr7","80058785","80059098","47","18893880"
"chr9","61213346","61213632","chr9","79965468","79965758","39","18752122"
"chr9","61221180","61221469","chr9","87736194","87736488","32","26515014"
"chr9","61300512","61300791","chr17","20151025","20151313","47","41149487"
"chr9","61300799","61301093","chr20","31743568","31743874","50","29557231"
"chr9","61325673","61325985","chr13","23493346","23493653","56","37832327"
"chr9","61370607","61370865","chr5","25439434","25439692","60","35931173"
"chr9","61371599","61371916","chr10","41362941","41363238","40","20008658"
"chr9","61423337","61423657","chr15","48505342","48505648","69","12917995"
"chr9","61458417","61458715","chr17","30741176","30741483","37","30717241"
"chr9","61497109","61497404","chr10","41487227","41487521","28","20009882"
"chr9","61645177","61645464","chr4","155657331","155657621","30","94012154"
"chr9","61759788","61760088","chr1","204184641","204184943","40","142424853"
"chr9","61826097","61826366","chr22","24921439","24921707","54","36904658"
"chr9","61951226","61951508","chrX","15111185","15111467","33","46840041"
"chr9","61967162","61967458","chr10","41946765","41947064","36","20020397"
"chr9","62018888","62019185","chr2B","95425788","95426089","44","33406900"
"chr9","62038428","62038726","chr10","42007114","42007422","31","20031314"
"chr9","62043155","62043284","chr13","30019959","30020076","30","32023196"
"chr9","62070679","62070978","chr11","17305005","17305310","38","44765674"
"chr9","62090943","62091236","chr1","207576958","207577250","36","145486015"
"chr9","62126508","62126798","chr3","186706975","186707276","30","124580467"
"chr9","62403077","62403303","chr6","161107944","161108165","36","98704867"
"chr9","62625305","62625585","chr1","24189834","24190118","38","38435471"
"chr9","62634087","62634371","chrX","54483388","54483667","50","8150699"
"chr9","62862746","62862856","chrX","41365707","41365818","40","21497039"
"chr9","62863003","62863139","chr14","44685173","44685313","19","18177830"
"chr9","62868480","62868754","chr4","20117785","20118067","38","42750695"
"chr9","63223400","63223656","chr10","43187932","43188189","18","20035468"
"chr9","63550814","63551123","chr14","20972619","20972931","38","42578195"
"chr9","63559954","63560252","chr2A","45229836","45230134","35","18330118"
"chr9","65035173","65035467","chrUn_CABD030131550v1","8094","8384","36","65027079"
"chr9","65250716","65251027","chr1","191149848","191150155","44","125899132"
"chr9","66148614","66148921","chr3","55843499","55843803","40","10305115"
"chr9","66159955","66160263","chr10","46252895","46253201","31","19907060"
"chr9","66370929","66371219","chr13","34006475","34006766","38","32364454"
"chr9","66400983","66401266","chr3","186504136","186504430","59","120103153"
"chr9","66403204","66403535","chr10","46493422","46493741","57","19909782"
"chr9","66407704","66408007","chr10","108870200","108870501","35","42462496"
"chr9","66430032","66430329","chr10","46520208","46520516","43","19909824"
"chr9","66611963","66612270","chr4","106451241","106451549","45","39839278"
"chr9","66625326","66625616","chr10","46701936","46702236","36","19923390"
"chr9","66711188","66711491","chr17","82138288","82138589","54","15427100"
"chr9","66767742","66767912","chr5","18186176","18186342","29","48581566"
"chr9","66780460","66780751","chr10","46860727","46861023","31","19919733"
"chr9","66802378","66802642","chr12","131788345","131788608","47","64985967"
"chr9","66856823","66857128","chr7","154326164","154326473","33","87469341"
"chr9","67000789","67001112","chr10","136766798","136767102","51","69766009"
"chr9","67235052","67235330","chr1","144529989","144530282","46","77294937"
"chr9","67555762","67556069","chr12","52850616","52850925","34","14705146"
"chr9","67631950","67632241","chr6","156213541","156213828","47","88581591"
"chr9","67936255","67936553","chr5","36374695","36374994","32","31561560"
"chr9","68300488","68300781","chr10","48446665","48446965","40","19853823"
"chr9","68378752","68379056","chr5","45856163","45856467","33","22522589"
"chr9","68609626","68609919","chrX","48041286","48041580","37","20568340"
"chr9","69526490","69526787","chr10","49671904","49672202","31","19854586"
"chr9","69906706","69907010","chr13","63423787","63424093","34","6482919"
"chr9","69961552","69961790","chr4","104114244","104114472","42","34152692"
"chr9","70214371","70214692","chr10","101337366","101337681","53","31122995"
"chr9","70719196","70719498","chr10","50879592","50879879","40","19839604"
"chr9","71310481","71310795","chr1","193093295","193093604","46","121782814"
"chr9","71872426","71872722","chr5","36374695","36374994","36","35497731"
"chr9","72137329","72137621","chr1","144529989","144530282","40","72392660"
"chr9","72182264","72182575","chr3","53283944","53284251","41","18898320"
"chr9","72247666","72247974","chr1","17435492","17435794","43","54812174"
"chr9","72789557","72789869","chr3","197346369","197346679","48","124556812"
"chr9","72949211","72949525","chr2A","10355583","10355893","47","62593628"
"chr9","72985792","72986081","chr4","121668669","121668961","47","48682877"
"chr9","73056165","73056470","chr1","100887646","100887952","49","27831481"
"chr9","73117353","73117645","chr6","125884319","125884615","46","52766966"
"chr9","73259474","73259773","chr1","60766014","60766316","58","12493460"
"chr9","74164494","74164804","chr12","21276435","21276745","40","52888059"
"chr9","75838041","75838339","chr10","56060071","56060374","34","19777970"
"chr9","75995457","75995768","chr11","27442623","27442932","43","48552834"
"chr9","76125056","76125353","chr1","27021093","27021389","42","49103963"
"chr9","76154961","76155127","chr10","63405598","63405761","28","12749363"
"chr9","76445511","76445792","chr8","21673007","21673285","44","54772504"
"chr9","76997524","76997799","chr2B","68582293","68582569","40","8415231"
"chr9","77069150","77069466","chr14","1325797","1326110","64","75743353"
"chr9","77112801","77113074","chr10","57476423","57476709","33","19636378"
"chr9","77122826","77123120","chr18","72741982","72742276","41","4380844"
"chr9","77138634","77138937","chr10","136766798","136767102","38","59628164"
"chr9","77296350","77296630","chr6","113023760","113024041","37","35727410"
"chr9","77435373","77435684","chr10","57801492","57801798","30","19633881"
"chr9","77503254","77503562","chr13","57586674","57586982","44","19916580"
"chr9","77581300","77581608","chr6","17608929","17609236","39","59972371"
"chr9","77642301","77642578","chr19","3472325","3472614","53","74169976"
"chr9","78053074","78053384","chr12","36414589","36414899","49","41638485"
"chr9","78573072","78573401","chrX","101268966","101269292","50","22695894"
"chr9","78586142","78586410","chr10","59027319","59027582","29","19558823"
"chr9","78828145","78828457","chr3","2931636","2931947","49","75896509"
"chr9","79307051","79307345","chr5","137879698","137879982","30","58572647"
"chr9","79779866","79780174","chr17","38608208","38608518","45","41171658"
"chr9","79848671","79848974","chr10","102052159","102052456","35","22203488"
"chr9","79870509","79870820","chr4","106451241","106451549","41","26580732"
"chr9","79901882","79902169","chrX","108626661","108626941","46","28724779"
"chr9","82695608","82695861","chr3","67751426","67751684","40","14944182"
"chr9","82725203","82725516","chr12","3042424","3042732","40","79682779"
"chr9","83516839","83517150","chr2A","10355583","10355893","30","73161256"
"chr9","83565856","83566165","chr2B","2648213","2648520","41","80917643"
"chr9","83647173","83647459","chr14","30944969","30945253","44","52702204"
"chr9","83807181","83807482","chr8","33426579","33426880","38","50380602"
"chr9","83909595","83909890","chr10","106306705","106307000","24","22397110"
"chr9","83933737","83934050","chr1","157261144","157261453","36","73327407"
"chr9","83942377","83942689","chr7","127657301","127657615","38","43714924"
"chr9","84000698","84001007","chr20","35582405","35582711","38","48418293"
"chr9","84003899","84004223","chr4","8997319","8997617","65","75006580"
"chr9","84016776","84017059","chr13","42491879","42492161","33","41524897"
"chr9","84040937","84041238","chr5","45856163","45856467","41","38184774"
"chr9","84067237","84067538","chr10","106461205","106461497","31","22393968"
"chr9","84067587","84067893","chr15","16466522","16466827","45","67601065"
"chr9","84071147","84071442","chr13","31463447","31463746","40","52607700"
"chr9","84195578","84195881","chr9","81354291","81354584","48","2841287"
"chr9","84195912","84196207","chr10","106583212","106583513","24","22387300"
"chr9","84221008","84221306","chr10","12632029","12632328","28","71588979"
"chr9","84244715","84245003","chr11","18496861","18497148","37","65747854"
"chr9","84325144","84325430","chr20","51163813","51164116","46","33161331"
"chr9","84374369","84374650","chr9","118968461","118968747","55","34594092"
"chr9","84386534","84386844","chr10","136766798","136767102","39","52380264"
"chr9","84415811","84416114","chr14","40634082","40634382","28","43781729"
"chr9","84474369","84474624","chr10","106857371","106857628","21","22383002"
"chr9","84532389","84532701","chr15","67619999","67620309","39","16912390"
"chr9","84569170","84569478","chr1","16031907","16032215","38","68537263"
"chr9","84570311","84570614","chr1","13582785","13583095","40","70987526"
"chr9","84581293","84581592","chr6","169689147","169689442","35","85107854"
"chr9","84766500","84766806","chr4","198798700","198799005","38","114032200"
"chr9","84785288","84785585","chr10","107176085","107176388","28","22390797"
"chr9","84844178","84844477","chr5","39356164","39356465","40","45488014"
"chr9","84849335","84849631","chr12","59907829","59908121","43","24941506"
"chr9","84999004","84999315","chr10","107429030","107429326","39","22430026"
"chr9","85077753","85078067","chr15","67619999","67620309","31","17457754"
"chr9","85108465","85108766","chr10","136766798","136767102","35","51658333"
"chr9","85157970","85158280","chr10","107587577","107587882","34","22429607"
"chr9","85211845","85212072","chr7","2943656","2943877","49","82268189"
"chr9","85369912","85370204","chrX","97594986","97595289","39","12225074"
"chr9","85432722","85433034","chr1","132729492","132729799","39","47296770"
"chr9","85434998","85435311","chr10","107870151","107870452","33","22435153"
"chr9","85442508","85442827","chr7","130411286","130411597","46","44968778"
"chr9","85475326","85475598","chr9","91099473","91099763","47","5624147"
"chr9","85477805","85478117","chr1","135335882","135336186","43","49858077"
"chr9","86160471","86160758","chr10","108628332","108628623","32","22467861"
"chr9","86329745","86330042","chr17","81504650","81504947","38","4825095"
"chr9","86369525","86369828","chr10","108852377","108852676","22","22482852"
"chr9","86387631","86387940","chr10","108870200","108870501","31","22482569"
"chr9","86491234","86491536","chr5","45856163","45856467","31","40635071"
"chr9","86582529","86582833","chr11","61092531","61092832","42","25489998"
"chr9","86661004","86661312","chr14","20972619","20972931","43","65688385"
"chr9","87061200","87061502","chr10","109745949","109746247","29","22684749"
"chr9","87071504","87071798","chr1","185054973","185055268","31","97983469"
"chr9","87330348","87330477","chr7","106838624","106838758","24","19508276"
"chr9","87465197","87465474","chr5","5915714","5915995","41","81549483"
"chr9","87478365","87478677","chr10","110193269","110193567","35","22714904"
"chr9","87670484","87670797","chr17","38608208","38608518","34","49062276"
"chr9","87750707","87751005","chr10","110470655","110470960","25","22719948"
"chr9","87778829","87779139","chr12","33782434","33782743","43","53996395"
"chr9","87972841","87973115","chr10","110715140","110715414","22","22742299"
"chr9","87999794","88000000","chr3","48903530","48903745","34","39096264"
"chr9","88079064","88079360","chr12","8693113","8693410","27","79385951"
"chr9","88195442","88195754","chr1","100887646","100887952","33","12692204"
"chr9","88196762","88197062","chr9","76655542","76655840","40","11541220"
"chr9","88268603","88268902","chrX","36406749","36407049","39","51861854"
"chr9","88304665","88304907","chr1","180285522","180285755","45","91980857"
"chr9","88317490","88317771","chr17","7607355","7607642","37","80710135"
"chr9","88434936","88435236","chr19","37791442","37791741","27","50643494"
"chr9","88438452","88438713","chr6","22203718","22203987","47","66234734"
"chr9","88440454","88440771","chr1","21869855","21870167","44","66570599"
"chr9","88523926","88524249","chr10","111262532","111262849","39","22738606"
"chr9","88528655","88528924","chr6","68552195","68552464","40","19976460"
"chr9","88599294","88599605","chr1","220179649","220179961","41","131580355"
"chr9","88605628","88605945","chr4","38504515","38504827","40","50101113"
"chr9","88632421","88632719","chrX","240419","240718","39","88392002"
"chr9","88637211","88637513","chr10","111398143","111398443","22","22760932"
"chr9","88669967","88670264","chr10","111430931","111431232","30","22760964"
"chr9","88675798","88676093","chr2B","10115092","10115380","35","78560706"
"chr9","88773083","88773397","chr15","28083376","28083681","44","60689707"
"chr9","88774254","88774577","chr1","54464452","54464778","34","34309802"
"chr9","88860377","88860678","chr6","136264967","136265262","47","47404590"
"chr9","88908112","88908466","chr18","67868924","67869269","80","21039188"
"chr9","89003502","89003800","chr10","111057945","111058242","48","22054443"
"chr9","89057191","89057444","chr10","111814647","111814913","39","22757456"
"chr9","89070375","89070640","chr10","111821924","111822190","15","22751549"
"chr9","89136004","89136316","chr20","35582405","35582711","37","53553599"
"chr9","89290546","89290839","chr3","49125643","49125940","46","40164903"
"chr9","89319733","89319858","chr4","137169275","137169399","19","47849542"
"chr9","89322704","89322995","chrX","1068284","1068571","35","88254420"
"chr9","89442663","89442946","chr14","36230486","36230773","39","53212177"
"chr9","89453318","89453631","chr2A","21134848","21135157","38","68318470"
"chr9","89454233","89454543","chr1","205194362","205194670","39","115740129"
"chr9","89854191","89854501","chr3","40085381","40085690","43","49768810"
"chr9","90041642","90041937","chr20","46269165","46269459","39","43772477"
"chr9","90404106","90404402","chr10","113188851","113189156","40","22784745"
"chr9","90717237","90717530","chr5","33727432","33727720","33","56989805"
"chr9","90949962","90950264","chr10","113799483","113799787","40","22849521"
"chr9","91073702","91074052","chr1","55257720","55258051","59","35815982"
"chr9","91214080","91214389","chr1","100887646","100887952","42","9673566"
"chr9","91248355","91248692","chr4","37286126","37286462","58","53962229"
"chr9","91297022","91297309","chr5","164254660","164254957","47","72957638"
"chr9","91360723","91361028","chr10","114198846","114199148","29","22838123"
"chr9","91469832","91470079","chr21","25672362","25672614","40","65797470"
"chr9","91617043","91617341","chr5","115790615","115790914","41","24173572"
"chr9","91674185","91674477","chr12","94842887","94843180","29","3168702"
"chr9","91704001","91704293","chr10","114552760","114553059","35","22848759"
"chr9","91754045","91754363","chr7","52058550","52058861","39","39695495"
"chr9","91777139","91777447","chr3","14214073","14214378","38","77563066"
"chr9","91799311","91799611","chr5","133411905","133412206","33","41612594"
"chr9","91848774","91848828","chr4","86886878","86886939","24","4961896"
"chr9","91848830","91848940","chr5","36592470","36592589","33","55256360"
"chr9","91896752","91897067","chr7","75796417","75796729","41","16100335"
"chr9","92015367","92015654","chr10","114889484","114889776","33","22874117"
"chr9","92072661","92072726","chr4","16908466","16908530","13","75164195"
"chr9","92154160","92154468","chr7","76735395","76735710","43","15418765"
"chr9","92157006","92157308","chr2B","63268848","63269149","38","28888158"
"chr9","92387664","92387962","chr11","18571303","18571599","42","73816361"
"chr9","92444147","92444451","chr10","108870200","108870501","47","16426053"
"chr9","92616913","92617096","chr10","88435853","88436031","28","4181060"
"chr9","92617165","92617311","chr1","51959380","51959524","27","40657785"
"chr9","92635802","92636082","chr8","17570913","17571199","41","75064889"
"chr9","92636713","92637016","chr9","74575275","74575588","36","18061438"
"chr9","92637353","92637652","chr10","115545352","115545667","32","22907999"
"chr9","92687672","92687978","chr10","115595773","115596076","31","22908101"
"chr9","92694283","92694582","chr4","161025537","161025837","43","68331254"
"chr9","92750941","92751264","chr10","115658494","115658816","39","22907553"
"chr9","92821681","92821979","chr1","204184641","204184943","40","111362960"
"chr9","92906264","92906443","chr14","38934062","38934237","23","53972202"
"chr9","92944631","92944944","chr1","100887646","100887952","36","7943015"
"chr9","92948404","92948721","chr3","197346369","197346679","41","104397965"
"chr9","93087985","93088300","chr10","115986185","115986490","30","22898200"
"chr9","93091722","93092015","chrX","124772075","124772366","40","31680353"
"chr9","93110157","93110468","chr20","35582405","35582711","37","57527752"
"chr9","93136900","93137216","chr15","11987743","11988049","42","81149157"
"chr9","93168089","93168378","chrX","97594986","97595289","49","4426897"
"chr9","93265118","93265421","chr1","35990880","35991182","36","57274238"
"chr9","93455090","93455349","chr12","131788345","131788608","56","38333255"
"chr9","93501426","93501708","chr14","36230486","36230773","43","57270940"
"chr9","93632456","93632758","chr3","55843499","55843803","37","37788957"
"chr9","93654915","93655221","chr2A","10355583","10355893","31","83299332"
"chr9","93810087","93810356","chr4","83955527","83955809","49","9854560"
"chr9","93824421","93824713","chr11","21814439","21814730","48","72009982"
"chr9","93977678","93977986","chr10","140604064","140604370","37","46626386"
"chr9","93987012","93987265","chr20","43087258","43087502","52","50899754"
"chr9","94040536","94040852","chr1","22955832","22956145","41","71084704"
"chr9","94187142","94187448","chr5","13160492","13160798","33","81026650"
"chr9","94256608","94256907","chr20","34323117","34323413","61","59933491"
"chr9","94363252","94363555","chr7","129287081","129287379","39","34923829"
"chr9","94478640","94478814","chr6","141107307","141107479","27","46628667"
"chr9","94482863","94483135","chr21","23838552","23838840","44","70644311"
"chr9","94483841","94484140","chr5","160987933","160988228","37","66504092"
"chr9","94510006","94510309","chr2B","94583488","94583790","35","73482"
"chr9","94628100","94628403","chr10","117501716","117502031","40","22873616"
"chr9","94716464","94716771","chr6","153686161","153686470","41","58969697"
"chr9","94737681","94737969","chr10","117607828","117608117","34","22870147"
"chr9","94759832","94760114","chr10","129892436","129892725","38","35132604"
"chr9","94940964","94941015","chr15","7314160","7314203","24","87626804"
"chr9","94941147","94941390","chr7","95880460","95880694","36","939313"
"chr9","94942401","94942691","chr10","117798501","117798789","42","22856100"
"chr9","95046589","95046684","chr4","196301739","196301824","29","101255150"
"chr9","95047056","95047185","chr7","106838624","106838758","16","11791568"
"chr9","95047215","95047244","chrX","140663922","140663950","8","45616707"
"chr9","95053459","95053780","chr10","117901559","117901867","41","22848100"
"chr9","95085065","95085349","chr19","12883061","12883346","45","82202004"
"chr9","95125907","95126183","chrX","15111185","15111467","35","80014722"
"chr9","95140370","95140660","chr8","27136467","27136760","33","68003903"
"chr9","95150680","95150950","chr1","75260214","75260471","60","19890466"
"chr9","95157143","95157443","chr10","117995661","117995956","29","22838518"
"chr9","95199943","95200260","chr5","162326402","162326716","44","67126459"
"chr9","95207923","95208227","chr9","108229509","108229814","43","13021586"
"chr9","95225499","95225812","chr10","118065990","118066302","30","22840491"
"chr9","95296511","95296824","chr4","40072459","40072768","45","55224052"
"chr9","95299525","95299826","chr10","118135810","118136110","23","22836285"
"chr9","95483263","95483551","chr7","132966188","132966479","36","37482925"
"chr9","96437733","96438034","chr17","55924536","55924834","39","40513197"
"chr9","96848110","96848387","chr19","18699155","18699433","65","78148955"
"chr9","97036981","97037283","chr10","119899763","119900059","30","22862782"
"chr9","97376890","97377167","chr15","46138105","46138386","44","51238785"
"chr9","98440707","98440993","chr7","129430880","129431159","46","30990173"
"chr9","98530501","98530729","chr10","121421999","121422224","22","22891498"
"chr9","98550369","98550657","chr6","172320858","172321142","43","73770489"
"chr9","98614580","98614882","chr10","121510432","121510729","33","22895852"
"chr9","98785133","98785468","chr8","25754244","25754574","52","73030889"
"chr9","98854163","98854465","chr3","3628864","3629165","35","95225299"
"chr9","98883223","98883533","chr10","121813796","121814102","33","22930573"
"chr9","99140572","99140852","chr10","122076197","122076474","38","22935625"
"chr9","99758244","99758523","chr12","8085685","8085957","62","91672559"
"chr9","100559434","100559575","chr14","44685173","44685313","20","55874261"
"chr9","100798490","100798807","chr7","154570538","154570845","49","53772048"
"chr9","100991085","100991395","chr1","40538480","40538784","39","60452605"
"chr9","101173467","101173775","chr10","124294461","124294759","34","23120994"
"chr9","101292597","101292894","chr10","124452245","124452538","38","23159648"
"chr9","101311633","101311909","chr2A","45022548","45022815","45","56289085"
"chr9","101421278","101421388","chr10","124592203","124592313","15","23170925"
"chr9","101505431","101505742","chr22","8349731","8350037","72","93155700"
"chr9","101656280","101656573","chr16","57514265","57514560","35","44142015"
"chr9","102117106","102117387","chr10","125268899","125269180","25","23151793"
"chr9","102136972","102137276","chr10","125288766","125289073","34","23151794"
"chr9","102369256","102369569","chr13","90026760","90027071","40","12342496"
"chr9","102448614","102448936","chr18","7585391","7585708","47","94863223"
"chr9","102514017","102514326","chr15","69276871","69277183","39","33237146"
"chr9","103939374","103939690","chr10","127206089","127206401","40","23266715"
"chr9","103952756","103953036","chr4","100289104","100289393","36","3663652"
"chr9","103954155","103954452","chr9","67126783","67127082","40","36827372"
"chr9","103962886","103963191","chr2A","59924393","59924701","46","44038493"
"chr9","103992189","103992509","chr1","191149848","191150155","46","87157659"
"chr9","104020564","104020857","chr10","86865957","86866245","41","17154607"
"chr9","104211427","104211715","chr7","27741498","27741778","42","76469929"
"chr9","104266368","104266670","chr21","21684721","21685023","30","82581647"
"chr9","104326796","104327104","chr3","2931636","2931947","37","101395160"
"chr9","104331531","104331846","chrX","18242793","18243105","44","86088738"
"chr9","104336264","104336577","chr3","139813388","139813699","45","35477124"
"chr9","104374468","104374781","chr8","79957187","79957500","36","24417281"
"chr9","104376924","104377221","chrX","97594986","97595289","34","6781938"
"chr9","104508507","104508817","chr1","22955832","22956145","38","81552675"
"chr9","104543476","104543806","chr1","69034819","69035142","50","35508657"
"chr9","104603815","104604131","chr4","95082750","95083064","47","9521065"
"chr9","104631194","104631477","chr2A","59842093","59842378","29","44789101"
"chr9","104709947","104710255","chr3","135591702","135592003","38","30881755"
"chr9","105112566","105112850","chr2A","15300168","15300463","50","89812398"
"chr9","105439067","105439379","chr1","100887646","100887952","54","4551421"
"chr9","105442719","105443023","chr2A","10355583","10355893","35","95087136"
"chr9","105452116","105452399","chr16","29420076","29420354","36","76032040"
"chr9","105476476","105476755","chrX","54483388","54483667","42","50993088"
"chr9","105556122","105556437","chr1","193093295","193093604","48","87537173"
"chr9","105582723","105583038","chr13","62764436","62764745","37","42818287"
"chr9","105682434","105682732","chr3","3628864","3629165","40","102053570"
"chr9","105747614","105747919","chr14","77304145","77304459","44","28443469"
"chr9","105791684","105791996","chr14","74198044","74198357","35","31593640"
"chr9","105831452","105831766","chr5","162326402","162326716","42","56494950"
"chr9","105926746","105927038","chr10","129222408","129222702","27","23295662"
"chr9","105927449","105927745","chr10","129223110","129223414","26","23295661"
"chr9","105991289","105991596","chr5","53683183","53683498","36","52308106"
"chr9","106107426","106107721","chr9","87736194","87736488","33","18371232"
"chr9","106213952","106214261","chr10","129533299","129533601","30","23319347"
"chr9","106313249","106313556","chr5","122851228","122851535","48","16537979"
"chr9","106544760","106545064","chr10","129879917","129880220","18","23335157"
"chr9","106557521","106557811","chr10","129892436","129892725","33","23334915"
"chr9","106600391","106600680","chr10","129930806","129931119","56","23330415"
"chr9","106845959","106846267","chr6","110127063","110127373","41","3281104"
"chr9","106857583","106857633","chr19","57878557","57878610","8","48979026"
"chr9","107174627","107174802","chr6","141107307","141107479","24","33932680"
"chr9","107174917","107175058","chr1","51959380","51959524","20","55215537"
"chr9","107205832","107206139","chr10","130583500","130583808","20","23377668"
"chr9","107329857","107330169","chr1","135335882","135336186","46","28006025"
"chr9","107380493","107380755","chr17","94417579","94417841","45","12962914"
"chr9","108221298","108221590","chr10","131587188","131587479","36","23365890"
"chr9","108285773","108286085","chr10","131653647","131653955","23","23367874"
"chr9","108293480","108293789","chrX","102608865","102609168","42","5684615"
"chr9","108355310","108355633","chrX","41660239","41660561","46","66695071"
"chr9","108482640","108482924","chr19","12883061","12883346","48","95599579"
"chr9","108533335","108533630","chrUn_CABD030131550v1","8094","8384","31","108525241"
"chr9","108744734","108744887","chr5","125002744","125002896","38","16258010"
"chr9","108957111","108957412","chr20","30120028","30120336","44","78837083"
"chr9","109057824","109058140","chr15","62254820","62255135","39","46803004"
"chr9","109088241","109088556","chr3","2931636","2931947","39","106156605"
"chr9","109102818","109103102","chr15","80391407","80391693","31","28711411"
"chr9","109289552","109289860","chr12","3042424","3042732","42","106247128"
"chr9","109389583","109389891","chr22","15277783","15278092","39","94111800"
"chr9","109753171","109753574","chr17","78625347","78625705","108","31127824"
"chr9","109831523","109831789","chr10","133262392","133262663","26","23430869"
"chr9","110348871","110349174","chrX","97594986","97595289","38","12753885"
"chr9","110373949","110374258","chr1","142335679","142335988","43","31961730"
"chr9","110473520","110473831","chr1","189623326","189623636","37","79149806"
"chr9","110517680","110517965","chr7","40872412","40872698","41","69645268"
"chr9","110613055","110613356","chrX","97594986","97595289","41","13018069"
"chr9","110655095","110655378","chr5","3723026","3723304","49","106932069"
"chr9","110665696","110665983","chr1","66580123","66580404","53","44085573"
"chr9","110666418","110666447","chr12","49037543","49037584","13","61628875"
"chr9","110685626","110685927","chrX","102608865","102609168","35","8076761"
"chr9","110732858","110733171","chr1","40966383","40966697","42","69766475"
"chr9","110777832","110778142","chr13","62764436","62764745","42","48013396"
"chr9","110788369","110788667","chr9","70252230","70252529","33","40536139"
"chr9","110813542","110813848","chr10","136766798","136767102","44","25953256"
"chr9","110932776","110933078","chr22","8757305","8757604","33","102175471"
"chr9","111078059","111078377","chr15","67619999","67620309","43","43458060"
"chr9","111286940","111287236","chr10","16102299","16102594","34","95184641"
"chr9","111309145","111309362","chr6","161107944","161108165","37","49798799"
"chr9","111315230","111315541","chr15","67619999","67620309","35","43695231"
"chr9","111582511","111582803","chr14","9388027","9388311","41","102194484"
"chr9","111886650","111886945","chr1","45367326","45367619","34","66519324"
"chr9","112171429","112171740","chr10","135635570","135635885","26","23464141"
"chr9","112402452","112402754","chr11","82956585","82956882","40","29445867"
"chr9","112482956","112483269","chr20","35582405","35582711","35","76900551"
"chr9","112518827","112519010","chrX","123723452","123723622","31","11204625"
"chr9","112792086","112792373","chr5","51774532","51774825","42","61017554"
"chr9","112942067","112942364","chr10","136417981","136418288","35","23475914"
"chr9","112958170","112958449","chr10","136435315","136435588","29","23477145"
"chr9","113036729","113037044","chr14","47857829","47858141","43","65178900"
"chr9","113071276","113071576","chr10","136556545","136556854","38","23485269"
"chr9","113127761","113128062","chr14","32972455","32972755","37","80155306"
"chr9","113185549","113185868","chr22","29802263","29802572","47","83383286"
"chr9","113272098","113272405","chr10","136766798","136767102","20","23494700"
"chr9","113297940","113298246","chr6","37682797","37683102","38","75615143"
"chr9","113450592","113450896","chr4","135235496","135235792","45","21784904"
"chr9","113506878","113507186","chr1","205430531","205430844","48","91923653"
"chr9","113548537","113548842","chr10","136766798","136767102","33","23218261"
"chr9","113627332","113627638","chr3","140208482","140208787","38","26581150"
"chr9","113643085","113643382","chr2B","125039405","125039704","34","11396320"
"chr9","113675799","113676092","chr10","137181578","137181873","19","23505779"
"chr9","113693639","113693930","chr14","32972455","32972755","44","80721184"
"chr9","113719231","113719543","chr14","20972619","20972931","34","92746612"
"chr9","113785639","113785948","chr1","132554974","132555276","41","18769335"
"chr9","113807254","113807571","chr10","137312069","137312383","34","23504815"
"chr9","113807817","113808128","chr14","77304145","77304459","39","36503672"
"chr9","113928277","113928574","chr18","49916976","49917274","35","64011301"
"chr9","114342935","114343237","chr6","9619085","9619381","38","104723850"
"chr9","114536605","114536820","chr1","216931005","216931213","27","102394400"
"chr9","114630438","114630744","chr2A","81872121","81872429","30","32758317"
"chr9","114775285","114775589","chr15","18246269","18246581","50","96529016"
"chr9","115682388","115682702","chr1","46153241","46153566","68","69529147"
"chr9","115795605","115795908","chr10","139132660","139132953","41","23337055"
"chr9","115905514","115905832","chr4","198295008","198295316","44","82389494"
"chr9","115927516","115927817","chr10","139262286","139262582","35","23334770"
"chr9","115987422","115987714","chr5","26480986","26481273","38","89506436"
"chr9","116025540","116025836","chr11","69948834","69949135","53","46076706"
"chr9","116053302","116053580","chr19","3472325","3472614","50","112580977"
"chr9","116055038","116055142","chr1","36251723","36251809","27","79803315"
"chr9","116155909","116156206","chrX","15138629","15138928","34","101017280"
"chr9","116248129","116248425","chr10","139591535","139591816","36","23343406"
"chr9","116325581","116325900","chr10","13819024","13819332","45","102506557"
"chr9","116378375","116378685","chr12","33782434","33782743","43","82595941"
"chr9","116390249","116390533","chr10","129431275","129431563","28","13041026"
"chr9","116480666","116480977","chr4","16292913","16293223","35","100187753"
"chr9","116504500","116504807","chr5","60420475","60420784","36","56084025"
"chr9","116550010","116550318","chr10","139892200","139892505","23","23342190"
"chr9","116854595","116854907","chr5","22049247","22049559","42","94805348"
"chr9","116892628","116892923","chr9","120336072","120336372","42","3443444"
"chr9","117211258","117211575","chr10","111864529","111864838","37","5346729"
"chr9","117319253","117319535","chr1","24189834","24190118","39","93129419"
"chr9","117365196","117365487","chr10","140728102","140728410","31","23362906"
"chr9","117379292","117379601","chr13","62764436","62764745","41","54614856"
"chr9","117647441","117647723","chr19","14027232","14027520","34","103620209"
"chr9","117811056","117811349","chrX","124772075","124772366","41","6961019"
"chr9","118342946","118343253","chr10","141657273","141657578","25","23314327"
"chr9","118550003","118550305","chr6","153426958","153427261","35","34876955"
"chr9","118715702","118715991","chr12","3105971","3106266","51","115609731"
"chr9","118752274","118752587","chr2B","62355349","62355658","34","56396925"
"chr9","119283610","119283909","chr10","142610392","142610688","33","23326782"
"chr9","119317797","119318114","chr1","100887646","100887952","54","18430151"
"chr9","120014758","120015069","chr15","67619999","67620309","30","52394759"
"chr9","120107928","120108211","chr9","79965468","79965758","44","40142460"
"chr9","120275198","120275500","chr10","143614930","143615235","34","23339732"
"chr9","121007625","121007918","chr9","81354291","81354584","32","39653334"
"chr9","121530630","121530864","chr7","2246609","2246883","69","119284021"
"chr9","121555560","121555855","chr10","117071045","117071342","35","4484515"
"chr9","121577378","121577668","chr2B","128845658","128845947","31","7268280"
"chr9","121704547","121704860","chr5","24898754","24899067","32","96805793"
"chr9","121760533","121760837","chr10","108870200","108870501","31","12890333"
"chr9","121806526","121806831","chr6","110127063","110127373","43","11679463"
"chr9","122130929","122131234","chr10","145533670","145533975","30","23402741"
"chr9","122506462","122506773","chr10","145950401","145950711","35","23443939"
"chr9","122842795","122843149","chr7","100676695","100677044","75","22166100"
"chr9","122956577","122956862","chr10","146394569","146394871","43","23437992"
"chr9","123070617","123070916","chr10","146510336","146510637","40","23439719"
"chr9","123468779","123469045","chr10","146847460","146847725","27","23378681"
"chr9","123475594","123475867","chr16","29420076","29420354","35","94055518"
"chr9","123535964","123536279","chr20","35582405","35582711","45","87953559"
"chr9","123559655","123559961","chr10","146948120","146948432","42","23388465"
"chr9","124093770","124094081","chr5","25211209","25211524","45","98882561"
"chr9","124694038","124694264","chr2B","96002893","96003128","39","28691145"
"chr9","124830785","124830936","chr5","150445649","150445797","31","25614864"
"chr9","124869467","124869779","chr10","148291860","148292160","30","23422393"
"chr9","124935583","124935887","chr9","118968461","118968747","60","5967122"
"chr9","125052571","125052864","chr10","148481903","148482198","24","23429332"
"chr9","125173022","125173105","chr11","97256285","97256365","18","27916737"
"chr9","125173333","125173550","chr2A","1903269","1903485","44","123270064"
"chrX","123076420","123076696","chr15","46138105","46138386","42","76938315"
"chrX","66411","66634","chrX","2292245","2292470","13","2225834"
"chrX","72782","73076","chr16","76354770","76355065","38","76281988"
"chrX","150503","150812","chr2A","10355583","10355893","41","10205080"
"chrX","250114","250246","chr2B","75501062","75501195","20","75250948"
"chrX","352955","353259","chr1","135335882","135336186","38","134982927"
"chrX","392875","393190","chr10","58973057","58973367","44","58580182"
"chrX","396838","397052","chr6","154135652","154135865","36","153738814"
"chrX","432133","432426","chr8","44743772","44744075","37","44311639"
"chrX","762569","762827","chrX","2974607","2974870","22","2212038"
"chrX","828410","828705","chr2A","59985648","59985942","35","59157238"
"chrX","871129","871435","chrX","3079541","3079844","18","2208412"
"chrX","889245","889532","chrX","20231359","20231653","49","19342114"
"chrX","958549","958852","chrX","3170932","3171233","40","2212383"
"chrX","1138837","1139124","chr7","85761026","85761312","47","84622189"
"chrX","1164420","1164716","chr7","29178664","29178961","36","28014244"
"chrX","1522747","1523059","chr9","32689013","32689326","37","31166266"
"chrX","2332972","2333145","chrX","68153775","68153948","25","65820803"
"chrX","2346011","2346274","chr12","131788345","131788608","50","129442334"
"chrX","2394548","2394844","chr1","194446199","194446496","31","192051651"
"chrX","2472352","2472408","chr8","22123731","22123782","13","19651379"
"chrX","2567435","2567727","chr7","72899498","72899802","43","70332063"
"chrX","2661392","2661683","chr5","33727432","33727720","41","31066040"
"chrX","2818045","2818349","chr2A","103881939","103882244","38","101063894"
"chrX","3320969","3321278","chr20","50942392","50942702","31","47621423"
"chrX","3327855","3328162","chrX","5678215","5678521","34","2350360"
"chrX","3789048","3789349","chr4","38387917","38388218","34","34598869"
"chrX","4090608","4090884","chrX","6469795","6470081","34","2379187"
"chrX","4282489","4282783","chrX","6686868","6687168","27","2404379"
"chrX","4395091","4395386","chr1","144529989","144530282","37","140134898"
"chrX","5419776","5420052","chr5","18877170","18877444","37","13457394"
"chrX","5445134","5445416","chr12","79066133","79066418","40","73620999"
"chrX","5514854","5515129","chr10","106607864","106608139","27","101093010"
"chrX","5795815","5796085","chr11","39445585","39445851","56","33649770"
"chrX","5914194","5914466","chr8","126181894","126182168","51","120267700"
"chrX","6281690","6281975","chrX","8722882","8723181","36","2441192"
"chrX","6678361","6678633","chr6","2478129","2478392","48","4200232"
"chrX","6719557","6719855","chrX","48041286","48041580","40","41321729"
"chrX","6945623","6945866","chr7","67081453","67081694","50","60135830"
"chrX","6995940","6996234","chr20","30426164","30426464","33","23430224"
"chrX","7157431","7157730","chr1","8008819","8009128","40","851388"
"chrX","7212736","7212812","chr8","21056360","21056438","15","13843624"
"chrX","7213811","7213990","chr14","38572158","38572338","21","31358347"
"chrX","7849737","7850042","chr12","36414589","36414899","48","28564852"
"chrX","8038290","8038563","chrX","36693904","36694182","46","28655614"
"chrX","8541622","8541925","chrX","97594986","97595289","35","89053364"
"chrX","8635786","8636101","chrX","11086336","11086646","33","2450550"
"chrX","9233027","9233340","chr1","142335679","142335988","44","133102652"
"chrX","9467086","9467384","chr17","8465111","8465410","39","1001975"
"chrX","10055422","10055704","chr12","100328527","100328808","44","90273105"
"chrX","10104070","10104362","chr3","12829604","12829903","43","2725534"
"chrX","10229319","10229627","chr1","160753833","160754142","35","150524514"
"chrX","10298207","10298514","chr3","53283944","53284251","36","42985737"
"chrX","10931756","10932067","chrX","151107989","151108296","35","140176233"
"chrX","12101433","12101730","chr4","171953878","171954174","33","159852445"
"chrX","12607550","12607863","chrX","15100953","15101250","37","2493403"
"chrX","12631009","12631307","chrX","15138629","15138928","34","2507620"
"chrX","12792827","12793116","chr7","127657301","127657615","54","114864474"
"chrX","12946508","12946823","chr17","38608208","38608518","43","25661700"
"chrX","13055865","13056173","chr9","59842059","59842366","37","46786194"
"chrX","13099640","13099948","chr6","35622489","35622796","33","22522849"
"chrX","13112919","13113116","chr19","38058960","38059140","59","24946041"
"chrX","13128127","13128429","chr15","78032181","78032486","33","64904054"
"chrX","13192691","13193067","chr5","604211","604536","97","12588480"
"chrX","13751522","13751828","chr7","2112993","2113296","36","11638529"
"chrX","13819512","13819823","chr7","72803004","72803316","35","58983492"
"chrX","14225817","14226128","chr9","59842059","59842366","40","45616242"
"chrX","14689037","14689328","chr1","144529989","144530282","36","129840952"
"chrX","14983901","14984120","chrX","17616652","17616874","17","2632751"
"chrX","15451696","15452008","chr21","28040337","28040648","35","12588641"
"chrX","15499002","15499254","chrX","18124924","18125172","17","2625922"
"chrX","15520250","15520519","chr6","25115901","25116186","46","9595651"
"chrX","15581110","15581400","chrX","18200876","18201163","27","2619766"
"chrX","15618206","15618525","chrX","18242793","18243105","35","2624587"
"chrX","15623954","15624264","chr1","191149848","191150155","37","175525894"
"chrX","15696684","15696953","chr8","21673007","21673285","38","5976323"
"chrX","16059972","16060275","chr4","198295008","198295316","40","182235036"
"chrX","16087353","16087654","chr6","39058088","39058377","43","22970735"
"chrX","16092422","16092720","chrX","18717298","18717601","25","2624876"
"chrX","16103381","16103709","chrX","18725769","18726110","40","2622388"
"chrX","16106432","16106736","chr6","35622489","35622796","39","19516057"
"chrX","16330272","16330573","chr5","35393373","35393668","34","19063101"
"chrX","16492011","16492283","chrX","19120229","19120514","32","2628218"
"chrX","16511746","16512053","chrX","19140350","19140650","31","2628604"
"chrX","16674364","16674678","chr12","21276435","21276745","39","4602071"
"chrX","16700834","16701136","chr1","45338432","45338732","41","28637598"
"chrX","17318838","17319131","chrX","20127846","20128149","28","2809008"
"chrX","17372592","17372780","chr4","86698547","86698733","31","69325955"
"chrX","17413534","17413833","chrX","20231359","20231653","23","2817825"
"chrX","17421696","17421993","chrX","20239390","20239681","20","2817694"
"chrX","17432061","17432374","chr19","5859200","5859509","38","11572861"
"chrX","17439595","17439882","chr8","1618908","1619194","33","15820687"
"chrX","17539533","17539847","chr14","89567587","89567900","37","72028054"
"chrX","17668624","17668940","chr5","59977104","59977421","44","42308480"
"chrX","18657898","18658197","chr15","51575964","51576258","44","32918066"
"chrX","19045071","19045384","chrX","21895251","21895553","29","2850180"
"chrX","19103796","19104115","chrX","21951816","21952140","27","2848020"
"chrX","19164761","19165018","chr10","43187932","43188189","59","24023171"
"chrX","19286919","19287228","chr15","67619999","67620309","38","48333080"
"chrX","19325751","19326052","chrX","22181458","22181755","29","2855707"
"chrX","19757408","19757713","chr20","35582405","35582711","41","15824997"
"chrX","20395961","20396268","chrX","23266377","23266679","37","2870416"
"chrX","20413988","20414269","chr12","6236698","6236971","42","14177290"
"chrX","20425856","20426160","chr1","132554974","132555276","32","112129118"
"chrX","21014509","21014780","chrX","23866746","23867016","27","2852237"
"chrX","21028752","21029063","chr4","179466004","179466310","32","158437252"
"chrX","21030861","21031168","chrX","23883876","23884179","31","2853015"
"chrX","21138203","21138514","chr17","79404094","79404401","39","58265891"
"chrX","21185002","21185263","chr12","76915481","76915745","39","55730479"
"chrX","21193038","21193131","chr4","140514921","140515016","10","119321883"
"chrX","21232111","21232410","chr15","19215512","19215808","32","2016599"
"chrX","21367115","21367413","chr9","94919935","94920225","35","73552820"
"chrX","21408275","21408573","chrX","24261426","24261738","33","2853151"
"chrX","21562321","21562633","chr20","45934753","45935060","40","24372432"
"chrX","21618951","21619242","chr8","54146840","54147130","26","32527889"
"chrX","21914983","21915293","chrX","24783465","24783765","32","2868482"
"chrX","21918829","21919082","chr21","25672362","25672614","40","3753533"
"chrX","21988437","21988729","chrX","24855738","24856037","40","2867301"
"chrX","21990526","21990835","chrX","97594986","97595289","42","75604460"
"chrX","22000381","22000684","chr8","98710942","98711245","28","76710561"
"chrX","22012576","22012858","chr4","1594877","1595148","48","20417699"
"chrX","22340358","22340585","chr1","31406499","31406738","39","9066141"
"chrX","22899042","22899354","chr3","197346369","197346679","36","174447327"
"chrX","23112602","23112915","chr14","89567587","89567900","33","66454985"
"chrX","23907669","23907981","chr1","40966383","40966697","36","17058714"
"chrX","24355852","24356151","chr17","38608208","38608518","50","14252356"
"chrX","24674089","24674411","chr1","6164020","6164325","62","18510069"
"chrX","25031628","25031937","chr1","133187123","133187432","40","108155495"
"chrX","25736512","25736830","chrX","28667291","28667605","39","2930779"
"chrX","26188420","26188734","chr5","156818636","156818943","39","130630216"
"chrX","26384022","26384299","chrX","29321675","29321955","30","2937653"
"chrX","26462802","26463104","chrX","705896","706197","45","25756906"
"chrX","26548243","26548514","chrX","29489857","29490150","59","2941614"
"chrX","26588981","26589284","chr5","164523015","164523323","47","137934034"
"chrX","26626529","26626825","chrX","29567952","29568246","28","2941423"
"chrX","26634496","26634794","chr6","91464309","91464608","46","64829813"
"chrX","26652252","26652562","chr11","27442623","27442932","40","790371"
"chrX","26719156","26719382","chrX","29661198","29661425","19","2942042"
"chrX","27114015","27114329","chr5","162326402","162326716","40","135212387"
"chrX","27301003","27301314","chr13","21174105","21174420","34","6126898"
"chrX","27507951","27508263","chr16","76137172","76137480","34","48629221"
"chrX","27618787","27619027","chr2B","96002893","96003128","38","68384106"
"chrX","27770903","27771161","chrX","30761420","30761677","24","2990517"
"chrX","27810573","27810869","chr1","194446199","194446496","35","166635626"
"chrX","27814927","27815239","chr1","215764676","215764988","47","187949749"
"chrX","27893123","27893434","chrX","30880575","30880885","30","2987452"
"chrX","27919952","27920232","chrUn_CABD030131550v1","8094","8384","39","27911858"
"chrX","28371286","28371592","chr1","100887646","100887952","37","72516360"
"chrX","29137485","29137751","chrX","32221529","32221817","38","3084044"
"chrX","29544558","29544857","chr3","135591702","135592003","33","106047144"
"chrX","29641975","29642288","chr6","52209501","52209812","42","22567526"
"chrX","29826734","29827040","chrX","32880731","32881027","37","3053997"
"chrX","29946397","29946694","chr9","70252230","70252529","37","40305833"
"chrX","30016071","30016373","chr1","132554974","132555276","35","102538903"
"chrX","30050579","30050881","chr7","2112993","2113296","42","27937586"
"chrX","30415234","30415535","chr4","96760748","96761048","34","66345514"
"chrX","30424582","30424891","chr20","35582405","35582711","42","5157823"
"chrX","30437608","30437915","chr10","140604064","140604370","39","110166456"
"chrX","30518465","30518792","chr5","122754277","122754599","56","92235812"
"chrX","30600278","30600591","chr15","67619999","67620309","44","37019721"
"chrX","30677875","30678174","chr6","40081280","40081579","41","9403405"
"chrX","30723297","30723581","chr15","52950317","52950594","45","22227020"
"chrX","30883565","30883882","chr13","683882","684195","43","30199683"
"chrX","31079560","31079846","chr3","23553039","23553323","40","7526521"
"chrX","31888653","31888944","chr2B","10115092","10115380","38","21773561"
"chrX","32265032","32265353","chr13","73739367","73739690","50","41474335"
"chrX","33164545","33164798","chr12","131788345","131788608","40","98623800"
"chrX","33250007","33250300","chr11","18571303","18571599","57","14678704"
"chrX","33520391","33520702","chrX","36608044","36608356","25","3087653"
"chrX","33576060","33576343","chrX","36693904","36694182","22","3117844"
"chrX","33631393","33631697","chr10","121813796","121814102","43","88182403"
"chrX","33740659","33740934","chr8","126181894","126182168","49","92441235"
"chrX","34647083","34647398","chr1","40966383","40966697","37","6319300"
"chrX","34836940","34837248","chr16","22468026","22468335","43","12368914"
"chrX","35114931","35115221","chr22","18788031","18788322","44","16326900"
"chrX","35126758","35127070","chr2A","79839508","79839818","44","44712750"
"chrX","35497786","35497963","chr4","39774934","39775110","30","4277148"
"chrX","35524497","35524810","chr22","15277783","15278092","38","20246714"
"chrX","35623307","35623614","chrX","38913053","38913361","19","3289746"
"chrX","36010707","36011011","chrX","39361569","39361874","32","3350862"
"chrX","36869652","36869924","chrX","40197721","40198013","35","3328069"
"chrX","36888300","36888600","chr10","136766798","136767102","33","99878498"
"chrX","36928244","36928552","chr6","17608929","17609236","29","19319315"
"chrX","37095152","37095463","chr15","67619999","67620309","36","30524847"
"chrX","37104914","37105217","chr1","191149848","191150155","40","154044934"
"chrX","37358648","37358958","chrX","40698418","40698725","26","3339770"
"chrX","37369712","37370022","chr13","62764436","62764745","33","25394724"
"chrX","37386151","37386441","chr6","136264967","136265262","44","98878816"
"chrX","37412293","37412605","chr15","69276871","69277183","37","31864578"
"chrX","37498920","37499230","chr20","43352634","43352940","33","5853714"
"chrX","37542115","37542157","chr13","61473070","61473106","12","23930955"
"chrX","37769657","37769950","chrX","41040987","41041284","28","3271330"
"chrX","37976944","37977252","chrX","41244592","41244901","33","3267648"
"chrX","38004977","38005281","chrX","41271607","41271912","31","3266630"
"chrX","38100862","38101162","chr18","49658543","49658827","49","11557681"
"chrX","38180374","38180672","chrX","41448228","41448527","21","3267854"
"chrX","38224428","38224726","chrX","41492022","41492321","33","3267594"
"chrX","38335382","38335676","chr5","82014241","82014539","36","43678859"
"chrX","38372271","38372562","chrX","41625119","41625410","15","3252848"
"chrX","38406812","38407122","chr20","45934753","45935060","37","7527941"
"chrX","38456087","38456375","chr9","118968461","118968747","38","80512374"
"chrX","38486586","38486885","chr4","96760748","96761048","22","58274162"
"chrX","38501401","38501464","chr7","140409397","140409463","9","101907996"
"chrX","38602711","38603008","chrX","41873777","41874077","34","3271066"
"chrX","38619349","38619626","chr1","203814340","203814616","43","165194991"
"chrX","38626831","38627124","chrX","41891343","41891632","30","3264512"
"chrX","38700050","38700355","chrX","41978583","41978888","29","3278533"
"chrX","38896318","38896619","chr5","82014241","82014539","32","43117923"
"chrX","38975358","38975623","chr3","46088651","46088921","46","7113293"
"chrX","38991506","38991800","chr1","144529989","144530282","32","105538483"
"chrX","39115037","39115347","chrX","42402839","42403150","27","3287802"
"chrX","39782818","39783129","chr4","10687813","10688124","27","29095005"
"chrX","39934800","39935112","chr5","121627382","121627706","57","81692582"
"chrX","40031460","40031770","chr1","109323755","109324067","41","69292295"
"chrX","40230118","40230411","chrX","43532909","43533203","31","3302791"
"chrX","40314085","40314387","chrX","43601029","43601333","24","3286944"
"chrX","40460734","40461047","chr1","205194362","205194670","36","164733628"
"chrX","40498611","40498961","chr8","96727720","96728035","72","56229109"
"chrX","40836400","40836682","chrX","44112199","44112487","36","3275799"
"chrX","41153035","41153346","chr12","121772862","121773176","35","80619827"
"chrX","41200462","41200760","chr18","8820811","8821121","45","32379651"
"chrX","41507762","41508050","chr9","87736194","87736488","37","46228432"
"chrX","41512447","41512735","chrX","45004434","45004725","23","3491987"
"chrX","41545338","41545648","chr3","2931636","2931947","55","38613702"
"chrX","41558537","41558766","chr19","5961507","5961735","33","35597030"
"chrX","41569966","41570276","chr4","151060745","151061057","48","109490779"
"chrX","41584922","41585235","chr2A","81872121","81872429","38","40287199"
"chrX","41602016","41602190","chr19","2974694","2974872","24","38627322"
"chrX","41708867","41709178","chr2A","10355583","10355893","29","31353284"
"chrX","41736620","41736931","chr22","22301801","22302112","38","19434819"
"chrX","41777310","41777641","chr2B","63348784","63349075","92","21571474"
"chrX","41838501","41838796","chr9","67126783","67127082","36","25288282"
"chrX","41852108","41852413","chr10","110180557","110180860","34","68328449"
"chrX","41865343","41865636","chr1","182138307","182138613","49","140272964"
"chrX","41896700","41897012","chr1","21869855","21870167","45","20026845"
"chrX","41909998","41910166","chrX","123723452","123723622","20","81813454"
"chrX","41914516","41914788","chr7","81155889","81156149","37","39241373"
"chrX","41953361","41953628","chr5","100069077","100069348","44","58115716"
"chrX","41985571","41985817","chr14","62662099","62662351","50","20676528"
"chrX","42125064","42125375","chr12","37078719","37079032","39","5046345"
"chrX","42434516","42434808","chr19","12897214","12897503","41","29537302"
"chrX","42443659","42443971","chr3","2931636","2931947","32","39512023"
"chrX","43210966","43211264","chrX","46708025","46708315","30","3497059"
"chrX","43551803","43552096","chr5","157073952","157074249","40","113522149"
"chrX","43583431","43583740","chr4","106451241","106451549","38","62867810"
"chrX","43588259","43588570","chrX","47117643","47117949","28","3529384"
"chrX","43695811","43696121","chr14","74198044","74198357","39","30502233"
"chrX","43825355","43825668","chr1","205194362","205194670","32","161369007"
"chrX","43836379","43836676","chr1","27021093","27021389","38","16815286"
"chrX","43839177","43839501","chrX","47373013","47373318","39","3533836"
"chrX","43844960","43845234","chrX","47378035","47378310","11","3533075"
"chrX","43925777","43926090","chr11","17305005","17305310","37","26620772"
"chrX","43963486","43963799","chr4","198977209","198977521","31","155013723"
"chrX","44113688","44113984","chr6","169689147","169689442","36","125575459"
"chrX","44127793","44128085","chrX","47691262","47691560","26","3563469"
"chrX","44212470","44212783","chrX","41587872","41588178","40","2624598"
"chrX","44238682","44238995","chr5","162326402","162326716","35","118087720"
"chrX","44288406","44288725","chr10","36954252","36954578","51","7334154"
"chrX","44308221","44308525","chr10","140604064","140604370","33","96295843"
"chrX","44407699","44407996","chr12","117240987","117241284","35","72833288"
"chrX","44446243","44446548","chrX","48041286","48041580","31","3595043"
"chrX","44550909","44551211","chr15","42141648","42141949","29","2409261"
"chrX","44617313","44617613","chrX","54732807","54733103","46","10115494"
"chrX","45133803","45134080","chr8","130516313","130516591","31","85382510"
"chrX","45164782","45165079","chr18","11017208","11017507","43","34147574"
"chrX","45193183","45193517","chr11","48321214","48321541","53","3128031"
"chrX","45206477","45206767","chr2B","99512257","99512553","45","54305780"
"chrX","45355216","45355500","chr6","172320858","172321142","47","126965642"
"chrX","45507865","45508175","chr18","1542974","1543285","39","43964891"
"chrX","45555919","45556228","chrX","49160188","49160497","29","3604269"
"chrX","45575428","45575732","chr10","136766798","136767102","33","91191370"
"chrX","45578176","45578487","chr22","19766314","19766620","41","25811862"
"chrX","45773704","45774008","chr15","18246269","18246581","47","27527435"
"chrX","45855675","45855971","chr1","144529989","144530282","34","98674314"
"chrX","45875643","45875909","chr21","28663801","28664070","46","17211842"
"chrX","45878991","45879303","chr1","22955832","22956145","39","22923159"
"chrX","45890972","45891266","chrX","49512934","49513233","41","3621962"
"chrX","45945994","45946295","chr2A","51304277","51304576","32","5358283"
"chrX","46014283","46014590","chr5","45856163","45856467","37","158120"
"chrX","46032200","46032336","chr14","44685173","44685313","15","1347027"
"chrX","46046786","46047097","chr5","22049247","22049559","37","23997539"
"chrX","46102984","46103149","chr5","18186176","18186342","25","27916808"
"chrX","46138576","46138713","chr7","56623689","56623823","27","10485113"
"chrX","46139946","46140266","chr19","38050513","38050826","42","8089433"
"chrX","46149451","46149763","chr15","37451080","37451392","36","8698371"
"chrX","46569123","46569426","chrX","50220545","50220834","33","3651422"
"chrX","47368060","47368367","chrX","51034227","51034538","23","3666167"
"chrX","48088615","48088912","chr9","67126783","67127082","43","19038168"
"chrX","48342315","48342616","chr5","22452184","22452480","38","25890131"
"chrX","48473111","48473425","chr1","109323755","109324067","37","60850644"
"chrX","48524468","48524775","chrX","52220872","52221169","35","3696404"
"chrX","48840642","48840800","chr10","124132642","124132793","24","75292000"
"chrX","49133453","49133735","chrX","52779059","52779345","33","3645606"
"chrX","49626841","49627129","chr3","144880561","144880847","48","95253720"
"chrX","49680955","49681265","chr22","19194412","19194720","36","30486543"
"chrX","49913281","49913595","chr10","12686505","12686812","47","37226776"
"chrX","50041842","50042118","chr10","43187932","43188189","58","6853910"
"chrX","50067471","50067776","chr12","78558197","78558505","43","28490726"
"chrX","50072782","50073096","chr20","42366663","42366973","39","7706119"
"chrX","50073352","50073663","chr7","48203278","48203590","35","1870074"
"chrX","50175847","50176164","chr12","3042424","3042732","49","47133423"
"chrX","50312018","50312314","chr9","68968659","68968955","40","18656641"
"chrX","50354121","50354432","chr5","162326402","162326716","36","111972281"
"chrX","50398029","50398343","chr4","198977209","198977521","36","148579180"
"chrX","50407170","50407461","chrX","54483388","54483667","38","4076218"
"chrX","50418468","50418720","chr5","126879068","126879333","51","76460600"
"chrX","50439399","50439704","chr19","5118596","5118906","47","45320803"
"chrX","50473043","50473345","chr2A","519286","519588","28","49953757"
"chrX","50595789","50596067","chr5","6317852","6318139","44","44277937"
"chrX","50603829","50604134","chr4","37953476","37953776","29","12650353"
"chrX","50646797","50647110","chrX","54777977","54778289","20","4131180"
"chrX","50657796","50658108","chr7","76735395","76735710","45","26077599"
"chrX","50729222","50729427","chrX","417735","417941","59","50311487"
"chrX","50747999","50748310","chr17","9809898","9810208","39","40938101"
"chrX","50759522","50759832","chr14","20972619","20972931","39","29786903"
"chrX","50853316","50853627","chr1","21869855","21870167","38","28983461"
"chrX","50887526","50887828","chrX","55017117","55017417","23","4129591"
"chrX","50957804","50958091","chr17","7607355","7607642","48","43350449"
"chrX","51024521","51024835","chr7","127657301","127657615","46","76632780"
"chrX","51109690","51109989","chr5","156289782","156290081","45","105180092"
"chrX","52216394","52216706","chrX","134880203","134880513","43","82663809"
"chrX","52562830","52563141","chr14","89567587","89567900","38","37004757"
"chrX","55793143","55793455","chrX","64132827","64133131","26","8339684"
"chrX","55923142","55923452","chr2B","56727034","56727344","41","803892"
"chrX","56478587","56478898","chr20","35582405","35582711","41","20896182"
"chrX","56520768","56521075","chrX","65093087","65093404","39","8572319"
"chrX","56622601","56622912","chr8","33472835","33473130","43","23149766"
"chrX","56732295","56732607","chr2B","2648213","2648520","48","54084082"
"chrX","56749809","56750120","chr1","21262166","21262476","49","35487643"
"chrX","56778220","56778519","chr19","35891450","35891750","36","20886770"
"chrX","56795329","56795570","chr4","176205454","176205692","35","119410125"
"chrX","56834177","56834490","chr17","38608208","38608518","37","18225969"
"chrX","56835334","56835602","chrX","65461682","65461944","28","8626348"
"chrX","58712002","58712314","chr15","37451080","37451392","47","21260922"
"chrX","59776943","59777252","chr6","42682302","42682607","42","17094641"
"chrX","59789826","59790132","chr8","74261100","74261405","45","14471274"
"chrX","59833508","59833808","chrX","67927403","67927703","18","8093895"
"chrX","59842332","59842639","chr4","106943668","106943973","49","47101336"
"chrX","59933000","59933304","chrX","41587872","41588178","39","18345128"
"chrX","59995584","59995878","chr1","144529989","144530282","38","84534405"
"chrX","60054942","60055231","chrX","68141822","68142118","40","8086880"
"chrX","61124517","61124812","chrX","69262549","69262839","26","8138032"
"chrX","61256692","61257004","chrX","69394204","69394516","25","8137512"
"chrX","61346179","61346492","chr22","14616169","14616476","40","46730010"
"chrX","61532488","61532788","chrX","69699360","69699654","28","8166872"
"chrX","61606932","61607095","chr16","39078882","39079044","25","22528050"
"chrX","61692130","61692427","chr3","33692080","33692378","45","28000050"
"chrX","62419406","62419718","chr3","53283944","53284251","39","9135462"
"chrX","62545646","62545947","chr4","198295008","198295316","42","135749362"
"chrX","62553439","62553741","chr19","55001364","55001664","32","7552075"
"chrX","62577882","62578170","chr18","41671019","41671307","27","20906863"
"chrX","62588141","62588453","chr12","52850616","52850925","42","9737525"
"chrX","62680744","62681005","chr10","36916055","36916314","39","25764689"
"chrX","62693467","62693778","chr17","1866716","1867022","45","60826751"
"chrX","62711340","62711633","chrX","71083014","71083309","26","8371674"
"chrX","62731514","62731814","chr17","81504650","81504947","30","18773136"
"chrX","62875882","62876172","chrUn_CABD030131550v1","8094","8384","37","62867788"
"chrX","62897337","62897645","chr13","62764436","62764745","29","132901"
"chrX","62937560","62937867","chr1","193093295","193093604","33","130155735"
"chrX","63055873","63056185","chr15","67619999","67620309","36","4564126"
"chrX","63130460","63130668","chr17","6997149","6997354","41","56133311"
"chrX","63130826","63131136","chr17","9558423","9558728","40","53572403"
"chrX","63412612","63412667","chr7","67535154","67535209","9","4122542"
"chrX","63579743","63580025","chr1","24189834","24190118","33","39389909"
"chrX","63639429","63639711","chr19","46266732","46267017","51","17372697"
"chrX","63775557","63775862","chr7","29021792","29022096","41","34753765"
"chrX","63972597","63972910","chrX","97038467","97038780","38","33065870"
"chrX","64040681","64040989","chr5","5487375","5487672","38","58553306"
"chrX","65007424","65007712","chr13","33361251","33361548","38","31646173"
"chrX","65044273","65044586","chr1","205194362","205194670","35","140150089"
"chrX","65074314","65074615","chr1","204184641","204184943","38","139110327"
"chrX","65140719","65141021","chrX","73648658","73648956","33","8507939"
"chrX","65177838","65178122","chr12","79066133","79066418","43","13888295"
"chrX","65360774","65361066","chrX","73837068","73837374","35","8476294"
"chrX","65547674","65547971","chrX","74045863","74046153","33","8498189"
"chrX","65811262","65811584","chr5","22049247","22049559","49","43762015"
"chrX","66033067","66033372","chr19","36028593","36028900","39","30004474"
"chrX","66233506","66233771","chr3","113825165","113825432","41","47591659"
"chrX","66796920","66797217","chr17","39998358","39998661","57","26798562"
"chrX","68116230","68116544","chr7","78954410","78954708","51","10838180"
"chrX","68127503","68127811","chrX","77155201","77155509","39","9027698"
"chrX","68242273","68242580","chr2A","21134848","21135157","36","47107425"
"chrX","68267969","68268272","chrX","77296257","77296563","30","9028288"
"chrX","68314525","68314836","chrX","77347747","77348068","28","9033222"
"chrX","68404561","68404858","chr2A","59985648","59985942","30","8418913"
"chrX","68416055","68416344","chr5","137760043","137760333","29","69343988"
"chrX","68420059","68420363","chrX","77462161","77462457","32","9042102"
"chrX","68421252","68421376","chrX","77463322","77463450","15","9042070"
"chrX","68431977","68432282","chrX","77473360","77473665","35","9041383"
"chrX","68467127","68467402","chr22","24788380","24788656","42","43678747"
"chrX","68553303","68553610","chr20","35582405","35582711","35","32970898"
"chrX","68624958","68625243","chrUn_CABD030131550v1","8094","8384","33","68616864"
"chrX","69116418","69116721","chr10","136766798","136767102","38","67650380"
"chrX","69275699","69275991","chrX","78485069","78485373","29","9209370"
"chrX","69534986","69535294","chr1","100887646","100887952","40","31352660"
"chrX","69603067","69603125","chr6","143202469","143202528","11","73599402"
"chrX","69603135","69603396","chr12","131788345","131788608","60","62185210"
"chrX","70470249","70470573","chr11","76075200","76075527","61","5604951"
"chrX","70901178","70901361","chr1","1885576","1885759","29","69015602"
"chrX","71081328","71081635","chr10","136766798","136767102","30","65685470"
"chrX","72096303","72096615","chr1","100887646","100887952","42","28791343"
"chrX","72153201","72153523","chrX","81615235","81615532","47","9462034"
"chrX","72722812","72723087","chr8","22251922","22252199","47","50470890"
"chrX","73366681","73366984","chrX","82828100","82828413","40","9461419"
"chrX","73589442","73589752","chr20","35582405","35582711","40","38007037"
"chrX","74646511","74646823","chr8","136166346","136166659","47","61519835"
"chrX","74824541","74824854","chr3","2931636","2931947","39","71892905"
"chrX","75189831","75190146","chr18","33156600","33156913","49","42033231"
"chrX","75369237","75369379","chr1","182764692","182764839","33","107395455"
"chrX","75754710","75755007","chr1","156298752","156299050","47","80544042"
"chrX","76323064","76323363","chr19","17050826","17051125","39","59272238"
"chrX","76963083","76963369","chr5","33727432","33727720","44","43235651"
"chrX","77053188","77053475","chr2A","15300168","15300463","55","61753020"
"chrX","77482983","77483314","chrX","87063652","87063958","47","9580669"
"chrX","77874411","77874700","chrX","87493057","87493354","38","9618646"
"chrX","78001792","78002085","chr16","50835020","50835321","46","27166772"
"chrX","78439105","78439194","chr19","56207332","56207412","16","22231773"
"chrX","78557855","78558153","chrX","88216630","88216924","22","9658775"
"chrX","78752795","78753090","chr1","41763043","41763338","36","36989752"
"chrX","79186746","79187033","chr11","117188078","117188372","54","38001332"
"chrX","79485840","79486013","chr3","97148596","97148767","35","17662756"
"chrX","80079829","80080163","chr6","37861193","37861525","64","42218636"
"chrX","80263220","80263533","chr5","156818636","156818943","44","76555416"
"chrX","80757053","80757357","chr2A","21134848","21135157","43","59622205"
"chrX","81154083","81154393","chr1","69034819","69035142","59","12119264"
"chrX","81712074","81712378","chr4","198798700","198799005","42","117086626"
"chrX","81818256","81818565","chr15","11881018","11881326","35","69937238"
"chrX","82194287","82194598","chr6","35622489","35622796","42","46571798"
"chrX","82219325","82219627","chrX","91928285","91928594","41","9708960"
"chrX","82582158","82582453","chr1","41763043","41763338","33","40819115"
"chrX","83089666","83089973","chrX","92846259","92846549","38","9756593"
"chrX","83605157","83605456","chr20","34323117","34323413","47","49282040"
"chrX","84015800","84016058","chr12","6236698","6236971","60","77779102"
"chrX","84445283","84445594","chrX","94181326","94181638","35","9736043"
"chrX","84501722","84502018","chr2B","125039405","125039704","50","40537683"
"chrX","84723193","84723502","chr9","74575275","74575588","45","10147918"
"chrX","85297631","85297929","chr19","17050826","17051125","33","68246805"
"chrX","85511984","85512174","chr16","76347059","76347239","32","9164925"
"chrX","85711358","85711667","chrX","95584548","95584849","35","9873190"
"chrX","85871731","85872030","chrX","95766001","95766306","32","9894270"
"chrX","86103582","86103918","chr12","126934708","126935045","53","40831126"
"chrX","86737561","86737853","chr9","70252230","70252529","47","16485331"
"chrX","86796083","86796369","chr1","24189834","24190118","39","62606249"
"chrX","87009145","87009423","chr19","51413692","51413975","46","35595453"
"chrX","87076904","87077198","chr5","5487375","5487672","41","81589529"
"chrX","87167347","87167628","chrX","97111067","97111349","32","9943720"
"chrX","87191121","87191432","chrX","97133732","97134040","30","9942611"
"chrX","87241589","87241888","chrX","97169998","97170309","29","9928409"
"chrX","87268481","87268784","chr11","8840944","8841256","42","78427537"
"chrX","87493835","87494138","chrX","97426892","97427187","30","9933057"
"chrX","87501382","87501642","chr1","203814340","203814616","45","116312958"
"chrX","87671318","87671614","chr4","171953878","171954174","34","84282560"
"chrX","87727248","87727550","chr1","185054973","185055268","36","97327725"
"chrX","88445060","88445371","chr9","74575275","74575588","42","13869785"
"chrX","88978019","88978334","chr14","77304145","77304459","42","11673874"
"chrX","89585350","89585651","chr16","60227894","60228192","35","29357456"
"chrX","89746458","89746774","chr14","20972619","20972931","40","68773839"
"chrX","89834639","89834910","chr3","119846659","119846944","44","30012020"
"chrX","90487105","90487293","chr20","49890887","49891072","31","40596218"
"chrX","90542884","90543194","chrX","100680087","100680390","38","10137203"
"chrX","90689796","90690100","chrX","100804139","100804443","21","10114343"
"chrX","90857156","90857467","chr14","74198044","74198357","34","16659112"
"chrX","90881494","90881803","chrX","101004288","101004600","31","10122794"
"chrX","90883059","90883360","chr16","21557846","21558142","36","69325213"
"chrX","90904131","90904424","chr10","117071045","117071342","33","26166914"
"chrX","90915889","90916188","chrX","101039732","101040033","34","10123843"
"chrX","90958641","90958950","chr1","132554974","132555276","41","41596333"
"chrX","90973030","90973331","chr1","63010369","63010669","39","27962661"
"chrX","91008841","91009127","chrX","101131513","101131799","18","10122672"
"chrX","91093695","91093996","chr5","36374695","36374994","32","54719000"
"chrX","91157109","91157414","chr10","140604064","140604370","34","49446955"
"chrX","91194345","91194663","chr17","38608208","38608518","39","52586137"
"chrX","91229349","91229661","chr5","46820864","46821176","44","44408485"
"chrX","91242832","91243148","chr12","119262768","119263080","41","28019936"
"chrX","91277786","91278122","chr2B","95425788","95426089","74","4148002"
"chrX","91290403","91290713","chr4","40072459","40072768","42","51217944"
"chrX","91290921","91291236","chr17","38608208","38608518","38","52682713"
"chrX","91394850","91395166","chrX","51034227","51034538","41","40360623"
"chrX","91558040","91558352","chr12","119262768","119263080","34","27704728"
"chrX","92080093","92080392","chrX","102608865","102609168","19","10528772"
"chrX","92973842","92974158","chr12","21276435","21276745","43","71697407"
"chrX","93358499","93358806","chr22","34538362","34538671","39","58820137"
"chrX","93387728","93388035","chr22","20239501","20239805","39","73148227"
"chrX","93425567","93425878","chr2A","79839508","79839818","36","13586059"
"chrX","93466437","93466727","chr1","222126053","222126337","40","128659616"
"chrX","93492578","93492880","chrX","104207361","104207661","24","10714783"
"chrX","93669839","93670143","chr5","26135906","26136209","40","67533933"
"chrX","93821416","93821728","chr5","44467184","44467496","44","49354232"
"chrX","94209880","94210184","chr10","111864529","111864838","55","17654649"
"chrX","95571215","95571536","chr3","49259552","49259862","43","46311663"
"chrX","95644421","95644713","chr3","144880561","144880847","47","49236140"
"chrX","96051515","96051826","chr2B","44213774","44214081","49","51837741"
"chrX","96382739","96383079","chr6","172892387","172892713","50","76509648"
"chrX","96389572","96389829","chr3","155409710","155409966","28","59020138"
"chrX","96391575","96391870","chr6","142067041","142067339","36","45675466"
"chrX","96465570","96465887","chr6","37682797","37683102","42","58782773"
"chrX","96702374","96702709","chr3","58866049","58866355","70","37836325"
"chrX","96728761","96729013","chr15","46734159","46734398","50","49994602"
"chrX","96741754","96742042","chrX","107668166","107668454","25","10926412"
"chrX","96829236","96829549","chr1","101604331","101604644","42","4775095"
"chrX","97025496","97025780","chrX","107954070","107954351","26","10928574"
"chrX","97205974","97206288","chrX","108118961","108119272","29","10912987"
"chrX","97303219","97303512","chrX","108205800","108206083","35","10902581"
"chrX","97733187","97733487","chr3","135591702","135592003","32","37858515"
"chrX","97903490","97903799","chr1","40966383","40966697","45","56937107"
"chrX","98882382","98882683","chrX","109769568","109769868","30","10887186"
"chrX","98915616","98915921","chr1","100887646","100887952","42","1972030"
"chrX","99797064","99797357","chr3","200664126","200664415","39","100867062"
"chrX","99801869","99802194","chr14","32972455","32972755","51","66829414"
"chrX","99971102","99971411","chrX","110959676","110959984","22","10988574"
"chrX","100174118","100174423","chr5","45856163","45856467","40","54317955"
"chrX","100990360","100990667","chr14","77304145","77304459","43","23686215"
"chrX","101514447","101514759","chr2A","79839508","79839818","36","21674939"
"chrX","101942879","101943132","chrX","112950331","112950595","31","11007452"
"chrX","102015267","102015577","chr17","38608208","38608518","42","63407059"
"chrX","102030139","102030438","chrX","113023008","113023300","33","10992869"
"chrX","102045096","102045408","chr22","17140799","17141110","44","84904297"
"chrX","102047183","102047440","chr4","165823983","165824240","44","63776800"
"chrX","102083251","102083562","chr3","75485585","75485895","35","26597666"
"chrX","102895524","102895818","chr15","42910078","42910369","34","59985446"
"chrX","103137495","103137814","chr9","67126783","67127082","59","36010712"
"chrX","103560500","103560747","chr1","31406499","31406738","50","72154001"
"chrX","103637062","103637375","chr14","74198044","74198357","41","29439018"
"chrX","103857978","103858273","chrX","15138629","15138928","43","88719349"
"chrX","104201101","104201413","chr1","191149848","191150155","45","86948747"
"chrX","104472359","104472687","chr12","12300417","12300745","47","92171942"
"chrX","104519880","104520183","chr14","32972455","32972755","36","71547425"
"chrX","104531899","104532206","chr3","188671471","188671791","50","84139572"
"chrX","104645750","104646071","chr3","56848144","56848462","48","47797606"
"chrX","105066522","105066831","chr8","67971105","67971409","47","37095417"
"chrX","106230354","106230667","chr18","23191935","23192242","38","83038419"
"chrX","106684004","106684294","chr1","48599619","48599915","55","58084385"
"chrX","106915856","106916155","chrX","118283762","118284058","30","11367906"
"chrX","107041102","107041407","chr8","142809025","142809318","37","35767923"
"chrX","107151367","107151645","chr2A","46391002","46391284","40","60760365"
"chrX","107283864","107284109","chrX","134562038","134562303","47","27278174"
"chrX","107300960","107301265","chr2A","9923858","9924164","39","97377102"
"chrX","107331567","107331874","chr10","136766798","136767102","25","29435231"
"chrX","107359043","107359341","chrX","118733275","118733575","30","11374232"
"chrX","107444719","107445007","chr9","87480483","87480767","37","19964236"
"chrX","107448687","107449007","chr7","127657301","127657615","46","20208614"
"chrX","107743234","107743532","chrX","119051158","119051462","28","11307924"
"chrX","107787065","107787350","chr17","60879963","60880249","41","46907102"
"chrX","107887632","107887944","chr8","30072940","30073247","43","77814692"
"chrX","107899534","107899839","chr6","42682302","42682607","36","65217232"
"chrX","108006688","108006943","chr4","39582201","39582448","52","68424487"
"chrX","108008456","108008767","chr6","125884319","125884615","44","17875863"
"chrX","108012450","108012599","chrX","119354023","119354171","20","11341573"
"chrX","108034826","108035138","chr20","35582405","35582711","35","72452421"
"chrX","108052071","108052366","chrX","119391625","119391917","22","11339554"
"chrX","108058315","108058607","chr6","169689147","169689442","33","61630832"
"chrX","108185333","108185631","chr7","129287081","129287379","31","21101748"
"chrX","108255944","108256212","chr15","52950317","52950594","48","55305627"
"chrX","108268088","108268388","chrX","97594986","97595289","32","10673102"
"chrX","108304171","108304482","chrX","119655317","119655637","36","11351146"
"chrX","108311780","108312063","chr1","222126053","222126337","37","113814273"
"chrX","108324870","108325164","chr1","35990880","35991182","40","72333990"
"chrX","108332584","108332895","chr2A","2036367","2036674","45","106296217"
"chrX","108363134","108363366","chr18","27822115","27822332","42","80541019"
"chrX","108413422","108413730","chr4","39807810","39808117","41","68605612"
"chrX","108414293","108414395","chr6","18407965","18408078","20","90006328"
"chrX","108414446","108414625","chr19","41802067","41802242","20","66612379"
"chrX","108432979","108433277","chr5","22452184","22452480","32","85980795"
"chrX","108879567","108879884","chr20","55450421","55450733","39","53429146"
"chrX","108901601","108901916","chr8","48982259","48982571","48","59919342"
"chrX","108905640","108905936","chr3","186504136","186504430","40","77598496"
"chrX","108907728","108908025","chr5","160987933","160988228","34","52080205"
"chrX","109010908","109011224","chr7","130411286","130411597","44","21400378"
"chrX","109313615","109313921","chr3","28041400","28041706","34","81272215"
"chrX","109434006","109434269","chr12","131788345","131788608","41","22354339"
"chrX","109485277","109485568","chr16","49395439","49395731","41","60089838"
"chrX","110273157","110273445","chr15","46138105","46138386","35","64135052"
"chrX","110421294","110421602","chr1","191149848","191150155","43","80728554"
"chrX","111348880","111349194","chr20","35582405","35582711","46","75766475"
"chrX","111414385","111414563","chr1","1885576","1885759","27","109528809"
"chrX","111878555","111878856","chr9","59842059","59842366","31","52036496"
"chrX","112173105","112173393","chrX","123514336","123514636","33","11341231"
"chrX","112192380","112192674","chr3","8776907","8777196","33","103415473"
"chrX","112198536","112198826","chrX","123542707","123542998","31","11344171"
"chrX","112215480","112215761","chrX","41874549","41874831","39","70340931"
"chrX","112267749","112268047","chrX","123609498","123609802","32","11341749"
"chrX","112342824","112343122","chr2A","59985648","59985942","32","52357176"
"chrX","112383043","112383334","chr1","185054973","185055268","32","72671930"
"chrX","112410377","112410700","chr13","26899506","26899828","48","85510871"
"chrX","112449399","112449448","chr1","119446379","119446431","7","6996980"
"chrX","112461725","112461901","chrX","123800683","123800845","26","11338958"
"chrX","112493462","112493758","chrX","123829673","123829970","22","11336211"
"chrX","112601899","112602180","chrX","123936483","123936779","34","11334584"
"chrX","112674799","112675102","chr1","39548497","39548795","49","73126302"
"chrX","112759975","112760286","chr1","100887646","100887952","37","11872329"
"chrX","112932845","112933158","chr1","22955832","22956145","38","89977013"
"chrX","112952056","112952359","chr12","117240987","117241284","34","4288931"
"chrX","113049122","113049434","chrX","124330972","124331269","36","11281850"
"chrX","113171819","113172126","chr7","72899498","72899802","37","40272321"
"chrX","113230084","113230196","chr5","36592470","36592589","26","76637614"
"chrX","113443567","113443877","chr13","62764436","62764745","39","50679131"
"chrX","113451806","113452085","chr8","130516313","130516591","40","17064507"
"chrX","113492180","113492474","chrX","124772075","124772366","31","11279895"
"chrX","113919296","113919589","chrX","125202585","125202881","27","11283289"
"chrX","113983707","113984015","chrX","125262061","125262357","41","11278354"
"chrX","116427361","116427673","chr3","95320789","95321100","55","21106572"
"chrX","117278678","117279005","chr14","75460716","75461026","49","41817962"
"chrX","117518942","117519233","chr9","81354291","81354584","37","36164651"
"chrX","117937963","117938263","chr1","148927652","148927960","36","30989689"
"chrX","118113814","118114125","chrX","41587872","41588178","38","76525942"
"chrX","118172279","118172599","chr17","38608208","38608518","40","79564071"
"chrX","118192855","118193147","chr1","185054973","185055268","38","66862118"
"chrX","118225333","118225644","chr5","162326402","162326716","37","44101069"
"chrX","118291927","118292235","chr4","195335628","195335940","43","77043701"
"chrX","118318020","118318320","chrX","129913117","129913431","41","11595097"
"chrX","118371294","118371604","chrX","41587872","41588178","33","76783422"
"chrX","118418028","118418318","chrX","130016928","130017217","20","11598900"
"chrX","118476135","118476428","chr9","70252230","70252529","36","48223905"
"chrX","118535040","118535334","chrX","130145572","130145866","32","11610532"
"chrX","118574038","118574319","chr1","41763043","41763338","45","76810995"
"chrX","118598768","118599061","chr1","144529989","144530282","26","25931221"
"chrX","118736607","118736919","chr14","23916952","23917265","35","94819655"
"chrX","118752553","118752860","chr12","110623481","110623790","40","8129072"
"chrX","118827087","118827380","chr8","17570913","17571199","48","101256174"
"chrX","118835731","118836030","chr15","53358142","53358442","34","65477589"
"chrX","118969944","118970255","chr7","134871506","134871819","38","15901562"
"chrX","118971811","118972121","chr12","36414589","36414899","35","82557222"
"chrX","119770920","119771113","chr14","38934062","38934237","55","80836858"
"chrX","119938388","119938706","chr20","35286617","35286928","47","84651771"
"chrX","119988162","119988410","chr12","96165782","96166031","43","23822380"
"chrX","119989529","119989809","chr15","30763466","30763752","55","89226063"
"chrX","120118374","120118667","chrX","131839676","131839965","33","11721302"
"chrX","120622558","120622846","chr8","96234805","96235093","38","24387753"
"chrX","120838701","120838985","chr1","24189834","24190118","42","96648867"
"chrX","120884223","120884560","chrX","132594923","132595230","44","11710700"
"chrX","120980788","120981103","chr12","110623481","110623790","43","10357307"
"chrX","121260895","121261187","chr5","137760043","137760333","44","16499148"
"chrX","121355293","121355576","chr3","23553039","23553323","38","97802254"
"chrX","121420664","121420989","chr1","54464452","54464778","47","66956212"
"chrX","121476648","121476951","chrX","133201053","133201355","21","11724405"
"chrX","121735987","121736302","chr2A","82479461","82479773","45","39256526"
"chrX","121737346","121737660","chr19","57118880","57119186","45","64618466"
"chrX","121803051","121803354","chr11","107106280","107106579","34","14696771"
"chrX","121846729","121847009","chr4","86343317","86343608","55","35503412"
"chrX","122019469","122019790","chrX","133741193","133741499","38","11721724"
"chrX","122124409","122124699","chr10","131587188","131587479","38","9462779"
"chrX","122185160","122185462","chr2A","45126237","45126533","45","77058923"
"chrX","122229996","122230286","chr4","155657331","155657621","28","33427335"
"chrX","122250869","122250975","chr2B","95219985","95220093","11","27030884"
"chrX","122251378","122251680","chr10","36114158","36114452","41","86137220"
"chrX","122311498","122311655","chr2A","36681280","36681438","25","85630218"
"chrX","122489197","122489509","chr2A","10355583","10355893","40","112133614"
"chrX","122554146","122554197","chr16","78769478","78769537","14","43784668"
"chrX","122554198","122554425","chr10","141929565","141929770","56","19375367"
"chrX","122644996","122645122","chr14","78756024","78756151","31","43888972"
"chrX","122664622","122664934","chr14","20972619","20972931","38","101692003"
"chrX","122674819","122675125","chrX","97594986","97595289","44","25079833"
"chrX","122677978","122678234","chrX","134437827","134438085","23","11759849"
"chrX","122737284","122737595","chr8","98601226","98601536","42","24136058"
"chrX","122756186","122756495","chrX","134517668","134517979","25","11761482"
"chrX","122759226","122759503","chr15","52950317","52950594","48","69808909"
"chrX","122830938","122831231","chr1","8435090","8435381","36","114395848"
"chrX","122990411","122990708","chrX","134754547","134754842","26","11764136"
"chrX","123022467","123022778","chr6","37682797","37683102","38","85339670"
"chrX","123054047","123054355","chr1","100887646","100887952","37","22166401"
"chrX","123058920","123059226","chr17","63244580","63244884","35","59814340"
"chrX","123074402","123074675","chrX","94632736","94633009","46","28441666"
"chrX","123096736","123097042","chrX","134870138","134870435","21","11773402"
"chrX","123197986","123198270","chr1","24189834","24190118","27","99008152"
"chrX","123266909","123267191","chrX","135044164","135044458","31","11777255"
"chrX","123353049","123353364","chr13","11345127","11345439","40","112007922"
"chrX","124013325","124013606","chr11","47651302","47651576","55","76362023"
"chrX","124119991","124120299","chrX","97594986","97595289","31","26525005"
"chrX","124126097","124126330","chr16","50754893","50755126","32","73371204"
"chrX","124146982","124147264","chr12","52999140","52999431","44","71147842"
"chrX","124208358","124208681","chr10","101337366","101337681","46","22870992"
"chrX","124221292","124221602","chr5","46820864","46821176","45","77400428"
"chrX","124260374","124260694","chr14","74671804","74672116","43","49588570"
"chrX","124283938","124284240","chrX","136173523","136173818","33","11889585"
"chrX","124294606","124294789","chr4","178384807","178384998","40","54090201"
"chrX","124411842","124412153","chr7","72899498","72899802","37","51512344"
"chrX","124458126","124458453","chrX","136349149","136349452","45","11891023"
"chrX","124466503","124466812","chr3","53283944","53284251","39","71182559"
"chrX","124996224","124996523","chr14","40634082","40634382","36","84362142"
"chrX","125003786","125004101","chr15","67619999","67620309","41","57383787"
"chrX","125013924","125014235","chrX","136893410","136893703","39","11879486"
"chrX","125036505","125036806","chr5","54731375","54731680","42","70305130"
"chrX","125037603","125037904","chr16","27214688","27214991","38","97822915"
"chrX","125042730","125043017","chr7","36892518","36892804","63","88150212"
"chrX","125055318","125055613","chr5","82014241","82014539","34","43041077"
"chrX","125101345","125101647","chr14","32972455","32972755","39","92128890"
"chrX","125364929","125365052","chr19","7655748","7655873","17","117709181"
"chrX","125548007","125548320","chrX","137405425","137405723","36","11857418"
"chrX","125683169","125683483","chr17","38608208","38608518","45","87074961"
"chrX","125905724","125906022","chr15","30763466","30763752","47","95142258"
"chrX","125936786","125937073","chr19","52434338","52434622","38","73502448"
"chrX","126388209","126388502","chr1","35990880","35991182","57","90397329"
"chrX","127633193","127633503","chr17","4925082","4925385","39","122708111"
"chrX","127639549","127639800","chr2B","79688440","79688705","71","47951109"
"chrX","128052917","128053219","chr20","36320473","36320769","47","91732444"
"chrX","128134540","128134827","chrX","18200876","18201163","34","109933664"
"chrX","128139463","128139781","chr14","77304145","77304459","38","50835318"
"chrX","128233137","128233453","chr3","197346369","197346679","36","69113232"
"chrX","128287240","128287544","chr12","8893890","8894193","32","119393350"
"chrX","128594417","128594678","chr3","12786516","12786773","46","115807901"
"chrX","128710052","128710353","chr7","72899498","72899802","36","55810554"
"chrX","128835825","128836143","chr7","127657301","127657615","43","1178524"
"chrX","129030213","129030505","chr2A","51383657","51383949","30","77646556"
"chrX","129114943","129115244","chrX","141074616","141074916","27","11959673"
"chrX","129116762","129117073","chr17","5192031","5192340","43","123924731"
"chrX","129126949","129127256","chr3","199354321","199354630","40","70227372"
"chrX","129412418","129412715","chrX","141220914","141221215","31","11808496"
"chrX","129453970","129454264","chrX","48041286","48041580","48","81412684"
"chrX","129457964","129458241","chrX","141638318","141638615","46","12180354"
"chrX","129461635","129461934","chr19","17050826","17051125","32","112410809"
"chrX","129463754","129464030","chr8","130516313","130516591","36","1052559"
"chrX","129904065","129904386","chr4","198977209","198977521","50","69073144"
"chrX","131531905","131532220","chr20","35582405","35582711","44","95949500"
"chrX","131924959","131925255","chr1","132554974","132555276","56","630015"
"chrX","132380831","132381145","chr1","29163733","29164039","43","103217098"
"chrX","132451864","132452173","chr1","134763713","134764022","36","2311849"
"chrX","133161000","133161282","chrX","145541975","145542275","40","12380975"
"chrX","133316923","133317228","chr3","53638610","53638915","34","79678313"
"chrX","133494588","133494880","chr1","27021093","27021389","38","106473495"
"chrX","133611034","133611345","chr1","132554974","132555276","40","1056060"
"chrX","133651150","133651484","chr1","69034819","69035142","60","64616331"
"chrX","133689376","133689497","chrX","146066488","146066611","16","12377112"
"chrX","134079153","134079311","chr5","23448994","23449146","20","110630159"
"chrX","134624203","134624498","chr7","45526909","45527205","49","89097294"
"chrX","135101831","135102147","chr1","205430531","205430844","44","70328700"
"chrX","135127044","135127354","chrX","41587872","41588178","38","93539172"
"chrX","135638466","135638761","chr9","13793724","13794018","43","121844742"
"chrX","135678005","135678311","chr10","86782884","86783195","38","48895121"
"chrX","135764588","135764859","chr14","77263236","77263529","53","58501352"
"chrX","135794218","135794516","chr18","50092316","50092610","35","85701902"
"chrX","137270497","137270789","chrX","149733524","149733824","31","12463027"
"chrX","137478169","137478479","chrX","51034227","51034538","51","86443942"
"chrX","137555897","137556202","chr13","62764436","62764745","36","74791461"
"chrX","137711132","137711427","chr7","44506290","44506583","33","93204842"
"chrX","138426839","138427122","chr15","44703221","44703496","47","93723618"
"chrX","138594405","138594718","chr10","101337366","101337681","29","37257039"
"chrX","138735065","138735373","chrX","151299010","151299316","26","12563945"
"chrX","138777491","138777791","chr1","148927652","148927960","41","10150161"
"chrX","140316636","140316956","chr20","51163813","51164116","46","89152823"
"chrX","140402086","140402406","chr20","51163813","51164116","46","89238273"
"chrX","141268576","141268888","chr15","67619999","67620309","34","73648577"
"chrX","141370148","141370419","chrX","154237824","154238090","14","12867676"
"chrX","141453783","141454112","chr22","24992736","24993063","63","116461047"
"chrX","141475021","141475295","chr10","90682889","90683167","34","50792132"
"chrX","141533621","141533909","chr9","91099473","91099763","37","50434148"
"chrX","141589943","141590247","chr17","82138288","82138589","50","59451655"
"chrX","141772729","141773040","chr17","79404094","79404401","41","62368635"
"chrX","141776713","141777025","chr20","49391905","49392218","36","92384808"
"chrX","141884789","141885097","chr6","35622489","35622796","36","106262300"
"chrX","142068371","142068683","chr3","12041820","12042133","33","130026551"
"chrX","142079153","142079453","chrX","155071414","155071727","27","12992261"
"chr10","31063788","31064096","chr16","43413176","43413481","42","12349388"
"chr10","38928104","38928404","chr9","67126783","67127082","37","28198679"
"chr10","221365","221663","chr9","13019619","13019916","40","12798254"
"chr10","382872","383148","chr1","24189834","24190118","37","23806962"
"chr10","409605","409922","chr7","72693733","72694043","53","72284128"
"chr10","414795","415074","chr17","13097396","13097691","53","12682601"
"chr10","473814","474122","chrX","1440059","1440363","52","966245"
"chr10","628841","629145","chr1","43177069","43177374","53","42548228"
"chr10","656490","656792","chrX","36406749","36407049","36","35750259"
"chr10","662119","662428","chr1","182138307","182138613","41","181476188"
"chr10","708934","709226","chr1","23959364","23959650","44","23250430"
"chr10","797028","797331","chr3","53283944","53284251","45","52486916"
"chr10","1060102","1060385","chr4","140224432","140224719","38","139164330"
"chr10","1080452","1080765","chr9","51383443","51383752","37","50302991"
"chr10","1147917","1148230","chr5","162326402","162326716","35","161178485"
"chr10","1394748","1395033","chr1","185054973","185055268","38","183660225"
"chr10","1570001","1570312","chr19","15918497","15918807","41","14348496"
"chr10","1711746","1712046","chr19","30691912","30692212","38","28980166"
"chr10","1884749","1885048","chr2A","51383657","51383949","48","49498908"
"chr10","1930144","1930433","chr20","61409642","61409932","31","59479498"
"chr10","1984730","1985029","chr14","22505985","22506288","46","20521255"
"chr10","2077485","2077801","chr20","61276157","61276474","34","59198672"
"chr10","2164768","2165081","chr16","20140351","20140659","39","17975583"
"chr10","2193629","2193934","chr5","45856163","45856467","38","43662534"
"chr10","2521404","2521704","chr1","194446199","194446496","56","191924795"
"chr10","2541889","2542200","chr10","133182309","133182619","35","130640420"
"chr10","2674491","2674797","chr20","60675554","60675876","41","58001063"
"chr10","2932210","2932526","chr10","45646188","45646499","40","42713978"
"chr10","3198812","3198981","chrX","123723452","123723622","28","120524640"
"chr10","3963938","3964224","chr1","224694915","224695201","40","220730977"
"chr10","4334124","4334304","chr1","1885576","1885759","28","2448548"
"chr10","4800294","4800604","chr16","48003749","48004056","40","43203455"
"chr10","5185361","5185641","chr12","79066133","79066418","42","73880772"
"chr10","5226944","5227235","chr1","111254166","111254467","55","106027222"
"chr10","5275446","5275772","chr10","101337366","101337681","46","96061920"
"chr10","5313977","5314285","chr14","32972455","32972755","47","27658478"
"chr10","5359326","5359621","chr1","23083897","23084189","35","17724571"
"chr10","5508055","5508367","chr20","57699960","57700274","23","52191905"
"chr10","5789720","5790025","chr20","57401283","57401590","29","51611563"
"chr10","5924531","5924842","chr1","157261144","157261453","39","151336613"
"chr10","5966128","5966428","chr19","4019897","4020199","37","1946231"
"chr10","5971333","5971658","chr6","30417709","30418040","52","24446376"
"chr10","6320642","6320922","chr20","56910752","56911022","33","50590110"
"chr10","6451299","6451606","chr20","56771948","56772261","32","50320649"
"chr10","6462575","6462883","chr20","56760775","56761087","25","50298200"
"chr10","6477908","6478192","chr7","557932","558216","33","5919976"
"chr10","6502736","6502970","chr3","49087195","49087434","45","42584459"
"chr10","6658088","6658347","chr15","11782703","11782955","47","5124615"
"chr10","6957433","6957742","chr20","56279085","56279382","30","49321652"
"chr10","7002738","7003002","chr12","76915481","76915745","46","69912743"
"chr10","7182313","7182625","chr1","101604331","101604644","43","94422018"
"chr10","7322219","7322494","chr9","87480483","87480767","40","80158264"
"chr10","7422990","7423282","chr10","88762857","88763154","32","81339867"
"chr10","7512399","7512705","chr12","106449422","106449729","34","98937023"
"chr10","7536061","7536356","chr15","42141648","42141949","46","34605587"
"chr10","7577672","7577980","chr20","55701032","55701332","34","48123360"
"chr10","7602552","7602861","chr20","55676538","55676847","23","48073986"
"chr10","7659903","7659975","chr20","55613104","55613177","11","47953201"
"chr10","7733758","7734058","chr10","36097397","36097696","34","28363639"
"chr10","7825756","7826060","chr20","55450421","55450733","35","47624665"
"chr10","7830973","7831259","chr5","5443476","5443764","67","2387497"
"chr10","7926788","7927095","chrX","43601029","43601333","43","35674241"
"chr10","7940012","7940316","chr10","136766798","136767102","33","128826786"
"chr10","8867861","8868124","chr12","131788345","131788608","40","122920484"
"chr10","9120234","9120544","chr1","132729492","132729799","41","123609258"
"chr10","9593192","9593504","chr20","53689830","53690136","31","44096638"
"chr10","9606686","9606998","chr2A","21134848","21135157","36","11528162"
"chr10","9674080","9674393","chr7","134871506","134871819","34","125197426"
"chr10","9930973","9931262","chr4","197519800","197520092","35","187588827"
"chr10","10130409","10130719","chr20","53124122","53124432","27","42993713"
"chr10","10532934","10533219","chr20","52726144","52726428","33","42193210"
"chr10","10569609","10569921","chr11","69456323","69456634","44","58886714"
"chr10","10603964","10604275","chr2A","10355583","10355893","36","248381"
"chr10","10609541","10609835","chr9","57394443","57394735","40","46784902"
"chr10","10620343","10620664","chr7","147477867","147478176","51","136857524"
"chr10","10652409","10652699","chr11","117188078","117188372","41","106535669"
"chr10","10688382","10688689","chr10","136766798","136767102","34","126078416"
"chr10","10777827","10778138","chr4","199024335","199024640","38","188246508"
"chr10","10835092","10835401","chr15","66898502","66898813","42","56063410"
"chr10","10944215","10944511","chr5","160987933","160988228","39","150043718"
"chr10","11160909","11161197","chr6","39058088","39058377","41","27897179"
"chr10","11361728","11362030","chr2B","95425788","95426089","31","84064060"
"chr10","11375253","11375535","chr20","51853721","51854004","24","40478468"
"chr10","11438786","11439078","chr1","185054973","185055268","30","173616187"
"chr10","11589721","11590027","chr9","59842059","59842366","33","48252338"
"chr10","11835774","11836090","chr6","6752789","6753094","44","5082985"
"chr10","12010372","12010662","chr16","23190870","23191153","40","11180498"
"chr10","12129594","12129890","chr5","25671437","25671735","35","13541843"
"chr10","12178717","12179017","chr1","31528640","31528942","41","19349923"
"chr10","12195275","12195564","chr20","50950987","50951273","17","38755712"
"chr10","12204131","12204435","chr20","50942392","50942702","21","38738261"
"chr10","12242526","12242816","chr6","7125066","7125354","40","5117460"
"chr10","12244296","12244599","chr20","50897530","50897837","26","38653234"
"chr10","12254327","12254637","chr4","68814486","68814797","59","56560159"
"chr10","12306987","12307277","chr20","50841065","50841355","19","38534078"
"chr10","12371009","12371319","chr4","106451241","106451549","43","94080232"
"chr10","12390335","12390648","chr6","35622489","35622796","49","23232154"
"chr10","12444914","12445190","chr1","144529989","144530282","42","132085075"
"chr10","12458918","12459218","chr16","30922722","30923023","39","18463804"
"chr10","12472924","12473229","chr21","30439029","30439332","31","17966105"
"chr10","12494190","12494486","chr21","36178489","36178784","37","23684299"
"chr10","12558143","12558453","chrX","41587872","41588178","32","29029729"
"chr10","12559348","12559661","chr3","75485585","75485895","46","62926237"
"chr10","12564656","12564958","chr1","35990880","35991182","36","23426224"
"chr10","12649100","12649397","chr20","50442013","50442307","29","37792913"
"chr10","12849127","12849434","chr15","67619999","67620309","41","54770872"
"chr10","12911071","12911368","chr20","50175160","50175456","28","37264089"
"chr10","12965094","12965379","chr14","36230486","36230773","36","23265392"
"chr10","12994540","12994840","chr5","45856163","45856467","37","32861623"
"chr10","13019502","13019797","chr1","23083897","23084189","32","10064395"
"chr10","13109491","13109792","chr7","44506290","44506583","34","31396799"
"chr10","13127950","13128244","chr11","61102182","61102474","39","47974232"
"chr10","13147146","13147458","chr20","49935365","49935677","25","36788219"
"chr10","13203208","13203506","chr20","49880710","49881008","29","36677502"
"chr10","13372377","13372674","chr6","21986954","21987251","45","8614577"
"chr10","13379886","13380179","chr2A","51304277","51304576","37","37924391"
"chr10","13407582","13407895","chr2B","72409719","72410029","28","59002137"
"chr10","13409035","13409346","chr17","79404094","79404401","42","65995059"
"chr10","13450404","13450707","chr13","8634043","8634347","44","4816361"
"chr10","13473663","13473958","chr20","49598106","49598397","35","36124443"
"chr10","13501654","13501945","chr9","118968461","118968747","40","105466807"
"chr10","13507169","13507481","chr6","35622489","35622796","39","22115320"
"chr10","13549006","13549313","chr20","49520767","49521071","32","35971761"
"chr10","13567235","13567555","chr9","74575275","74575588","43","61008040"
"chr10","13578112","13578411","chrX","18796354","18796648","37","5218242"
"chr10","13612503","13612755","chr20","49458404","49458656","23","35845901"
"chr10","13634072","13634385","chr4","48585107","48585416","40","34951035"
"chr10","13661338","13661614","chr1","203814340","203814616","37","190153002"
"chr10","13699177","13699471","chr8","142809025","142809318","32","129109848"
"chr10","14006747","14006864","chr11","33539566","33539677","18","19532819"
"chr10","14036697","14036945","chrX","18124924","18125172","39","4088227"
"chr10","14130226","14130511","chr1","24189834","24190118","36","10059608"
"chr10","14158035","14158364","chr20","48896777","48897107","52","34738742"
"chr10","14202924","14203186","chr12","131788345","131788608","49","117585421"
"chr10","14224505","14224797","chr20","48831168","48831464","23","34606663"
"chr10","14245015","14245322","chr2B","99512257","99512553","65","85267242"
"chr10","14247451","14247747","chr2B","66681478","66681774","35","52434027"
"chr10","14308200","14308356","chr17","8148578","8148726","23","6159622"
"chr10","14343450","14343759","chr15","66898502","66898813","42","52555052"
"chr10","14378684","14379006","chr2A","10355583","10355893","43","4023101"
"chr10","14379885","14380186","chr4","171953878","171954174","38","157573993"
"chr10","14410150","14410464","chr20","48638297","48638608","27","34228147"
"chr10","14419435","14419759","chr17","24583359","24583669","49","10163924"
"chr10","14423348","14423648","chr10","136766798","136767102","34","122343450"
"chr10","14456077","14456382","chr1","134763713","134764022","41","120307636"
"chr10","14464090","14464396","chr16","65852640","65852944","39","51388550"
"chr10","14473223","14473519","chr1","38451526","38451829","37","23978303"
"chr10","14477746","14478058","chr2B","125039405","125039704","43","110561659"
"chr10","14543920","14544221","chr20","48509065","48509359","23","33965145"
"chr10","14562735","14563021","chr4","48566223","48566504","50","34003488"
"chr10","14606949","14607242","chr5","140837764","140838057","39","126230815"
"chr10","14653458","14653794","chr11","76075200","76075527","47","61421742"
"chr10","14869782","14870065","chr12","121761586","121761860","42","106891804"
"chr10","14897444","14897741","chr1","130106457","130106756","52","115209013"
"chr10","15009473","15009758","chr12","55469357","55469649","50","40459884"
"chr10","15029484","15029718","chr16","60573376","60573617","36","45543892"
"chr10","15057248","15057535","chr20","48047055","48047343","35","32989807"
"chr10","15059358","15059653","chr5","5487375","5487672","36","9571983"
"chr10","15142551","15142837","chr1","23959364","23959650","37","8816813"
"chr10","15153561","15153863","chr16","21547474","21547770","56","6393913"
"chr10","15203213","15203541","chr20","47895370","47895717","37","32692157"
"chr10","15264533","15264757","chr20","16193895","16194112","40","929362"
"chr10","15323994","15324305","chr9","97329381","97329689","39","82005387"
"chr10","15635802","15636088","chr20","47425125","47425405","38","31789323"
"chr10","15873524","15873836","chr20","35582405","35582711","34","19708881"
"chr10","15980164","15980472","chr13","62764436","62764745","41","46784272"
"chr10","16698036","16698282","chr1","158525902","158526148","44","141827866"
"chr10","16718132","16718431","chr9","70252230","70252529","27","53534098"
"chr10","16718948","16719256","chr6","37682797","37683102","41","20963849"
"chr10","16720108","16720420","chr2A","21134848","21135157","38","4414740"
"chr10","16744355","16744656","chr10","136766798","136767102","30","120022443"
"chr10","16816684","16816973","chr20","46269165","46269459","23","29452481"
"chr10","16887299","16887605","chr5","164523015","164523323","45","147635716"
"chr10","16946341","16946649","chr6","110127063","110127373","34","93180722"
"chr10","17045763","17046042","chr4","25318746","25319025","33","8272983"
"chr10","17054095","17054400","chr11","17305005","17305310","37","250910"
"chr10","17063004","17063295","chr5","160987933","160988228","38","143924929"
"chr10","17125464","17125764","chr5","135186472","135186767","45","118061008"
"chr10","17156409","17156717","chr20","45934753","45935060","23","28778344"
"chr10","17212267","17212578","chr14","74198044","74198357","39","56985777"
"chr10","17386047","17386349","chr3","200810389","200810699","43","183424342"
"chr10","17426541","17426852","chr19","450558","450867","45","16975983"
"chr10","17497824","17498120","chr1","194201906","194202203","32","176704082"
"chr10","17868132","17868443","chr2A","21134848","21135157","34","3266716"
"chr10","18106645","18106957","chr1","100887646","100887952","40","82781001"
"chr10","18236257","18236569","chr13","85401843","85402149","44","67165586"
"chr10","18313006","18313287","chr20","44834337","44834610","31","26521331"
"chr10","18385612","18385912","chr10","136766798","136767102","31","118381186"
"chr10","18412575","18412881","chr10","111864529","111864838","46","93451954"
"chr10","18502712","18503011","chr17","8465111","8465410","32","10037601"
"chr10","18628483","18628777","chr20","44489089","44489370","32","25860606"
"chr10","18694351","18694648","chr15","67619999","67620309","41","48925648"
"chr10","18877295","18877604","chr6","32370047","32370357","43","13492752"
"chr10","19014667","19014928","chr12","131788345","131788608","47","112773678"
"chr10","19138142","19138446","chr20","43936687","43936985","26","24798545"
"chr10","19246649","19246941","chr20","43821966","43822264","27","24575317"
"chr10","19426699","19427005","chr12","3042424","3042732","34","16384275"
"chr10","19521402","19521703","chr5","5487375","5487672","42","14034027"
"chr10","19593891","19594177","chr1","144529989","144530282","48","124936098"
"chr10","19677154","19677452","chrX","54732807","54733103","40","35055653"
"chr10","19701626","19701945","chr20","43357919","43358239","29","23656293"
"chr10","19706113","19706425","chr5","22049247","22049559","46","2343134"
"chr10","19912716","19913002","chr7","129430880","129431159","44","109518164"
"chr10","19918850","19919126","chr20","43143123","43143405","26","23224273"
"chr10","19954851","19955155","chr1","27021093","27021389","36","7066242"
"chr10","19969211","19969461","chr20","43087258","43087502","34","23118047"
"chr10","19994308","19994618","chr2A","83657439","83657747","38","63663131"
"chr10","20429385","20429696","chr8","44932082","44932391","35","24502697"
"chr10","20561727","20562040","chr11","75415809","75416115","43","54854082"
"chr10","20593291","20593404","chr6","46090125","46090239","24","25496834"
"chr10","20625836","20626118","chr20","42419027","42419313","21","21793191"
"chr10","20841328","20841636","chr6","155659159","155659460","45","134817831"
"chr10","21119739","21120050","chr3","53283944","53284251","41","32164205"
"chr10","21316054","21316364","chr17","30741176","30741483","49","9425122"
"chr10","21506848","21507150","chr15","42617039","42617348","51","21110191"
"chr10","21673878","21674176","chr1","161583777","161584072","28","139909899"
"chr10","21726817","21727128","chr17","38608208","38608518","47","16881391"
"chr10","22159229","22159539","chr20","40842129","40842432","34","18682900"
"chr10","22283379","22283687","chr2A","38433886","38434193","51","16150507"
"chr10","22514132","22514460","chr18","46767958","46768282","58","24253826"
"chr10","22530831","22531102","chr12","131788345","131788608","52","109257514"
"chr10","22577652","22577949","chr20","40415727","40416030","38","17838075"
"chr10","22686056","22686350","chr22","21098200","21098493","47","1587856"
"chr10","23040785","23041065","chr20","39930384","39930668","16","16889599"
"chr10","23098688","23098980","chr20","39872619","39872904","35","16773931"
"chr10","23975138","23975406","chr3","162541733","162542015","60","138566595"
"chr10","24106776","24107068","chr1","8435090","8435381","37","15671686"
"chr10","24350149","24350433","chr9","87480483","87480767","38","63130334"
"chr10","24454936","24455235","chr9","121268179","121268494","48","96813243"
"chr10","25186374","25186675","chr5","64763044","64763340","41","39576670"
"chr10","25259538","25259850","chr14","77304145","77304459","41","52044607"
"chr10","25273159","25273377","chr2B","79296690","79296908","40","54023531"
"chr10","25410058","25410319","chr6","75635802","75636083","55","50225744"
"chr10","25444317","25444619","chr4","37953476","37953776","36","12509159"
"chr10","25553654","25553970","chr15","18246269","18246581","38","7307385"
"chr10","25632523","25632835","chr10","101337366","101337681","41","75704843"
"chr10","25759911","25760220","chr20","35582405","35582711","30","9822494"
"chr10","25820733","25821041","chr1","13582785","13583095","39","12237948"
"chr10","25885629","25885924","chr7","29178664","29178961","42","3293035"
"chr10","25905261","25905570","chr22","20623630","20623939","36","5281631"
"chr10","26077287","26077567","chr20","36881037","36881321","26","10803750"
"chr10","26126546","26126856","chr5","45856163","45856467","48","19729617"
"chr10","26179804","26180065","chr20","12674881","12675147","37","13504923"
"chr10","26259205","26259515","chr4","173568856","173569161","38","147309651"
"chr10","26458138","26458438","chr17","85095165","85095468","33","58637027"
"chr10","26604441","26604723","chr1","24189834","24190118","40","2414607"
"chr10","26805672","26805984","chr1","191149848","191150155","34","164344176"
"chr10","26884281","26884538","chrX","47378035","47378310","42","20493754"
"chr10","27019290","27019410","chr2B","66491327","66491448","18","39472037"
"chr10","27025123","27025409","chr3","43184780","43185071","54","16159657"
"chr10","27112696","27112988","chr4","196906924","196907216","49","169794228"
"chr10","27275788","27276104","chr17","23676558","23676864","49","3599230"
"chr10","27297630","27297929","chr22","14282850","14283161","50","13014780"
"chr10","27317315","27317613","chr7","72899498","72899802","40","45582183"
"chr10","27337238","27337542","chr20","35517652","35517956","21","8180414"
"chr10","27488620","27488909","chr3","41898227","41898512","54","14409607"
"chr10","27563048","27563325","chr20","35294606","35294879","29","7731558"
"chr10","27570472","27570779","chr20","35286617","35286928","31","7716145"
"chr10","27604727","27605034","chr7","72899498","72899802","37","45294771"
"chr10","27615392","27615695","chr19","50345980","50346283","47","22730588"
"chr10","27661998","27662284","chr5","70103079","70103361","49","42441081"
"chr10","27701041","27701343","chr20","35173413","35173705","24","7472372"
"chr10","27752789","27753076","chr20","35118632","35118927","32","7365843"
"chr10","27940866","27941166","chr20","34920470","34920769","26","6979604"
"chr10","27954064","27954367","chr1","17314806","17315107","40","10639258"
"chr10","28099922","28100194","chr20","34761026","34761310","37","6661104"
"chr10","28112783","28113065","chr11","17305005","17305310","44","10807778"
"chr10","28149317","28149622","chr11","17305005","17305310","34","10844312"
"chr10","28175155","28175250","chr19","16361831","16361920","13","11813324"
"chr10","28374994","28375281","chr3","193246656","193246941","50","164871662"
"chr10","28409487","28409862","chr20","34437120","34437412","106","6027633"
"chr10","28420788","28421087","chr20","34425360","34425661","25","6004572"
"chr10","28440955","28441255","chr10","84768988","84769289","40","56328033"
"chr10","28443290","28443595","chr6","35622489","35622796","43","7179199"
"chr10","28467392","28467697","chr17","8465111","8465410","37","20002281"
"chr10","28504542","28504847","chr6","35622489","35622796","37","7117947"
"chr10","28621618","28621924","chr18","23191935","23192242","56","5429683"
"chr10","28663254","28663576","chr20","34210995","34211307","41","5547741"
"chr10","28710103","28710402","chr3","3628864","3629165","35","25081239"
"chr10","28734747","28735037","chr7","132389917","132390213","36","103655170"
"chr10","28766003","28766316","chr1","54620539","54620851","41","25854536"
"chr10","28786144","28786450","chr5","155273113","155273418","37","126486969"
"chr10","28993509","28993821","chr12","21276435","21276745","42","7717074"
"chr10","29006224","29006497","chr17","10387569","10387843","38","18618655"
"chr10","29066438","29066747","chr7","80058785","80059098","43","50992347"
"chr10","29107807","29108102","chr5","5487375","5487672","38","23620432"
"chr10","29116642","29116944","chr14","32972455","32972755","37","3855813"
"chr10","29360236","29360553","chr7","75796417","75796729","47","46436181"
"chr10","29541052","29541337","chr4","1604817","1605108","54","27936235"
"chr10","29775805","29776104","chr7","29178664","29178961","36","597141"
"chr10","29839473","29839774","chr20","33037851","33038158","23","3198378"
"chr10","29841212","29841527","chr3","49274363","49274680","52","19433151"
"chr10","29878320","29878629","chr10","87378397","87378707","48","57500077"
"chr10","29919275","29919574","chrX","97594986","97595289","33","67675711"
"chr10","29934217","29934514","chr12","8693113","8693410","32","21241104"
"chr10","29959726","29960043","chr4","106451241","106451549","54","76491515"
"chr10","29964691","29964912","chr20","32923490","32923709","27","2958799"
"chr10","29991664","29991966","chr20","32888186","32888492","30","2896522"
"chr10","30120836","30121150","chr5","22049247","22049559","46","8071589"
"chr10","30141458","30141732","chr20","32740004","32740292","33","2598546"
"chr10","30211305","30211622","chr9","73922988","73923294","42","43711683"
"chr10","30448902","30449200","chr20","32424953","32425259","28","1976051"
"chr10","30486264","30486367","chr19","37776325","37776430","17","7290061"
"chr10","30487961","30488273","chr7","127657301","127657615","37","97169340"
"chr10","30635039","30635361","chr5","86257277","86257579","62","55622238"
"chr10","30680819","30681141","chr5","58032088","58032384","63","27351269"
"chr10","30717937","30718251","chr14","2564584","2564896","43","28153353"
"chr10","30749726","30750046","chr3","124158104","124158407","44","93408378"
"chr10","30758314","30758631","chr1","13582785","13583095","47","17175529"
"chr10","30786194","30786503","chr20","32100427","32100710","42","1314233"
"chr10","30790910","30791020","chr7","45338849","45338961","16","14547939"
"chr10","30791226","30791330","chr2B","121888812","121888913","20","91097586"
"chr10","31034896","31035200","chr20","31833131","31833439","33","798235"
"chr10","31088395","31088705","chr4","68814486","68814797","37","37726091"
"chr10","31278070","31278391","chrX","51034227","51034538","45","19756157"
"chr10","31280754","31281045","chr2A","10355583","10355893","46","20925171"
"chr10","31286511","31286814","chr20","31532599","31532902","36","246088"
"chr10","31309558","31309872","chr20","31510667","31510961","35","201109"
"chr10","31389801","31390111","chr6","156213541","156213828","55","124823740"
"chr10","31444206","31444522","chr15","69276871","69277183","42","37832665"
"chr10","31476212","31476519","chr20","31341768","31342077","17","134444"
"chr10","31671492","31671801","chr20","31152836","31153135","38","518656"
"chr10","31746726","31747037","chr17","38608208","38608518","38","6861482"
"chr10","31750915","31751226","chr20","31071521","31071831","22","679394"
"chr10","31784986","31785254","chrX","134562038","134562303","49","102777052"
"chr10","31834569","31834874","chr20","30979169","30979473","36","855400"
"chr10","31881077","31881370","chr14","78328143","78328435","36","46447066"
"chr10","31891125","31891400","chr5","35877143","35877438","52","3986018"
"chr10","31891827","31892131","chr17","26156165","26156468","38","5735662"
"chr10","31904977","31905288","chr4","139819047","139819355","43","107914070"
"chr10","31943462","31943767","chr1","130453549","130453856","40","98510087"
"chr10","31973652","31973959","chr11","17305005","17305310","34","14668647"
"chr10","32043554","32043859","chr1","100887646","100887952","45","68844092"
"chr10","32218983","32219292","chr20","30600032","30600347","23","1618951"
"chr10","32298285","32298597","chr1","100887646","100887952","40","68589361"
"chr10","32343353","32343626","chr1","46417395","46417685","54","14074042"
"chr10","32374955","32375256","chr20","30433210","30433505","25","1941745"
"chr10","32382198","32382494","chr20","30426164","30426464","27","1956034"
"chr10","32398048","32398345","chr10","16102299","16102594","28","16295749"
"chr10","32413412","32413618","chr8","131717552","131717762","30","99304140"
"chr10","32493051","32493354","chr1","132554974","132555276","35","100061923"
"chr10","32502985","32503294","chr15","18246269","18246581","38","14256716"
"chr10","32530070","32530288","chr19","21695606","21695827","52","10834464"
"chr10","32553231","32553525","chr15","69276871","69277183","46","36723640"
"chr10","32630476","32630789","chr17","79404094","79404401","37","46773618"
"chr10","32633423","32633716","chr10","117071045","117071342","42","84437622"
"chr10","32638394","32638696","chr3","3628864","3629165","29","29009530"
"chr10","32664957","32665253","chr1","161583777","161584072","36","128918820"
"chr10","32701662","32701922","chr1","32666348","32666621","50","35314"
"chr10","32723268","32723573","chr20","30056122","30056428","34","2667146"
"chr10","32724302","32724592","chr9","60197511","60197800","43","27473209"
"chr10","33093012","33093320","chr20","255167","255472","27","32837845"
"chr10","33199035","33199340","chr20","346344","346649","37","32852691"
"chr10","33211989","33212282","chr20","359587","359896","41","32852402"
"chr10","33279229","33279531","chr6","53158380","53158685","36","19879151"
"chr10","33376777","33377075","chr9","81354291","81354584","44","47977514"
"chr10","33571989","33572325","chr14","77304145","77304459","50","43732156"
"chr10","34160694","34160980","chr5","141817542","141817822","45","107656848"
"chr10","34509869","34510174","chr11","17305005","17305310","36","17204864"
"chr10","34706061","34706373","chr2A","10355583","10355893","29","24350478"
"chr10","35172057","35172348","chr2B","99512257","99512553","32","64340200"
"chr10","35201719","35202013","chr5","160987933","160988228","27","125786214"
"chr10","35264500","35264797","chr20","2349927","2350227","26","32914573"
"chr10","35315801","35316113","chr3","187177539","187177847","43","151861738"
"chr10","35621935","35622076","chr16","71089169","71089311","32","35467234"
"chr10","35622435","35622729","chr17","81504650","81504947","44","45882215"
"chr10","35640158","35640460","chr5","45856163","45856467","38","10216005"
"chr10","35640894","35641190","chr20","2721957","2722264","30","32918937"
"chr10","35689283","35689578","chr20","36320473","36320769","36","631190"
"chr10","35710818","35711112","chr3","197719809","197720102","37","162008991"
"chr10","35869144","35869455","chr1","157261144","157261453","35","121392000"
"chr10","35874688","35874986","chr8","142803773","142804071","33","106929085"
"chr10","35897178","35897463","chr19","49469690","49469977","40","13572512"
"chr10","35918500","35918799","chr20","3017062","3017370","36","32901438"
"chr10","35921234","35921527","chr9","81354291","81354584","31","45433057"
"chr10","36048932","36049234","chr20","3144430","3144722","35","32904502"
"chr10","36053913","36054209","chr6","169689147","169689442","36","133635234"
"chr10","36089364","36089663","chr14","32972455","32972755","49","3116909"
"chr10","36211833","36212133","chr4","37953476","37953776","38","1741643"
"chr10","36242627","36242914","chr4","196906924","196907216","42","160664297"
"chr10","36341440","36341740","chr20","3388102","3388397","34","32953338"
"chr10","36385639","36385953","chr12","51620662","51620972","40","15235023"
"chr10","36582067","36582354","chr1","23753669","23753962","49","12828398"
"chr10","36678642","36678938","chr17","8465111","8465410","35","28213531"
"chr10","36836976","36837244","chr12","131788345","131788608","40","94951369"
"chr10","36964823","36965134","chr7","134871506","134871819","34","97906683"
"chr10","37193529","37193843","chr20","4252716","4253029","27","32940813"
"chr10","37507499","37507803","chr17","3018456","3018756","40","34489043"
"chr10","37563899","37564191","chr1","41763043","41763338","37","4199144"
"chr10","37629400","37629712","chr2A","23900758","23901062","38","13728642"
"chr10","37709876","37710198","chr5","25211209","25211524","64","12498667"
"chr10","37798359","37798656","chrX","97594986","97595289","43","59796627"
"chr10","37834769","37835097","chr4","133128211","133128521","51","95293442"
"chr10","38286883","38287190","chr2B","65741490","65741803","39","27454607"
"chr10","38311324","38311602","chr7","70128433","70128712","40","31817109"
"chr10","38381809","38382091","chrUn_CABD030131550v1","8094","8384","36","38373715"
"chr10","38383834","38384151","chr7","127657301","127657615","41","89273467"
"chr10","38415804","38416100","chr5","133411905","133412206","31","94996101"
"chr10","38467601","38467846","chr20","20032552","20032798","47","18435049"
"chr10","38468257","38468309","chr7","67535154","67535209","8","29066897"
"chr10","38639674","38639988","chr13","56111657","56111965","49","17471983"
"chr10","38705222","38705523","chr5","5487375","5487672","38","33217847"
"chr10","38752536","38752579","chr6","118979032","118979065","21","80226496"
"chr10","38808270","38808585","chr5","22049247","22049559","37","16759023"
"chr10","38871854","38872163","chr20","6016706","6017007","40","32855148"
"chr10","39249959","39250273","chr12","8706461","8706771","43","30543498"
"chr10","39739983","39740292","chr1","100887646","100887952","45","61147663"
"chr10","39795288","39795590","chr20","6967834","6968126","30","32827454"
"chr10","40217555","40217860","chr20","7418603","7418913","28","32798952"
"chr10","41078044","41078353","chr11","27442623","27442932","36","13635421"
"chr10","41545383","41545645","chr20","12674881","12675147","31","28870502"
"chr10","41717297","41717541","chr1","158525902","158526148","41","116808605"
"chr10","42635262","42635526","chr12","76915481","76915745","46","34280219"
"chr10","43033782","43034087","chr10","22398430","22398734","46","20635352"
"chr10","43042184","43042495","chr16","38604775","38605085","45","4437409"
"chr10","43147695","43148004","chr2A","21134848","21135157","44","22012847"
"chr10","43335427","43335733","chr2B","99158092","99158401","42","55822665"
"chr10","43662070","43662361","chr3","182480373","182480663","49","138818303"
"chr10","43679311","43679645","chr5","12387935","12388257","64","31291376"
"chr10","43928192","43928482","chr20","11230532","11230825","31","32697660"
"chr10","44725846","44726143","chr4","24876318","24876618","51","19849528"
"chr10","44955974","44956286","chr7","127657301","127657615","35","82701327"
"chr10","45339862","45340127","chr20","12674881","12675147","16","32664981"
"chr10","45415023","45415310","chr3","197719809","197720102","44","152304786"
"chr10","45496123","45496431","chr12","51620662","51620972","41","6124539"
"chr10","45902732","45903054","chr1","27511879","27512199","41","18390853"
"chr10","46209622","46209934","chr2A","21134848","21135157","41","25074774"
"chr10","46216069","46216374","chr5","51774532","51774825","46","5558463"
"chr10","46387166","46387463","chr10","16102299","16102594","36","30284867"
"chr10","46399144","46399452","chr3","12041820","12042133","45","34357324"
"chr10","46415748","46416060","chr14","47857829","47858141","34","1442081"
"chr10","46444024","46444323","chr1","27021093","27021389","33","19422931"
"chr10","46459678","46459978","chr22","20623630","20623939","40","25836048"
"chr10","46741620","46741931","chr20","50942392","50942702","37","4200772"
"chr10","47141793","47142044","chr3","70364899","70365150","46","23223106"
"chr10","47233851","47234151","chr12","117088484","117088786","37","69854633"
"chr10","47276086","47276381","chr20","36320473","36320769","31","10955613"
"chr10","47469142","47469469","chr1","21869855","21870167","45","25599287"
"chr10","47583575","47583887","chr5","59448191","59448498","41","11864616"
"chr10","47757912","47758191","chr2A","48540646","48540927","35","782734"
"chr10","47882733","47883043","chr20","15248496","15248799","28","32634237"
"chr10","47919920","47920227","chr4","199024335","199024640","38","151104415"
"chr10","48068742","48069071","chr22","23956033","23956352","46","24112709"
"chr10","49359828","49360139","chr13","11345127","11345439","37","38014701"
"chr10","49972501","49972775","chr20","17377027","17377322","45","32595474"
"chr10","50673392","50673704","chrX","97594986","97595289","37","46921594"
"chr10","50685089","50685400","chr5","45856163","45856467","40","4828926"
"chr10","50838610","50838917","chr20","35582405","35582711","35","15256205"
"chr10","50901894","50902182","chr17","13097396","13097691","49","37804498"
"chr10","50916809","50917107","chr5","125817242","125817550","41","74900433"
"chr10","50959151","50959438","chr1","192887311","192887599","33","141928160"
"chr10","50975214","50975513","chr2A","59411904","59412206","36","8436690"
"chr10","51094986","51095284","chr1","185054973","185055268","37","133959987"
"chr10","51095914","51096210","chr20","18504512","18504806","25","32591402"
"chr10","51161294","51161594","chr6","142067041","142067339","33","90905747"
"chr10","51238153","51238453","chr3","100561340","100561640","36","49323187"
"chr10","51254571","51254851","chr1","23057544","23057815","42","28197027"
"chr10","51256611","51256881","chr20","13778704","13778989","55","37477907"
"chr10","51259305","51259602","chr20","18683989","18684286","27","32575316"
"chr10","51359589","51359908","chr14","57503852","57504167","51","6144263"
"chr10","51882888","51883150","chr20","19400760","19401029","36","32482128"
"chr10","51953858","51954170","chr2A","48540646","48540927","66","3413212"
"chr10","52478916","52478987","chr22","29849789","29849863","8","22629127"
"chr10","52546829","52547116","chr3","12024603","12024895","39","40522226"
"chr10","52604145","52604439","chr3","54338401","54338700","37","1734256"
"chr10","52635710","52636020","chr20","20162411","20162715","41","32473299"
"chr10","53277014","53277311","chr8","61897078","61897377","40","8620064"
"chr10","53405796","53405919","chr11","66170356","66170479","17","12764560"
"chr10","53659987","53660296","chr20","21215019","21215326","25","32444968"
"chr10","53719909","53720218","chr15","42617039","42617348","32","11102870"
"chr10","54139717","54140027","chr20","21707872","21708172","26","32431845"
"chr10","54523428","54523734","chr9","114285913","114286219","44","59762485"
"chr10","54836945","54837221","chr1","161940320","161940594","45","107103375"
"chr10","55289242","55289576","chr12","94357871","94358202","48","39068629"
"chr10","55714082","55714394","chr10","118065990","118066302","42","62351908"
"chr10","56117334","56117653","chr20","35582405","35582711","42","20534929"
"chr10","56159991","56160277","chr12","121563374","121563659","30","65403383"
"chr10","56677674","56677975","chrX","41587872","41588178","36","15089802"
"chr10","57134274","57134572","chr9","22732638","22732941","44","34401636"
"chr10","57248782","57249069","chr1","115412597","115412899","55","58163815"
"chr10","57841151","57841445","chr4","177908057","177908348","41","120066906"
"chr10","58001710","58001998","chr8","131497311","131497601","46","73495601"
"chr10","58022262","58022556","chr20","25760913","25761210","30","32261349"
"chr10","58071251","58071470","chr19","5961507","5961735","33","52109744"
"chr10","58136742","58137046","chr1","17435492","17435794","35","40701250"
"chr10","58519510","58519819","chr17","38608208","38608518","35","19911302"
"chr10","59087637","59087949","chr2A","35909012","35909325","39","23178625"
"chr10","59101094","59101389","chr4","40078992","40079285","37","19022102"
"chr10","59155416","59155727","chr9","49179839","49180145","48","9975577"
"chr10","59215114","59215426","chr1","22955832","22956145","34","36259282"
"chr10","59277366","59277678","chr1","205194362","205194670","37","145916996"
"chr10","59281347","59281643","chr11","65999481","65999780","40","6718134"
"chr10","59398876","59399166","chr17","38608208","38608518","55","20790668"
"chr10","59506956","59507240","chrX","134870138","134870435","43","75363182"
"chr10","59569894","59570191","chr10","36097397","36097696","42","23472497"
"chr10","59679702","59680011","chr22","20623630","20623939","38","39056072"
"chr10","59878437","59878736","chr11","60771451","60771759","50","893014"
"chr10","60012779","60013067","chr14","9388027","9388311","45","50624752"
"chr10","60016298","60016411","chr16","22507689","22507802","21","37508609"
"chr10","60078950","60079261","chr22","1890047","1890352","35","58188903"
"chr10","60084273","60084578","chr2A","38433886","38434193","31","21650387"
"chr10","60228398","60228713","chr2B","56727034","56727344","40","3501364"
"chr10","60257243","60257545","chr10","136766798","136767102","35","76509555"
"chr10","60350404","60350710","chr1","212881549","212881851","42","152531145"
"chr10","60363215","60363513","chr22","2386010","2386313","40","57977205"
"chr10","60414759","60415071","chrX","97594986","97595289","44","37180227"
"chr10","60441556","60441866","chrX","36406749","36407049","57","24034807"
"chr10","60468418","60468726","chr14","20972619","20972931","38","39495799"
"chr10","60565960","60566273","chr17","38608208","38608518","40","21957752"
"chr10","60570315","60570607","chrX","18796354","18796648","34","41773961"
"chr10","60615676","60615972","chr7","154438682","154438977","39","93823006"
"chr10","60639412","60639723","chr6","35622489","35622796","30","25016923"
"chr10","60680898","60681194","chr5","160987933","160988228","39","100307035"
"chr10","60701837","60702139","chr3","158501942","158502247","47","97800105"
"chr10","60784999","60785172","chr10","110937827","110938000","27","50152828"
"chr10","61181522","61181618","chrX","31088971","31089069","16","30092551"
"chr10","61202186","61202480","chr17","20151025","20151313","38","41051161"
"chr10","61342160","61342383","chr10","112162079","112162304","32","50819919"
"chr10","61627540","61627804","chr12","76915481","76915745","40","15287941"
"chr10","61633612","61633936","chr1","54464452","54464778","36","7169160"
"chr10","61747257","61747393","chr8","113501156","113501293","23","51753899"
"chr10","61800514","61800817","chr11","17305005","17305310","33","44495509"
"chr10","61813885","61814185","chr22","3938668","3938967","33","57875217"
"chr10","61822782","61823080","chr9","67126783","67127082","37","5304001"
"chr10","61836701","61837008","chr11","17305005","17305310","38","44531696"
"chr10","61844819","61845120","chr22","3969255","3969552","23","57875564"
"chr10","61910646","61910948","chr1","41763043","41763338","34","20147603"
"chr10","62051850","62052146","chr5","156184518","156184813","38","94132668"
"chr10","62052147","62052464","chr15","67619999","67620309","47","5567852"
"chr10","62203326","62203621","chr1","144529989","144530282","45","82326663"
"chr10","62357160","62357208","chr8","45872001","45872052","5","16485159"
"chr10","62424115","62424383","chrX","119746098","119746358","57","57321983"
"chr10","62527979","62528288","chrX","74427130","74427438","30","11899151"
"chr10","62569611","62569901","chr20","50841065","50841355","34","11728546"
"chr10","62612461","62612760","chr22","5068304","5068615","38","57544157"
"chr10","62729825","62730132","chr2A","31692393","31692699","41","31037432"
"chr10","62747971","62748268","chr16","12186594","12186889","32","50561377"
"chr10","62801641","62801931","chr15","48096690","48096980","32","14704951"
"chr10","62816653","62816965","chr7","147967261","147967569","43","85150608"
"chr10","62838178","62838488","chr5","82014241","82014539","47","19176063"
"chr10","62898316","62898470","chr18","20450921","20451070","23","42447395"
"chr10","62899051","62899184","chr5","138675403","138675538","20","75776352"
"chr10","62928130","62928439","chr21","27515147","27515449","40","35412983"
"chr10","62969767","62970077","chr12","36414589","36414899","40","26555178"
"chr10","63020139","63020424","chr1","114061795","114062093","50","51041656"
"chr10","63034342","63034632","chr19","33970963","33971252","33","29063379"
"chr10","63554343","63554652","chr4","1954458","1954764","38","61599885"
"chr10","63570134","63570436","chr4","173568856","173569161","44","109998722"
"chr10","63597010","63597292","chr8","21673007","21673285","44","41924003"
"chr10","63633312","63633598","chr5","5487375","5487672","40","58145937"
"chr10","64515680","64515934","chr6","14621614","14621864","67","49894066"
"chr10","64521858","64522037","chr8","128593356","128593540","38","64071498"
"chr10","64609550","64609854","chr6","35622489","35622796","41","28987061"
"chr10","64881410","64881724","chr3","158397250","158397564","47","93515840"
"chr10","64966295","64966608","chr2A","17094036","17094349","36","47872259"
"chr10","64973056","64973355","chr2B","95425788","95426089","34","30452732"
"chr10","65138871","65139137","chr12","131788345","131788608","46","66649474"
"chr10","65199627","65199938","chr9","59842059","59842366","34","5357568"
"chr10","65234296","65234556","chr3","155409710","155409966","51","90175414"
"chr10","65325816","65326128","chr22","15277783","15278092","52","50048033"
"chr10","65352530","65352833","chr16","66170347","66170652","43","817817"
"chr10","65640804","65641105","chr22","8541093","8541386","24","57099711"
"chr10","65726104","65726381","chr22","8452138","8452400","34","57273966"
"chr10","65762065","65762373","chr7","29021792","29022096","52","36740273"
"chr10","65796889","65797172","chr22","8386168","8386447","27","57410721"
"chr10","65855953","65856257","chr22","8320873","8321176","33","57535080"
"chr10","65879722","65879996","chr16","72665032","72665321","47","6785310"
"chr10","65912193","65912345","chr13","75452597","75452752","30","9540404"
"chr10","65926980","65927282","chr20","35582405","35582711","44","30344575"
"chr10","66048383","66048687","chr5","98433540","98433844","34","32385157"
"chr10","66189628","66189966","chr9","66477747","66478075","56","288119"
"chr10","66280406","66280718","chr2A","10355583","10355893","34","55924823"
"chr10","66378853","66379166","chr3","197346369","197346679","41","130967516"
"chr10","66500068","66500381","chr12","28716554","28716863","39","37783514"
"chr10","66584824","66585130","chr22","9530032","9530334","34","57054792"
"chr10","66953731","66954040","chr5","22049247","22049559","39","44904484"
"chr10","66957141","66957450","chr12","3042424","3042732","32","63914717"
"chr10","67148124","67148425","chr3","100561340","100561640","36","33413216"
"chr10","67338895","67339178","chr2B","128845658","128845947","47","61506763"
"chr10","68101693","68101997","chr5","45856163","45856467","39","22245530"
"chr10","68415412","68415721","chrX","145857287","145857597","44","77441875"
"chr10","68709561","68709861","chr22","11710416","11710708","32","56999145"
"chr10","69072066","69072381","chr1","193093295","193093604","37","124021229"
"chr10","69114955","69115264","chr20","35582405","35582711","35","33532550"
"chr10","69124618","69124907","chr4","83955527","83955809","53","14830909"
"chr10","69176627","69176910","chr22","12146221","12146504","21","57030406"
"chr10","69190686","69190992","chr22","12155547","12155849","31","57035139"
"chr10","69196375","69196678","chr22","12161113","12161419","34","57035262"
"chr10","69262757","69263088","chr17","38608208","38608518","58","30654549"
"chr10","69315442","69315743","chr22","12286507","12286810","30","57028935"
"chr10","69373558","69373816","chr21","25672362","25672614","38","43701196"
"chr10","69471695","69471992","chr5","160987933","160988228","46","91516238"
"chr10","69501284","69501568","chr2B","10115092","10115380","41","59386192"
"chr10","69617250","69617559","chr17","79404094","79404401","38","9786844"
"chr10","69667155","69667467","chr3","55843499","55843803","41","13823656"
"chr10","69707336","69707641","chr7","72899498","72899802","38","3192162"
"chr10","69713305","69713609","chr3","12041820","12042133","40","57671485"
"chr10","69833953","69834247","chr22","12830902","12831210","43","57003051"
"chr10","69839519","69839818","chr1","115412597","115412899","53","45573078"
"chr10","69920384","69920701","chr17","24583359","24583669","44","45337025"
"chr10","69942539","69942848","chr2A","31692393","31692699","40","38250146"
"chr10","69967271","69967574","chr1","132554974","132555276","29","62587703"
"chr10","70069635","70069928","chr22","13060633","13060933","33","57009002"
"chr10","70119094","70119399","chr1","100887646","100887952","34","30768552"
"chr10","70130570","70130883","chr22","13123021","13123327","24","57007549"
"chr10","70131887","70132201","chr2A","10355583","10355893","35","59776304"
"chr10","70165491","70165788","chrX","97594986","97595289","47","27429495"
"chr10","70376293","70376606","chr2B","72409719","72410029","34","2033426"
"chr10","70409171","70409445","chr10","106607864","106608139","37","36198693"
"chr10","70603534","70603795","chr19","29323705","29323979","46","41279829"
"chr10","70769697","70770007","chr22","13741562","13741873","28","57028135"
"chr10","70832395","70832714","chr10","136766798","136767102","46","65934403"
"chr10","70923107","70923260","chr8","131019200","131019360","31","60096093"
"chr10","70949560","70949871","chr17","9809898","9810208","43","61139662"
"chr10","71102622","71102932","chr20","35582405","35582711","35","35520217"
"chr10","71174771","71175090","chr1","40966383","40966697","47","30208388"
"chr10","71194568","71194881","chr22","14155941","14156243","35","57038627"
"chr10","71209210","71209522","chr10","36119294","36119606","38","35089916"
"chr10","71261867","71262174","chr22","14213467","14213779","34","57048400"
"chr10","71264654","71264944","chr22","14216868","14217167","29","57047786"
"chr10","71283420","71283727","chr22","14237849","14238153","28","57045571"
"chr10","71365941","71366234","chr22","14318318","14318619","37","57047623"
"chr10","71369500","71369802","chr11","17305005","17305310","38","54064495"
"chr10","71549589","71549901","chr22","14497366","14497683","37","57052223"
"chr10","71589578","71589886","chr7","79989001","79989305","50","8399423"
"chr10","71611281","71611576","chr10","16102299","16102594","32","55508982"
"chr10","71616566","71616874","chr4","37953476","37953776","40","33663090"
"chr10","71697085","71697379","chr2B","122929816","122930117","43","51232731"
"chr10","71736205","71736501","chr20","36320473","36320769","32","35415732"
"chr10","71782115","71782408","chr9","11641215","11641514","37","60140900"
"chr10","71899199","71899511","chr10","13819024","13819332","38","58080175"
"chr10","71920455","71920768","chr22","14893989","14894297","21","57026466"
"chr10","72065794","72066086","chr22","15031056","15031356","28","57034738"
"chr10","72071817","72072013","chr12","5926125","5926316","26","66145692"
"chr10","72088480","72088792","chr3","59635475","59635780","42","12453005"
"chr10","72088991","72089299","chr4","106451241","106451549","35","34362250"
"chr10","72103656","72103945","chr22","15066980","15067272","41","57036676"
"chr10","72119723","72120018","chr19","18388461","18388745","42","53731262"
"chr10","72134806","72135117","chr22","15100179","15100489","36","57034627"
"chr10","72173959","72174249","chr11","107804111","107804399","31","35630152"
"chr10","72231822","72232120","chr5","64763044","64763340","34","7468778"
"chr10","72374856","72375168","chr19","4665670","4665978","41","67709186"
"chr10","72414656","72414950","chrX","18796354","18796648","31","53618302"
"chr10","72485367","72485680","chr3","197346369","197346679","39","124861002"
"chr10","72684808","72685110","chr10","136766798","136767102","33","64081990"
"chr10","72788897","72789208","chr9","114786009","114786320","35","41997112"
"chr10","72792500","72792796","chr1","144529989","144530282","37","71737489"
"chr10","72860974","72861279","chr12","8706461","8706771","34","64154513"
"chr10","72863183","72863483","chr1","93824549","93824847","35","20961366"
"chr10","73542177","73542486","chr5","25211209","25211524","39","48330968"
"chr10","73605035","73605327","chr20","23015771","23016064","40","50589264"
"chr10","73664507","73664785","chrX","41874549","41874831","40","31789958"
"chr10","73699445","73699746","chr1","26251787","26252092","38","47447658"
"chr10","73871622","73871934","chr2B","95168475","95168788","43","21296853"
"chr10","74057543","74057855","chr1","100887646","100887952","32","26830103"
"chr10","74068525","74068820","chr1","93824549","93824847","38","19756024"
"chr10","74071025","74071306","chr1","24189834","24190118","37","49881191"
"chr10","74140556","74140814","chr6","160461649","160461921","53","86321093"
"chr10","74208389","74208683","chr19","29320216","29320509","30","44888173"
"chr10","74297128","74297452","chr7","4782096","4782422","54","69515032"
"chr10","74298413","74298718","chr1","30193802","30194114","39","44104611"
"chr10","74312763","74313079","chr22","17391946","17392272","38","56920817"
"chr10","74364672","74364944","chr19","10545129","10545406","49","63819543"
"chr10","74376016","74376278","chr3","142673959","142674216","43","68297943"
"chr10","75085680","75085963","chr9","12719252","12719556","56","62366428"
"chr10","75451595","75451906","chr10","136766798","136767102","33","61315203"
"chr10","75694648","75694943","chr22","18788031","18788322","31","56906617"
"chr10","75787426","75787737","chr4","199024335","199024640","42","123236909"
"chr10","75799955","75800265","chr20","35582405","35582711","40","40217550"
"chr10","75802225","75802535","chr1","40986621","40986929","40","34815604"
"chr10","75928581","75928804","chr2B","96002893","96003128","39","20074312"
"chr10","76039137","76039448","chr22","19129944","19130249","28","56909193"
"chr10","76049878","76050191","chr10","136766798","136767102","36","60716920"
"chr10","76087125","76087399","chr2A","1587097","1587372","37","74500028"
"chr10","76227759","76228077","chr9","59842059","59842366","42","16385700"
"chr10","76537930","76538233","chrX","97594986","97595289","35","21057056"
"chr10","76619040","76619331","chr19","50345980","50346283","37","26273060"
"chr10","76881939","76882250","chr22","20062575","20062885","16","56819364"
"chr10","77061720","77062051","chr22","20239501","20239805","57","56822219"
"chr10","77185175","77185457","chr18","49658543","49658827","34","27526632"
"chr10","77241607","77241899","chr22","20623630","20623939","37","56617977"
"chr10","77482598","77482912","chr14","23916952","23917265","47","53565646"
"chr10","77485875","77486186","chr10","86782884","86783195","38","9297009"
"chr10","77535602","77535912","chr13","26867523","26867829","51","50668079"
"chr10","77563696","77564007","chr22","20925152","20925466","27","56638544"
"chr10","77728918","77729220","chr3","135591702","135592003","36","57862784"
"chr10","77738913","77739203","chr22","21098200","21098493","26","56640713"
"chr10","77756913","77757211","chr21","36067496","36067792","38","41689417"
"chr10","77807853","77808164","chr19","5859200","5859509","44","71948653"
"chr10","77828737","77828883","chr3","113816856","113817003","20","35988119"
"chr10","77894699","77894830","chr4","9809183","9809309","16","68085516"
"chr10","77900055","77900336","chr2A","59985648","59985942","41","17914407"
"chr10","78019740","78020052","chr22","34538362","34538671","42","43481378"
"chr10","78104455","78104760","chr1","13582785","13583095","39","64521670"
"chr10","78154999","78155302","chr10","140604064","140604370","27","62449065"
"chr10","78181746","78182053","chr1","100887646","100887952","34","22705900"
"chr10","78224925","78225235","chr1","132729492","132729799","37","54504567"
"chr10","78282499","78282804","chr8","145823123","145823430","39","67540624"
"chr10","78354618","78354915","chr19","9940764","9941061","40","68413854"
"chr10","78366891","78367199","chr9","91734787","91735092","42","13367896"
"chr10","78410905","78411199","chr6","53158380","53158685","48","25252525"
"chr10","78413534","78413839","chr9","59842059","59842366","40","18571475"
"chr10","78426110","78426414","chr15","66898502","66898813","40","11527608"
"chr10","78461130","78461525","chr10","19180162","19180527","102","59280968"
"chr10","78549697","78549907","chr5","3301299","3301508","39","75248398"
"chr10","78614965","78615275","chr5","22049247","22049559","47","56565718"
"chr10","78616055","78616362","chr5","45856163","45856467","38","32759892"
"chr10","78728428","78728720","chr21","36178489","36178784","51","42549939"
"chr10","78829482","78829797","chr12","28200622","28200935","44","50628860"
"chr10","78852516","78852802","chr3","23553039","23553323","33","55299477"
"chr10","78873355","78873618","chr12","118174703","118174968","36","39301348"
"chr10","78983489","78983787","chr22","8757305","8757604","33","70226184"
"chr10","79028140","79028450","chr20","35582405","35582711","37","43445735"
"chr10","79070864","79071153","chrX","18200876","18201163","42","60869988"
"chr10","79120007","79120298","chr1","204184641","204184943","48","125064634"
"chr10","79122588","79122889","chr1","109323755","109324067","46","30201167"
"chr10","79128608","79128917","chr18","63117132","63117444","61","16011476"
"chr10","79147977","79148271","chr2B","90220272","90220573","45","11072295"
"chr10","79164165","79164488","chr7","76735395","76735710","40","2428770"
"chr10","79303415","79303718","chr22","22609409","22609708","33","56694006"
"chr10","79317025","79317337","chr14","80281239","80281540","47","964214"
"chr10","79383346","79383485","chr14","44685173","44685313","22","34698173"
"chr10","79395046","79395366","chr10","36940510","36940825","49","42454536"
"chr10","79523509","79523806","chr19","52528111","52528405","33","26995398"
"chr10","79635917","79636042","chr13","32905298","32905422","17","46730619"
"chr10","79736129","79736428","chr7","72899498","72899802","40","6836631"
"chr10","79742028","79742341","chr3","186504136","186504430","55","106762108"
"chr10","79766688","79766985","chr14","37334808","37335109","46","42431880"
"chr10","79855760","79856059","chr22","23135915","23136218","28","56719845"
"chr10","79862820","79863115","chr12","34749700","34749997","40","45113120"
"chr10","80153942","80154236","chr16","11108091","11108389","37","69045851"
"chr10","80240225","80240496","chr9","114512348","114512618","39","34272123"
"chr10","80419799","80419866","chr5","33177321","33177383","11","47242478"
"chr10","80521039","80521340","chr22","23789305","23789596","34","56731734"
"chr10","80573544","80573836","chr4","163295117","163295413","40","82721573"
"chr10","80623753","80624022","chr10","125268899","125269180","45","44645146"
"chr10","80634476","80634725","chr6","75422722","75422964","45","5211754"
"chr10","80672878","80673136","chr14","85989787","85990063","59","5316909"
"chr10","80698086","80698400","chr1","193093295","193093604","50","112395209"
"chr10","80743209","80743498","chr22","24012469","24012761","21","56730740"
"chr10","80766069","80766383","chr17","9558423","9558728","38","71207646"
"chr10","80827529","80827848","chr1","157261144","157261453","41","76433615"
"chr10","80896141","80896451","chr3","55843499","55843803","55","25052642"
"chr10","80918904","80919210","chr1","100887646","100887952","37","19968742"
"chr10","80969973","80970211","chr7","95880460","95880694","40","14910487"
"chr10","80971101","80971164","chr4","86886878","86886939","23","5915777"
"chr10","80981717","80982027","chr14","47857829","47858141","46","33123888"
"chr10","81025354","81025665","chr22","24310644","24310955","25","56714710"
"chr10","81126787","81126927","chr22","24410756","24410885","16","56716031"
"chr10","81162988","81163281","chr7","73208625","73208927","47","7954363"
"chr10","81195988","81196267","chr7","15207724","15208002","38","65988264"
"chr10","81220353","81220640","chr10","12686505","12686812","51","68533848"
"chr10","81292244","81292505","chr12","131788345","131788608","47","50496101"
"chr10","81298060","81298373","chr2A","21134848","21135157","39","60163212"
"chr10","81314431","81314697","chr6","2478129","2478392","39","78836302"
"chr10","81350291","81350567","chr1","40467054","40467328","43","40883237"
"chr10","81458420","81458722","chr22","24722885","24723187","26","56735535"
"chr10","81472136","81472448","chr11","61980729","61981038","38","19491407"
"chr10","81504960","81505250","chr6","142067041","142067339","45","60562081"
"chr10","81528803","81529098","chr10","140604064","140604370","42","59075261"
"chr10","81605555","81605848","chr1","93147691","93147983","41","11542136"
"chr10","81656253","81656444","chr2B","15946889","15947066","80","65709364"
"chr10","81692915","81693227","chr2A","31692393","31692699","41","50000522"
"chr10","81729815","81730117","chrX","15138629","15138928","38","66591186"
"chr10","81735579","81735874","chr17","8465111","8465410","38","73270468"
"chr10","81878875","81879180","chr3","54415397","54415693","58","27463478"
"chr10","81916679","81916944","chr12","76915481","76915745","44","5001198"
"chr10","82111758","82112061","chr2B","131682097","131682398","45","49570339"
"chr10","82114020","82114318","chr4","37953476","37953776","37","44160544"
"chr10","82115164","82115463","chr12","34749700","34749997","41","47365464"
"chr10","82130930","82131250","chr22","25409396","25409705","36","56721534"
"chr10","82142980","82143288","chr22","25422423","25422714","40","56720557"
"chr10","82222265","82222572","chrX","97594986","97595289","46","15372721"
"chr10","82239092","82239381","chr3","126817334","126817631","44","44578242"
"chr10","82281474","82281756","chr17","9644327","9644622","41","72637147"
"chr10","82448584","82448883","chr7","72899498","72899802","34","9549086"
"chr10","82527107","82527363","chr14","25353552","25353822","53","57173555"
"chr10","82678792","82679103","chr22","25906235","25906537","32","56772557"
"chr10","82700101","82700413","chr17","12349722","12350033","34","70350379"
"chr10","82720750","82721063","chr17","79404094","79404401","43","3316656"
"chr10","82721825","82722132","chr1","205194362","205194670","45","122472537"
"chr10","82787669","82787969","chr4","199024335","199024640","37","116236666"
"chr10","82876761","82877075","chr2A","10355583","10355893","40","72521178"
"chr10","82951793","82952098","chr6","35622489","35622796","38","47329304"
"chr10","83053650","83053952","chr5","33636745","33637052","35","49416905"
"chr10","83110172","83110480","chrX","134880203","134880513","32","51770031"
"chr10","83208227","83208493","chrX","94632736","94633009","38","11424509"
"chr10","83226797","83227110","chr14","75036885","75037196","42","8189912"
"chr10","83256760","83257014","chr21","34811777","34812045","41","48444983"
"chr10","83267857","83268159","chr10","136766798","136767102","35","53498941"
"chr10","83302891","83303187","chr4","155657331","155657621","40","72354440"
"chr10","83316132","83316429","chr1","93824549","93824847","45","10508417"
"chr10","83327028","83327342","chr19","57118880","57119186","42","26208148"
"chr10","83359222","83359379","chr13","43834522","43834689","34","39524700"
"chr10","83548251","83548397","chr3","113816856","113817003","17","30268605"
"chr10","83738826","83739094","chr21","34811777","34812045","50","48927049"
"chr10","83853090","83853405","chr2A","10348885","10349185","57","73504205"
"chr10","84174283","84174583","chr4","40078992","40079285","35","44095291"
"chr10","84298395","84298696","chr22","27625380","27625681","21","56673015"
"chr10","84337541","84337847","chr12","8893890","8894193","37","75443651"
"chr10","84368007","84368319","chrX","44834336","44834647","41","39533671"
"chr10","84401997","84402302","chrX","97594986","97595289","40","13192989"
"chr10","84652096","84652407","chr22","27994033","27994347","45","56658063"
"chr10","84754834","84755143","chr10","136766798","136767102","37","52011964"
"chr10","84802321","84802620","chr7","29021792","29022096","36","55780529"
"chr10","84809566","84809861","chr22","28144326","28144628","33","56665240"
"chr10","84860990","84861319","chr1","69034819","69035142","56","15826171"
"chr10","84893425","84893705","chrX","36693904","36694182","45","48199521"
"chr10","85226033","85226329","chr4","171953878","171954174","35","86727845"
"chr10","85261173","85261391","chr1","1465753","1465955","65","83795420"
"chr10","85306980","85307273","chrX","71373929","71374223","39","13933051"
"chr10","85385821","85386112","chr19","33970963","33971252","35","51414858"
"chr10","85409057","85409364","chr6","35622489","35622796","45","49786568"
"chr10","85432821","85433140","chr5","162326402","162326716","48","76893581"
"chr10","85437179","85437460","chr21","22596667","22596955","47","62840512"
"chr10","85481898","85482200","chr9","77381495","77381803","44","8100403"
"chr10","85483896","85484099","chr2B","93870467","93870663","35","8386571"
"chr10","85595026","85595336","chr12","21276435","21276745","41","64318591"
"chr10","85604079","85604378","chr22","28987370","28987666","34","56616709"
"chr10","85800594","85800890","chr5","115790615","115790914","37","29990021"
"chr10","85984038","85984215","chr8","16649567","16649744","42","69334471"
"chr10","86134323","86134621","chr1","11464495","11464802","42","74669828"
"chr10","86332521","86332833","chr12","8706461","8706771","38","77626060"
"chr10","86334653","86334961","chr22","29802263","29802572","26","56532390"
"chr10","86386538","86386844","chr22","29846847","29847147","32","56539691"
"chr10","86401040","86401348","chr22","29862574","29862888","36","56538466"
"chr10","86602033","86602345","chr5","162326402","162326716","33","75724369"
"chr10","86604271","86604565","chr13","34006475","34006766","43","52597796"
"chr10","86706471","86706771","chr12","36414589","36414899","45","50291882"
"chr10","86804082","86804385","chr13","33361251","33361548","39","53442831"
"chr10","86889910","86890222","chr22","30343256","30343556","32","56546654"
"chr10","86894308","86894619","chr15","67619999","67620309","40","19274309"
"chr10","86902064","86902384","chr17","28027747","28028064","35","58874317"
"chr10","86912767","86912901","chr4","9809183","9809309","24","77103584"
"chr10","86926270","86926574","chr4","198798700","198799005","35","111872430"
"chr10","87611609","87611927","chr10","101337366","101337681","48","13725757"
"chr10","87744194","87744506","chr19","15169220","15169530","36","72574974"
"chr10","87925047","87925352","chr22","31419724","31420030","27","56505323"
"chr10","88136934","88137193","chr3","200673558","200673829","44","112536624"
"chr10","88424082","88424387","chr1","132554974","132555276","32","44130892"
"chr10","88513221","88513510","chr19","33970963","33971252","34","54542258"
"chr10","88618651","88618964","chr9","114786009","114786320","42","26167358"
"chr10","88642309","88642621","chr10","140604064","140604370","43","51961755"
"chr10","88730782","88731095","chr13","89348099","89348405","45","617317"
"chr10","88768984","88769282","chr18","72741982","72742276","28","16027002"
"chr10","88910306","88910617","chr13","62764436","62764745","30","26145870"
"chr10","89413809","89414117","chr22","14616169","14616476","38","74797640"
"chr10","89548205","89548489","chrX","115745405","115745689","37","26197200"
"chr10","89715101","89715412","chr8","82903381","82903687","45","6811720"
"chr10","89999762","89999996","chr7","64883012","64883245","31","25116750"
"chr10","90000319","90000624","chr10","140604064","140604370","29","50603745"
"chr10","90051294","90051589","chrX","47373013","47373318","50","42678281"
"chr10","90163865","90164179","chr19","4019897","4020199","49","86143968"
"chr10","90198629","90198927","chrX","97594986","97595289","42","7396357"
"chr10","90286510","90286805","chr17","81504650","81504947","26","8781860"
"chr10","90491358","90491656","chr16","12186594","12186889","36","78304764"
"chr10","90505851","90506167","chr4","199434090","199434392","47","108928239"
"chr10","90573479","90573777","chr22","34314671","34314970","33","56258808"
"chr10","90632403","90632715","chrX","41587872","41588178","39","49044531"
"chr10","90636150","90636355","chr15","12839071","12839262","37","77797079"
"chr10","90636432","90636548","chr1","53417638","53417757","12","37218794"
"chr10","90900899","90901213","chr10","136766798","136767102","38","45865899"
"chr10","90908697","90908982","chr1","227937304","227937600","57","137028607"
"chr10","90924705","90925015","chr15","67619999","67620309","31","23304706"
"chr11","122683382","122683685","chr14","45077767","45078073","40","77605615"
"chr11","32973","33242","chr2A","1587097","1587372","42","1554124"
"chr11","290401","290712","chr3","2931636","2931947","31","2641235"
"chr11","316216","316524","chr9","82578710","82579015","39","82262494"
"chr11","430174","430392","chr17","40298402","40298619","37","39868228"
"chr11","431306","431614","chr6","131435209","131435522","44","131003903"
"chr11","590160","590454","chr7","47963569","47963862","45","47373409"
"chr11","651769","652065","chr11","309868","310167","34","341901"
"chr11","669402","669712","chr2A","10355583","10355893","34","9686181"
"chr11","705222","705495","chr15","28593807","28594096","63","27888585"
"chr11","717754","718037","chrX","20112906","20113194","34","19395152"
"chr11","952301","952590","chr9","118968461","118968747","42","118016160"
"chr11","998133","998434","chr12","916367","916672","22","81766"
"chr11","1015202","1015487","chr12","59907829","59908121","40","58892627"
"chr11","1334779","1335094","chr6","38512524","38512836","39","37177745"
"chr11","1463951","1464237","chr2B","94583488","94583790","43","93119537"
"chr11","1574331","1574633","chr11","101447273","101447578","33","99872942"
"chr11","1580836","1581141","chr6","37682797","37683102","37","36101961"
"chr11","1625440","1625762","chr18","14617071","14617388","35","12991631"
"chr11","1708365","1708675","chr1","191149848","191150155","35","189441483"
"chr11","1837381","1837654","chr14","29457960","29458234","40","27620579"
"chr11","1851763","1852069","chr9","22732638","22732941","37","20880875"
"chr11","2903010","2903172","chr5","117639202","117639368","35","114736192"
"chr11","2954858","2955153","chr9","114797417","114797715","35","111842559"
"chr11","2984640","2984942","chr2B","70835736","70836042","41","67851096"
"chr11","3010246","3010549","chr7","72899498","72899802","39","69889252"
"chr11","3012500","3012813","chr4","198295008","198295316","38","195282508"
"chr11","3085340","3085404","chr1","24064244","24064303","13","20978904"
"chr11","3086111","3086253","chr1","21280839","21280984","17","18194728"
"chr11","3164381","3164674","chr9","70252230","70252529","35","67087849"
"chr11","3273658","3273967","chr5","60420475","60420784","36","57146817"
"chr11","3316341","3316652","chr20","35582405","35582711","43","32266064"
"chr11","3796945","3797258","chr6","35622489","35622796","38","31825544"
"chr11","4054236","4054533","chr12","3986047","3986335","37","68189"
"chr11","4142388","4142676","chr2B","124930134","124930424","45","120787746"
"chr11","4194868","4195170","chr6","35622489","35622796","33","31427621"
"chr11","4257485","4257784","chr19","29320216","29320509","39","25062731"
"chr11","4385535","4385865","chr14","21260206","21260527","66","16874671"
"chr11","4404554","4404865","chrX","51034227","51034538","36","46629673"
"chr11","4407982","4408262","chr1","77619996","77620273","52","73212014"
"chr11","4580979","4581041","chr19","36398006","36398059","14","31817027"
"chr11","4658291","4658564","chrX","18200876","18201163","47","13542585"
"chr11","4788015","4788326","chr12","23099430","23099741","36","18311415"
"chr11","5629611","5629924","chr2A","103881939","103882244","43","98252328"
"chr11","6024861","6025148","chrX","50354554","50354832","55","44329693"
"chr11","6025179","6025471","chr18","77847130","77847419","39","71821951"
"chr11","6252410","6252689","chr12","6236698","6236971","32","15712"
"chr11","6273095","6273392","chr9","67126783","67127082","47","60853688"
"chr11","6437389","6437677","chr3","6626453","6626738","46","189064"
"chr11","6556282","6556595","chr3","12041820","12042133","36","5485538"
"chr11","6586826","6587119","chr1","10334930","10335223","34","3748104"
"chr11","6674090","6674255","chr13","43834522","43834689","19","37160432"
"chr11","6725003","6725317","chr1","100887646","100887952","44","94162643"
"chr11","6785152","6785446","chrX","18796354","18796648","41","12011202"
"chr11","6786295","6786593","chr5","26969980","26970283","37","20183685"
"chr11","6792854","6793154","chr5","115780222","115780526","36","108987368"
"chr11","6818624","6818936","chr1","22955832","22956145","39","16137208"
"chr11","6845345","6845651","chr15","18246269","18246581","48","11400924"
"chr11","6858230","6858531","chr1","27021093","27021389","37","20162863"
"chr11","6988178","6988491","chr7","45520039","45520349","40","38531861"
"chr11","7008962","7009274","chr7","134871506","134871819","36","127862544"
"chr11","7021215","7021515","chr12","6977758","6978056","32","43457"
"chr11","7051325","7051635","chr1","29163733","29164039","40","22112408"
"chr11","7109745","7110039","chr3","125417926","125418226","52","118308181"
"chr11","7113904","7114166","chr7","105061299","105061571","75","97947395"
"chr11","7122684","7122968","chr9","87419559","87419843","34","80296875"
"chr11","7211225","7211539","chr7","154570538","154570845","41","147359313"
"chr11","7262111","7262410","chr1","131010241","131010539","37","123748130"
"chr11","7263433","7263744","chr8","121780376","121780681","34","114516943"
"chr11","7372438","7372733","chr4","171953878","171954174","35","164581440"
"chr11","7666429","7666738","chr5","162326402","162326716","46","154659973"
"chr11","7778301","7778610","chr5","162572076","162572379","39","154793775"
"chr11","7827037","7827348","chr4","198295008","198295316","38","190467971"
"chr11","7871628","7871939","chr20","35582405","35582711","37","27710777"
"chr11","7906504","7906810","chr8","74261100","74261405","36","66354596"
"chr11","7915012","7915315","chr3","55843499","55843803","37","47928487"
"chr11","7966792","7967104","chr2A","79839508","79839818","40","71872716"
"chr11","8046638","8046956","chr1","100887646","100887952","37","92841008"
"chr11","8102684","8102952","chr17","21655072","21655330","54","13552388"
"chr11","8137115","8137412","chr12","8133854","8134150","31","3261"
"chr11","8140930","8141232","chr13","34006475","34006766","44","25865545"
"chr11","8400572","8400882","chr12","8664417","8664713","43","263845"
"chr11","8443469","8443763","chr12","8693113","8693410","30","249644"
"chr11","8502568","8502811","chr7","157972520","157972765","39","149469952"
"chr11","8668770","8669049","chr15","52950317","52950594","48","44281547"
"chr11","8821975","8822261","chr1","24189834","24190118","47","15367859"
"chr11","8837109","8837421","chr6","111974552","111974862","46","103137443"
"chr11","8858442","8858620","chr12","9092704","9092879","21","234262"
"chr11","8859571","8859664","chr5","86613503","86613587","31","77753932"
"chr11","9211063","9211346","chr5","141817542","141817822","40","132606479"
"chr11","9683725","9684049","chr12","9614658","9614965","35","69067"
"chr11","9860463","9860727","chr10","43187932","43188189","37","33327469"
"chr11","10043340","10043647","chr1","179669936","179670237","40","169626596"
"chr11","10066912","10067218","chr12","101606975","101607281","40","91540063"
"chr11","10072764","10073054","chr1","185054973","185055268","26","174982209"
"chr11","10075369","10075679","chr13","62764436","62764745","39","52689067"
"chr11","10101412","10101701","chr12","10036466","10036750","22","64946"
"chr11","10102614","10102924","chr17","38608208","38608518","39","28505594"
"chr11","10108331","10108657","chr2A","103881939","103882244","58","93773608"
"chr11","10126255","10126551","chr12","10062564","10062848","31","63691"
"chr11","10131064","10131294","chr7","95880460","95880694","34","85749396"
"chr11","10156377","10156678","chr12","10088395","10088703","40","67982"
"chr11","10188266","10188434","chr16","39078882","39079044","26","28890616"
"chr11","10242778","10243056","chrX","140663591","140663869","42","130420813"
"chr11","10255411","10255729","chr12","21276435","21276745","41","11021024"
"chr11","10298356","10298586","chr21","17091260","17091490","37","6792904"
"chr11","10352032","10352342","chr7","18509561","18509873","36","8157529"
"chr11","11299573","11299877","chr2A","4571612","4571923","45","6727961"
"chr11","11606213","11606530","chr15","67619999","67620309","44","56013786"
"chr11","11847263","11847573","chr5","162326402","162326716","48","150479139"
"chr11","11900841","11901148","chr10","140604064","140604370","38","128703223"
"chr11","12033299","12033584","chr4","194608401","194608688","46","182575102"
"chr11","12227781","12227818","chr12","49037543","49037584","8","36809762"
"chr11","12413284","12413579","chr1","185054973","185055268","27","172641689"
"chr11","12428728","12429044","chr1","133187123","133187432","35","120758395"
"chr11","12462469","12462771","chrX","97594986","97595289","32","85132517"
"chr11","12540921","12541094","chr12","12697175","12697348","13","156254"
"chr11","12554350","12554625","chr4","83955527","83955809","38","71401177"
"chr11","12557397","12557695","chrX","97594986","97595289","36","85037589"
"chr11","12572087","12572400","chr13","63423787","63424093","53","50851700"
"chr11","12636750","12637071","chr17","5457212","5457533","39","7179538"
"chr11","13026798","13027126","chr20","35582405","35582711","49","22555607"
"chr11","14066146","14066456","chr17","79404094","79404401","40","65337948"
"chr11","14167873","14168174","chr11","14213433","14213733","31","45560"
"chr11","14173084","14173298","chr14","313856","314074","51","13859228"
"chr11","14194352","14194662","chr1","6164020","6164325","42","8030332"
"chr11","14479878","14480038","chr16","28819178","28819341","26","14339300"
"chr11","15307421","15307729","chr17","79404094","79404401","40","64096673"
"chr11","15602694","15602993","chr9","13234462","13234763","34","2368232"
"chr11","15934963","15935273","chr1","132554974","132555276","39","116620011"
"chr11","16289079","16289321","chr16","60573376","60573617","37","44284297"
"chr11","16362220","16362510","chr19","52418058","52418354","59","36055838"
"chr11","16370310","16370614","chr5","58791036","58791341","37","42420726"
"chr11","17310595","17310776","chr21","9612794","9612973","30","7697801"
"chr11","18084865","18085164","chr12","18399239","18399535","37","314374"
"chr11","18123533","18123640","chr6","18407965","18408078","19","284432"
"chr11","18409951","18410261","chr12","18715405","18715718","36","305454"
"chr11","18714688","18714962","chr1","46271000","46271275","45","27556312"
"chr11","18821369","18821677","chr4","198295008","198295316","57","179473639"
"chr11","18939565","18939879","chr13","8634043","8634347","51","10305522"
"chr11","18940314","18940612","chr10","117071045","117071342","44","98130731"
"chr11","18981712","18982016","chr1","100887646","100887952","33","81905934"
"chr11","18998610","18998914","chr5","5990714","5991017","50","13007896"
"chr11","19001459","19001635","chr1","1569780","1569950","27","17431679"
"chr11","19039482","19039768","chr1","24189834","24190118","35","5150352"
"chr11","19045268","19045548","chr1","24189834","24190118","39","5144566"
"chr11","19065715","19065863","chr17","8148578","8148726","35","10917137"
"chr11","19081345","19081647","chr12","19392332","19392630","38","310987"
"chr11","19182655","19182930","chr12","131788345","131788608","52","112605690"
"chr11","20041473","20041736","chrX","41874549","41874831","48","21833076"
"chr11","20789399","20789689","chr5","2683883","2684176","43","18105516"
"chr11","20962793","20963096","chr12","8893890","8894193","30","12068903"
"chr11","21106083","21106384","chr5","160987933","160988228","43","139881850"
"chr11","21727986","21728281","chr12","62830508","62830799","32","41102522"
"chr11","21929128","21929422","chr12","62620203","62620499","26","40691075"
"chr11","22062235","22062564","chr4","123129282","123129608","51","101067047"
"chr11","22067435","22067657","chr7","27794555","27794778","32","5727120"
"chr11","22451038","22451346","chr6","35622489","35622796","35","13171451"
"chr11","22783277","22783569","chr19","52528111","52528405","41","29744834"
"chr11","22955513","22955825","chr7","134871506","134871819","31","111915993"
"chr11","23310327","23310609","chr1","24189834","24190118","43","879507"
"chr11","23487493","23487804","chr1","16018466","16018772","45","7469027"
"chr11","23615900","23616174","chr5","16295877","16296152","44","7320023"
"chr11","23822093","23822395","chr7","111976753","111977051","31","88154660"
"chr11","24285303","24285595","chr1","194446199","194446496","36","170160896"
"chr11","24346022","24346312","chr12","121287791","121288100","53","96941769"
"chr11","24441686","24441985","chr5","160987933","160988228","42","136546247"
"chr11","24546283","24546581","chr5","114536938","114537234","34","89990655"
"chr11","24705208","24705516","chr14","74198044","74198357","34","49492836"
"chr11","24769219","24769525","chr14","89567587","89567900","40","64798368"
"chr11","25140469","25140786","chr5","20279175","20279489","45","4861294"
"chr11","25151448","25151739","chr2A","59985648","59985942","37","34834200"
"chr11","25389875","25390182","chr14","34284807","34285111","35","8894932"
"chr11","25516049","25516319","chr20","58367555","58367825","38","32851506"
"chr11","25791400","25791695","chr12","58663514","58663803","28","32872114"
"chr11","25978711","25979008","chr16","12186594","12186889","44","13792117"
"chr11","26272957","26273247","chr22","18788031","18788322","31","7484926"
"chr11","26332384","26332627","chr19","40972325","40972555","49","14639941"
"chr11","26356587","26356888","chr12","58092432","58092733","24","31735845"
"chr11","26374161","26374461","chr17","8465111","8465410","30","17909050"
"chr11","26431678","26431952","chr2B","8846051","8846333","54","17585627"
"chr11","26480102","26480366","chr2A","83078973","83079253","53","56598871"
"chr11","26501892","26502199","chr2A","10355583","10355893","39","16146309"
"chr11","26527081","26527389","chr12","57930620","57930931","24","31403539"
"chr11","26617252","26617450","chr2B","93870467","93870663","34","67253215"
"chr11","26692678","26693000","chr1","54464452","54464778","44","27771774"
"chr11","26717766","26718063","chr10","115595773","115596076","38","88878007"
"chr11","26888298","26888601","chr10","140604064","140604370","44","113715766"
"chr11","27027163","27027463","chr12","57428587","57428888","30","30401424"
"chr11","27077115","27077423","chr5","22049247","22049559","47","5027868"
"chr11","27144198","27144506","chr10","136766798","136767102","40","109622600"
"chr11","27205627","27205916","chr9","107822697","107822990","31","80617070"
"chr11","27207745","27208057","chr6","32378353","32378664","39","5170608"
"chr11","27422474","27422775","chr5","123621942","123622243","45","96199468"
"chr11","27650804","27651107","chr12","56804984","56805289","29","29154180"
"chr11","27665016","27665322","chr12","56788949","56789247","43","29123933"
"chr11","27730413","27730712","chr12","56719584","56719880","36","28989171"
"chr11","28805083","28805381","chr15","42141648","42141949","39","13336565"
"chr11","28810904","28811196","chr2A","74502438","74502733","50","45691534"
"chr11","28942511","28942822","chr17","30741176","30741483","47","1798665"
"chr11","29004876","29005152","chr12","55455738","55456017","28","26450862"
"chr11","29012948","29013247","chr1","10106309","10106608","40","18906639"
"chr11","29060137","29060446","chr19","4036834","4037144","39","25023303"
"chr11","29070599","29070912","chr20","35582405","35582711","42","6511806"
"chr11","29138001","29138304","chr10","121813796","121814102","36","92675795"
"chr11","29688259","29688570","chr12","54731212","54731526","35","25042953"
"chr11","30216058","30216384","chr12","54214723","54215044","40","23998665"
"chr11","30469563","30469862","chr12","53741805","53742101","31","23272242"
"chr11","30541167","30541355","chr14","38572158","38572338","33","8030991"
"chr11","30541774","30541880","chr9","110153140","110153259","21","79611366"
"chr11","30547038","30547330","chr12","53665673","53665971","27","23118635"
"chr11","30604909","30605220","chr12","53606354","53606663","27","23001445"
"chr11","30625818","30625912","chr16","78652763","78652860","31","48026945"
"chr11","30626279","30626462","chr10","10573877","10574055","34","20052402"
"chr11","30843501","30843807","chr17","809178","809485","36","30034323"
"chr11","30851567","30851872","chr1","35990880","35991182","42","5139313"
"chr11","30897664","30897962","chr9","70252230","70252529","41","39354566"
"chr11","30898018","30898119","chr6","116289331","116289435","11","85391313"
"chr11","30899167","30899472","chr10","140604064","140604370","46","109704897"
"chr11","30938381","30938678","chr12","53287753","53288063","33","22349372"
"chr11","31001693","31001977","chr12","53229438","53229721","25","22227745"
"chr11","31038908","31039119","chr14","72380871","72381085","43","41341963"
"chr11","31167588","31167820","chr16","50754893","50755126","37","19587305"
"chr11","31209187","31209479","chr11","61561439","61561735","41","30352252"
"chr11","31215660","31215964","chr3","70239092","70239378","50","39023432"
"chr11","31269813","31270147","chr5","46364536","46364872","54","15094723"
"chr11","31622554","31622856","chr9","1167434","1167739","71","30455120"
"chr11","31679292","31679603","chr12","52560605","52560914","37","20881313"
"chr11","31683555","31683854","chr21","36178489","36178784","38","4494934"
"chr11","31805932","31806242","chr12","21276435","21276745","45","10529497"
"chr11","31813600","31813934","chr14","85461757","85462083","57","53648157"
"chr11","31943066","31943358","chr7","72899498","72899802","44","40956432"
"chr11","32140274","32140583","chr15","42910078","42910369","49","10769804"
"chr11","32152366","32152670","chr6","112352788","112353092","38","80200422"
"chr11","32468260","32468580","chr5","162326402","162326716","53","129858142"
"chr11","32698416","32698722","chr9","70252230","70252529","40","37553814"
"chr11","33029458","33029597","chr4","10750967","10751104","19","22278491"
"chr11","33567673","33567969","chr12","47960281","47960567","34","14392608"
"chr11","33678464","33678765","chr1","35990880","35991182","39","2312416"
"chr11","33733561","33733878","chr1","40966383","40966697","40","7232822"
"chr11","34091120","34091423","chr17","44143856","44144158","36","10052736"
"chr11","35155172","35155484","chr10","118065990","118066302","43","82910818"
"chr11","35281454","35281489","chr18","56150677","56150711","10","20869223"
"chr11","36030791","36031094","chr5","45856163","45856467","35","9825372"
"chr11","36148320","36148608","chr22","27755403","27755700","37","8392917"
"chr11","36166021","36166321","chr12","45771754","45772055","28","9605733"
"chr11","36495549","36495846","chr1","212881549","212881851","40","176386000"
"chr11","37515264","37515571","chr12","44467111","44467406","39","6951847"
"chr11","37751715","37752027","chr19","15918497","15918807","37","21833218"
"chr11","37856979","37857263","chr6","17592079","17592363","43","20264900"
"chr11","38074851","38075163","chr1","132729492","132729799","42","94654641"
"chr11","38081784","38082089","chr1","162294161","162294462","52","124212377"
"chr11","38093691","38093992","chr7","2757521","2757833","42","35336170"
"chr11","38202322","38202647","chr1","40966383","40966697","48","2764061"
"chr11","38386686","38386959","chr1","76486361","76486625","53","38099675"
"chr11","38434867","38435178","chr4","106451241","106451549","37","68016374"
"chr11","38766685","38766993","chr12","43187170","43187474","35","4420485"
"chr11","38803036","38803332","chr16","23190870","23191153","47","15612166"
"chr11","39529069","39529246","chr1","93213772","93213948","27","53684703"
"chr11","39955447","39955717","chr3","113825165","113825432","44","73869718"
"chr11","40884819","40885130","chr10","101337366","101337681","36","60452547"
"chr11","41434656","41434961","chr12","40495896","40496211","50","938760"
"chr11","41462476","41462621","chr3","190148538","190148676","20","148686062"
"chr11","41690245","41690549","chrX","36406749","36407049","39","5283496"
"chr11","41865345","41865638","chr7","72899498","72899802","35","31034153"
"chr11","42640468","42640774","chr4","195335628","195335940","46","152695160"
"chr11","42921335","42921647","chr1","191149848","191150155","38","148228513"
"chr11","42938125","42938430","chr12","38986097","38986405","32","3952028"
"chr11","42951441","42951736","chr10","125646260","125646551","26","82694819"
"chr11","42951961","42952258","chr12","38974728","38975039","39","3977233"
"chr11","42980685","42980989","chr9","22732638","22732941","38","20248047"
"chr11","43013130","43013415","chr5","160987933","160988228","43","117974803"
"chr11","43038571","43038777","chr3","193932181","193932383","38","150893610"
"chr11","43074905","43075214","chr17","4353432","4353743","41","38721473"
"chr11","43512016","43512329","chr2B","95168475","95168788","38","51656459"
"chr11","43694887","43695164","chr12","38221639","38221915","27","5473248"
"chr11","43839552","43839853","chrX","52220872","52221169","42","8381320"
"chr11","43841768","43842069","chr22","30343256","30343556","44","13498512"
"chr11","44131068","44131375","chr2B","95425788","95426089","41","51294720"
"chr11","44357892","44358159","chr12","37600480","37600749","25","6757412"
"chr11","44513730","44514023","chr12","37444102","37444408","33","7069628"
"chr11","44534487","44534649","chr5","18186176","18186342","26","26348311"
"chr11","44542668","44542960","chr1","129673639","129673931","37","85130971"
"chr11","44597727","44598037","chr2B","93658028","93658336","40","49060301"
"chr11","44629018","44629331","chr1","191149848","191150155","36","146520830"
"chr11","44672113","44672406","chr12","37279351","37279642","27","7392762"
"chr11","44680375","44680689","chr1","100887646","100887952","41","56207271"
"chr11","44755562","44755858","chr5","160987933","160988228","37","116232371"
"chr11","44808601","44808908","chr17","79404094","79404401","46","34595493"
"chr11","44865023","44865331","chr12","37091793","37092105","36","7773230"
"chr11","44874544","44874847","chr1","221106987","221107290","41","176232443"
"chr11","44881710","44881982","chr11","66322875","66323149","37","21441165"
"chr11","44945217","44945516","chr12","37024338","37024633","35","7920879"
"chr11","44951520","44951837","chr17","79404094","79404401","44","34452574"
"chr11","44959690","44959850","chr6","110455226","110455385","19","65495536"
"chr11","44977163","44977473","chr12","36993396","36993706","24","7983767"
"chr11","45018951","45019271","chr5","46820864","46821176","51","1801913"
"chr11","45034987","45035260","chr1","162618317","162618589","43","117583330"
"chr11","45040502","45040818","chr12","36931277","36931585","37","8109225"
"chr11","45049427","45049485","chr19","4014196","4014254","13","41035231"
"chr11","45086612","45086907","chr12","53741805","53742101","36","8655193"
"chr11","45104662","45104976","chr12","36868344","36868657","28","8236318"
"chr11","45158533","45158847","chr8","96727720","96728035","38","51569187"
"chr11","45171670","45171962","chr12","36811562","36811858","26","8360108"
"chr11","45232292","45232595","chr12","36746430","36746739","29","8485862"
"chr11","45266858","45267159","chr2A","15300168","15300463","43","29966690"
"chr11","45376140","45376426","chr19","35708412","35708705","48","9667728"
"chr11","45438492","45438807","chr15","69276871","69277183","40","23838379"
"chr11","45714760","45715051","chr12","36261828","36262107","28","9452932"
"chr11","45716078","45716384","chr1","68097549","68097852","42","22381471"
"chr11","45855903","45856216","chr12","36123661","36123975","37","9732242"
"chr11","45902442","45902745","chr4","37674564","37674870","40","8227878"
"chr11","46040964","46041229","chr12","35936656","35936921","12","10104308"
"chr11","46098287","46098552","chr12","76915481","76915745","42","30817194"
"chr11","46112652","46112963","chr17","79404094","79404401","37","33291442"
"chr11","46115283","46115597","chr2B","65741490","65741803","38","19626207"
"chr11","46117994","46118288","chr14","60859683","60859992","50","14741689"
"chr11","46151717","46152029","chr17","38608208","38608518","43","7543509"
"chr11","46178748","46179037","chr14","10809577","10809867","38","35369171"
"chr11","46195293","46195598","chr12","35789042","35789354","34","10406251"
"chr11","46250531","46250827","chr10","136766798","136767102","43","90516267"
"chr11","46285844","46286140","chr12","35702187","35702478","28","10583657"
"chr11","46321618","46321932","chr1","100887646","100887952","37","54566028"
"chr11","46393556","46393864","chr9","120829112","120829423","44","74435556"
"chr11","46400655","46400924","chr1","192887311","192887599","44","146486656"
"chr11","46476507","46476798","chr2A","80022127","80022416","34","33545620"
"chr11","46599147","46599445","chr6","37675440","37675740","41","8923707"
"chr11","46631857","46632155","chr12","35357957","35358252","45","11273900"
"chr11","46651223","46651526","chr9","73922988","73923294","51","27271765"
"chr11","46759773","46760079","chr1","40966383","40966697","32","5793390"
"chr11","46818592","46818894","chr3","37903955","37904260","39","8914637"
"chr11","46885960","46886265","chr5","82014241","82014539","36","35128281"
"chr11","46928561","46928868","chr1","191149848","191150155","39","144221287"
"chr11","47010907","47011145","chr11","76501993","76502233","36","29491086"
"chr11","47024512","47024806","chr5","64763044","64763340","36","17738532"
"chr11","47039087","47039267","chr6","141107307","141107479","27","94068220"
"chr11","47106295","47106591","chr4","40078992","40079285","41","7027303"
"chr11","47149196","47149501","chr12","34807635","34807938","27","12341561"
"chr11","47208006","47208314","chr12","34749700","34749997","26","12458306"
"chr11","47227837","47228150","chr10","37934087","37934398","36","9293750"
"chr11","47336151","47336470","chr12","34618348","34618667","32","12717803"
"chr11","47354967","47355244","chr11","64048084","64048369","36","16693117"
"chr11","47361910","47362212","chr18","23191935","23192242","34","24169975"
"chr11","47368940","47369201","chr12","34550616","34550890","38","12818324"
"chr11","47369918","47370224","chr12","34549590","34549891","37","12820328"
"chr11","47611097","47611296","chr3","104744785","104744978","35","57133688"
"chr11","47611394","47611504","chr16","3084056","3084162","26","44527338"
"chr11","47650893","47651204","chr12","34271887","34272193","29","13379006"
"chr11","47667137","47667449","chr1","100887646","100887952","42","53220509"
"chr11","47696780","47697065","chr14","57765178","57765474","41","10068398"
"chr11","47721025","47721326","chr1","31656307","31656617","48","16064718"
"chr11","47760582","47760883","chr15","18023695","18023993","35","29736887"
"chr11","48572215","48572528","chr1","53492969","53493281","37","4920754"
"chr11","48659745","48660057","chr1","28675900","28676209","49","19983845"
"chr11","48680529","48680635","chr10","41260523","41260629","18","7420006"
"chr11","48695589","48695747","chr1","19586121","19586260","36","29109468"
"chr11","48695988","48696171","chr4","47230309","47230475","48","1465679"
"chr11","48701088","48701370","chr11","46969394","46969676","42","1731694"
"chr11","48720935","48721247","chr8","61863879","61864186","40","13142944"
"chr11","48748498","48748806","chr17","38608208","38608518","39","10140290"
"chr11","48939457","48939765","chr12","32964248","32964559","29","15975209"
"chr11","48970374","48970684","chr12","33782434","33782743","37","15187940"
"chr11","49058338","49058638","chr5","24415712","24416011","46","24642626"
"chr11","49088127","49088419","chr15","51575964","51576258","56","2487837"
"chr11","49094421","49094734","chr4","48585107","48585416","48","509314"
"chr11","49123269","49123566","chr12","32785776","32786069","36","16337493"
"chr11","49130563","49130868","chr7","2112993","2113296","42","47017570"
"chr11","49185297","49185597","chr12","21276435","21276745","48","27908862"
"chr11","49249995","49250169","chr12","32666140","32666316","25","16583855"
"chr11","49250210","49250502","chr12","32665809","32666105","36","16584401"
"chr11","49271081","49271393","chr17","24583359","24583669","35","24687722"
"chr11","49296634","49296932","chr5","160987933","160988228","41","111691299"
"chr11","49297875","49298180","chr1","23083897","23084189","76","26213978"
"chr11","49415347","49415620","chr7","70128433","70128712","37","20713086"
"chr11","49419671","49419907","chr1","158525902","158526148","37","109106231"
"chr11","49429006","49429291","chr10","89990179","89990466","45","40561173"
"chr11","49467844","49468147","chr12","32451871","32452181","30","17015973"
"chr11","49553161","49553448","chr9","118968461","118968747","50","69415300"
"chr11","49653269","49653573","chr5","36374695","36374994","44","13278574"
"chr11","49659622","49659951","chr17","5457212","5457533","45","44202410"
"chr11","49990011","49990152","chr2B","92437961","92438101","16","42447950"
"chr11","50026381","50026691","chr12","31896404","31896707","30","18129977"
"chr11","50086900","50087212","chr10","86782884","86783195","51","36695984"
"chr11","50091761","50092020","chr16","48640268","48640532","49","1451493"
"chr11","50247790","50248087","chr13","48509559","48509859","46","1738231"
"chr11","50275298","50275606","chr1","134763713","134764022","45","84488415"
"chr11","50331127","50331290","chr5","23448994","23449146","24","26882133"
"chr11","50674826","50675136","chr15","67619999","67620309","36","16945173"
"chr11","51065744","51066057","chr5","77359079","77359392","44","26293335"
"chr11","51310679","51310954","chr4","2524667","2524952","73","48786012"
"chr11","51357626","51357804","chr4","81515226","81515394","31","30157600"
"chr11","51456309","51456607","chr3","143342064","143342367","47","91885755"
"chr11","51480108","51480404","chr17","9644327","9644622","35","41835781"
"chr11","51481672","51481974","chr5","24030230","24030529","35","27451442"
"chr11","51487200","51487506","chr1","132554974","132555276","42","81067774"
"chr11","51520770","51521059","chr10","116503048","116503344","30","64982278"
"chr11","51560939","51561207","chr21","28663801","28664070","31","22897138"
"chr11","51562897","51563197","chr15","21651142","21651442","36","29911755"
"chr11","51613423","51613585","chr10","110937827","110938000","42","59324404"
"chr11","51619909","51620209","chr9","67126783","67127082","46","15506874"
"chr11","51634952","51635275","chr1","40966383","40966697","52","10668569"
"chr11","51656757","51657060","chr1","111254166","111254467","44","59597409"
"chr11","51806870","51807181","chr22","21716970","21717283","41","30089900"
"chr11","51970503","51970814","chr1","157261144","157261453","48","105290641"
"chr11","52043677","52043981","chr12","29708682","29708989","26","22334995"
"chr11","52061350","52061653","chr7","75623388","75623697","42","23562038"
"chr11","52160361","52160659","chrX","18796354","18796648","35","33364007"
"chr11","52171524","52171829","chr2A","21134848","21135157","30","31036676"
"chr11","52214954","52215245","chr17","9644327","9644622","42","42570627"
"chr11","52239050","52239358","chr1","33406715","33407026","45","18832335"
"chr11","52330457","52330717","chr12","76915481","76915745","44","24585024"
"chr11","52572950","52573262","chrX","97594986","97595289","33","45022036"
"chr11","52618263","52618576","chr3","121417916","121418229","47","68799653"
"chr11","52643623","52643931","chr13","31463447","31463746","48","21180176"
"chr11","52693213","52693521","chr12","29014010","29014317","27","23679203"
"chr11","52851564","52851871","chr5","33636745","33637052","56","19214819"
"chr11","52887289","52887363","chr6","30537969","30538046","16","22349320"
"chr11","52966466","52966775","chr12","28731240","28731552","28","24235226"
"chr11","52967624","52967919","chr5","82014241","82014539","36","29046617"
"chr11","52983693","52983997","chr12","28716554","28716863","31","24267139"
"chr11","52985296","52985574","chr1","224235364","224235639","51","171250068"
"chr11","53059523","53059835","chr12","21276435","21276745","37","31783088"
"chr11","53066113","53066414","chr22","19766314","19766620","48","33299799"
"chr11","53078160","53078462","chr1","10106309","10106608","38","42971851"
"chr11","53091388","53091684","chr16","11108091","11108389","38","41983297"
"chr11","53114793","53115105","chr3","12041820","12042133","38","41072973"
"chr11","53141508","53141817","chr7","154570538","154570845","46","101429030"
"chr11","53284816","53285126","chr3","188115751","188116059","40","134830935"
"chr11","53362524","53362822","chr7","2112993","2113296","40","51249531"
"chr11","53459634","53459764","chr4","37948942","37949069","20","15510692"
"chr11","53530365","53530667","chr5","57783045","57783345","41","4252680"
"chr11","54803700","54804000","chr12","36414589","36414899","47","18389111"
"chr11","55224221","55224447","chr19","5961507","5961735","35","49262714"
"chr11","55224573","55224640","chr6","5084853","5084921","18","50139720"
"chr11","55584570","55584868","chr5","45856163","45856467","47","9728407"
"chr11","56027969","56028284","chr17","8735522","8735838","38","47292447"
"chr11","56424029","56424326","chr10","136766798","136767102","49","80342769"
"chr11","56909854","56910076","chr12","24772600","24772818","22","32137254"
"chr11","57166805","57167106","chr12","24479444","24479742","37","32687361"
"chr11","58060912","58061208","chr4","197519800","197520092","33","139458888"
"chr11","58126632","58126809","chr4","81515226","81515394","33","23388594"
"chr11","58156576","58156741","chr1","14249496","14249656","26","43907080"
"chr11","58164821","58164966","chrX","97427844","97427985","26","39263023"
"chr11","58307592","58307904","chr12","21276435","21276745","43","37031157"
"chr11","58490154","58490460","chr5","115315946","115316248","42","56825792"
"chr11","58533801","58534113","chr12","23099430","23099741","28","35434371"
"chr11","58580694","58580996","chr12","23066408","23066710","36","35514286"
"chr11","59240106","59240412","chr12","22213166","22213475","31","37026940"
"chr11","59246532","59246844","chr5","162326402","162326716","42","103079870"
"chr11","59301183","59301473","chr1","133051456","133051752","35","73750273"
"chr11","59312475","59312769","chr9","67126783","67127082","42","7814308"
"chr11","59331131","59331428","chr17","9644327","9644622","33","49686804"
"chr11","59414780","59415076","chr12","22054186","22054492","35","37360594"
"chr11","59576779","59577088","chr4","198295008","198295316","36","138718229"
"chr11","59658566","59658873","chr6","37682797","37683102","34","21975769"
"chr11","59686508","59686793","chr12","21778326","21778613","21","37908182"
"chr11","59745771","59746072","chr7","72899498","72899802","33","13153727"
"chr11","59747578","59747884","chr6","6752789","6753094","36","52994789"
"chr11","59977337","59977648","chr4","40072459","40072768","46","19904878"
"chr11","59979918","59980210","chr1","185054973","185055268","31","125075055"
"chr11","59988174","59988489","chr12","37078719","37079032","35","22909455"
"chr11","59996502","59996813","chr1","141361647","141361958","35","81365145"
"chr11","60133773","60133997","chr19","23057708","23057946","52","37076065"
"chr11","60361639","60361967","chr1","46153241","46153566","59","14208398"
"chr11","60467837","60468150","chr22","15277783","15278092","32","45190054"
"chr11","60550252","60550537","chr12","35702187","35702478","41","24848065"
"chr11","60870889","60871186","chr1","17328715","17329015","37","43542174"
"chr11","61190407","61190641","chr12","64784620","64784856","24","3594213"
"chr11","61355876","61356183","chr12","64972612","64972921","24","3616736"
"chr11","61623802","61623863","chr15","44963215","44963277","8","16660587"
"chr11","61751621","61751929","chr12","65367772","65368077","24","3616151"
"chr11","61861050","61861369","chr12","65477539","65477861","34","3616489"
"chr11","62361326","62361643","chr5","65737515","65737834","50","3376189"
"chr11","63170840","63171150","chr17","79404094","79404401","47","16233254"
"chr11","63323341","63323619","chr11","116402720","116403005","42","53079379"
"chr11","63663352","63663585","chrX","9676289","9676520","36","53987063"
"chr11","63849880","63850179","chr1","41763043","41763338","45","22086837"
"chr11","63917285","63917579","chr15","42750681","42750978","41","21166604"
"chr11","63974364","63974701","chr3","198729273","198729581","88","134754909"
"chr11","63979171","63979484","chr3","49259552","49259862","47","14719619"
"chr11","64007792","64008073","chr16","39080801","39081081","56","24926991"
"chr11","64077629","64077938","chr4","198295008","198295316","34","134217379"
"chr11","64187309","64187607","chr12","67891674","67891974","25","3704365"
"chr11","64206013","64206309","chr15","42750681","42750978","41","21455332"
"chr11","64611552","64611851","chr12","68329027","68329323","27","3717475"
"chr11","64615543","64615848","chr12","68332996","68333302","35","3717453"
"chr11","64825768","64826051","chr1","24189834","24190118","38","40635934"
"chr11","64863669","64863966","chr5","5487375","5487672","32","59376294"
"chr11","64932224","64932515","chr19","35385832","35386124","36","29546392"
"chr11","65030886","65031178","chr20","13778704","13778989","51","51252182"
"chr11","65276864","65277173","chr12","69030166","69030477","35","3753302"
"chr11","65748072","65748294","chr1","42395701","42395925","38","23352371"
"chr11","65881188","65881494","chr7","72899498","72899802","41","7018310"
"chr11","65918670","65918983","chr12","69714149","69714464","21","3795479"
"chr11","65956254","65956557","chr3","100561340","100561640","43","34605086"
"chr11","66138094","66138408","chr12","69938517","69938822","31","3800423"
"chr11","66204280","66204420","chr7","113774600","113774736","17","47570320"
"chr11","66973441","66973727","chr20","34323117","34323413","53","32650324"
"chr11","67089869","67090171","chr12","70844312","70844610","24","3754443"
"chr11","67161992","67162052","chr7","140482622","140482688","18","73320630"
"chr11","67162129","67162330","chr7","62885790","62885993","49","4276339"
"chr11","67230278","67230562","chr12","70983041","70983325","26","3752763"
"chr11","67246940","67247243","chr7","147967261","147967569","54","80720321"
"chr11","67247265","67247571","chr9","78896161","78896464","39","11648896"
"chr11","69155812","69155940","chr1","162397942","162398064","23","93242130"
"chr11","69190301","69190611","chr17","79404094","79404401","42","10213793"
"chr11","69401704","69401991","chr11","44474205","44474497","49","24927499"
"chr11","69765301","69765606","chrX","15100953","15101250","62","54664348"
"chr11","69806890","69807200","chr16","3477043","3477352","54","66329847"
"chr11","70273988","70274288","chr12","74128931","74129244","39","3854943"
"chr11","70320205","70320473","chr14","9388027","9388311","63","60932178"
"chr11","70895810","70896086","chr8","75537402","75537690","42","4641592"
"chr11","71206620","71206928","chr20","45934753","45935060","43","25271867"
"chr11","71281405","71281687","chr1","24189834","24190118","40","47091571"
"chr11","71400587","71400885","chr1","43904861","43905158","28","27495726"
"chr11","71426317","71426628","chr5","1337460","1337763","39","70088857"
"chr11","71506843","71507136","chr8","142803773","142804071","45","71296930"
"chr11","71549717","71550025","chr12","75443298","75443601","35","3893581"
"chr11","71642083","71642387","chr12","75542988","75543292","24","3900905"
"chr11","71768674","71768979","chr20","35582405","35582711","42","36186269"
"chr11","71881683","71881963","chr19","11306934","11307209","38","60574749"
"chr11","71941133","71941163","chr2B","22746166","22746196","2","49194967"
"chr11","72200578","72200880","chr1","191149848","191150155","42","118949270"
"chr11","72298178","72298492","chr22","34538362","34538671","34","37759816"
"chr11","72304388","72304699","chr7","127657301","127657615","39","55352913"
"chr11","72387582","72387893","chr13","11345127","11345439","43","61042455"
"chr11","72892265","72892567","chr5","22715313","22715618","40","50176952"
"chr11","73014801","73015065","chr12","76915481","76915745","21","3900680"
"chr11","73347130","73347435","chr4","24485675","24485985","58","48861455"
"chr11","73623384","73623411","chrX","1474044","1474063","14","72149340"
"chr11","73777107","73777377","chr1","165443346","165443623","47","91666239"
"chr11","74013436","74013785","chrX","41653739","41654071","70","32359697"
"chr11","74131634","74131951","chr22","34538362","34538671","52","39593272"
"chr11","74350231","74350406","chr6","141107307","141107479","30","66757076"
"chr11","74376437","74376748","chr19","2494413","2494722","44","71882024"
"chr11","74399398","74399694","chr5","82014241","82014539","40","7614843"
"chr11","74629572","74629876","chr12","78558197","78558505","32","3928625"
"chr11","74813752","74814054","chr5","44340456","44340764","42","30473296"
"chr11","74932425","74932735","chr1","142335679","142335988","45","67403254"
"chr11","74987876","74988160","chr17","85184470","85184751","39","10196594"
"chr11","75098690","75098978","chr12","79066133","79066418","20","3967443"
"chr11","75326700","75326950","chr1","52986441","52986711","54","22340259"
"chr11","75783058","75783406","chr2B","16239926","16240265","63","59543132"
"chr11","76616028","76616338","chr18","59918384","59918694","46","16697644"
"chr11","76639948","76640271","chr9","12114478","12114795","67","64525470"
"chr11","77876148","77876437","chr9","118968461","118968747","43","41092313"
"chr11","78065360","78065666","chrX","97594986","97595289","43","19529626"
"chr11","78091108","78091397","chr6","7125066","7125354","34","70966042"
"chr11","78144295","78144599","chrX","74427130","74427438","34","3717165"
"chr11","78361792","78362059","chr12","82399789","82400080","52","4037997"
"chr11","78595470","78595771","chr16","76354770","76355065","50","2240700"
"chr11","78768807","78769115","chr9","82578710","82579015","41","3809903"
"chr11","78929231","78929547","chr22","23956033","23956352","54","54973198"
"chr11","79006386","79006672","chr8","126553995","126554284","39","47547609"
"chr11","79196948","79197235","chr12","83303697","83303988","38","4106749"
"chr11","79334953","79335255","chr7","6205854","6206157","57","73129099"
"chr11","79558903","79559185","chr18","1983095","1983359","50","77575808"
"chr11","80061642","80061955","chr7","18509561","18509873","45","61552081"
"chr11","80075108","80075414","chr17","2489122","2489420","50","77585986"
"chr11","80516961","80517273","chr22","34538362","34538671","47","45978599"
"chr11","81329320","81329653","chr3","48314069","48314391","59","33015251"
"chr11","81705589","81705892","chr1","10106309","10106608","40","71599280"
"chr11","81770586","81770883","chr12","85961684","85961994","38","4191098"
"chr11","82340488","82340799","chrX","97594986","97595289","33","15254498"
"chr11","82350654","82350959","chr2B","99158092","99158401","33","16807438"
"chr11","82721074","82721375","chr3","15057005","15057307","29","67664069"
"chr11","82726996","82727305","chr17","9809898","9810208","37","72917098"
"chr11","82837581","82837891","chr1","100887646","100887952","40","18050065"
"chr11","83164245","83164540","chr3","43184780","43185071","34","39979465"
"chr11","83247080","83247380","chr6","35622489","35622796","38","47624591"
"chr11","83317662","83317804","chr2B","109918485","109918618","25","26600823"
"chr11","83394621","83394924","chr4","173568856","173569161","43","90174235"
"chr11","83403930","83404233","chr3","131606902","131607215","49","48202972"
"chr11","83415176","83415476","chr3","25624991","25625291","30","57790185"
"chr11","83687134","83687417","chr1","144529989","144530282","54","60842855"
"chr11","83713135","83713445","chr6","128406996","128407303","34","44693861"
"chr11","83996809","83997119","chr4","199024335","199024640","50","115027526"
"chr11","84017826","84018124","chr6","13219977","13220276","44","70797849"
"chr11","84027031","84027342","chr11","101447273","101447578","41","17420242"
"chr11","84055616","84055918","chrX","130145572","130145866","57","46089956"
"chr11","84090958","84091262","chr2A","79839508","79839818","44","4251450"
"chr11","84155377","84155689","chr3","130866815","130867125","28","46711438"
"chr11","84298610","84298913","chr3","130714407","130714710","25","46415797"
"chr11","84300214","84300509","chr5","64763044","64763340","43","19537170"
"chr11","84977793","84978090","chr3","129992859","129993150","29","45015066"
"chr11","85076399","85076709","chr1","40966383","40966697","36","44110016"
"chr11","85160719","85161025","chr1","221106987","221107290","37","135946268"
"chr11","85297442","85297754","chr6","35622489","35622796","40","49674953"
"chr11","85496204","85496348","chr1","224891937","224892069","42","139395733"
"chr11","85513641","85513730","chr13","9852334","9852425","22","75661307"
"chr11","85583219","85583477","chr12","76915481","76915745","44","8667738"
"chr11","85935953","85936265","chr12","3042424","3042732","31","82893529"
"chr11","86347252","86347410","chr3","32744067","32744225","25","53603185"
"chr11","86687478","86687782","chr6","35622489","35622796","59","51064989"
"chr11","87294157","87294453","chr12","87450056","87450356","32","155899"
"chr11","87905805","87906118","chr19","29025419","29025728","43","58880386"
"chr11","88341081","88341398","chr12","88505768","88506074","37","164687"
"chr11","88742774","88743085","chr12","21276435","21276745","44","67466339"
"chr11","90521378","90521672","chr1","185054973","185055268","41","94533595"
"chr11","91001877","91002177","chr12","59907829","59908121","43","31094048"
"chr11","91008566","91008877","chr10","86782884","86783195","42","4225682"
"chr11","91260050","91260361","chr3","49149119","49149432","45","42110931"
"chr11","91280943","91281244","chr3","143993568","143993857","53","52712625"
"chr11","91364146","91364408","chr12","76915481","76915745","50","14448665"
"chr11","91887330","91887635","chr2A","4571612","4571923","49","87315718"
"chr11","92086728","92087019","chr4","40078992","40079285","36","52007736"
"chr11","92260499","92260785","chr15","68727664","68727949","37","23532835"
"chr11","92692718","92693031","chr17","24583359","24583669","36","68109359"
"chr11","92722464","92722766","chr12","92995613","92995910","26","273149"
"chr11","92740663","92740870","chr12","95133984","95134201","35","2393321"
"chr11","92751608","92751908","chr1","194446199","194446496","40","101694591"
"chr11","92752364","92752669","chrX","41587872","41588178","44","51164492"
"chr11","92753361","92753655","chr7","72899498","72899802","47","19853863"
"chr11","92952062","92952374","chr3","186406630","186406936","33","93454568"
"chr11","93095318","93095615","chr2B","99512257","99512553","42","6416939"
"chr11","93758320","93758615","chr9","86438586","86438887","41","7319734"
"chr11","93849569","93849873","chr3","135591702","135592003","35","41742133"
"chr11","93984041","93984325","chr20","63173584","63173871","39","30810457"
"chr11","93996177","93996486","chr6","106951987","106952289","51","12955810"
"chr11","93997028","93997195","chr10","107555129","107555302","30","13558101"
"chr11","94085774","94086070","chr5","133411905","133412206","44","39326131"
"chr11","94117610","94117918","chr12","94395810","94396117","36","278200"
"chr11","94539054","94539354","chr1","100887646","100887952","47","6348592"
"chr11","94562593","94562888","chr12","94842887","94843180","27","280294"
"chr11","94582682","94582976","chr4","197519800","197520092","34","102937118"
"chr11","94653250","94653557","chr7","100590569","100590871","38","5937319"
"chr11","94737400","94737734","chr1","46153241","46153566","55","48584159"
"chr11","94746616","94746910","chr17","9381935","9382231","28","85364681"
"chr11","94771718","94772028","chr14","20972619","20972931","44","73799099"
"chr11","94974294","94974583","chr5","26480986","26481273","41","68493308"
"chr11","94994265","94994587","chr12","95290005","95290318","45","295740"
"chr11","95010480","95010768","chr5","137760043","137760333","37","42749563"
"chr11","95040245","95040303","chr19","11373063","11373113","12","83667182"
"chr11","95142701","95143003","chr3","135591702","135592003","37","40449001"
"chr11","95148615","95148912","chr4","133128211","133128521","56","37979596"
"chr11","95206771","95207054","chr3","12016859","12017144","52","83189912"
"chr11","95333700","95333988","chr20","30392105","30392392","38","64941595"
"chr11","95473348","95473630","chr11","66125261","66125543","28","29348087"
"chr11","95497133","95497436","chr12","95810579","95810872","45","313446"
"chr11","95519578","95519884","chr9","59842059","59842366","31","35677519"
"chr11","95531835","95532134","chr6","37682797","37683102","41","57849038"
"chr11","95613921","95614220","chr12","30338513","30338812","36","65275408"
"chr11","95626338","95626640","chr14","61567729","61568037","54","34058609"
"chr11","95648429","95648726","chr5","5487375","5487672","34","90161054"
"chr11","95731984","95732279","chr5","160987933","160988228","39","65255949"
"chr11","95787588","95787866","chr4","83955527","83955809","39","11832061"
"chr11","95805404","95805702","chr12","96125846","96126149","25","320442"
"chr11","95817782","95818071","chr3","186504136","186504430","37","90686354"
"chr11","95819127","95819286","chr6","110455226","110455385","17","14636099"
"chr11","95824338","95824642","chr15","67619999","67620309","44","28204339"
"chr11","95843950","95844262","chr12","119262768","119263080","37","23418818"
"chr11","95877259","95877565","chr12","96195476","96195775","39","318217"
"chr11","95902823","95903148","chr20","24351052","24351381","53","71551771"
"chr11","96738423","96738734","chr12","97079549","97079847","34","341126"
"chr11","97263557","97263860","chr6","35622489","35622796","34","61641068"
"chr11","97495411","97495723","chr10","140604064","140604370","34","43108653"
"chr11","97692098","97692411","chr3","158328745","158329056","42","60636647"
"chr11","97692960","97693219","chr15","11782703","11782955","33","85910257"
"chr11","97852908","97853198","chr12","98237078","98237367","30","384170"
"chr11","97893925","97894228","chr20","35286617","35286928","42","62607308"
"chr11","97923696","97923954","chr14","62662099","62662351","49","35261597"
"chr11","97989652","97989961","chr9","114786009","114786320","36","16796357"
"chr11","98008230","98008514","chr12","98383262","98383542","18","375032"
"chr11","98527720","98528032","chr14","23916952","23917265","35","74610768"
"chr11","99138498","99138795","chr12","99557463","99557770","37","418965"
"chr11","99534346","99534643","chr12","99955862","99956165","30","421516"
"chr11","99703308","99703555","chr12","100112155","100112412","26","408847"
"chr11","99834244","99834556","chr17","9234226","9234536","40","90600018"
"chr11","100009833","100010158","chr12","100439416","100439730","41","429583"
"chr11","100112217","100112526","chr15","67619999","67620309","43","32492218"
"chr11","100226179","100226487","chr7","154326164","154326473","41","54099985"
"chr11","100259921","100260218","chr1","194446199","194446496","37","94186278"
"chr11","100334531","100334831","chr2A","31692393","31692699","35","68642138"
"chr11","100487755","100488044","chr12","100939191","100939478","31","451436"
"chr11","100593683","100593981","chr22","21098200","21098493","37","79495483"
"chr11","100793521","100793833","chr5","162326402","162326716","39","61532881"
"chr11","100816429","100816685","chr12","101317294","101317570","45","500865"
"chr11","100858256","100858543","chrUn_CABD030131550v1","8094","8384","31","100850162"
"chr11","100993030","100993327","chr9","70388865","70389159","38","30604165"
"chr11","101084535","101084831","chr12","101606975","101607281","31","522440"
"chr11","101173899","101174191","chr5","122702004","122702298","36","21528105"
"chr11","101210471","101210783","chr15","37451080","37451392","41","63759391"
"chr11","101230195","101230455","chr16","72665032","72665321","58","28565163"
"chr11","101247673","101247977","chr2A","45229836","45230134","51","56017837"
"chr11","101389294","101389592","chr13","2573887","2574188","49","98815407"
"chr11","101475539","101475837","chr9","81354291","81354584","34","20121248"
"chr11","101863636","101863938","chr17","24583359","24583669","50","77280277"
"chr11","102105130","102105399","chr9","114512348","114512618","57","12407218"
"chr11","102172994","102173285","chr1","27021093","27021389","37","75151901"
"chr11","102401791","102402087","chr12","103004116","103004415","27","602325"
"chr11","102475115","102475409","chr7","154438682","154438977","43","51963567"
"chr11","102955302","102955604","chr12","127211229","127211514","64","24255927"
"chr11","103012649","103012959","chr12","103670109","103670418","18","657460"
"chr11","103122659","103122967","chr17","79404094","79404401","34","23718565"
"chr11","103152489","103152781","chr8","35516305","35516601","30","67636184"
"chr11","103354044","103354331","chr9","81354291","81354584","37","21999753"
"chr11","103388436","103388738","chr3","52841696","52841998","33","50546740"
"chr11","103397976","103398279","chr11","27442623","27442932","33","75955353"
"chr11","103491362","103491576","chr3","48903530","48903745","30","54587832"
"chr11","103503077","103503244","chr5","117639202","117639368","27","14136125"
"chr11","103520087","103520379","chr1","112790002","112790294","34","9269915"
"chr11","103588016","103588326","chr3","187177539","187177847","37","83589523"
"chr11","103721099","103721411","chr9","59842059","59842366","41","43879040"
"chr11","103804632","103804814","chr19","38058960","38059140","22","65745672"
"chr11","103917181","103917493","chr12","104584767","104585079","18","667586"
"chr11","104244933","104245219","chr21","23838552","23838840","38","80406381"
"chr11","104328541","104328852","chr17","38608208","38608518","39","65720333"
"chr11","104537348","104537627","chr22","18552093","18552376","50","85985255"
"chr11","104788416","104788707","chr1","185054973","185055268","36","80266557"
"chr11","105518405","105518707","chr14","34284807","34285111","36","71233598"
"chr11","105583270","105583566","chr5","160987933","160988228","37","55404663"
"chr11","105724320","105724623","chr12","106449422","106449729","23","725102"
"chr11","106183954","106184204","chr3","67751426","67751684","44","38432528"
"chr11","106206786","106207097","chr6","37682797","37683102","36","68523989"
"chr11","106251877","106252174","chrX","36406749","36407049","37","69845128"
"chr11","106564179","106564483","chr9","59842059","59842366","27","46722120"
"chr11","106627280","106627582","chr9","59842059","59842366","50","46785221"
"chr11","106631604","106631921","chr12","107361163","107361471","42","729559"
"chr11","106920498","106920804","chr7","80058785","80059098","40","26861713"
"chr11","106962707","106962996","chr1","144529989","144530282","39","37567282"
"chr11","106983453","106983741","chr4","119223669","119223958","37","12240216"
"chr11","107345324","107345415","chr12","123620909","123620994","27","16275585"
"chr11","107908349","107908643","chr2B","125039405","125039704","36","17131056"
"chr11","107998917","107999216","chr12","108806376","108806685","37","807459"
"chr11","108130568","108130852","chr19","33970963","33971252","37","74159605"
"chr11","108298408","108298712","chr19","57118880","57119186","35","51179528"
"chr11","108441316","108441637","chr18","42963553","42963869","46","65477763"
"chr11","108468743","108469037","chr12","109218890","109219191","25","750147"
"chr11","108545059","108545367","chr12","109289828","109290127","29","744769"
"chr11","108573284","108573594","chr12","109323091","109323395","31","749807"
"chr11","108944703","108944998","chr9","87736194","87736488","37","21208509"
"chr11","109002146","109002383","chr21","25672362","25672614","46","83329784"
"chr11","109002384","109002679","chr1","185054973","185055268","31","76052589"
"chr11","109014198","109014508","chr16","28035109","28035418","37","80979089"
"chr11","109044299","109044554","chr3","59521749","59522002","47","49522550"
"chr11","109086192","109086487","chr12","59907829","59908121","44","49178363"
"chr11","109118462","109118766","chr5","13160492","13160798","37","95957970"
"chr11","109164063","109164370","chr20","35582405","35582711","34","73581658"
"chr11","109235671","109235982","chr17","38608208","38608518","42","70627463"
"chr11","109250600","109250826","chr18","27822115","27822332","26","81428485"
"chr11","109292175","109292474","chrX","36406749","36407049","35","72885426"
"chr11","109408259","109408548","chr1","129673639","129673931","37","20265380"
"chr11","109437005","109437307","chr12","110190911","110191217","39","753906"
"chr11","109445776","109446066","chr22","11918519","11918809","49","97527257"
"chr11","109607485","109607795","chr12","110375864","110376172","30","768379"
"chr11","109689107","109689418","chr12","110450704","110450998","38","761597"
"chr11","109701024","109701271","chr3","127268944","127269210","45","17567920"
"chr11","109736068","109736369","chr9","78896161","78896464","52","30839907"
"chr11","109760964","109761222","chr12","76915481","76915745","42","32845483"
"chr11","109764632","109764930","chr1","65914289","65914588","35","43850343"
"chr11","109815343","109815661","chr1","185054973","185055268","53","75239630"
"chr11","109853582","109853900","chr7","127657301","127657615","35","17803719"
"chr11","109894442","109894724","chr12","110665970","110666252","20","771528"
"chr11","109904953","109905248","chr12","36414589","36414899","50","73490364"
"chr11","109959114","109959424","chr17","809178","809485","38","109149936"
"chr11","109961181","109961494","chr1","93120148","93120458","57","16841033"
"chr11","109997881","109998200","chr14","47857829","47858141","45","62140052"
"chr11","110013076","110013388","chr4","198295008","198295316","42","88281932"
"chr11","110019399","110019732","chr13","26899506","26899828","53","83119893"
"chr11","110314966","110315275","chr22","22301801","22302112","43","88013165"
"chr11","110473887","110474190","chrX","41978583","41978888","38","68495304"
"chr11","110667159","110667461","chr12","111433218","111433512","30","766059"
"chr11","110731960","110732233","chr14","9388027","9388311","52","101343933"
"chr11","110737589","110737901","chr9","114786009","114786320","45","4048420"
"chr11","110852360","110852666","chr5","162326402","162326716","43","51474042"
"chr11","110917384","110917683","chr12","111687190","111687493","32","769806"
"chr11","111037022","111037318","chr12","111810980","111811286","33","773958"
"chr11","111074183","111074509","chr7","5261405","5261726","46","105812778"
"chr11","111152059","111152361","chr1","144529989","144530282","37","33377930"
"chr11","111179034","111179302","chr12","131788345","131788608","40","20609311"
"chr11","111241708","111242020","chr9","59842059","59842366","47","51399649"
"chr11","111341200","111341431","chr20","31049038","31049266","42","80292162"
"chr11","111355072","111355380","chr2A","31692393","31692699","32","79662679"
"chr11","111422020","111422144","chr12","112168760","112168884","13","746740"
"chr11","111462066","111462369","chr3","3628864","3629165","30","107833202"
"chr11","111509830","111510121","chr12","112258067","112258336","64","748237"
"chr11","111548288","111548557","chr12","112285794","112286055","26","737506"
"chr11","111569120","111569430","chr4","198977209","198977521","50","87408089"
"chr11","111575356","111575642","chr15","34274908","34275193","38","77300448"
"chr11","111623794","111624091","chr12","112361501","112361797","30","737707"
"chr11","111646656","111646963","chr4","173568856","173569161","37","61922200"
"chr11","112162659","112162969","chr15","67619999","67620309","40","44542660"
"chr11","112448982","112449279","chr12","113192567","113192868","28","743585"
"chr11","112609030","112609330","chr16","30922722","30923023","43","81686308"
"chr11","112660807","112661086","chr6","39058088","39058377","46","73602719"
"chr11","112719520","112719772","chr12","131788345","131788608","48","19068825"
"chr11","112945436","112945741","chr1","17328715","17329015","35","95616721"
"chr11","113415208","113415554","chr14","40729865","40730201","55","72685343"
"chr11","113935764","113936088","chr12","21276435","21276745","51","92659329"
"chr11","114022796","114023090","chr5","156184518","156184813","30","42161722"
"chr11","114058226","114058514","chr3","200664126","200664415","30","86605900"
"chr11","114210988","114211296","chr1","134763713","134764022","43","20552725"
"chr11","114717339","114717641","chr2A","38433886","38434193","44","76283453"
"chr11","114829063","114829375","chr12","115618223","115618524","34","789160"
"chr11","114885854","114886149","chr1","27021093","27021389","37","87864761"
"chr11","115068187","115068489","chr3","24048068","24048376","54","91020119"
"chr11","115320210","115320523","chr12","21276435","21276745","38","94043775"
"chr11","115402377","115402707","chr9","73383977","73384295","56","42018400"
"chr11","115473144","115473447","chr3","52951985","52952276","56","62521159"
"chr11","115591322","115591632","chr11","68049982","68050285","38","47541340"
"chr11","115620802","115621116","chr14","74671804","74672116","38","40948998"
"chr11","115678613","115678757","chr6","110455226","110455385","31","5223387"
"chr11","115683003","115683302","chr7","72899498","72899802","42","42783505"
"chr11","115706571","115706861","chr12","116478790","116479092","44","772219"
"chr11","115709842","115710141","chr12","116482024","116482329","26","772182"
"chr11","115780373","115780650","chr1","24189834","24190118","37","91590539"
"chr11","115856664","115856965","chr12","116629008","116629314","33","772344"
"chr11","115988461","115988759","chr19","51697514","51697817","41","64290947"
"chr11","115999032","115999344","chr3","12041820","12042133","44","103957212"
"chr11","116089167","116089457","chr12","116859770","116860062","27","770603"
"chr11","116310423","116310734","chr12","117088484","117088786","27","778061"
"chr11","116407259","116407552","chr12","117190939","117191232","24","783680"
"chr11","116411227","116411520","chr12","117190939","117191232","25","779712"
"chr11","116421156","116421467","chr2A","10355583","10355893","40","106065573"
"chr11","116425084","116425394","chr3","45442458","45442770","45","70982626"
"chr11","116430049","116430359","chr12","117207681","117207986","32","777632"
"chr11","116460335","116460641","chr12","117240987","117241284","29","780652"
"chr11","116813367","116813694","chr1","220444183","220444498","58","103630816"
"chr11","117117398","117117693","chr12","117907812","117908118","35","790414"
"chr11","117215425","117215734","chr12","118005551","118005850","26","790126"
"chr11","117225857","117226172","chr1","41598264","41598576","45","75627593"
"chr11","117312178","117312491","chr13","8634043","8634347","47","108678135"
"chr11","117318739","117319023","chr2B","129273713","129274000","58","11954974"
"chr11","117324374","117324687","chr16","30113582","30113892","40","87210792"
"chr11","117359918","117360170","chr3","67751426","67751684","36","49608492"
"chr11","117403743","117404049","chr10","121813796","121814102","41","4410053"
"chr11","117411753","117412060","chr20","35582405","35582711","36","81829348"
"chr11","117413679","117413989","chr7","154570538","154570845","38","37156859"
"chr11","117515058","117515335","chr22","14144848","14145128","51","103370210"
"chr11","117546939","117547239","chr3","3628864","3629165","36","113918075"
"chr11","117624809","117625122","chr14","45077767","45078073","42","72547042"
"chr11","117668283","117668560","chr1","161940320","161940594","43","44272037"
"chr11","117881065","117881382","chr9","74575275","74575588","43","43305790"
"chr11","118085222","118085512","chr5","140837764","140838057","41","22752542"
"chr11","118325667","118325952","chr3","12024603","12024895","36","106301064"
"chr11","118423214","118423524","chr12","119216434","119216745","29","793220"
"chr11","118468555","118468854","chr20","36320473","36320769","35","82148082"
"chr11","118499596","118499898","chr13","11345127","11345439","65","107154469"
"chr11","118592938","118593261","chr11","75287317","75287634","44","43305621"
"chr11","118751264","118751584","chr12","119551267","119551587","24","800003"
"chr11","118833188","118833480","chr3","50330994","50331289","46","68502194"
"chr11","118874002","118874319","chr20","42366663","42366973","47","76507339"
"chr11","118889718","118890029","chr4","179466004","179466310","33","60576286"
"chr11","119010006","119010316","chr2B","72409719","72410029","35","46600287"
"chr11","119107465","119107783","chr17","38608208","38608518","42","80499257"
"chr11","119185726","119186028","chr12","119980144","119980438","39","794418"
"chr11","119485687","119485895","chr8","68569506","68569711","44","50916181"
"chr11","119523328","119523637","chr2B","56727034","56727344","45","62796294"
"chr11","119538908","119539175","chr12","120351587","120351820","55","812679"
"chr11","119540514","119540806","chr13","11347767","11348060","40","108192747"
"chr11","119545216","119545475","chr10","140684085","140684354","45","21138869"
"chr11","119659600","119659902","chrX","123609498","123609802","42","3949898"
"chr11","119688147","119688233","chr2A","31466957","31467041","13","88221190"
"chr11","119695898","119696207","chr12","120507192","120507491","31","811294"
"chr11","119828359","119828671","chrX","134880203","134880513","37","15051844"
"chr11","119861438","119861746","chr1","161222414","161222718","40","41360976"
"chr11","120127772","120128061","chr19","46266732","46267017","48","73861040"
"chr11","120147869","120148183","chr14","20972619","20972931","37","99175250"
"chr11","120238523","120238818","chr22","30343256","30343556","50","89895267"
"chr11","120277572","120277875","chr15","52874335","52874637","32","67403237"
"chr11","120328659","120328966","chr14","34284807","34285111","40","86043852"
"chr11","120420043","120420347","chr12","21276435","21276745","41","99143608"
"chr11","120485971","120486280","chr14","23916952","23917265","37","96569019"
"chr11","120504076","120504385","chr12","121287791","121288100","26","783715"
"chr11","120508325","120508611","chr12","121291583","121291862","44","783258"
"chr11","120542373","120542682","chr2A","10355583","10355893","36","110186790"
"chr11","120568126","120568431","chr3","55843499","55843803","34","64724627"
"chr11","120588987","120589295","chr12","121374115","121374423","38","785128"
"chr11","120642155","120642214","chr20","33102270","33102327","12","87539885"
"chr11","120698658","120698972","chr1","21262166","21262476","38","99436492"
"chr11","120716914","120717224","chr1","205194362","205194670","37","84477448"
"chr11","120735971","120736285","chr17","24583359","24583669","46","96152612"
"chr11","120826087","120826390","chr1","35990880","35991182","36","84835207"
"chr11","120876585","120876850","chr12","121648833","121649127","51","772248"
"chr11","120898193","120898517","chr19","37033774","37034097","43","83864419"
"chr11","120921362","120921658","chr2A","59985648","59985942","38","60935714"
"chr11","120936983","120937295","chr1","132554974","132555276","34","11617991"
"chr11","120991253","120991559","chr1","191149848","191150155","45","70158595"
"chr11","121003146","121003456","chr15","67619999","67620309","32","53383147"
"chr11","121007733","121008025","chr12","121776975","121777273","27","769242"
"chr11","121011878","121012188","chr7","157158836","157159147","44","36146958"
"chr11","121074218","121074507","chr4","155657331","155657621","47","34583113"
"chr11","121130326","121130628","chr12","121900054","121900346","33","769728"
"chr11","121149459","121149730","chr12","121918075","121918338","32","768616"
"chr11","121159269","121159581","chr12","21276435","21276745","37","99882834"
"chr11","121213156","121213423","chr12","76915481","76915745","43","44297675"
"chr11","121221269","121221409","chr11","65585260","65585396","26","55636009"
"chr11","121250233","121250540","chr10","36119294","36119606","40","85130939"
"chr11","121265790","121266101","chr9","74575275","74575588","45","46690515"
"chr11","121353195","121353470","chr4","83955527","83955809","34","37397668"
"chr11","121458878","121459193","chr12","122214672","122214988","45","755794"
"chr11","121460124","121460411","chr3","200864068","200864353","42","79403944"
"chr11","121488324","121488507","chr1","180285522","180285755","77","58797198"
"chr11","121492710","121493010","chr4","10687813","10688124","45","110804897"
"chr11","121502739","121503034","chr15","317863","318162","52","121184876"
"chr11","121520618","121520894","chr4","155657331","155657621","47","34136713"
"chr11","121525499","121525688","chr7","140066600","140066786","29","18541101"
"chr11","121594016","121594325","chr2B","122501056","122501369","43","907040"
"chr11","121621997","121622307","chr7","45520039","45520349","44","76101958"
"chr11","121647151","121647450","chr2A","79159701","79160000","37","42487450"
"chr11","121653747","121654038","chr6","39058088","39058377","32","82595659"
"chr11","121695971","121696267","chr22","26546615","26546905","43","95149356"
"chr11","121791478","121791729","chr5","35568759","35569015","41","86222719"
"chr11","121805031","121805352","chr7","78588198","78588511","74","43216833"
"chr11","121815266","121815536","chr7","95873950","95874217","56","25941316"
"chr11","121831186","121831476","chrX","130016928","130017217","35","8185742"
"chr11","121877022","121877319","chr20","36320473","36320769","46","85556549"
"chr11","121927633","121927944","chr2A","21134848","21135157","42","100792785"
"chr11","121935376","121935674","chrX","69262549","69262839","37","52672827"
"chr11","121962253","121962543","chr4","154399744","154400023","49","32437491"
"chr11","121994556","121994840","chrX","38726004","38726297","40","83268552"
"chr11","122042901","122043187","chr17","81504650","81504947","45","40538251"
"chr11","122043760","122044072","chr4","95082750","95083064","39","26961010"
"chr11","122050951","122051246","chr6","54669996","54670289","33","67380955"
"chr11","122062661","122062970","chr12","122792162","122792468","43","729501"
"chr11","122188612","122188911","chr11","61561439","61561735","45","60627173"
"chr11","122223184","122223484","chr10","111057945","111058242","49","11165239"
"chr11","122381447","122381758","chr9","74575275","74575588","35","47806172"
"chr11","122462908","122463225","chr7","134871506","134871819","47","12408598"
"chr11","122507185","122507498","chr12","123237741","123238053","32","730556"
"chr11","122599753","122600065","chr10","86782884","86783195","42","35816869"
"chr11","122619913","122620194","chr12","123348629","123348915","32","728716"
"chr11","122630614","122630711","chrX","31088971","31089069","14","91541643"
"chr11","122700354","122700414","chr3","22530175","22530244","17","100170179"
"chr11","122734910","122735210","chr12","123456943","123457253","34","722033"
"chr11","122765194","122765506","chr5","162326402","162326716","31","39561208"
"chr11","122857128","122857447","chr1","40966383","40966697","55","81890745"
"chr11","122877209","122877393","chr12","123620451","123620628","33","743242"
"chr11","122877728","122877810","chr12","123620909","123620994","8","743181"
"chr11","122986678","122986991","chr2B","65741490","65741803","39","57245188"
"chr11","123055298","123055587","chr11","67665751","67666043","37","55389547"
"chr11","123070933","123071235","chr6","169689147","169689442","41","46618214"
"chr11","123286419","123286609","chr5","85482137","85482314","39","37804282"
"chr11","123419583","123419679","chr4","140514921","140515016","13","17095338"
"chr11","123420854","123421163","chr10","136766798","136767102","48","13345944"
"chr11","123480522","123480607","chr7","40926152","40926235","10","82554370"
"chr11","123480821","123481049","chr1","211190774","211191001","46","87709953"
"chr11","123557833","123558133","chr12","124274772","124275072","28","716939"
"chr11","123591702","123591992","chr12","124308270","124308562","23","716568"
"chr11","123675992","123676296","chr1","131010241","131010539","35","7334249"
"chr11","123978655","123978945","chr4","171953878","171954174","41","47975223"
"chr11","124049466","124049754","chr8","82724083","82724367","40","41325383"
"chr11","124064182","124064478","chr1","115102960","115103258","39","8961222"
"chr11","124067619","124067918","chr11","17305005","17305310","40","106762614"
"chr11","124085463","124085773","chr10","136766798","136767102","46","12681335"
"chr11","124130509","124130805","chr3","196115415","196115713","33","71984906"
"chr11","124217666","124217965","chr9","59842059","59842366","34","64375607"
"chr11","124234605","124234891","chr11","68121528","68121809","49","56113077"
"chr11","124240772","124240970","chr8","68569506","68569711","36","55671266"
"chr11","124263654","124263962","chr1","132554974","132555276","36","8291320"
"chr11","124299466","124299754","chr8","54146840","54147130","34","70152626"
"chr11","124391273","124391503","chr20","31049038","31049266","35","93342235"
"chr11","124410424","124410699","chr4","83955527","83955809","34","40454897"
"chr11","124421544","124421831","chr12","59907829","59908121","43","64513715"
"chr11","124538155","124538448","chr12","125272088","125272390","32","733933"
"chr11","124622158","124622457","chr12","78558197","78558505","44","46063961"
"chr11","124642298","124642592","chr10","16102299","16102594","30","108539999"
"chr11","124667933","124668222","chr1","31409949","31410230","48","93257984"
"chr11","124734614","124734919","chr19","38050513","38050826","44","86684101"
"chr11","125042144","125042451","chr12","125783923","125784232","29","741779"
"chr11","125324938","125325207","chr1","24189834","24190118","41","101135104"
"chr11","125377584","125377885","chr3","187177539","187177847","39","61799955"
"chr11","126108279","126108595","chr17","28027747","28028064","44","98080532"
"chr11","126111683","126111968","chr10","143356862","143357167","58","17245179"
"chr11","126129928","126130253","chr8","25754244","25754574","45","100375684"
"chr11","126197929","126198235","chr7","72899498","72899802","40","53298431"
"chr11","126232431","126232734","chr2B","16242998","16243299","34","109989433"
"chr11","126315741","126316059","chr11","72786177","72786489","52","53529564"
"chr11","126422183","126422448","chr17","6033058","6033324","39","120389125"
"chr11","126462909","126463207","chr8","141580771","141581074","38","15117862"
"chr11","126684522","126684820","chr2A","10348885","10349185","39","116335637"
"chr11","126840674","126840968","chr7","132389917","132390213","41","5549243"
"chr11","127151597","127151890","chr10","16102299","16102594","37","111049298"
"chr11","127250556","127250839","chr8","75537402","75537690","37","51713154"
"chr11","127397302","127397599","chr12","128301412","128301709","28","904110"
"chr11","127784085","127784383","chr12","128703897","128704179","35","919812"
"chr11","128003936","128004255","chr5","10868671","10868985","50","117135265"
"chr11","128040509","128040807","chr12","128966343","128966645","30","925834"
"chr11","128060902","128061198","chr3","3628864","3629165","42","124432038"
"chr11","128112706","128113022","chr3","200810389","200810699","49","72697683"
"chr11","128208390","128208706","chr11","3469546","3469855","52","124738844"
"chr11","128657986","128658282","chr17","8465111","8465410","38","120192875"
"chr11","128907328","128907621","chrUn_CABD030131550v1","8094","8384","36","128899234"
"chr11","128996944","128997231","chr14","9925289","9925585","34","119071655"
"chr11","129118216","129118510","chr11","17305005","17305310","46","111813211"
"chr11","129553622","129553916","chr6","169689147","169689442","38","40135525"
"chr11","129645913","129646167","chr3","67751426","67751684","39","61894487"
"chr11","129773533","129773821","chr7","154438682","154438977","36","24665149"
"chr11","130058130","130058437","chr17","24583359","24583669","41","105474771"
"chr11","130095930","130096225","chr11","124733158","124733462","40","5362772"
"chr11","130704652","130704722","chr3","86515380","86515455","21","44189272"
"chr11","130794985","130795300","chr3","49274363","49274680","43","81520622"
"chr11","130816415","130816575","chr4","48588512","48588669","27","82227903"
"chr11","130825249","130825335","chrUn_CABD030133092v1","1","88","12","130825248"
"chr11","130900316","130900611","chr18","42309128","42309423","34","88591188"
"chr11","130938268","130938558","chr1","36184591","36184878","45","94753677"
"chr11","130994637","130994958","chr9","74575275","74575588","46","56419362"
"chr11","131180537","131180859","chr8","96727720","96728035","62","34452817"
"chr11","131241230","131241542","chr10","140604064","140604370","34","9362834"
"chr11","131246141","131246450","chr17","79404094","79404401","33","51842047"
"chr11","131340466","131340570","chr7","134662113","134662215","20","3321647"
"chr11","131340682","131340879","chr14","24974973","24975187","47","106365709"
"chr11","131507699","131507995","chr12","121420385","121420680","33","10087314"
"chr11","131514834","131514936","chr13","9852334","9852425","18","121662500"
"chr11","131792132","131792428","chr17","81504650","81504947","29","50287482"
"chr11","131828706","131828997","chr9","70388865","70389159","41","61439841"
"chr11","131841245","131841531","chr12","133009617","133009903","24","1168372"
"chr11","131889127","131889421","chrX","48041286","48041580","36","83847841"
"chr11","131918689","131918863","chr19","38058960","38059140","22","93859729"
"chr11","131935507","131935811","chr12","133110074","133110382","34","1174567"
"chr11","131936912","131937212","chr3","100561340","100561640","34","31375572"
"chr11","131967808","131968107","chr12","133158697","133158998","32","1190889"
"chr11","131994072","131994384","chr4","48585107","48585416","40","83408965"
"chr11","132000161","132000436","chr10","106607864","106608139","28","25392297"
"chr11","132088176","132088475","chr12","8693113","8693410","41","123395063"
"chr12","2227968","2228309","chr2B","31929327","31929657","41","29701359"
"chr12","33947606","33947864","chr1","206392101","206392374","52","172444495"
"chr12","17637","17936","chr21","4385761","4386069","28","4368124"
"chr12","418971","419275","chr9","59842059","59842366","39","59423088"
"chr12","583868","584190","chr10","111864529","111864838","51","111280661"
"chr12","706755","707055","chr7","23518363","23518665","30","22811608"
"chr12","874535","874849","chr5","155562417","155562734","41","154687882"
"chr12","1055939","1056181","chr2B","30778127","30778363","30","29722188"
"chr12","1540257","1540542","chr3","200864068","200864353","42","199323811"
"chr12","2112046","2112367","chr1","54464452","54464778","52","52352406"
"chr12","2723047","2723313","chr2A","1587097","1587372","42","1135950"
"chr12","3141199","3141346","chr3","180313918","180314068","27","177172719"
"chr12","3683348","3683531","chr15","4092119","4092319","45","408771"
"chr12","4022898","4023201","chr2A","91578176","91578477","45","87555278"
"chr12","4095964","4096152","chr2B","33769829","33770025","30","29673865"
"chr12","4506169","4506388","chr2B","34173941","34174155","23","29667772"
"chr12","4807568","4807887","chr1","205194362","205194670","52","200386794"
"chr12","5327775","5328085","chr18","8820811","8821121","38","3493036"
"chr12","6042423","6042732","chr6","37682797","37683102","43","31640374"
"chr12","6200739","6201041","chr5","69766597","69766899","39","63565858"
"chr12","6503207","6503509","chr19","15918497","15918807","47","9415290"
"chr12","6876241","6876527","chr4","193440825","193441116","41","186564584"
"chr12","7648208","7648521","chr1","109323755","109324067","38","101675547"
"chr12","8064058","8064343","chr2B","37769628","37769929","48","29705570"
"chr12","8619188","8619500","chr14","23916952","23917265","57","15297764"
"chr12","8679811","8680093","chr2B","38414879","38415161","35","29735068"
"chr12","8724731","8725024","chr4","155657331","155657621","39","146932600"
"chr12","9351523","9351835","chr7","134871506","134871819","39","125519983"
"chr12","9834476","9834757","chr3","48723113","48723394","39","38888637"
"chr12","9982589","9982901","chr16","9190501","9190812","36","792088"
"chr12","10368957","10369257","chr15","52874335","52874637","35","42505378"
"chr12","10586469","10586786","chr12","3042424","3042732","46","7544045"
"chr12","10613557","10613860","chr2B","40347227","40347524","31","29733670"
"chr12","10887472","10887774","chr5","25671437","25671735","38","14783965"
"chr12","11211463","11211776","chr2B","40950095","40950404","41","29738632"
"chr12","11469544","11469833","chr3","3628864","3629165","64","7840680"
"chr12","11775076","11775375","chr1","17294822","17295124","40","5519746"
"chr12","12821903","12822215","chr11","69456323","69456634","37","56634420"
"chr12","13003675","13003978","chrX","51034227","51034538","45","38030552"
"chr12","13227404","13227714","chr5","13160492","13160798","38","66912"
"chr12","13254315","13254623","chr22","34538362","34538671","42","21284047"
"chr12","13280937","13281228","chr6","85524282","85524576","36","72243345"
"chr12","13526275","13526585","chr2B","43362336","43362631","40","29836061"
"chr12","13583951","13584250","chr2B","43424140","43424432","41","29840189"
"chr12","13606689","13607008","chr1","22955832","22956145","48","9349143"
"chr12","13659218","13659518","chr1","27021093","27021389","49","13361875"
"chr12","13690893","13691186","chr21","34043237","34043533","44","20352344"
"chr12","13697895","13698173","chr10","17871324","17871602","35","4173429"
"chr12","13714449","13714734","chr2A","59985648","59985942","39","46271199"
"chr12","13741475","13741768","chr2B","43569204","43569501","32","29827729"
"chr12","14189055","14189364","chr1","135335882","135336186","38","121146827"
"chr12","14353415","14353723","chr2B","44213774","44214081","22","29860359"
"chr12","14388538","14388823","chr12","124308270","124308562","40","109919732"
"chr12","14486091","14486403","chr20","14840556","14840866","36","354465"
"chr12","14662290","14662595","chr10","121813796","121814102","38","107151506"
"chr12","14722152","14722461","chr2A","97932797","97933108","46","83210645"
"chr12","14785289","14785605","chr6","16571767","16572071","47","1786478"
"chr12","14880036","14880312","chrX","108205800","108206083","42","93325764"
"chr12","14909240","14909558","chr17","38608208","38608518","43","23698968"
"chr12","15109545","15109808","chr5","25439434","25439692","53","10329889"
"chr12","15159610","15159932","chr7","5261405","5261726","56","9898205"
"chr12","15786709","15787023","chr17","79404094","79404401","45","63617385"
"chr12","16087052","16087351","chr1","93824549","93824847","41","77737497"
"chr12","16740054","16740352","chr12","8693113","8693410","36","8046941"
"chr12","16778385","16778716","chr11","76075200","76075527","58","59296815"
"chr12","16878618","16878861","chr2B","47086442","47086665","48","30207824"
"chr12","16914059","16914364","chr4","133128211","133128521","52","116214152"
"chr12","17619789","17620060","chr2B","47831829","47832111","31","30212040"
"chr12","17882282","17882581","chr3","135591702","135592003","35","117709420"
"chr12","18407568","18407874","chr7","75795144","75795454","45","57387576"
"chr12","18427300","18427564","chr8","98770532","98770800","50","80343232"
"chr12","18847621","18847902","chr11","46969394","46969676","39","28121773"
"chr12","18864253","18864564","chr1","22955832","22956145","41","4091579"
"chr12","19211005","19211305","chr2B","49485143","49485438","29","30274138"
"chr12","19619556","19619878","chr13","73739367","73739690","39","54119811"
"chr12","19764823","19765130","chr17","79404094","79404401","37","59639271"
"chr12","19829619","19829909","chr9","81354291","81354584","44","61524672"
"chr12","20415137","20415450","chr14","74671804","74672116","42","54256667"
"chr12","20701173","20701464","chr6","169689147","169689442","36","148987974"
"chr12","20786485","20786794","chr7","72899498","72899802","45","52113013"
"chr12","20804437","20804735","chr10","108870200","108870501","41","88065763"
"chr12","20885713","20886007","chr8","77189674","77189971","37","56303961"
"chr12","21000557","21000862","chr2B","51367260","51367570","27","30366703"
"chr12","21049581","21049867","chr1","35990880","35991182","42","14941299"
"chr12","21100379","21100658","chr1","144529989","144530282","50","123429610"
"chr12","21249581","21249863","chr3","200864068","200864353","41","179614487"
"chr12","21397864","21398176","chr17","9809898","9810208","43","11587966"
"chr12","21459993","21460290","chr2B","51832305","51832612","28","30372312"
"chr12","21507717","21508019","chr21","27515147","27515449","44","6007430"
"chr12","21518274","21518534","chrX","134437827","134438085","41","112919553"
"chr12","21641784","21642080","chr1","38186753","38187049","35","16544969"
"chr12","21760470","21760777","chr2B","95168475","95168788","40","73408005"
"chr12","22181606","22181937","chr6","172892387","172892713","48","150710781"
"chr12","22295753","22296063","chr6","35622489","35622796","39","13326736"
"chr12","22343330","22343646","chr12","8706461","8706771","39","13636869"
"chr12","22623378","22623690","chr17","79404094","79404401","43","56780716"
"chr12","23065806","23066105","chr2B","53478845","53479145","23","30413039"
"chr12","23318171","23318484","chr15","67619999","67620309","39","44301828"
"chr12","23496122","23496450","chr2B","53883814","53884100","67","30387692"
"chr12","23933761","23934049","chr22","14144848","14145128","55","9788913"
"chr12","24547694","24548005","chr19","29025419","29025728","45","4477725"
"chr12","25451617","25451918","chr1","194446199","194446496","41","168994582"
"chr12","25558174","25558481","chr2A","9923858","9924164","50","15634316"
"chr12","25785501","25785622","chr2B","56127986","56128104","18","30342485"
"chr12","25898960","25899261","chr2B","56241538","56241842","29","30342578"
"chr12","26398507","26398812","chr2B","56727034","56727344","32","30328527"
"chr12","26640055","26640324","chr15","52950317","52950594","54","26310262"
"chr12","26931380","26931689","chr12","3042424","3042732","45","23888956"
"chr12","27286582","27286867","chrX","15111185","15111467","43","12175397"
"chr12","27579536","27579811","chr10","33643464","33643739","52","6063928"
"chr12","27579815","27580122","chr2B","57921272","57921581","35","30341457"
"chr12","27608289","27608568","chrX","108626661","108626941","37","81018372"
"chr12","27804617","27804925","chr5","26135906","26136209","37","1668711"
"chr12","27847027","27847347","chr1","191149848","191150155","48","163302821"
"chr12","27945379","27945542","chr5","144011706","144011861","25","116066327"
"chr12","27967650","27967973","chr1","54464452","54464778","44","26496802"
"chr12","28327502","28327807","chr2A","81872121","81872429","45","53544619"
"chr12","28584108","28584364","chr6","68552195","68552464","55","39968087"
"chr12","29239721","29240032","chr2B","59613575","59613878","33","30373854"
"chr12","29607007","29607271","chr8","146076240","146076523","53","116469233"
"chr12","29630437","29630678","chr18","20906366","20906616","48","8724071"
"chr12","29671002","29671298","chr9","120262125","120262421","35","90591123"
"chr12","30072726","30073033","chr2B","60505952","60506256","28","30433226"
"chr12","30119381","30119697","chr2A","10355583","10355893","40","19763798"
"chr12","30294809","30295113","chr2B","60723652","60723978","40","30428843"
"chr12","30586686","30587006","chr2B","95168475","95168788","39","64581789"
"chr12","30755506","30755807","chr10","136766798","136767102","33","106011292"
"chr12","30915961","30916077","chr5","117795562","117795676","9","86879601"
"chr12","31305047","31305359","chr4","106451241","106451549","40","75146194"
"chr12","31350571","31350872","chr13","34006475","34006766","54","2655904"
"chr12","31365614","31365927","chr2B","61813480","61813800","29","30447866"
"chr12","31635017","31635337","chr1","54464452","54464778","49","22829435"
"chr12","31640200","31640503","chr11","107106280","107106579","38","75466080"
"chr12","31795462","31795766","chr1","132554974","132555276","43","100759512"
"chr12","31810723","31811006","chr2B","62244200","62244496","36","30433477"
"chr12","31857284","31857591","chr10","45646188","45646499","46","13788904"
"chr12","31868444","31868728","chr2B","62299375","62299670","38","30430931"
"chr12","31917314","31917610","chr2B","62355349","62355658","33","30438035"
"chr12","32026588","32026683","chr1","205503073","205503169","17","173476485"
"chr12","32026751","32027055","chr2A","21134848","21135157","39","10891903"
"chr12","32151815","32152113","chr10","148291860","148292160","52","116140045"
"chr12","32369969","32370282","chr10","36119294","36119606","37","3749325"
"chr12","32508908","32509221","chr20","13403253","13403563","40","19105655"
"chr12","32621801","32622077","chr14","30944969","30945253","42","1676832"
"chr12","32634944","32635035","chr5","86613503","86613587","35","53978559"
"chr12","32635761","32635919","chr3","32744067","32744225","30","108306"
"chr12","32639526","32639823","chr2B","63082256","63082565","38","30442730"
"chr12","32649013","32649321","chr2A","83657439","83657747","36","51008426"
"chr12","32793221","32793523","chr2B","63224537","63224845","24","30431316"
"chr12","32814737","32815035","chrX","116307008","116307313","40","83492271"
"chr12","32839362","32839670","chr2B","63268848","63269149","28","30429486"
"chr12","32893547","32893837","chr1","144529989","144530282","39","111636442"
"chr12","32900399","32900674","chr2B","63328498","63328782","30","30428099"
"chr12","32939409","32939702","chr7","132389917","132390213","37","99450508"
"chr12","32993338","32993630","chr2B","63423928","63424219","27","30430590"
"chr12","33090854","33091119","chr12","131788345","131788608","40","98697491"
"chr12","33118789","33119053","chr12","131788345","131788608","53","98669556"
"chr12","33196923","33197270","chr2B","63628585","63628926","35","30431662"
"chr12","33203819","33204130","chr17","9809898","9810208","39","23393921"
"chr12","33217156","33217442","chr15","48096690","48096980","30","14879534"
"chr12","33270726","33271039","chr1","13582785","13583095","35","19687941"
"chr12","33295051","33295366","chr2A","79839508","79839818","44","46544457"
"chr12","33456674","33456977","chr12","36414589","36414899","45","2957915"
"chr12","33629493","33629792","chr2B","64121831","64122127","25","30492338"
"chr12","33757217","33757532","chr7","127657301","127657615","39","93900084"
"chr12","33830493","33830802","chr20","35582405","35582711","39","1751912"
"chr12","33863575","33863873","chr8","54146840","54147130","42","20283265"
"chr12","34049683","34049982","chr1","27021093","27021389","50","7028590"
"chr12","34432626","34432923","chr2B","64909567","64909864","24","30476941"
"chr12","34558429","34558734","chrX","97594986","97595289","38","63036557"
"chr12","34733080","34733377","chr5","64763044","64763340","35","30029964"
"chr12","34991297","34991590","chr8","19042781","19043092","53","15948516"
"chr12","35004089","35004341","chr11","44912632","44912889","49","9908543"
"chr12","35043134","35043435","chrX","36406749","36407049","42","1363615"
"chr12","35239079","35239393","chr9","74575275","74575588","41","39336196"
"chr12","35299823","35300114","chr2B","65800002","65800297","32","30500179"
"chr12","35329174","35329486","chrX","41587872","41588178","36","6258698"
"chr12","35782008","35782300","chr12","59907829","59908121","36","24125821"
"chr12","35837355","35837655","chr2B","66331842","66332135","37","30494487"
"chr12","35898377","35898669","chr5","36374695","36374994","35","476318"
"chr12","35913953","35914251","chr10","111864529","111864838","45","75950576"
"chr12","36188452","36188752","chr1","27021093","27021389","33","9167359"
"chr12","36205311","36205621","chr2B","66703341","66703653","30","30498030"
"chr12","36207376","36207681","chrX","102608865","102609168","41","66401489"
"chr12","36338246","36338549","chr1","185054973","185055268","52","148716727"
"chr12","36409077","36409399","chr9","73383977","73384295","46","36974900"
"chr12","36437325","36437638","chr7","72803004","72803316","31","36365679"
"chr12","36439761","36439940","chr15","7627482","7627659","28","28812279"
"chr12","36549527","36549840","chr13","20775986","20776294","48","15773541"
"chr12","36720085","36720384","chrX","41271607","41271912","35","4551522"
"chr12","37206460","37206766","chr2B","67639761","67640058","29","30433301"
"chr12","37340099","37340424","chr2B","67775275","67775579","41","30435176"
"chr12","37376210","37376520","chr13","8634043","8634347","47","28742167"
"chr12","37784414","37784725","chr16","50835020","50835321","44","13050606"
"chr12","37894238","37894448","chr2B","68372458","68372677","24","30478220"
"chr12","38100817","38101012","chr9","26058618","26058796","46","12042199"
"chr12","38185675","38185927","chr1","66580123","66580404","52","28394448"
"chr12","38216749","38217060","chr1","183349267","183349580","35","145132518"
"chr12","38364636","38364945","chr13","58925655","58925966","40","20561019"
"chr12","38372868","38373171","chr2B","68932473","68932752","47","30559605"
"chr12","38595279","38595588","chr17","38608208","38608518","37","12929"
"chr12","38653317","38653607","chr16","12186594","12186889","36","26466723"
"chr12","38808580","38808862","chr15","46138105","46138386","37","7329525"
"chr12","39062047","39062360","chr2A","10355583","10355893","34","28706464"
"chr12","39079976","39080281","chr14","35491174","35491482","41","3588802"
"chr12","39110755","39111069","chr2B","69698112","69698415","31","30587357"
"chr12","39151298","39151622","chr5","162326402","162326716","76","123175104"
"chr12","39421126","39421437","chr2B","70011972","70012284","38","30590846"
"chr12","39905703","39906014","chr20","14840556","14840866","41","25065147"
"chr12","40056401","40056714","chrX","97594986","97595289","41","57538585"
"chr12","40199640","40199906","chrX","119746098","119746358","42","79546458"
"chr12","40228003","40228307","chr3","135591702","135592003","42","95363699"
"chr12","40818659","40818738","chr19","18038341","18038412","14","22780318"
"chr12","41230907","41231221","chr2B","95168475","95168788","32","53937568"
"chr12","41311330","41311641","chr9","108229509","108229814","41","66918179"
"chr12","41532204","41532411","chr12","95133984","95134201","38","53601780"
"chr12","41560472","41560779","chr6","6752789","6753094","49","34807683"
"chr12","41664804","41665117","chr2B","72409719","72410029","26","30744915"
"chr12","41793015","41793317","chr20","37087470","37087767","46","4705545"
"chr12","41806405","41806707","chr1","193093295","193093604","46","151286890"
"chr12","41987826","41988129","chr7","29021792","29022096","46","12966034"
"chr12","42020380","42020667","chr9","111831521","111831814","42","69811141"
"chr12","42470745","42470918","chr16","39078882","39079044","36","3391863"
"chr12","42532502","42532770","chr2B","73324277","73324546","34","30791775"
"chr12","42843084","42843363","chr19","16298872","16299156","44","26544212"
"chr12","44063426","44063741","chr1","133281170","133281483","44","89217744"
"chr12","44447507","44447802","chr17","81504650","81504947","41","37057143"
"chr12","44533567","44533881","chr12","3042424","3042732","48","41491143"
"chr12","44661720","44662015","chr12","59907829","59908121","43","15246109"
"chr12","44669416","44669712","chr13","33361251","33361548","29","11308165"
"chr12","44740720","44740862","chr1","182764692","182764839","19","138023972"
"chr12","44890139","44890310","chr12","32666140","32666316","28","12223999"
"chr12","44952497","44952809","chr17","4353432","4353743","41","40599065"
"chr12","44954197","44954481","chr12","79066133","79066418","42","34111936"
"chr12","45086360","45086666","chr2B","75866477","75866777","54","30780117"
"chr12","45110066","45110353","chr2B","75890496","75890781","22","30780430"
"chr12","45439434","45439761","chr3","20461146","20461481","66","24978288"
"chr12","45558079","45558368","chr2B","76357599","76357891","36","30799520"
"chr12","45594803","45595096","chr2B","76393675","76393978","32","30798872"
"chr12","46247714","46248024","chr2A","10355583","10355893","44","35892131"
"chr12","46585757","46586061","chr2B","77414551","77414871","50","30828794"
"chr12","48074754","48075035","chrX","36693904","36694182","43","11380850"
"chr12","48174876","48175185","chr21","13380687","13380997","36","34794189"
"chr12","48188873","48189182","chr5","39364453","39364757","46","8824420"
"chr12","48219481","48219792","chr17","38608208","38608518","41","9611273"
"chr12","48387505","48387793","chrUn_CABD030131550v1","8094","8384","41","48379411"
"chr12","48448091","48448354","chr12","76915481","76915745","40","28467390"
"chr12","48453062","48453374","chr2B","79273674","79273979","27","30820612"
"chr12","48471199","48471529","chr12","12300417","12300745","45","36170782"
"chr12","48473897","48474206","chr2B","79292979","79293291","34","30819082"
"chr12","49834293","49834602","chr2B","80664021","80664332","26","30829728"
"chr12","49892054","49892366","chr2B","80727391","80727695","29","30835337"
"chr12","49893115","49893427","chr2B","80727391","80727695","29","30834276"
"chr12","49953419","49953688","chr4","99159137","99159409","50","49205718"
"chr12","50019959","50020250","chr1","27021093","27021389","45","22998866"
"chr12","50125683","50125784","chr11","109788166","109788265","19","59662483"
"chr12","50301686","50302002","chr4","99314811","99315110","53","49013125"
"chr12","51003855","51004022","chr5","18186176","18186342","30","32817679"
"chr12","51736718","51737023","chr7","2226237","2226538","59","49510481"
"chr12","52779676","52779992","chr2A","79982783","79983078","74","27203107"
"chr12","53476527","53476823","chrUn_CABD030131562v1","10668","10965","33","53465859"
"chr12","53655225","53655412","chr19","35554371","35554562","17","18100854"
"chr12","53867768","53868079","chr2B","84864503","84864818","38","30996735"
"chr12","54368527","54368835","chr20","50942392","50942702","42","3426135"
"chr12","54375999","54376314","chr7","18509561","18509873","49","35866438"
"chr12","54487235","54487526","chr15","58569560","58569854","44","4082325"
"chr12","55273402","55273680","chr5","156331487","156331763","45","101058085"
"chr12","55966634","55966942","chr9","11475783","11476095","40","44490851"
"chr12","56342710","56343020","chr2A","10355583","10355893","45","45987127"
"chr12","57288587","57288886","chr15","52874335","52874637","38","4414252"
"chr12","57313708","57314013","chr10","108870200","108870501","41","51556492"
"chr12","57357596","57357837","chr17","59539727","59540001","60","2182131"
"chr12","57430107","57430393","chr7","80077000","80077281","47","22646893"
"chr12","57486728","57487006","chr2B","88510959","88511236","27","31024231"
"chr12","57887921","57888231","chr4","198295008","198295316","33","140407087"
"chr12","58247371","58247648","chr10","106607864","106608139","34","48360493"
"chr12","58283983","58284285","chr18","64897625","64897930","41","6613642"
"chr12","58543334","58543644","chr1","211775895","211776197","36","153232561"
"chr12","58576244","58576560","chr5","22049247","22049559","40","36526997"
"chr12","58665098","58665411","chr2B","89698722","89699046","47","31033624"
"chr12","58941460","58941762","chr2B","89993348","89993659","34","31051888"
"chr12","59061177","59061374","chr19","35554371","35554562","34","23506806"
"chr12","59095470","59095777","chr5","164523015","164523323","52","105427545"
"chr12","59095781","59096065","chr3","191348132","191348416","35","132252351"
"chr12","59133404","59133689","chr9","9953581","9953870","45","49179823"
"chr12","59184839","59185025","chr11","14210276","14210463","29","44974563"
"chr12","59198985","59199269","chr1","95437365","95437651","46","36238380"
"chr12","60010707","60010992","chr2B","91079431","91079720","30","31068724"
"chr12","60379022","60379278","chr2B","91452599","91452856","13","31073577"
"chr12","61165582","61165899","chr4","151748421","151748728","48","90582839"
"chr12","61218704","61218993","chr2B","92326526","92326818","35","31107822"
"chr12","61259972","61260286","chr20","35582405","35582711","40","25677567"
"chr12","61341268","61341401","chr2B","92437961","92438101","18","31096693"
"chr12","61525969","61526272","chr10","140604064","140604370","39","79078095"
"chr12","61528860","61529153","chr2B","92623386","92623687","38","31094526"
"chr12","61532984","61533278","chr12","59907829","59908121","27","1625155"
"chr12","61608686","61608999","chr2B","95168475","95168788","37","33559789"
"chr12","61610098","61610388","chr3","186504136","186504430","49","124894038"
"chr12","61726378","61726691","chr1","191149848","191150155","38","129423470"
"chr12","62398017","62398311","chr10","12632029","12632328","36","49765988"
"chr12","62479071","62479356","chr1","24189834","24190118","39","38289237"
"chr12","62690665","62690973","chr2B","93658028","93658336","19","30967363"
"chr12","62693986","62694262","chr4","83955527","83955809","35","21261541"
"chr12","62818715","62818997","chr2B","93780054","93780346","25","30961339"
"chr12","62888185","62888468","chr17","21655072","21655330","73","41233113"
"chr12","62894314","62894442","chr4","37948942","37949069","17","24945372"
"chr12","62898253","62898557","chr2B","93871675","93871985","38","30973422"
"chr12","62909103","62909417","chr2B","93882825","93883122","40","30973722"
"chr12","62952292","62952484","chr7","140066600","140066786","38","77114308"
"chr12","62961859","62962166","chr2B","93937876","93938191","35","30976017"
"chr12","62977543","62977856","chr10","36119294","36119606","42","26858249"
"chr12","63010363","63010621","chr1","162618317","162618589","51","99607954"
"chr12","63479603","63479904","chrX","15138629","15138928","42","48340974"
"chr12","63586284","63586596","chr12","8706461","8706771","36","54879823"
"chr12","63603791","63604096","chr17","55924536","55924834","49","7679255"
"chr12","63648075","63648381","chr2B","94583488","94583790","29","30935413"
"chr12","63670179","63670433","chr17","94417579","94417841","36","30747400"
"chr12","63777268","63777579","chr2B","94720404","94720712","20","30943136"
"chr12","63993548","63993870","chr6","37682797","37683102","46","26310751"
"chr12","64005043","64005355","chrX","51034227","51034538","29","12970816"
"chr12","64044801","64045113","chr1","160753833","160754142","44","96709032"
"chr12","64079470","64079793","chr7","72899498","72899802","49","8820028"
"chr12","64090054","64090350","chr5","160987933","160988228","39","96897879"
"chr12","64200325","64200628","chr2B","95168475","95168788","35","30968150"
"chr12","64213534","64213837","chr16","11108091","11108389","46","53105443"
"chr12","64256989","64257097","chr2B","95219985","95220093","9","30962996"
"chr12","64263888","64264201","chr8","103767519","103767832","40","39503631"
"chr12","64288282","64288589","chr10","118065990","118066302","35","53777708"
"chr12","64465123","64465363","chr2A","98400246","98400478","54","33935123"
"chr12","64542540","64542823","chr2B","95489528","95489813","31","30946988"
"chr12","64565105","64565398","chr12","59907829","59908121","33","4657276"
"chr12","64836769","64837064","chr1","45157923","45158217","38","19678846"
"chr12","64854895","64855217","chrX","97594986","97595289","59","32740091"
"chr12","65010509","65010772","chr12","131788345","131788608","45","66777836"
"chr12","65189615","65189926","chr1","109323755","109324067","37","44134140"
"chr12","65285033","65285339","chr10","121813796","121814102","43","56528763"
"chr12","65404296","65404566","chr12","118174703","118174968","45","52770407"
"chr12","65424690","65425001","chr1","160753833","160754142","35","95329143"
"chr12","65691264","65691553","chr19","52434338","52434622","47","13256926"
"chr12","65723100","65723365","chr10","106607864","106608139","47","40884764"
"chr12","65761487","65761762","chr17","77615943","77616210","44","11854456"
"chr12","66073481","66073793","chr7","127657301","127657615","35","61583820"
"chr12","66323189","66323482","chr4","194608401","194608688","44","128285212"
"chr12","66994428","66994754","chr2B","97968292","97968596","39","30973864"
"chr12","67031662","67031936","chr5","16295877","16296152","43","50735785"
"chr12","67122514","67122743","chr4","75262680","75262905","40","8140166"
"chr12","67354029","67354340","chr9","59842059","59842366","44","7511970"
"chr12","67429954","67430265","chr2B","98377839","98378150","30","30947885"
"chr12","67777260","67777559","chr1","45157923","45158217","38","22619337"
"chr12","68046156","68046445","chr3","101389533","101389827","43","33343377"
"chr12","68080061","68080361","chr6","6752789","6753094","43","61327272"
"chr12","68108622","68108930","chr20","35582405","35582711","37","32526217"
"chr12","68137672","68137964","chr13","33361251","33361548","36","34776421"
"chr12","68155997","68156298","chr14","15729349","15729651","35","52426648"
"chr12","68239051","68239351","chr8","142803773","142804071","42","74564722"
"chr12","68553135","68553445","chr7","127657301","127657615","31","59104166"
"chr12","68756433","68756736","chr2B","26885147","26885457","40","41871286"
"chr12","69170098","69170422","chr7","80058785","80059098","51","10888687"
"chr12","69420889","69421196","chr17","38608208","38608518","43","30812681"
"chr12","69602212","69602495","chr7","36740007","36740295","43","32862205"
"chr12","69663191","69663492","chr2A","98098346","98098646","35","28435155"
"chr12","69709026","69709339","chr13","62764436","62764745","37","6944590"
"chr12","69855652","69855949","chr1","28587631","28587928","37","41268021"
"chr12","70046979","70047276","chr2B","101011657","101011955","33","30964678"
"chr12","70085844","70086142","chr5","34981033","34981329","29","35104811"
"chr12","70186445","70186751","chr2B","101148569","101148875","25","30962124"
"chr12","70191868","70192176","chr2B","101154584","101154888","34","30962716"
"chr12","70204610","70204915","chr2A","21134848","21135157","44","49069762"
"chr12","70259988","70260284","chr2B","101245678","101245973","28","30985690"
"chr12","70274710","70275004","chr2B","101259905","101260203","31","30985195"
"chr12","70275490","70275805","chr22","15277783","15278092","39","54997707"
"chr12","70299468","70299780","chr14","77304145","77304459","38","7004677"
"chr12","70542636","70542915","chr7","2377370","2377652","37","68165266"
"chr12","70981830","70982136","chr15","78032181","78032486","29","7050351"
"chr12","71164811","71165112","chr17","9644327","9644622","41","61520484"
"chr12","71330978","71331278","chr14","25023031","25023330","41","46307947"
"chr12","71954256","71954536","chr2B","103077642","103077935","39","31123386"
"chr12","72245758","72246068","chr4","106451241","106451549","40","34205483"
"chr12","72438775","72439073","chr7","72899498","72899802","38","460723"
"chr12","73166218","73166500","chr1","24189834","24190118","39","48976384"
"chr12","73732979","73733133","chr2B","104911869","104912016","16","31178890"
"chr12","73865867","73866171","chr3","197346369","197346679","44","123480502"
"chr12","75133170","75133268","chr5","122001202","122001308","19","46868032"
"chr12","75291664","75291956","chr5","156184518","156184813","42","80892854"
"chr12","75589475","75589820","chr20","42366663","42366973","74","33222812"
"chr12","75923626","75923953","chr3","197346369","197346679","53","121422743"
"chr12","76096199","76096505","chr3","40085381","40085690","46","36010818"
"chr12","76211906","76212219","chr2A","81872121","81872429","40","5660215"
"chr12","76297025","76297333","chr2B","107518784","107519087","33","31221759"
"chr12","76371936","76372198","chrX","134562038","134562303","36","58190102"
"chr12","76562302","76562605","chr2B","107788856","107789162","34","31226554"
"chr12","76786295","76786592","chr14","24714586","24714893","53","52071709"
"chr12","77076879","77077167","chrUn_CABD030131550v1","8094","8384","35","77068785"
"chr12","77093940","77094242","chr2B","108344970","108345271","27","31251030"
"chr12","77200496","77200799","chr4","37953476","37953776","36","39247020"
"chr12","77205409","77205729","chr10","101337366","101337681","42","24131957"
"chr12","77212254","77212546","chr2B","108468019","108468318","38","31255765"
"chr12","77539057","77539360","chr2A","10355583","10355893","45","67183474"
"chr12","77613549","77613849","chr2B","99512257","99512553","39","21898708"
"chr12","77940564","77940875","chr6","17608929","17609236","40","60331635"
"chr12","78014567","78014863","chr3","12024603","12024895","37","65989964"
"chr12","78201067","78201365","chr3","144880561","144880847","59","66679494"
"chr12","78504380","78504686","chr2B","109840511","109840823","29","31336131"
"chr12","78578162","78578294","chr2B","109918485","109918618","20","31340323"
"chr12","78841113","78841392","chr16","15232771","15233053","41","63608342"
"chr12","79063333","79063632","chr2B","110390695","110390986","32","31327362"
"chr12","79711948","79712254","chr2B","111036318","111036618","37","31324370"
"chr12","79968811","79969116","chr2B","111287900","111288212","32","31319089"
"chr12","80182609","80182924","chrX","41587872","41588178","45","38594737"
"chr12","80189788","80190082","chr2B","111511854","111512144","18","31322066"
"chr12","80244156","80244445","chr5","26480986","26481273","39","53763170"
"chr12","80256371","80256665","chr22","21098200","21098493","39","59158171"
"chr12","80292710","80293002","chr1","115102960","115103258","37","34810250"
"chr12","80333874","80334181","chr11","27442623","27442932","42","52891251"
"chr12","80364099","80364405","chr4","106451241","106451549","31","26087142"
"chr12","80374159","80374466","chr17","62637737","62638033","59","17736422"
"chr12","80547109","80547408","chr7","72899498","72899802","36","7647611"
"chr12","80568076","80568403","chr4","172081793","172082101","57","91513717"
"chr12","80747223","80747556","chr2B","112052928","112053242","42","31305705"
"chr12","80820455","80820756","chr2B","112129517","112129823","41","31309062"
"chr12","80843533","80843845","chr12","23099430","23099741","44","57744103"
"chr12","81064646","81064943","chr5","36374695","36374994","34","44689951"
"chr12","81173123","81173433","chr17","4353432","4353743","41","76819691"
"chr12","81174622","81174942","chr6","172892387","172892713","52","91717765"
"chr12","81319037","81319346","chr12","78558197","78558505","39","2760840"
"chr12","81385665","81385977","chr1","40966383","40966697","38","40419282"
"chr12","82057759","82058048","chr12","59907829","59908121","41","22149930"
"chr12","82095387","82095698","chr2B","113417919","113418230","41","31322532"
"chr12","82295748","82296039","chr16","12186594","12186889","41","70109154"
"chr12","82593607","82593914","chr1","27021093","27021389","40","55572514"
"chr12","83017312","83017611","chrX","97594986","97595289","41","14577674"
"chr12","83098362","83098674","chr2A","10355583","10355893","30","72742779"
"chr12","83350841","83351139","chr13","2573887","2574188","50","80776954"
"chr12","83688598","83688873","chr14","29457960","29458234","40","54230638"
"chr12","83935867","83936181","chr3","198729273","198729581","43","114793406"
"chr12","84057000","84057302","chrX","41271607","41271912","31","42785393"
"chr12","84609940","84610248","chr2B","134434957","134435266","50","49825017"
"chr12","84676620","84676917","chr13","34006475","34006766","39","50670145"
"chr12","84749215","84749529","chr1","157261144","157261453","42","72511929"
"chr12","84789246","84789521","chr17","84026588","84026866","34","762658"
"chr12","84843737","84844037","chr2B","116136197","116136490","36","31292460"
"chr12","84910120","84910424","chr5","124260956","124261255","42","39350836"
"chr12","85315652","85315948","chr2B","116638241","116638541","32","31322589"
"chr12","85331757","85332057","chr1","191149848","191150155","43","105818091"
"chr12","85480800","85481095","chr10","111181918","111182208","48","25701118"
"chr12","85594149","85594468","chr2B","116922822","116923145","35","31328673"
"chr12","85597226","85597548","chr10","115658494","115658816","44","30061268"
"chr12","85617699","85617988","chr5","51747292","51747574","52","33870407"
"chr12","85621498","85621812","chr1","157261144","157261453","42","71639646"
"chr12","85673281","85673584","chrX","15138629","15138928","35","70534652"
"chr12","85685458","85685763","chr2B","117040964","117041265","35","31355506"
"chr12","85686758","85687064","chr15","22064683","22064982","43","63622075"
"chr12","85726608","85726913","chr1","221794285","221794593","41","136067677"
"chr12","85728611","85728923","chr4","106451241","106451549","48","20722630"
"chr12","85807350","85807636","chr1","32667941","32668230","32","53139409"
"chr12","85832343","85832445","chr7","137530746","137530858","23","51698403"
"chr12","86024367","86024470","chr10","41260523","41260629","31","44763844"
"chr12","86150265","86150577","chr2B","117516614","117516917","32","31366349"
"chr12","86192399","86192691","chr6","39058088","39058377","43","47134311"
"chr12","86465337","86465643","chr7","22028248","22028547","41","64437089"
"chr12","86502431","86502743","chr2A","10355583","10355893","47","76146848"
"chr12","86507157","86507454","chr5","160987933","160988228","37","74480776"
"chr12","86592584","86592889","chr4","199024335","199024640","39","112431751"
"chr12","87148186","87148486","chr2B","118540816","118541118","42","31392630"
"chr12","87412141","87412441","chr5","58791036","58791341","40","28621105"
"chr12","87911232","87911542","chr17","79404094","79404401","43","8507138"
"chr12","88553748","88554034","chr1","23959364","23959650","40","64594384"
"chr12","88878194","88878496","chr1","27021093","27021389","28","61857101"
"chr12","89083240","89083540","chr2B","120482716","120483014","26","31399476"
"chr12","89131225","89131552","chr13","11345127","11345439","55","77786098"
"chr12","89243841","89244133","chr4","155657331","155657621","33","66413490"
"chr12","89263547","89263849","chr7","22028248","22028547","38","67235299"
"chr12","89286726","89287040","chr1","191149848","191150155","45","101863122"
"chr12","89289723","89290035","chr4","199024335","199024640","48","109734612"
"chr12","89292071","89292384","chr9","114786009","114786320","40","25493938"
"chr12","89361606","89361901","chr15","80577834","80578133","35","8783772"
"chr12","89422535","89422821","chr2B","120827600","120827885","18","31405065"
"chr12","89452333","89452651","chr9","114786009","114786320","43","25333676"
"chr12","89465706","89466003","chr4","196906924","196907216","43","107441218"
"chr12","89616723","89617024","chr9","12719252","12719556","46","76897471"
"chr12","89630547","89630857","chr3","187177539","187177847","37","97546992"
"chr12","89737954","89738078","chr1","162397942","162398064","19","72659988"
"chr12","90039535","90039812","chr2A","103932089","103932366","44","13892554"
"chr12","90170803","90171118","chr1","157261144","157261453","41","67090341"
"chr12","90223738","90224050","chr13","62764436","62764745","42","27459302"
"chr12","90307744","90308024","chr21","14216271","14216552","45","76091473"
"chr12","90390730","90391017","chr3","200864068","200864353","34","110473338"
"chr12","90657397","90657708","chr7","127657301","127657615","42","36999904"
"chr12","91008001","91008312","chr2B","122501056","122501369","28","31493055"
"chr12","91112042","91112359","chr1","22955832","22956145","43","68156210"
"chr12","91264820","91265082","chr8","142792910","142793193","63","51528090"
"chr12","91328586","91328897","chr2B","122832180","122832491","25","31503594"
"chr12","91344949","91345232","chr1","181950388","181950673","39","90605439"
"chr12","91370132","91370435","chr17","81504650","81504947","39","9865482"
"chr12","91430794","91431095","chr2B","122929816","122930117","21","31499022"
"chr12","91656125","91656438","chr2B","123142280","123142594","35","31486155"
"chr12","91673888","91674152","chr2A","1587097","1587372","46","90086791"
"chr12","91769408","91769677","chr2B","123261331","123261606","29","31491923"
"chr12","91773103","91773315","chr10","26123065","26123279","33","65650038"
"chr12","91789876","91790172","chr5","40527212","40527505","42","51262664"
"chr12","91811448","91811743","chr5","160987933","160988228","35","69176485"
"chr12","91821421","91821581","chr19","34967322","34967486","21","56854099"
"chr12","91825841","91826154","chr3","187014359","187014668","47","95188518"
"chr12","91913605","91913908","chr17","8465111","8465410","43","83448494"
"chr12","92421933","92422245","chr2B","123916487","123916783","36","31494554"
"chr12","92465204","92465466","chr6","25488443","25488707","37","66976761"
"chr12","92508839","92509148","chr19","52547637","52547945","47","39961202"
"chr12","92568288","92568581","chr5","43864686","43864987","44","48703602"
"chr12","92576228","92576515","chr5","5919269","5919566","44","86656959"
"chr12","92592113","92592390","chr4","123788167","123788450","46","31196054"
"chr12","92653775","92654010","chr1","31406499","31406738","46","61247276"
"chr12","92799089","92799393","chr6","35622489","35622796","46","57176600"
"chr12","92881553","92881848","chrUn_CABD030131550v1","8094","8384","41","92873459"
"chr12","92989904","92990214","chr13","13397389","13397693","45","79592515"
"chr12","93132035","93132293","chr12","131788345","131788608","40","38656310"
"chr12","93180544","93180850","chr4","40581263","40581571","45","52599281"
"chr12","93260824","93261135","chr1","205194362","205194670","30","111933538"
"chr12","93300098","93300406","chr6","30498131","30498435","49","62801967"
"chr12","93379071","93379359","chr1","144529989","144530282","33","51150918"
"chr12","93389652","93389963","chr1","160753833","160754142","36","67364181"
"chr12","93393510","93393814","chr7","72899498","72899802","38","20494012"
"chr12","93401235","93401506","chr2B","124930134","124930424","38","31528899"
"chr12","93445474","93445740","chr12","76915481","76915745","52","16529993"
"chr12","93489747","93490014","chr12","76915481","76915745","45","16574266"
"chr12","93499056","93499342","chr3","200664126","200664415","49","107165070"
"chr12","93567182","93567482","chr2B","125096609","125096904","28","31529427"
"chr12","93587314","93587614","chr12","117088484","117088786","38","23501170"
"chr12","93644423","93644760","chr20","24351052","24351381","42","69293371"
"chr12","93710623","93710948","chr7","75795144","75795454","47","17915479"
"chr12","93711620","93711922","chr11","65999481","65999780","46","27712139"
"chr12","93712620","93712931","chr1","29163733","29164039","38","64548887"
"chr12","93720431","93720705","chrX","94632736","94633009","35","912305"
"chr12","94242421","94242693","chr9","114512348","114512618","43","20269927"
"chr12","94288820","94289124","chr15","11987743","11988049","50","82301077"
"chr12","94309346","94309652","chr1","132554974","132555276","37","38245628"
"chr12","94375181","94375495","chr12","21276435","21276745","42","73098746"
"chr12","94383121","94383420","chr7","29021792","29022096","45","65361329"
"chr12","94436370","94436653","chrX","108626661","108626941","38","14190291"
"chr12","94445256","94445557","chr2B","125980173","125980465","29","31534917"
"chr12","94465767","94466060","chr7","70737321","70737625","42","23728446"
"chr12","94468490","94468783","chr3","196115415","196115713","35","101646925"
"chr12","94472688","94472978","chr2B","126006887","126007184","23","31534199"
"chr12","94522021","94522316","chr17","81504650","81504947","32","13017371"
"chr12","94526711","94527004","chr6","54669996","54670289","39","39856715"
"chr12","94748247","94748564","chr4","48585107","48585416","46","46163140"
"chr12","94748908","94749180","chrX","47378035","47378310","41","47370873"
"chr12","94778264","94778569","chr5","15352472","15352776","39","79425792"
"chr12","94849226","94849516","chr2B","126387087","126387380","30","31537861"
"chr12","94888597","94888900","chr6","92138445","92138750","43","2750152"
"chr12","94895023","94895335","chr1","40966383","40966697","42","53928640"
"chr12","94916826","94917138","chr5","36664566","36664877","35","58252260"
"chr12","94940872","94941177","chr2B","62227859","62228171","44","32713013"
"chr12","94946329","94946624","chr2B","126484185","126484480","25","31537856"
"chr12","95029543","95029824","chr1","24189834","24190118","36","70839709"
"chr12","95057205","95057526","chr12","36414589","36414899","44","58642616"
"chr12","95111375","95111662","chr1","32667941","32668230","52","62443434"
"chr12","95114798","95115101","chr19","50345980","50346283","29","44768818"
"chr12","95125798","95126097","chr6","13219977","13220276","70","81905821"
"chr12","95143985","95144294","chr2B","126659408","126659716","25","31515423"
"chr12","95176729","95176998","chr2B","126690464","126690739","33","31513735"
"chr12","95190804","95191106","chr16","30922722","30923023","39","64268082"
"chr12","95343945","95344249","chrX","97594986","97595289","38","2251041"
"chr12","95799325","95799607","chr17","85184470","85184751","38","10614855"
"chr12","95806491","95806760","chr20","61312391","61312649","40","34494100"
"chr12","95952995","95953145","chr1","129377168","129377305","27","33424173"
"chr12","96076908","96077229","chr1","54464452","54464778","49","41612456"
"chr12","96126723","96127027","chr2B","127660744","127661030","36","31534021"
"chr12","96130010","96130317","chr5","5990714","5991017","51","90139296"
"chr12","96136073","96136350","chr7","95098718","95098990","63","1037355"
"chr12","96138165","96138478","chr12","121772862","121773176","36","25634697"
"chr12","96315245","96315558","chr1","197931021","197931326","39","101615776"
"chr12","96345510","96345800","chr2B","127874778","127875079","23","31529268"
"chr12","96809183","96809488","chr6","53158380","53158685","34","43650803"
"chr12","96995429","96995716","chr16","38430269","38430560","39","58565160"
"chr12","97196073","97196386","chr7","52058550","52058861","37","45137523"
"chr12","97199195","97199380","chr2B","128728426","128728597","25","31529231"
"chr12","97213029","97213283","chr2A","98400246","98400478","52","1187217"
"chr12","97274695","97274983","chr9","94919935","94920225","28","2354760"
"chr12","97278937","97279242","chr2B","128821458","128821768","36","31542521"
"chr12","97292078","97292370","chr4","155657331","155657621","41","58365253"
"chr12","97309881","97310185","chr7","72899498","72899802","36","24410383"
"chr12","97349902","97350205","chr16","43348777","43349076","38","54001125"
"chr12","97378870","97379176","chr10","101337366","101337681","40","3958496"
"chr12","97385412","97385712","chr2B","128925418","128925714","26","31540006"
"chr12","97418774","97419082","chr1","22955832","22956145","40","74462942"
"chr12","97491274","97491590","chr2B","129039332","129039646","33","31548058"
"chr12","97619244","97619525","chr1","24189834","24190118","34","73429410"
"chr12","97919485","97919776","chr1","144529989","144530282","41","46610504"
"chr12","97967756","97968051","chr2B","129516101","129516384","29","31548345"
"chr12","98316505","98316684","chr12","29063562","29063741","22","69252943"
"chr12","98725036","98725336","chr12","122792162","122792468","51","24067126"
"chr12","99102884","99103197","chr10","136766798","136767102","49","37663914"
"chr12","99304578","99304886","chr12","3042424","3042732","39","96262154"
"chr12","99658296","99658585","chr4","196906924","196907216","50","97248628"
"chr12","99913306","99913590","chr2B","131551307","131551594","29","31638001"
"chr12","100009865","100010202","chr17","8735522","8735838","61","91274343"
"chr12","100025367","100025671","chr5","45856163","45856467","36","54169204"
"chr12","100042308","100042621","chr2B","131682097","131682398","30","31639789"
"chr12","100231275","100231570","chr2B","131875158","131875447","27","31643883"
"chr12","100435967","100436279","chr3","186406630","186406936","42","85970663"
"chr12","100563137","100563358","chr17","40298402","40298619","35","60264735"
"chr12","100660683","100660988","chr15","16466522","16466827","30","84194161"
"chr12","100759633","100759948","chr7","79989001","79989305","45","20770632"
"chr12","100829228","100829526","chr2B","132425581","132425883","23","31596353"
"chr12","101452001","101452307","chr2A","79839508","79839818","32","21612493"
"chr12","101683704","101683994","chr13","34006475","34006766","34","67677229"
"chr12","101786055","101786360","chr4","199024335","199024640","36","97238280"
"chr12","101876963","101877251","chr11","44474205","44474497","45","57402758"
"chr12","102068344","102068656","chr10","140604064","140604370","44","38535720"
"chr12","102223837","102224140","chrX","97594986","97595289","32","4628851"
"chr12","102491501","102491812","chr2B","16433354","16433662","35","86058147"
"chr12","102666641","102666977","chr20","55772499","55772828","51","46894142"
"chr12","102671978","102672289","chrX","41587872","41588178","39","61084106"
"chr12","102765825","102766123","chr1","41763043","41763338","38","61002782"
"chr12","102836271","102836517","chr1","158525902","158526148","41","55689631"
"chr12","102947120","102947431","chr2B","134544074","134544377","32","31596954"
"chr12","102980600","102980910","chr10","40450204","40450512","42","62530396"
"chr12","103009889","103010167","chr19","11306934","11307209","42","91702955"
"chr12","103010335","103010364","chr9","1669614","1669647","15","101340721"
"chr12","103204040","103204336","chr9","95769733","95770031","40","7434307"
"chr12","103264278","103264571","chr8","33426579","33426880","38","69837699"
"chr12","103349499","103349811","chr1","100887646","100887952","41","2461853"
"chr12","103350718","103351011","chr2B","134955144","134955446","25","31604426"
"chr12","103383836","103384018","chr16","30587927","30588107","28","72795909"
"chr12","103485527","103485835","chr14","45077767","45078073","37","58407760"
"chr12","103494752","103495025","chr19","10545129","10545406","52","92949623"
"chr12","103516934","103517239","chr3","55843499","55843803","39","47673435"
"chr12","103538255","103538551","chr8","22325883","22326185","39","81212372"
"chr12","103558309","103558610","chr2B","135166106","135166401","33","31607797"
"chr12","103649879","103649999","chr1","16258407","16258523","19","87391472"
"chr12","103650050","103650229","chr2B","15946889","15947066","42","87703161"
"chr12","103675223","103675508","chr1","31409949","31410230","35","72265274"
"chr13","61341502","61341804","chr2A","44526523","44526826","25","16814979"
"chr13","206338","206633","chr2A","107500008","107500307","27","107293670"
"chr13","904267","904523","chr2A","106779890","106780179","58","105875623"
"chr13","1287811","1288102","chr1","144529989","144530282","33","143242178"
"chr13","1325201","1325540","chr9","48324299","48324615","66","46999098"
"chr13","1623941","1624242","chr8","133920568","133920865","34","132296627"
"chr13","1633741","1634057","chr2A","103881939","103882244","47","102248198"
"chr13","1648282","1648589","chr15","28083376","28083681","36","26435094"
"chr13","1926328","1926610","chr3","12024603","12024895","41","10098275"
"chr13","2340836","2341158","chrX","51034227","51034538","55","48693391"
"chr13","2949269","2949566","chr2A","104092603","104092895","27","101143334"
"chr13","2979426","2979667","chr12","28292774","28293021","39","25313348"
"chr13","3039711","3040023","chr13","8634043","8634347","47","5594332"
"chr13","3161208","3161506","chr2A","103881939","103882244","40","100720731"
"chr13","3193739","3194030","chr5","160987933","160988228","34","157794194"
"chr13","3308434","3308746","chr2A","103708344","103708651","43","100399910"
"chr13","3482571","3482874","chr14","24714586","24714893","41","21232015"
"chr13","3911496","3911796","chr6","35622489","35622796","36","31710993"
"chr13","4404184","4404487","chr17","8465111","8465410","32","4060927"
"chr13","5053044","5053340","chr2A","101833235","101833521","34","96780191"
"chr13","5129556","5129856","chrX","97426892","97427187","41","92297336"
"chr13","5472484","5472796","chr6","113288131","113288442","41","107815647"
"chr13","5706789","5707098","chr2A","101177237","101177546","37","95470448"
"chr13","5717442","5717717","chr7","29518000","29518292","63","23800558"
"chr13","5978218","5978525","chr12","8893890","8894193","49","2915672"
"chr13","6233218","6233510","chr2A","100627179","100627471","30","94393961"
"chr13","6281062","6281372","chr1","135335882","135336186","38","129054820"
"chr13","6800880","6801176","chr5","2683883","2684176","34","4116997"
"chr13","7469822","7470142","chr9","120025086","120025401","48","112555264"
"chr13","7558777","7559080","chr2A","99293564","99293863","45","91734787"
"chr13","7698456","7698763","chr5","53683183","53683498","46","45984727"
"chr13","8046656","8046955","chr2A","98750231","98750536","29","90703575"
"chr13","8073408","8073721","chrX","97594986","97595289","42","89521578"
"chr13","8405928","8406245","chr16","60195014","60195326","39","51789086"
"chr13","8406886","8407196","chr1","132554974","132555276","33","124148088"
"chr13","8419033","8419326","chr5","157073952","157074249","26","148654919"
"chr13","8433736","8434037","chr1","132554974","132555276","33","124121238"
"chr13","8444422","8444713","chr2A","98356988","98357280","35","89912566"
"chr13","8469665","8469968","chr13","89348099","89348405","37","80878434"
"chr13","8477670","8477982","chr4","106451241","106451549","39","97973571"
"chr13","8491599","8491904","chr5","160987933","160988228","35","152496334"
"chr13","8649057","8649355","chr5","160987933","160988228","40","152338876"
"chr13","8698320","8698625","chr2A","98098346","98098646","33","89400026"
"chr13","8764912","8765219","chr17","79404094","79404401","39","70639182"
"chr13","8834550","8834843","chr6","119750721","119751012","45","110916171"
"chr13","8866427","8866739","chr13","8634043","8634347","37","232384"
"chr13","8988570","8988853","chr2A","97806036","97806315","24","88817466"
"chr13","9018211","9018524","chr16","32033402","32033714","39","23015191"
"chr13","9123729","9124022","chr1","100887646","100887952","46","91763917"
"chr13","9153678","9153975","chr13","31463447","31463746","47","22309769"
"chr13","9240175","9240484","chr2A","97554783","97555092","22","88314608"
"chr13","9383072","9383360","chr9","118968461","118968747","50","109585389"
"chr13","9711348","9711649","chr19","45984366","45984662","33","36273018"
"chr13","9753822","9754133","chr9","114786009","114786320","38","105032187"
"chr13","9832185","9832499","chr1","191149848","191150155","43","181317663"
"chr13","9840546","9840843","chr17","81504650","81504947","32","71664104"
"chr13","9926683","9927005","chr1","55491833","55492150","56","45565150"
"chr13","9991345","9991631","chr10","129431275","129431563","43","119439930"
"chr13","10008975","10009255","chrX","36693904","36694182","43","26684929"
"chr13","10025175","10025481","chr17","7124898","7125211","46","2900277"
"chr13","10060242","10060454","chr3","48903530","48903745","46","38843288"
"chr13","10093189","10093481","chr10","92135337","92135628","41","82042148"
"chr13","10097534","10097844","chr11","68049982","68050285","46","57952448"
"chr13","10105024","10105318","chr3","100561340","100561640","40","90456316"
"chr13","10164497","10164643","chrX","119354023","119354171","16","109189526"
"chr13","10378900","10379210","chr2A","96359781","96360091","24","85980881"
"chr13","10466987","10467276","chr6","119750721","119751012","41","109283734"
"chr13","10743564","10743861","chr1","27021093","27021389","31","16277529"
"chr13","10815566","10815857","chr6","109494148","109494438","33","98678582"
"chr13","10837452","10837756","chr1","204184641","204184943","37","193347189"
"chr13","10970954","10971256","chr2A","95757953","95758250","29","84786999"
"chr13","11078859","11079169","chr2A","95639429","95639733","29","84560570"
"chr13","11508833","11509100","chr17","94417579","94417841","31","82908746"
"chr13","12223532","12223818","chr14","30944969","30945253","69","18721437"
"chr13","12620286","12620605","chr18","49658543","49658827","74","37038257"
"chr13","13386942","13387159","chr2A","93206573","93206791","34","79819631"
"chr13","13425117","13425423","chr19","2494413","2494722","43","10930704"
"chr13","13653446","13653745","chr2A","92932444","92932752","42","79278998"
"chr13","13734904","13735207","chr2A","92846542","92846841","34","79111638"
"chr13","14284804","14285104","chrX","97594986","97595289","48","83310182"
"chr13","14344408","14344704","chr22","8757305","8757604","31","5587103"
"chr13","14863547","14863874","chr10","30964146","30964455","54","16100599"
"chr13","14963462","14963756","chr2A","91578176","91578477","37","76614714"
"chr13","15036212","15036518","chr2A","91506434","91506741","39","76470222"
"chr13","15087828","15088116","chr7","56535890","56536179","38","41448062"
"chr13","15103293","15103601","chr10","110180557","110180860","35","95077264"
"chr13","15156714","15157021","chr2A","91397037","91397343","23","76240323"
"chr13","15210332","15210634","chr2A","91341440","91341749","28","76131108"
"chr13","15363181","15363470","chr5","152478996","152479296","36","137115815"
"chr13","15434296","15434610","chr19","5859200","5859509","38","9575096"
"chr13","15471248","15471539","chr2A","91111926","91112226","27","75640678"
"chr13","16073423","16073711","chr1","1536483","1536768","43","14536940"
"chr13","16215618","16215924","chr2A","90323811","90324110","39","74108193"
"chr13","16387805","16388047","chr19","6567533","6567776","52","9820272"
"chr13","16452733","16453038","chr2A","90070230","90070540","33","73617497"
"chr13","16744149","16744454","chr15","52874335","52874637","39","36130186"
"chr13","16774212","16774522","chr10","136766798","136767102","39","119992586"
"chr13","16824356","16824677","chr9","73922988","73923294","51","57098632"
"chr13","17917762","17918023","chr2A","88556404","88556679","44","70638642"
"chr13","18643831","18643919","chr18","26973510","26973606","14","8329679"
"chr13","18676581","18676892","chr2A","10355583","10355893","39","8320998"
"chr13","19106571","19106900","chr3","45442458","45442770","51","26335887"
"chr13","19200900","19201227","chr7","5261405","5261726","54","13939495"
"chr13","19353524","19353829","chr13","8634043","8634347","48","10719481"
"chr13","19447510","19447812","chr10","140604064","140604370","33","121156554"
"chr13","19516012","19516324","chr5","22049247","22049559","42","2533235"
"chr13","20138252","20138559","chr20","421223","421532","44","19717029"
"chr13","20142873","20143173","chr2A","86395106","86395405","31","66252233"
"chr13","20232988","20233299","chr2A","86317629","86317941","36","66084641"
"chr13","20390498","20390773","chr2A","86159433","86159711","25","65768935"
"chr13","20641402","20641699","chr2A","85896290","85896593","31","65254888"
"chr13","20657997","20658312","chr5","145272480","145272793","42","124614483"
"chr13","21391398","21391691","chr9","81354291","81354584","31","59962893"
"chr13","22459389","22459676","chr20","63173584","63173871","36","40714195"
"chr13","22724862","22725167","chr17","38608208","38608518","43","15883346"
"chr13","22789078","22789382","chr12","117088484","117088786","41","94299406"
"chr13","22819632","22819947","chr1","100887646","100887952","44","78068014"
"chr13","22825102","22825378","chr1","24189834","24190118","35","1364732"
"chr13","22897384","22897680","chr15","79978088","79978393","50","57080704"
"chr13","22928797","22929089","chr12","52999140","52999431","45","30070343"
"chr13","22959578","22959872","chr2B","124790616","124790915","38","101831038"
"chr13","22962016","22962322","chr1","22955832","22956145","38","6184"
"chr13","23005271","23005580","chr12","8706461","8706771","35","14298810"
"chr13","23017488","23017767","chr19","33970963","33971252","50","10953475"
"chr13","23082604","23082910","chr18","44508207","44508512","34","21425603"
"chr13","23143272","23143574","chr2A","83347089","83347401","37","60203817"
"chr13","23187956","23188250","chr19","35385832","35386124","35","12197876"
"chr13","23217368","23217669","chr2A","10348885","10349185","41","12868483"
"chr13","23310669","23310959","chr11","102072421","102072718","45","78761752"
"chr13","23330024","23330316","chr9","70252230","70252529","41","46922206"
"chr13","23389772","23390048","chr21","23838552","23838840","55","448780"
"chr13","23406233","23406518","chr2A","83078973","83079253","33","59672740"
"chr13","23682132","23682427","chr2A","82803156","82803453","42","59121024"
"chr13","23786473","23786719","chr15","11782703","11782955","38","12003770"
"chr13","23960790","23961087","chr1","8634922","8635216","38","15325868"
"chr13","23999525","23999753","chr19","5961507","5961735","32","18038018"
"chr13","24082960","24083261","chr12","62620203","62620499","38","38537243"
"chr13","24084730","24084918","chr12","5926125","5926316","27","18158605"
"chr13","24112332","24112631","chr3","135591702","135592003","33","111479370"
"chr13","24165093","24165381","chr4","177908057","177908348","42","153742964"
"chr13","24229422","24229733","chr4","133128211","133128521","33","108898789"
"chr13","24306908","24307219","chr2A","21134848","21135157","37","3172060"
"chr13","24319658","24319953","chr2A","82150537","82150831","26","57830879"
"chr13","24378433","24378745","chr2A","82093075","82093378","35","57714642"
"chr13","24417796","24418110","chr15","42617039","42617348","43","18199243"
"chr13","24419458","24419762","chrX","97594986","97595289","31","73175528"
"chr13","24446293","24446605","chr2A","10355583","10355893","36","14090710"
"chr13","24549174","24549504","chr2B","131682097","131682398","79","107132923"
"chr13","24584501","24584799","chr1","10334930","10335223","29","14249571"
"chr13","24612847","24613013","chr1","14249496","14249656","23","10363351"
"chr13","24737273","24737588","chr9","114786009","114786320","39","90048736"
"chr13","24803388","24803645","chr12","107133783","107134017","66","82330395"
"chr13","24824186","24824494","chr2A","79839508","79839818","43","55015322"
"chr13","24875947","24876251","chr7","127657301","127657615","49","102781354"
"chr13","24925121","24925385","chr15","11782703","11782955","47","13142418"
"chr13","24962826","24963109","chr7","2570234","2570525","47","22392592"
"chr13","24965499","24965801","chr1","100887646","100887952","44","75922147"
"chr13","24980845","24981156","chr1","28675900","28676209","43","3695055"
"chr13","25073181","25073477","chr2B","99512257","99512553","48","74439076"
"chr13","25076385","25076706","chr20","35582405","35582711","46","10506020"
"chr13","25079965","25080278","chr6","35356727","35357029","46","10276762"
"chr13","25084229","25084529","chr2A","81381413","81381714","19","56297184"
"chr13","25282933","25283256","chr2A","81177924","81178240","25","55894991"
"chr13","25369366","25369659","chr1","27021093","27021389","34","1651727"
"chr13","25441324","25441617","chr5","13187837","13188133","35","12253487"
"chr13","25442387","25442693","chr6","47581921","47582218","53","22139534"
"chr13","25458206","25458480","chr1","110347782","110348058","48","84889576"
"chr13","25565249","25565561","chr7","127657301","127657615","40","102092052"
"chr13","25609201","25609481","chr10","129431275","129431563","31","103822074"
"chr13","25849647","25849961","chr2A","80574724","80575036","30","54725077"
"chr13","25951353","25951654","chrX","130077453","130077750","34","104126100"
"chr13","26015497","26015791","chr1","27021093","27021389","32","1005596"
"chr13","26036163","26036472","chr2A","31692393","31692699","40","5656230"
"chr13","26178566","26178856","chr1","27021093","27021389","43","842527"
"chr13","26191990","26192280","chr14","30944969","30945253","49","4752979"
"chr13","26226291","26226587","chr2B","99512257","99512553","31","73285966"
"chr13","26250680","26250800","chr11","33539566","33539677","20","7288886"
"chr13","26251723","26251841","chr5","134171389","134171507","25","107919666"
"chr13","26327252","26327555","chr2A","80113552","80113860","35","53786300"
"chr13","26336862","26337162","chr15","9054079","9054376","39","17282783"
"chr13","26410316","26410624","chr18","33012532","33012834","41","6602216"
"chr13","26457924","26458233","chr17","79404094","79404401","42","52946170"
"chr13","26506986","26507281","chr1","144529989","144530282","41","118023003"
"chr13","26508011","26508313","chr16","30922722","30923023","33","4414711"
"chr13","26574955","26575268","chr2A","79839508","79839818","28","53264553"
"chr13","27074959","27075253","chr12","59907829","59908121","37","32832870"
"chr13","27082468","27082767","chr1","141054866","141055162","43","113972398"
"chr13","27216214","27216521","chr1","132554974","132555276","35","105338760"
"chr13","27293055","27293368","chr15","67619999","67620309","39","40326944"
"chr13","27318542","27318855","chr2A","79079792","79080095","25","51761250"
"chr13","27324024","27324336","chr10","36119294","36119606","36","8795270"
"chr13","27435827","27436136","chr15","78032181","78032486","38","50596354"
"chr13","27450047","27450357","chr2A","78943817","78944133","34","51493770"
"chr13","27684402","27684682","chr13","1350612","1350896","59","26333790"
"chr13","27689798","27690113","chr4","198295008","198295316","39","170605210"
"chr13","27729584","27729856","chr8","68657259","68657529","49","40927675"
"chr13","27764311","27764623","chr4","198977209","198977521","37","171212898"
"chr13","27819451","27819747","chr1","27021093","27021389","36","798358"
"chr13","28073870","28074187","chr14","47857829","47858141","43","19783959"
"chr13","28151931","28152236","chr2A","78236708","78237004","29","50084777"
"chr13","28492496","28492817","chr11","12373336","12373644","54","16119160"
"chr13","28518351","28518664","chr12","3042424","3042732","42","25475927"
"chr13","29287573","29287888","chr1","134763713","134764022","47","105476140"
"chr13","29355667","29355954","chr4","193440825","193441116","38","164085158"
"chr13","29544283","29544589","chr10","140604064","140604370","40","111059781"
"chr13","29700641","29700943","chr15","42141648","42141949","28","12441007"
"chr13","29760325","29760637","chr2A","76645115","76645427","31","46884790"
"chr13","29773005","29773283","chr2A","76632472","76632761","39","46859467"
"chr13","29776381","29776691","chr2A","76628926","76629241","32","46852545"
"chr13","29916121","29916437","chr14","89567587","89567900","36","59651466"
"chr13","30287246","30287555","chr3","12041820","12042133","35","18245426"
"chr13","31025507","31025784","chr15","30763466","30763752","54","262041"
"chr13","31045273","31045567","chr1","185054973","185055268","36","154009700"
"chr13","31221594","31221894","chr2A","75158218","75158508","32","43936624"
"chr13","31241504","31241837","chr2A","75137163","75137453","64","43895659"
"chr13","31243365","31243600","chr10","15486549","15486785","43","15756816"
"chr13","31373076","31373378","chr5","9822039","9822337","42","21551037"
"chr13","31406820","31407125","chr20","35582405","35582711","36","4175585"
"chr13","31679433","31679740","chr9","59842059","59842366","34","28162626"
"chr13","31720500","31720818","chr7","155301152","155301467","45","123580652"
"chr13","31827959","31828266","chr9","59842059","59842366","28","28014100"
"chr13","31844384","31844673","chr2A","74502438","74502733","31","42658054"
"chr13","31854292","31854508","chr8","121903500","121903720","43","90049208"
"chr13","31927877","31928176","chr16","12186594","12186889","29","19741283"
"chr13","31934749","31935051","chr2A","74405802","74406093","40","42471053"
"chr13","32152891","32153200","chr2A","74183914","74184235","41","42031023"
"chr13","32407993","32408287","chr18","33516523","33516815","42","1108530"
"chr13","32576428","32576561","chr7","139346430","139346561","24","106770002"
"chr13","32841784","32842096","chrX","18242793","18243105","49","14598991"
"chr13","32894484","32894760","chr1","206392101","206392374","52","173497617"
"chr13","33156203","33156485","chr2A","73146010","73146291","30","39989807"
"chr13","33325633","33325882","chr2A","72965814","72966067","25","39640181"
"chr13","33358402","33358702","chr17","38608208","38608518","45","5249806"
"chr13","33381764","33382075","chr9","32689013","32689326","44","692751"
"chr13","33806759","33807058","chr4","161025537","161025837","37","127218778"
"chr13","34168166","34168491","chr6","99040644","99040953","55","64872478"
"chr13","34509033","34509341","chr10","108870200","108870501","41","74361167"
"chr13","35554496","35554793","chr2B","122929816","122930117","40","87375320"
"chr13","35865911","35866214","chr5","160987933","160988228","45","125122022"
"chr13","35950795","35951102","chr1","130106457","130106756","47","94155662"
"chr13","35978961","35979246","chr14","36230486","36230773","32","251525"
"chr13","35997681","35997977","chr2A","70217285","70217583","29","34219604"
"chr13","36096214","36096321","chr19","37776325","37776430","14","1680111"
"chr13","36149625","36149708","chr9","63605506","63605574","23","27455881"
"chr13","36149874","36150112","chr2A","21712964","21713196","39","14436910"
"chr13","36157732","36158034","chr10","140604064","140604370","39","104446332"
"chr13","36319914","36320210","chr17","85184470","85184751","60","48864556"
"chr13","36468435","36468746","chr4","198798700","198799005","36","162330265"
"chr13","36764643","36764981","chr17","3161281","3161619","63","33603362"
"chr13","37284687","37284975","chr2A","68942774","68943059","24","31658087"
"chr13","37305223","37305524","chr11","56432081","56432377","42","19126858"
"chr13","37578250","37578557","chr13","31463447","31463746","39","6114803"
"chr13","37610566","37610864","chr2A","68606135","68606444","33","30995569"
"chr13","37654821","37655121","chr3","100561340","100561640","27","62906519"
"chr13","37666396","37666687","chrX","18796354","18796648","41","18870042"
"chr13","37689613","37689922","chr1","13582785","13583095","38","24106828"
"chr13","37708835","37709134","chr12","53665673","53665971","41","15956838"
"chr13","37736494","37736805","chr7","45520039","45520349","40","7783545"
"chr13","37781861","37782168","chr4","199024335","199024640","36","161242474"
"chr13","37811588","37811886","chrX","97426892","97427187","36","59615304"
"chr13","37978836","37979157","chr7","130899107","130899413","46","92920271"
"chr13","38009996","38010143","chr17","8148578","8148726","16","29861418"
"chr13","38120185","38120497","chr12","33782434","33782743","37","4337751"
"chr13","38181643","38181953","chr7","72899498","72899802","42","34717855"
"chr13","38360758","38361063","chr20","51163813","51164116","35","12803055"
"chr13","38391915","38392228","chr5","15352472","15352776","43","23039443"
"chr13","38543741","38544034","chr5","151232990","151233286","35","112689249"
"chr13","39795529","39795842","chr2B","99158092","99158401","45","59362563"
"chr13","39982867","39983157","chr13","34006475","34006766","50","5976392"
"chr13","39994620","39994927","chr12","72364512","72364814","53","32369892"
"chr13","40648676","40648988","chr18","59918384","59918694","37","19269708"
"chr13","40986005","40986238","chr2A","65259267","65259509","23","24273262"
"chr13","41012592","41012769","chr2A","53041468","53041604","65","12028876"
"chr13","41203745","41204037","chr1","10334930","10335223","38","30868815"
"chr13","41281798","41282092","chrX","18796354","18796648","43","22485444"
"chr13","41382017","41382329","chr2A","64866423","64866726","41","23484406"
"chr13","41403611","41403913","chr11","1697902","1698195","38","39705709"
"chr13","41417899","41418004","chr22","14448696","14448798","16","26969203"
"chr13","41497353","41497647","chr16","12186594","12186889","31","29310759"
"chr13","41503140","41503452","chr17","37311463","37311775","43","4191677"
"chr13","41509937","41510224","chr1","181950388","181950673","57","140440451"
"chr13","41515440","41515740","chr6","126157601","126157903","36","84642161"
"chr13","41637902","41638201","chr9","70252230","70252529","35","28614328"
"chr13","42128750","42129062","chr6","35622489","35622796","40","6506261"
"chr13","42170269","42170577","chr16","48003749","48004056","41","5833480"
"chr13","42262577","42262888","chr17","79404094","79404401","44","37141517"
"chr13","42273573","42273878","chr13","89348099","89348405","37","47074526"
"chr13","42281361","42281671","chr9","114786009","114786320","39","72504648"
"chr13","42290760","42291053","chr3","186504136","186504430","38","144213376"
"chr13","42355862","42356028","chr19","52939529","52939692","48","10583667"
"chr13","42492712","42492849","chr12","42439315","42439444","22","53397"
"chr13","42701669","42701962","chr2A","63469830","63470123","27","20768161"
"chr13","42724731","42725032","chr2A","63447051","63447353","20","20722320"
"chr13","42819796","42819859","chrX","1809940","1809997","34","41009856"
"chr13","42819910","42820191","chr14","60303349","60303630","40","17483439"
"chr13","42839101","42839378","chr4","155657331","155657621","41","112818230"
"chr13","42935787","42936074","chr1","144529989","144530282","38","101594202"
"chr13","42982543","42982856","chr17","38608208","38608518","36","4374335"
"chr13","43087184","43087475","chr22","13920538","13920838","46","29166646"
"chr13","43156563","43156867","chr1","89520461","89520765","50","46363898"
"chr13","43265150","43265429","chr15","52950317","52950594","53","9685167"
"chr13","43282273","43282574","chr1","185054973","185055268","38","141772700"
"chr13","43457773","43458075","chr5","51774532","51774825","40","8316759"
"chr13","43568123","43568436","chr7","64373628","64373941","40","20805505"
"chr13","43807188","43807465","chr4","83955527","83955809","41","40148339"
"chr13","43900696","43901003","chrX","18242793","18243105","39","25657903"
"chr13","43994961","43995256","chr10","140604064","140604370","34","96609103"
"chr13","44498669","44498957","chr1","92652864","92653150","43","48154195"
"chr13","44582516","44582802","chr1","144529989","144530282","32","99947473"
"chr13","44629514","44629798","chr21","23838552","23838840","42","20790962"
"chr13","45499629","45499922","chr15","67619999","67620309","52","22120370"
"chr13","45522598","45522883","chrX","50354554","50354832","38","4831956"
"chr13","45816077","45816390","chr19","50345980","50346283","46","4529903"
"chr13","45997701","45998000","chr2A","60197622","60197923","27","14199921"
"chr13","46012965","46013271","chr2A","60182246","60182555","30","14169281"
"chr13","46267561","46267873","chrX","151293414","151293725","53","105025853"
"chr13","46299406","46299719","chr20","35582405","35582711","41","10717001"
"chr13","46299871","46299952","chr6","5084853","5084921","24","41215018"
"chr13","46300863","46301088","chr10","112162079","112162304","39","65861216"
"chr13","46309277","46309596","chr1","54464452","54464778","48","8155175"
"chr13","46348135","46348447","chr20","35286617","35286928","35","11061518"
"chr13","46365908","46366198","chr2A","59817967","59818273","34","13452059"
"chr13","46401045","46401330","chr19","3472325","3472614","51","42928720"
"chr13","46583747","46584058","chr9","12719252","12719556","41","33864495"
"chr13","46624136","46624325","chr4","86698547","86698733","33","40074411"
"chr13","46628457","46628756","chr5","103554969","103555268","32","56926512"
"chr13","46716306","46716589","chr2A","59494871","59495147","40","12778565"
"chr13","46717396","46717686","chr2A","59493777","59494079","35","12776381"
"chr13","46725625","46725947","chr1","221712113","221712428","52","174986488"
"chr13","46760372","46760675","chr2A","67056049","67056354","28","20295677"
"chr13","46792056","46792346","chr4","87439409","87439700","51","40647353"
"chr13","46813199","46813492","chr2A","59411904","59412206","29","12598705"
"chr13","46860689","46860996","chr12","110623481","110623790","47","63762792"
"chr13","46866839","46867133","chr2A","59358911","59359208","31","12492072"
"chr13","46908917","46909208","chr2A","59317017","59317314","38","12408100"
"chr13","46951752","46952050","chr1","71295938","71296237","35","24344186"
"chr13","47178341","47178558","chr16","12029434","12029639","35","35148907"
"chr13","47224329","47224639","chr1","191149848","191150155","39","143925519"
"chr13","47271848","47272138","chr7","44506290","44506583","36","2765558"
"chr13","47312095","47312356","chr22","32182154","32182416","39","15129941"
"chr13","47567051","47567353","chr8","101229728","101230031","31","53662677"
"chr13","47581625","47581932","chr20","35582405","35582711","42","11999220"
"chr13","47646891","47647179","chr4","155657331","155657621","40","108010440"
"chr13","47700030","47700278","chr12","131788345","131788608","55","84088315"
"chr13","47946061","47946348","chr2A","58195821","58196109","21","10249760"
"chr13","48475812","48476103","chr10","92135337","92135628","40","43659525"
"chr13","48746810","48747117","chr1","191149848","191150155","34","142403038"
"chr13","48862629","48862926","chr17","79404094","79404401","56","30541465"
"chr13","48900932","48901233","chr7","69819594","69819891","37","20918662"
"chr13","48932268","48932530","chrX","141171225","141171493","51","92238957"
"chr13","49030902","49031211","chr4","106451241","106451549","39","57420339"
"chr13","49192026","49192318","chr8","77189674","77189971","44","27997648"
"chr13","49789650","49789877","chr12","107133783","107134017","44","57344133"
"chr13","49948750","49949060","chr3","2931636","2931947","46","47017114"
"chr13","50275321","50275631","chr17","12349722","12350033","37","37925599"
"chr13","50334056","50334369","chr2A","10355583","10355893","42","39978473"
"chr13","50667234","50667478","chr5","56929116","56929365","67","6261882"
"chr13","51226526","51226783","chr3","68024927","68025208","56","16798401"
"chr13","51410922","51411234","chr7","127657301","127657615","37","76246379"
"chr13","51765408","51765737","chr2A","54359770","54360072","56","2594362"
"chr13","52044162","52044467","chr9","78896161","78896464","41","26851999"
"chr13","52154939","52155250","chr12","121772862","121773176","40","69617923"
"chr13","52564611","52564923","chr15","67619999","67620309","35","15055388"
"chr13","52606153","52606449","chr6","125884319","125884615","40","73278166"
"chr13","52669430","52669732","chr2A","53476357","53476673","47","806927"
"chr13","52749990","52750263","chr2A","53393697","53393988","38","643707"
"chr13","52866099","52866390","chr4","7448488","7448780","41","45417611"
"chr13","52983797","52984084","chr2A","53172979","53173269","27","189182"
"chr13","53056829","53057058","chr19","23057708","23057946","57","29999121"
"chr13","53113992","53114295","chr8","44743772","44744075","54","8370220"
"chr13","53133460","53133762","chr13","12804911","12805215","31","40328549"
"chr13","53182058","53182337","chrX","108626661","108626941","33","55444603"
"chr13","53203463","53203774","chr7","127657301","127657615","38","74453838"
"chr13","53285243","53285537","chr16","12186594","12186889","39","41098649"
"chr13","53464389","53464694","chr1","162294161","162294462","36","108829772"
"chr13","53586974","53587287","chr17","79404094","79404401","33","25817120"
"chr13","54027732","54028026","chr10","42374678","42374977","40","11653054"
"chr13","54055162","54055451","chr1","24189834","24190118","49","29865328"
"chr13","54193413","54193710","chr10","136766798","136767102","31","82573385"
"chr13","54242203","54242512","chr17","38608208","38608518","42","15633995"
"chr13","54420243","54420554","chr2A","51783727","51784037","38","2636516"
"chr13","54549087","54549393","chr1","134763713","134764022","43","80214626"
"chr13","54619140","54619406","chr15","17899450","17899719","52","36719690"
"chr13","54632659","54632972","chr18","20008956","20009261","40","34623703"
"chr13","54681463","54681718","chr21","28663801","28664070","48","26017662"
"chr13","54689934","54690246","chr5","36664566","36664877","39","18025368"
"chr13","54717494","54717780","chr3","158240408","158240696","39","103522914"
"chr13","54728242","54728529","chr19","12883061","12883346","57","41845181"
"chr13","54765382","54765667","chr15","11027812","11028095","37","43737570"
"chr13","54804167","54804467","chr15","53358142","53358442","34","1446025"
"chr13","54851384","54851683","chr2A","41601701","41602001","37","13249683"
"chr13","54866496","54866795","chr2A","51323356","51323654","31","3543140"
"chr13","54872964","54873261","chr1","194446199","194446496","38","139573235"
"chr13","54886206","54886499","chr2A","51304277","51304576","25","3581929"
"chr13","54911589","54911885","chr2A","51275100","51275377","35","3636489"
"chr13","55059672","55059951","chr1","24189834","24190118","34","30869838"
"chr13","55090204","55090502","chr2A","51057252","51057546","29","4032952"
"chr13","55169112","55169408","chr12","3105971","3106266","32","52063141"
"chr13","55291017","55291319","chr16","66170347","66170652","37","10879330"
"chr13","57046518","57046816","chr2A","48897153","48897453","32","8149365"
"chr13","57246080","57246386","chr4","40581263","40581571","42","16664817"
"chr13","57533047","57533333","chr11","107804111","107804399","38","50271064"
"chr13","57702725","57703032","chrX","51034227","51034538","39","6668498"
"chr13","58119742","58120050","chr2A","47779935","47780241","31","10339807"
"chr13","59211897","59212169","chr2A","46646404","46646666","37","12565493"
"chr13","59237459","59237771","chr4","199024335","199024640","38","139786876"
"chr13","59366757","59367061","chr16","66170347","66170652","36","6803590"
"chr13","59463280","59463597","chr1","159310134","159310437","43","99846854"
"chr13","59588289","59588603","chr14","77304145","77304459","39","17715856"
"chr13","59627491","59627799","chrX","74427130","74427438","48","14799639"
"chr13","59661214","59661292","chr6","120089913","120089990","10","60428699"
"chr13","59680126","59680429","chr2A","46171867","46172169","24","13508259"
"chr13","59722096","59722399","chr10","136766798","136767102","29","77044702"
"chr13","59738758","59739048","chr11","75415809","75416115","57","15677051"
"chr13","59751647","59751969","chr21","12054491","12054811","66","47697156"
"chr13","59890485","59890783","chr10","34684828","34685127","36","25205657"
"chr13","59898025","59898318","chr5","63827188","63827485","44","3929163"
"chr13","59917490","59917784","chr1","65914289","65914588","58","5996799"
"chr13","59948393","59948709","chr6","52209501","52209812","41","7738892"
"chr13","59993038","59993349","chr10","136766798","136767102","35","76773760"
"chr13","60030407","60030693","chrX","130145572","130145866","40","70115165"
"chr13","60056258","60056564","chr17","14861735","14862035","39","45194523"
"chr13","60066460","60066769","chr8","33366076","33366386","43","26700384"
"chr13","60180490","60180801","chr1","100887646","100887952","37","40707156"
"chr13","60263289","60263587","chr7","154438682","154438977","46","94175393"
"chr13","60270351","60270657","chr19","16602118","16602424","49","43668233"
"chr13","60347403","60347698","chr2A","45507271","45507564","24","14840132"
"chr13","60369455","60369763","chr18","23191935","23192242","46","37177520"
"chr13","60407412","60407696","chr17","59104636","59104927","55","1302776"
"chr13","60436984","60437289","chr2A","45437571","45437879","27","14999413"
"chr13","60445104","60445361","chr6","22183171","22183440","54","38261933"
"chr13","60479348","60479626","chr2A","45393664","45393939","31","15085684"
"chr13","60546492","60546803","chrX","97594986","97595289","46","37048494"
"chr13","60644895","60645197","chr2A","45229836","45230134","28","15415059"
"chr13","60657791","60658075","chr2A","45216439","45216729","37","15441352"
"chr13","60739576","60739887","chr7","154326164","154326473","36","93586588"
"chr13","60772130","60772427","chr1","162294161","162294462","51","101522031"
"chr13","60783440","60783738","chr2A","45092736","45093038","28","15690704"
"chr13","60818569","60818858","chr12","59907829","59908121","35","910740"
"chr13","60858629","60858885","chr9","104758962","104759223","30","43900333"
"chr13","60869667","60869967","chr7","148440141","148440443","43","87570474"
"chr13","60876496","60876808","chr21","32787881","32788194","45","28088615"
"chr13","60935804","60936109","chr2A","44945669","44945973","27","15990135"
"chr13","60979147","60979455","chr2A","10355583","10355893","37","50623564"
"chr13","61031374","61031670","chr2A","44841217","44841508","40","16190157"
"chr13","61312316","61312625","chr17","9234226","9234536","47","52078090"
"chr13","61313767","61313947","chr4","81515226","81515394","34","20201459"
"chr13","61567060","61567350","chr5","137760043","137760333","35","76192983"
"chr13","61570537","61570757","chr1","129204739","129204963","36","67634202"
"chr13","62250734","62251057","chr19","38050513","38050826","47","24200221"
"chr13","62625778","62626084","chr2A","43204344","43204650","12","19421434"
"chr13","62643078","62643395","chr2A","43180447","43180771","30","19462631"
"chr13","63470365","63470659","chr1","193763062","193763356","42","130292697"
"chr13","63526639","63526932","chr9","70252230","70252529","44","6725591"
"chr13","63668085","63668397","chr6","35622489","35622796","44","28045596"
"chr13","63685152","63685463","chr7","127657301","127657615","40","63972149"
"chr13","63794518","63794805","chr8","82724083","82724367","37","18929565"
"chr13","63887529","63887819","chr3","187371514","187371814","49","123483985"
"chr13","63917244","63917530","chr2A","41919865","41920135","40","21997379"
"chr13","63961299","63961590","chr2A","41873955","41874246","23","22087344"
"chr13","64012377","64012674","chr1","27021093","27021389","42","36991284"
"chr13","64033141","64033454","chr12","74128931","74129244","44","10095790"
"chr13","64060506","64060805","chr14","32972455","32972755","45","31088051"
"chr13","64063035","64063265","chr19","23057708","23057946","53","41005327"
"chr13","64063334","64063507","chr12","29063562","29063741","24","34999772"
"chr13","64142695","64142967","chr15","64207943","64208221","44","65248"
"chr13","64162309","64162586","chr16","23748121","23748400","35","40414188"
"chr13","64179772","64180091","chr2A","41670386","41670699","30","22509386"
"chr13","64200503","64200796","chr1","27021093","27021389","37","37179410"
"chr13","64244557","64244864","chr2A","41601701","41602001","38","22642856"
"chr13","64263660","64263951","chr6","119750721","119751012","31","55487061"
"chr13","64273497","64273800","chr2A","41574324","41574627","28","22699173"
"chr13","64315880","64316177","chr9","108229509","108229814","41","43913629"
"chr13","64324018","64324311","chr7","111976753","111977051","34","47652735"
"chr13","64404161","64404330","chr6","141107307","141107479","26","76703146"
"chr13","64418111","64418411","chr3","189917481","189917788","46","125499370"
"chr13","64551776","64552081","chr1","111254166","111254467","45","46702390"
"chr13","64554797","64555109","chr2A","10355583","10355893","34","54199214"
"chr13","64968323","64968636","chr3","187014359","187014668","41","122046036"
"chr13","65050596","65050904","chr19","2494413","2494722","43","62556183"
"chr13","65383627","65383973","chr12","12300417","12300745","66","53083210"
"chr13","65846809","65846974","chr10","63405598","63405761","24","2441211"
"chr13","65947656","65947952","chr13","33361251","33361548","36","32586405"
"chr13","65955528","65955840","chr2A","39887916","39888223","31","26067612"
"chr13","66413099","66413380","chr4","83955527","83955809","50","17542428"
"chr13","66979410","66979722","chr2A","38855649","38855959","34","28123761"
"chr13","67106455","67106748","chr15","48096690","48096980","36","19009765"
"chr13","67254302","67254599","chr7","110891645","110891944","37","43637343"
"chr13","67272782","67273064","chr2A","38560838","38561129","27","28711944"
"chr13","67306813","67307083","chr22","34238463","34238729","59","33068350"
"chr13","67437485","67437797","chr15","69276871","69277183","41","1839386"
"chr13","67566015","67566338","chr3","197346369","197346679","45","129780354"
"chr13","68021204","68021518","chr13","11345127","11345439","43","56676077"
"chr13","68235380","68235550","chr9","20658399","20658564","33","47576981"
"chr13","68277913","68278231","chr8","145823123","145823430","49","77545210"
"chr13","68319959","68320264","chrX","137736664","137736965","44","69416705"
"chr13","68321657","68321959","chr7","72899498","72899802","33","4577841"
"chr13","68377101","68377395","chr17","58273313","58273617","52","10103788"
"chr13","68476622","68476921","chr2B","125039405","125039704","31","56562783"
"chr13","68520295","68520597","chr2A","21134848","21135157","39","47385447"
"chr13","68672967","68673267","chr5","36374695","36374994","36","32298272"
"chr13","68834004","68834299","chr13","34006475","34006766","38","34827529"
"chr13","68940965","68941248","chr8","75537402","75537690","41","6596437"
"chr13","68984180","68984472","chr9","79965468","79965758","38","10981288"
"chr13","69001227","69001532","chr5","24415712","24416011","43","44585515"
"chr13","69130611","69130909","chr6","119750721","119751012","50","50620110"
"chr13","69156221","69156524","chr6","37682797","37683102","37","31473424"
"chr13","69200498","69200608","chr3","58384525","58384640","25","10815973"
"chr13","69289691","69290001","chr2A","36541369","36541674","35","32748322"
"chr13","69307994","69308305","chr1","40966383","40966697","46","28341611"
"chr13","69603512","69603821","chr1","205430531","205430844","39","135827019"
"chr13","69708047","69708359","chr1","100887646","100887952","29","31179599"
"chr13","69862260","69862572","chr1","40538480","40538784","42","29323780"
"chr13","69896158","69896457","chr10","136766798","136767102","41","66870640"
"chr13","70033073","70033376","chr7","127657301","127657615","43","57624228"
"chr13","70104908","70105195","chr2A","35661107","35661394","19","34443801"
"chr13","70448650","70448962","chr20","39696632","39696939","39","30752018"
"chr13","70823339","70823642","chr3","49274363","49274680","51","21548976"
"chr13","71175595","71175889","chr1","26237562","26237859","56","44938033"
"chr13","71221783","71221966","chr17","49835911","49836089","30","21385872"
"chr13","71311355","71311660","chr16","20567250","20567552","38","50744105"
"chr13","71343095","71343366","chr17","77615943","77616210","49","6272848"
"chr13","71356853","71356972","chr6","28591837","28591957","13","42765016"
"chr13","71466708","71466975","chr12","131788345","131788608","48","60321637"
"chr13","71974480","71974765","chrX","108626661","108626941","42","36652181"
"chr13","72035719","72035999","chr8","21673007","21673285","45","50362712"
"chr13","72117372","72117698","chr2A","10355583","10355893","49","61761789"
"chr13","72133542","72133857","chr2B","65741490","65741803","41","6392052"
"chr13","72134311","72134632","chr6","136264967","136265262","62","64130656"
"chr13","72135392","72135586","chr2B","93870467","93870663","34","21735075"
"chr13","72154628","72154908","chr15","46138105","46138386","37","26016523"
"chr13","72177204","72177509","chr1","132554974","132555276","35","60377770"
"chr13","72286182","72286490","chr1","134763713","134764022","35","62477531"
"chr13","72297626","72297920","chr2A","33479174","33479477","36","38818452"
"chr13","72338075","72338372","chr13","34006475","34006766","46","38331600"
"chr13","72508301","72508613","chr2A","10355583","10355893","38","62152718"
"chr13","72538067","72538369","chr2A","33231558","33231863","18","39306509"
"chr13","72643143","72643465","chr5","13160492","13160798","46","59482651"
"chr13","72776634","72776929","chr9","81354291","81354584","32","8577657"
"chr13","72783921","72784048","chr17","65487091","65487219","26","7296830"
"chr13","72810885","72811192","chr2A","21134848","21135157","32","51676037"
"chr13","72817716","72818015","chr2A","32880059","32880362","34","39937657"
"chr13","72841086","72841382","chr2B","99512257","99512553","33","26671171"
"chr13","72923609","72923895","chr10","142970684","142970982","38","70047075"
"chr13","72950328","72950591","chr17","77615943","77616210","36","4665615"
"chr13","73087574","73087886","chr3","121417916","121418229","37","48330342"
"chr13","73342948","73343218","chr2A","32372916","32373191","31","40970032"
"chr13","73872646","73872969","chr17","28027747","28028064","36","45844899"
"chr13","74099441","74099749","chr22","14282850","14283161","35","59816591"
"chr13","74284379","74284465","chr2A","31466957","31467041","5","42817422"
"chr13","74870651","74870952","chr9","11641215","11641514","42","63229436"
"chr13","75348574","75348880","chr7","154570538","154570845","41","79221964"
"chr13","75746342","75746649","chr12","78558197","78558505","57","2811855"
"chr13","75999342","75999652","chr2A","29812381","29812690","43","46186961"
"chr13","76258626","76258917","chr17","59104636","59104927","43","17153990"
"chr13","77292106","77292376","chr2A","28314868","28315155","38","48977238"
"chr13","77616792","77617087","chr8","142803773","142804071","37","65186981"
"chr13","77666636","77666944","chr12","8706461","8706771","44","68960175"
"chr13","78037577","78037881","chr17","79404094","79404401","37","1366517"
"chr13","78098068","78098369","chr2A","27517787","27518083","37","50580281"
"chr13","78138034","78138336","chr13","42659320","42659625","55","35478714"
"chr13","78377777","78378070","chr5","160987933","160988228","41","82610156"
"chr13","78722722","78722991","chrX","134562038","134562303","42","55839316"
"chr13","79206464","79206763","chr1","17435492","17435794","44","61770972"
"chr13","79367018","79367336","chr16","23926045","23926350","54","55440973"
"chr13","80262715","80263009","chr18","3182424","3182723","51","77080291"
"chr13","80435992","80436278","chr11","18496861","18497148","39","61939131"
"chr13","81069334","81069639","chr2B","125039405","125039704","42","43970071"
"chr13","81301028","81301313","chr6","14540070","14540350","37","66760958"
"chr13","81681704","81682005","chr13","78136144","78136444","41","3545560"
"chr13","81789700","81790010","chr7","2757521","2757833","55","79032179"
"chr13","82172641","82172956","chr2A","23591805","23592124","29","58580836"
"chr13","82180491","82180804","chr4","173568856","173569161","40","91388365"
"chr13","82250276","82250585","chr7","75795144","75795454","43","6455132"
"chr13","83000849","83001129","chrX","36693904","36694182","40","46306945"
"chr13","83325414","83325690","chr1","203814340","203814616","50","120488926"
"chr13","83422031","83422340","chrX","41587872","41588178","36","41834159"
"chr13","83560354","83560654","chr8","77189674","77189971","44","6370680"
"chr13","83581005","83581315","chr3","187177539","187177847","45","103596534"
"chr13","83673810","83674118","chr19","42097176","42097491","41","41576634"
"chr13","83735898","83736189","chr1","95437365","95437651","43","11701467"
"chr13","83796499","83796803","chr2B","16242998","16243299","35","67553501"
"chr13","83807540","83807873","chr1","55257720","55258051","51","28549820"
"chr13","83812951","83813253","chr2A","21702630","21702921","39","62110321"
"chr13","83823836","83823971","chr9","114224821","114224954","26","30400985"
"chr13","83884796","83885105","chr7","36197569","36197873","42","47687227"
"chr13","83936730","83937003","chr21","28663801","28664070","36","55272929"
"chr13","84118780","84118806","chr2A","21387622","21387648","1","62731158"
"chr13","84170941","84171240","chr9","70252230","70252529","39","13918711"
"chr13","84197658","84197945","chr19","1355781","1356069","32","82841877"
"chr13","84221726","84222031","chrX","4655561","4655870","39","79566165"
"chr13","84235683","84235994","chrX","74427130","74427438","42","9808553"
"chr13","84268829","84269108","chr2A","21244255","21244534","19","63024574"
"chr13","84317666","84317974","chr20","35582405","35582711","43","48735261"
"chr13","84318776","84319083","chr2A","21191448","21191758","30","63127328"
"chr13","84372549","84372861","chr2A","21134848","21135157","27","63237701"
"chr13","84401603","84401917","chr20","55450421","55450733","44","28951182"
"chr13","84469026","84469333","chr7","29021792","29022096","29","55447234"
"chr13","84674734","84675022","chr22","24788380","24788656","47","59886354"
"chr13","84739552","84739850","chr15","9054079","9054376","29","75685473"
"chr13","84808380","84808672","chr1","144529989","144530282","34","59721609"
"chr13","84876064","84876349","chr19","3472325","3472614","54","81403739"
"chr13","84907524","84907832","chrX","74427130","74427438","44","10480394"
"chr13","84928341","84928646","chr1","132554974","132555276","34","47626633"
"chr13","84996668","84996978","chrX","41587872","41588178","43","43408796"
"chr13","85019811","85020105","chr2A","20485108","20485395","49","64534703"
"chr13","85045011","85045317","chr11","17305005","17305310","33","67740006"
"chr13","85069137","85069424","chr6","119750721","119751012","34","34681584"
"chr13","85286840","85286900","chr5","63113280","63113339","7","22173560"
"chr13","85713312","85713631","chr12","10088395","10088703","56","75624917"
"chr13","85752447","85752753","chr5","24898754","24899067","48","60853693"
"chr13","85943531","85943689","chr3","32744067","32744225","20","53199464"
"chr13","85961828","85962126","chr17","58273313","58273617","49","27688515"
"chr13","85985140","85985439","chr5","155273113","155273418","42","69287973"
"chr13","85997208","85997511","chr7","138210981","138211278","49","52213773"
"chr13","86142561","86142871","chr9","87523162","87523472","50","1380601"
"chr13","86213786","86214100","chr15","67619999","67620309","33","18593787"
"chr13","86236306","86236618","chr2A","18798642","18798955","31","67437664"
"chr13","86333531","86333859","chr14","40729865","40730201","57","45603666"
"chr13","86379548","86379862","chr3","45442458","45442770","48","40937090"
"chr13","86410598","86410899","chr3","199286699","199286993","62","112876101"
"chr13","86475670","86475969","chr2A","18578935","18579229","30","67896735"
"chr13","86511662","86511974","chr1","191149848","191150155","43","104638186"
"chr13","86608216","86608522","chr2A","18441036","18441339","23","68167180"
"chr13","86872547","86872860","chr17","38608208","38608518","39","48264339"
"chr13","86943385","86943598","chr11","15469750","15469960","36","71473635"
"chr13","87196644","87196816","chr6","141107307","141107479","28","53910663"
"chr13","87772557","87772855","chr10","16102299","16102594","34","71670258"
"chr13","87787783","87787955","chr21","9612794","9612973","38","78174989"
"chr13","87855927","87856220","chr1","185054973","185055268","30","97199046"
"chr13","87880470","87880606","chr1","19586121","19586260","24","68294349"
"chr13","87884097","87884411","chr20","45934753","45935060","34","41949344"
"chr13","87903514","87903788","chr7","129430880","129431159","66","41527366"
"chr13","87974674","87974952","chr17","85184470","85184751","37","2790204"
"chr13","88215485","88215783","chr2A","51304277","51304576","44","36911208"
"chr13","88303150","88303442","chr1","185054973","185055268","38","96751823"
"chr13","88323220","88323512","chr9","118968461","118968747","43","30645241"
"chr13","88374659","88374883","chr16","50754893","50755126","41","37619766"
"chr13","88489265","88489549","chr2A","1664613","1664907","39","86824652"
"chr13","88490777","88491088","chr11","69456323","69456634","46","19034454"
"chr13","88624662","88624691","chr8","129709006","129709033","9","41084344"
"chr13","88624720","88624888","chr19","41802067","41802242","28","46822653"
"chr13","88626458","88626556","chr16","3084056","3084162","31","85542402"
"chr13","88856255","88856517","chr10","140684085","140684354","45","51827830"
"chr13","88859541","88859855","chr2A","2036367","2036674","41","86823174"
"chr13","88981426","88981737","chr7","127657301","127657615","46","38675875"
"chr13","88992052","88992164","chr2A","2542926","2543040","9","86449126"
"chr13","89000866","89001180","chr2A","95639429","95639733","41","6638563"
"chr13","89027095","89027390","chr2A","2573541","2573836","21","86453554"
"chr13","89046891","89047187","chr9","111831521","111831814","38","22784630"
"chr13","89153549","89153826","chr1","66580123","66580404","45","22573426"
"chr13","89328127","89328439","chrX","97594986","97595289","44","8266859"
"chr13","89339231","89339543","chr2A","2855941","2856243","38","86483290"
"chr13","89402925","89403213","chr9","87736194","87736488","40","1666731"
"chr13","89649512","89649848","chr5","8586547","8586874","39","81062965"
"chr13","90069539","90069849","chr4","38387917","38388218","41","51681622"
"chr13","90136633","90136924","chr8","33472835","33473130","34","56663798"
"chr13","90138270","90138550","chr2A","3645196","3645471","32","86493074"
"chr13","90171829","90172132","chr9","73922988","73923294","44","16248841"
"chr13","90285345","90285657","chr10","136766798","136767102","36","46481453"
"chr13","90329929","90330241","chr15","37451080","37451392","46","52878849"
"chr13","90330704","90331021","chr17","9809898","9810208","46","80520806"
"chr13","90521525","90521828","chr1","100887646","100887952","36","10366121"
"chr13","90595536","90595863","chr14","77304145","77304459","48","13291391"
"chr13","90651328","90651638","chr17","79404094","79404401","39","11247234"
"chr13","90782107","90782411","chr13","8634043","8634347","30","82148064"
"chr13","90823508","90823816","chr16","43800527","43800838","37","47022981"
"chr13","90926561","90926860","chr1","191149848","191150155","49","100223287"
"chr13","90932235","90932507","chr13","14889607","14889891","46","76042628"
"chr13","90982527","90982833","chr13","66616993","66617297","31","24365534"
"chr13","91041984","91042297","chr8","103767519","103767832","30","12725535"
"chr13","91044797","91045082","chr16","38430269","38430560","35","52614528"
"chr13","91048420","91048714","chr19","17050826","17051125","39","73997594"
"chr13","91155846","91156124","chr17","20151025","20151313","48","71004821"
"chr13","91456881","91457198","chr20","13403253","13403563","35","78053628"
"chr13","91868682","91868962","chrUn_CABD030131550v1","8094","8384","46","91860588"
"chr13","91914502","91914748","chr1","158525902","158526148","40","66611400"
"chr13","91954506","91954795","chr12","94842887","94843180","34","2888381"
"chr13","91985062","91985341","chr19","12883061","12883346","48","79102001"
"chr13","92243722","92243993","chrX","36693904","36694182","40","55549818"
"chr13","92282041","92282168","chr2A","5851948","5852064","21","86430093"
"chr13","92293165","92293459","chr3","12024603","12024895","38","80268562"
"chr13","92377071","92377351","chr4","155657331","155657621","51","63280260"
"chr13","92392767","92393039","chr5","141472998","141473273","40","49080231"
"chr13","92414636","92414946","chr15","18246269","18246581","32","74168367"
"chr13","92460599","92460686","chr12","123620909","123620994","23","31160310"
"chr13","92460690","92460843","chr17","8148578","8148726","35","84312112"
"chr13","92472054","92472363","chr1","10694434","10694739","42","81777620"
"chr13","92590875","92591051","chr6","141107307","141107479","20","48516432"
"chr13","92662069","92662388","chr10","111864529","111864838","58","19202460"
"chr13","92664258","92664567","chr1","100887646","100887952","39","8223388"
"chr13","92798263","92798575","chr3","197346369","197346679","40","104548106"
"chr13","92840172","92840290","chr1","16258407","16258523","20","76581765"
"chr13","92941066","92941373","chr7","2112993","2113296","43","90828073"
"chr13","93650630","93650938","chr2A","7285923","7286231","33","86364707"
"chr13","94583319","94583631","chr16","76137172","76137480","39","18446147"
"chr13","94706408","94706721","chr4","198977209","198977521","42","104270801"
"chr13","94769724","94770030","chr9","59842059","59842366","42","34927665"
"chr13","95784771","95785083","chr12","3042424","3042732","35","92742347"
"chr13","96235544","96235848","chr8","33426579","33426880","30","62808965"
"chr13","96329138","96329256","chr6","46090125","46090239","25","50239013"
"chr13","96369324","96369634","chr3","187177539","187177847","40","90808215"
"chr13","96755189","96755478","chr15","69321629","69321924","36","27433560"
"chr13","96775349","96775642","chr9","104342523","104342819","36","7567174"
"chr13","96864221","96864457","chr1","10834504","10834743","44","86029717"
"chr13","96931375","96931684","chr18","23191935","23192242","38","73739440"
"chr13","96932627","96932936","chr10","140604064","140604370","39","43671437"
"chr13","97034309","97034607","chrX","124772075","124772366","54","27737766"
"chr13","97084990","97085043","chr15","79946325","79946381","9","17138665"
"chr13","97102235","97102527","chrX","36406749","36407049","30","60695486"
"chr13","97145066","97145376","chrX","41587872","41588178","46","55557194"
"chr13","97208238","97208407","chr19","14148444","14148599","35","83059794"
"chr13","97208732","97209024","chr2A","10933895","10934203","43","86274837"
"chr13","97261197","97261500","chr2A","10994406","10994705","38","86266791"
"chr13","97377637","97377921","chr11","46969394","46969676","42","50408243"
"chr13","97557594","97557902","chr19","48749897","48750207","41","48807697"
"chr13","97579962","97580277","chr1","157261144","157261453","41","59681182"
"chr13","97661991","97662304","chr16","30922722","30923023","61","66739269"
"chr13","97896160","97896473","chr13","8634043","8634347","44","89262117"
"chr13","97941249","97941560","chr1","221712113","221712428","48","123770864"
"chr13","98388208","98388473","chr3","170412082","170412354","64","72023874"
"chr13","98442520","98442690","chr10","63405598","63405761","32","35036922"
"chr13","98680928","98681240","chr17","79404094","79404401","39","19276834"
"chr13","99165543","99165859","chr9","12719252","12719556","52","86446291"
"chr13","99182654","99182958","chr5","115315946","115316248","44","16133292"
"chr13","99386652","99386950","chr1","131010241","131010539","37","31623589"
"chr13","99548080","99548380","chr6","39813718","39814020","41","59734362"
"chr13","99647601","99647901","chr12","117088484","117088786","30","17440883"
"chr13","99668459","99668698","chr2A","13465541","13465765","39","86202918"
"chr13","99678029","99678332","chr2A","13475152","13475455","34","86202877"
"chr13","99707100","99707398","chr1","27021093","27021389","32","72686007"
"chr13","99748416","99748728","chr19","29025419","29025728","34","70722997"
"chr13","99764424","99764683","chr13","89911763","89912027","45","9852661"
"chr13","99783653","99783961","chr2A","10355583","10355893","32","89428070"
"chr13","99800094","99800405","chr2A","13601557","13601877","32","86198537"
"chr13","99865780","99866101","chr2A","13668551","13668871","28","86197229"
"chr13","99873644","99873954","chr4","1954458","1954764","42","97919186"
"chr13","99931342","99931595","chr17","3354858","3355106","41","96576484"
"chr13","99946790","99946846","chr15","79946325","79946381","5","20000465"
"chr13","100011659","100011959","chr2A","13807632","13807929","25","86204027"
"chr13","100099007","100099302","chr1","131010241","131010539","35","30911234"
"chr13","100143416","100143740","chr1","54464452","54464778","49","45678964"
"chr13","100256830","100257139","chr12","36414589","36414899","39","63842241"
"chr13","100270638","100270921","chrX","119746098","119746358","54","19475460"
"chr13","100409350","100409637","chr2A","14229283","14229574","35","86180067"
"chr13","100514292","100514595","chr6","37682797","37683102","39","62831495"
"chr13","100805297","100805588","chr14","60355782","60356072","40","40449515"
"chr13","100825600","100825895","chr1","27021093","27021389","32","73804507"
"chr13","100851186","100851492","chr6","3803168","3803477","45","97048018"
"chr13","100869455","100869763","chr17","79404094","79404401","39","21465361"
"chr13","100887571","100887883","chr19","48749897","48750207","49","52137674"
"chr13","100898403","100898709","chr1","100887646","100887952","31","10757"
"chr13","101021654","101021985","chr12","12300417","12300745","55","88721237"
"chr13","101031526","101031827","chr10","115595773","115596076","39","14564247"
"chr13","101384215","101384519","chr2A","15661206","15661505","28","85723009"
"chr13","101484053","101484348","chr7","132389917","132390213","38","30905864"
"chr13","102164196","102164501","chr10","136766798","136767102","31","34602602"
"chr13","102231318","102231622","chr3","55283195","55283502","38","46948123"
"chr13","102299809","102299849","chr17","4775549","4775592","9","97524260"
"chr13","102299859","102300118","chr12","76915481","76915745","47","25384378"
"chr13","102353931","102354185","chr10","43187932","43188189","39","59165999"
"chr13","102407138","102407438","chr1","197931021","197931326","39","95523883"
"chr13","102507428","102507739","chr11","61980729","61981038","39","40526699"
"chr13","102693504","102693801","chr22","28987370","28987666","34","73706134"
"chr13","102712765","102713078","chr14","47857829","47858141","31","54854936"
"chr13","102760185","102760408","chr12","95133984","95134201","34","7626201"
"chr13","102762670","102762991","chr6","6752789","6753094","58","96009881"
"chr13","103127489","103127816","chr14","85461757","85462083","57","17665732"
"chr13","103162909","103163183","chr1","206392101","206392374","49","103229192"
"chr13","103234117","103234419","chr1","38451526","38451829","50","64782591"
"chr13","103254281","103254569","chr9","53785761","53786056","51","49468520"
"chr13","103414875","103415179","chr19","3472325","3472614","59","99942550"
"chr13","103578975","103579275","chr10","86865957","86866245","66","16713018"
"chr13","104934352","104934650","chr2A","59985648","59985942","64","44948704"
"chr13","105017508","105017813","chr9","59842059","59842366","40","45175449"
"chr13","106523824","106524112","chr5","33727432","33727720","28","72796392"
"chr13","106584380","106584720","chrX","21951816","21952140","58","84632564"
"chr13","106692211","106692513","chr2B","28276802","28277115","31","78415409"
"chr13","106720517","106720832","chr5","162326402","162326716","40","55605885"
"chr13","106978482","106978789","chrX","41587872","41588178","43","65390610"
"chr13","107083568","107083857","chr13","89646893","89647179","50","17436675"
"chr13","107222383","107222692","chr3","187177539","187177847","34","79955156"
"chr13","107229543","107229831","chr7","23350671","23350956","54","83878872"
"chr13","107330739","107331038","chr1","27021093","27021389","47","80309646"
"chr13","107334316","107334603","chr2B","27651103","27651395","29","79683213"
"chr13","107350360","107350662","chr6","6752789","6753094","35","100597571"
"chr13","107444344","107444597","chr12","35696479","35696740","52","71747865"
"chr13","107536262","107536574","chr1","141361647","141361958","44","33825385"
"chr13","107537750","107538043","chr11","61561439","61561735","40","45976311"
"chr13","107722064","107722367","chr19","50345980","50346283","34","57376084"
"chr13","107744381","107744685","chr2B","27233563","27233859","38","80510818"
"chr13","107843290","107843330","chr13","61473070","61473106","9","46370220"
"chr13","108111732","108112030","chr20","21707872","21708172","40","86403860"
"chr13","108133229","108133413","chr10","117413866","117414034","35","9280637"
"chr13","108346823","108347068","chr1","158525902","158526148","29","50179079"
"chr13","108349408","108349708","chr12","104000013","104000315","31","4349395"
"chr13","108390735","108391033","chr3","187177539","187177847","55","78786804"
"chr13","108408426","108408708","chr2B","26560227","26560512","40","81848199"
"chr13","108425604","108425799","chr2B","26549355","26549553","19","81876249"
"chr13","109066551","109066835","chr13","73895099","73895382","44","35171452"
"chr13","109215990","109216293","chr3","186504136","186504430","55","77288146"
"chr13","109388142","109388441","chr15","44467276","44467574","32","64920866"
"chr13","110429253","110429562","chr1","40966383","40966697","48","69462870"
"chr13","110624897","110625206","chr17","38608208","38608518","41","72016689"
"chr13","110710894","110711205","chr2A","21134848","21135157","38","89576046"
"chr13","110722679","110722980","chr9","67126783","67127082","31","43595896"
"chr13","110831526","110831837","chr20","35582405","35582711","38","75249121"
"chr13","110868554","110868854","chr14","39240715","39241013","50","71627839"
"chr13","110888340","110888619","chr17","85184470","85184751","40","25703870"
"chr13","110929052","110929366","chrX","97594986","97595289","39","13334066"
"chr13","111195004","111195313","chr2B","80727391","80727695","41","30467613"
"chr13","111601692","111602022","chr2B","3194798","3195110","52","108406894"
"chr13","111764812","111765108","chr4","163295117","163295413","36","51530305"
"chr13","112866265","112866518","chr12","131788345","131788608","43","18922080"
"chr13","112869925","112870239","chr2B","4514370","4514670","36","108355555"
"chr13","113476696","113476988","chr2B","5107397","5107689","26","108369299"
"chr13","113828355","113828656","chr10","34684828","34685127","45","79143527"
"chr13","114169471","114169765","chr8","61897078","61897377","34","52272393"
"chr13","114211972","114212281","chr3","187177539","187177847","44","72965567"
"chr13","114450158","114450457","chr22","34454822","34455119","37","79995336"
"chr13","115234920","115235210","chr9","118968461","118968747","47","3733541"
"chr13","115691119","115691418","chr12","59907829","59908121","46","55783290"
"chr13","115702567","115702867","chr10","136766798","136767102","45","21064231"
"chr13","116289781","116290089","chr1","40538480","40538784","50","75751301"
"chr13","116301112","116301416","chr2B","7988940","7989242","26","108312172"
"chr13","116637518","116637812","chr10","108870200","108870501","41","7767318"
"chr13","116662677","116662949","chr8","146076240","146076523","56","29413563"
"chr13","117127479","117127778","chr1","185054973","185055268","31","67927494"
"chr13","117138313","117138424","chr11","33539566","33539677","25","83598747"
"chr13","117155338","117155640","chr4","171953878","171954174","38","54798540"
"chr13","117156643","117156814","chr21","9612794","9612973","32","107543849"
"chr13","117156885","117156964","chr3","77397517","77397589","28","39759368"
"chr13","117158881","117159188","chr7","71187672","71187981","48","45971209"
"chr13","117186402","117186708","chr4","48585107","48585416","42","68601295"
"chr13","117190394","117190691","chr4","48585107","48585416","45","68605287"
"chr13","117243016","117243297","chr2B","8931776","8932062","28","108311240"
"chr13","117358861","117359169","chr2B","60505952","60506256","43","56852909"
"chr13","117432109","117432405","chr1","27021093","27021389","39","90411016"
"chr13","117784456","117784739","chr5","101086301","101086595","43","16698155"
"chr13","117819187","117819495","chr2B","52151860","52152163","32","65667327"
"chr13","117843475","117843788","chr4","201004696","201005001","40","83161221"
"chr13","118385882","118386170","chr2B","10076116","10076453","60","108309766"
"chr13","118410340","118410603","chr13","17177341","17177605","48","101232999"
"chr13","118416035","118416323","chr11","82956585","82956882","45","35459450"
"chr13","118471038","118471350","chrX","97594986","97595289","47","20876052"
"chr13","118628098","118628393","chr5","26480986","26481273","45","92147112"
"chr13","118636833","118637144","chr2B","10353901","10354207","34","108282932"
"chr13","118752129","118752427","chr3","22348724","22349016","39","96403405"
"chr13","118758237","118758534","chr2A","10348885","10349185","58","108409352"
"chr13","118765151","118765450","chr17","55924536","55924834","37","62840615"
"chr13","118772543","118772835","chr7","70900990","70901293","36","47871553"
"chr13","118809433","118809739","chr2B","10519542","10519838","27","108289891"
"chr13","118813727","118814032","chr1","43177069","43177374","46","75636658"
"chr13","118825357","118825669","chr15","11881018","11881326","41","106944339"
"chr13","118855545","118855849","chr6","35622489","35622796","38","83233056"
"chr13","118887133","118887256","chr7","138962703","138962820","14","20075570"
"chr13","119151009","119151305","chr4","171953878","171954174","41","52802869"
"chr13","119287866","119288145","chr2A","1587097","1587372","40","117700769"
"chr13","120032566","120032878","chr20","35582405","35582711","45","84450161"
"chr13","120098872","120099188","chr11","19872208","19872525","55","100226664"
"chr13","120375702","120376010","chr19","14864204","14864510","48","105511498"
"chr13","120647057","120647368","chr18","59918384","59918694","42","60728673"
"chr13","120901526","120901840","chr21","32787881","32788194","41","88113645"
"chr13","120963523","120963684","chr5","23448994","23449146","27","97514529"
"chr13","121548729","121548993","chr7","81155889","81156149","37","40392840"
"chr13","121622698","121622985","chr2B","13258833","13259139","43","108363865"
"chr13","121965029","121965317","chr2B","13634117","13634408","29","108330912"
"chr13","122051438","122051750","chr20","35582405","35582711","44","86469033"
"chr13","122097921","122098232","chr13","8634043","8634347","44","113463878"
"chr13","122277153","122277453","chr21","27515147","27515449","47","94762006"
"chr13","122924102","122924380","chr3","144880561","144880847","51","21956459"
"chr13","123083453","123083755","chr2B","14779401","14779704","47","108304052"
"chr13","123145759","123145890","chr2B","14858242","14858368","22","108287517"
"chr13","123248973","123249247","chr1","28063552","28063828","42","95185421"
"chr13","123686595","123686849","chr17","3354858","3355106","49","120331737"
"chr13","124006721","124007025","chr12","43187170","43187474","37","80819551"
"chr13","124105898","124106216","chr14","58578318","58578620","64","65527580"
"chr13","124236025","124236320","chr1","7700882","7701173","39","116535143"
"chr13","124401677","124401979","chr2B","16093574","16093885","34","108308103"
"chr13","124470419","124470728","chrX","134517668","134517979","33","10047249"
"chr13","124540109","124540419","chr10","36940510","36940825","53","87599599"
"chr13","124543171","124543471","chr2B","16242998","16243299","21","108300173"
"chr13","124718513","124718827","chr2B","16433354","16433662","28","108285159"
"chr13","124751078","124751382","chrX","18200876","18201163","50","106550202"
"chr13","124793724","124794038","chr20","35582405","35582711","43","89211319"
"chr13","125050881","125051071","chr10","10573877","10574055","34","114477004"
"chr13","125069165","125069473","chrX","41587872","41588178","41","83481293"
"chr13","125079278","125079576","chr10","31847226","31847537","37","93232052"
"chr13","125095169","125095480","chr13","8634043","8634347","43","116461126"
"chr13","125120181","125120492","chr12","37078719","37079032","40","88041462"
"chr13","125121712","125122017","chr2A","31692393","31692699","40","93429319"
"chr13","125151322","125151622","chr2B","16887366","16887658","31","108263956"
"chr13","125188542","125188840","chr1","27021093","27021389","41","98167449"
"chr13","125195090","125195371","chr10","30706997","30707281","40","94488093"
"chr13","125244954","125245251","chr5","51774532","51774825","38","73470422"
"chr13","125275097","125275420","chr2A","10355583","10355893","44","114919514"
"chr13","125391889","125392177","chr12","79066133","79066418","44","46325756"
"chr13","125403053","125403335","chr7","105061299","105061571","42","20341754"
"chr13","125461717","125462020","chr7","72899498","72899802","49","52562219"
"chr13","125471594","125471889","chr10","108870200","108870501","40","16601394"
"chr13","125548055","125548375","chr2B","17296624","17296942","48","108251431"
"chr13","125789164","125789475","chr6","35622489","35622796","34","90166675"
"chr13","125892545","125892840","chr1","206337429","206337725","37","80444884"
"chr13","126098617","126098916","chr17","8465111","8465410","41","117633506"
"chr13","126105757","126106055","chr2B","17885785","17886076","39","108219972"
"chr13","126291793","126292097","chr19","4019897","4020199","50","122271896"
"chr13","126598630","126598942","chr1","215398124","215398438","38","88799494"
"chr13","126869622","126869774","chr19","30888559","30888707","28","95981063"
"chr13","126930527","126930829","chr1","135335882","135336186","50","8405355"
"chr13","127016010","127016304","chr9","67126783","67127082","46","59889227"
"chr13","127148737","127149045","chr2B","18947087","18947391","37","108201650"
"chr13","127151786","127152069","chrX","8345169","8345454","39","118806617"
"chr13","127234909","127235202","chr19","45984366","45984662","38","81250543"
"chr13","127343116","127343420","chr7","8083665","8083966","42","119259451"
"chr13","127383227","127383504","chr12","29701082","29701357","52","97682145"
"chr13","127417155","127417430","chr16","48640268","48640532","45","78776887"
"chr13","127427938","127428248","chr4","198798700","198799005","37","71370762"
"chr13","127461495","127461804","chr5","15352472","15352776","32","112109023"
"chr13","127471863","127472175","chr3","197346369","197346679","37","69874506"
"chr13","127562439","127562748","chr17","38608208","38608518","41","88954231"
"chr13","127622936","127623243","chr2B","22497425","22497737","35","105125511"
"chr13","127659475","127659777","chr11","83579561","83579866","33","44079914"
"chr13","127662847","127663152","chr2B","2648213","2648520","43","125014634"
"chr13","127947066","127947330","chr12","131788345","131788608","39","3841279"
"chr14","40453","40744","chr2A","59985648","59985942","34","59945195"
"chr14","66065","66359","chr5","51774532","51774825","33","51708467"
"chr14","88559","88845","chr18","49658543","49658827","45","49569984"
"chr14","106960","107268","chrX","97594986","97595289","42","97488026"
"chr14","158727","159018","chrX","15138629","15138928","38","14979902"
"chr14","347068","347374","chr11","309868","310167","28","37200"
"chr14","425406","425718","chr5","162326402","162326716","40","161900996"
"chr14","429779","430077","chr1","36184591","36184878","38","35754812"
"chr14","477980","478296","chr16","66103055","66103368","38","65625075"
"chr14","523595","523757","chr19","52939529","52939692","19","52415934"
"chr14","583491","583801","chr5","155562417","155562734","51","154978926"
"chr14","598173","598476","chr17","60844392","60844695","45","60246219"
"chr14","616319","616630","chr12","37078719","37079032","39","36462400"
"chr14","656498","656811","chr16","53824741","53825055","46","53168243"
"chr14","742949","743251","chr2B","94583488","94583790","31","93840539"
"chr14","792314","792630","chr2B","41782707","41783019","51","40990393"
"chr14","1237990","1238299","chr4","37953476","37953776","35","36715486"
"chr14","1606034","1606345","chr2B","99158092","99158401","38","97552058"
"chr14","1617871","1618165","chr11","1697902","1698195","39","80031"
"chr14","2145741","2146026","chr2A","46391002","46391284","38","44245261"
"chr14","2644739","2645006","chr6","22203718","22203987","47","19558979"
"chr14","2731775","2732080","chr7","29021792","29022096","34","26290017"
"chr14","3003442","3003716","chr17","77615943","77616210","40","74612501"
"chr14","3240163","3240459","chr3","2931636","2931947","47","308527"
"chr14","3296757","3297071","chr12","3042424","3042732","39","254333"
"chr14","3431748","3432064","chr13","62764436","62764745","38","59332688"
"chr14","3433610","3433919","chr2A","21134848","21135157","37","17701238"
"chr14","3722834","3723141","chr5","57783045","57783345","50","54060211"
"chr14","3758339","3758627","chr1","93824549","93824847","42","90066210"
"chr14","3960105","3960419","chr4","40581263","40581571","47","36621158"
"chr14","4010032","4010324","chr5","5487375","5487672","44","1477343"
"chr14","4168749","4168977","chr2B","30778127","30778363","44","26609378"
"chr14","4222456","4222756","chr11","69484990","69485288","25","65262534"
"chr14","4249882","4250182","chr1","41763043","41763338","40","37513161"
"chr14","4251168","4251458","chr5","33727432","33727720","37","29476264"
"chr14","4265274","4265447","chrX","68153775","68153948","20","63888501"
"chr14","4287802","4287936","chr8","34649309","34649439","15","30361507"
"chr14","4327544","4327856","chr13","21174105","21174420","39","16846561"
"chr14","4411305","4411616","chr15","28594215","28594524","38","24182910"
"chr14","4418759","4419054","chr1","100887646","100887952","43","96468887"
"chr14","4554088","4554396","chr11","69124431","69124739","31","64570343"
"chr14","4583384","4583699","chr6","35622489","35622796","44","31039105"
"chr14","4595218","4595528","chr1","100887646","100887952","28","96292428"
"chr14","4597906","4598207","chr5","15352472","15352776","38","10754566"
"chr14","4637526","4637658","chr2B","109918485","109918618","22","105280959"
"chr14","4658549","4658739","chr11","69013830","69014016","23","64355281"
"chr14","4697679","4697989","chr11","68977438","68977750","29","64279759"
"chr14","4704826","4705137","chr1","160753833","160754142","37","156049007"
"chr14","4808551","4808861","chr4","198295008","198295316","37","193486457"
"chr14","5289368","5289655","chr5","16295877","16296152","60","11006509"
"chr14","5395562","5395861","chr11","68273298","68273600","31","62877736"
"chr14","5414963","5415264","chr11","68236205","68236507","32","62821242"
"chr14","5475366","5475658","chrUn_CABD030131550v1","8094","8384","37","5467272"
"chr14","5483477","5483778","chr5","155273113","155273418","42","149789636"
"chr14","5503101","5503396","chr19","37791442","37791741","36","32288341"
"chr14","5523943","5524227","chr11","68121528","68121809","27","62597585"
"chr14","5536676","5536988","chr6","38512524","38512836","34","32975848"
"chr14","5583679","5583989","chr12","3042424","3042732","51","2541255"
"chr14","5625460","5625763","chr7","2112993","2113296","38","3512467"
"chr14","5747614","5747910","chr11","67884038","67884337","27","62136424"
"chr14","5887279","5887564","chr3","144880561","144880847","44","138993282"
"chr14","5891494","5891805","chr4","198295008","198295316","44","192403514"
"chr14","5923813","5924033","chr1","216931005","216931213","37","211007192"
"chr14","5937109","5937402","chr3","186504136","186504430","39","180567027"
"chr14","5972027","5972318","chr11","67665751","67666043","23","61693724"
"chr14","6003944","6004246","chr10","136766798","136767102","31","130762854"
"chr14","6115857","6116169","chr3","172682819","172683131","40","166566962"
"chr14","6124959","6125271","chr14","75036885","75037196","40","68911926"
"chr14","6212708","6213012","chr17","58273313","58273617","46","52060605"
"chr14","6224774","6225070","chr11","67392179","67392485","29","61167405"
"chr14","6226912","6227192","chr9","70465803","70466086","36","64238891"
"chr14","6232157","6232462","chr1","100887646","100887952","45","94655489"
"chr14","6276238","6276505","chrX","2974607","2974870","48","3301631"
"chr14","6372495","6372819","chr1","205194362","205194670","48","198821867"
"chr14","6373706","6373996","chr11","67263218","67263506","29","60889512"
"chr14","6394089","6394401","chr17","4353432","4353743","41","2040657"
"chr14","6548259","6548570","chr10","136766798","136767102","39","130218539"
"chr14","6613814","6614117","chr11","66712926","66713232","30","60099112"
"chr14","6664618","6664928","chr1","191149848","191150155","37","184485230"
"chr14","6948822","6949129","chr2A","2036367","2036674","48","4912455"
"chr14","6950896","6951188","chr7","75796417","75796729","62","68845521"
"chr14","6955644","6955943","chr13","31463447","31463746","36","24507803"
"chr14","6984090","6984262","chr11","66340869","66341044","13","59356779"
"chr14","7001500","7001807","chr8","30072940","30073247","39","23071440"
"chr14","7016767","7017063","chr2B","126006887","126007184","33","118990120"
"chr14","7028045","7028349","chr10","140604064","140604370","38","133576019"
"chr14","7068391","7068693","chr7","52058550","52058861","44","44990159"
"chr14","7070768","7071080","chr11","27442623","27442932","32","20371855"
"chr14","7375676","7375970","chr11","65944308","65944594","36","58568632"
"chr14","7377511","7377807","chr5","63827188","63827485","32","56449677"
"chr14","7435141","7435443","chrX","19140350","19140650","33","11705209"
"chr14","7500599","7500895","chr1","194446199","194446496","36","186945600"
"chr14","7580517","7580701","chr10","10573877","10574055","31","2993360"
"chr14","7581539","7581668","chr9","120747317","120747450","28","113165778"
"chr14","7622449","7622761","chrX","74427130","74427438","40","66804681"
"chr14","7660706","7660925","chr21","17091260","17091490","44","9430554"
"chr14","7674956","7675287","chr11","65635767","65636077","44","57960811"
"chr14","7752554","7752861","chr10","136766798","136767102","33","129014244"
"chr14","7905171","7905465","chr7","148657341","148657642","79","140752170"
"chr14","7923775","7924073","chr12","59907829","59908121","38","51984054"
"chr14","7986232","7986536","chr11","65334802","65335112","28","57348570"
"chr14","8075305","8075617","chr13","6264816","6265129","40","1810489"
"chr14","8112779","8113084","chr17","84480377","84480684","39","76367598"
"chr14","8152233","8152545","chr2A","21134848","21135157","44","12982615"
"chr14","8159317","8159640","chr17","5457212","5457533","43","2702105"
"chr14","8168067","8168370","chr11","65149937","65150240","27","56981870"
"chr14","8300669","8300965","chr1","185054973","185055268","23","176754304"
"chr14","8426623","8426935","chr9","12719252","12719556","32","4292629"
"chr14","8610920","8611230","chr2B","16242998","16243299","38","7632078"
"chr14","8614005","8614317","chr5","46820864","46821176","46","38206859"
"chr14","8714019","8714333","chr20","32211306","32211614","41","23497287"
"chr14","8745173","8745481","chr2B","16433354","16433662","37","7688181"
"chr14","8786933","8787217","chr1","224694915","224695201","47","215907982"
"chr14","8806790","8807085","chrUn_CABD030131550v1","8094","8384","35","8798696"
"chr14","8839969","8840264","chr8","78695489","78695787","39","69855520"
"chr14","8858513","8858819","chr11","64407849","64408159","30","55549336"
"chr14","8979922","8980103","chr16","76347059","76347239","29","67367137"
"chr14","9006362","9006653","chr11","64263820","64264119","31","55257458"
"chr14","9041437","9041742","chr4","48585107","48585416","38","39543670"
"chr14","9067694","9067880","chr9","26058618","26058796","30","16990924"
"chr14","9071813","9072124","chr13","62764436","62764745","39","53692623"
"chr14","9117138","9117450","chrX","97594986","97595289","49","88477848"
"chr14","9178893","9179203","chr1","100887646","100887952","39","91708753"
"chr14","9190182","9190376","chr8","68569506","68569711","40","59379324"
"chr14","9227709","9228016","chr1","16018466","16018772","43","6790757"
"chr14","9341587","9341896","chr4","196782327","196782641","40","187440740"
"chr14","9343121","9343412","chr1","185054973","185055268","42","175711852"
"chr14","9359412","9359722","chr15","67619999","67620309","32","58260587"
"chr14","9420649","9420961","chrX","54777977","54778289","44","45357328"
"chr14","9432127","9432445","chr11","63842463","63842772","33","54410336"
"chr14","9507931","9508225","chr17","30741176","30741483","37","21233245"
"chr14","9639374","9639686","chr2A","21134848","21135157","39","11495474"
"chr14","9684123","9684435","chr14","45077767","45078073","43","35393644"
"chr14","9694500","9694799","chr11","63565137","63565448","42","53870637"
"chr14","9751609","9751901","chr4","40078992","40079285","46","30327383"
"chr14","9856040","9856336","chr11","63410194","63410481","49","53554154"
"chr14","9932825","9932980","chr11","63331915","63332065","19","53399090"
"chr14","10016576","10016891","chr5","39364453","39364757","57","29347877"
"chr14","10024169","10024473","chr3","188271553","188271856","41","178247384"
"chr14","10104843","10104994","chr3","32744067","32744225","26","22639224"
"chr14","10161412","10161717","chr11","63111917","63112225","27","52950505"
"chr14","10206126","10206401","chr11","63062901","63063182","24","52856775"
"chr14","10236105","10236379","chrX","108626661","108626941","53","98390556"
"chr14","10254129","10254458","chr17","38608208","38608518","73","28354079"
"chr14","10322485","10322794","chr6","35622489","35622796","36","25300004"
"chr14","10343608","10343911","chr17","8465111","8465410","50","1878497"
"chr14","10418575","10418869","chr5","160987933","160988228","35","150569358"
"chr14","10446255","10446556","chr11","62803422","62803729","31","52357167"
"chr14","10576504","10576823","chr1","183349267","183349580","44","172772763"
"chr14","10732031","10732327","chr17","4925082","4925385","42","5806949"
"chr14","10770354","10770668","chr13","35368841","35369153","38","24598487"
"chr14","10776560","10776846","chr5","33727432","33727720","34","22950872"
"chr14","10851162","10851476","chr6","35622489","35622796","35","24771327"
"chr14","10884901","10885163","chr22","24788380","24788656","51","13903479"
"chr14","10896046","10896361","chr7","64373628","64373941","47","53477582"
"chr14","10899152","10899446","chr2A","59985648","59985942","39","49086496"
"chr14","10904642","10904942","chr10","136766798","136767102","42","125862156"
"chr14","10907743","10908051","chr11","61960395","61960713","41","51052652"
"chr14","10972588","10972650","chr12","112384082","112384145","7","101411494"
"chr14","10990880","10990970","chr1","107670400","107670487","16","96679520"
"chr14","11000156","11000479","chr3","75485585","75485895","51","64485429"
"chr14","11021132","11021430","chr11","61849401","61849692","34","50828269"
"chr14","11062189","11062486","chr11","107106280","107106579","37","96044091"
"chr14","11180322","11180621","chr5","160987933","160988228","40","149807611"
"chr14","11252220","11252533","chr10","111864529","111864838","36","100612309"
"chr14","11255811","11256106","chr9","67126783","67127082","35","55870972"
"chr14","11278302","11278435","chr12","42439315","42439444","19","31161013"
"chr14","11306990","11307251","chr21","28663801","28664070","44","17356811"
"chr14","11310545","11310849","chr11","61561439","61561735","23","50250894"
"chr14","11329792","11330134","chr14","85461757","85462083","56","74131965"
"chr14","11625823","11626135","chr7","29021792","29022096","40","17395969"
"chr14","11707486","11707730","chr1","158525902","158526148","31","146818416"
"chr14","11719011","11719310","chr11","61102182","61102474","29","49383171"
"chr14","11720878","11721176","chr11","61102182","61102474","28","49381304"
"chr14","11730777","11731091","chr11","61092531","61092832","37","49361754"
"chr14","11794428","11794738","chr18","23191935","23192242","31","11397507"
"chr14","11848557","11848843","chr9","118968461","118968747","42","107119904"
"chr14","11875981","11876285","chr12","22054186","22054492","48","10178205"
"chr14","11900388","11900691","chr4","199024335","199024640","32","187123947"
"chr14","11929245","11929558","chr2A","103881939","103882244","44","91952694"
"chr14","11941483","11941780","chr10","136766798","136767102","38","124825315"
"chr14","12094968","12095268","chr11","60771451","60771759","39","48676483"
"chr14","12095982","12096245","chr12","131788345","131788608","39","119692363"
"chr14","12244415","12244731","chrX","97594986","97595289","50","85350571"
"chr14","12302993","12303301","chr10","86782884","86783195","31","74479891"
"chr14","12370333","12370522","chr17","49835911","49836089","37","37465578"
"chr14","12372395","12372452","chr5","121370089","121370142","10","108997694"
"chr14","12391983","12392296","chr1","109323755","109324067","31","96931772"
"chr14","12691236","12691547","chr17","79404094","79404401","38","66712858"
"chr14","12737141","12737480","chr4","133128211","133128521","60","120391070"
"chr14","13125082","13125352","chr9","113259319","113259586","46","100134237"
"chr14","13478628","13478917","chr5","152324431","152324723","37","138845803"
"chr14","13479296","13479618","chr4","106451241","106451549","47","92971945"
"chr14","13706943","13707243","chr16","27214688","27214991","37","13507745"
"chr14","13725551","13725857","chr17","24583359","24583669","42","10857808"
"chr14","13797204","13797506","chr10","108852377","108852676","33","95055173"
"chr14","13859665","13859966","chr11","58777303","58777609","32","44917638"
"chr14","13883073","13883367","chr1","158830016","158830309","42","144946943"
"chr14","13960097","13960411","chr5","53683183","53683498","41","39723086"
"chr14","14414200","14414506","chr15","42141648","42141949","62","27727448"
"chr14","14889246","14889558","chr13","57586674","57586982","40","42697428"
"chr14","15151789","15152089","chr1","14701320","14701619","53","450469"
"chr14","15225665","15225971","chr4","40072459","40072768","39","24846794"
"chr14","15269731","15270046","chr16","76137172","76137480","36","60867441"
"chr14","15311554","15311863","chr1","100887646","100887952","36","85576092"
"chr14","15407776","15408085","chr1","132554974","132555276","37","117147198"
"chr14","15434940","15435244","chr17","23685358","23685658","44","8250418"
"chr14","15460741","15461051","chr3","32832876","32833185","43","17372135"
"chr14","15464110","15464408","chr2A","51304277","51304576","37","35840167"
"chr14","15495960","15496273","chr2A","83657439","83657747","42","68161479"
"chr14","15509285","15509452","chr2A","2066051","2066220","24","13443234"
"chr14","16240073","16240387","chr12","8706461","8706771","37","7533612"
"chr14","16998692","16999010","chr3","20461146","20461481","56","3462454"
"chr14","17032197","17032498","chrX","15138629","15138928","43","1893568"
"chr14","17143634","17143920","chr8","96234805","96235093","37","79091171"
"chr14","17181942","17182253","chr20","35582405","35582711","54","18400463"
"chr14","17202631","17202942","chr1","130453549","130453856","41","113250918"
"chr14","17236873","17237027","chr2B","10567885","10568053","34","6668988"
"chr14","17291402","17291706","chrX","133201053","133201355","32","115909651"
"chr14","17292950","17293258","chr2A","10355583","10355893","34","6937367"
"chr14","17293603","17293890","chr11","48164073","48164375","26","30870470"
"chr14","17299087","17299388","chr11","48158592","48158886","33","30859505"
"chr14","17301587","17301868","chr5","164441619","164441900","47","147140032"
"chr14","17361259","17361542","chr15","52950317","52950594","47","35589058"
"chr14","17378552","17378840","chr11","48072799","48073086","29","30694247"
"chr14","17414258","17414569","chr11","48032667","48032966","41","30618409"
"chr14","17429310","17429626","chr20","35582405","35582711","46","18153095"
"chr14","17430175","17430460","chr5","13187837","13188133","49","4242338"
"chr14","17455286","17455588","chr16","12186594","12186889","42","5268692"
"chr14","17468709","17469011","chr2B","99512257","99512553","35","82043548"
"chr14","17493212","17493516","chr19","5118596","5118906","49","12374616"
"chr14","17619981","17620286","chr1","100887646","100887952","45","83267665"
"chr14","17638967","17639263","chr15","24323297","24323591","43","6684330"
"chr14","17646216","17646534","chr19","29025419","29025728","42","11379203"
"chr14","17685527","17685837","chr7","127657301","127657615","36","109971774"
"chr14","17716410","17716718","chr7","45520039","45520349","43","27803629"
"chr14","17719858","17720144","chr11","12373336","12373644","58","5346522"
"chr14","17727251","17727563","chr12","75479920","75480227","49","57752669"
"chr14","17731324","17731605","chr1","24189834","24190118","38","6458510"
"chr14","17743155","17743309","chr19","10235712","10235873","24","7507443"
"chr14","17792751","17793056","chr5","164523015","164523323","45","146730264"
"chr14","17798408","17798713","chr10","36119294","36119606","47","18320886"
"chr14","17808797","17809093","chr1","144529989","144530282","32","126721192"
"chr14","17947755","17948054","chr1","27021093","27021389","32","9073338"
"chr14","17964397","17964708","chr10","86782884","86783195","36","68818487"
"chr14","17976219","17976524","chr9","67126783","67127082","37","49150564"
"chr14","17992967","17993212","chr1","158525902","158526148","38","140532935"
"chr14","18000956","18001248","chr11","47463832","47464134","34","29462876"
"chr14","18108959","18109274","chr5","162326402","162326716","39","144217443"
"chr14","18111595","18111908","chr1","191149848","191150155","38","173038253"
"chr14","18224747","18225045","chr3","2931636","2931947","39","15293111"
"chr14","18373744","18374026","chr11","47096164","47096473","46","28722420"
"chr14","18398534","18398853","chr7","72899498","72899802","61","54500964"
"chr14","18481943","18482224","chr17","8465111","8465410","41","10016832"
"chr14","18486213","18486525","chr1","191149848","191150155","34","172663635"
"chr14","18501792","18502079","chr11","46969394","46969676","19","28467602"
"chr14","18539092","18539404","chr11","46933445","46933758","36","28394353"
"chr14","18559480","18559750","chr10","140684085","140684354","48","122124605"
"chr14","18613755","18614050","chr2A","103881939","103882244","40","85268184"
"chr14","18816226","18816521","chr11","46662096","46662396","32","27845870"
"chr14","18859758","18860068","chr11","46620248","46620562","27","27760490"
"chr14","18911831","18912143","chr1","157261144","157261453","37","138349313"
"chr14","18981519","18981838","chrX","1527681","1528002","44","17453838"
"chr14","18990433","18990736","chr3","124158104","124158407","28","105167671"
"chr14","19016170","19016512","chr20","24351052","24351381","45","5334882"
"chr14","19043294","19043594","chr11","46422171","46422487","40","27378877"
"chr14","19216192","19216493","chr5","115790615","115790914","37","96574423"
"chr14","19232385","19232697","chrX","51034227","51034538","41","31801842"
"chr14","19847199","19847510","chr12","43988486","43988781","47","24141287"
"chr14","19934068","19934367","chr11","45498528","45498828","32","25564460"
"chr14","20002219","20002526","chr20","35582405","35582711","38","15580186"
"chr14","20361654","20361953","chr4","7511811","7512113","33","12849843"
"chr14","20365849","20366161","chr3","2931636","2931947","42","17434213"
"chr14","20513640","20513942","chr1","100887646","100887952","30","80374006"
"chr14","20530750","20531049","chr6","152329109","152329411","34","131798359"
"chr14","20537356","20537646","chr2B","63348784","63349075","35","42811428"
"chr14","20586881","20587162","chr11","44898531","44898814","32","24311650"
"chr14","20632619","20632866","chr20","61312391","61312649","57","40679772"
"chr14","21242021","21242325","chr19","16251364","16251673","38","4990657"
"chr14","21532997","21533314","chr15","18246269","18246581","36","3286728"
"chr14","21779725","21779896","chr6","141107307","141107479","23","119327582"
"chr14","22270441","22270735","chr11","43065782","43066077","37","20795341"
"chr14","22583574","22583881","chr11","42737891","42738187","30","20154317"
"chr14","22888571","22888723","chr5","23448994","23449146","22","560423"
"chr14","23123014","23123322","chr17","17849563","17849875","44","5273451"
"chr14","23630250","23630544","chr18","24104585","24104885","46","474335"
"chr14","23912903","23913192","chr3","186504136","186504430","43","162591233"
"chr14","24455262","24455560","chr11","40802035","40802334","38","16346773"
"chr14","24539461","24539750","chr17","9644327","9644622","29","14895134"
"chr14","24610881","24611178","chr4","8997319","8997617","73","15613562"
"chr14","24788112","24788385","chr10","106607864","106608139","31","81819752"
"chr14","25316257","25316570","chr7","80058785","80059098","33","54742528"
"chr14","25422564","25422894","chr18","60808865","60809186","54","35386301"
"chr14","25508722","25509019","chr1","10106309","10106608","44","15402413"
"chr14","25706454","25706695","chrX","1635177","1635426","59","24071277"
"chr14","26974478","26974791","chr14","87826246","87826553","44","60851768"
"chr14","27209443","27209755","chr21","23748714","23749027","45","3460729"
"chr14","27397709","27397761","chr1","181768584","181768636","9","154370875"
"chr14","27397763","27398024","chr12","76915481","76915745","49","49517718"
"chr14","27407422","27407716","chr1","23083897","23084189","39","4323525"
"chr14","27525369","27525607","chr19","5961507","5961735","38","21563862"
"chr14","28272742","28273083","chr1","55257720","55258051","55","26984978"
"chr14","28529662","28529963","chr12","59297519","59297819","40","30767857"
"chr14","28543436","28543732","chr5","160987933","160988228","33","132444497"
"chr14","28846418","28846721","chr19","55001364","55001664","35","26154946"
"chr14","28943537","28943842","chrX","97594986","97595289","36","68651449"
"chr14","29192058","29192230","chr4","47230309","47230475","36","18038251"
"chr14","29192284","29192428","chrX","115739714","115739846","25","86547430"
"chr14","30639566","30639878","chr17","12349722","12350033","38","18289844"
"chr14","30736100","30736397","chr17","8465111","8465410","37","22270989"
"chr14","30799742","30800053","chr10","110180557","110180860","47","79380815"
"chr14","31243563","31243894","chr17","5457212","5457533","52","25786351"
"chr14","31599510","31599806","chr9","67126783","67127082","40","35527273"
"chr14","31641206","31641303","chr22","19500001","19500109","30","12141205"
"chr14","31662955","31663260","chr11","33324579","33324885","25","1661624"
"chr14","31795041","31795371","chr4","198295008","198295316","57","166499967"
"chr14","31797705","31798008","chr1","132554974","132555276","39","100757269"
"chr14","31883725","31884036","chr1","100887646","100887952","41","69003921"
"chr14","31911195","31911506","chr15","67619999","67620309","41","35708804"
"chr14","31914364","31914643","chr22","24788380","24788656","34","7125984"
"chr14","31919938","31920244","chr11","33056008","33056311","23","1136070"
"chr14","31959019","31959302","chr4","193440825","193441116","48","161481806"
"chr14","31962441","31962721","chr1","24189834","24190118","31","7772607"
"chr14","31972657","31972896","chr20","31049038","31049266","45","923619"
"chr14","32254018","32254303","chr17","94417579","94417841","53","62163561"
"chr14","32268040","32268310","chr2A","45022548","45022815","26","12754508"
"chr14","32273049","32273364","chr7","127657301","127657615","42","95384252"
"chr14","32468972","32469262","chr17","59104636","59104927","29","26635664"
"chr14","32723453","32723764","chr2B","122501056","122501369","41","89777603"
"chr14","32752140","32752454","chr1","134763713","134764022","43","102011573"
"chr14","32916437","32916641","chr21","27572893","27573087","39","5343544"
"chr14","32916845","32916887","chr18","56150677","56150711","20","23233832"
"chr14","33245140","33245446","chr18","10435494","10435790","70","22809646"
"chr14","33378724","33378819","chr8","126093872","126093963","33","92715148"
"chr14","33380080","33380386","chr11","31509664","31509974","33","1870416"
"chr14","33497540","33497857","chr14","77304145","77304459","39","43806605"
"chr14","33560331","33560636","chr16","66170347","66170652","42","32610016"
"chr14","34045053","34045353","chr19","17491703","17492009","61","16553350"
"chr14","34485465","34485729","chr7","55894080","55894358","61","21408615"
"chr14","34540611","34540922","chr1","58428176","58428483","46","23887565"
"chr14","35344726","35345028","chr1","211775895","211776197","46","176431169"
"chr14","35522428","35522746","chr12","51620662","51620972","45","16098234"
"chr14","35639155","35639485","chr3","102429845","102430183","52","66790690"
"chr14","35895731","35896030","chr11","28937038","28937340","42","6958693"
"chr14","36589603","36589915","chr9","74575275","74575588","41","37985672"
"chr14","37340313","37340619","chr5","160987933","160988228","46","123647620"
"chr14","37374325","37374630","chrX","41587872","41588178","40","4213547"
"chr14","37403872","37404173","chr11","27442623","27442932","23","9961249"
"chr14","37409671","37409984","chr3","2931636","2931947","40","34478035"
"chr14","37658713","37659021","chr11","27167576","27167884","31","10491137"
"chr14","37960954","37961266","chr7","64373628","64373941","40","26412674"
"chr14","38423859","38424125","chr19","34523867","34524131","41","3899992"
"chr14","38431235","38431553","chr2B","83796589","83796907","44","45365354"
"chr14","38468956","38469259","chr11","26329788","26330094","33","12139168"
"chr14","38526070","38526356","chr3","158240408","158240696","41","119714338"
"chr14","38670005","38670372","chr7","100676695","100677044","83","62006690"
"chr14","38969054","38969360","chr14","58578318","58578620","63","19609264"
"chr14","39038009","39038318","chrX","74427130","74427438","46","35389121"
"chr14","39041588","39041885","chr11","25740013","25740303","33","13301575"
"chr14","39513210","39513516","chr16","22468026","22468335","53","17045184"
"chr14","40058602","40058890","chr1","185016196","185016479","42","144957594"
"chr14","40153722","40154027","chr11","24603946","24604249","40","15549776"
"chr14","40336835","40336967","chr4","39775418","39775553","40","561417"
"chr14","40592013","40592305","chr2B","111475","111776","57","40480538"
"chr14","40760961","40761272","chr11","23994773","23995088","31","16766188"
"chr14","40809959","40810238","chr6","172320858","172321142","40","131510899"
"chr14","40874129","40874428","chrX","141220914","141221215","45","100346785"
"chr14","41578869","41579180","chr3","177778518","177778827","39","136199649"
"chr14","41786625","41786869","chr17","3354858","3355106","46","38431767"
"chr14","41825060","41825359","chr11","23000097","23000392","37","18824963"
"chr14","41869191","41869488","chr9","67126783","67127082","41","25257592"
"chr14","41894569","41894888","chr1","191149848","191150155","51","149255279"
"chr14","42065811","42066116","chr7","70900990","70901293","41","28835179"
"chr14","42479868","42480154","chr11","22299321","22299621","32","20180547"
"chr14","42525284","42525597","chr10","86782884","86783195","43","44257600"
"chr14","43897016","43897274","chr2B","91452599","91452856","44","47555583"
"chr14","44256088","44256401","chr17","38608208","38608518","36","5647880"
"chr14","44383727","44384038","chr14","20972619","20972931","39","23411108"
"chr14","44456713","44457015","chr1","38451526","38451829","42","6005187"
"chr14","44607880","44608160","chr6","35036855","35037127","52","9571025"
"chr14","44813038","44813359","chr1","100887646","100887952","42","56074608"
"chr14","44967083","44967364","chr8","57092397","57092682","44","12125314"
"chr14","45459313","45459605","chr11","19307517","19307814","30","26151796"
"chr14","45686594","45686868","chr1","23057544","23057815","40","22629050"
"chr14","46192617","46192926","chr11","18571303","18571599","35","27621314"
"chr14","46196541","46196858","chr10","36119294","36119606","44","10077247"
"chr14","46201572","46201875","chr15","42141648","42141949","39","4059924"
"chr14","46264969","46265256","chr11","18496861","18497148","20","27768108"
"chr14","46313680","46313774","chr4","140514921","140515016","16","94201241"
"chr14","46314243","46314465","chr1","211190774","211191001","41","164876531"
"chr14","46339865","46340157","chr2B","65800002","65800297","35","19460137"
"chr14","46427202","46427502","chr16","57514265","57514560","42","11087063"
"chr14","46441367","46441662","chr8","77189674","77189971","33","30748307"
"chr14","46500779","46501056","chr5","6362069","6362349","34","40138710"
"chr14","46505980","46506264","chr1","133997743","133998034","35","87491763"
"chr14","46511198","46511480","chr2B","125980173","125980465","45","79468975"
"chr14","46547287","46547587","chr5","117655892","117656194","37","71108605"
"chr14","46669121","46669366","chr12","96165782","96166031","42","49496661"
"chr14","46927354","46927670","chr11","17940195","17940506","38","28987159"
"chr14","47557528","47557826","chr11","17305005","17305310","27","30252523"
"chr14","47679970","47680278","chr17","38608208","38608518","38","9071762"
"chr14","47713693","47713999","chr11","17100598","17100915","37","30613095"
"chr14","47728311","47728525","chr12","24772600","24772818","35","22955711"
"chr14","47750698","47750975","chr6","172320858","172321142","46","124570160"
"chr14","47762401","47762717","chrX","97594986","97595289","47","49832585"
"chr14","47829712","47830007","chr11","16997935","16998243","39","30831777"
"chr14","47848762","47849067","chrX","97594986","97595289","37","49746224"
"chr14","47866966","47867158","chr3","48446852","48447032","41","579886"
"chr14","47903814","47904058","chr11","76501993","76502233","41","28598179"
"chr14","47958693","47958963","chr11","16834581","16834858","27","31124112"
"chr14","47983483","47983784","chr1","17435492","17435794","30","30547991"
"chr14","48545171","48545471","chr5","26135906","26136209","34","22409265"
"chr14","50342895","50343185","chr11","14463732","14464022","29","35879163"
"chr14","50464447","50464742","chr1","27021093","27021389","35","23443354"
"chr14","50485310","50485608","chr11","14308913","14309207","24","36176397"
"chr14","50587202","50587504","chr11","14213433","14213733","18","36373769"
"chr14","50611608","50611904","chr2A","59985648","59985942","39","9374040"
"chr14","51804207","51804479","chr11","12962130","12962419","37","38842077"
"chr14","52065444","52065754","chr14","79587383","79587685","41","27521939"
"chr14","52307822","52308121","chr11","12509520","12509828","44","39798302"
"chr14","52423884","52424193","chr11","12373336","12373644","28","40050548"
"chr14","52833083","52833395","chr6","3803168","3803477","38","49029915"
"chr14","52984727","52984946","chr1","216931005","216931213","38","163946278"
"chr14","53360146","53360467","chr2A","10355583","10355893","48","43004563"
"chr14","54233634","54233955","chr11","10589264","10589573","41","43644370"
"chr14","54283226","54283501","chr2B","44368641","44368918","37","9914585"
"chr14","54775421","54775717","chr1","204184641","204184943","33","149409220"
"chr14","54883006","54883306","chr12","30338513","30338812","35","24544493"
"chr14","55080597","55080908","chr10","86782884","86783195","44","31702287"
"chr14","55213993","55214307","chr5","25211209","25211524","40","30002784"
"chr14","55275724","55276014","chr1","185054973","185055268","39","129779249"
"chr14","55429392","55429716","chr8","21393604","21393926","46","34035788"
"chr14","55446262","55446566","chr11","9357556","9357859","24","46088706"
"chr14","55466170","55466458","chr5","26480986","26481273","32","28985184"
"chr14","55470005","55470286","chr15","46138105","46138386","69","9331900"
"chr14","55470636","55470677","chr17","4749935","4749979","17","50720701"
"chr14","55489797","55490094","chr8","78695489","78695787","36","23205692"
"chr14","55492429","55492711","chr1","24189834","24190118","44","31302595"
"chr14","55525874","55526159","chr3","144880561","144880847","45","89354687"
"chr14","55542415","55542723","chr11","9255207","9255514","37","46287208"
"chr14","55570919","55571207","chr1","194446199","194446496","43","138875280"
"chr14","55572476","55572766","chr3","197719809","197720102","38","142147333"
"chr14","55614648","55614961","chr20","13403253","13403563","52","42211395"
"chr14","55675783","55676056","chr17","14861735","14862035","64","40814048"
"chr14","55704741","55704990","chr17","3354858","3355106","42","52349883"
"chr14","55714444","55714754","chr20","35582405","35582711","33","20132039"
"chr14","55734172","55734470","chr11","9096246","9096543","23","46637926"
"chr14","55754880","55755190","chr11","9076416","9076720","27","46678464"
"chr14","55804927","55805232","chr1","100887646","100887952","33","45082719"
"chr14","55916168","55916480","chr20","35582405","35582711","43","20333763"
"chr14","55984177","55984485","chr11","8840944","8841256","36","47143233"
"chr14","56159830","56160119","chr21","22989742","22990031","49","33170088"
"chr14","56261316","56261605","chr1","95437365","95437651","32","39176049"
"chr14","56271651","56271920","chr1","62359152","62359428","54","6087501"
"chr14","56418205","56418494","chr6","136264967","136265262","54","79846762"
"chr14","56977842","56978144","chr11","7525914","7526210","30","49451928"
"chr14","56995867","56996155","chr19","52434338","52434622","38","4561529"
"chr14","57280767","57281053","chr11","7228654","7228943","24","50052113"
"chr14","58237790","58238057","chr12","118174703","118174968","46","59936913"
"chr14","58704054","58704344","chr15","80391407","80391693","34","21687353"
"chr14","59404737","59405000","chr7","65155241","65155502","43","5750504"
"chr14","59591002","59591268","chr11","5361223","5361496","31","54229779"
"chr14","59609595","59609898","chr5","118375438","118375740","42","58765843"
"chr14","59622639","59622935","chr3","74154239","74154539","37","14531600"
"chr14","60001163","60001460","chr1","43904861","43905158","37","16096302"
"chr14","60268096","60268409","chr13","26867523","26867829","49","33400573"
"chr14","61174725","61175020","chr1","100887646","100887952","47","39712921"
"chr14","61253317","61253626","chr8","19042781","19043092","42","42210536"
"chr14","61290366","61290673","chr2B","99158092","99158401","40","37867726"
"chr14","61450705","61450980","chr6","11278383","11278664","47","50172322"
"chr14","61481066","61481358","chr1","129950799","129951086","52","68469733"
"chr14","61493715","61493998","chr1","24189834","24190118","36","37303881"
"chr14","61512808","61513108","chr20","50841065","50841355","33","10671743"
"chr14","61549746","61550022","chr2A","1587097","1587372","34","59962649"
"chr14","61552767","61553079","chr11","3470128","3470421","46","58082639"
"chr14","61553449","61553743","chr11","3469546","3469855","47","58083903"
"chr14","61576583","61576877","chr11","3445373","3445679","40","58131210"
"chr14","61730271","61730588","chr7","134871506","134871819","44","73141235"
"chr14","61818482","61818786","chr17","59104636","59104927","43","2713846"
"chr14","61909308","61909594","chr1","144529989","144530282","34","82620681"
"chr14","61956605","61956901","chr11","71218652","71218950","28","9262047"
"chr14","61970533","61970835","chr12","6385103","6385411","52","55585430"
"chr14","62563989","62564302","chr15","67619999","67620309","35","5056010"
"chr14","62594215","62594525","chr1","22955832","22956145","43","39638383"
"chr14","62606909","62607080","chr6","141107307","141107479","25","78500398"
"chr14","62713109","62713214","chr4","83955333","83955426","26","21242224"
"chr14","62925610","62925923","chr22","20623630","20623939","47","42301980"
"chr14","63097885","63098026","chr1","19586121","19586260","20","43511764"
"chr14","63174883","63175149","chr5","164937765","164938039","42","101762882"
"chr14","63395195","63395483","chr4","196906924","196907216","51","133511729"
"chr14","63450955","63451252","chr14","32972455","32972755","45","30478500"
"chr14","63464722","63465026","chr5","115780222","115780526","41","52315500"
"chr14","63505867","63506167","chr14","57207102","57207397","71","6298765"
"chr14","63517645","63517953","chr11","72788140","72788441","34","9270495"
"chr14","63553057","63553362","chr4","173568856","173569161","37","110015799"
"chr14","63588578","63588605","chr2A","21387622","21387648","2","42200956"
"chr14","63596924","63597219","chr3","126817334","126817631","37","63220410"
"chr14","63608261","63608553","chr5","35877143","35877438","37","27731118"
"chr14","63650277","63650574","chr16","30922722","30923023","38","32727555"
"chr14","63806202","63806502","chr5","51774532","51774825","39","12031670"
"chr14","63859234","63859515","chr18","20867153","20867461","65","42992081"
"chr14","64303288","64303599","chr17","9809898","9810208","45","54493390"
"chr14","64378187","64378350","chr19","10235712","10235873","24","54142475"
"chr14","64412066","64412355","chr1","21740753","21741044","42","42671313"
"chr14","64516068","64516352","chrX","1068284","1068571","38","63447784"
"chr14","64523511","64523809","chr6","139305920","139306227","39","74782409"
"chr14","64606124","64606407","chrX","97594986","97595289","52","32988862"
"chr14","64742834","64743063","chr11","74011952","74012182","20","9269118"
"chr14","64828302","64828608","chr11","74091905","74092203","31","9263603"
"chr14","64971189","64971484","chr1","48599619","48599915","33","16371570"
"chr14","64973382","64973692","chr11","111885043","111885352","46","46911661"
"chr14","65130213","65130527","chr12","36868344","36868657","46","28261869"
"chr14","65249411","65249712","chr11","93420","93723","47","65155991"
"chr14","65364460","65364737","chr14","30944969","30945253","48","34419491"
"chr14","65564022","65564327","chr1","132554974","132555276","45","66990952"
"chr14","65569419","65569733","chr11","95549087","95549398","32","29979668"
"chr14","65667805","65668111","chr1","100887646","100887952","35","35219841"
"chr14","65705999","65706299","chr19","15927697","15927997","41","49778302"
"chr14","66099665","66099841","chr14","38934062","38934237","29","27165603"
"chr14","66188422","66188725","chr11","75415809","75416115","34","9227387"
"chr14","66217224","66217519","chr4","40078992","40079285","36","26138232"
"chr14","66371394","66371700","chr11","17305005","17305310","33","49066389"
"chr14","66491764","66492072","chr5","60420475","60420784","46","6071289"
"chr14","66804387","66804689","chr2A","59411904","59412206","37","7392483"
"chr14","66806067","66806375","chr11","76029433","76029746","26","9223366"
"chr14","66836379","66836693","chr2A","7285923","7286231","36","59550456"
"chr14","66847330","66847586","chr3","67751426","67751684","35","904096"
"chr14","66897192","66897507","chr11","76124429","76124744","36","9227237"
"chr14","66924938","66925231","chr10","30706997","30707281","34","36217941"
"chr14","67141930","67142238","chr17","9558423","9558728","43","57583507"
"chr14","67147719","67148024","chr11","76390119","76390425","23","9242400"
"chr14","67260539","67260780","chr11","76501993","76502233","13","9241454"
"chr14","67340565","67340726","chr1","53417441","53417605","26","13923124"
"chr14","67473529","67473822","chr4","197519800","197520092","39","130046271"
"chr14","67486174","67486382","chr11","15469750","15469960","37","52016424"
"chr14","67545676","67545990","chr1","54620539","54620851","46","12925137"
"chr14","67573534","67573843","chr4","199024335","199024640","48","131450801"
"chr14","67631758","67632057","chr13","12804911","12805215","40","54826847"
"chr14","67777041","67777293","chrX","2974607","2974870","49","64802434"
"chr14","67928166","67928473","chr2A","21134848","21135157","36","46793318"
"chr14","68271843","68272147","chr9","74575275","74575588","54","6303432"
"chr14","68410532","68410840","chr6","35622489","35622796","42","32788043"
"chr14","68574871","68575174","chrX","41271607","41271912","35","27303264"
"chr14","68956887","68957199","chr12","8706461","8706771","47","60250426"
"chr14","69119789","69120091","chr11","78638898","78639189","40","9519109"
"chr14","69288276","69288579","chr13","62764436","62764745","50","6523840"
"chr14","69583923","69584240","chr3","40085381","40085690","52","29498542"
"chr14","69937401","69937650","chr17","3354858","3355106","43","66582543"
"chr14","70781391","70781695","chr11","80235448","80235745","29","9454057"
"chr14","71803405","71803696","chr11","61102182","61102474","43","10701223"
"chr14","72732982","72733295","chr7","64373628","64373941","35","8359354"
"chr14","73024344","73024656","chr19","53294783","53295094","34","19729561"
"chr14","73170667","73170965","chrX","52220872","52221169","39","20949795"
"chr14","73386441","73386747","chr12","40982435","40982737","50","32404006"
"chr14","73498804","73499106","chr20","46269165","46269459","43","27229639"
"chr14","73711111","73711441","chr10","15529004","15529338","51","58182107"
"chr14","74058631","74058946","chr11","83579561","83579866","40","9520930"
"chr14","74952860","74953174","chr6","15540957","15541271","41","59411903"
"chr14","74967623","74967919","chr11","84525472","84525773","39","9557849"
"chr14","75447519","75447818","chr11","84992254","84992551","27","9544735"
"chr14","75674778","75675069","chr16","49395439","49395731","31","26279339"
"chr14","75799855","75800140","chr10","89990179","89990466","40","14190324"
"chr14","76033274","76033578","chr20","2812301","2812607","47","73220973"
"chr14","76038515","76038641","chr13","1465874","1466004","19","74572641"
"chr14","76074255","76074553","chr11","85598465","85598759","39","9524210"
"chr14","76089362","76089659","chr11","85613417","85613718","24","9524055"
"chr14","76193067","76193382","chr2A","10355583","10355893","40","65837484"
"chr14","76292157","76292259","chr2B","121888812","121888913","17","45596655"
"chr14","76334991","76335282","chrX","71373929","71374223","42","4961062"
"chr14","76410913","76411198","chr4","197519800","197520092","38","121108887"
"chr14","76875064","76875370","chr9","13234462","13234763","44","63640602"
"chr14","77016222","77016519","chr2B","18947087","18947391","39","58069135"
"chr14","77033143","77033457","chr5","162326402","162326716","43","85293259"
"chr14","77196669","77196974","chr2A","10355583","10355893","48","66841086"
"chr14","77241840","77242149","chr11","86834430","86834726","38","9592590"
"chr14","77248772","77249084","chr9","74575275","74575588","44","2673497"
"chr14","77561652","77561935","chr11","87178859","87179131","35","9617207"
"chr14","78291168","78291442","chr11","65736625","65736898","35","12554543"
"chr14","78396310","78396614","chr20","35582405","35582711","44","42813905"
"chr14","78891722","78892014","chr13","2573887","2574188","46","76317835"
"chr14","79122786","79122973","chr11","88978558","88978745","25","9855772"
"chr14","79490268","79490577","chr4","106451241","106451549","47","26960973"
"chr14","80342749","80343071","chr5","46853080","46853384","58","33489669"
"chr14","81225424","81225711","chr1","192566703","192566991","44","111341279"
"chr14","81592817","81593125","chr9","74575275","74575588","45","7017542"
"chr14","81927949","81928198","chr7","18128931","18129183","51","63799018"
"chr14","82132594","82132893","chr12","30338513","30338812","39","51794081"
"chr14","82353721","82354031","chr11","92014633","92014943","40","9660912"
"chr14","82412042","82412363","chr4","155503360","155503678","44","73091318"
"chr14","82841261","82841570","chr10","111864529","111864838","41","29023268"
"chr14","83315341","83315651","chr11","93017821","93018133","36","9702480"
"chr14","83453605","83453892","chr11","93159257","93159551","24","9705652"
"chr14","83959305","83959610","chr12","8706461","8706771","40","75252844"
"chr14","84158842","84159152","chr1","132729492","132729799","45","48570650"
"chr14","84296221","84296519","chr5","160987933","160988228","31","76691712"
"chr14","84597498","84597797","chr1","98765905","98766208","42","14168407"
"chr14","84796215","84796511","chr4","171953878","171954174","44","87157663"
"chr14","84986643","84986936","chr7","154438682","154438977","36","69452039"
"chr14","85755124","85755425","chr11","95549087","95549398","35","9793963"
"chr14","85872771","85873074","chr5","64763044","64763340","44","21109727"
"chr14","85895295","85895605","chr1","40966383","40966697","38","44928912"
"chr14","86045169","86045481","chr1","191149848","191150155","43","105104679"
"chr14","86700971","86701287","chr9","48324299","48324615","51","38376672"
"chr14","87109819","87110099","chr4","83955527","83955809","34","3154292"
"chr14","87143272","87143580","chr2B","72409719","72410029","36","14733553"
"chr14","87363944","87364019","chr22","29849789","29849863","11","57514155"
"chr14","87906611","87906917","chr8","630106","630417","50","87276505"
"chr14","88209891","88210191","chrX","97594986","97595289","39","9385095"
"chr14","88332906","88333210","chr15","19038608","19038907","46","69294298"
"chr14","89025373","89025682","chr22","20623630","20623939","52","68401743"
"chr14","89155466","89155774","chrX","97594986","97595289","31","8439520"
"chr14","89274309","89274587","chr2A","51275100","51275377","47","37999209"
"chr14","89527942","89528248","chr18","42309128","42309423","57","47218814"
"chr14","89696913","89697224","chr11","99773453","99773751","38","10076540"
"chr14","89719097","89719410","chr10","101337366","101337681","39","11618269"
"chr14","90368854","90369162","chr2A","79839508","79839818","28","10529346"
"chr14","90519161","90519473","chr11","100606730","100607042","21","10087569"
"chr14","90542321","90542644","chr3","24048068","24048376","50","66494253"
"chr14","90952968","90953275","chr10","131944265","131944557","52","40991297"
"chr14","90976270","90976586","chr22","18543367","18543680","39","72432903"
"chr14","91342341","91342653","chr17","38608208","38608518","38","52734133"
"chr14","91422976","91423281","chr7","72899498","72899802","42","18523478"
"chr14","91665901","91666199","chr9","70252230","70252529","31","21413671"
"chr14","91714142","91714454","chr6","134751067","134751351","65","43036925"
"chr14","91742125","91742385","chr11","101884038","101884309","35","10141913"
"chr14","91921451","91921754","chr11","102072421","102072718","31","10150970"
"chr14","92128559","92128867","chr6","35622489","35622796","36","56506070"
"chr14","92147315","92147610","chr4","113397886","113398184","48","21250571"
"chr14","92245407","92245716","chr19","16602118","16602424","38","75643289"
"chr14","92376582","92376674","chr8","126093872","126093963","21","33717290"
"chr14","93519246","93519566","chr17","38608208","38608518","43","54911038"
"chr14","94067599","94067911","chr13","2573887","2574188","49","91493712"
"chr14","94401749","94402029","chrX","36693904","36694182","44","57707845"
"chr14","94762517","94762802","chr1","224694915","224695201","39","129932398"
"chr14","95156456","95156598","chrX","97427844","97427985","28","2271388"
"chr14","95351014","95351276","chr12","76915481","76915745","46","18435533"
"chr14","95376449","95376760","chr1","88149023","88149328","37","7227426"
"chr14","95495058","95495356","chr22","20076650","20076946","35","75418408"
"chr14","95785569","95785830","chr11","106193363","106193627","26","10407794"
"chr14","96143020","96143324","chr17","38608208","38608518","39","57534812"
"chr14","96525908","96526218","chr8","94878591","94878895","40","1647317"
"chr14","96536788","96536914","chr11","107059282","107059411","14","10522494"
"chr14","96575109","96575419","chr17","38608208","38608518","38","57966901"
"chr14","96579681","96579963","chr7","106866736","106867026","37","10287055"
"chr14","96658345","96658655","chr1","157261144","157261453","38","60602799"
"chr14","96844840","96845124","chrUn_CABD030131550v1","8094","8384","32","96836746"
"chr14","96914705","96914996","chrUn_CABD030131550v1","8094","8384","33","96906611"
"chr14","96939624","96939926","chr7","2112993","2113296","43","94826631"
"chr14","97165997","97166189","chr11","69013830","69014016","40","28152167"
"chr14","97166632","97166753","chrX","45299009","45299140","16","51867623"
"chr14","97174193","97174474","chr2A","21319010","21319285","38","75855183"
"chr14","97252682","97252970","chr11","107804111","107804399","20","10551429"
"chr14","97289300","97289583","chr2A","46391002","46391284","37","50898298"
"chr14","97296971","97297264","chr11","107851606","107851902","31","10554635"
"chr14","97324927","97325218","chr3","12024603","12024895","30","85300324"
"chr14","97353935","97354231","chr7","72899498","72899802","42","24454437"
"chr14","97363414","97363710","chr11","107920326","107920630","27","10556912"
"chr14","97411490","97411815","chr1","35990880","35991182","58","61420610"
"chr14","97438660","97438964","chr11","17305005","17305310","33","80133655"
"chr14","97572085","97572385","chr11","108150669","108150976","28","10578584"
"chr14","97647253","97647413","chr5","120539292","120539462","31","22892039"
"chr14","97661422","97661734","chr3","121417916","121418229","39","23756494"
"chr14","98032356","98032639","chr1","42876878","42877163","40","55155478"
"chr14","98164383","98164669","chr4","121668669","121668961","54","23504286"
"chr14","98306106","98306390","chr11","108968730","108969012","17","10662624"
"chr14","98952622","98952903","chr9","70296419","70296704","44","28656203"
"chr14","99000775","99001085","chr2A","75137163","75137453","51","23863612"
"chr14","99276812","99277108","chr4","38387917","38388218","42","60888895"
"chr14","99286584","99286882","chr3","158501942","158502247","56","59215358"
"chr14","99517234","99517512","chrX","36693904","36694182","36","62823330"
"chr14","99621559","99621871","chr22","34538362","34538671","48","65083197"
"chr14","99664318","99664637","chr14","47857829","47858141","45","51806489"
"chr14","99693193","99693522","chr4","140872805","140873136","56","41179612"
"chr14","100576072","100576384","chr2B","72409719","72410029","47","28166353"
"chr14","100657785","100658090","chr3","135591702","135592003","47","34933917"
"chr14","100934658","100934957","chr4","19586595","19586898","36","81348063"
"chr14","100961538","100961843","chr16","12186594","12186889","48","88774944"
"chr14","101030487","101030783","chr11","111517446","111517750","40","10486959"
"chr14","101354836","101355124","chr19","45984366","45984662","32","55370470"
"chr14","101395706","101396005","chr11","111885043","111885352","31","10489337"
"chr14","101462920","101463132","chr1","216931005","216931213","37","115468085"
"chr14","101502645","101502786","chr5","160567699","160567827","31","59065054"
"chr14","101553272","101553569","chr7","154438682","154438977","34","52885410"
"chr14","101644112","101644423","chr21","27515147","27515449","48","74128965"
"chr14","101698283","101698595","chr15","69276871","69277183","43","32421412"
"chr14","102656944","102657254","chrX","54732807","54733103","51","47924137"
"chr14","102957000","102957293","chr22","28987370","28987666","36","73969630"
"chr14","103337589","103337871","chr1","24189834","24190118","43","79147755"
"chr14","103373023","103373333","chr2B","126659408","126659716","46","23286385"
"chr14","103393562","103393837","chr10","90682889","90683167","35","12710673"
"chr14","103482415","103482714","chr10","12855486","12855784","44","90626929"
"chr14","103488052","103488353","chr5","521171","521473","43","102966881"
"chr14","103695147","103695444","chr15","80577834","80578133","36","23117313"
"chr14","103833100","103833196","chr7","56613105","56613202","18","47219995"
"chr14","104466160","104466451","chr14","9388027","9388311","61","95078133"
"chr14","104672956","104673238","chr11","66125261","66125543","32","38547695"
"chr14","104960352","104960651","chr1","191149848","191150155","49","86189496"
"chr14","105010426","105010715","chr10","114552760","114553059","42","9542334"
"chr14","105606940","105607115","chr3","97148596","97148767","24","8458344"
"chr14","105710443","105710726","chr11","58946039","58946326","46","46764404"
"chr14","105732844","105733151","chr1","205194362","205194670","44","99461518"
"chr14","105769932","105770232","chr11","116396751","116397062","34","10626819"
"chr14","105775797","105776108","chr17","38608208","38608518","30","67167589"
"chr14","105892245","105892537","chr3","186504136","186504430","29","80611891"
"chr14","106057131","106057443","chr11","116713854","116714166","23","10656723"
"chr14","106087560","106087877","chr15","69276871","69277183","31","36810689"
"chr14","106303692","106303997","chr19","17050826","17051125","37","89252866"
"chr14","106321802","106322084","chr3","23553039","23553323","31","82768763"
"chr14","106406136","106406320","chr2B","84072443","84072619","30","22333693"
"chr14","106425404","106425689","chr11","126055803","126056082","52","19630399"
"chr14","106479513","106479806","chr1","161583777","161584072","42","55104264"
"chr14","106485782","106485897","chr3","58384525","58384640","13","48101257"
"chr14","106524680","106524982","chr10","136766798","136767102","38","30242118"
"chr14","106539064","106539362","chr11","117188078","117188372","24","10649014"
"chr14","106539387","106539640","chr12","82185199","82185449","40","24354188"
"chr14","106649943","106650242","chr1","144529989","144530282","34","37880046"
"chr14","106741279","106741570","chr11","117390477","117390767","26","10649198"
"chr14","107186615","107186926","chr2B","44213774","44214081","41","62972841"
"chr14","107381028","107381341","chr1","193093295","193093604","47","85712267"
"chr14","107407836","107408146","chr19","48749897","48750207","41","58657939"
"chr14","107417922","107418234","chrX","97038467","97038780","32","10379455"
"chr14","107451817","107452160","chr7","134871506","134871819","70","27419689"
"chr14","107609338","107609664","chr10","101337366","101337681","49","6271972"
"chr14","107763063","107763314","chr7","2269753","2270009","37","105493310"
"chr14","107879867","107880146","chr14","30944969","30945253","41","76934898"
"chr14","108008068","108008379","chr17","38608208","38608518","36","69399860"
"chr14","108018297","108018609","chr7","134871506","134871819","39","26853209"
"chr14","108050663","108050968","chr4","106451241","106451549","40","1599422"
"chr14","108088847","108089129","chr3","199415806","199416088","39","91326959"
"chr14","108125067","108125361","chr3","32060233","32060527","51","76064834"
"chr14","108138674","108138978","chr4","106451241","106451549","37","1687433"
"chr14","108148300","108148596","chr5","82014241","82014539","36","26134059"
"chr14","108156587","108156871","chr19","52434338","52434622","30","55722249"
"chr14","108173315","108173616","chr2B","128925418","128925714","47","20752103"
"chr14","108180046","108180108","chr6","166706134","166706195","10","58526088"
"chr14","108184302","108184515","chr11","15469750","15469960","37","92714552"
"chr14","108189609","108189912","chr14","24610575","24610884","38","83579034"
"chr14","108201230","108201540","chr10","36119294","36119606","38","72081936"
"chr14","108219627","108219941","chr11","118881649","118881953","36","10662022"
"chr14","108300302","108300622","chr11","118955246","118955558","33","10654944"
"chr14","108333633","108333896","chr1","23057544","23057815","47","85276089"
"chr14","108350723","108351008","chr6","43264052","43264340","48","65086671"
"chr14","108394633","108394940","chr15","67619999","67620309","34","40774634"
"chr14","108529345","108529655","chr22","21716970","21717283","35","86812375"
"chr14","108544678","108544964","chr16","11108091","11108389","37","97436587"
"chr14","108576906","108577201","chr11","1697902","1698195","51","106879004"
"chr14","108622409","108622710","chr1","182138307","182138613","48","73515898"
"chr14","108631397","108631696","chr9","67126783","67127082","29","41504614"
"chr14","108776320","108776612","chr4","40078992","40079285","50","68697328"
"chr14","108912088","108912422","chr11","119577722","119578040","42","10665634"
"chr14","109426154","109426440","chr11","120090140","120090426","27","10663986"
"chr14","109658530","109658840","chr8","44932082","44932391","37","64726448"
"chr14","109694016","109694320","chr2A","15300168","15300463","43","94393848"
"chr14","110145135","110145464","chr6","172892387","172892713","62","62747252"
"chr14","110167598","110167906","chr4","195335628","195335940","44","85168030"
"chr14","111444368","111444662","chr9","111831521","111831814","40","387153"
"chr14","111690592","111690879","chr2B","99512257","99512553","40","12178335"
"chr14","111874111","111874416","chr3","55843499","55843803","50","56030612"
"chr14","111911695","111912004","chr7","76803777","76804083","44","35107918"
"chr14","111946235","111946528","chr7","110891645","110891944","43","1054590"
"chr14","111976978","111977142","chr17","9422771","9422930","31","102554207"
"chr14","112042395","112042713","chrX","41587872","41588178","39","70454523"
"chr14","112122846","112123146","chr18","49916976","49917274","49","62205870"
"chr14","112189503","112189820","chr13","90026760","90027071","48","22162743"
"chr14","112332044","112332344","chr1","132554974","132555276","34","20222930"
"chr14","112340624","112340930","chr6","35622489","35622796","44","76718135"
"chr14","112362897","112363194","chr1","27021093","27021389","37","85341804"
"chr14","112366515","112366813","chr5","58032088","58032384","34","54334427"
"chr14","112449910","112450219","chr10","45646188","45646499","36","66803722"
"chr14","112488098","112488434","chr5","8586547","8586874","51","103901551"
"chr14","112541464","112541770","chr11","123398847","123399146","37","10857383"
"chr14","112712785","112713079","chr9","118968461","118968747","46","6255676"
"chr14","112718509","112718806","chr7","44506290","44506583","36","68212219"
"chr14","112978962","112979236","chrX","94632736","94633009","34","18346226"
"chr14","113308649","113308964","chr12","21276435","21276745","47","92032214"
"chr14","113441324","113441614","chr17","9423981","9424281","46","104017343"
"chr14","113643456","113643762","chr11","124730612","124730920","31","11087156"
"chr14","113646042","113646347","chr1","100887646","100887952","38","12758396"
"chr14","113818017","113818330","chrX","41587872","41588178","43","72230145"
"chr14","113850131","113850428","chr19","17050826","17051125","34","96799305"
"chr14","113855834","113856141","chr10","110470655","110470960","44","3385179"
"chr14","114236895","114237206","chr11","125338191","125338502","29","11101296"
"chr14","114344745","114345056","chrX","45491160","45491470","46","68853585"
"chr14","114496007","114496328","chrX","97594986","97595289","61","16901021"
"chr14","114532028","114532354","chr1","69034819","69035142","41","45497209"
"chr14","114596527","114596699","chr8","46393205","46393371","35","68203322"
"chr14","114620181","114620489","chr14","87826246","87826553","32","26793935"
"chr14","114662822","114663095","chr5","16295877","16296152","35","98366945"
"chr14","114743200","114743446","chr1","20720498","20720748","42","94022702"
"chr14","115055264","115055561","chr11","126206628","126206927","31","11151364"
"chr14","115068777","115069090","chr17","38608208","38608518","40","76460569"
"chr14","115094197","115094498","chr5","160987933","160988228","41","45893736"
"chr14","115125878","115126188","chr20","35582405","35582711","34","79543473"
"chr14","115135371","115135680","chr1","130106457","130106756","48","14971086"
"chr14","115137073","115137283","chr8","68569506","68569711","42","46567567"
"chr14","115259793","115260080","chrUn_CABD030131550v1","8094","8384","31","115251699"
"chr14","115307328","115307619","chr11","126461689","126461989","32","11154361"
"chr14","115315026","115315325","chr4","1954458","1954764","44","113360568"
"chr14","115383784","115384085","chr7","75795144","75795454","52","39588640"
"chr14","115394696","115394978","chr1","24189834","24190118","33","91204862"
"chr14","115521571","115521885","chr1","191149848","191150155","38","75628277"
"chr14","116446370","116446658","chr9","15696116","15696407","39","100750254"
"chr14","116620977","116621268","chr11","127793658","127793948","23","11172681"
"chr14","116724474","116724774","chrX","36406749","36407049","37","80317725"
"chr14","117058807","117059086","chrUn_CABD030131550v1","8094","8384","53","117050713"
"chr14","117716353","117716667","chr15","67619999","67620309","36","50096354"
"chr14","117730267","117730552","chr11","128953629","128953926","41","11223362"
"chr14","118157713","118157773","chr5","7817287","7817344","8","110340426"
"chr14","118255473","118255789","chr7","130014481","130014785","44","11759008"
"chr14","118312785","118313087","chr10","136766798","136767102","32","18454013"
"chr14","118633368","118633690","chr7","127657301","127657615","40","9023933"
"chr14","118714075","118714379","chr8","61897078","61897377","31","56816997"
"chr14","118866426","118866706","chr17","85184470","85184751","36","33681956"
"chr14","118871004","118871307","chrX","15138629","15138928","32","103732375"
"chr14","118879734","118880043","chr17","79404094","79404401","35","39475640"
"chr14","118949637","118949929","chr11","65999481","65999780","46","52950156"
"chr14","119069350","119069664","chr3","197346369","197346679","36","78277019"
"chr14","119119221","119119473","chr11","130415376","130415649","41","11296155"
"chr14","119169619","119169923","chr3","135591702","135592003","39","16422083"
"chr14","119230773","119231085","chr14","74198044","74198357","33","45032729"
"chr14","119346880","119347184","chr7","72899498","72899802","38","46447382"
"chr14","119377784","119378083","chr19","37791442","37791741","38","81586342"
"chr14","119455483","119455791","chr11","130770348","130770654","34","11314865"
"chr14","120381166","120381469","chr11","131711608","131711903","34","11330442"
"chr14","120479582","120479885","chr19","56707386","56707686","44","63772196"
"chr14","121766183","121766483","chr11","133084108","133084411","26","11317925"
"chr14","122855687","122855974","chr14","30944969","30945253","39","91910718"
"chr14","122987785","122988074","chr14","32972455","32972755","45","90015330"
"chr14","123040330","123040640","chr16","60195014","60195326","43","62845316"
"chr14","123306119","123306393","chr11","134641801","134642091","41","11335682"
"chr14","123774498","123774599","chr1","192356207","192356325","33","68581709"
"chr15","17956678","17956992","chr1","179606499","179606823","43","161649821"
"chr15","24772535","24772842","chr6","17608929","17609236","34","7163606"
"chr15","87775","88065","chr15","80391407","80391693","37","80303632"
"chr15","170808","171098","chr13","34006475","34006766","51","33835667"
"chr15","398790","398972","chr10","107555129","107555302","33","107156339"
"chr15","398979","399267","chr4","161025537","161025837","44","160626558"
"chr15","410806","411097","chr9","94919935","94920225","32","94509129"
"chr15","431781","432077","chr10","84296982","84297280","37","83865201"
"chr15","452506","452815","chr9","121220747","121221053","31","120768241"
"chr15","550531","550803","chr7","95873950","95874217","54","95323419"
"chr15","560789","561084","chr5","63827188","63827485","40","63266399"
"chr15","570330","570633","chr16","60227894","60228192","35","59657564"
"chr15","674306","674609","chr19","55001364","55001664","37","54327058"
"chr15","679135","679451","chr1","54464452","54464778","44","53785317"
"chr15","704840","705137","chr9","120951627","120951923","34","120246787"
"chr15","947004","947156","chr5","23448994","23449146","26","22501990"
"chr15","1153261","1153569","chr9","120522806","120523114","37","119369545"
"chr15","1236619","1236797","chr4","86698547","86698733","30","85461928"
"chr15","1303904","1304183","chr1","66580123","66580404","53","65276219"
"chr15","1339417","1339713","chr2A","59985648","59985942","34","58646231"
"chr15","1341375","1341575","chr7","62885790","62885993","33","61544415"
"chr15","1341878","1341987","chr3","11446408","11446515","20","10104530"
"chr15","1348937","1349230","chr9","75973220","75973513","44","74624283"
"chr15","1473850","1474153","chrX","97594986","97595289","44","96121136"
"chr15","1527796","1528108","chr9","120158657","120158967","24","118630861"
"chr15","1594310","1594621","chr5","162326402","162326716","34","160732092"
"chr15","1699104","1699415","chrX","41587872","41588178","38","39888768"
"chr15","2129782","2130083","chr5","25671437","25671735","32","23541655"
"chr15","2241070","2241366","chr10","30706997","30707281","52","28465927"
"chr15","2317924","2318234","chr1","88149023","88149328","38","85831099"
"chr15","2322879","2323133","chr15","11782703","11782955","35","9459824"
"chr15","2793111","2793397","chr9","118968461","118968747","23","116175350"
"chr15","2842040","2842329","chr17","26606726","26607014","38","23764686"
"chr15","3200131","3200441","chr3","121417916","121418229","45","118217785"
"chr15","3382979","3383294","chr3","53283944","53284251","46","49900965"
"chr15","3438276","3438540","chr17","40536548","40536823","46","37098272"
"chr15","3681243","3681550","chr13","8634043","8634347","35","4952800"
"chr15","3961761","3962054","chr9","117738219","117738510","28","113776458"
"chr15","3970762","3971083","chr1","100887646","100887952","44","96916884"
"chr15","4075029","4075332","chr17","8465111","8465410","35","4390082"
"chr15","4084274","4084503","chr8","98564414","98564653","47","94480140"
"chr15","4084811","4085081","chrX","36693904","36694182","46","32609093"
"chr15","4093599","4093887","chr10","90682889","90683167","62","86589290"
"chr15","4130053","4130307","chr10","43187932","43188189","36","39057879"
"chr15","4204865","4205139","chrX","119746098","119746358","49","115541233"
"chr15","4213165","4213488","chr10","36954252","36954578","51","32741087"
"chr15","4314433","4314724","chr5","40527212","40527505","38","36212779"
"chr15","4386550","4386854","chr9","117337239","117337532","33","112950689"
"chr15","4387881","4388192","chr17","69846993","69847300","37","65459112"
"chr15","4492910","4493228","chr14","32903808","32904126","57","28410898"
"chr15","4736267","4736571","chr2A","103881939","103882244","42","99145672"
"chr15","5217582","5217846","chr1","24189834","24190118","43","18972252"
"chr15","5274533","5274835","chr9","116168439","116168747","29","110893906"
"chr15","5373215","5373511","chr9","116074321","116074619","32","110701106"
"chr15","5415565","5415867","chr2A","59985648","59985942","40","54570083"
"chr15","5428166","5428446","chr1","24189834","24190118","34","18761668"
"chr15","5482154","5482401","chr1","158525902","158526148","41","153043748"
"chr15","5658379","5658692","chr15","67619999","67620309","40","61961620"
"chr15","5660824","5661113","chr9","115810192","115810481","26","110149368"
"chr15","5783679","5783969","chr16","12186594","12186889","38","6402915"
"chr15","5860678","5860982","chr9","115619635","115619946","31","109758957"
"chr15","6222243","6222530","chr3","182480373","182480663","44","176258130"
"chr15","6335767","6336062","chr9","76326186","76326484","61","69990419"
"chr15","6434925","6435235","chr6","35622489","35622796","44","29187564"
"chr15","6559715","6560003","chr9","114888720","114889014","32","108329005"
"chr15","6643781","6644083","chr9","114808115","114808405","44","108164334"
"chr15","6657544","6657659","chr1","76865802","76865912","16","70208258"
"chr15","6672180","6672487","chr9","114786009","114786320","27","108113829"
"chr15","6689367","6689577","chr2B","110561140","110561369","54","103871773"
"chr15","6718803","6719087","chr5","160987933","160988228","45","154269130"
"chr15","6945480","6945752","chr3","144880561","144880847","48","137935081"
"chr15","6971218","6971398","chr16","31285914","31286084","31","24314696"
"chr15","7103738","7104046","chr7","127657301","127657615","48","120553563"
"chr15","7113262","7113580","chr13","8634043","8634347","48","1520781"
"chr15","7149803","7150105","chr9","114285913","114286219","28","107136110"
"chr15","7209312","7209620","chr14","23916952","23917265","37","16707640"
"chr15","7274494","7274792","chr5","160987933","160988228","36","153713439"
"chr15","7304921","7305217","chr8","33472835","33473130","35","26167914"
"chr15","7313509","7313813","chr2A","10355583","10355893","42","3042074"
"chr15","7391775","7392069","chrX","705896","706197","47","6685879"
"chr15","7400169","7400235","chr3","144149690","144149758","9","136749521"
"chr15","7400933","7401227","chr1","23083897","23084189","34","15682964"
"chr15","7725778","7726063","chr1","39548497","39548795","59","31822719"
"chr15","7807217","7807530","chrX","41587872","41588178","32","33780655"
"chr15","7907908","7908211","chr3","187177539","187177847","43","179269631"
"chr15","7925992","7926308","chr22","16447422","16447730","54","8521430"
"chr15","8001647","8001938","chr6","152329109","152329411","51","144327462"
"chr15","8021528","8021830","chr1","132554974","132555276","43","124533446"
"chr15","8034967","8035259","chr12","55469357","55469649","39","47434390"
"chr15","8039612","8039914","chr1","162294161","162294462","32","154254549"
"chr15","8039915","8040031","chr1","205792182","205792306","20","197752267"
"chr15","8050638","8050950","chr7","76735395","76735710","41","68684757"
"chr15","8081083","8081322","chr1","31406499","31406738","50","23325416"
"chr15","8138559","8138858","chr12","117088484","117088786","38","108949925"
"chr15","8141256","8141568","chr10","13819024","13819332","36","5677768"
"chr15","8186466","8186764","chr8","61897078","61897377","36","53710612"
"chr15","8234381","8234637","chr9","113259319","113259586","38","105024938"
"chr15","8283532","8283694","chr3","198623790","198623952","25","190340258"
"chr15","8333655","8333956","chr9","113162482","113162771","30","104828827"
"chr15","8412318","8412615","chr14","40634082","40634382","45","32221764"
"chr15","8426933","8427073","chr14","44685173","44685313","16","36258240"
"chr15","8459429","8459730","chr9","113036243","113036532","37","104576814"
"chr15","8510038","8510343","chr7","149339229","149339536","33","140829191"
"chr15","8542565","8542870","chr9","112958131","112958442","43","104415566"
"chr15","8587487","8587781","chr12","59907829","59908121","31","51320342"
"chr15","8721966","8722282","chr7","127657301","127657615","38","118935335"
"chr15","8759688","8759998","chr11","17305005","17305310","39","8545317"
"chr15","8795852","8796163","chr1","100887646","100887952","39","92091794"
"chr15","8806379","8806688","chr5","45856163","45856467","29","37049784"
"chr15","8808668","8808957","chr14","87849883","87850160","44","79041215"
"chr15","8854264","8854576","chr5","59448191","59448498","44","50593927"
"chr15","8909444","8909737","chr9","112589101","112589397","32","103679657"
"chr15","8949718","8949980","chrX","94632736","94633009","44","85683018"
"chr15","8951188","8951443","chr17","6033058","6033324","40","2918130"
"chr15","9013121","9013422","chrX","97594986","97595289","46","88581865"
"chr15","9075829","9076118","chr7","110891645","110891944","46","101815816"
"chr15","9086775","9087044","chrX","94632736","94633009","44","85545961"
"chr15","9269972","9270230","chr7","65155241","65155502","52","55885269"
"chr15","9273366","9273675","chr20","35582405","35582711","41","26309039"
"chr15","9292997","9293290","chr19","35385832","35386124","27","26092835"
"chr15","9305662","9305974","chr1","191149848","191150155","41","181844186"
"chr15","9342127","9342448","chr11","47944780","47945104","45","38602653"
"chr15","9364234","9364409","chr4","81515226","81515394","30","72150992"
"chr15","9415005","9415316","chr3","3628864","3629165","46","5786141"
"chr15","9442342","9442655","chr17","69846993","69847300","48","60404651"
"chr15","9526039","9526346","chr1","162294161","162294462","43","152768122"
"chr15","9580379","9580691","chr5","46820864","46821176","42","37240485"
"chr15","9603457","9603767","chr10","140604064","140604370","39","131000607"
"chr15","9615726","9616001","chr8","130516313","130516591","39","120900587"
"chr15","9624112","9624421","chr7","23518363","23518665","32","13894251"
"chr15","9659390","9659680","chr19","3472325","3472614","44","6187065"
"chr15","9697073","9697377","chr9","111831521","111831814","36","102134448"
"chr15","9707653","9707954","chr9","111822058","111822355","33","102114405"
"chr15","9746567","9746786","chr2A","98400246","98400478","37","88653679"
"chr15","9771097","9771401","chr5","134844626","134844929","39","125073529"
"chr15","9836099","9836421","chr9","111706738","111707050","33","101870639"
"chr15","10007063","10007329","chr1","52986441","52986711","42","42979378"
"chr15","10068238","10068551","chr1","29163733","29164039","47","19095495"
"chr15","10092207","10092510","chrX","97594986","97595289","34","87502779"
"chr15","10291880","10292163","chr9","107822697","107822990","33","97530817"
"chr15","10413084","10413381","chr7","132389917","132390213","34","121976833"
"chr15","10495772","10496086","chr10","101337366","101337681","47","90841594"
"chr15","10541515","10541823","chr2A","21134848","21135157","35","10593333"
"chr15","10581017","10581230","chr1","47927790","47928002","40","37346773"
"chr15","10581532","10581644","chr2B","121888812","121888913","18","111307280"
"chr15","10747283","10747595","chr2B","72409719","72410029","47","61662436"
"chr15","10770640","10770958","chr5","25211209","25211524","44","14440569"
"chr15","10800805","10801120","chr1","153367727","153368028","53","142566922"
"chr15","10975387","10975702","chr12","21276435","21276745","43","10301048"
"chr15","11003930","11004222","chr1","194446199","194446496","40","183442269"
"chr15","11372922","11373213","chr9","106707673","106707964","32","95334751"
"chr15","11389642","11389914","chr22","24788380","24788656","31","13398738"
"chr15","11458317","11458619","chrX","97038467","97038780","50","85580150"
"chr15","11510864","11511161","chr9","106566439","106566734","30","95055575"
"chr15","11721168","11721456","chr8","75537402","75537690","38","63816234"
"chr15","11747659","11747933","chr9","106300771","106301050","34","94553112"
"chr15","11766572","11766878","chr2A","63326770","63327069","48","51560198"
"chr15","11772832","11773120","chr6","35622489","35622796","46","23849657"
"chr15","11884263","11884314","chr2B","60595458","60595488","22","48711195"
"chr15","11884415","11884584","chr9","62558738","62558911","21","50674323"
"chr15","11887859","11888028","chr9","62558738","62558911","21","50670879"
"chr15","12012489","12012791","chr14","20972619","20972931","39","8960130"
"chr15","12777973","12778145","chr12","94763675","94763861","37","81985702"
"chr15","12876223","12876479","chr9","104758962","104759223","29","91882739"
"chr15","12876711","12876760","chr5","160435517","160435556","23","147558806"
"chr15","13244088","13244362","chr9","104373219","104373493","25","91129131"
"chr15","13253755","13254057","chr3","135591702","135592003","40","122337947"
"chr15","13280379","13280675","chr11","65999481","65999780","39","52719102"
"chr15","13340055","13340345","chr13","34006475","34006766","46","20666420"
"chr15","13417423","13417709","chr9","67126783","67127082","45","53709360"
"chr15","13532345","13532658","chrX","18242793","18243105","41","4710448"
"chr15","13536941","13537120","chr16","31285914","31286084","23","17748973"
"chr15","13745870","13746164","chr6","13303749","13304049","45","442121"
"chr15","13876108","13876403","chr1","45157923","45158217","44","31281815"
"chr15","13921174","13921349","chr10","88435853","88436031","25","74514679"
"chr15","14027878","14028146","chr3","46088651","46088921","36","32060773"
"chr15","14072840","14073138","chr10","36114158","36114452","45","22041318"
"chr15","14166182","14166240","chr5","104789932","104789989","7","90623750"
"chr15","14196356","14196664","chr9","103408250","103408558","29","89211894"
"chr15","14452493","14452797","chr2A","21134848","21135157","35","6682355"
"chr15","14517141","14517453","chr1","29813541","29813852","42","15296400"
"chr15","14721628","14721927","chr3","126026739","126027040","38","111305111"
"chr15","14781951","14782208","chr7","70128433","70128712","51","55346482"
"chr15","14870897","14871204","chr9","102700762","102701064","26","87829865"
"chr15","14944990","14945292","chr7","68448047","68448343","50","53503057"
"chr15","15651983","15652294","chr1","205430531","205430844","53","189778548"
"chr15","15950720","15951029","chr4","964728","965032","39","14985992"
"chr15","16010305","16010618","chr9","101519944","101520257","27","85509639"
"chr15","16329717","16330002","chr3","67751426","67751684","54","51421709"
"chr15","17205852","17206163","chr9","100311567","100311867","37","83105715"
"chr15","17230223","17230504","chr17","7397249","7397531","48","9832974"
"chr15","17252970","17253270","chr7","3333680","3333983","45","13919290"
"chr15","17811652","17811954","chr10","136766798","136767102","30","118955146"
"chr15","18068030","18068342","chr12","36414589","36414899","41","18346559"
"chr15","18131031","18131330","chr9","99367321","99367627","34","81236290"
"chr15","18590580","18590882","chrX","97594986","97595289","34","79004406"
"chr15","18617055","18617366","chr7","80058785","80059098","37","61441730"
"chr15","18670485","18670791","chr9","98794847","98795160","27","80124362"
"chr15","19084991","19085309","chr2A","4571612","4571923","49","14513379"
"chr15","19888749","19889039","chrX","100623619","100623904","40","80734870"
"chr15","20049921","20050232","chr16","66436699","66437011","32","46386778"
"chr15","20147884","20148186","chr16","20140351","20140659","44","7533"
"chr15","20213188","20213494","chr1","35990880","35991182","39","15777692"
"chr15","20267849","20268160","chr2A","79839508","79839818","41","59571659"
"chr15","20820404","20820709","chr2A","81177924","81178240","40","60357520"
"chr15","20824148","20824430","chr19","11306934","11307209","41","9517214"
"chr15","20882192","20882278","chr10","66674628","66674710","20","45792436"
"chr15","20882594","20882836","chr6","75422722","75422964","46","54540128"
"chr15","20913229","20913516","chr9","96434975","96435267","29","75521746"
"chr15","20972796","20973055","chr13","8741620","8741882","45","12231176"
"chr15","21263755","21264068","chr17","38608208","38608518","28","17344453"
"chr15","21511973","21512285","chr7","127657301","127657615","43","106145328"
"chr15","21719012","21719158","chrX","119354023","119354171","31","97635011"
"chr15","21972774","21973073","chr9","13234462","13234763","37","8738312"
"chr15","22013945","22014248","chr10","140604064","140604370","42","118590119"
"chr15","22122615","22122905","chr19","33970963","33971252","33","11848348"
"chr15","22290108","22290388","chr19","10545129","10545406","45","11744979"
"chr15","22299976","22300288","chr1","88149023","88149328","30","65849047"
"chr15","22448212","22448521","chr9","94770550","94770866","34","72322338"
"chr15","22455688","22455991","chr10","108870200","108870501","30","86414512"
"chr15","22526584","22526899","chr9","94692314","94692623","36","72165730"
"chr15","22529723","22530024","chr19","29025419","29025728","42","6495696"
"chr15","22619084","22619383","chr2A","41601701","41602001","33","18982617"
"chr15","22698083","22698389","chr19","17050826","17051125","44","5647257"
"chr15","22710313","22710624","chr2B","65741490","65741803","46","43031177"
"chr15","22727750","22728062","chr17","69846993","69847300","44","47119243"
"chr15","22757663","22757960","chr1","210595639","210595937","39","187837976"
"chr15","22809843","22810154","chr17","38608208","38608518","36","15798365"
"chr15","22883839","22884137","chr20","3862616","3862914","34","19021223"
"chr15","22946647","22946955","chr9","94272440","94272742","34","71325793"
"chr15","22993925","22994221","chr3","126817334","126817631","45","103823409"
"chr15","23002159","23002470","chrX","43601029","43601333","47","20598870"
"chr15","23024900","23025211","chr5","162326402","162326716","40","139301502"
"chr15","23113971","23114283","chr3","2931636","2931947","38","20182335"
"chr15","23268795","23269101","chr9","94014987","94015298","36","70746192"
"chr15","23323489","23323737","chr4","39582201","39582448","46","16258712"
"chr15","23398800","23399099","chr10","108870200","108870501","42","85471400"
"chr15","23720827","23721110","chr10","36114158","36114452","47","12393331"
"chr15","23946569","23946883","chr1","41598264","41598576","57","17651695"
"chr15","24292090","24292400","chr2B","65741490","65741803","34","41449400"
"chr15","24371860","24372160","chr9","92892452","92892761","34","68520592"
"chr15","24469892","24470203","chr20","30120028","30120336","38","5650136"
"chr15","24524957","24525276","chr3","158397250","158397564","48","133872293"
"chr15","24567720","24568010","chr16","13415165","13415458","42","11152555"
"chr15","24680862","24681142","chr9","92567457","92567738","26","67886595"
"chr15","24698195","24698497","chr9","92548920","92549224","24","67850725"
"chr15","24728652","24728929","chr7","105061299","105061571","47","80332647"
"chr15","24760350","24760661","chr1","100887646","100887952","42","76127296"
"chr15","24775856","24776158","chr3","197346369","197346679","32","172570513"
"chr15","24962558","24962881","chr14","87826246","87826553","44","62863688"
"chr15","25026421","25026703","chrUn_CABD030131550v1","8094","8384","39","25018327"
"chr15","25412334","25412603","chr1","6099213","6099485","49","19313121"
"chr15","25465149","25465445","chr9","91740363","91740664","39","66275214"
"chr15","25553430","25553747","chr1","40538480","40538784","43","14985050"
"chr15","25667632","25667899","chr3","127268944","127269210","39","101601312"
"chr15","25685364","25685661","chr1","185054973","185055268","35","159369609"
"chr15","25698296","25698615","chr10","121813796","121814102","40","96115500"
"chr15","25950107","25950410","chr8","74261100","74261405","41","48310993"
"chr15","25967126","25967446","chr5","145272480","145272793","46","119305354"
"chr15","25977526","25977838","chr13","62764436","62764745","51","36786910"
"chr15","26053157","26053442","chr9","91099473","91099763","37","65046316"
"chr15","26078740","26079049","chrX","97594986","97595289","36","71516246"
"chr15","26137681","26137982","chr19","17050826","17051125","37","9086855"
"chr15","27121325","27121620","chr6","169689147","169689442","36","142567822"
"chr15","27159189","27159500","chr8","22325883","22326185","46","4833306"
"chr15","27177588","27177902","chr12","21276435","21276745","41","5901153"
"chr15","27241669","27241961","chr2B","99512257","99512553","43","72270588"
"chr15","27274017","27274334","chr1","191149848","191150155","55","163875831"
"chr15","27287032","27287332","chr2A","519286","519588","37","26767746"
"chr15","27334495","27334760","chr9","89736001","89736263","24","62401506"
"chr15","27355806","27356156","chrX","41653739","41654071","69","14297933"
"chr15","27377371","27377681","chr4","198295008","198295316","32","170917637"
"chr15","27397505","27397818","chr7","75796417","75796729","38","48398912"
"chr15","27551158","27551460","chr9","89512934","89513236","24","61961776"
"chr15","28079578","28079884","chr19","30883795","30884107","43","2804217"
"chr15","28332031","28332331","chr9","88637073","88637355","48","60305042"
"chr15","28732408","28732695","chr9","88245675","88245965","24","59513267"
"chr15","28829909","28830223","chr17","38608208","38608518","41","9778299"
"chr15","29233442","29233743","chr9","87736194","87736488","26","58502752"
"chr15","29436764","29437069","chr9","87523162","87523472","30","58086398"
"chr15","29477343","29477617","chr9","87482897","87483187","30","58005554"
"chr15","29480740","29481001","chr10","43187932","43188189","34","13707192"
"chr15","29510833","29511128","chr2A","45126237","45126533","34","15615404"
"chr15","29515992","29516303","chr12","21276435","21276745","31","8239557"
"chr15","29530391","29530652","chr5","94122417","94122671","52","64592026"
"chr15","29532567","29532877","chr5","23595371","23595677","49","5937196"
"chr15","29552143","29552459","chr5","162326402","162326716","42","132774259"
"chr15","29629883","29630198","chr14","20972619","20972931","34","8657264"
"chr15","29657107","29657367","chr12","76915481","76915745","44","47258374"
"chr15","29657467","29657741","chr1","222126053","222126337","41","192468586"
"chr15","29657844","29658186","chr19","9141098","9141424","71","20516746"
"chr15","29668481","29668794","chrX","97594986","97595289","47","67926505"
"chr15","29676640","29676933","chr1","144529989","144530282","31","114853349"
"chr15","29718029","29718324","chr9","87276226","87276524","28","57558197"
"chr15","29721499","29721801","chr9","87272469","87272775","38","57550970"
"chr15","29797300","29797483","chr19","49500498","49500677","30","19703198"
"chr15","29797911","29798044","chr8","22356237","22356372","18","7441674"
"chr15","29817739","29818052","chr1","193093295","193093604","45","163275556"
"chr15","29819914","29820194","chr14","87777140","87777418","39","57957226"
"chr15","29836558","29836851","chr12","8693113","8693410","40","21143445"
"chr15","29837792","29838094","chr1","35990880","35991182","43","6153088"
"chr15","30020617","30020893","chr1","46826086","46826382","47","16805469"
"chr15","30142881","30143171","chr5","16417078","16417380","57","13725803"
"chr15","30173687","30173975","chr17","59104636","59104927","28","28930949"
"chr15","30341438","30341717","chr2A","51383657","51383949","46","21042219"
"chr15","30564453","30564730","chr7","40872412","40872698","50","10307959"
"chr15","30610638","30610946","chr7","70737321","70737625","40","40126683"
"chr15","30808785","30809079","chr8","74291514","74291815","36","43482729"
"chr15","31405032","31405344","chr22","20623630","20623939","35","10781402"
"chr15","31608992","31609303","chr22","17140799","17141110","46","14468193"
"chr15","32087428","32087721","chr9","76326186","76326484","52","44238758"
"chr15","33468776","33469102","chr14","20972619","20972931","52","12496157"
"chr15","33690935","33691236","chr20","43352634","43352940","38","9661699"
"chr15","34444707","34445014","chr17","4925082","4925385","36","29519625"
"chr15","34753358","34753648","chr9","118968461","118968747","46","84215103"
"chr15","35442634","35442949","chr9","81433054","81433365","33","45990420"
"chr15","35584247","35584557","chr8","44932082","44932391","37","9347835"
"chr15","35658308","35658601","chr6","98991169","98991466","43","63332861"
"chr15","35976869","35977179","chr9","74575275","74575588","38","38598406"
"chr15","35980005","35980268","chr12","76915481","76915745","41","40935476"
"chr15","36684827","36685108","chr10","129892436","129892725","42","93207609"
"chr15","36697820","36698068","chr7","157972520","157972765","33","121274700"
"chr15","36738816","36739102","chr19","14027232","14027520","45","22711584"
"chr15","36792503","36792811","chr1","132554974","132555276","39","95762471"
"chr15","36982662","36982973","chr4","201004696","201005001","40","164022034"
"chr15","37099889","37100206","chr9","79778551","79778859","25","42678662"
"chr15","37111097","37111409","chr1","35515081","35515392","36","1596016"
"chr15","37155641","37155932","chr2B","111036318","111036618","53","73880677"
"chr15","37193511","37193814","chr12","78558197","78558505","42","41364686"
"chr15","37202708","37203009","chr3","3628864","3629165","48","33573844"
"chr15","37250714","37251026","chr17","12349722","12350033","37","24900992"
"chr15","37376318","37376619","chr12","117088484","117088786","23","79712166"
"chr15","37715929","37716100","chr5","18186176","18186342","27","19529753"
"chr15","37821448","37821755","chr2B","44213774","44214081","58","6392326"
"chr15","37924708","37925001","chr2A","59985648","59985942","34","22060940"
"chr15","37990750","37991044","chr9","11467549","11467839","24","26523201"
"chr15","38041091","38041403","chr3","140232686","140232998","35","102191595"
"chr15","38153930","38154220","chrUn_CABD030131550v1","8094","8384","28","38145836"
"chr15","38154867","38155159","chr5","15352472","15352776","49","22802395"
"chr15","38160363","38160660","chr9","11641215","11641514","31","26519148"
"chr15","38231277","38231438","chr5","117639202","117639368","25","79407925"
"chr15","38367833","38368152","chr3","158397250","158397564","43","120029417"
"chr15","38403004","38403310","chr5","51774532","51774825","44","13371528"
"chr15","38492995","38493307","chr16","28150661","28150970","35","10342334"
"chr15","38576880","38577187","chr1","182138307","182138613","31","143561427"
"chr15","38628697","38629019","chr9","12114478","12114795","28","26514219"
"chr15","38677339","38677636","chr9","12164686","12164997","34","26512653"
"chr15","38709922","38710217","chr5","160987933","160988228","30","122278011"
"chr15","38778160","38778479","chr4","198977209","198977521","40","160199049"
"chr15","39012433","39012740","chr12","21276435","21276745","34","17735998"
"chr15","39244659","39244963","chr5","45856163","45856467","34","6611504"
"chr15","39256475","39256774","chr5","59448191","59448498","45","20191716"
"chr15","39281100","39281397","chr11","47651302","47651576","48","8370202"
"chr15","39286240","39286550","chr11","65334802","65335112","43","26048562"
"chr15","39297681","39297902","chr10","112162079","112162304","31","72864398"
"chr15","39325197","39325498","chr1","115412597","115412899","45","76087400"
"chr15","39476767","39477078","chr15","67619999","67620309","39","28143232"
"chr15","39499065","39499362","chr13","31463447","31463746","38","8035618"
"chr15","39517066","39517353","chrX","119746098","119746358","49","80229032"
"chr15","39552069","39552376","chr9","13091804","13092114","32","26460265"
"chr15","39583134","39583417","chr1","24189834","24190118","31","15393300"
"chr15","39742337","39742646","chr1","204184641","204184943","43","164442304"
"chr15","39764971","39765270","chr1","27021093","27021389","33","12743878"
"chr15","39789926","39790239","chr16","23926045","23926350","48","15863881"
"chr15","39810772","39811003","chr4","75262680","75262905","37","35451908"
"chr15","39896555","39896852","chr1","35990880","35991182","35","3905675"
"chr15","39976985","39977284","chr1","185054973","185055268","30","145077988"
"chr15","40059530","40059826","chr9","13538017","13538324","34","26521513"
"chr15","40093458","40093763","chr9","13570886","13571199","30","26522572"
"chr15","40130934","40131214","chr4","123788167","123788450","43","83657233"
"chr15","40268063","40268374","chr9","13748839","13749153","39","26519224"
"chr15","40327836","40328126","chr9","94919935","94920225","35","54592099"
"chr15","40379183","40379479","chr9","13793724","13794018","22","26585459"
"chr15","40420786","40421085","chr9","13838453","13838749","52","26582333"
"chr15","40485637","40485931","chr4","197519800","197520092","33","157034163"
"chr15","40517181","40517481","chr12","117088484","117088786","37","76571303"
"chr15","40724339","40724641","chr9","59842059","59842366","38","19117720"
"chr15","41601651","41601932","chr1","24189834","24190118","34","17411817"
"chr15","41643426","41643742","chr5","162326402","162326716","45","120682976"
"chr15","41744802","41745095","chr9","15203718","15204026","44","26541084"
"chr15","41754250","41754535","chr1","193763062","193763356","48","152008812"
"chr15","41778884","41779103","chr15","61663748","61663960","42","19884864"
"chr15","41863117","41863430","chr1","132729492","132729799","35","90866375"
"chr15","41913075","41913293","chr6","161107944","161108165","32","119194869"
"chr15","41988507","41988833","chr6","172892387","172892713","47","130903880"
"chr15","41998307","41998618","chr16","3477043","3477352","40","38521264"
"chr15","41999757","41999985","chr7","64883012","64883245","44","22883255"
"chr15","42001669","42001980","chr9","15430107","15430409","34","26571562"
"chr15","42002570","42002878","chr6","17608929","17609236","37","24393641"
"chr15","42009722","42010016","chr6","119750721","119751012","45","77740999"
"chr15","42016482","42016712","chr2A","98400246","98400478","64","56383764"
"chr15","42019827","42019947","chr1","86686184","86686306","22","44666357"
"chr15","42020151","42020330","chr14","83951541","83951727","42","41931390"
"chr15","42028528","42028824","chr6","21986954","21987251","32","20041574"
"chr15","42068306","42068617","chr5","46820864","46821176","47","4752558"
"chr15","42108354","42108667","chr12","21276435","21276745","39","20831919"
"chr15","42223401","42223699","chr1","193093295","193093604","58","150869894"
"chr15","42265519","42265815","chr9","77636172","77636462","43","35370653"
"chr15","42292732","42293029","chr3","197719809","197720102","40","155427077"
"chr15","42300197","42300495","chr14","32972455","32972755","44","9327742"
"chr15","42310093","42310404","chr1","100887646","100887952","38","58577553"
"chr15","42364637","42364949","chr9","16100970","16101277","30","26263667"
"chr15","42376502","42376799","chr13","33361251","33361548","34","9015251"
"chr15","42396215","42396558","chr9","16130740","16131079","42","26265475"
"chr15","42561423","42561718","chr17","9381935","9382231","36","33179488"
"chr15","42644585","42644889","chr4","170812679","170812981","40","128168094"
"chr15","42671282","42671598","chr14","77304145","77304459","38","34632863"
"chr15","42671599","42671722","chr5","36592470","36592589","24","6079129"
"chr15","42704757","42705045","chr9","16470260","16470555","45","26234497"
"chr15","42876822","42877125","chr19","50345980","50346283","36","7469158"
"chr15","42883034","42883344","chr12","110623481","110623790","33","67740447"
"chr15","43123292","43123582","chr10","16102299","16102594","41","27020993"
"chr15","43173535","43173825","chr2B","99512257","99512553","28","56338722"
"chr15","43629662","43629984","chr19","37033774","37034097","55","6595888"
"chr15","43792363","43792674","chr12","21276435","21276745","32","22515928"
"chr15","43940188","43940416","chr3","193932181","193932383","57","149991993"
"chr15","44332776","44333082","chr3","158501942","158502247","44","114169166"
"chr15","44598789","44599099","chr6","35622489","35622796","37","8976300"
"chr15","44868945","44869258","chr17","38608208","38608518","37","6260737"
"chr15","45611838","45612149","chr3","2931636","2931947","45","42680202"
"chr15","45673364","45673644","chr9","19864647","19864934","39","25808717"
"chr15","46187160","46187444","chr1","224694915","224695201","52","178507755"
"chr15","46441423","46441560","chr2B","109918485","109918618","23","63477062"
"chr15","46623098","46623400","chr5","115780222","115780526","40","69157124"
"chr15","46694571","46694881","chr10","36119294","36119606","41","10575277"
"chr15","46889036","46889339","chrX","97594986","97595289","36","50705950"
"chr15","46955991","46956304","chr13","20775986","20776294","52","26180005"
"chr15","47790129","47790421","chr10","92135337","92135628","42","44345208"
"chr15","48054802","48055070","chr11","39445585","39445851","46","8609217"
"chr15","48207579","48207878","chr9","22573812","22574113","32","25633767"
"chr15","48327576","48327883","chr2A","31692393","31692699","38","16635183"
"chr15","48389755","48390062","chr9","22732638","22732941","29","25657117"
"chr15","48925893","48926204","chr10","42007114","42007422","42","6918779"
"chr15","49612344","49612639","chr8","142809025","142809318","44","93196681"
"chr15","50433244","50433546","chr11","17305005","17305310","41","33128239"
"chr15","51561789","51562093","chr13","33361251","33361548","43","18200538"
"chr15","51685372","51685686","chr9","26193626","26193939","34","25491746"
"chr15","52802798","52803107","chr9","27351897","27352216","40","25450901"
"chr15","53147374","53147672","chr3","33692080","33692378","45","19455294"
"chr15","53166750","53167054","chr10","140604064","140604370","39","87437314"
"chr15","53604617","53604927","chr3","12041820","12042133","39","41562797"
"chr15","53657135","53657442","chr7","2409163","2409452","82","51247972"
"chr15","53718925","53719227","chr7","127657301","127657615","59","73938376"
"chr15","53742958","53743045","chr5","135091632","135091712","22","81348674"
"chr15","54112674","54112942","chr3","200673558","200673829","48","146560884"
"chr15","54160166","54160455","chrX","50220545","50220834","44","3939621"
"chr15","54266952","54267268","chr17","38608208","38608518","35","15658744"
"chr15","54403377","54403679","chr10","86782884","86783195","45","32379507"
"chr15","54499331","54499623","chr10","16102299","16102594","45","38397032"
"chr15","54508791","54509105","chr2B","65741490","65741803","36","11232699"
"chr15","54552475","54552775","chr18","44508207","44508512","36","10044268"
"chr15","54661729","54662021","chr4","194608401","194608688","42","139946672"
"chr15","55595534","55595845","chr13","8634043","8634347","44","46961491"
"chr15","55717339","55717629","chr6","119750721","119751012","42","64033382"
"chr15","55741310","55741600","chr17","17867335","17867624","48","37873975"
"chr15","55751549","55751833","chr19","3472325","3472614","54","52279224"
"chr15","55770158","55770398","chr22","19333163","19333397","39","36436995"
"chr15","55810137","55810424","chr17","2433480","2433777","47","53376657"
"chr15","55820555","55820821","chr6","25115901","25116186","45","30704654"
"chr15","55830224","55830530","chr3","55843499","55843803","34","13275"
"chr15","55836747","55837049","chr5","15352472","15352776","44","40484275"
"chr15","55855482","55855778","chr1","23083897","23084189","41","32771585"
"chr15","55856475","55856787","chr5","22049247","22049559","34","33807228"
"chr15","55906809","55907114","chr20","49634608","49634919","42","6272201"
"chr15","55924706","55925025","chr9","30552943","30553254","54","25371763"
"chr15","56030894","56031202","chr5","22049247","22049559","49","33981647"
"chr15","56057876","56058182","chr14","39860929","39861237","40","16196947"
"chr15","56204326","56204635","chr9","30865765","30866071","21","25338561"
"chr15","56514558","56514856","chr2A","103881939","103882244","47","47367381"
"chr15","56597847","56598147","chr9","31254727","31255023","36","25343120"
"chr15","56638603","56638913","chr4","106451241","106451549","35","49812638"
"chr15","56682277","56682589","chr1","191149848","191150155","40","134467571"
"chr15","56765547","56765860","chrX","82828100","82828413","45","26062553"
"chr15","56847323","56847623","chr3","3628864","3629165","43","53218459"
"chr15","56908956","56909173","chr18","27822115","27822332","39","29086841"
"chr15","57068845","57069141","chr8","65491981","65492282","47","8423136"
"chr15","57890029","57890327","chr3","3628864","3629165","40","54261165"
"chr15","57943753","57944035","chr19","10545129","10545406","42","47398624"
"chr15","58022667","58022967","chr9","32766391","32766689","34","25256276"
"chr15","58050519","58050822","chr1","22955832","22956145","52","35094687"
"chr15","58232321","58232486","chr9","32985649","32985811","15","25246672"
"chr15","58302689","58303001","chr1","191149848","191150155","42","132847159"
"chr15","58444848","58445123","chr1","62650797","62651079","48","4205949"
"chr15","59361122","59361411","chr6","125663995","125664288","47","66302873"
"chr15","59413052","59413347","chr5","160987933","160988228","49","101574881"
"chr15","59522868","59523179","chr7","75796417","75796729","44","16273549"
"chr15","60169607","60169907","chr1","100887646","100887952","33","40718039"
"chr15","60219545","60219862","chr9","35049758","35050076","26","25169787"
"chr15","60304167","60304479","chr13","83156229","83156538","47","22852062"
"chr15","60379889","60380213","chr1","40966383","40966697","47","19413506"
"chr15","61397218","61397521","chr6","45003166","45003473","42","16394052"
"chr15","61591389","61591646","chr22","9341333","9341593","43","52250056"
"chr15","61761636","61761932","chr9","44384816","44385110","50","17376820"
"chr15","62309970","62310240","chr3","113825165","113825432","40","51515195"
"chr15","64236496","64236806","chr1","21869855","21870167","48","42366641"
"chr15","64389646","64389957","chr14","47857829","47858141","41","16531817"
"chr15","65097672","65097962","chr4","86641694","86641986","33","21544022"
"chr15","65439015","65439314","chr10","142970684","142970982","38","77531669"
"chr15","66068040","66068350","chr9","40813600","40813900","41","25254440"
"chr15","66344792","66345090","chr12","117088484","117088786","32","50743692"
"chr15","66398108","66398389","chr9","41133153","41133436","23","25264955"
"chr15","67217881","67218157","chr6","158841054","158841336","45","91623173"
"chr15","67465049","67465346","chr20","18504512","18504806","41","48960537"
"chr15","67900872","67901133","chr12","76915481","76915745","42","9014609"
"chr15","68103405","68103710","chr6","82597978","82598270","59","14494573"
"chr15","68332843","68333141","chr9","70252230","70252529","36","1919387"
"chr15","68338449","68338750","chr7","44506290","44506583","42","23832159"
"chr15","68356180","68356483","chr19","17050826","17051125","34","51305354"
"chr15","68389061","68389252","chr4","48588512","48588669","46","19800549"
"chr15","68393583","68393865","chr2B","16887366","16887658","50","51506217"
"chr15","68398544","68398814","chr2A","3645196","3645471","38","64753348"
"chr15","68402413","68402716","chr1","115412597","115412899","43","47010184"
"chr15","68430103","68430370","chr12","6236698","6236971","61","62193405"
"chr15","68433803","68434104","chr17","12709902","12710204","35","55723901"
"chr15","68468239","68468536","chr1","194446199","194446496","34","125977960"
"chr15","68699683","68699971","chr6","171986008","171986294","39","103286325"
"chr15","68846288","68846582","chrX","97594986","97595289","51","28748698"
"chr15","69089121","69089428","chr1","148927652","148927960","51","79838531"
"chr15","69170563","69170869","chr14","75036885","75037196","36","5866322"
"chr15","69227640","69227950","chr4","198798700","198799005","38","129571060"
"chr15","69393770","69394063","chr1","144529989","144530282","41","75136219"
"chr15","69396730","69397019","chr10","114176336","114176628","36","44779606"
"chr15","69586208","69586528","chr14","84183582","84183897","41","14597374"
"chr15","69731645","69731958","chr14","89567587","89567900","38","19835942"
"chr15","69934511","69934820","chr1","35515081","35515392","40","34419430"
"chr15","70022559","70022859","chr1","27021093","27021389","32","43001466"
"chr15","70340129","70340387","chr7","154462902","154463161","38","84122773"
"chr15","70340555","70340821","chr12","76915481","76915745","37","6574926"
"chr15","70390295","70390592","chr11","71255740","71256033","34","865445"
"chr15","70557927","70558227","chr9","45341024","45341326","35","25216903"
"chr15","70705390","70705719","chr20","35582405","35582711","57","35122985"
"chr15","70777287","70777421","chr9","45575153","45575275","15","25202134"
"chr15","70807337","70807650","chr4","48585107","48585416","40","22222230"
"chr15","71030291","71030592","chr4","37953476","37953776","37","33076815"
"chr15","71054342","71054644","chr9","80356847","80357152","33","9302505"
"chr15","71473899","71474197","chr4","37953476","37953776","38","33520423"
"chr15","71514020","71514333","chr3","55843499","55843803","38","15670521"
"chr15","71999683","71999898","chr9","46787848","46788106","62","25211835"
"chr15","72139615","72139891","chr10","106607864","106608139","47","34468249"
"chr15","72601171","72601469","chr9","67126783","67127082","28","5474388"
"chr15","72900039","72900354","chr1","132554974","132555276","38","59654935"
"chr15","73517734","73518031","chr9","48324299","48324615","45","25193435"
"chr15","74093295","74093586","chr1","45157923","45158217","42","28935372"
"chr15","74344114","74344437","chr15","11987743","11988049","50","62356371"
"chr15","74358709","74359036","chr3","66592692","66593013","71","7766017"
"chr15","74375701","74376008","chr13","62764436","62764745","41","11611265"
"chr15","74687822","74688119","chr9","49538146","49538451","37","25149676"
"chr15","74693235","74693534","chr7","29021792","29022096","35","45671443"
"chr15","74813077","74813352","chr1","224235364","224235639","45","149422287"
"chr15","74915468","74915745","chr7","15207724","15208002","32","59707744"
"chr15","74972321","74972637","chr13","56111657","56111965","60","18860664"
"chr15","75276543","75276861","chr9","50092275","50092603","39","25184268"
"chr15","75380058","75380358","chr13","2573887","2574188","41","72806171"
"chr15","75388600","75388912","chr17","24583359","24583669","35","50805241"
"chr15","75431830","75432127","chr1","144529989","144530282","44","69098159"
"chr15","75648685","75648981","chr9","50451425","50451715","29","25197260"
"chr15","75847636","75847936","chr1","27021093","27021389","34","48826543"
"chr15","75921223","75921532","chr1","193093295","193093604","33","117172072"
"chr15","75928147","75928464","chr1","13582785","13583095","49","62345362"
"chr15","76286029","76286335","chr6","136520913","136521216","47","60234884"
"chr15","76546748","76547056","chr9","51383443","51383752","24","25163305"
"chr15","76961190","76961482","chr6","39058088","39058377","34","37903102"
"chr15","77240761","77241073","chr6","32378353","32378664","40","44862408"
"chr15","77425964","77426282","chr15","67619999","67620309","40","9805965"
"chr15","77628294","77628588","chr9","52460065","52460359","24","25168229"
"chr15","77633842","77633905","chr9","52465616","52465680","9","25168226"
"chr15","78060634","78060912","chr2A","103932089","103932366","38","25871455"
"chr15","78229540","78229840","chr9","53179752","53180042","43","25049788"
"chr15","78517838","78518145","chr10","136766798","136767102","39","58248960"
"chr15","78833418","78833710","chr10","36114158","36114452","42","42719260"
"chr15","78836934","78837231","chr12","8693113","8693410","33","70143821"
"chr15","78845726","78845999","chr15","52950317","52950594","71","25895409"
"chr15","78856005","78856289","chr19","18388461","18388745","49","60467544"
"chr15","78930836","78931135","chr11","309868","310167","31","78620968"
"chr15","78973910","78974224","chr15","67619999","67620309","31","11353911"
"chr15","79083462","79083763","chr5","115315946","115316248","52","36232484"
"chr15","79169115","79169395","chr19","34938060","34938350","55","44231055"
"chr15","79276010","79276306","chr6","125884319","125884615","43","46608309"
"chr15","79319340","79319631","chr9","54278173","54278486","35","25041167"
"chr15","79392271","79392560","chr4","96760748","96761048","43","17368477"
"chr15","79646735","79646998","chr12","131788345","131788608","39","52141610"
"chr15","79907456","79907779","chr1","191149848","191150155","51","111242392"
"chr15","80049367","80049664","chr19","14735632","14735933","46","65313735"
"chr15","80086049","80086356","chr20","39696632","39696939","36","40389417"
"chr15","80355014","80355321","chr11","47429302","47429607","45","32925712"
"chr15","80733136","80733385","chr3","67751426","67751684","40","12981710"
"chr15","80902107","80902418","chr17","79404094","79404401","50","1498013"
"chr15","81132253","81132564","chr1","100887646","100887952","41","19755393"
"chr15","81656454","81656753","chr9","56695077","56695376","19","24961377"
"chr15","81751678","81751978","chr9","13234462","13234763","40","68517216"
"chr15","81889790","81890089","chr13","34006475","34006766","44","47883315"
"chr15","81897512","81897826","chrX","41587872","41588178","38","40309640"
"chr15","82125847","82126155","chr6","14548565","14548875","47","67577282"
"chr15","82257317","82257624","chr2A","79839508","79839818","43","2417809"
"chr15","82343866","82344142","chr1","40467054","40467328","44","41876812"
"chr15","82355473","82355559","chr7","71388047","71388130","11","10967426"
"chr15","82431921","82432212","chr9","57478614","57478920","51","24953307"
"chr15","82883097","82883430","chr9","57943850","57944177","45","24939247"
"chr15","83058470","83058773","chr3","135591702","135592003","37","52533232"
"chr15","83123061","83123350","chr9","58187354","58187651","24","24935707"
"chr15","83143982","83144278","chr1","194446199","194446496","36","111302217"
"chr15","83248366","83248656","chr1","194446199","194446496","37","111197833"
"chr15","83314054","83314372","chr19","30883795","30884107","48","52430259"
"chr15","83512868","83513179","chr1","13582785","13583095","40","69930083"
"chr15","83519057","83519361","chr4","38387917","38388218","40","45131140"
"chr15","83544111","83544418","chr9","58621019","58621320","34","24923092"
"chr15","83552965","83553276","chr17","9423981","9424281","41","74128984"
"chr15","83561490","83561794","chr9","58638577","58638871","29","24922913"
"chr15","83708027","83708330","chr9","58794961","58795262","23","24913066"
"chr15","83750440","83750729","chr1","185054973","185055268","35","101304533"
"chr15","83782563","83782781","chr2B","110561140","110561369","52","26778577"
"chr15","83803060","83803372","chr3","187177539","187177847","40","103374479"
"chr15","83886689","83886963","chrX","50354554","50354832","45","33532135"
"chr15","84877913","84878207","chr2A","59985648","59985942","39","24892265"
"chr15","84893180","84893488","chr9","60045221","60045528","24","24847959"
"chr15","85049777","85050094","chr9","60208915","60209225","42","24840862"
"chr15","85110122","85110427","chr15","67619999","67620309","41","17490123"
"chr15","85398371","85398668","chr10","92135337","92135628","41","6736966"
"chr15","85674261","85674565","chr1","197931021","197931326","40","112256760"
"chr15","87032524","87032789","chr12","131788345","131788608","41","44755821"
"chr15","87660143","87660433","chr1","45157923","45158217","45","42502220"
"chr15","88413468","88413658","chr1","27190507","27190696","33","61222961"
"chr15","88530315","88530611","chr9","63870150","63870441","23","24660165"
"chr15","88563111","88563410","chr9","63905891","63906184","30","24657220"
"chr15","89202346","89202641","chr9","64534921","64535223","33","24667425"
"chr15","89614317","89614613","chr9","64969033","64969327","28","24645284"
"chr15","89710220","89710511","chr19","3472325","3472614","61","86237895"
"chr15","89730914","89731168","chr7","5758279","5758532","45","83972635"
"chr15","90029243","90029554","chr1","134763713","134764022","38","44734470"
"chr15","90031295","90031592","chr6","169689147","169689442","31","79657852"
"chr15","90242412","90242712","chr3","126817334","126817631","38","36574922"
"chr15","90296954","90297262","chr6","126157601","126157903","48","35860647"
"chr15","90465021","90465351","chr22","34314671","34314970","61","56150350"
"chr15","90478883","90479182","chr5","18193741","18194039","43","72285142"
"chr15","90503931","90504200","chr9","67816714","67816983","19","22687217"
"chr15","90602432","90602715","chr1","194446199","194446496","45","103843767"
"chr15","90725469","90725761","chr9","94919935","94920225","40","4194466"
"chr15","90746974","90747279","chr4","179466004","179466310","37","88719030"
"chr15","90987440","90987730","chr5","33727432","33727720","37","57260008"
"chr15","90988745","90988896","chr1","134107846","134107997","23","43119101"
"chr15","91001968","91002269","chr9","66406817","66407120","31","24595151"
"chr15","91018570","91018867","chr19","50345980","50346283","39","40672590"
"chr15","91034194","91034516","chr9","66437780","66438094","34","24596414"
"chr15","91073482","91073883","chr9","66477747","66478075","94","24595735"
"chr15","91533515","91533805","chr1","185054973","185055268","34","93521458"
"chr15","91697044","91697326","chr1","24189834","24190118","36","67507210"
"chr15","91728450","91728757","chr9","67126783","67127082","30","24601667"
"chr15","91792902","91793212","chr9","67190763","67191073","20","24602139"
"chr15","91831159","91831432","chr1","6099213","6099485","39","85731946"
"chr15","91858439","91858740","chr8","74261100","74261405","49","17597339"
"chr15","91996748","91997052","chr1","132554974","132555276","42","40558226"
"chr15","92030975","92031266","chr9","67458361","67458651","30","24572614"
"chr15","92203369","92203681","chr1","88149023","88149328","43","4054346"
"chr15","92226955","92227261","chr1","100887646","100887952","30","8660691"
"chr15","92257109","92257414","chrX","74427130","74427438","33","17829979"
"chr15","92308132","92308449","chr18","33009420","33009732","44","59298712"
"chr15","92332043","92332122","chr8","146526285","146526357","20","54194242"
"chr15","92332173","92332387","chr4","111252338","111252552","36","18920165"
"chr15","92357904","92358209","chr3","33508917","33509221","35","58848987"
"chr15","92381368","92381635","chr12","131788345","131788608","35","39406977"
"chr15","92390233","92390544","chr9","67942303","67942612","36","24447930"
"chr15","92437731","92438021","chr14","36230486","36230773","36","56207245"
"chr15","92539695","92539994","chr9","67126783","67127082","46","25412912"
"chr15","92553931","92554241","chr7","72899498","72899802","38","19654433"
"chr15","92628167","92628389","chr7","62885790","62885993","50","29742377"
"chr15","92693406","92693707","chr5","115790615","115790914","32","23097209"
"chr15","92773863","92774172","chr9","68374261","68374568","25","24399602"
"chr15","92906975","92907290","chr1","109323755","109324067","42","16416780"
"chr15","92934775","92935086","chr1","26251787","26252092","40","66682988"
"chr15","92989476","92989768","chr3","58866049","58866355","50","34123427"
"chr15","93051367","93051543","chr18","20275144","20275323","30","72776223"
"chr15","93167491","93167779","chr13","34006475","34006766","50","59161016"
"chr15","93186621","93186890","chr11","39445585","39445851","45","53741036"
"chr15","93265804","93266100","chr17","81504650","81504947","35","11761154"
"chr15","93285040","93285351","chr7","29021792","29022096","45","64263248"
"chr15","93446962","93447263","chr9","69099763","69100069","22","24347199"
"chr15","93624220","93624520","chr15","51575964","51576258","33","42048256"
"chr15","93923449","93923747","chr9","69602519","69602817","29","24320930"
"chr15","94009632","94009933","chr5","36374695","36374994","35","57634937"
"chr15","94051011","94051315","chr2A","63373637","63373940","39","30677374"
"chr15","94137072","94137388","chr9","69835813","69836116","37","24301259"
"chr15","94158837","94158964","chr8","34649309","34649439","17","59509528"
"chr15","94320804","94321105","chr2A","15300168","15300463","43","79020636"
"chr15","94330820","94331119","chr17","58273313","58273617","46","36057507"
"chr15","94340907","94341210","chr12","8893890","8894193","36","85447017"
"chr15","94363542","94363818","chr7","70128433","70128712","34","24235109"
"chr15","94383086","94383395","chr3","28041400","28041706","37","66341686"
"chr15","94383954","94384237","chr5","4715105","4715387","38","89668849"
"chr15","94409636","94409905","chr3","200673558","200673829","55","106263922"
"chr15","94416208","94416505","chr10","136766798","136767102","31","42350590"
"chr15","94453369","94453681","chr1","13582785","13583095","43","80870584"
"chr15","94551227","94551540","chr2A","10355583","10355893","36","84195644"
"chr15","94601991","94602288","chr9","70252230","70252529","38","24349761"
"chr15","94602685","94602998","chr3","53283944","53284251","39","41318741"
"chr15","94628566","94628878","chr7","44221337","44221649","47","50407229"
"chr15","94639240","94639525","chr9","70293136","70293417","27","24346104"
"chr15","94690658","94690936","chr1","24189834","24190118","43","70500824"
"chr15","94725462","94725750","chr9","70388865","70389159","24","24336597"
"chr15","94751510","94751806","chr7","154438682","154438977","43","59687172"
"chr15","94766272","94766554","chr1","144529989","144530282","55","49763717"
"chr15","94803083","94803364","chrX","108626661","108626941","32","13823578"
"chr15","94816097","94816396","chr5","51774532","51774825","45","43041565"
"chr15","94828883","94829194","chr1","191149848","191150155","40","96320965"
"chr15","94830239","94830543","chr1","100887646","100887952","43","6057407"
"chr15","95097528","95097840","chr4","198798700","198799005","41","103701172"
"chr15","95122608","95122922","chr7","76735395","76735710","34","18387213"
"chr15","95337455","95337774","chr11","46987370","46987682","50","48350085"
"chr15","95593578","95593857","chr6","113023760","113024041","36","17430182"
"chr15","95843304","95843616","chr8","103767519","103767832","32","7924215"
"chr15","95874739","95875046","chr10","136766798","136767102","34","40892059"
"chr15","96000965","96001246","chr11","46969394","46969676","36","49031571"
"chr15","96359538","96359831","chr16","72155962","72156258","55","24203576"
"chr15","96395113","96395421","chr16","48003749","48004056","48","48391364"
"chr15","96495484","96495789","chr9","111552750","111553047","33","15057266"
"chr15","96509172","96509484","chr8","54146840","54147130","61","42362332"
"chr15","96670594","96670911","chr7","75796417","75796729","42","20874177"
"chr15","96672190","96672485","chr9","111365734","111366030","23","14693544"
"chr15","96738412","96738709","chr8","121780376","121780681","38","25041964"
"chr15","96781032","96781315","chr9","111255147","111255443","42","14474115"
"chr15","96802765","96803071","chr10","136766798","136767102","28","39964033"
"chr15","96819152","96819380","chr12","70925924","70926162","35","25893228"
"chr15","96936868","96937174","chr17","69846993","69847300","34","27089875"
"chr15","96956047","96956173","chr13","1465874","1466004","16","95490173"
"chr15","97058085","97058372","chr5","26480986","26481273","37","70577099"
"chr15","97085650","97085950","chr9","110956084","110956384","29","13870434"
"chr15","97096381","97096539","chr15","21079920","21080084","23","76016461"
"chr15","97204053","97204214","chr6","110455226","110455385","27","13251173"
"chr15","97208063","97208198","chr9","110835619","110835755","17","13627556"
"chr15","97220654","97220965","chr9","110810869","110811178","24","13590215"
"chr15","97500001","97500150","chr20","25878088","25878221","40","71621913"
"chr15","97509936","97510222","chr22","18788031","18788322","36","78721905"
"chr15","97575642","97575931","chr9","110449009","110449301","28","12873367"
"chr15","97599649","97599960","chr7","134871506","134871819","41","37271857"
"chr15","97654514","97654818","chr3","100561340","100561640","36","2906826"
"chr15","97773324","97773620","chrX","18796354","18796648","41","78976970"
"chr15","97866430","97866753","chr2B","61813480","61813800","46","36052950"
"chr15","97873024","97873326","chr17","79404094","79404401","41","18468930"
"chr15","98007951","98008255","chr8","94878591","94878895","35","3129360"
"chr15","98442199","98442487","chr5","33727432","33727720","33","64714767"
"chr15","98618292","98618596","chr10","140604064","140604370","37","41985772"
"chr15","98808991","98809293","chr22","30343256","30343556","51","68465735"
"chr15","98813654","98813962","chr7","29021792","29022096","40","69791862"
"chr15","98879787","98880077","chr21","23838552","23838840","36","75041235"
"chr15","98934560","98934861","chr3","135591702","135592003","34","36657142"
"chr15","99002193","99002490","chr2A","59985648","59985942","31","39016545"
"chr15","99042533","99042822","chr7","56535890","56536179","50","42506643"
"chr15","99066816","99067079","chr16","29420076","29420354","49","69646740"
"chr15","99113910","99114171","chr16","25941552","25941811","40","73172358"
"chr15","99234964","99235269","chr17","79404094","79404401","44","19830870"
"chr15","99258733","99259030","chr9","108766409","108766706","29","9507676"
"chr15","99296371","99296683","chr12","36414589","36414899","36","62881782"
"chr15","99299424","99299715","chr7","62498293","62498586","42","36801131"
"chr15","99301417","99301716","chr9","13234462","13234763","36","86066955"
"chr15","99345982","99346155","chr10","134150864","134151037","31","34804882"
"chr15","99346960","99347006","chr14","64984995","64985028","22","34361965"
"chr15","99359399","99359676","chr1","185016196","185016479","49","85656797"
"chr15","99370354","99370664","chr7","45520039","45520349","35","53850315"
"chr15","99411192","99411365","chr12","37081390","37081559","23","62329802"
"chr15","99470263","99470557","chr1","27021093","27021389","34","72449170"
"chr15","99612808","99613109","chr9","72032543","72032845","26","27580265"
"chr15","99664372","99664644","chr1","24189834","24190118","35","75474538"
"chr15","99724813","99725120","chr11","72786177","72786489","42","26938636"
"chr15","99917577","99917889","chr5","46820864","46821176","41","53096713"
"chr15","99937001","99937311","chr1","100887646","100887952","42","950645"
"chr15","100634522","100634823","chr5","36374695","36374994","42","64259827"
"chr15","100713789","100714093","chr9","70252230","70252529","35","30461559"
"chr15","100738833","100739148","chr13","89348099","89348405","36","11390734"
"chr15","100752175","100752465","chr4","140257513","140257806","35","39505338"
"chr15","100816881","100817192","chr9","73383977","73384295","33","27432904"
"chr15","100939486","100939797","chr2A","10355583","10355893","36","90583903"
"chr15","101144914","101145215","chr9","73702199","73702490","29","27442715"
"chr15","101317908","101318200","chrX","71373929","71374223","36","29943979"
"chr15","101353411","101353722","chr15","67619999","67620309","37","33733412"
"chr15","101364007","101364317","chr9","73922988","73923294","20","27441019"
"chr15","101404222","101404522","chr12","8893890","8894193","31","92510332"
"chr15","101528681","101528990","chrX","51034227","51034538","36","50494454"
"chr15","101531594","101531907","chr11","107106280","107106579","41","5574686"
"chr15","101618361","101618646","chr7","68448047","68448343","53","33170314"
"chr15","101631197","101631489","chr18","17496269","17496567","39","84134928"
"chr15","101650984","101651302","chr9","74224666","74224971","32","27426318"
"chr15","101726099","101726380","chr5","19394864","19395150","47","82331235"
"chr15","101848725","101849031","chr14","34284807","34285111","34","67563918"
"chr15","101934591","101934907","chr14","74198044","74198357","39","27736547"
"chr15","101943035","101943326","chr2A","75137163","75137453","43","26805872"
"chr15","101951240","101951553","chr7","127657301","127657615","28","25706061"
"chr15","101975789","101976084","chr1","185054973","185055268","30","83079184"
"chr15","102066482","102066787","chr2A","63373637","63373940","30","38692845"
"chr15","102128621","102128909","chr1","17435492","17435794","49","84693129"
"chr15","102183418","102183730","chr1","100887646","100887952","41","1295772"
"chr15","102248432","102248731","chr3","53283944","53284251","38","48964488"
"chr15","102274355","102274605","chrX","119746098","119746358","64","17471743"
"chr15","102435556","102435835","chr5","100069077","100069348","39","2366479"
"chr15","102441450","102441744","chr4","194608401","194608688","52","92166951"
"chr15","102626636","102626937","chr7","154570538","154570845","42","51943902"
"chr15","102714982","102715294","chr6","35622489","35622796","36","67092493"
"chr15","102804794","102805096","chr13","33361251","33361548","41","69443543"
"chr15","103161730","103162039","chr9","75936262","75936567","29","27225468"
"chr15","103198397","103198686","chr9","75973220","75973513","24","27225177"
"chr15","103199587","103199908","chr17","30741176","30741483","52","72458411"
"chr15","103302947","103303259","chr1","100887646","100887952","45","2415301"
"chr15","103420663","103420941","chr9","114808115","114808405","52","11387452"
"chr15","103514489","103514784","chr9","108111460","108111757","46","4596971"
"chr15","103599235","103599500","chr12","76915481","76915745","40","26683754"
"chr15","103775800","103776094","chr2A","103881939","103882244","38","106139"
"chr15","104571715","104571748","chr3","188980486","188980514","15","84408771"
"chr15","105196908","105197226","chr17","79404094","79404401","45","25792814"
"chr15","105539632","105539976","chr10","15324825","15325140","82","90214807"
"chr15","105640499","105640803","chr9","78556775","78557074","29","27083724"
"chr15","105714683","105714999","chrX","41587872","41588178","51","64126811"
"chr15","105720944","105720992","chr19","11373063","11373113","9","94347881"
"chr15","105753361","105753515","chr3","32744067","32744225","32","73009294"
"chr15","105815323","105815623","chr1","88149023","88149328","50","17666300"
"chr15","105820120","105820432","chr15","67619999","67620309","40","38200121"
"chr15","105991496","105991787","chrX","20239390","20239681","38","85752106"
"chr15","105991881","105992174","chr2A","45126237","45126533","39","60865644"
"chr15","106009431","106009730","chr9","79096290","79096594","28","26913141"
"chr15","106034767","106035075","chr12","21276435","21276745","41","84758332"
"chr15","106219491","106219798","chr17","30741176","30741483","40","75478315"
"chr15","106387415","106387705","chr1","23083897","23084189","39","83303518"
"chr15","106403253","106403546","chr12","59907829","59908121","40","46495424"
"chr15","106413485","106413778","chr6","35622489","35622796","57","70790996"
"chr15","106762666","106762946","chr5","94253983","94254265","38","12508683"
"chr15","106773485","106773793","chr14","8955342","8955637","52","97818143"
"chr15","106862844","106863159","chr14","30944969","30945253","67","75917875"
"chr15","106915251","106915545","chr9","3760705","3761001","37","103154546"
"chr15","107116436","107116732","chr10","16102299","16102594","42","91014137"
"chr15","107433584","107433934","chr10","15529004","15529338","71","91904580"
"chr15","107437532","107437828","chr9","3760705","3761001","36","103676827"
"chr16","4062949","4063263","chr17","2764937","2765248","51","1298012"
"chr16","5989","6304","chr20","35582405","35582711","39","35576416"
"chr16","251203","251513","chr10","140604064","140604370","39","140352861"
"chr16","298019","298339","chr17","349832","350149","33","51813"
"chr16","335818","336113","chr16","12186594","12186889","28","11850776"
"chr16","472287","472584","chr16","19374713","19375012","42","18902426"
"chr16","512868","513144","chr10","86865957","86866245","52","86353089"
"chr16","610051","610359","chr14","34284807","34285111","38","33674756"
"chr16","641021","641317","chr1","27021093","27021389","41","26380072"
"chr16","667437","667733","chr1","27021093","27021389","31","26353656"
"chr16","677227","677530","chr6","35622489","35622796","39","34945262"
"chr16","682338","682607","chr11","39445585","39445851","57","38763247"
"chr16","710160","710462","chr17","804492","804807","40","94332"
"chr16","713328","713644","chrX","51034227","51034538","43","50320899"
"chr16","828769","829061","chr7","44506290","44506583","30","43677521"
"chr16","842599","842826","chr6","161107944","161108165","39","160265345"
"chr16","856628","856939","chr7","75795144","75795454","50","74938516"
"chr16","866511","866825","chr2B","56727034","56727344","34","55860523"
"chr16","866826","867115","chr19","49469690","49469977","53","48602864"
"chr16","914186","914491","chr6","35356727","35357029","36","34442541"
"chr16","967738","968020","chr3","149118148","149118427","45","148150410"
"chr16","1015429","1015738","chr14","22610112","22610417","42","21594683"
"chr16","1048179","1048475","chr1","27021093","27021389","36","25972914"
"chr16","1073799","1074076","chr15","52950317","52950594","42","51876518"
"chr16","1126829","1127130","chr9","107822697","107822990","41","106695868"
"chr16","1128167","1128469","chr5","58791036","58791341","41","57662869"
"chr16","1133232","1133337","chr8","21910561","21910664","14","20777329"
"chr16","1163802","1164135","chr1","87691037","87691369","64","86527235"
"chr16","1167276","1167554","chr5","33727432","33727720","46","32560156"
"chr16","1177463","1177759","chr5","160987933","160988228","42","159810470"
"chr16","1188634","1188949","chr20","35582405","35582711","40","34393771"
"chr16","1190622","1190921","chr1","38186753","38187049","49","36996131"
"chr16","1222699","1222968","chr5","20856959","20857224","52","19634260"
"chr16","1225478","1225771","chr2B","63348784","63349075","37","62123306"
"chr16","1469808","1470119","chr17","1575731","1576041","37","105923"
"chr16","1518370","1518683","chr17","1621783","1622088","37","103413"
"chr16","1544383","1544689","chr9","108229509","108229814","39","106685126"
"chr16","1593565","1593869","chr1","100887646","100887952","45","99294081"
"chr16","1695579","1695888","chr17","8465111","8465410","46","6769532"
"chr16","1722019","1722331","chr17","1866716","1867022","28","144697"
"chr16","1845776","1846085","chr14","48554596","48554901","44","46708820"
"chr16","1854739","1855001","chr11","66322875","66323149","46","64468136"
"chr16","1900455","1900747","chr1","23083897","23084189","40","21183442"
"chr16","2045180","2045493","chr9","114786009","114786320","40","112740829"
"chr16","2062256","2062468","chr16","57648114","57648322","32","55585858"
"chr16","2084018","2084308","chr11","1697902","1698195","52","386116"
"chr16","2157715","2158015","chr2B","10519542","10519838","42","8361827"
"chr16","2231410","2231710","chr5","133411905","133412206","34","131180495"
"chr16","2273186","2273496","chr7","154570538","154570845","47","152297352"
"chr16","2281853","2282143","chr17","20151025","20151313","33","17869172"
"chr16","2289898","2290216","chr13","62764436","62764745","40","60474538"
"chr16","2291397","2291568","chr2B","128728426","128728597","26","126437029"
"chr16","2322171","2322348","chr4","81515226","81515394","25","79193055"
"chr16","2325105","2325405","chr17","2489122","2489420","24","164017"
"chr16","2344812","2344998","chr17","2504521","2504695","25","159709"
"chr16","2363112","2363401","chr2A","59985648","59985942","36","57622536"
"chr16","2405339","2405633","chr19","17050826","17051125","39","14645487"
"chr16","2424804","2425059","chr19","43700745","43700988","51","41275941"
"chr16","2439952","2440254","chr17","2589116","2589422","26","149164"
"chr16","2461222","2461519","chr17","8465111","8465410","31","6003889"
"chr16","2489201","2489494","chr17","2639819","2640112","25","150618"
"chr16","2513378","2513666","chr5","74022551","74022841","45","71509173"
"chr16","2535802","2536100","chr5","5487375","5487672","29","2951573"
"chr16","2537173","2537485","chr15","67619999","67620309","35","65082826"
"chr16","2616236","2616533","chr4","155657331","155657621","39","153041095"
"chr16","2634594","2634891","chr17","2789091","2789394","38","154497"
"chr16","2712940","2713244","chr21","21684721","21685023","37","18971781"
"chr16","2731513","2731830","chr9","12380690","12381000","40","9649177"
"chr16","2732754","2733059","chr17","2883936","2884236","30","151182"
"chr16","2740448","2740760","chr20","45934753","45935060","43","43194305"
"chr16","2748508","2748821","chr7","71187672","71187981","37","68439164"
"chr16","2764328","2764625","chr2A","103881939","103882244","50","101117611"
"chr16","2822899","2823214","chr10","136766798","136767102","46","133943899"
"chr16","2849130","2849431","chr3","11592628","11592929","35","8743498"
"chr16","2896661","2896954","chr3","3628864","3629165","37","732203"
"chr16","3121998","3122234","chr17","3354858","3355106","37","232860"
"chr16","3169341","3169652","chr15","67619999","67620309","43","64450658"
"chr16","3193587","3193871","chr4","194608401","194608688","34","191414814"
"chr16","3223110","3223425","chr15","69276871","69277183","37","66053761"
"chr16","3228741","3229043","chr5","133411905","133412206","36","130183164"
"chr16","3238988","3239294","chr2A","31692393","31692699","42","28453405"
"chr16","3245365","3245654","chr14","30944969","30945253","48","27699604"
"chr16","3316546","3316856","chr4","16292913","16293223","40","12976367"
"chr16","3397078","3397176","chr7","31782924","31783022","19","28385846"
"chr16","3412108","3412392","chr16","15232771","15233053","36","11820663"
"chr16","3470203","3470504","chr6","45003166","45003473","36","41532963"
"chr16","3520016","3520330","chr21","30558652","30558963","40","27038636"
"chr16","3523510","3523807","chr17","3746004","3746301","24","222494"
"chr16","3562459","3562751","chr2B","123383167","123383471","47","119820708"
"chr16","3690672","3690956","chr6","172320858","172321142","39","168630186"
"chr16","3697571","3697883","chr2A","10348885","10349185","33","6651314"
"chr16","3746735","3747037","chr2B","95425788","95426089","36","91679053"
"chr16","3787843","3788164","chr19","37033774","37034097","46","33245931"
"chr16","4006063","4006370","chr4","106451241","106451549","42","102445178"
"chr16","4007488","4007748","chr12","48370975","48371233","47","44363487"
"chr16","4021749","4022039","chr8","96234805","96235093","36","92213056"
"chr16","4024891","4025190","chr5","156184518","156184813","32","152159627"
"chr16","4028871","4029158","chr5","117859800","117860087","44","113830929"
"chr16","4053684","4053996","chrX","17004602","17004908","43","12950918"
"chr16","4068752","4069042","chr16","49395439","49395731","36","45326687"
"chr16","4102705","4102998","chr16","12186594","12186889","37","8083889"
"chr16","4118916","4119226","chr4","140724506","140724817","37","136605590"
"chr16","4121633","4121919","chr7","85761026","85761312","44","81639393"
"chr16","4146034","4146337","chr3","33508917","33509221","34","29362883"
"chr16","4292393","4292705","chr17","4544855","4545168","23","252462"
"chr16","4315729","4316044","chr17","38608208","38608518","39","34292479"
"chr16","4320732","4320991","chr12","76915481","76915745","44","72594749"
"chr16","4343118","4343345","chr19","5961507","5961735","31","1618389"
"chr16","4434357","4434652","chr21","23838552","23838840","37","19404195"
"chr16","4437225","4437535","chr16","76137172","76137480","40","71699947"
"chr16","4447623","4447927","chr1","27021093","27021389","37","22573470"
"chr16","4457064","4457376","chr19","29025419","29025728","41","24568355"
"chr16","4494376","4494642","chr19","19155590","19155865","59","14661214"
"chr16","4612523","4612813","chr19","34938060","34938350","38","30325537"
"chr16","4753927","4754076","chr1","26428554","26428698","24","21674627"
"chr16","4754975","4755032","chr5","7817287","7817344","9","3062312"
"chr16","4778930","4779012","chr5","163975000","163975079","9","159196070"
"chr16","4795882","4796166","chrUn_CABD030131550v1","8094","8384","36","4787788"
"chr16","4821457","4821773","chr15","52874335","52874637","45","48052878"
"chr16","4865624","4865925","chr2A","59985648","59985942","41","55120024"
"chr16","4879678","4879968","chr9","118968461","118968747","46","114088783"
"chr16","4992394","4992686","chr5","35877143","35877438","35","30884749"
"chr16","5055854","5056113","chr12","76915481","76915745","42","71859627"
"chr16","5065607","5065909","chr7","129287081","129287379","30","124221474"
"chr16","5094331","5094639","chr17","5380853","5381165","24","286522"
"chr16","5118930","5119281","chrX","51034227","51034538","86","45915297"
"chr16","5184996","5185234","chr2A","98400246","98400478","42","93215250"
"chr16","5234262","5234560","chr17","5505644","5505943","21","271382"
"chr16","5373967","5374278","chr3","42657205","42657512","42","37283238"
"chr16","5492634","5492919","chr1","185016196","185016479","46","179523562"
"chr16","5496850","5497143","chr19","50345980","50346283","46","44849130"
"chr16","5536101","5536406","chr9","32689013","32689326","46","27152912"
"chr16","5595495","5595808","chr17","5890564","5890875","24","295069"
"chr16","5662534","5662846","chr5","22049247","22049559","46","16386713"
"chr16","5718001","5718283","chr11","46969394","46969676","28","41251393"
"chr16","5789167","5789457","chr5","140946638","140946929","35","135157471"
"chr16","5805800","5806155","chr13","89280477","89280807","71","83474677"
"chr16","5857957","5858255","chr17","6168241","6168544","29","310284"
"chr16","5865668","5865954","chr5","117859800","117860087","47","111994132"
"chr16","5878689","5879002","chr3","2931636","2931947","37","2947053"
"chr16","5890469","5890736","chr5","18877170","18877444","37","12986701"
"chr16","5897073","5897384","chr19","12949861","12950168","43","7052788"
"chr16","5912486","5912728","chr10","43187932","43188189","50","37275446"
"chr16","5944522","5944826","chr1","132554974","132555276","29","126610452"
"chr16","6067660","6067957","chr1","131010241","131010539","39","124942581"
"chr16","6068241","6068550","chr18","59918384","59918694","46","53850143"
"chr16","6080594","6080897","chr9","67126783","67127082","36","61046189"
"chr16","6093963","6094281","chr14","23916952","23917265","41","17822989"
"chr16","6098262","6098561","chr12","3105971","3106266","34","2992291"
"chr16","6318556","6318866","chr15","69276871","69277183","35","62958315"
"chr16","6453299","6453515","chr15","61663748","61663960","40","55210449"
"chr16","6515088","6515399","chr6","14456523","14456825","41","7941435"
"chr16","6539139","6539436","chr2B","117749801","117750092","42","111210662"
"chr16","6631280","6631585","chr1","148927652","148927960","43","142296372"
"chr16","6646681","6646913","chr2A","65259267","65259509","37","58612586"
"chr16","6702548","6702849","chr1","226859876","226860177","48","220157328"
"chr16","6769590","6769902","chr12","124952906","124953219","29","118183316"
"chr16","6774005","6774314","chr17","7124898","7125211","28","350893"
"chr16","6789245","6789571","chr10","15324825","15325140","47","8535580"
"chr16","6789874","6790169","chr16","12186594","12186889","41","5396720"
"chr16","6860092","6860384","chr2B","125039405","125039704","38","118179313"
"chr16","6871444","6871615","chr13","43834522","43834689","26","36963078"
"chr16","6942814","6943069","chr12","76915481","76915745","53","69972667"
"chr16","6974397","6974560","chr18","20450921","20451070","34","13476524"
"chr16","6980211","6980523","chr4","48585107","48585416","43","41604896"
"chr16","7000751","7001048","chr5","104962371","104962665","37","97961620"
"chr16","7022665","7022969","chr8","61897078","61897377","33","54874413"
"chr16","7130494","7130794","chr5","36374695","36374994","37","29244201"
"chr16","7152586","7152896","chr16","66170347","66170652","36","59017761"
"chr16","7158116","7158360","chr12","131788345","131788608","53","124630229"
"chr16","7163486","7163788","chr3","188140014","188140321","34","180976528"
"chr16","7223658","7223973","chr14","77304145","77304459","40","70080487"
"chr16","7269311","7269616","chr17","7607355","7607642","43","338044"
"chr16","7283064","7283358","chr15","46775288","46775598","61","39492224"
"chr16","7285195","7285508","chr16","48003749","48004056","44","40718554"
"chr16","7305198","7305479","chr6","151766509","151766786","50","144461311"
"chr16","7310692","7310991","chr9","13234462","13234763","35","5923770"
"chr16","7329822","7330122","chr19","57118880","57119186","38","49789058"
"chr16","7349187","7349497","chr11","101447273","101447578","38","94098086"
"chr16","7367426","7367709","chr9","70296419","70296704","44","62928993"
"chr16","7379805","7380086","chrX","36693904","36694182","28","29314099"
"chr16","7440617","7440924","chr19","5859200","5859509","42","1581417"
"chr16","7488833","7489132","chr17","7818044","7818344","29","329211"
"chr16","7573919","7574227","chr10","136766798","136767102","39","129192879"
"chr16","7602355","7602637","chr5","70103079","70103361","41","62500724"
"chr16","7756738","7757032","chr10","108852377","108852676","33","101095639"
"chr16","7769615","7769875","chr2B","72567730","72567984","37","64798115"
"chr16","7824351","7824654","chr10","110180557","110180860","42","102356206"
"chr16","7869928","7870245","chr17","38608208","38608518","39","30738280"
"chr16","7913773","7914069","chr5","160987933","160988228","38","153074160"
"chr16","7928002","7928278","chr6","35036855","35037127","41","27108853"
"chr16","8004349","8004645","chr3","134438652","134438945","49","126434303"
"chr16","8103106","8103407","chr17","8465111","8465410","45","362005"
"chr16","8178863","8179171","chr1","160753833","160754142","36","152574970"
"chr16","8344817","8345128","chr8","44932082","44932391","42","36587265"
"chr16","8528197","8528499","chr6","35622489","35622796","40","27094292"
"chr16","8613315","8613635","chr17","8992510","8992820","35","379195"
"chr16","8627321","8627634","chr17","9006578","9006890","35","379257"
"chr16","8720220","8720533","chr4","106451241","106451549","38","97731021"
"chr16","8730547","8730855","chr17","8992510","8992820","37","261963"
"chr16","8877122","8877431","chr17","9234226","9234536","36","357104"
"chr16","8914130","8914439","chr4","198798700","198799005","39","189884570"
"chr16","8976034","8976328","chr12","59907829","59908121","35","50931795"
"chr16","8978076","8978366","chr1","27021093","27021389","42","18043017"
"chr16","8991893","8992204","chr2A","21134848","21135157","42","12142955"
"chr16","9000001","9000242","chr1","31406499","31406738","34","22406498"
"chr16","9018763","9019068","chr17","9381935","9382231","30","363172"
"chr16","9022154","9022465","chr2A","21134848","21135157","37","12112694"
"chr16","9058376","9058533","chr17","9422771","9422930","20","364395"
"chr16","9061515","9061798","chrX","54483388","54483667","56","45421873"
"chr16","9144175","9144480","chrX","97594986","97595289","29","88450811"
"chr16","9168659","9168952","chr17","9523940","9524235","26","355281"
"chr16","9241880","9242194","chr15","67619999","67620309","39","58378119"
"chr16","9247519","9247806","chr17","9611799","9612101","38","364280"
"chr16","9316980","9317292","chr2A","10355583","10355893","35","1038603"
"chr16","9335464","9335774","chr5","33636745","33637052","39","24301281"
"chr16","9346581","9346894","chr14","47857829","47858141","38","38511248"
"chr16","9393086","9393398","chr17","9753288","9753602","34","360202"
"chr16","9406172","9406484","chr17","23676558","23676864","37","14270386"
"chr16","9437403","9437701","chr1","43904861","43905158","42","34467458"
"chr16","9455957","9456260","chr14","80281239","80281540","40","70825282"
"chr16","9806544","9806846","chr1","131010241","131010539","35","121203697"
"chr16","9827205","9827515","chr1","191149848","191150155","36","181322643"
"chr16","9865795","9866091","chr5","24415712","24416011","36","14549917"
"chr16","9913177","9913457","chrX","15111185","15111467","38","5198008"
"chr16","9983150","9983424","chr17","10387569","10387843","14","404419"
"chr16","10021255","10021565","chr14","23916952","23917265","36","13895697"
"chr16","10025062","10025382","chr2B","95168475","95168788","42","85143413"
"chr16","10077679","10077973","chr17","10488810","10489108","24","411131"
"chr16","10103582","10103883","chr8","67971105","67971409","45","57867523"
"chr16","10217034","10217340","chr1","100887646","100887952","37","90670612"
"chr16","10244654","10244960","chr6","44304477","44304783","41","34059823"
"chr16","10329504","10329817","chr2A","21134848","21135157","28","10805344"
"chr16","10349652","10349715","chr6","166706134","166706195","10","156356482"
"chr16","10491346","10491653","chr6","128406996","128407303","43","117915650"
"chr16","10502685","10502941","chr14","62662099","62662351","50","52159414"
"chr16","10578434","10578672","chr1","31406499","31406738","46","20828065"
"chr16","10691599","10691889","chrX","74045863","74046153","44","63354264"
"chr16","10747586","10747899","chr5","163188872","163189183","38","152441286"
"chr16","10972056","10972369","chr14","74671804","74672116","42","63699748"
"chr16","11059731","11060041","chr17","11503743","11504045","33","444012"
"chr16","11185257","11185569","chrX","40698418","40698725","33","29513161"
"chr16","11194069","11194395","chr3","20461146","20461481","62","9267077"
"chr16","11234857","11235163","chr7","2757521","2757833","42","8477336"
"chr16","11300701","11300979","chr19","29323705","29323979","36","18023004"
"chr16","11308486","11308602","chr5","40279998","40280119","16","28971512"
"chr16","11498096","11498407","chr17","38608208","38608518","31","27110112"
"chr16","11866768","11867080","chr17","12349722","12350033","32","482954"
"chr16","11886952","11887238","chr8","77218976","77219261","42","65332024"
"chr16","11906536","11906835","chr17","12390679","12390986","36","484143"
"chr16","11919539","11919850","chr2A","31692393","31692699","42","19772854"
"chr16","12199097","12199384","chr17","12709902","12710204","36","510805"
"chr16","12257787","12258100","chr1","141361647","141361958","37","129103860"
"chr16","12310918","12311204","chr14","30944969","30945253","41","18634051"
"chr16","12394987","12395282","chr4","37953476","37953776","39","25558489"
"chr16","12401912","12402208","chr4","171953878","171954174","33","159551966"
"chr16","12502661","12502973","chr17","13021818","13022153","54","519157"
"chr16","12515994","12516246","chr19","5409132","5409371","52","7106862"
"chr16","12585703","12586012","chr1","35520906","35521193","60","22935203"
"chr16","12595230","12595545","chr20","35286617","35286928","43","22691387"
"chr16","12645133","12645441","chr5","36664566","36664877","49","24019433"
"chr16","12718272","12718566","chr17","13231556","13231846","21","513284"
"chr16","12727040","12727351","chr1","100887646","100887952","35","88160606"
"chr16","12757870","12758155","chr20","33884060","33884345","37","21126190"
"chr16","12845945","12846245","chr9","111442757","111443054","45","98596812"
"chr16","12905912","12906210","chr11","65999481","65999780","35","53093569"
"chr16","13125839","13126151","chr15","67619999","67620309","40","54494160"
"chr16","13153145","13153440","chr1","27021093","27021389","37","13867948"
"chr16","13371750","13372022","chr20","725690","725969","42","12646060"
"chr16","13420664","13420787","chr9","45575153","45575275","32","32154489"
"chr16","13617993","13618080","chr8","126093872","126093963","22","112475879"
"chr16","13954988","13955283","chr5","82014241","82014539","39","68059253"
"chr16","13993910","13994219","chrX","41271607","41271912","39","27277697"
"chr16","14093411","14093702","chr9","81354291","81354584","37","67260880"
"chr16","14134006","14134305","chr17","14749429","14749725","21","615423"
"chr16","14231693","14232002","chr17","14861735","14862035","40","630042"
"chr16","14505521","14505832","chr19","53294783","53295094","39","38789262"
"chr16","14963701","14963999","chr17","85095165","85095468","39","70131464"
"chr16","15345085","15345261","chr4","39774934","39775110","21","24429849"
"chr16","15797468","15797749","chrX","36693904","36694182","36","20896436"
"chr16","15802397","15802707","chr2B","107373831","107374141","34","91571434"
"chr16","15893090","15893403","chr19","5859200","5859509","42","10033890"
"chr16","15923132","15923403","chr5","62494463","62494739","24","46571331"
"chr16","15947261","15947570","chr5","62521696","62522001","24","46574435"
"chr16","15973097","15973382","chr1","92652864","92653150","41","76679767"
"chr16","16004499","16004774","chr5","62578913","62579199","35","46574414"
"chr16","16022481","16022798","chr10","36119294","36119606","46","20096813"
"chr16","16074261","16074563","chr1","153367727","153368028","38","137293466"
"chr16","16198661","16198952","chr15","77941348","77941641","35","61742687"
"chr16","16227531","16227836","chr10","136766798","136767102","39","120539267"
"chr16","16260906","16261218","chr9","73963392","73963702","47","57702486"
"chr16","16291893","16292206","chr1","132554974","132555276","49","116263081"
"chr16","16396275","16396555","chr3","126053369","126053650","34","109657094"
"chr16","16473299","16473592","chr5","58287565","58287860","30","41814266"
"chr16","16481720","16482010","chr5","58287565","58287860","44","41805845"
"chr16","16571247","16571553","chr12","21276435","21276745","38","4705188"
"chr16","16708845","16709162","chr5","22049247","22049559","41","5340402"
"chr16","16816324","16816642","chr12","36414589","36414899","45","19598265"
"chr16","16838470","16838777","chr17","79404094","79404401","42","62565624"
"chr16","16841325","16841619","chr5","61494962","61495261","29","44653637"
"chr16","16912116","16912424","chr1","182138307","182138613","45","165226191"
"chr16","17041285","17041553","chr5","61293397","61293651","33","44252112"
"chr16","17042471","17042740","chr5","61293397","61293651","34","44250926"
"chr16","17053030","17053368","chr5","8586547","8586874","51","8466483"
"chr16","17077521","17077834","chr17","38608208","38608518","34","21530687"
"chr16","17106408","17106711","chrX","1440059","1440363","44","15666349"
"chr16","17188125","17188427","chr6","14456523","14456825","39","2731602"
"chr16","17250782","17251073","chr5","61078678","61078978","44","43827896"
"chr16","17254756","17254907","chr5","23448994","23449146","24","6194238"
"chr16","17321244","17321550","chr20","35582405","35582711","40","18261161"
"chr16","17344043","17344336","chr1","155014789","155015088","38","137670746"
"chr16","17589515","17589823","chr14","77304145","77304459","54","59714630"
"chr16","17625624","17625920","chr7","44506290","44506583","38","26880666"
"chr16","17696305","17696611","chr5","60662511","60662817","20","42966206"
"chr16","17708193","17708510","chr20","32211306","32211614","45","14503113"
"chr16","17891692","17892002","chr5","60472212","60472527","37","42580520"
"chr16","17914768","17914966","chr4","111252338","111252552","43","93337570"
"chr16","17943211","17943515","chr5","60420475","60420784","31","42477264"
"chr16","17991240","17991530","chrUn_CABD030131550v1","8094","8384","38","17983146"
"chr16","18010332","18010631","chr10","136766798","136767102","47","118756466"
"chr16","18063850","18064146","chr3","59635475","59635780","47","41571625"
"chr16","18161781","18162080","chr5","51774532","51774825","51","33612751"
"chr16","18164874","18165178","chr5","59977104","59977421","36","41812230"
"chr16","18211459","18211739","chr4","171953878","171954174","63","153742419"
"chr16","18371552","18371635","chr5","59764281","59764360","8","41392729"
"chr16","18379769","18379827","chr9","8115959","8116019","6","10263810"
"chr16","18398466","18398522","chr5","104789932","104789989","7","86391466"
"chr16","18400601","18400656","chr7","67535154","67535209","7","49134553"
"chr16","18437881","18438177","chr5","59583536","59583829","34","41145655"
"chr16","18577757","18578051","chr16","12186594","12186889","32","6391163"
"chr16","18686567","18686862","chr5","160987933","160988228","36","142301366"
"chr16","18713793","18714103","chr14","23916952","23917265","44","5203159"
"chr16","18731407","18731694","chr16","75771027","75771315","44","57039620"
"chr16","18900341","18900649","chr5","59089537","59089849","24","40189196"
"chr16","19095276","19095552","chr7","70128433","70128712","38","51033157"
"chr16","19096024","19096324","chr10","115595773","115596076","34","96499749"
"chr16","19143735","19144035","chr5","58840197","58840478","37","39696462"
"chr16","19156373","19156674","chr5","58828788","58829094","33","39672415"
"chr16","19166553","19166845","chr3","180191944","180192235","47","161025391"
"chr16","19365446","19365753","chr8","33426579","33426880","40","14061133"
"chr16","19392953","19393245","chr5","13187837","13188133","42","6205116"
"chr16","19426908","19427247","chr8","25754244","25754574","59","6327336"
"chr16","19503967","19504281","chr1","191149848","191150155","48","171645881"
"chr16","19818850","19819159","chr2B","56727034","56727344","30","36908184"
"chr16","19859607","19859899","chr11","100391768","100392065","31","80532161"
"chr16","19962939","19963253","chr3","58866049","58866355","38","38903110"
"chr16","20010515","20010819","chr16","48003749","48004056","37","27993234"
"chr16","20343469","20343772","chr5","15352472","15352776","48","4990997"
"chr16","20586314","20586633","chr2A","81177924","81178240","43","60591610"
"chr16","20814514","20814784","chr7","79822335","79822600","43","59007821"
"chr16","20904160","20904473","chr5","55975095","55975405","29","35070935"
"chr16","21244513","21244819","chr1","132729492","132729799","40","111484979"
"chr16","21272487","21272790","chr5","55578520","55578828","35","34306033"
"chr16","21563476","21563773","chr1","93824549","93824847","36","72261073"
"chr16","21602117","21602413","chr11","18571303","18571599","53","3030814"
"chr16","21633817","21634112","chr18","24104585","24104885","43","2470768"
"chr16","21641442","21641755","chr1","160753833","160754142","36","139112391"
"chr16","21991919","21992228","chr1","157261144","157261453","39","135269225"
"chr16","22042172","22042483","chr5","54822689","54822999","36","32780517"
"chr16","22121930","22122228","chr1","93824549","93824847","39","71702619"
"chr16","22124073","22124381","chr2A","79839508","79839818","45","57715435"
"chr16","22195062","22195346","chr12","128703897","128704179","60","106508835"
"chr16","22224231","22224539","chr8","145823123","145823430","37","123598892"
"chr16","22239909","22240147","chr10","112162079","112162304","38","89922170"
"chr16","22240460","22240537","chr12","64653402","64653480","19","42412942"
"chr16","22288314","22288609","chrX","36377332","36377627","47","14089018"
"chr16","22303841","22304150","chr1","43177069","43177374","46","20873228"
"chr16","22574345","22574640","chr5","51774532","51774825","33","29200187"
"chr16","22622443","22622762","chr3","2931636","2931947","41","19690807"
"chr16","22653049","22653347","chr19","15927697","15927997","39","6725352"
"chr16","22726308","22726553","chr5","121540721","121540963","49","98814413"
"chr16","22750080","22750396","chr20","13403253","13403563","39","9346827"
"chr16","22849951","22850256","chr7","2343083","2343385","43","20506868"
"chr16","22905094","22905394","chr1","51985183","51985483","35","29080089"
"chr16","23043227","23043531","chr5","53853270","53853566","37","30810043"
"chr16","23126830","23127139","chr17","38608208","38608518","39","15481378"
"chr16","23265616","23265897","chrX","15111185","15111467","30","8154431"
"chr16","23300025","23300314","chr16","12186594","12186889","51","11113431"
"chr16","23786866","23787163","chr7","111976753","111977051","34","88189887"
"chr16","23917262","23917544","chr5","52947827","52948119","32","29030565"
"chr16","24276696","24277002","chr5","52108974","52109283","29","27832278"
"chr16","24291458","24291756","chr10","85825877","85826175","29","61534419"
"chr16","24455879","24456187","chr5","51946268","51946572","40","27490389"
"chr16","24627062","24627364","chr5","51774532","51774825","33","27147470"
"chr16","24640043","24640341","chr4","161025537","161025837","44","136385494"
"chr16","24721856","24722164","chr10","45646188","45646499","38","20924332"
"chr16","24728993","24729297","chr2A","2036367","2036674","42","22692626"
"chr16","24732267","24732422","chr3","180313918","180314068","40","155581651"
"chr16","24748677","24748964","chr5","2683883","2684176","38","22064794"
"chr16","24834046","24834345","chr10","12632029","12632328","36","12202017"
"chr16","24853451","24853754","chr14","32972455","32972755","39","8119004"
"chr16","24876150","24876448","chr5","51540596","51540894","23","26664446"
"chr16","24883015","24883304","chr5","160987933","160988228","38","136104918"
"chr16","24910628","24910913","chr5","51507797","51508075","26","26597169"
"chr16","24936422","24936702","chr5","51485013","51485305","35","26548591"
"chr16","24975496","24975788","chr14","57944093","57944387","37","32968597"
"chr16","24991842","24992151","chr5","51428040","51428344","31","26436198"
"chr16","25026267","25026562","chr3","182480373","182480663","46","157454106"
"chr16","25036648","25036908","chr12","35696479","35696740","38","10659831"
"chr16","25050895","25051182","chr5","16280399","16280695","45","8770496"
"chr16","25114112","25114364","chr12","82185199","82185449","41","57071087"
"chr16","25115843","25116136","chr16","27214688","27214991","43","2098845"
"chr16","25212062","25212363","chr1","24624462","24624771","44","587600"
"chr16","25224098","25224401","chr1","194446199","194446496","41","169222101"
"chr16","25275167","25275478","chr5","52426313","52426625","38","27151146"
"chr16","25435148","25435458","chr5","51098390","51098696","29","25663242"
"chr16","25568053","25568350","chr5","50971231","50971535","36","25403178"
"chr16","25593318","25593436","chr5","117795562","117795676","13","92202244"
"chr16","25665700","25665995","chr1","27021093","27021389","46","1355393"
"chr16","25669772","25670084","chr12","28716554","28716863","35","3046782"
"chr16","26133604","26133913","chr1","142335679","142335988","35","116202075"
"chr16","26519138","26519442","chr5","50005544","50005851","41","23486406"
"chr16","27499697","27500000","chr11","107724673","107724990","61","80224976"
"chr16","27548069","27548382","chr8","101877602","101877912","42","74329533"
"chr16","27720912","27721220","chr5","22049247","22049559","35","5671665"
"chr16","27852725","27853008","chr5","48597575","48597854","37","20744850"
"chr16","27988634","27988931","chrX","151107989","151108296","43","123119355"
"chr16","28041551","28041860","chr5","48395103","48395397","36","20353552"
"chr16","28064116","28064422","chr5","40668482","40668789","40","12604366"
"chr16","28141544","28141846","chr9","59842059","59842366","45","31700515"
"chr16","28145694","28145989","chr3","101389533","101389827","45","73243839"
"chr16","28200430","28200731","chr15","42141648","42141949","42","13941218"
"chr16","28249583","28249888","chr5","160987933","160988228","45","132738350"
"chr16","28353489","28353784","chr5","48067865","48068163","33","19714376"
"chr16","28536471","28536789","chr5","47892455","47892775","40","19355984"
"chr16","28583538","28583838","chr9","67126783","67127082","41","38543245"
"chr16","28598297","28598605","chr1","100887646","100887952","32","72289349"
"chr16","28739029","28739340","chr5","47645345","47645647","34","18906316"
"chr16","28759374","28759659","chr19","3472325","3472614","47","25287049"
"chr16","28863692","28863947","chr12","35696479","35696740","38","6832787"
"chr16","28963190","28963495","chr5","47421857","47422159","26","18458667"
"chr16","28998772","28999043","chrX","119746098","119746358","46","90747326"
"chr16","29091090","29091398","chr11","27442623","27442932","42","1648467"
"chr16","29101011","29101286","chr19","12883061","12883346","44","16217950"
"chr16","29113725","29113976","chr17","94417579","94417841","53","65303854"
"chr16","29321354","29321666","chr14","20972619","20972931","37","8348735"
"chr16","29420933","29421232","chr12","3105971","3106266","37","26314962"
"chr16","29431516","29431805","chr15","1607598","1607893","41","27823918"
"chr16","29442008","29442323","chr15","69276871","69277183","45","39834863"
"chr16","29525568","29525847","chr15","5166259","5166547","44","24359309"
"chr16","29528999","29529321","chr3","48314069","48314391","39","18785070"
"chr16","29608257","29608556","chr1","129673639","129673931","36","100065382"
"chr16","29626177","29626477","chr13","33361251","33361548","37","3735074"
"chr16","29656532","29656846","chr12","127194963","127195276","33","97538431"
"chr16","29954641","29954964","chr2A","21134848","21135157","49","8819793"
"chr16","30009491","30009790","chr5","34981033","34981329","31","4971542"
"chr16","30034181","30034487","chr6","35622489","35622796","32","5588308"
"chr16","30196272","30196582","chr21","23748714","23749027","33","6447558"
"chr16","30197271","30197571","chr2B","125039405","125039704","30","94842134"
"chr16","30258036","30258314","chr13","88530869","88531139","46","58272833"
"chr16","30280825","30281137","chr12","119262768","119263080","38","88981943"
"chr16","30292046","30292353","chr7","134871506","134871819","41","104579460"
"chr16","30320769","30321045","chr13","1350612","1350896","41","28970157"
"chr16","30410591","30410692","chr8","126093872","126093963","26","95683281"
"chr16","30474907","30475200","chr5","34529953","34530245","24","4055046"
"chr16","30732271","30732581","chr15","37451080","37451392","43","6718809"
"chr16","30779257","30779566","chr8","30072940","30073247","45","706317"
"chr16","30885553","30885842","chr5","5487375","5487672","44","25398178"
"chr16","30888687","30888920","chr5","34103619","34103840","25","3214932"
"chr16","31000001","31000249","chr1","158525902","158526148","37","127525901"
"chr16","31064162","31064478","chr1","109323755","109324067","45","78259593"
"chr16","31273916","31274214","chr22","34538362","34538671","37","3264446"
"chr16","31363699","31364001","chr1","100887646","100887952","29","69523947"
"chr16","31726189","31726501","chr1","191149848","191150155","39","159423659"
"chr16","31732577","31732875","chr5","33254275","33254574","34","1521698"
"chr16","31737713","31738025","chr5","162326402","162326716","46","130588689"
"chr16","31765888","31766189","chr1","210595639","210595937","36","178829751"
"chr16","31951397","31951718","chr4","106451241","106451549","56","74499844"
"chr16","31963870","31964163","chr19","54938785","54939079","38","22974915"
"chr16","32012073","32012383","chr20","35582405","35582711","34","3570332"
"chr16","32042253","32042562","chrX","97594986","97595289","32","65552733"
"chr16","32305212","32305353","chr5","32609926","32610071","12","304714"
"chr16","32512600","32512894","chr3","156158083","156158375","42","123645483"
"chr16","32614427","32614728","chr3","1251656","1251959","37","31362771"
"chr16","32683913","32684204","chrX","54732807","54733103","55","22048894"
"chr16","32688704","32688996","chr19","48188347","48188636","47","15499643"
"chr16","32781047","32781338","chr5","32132329","32132630","41","648718"
"chr16","32944034","32944271","chr6","75422722","75422964","47","42478688"
"chr16","33571509","33571687","chr19","2974694","2974872","29","30596815"
"chr16","33685595","33685916","chr5","31317094","31317395","52","2368501"
"chr16","34320153","34320466","chr7","134871506","134871819","43","100551353"
"chr16","34896372","34896677","chr11","61980729","61981038","45","27084357"
"chr16","35380138","35380433","chr9","70252230","70252529","31","34872092"
"chr16","35446169","35446405","chr5","3938706","3938966","63","31507463"
"chr16","36000416","36000681","chr1","147628416","147628684","44","111628000"
"chr16","36212763","36213063","chr5","28286551","28286862","41","7926212"
"chr16","36534552","36534865","chr5","27962813","27963121","27","8571739"
"chr16","36571244","36571565","chr9","12114478","12114795","51","24456766"
"chr16","36970550","36970863","chr10","140604064","140604370","38","103633514"
"chr16","37334502","37334818","chr5","26969980","26970283","41","10364522"
"chr16","37342855","37343175","chr19","1441658","1441965","57","35901197"
"chr16","37789248","37789523","chr5","18877170","18877444","44","18912078"
"chr16","37961951","37962267","chr2A","21134848","21135157","35","16827103"
"chr16","37993822","37994105","chr2B","128845658","128845947","41","90851836"
"chr16","38051414","38051696","chr5","117859800","117860087","39","79808386"
"chr16","38171903","38172206","chr5","26135906","26136209","27","12035997"
"chr16","38347728","38348037","chr5","25962771","25963081","26","12384957"
"chr16","38489032","38489336","chr7","36197569","36197873","39","2291463"
"chr16","38632167","38632464","chr5","25671437","25671735","31","12960730"
"chr16","38785818","38786133","chr4","198295008","198295316","33","159509190"
"chr16","38857706","38858018","chr5","1202797","1203110","40","37654909"
"chr16","39221081","39221382","chr4","197519800","197520092","38","158298719"
"chr16","39331740","39332032","chr5","24983417","24983709","27","14348323"
"chr16","39363701","39363993","chr16","12186594","12186889","37","27177107"
"chr16","39375113","39375423","chr3","2931636","2931947","30","36443477"
"chr16","39493064","39493367","chrX","74427130","74427438","39","34934066"
"chr16","39510224","39510505","chr18","20982360","20982647","41","18527864"
"chr16","39526464","39526779","chrX","51034227","51034538","38","11507763"
"chr16","39584616","39584910","chrX","36406749","36407049","43","3177867"
"chr16","39586734","39587046","chr2B","65741490","65741803","38","26154756"
"chr16","39587984","39588291","chr19","5859200","5859509","39","33728784"
"chr16","39626852","39627152","chr5","9822039","9822337","50","29804813"
"chr16","39659201","39659449","chr3","33206838","33207079","46","6452363"
"chr16","39676040","39676341","chr4","37953476","37953776","54","1722564"
"chr16","39679580","39679866","chr1","23083897","23084189","39","16595683"
"chr16","39735821","39736112","chr5","24540514","24540805","25","15195307"
"chr16","39993191","39993498","chr10","136766798","136767102","42","96773607"
"chr16","40003578","40003878","chr9","67126783","67127082","32","27123205"
"chr16","40021655","40021950","chr1","27021093","27021389","33","13000562"
"chr16","40053675","40053988","chr7","127657301","127657615","36","87603626"
"chr16","40055157","40055458","chr10","136766798","136767102","39","96711641"
"chr16","40079274","40079571","chr5","36374695","36374994","37","3704579"
"chr16","40127900","40128204","chr1","100887646","100887952","39","60759746"
"chr16","40139252","40139567","chr5","138499454","138499768","52","98360202"
"chr16","40161160","40161468","chr7","18509561","18509873","42","21651599"
"chr16","40176028","40176324","chr5","24094550","24094847","30","16081478"
"chr16","40221013","40221323","chr3","2931636","2931947","34","37289377"
"chr16","40263712","40264011","chr2A","79839508","79839818","44","39575796"
"chr16","40334593","40334924","chr19","15918497","15918807","61","24416096"
"chr16","40337502","40337816","chr10","118065990","118066302","42","77728488"
"chr16","40433703","40433990","chr6","39058088","39058377","36","1375615"
"chr16","40470752","40471061","chr9","70252230","70252529","50","29781478"
"chr16","40501692","40501896","chr6","161107944","161108165","40","120606252"
"chr16","40667660","40667957","chr5","23601503","23601802","23","17066157"
"chr16","40672204","40672505","chr5","23595371","23595677","22","17076833"
"chr16","40673399","40673566","chr1","53417441","53417605","23","12744042"
"chr16","40717611","40717988","chr8","86144600","86144967","95","45426989"
"chr16","40724391","40724700","chr9","74575275","74575588","44","33850884"
"chr16","40773876","40774179","chr5","23499181","23499485","23","17274695"
"chr16","40893757","40893845","chr1","107670400","107670487","10","66776643"
"chr16","40916783","40917082","chr2A","31692393","31692699","41","9224390"
"chr16","40998158","40998460","chr5","21142956","21143257","36","19855202"
"chr16","41054826","41055135","chr7","130411286","130411597","33","89356460"
"chr16","41072283","41072595","chr3","53283944","53284251","37","12211661"
"chr16","41073064","41073369","chr1","100887646","100887952","37","59814582"
"chr16","41194176","41194479","chr10","136766798","136767102","33","95572622"
"chr16","41245171","41245459","chr5","21378959","21379269","43","19866212"
"chr16","41271758","41272044","chr5","21405727","21406012","29","19866031"
"chr16","41285907","41286214","chr5","21420813","21421128","41","19865094"
"chr16","41290322","41290619","chr10","117071045","117071342","29","75780723"
"chr16","41343263","41343543","chr1","154799917","154800192","43","113456654"
"chr16","41522266","41522581","chr3","12041820","12042133","43","29480446"
"chr16","41551038","41551363","chr5","162326402","162326716","42","120775364"
"chr16","41566536","41566830","chr5","21704825","21705121","29","19861711"
"chr16","41637328","41637621","chr9","67126783","67127082","38","25489455"
"chr16","41736869","41737017","chr17","8148578","8148726","15","33588291"
"chr16","41794613","41794928","chr7","36892518","36892804","83","4902095"
"chr16","41930447","41930759","chr5","22049247","22049559","21","19881200"
"chr16","41940572","41940718","chr16","71089169","71089311","28","29148597"
"chr16","42151751","42152046","chr1","144529989","144530282","40","102378238"
"chr16","42166360","42166638","chr11","39445585","39445851","62","2720775"
"chr16","42347205","42347513","chr4","121173062","121173363","38","78825857"
"chr16","42365030","42365319","chr5","22452184","22452480","34","19912846"
"chr16","42400298","42400568","chr6","17737003","17737290","51","24663295"
"chr16","42421263","42421563","chr5","45856163","45856467","34","3434900"
"chr16","42423897","42424199","chr6","42731113","42731410","40","307216"
"chr16","42457626","42457921","chr12","59907829","59908121","32","17450203"
"chr16","42483819","42484114","chr5","22588563","22588857","24","19895256"
"chr16","42560212","42560503","chr18","48522988","48523281","48","5962776"
"chr16","42562912","42563214","chr5","22671134","22671437","30","19891778"
"chr16","42565240","42565511","chr20","44489089","44489370","49","1923849"
"chr16","42610333","42610647","chr5","22715313","22715618","35","19895020"
"chr16","42661473","42661774","chr5","22768845","22769144","29","19892628"
"chr16","42685129","42685412","chr5","22790257","22790545","30","19894872"
"chr16","42689418","42689720","chr10","121813796","121814102","35","79124378"
"chr16","42692937","42693207","chr5","22800995","22801292","51","19891942"
"chr16","43017872","43018118","chr10","102076588","102076842","40","59058716"
"chr16","43129743","43130043","chr5","45856163","45856467","42","2726420"
"chr16","43145232","43145322","chrX","111811533","111811626","24","68666301"
"chr16","43145628","43145671","chr13","61473070","61473106","14","18327442"
"chr16","43145706","43145859","chr12","133208374","133208523","22","90062668"
"chr16","43196227","43196519","chr6","54669996","54670289","40","11473769"
"chr16","43284453","43284694","chr16","61072847","61073094","41","17788394"
"chr16","43605165","43605461","chr5","46405000","46405294","34","2799835"
"chr16","43656124","43656424","chr1","17314806","17315107","42","26341318"
"chr16","43659066","43659359","chr1","24189834","24190118","40","19469232"
"chr16","43791502","43791812","chr17","79404094","79404401","37","35612592"
"chr16","44046974","44047272","chr16","12186594","12186889","35","31860380"
"chr16","44059221","44059531","chr20","35582405","35582711","43","8476816"
"chr16","44059542","44059841","chr2B","99512257","99512553","38","55452715"
"chr16","44075382","44075693","chr13","39054279","39054591","44","5021103"
"chr16","44102384","44102695","chr3","2931636","2931947","36","41170748"
"chr16","44113877","44114172","chr9","87736194","87736488","28","43622317"
"chr16","44397560","44397868","chr12","36868344","36868657","32","7529216"
"chr16","44419264","44419562","chrX","36406749","36407049","33","8012515"
"chr16","44697668","44697953","chr5","51774532","51774825","55","7076864"
"chr16","44699048","44699357","chr16","43800527","43800838","34","898521"
"chr16","44707757","44708060","chr5","35838683","35838966","39","8869074"
"chr16","44788413","44788727","chr4","95082750","95083064","40","50294337"
"chr16","44849767","44850067","chr1","144529989","144530282","39","99680222"
"chr16","44851204","44851350","chr1","129377168","129377305","44","84525964"
"chr16","44851423","44851558","chr4","39775418","39775553","15","5076005"
"chr16","44855575","44855865","chr17","59104636","59104927","28","14249061"
"chr16","44886838","44887136","chr1","55546422","55546720","37","10659584"
"chr16","45098426","45098719","chr12","59907829","59908121","36","14809403"
"chr16","45235831","45236128","chr5","44887592","44887888","15","348239"
"chr16","45402505","45402820","chr5","44709124","44709441","31","693381"
"chr16","45455799","45456059","chr12","76915481","76915745","45","31459682"
"chr16","45469321","45469618","chr19","1237059","1237361","57","44232262"
"chr16","45471393","45471533","chr5","44643526","44643659","25","827867"
"chr16","45586790","45587102","chr7","76735395","76735710","43","31148605"
"chr16","45606950","45607260","chr10","45646188","45646499","50","39238"
"chr16","45619271","45619575","chr3","188271553","188271856","36","142652282"
"chr16","45625924","45626238","chr2A","10355583","10355893","35","35270341"
"chr16","45646797","45647114","chr14","23916952","23917265","42","21729845"
"chr16","45665715","45666027","chr2B","111404497","111404812","46","65738782"
"chr16","45780944","45781240","chr13","34006475","34006766","35","11774469"
"chr16","45821786","45822095","chr20","13403253","13403563","44","32418533"
"chr16","45837364","45837666","chr5","45856163","45856467","39","18799"
"chr16","45887366","45887677","chr20","55450421","55450733","40","9563055"
"chr16","45888886","45889193","chrX","41587872","41588178","34","4301014"
"chr16","45925404","45925706","chr15","19038608","19038907","44","26886796"
"chr16","45983144","45983426","chr2B","116080749","116081038","59","70097605"
"chr16","45984041","45984359","chr7","127657301","127657615","43","81673260"
"chr16","46057532","46057829","chr5","160987933","160988228","43","114930401"
"chr16","46063144","46063454","chrX","41587872","41588178","30","4475272"
"chr16","46085271","46085356","chr8","126093872","126093963","16","80008601"
"chr16","46115851","46116183","chr1","54464452","54464778","50","8348601"
"chr16","46161623","46161911","chr19","16298872","16299156","36","29862751"
"chr16","46168836","46169130","chr5","51774532","51774825","46","5605696"
"chr16","46171761","46172052","chr2A","59985648","59985942","30","13813887"
"chr16","46236194","46236474","chr1","24189834","24190118","34","22046360"
"chr16","46342909","46343206","chr13","31463447","31463746","39","14879462"
"chr16","46440955","46441105","chr16","2682092","2682244","20","43758863"
"chr16","46442061","46442357","chr8","78695489","78695787","36","32253428"
"chr16","46531078","46531356","chrX","53905652","53905923","44","7374574"
"chr16","46585692","46586009","chr10","101337366","101337681","41","54751674"
"chr16","46647205","46647260","chr7","67535154","67535209","6","20887949"
"chr16","46726130","46726422","chr19","29320216","29320509","39","17405914"
"chr16","46866007","46866302","chr5","43308984","43309280","30","3557023"
"chr16","46880870","46881034","chr19","52939529","52939692","27","6058659"
"chr16","46895029","46895337","chr1","193093295","193093604","40","146198266"
"chr16","46912633","46912943","chrX","41587872","41588178","44","5324761"
"chr16","46956723","46957020","chr9","95769733","95770031","37","48813010"
"chr16","47097501","47097810","chr5","43073050","43073359","33","4024451"
"chr16","47233340","47233625","chr1","46826086","46826382","45","407254"
"chr16","47387124","47387461","chr1","54464452","54464778","52","7077328"
"chr16","47596636","47596943","chr9","106694000","106694311","39","59097364"
"chr16","47620206","47620510","chrX","51034227","51034538","37","3414021"
"chr16","47768586","47768897","chr10","36119294","36119606","38","11649292"
"chr16","48102268","48102422","chr1","92921912","92922068","24","44819644"
"chr16","48104924","48105236","chr5","42013495","42013804","31","6091429"
"chr16","48314449","48314760","chr7","75795144","75795454","38","27480695"
"chr16","48379334","48379634","chr5","41701618","41701917","21","6677716"
"chr16","48415654","48415967","chr2B","99158092","99158401","36","50742438"
"chr16","48511136","48511437","chr3","135591702","135592003","32","87080566"
"chr16","48511938","48512106","chrX","123723452","123723622","25","75211514"
"chr16","48588658","48588806","chr5","23448994","23449146","27","25139664"
"chr16","48590116","48590427","chr20","35582405","35582711","35","13007711"
"chr16","48662101","48662427","chr5","41413729","41414064","47","7248372"
"chr16","48757776","48758089","chr5","41309141","41309447","39","7448635"
"chr16","48965874","48966184","chr13","62764436","62764745","39","13798562"
"chr16","49041504","49041787","chr1","144529989","144530282","40","95488485"
"chr16","49101177","49101488","chr5","40962911","40963209","38","8138266"
"chr16","49102767","49103060","chr20","37679736","37680025","49","11423031"
"chr16","49164737","49165039","chr22","13060633","13060933","34","36104104"
"chr16","49173867","49174169","chr5","40891019","40891317","40","8282848"
"chr16","49201191","49201492","chr7","72899498","72899802","34","23698307"
"chr16","49227797","49228106","chr10","86782884","86783195","37","37555087"
"chr16","49228636","49228909","chr8","130516313","130516591","46","81287677"
"chr16","49264327","49264627","chr9","67126783","67127082","44","17862456"
"chr16","49317678","49317841","chr5","117639202","117639368","22","68321524"
"chr16","49395547","49395844","chr3","44201954","44202252","33","5193593"
"chr16","49417913","49418223","chr9","76386059","76386365","42","26968146"
"chr16","49427194","49427490","chr5","40631776","40632074","41","8795418"
"chr16","49427799","49428111","chr20","55450421","55450733","39","6022622"
"chr16","49507150","49507458","chr5","40547448","40547749","24","8959702"
"chr16","49529686","49529980","chr5","40527212","40527505","26","9002474"
"chr16","49539333","49539643","chr5","40516703","40517010","34","9022630"
"chr16","49599859","49600161","chr3","72568748","72569050","46","22968889"
"chr16","49617610","49617893","chr1","43285936","43286205","59","6331674"
"chr16","49651322","49651623","chr9","67126783","67127082","36","17475461"
"chr16","49717672","49717979","chr1","100887646","100887952","37","51169974"
"chr16","49763791","49764076","chr19","3472325","3472614","44","46291466"
"chr16","49775711","49775829","chr5","40279998","40280119","9","9495713"
"chr16","49821687","49821979","chr6","169689147","169689442","36","119867460"
"chr16","50009016","50009295","chr17","85184470","85184751","38","35175454"
"chr16","50053050","50053277","chr16","50754893","50755126","32","701843"
"chr16","50087794","50088091","chr13","33361251","33361548","33","16726543"
"chr16","50127259","50127569","chr5","39930575","39930888","27","10196684"
"chr16","50144901","50144963","chr5","33177321","33177383","9","16967580"
"chr16","50144984","50145263","chr1","24189834","24190118","73","25955150"
"chr16","50260640","50260939","chr5","39782854","39783154","17","10477786"
"chr16","50377938","50378236","chr4","161025537","161025837","38","110647599"
"chr16","50395857","50396162","chr5","39623588","39623897","36","10772269"
"chr16","50440099","50440393","chr9","58621019","58621320","44","8180920"
"chr16","50527710","50528017","chr18","32989823","32990134","48","17537887"
"chr16","50611030","50611327","chr3","127326660","127326956","33","76715630"
"chr16","50660936","50661237","chr5","39364453","39364757","28","11296483"
"chr16","50670479","50670781","chr5","39356164","39356465","21","11314315"
"chr16","50828429","50828746","chr1","194446199","194446496","63","143617770"
"chr16","50857335","50857641","chr16","43413176","43413481","45","7444159"
"chr16","50879517","50879812","chr5","39152423","39152718","27","11727094"
"chr16","51024558","51024825","chr10","86865957","86866245","57","35841399"
"chr16","51080748","51081042","chr2B","99512257","99512553","31","48431509"
"chr16","51095526","51095830","chr5","38933401","38933717","34","12162125"
"chr16","51355304","51355592","chr5","38661105","38661412","40","12694199"
"chr16","51404869","51405155","chr7","70128433","70128712","38","18723564"
"chr16","51414181","51414484","chr10","142970684","142970982","36","91556503"
"chr16","51521188","51521490","chr6","39813718","39814020","33","11707470"
"chr16","51529157","51529457","chr9","13019619","13019916","39","38509538"
"chr16","51555313","51555625","chr20","30120028","30120336","37","21435285"
"chr16","51582569","51582884","chr15","67619999","67620309","44","16037430"
"chr16","51596404","51596671","chr5","38416924","38417184","32","13179480"
"chr16","51633829","51634069","chr16","50754893","50755126","44","878936"
"chr16","51773453","51773746","chr5","38236007","38236297","32","13537446"
"chr16","51936507","51936789","chr14","56751905","56752203","45","4815398"
"chr16","51946709","51946886","chr12","29063562","29063741","29","22883147"
"chr16","51958328","51958656","chr6","172892387","172892713","42","120934059"
"chr16","52101920","52102135","chr7","144191527","144191741","45","92089607"
"chr16","52140272","52140576","chr1","161222414","161222718","41","109082142"
"chr16","52159931","52160230","chr3","200664126","200664415","37","148504195"
"chr16","52273383","52273699","chr19","18263442","18263752","38","34009941"
"chr16","52307591","52307902","chr3","187177539","187177847","33","134869948"
"chr16","52312125","52312433","chr7","67221601","67221904","36","14909476"
"chr16","52319800","52320077","chr8","77218976","77219261","49","24899176"
"chr16","52375841","52376150","chr1","100887646","100887952","36","48511805"
"chr16","52433411","52433722","chr1","31656307","31656617","36","20777104"
"chr16","52482639","52482945","chr5","36664566","36664877","31","15818073"
"chr16","52485394","52485705","chr17","79404094","79404401","39","26918700"
"chr16","52534597","52534870","chrX","47378035","47378310","37","5156562"
"chr16","52552236","52552538","chr2A","21134848","21135157","41","31417388"
"chr16","52591608","52591919","chr9","108723849","108724158","38","56132241"
"chr16","52613880","52614107","chr17","58068588","58068815","30","5454708"
"chr16","52713500","52713815","chr14","77304145","77304459","42","24590645"
"chr16","52722596","52722894","chr5","152478996","152479296","38","99756400"
"chr16","53078414","53078729","chr12","119262768","119263080","37","66184354"
"chr16","53169094","53169394","chr1","86568052","86568344","60","33398958"
"chr16","53250932","53251068","chrX","2025222","2025357","20","51225710"
"chr16","53260902","53261199","chr5","37243527","37243822","28","16017375"
"chr16","53264346","53264643","chr13","12804911","12805215","35","40459435"
"chr16","53416014","53416326","chr17","79404094","79404401","49","25988080"
"chr16","53529003","53529297","chr19","12883061","12883346","42","40645942"
"chr16","53569142","53569415","chr18","49658543","49658827","45","3910599"
"chr16","53749991","53750280","chr19","33970963","33971252","41","19779028"
"chr16","53761661","53761953","chr5","160987933","160988228","32","107226272"
"chr16","53951277","53951581","chr7","29021792","29022096","37","24929485"
"chr16","54184311","54184615","chr9","78896161","78896464","32","24711850"
"chr16","54228799","54229095","chr5","36374695","36374994","30","17854104"
"chr16","54281161","54281414","chr5","20856959","20857224","24","33424202"
"chr16","54283744","54284055","chr4","195335628","195335940","35","141051884"
"chr16","54299404","54299683","chr11","48164722","48165003","36","6134682"
"chr16","54324960","54325240","chr9","67862211","67862493","41","13537251"
"chr16","54336892","54337181","chr7","127903679","127903969","20","73566787"
"chr16","54377430","54377741","chr3","2931636","2931947","37","51445794"
"chr16","54465474","54465766","chr4","193440825","193441116","31","138975351"
"chr16","54584845","54585139","chr5","20546268","20546573","34","34038577"
"chr16","54602086","54602398","chr14","34284807","34285111","38","20317279"
"chr16","54641384","54641674","chr13","33361251","33361548","40","21280133"
"chr16","54654780","54655095","chr1","132729492","132729799","39","78074712"
"chr16","54805594","54805889","chr1","144529989","144530282","38","89724395"
"chr16","54856192","54856496","chr9","59842059","59842366","34","4985867"
"chr16","54876210","54876499","chr5","20256093","20256398","32","34620117"
"chr16","54902766","54903046","chr5","20228175","20228457","38","34674591"
"chr16","54916531","54916843","chr12","21276435","21276745","35","33640096"
"chr16","55254192","55254493","chrX","3079541","3079844","33","52174651"
"chr16","55317729","55318021","chr2A","75137163","75137453","39","19819434"
"chr16","55320065","55320378","chr3","2931636","2931947","42","52388429"
"chr16","55353402","55353706","chr5","19757375","19757685","30","35596027"
"chr16","55369121","55369433","chr15","67619999","67620309","38","12250878"
"chr16","55579277","55579585","chr5","19541472","19541772","31","36037805"
"chr16","55580009","55580309","chr8","78187658","78187954","47","22607649"
"chr16","55709607","55709919","chr7","2275267","2275574","45","53434340"
"chr16","55820988","55821293","chr4","113397886","113398184","43","57576898"
"chr16","55921225","55921506","chr1","24189834","24190118","35","31731391"
"chr16","55969709","55970018","chr5","19123895","19124206","30","36845814"
"chr16","56060532","56060833","chr4","40078992","40079285","36","15981540"
"chr16","56131745","56132053","chr1","132554974","132555276","39","76423229"
"chr16","56174403","56174702","chr5","18918499","18918801","34","37255904"
"chr16","56218228","56218532","chr5","154317760","154318060","45","98099532"
"chr16","56218758","56219062","chr4","198798700","198799005","43","142579942"
"chr16","56230136","56230449","chr6","32378353","32378664","44","23851783"
"chr16","56300583","56300905","chr3","49274363","49274680","41","7026220"
"chr16","56359900","56360201","chr5","18712770","18713066","30","37647130"
"chr16","56379469","56379737","chr1","206392101","206392374","42","150012632"
"chr16","56495325","56495608","chr9","94919935","94920225","45","38424610"
"chr16","56538743","56539043","chr1","38451526","38451829","42","18087217"
"chr16","56581671","56581951","chr5","141817542","141817822","35","85235871"
"chr16","56594497","56594780","chrX","108626661","108626941","29","52032164"
"chr16","56681985","56682289","chr3","40149289","40149590","37","16532696"
"chr16","56740929","56741232","chr5","18134026","18134324","29","38606903"
"chr16","56980760","56981072","chr19","53294783","53295094","45","3685977"
"chr16","57018369","57018628","chrX","134562038","134562303","34","77543669"
"chr16","57123267","57123566","chr3","124158104","124158407","35","67034837"
"chr16","57147445","57147744","chr5","17722595","17722897","39","39424850"
"chr16","57250824","57251135","chr15","18246269","18246581","40","39004555"
"chr16","57254885","57255200","chr15","27254709","27255019","46","30000176"
"chr16","57303360","57303655","chr1","27021093","27021389","31","30282267"
"chr16","57312863","57313170","chr12","8893890","8894193","44","48418973"
"chr16","57920106","57920396","chr17","59104636","59104927","35","1184530"
"chr16","57964733","57965037","chr1","132554974","132555276","38","74590241"
"chr16","57990787","57991089","chr2A","21134848","21135157","42","36855939"
"chr16","58009329","58009627","chr5","16838265","16838562","24","41171064"
"chr16","58016096","58016382","chr5","16831558","16831844","24","41184538"
"chr16","58041979","58042293","chr5","16806327","16806643","22","41235652"
"chr16","58076410","58076730","chr17","24583359","24583669","42","33493051"
"chr16","58150240","58150561","chr5","162326402","162326716","55","104176162"
"chr16","58154123","58154402","chr1","158246664","158246936","34","100092541"
"chr16","58177821","58178119","chr19","44629779","44630076","49","13548042"
"chr16","58187034","58187334","chr17","81504650","81504947","29","23317616"
"chr16","58249787","58250093","chr16","9190501","9190812","39","49059286"
"chr16","58269705","58270033","chr1","121230118","121230445","56","62960413"
"chr16","58411302","58411591","chrX","104207361","104207661","43","45796059"
"chr16","58413180","58413470","chr5","16417078","16417380","40","41996102"
"chr16","58448806","58449089","chr9","115970096","115970371","43","57521290"
"chr16","58489084","58489383","chr1","153367727","153368028","38","94878643"
"chr16","58747776","58748089","chr5","16086328","16086636","32","42661448"
"chr16","58857309","58857619","chr5","15976556","15976865","35","42880753"
"chr16","58916686","58916997","chr22","19766314","19766620","40","39150372"
"chr16","58963834","58964133","chr5","15729911","15730219","40","43233923"
"chr16","59137233","59137543","chr4","198295008","198295316","36","139157775"
"chr16","59251061","59251365","chr7","29021792","29022096","42","30229269"
"chr16","59258332","59258592","chr12","76915481","76915745","40","17657149"
"chr16","59262994","59263319","chr14","74198044","74198357","48","14935050"
"chr16","59292722","59293022","chr1","98765905","98766208","40","39473183"
"chr16","59309641","59309823","chr14","38934062","38934237","48","20375579"
"chr16","59317893","59318188","chr1","185054973","185055268","39","125737080"
"chr16","59347848","59348156","chr15","15953416","15953728","59","43394432"
"chr16","59500783","59500853","chr6","5084853","5084921","34","54415930"
"chr16","59500997","59501249","chr1","20720498","20720748","40","38780499"
"chr16","59517101","59517386","chr6","119801731","119802029","52","60284630"
"chr16","59526179","59526365","chr4","39774934","39775110","33","19751245"
"chr16","59534559","59534847","chr2A","59985648","59985942","43","451089"
"chr16","59619533","59619797","chr12","111244942","111245199","43","51625409"
"chr16","59667387","59667699","chr2A","10355583","10355893","40","49311804"
"chr16","59751797","59752098","chr17","38608208","38608518","44","21143589"
"chr16","59946927","59947222","chr5","14651525","14651825","41","45295402"
"chr16","60018779","60019014","chr16","10620684","10620913","33","49398095"
"chr16","60100348","60100655","chr20","35582405","35582711","34","24517943"
"chr16","60115743","60115931","chr4","47230309","47230475","48","12885434"
"chr16","60116509","60116644","chr13","1465874","1466004","21","58650635"
"chr16","60222538","60222845","chr1","130106457","130106756","50","69883919"
"chr16","60312868","60313185","chr1","134763713","134764022","47","74450845"
"chr16","60829736","60830042","chr19","18263442","18263752","36","42566294"
"chr16","60849280","60849579","chr5","13654454","13654747","36","47194826"
"chr16","60894898","60895202","chr17","8465111","8465410","36","52429787"
"chr16","60919871","60920175","chr5","13600175","13600479","22","47319696"
"chr16","60951375","60951694","chr6","160674779","160675089","44","99723404"
"chr16","61283422","61283727","chr5","13187837","13188133","29","48095585"
"chr16","61311865","61312167","chr5","13160492","13160798","28","48151373"
"chr16","61781562","61781875","chr2B","107373831","107374141","33","45592269"
"chr16","61811016","61811300","chr15","44703221","44703496","49","17107795"
"chr16","61962904","61963207","chr5","164254660","164254957","45","102291756"
"chr16","62071509","62071829","chr5","12387935","12388257","29","49683574"
"chr16","62295512","62295650","chr4","47228875","47229017","24","15066637"
"chr16","62366225","62366534","chr5","12081683","12081986","32","50284542"
"chr16","62379580","62379886","chr5","12064337","12064644","28","50315243"
"chr16","62932228","62932511","chr4","37239708","37239991","41","25692520"
"chr16","62979531","62979838","chr2A","21134848","21135157","40","41844683"
"chr16","63104478","63104797","chr2A","10355583","10355893","41","52748895"
"chr16","63157471","63157770","chr1","194446199","194446496","34","131288728"
"chr16","63520857","63521169","chr5","10939995","10940308","30","52580862"
"chr16","63590774","63591088","chr5","10868671","10868985","25","52722103"
"chr16","63706640","63706940","chr3","44201954","44202252","46","19504686"
"chr16","63909250","63909546","chr1","45157923","45158217","34","18751327"
"chr16","64152799","64153112","chr14","61567729","61568037","36","2585070"
"chr16","64181354","64181667","chr4","198295008","198295316","38","134113654"
"chr16","64195940","64196239","chr1","10106309","10106608","32","54089631"
"chr16","64313115","64313421","chr1","100887646","100887952","39","36574531"
"chr16","64408840","64409143","chr5","10040170","10040475","42","54368670"
"chr16","64483595","64483889","chr20","36320473","36320769","44","28163122"
"chr16","64564407","64564702","chr17","9644327","9644622","29","54920080"
"chr16","64574448","64574759","chrX","97038467","97038780","33","32464019"
"chr16","64580047","64580341","chr1","193042953","193043246","42","128462906"
"chr16","64619264","64619573","chr9","49179839","49180145","43","15439425"
"chr16","64690403","64690712","chr17","23676558","23676864","38","41013845"
"chr16","64737824","64738140","chr11","49870738","49871052","38","14867086"
"chr16","64738974","64739285","chr15","67619999","67620309","38","2881025"
"chr16","64777775","64778073","chr5","35877143","35877438","31","28900632"
"chr16","64806278","64806587","chrX","41587872","41588178","34","23218406"
"chr16","65343712","65344002","chr13","31400119","31400418","37","33943593"
"chr16","65450052","65450356","chr5","9011190","9011483","35","56438862"
"chr16","65462998","65463311","chr12","37078719","37079032","40","28384279"
"chr16","65580561","65580867","chr6","37682797","37683102","49","27897764"
"chr16","65603171","65603476","chr3","6092861","6093175","49","59510310"
"chr16","65777647","65777955","chr5","8651597","8651902","24","57126050"
"chr16","66082828","66083134","chr1","191149848","191150155","40","125067020"
"chr16","66109542","66109847","chr5","60420475","60420784","35","5689067"
"chr16","66268766","66269067","chr15","78032181","78032486","35","11763415"
"chr16","66334131","66334445","chr17","9809898","9810208","51","56524233"
"chr16","66425940","66426242","chr9","70252230","70252529","34","3826290"
"chr16","66452105","66452374","chr21","34811777","34812045","42","31640328"
"chr16","66510754","66511059","chr17","79404094","79404401","38","12893340"
"chr16","66514720","66514999","chr7","2377370","2377652","45","64137350"
"chr16","66567831","66568143","chr5","7859277","7859575","37","58708554"
"chr16","66577875","66578167","chr17","9644327","9644622","36","56933548"
"chr16","66578169","66578466","chr20","43352634","43352940","45","23225535"
"chr16","66597430","66597720","chr10","137181578","137181873","41","70584148"
"chr16","66611951","66612265","chr20","39696632","39696939","49","26915319"
"chr16","66648002","66648231","chr5","7783005","7783241","55","58864997"
"chr16","66648715","66648847","chr9","120747317","120747450","29","54098602"
"chr16","66662036","66662349","chr7","80058785","80059098","36","13396749"
"chr16","66677576","66677869","chr9","81354291","81354584","37","14676715"
"chr16","66682201","66682501","chr18","17496269","17496567","36","49185932"
"chr16","66684359","66684662","chr5","7747612","7747912","30","58936747"
"chr16","66773016","66773328","chr4","198295008","198295316","35","131521992"
"chr16","66813925","66814250","chr17","24583359","24583669","49","42230566"
"chr16","66828894","66829192","chr11","82956585","82956882","36","16127691"
"chr16","66993617","66993871","chrX","30761420","30761677","51","36232197"
"chr16","67131961","67132259","chr10","36114158","36114452","49","31017803"
"chr16","67148116","67148424","chr1","191149848","191150155","41","124001732"
"chr16","67183346","67183658","chr4","198977209","198977521","37","131793863"
"chr16","67228754","67229065","chr1","191149848","191150155","35","123921094"
"chr16","67244747","67245046","chr20","3862616","3862914","38","63382131"
"chr16","67246068","67246356","chr14","77497719","77498015","37","10251651"
"chr16","67249301","67249607","chr7","72899498","72899802","53","5650197"
"chr16","67292650","67292941","chr1","144529989","144530282","33","77237339"
"chr16","67340294","67340622","chr6","172892387","172892713","56","105552093"
"chr16","67426696","67426971","chr16","23748121","23748400","35","43678575"
"chr16","67451604","67451901","chr6","142233702","142233999","33","74782098"
"chr16","67477633","67477903","chr3","113825165","113825432","55","46347532"
"chr16","67499110","67499423","chr2B","56727034","56727344","39","10772076"
"chr16","67521738","67522018","chr7","2409163","2409452","103","65112575"
"chr16","67701452","67701736","chr12","36261828","36262107","52","31439624"
"chr16","67716661","67716973","chr9","73963392","73963702","45","6246731"
"chr16","67737898","67738186","chr5","6681730","6682020","25","61056168"
"chr16","67754205","67754515","chr10","37211192","37211508","46","30543013"
"chr16","67765533","67765853","chr5","6651655","6651968","45","61113878"
"chr16","68006158","68006445","chr5","33727432","33727720","39","34278726"
"chr16","68058997","68059297","chrX","19140350","19140650","47","48918647"
"chr16","68099182","68099495","chr5","6323651","6323965","28","61775531"
"chr16","68115852","68116146","chr7","29178664","29178961","45","38937188"
"chr16","68198140","68198441","chr1","100887646","100887952","37","32689506"
"chr16","68251959","68252255","chr5","160987933","160988228","32","92735974"
"chr16","68448513","68448798","chr1","23959364","23959650","37","44489149"
"chr16","68461427","68461732","chrX","127925768","127926063","48","59464341"
"chr16","68471894","68472203","chr1","132729492","132729799","34","64257598"
"chr16","68473056","68473334","chr7","105061299","105061571","54","36588243"
"chr16","68485190","68485491","chr18","17496269","17496567","32","50988921"
"chr16","68522522","68522827","chr6","37682797","37683102","43","30839725"
"chr16","68657274","68657557","chr8","146076240","146076523","34","77418966"
"chr16","68658932","68659110","chr19","49500498","49500677","25","19158434"
"chr16","68664891","68665190","chr21","36178489","36178784","32","32486402"
"chr16","68734919","68735230","chr1","29163733","29164039","36","39571186"
"chr16","68768016","68768327","chr5","5658257","5658570","31","63109759"
"chr16","68837703","68837999","chr5","5583897","5584191","23","63253806"
"chr16","68899897","68900206","chr1","130106457","130106756","47","61206560"
"chr16","68915377","68915512","chr1","135077577","135077709","16","66162200"
"chr16","68969476","68969774","chr22","34314671","34314970","36","34654805"
"chr16","69015817","69016118","chr5","5383989","5384292","18","63631828"
"chr16","69138219","69138526","chr12","3042424","3042732","31","66095795"
"chr16","69272724","69272987","chr13","74896298","74896569","69","5623574"
"chr16","69291103","69291406","chr1","130256487","130256787","36","60965384"
"chr16","69297799","69298112","chr4","199024335","199024640","50","129726536"
"chr16","69395163","69395475","chr8","30072940","30073247","37","39322223"
"chr16","69594906","69595203","chr22","28987370","28987666","33","40607536"
"chr16","69633444","69633743","chr5","4766388","4766688","26","64867056"
"chr16","69646298","69646602","chr1","135335882","135336186","40","65689584"
"chr16","69671451","69671762","chr13","62764436","62764745","37","6907015"
"chr16","69972753","69973048","chr13","34006475","34006766","40","35966278"
"chr16","70005229","70005515","chrX","135989979","135990263","34","65984750"
"chr16","70109188","70109515","chr19","18263442","18263752","59","51845746"
"chr16","70130287","70130596","chr5","164523015","164523323","39","94392728"
"chr16","70412204","70412483","chr5","3938706","3938966","42","66473498"
"chr16","70465973","70466209","chr2A","65259267","65259509","42","5206706"
"chr16","70660548","70660852","chr1","205194362","205194670","35","134533814"
"chr16","70741975","70742245","chrX","134562038","134562303","34","63820063"
"chr16","70758796","70759089","chr5","160987933","160988228","39","90229137"
"chr16","70778430","70778661","chr19","20927860","20928076","50","49850570"
"chr16","70904420","70904731","chr12","51628255","51628571","47","19276165"
"chr16","70963766","70964065","chr13","31463447","31463746","29","39500319"
"chr16","70972899","70973201","chr5","160987933","160988228","40","90015034"
"chr16","70986287","70986593","chr5","42013495","42013804","45","28972792"
"chr16","71014440","71014748","chr1","100887646","100887952","43","29873206"
"chr16","71063760","71064064","chr17","2589116","2589422","38","68474644"
"chr16","71092340","71092648","chr4","6482564","6482874","42","64609776"
"chr16","71097254","71097545","chr5","3307238","3307530","35","67790016"
"chr16","71102880","71103103","chr5","3301299","3301508","37","67801581"
"chr16","71179013","71179323","chr13","58925655","58925966","42","12253358"
"chr16","71217474","71217639","chr1","14249496","14249656","29","56967978"
"chr16","71318879","71319186","chr5","3093936","3094251","39","68224943"
"chr16","71380448","71380753","chr5","3032791","3033108","37","68347657"
"chr16","71404770","71405070","chr9","11641215","11641514","30","59763555"
"chr16","71406843","71407156","chr6","160674779","160675089","38","89267936"
"chr16","71412488","71412756","chr10","106607864","106608139","44","35195376"
"chr16","71501326","71501575","chr15","11782703","11782955","30","59718623"
"chr16","71513668","71513973","chr1","191149848","191150155","33","119636180"
"chr16","71642009","71642303","chr9","67126783","67127082","40","4515226"
"chr16","71650833","71651144","chr7","127657301","127657615","33","56006468"
"chr16","71666760","71667073","chr5","36664566","36664877","43","35002194"
"chr16","71688052","71688358","chr10","136766798","136767102","37","65078746"
"chr16","71838563","71838883","chr5","22049247","22049559","48","49789316"
"chr16","71921893","71922193","chr2A","51946486","51946782","44","19975407"
"chr16","71947237","71947538","chr3","188271553","188271856","40","116324316"
"chr16","71965436","71965733","chr17","8465111","8465410","34","63500325"
"chr16","72511193","72511494","chr17","63244580","63244884","32","9266613"
"chr16","72519789","72520090","chr5","1895714","1896008","39","70624075"
"chr16","72724556","72724864","chr2A","21134848","21135157","43","51589708"
"chr16","72993886","72994184","chr10","16102299","16102594","40","56891587"
"chr16","73040860","73041168","chr11","69505150","69505463","55","3535710"
"chr16","73109229","73109510","chr5","33727432","33727720","45","39381797"
"chr16","73110806","73111107","chr1","132554974","132555276","31","59444168"
"chr16","73112048","73112353","chr22","34538362","34538671","32","38573686"
"chr16","73175454","73175743","chr15","51575964","51576258","40","21599490"
"chr16","73269768","73270094","chr5","1202797","1203110","45","72066971"
"chr16","73299242","73299567","chr10","36940510","36940825","50","36358732"
"chr16","73317810","73318103","chr16","12186594","12186889","37","61131216"
"chr16","73324059","73324162","chr4","140514921","140515016","16","67190862"
"chr16","73490963","73491272","chr1","100887646","100887952","40","27396683"
"chr16","73526098","73526390","chr5","964376","964678","39","72561722"
"chr16","73646781","73647090","chr14","20972619","20972931","49","52674162"
"chr16","73706110","73706424","chr14","89567587","89567900","38","15861477"
"chr16","73825912","73826224","chr7","48203278","48203590","44","25622634"
"chr16","73842048","73842358","chr3","187177539","187177847","45","113335491"
"chr16","73886241","73886539","chr4","964728","965032","35","72921513"
"chr16","73888081","73888366","chr4","83955527","83955809","44","10067446"
"chr16","73911518","73911829","chr17","9558423","9558728","43","64353095"
"chr16","73950263","73950556","chr1","210595639","210595937","36","136645376"
"chr16","73964947","73965252","chr15","42141648","42141949","29","31823299"
"chr16","74040953","74041255","chr11","309868","310167","37","73731085"
"chr16","74091077","74091387","chr2B","95168475","95168788","37","21077398"
"chr16","74118601","74118905","chrX","97594986","97595289","37","23476385"
"chr16","74140440","74140734","chr10","117071045","117071342","31","42930605"
"chr16","74527370","74527675","chr1","191149848","191150155","35","116622478"
"chr16","74561194","74561491","chr4","197519800","197520092","33","122958606"
"chr17","35651304","35651612","chr17","38608208","38608518","48","2956904"
"chr17","26738539","26738833","chr4","40078992","40079285","39","13340453"
"chr17","72875983","72876306","chr5","22049247","22049559","40","50826736"
"chr17","55280","55520","chr10","15486549","15486785","39","15431269"
"chr17","90995","91258","chr12","131788345","131788608","48","131697350"
"chr17","152964","153284","chr14","75036885","75037196","45","74883921"
"chr17","181172","181489","chr5","121627382","121627706","46","121446210"
"chr17","186849","187143","chr13","2573887","2574188","27","2387038"
"chr17","233970","234257","chr9","94919935","94920225","41","94685965"
"chr17","238037","238347","chr11","27442623","27442932","47","27204586"
"chr17","244951","245244","chrUn_CABD030131550v1","8094","8384","30","236857"
"chr17","274592","274893","chr9","70252230","70252529","45","69977638"
"chr17","315719","316015","chr1","132554974","132555276","52","132239255"
"chr17","454109","454416","chr1","132554974","132555276","47","132100865"
"chr17","621010","621306","chr20","48509065","48509359","39","47888055"
"chr17","665446","665754","chr13","2018537","2018839","29","1353091"
"chr17","816311","816622","chr5","22049247","22049559","38","21232936"
"chr17","854509","854822","chr10","36119294","36119606","48","35264785"
"chr17","891450","891746","chr13","1712358","1712664","28","820908"
"chr17","920763","921088","chr13","1683804","1684118","31","763041"
"chr17","933460","933777","chrX","51034227","51034538","44","50100767"
"chr17","993829","994127","chr5","26969980","26970283","43","25976151"
"chr17","1040191","1040499","chr9","67126783","67127082","35","66086592"
"chr17","1087622","1087932","chr10","12686505","12686812","42","11598883"
"chr17","1129228","1129503","chr1","203814340","203814616","35","202685112"
"chr17","1142020","1142312","chr12","94842887","94843180","36","93700867"
"chr17","1150779","1151066","chr13","1433992","1434290","32","283213"
"chr17","1172103","1172202","chrX","31088971","31089069","14","29916868"
"chr17","1179736","1180032","chr7","55894080","55894358","58","54714344"
"chr17","1180340","1180642","chr22","28987370","28987666","45","27807030"
"chr17","1186054","1186362","chr13","1392487","1392781","34","206433"
"chr17","1214423","1214725","chr6","35622489","35622796","37","34408066"
"chr17","1218583","1218868","chr5","54654019","54654302","40","53435436"
"chr17","1224379","1224667","chr13","1350612","1350896","27","126233"
"chr17","1258487","1258762","chrX","119746098","119746358","52","118487611"
"chr17","1261056","1261365","chr4","48585107","48585416","41","47324051"
"chr17","1289858","1290172","chr1","205430531","205430844","41","204140673"
"chr17","1414423","1414735","chr13","1104091","1104398","20","310332"
"chr17","1426135","1426258","chr10","116541343","116541474","27","115115208"
"chr17","1453710","1454007","chr13","34198651","34198947","47","32744941"
"chr17","1460071","1460349","chr13","34202385","34202661","43","32742314"
"chr17","1463784","1464096","chr21","642881","643188","40","820903"
"chr17","1647640","1647947","chrX","123609498","123609802","44","121961858"
"chr17","1734213","1734489","chr5","100069077","100069348","39","98334864"
"chr17","1742142","1742425","chr13","3125684","3125966","31","1383542"
"chr17","2002495","2002808","chr7","18509561","18509873","38","16507066"
"chr17","2046028","2046319","chr9","94919935","94920225","35","92873907"
"chr17","2766359","2766660","chr10","111057945","111058242","51","108291586"
"chr17","2904922","2905220","chr13","4325417","4325721","26","1420495"
"chr17","2950759","2951058","chr13","4376524","4376823","35","1425765"
"chr17","3101362","3101669","chr13","62492466","62492769","31","59391104"
"chr17","3303374","3303659","chr10","89990179","89990466","41","86686805"
"chr17","3423533","3423813","chr11","46969394","46969676","35","43545861"
"chr17","3833227","3833385","chr4","48588512","48588669","27","44755285"
"chr17","4142297","4142436","chr1","129377168","129377305","34","125234871"
"chr17","4222008","4222310","chr13","6312897","6313203","28","2090889"
"chr17","4233893","4234205","chr2A","10355583","10355893","31","6121690"
"chr17","4249372","4249687","chr3","75485585","75485895","35","71236213"
"chr17","4474747","4475041","chr1","185054973","185055268","31","180580226"
"chr17","4505638","4505924","chr1","23080890","23081177","43","18575252"
"chr17","4546897","4547214","chr10","140604064","140604370","44","136057167"
"chr17","4549577","4549889","chr15","18246269","18246581","34","13696692"
"chr17","4686556","4686866","chr2B","107373831","107374141","47","102687275"
"chr17","4703984","4704276","chr6","40081280","40081579","39","35377296"
"chr17","4715257","4715542","chr12","124308270","124308562","39","119593013"
"chr17","4716766","4717078","chr17","79404094","79404401","40","74687328"
"chr17","4724271","4724565","chr4","26838046","26838339","39","22113775"
"chr17","4826263","4826564","chr4","96760748","96761048","32","91934485"
"chr17","5119835","5120148","chr5","63149415","63149728","56","58029580"
"chr17","5206988","5207295","chrX","97594986","97595289","40","92387998"
"chr17","5245124","5245434","chr2B","99158092","99158401","46","93912968"
"chr17","5313482","5313790","chr13","7457808","7458116","37","2144326"
"chr17","5499207","5499519","chr1","157261144","157261453","35","151761937"
"chr17","5597196","5597507","chr9","82578710","82579015","45","76981514"
"chr17","5649051","5649279","chrX","9676289","9676520","46","4027238"
"chr17","5838899","5839185","chr4","161025537","161025837","43","155186638"
"chr17","5847215","5847424","chr3","139185775","139185996","59","133338560"
"chr17","6075491","6075805","chr8","21393604","21393926","41","15318113"
"chr17","6278078","6278392","chr4","106451241","106451549","36","100173163"
"chr17","6439807","6440086","chrUn_CABD030131550v1","8094","8384","45","6431713"
"chr17","6462911","6463114","chr19","41442153","41442364","61","34979242"
"chr17","6559853","6560145","chr1","144529989","144530282","33","137970136"
"chr17","6579474","6579778","chr13","8866046","8866354","32","2286572"
"chr17","6600268","6600578","chr13","8903623","8903936","14","2303355"
"chr17","6618287","6618586","chr13","33361251","33361548","31","26742964"
"chr17","6683850","6684024","chr4","39774934","39775110","27","33091084"
"chr17","6695569","6695874","chr5","133411905","133412206","34","126716336"
"chr17","6823287","6823593","chr13","9166540","9166840","28","2343253"
"chr17","6982961","6983247","chr2A","15300168","15300463","55","8317207"
"chr17","7187664","7187963","chr13","9555318","9555607","39","2367654"
"chr17","7198464","7198776","chr13","9564286","9564587","35","2365822"
"chr17","7268014","7268316","chr13","62764436","62764745","42","55496422"
"chr17","7308133","7308428","chr9","78556775","78557074","41","71248642"
"chr17","7414728","7415041","chr5","22049247","22049559","44","14634519"
"chr17","7469666","7469769","chr13","9852334","9852425","16","2382668"
"chr17","7527178","7527488","chr5","59448191","59448498","40","51921013"
"chr17","7590338","7590655","chr7","134871506","134871819","45","127281168"
"chr17","7614720","7615033","chr20","35582405","35582711","40","27967685"
"chr17","7671550","7671862","chr13","10057446","10057746","36","2385896"
"chr17","7874625","7874821","chr4","98575828","98576023","33","90701203"
"chr17","7975035","7975356","chr7","134871506","134871819","52","126896471"
"chr17","7993704","7994003","chr3","188140014","188140321","46","180146310"
"chr17","8201752","8202058","chr13","10634561","10634872","33","2432809"
"chr17","8594845","8595138","chr9","81354291","81354584","35","72759446"
"chr17","8793737","8794010","chr13","11282095","11282366","26","2488358"
"chr17","8833098","8833405","chr13","11343473","11343779","23","2510375"
"chr17","8935533","8935846","chr13","11474033","11474339","26","2538500"
"chr17","9035379","9035667","chr13","1350612","1350896","53","7684767"
"chr17","9102362","9102669","chr9","53889402","53889707","32","44787040"
"chr17","9314721","9315015","chr12","94842887","94843180","32","85528166"
"chr17","9348190","9348484","chr6","166357597","166357893","57","157009407"
"chr17","9446880","9447177","chr13","12027449","12027747","22","2580569"
"chr17","9514641","9514944","chr5","1337460","1337763","39","8177181"
"chr17","9518003","9518325","chr1","160753833","160754142","46","151235830"
"chr17","9578239","9578547","chr17","85095165","85095468","39","75516926"
"chr17","9679511","9679810","chr19","45984366","45984662","37","36304855"
"chr17","9785559","9785859","chr13","12387157","12387465","33","2601598"
"chr17","9854328","9854640","chr4","198295008","198295316","38","188440680"
"chr17","9862486","9862766","chr4","151697455","151697746","50","141834969"
"chr17","9879019","9879300","chr8","131497311","131497601","45","121618292"
"chr17","9912796","9913099","chr1","89520461","89520765","35","79607665"
"chr17","9942784","9943078","chr6","119750721","119751012","35","109807937"
"chr17","9947091","9947395","chr13","12554842","12555158","29","2607751"
"chr17","10030049","10030313","chr3","118007411","118007682","46","107977362"
"chr17","10184629","10184927","chr1","17328715","17329015","31","7144086"
"chr17","10420533","10420830","chr13","13068783","13069077","25","2648250"
"chr17","11024719","11025028","chr14","20972619","20972931","44","9947900"
"chr17","11205555","11205860","chrX","97594986","97595289","42","86389431"
"chr17","11310439","11310735","chr5","36374695","36374994","40","25064256"
"chr17","11371581","11371898","chr5","22049247","22049559","39","10677666"
"chr17","11400355","11400648","chr5","16280399","16280695","39","4880044"
"chr17","11432745","11433052","chr14","32972455","32972755","38","21539710"
"chr17","11544607","11544916","chr13","14249284","14249588","28","2704677"
"chr17","11570017","11570316","chr3","100561340","100561640","36","88991323"
"chr17","11627752","11627980","chr2A","65259267","65259509","41","53631515"
"chr17","11759849","11760149","chr13","62492466","62492769","35","50732617"
"chr17","11762360","11762657","chr5","24415712","24416011","31","12653352"
"chr17","12147938","12148223","chr13","14889607","14889891","30","2741669"
"chr17","12237584","12237870","chr7","129430880","129431159","52","117193296"
"chr17","12596697","12597012","chr13","15371011","15371316","45","2774314"
"chr17","12706420","12706714","chr1","153394317","153394615","44","140687897"
"chr17","13692462","13692594","chr14","44685173","44685313","25","30992711"
"chr17","13738099","13738355","chr10","43187932","43188189","30","29449833"
"chr17","14033651","14033950","chr1","184016456","184016761","33","169982805"
"chr17","14112896","14113192","chr12","59907829","59908121","39","45794933"
"chr17","14620213","14620522","chr13","17520499","17520805","23","2900286"
"chr17","14624877","14625172","chr13","17525123","17525414","25","2900246"
"chr17","14667759","14668065","chr17","9558423","9558728","43","5109336"
"chr17","14836130","14836440","chr15","42141648","42141949","62","27305518"
"chr17","14861675","14861987","chr18","60808865","60809186","45","45947190"
"chr17","14899811","14900130","chr4","198977209","198977521","44","184077398"
"chr17","14992961","14993102","chr1","72651683","72651824","19","57658722"
"chr17","15143715","15144016","chr5","1337460","1337763","53","13806255"
"chr17","15362961","15363275","chr6","17608929","17609236","41","2245968"
"chr17","15574827","15575123","chr13","18539491","18539793","29","2964664"
"chr17","15585498","15585814","chr10","35721348","35721656","44","20135850"
"chr17","15591010","15591306","chr1","153367727","153368028","44","137776717"
"chr17","15644939","15645237","chr8","61626727","61627026","37","45981788"
"chr17","15830738","15831048","chr13","18812771","18813077","39","2982033"
"chr17","15884087","15884402","chr17","9809898","9810208","44","6074189"
"chr17","15972499","15972776","chr19","12883061","12883346","61","3089438"
"chr17","16077513","16077795","chr1","144529989","144530282","39","128452476"
"chr17","16108802","16109114","chr4","195335628","195335940","37","179226826"
"chr17","16825333","16825626","chr9","111831521","111831814","47","95006188"
"chr17","17154083","17154381","chr13","20225977","20226281","26","3071894"
"chr17","17246570","17246854","chrX","1737744","1738030","40","15508826"
"chr17","17310762","17311074","chr8","41556935","41557248","39","24246173"
"chr17","17553482","17553796","chr13","20665121","20665428","34","3111639"
"chr17","17636970","17637281","chr5","39364453","39364757","49","21727483"
"chr17","17813172","17813459","chr13","20943216","20943510","26","3130044"
"chr17","17838015","17838319","chr5","45856163","45856467","40","28018148"
"chr17","18077911","18078225","chr2B","95168475","95168788","40","77090564"
"chr17","18079041","18079210","chr4","81515226","81515394","15","63436185"
"chr17","18167026","18167324","chr1","45338432","45338732","46","27171406"
"chr17","18175533","18175848","chr1","40966383","40966697","48","22790850"
"chr17","18242754","18243053","chr13","21373454","21373750","25","3130700"
"chr17","18445935","18446251","chr3","158397250","158397564","47","139951315"
"chr17","18459944","18460254","chr1","100887646","100887952","41","82427702"
"chr17","18580137","18580445","chr13","21727102","21727405","27","3146965"
"chr17","18837674","18837963","chr9","87736194","87736488","33","68898520"
"chr17","19176282","19176590","chr17","2764937","2765248","38","16411345"
"chr17","19271632","19271923","chrX","18796354","18796648","33","475278"
"chr17","19274035","19274314","chr17","10387569","10387843","36","8886466"
"chr17","19311422","19311735","chr4","48585107","48585416","39","29273685"
"chr17","19320341","19320654","chr1","133281170","133281483","44","113960829"
"chr17","19329182","19329488","chr3","187177539","187177847","44","167848357"
"chr17","19360103","19360366","chr12","76915481","76915745","47","57555378"
"chr17","19370200","19370495","chr13","33361251","33361548","35","13991051"
"chr17","19378379","19378639","chr5","20856959","20857224","36","1478580"
"chr17","19515001","19515307","chr13","22702255","22702553","28","3187254"
"chr17","19704634","19704946","chr13","22913052","22913362","33","3208418"
"chr17","19708829","19709111","chr19","14027232","14027520","48","5681597"
"chr17","19722470","19722782","chr14","35491174","35491482","37","15768704"
"chr17","19732728","19732909","chr21","9612794","9612973","31","10119934"
"chr17","19733867","19734156","chr13","22938073","22938370","31","3204206"
"chr17","19769035","19769339","chrX","97594986","97595289","37","77825951"
"chr17","19811255","19811530","chr4","33305348","33305628","39","13494093"
"chr17","19913238","19913539","chr13","23125812","23126103","29","3212574"
"chr17","20200239","20200532","chr1","144529989","144530282","32","124329750"
"chr17","20505794","20506089","chr1","180453011","180453318","41","159947217"
"chr17","20783788","20784098","chr1","22955832","22956145","35","2172044"
"chr17","20834829","20835125","chr1","41763043","41763338","37","20928214"
"chr17","20882173","20882471","chrX","24159975","24160274","40","3277802"
"chr17","20982332","20982618","chr13","24272273","24272567","40","3289941"
"chr17","21039109","21039403","chr2A","59985648","59985942","34","38946539"
"chr17","21479298","21479606","chr10","34647493","34647806","45","13168195"
"chr17","21509705","21510006","chr3","11592628","11592929","38","9917077"
"chr17","21560345","21560634","chr1","45157923","45158217","38","23597578"
"chr17","21921206","21921502","chr13","25229319","25229614","27","3308113"
"chr17","22075462","22075777","chr1","56120171","56120471","57","34044709"
"chr17","22141598","22141860","chr3","200673558","200673829","45","178531960"
"chr17","22160483","22160768","chr13","25465224","25465521","29","3304741"
"chr17","22179128","22179425","chr3","12024603","12024895","44","10154525"
"chr17","22543887","22544184","chr6","44304477","44304783","38","21760590"
"chr17","23053772","23054056","chrUn_CABD030131550v1","8094","8384","45","23045678"
"chr17","23054784","23055047","chr20","12674881","12675147","36","10379903"
"chr17","23113714","23114007","chr3","199286699","199286993","39","176172985"
"chr17","23143199","23143509","chr14","20972619","20972931","40","2170580"
"chr17","23183572","23183877","chr1","205194362","205194670","40","182010790"
"chr17","23184571","23184869","chr3","43184780","43185071","45","20000209"
"chr17","23455079","23455362","chrX","8345169","8345454","41","15109910"
"chr17","23503268","23503590","chr19","5859200","5859509","41","17644068"
"chr17","23535327","23535637","chr7","72899498","72899802","41","49364171"
"chr17","23597038","23597128","chr1","26344715","26344803","15","2747677"
"chr17","23737161","23737460","chr22","34314671","34314970","35","10577510"
"chr17","23745526","23745684","chr3","198623790","198623952","21","174878264"
"chr17","23759348","23759635","chr13","27124487","27124771","26","3365139"
"chr17","23793891","23794203","chr13","27159096","27159404","26","3365205"
"chr17","23873095","23873377","chr1","24189834","24190118","41","316739"
"chr17","23880703","23880967","chr7","123523598","123523875","54","99642895"
"chr17","24277771","24278081","chr4","198295008","198295316","34","174017237"
"chr17","25072854","25073151","chr1","27021093","27021389","30","1948239"
"chr17","25478293","25478589","chr9","81354291","81354584","34","55875998"
"chr17","25493389","25493654","chr9","104758962","104759223","38","79265573"
"chr17","25566807","25567120","chr13","29083057","29083357","27","3516250"
"chr17","26264346","26264640","chr13","29845978","29846277","28","3581632"
"chr17","26296232","26296476","chr8","101572363","101572638","81","75276131"
"chr17","26409867","26409976","chr5","122001202","122001308","19","95591335"
"chr17","26525880","26526157","chr19","11306934","11307209","43","15218946"
"chr17","26579553","26579848","chr13","30180933","30181236","31","3601380"
"chr17","26640885","26641189","chr15","52874335","52874637","32","26233450"
"chr17","26678591","26678902","chr17","79404094","79404401","38","52725503"
"chr17","26780915","26781214","chr9","70252230","70252529","41","43471315"
"chr17","27312149","27312434","chr9","74772177","74772478","50","47460028"
"chr17","27348765","27349075","chr13","30915870","30916179","29","3567105"
"chr17","27463513","27463785","chr13","31047304","31047576","36","3583791"
"chr17","27817799","27818106","chr13","31400119","31400418","24","3582320"
"chr17","27864474","27864764","chr14","12451875","12452165","40","15412599"
"chr17","27877888","27878182","chr13","31463447","31463746","21","3585559"
"chr17","27886915","27887211","chr1","46417395","46417685","42","18530480"
"chr17","27919807","27920031","chr20","31049038","31049266","35","3129231"
"chr17","27997777","27998078","chr7","72899498","72899802","36","44901721"
"chr17","28098684","28098976","chr14","36230486","36230773","43","8131802"
"chr17","28130232","28130544","chr13","31725666","31725968","27","3595434"
"chr17","28131325","28131636","chr1","33406715","33407026","34","5275390"
"chr17","28231626","28231895","chr4","46042590","46042858","42","17810964"
"chr17","28398021","28398325","chr1","221106987","221107290","37","192708966"
"chr17","29280982","29281294","chr5","26969980","26970283","42","2311002"
"chr17","29482290","29482604","chr3","40085381","40085690","36","10603091"
"chr17","29871248","29871516","chr17","77615943","77616210","36","47744695"
"chr17","30239645","30239955","chr6","37682797","37683102","29","7443152"
"chr17","30391714","30392011","chr13","34086996","34087296","39","3695282"
"chr17","30449610","30449916","chr19","15918497","15918807","38","14531113"
"chr17","30495800","30496104","chr3","172385433","172385736","43","141889633"
"chr17","30568274","30568586","chr5","45160600","45160912","38","14592326"
"chr17","30568933","30569239","chrX","74427130","74427438","37","43858197"
"chr17","30591565","30591861","chr1","45157923","45158217","38","14566358"
"chr17","30718754","30719045","chr10","89990179","89990466","40","59271425"
"chr17","30838634","30838947","chr15","67619999","67620309","30","36781365"
"chr17","30980199","30980513","chr8","103767519","103767832","39","72787320"
"chr17","31596461","31596777","chr13","35368841","35369153","31","3772380"
"chr17","31686499","31686791","chr4","171953878","171954174","43","140267379"
"chr17","32285159","32285469","chr2A","21134848","21135157","39","11150311"
"chr17","33607345","33607490","chr11","106007213","106007367","27","72399868"
"chr17","33817158","33817473","chr1","54620539","54620851","40","20803381"
"chr17","33829157","33829459","chr7","72899498","72899802","43","39070341"
"chr17","33834251","33834561","chr17","79404094","79404401","41","45569843"
"chr17","34447544","34447828","chr5","70103079","70103361","62","35655535"
"chr17","34672453","34672769","chr22","21716970","21717283","43","12955483"
"chr17","35368575","35368894","chr13","39054279","39054591","35","3685704"
"chr17","36869635","36869914","chr13","40595894","40596177","32","3726259"
"chr17","36933149","36933460","chr7","128393033","128393345","41","91459884"
"chr17","38148711","38149011","chr11","68273298","68273600","47","30124587"
"chr17","38710482","38710783","chr10","36097397","36097696","41","2613085"
"chr17","38832160","38832444","chr19","10545129","10545406","53","28287031"
"chr17","38859190","38859508","chr13","42659320","42659625","40","3800130"
"chr17","38936064","38936364","chr13","42725378","42725675","42","3789314"
"chr17","39050617","39050926","chr3","188140014","188140321","39","149089397"
"chr17","39925591","39925920","chr20","55772499","55772828","57","15846908"
"chr17","40163281","40163613","chr3","48314069","48314391","64","8150788"
"chr17","40282006","40282298","chr5","45856163","45856467","46","5574157"
"chr17","40344957","40345260","chr13","44385652","44385961","40","4040695"
"chr17","40535947","40536240","chr10","36119294","36119606","49","4416653"
"chr17","41618219","41618507","chr10","129431275","129431563","37","87813056"
"chr17","41773606","41773911","chr13","45710929","45711233","39","3937323"
"chr17","41778643","41778940","chr13","45715716","45716017","23","3937073"
"chr17","42093069","42093341","chr13","46033945","46034213","44","3940876"
"chr17","42455285","42455603","chr1","40966383","40966697","49","1488902"
"chr17","43081236","43081548","chr1","191149848","191150155","51","148068612"
"chr17","43398368","43398679","chr17","24583359","24583669","51","18815009"
"chr17","43848611","43848897","chr13","47725197","47725479","33","3876586"
"chr17","44177152","44177463","chr15","69276871","69277183","42","25099719"
"chr17","44313012","44313323","chr2A","79839508","79839818","48","35526496"
"chr17","44604950","44605210","chr12","131788345","131788608","39","87183395"
"chr17","44660215","44660507","chr13","48509559","48509859","36","3849344"
"chr17","44681175","44681487","chr2A","21134848","21135157","36","23546327"
"chr17","45414522","45414826","chr1","98765905","98766208","41","53351383"
"chr17","45797490","45797774","chr9","94919935","94920225","46","49122445"
"chr17","46453444","46453750","chr13","50321364","50321667","41","3867920"
"chr17","46489356","46489575","chr17","40298402","40298619","41","6190954"
"chr17","46531830","46532153","chr13","50393139","50393448","57","3861309"
"chr17","46657556","46657767","chr15","61663748","61663960","34","15006192"
"chr17","47024199","47024484","chr10","111181918","111182208","39","64157719"
"chr17","47423947","47424244","chr5","160987933","160988228","40","113563986"
"chr17","47690871","47690958","chr1","184951796","184951880","15","137260925"
"chr17","47701418","47701735","chr5","162326402","162326716","44","114624984"
"chr17","47714649","47714709","chr6","107515873","107515937","13","59801224"
"chr17","48051291","48051582","chr3","126817334","126817631","47","78766043"
"chr17","48124261","48124542","chr4","83955527","83955809","49","35831266"
"chr17","48605312","48605639","chr13","53302735","53303038","48","4697423"
"chr17","49066791","49067025","chr13","53736631","53736866","19","4669840"
"chr17","49276581","49276892","chr18","32989823","32990134","44","16286758"
"chr17","49313400","49313690","chr1","206337429","206337725","39","157024029"
"chr17","49326216","49326502","chrX","1737744","1738030","37","47588472"
"chr17","49334533","49334840","chr1","182138307","182138613","48","132803774"
"chr17","49336768","49337082","chr13","54020262","54020573","26","4683494"
"chr17","50225820","50226133","chr9","22732638","22732941","50","27493182"
"chr17","50390720","50391023","chr22","8757305","8757604","38","41633415"
"chr17","50543733","50544032","chr1","160753833","160754142","49","110210100"
"chr17","50680571","50680886","chrX","51034227","51034538","33","353656"
"chr17","50701280","50701584","chr5","36374695","36374994","35","14326585"
"chr17","50752298","50752621","chr19","17491703","17492009","44","33260595"
"chr17","50784153","50784452","chr13","55476400","55476695","22","4692247"
"chr17","50794038","50794314","chr18","20982360","20982647","49","29811678"
"chr17","51150004","51150297","chr3","32060233","32060527","37","19089771"
"chr17","51299852","51300139","chr14","36230486","36230773","33","15069366"
"chr17","51407336","51407646","chr13","56111657","56111965","29","4704321"
"chr17","51486607","51486911","chr2B","99158092","99158401","41","47671485"
"chr17","51505320","51505630","chr4","105965556","105965868","40","54460236"
"chr17","51847373","51847684","chr6","75447225","75447534","45","23599852"
"chr17","52210624","52210916","chr6","119750721","119751012","38","67540097"
"chr17","52221860","52222181","chr13","73739367","73739690","43","21517507"
"chr17","52568448","52568753","chr13","2573887","2574188","52","49994561"
"chr17","52874290","52874603","chr13","57586674","57586982","30","4712384"
"chr17","53018396","53018741","chr2A","65344845","65345190","72","12326449"
"chr17","53024226","53024292","chr19","53727486","53727530","34","703260"
"chr17","53024431","53024627","chr18","27901914","27902114","30","25122517"
"chr17","53336228","53336530","chr1","115412597","115412899","46","62076369"
"chr17","54232100","54232396","chr13","58925655","58925966","34","4693555"
"chr17","54500217","54500529","chr13","59203387","59203695","22","4703170"
"chr17","54718293","54718588","chr13","59415533","59415833","40","4697240"
"chr17","55174473","55174771","chr13","59928362","59928657","28","4753889"
"chr17","55238182","55238474","chr13","60008273","60008575","30","4770091"
"chr17","55480282","55480581","chr1","71295938","71296237","35","15815656"
"chr17","55561840","55562145","chr10","108870200","108870501","44","53308360"
"chr17","55724341","55724625","chr13","60468362","60468647","26","4744021"
"chr17","56051534","56051843","chr5","46820864","46821176","31","9230670"
"chr17","56055036","56055072","chr6","118979032","118979065","18","62923996"
"chr17","56207069","56207354","chr21","14216271","14216552","40","41990798"
"chr17","56505020","56505324","chr1","130106457","130106756","44","73601437"
"chr17","56605295","56605604","chr10","140604064","140604370","41","83998769"
"chr17","56740647","56740956","chr4","106451241","106451549","40","49710594"
"chr17","56910306","56910616","chr1","132554974","132555276","47","75644668"
"chr17","56922159","56922467","chr19","16602118","16602424","44","40320041"
"chr17","56936195","56936475","chr4","83955527","83955809","32","27019332"
"chr17","57019797","57020107","chr6","35622489","35622796","35","21397308"
"chr17","57208759","57209073","chr5","22049247","22049559","47","35159512"
"chr17","57260621","57260932","chr14","47857829","47858141","44","9402792"
"chr17","57406075","57406369","chr10","129431275","129431563","31","72025200"
"chr17","57412632","57412920","chr5","70103079","70103361","36","12690447"
"chr17","57564027","57564333","chr1","100887646","100887952","39","43323619"
"chr17","57654189","57654343","chr4","81515226","81515394","33","23861037"
"chr17","57657898","57658183","chrX","1068284","1068571","42","56589614"
"chr17","57675441","57675735","chr8","142809025","142809318","33","85133584"
"chr17","57706151","57706457","chr1","191383920","191384222","43","133677769"
"chr17","57730881","57731158","chr1","24189834","24190118","35","33541047"
"chr17","57795981","57796298","chr6","35622489","35622796","41","22173492"
"chr17","57840072","57840373","chr1","27021093","27021389","34","30818979"
"chr17","58290749","58291065","chr12","8706461","8706771","39","49584288"
"chr17","58790696","58790999","chrX","36377332","36377627","33","22413364"
"chr17","58987240","58987561","chr1","220829179","220829504","56","161841939"
"chr17","58989668","58989973","chr6","6752789","6753094","49","52236879"
"chr17","59151241","59151533","chr19","14027232","14027520","35","45124009"
"chr17","59241685","59241914","chr8","74128489","74128713","37","14886804"
"chr17","60013791","60014090","chrX","97594986","97595289","48","37581195"
"chr17","60350374","60350673","chr13","65521139","65521439","25","5170765"
"chr17","60379851","60380149","chr11","18571303","18571599","65","41808548"
"chr17","60622847","60623161","chr6","38512524","38512836","45","22110323"
"chr17","60672611","60672914","chr8","22325883","22326185","48","38346728"
"chr17","60983291","60983588","chr4","194608401","194608688","51","133625110"
"chr17","61071089","61071373","chr16","46384682","46384963","48","14686407"
"chr17","61285432","61285697","chr2A","45022548","45022815","41","16262884"
"chr17","61398437","61398745","chr13","66616993","66617297","35","5218556"
"chr17","61575274","61575577","chr13","66792758","66793059","29","5217484"
"chr17","61957680","61957986","chr2B","65741490","65741803","40","3783810"
"chr17","62004869","62005155","chr20","50841065","50841355","53","11163804"
"chr17","62128452","62128597","chrX","5666628","5666771","21","56461824"
"chr17","62519641","62519952","chr13","67759348","67759646","46","5239707"
"chr17","63348433","63348725","chr19","15927697","15927997","43","47420736"
"chr17","63460134","63460446","chr8","44743772","44744075","42","18716362"
"chr17","63686476","63686780","chr13","68947528","68947831","29","5261052"
"chr17","63876875","63877155","chr4","83955527","83955809","39","20078652"
"chr17","63907207","63907511","chr3","188115751","188116059","54","124208544"
"chr17","64004118","64004221","chr5","122001202","122001308","19","57997084"
"chr17","64045640","64045931","chr1","185054973","185055268","44","121009333"
"chr17","64086066","64086364","chr13","33361251","33361548","36","30724815"
"chr17","64500008","64500343","chr13","69888220","69888539","37","5388212"
"chr17","64834660","64834981","chr12","10508885","10509213","70","54325775"
"chr17","65133228","65133517","chr13","70517002","70517293","27","5383774"
"chr17","65300466","65300680","chr17","6997149","6997354","40","58303317"
"chr17","65479628","65479922","chr3","49052864","49053162","47","16426764"
"chr17","65593753","65594065","chr4","179466004","179466310","41","113872251"
"chr17","65862037","65862343","chrX","77458121","77458428","42","11596084"
"chr17","66055199","66055488","chr9","114808115","114808405","59","48752916"
"chr17","66482228","66482453","chr12","91450409","91450622","47","24968181"
"chr17","66561032","66561338","chr3","158501942","158502247","43","91940910"
"chr17","66646136","66646428","chr13","72034828","72035131","32","5388692"
"chr17","66983153","66983414","chr12","76915481","76915745","36","9932328"
"chr17","67238154","67238378","chr13","72633821","72634034","22","5395667"
"chr17","67693352","67693663","chr17","79404094","79404401","34","11710742"
"chr17","67712632","67712943","chr5","22049247","22049559","38","45663385"
"chr17","67744807","67745117","chr17","7124898","7125211","38","60619909"
"chr17","68587038","68587339","chrX","73837068","73837374","43","5250030"
"chr17","68951947","68952257","chr4","133128211","133128521","40","64176264"
"chr17","69305710","69306009","chr13","74718190","74718488","31","5412480"
"chr17","69307603","69307900","chr13","74718190","74718488","37","5410587"
"chr17","69670128","69670406","chr2A","45796302","45796570","51","23873826"
"chr17","69890989","69891264","chr13","75304136","75304410","31","5413147"
"chr17","70049088","70049309","chr15","78868834","78869055","29","8819746"
"chr17","70659105","70659389","chr3","144880561","144880847","45","74221456"
"chr17","70969944","70970248","chr13","76403256","76403552","37","5433312"
"chr17","70993376","70993670","chr14","56751905","56752203","38","14241471"
"chr17","71077816","71078116","chr13","76504091","76504399","39","5426275"
"chr17","71088902","71089207","chr15","16466522","16466827","43","54622380"
"chr17","71504400","71504663","chrX","119746098","119746358","59","48241698"
"chr17","71596847","71597155","chr17","38608208","38608518","43","32988639"
"chr17","71658132","71658419","chr13","77082343","77082629","18","5424211"
"chr17","71978842","71979103","chr12","131788345","131788608","45","59809503"
"chr17","72175035","72175343","chr4","10687813","10688124","41","61487222"
"chr17","72431831","72432123","chr1","27021093","27021389","38","45410738"
"chr17","72458098","72458389","chr1","161940320","161940594","62","89482222"
"chr17","72510993","72511305","chr1","160753833","160754142","34","88242840"
"chr17","72548541","72548850","chr13","77998086","77998394","34","5449545"
"chr17","72563863","72564170","chr9","67126783","67127082","38","5437080"
"chr17","72624605","72624893","chr14","36230486","36230773","37","36394119"
"chr17","72673453","72673759","chrX","97594986","97595289","28","24921533"
"chr17","72692864","72693164","chr13","78136144","78136444","26","5443280"
"chr17","72744127","72744429","chr13","78185806","78186106","27","5441679"
"chr17","72943154","72943467","chr3","50925441","50925752","44","22017713"
"chr17","72950091","72950392","chr13","78394225","78394525","23","5444134"
"chr17","73000005","73000295","chr2B","63348784","63349075","38","9651221"
"chr17","73357462","73357763","chr6","47581921","47582218","44","25775541"
"chr17","73689942","73690242","chr3","12829604","12829903","41","60860338"
"chr17","73854830","73855119","chr6","119750721","119751012","39","45895891"
"chr17","73958710","73959028","chr9","119628408","119628722","47","45669698"
"chr17","74070046","74070360","chr17","79404094","79404401","40","5334048"
"chr17","74421217","74421462","chr15","11782703","11782955","40","62638514"
"chr17","74525977","74526262","chr10","131587188","131587479","37","57061211"
"chr17","74644611","74644929","chr1","11873517","11873823","49","62771094"
"chr17","74773495","74773808","chr5","162326402","162326716","35","87552907"
"chr17","74948158","74948295","chr14","44685173","44685313","18","30262985"
"chr17","75030007","75030314","chr10","136766798","136767102","35","61736791"
"chr17","75244819","75245114","chr13","80729503","80729797","32","5484684"
"chr17","75281933","75282230","chr5","82014241","82014539","43","6732308"
"chr17","75341157","75341467","chr13","80828361","80828674","41","5487204"
"chr17","75397877","75398189","chr3","187177539","187177847","39","111779662"
"chr17","75429241","75429554","chr13","80924638","80924953","26","5495397"
"chr17","75503267","75503574","chr19","17050826","17051125","49","58452441"
"chr17","75519549","75519844","chr4","171953878","171954174","30","96434329"
"chr17","75564969","75565269","chr10","136766798","136767102","35","61201829"
"chr17","75636131","75636428","chr8","77189674","77189971","39","1553543"
"chr17","75930053","75930361","chr7","80058785","80059098","42","4128732"
"chr17","75956842","75957146","chr12","52850616","52850925","32","23106226"
"chr17","75997902","75998214","chr15","42617039","42617348","37","33380863"
"chr17","76018461","76018770","chr13","81516391","81516705","39","5497930"
"chr17","76224329","76224601","chr13","81714037","81714310","17","5489708"
"chr17","76293351","76293649","chr13","81798999","81799295","27","5505648"
"chr17","76321782","76322082","chr2B","131682097","131682398","39","55360315"
"chr17","76552341","76552637","chr4","171953878","171954174","34","95401537"
"chr17","76924382","76924700","chr2A","10355583","10355893","42","66568799"
"chr17","76954852","76955158","chr10","111864529","111864838","31","34909677"
"chr17","77057132","77057448","chr20","50942392","50942702","40","26114740"
"chr17","77065870","77066058","chr4","86698547","86698733","36","9632677"
"chr17","77124140","77124451","chr14","2564584","2564896","33","74559556"
"chr17","77130605","77130910","chr13","82637688","82637982","33","5507083"
"chr17","77134513","77134821","chr13","82642614","82642918","35","5508101"
"chr17","77250056","77250359","chr13","82759631","82759924","43","5509575"
"chr17","77390171","77390469","chr13","82912210","82912510","32","5522039"
"chr17","77449723","77450006","chr4","83955527","83955809","40","6505804"
"chr17","77554678","77554981","chr13","83125812","83126129","45","5571134"
"chr17","77571981","77572293","chr8","67800679","67800989","32","9771302"
"chr17","77573789","77574087","chr13","83145423","83145734","34","5571634"
"chr17","77584938","77585251","chr13","83156229","83156538","35","5571291"
"chr17","77742800","77743108","chr13","83310590","83310890","30","5567790"
"chr17","77892712","77892991","chr12","52999140","52999431","38","24893572"
"chr17","78224576","78224888","chr3","200810389","200810699","46","122585813"
"chr17","78361175","78361493","chr2A","79839508","79839818","53","1478333"
"chr17","78488553","78488846","chr17","12709902","12710204","45","65778651"
"chr17","78770416","78770717","chr10","140604064","140604370","41","61833648"
"chr17","79063827","79064137","chr11","17305005","17305310","38","61758822"
"chr17","79088469","79088755","chr9","94919935","94920225","35","15831466"
"chr17","79437946","79438243","chr1","144529989","144530282","50","65092043"
"chr17","79460732","79461045","chr12","21276435","21276745","39","58184297"
"chr17","79537101","79537403","chr10","13819024","13819332","45","65718077"
"chr17","80660277","80660587","chr13","86291544","86291859","36","5631267"
"chr17","81039289","81039600","chr4","196782327","196782641","44","115743038"
"chr17","81327667","81327959","chr17","8465111","8465410","44","72862556"
"chr17","81374867","81375180","chr4","48585107","48585416","41","32789760"
"chr17","81617194","81617468","chr1","52986441","52986711","50","28630753"
"chr17","81742918","81743222","chr1","144529989","144530282","52","62787071"
"chr17","82563073","82563386","chr13","88340021","88340330","31","5776948"
"chr17","82745820","82746125","chr15","67619999","67620309","41","15125821"
"chr17","83090515","83090829","chr11","47429302","47429607","42","35661213"
"chr17","83440482","83440800","chr13","89280477","89280807","49","5839995"
"chr17","83518197","83518503","chr19","16040350","16040659","34","67477847"
"chr17","83634213","83634509","chr1","132554974","132555276","47","48920761"
"chr17","83717509","83717799","chr13","89562357","89562656","31","5844848"
"chr17","83764222","83764527","chr19","47859775","47860075","37","35904447"
"chr17","83784661","83784865","chrX","417735","417941","37","83366926"
"chr17","83862770","83863072","chr13","89700254","89700561","29","5837484"
"chr17","84060458","84060722","chr13","89911763","89912027","24","5851305"
"chr17","84174613","84174925","chr20","35582405","35582711","36","48592208"
"chr17","84313911","84314117","chrX","417735","417941","30","83896176"
"chr17","84491582","84491863","chr6","14540070","14540350","48","69951512"
"chr17","84590813","84591109","chr11","128953629","128953926","39","44362816"
"chr17","84591117","84591193","chr13","52444290","52444360","13","32146827"
"chr17","84718376","84718661","chr13","34006475","34006766","59","50711901"
"chr17","84950639","84950940","chr19","14027232","14027520","42","70923407"
"chr17","85080014","85080306","chr5","9822039","9822337","44","75257975"
"chr17","85145166","85145477","chr13","57586674","57586982","54","27558492"
"chr17","85595387","85595674","chr11","128953629","128953926","53","43358242"
"chr17","85608408","85608724","chr1","100887646","100887952","42","15279238"
"chr17","86208061","86208358","chr8","77189674","77189971","39","9018387"
"chr17","86250086","86250399","chr8","44932082","44932391","39","41318004"
"chr17","86759633","86759929","chr3","135591702","135592003","43","48832069"
"chr17","86844193","86844484","chr6","125663995","125664288","31","38819802"
"chr17","86917484","86917784","chr13","92891153","92891454","24","5973669"
"chr17","87115903","87116216","chr13","93077411","93077720","34","5961508"
"chr17","87323662","87323983","chr10","140604064","140604370","49","53280402"
"chr17","87400060","87400365","chr7","36197569","36197873","40","51202491"
"chr17","87540732","87541029","chr2A","51946486","51946782","41","35594246"
"chr17","87685104","87685415","chr1","205194362","205194670","42","117509258"
"chr17","87695942","87696249","chr1","21869855","21870167","38","65826087"
"chr17","87725764","87726079","chr20","35582405","35582711","43","52143359"
"chr17","87769568","87769881","chr13","93773231","93773536","48","6003663"
"chr17","87791754","87792044","chr5","82014241","82014539","42","5777513"
"chr17","87897439","87897754","chr15","42617039","42617348","36","45280400"
"chr17","88157567","88157866","chr5","22049247","22049559","46","66108320"
"chr17","89083634","89083930","chr19","44629779","44630076","42","44453855"
"chr17","89247256","89247548","chrX","71373929","71374223","51","17873327"
"chr17","89380495","89380788","chr9","59842059","59842366","42","29538436"
"chr17","89484278","89484589","chr4","198295008","198295316","37","108810730"
"chr17","89537752","89538072","chr13","95697415","95697737","24","6159663"
"chr17","89630696","89630990","chr13","95800629","95800923","30","6169933"
"chr17","89803248","89803553","chr12","21276435","21276745","33","68526813"
"chr17","90029315","90029627","chr5","45856163","45856467","42","44173152"
"chr17","90031371","90031683","chr5","45856163","45856467","41","44175208"
"chr17","90160015","90160331","chr3","2931636","2931947","39","87228379"
"chr17","90286012","90286293","chr15","52950317","52950594","46","37335695"
"chr17","90637426","90637720","chr7","132389917","132390213","37","41752491"
"chr17","90799977","90800268","chr13","33361251","33361548","40","57438726"
"chr17","90835384","90835684","chr5","39364453","39364757","34","51470931"
"chr17","90875436","90875716","chr8","21673007","21673285","42","69202429"
"chr17","90892888","90893199","chr17","79404094","79404401","37","11488794"
"chr17","90912767","90913076","chr17","79404094","79404401","40","11508673"
"chr18","2752414","2752725","chr17","9644327","9644622","47","6891913"
"chr18","49807220","49807526","chr17","2489122","2489420","43","47318098"
"chr18","187128","187268","chrUn_CABD030132267v1","1421","1562","19","185707"
"chr18","629896","630186","chr1","144529989","144530282","34","143900093"
"chr18","690506","690820","chr10","15324825","15325140","48","14634319"
"chr18","726967","727275","chr18","1641850","1642158","22","914883"
"chr18","903932","904167","chr19","5409132","5409371","73","4505200"
"chr18","905042","905274","chr19","21695606","21695827","69","20790564"
"chr18","945520","945654","chr5","52879291","52879424","22","51933771"
"chr18","947685","947978","chr1","185054973","185055268","36","184107288"
"chr18","1007350","1007643","chr1","194446199","194446496","40","193438849"
"chr18","1025848","1026147","chr1","27021093","27021389","39","25995245"
"chr18","1029627","1029926","chr18","1956287","1956585","36","926660"
"chr18","1056542","1056786","chr18","1983095","1983359","41","926553"
"chr18","1102519","1102811","chr5","36374695","36374994","36","35272176"
"chr18","1175997","1176224","chr8","98564414","98564653","73","97388417"
"chr18","1230962","1231261","chr14","32972455","32972755","36","31741493"
"chr18","1231473","1231785","chr19","29025419","29025728","41","27793946"
"chr18","1290722","1291016","chr18","2231242","2231544","33","940520"
"chr18","1326981","1327284","chr9","82578710","82579015","38","81251729"
"chr18","1373796","1374114","chrX","1527681","1528002","46","153885"
"chr18","1381595","1381874","chr18","2318235","2318518","21","936640"
"chr18","1951706","1952017","chr1","157261144","157261453","41","155309438"
"chr18","2134729","2134951","chr18","3688190","3688413","24","1553461"
"chr18","2257345","2257652","chr18","3565844","3566140","31","1308499"
"chr18","2410286","2410574","chr18","3389278","3389562","23","978992"
"chr18","2432569","2432881","chr1","100887646","100887952","49","98455077"
"chr18","2654859","2655152","chr3","12024603","12024895","40","9369744"
"chr18","2799275","2799575","chr4","171953878","171954174","39","169154603"
"chr18","2899135","2899304","chr4","81515226","81515394","19","78616091"
"chr18","2938554","2938851","chr1","194446199","194446496","31","191507645"
"chr18","2974444","2974757","chr12","37404423","37404731","44","34429979"
"chr18","3052802","3053101","chr8","104031142","104031439","45","100978340"
"chr18","3223546","3223825","chr12","98383262","98383542","42","95159716"
"chr18","3243450","3243743","chr8","33472835","33473130","42","30229385"
"chr18","3294896","3295213","chr8","30072940","30073247","51","26778044"
"chr18","3389887","3390197","chr9","118968461","118968747","64","115578574"
"chr18","3512774","3513072","chr3","135591702","135592003","27","132078928"
"chr18","3651844","3652119","chr7","15207724","15208002","38","11555880"
"chr18","3670049","3670345","chr4","161025537","161025837","40","157355488"
"chr18","3819328","3819630","chr4","40078992","40079285","40","36259664"
"chr18","3872021","3872293","chrX","36693904","36694182","49","32821883"
"chr18","4027135","4027434","chr3","3628864","3629165","44","398271"
"chr18","4136170","4136470","chr4","192337165","192337456","49","188200995"
"chr18","4310463","4310779","chr14","20972619","20972931","45","16662156"
"chr18","4359679","4359989","chr2B","2648213","2648520","38","1711466"
"chr18","4433950","4434254","chr18","5869233","5869537","17","1435283"
"chr18","4464205","4464489","chr8","131497311","131497601","47","127033106"
"chr18","4549587","4549892","chr13","45710929","45711233","42","41161342"
"chr18","4698337","4698615","chr1","110347782","110348058","39","105649445"
"chr18","4763908","4764200","chr13","78314965","78315262","38","73551057"
"chr18","4790971","4791211","chr12","70925924","70926162","40","66134953"
"chr18","4903543","4903862","chrX","18242793","18243105","45","13339250"
"chr18","4957572","4957867","chr6","47581921","47582218","44","42624349"
"chr18","4983005","4983316","chr17","79404094","79404401","49","74421089"
"chr18","5459625","5459921","chr3","186504136","186504430","38","181044511"
"chr18","5765758","5766077","chr18","7328644","7328966","31","1562886"
"chr18","6197360","6197649","chr3","125417926","125418226","39","119220566"
"chr18","6207499","6207809","chr14","35491174","35491482","40","29283675"
"chr18","6234649","6234937","chr15","80391407","80391693","39","74156758"
"chr18","6360543","6360797","chr3","33206838","33207079","48","26846295"
"chr18","6458369","6458661","chr18","8060777","8061070","33","1602408"
"chr18","6499017","6499328","chr4","37953476","37953776","39","31454459"
"chr18","6635982","6636274","chr17","23231596","23231871","53","16595614"
"chr18","6666792","6667105","chr18","8276266","8276582","35","1609474"
"chr18","6738796","6739095","chr1","132554974","132555276","45","125816178"
"chr18","6808273","6808566","chr12","59907829","59908121","43","53099556"
"chr18","6847854","6848156","chr18","8456988","8457286","41","1609134"
"chr18","7110020","7110306","chr18","8723225","8723508","31","1613205"
"chr18","7136102","7136409","chr17","2764937","2765248","40","4371165"
"chr18","7139677","7139974","chr1","27021093","27021389","40","19881416"
"chr18","7895616","7895926","chr14","2564584","2564896","36","5331032"
"chr18","8492260","8492523","chr12","131788345","131788608","43","123296085"
"chr18","8709829","8709945","chr7","137530746","137530858","17","128820917"
"chr18","8999742","9000000","chr2B","91452599","91452856","47","82452857"
"chr18","9388119","9388410","chr3","200664126","200664415","29","191276007"
"chr18","9630277","9630551","chr21","34811777","34812045","49","25181500"
"chr18","9658265","9658577","chr2B","65741490","65741803","39","56083225"
"chr18","9675382","9675680","chr1","45200317","45200620","42","35524935"
"chr18","9682056","9682373","chr15","80577834","80578133","46","70895778"
"chr18","9735094","9735403","chr6","35622489","35622796","41","25887395"
"chr18","10061939","10062210","chr3","46088651","46088921","47","36026712"
"chr18","10210651","10210940","chr5","160987933","160988228","53","150777282"
"chr18","10256637","10256913","chr18","12016177","12016472","45","1759540"
"chr18","10416804","10417122","chr10","36940510","36940825","40","26523706"
"chr18","10433226","10433533","chr3","197478809","197479109","48","187045583"
"chr18","10511596","10511876","chr13","81714037","81714310","50","71202441"
"chr18","10617589","10617734","chr16","71089169","71089311","22","60471580"
"chr18","10695577","10695882","chr1","35990880","35991182","37","25295303"
"chr18","10753779","10754089","chr18","12530703","12531002","38","1776924"
"chr18","10832121","10832426","chr4","175250695","175251004","45","164418574"
"chr18","10841440","10841721","chr16","15232771","15233053","40","4391331"
"chr18","10841722","10841918","chr21","27572893","27573087","36","16731171"
"chr18","10904355","10904663","chr15","18246269","18246581","40","7341914"
"chr18","10957800","10958098","chr19","15197308","15197609","43","4239508"
"chr18","11199719","11200072","chr5","8586547","8586874","69","2613172"
"chr18","11207735","11208049","chr12","8706461","8706771","40","2501274"
"chr18","11230833","11231165","chr10","37211192","37211508","59","25980359"
"chr18","12132582","12132889","chr6","37682797","37683102","38","25550215"
"chr18","12281764","12282057","chr18","14156360","14156651","27","1874596"
"chr18","12323855","12324052","chr19","40396949","40397128","36","28073094"
"chr18","12324139","12324272","chr21","37655364","37655500","16","25331225"
"chr18","12350636","12350920","chr14","36230486","36230773","36","23879850"
"chr18","12414195","12414497","chr3","3628864","3629165","38","8785331"
"chr18","12434218","12434510","chr1","144529989","144530282","38","132095771"
"chr18","12493776","12494062","chr10","88850772","88851066","45","76356996"
"chr18","12520989","12521291","chr5","39356164","39356465","40","26835175"
"chr18","12565866","12566124","chrX","134562038","134562303","47","121996172"
"chr18","12604705","12605021","chr5","154526673","154526988","47","141921968"
"chr18","12623503","12623796","chr17","9644327","9644622","33","2979176"
"chr18","12670802","12671064","chrX","119746098","119746358","59","107075296"
"chr18","12707654","12707958","chr5","24415712","24416011","37","11708058"
"chr18","12774351","12774647","chr1","27021093","27021389","32","14246742"
"chr18","12823810","12824113","chr7","29021792","29022096","42","16197982"
"chr18","12959899","12960196","chr16","60270465","60270767","58","47310566"
"chr18","13028452","13028748","chr18","17496269","17496567","29","4467817"
"chr18","13040983","13041273","chr13","33361251","33361548","33","20320268"
"chr18","13293417","13293728","chr3","6092861","6093175","48","7200556"
"chr18","13295572","13295874","chr4","198798700","198799005","33","185503128"
"chr18","13456484","13456773","chr4","199930261","199930551","41","186473777"
"chr18","13509261","13509569","chr1","60766014","60766316","41","47256753"
"chr18","13538561","13538867","chr18","17992805","17993118","40","4454244"
"chr18","13575322","13575624","chr1","100887646","100887952","47","87312324"
"chr18","13622465","13622782","chr12","131931707","131932031","74","118309242"
"chr18","13685565","13685849","chr5","151678545","151678830","40","137992980"
"chr18","13689958","13690207","chr14","62662099","62662351","36","48972141"
"chr18","13703748","13704049","chr9","95769733","95770031","45","82065985"
"chr18","13715946","13716239","chr16","49395439","49395731","35","35679493"
"chr18","13776729","13777031","chr1","55949830","55950134","47","42173101"
"chr18","13783712","13784022","chr5","162326402","162326716","36","148542690"
"chr18","13828333","13828638","chr18","18296403","18296709","23","4468070"
"chr18","13828822","13829135","chr18","18296889","18297202","28","4468067"
"chr18","13928474","13928768","chr17","4421208","4421514","47","9507266"
"chr18","13970383","13970695","chr2B","107373831","107374141","30","93403448"
"chr18","14161285","14161587","chr18","18679996","18680292","38","4518711"
"chr18","14190859","14191152","chr18","18708523","18708829","32","4517664"
"chr18","14257623","14257934","chr13","62764436","62764745","37","48506813"
"chr18","14272641","14272924","chr19","10545129","10545406","56","3727512"
"chr18","14306167","14306477","chr14","77304145","77304459","40","62997978"
"chr18","14472417","14472698","chr3","23553039","23553323","34","9080622"
"chr18","14484898","14485147","chr12","81903708","81903964","35","67418810"
"chr18","14486176","14486444","chr2A","21319010","21319285","38","6832834"
"chr18","15099606","15099918","chr14","74198044","74198357","41","59098438"
"chr18","15186190","15186484","chr18","19699053","19699345","25","4512863"
"chr18","15189789","15189939","chr4","48588512","48588669","21","33398723"
"chr18","15190572","15190704","chrX","34847992","34848113","31","19657420"
"chr18","15194963","15195272","chr10","140604064","140604370","37","125409101"
"chr18","15242015","15242305","chr9","81354291","81354584","38","66112276"
"chr18","15285157","15285460","chr18","19797885","19798199","34","4512728"
"chr18","15329113","15329422","chr18","19840333","19840634","32","4511220"
"chr18","15435402","15435707","chr6","35622489","35622796","32","20187087"
"chr18","15477699","15478008","chr3","2931636","2931947","45","12546063"
"chr18","15494178","15494482","chr18","20008956","20009261","24","4514778"
"chr18","15553123","15553417","chr18","20062790","20063086","32","4509667"
"chr18","15707211","15707523","chr18","20229543","20229857","26","4522332"
"chr18","15737602","15737915","chr6","6752789","6753094","43","8984813"
"chr18","15742576","15742881","chr18","20263234","20263541","37","4520658"
"chr18","15900131","15900434","chr1","100887646","100887952","40","84987515"
"chr18","15964021","15964169","chr18","20450921","20451070","13","4486900"
"chr18","16140487","16140785","chrX","36406749","36407049","35","20266262"
"chr18","16287258","16287562","chr5","15352472","15352776","36","934786"
"chr18","16384208","16384491","chr15","44703221","44703496","45","28319013"
"chr18","16464384","16464692","chr1","191149848","191150155","39","174685464"
"chr18","16480688","16480976","chr18","20982360","20982647","19","4501672"
"chr18","16841173","16841489","chr1","100887646","100887952","35","84046473"
"chr18","16927074","16927369","chr8","102357253","102357548","35","85430179"
"chr18","17205688","17205997","chr18","21756959","21757258","31","4551271"
"chr18","17516870","17517173","chr5","51774532","51774825","50","34257662"
"chr18","17568511","17568803","chr1","52786923","52787214","47","35218412"
"chr18","17780232","17780522","chr5","115790615","115790914","39","98010383"
"chr18","17964166","17964471","chr1","153367727","153368028","39","135403561"
"chr18","18037525","18037834","chrX","97594986","97595289","34","79557461"
"chr18","18075468","18075767","chr7","138662760","138663060","36","120587292"
"chr18","18290203","18290290","chr12","35064467","35064552","17","16774264"
"chr18","18303365","18303677","chr1","22955832","22956145","37","4652467"
"chr18","18496434","18496737","chr16","30922722","30923023","35","12426288"
"chr18","18576733","18576841","chr10","124592203","124592313","14","106015470"
"chr18","19381347","19381682","chr4","6088916","6089250","58","13292431"
"chr18","19448785","19449093","chr19","38050513","38050826","37","18601728"
"chr18","19463242","19463550","chr17","79404094","79404401","37","59940852"
"chr18","19806821","19807128","chrX","97594986","97595289","40","77788165"
"chr18","19839005","19839279","chr1","224694915","224695201","48","204855910"
"chr18","19904105","19904402","chr10","46497618","46497900","66","26593513"
"chr18","20223571","20223874","chr13","66616993","66617297","37","46393422"
"chr18","20519813","20520105","chr7","132389917","132390213","35","111870104"
"chr18","20616946","20617239","chr5","160483036","160483330","43","139866090"
"chr18","20717673","20717922","chr3","67751426","67751684","53","47033753"
"chr18","20797476","20797786","chr5","61094756","61095066","47","40297280"
"chr18","20871554","20871850","chr13","16606311","16606607","37","4265243"
"chr18","22118626","22118939","chr12","8706461","8706771","37","13412165"
"chr18","22613912","22614191","chr7","15207724","15208002","42","7406188"
"chr18","23153507","23153817","chr18","27940587","27940895","21","4787080"
"chr18","23441497","23441790","chr1","23083897","23084189","38","357600"
"chr18","23725136","23725407","chrX","47378035","47378310","40","23652899"
"chr18","23892061","23892333","chr18","28702820","28703100","40","4810759"
"chr18","23935338","23935634","chr4","40078992","40079285","45","16143654"
"chr18","24229484","24229761","chr7","70128433","70128712","42","45898949"
"chr18","24334245","24334559","chr8","145823123","145823430","43","121488878"
"chr18","24515494","24515785","chr18","29316895","29317187","17","4801401"
"chr18","24719360","24719524","chr5","117639202","117639368","21","92919842"
"chr18","24721013","24721175","chr5","117639202","117639368","23","92918189"
"chr18","25079441","25079721","chr7","15207724","15208002","37","9871717"
"chr18","25670106","25670413","chr20","35582405","35582711","32","9912299"
"chr18","26287195","26287503","chr6","14548565","14548875","42","11738630"
"chr18","26711406","26711716","chr18","31510025","31510337","33","4798619"
"chr18","26928521","26928820","chr3","188307427","188307730","44","161378906"
"chr18","26977124","26977387","chr18","31838252","31838544","52","4861128"
"chr18","27367629","27367937","chr18","32245731","32246022","36","4878102"
"chr18","27400959","27401273","chr14","74198044","74198357","36","46797085"
"chr18","28108292","28108604","chr18","33009420","33009732","27","4901128"
"chr18","28110852","28111149","chr9","108111460","108111757","41","80000608"
"chr18","28123107","28123410","chr18","33023999","33024307","27","4900892"
"chr18","28235291","28235604","chr18","33156600","33156913","30","4921309"
"chr18","28573234","28573526","chr18","33473913","33474205","27","4900679"
"chr18","28884577","28884863","chr18","33833256","33833541","30","4948679"
"chr18","29079976","29080239","chr7","65155241","65155502","41","36075265"
"chr18","29181651","29181905","chr10","43187932","43188189","40","14006281"
"chr18","29536551","29536832","chr16","23190870","23191153","47","6345681"
"chr18","29895446","29895742","chr18","34848365","34848661","30","4952919"
"chr18","29943123","29943445","chr14","32903808","32904126","64","2960685"
"chr18","30429694","30429782","chr16","68075337","68075423","13","37645643"
"chr18","31479037","31479329","chr1","185054973","185055268","39","153575936"
"chr18","31793468","31793762","chr16","12186594","12186889","42","19606874"
"chr18","31796788","31797104","chr10","36119294","36119606","43","4322506"
"chr18","31832389","31832650","chr12","76915481","76915745","47","45083092"
"chr18","31929948","31930261","chr18","36865535","36865852","24","4935587"
"chr18","32341084","32341386","chr18","37319619","37319929","37","4978535"
"chr18","32694544","32694769","chr18","37684753","37684981","28","4990209"
"chr18","32703976","32704281","chr6","39813718","39814020","40","7109742"
"chr18","32944303","32944613","chr1","134763713","134764022","42","101819410"
"chr18","33444518","33444825","chr12","31896404","31896707","37","1548114"
"chr18","33451832","33452131","chr12","59907829","59908121","27","26455997"
"chr18","33994797","33995104","chr13","89348099","89348405","40","55353302"
"chr18","34199054","34199352","chr18","39180391","39180696","37","4981337"
"chr18","34313719","34314032","chr9","74575275","74575588","28","40261556"
"chr18","34647206","34647380","chr13","43834522","43834689","25","9187316"
"chr18","34764721","34765007","chrUn_CABD030131550v1","8094","8384","37","34756627"
"chr18","34949357","34949663","chr18","39913365","39913665","38","4964008"
"chr18","35298110","35298421","chr12","8706461","8706771","41","26591649"
"chr18","35513879","35514190","chr18","40466762","40467088","42","4952883"
"chr18","35733634","35733946","chr18","40688108","40688416","35","4954474"
"chr18","36198459","36198744","chr18","41131050","41131343","36","4932591"
"chr18","36731638","36731926","chr18","41671019","41671307","29","4939381"
"chr18","36906454","36906765","chr17","69846993","69847300","34","32940539"
"chr18","37359118","37359406","chr18","42309128","42309423","30","4950010"
"chr18","37388051","37388361","chr3","55843499","55843803","57","18455448"
"chr18","37634416","37634727","chr18","42589653","42589964","28","4955237"
"chr18","37850467","37850766","chr1","6652510","6652816","57","31197957"
"chr18","37865132","37865421","chr18","42876598","42876893","29","5011466"
"chr18","37984136","37984406","chr18","42996273","42996545","40","5012137"
"chr18","38092728","38093014","chr13","47725197","47725479","35","9632469"
"chr18","38139548","38139846","chr18","43148658","43148954","21","5009110"
"chr18","38149647","38149890","chr3","33206838","33207079","40","4942809"
"chr18","38178872","38179057","chrX","8143783","8143945","51","30035089"
"chr18","38261154","38261471","chr1","100887646","100887952","37","62626492"
"chr18","38296655","38296965","chr1","100887646","100887952","35","62590991"
"chr18","38320806","38321087","chr19","48064099","48064377","38","9743293"
"chr18","38671819","38672132","chr1","157261144","157261453","39","118589325"
"chr18","38837915","38838235","chr9","12114478","12114795","54","26723437"
"chr18","38917293","38917583","chr18","43902402","43902691","27","4985109"
"chr18","38965535","38965844","chr15","67619999","67620309","40","28654464"
"chr18","38979482","38979767","chr20","36320473","36320769","47","2659009"
"chr18","39120999","39121303","chr2A","18441036","18441339","42","20679963"
"chr18","39514343","39514678","chr11","114009659","114009980","55","74495316"
"chr18","39554898","39555176","chr15","80239729","80240012","45","40684831"
"chr18","39698946","39699249","chr1","193093295","193093604","42","153394349"
"chr18","40335740","40336035","chr14","24714586","24714893","51","15621154"
"chr18","40400826","40401094","chr1","66580123","66580404","57","26179297"
"chr18","40670081","40670375","chr12","3105971","3106266","33","37564110"
"chr18","40920809","40921124","chr17","79404094","79404401","44","38483285"
"chr18","41003753","41004046","chr17","823625","823917","51","40180128"
"chr18","41024158","41024466","chr19","47549022","47549328","34","6524864"
"chr18","41184843","41185149","chr18","46316460","46316765","22","5131617"
"chr18","41408671","41408972","chrX","36406749","36407049","35","5001922"
"chr18","41413343","41413654","chr14","45077767","45078073","44","3664424"
"chr18","41457557","41457851","chr5","156184518","156184813","38","114726961"
"chr18","41470540","41470848","chr1","100887646","100887952","35","59417106"
"chr18","41471227","41471520","chr6","172320858","172321142","51","130849631"
"chr18","41497292","41497591","chrX","18796354","18796648","34","22700938"
"chr18","41550005","41550299","chr5","58032088","58032384","35","16482083"
"chr18","41551978","41552140","chr5","120539292","120539462","30","78987314"
"chr18","41563241","41563573","chr7","73180160","73180490","58","31616919"
"chr18","41586140","41586444","chr18","46709469","46709771","24","5123329"
"chr18","41587384","41587710","chr7","4782096","4782422","76","36805288"
"chr18","41619175","41619485","chr2B","16433354","16433662","41","25185821"
"chr18","41619799","41620096","chr18","46730987","46731281","30","5111188"
"chr18","41661368","41661685","chr18","46767958","46768282","35","5106590"
"chr18","41685177","41685492","chr14","20972619","20972931","38","20712558"
"chr18","41803922","41804221","chr19","37791442","37791741","34","4012480"
"chr18","42253873","42254145","chrX","119746098","119746358","53","77492225"
"chr18","42731830","42732122","chr7","68220124","68220418","32","25488294"
"chr18","42938238","42938527","chr18","48053292","48053576","34","5115054"
"chr18","43159476","43159771","chr18","48277219","48277518","22","5117743"
"chr18","43165738","43166040","chr10","24151028","24151329","36","19014710"
"chr18","43193779","43194074","chr18","48344911","48345211","31","5151132"
"chr18","43229606","43229889","chr9","114512348","114512618","48","71282742"
"chr18","43363330","43363629","chr3","175283421","175283732","53","131920091"
"chr18","43955948","43956260","chr8","630106","630417","38","43325842"
"chr18","43967405","43967695","chr3","138772565","138772857","40","94805160"
"chr18","44029719","44030022","chr1","197931021","197931326","42","153901302"
"chr18","44165425","44165730","chr18","49336502","49336813","25","5171077"
"chr18","44511193","44511495","chr18","49658543","49658827","36","5147350"
"chr18","44607032","44607359","chr16","49258474","49258790","44","4651442"
"chr18","45431517","45431820","chr5","22049247","22049559","41","23382270"
"chr18","46266852","46267144","chr1","204184641","204184943","51","157917789"
"chr18","46384145","46384437","chr10","30706997","30707281","47","15677148"
"chr18","46458799","46459107","chr18","51448179","51448482","28","4989380"
"chr18","46469161","46469477","chr10","140604064","140604370","39","94134903"
"chr18","46470164","46470201","chr18","56150677","56150711","18","9680513"
"chr18","46470204","46470508","chr9","118968461","118968747","53","72498257"
"chr18","46617029","46617333","chr1","185054973","185055268","42","138437944"
"chr18","46716641","46716928","chr21","23838552","23838840","57","22878089"
"chr18","46743584","46743885","chr10","136766798","136767102","43","90023214"
"chr18","46856038","46856346","chr6","40081280","40081579","48","6774758"
"chr18","48099537","48099837","chr14","32972455","32972755","36","15127082"
"chr18","48657646","48657939","chr1","144529989","144530282","29","95872343"
"chr18","48807180","48807469","chr18","53918357","53918661","46","5111177"
"chr18","48827656","48827962","chr10","136766798","136767102","42","87939142"
"chr18","48872272","48872584","chr3","5312425","5312728","51","43559847"
"chr18","49048251","49048565","chr5","10498242","10498555","37","38550009"
"chr18","49803878","49804183","chr14","87826246","87826553","35","38022368"
"chr18","49830475","49830783","chr18","54939525","54939841","30","5109050"
"chr18","49850544","49850845","chr8","33426579","33426880","43","16423965"
"chr18","49888708","49888988","chr15","52950317","52950594","47","3061609"
"chr18","49911863","49912160","chr13","29845978","29846277","52","20065885"
"chr18","49923108","49923398","chr19","45984366","45984662","44","3938742"
"chr18","49933530","49933836","chr4","198977209","198977521","38","149043679"
"chr18","49975047","49975351","chr1","10843872","10844174","34","39131175"
"chr18","50019457","50019654","chr15","4092119","4092319","38","45927338"
"chr18","50020905","50021217","chr2A","21134848","21135157","37","28886057"
"chr18","50267563","50267870","chr5","10868671","10868985","36","39398892"
"chr18","50288133","50288344","chr12","5926125","5926316","49","44362008"
"chr18","50832339","50832651","chr1","40966383","40966697","42","9865956"
"chr18","51028605","51028901","chr10","16102299","16102594","46","34926306"
"chr18","51053036","51053334","chr18","56178510","56178807","25","5125474"
"chr18","51075015","51075316","chr1","115102960","115103258","42","64027945"
"chr18","51184032","51184347","chr10","136766798","136767102","42","85582766"
"chr18","51470558","51470900","chr18","56636297","56636614","72","5165739"
"chr18","51768500","51768810","chr9","108229509","108229814","30","56461009"
"chr18","51860374","51860638","chr12","131788345","131788608","46","79927971"
"chr18","51873495","51873772","chr18","57127074","57127360","38","5253579"
"chr18","52081369","52081658","chr3","199286699","199286993","44","147205330"
"chr18","52082723","52083018","chr16","21547474","21547770","46","30535249"
"chr18","52100783","52101096","chr7","130411286","130411597","34","78310503"
"chr18","52188535","52188833","chr14","74198044","74198357","42","22009509"
"chr18","52507147","52507437","chr9","81354291","81354584","31","28847144"
"chr18","53492113","53492408","chr18","58686981","58687261","47","5194868"
"chr18","53651184","53651475","chr5","160987933","160988228","36","107336749"
"chr18","53899246","53899558","chr18","59114224","59114533","31","5214978"
"chr18","54135787","54136057","chr7","80077000","80077281","47","25941213"
"chr18","54151777","54152042","chr12","6236698","6236971","58","47915079"
"chr18","54175855","54176168","chr17","79404094","79404401","38","25228239"
"chr18","54376308","54376619","chr1","13582785","13583095","36","40793523"
"chr18","54423335","54423636","chr18","59646751","59647051","51","5223416"
"chr18","54577418","54577709","chr22","21098200","21098493","32","33479218"
"chr18","54706450","54706760","chr18","59918384","59918694","24","5211934"
"chr18","54865747","54866054","chr17","4925082","4925385","41","49940665"
"chr18","54873382","54873692","chr17","2589116","2589422","45","52284266"
"chr18","54873772","54874085","chr18","60084882","60085187","36","5211110"
"chr18","54988547","54988841","chr5","117859800","117860087","45","62871253"
"chr18","55083069","55083381","chr1","204184641","204184943","37","149101572"
"chr18","55112116","55112410","chr7","57026293","57026584","37","1914177"
"chr18","55121305","55121614","chr3","197346369","197346679","44","142225064"
"chr18","55131907","55132207","chr10","24151028","24151329","40","30980879"
"chr18","55217627","55217915","chr16","11108091","11108389","35","44109536"
"chr18","55227686","55227996","chr7","72803004","72803316","34","17575318"
"chr18","55235369","55235676","chr10","136766798","136767102","36","81531429"
"chr18","55344056","55344364","chr17","79404094","79404401","35","24060038"
"chr18","55570006","55570318","chr18","60808865","60809186","33","5238859"
"chr18","55601953","55602262","chr10","13819024","13819332","38","41782929"
"chr18","55605313","55605620","chr18","60844623","60844930","17","5239310"
"chr18","55641180","55641490","chr17","7124898","7125211","46","48516282"
"chr18","55671045","55671357","chr4","106451241","106451549","43","50780196"
"chr18","55763110","55763419","chr18","60998389","60998684","27","5235279"
"chr18","55857110","55857288","chr12","123620451","123620628","30","67763341"
"chr18","56218507","56218808","chr6","128406996","128407303","40","72188489"
"chr18","56495928","56496218","chr1","185054973","185055268","37","128559045"
"chr18","56577891","56578200","chr18","61817483","61817786","28","5239592"
"chr18","56735275","56735575","chr13","62764436","62764745","41","6029161"
"chr18","56861338","56861634","chr2B","131682097","131682398","47","74820759"
"chr18","57004319","57004624","chr2A","31692393","31692699","38","25311926"
"chr18","57025494","57025634","chr14","44685173","44685313","27","12340321"
"chr18","57325745","57326045","chr6","36213221","36213526","45","21112524"
"chr18","57786047","57786370","chr18","63117132","63117444","39","5331085"
"chr18","58201788","58202095","chr3","199354321","199354630","44","141152533"
"chr18","58417067","58417151","chrUn_CABD030133092v1","1","88","15","58417066"
"chr18","58836386","58836686","chr6","155659159","155659460","45","96822773"
"chr18","59494758","59495072","chr1","132729492","132729799","36","73234734"
"chr18","59498538","59498841","chr18","64897625","64897930","35","5399087"
"chr18","59508855","59509061","chr21","27572893","27573087","39","31935962"
"chr18","59614996","59615305","chr13","18563727","18564036","38","41051269"
"chr18","59987150","59987329","chr19","49500498","49500677","25","10486652"
"chr18","60444709","60444984","chr18","65830923","65831213","33","5386214"
"chr18","61111097","61111364","chr5","164937765","164938039","43","103826668"
"chr18","61703165","61703457","chr18","67145180","67145472","25","5442015"
"chr18","61887872","61888174","chr6","112352788","112353092","40","50464916"
"chr18","62152065","62152352","chr17","59104636","59104927","39","3047429"
"chr18","62407604","62407941","chr18","67868924","67869269","35","5461320"
"chr18","62583497","62583766","chr1","40467054","40467328","50","22116443"
"chr18","62589202","62589481","chr15","80391407","80391693","42","17802205"
"chr18","62623431","62623753","chr7","5261405","5261726","44","57362026"
"chr18","62694476","62694788","chr4","198295008","198295316","37","135600532"
"chr18","62738510","62738820","chr20","13403253","13403563","48","49335257"
"chr18","63653734","63654061","chr20","14840556","14840866","50","48813178"
"chr18","63664453","63664758","chr3","2931636","2931947","50","60732817"
"chr18","63710024","63710329","chr18","68831499","68831791","42","5121475"
"chr18","63806418","63806721","chr4","37953476","37953776","36","25852942"
"chr18","64073232","64073530","chr12","30338513","30338812","39","33734719"
"chr18","64241628","64241819","chr3","104744785","104744978","29","40503157"
"chr18","64543830","64544116","chr19","50709318","50709600","40","13834512"
"chr18","64926809","64927110","chr9","120336072","120336372","50","55409263"
"chr18","65010351","65010648","chr3","33692080","33692378","43","31318271"
"chr18","65809346","65809610","chr4","186248189","186248453","41","120438843"
"chr18","66403306","66403618","chr3","51046258","51046568","42","15357048"
"chr18","66406656","66406968","chr3","49274363","49274680","42","17132293"
"chr18","66427064","66427368","chr7","75795144","75795454","36","9368080"
"chr18","66446931","66447245","chr3","199354321","199354630","42","132907390"
"chr18","66458734","66459010","chr1","181950388","181950673","49","115491654"
"chr18","66954760","66955056","chr18","72660261","72660568","32","5705501"
"chr18","67016726","67017002","chr1","24189834","24190118","30","42826892"
"chr18","67030709","67031009","chr18","72741982","72742276","23","5711273"
"chr18","67146774","67147062","chr4","171953878","171954174","47","104807104"
"chr18","67349119","67349419","chr18","59918384","59918694","37","7430735"
"chr18","67727965","67728264","chr10","119877229","119877529","44","52149264"
"chr18","68942340","68942638","chr5","124260956","124261255","40","55318616"
"chr18","68954108","68954424","chr22","19766314","19766620","44","49187794"
"chr18","68968393","68968690","chr17","9644327","9644622","32","59324066"
"chr18","69017873","69018176","chr18","74709378","74709672","28","5691505"
"chr18","69497440","69497607","chr1","1569780","1569950","33","67927660"
"chr18","69816336","69816633","chr4","197519800","197520092","45","127703464"
"chr18","70187951","70188256","chr6","35622489","35622796","40","34565462"
"chr18","71054889","71055177","chr1","131010241","131010539","44","59955352"
"chr18","71082775","71083090","chr18","76934368","76934672","48","5851593"
"chr18","71196120","71196417","chr1","23083897","23084189","44","48112223"
"chr18","71306093","71306395","chr8","141580771","141581074","35","70274678"
"chr18","71595741","71596019","chr3","156222300","156222588","39","84626559"
"chr18","72012682","72012969","chr9","91740363","91740664","41","19727681"
"chr18","72027897","72028205","chr10","136766798","136767102","41","64738901"
"chr19","15073226","15073536","chr19","16251364","16251673","24","1178138"
"chr19","15597428","15597690","chr13","89911763","89912027","40","74314335"
"chr19","20578042","20578356","chr19","23685814","23686105","43","3107772"
"chr19","50069260","50069580","chr12","51620662","51620972","51","1551402"
"chr19","38396","38687","chr21","23838552","23838840","41","23800156"
"chr19","183961","184270","chr2B","125039405","125039704","43","124855444"
"chr19","336941","337250","chr17","79404094","79404401","38","79067153"
"chr19","386509","386806","chr5","160987933","160988228","35","160601424"
"chr19","411583","411895","chr19","450558","450867","31","38975"
"chr19","482636","482936","chr6","6752789","6753094","40","6270153"
"chr19","494419","494711","chr12","59907829","59908121","37","59413410"
"chr19","496458","496776","chr9","73383977","73384295","51","72887519"
"chr19","519875","520165","chr5","45856163","45856467","46","45336288"
"chr19","525166","525338","chr13","43834522","43834689","35","43309356"
"chr19","553395","553701","chr4","139819047","139819355","32","139265652"
"chr19","566288","566591","chr1","1695262","1695570","44","1128974"
"chr19","594417","594676","chr12","76915481","76915745","47","76321064"
"chr19","614910","615224","chr14","77304145","77304459","39","76689235"
"chr19","643072","643199","chr11","65702711","65702843","26","65059639"
"chr19","643668","643743","chr22","26236011","26236081","15","25592343"
"chr19","693144","693427","chr4","181240114","181240406","52","180546970"
"chr19","830982","831303","chr2A","79839508","79839818","44","79008526"
"chr19","929641","929950","chr3","24226115","24226415","38","23296474"
"chr19","981491","981661","chr4","81515226","81515394","29","80533735"
"chr19","1183722","1183968","chr19","1231143","1231376","33","47421"
"chr19","1189586","1189885","chr19","1237059","1237361","20","47473"
"chr19","1216151","1216335","chr2B","84072443","84072619","26","82856292"
"chr19","1304538","1304846","chr4","198798700","198799005","43","197494162"
"chr19","1324349","1324633","chr19","1355781","1356069","28","31432"
"chr19","1327912","1328209","chr8","78695489","78695787","40","77367577"
"chr19","1344584","1344862","chr19","1372869","1373135","33","28285"
"chr19","1376673","1376972","chr1","93824549","93824847","39","92447876"
"chr19","1407994","1408230","chr17","85693179","85693444","62","84285185"
"chr19","1419737","1420035","chr12","117240987","117241284","39","115821250"
"chr19","1432821","1433132","chr3","53638610","53638915","42","52205789"
"chr19","1439220","1439532","chr19","1460944","1461235","48","21724"
"chr19","1450717","1451015","chr12","21276435","21276745","39","19825718"
"chr19","1476741","1477050","chr20","35582405","35582711","44","34105664"
"chr19","1500238","1500546","chr7","80058785","80059098","37","78558547"
"chr19","1500720","1501013","chr6","125884319","125884615","32","124383599"
"chr19","1514966","1515264","chr5","51774532","51774825","40","50259566"
"chr19","1569656","1569949","chr19","1574278","1574585","32","4622"
"chr19","1573824","1574130","chr7","72899498","72899802","34","71325674"
"chr19","1609104","1609423","chr19","1613427","1613737","31","4323"
"chr19","1773325","1773507","chr4","81515226","81515394","31","79741901"
"chr19","1791137","1791377","chr7","95880460","95880694","36","94089323"
"chr19","1873991","1874299","chr1","100887646","100887952","37","99013655"
"chr19","1884856","1885117","chr12","76915481","76915745","41","75030625"
"chr19","1908392","1908695","chr19","1884641","1884949","43","23751"
"chr19","1957108","1957311","chr9","106161369","106161567","33","104204261"
"chr19","1969477","1969744","chr3","155409710","155409966","43","153440233"
"chr19","2021663","2021966","chr4","38387917","38388218","41","36366254"
"chr19","2088802","2089100","chr17","94922195","94922494","42","92833393"
"chr19","2100844","2101155","chr4","40581263","40581571","47","38480419"
"chr19","2104306","2104617","chr1","29163733","29164039","31","27059427"
"chr19","2113337","2113649","chr2B","65741490","65741803","39","63628153"
"chr19","2176794","2177110","chr2B","95168475","95168788","51","92991681"
"chr19","2177188","2177488","chr16","44533602","44533904","34","42356414"
"chr19","2229075","2229380","chr10","136766798","136767102","33","134537723"
"chr19","2246910","2247223","chr1","33406715","33407026","45","31159805"
"chr19","2253870","2254177","chr7","114221634","114221937","51","111967764"
"chr19","2271408","2271720","chr1","157261144","157261453","41","154989736"
"chr19","2374307","2374617","chr3","99856159","99856472","48","97481852"
"chr19","2378944","2379265","chr12","29014010","29014317","42","26635066"
"chr19","2470209","2470475","chr12","76915481","76915745","40","74445272"
"chr19","2520318","2520634","chr17","79404094","79404401","50","76883776"
"chr19","2523073","2523368","chr1","7700882","7701173","33","5177809"
"chr19","2529348","2529641","chr13","33361251","33361548","29","30831903"
"chr19","2564249","2564537","chr17","59104636","59104927","40","56540387"
"chr19","2606178","2606490","chr17","38608208","38608518","43","36002030"
"chr19","2656598","2656897","chr3","144880561","144880847","49","142223963"
"chr19","2693024","2693323","chr9","11641215","11641514","45","8948191"
"chr19","2725168","2725468","chrX","43601029","43601333","34","40875861"
"chr19","2853058","2853362","chr6","53158380","53158685","41","50305322"
"chr19","2868112","2868422","chr10","129533299","129533601","47","126665187"
"chr19","2889156","2889453","chr4","37953476","37953776","37","35064320"
"chr19","2979982","2980302","chr2A","21134848","21135157","46","18154866"
"chr19","3004713","3005030","chr14","47857829","47858141","43","44853116"
"chr19","3041223","3041325","chr2B","121888812","121888913","18","118847589"
"chr19","3211711","3211955","chr4","75262680","75262905","52","72050969"
"chr19","3255313","3255625","chr2A","7285923","7286231","45","4030610"
"chr19","3280849","3281163","chr2A","21134848","21135157","37","17853999"
"chr19","3313907","3314210","chr19","3277458","3277762","29","36449"
"chr19","3358642","3358953","chr5","162326402","162326716","43","158967760"
"chr19","3363580","3363895","chr1","191149848","191150155","46","187786268"
"chr19","3494939","3495226","chr19","3472325","3472614","33","22614"
"chr19","3511780","3512084","chr5","1337460","1337763","33","2174320"
"chr19","3526743","3527045","chr17","7818044","7818344","41","4291301"
"chr19","3640910","3641200","chr15","48096690","48096980","32","44455780"
"chr19","3718662","3718964","chr19","44120906","44121205","46","40402244"
"chr19","3733184","3733258","chr8","125795308","125795381","12","122062124"
"chr19","3752439","3752741","chr3","135591702","135592003","40","131839263"
"chr19","3756835","3757139","chr17","23685358","23685658","39","19928523"
"chr19","3798485","3798774","chr1","181950388","181950673","37","178151903"
"chr19","3801263","3801571","chr19","3757918","3758231","37","43345"
"chr19","3831977","3832280","chr2B","95425788","95426089","39","91593811"
"chr19","3904509","3904818","chr2A","79839508","79839818","36","75934999"
"chr19","3947176","3947483","chr6","53158380","53158685","37","49211204"
"chr19","3955121","3955363","chrX","9676289","9676520","36","5721168"
"chr19","3968819","3969137","chr22","15277783","15278092","46","11308964"
"chr19","3975907","3976180","chr5","51774532","51774825","52","47798625"
"chr19","4024934","4025238","chr14","32972455","32972755","54","28947521"
"chr19","4061433","4061738","chr19","4019125","4019428","26","42308"
"chr19","4062200","4062492","chr3","200864068","200864353","45","196801868"
"chr19","4102384","4102685","chr12","120016914","120017219","50","115914530"
"chr19","4127777","4128079","chr4","83955527","83955809","51","79827750"
"chr19","4193075","4193389","chr14","77304145","77304459","39","73111070"
"chr19","4315004","4315314","chr5","24415712","24416011","51","20100708"
"chr19","4339908","4340216","chr14","14232248","14232558","34","9892340"
"chr19","4378069","4378396","chr4","48585107","48585416","61","44207038"
"chr19","4405238","4405573","chr1","164362054","164362396","66","159956816"
"chr19","4420023","4420328","chr1","100887646","100887952","39","96467623"
"chr19","4427575","4427885","chrX","97594986","97595289","45","93167411"
"chr19","4466137","4466439","chr17","54310657","54310956","39","49844520"
"chr19","4490445","4490720","chr9","16046919","16047196","42","11556474"
"chr19","4518461","4518772","chr19","4436254","4436565","30","82207"
"chr19","4527725","4528012","chrX","54441523","54441804","51","49913798"
"chr19","4552142","4552450","chr15","18246269","18246581","38","13694127"
"chr19","4602974","4603273","chr17","81504650","81504947","34","76901676"
"chr19","4698630","4698941","chr13","66616993","66617297","46","61918363"
"chr19","4722151","4722464","chr1","159310134","159310437","53","154587983"
"chr19","4794874","4795148","chr14","30944969","30945253","65","26150095"
"chr19","4933795","4934088","chr7","70900990","70901293","39","65967195"
"chr19","5008601","5008889","chr7","72899498","72899802","41","67890897"
"chr19","5078653","5078970","chrX","41587872","41588178","49","36509219"
"chr19","5147731","5147882","chr12","133208374","133208523","24","128060643"
"chr19","5147883","5148192","chr1","100887646","100887952","39","95739763"
"chr19","5156422","5156715","chr9","70252230","70252529","32","65095808"
"chr19","5212502","5212813","chr17","9558423","9558728","48","4345921"
"chr19","5382451","5382751","chr1","27021093","27021389","32","21638642"
"chr19","5405680","5405983","chr19","5410848","5411157","33","5168"
"chr19","5481422","5481512","chr13","9852334","9852425","17","4370912"
"chr19","5482554","5482859","chr1","132554974","132555276","37","127072420"
"chr19","5494304","5494616","chr14","88626901","88627211","39","83132597"
"chr19","5510710","5511022","chr19","5514565","5514866","49","3855"
"chr19","5524951","5525256","chr19","5531487","5531783","30","6536"
"chr19","5530656","5530969","chr10","101337366","101337681","38","95806710"
"chr19","5658408","5658716","chr6","153426958","153427261","54","147768550"
"chr19","5663718","5664020","chr17","81504650","81504947","32","75840932"
"chr19","5718479","5718774","chr19","5708788","5709085","32","9691"
"chr19","5781450","5781757","chr10","13819024","13819332","32","8037574"
"chr19","5822487","5822818","chr13","73739367","73739690","54","67916880"
"chr19","5862709","5863010","chr19","5859200","5859509","26","3509"
"chr19","5973331","5973601","chr19","5982228","5982495","24","8897"
"chr19","5975319","5975602","chr20","50572279","50572558","35","44596960"
"chr19","6023996","6024300","chr19","6032330","6032637","24","8334"
"chr19","6068782","6069084","chr1","89520461","89520765","32","83451679"
"chr19","6104096","6104153","chr6","90061226","90061275","11","83957130"
"chr19","6119098","6119272","chr11","70274868","70275024","35","64155770"
"chr19","6119727","6120032","chr1","37855279","37855579","50","31735552"
"chr19","6139805","6140103","chr5","25671437","25671735","43","19531632"
"chr19","6167702","6167966","chr5","20856959","20857224","38","14689257"
"chr19","6197189","6197489","chr17","23685358","23685658","39","17488169"
"chr19","6201123","6201413","chr6","169689147","169689442","43","163488024"
"chr19","6203300","6203602","chr5","160987933","160988228","43","154784633"
"chr19","6228435","6228733","chr5","160987933","160988228","35","154759498"
"chr19","6245625","6245939","chr19","6276374","6276673","35","30749"
"chr19","6312901","6313159","chr6","2478129","2478392","44","3834772"
"chr19","6400005","6400306","chr13","62735495","62735801","45","56335490"
"chr19","6407081","6407390","chr15","67619999","67620309","32","61212918"
"chr19","6417532","6417829","chr19","6468020","6468317","28","50488"
"chr19","6453009","6453310","chr19","6500100","6500390","31","47091"
"chr19","6476967","6477281","chr14","47857829","47858141","45","41380862"
"chr19","6522354","6522624","chr19","6567533","6567776","41","45179"
"chr19","6568062","6568381","chr19","6616662","6616972","40","48600"
"chr19","6574879","6575172","chr1","40476156","40476452","57","33901277"
"chr19","6594686","6594862","chr8","128593356","128593540","32","121998670"
"chr19","6645562","6645865","chr10","136766798","136767102","32","130121236"
"chr19","6673412","6673710","chr5","6317852","6318139","57","355560"
"chr19","6702848","6703163","chr3","12041820","12042133","42","5338972"
"chr19","6748000","6748301","chr19","6862749","6863046","37","114749"
"chr19","6758137","6758438","chr8","127695049","127695345","68","120936912"
"chr19","6765309","6765619","chr10","36119294","36119606","38","29353985"
"chr19","6819262","6819552","chr8","75537402","75537690","34","68718140"
"chr19","6868640","6868800","chr5","23448994","23449146","26","16580354"
"chr19","6869487","6869802","chr19","6985646","6985939","40","116159"
"chr19","6970944","6971249","chr1","20419313","20419616","39","13448369"
"chr19","6973806","6974118","chr2A","79839508","79839818","38","72865702"
"chr19","7011060","7011254","chr7","62885790","62885993","42","55874730"
"chr19","7011656","7011790","chr9","45575153","45575275","27","38563497"
"chr19","7046986","7047279","chr19","55361750","55362042","31","48314764"
"chr19","7096499","7096811","chr18","59918384","59918694","39","52821885"
"chr19","7312223","7312535","chr4","179466004","179466310","47","172153781"
"chr19","7375435","7375733","chr19","7538823","7539127","32","163388"
"chr19","7464264","7464574","chr19","7718064","7718370","31","253800"
"chr19","7502146","7502428","chr19","7677982","7678267","27","175836"
"chr19","7526758","7526889","chr19","7655748","7655873","17","128990"
"chr19","7527493","7527614","chrX","34847992","34848113","24","27320499"
"chr19","7530838","7531154","chr7","134871506","134871819","44","127340668"
"chr19","7549389","7549701","chr19","8166562","8166870","32","617173"
"chr19","7578381","7578676","chr5","117859800","117860087","55","110281419"
"chr19","7603904","7604210","chr13","89348099","89348405","39","81744195"
"chr19","7642317","7642621","chr11","17305005","17305310","37","9662688"
"chr19","7643574","7643833","chr5","129645197","129645453","50","122001623"
"chr19","7750574","7750893","chr19","52547637","52547945","49","44797063"
"chr19","7803215","7803479","chr12","131788345","131788608","46","123985130"
"chr19","7852426","7852736","chr1","100887646","100887952","34","93035220"
"chr19","7856264","7856557","chr3","49125643","49125940","38","41269379"
"chr19","7875899","7876215","chr11","95549087","95549398","46","87673188"
"chr19","7973457","7973776","chr1","134763713","134764022","40","126790256"
"chr19","8019947","8020289","chr3","102429845","102430183","55","94409898"
"chr19","8201867","8202214","chr3","22047910","22048257","62","13846043"
"chr19","8288126","8288427","chr1","28265791","28266094","37","19977665"
"chr19","8320442","8320753","chr1","205504083","205504391","40","197183641"
"chr19","8372453","8372743","chr10","136766798","136767102","47","128394345"
"chr19","8408945","8409264","chr14","23916952","23917265","45","15508007"
"chr19","8433782","8434071","chr19","9287669","9287960","24","853887"
"chr19","8448252","8448317","chr6","5084853","5084921","19","3363399"
"chr19","8448816","8449053","chr2B","96002893","96003128","42","87554077"
"chr19","8468311","8468585","chr5","141472998","141473273","30","133004687"
"chr19","8500710","8500977","chr12","76915481","76915745","42","68414771"
"chr19","8601854","8602166","chr6","35622489","35622796","51","27020635"
"chr19","8627933","8628061","chr6","31803854","31803980","16","23175921"
"chr19","8628832","8629002","chr4","47230309","47230475","34","38601477"
"chr19","8745921","8746193","chr3","173114973","173115249","43","164369052"
"chr19","8751516","8751829","chr19","9607245","9607545","48","855729"
"chr19","8761163","8761468","chr19","9615398","9615693","32","854235"
"chr19","8768877","8768991","chr6","116289331","116289435","26","107520454"
"chr19","8787843","8788162","chr1","150605301","150605610","47","141817458"
"chr19","8868880","8869193","chr2B","122501056","122501369","34","113632176"
"chr19","8921589","8921885","chr7","74342297","74342596","42","65420708"
"chr19","8946665","8946934","chr3","130511138","130511419","56","121564473"
"chr19","8950031","8950362","chr1","54464452","54464778","60","45514421"
"chr19","8950552","8950866","chr10","45646188","45646499","43","36695636"
"chr19","9009180","9009475","chr12","43988486","43988781","43","34979306"
"chr19","9026571","9026877","chr3","187177539","187177847","43","178150968"
"chr19","9085910","9086189","chr1","153075371","153075654","38","143989461"
"chr19","9098105","9098397","chr19","9940764","9941061","33","842659"
"chr19","9137750","9138050","chr19","9978614","9978919","31","840864"
"chr19","9290888","9291196","chr7","75795144","75795454","46","66504256"
"chr19","9292440","9292745","chr1","132554974","132555276","45","123262534"
"chr19","9300413","9300706","chr7","154438682","154438977","39","145138269"
"chr19","9323128","9323433","chr19","10136086","10136390","27","812958"
"chr19","9405862","9406177","chr5","25211209","25211524","45","15805347"
"chr19","9425807","9426104","chr5","36374695","36374994","35","26948888"
"chr19","9451782","9452080","chr9","43337074","43337374","33","33885292"
"chr19","9469536","9469845","chr1","27021093","27021389","41","17551557"
"chr19","9478611","9478888","chr1","6099213","6099485","45","3379398"
"chr19","9480363","9480672","chr2A","35909012","35909325","54","26428649"
"chr19","9558818","9559127","chr19","10378519","10378831","35","819701"
"chr19","9617382","9617697","chr15","18246269","18246581","56","8628887"
"chr19","9620115","9620422","chrX","97594986","97595289","50","87974871"
"chr19","9658778","9659045","chr20","43143123","43143405","55","33484345"
"chr19","9663641","9663938","chr1","27021093","27021389","37","17357452"
"chr19","9670072","9670380","chr19","10481101","10481404","32","811029"
"chr19","9682546","9682829","chr19","12883061","12883346","37","3200515"
"chr19","9707800","9708107","chrX","41587872","41588178","47","31880072"
"chr19","9711842","9712153","chr19","10523353","10523663","32","811511"
"chr19","9782300","9782595","chr14","9925289","9925585","27","142989"
"chr19","9797206","9797501","chr5","64763044","64763340","40","54965838"
"chr19","9866004","9866298","chr2A","59985648","59985942","29","50119644"
"chr19","9878226","9878538","chr5","22049247","22049559","43","12171021"
"chr19","9981366","9981665","chr22","9020129","9020431","39","961237"
"chr19","10000002","10000050","chrX","141179379","141179425","7","131179377"
"chr19","10052246","10052536","chr1","194446199","194446496","35","184393953"
"chr19","10072779","10073071","chr19","14027232","14027520","39","3954453"
"chr19","10098557","10098857","chr1","212881549","212881851","38","202782992"
"chr19","10182201","10182509","chr5","45856163","45856467","34","35673962"
"chr19","10229498","10229798","chr10","116503048","116503344","35","106273550"
"chr19","10239102","10239411","chr7","2112993","2113296","40","8126109"
"chr19","10264789","10265072","chr19","11080776","11081061","22","815987"
"chr19","10295874","10296179","chr7","72899498","72899802","32","62603624"
"chr19","10314927","10315190","chr11","68121528","68121809","52","57806601"
"chr19","10464273","10464565","chr5","51774532","51774825","41","41310259"
"chr19","10537469","10537770","chr19","11319558","11319853","31","782089"
"chr19","10548888","10549171","chr1","24189834","24190118","36","13640946"
"chr19","10620027","10620324","chr3","126817334","126817631","37","116197307"
"chr19","10656410","10656693","chr5","70103079","70103361","44","59446669"
"chr19","10665012","10665311","chr4","37953476","37953776","39","27288464"
"chr19","10670309","10670612","chr20","32211306","32211614","36","21540997"
"chr19","10793796","10794108","chr6","32378353","32378664","56","21584557"
"chr19","10822547","10822858","chr1","21844037","21844341","54","11021490"
"chr19","10866033","10866345","chr1","35515081","35515392","47","24649048"
"chr19","10885178","10885481","chr11","65999481","65999780","36","55114303"
"chr19","10933241","10933536","chr6","17120241","17120537","37","6187000"
"chr19","10993378","10993667","chr13","34006475","34006766","50","23013097"
"chr19","11000705","11001005","chr4","161025537","161025837","43","150024832"
"chr19","11072020","11072307","chr2A","21319010","21319285","42","10246990"
"chr19","11081928","11082216","chr19","11930435","11930728","31","848507"
"chr19","11255886","11256199","chr15","69276871","69277183","33","58020985"
"chr19","11259053","11259362","chr10","118319111","118319419","34","107060058"
"chr19","11352160","11352457","chr14","36693590","36693894","38","25341430"
"chr19","11449471","11449777","chr14","33153031","33153342","55","21703560"
"chr19","11597262","11597561","chr1","144529989","144530282","36","132932727"
"chr19","11598808","11599106","chr11","14213433","14213733","40","2614625"
"chr19","11617693","11617853","chr14","38934062","38934237","34","27316369"
"chr19","11619275","11619588","chr2A","4571612","4571923","34","7047663"
"chr19","11651486","11651660","chr4","81515226","81515394","22","69863740"
"chr19","11688651","11688929","chr17","7397249","7397531","42","4291402"
"chr19","11729128","11729427","chr14","77304145","77304459","40","65575017"
"chr19","11733219","11733522","chr7","72899498","72899802","31","61166279"
"chr19","11757605","11757917","chr22","34538362","34538671","44","22780757"
"chr19","11890379","11890669","chr5","64763044","64763340","38","52872665"
"chr19","11895111","11895292","chr19","2974694","2974872","23","8920417"
"chr19","11971097","11971399","chr19","12968725","12969040","37","997628"
"chr19","12007080","12007381","chr9","79965468","79965758","42","67958388"
"chr19","12021013","12021318","chr19","13013825","13014125","33","992812"
"chr19","12380028","12380326","chr20","12674881","12675147","64","294853"
"chr19","12467127","12467438","chr15","67619999","67620309","30","55152872"
"chr19","12492173","12492473","chr7","129287081","129287379","31","116794908"
"chr19","12523422","12523726","chr19","13530300","13530601","35","1006878"
"chr19","12580458","12580763","chr4","37953476","37953776","43","25373018"
"chr19","12583765","12584079","chr12","52850616","52850925","45","40266851"
"chr19","12596888","12597205","chr3","138880551","138880853","54","126283663"
"chr19","12622924","12623224","chr3","25624991","25625291","40","13002067"
"chr19","12679091","12679383","chr1","194446199","194446496","45","181767108"
"chr19","12790563","12790873","chr9","97329381","97329689","48","84538818"
"chr19","12792118","12792419","chr12","21476594","21476898","44","8684476"
"chr19","12795236","12795407","chr1","93213772","93213948","33","80418536"
"chr19","12820954","12821266","chr6","35622489","35622796","34","22801535"
"chr19","12826844","12827152","chr19","15927697","15927997","43","3100853"
"chr19","12846236","12846559","chr19","13851227","13851528","45","1004991"
"chr19","12853126","12853437","chr4","40581263","40581571","42","27728137"
"chr19","12903998","12904291","chr3","197719809","197720102","31","184815811"
"chr19","13013551","13013863","chr21","32787881","32788194","47","19774330"
"chr19","13044082","13044397","chr3","49274363","49274680","42","36230281"
"chr19","13086346","13086651","chr20","42366663","42366973","46","29280317"
"chr19","13099377","13099690","chr7","127657301","127657615","41","114557924"
"chr19","13145054","13145322","chr12","131788345","131788608","48","118643291"
"chr19","13156840","13157141","chr10","16102299","16102594","40","2945459"
"chr19","13172725","13173004","chr19","51413692","51413975","46","38240967"
"chr19","13211976","13212164","chr19","14196764","14196959","26","984788"
"chr19","13213159","13213260","chr16","3084056","3084162","31","10129103"
"chr19","13249200","13249512","chr10","36119294","36119606","36","22870094"
"chr19","13311589","13311901","chr2A","10355583","10355893","36","2956006"
"chr19","13327111","13327407","chr21","27515147","27515449","46","14188036"
"chr19","13356467","13356770","chr1","17435492","17435794","42","4079025"
"chr19","13374235","13374544","chr1","100887646","100887952","46","87513411"
"chr19","13378852","13379151","chr9","13234462","13234763","36","144390"
"chr19","13579733","13580040","chr8","44743772","44744075","39","31164039"
"chr19","13598240","13598527","chr9","118968461","118968747","54","105370221"
"chr19","13637261","13637564","chr19","30691912","30692212","52","17054651"
"chr19","13667412","13667724","chr16","4754253","4754556","43","8913159"
"chr19","13696193","13696513","chr6","8496582","8496898","48","5199611"
"chr19","13712087","13712391","chr3","135591702","135592003","33","121879615"
"chr19","13717354","13717672","chr10","121813796","121814102","43","108096442"
"chr19","13727604","13727914","chr13","12387157","12387465","37","1340447"
"chr19","13761518","13761827","chr3","2931636","2931947","43","10829882"
"chr19","13813378","13813676","chr7","154570538","154570845","46","140757160"
"chr19","13827976","13828234","chr5","161490258","161490511","44","147662282"
"chr19","13863395","13863704","chr19","48749897","48750207","39","34886502"
"chr19","13907004","13907300","chr19","14978710","14979017","26","1071706"
"chr19","13941373","13941681","chr19","15012678","15012989","37","1071305"
"chr19","13952042","13952332","chr5","45856163","45856467","47","31904121"
"chr19","14008469","14008779","chr17","3370830","3371136","37","10637639"
"chr19","14077739","14078070","chr14","77304145","77304459","60","63226406"
"chr19","14165556","14165746","chr9","106161369","106161567","46","91995813"
"chr19","14219735","14220006","chr1","222126053","222126337","47","207906318"
"chr19","14276113","14276405","chr19","33970963","33971252","35","19694850"
"chr19","14278623","14278925","chr4","40581263","40581571","42","26302640"
"chr19","14301233","14301541","chr7","127657301","127657615","38","113356068"
"chr19","14727423","14727737","chr19","15918497","15918807","34","1191074"
"chr19","14735719","14736031","chr17","12349722","12350033","33","2385997"
"chr19","14747880","14748175","chr5","160987933","160988228","29","146240053"
"chr19","14779584","14779880","chr1","13582785","13583095","53","1196799"
"chr19","14798589","14798890","chr19","15984718","15985010","37","1186129"
"chr19","14801249","14801556","chr19","15987217","15987526","33","1185968"
"chr19","14804204","14804509","chr6","44304477","44304783","36","29500273"
"chr19","14909259","14909571","chr20","35582405","35582711","36","20673146"
"chr19","14929320","14929623","chr1","194446199","194446496","31","179516879"
"chr19","14932317","14932619","chr19","16127308","16127626","38","1194991"
"chr19","14979527","14979841","chr6","35622489","35622796","46","20642962"
"chr19","14984146","14984440","chr19","16165047","16165342","22","1180901"
"chr19","15059396","15059689","chr17","9644327","9644622","43","5415069"
"chr19","15076663","15076963","chr6","35356727","35357029","30","20280064"
"chr19","15087781","15088081","chr3","11592628","11592929","36","3495153"
"chr19","15109724","15110005","chr8","22638870","22639147","46","7529146"
"chr19","15110018","15110307","chr1","86568052","86568344","45","71458034"
"chr19","15122560","15122660","chr1","29226369","29226480","20","14103809"
"chr19","15204532","15204834","chr12","51620662","51620972","52","36416130"
"chr19","15342571","15342877","chr9","59842059","59842366","46","44499488"
"chr19","15361641","15361944","chr4","171953878","171954174","40","156592237"
"chr19","15394978","15395265","chr1","216079505","216079791","58","200684527"
"chr19","15420499","15420761","chr10","106607864","106608139","45","91187365"
"chr19","15449657","15449932","chrX","115745405","115745689","42","100295748"
"chr19","15554711","15555024","chr7","2275267","2275574","52","13279444"
"chr19","15638611","15638852","chr4","38760537","38760771","55","23121926"
"chr19","15638903","15638977","chr22","19195613","19195682","12","3556710"
"chr19","15644088","15644404","chr2A","10355583","10355893","40","5288505"
"chr19","15694453","15694752","chr12","8893890","8894193","30","6800563"
"chr19","15703849","15704158","chr14","20972619","20972931","39","5268770"
"chr19","15759501","15759800","chr5","60420475","60420784","43","44660974"
"chr19","15815270","15815571","chr22","34314671","34314970","34","18499401"
"chr19","15820835","15821135","chr8","33472835","33473130","41","17652000"
"chr19","15884653","15884939","chr15","80391407","80391693","33","64506754"
"chr19","15911619","15911927","chr19","17207415","17207723","32","1295796"
"chr19","15932476","15932783","chr10","136766798","136767102","40","120834322"
"chr19","16019183","16019475","chr20","49546213","49546511","40","33527030"
"chr19","16030109","16030392","chrX","1737744","1738030","33","14292365"
"chr19","16062294","16062557","chr12","76915481","76915745","39","60853187"
"chr19","16086118","16086422","chr5","13160492","13160798","37","2925626"
"chr19","16133257","16133547","chr9","94919935","94920225","33","78786678"
"chr19","16150326","16150613","chr9","80098784","80099073","30","63948458"
"chr19","16274860","16275140","chr15","44703221","44703496","29","28428361"
"chr19","16288679","16288994","chr4","30282371","30282678","42","13993692"
"chr19","16333613","16333916","chr1","10843872","10844174","34","5489741"
"chr19","16389618","16389916","chr19","17732411","17732702","25","1342793"
"chr19","16420140","16420452","chr19","4036834","4037144","40","12383306"
"chr19","16461356","16461646","chrX","97594986","97595289","48","81133630"
"chr19","16569396","16569697","chr11","56432081","56432377","46","39862685"
"chr19","16602486","16602678","chrX","23903910","23904099","35","7301424"
"chr19","16623906","16624205","chr19","18006295","18006597","27","1382389"
"chr19","16626610","16626921","chr19","16602118","16602424","42","24492"
"chr19","16736695","16737001","chr13","8634043","8634347","40","8102652"
"chr19","16771927","16772234","chr15","42141648","42141949","35","25369721"
"chr19","16863390","16863759","chr18","20109227","20109570","112","3245837"
"chr19","16875389","16875693","chr3","126817334","126817631","44","109941945"
"chr19","16889813","16890105","chr15","34030838","34031123","42","17141025"
"chr19","16890106","16890401","chr5","160987933","160988228","38","144097827"
"chr19","16923259","16923558","chr6","940081","940375","42","15983178"
"chr19","16943758","16944060","chr5","124260956","124261255","36","107317198"
"chr19","16997047","16997352","chr1","28498242","28498544","55","11501195"
"chr19","17096648","17096894","chr12","131788345","131788608","55","114691697"
"chr19","17118637","17118933","chr19","18434930","18435229","27","1316293"
"chr19","17180120","17180428","chr3","58866049","58866355","43","41685929"
"chr19","17223216","17223533","chr7","76735395","76735710","39","59512179"
"chr19","17239016","17239320","chr5","45856163","45856467","42","28617147"
"chr19","17241804","17242115","chr5","52094540","52094846","37","34852736"
"chr19","17290680","17290970","chr14","36230486","36230773","35","18939806"
"chr19","17314276","17314572","chr5","160987933","160988228","41","143673657"
"chr19","17516688","17516991","chr19","18823992","18824298","29","1307304"
"chr19","17518280","17518545","chr1","52986441","52986711","48","35468161"
"chr19","17546616","17546924","chr19","18847327","18847629","35","1300711"
"chr19","17575214","17575498","chr12","79066133","79066418","39","61490919"
"chr19","17600238","17600538","chr7","74342297","74342596","46","56742059"
"chr19","17655582","17655898","chr19","18951544","18951856","35","1295962"
"chr19","17695937","17696106","chr6","141107307","141107479","28","123411370"
"chr19","17764257","17764555","chr11","17305005","17305310","37","459252"
"chr19","17816854","17817165","chr1","221106987","221107290","49","203290133"
"chr19","17897114","17897414","chr9","43337074","43337374","41","25439960"
"chr19","17947786","17948018","chrX","29661198","29661425","38","11713412"
"chr19","17971279","17971580","chr5","26135906","26136209","35","8164627"
"chr19","17974116","17974434","chr5","160987933","160988228","59","143013817"
"chr19","18011721","18012001","chr3","48723113","48723394","43","30711392"
"chr19","18051390","18051699","chr19","19336021","19336333","35","1284631"
"chr19","18076090","18076374","chr11","118704008","118704295","49","100627918"
"chr19","18091417","18091701","chr5","164140810","164141104","52","146049393"
"chr19","18264658","18264959","chrX","97594986","97595289","51","79330328"
"chr19","18272601","18272894","chr1","131010241","131010539","37","112737640"
"chr19","18308207","18308490","chr19","19596212","19596505","36","1288005"
"chr19","18342739","18343032","chr6","9619085","9619381","40","8723654"
"chr19","18374801","18375102","chr6","35622489","35622796","43","17247688"
"chr19","18547813","18548121","chr7","2112993","2113296","53","16434820"
"chr19","18578099","18578412","chr7","72803004","72803316","45","54224905"
"chr19","18690932","18691211","chrX","4670185","4670465","43","14020747"
"chr19","18788793","18789095","chr7","132575347","132575645","50","113786554"
"chr19","18871774","18872095","chr2A","10355583","10355893","50","8516191"
"chr19","18897596","18897907","chr19","20763548","20763845","44","1865952"
"chr19","19010888","19011194","chrX","21895251","21895553","42","2884363"
"chr19","19027184","19027483","chr3","192413334","192413629","32","173386150"
"chr19","19042275","19042557","chr1","203814340","203814616","54","184772065"
"chr19","19108611","19108904","chr8","146076240","146076523","48","126967629"
"chr19","19114205","19114504","chr5","2097394","2097688","37","17016811"
"chr19","19127917","19128162","chrX","1635177","1635426","44","17492740"
"chr19","19172933","19173240","chr5","162326402","162326716","41","143153469"
"chr19","19210836","19211148","chr3","48704650","48704958","55","29493814"
"chr19","19212237","19212533","chr5","36374695","36374994","37","17162458"
"chr19","19226438","19226745","chr19","21186399","21186706","32","1959961"
"chr19","19293692","19293973","chr1","24189834","24190118","36","4896142"
"chr19","19347477","19347782","chr19","21253310","21253635","46","1905833"
"chr19","19416077","19416376","chr7","64373628","64373941","50","44957551"
"chr19","19416870","19417180","chr11","31738668","31738976","40","12321798"
"chr19","19470865","19471118","chr19","21350693","21350951","33","1879828"
"chr19","19471807","19472068","chr22","9341333","9341593","42","10130474"
"chr19","19548718","19548798","chr8","32413551","32413628","11","12864833"
"chr19","19552750","19553055","chr9","73963392","73963702","42","54410642"
"chr19","19672666","19672961","chr2B","126006887","126007184","43","106334221"
"chr19","19688156","19688282","chr5","36592470","36592589","28","16904314"
"chr19","19711590","19711873","chr2A","35661107","35661394","54","15949517"
"chr19","19728753","19729047","chr2A","59985648","59985942","44","40256895"
"chr19","19752199","19752426","chr19","21695606","21695827","25","1943407"
"chr19","19837853","19838171","chr3","12041820","12042133","47","7796033"
"chr19","19875414","19875705","chr11","65999481","65999780","41","46124067"
"chr19","20173532","20173836","chr19","48562566","48562865","35","28389034"
"chr19","20329253","20329562","chr1","109323755","109324067","48","88994502"
"chr19","20342656","20342935","chr9","81354291","81354584","48","61011635"
"chr19","20362010","20362321","chr17","38608208","38608518","45","18246198"
"chr19","20398101","20398397","chr19","23349950","23350246","24","2951849"
"chr19","20408089","20408352","chr5","129645197","129645453","52","109237108"
"chr19","20412708","20413003","chr5","51774532","51774825","51","31361824"
"chr19","20472317","20472618","chr6","37682797","37683102","52","17210480"
"chr19","20588212","20588555","chr8","48982259","48982571","68","28394047"
"chr19","20610821","20611109","chr5","33727432","33727720","38","13116611"
"chr19","20662033","20662325","chr5","82014241","82014539","48","61352208"
"chr19","22514106","22514414","chrX","97594986","97595289","43","75080880"
"chr19","23064791","23065106","chr9","114786009","114786320","41","91721218"
"chr19","23109997","23110295","chr12","117088484","117088786","39","93978487"
"chr19","23644512","23644756","chr18","22896274","22896501","44","748238"
"chr19","24051684","24051986","chr10","136766798","136767102","43","112715114"
"chr19","24148309","24148544","chr16","50754893","50755126","33","26606584"
"chr19","24301806","24302114","chr10","86782884","86783195","45","62481078"
"chr19","24386276","24386587","chr4","24485675","24485985","40","99399"
"chr19","24505132","24505431","chr19","29320216","29320509","29","4815084"
"chr19","24522983","24523275","chr19","29340316","29340610","29","4817333"
"chr19","24525952","24526244","chr19","29343286","29343592","31","4817334"
"chr19","24527430","24527724","chr19","17050826","17051125","37","7476604"
"chr19","24532845","24533145","chr10","136766798","136767102","38","112233953"
"chr19","24535587","24535896","chr5","162326402","162326716","39","137790815"
"chr19","24560427","24560718","chrX","110758038","110758334","43","86197611"
"chr19","24659845","24660152","chr20","35582405","35582711","33","10922560"
"chr19","24732661","24732948","chr3","119846659","119846944","53","95113998"
"chr19","24980758","24981049","chr3","62892060","62892345","48","37911302"
"chr19","25093492","25093802","chr19","29919221","29919533","29","4825729"
"chr19","25660306","25660457","chr17","8148578","8148726","20","17511728"
"chr19","25939205","25939509","chr10","31847226","31847537","43","5908021"
"chr19","25944918","25945219","chr12","8893890","8894193","45","17051028"
"chr19","26595181","26595472","chr19","31376598","31376872","34","4781417"
"chr19","26820314","26820600","chr7","132389917","132390213","35","105569603"
"chr19","27007612","27007944","chr13","55838775","55839085","61","28831163"
"chr19","27124386","27124692","chr19","4665670","4665978","44","22458716"
"chr19","27155843","27156157","chr5","22049247","22049559","34","5106596"
"chr19","27184823","27185135","chr19","31981300","31981606","29","4796477"
"chr19","27222915","27223233","chr2B","131682097","131682398","45","104459182"
"chr19","27303711","27304023","chr14","61567729","61568037","46","34264018"
"chr19","27356408","27356699","chr10","137181578","137181873","38","109825170"
"chr19","27399545","27399863","chr10","100804286","100804597","39","73404741"
"chr19","27583482","27583774","chr13","33361251","33361548","31","5777769"
"chr19","27613542","27613795","chr3","155409710","155409966","48","127796168"
"chr19","27615282","27615545","chr12","76915481","76915745","37","49300199"
"chr19","27626397","27626567","chr15","33698338","33698507","33","6071941"
"chr19","27635551","27635857","chr5","58791036","58791341","31","31155485"
"chr19","27637383","27637692","chr12","3042424","3042732","41","24594959"
"chr19","27648287","27648600","chr1","191149848","191150155","46","163501561"
"chr19","27652472","27652759","chr19","52434338","52434622","42","24781866"
"chr19","27738710","27739007","chr13","33361251","33361548","40","5622541"
"chr19","27773031","27773330","chr1","41763043","41763338","38","13990012"
"chr19","27940036","27940351","chr4","198295008","198295316","44","170354972"
"chr19","28139029","28139342","chr5","162326402","162326716","35","134187373"
"chr19","28251179","28251491","chr4","198977209","198977521","32","170726030"
"chr19","28262566","28262711","chr7","147549472","147549596","42","119286906"
"chr19","28272402","28272714","chr15","69276871","69277183","41","41004469"
"chr19","28509692","28510004","chr5","162326402","162326716","38","133816710"
"chr19","28702389","28702690","chr1","130106457","130106756","43","101404068"
"chr19","28771028","28771300","chr19","33581066","33581344","36","4810038"
"chr19","28792423","28792730","chr8","33472835","33473130","42","4680412"
"chr19","29032300","29032603","chr19","33843136","33843454","37","4810836"
"chr19","29088222","29088504","chr5","135407653","135407937","41","106319431"
"chr19","29098632","29098907","chr5","3723026","3723304","49","25375606"
"chr19","29100614","29100897","chr2B","124968174","124968463","39","95867560"
"chr19","29355383","29355678","chr19","34329377","34329671","27","4973994"
"chr19","29362832","29363143","chr19","34336866","34337178","24","4974034"
"chr19","29643414","29643679","chr22","8452138","8452400","41","21191276"
"chr19","29649261","29649559","chrX","36406749","36407049","33","6757488"
"chr19","29810413","29810707","chr2B","128845658","128845947","53","99035245"
"chr19","29869622","29869922","chr19","34835871","34836160","29","4966249"
"chr19","29923260","29923573","chr19","34888500","34888828","43","4965240"
"chr19","29949731","29950011","chr4","83955527","83955809","36","54005796"
"chr19","29952096","29952415","chr17","28027747","28028064","50","1924349"
"chr19","29964613","29964907","chr19","34938060","34938350","26","4973447"
"chr19","30104524","30104629","chr7","134662113","134662215","19","104557589"
"chr19","30182699","30182864","chr6","110455226","110455385","27","80272527"
"chr19","30227114","30227426","chr19","35210716","35211026","19","4983602"
"chr19","30230630","30230935","chr9","89512934","89513236","34","59282304"
"chr19","30276578","30276857","chr19","35264399","35264701","36","4987821"
"chr19","30321149","30321461","chr22","14616169","14616476","50","15704980"
"chr19","30324708","30325015","chr1","100887646","100887952","38","70562938"
"chr19","30350100","30350411","chr19","35345856","35346163","25","4995756"
"chr19","30391617","30391921","chrX","97594986","97595289","30","67203369"
"chr19","30397489","30397801","chr1","100887646","100887952","48","70490157"
"chr19","30440151","30440463","chr10","36123281","36123590","43","5683130"
"chr19","30605209","30605512","chr1","10106309","10106608","53","20498900"
"chr19","30617486","30617797","chr3","3628864","3629165","55","26988622"
"chr19","30663920","30664218","chr2A","79159701","79160000","35","48495781"
"chr19","30673754","30673861","chr2B","121888812","121888913","18","91215058"
"chr19","30677393","30677657","chr12","131788345","131788608","38","101110952"
"chr19","30684368","30684647","chr19","35707344","35707621","25","5022976"
"chr19","30685438","30685745","chr17","38608208","38608518","36","7922770"
"chr19","30707508","30707802","chr6","129529712","129530008","48","98822204"
"chr19","30731194","30731368","chr12","37081390","37081559","29","6350196"
"chr19","30737718","30738006","chr19","35758928","35759214","32","5021210"
"chr19","30787606","30787912","chr1","88149023","88149328","45","57361417"
"chr19","30850787","30851008","chr6","161107944","161108165","30","130257157"
"chr19","30860944","30861235","chr11","42737891","42738187","34","11876947"
"chr19","30916202","30916517","chr17","79404094","79404401","43","48487892"
"chr19","30980473","30980785","chr12","21276435","21276745","42","9704038"
"chr19","30992593","30992905","chr19","36028593","36028900","25","5036000"
"chr19","31055682","31055972","chr17","17867335","17867624","48","13188347"
"chr19","31109131","31109442","chr1","100887646","100887952","45","69778515"
"chr19","31169626","31169651","chr22","25030076","25030103","7","6139550"
"chr19","31188772","31189086","chr1","182138307","182138613","46","150949535"
"chr19","31259097","31259390","chr20","48509065","48509359","35","17249968"
"chr19","31328143","31328460","chr1","40966383","40966697","44","9638240"
"chr19","31348565","31348850","chr9","94919935","94920225","35","63571370"
"chr19","31389058","31389311","chr7","81155889","81156149","46","49766831"
"chr19","31389383","31389428","chr3","162676568","162676614","23","131287185"
"chr19","31428570","31428891","chr16","18067403","18067724","44","13361167"
"chr19","31491200","31491473","chr18","68044085","68044362","47","36552885"
"chr19","31676063","31676368","chr13","26867523","26867829","36","4808540"
"chr19","31684781","31685086","chr4","173568856","173569161","33","141884075"
"chr19","31803334","31803640","chr19","37033774","37034097","38","5230440"
"chr19","31806059","31806205","chr19","37040913","37041060","8","5234854"
"chr19","31823319","31823613","chrX","97594986","97595289","37","65771667"
"chr19","31919109","31919404","chr20","40842129","40842432","46","8923020"
"chr19","32085448","32085740","chr3","113969292","113969585","31","81883844"
"chr19","32177659","32177958","chr1","38451526","38451829","42","6273867"
"chr19","32190568","32190877","chr6","35622489","35622796","41","3431921"
"chr19","32263863","32264174","chr5","45160600","45160912","36","12896737"
"chr19","32271503","32271808","chr17","38608208","38608518","37","6336705"
"chr19","32314142","32314439","chr4","138472993","138473286","44","106158851"
"chr19","32360592","32360905","chr7","80058785","80059098","34","47698193"
"chr19","32391359","32391657","chr20","3862616","3862914","48","28528743"
"chr19","32401820","32402118","chr19","37653371","37653669","34","5251551"
"chr19","32427630","32427930","chr10","136766798","136767102","36","104339168"
"chr19","32441969","32442276","chr10","6203733","6204041","47","26238236"
"chr19","32461471","32461777","chr9","59842059","59842366","34","27380588"
"chr19","32494557","32494852","chr19","37743321","37743638","44","5248764"
"chr19","32519386","32519590","chr18","27901914","27902114","41","4617472"
"chr19","32523442","32523569","chr6","119941898","119942028","16","87418456"
"chr19","32666101","32666414","chr3","49225823","49226129","39","16559722"
"chr19","32698614","32698894","chr2A","46130742","46131024","38","13432128"
"chr19","32800448","32800785","chr8","25754244","25754574","53","7046204"
"chr19","32810420","32810727","chr15","52874335","52874637","42","20063915"
"chr19","32818957","32819276","chr12","52850616","52850925","43","20031659"
"chr19","32829923","32830216","chr1","27021093","27021389","35","5808830"
"chr19","32844867","32845165","chr4","72629712","72630015","53","39784845"
"chr19","32852001","32852336","chr6","172892387","172892713","53","140040386"
"chr19","32910972","32911286","chr19","7275308","7275623","38","25635664"
"chr19","32936947","32937245","chr3","44201954","44202252","39","11265007"
"chr19","32990771","32990934","chr17","9422771","9422930","27","23568000"
"chr19","32991179","32991314","chr9","76662611","76662745","17","43671432"
"chr19","33113252","33113558","chr19","38366992","38367291","49","5253740"
"chr19","33143790","33144101","chr17","9558423","9558728","36","23585367"
"chr19","33204764","33205073","chr2A","60182246","60182555","39","26977482"
"chr19","33230644","33230933","chr19","35708412","35708705","60","2477768"
"chr19","33238251","33238563","chr12","21276435","21276745","40","11961816"
"chr19","33386945","33387252","chr19","38639904","38640211","28","5252959"
"chr19","33393265","33393579","chr14","20972619","20972931","42","12420646"
"chr19","33452152","33452449","chr4","40078992","40079285","38","6626840"
"chr19","33498881","33499166","chr19","38750455","38750740","20","5251574"
"chr19","33512751","33513053","chr1","65914289","65914588","32","32401538"
"chr19","33521444","33521744","chr19","38772322","38772622","35","5250878"
"chr19","33568917","33569221","chr15","79978088","79978393","41","46409171"
"chr19","33583648","33583961","chr10","136766798","136767102","40","103183150"
"chr19","34136647","34136968","chr3","49274363","49274680","51","15137716"
"chr19","34256626","34256937","chr19","4665670","4665978","48","29590956"
"chr19","34566397","34566433","chr13","61473070","61473106","9","26906673"
"chr19","34566853","34566944","chr5","160435861","160435942","19","125869008"
"chr19","34580933","34581202","chr19","14027232","14027520","45","20553701"
"chr19","34618226","34618513","chr14","79505042","79505331","33","44886816"
"chr19","34636983","34637279","chr13","48509559","48509859","49","13872576"
"chr19","34666108","34666411","chr2A","51304277","51304576","44","16638169"
"chr19","34718502","34718785","chr9","87480483","87480767","40","52761981"
"chr19","34719575","34719890","chr19","39966630","39966943","32","5247055"
"chr19","34781862","34782149","chr5","70103079","70103361","60","35321217"
"chr19","34832873","34833171","chr22","8320873","8321176","35","26512000"
"chr19","34839810","34840097","chr17","81504650","81504947","38","46664840"
"chr19","34857865","34858166","chr5","160987933","160988228","38","126130068"
"chr19","34919719","34919980","chr19","19155590","19155865","51","15764129"
"chr19","34937968","34938254","chr22","24788380","24788656","35","10149588"
"chr19","35041529","35041826","chr1","216079505","216079791","47","181037976"
"chr19","35043861","35044163","chr19","40285380","40285686","30","5241519"
"chr19","35065813","35066116","chr5","163188872","163189183","51","128123059"
"chr19","35109579","35109874","chr19","40352190","40352487","31","5242611"
"chr19","35237691","35237991","chr7","29178664","29178961","32","6059027"
"chr19","35306742","35307058","chr1","28675900","28676209","52","6630842"
"chr19","35395661","35396003","chr15","79036276","79036605","59","43640615"
"chr19","35399579","35399901","chr1","100887646","100887952","43","65488067"
"chr19","35410476","35410780","chr13","62764436","62764745","57","27353960"
"chr19","35474111","35474281","chr1","24076385","24076550","36","11397726"
"chr19","35504337","35504638","chrX","36406749","36407049","37","902412"
"chr19","35540062","35540368","chr2A","59924393","59924701","37","24384331"
"chr19","35558077","35558414","chr19","40734404","40734716","38","5176327"
"chr19","35573922","35574235","chr1","179606499","179606823","44","144032577"
"chr19","35608045","35608352","chr6","53158380","53158685","46","17550335"
"chr19","35633480","35633791","chr19","40734404","40734716","39","5100924"
"chr19","35787688","35787982","chr19","40950419","40950717","50","5162731"
"chr19","36228886","36229167","chr21","17637641","17637925","49","18591245"
"chr19","36406414","36406709","chr20","35582405","35582711","49","824009"
"chr19","36418211","36418521","chr19","41641551","41641861","28","5223340"
"chr19","36461009","36461251","chr18","20906366","20906616","46","15554643"
"chr19","36524199","36524486","chr1","194446199","194446496","36","157922000"
"chr19","36618305","36618602","chr9","67126783","67127082","33","30508478"
"chr19","36677040","36677350","chr21","13380687","13380997","36","23296353"
"chr19","36762563","36762862","chr1","185054973","185055268","39","148292410"
"chr19","36933370","36933672","chrX","74427130","74427438","41","37493760"
"chr19","37023802","37024098","chr10","41362941","41363238","37","4339139"
"chr19","37024843","37025150","chr1","31656307","31656617","41","5368536"
"chr19","37122665","37122981","chr1","22955832","22956145","46","14166833"
"chr19","37196245","37196557","chr17","38608208","38608518","44","1411963"
"chr19","37219090","37219384","chr1","132729492","132729799","52","95510402"
"chr19","37245484","37245619","chr1","26429003","26429140","38","10816481"
"chr19","37346971","37347253","chr1","144529989","144530282","41","107183018"
"chr19","37356039","37356332","chr19","33970963","33971252","39","3385076"
"chr19","37448001","37448318","chr20","35582405","35582711","45","1865596"
"chr19","37475314","37475626","chr21","34275150","34275459","45","3200164"
"chr19","37709743","37710050","chr5","20256093","20256398","47","17453650"
"chr19","37778619","37778879","chr12","76915481","76915745","51","39136862"
"chr19","37829196","37829531","chr19","43446617","43446938","44","5617421"
"chr19","37852633","37852943","chr1","21262166","21262476","45","16590467"
"chr19","38341195","38341489","chr19","44054674","44054972","28","5713479"
"chr19","38344818","38345123","chr1","205194362","205194670","39","166849544"
"chr19","38349581","38349888","chr7","127657301","127657615","41","89307720"
"chr19","38354493","38354779","chr10","30706997","30707281","46","7647496"
"chr19","38372422","38372737","chr3","28041400","28041706","37","10331022"
"chr19","38440617","38440919","chr14","14232248","14232558","58","24208369"
"chr19","38488473","38488775","chr7","70900990","70901293","42","32412517"
"chr19","38541863","38542161","chr1","130106457","130106756","50","91564594"
"chr19","38574590","38574901","chr5","270284","270593","38","38304306"
"chr19","38649327","38649631","chr17","81504650","81504947","44","42855323"
"chr19","38664487","38664787","chr10","136766798","136767102","33","98102311"
"chr19","38670840","38671151","chr19","44477858","44478162","38","5807018"
"chr19","38674200","38674494","chr8","59228894","59229188","36","20554694"
"chr19","38696521","38696820","chr8","33426579","33426880","31","5269942"
"chr19","38697393","38697701","chr19","44507717","44508016","41","5810324"
"chr19","38701981","38702289","chr5","45856163","45856467","43","7154182"
"chr19","38722016","38722314","chr14","32972455","32972755","50","5749561"
"chr19","38811573","38811801","chr19","44621044","44621272","17","5809471"
"chr19","38836732","38837043","chr17","38608208","38608518","44","228524"
"chr19","38855535","38855832","chrX","71373929","71374223","33","32518394"
"chr19","38875128","38875437","chr1","13582785","13583095","44","25292343"
"chr19","38892672","38893010","chr13","17768082","17768414","60","21124590"
"chr19","38909064","38909375","chr1","205430531","205430844","40","166521467"
"chr19","39011047","39011336","chr19","44815845","44816136","30","5804798"
"chr19","39026471","39026760","chr11","61561439","61561735","38","22534968"
"chr19","39112668","39112973","chr17","63244580","63244884","32","24131912"
"chr19","39134936","39135283","chr6","5160817","5161148","70","33974119"
"chr19","39181283","39181596","chr9","81433054","81433365","46","42251771"
"chr19","39202084","39202372","chr14","36693590","36693894","50","2508494"
"chr19","39202868","39203183","chr2B","65741490","65741803","39","26538622"
"chr19","39214744","39215058","chr8","103767519","103767832","35","64552775"
"chr19","39219142","39219442","chr16","12186594","12186889","39","27032548"
"chr19","39226689","39226993","chr1","100887646","100887952","43","61660957"
"chr19","39300808","39301000","chr19","45094021","45094205","26","5793213"
"chr19","39318692","39319000","chr17","79404094","79404401","43","40085402"
"chr19","39449197","39449505","chr1","191149848","191150155","38","151700651"
"chr19","39484439","39484749","chr14","87826246","87826553","34","48341807"
"chr19","39501463","39501759","chr1","27021093","27021389","32","12480370"
"chr19","39643579","39643863","chr4","37953476","37953776","42","1690103"
"chr19","39730710","39731022","chr17","4353432","4353743","36","35377278"
"chr19","39755507","39755819","chr12","8706461","8706771","44","31049046"
"chr19","39843734","39844038","chr14","47857829","47858141","43","8014095"
"chr19","39910755","39911030","chr21","28663801","28664070","47","11246954"
"chr19","39999596","39999908","chr1","54620539","54620851","40","14620943"
"chr19","40009345","40009650","chr5","162326402","162326716","41","122317057"
"chr19","40156105","40156409","chr5","15352472","15352776","35","24803633"
"chr19","40167981","40168261","chr15","46138105","46138386","36","5970124"
"chr19","40205077","40205376","chr19","46151803","46152108","30","5946726"
"chr19","40277074","40277359","chr5","160987933","160988228","46","120710859"
"chr19","40301857","40302155","chr3","135591702","135592003","42","95289845"
"chr19","40324517","40324783","chr19","46266732","46267017","42","5942215"
"chr19","40373673","40373949","chr1","66580123","66580404","40","26206450"
"chr19","40375071","40375380","chr7","70900990","70901293","47","30525919"
"chr19","40446399","40446692","chr19","46388405","46388703","33","5942006"
"chr19","40497736","40498043","chr10","136766798","136767102","45","96269062"
"chr19","40541829","40542134","chr6","37682797","37683102","45","2859032"
"chr19","40552886","40553180","chr11","61102182","61102474","36","20549296"
"chr19","40598995","40599291","chr19","46547168","46547460","24","5948173"
"chr19","40618984","40619281","chr15","51575964","51576258","44","10956980"
"chr19","40696340","40696643","chr2B","95425788","95426089","28","54729448"
"chr19","40742987","40743301","chr1","6164020","6164325","39","34578967"
"chr19","40759765","40760065","chr19","46712214","46712514","22","5952449"
"chr19","40829021","40829323","chr19","46782494","46782791","31","5953473"
"chr19","40839615","40839659","chr3","162676568","162676614","14","121836953"
"chr19","40928491","40928771","chr20","39872619","39872904","45","1055872"
"chr19","40997040","40997348","chr20","32888186","32888492","44","8108854"
"chr19","41010524","41010835","chr12","52850616","52850925","41","11840092"
"chr19","41061536","41061824","chr12","59907829","59908121","41","18846293"
"chr19","41134706","41134954","chr2A","65259267","65259509","39","24124561"
"chr19","41160443","41160757","chr15","78032181","78032486","42","36871738"
"chr19","41174003","41174295","chr19","47129333","47129623","30","5955330"
"chr19","41213142","41213465","chr5","141353236","141353548","37","100140094"
"chr19","41249735","41250045","chr1","193093295","193093604","42","151843560"
"chr19","41346001","41346313","chr13","62764436","62764745","40","21418435"
"chr19","41403742","41404030","chr4","110506402","110506697","40","69102660"
"chr19","41407161","41407470","chr15","28083376","28083681","42","13323785"
"chr19","41454707","41454908","chr15","4092119","4092319","39","37362588"
"chr19","41529598","41529686","chr15","3407949","3408032","12","38121649"
"chr19","41555935","41556091","chr19","47542044","47542195","21","5986109"
"chr19","41562681","41562979","chr10","34684828","34685127","29","6877853"
"chr19","41596623","41596932","chr2B","72409719","72410029","38","30813096"
"chr19","41622758","41623052","chr1","27021093","27021389","48","14601665"
"chr19","41737381","41737683","chrX","20127846","20128149","39","21609535"
"chr19","41826758","41827066","chr3","40085381","40085690","41","1741377"
"chr19","41956127","41956443","chr19","47946327","47946629","40","5990200"
"chr19","41966957","41967240","chr1","95437365","95437651","39","53470408"
"chr19","41988888","41989216","chr4","123129282","123129608","56","81140394"
"chr19","42056039","42056352","chr3","187177539","187177847","50","145121500"
"chr19","42169890","42170199","chr5","155273113","155273418","40","113103223"
"chr19","42188410","42188427","chr1","147628721","147628734","4","105440311"
"chr19","42188737","42188847","chr10","124592203","124592313","19","82403466"
"chr19","42189293","42189484","chr7","62885790","62885993","46","20696497"
"chr19","42201272","42201565","chr18","44508207","44508512","42","2306935"
"chr19","42254441","42254756","chr3","186504136","186504430","53","144249695"
"chr19","42322062","42322345","chr4","83955527","83955809","44","41633465"
"chr19","42359196","42359500","chr4","197519800","197520092","44","155160604"
"chr19","42392719","42393029","chr17","9558423","9558728","53","32834296"
"chr19","42463741","42464046","chr2B","80727391","80727695","33","38263650"
"chr19","42509775","42510071","chr19","48578639","48578934","23","6068864"
"chr19","42597090","42597396","chr14","77304145","77304459","35","34707055"
"chr19","42772845","42773142","chr6","37682797","37683102","44","5090048"
"chr19","42814266","42814563","chr19","48875737","48876031","28","6061471"
"chr19","42825848","42826147","chr1","10106309","10106608","32","32719539"
"chr19","42839978","42840251","chr1","66580123","66580404","52","23740145"
"chr19","42942978","42943267","chr16","30189388","30189667","49","12753590"
"chr19","42966571","42966883","chr15","37451080","37451392","41","5515491"
"chr19","43046605","43046906","chr1","132554974","132555276","52","89508369"
"chr19","43062940","43063238","chr1","191149848","191150155","50","148086908"
"chr19","43157173","43157465","chr7","132966188","132966479","51","89809015"
"chr19","43297296","43297500","chr2B","93870467","93870663","42","50573171"
"chr19","43297994","43298113","chr15","7627694","7627813","18","35670300"
"chr19","43419214","43419493","chrX","4670185","4670465","42","38749029"
"chr19","43453604","43453919","chr15","37451080","37451392","37","6002524"
"chr19","43459270","43459574","chr16","3477043","3477352","41","39982227"
"chr19","43928181","43928493","chr17","38608208","38608518","41","5319973"
"chr19","43971755","43971824","chr13","52444290","52444360","11","8472535"
"chr19","44021423","44021717","chr13","25465224","25465521","41","18556199"
"chr19","44027753","44028045","chr5","33727432","33727720","44","10300321"
"chr19","44205313","44205614","chr19","50345980","50346283","22","6140667"
"chr19","44389904","44390197","chr19","50608895","50609181","27","6218991"
"chr19","44397623","44397916","chr9","87736194","87736488","28","43338571"
"chr19","44489299","44489613","chr10","37211192","37211508","45","7278107"
"chr19","44490527","44490714","chrX","153025683","153025863","32","108535156"
"chr19","44491828","44492134","chr1","189623326","189623636","39","145131498"
"chr19","44493892","44494198","chr1","189623326","189623636","39","145129434"
"chr19","44508042","44508318","chr5","18877170","18877444","38","25630872"
"chr19","44523780","44524088","chr2A","79839508","79839818","34","35315728"
"chr19","44528549","44528863","chr8","41556935","41557248","45","2971614"
"chr19","44732038","44732327","chr6","38658958","38659251","38","6073080"
"chr19","44905456","44905759","chr19","51199883","51200177","46","6294427"
"chr19","45117379","45117658","chr19","51413692","51413975","26","6296313"
"chr19","45323391","45323702","chr7","127657301","127657615","39","82333910"
"chr19","45381534","45381826","chr17","8465111","8465410","41","36916423"
"chr19","45426008","45426323","chr19","51749167","51749479","26","6323159"
"chr19","45445115","45445305","chr7","158117766","158117973","46","112672651"
"chr19","45448576","45448766","chr7","158117766","158117973","46","112669190"
"chr19","45450225","45450415","chr7","158117766","158117973","45","112667541"
"chr19","45658790","45658975","chr12","94763675","94763861","29","49104885"
"chr19","45719291","45719597","chr7","72803004","72803316","53","27083713"
"chr19","45733716","45733995","chr8","82724083","82724367","46","36990367"
"chr19","45797819","45798117","chr5","39364453","39364757","57","6433366"
"chr19","45833146","45833457","chr14","74198044","74198357","44","28364898"
"chr19","45908609","45908643","chr2B","22746166","22746196","9","23162443"
"chr19","45932034","45932309","chr10","43187932","43188189","69","2744102"
"chr19","45946496","45946760","chr1","224235364","224235639","51","178288868"
"chr19","45979161","45979473","chr1","160753833","160754142","42","114774672"
"chr19","45995559","45995823","chr6","160461649","160461921","51","114466090"
"chr19","46055650","46055944","chr1","31644151","31644442","37","14411499"
"chr19","46061283","46061594","chr19","52418058","52418354","42","6356775"
"chr19","46069276","46069450","chr1","93213772","93213948","23","47144496"
"chr19","46078369","46078656","chr19","52434338","52434622","33","6355969"
"chr19","46122666","46122969","chr19","52470453","52470749","29","6347787"
"chr19","46192238","46192508","chr6","112585517","112585772","52","66393279"
"chr19","46194485","46194797","chr19","52547637","52547945","20","6353152"
"chr19","46285387","46285687","chr1","132729492","132729799","49","86444105"
"chr19","46313700","46313782","chr5","86613503","86613587","28","40299803"
"chr19","46313795","46313880","chr8","34777493","34777576","10","11536302"
"chr19","46532480","46532554","chr18","6392753","6392818","16","40139727"
"chr19","46573234","46573542","chr22","13920538","13920838","61","32652696"
"chr19","46578528","46578820","chr12","59907829","59908121","35","13329301"
"chr19","46589474","46589770","chr20","34323117","34323413","47","12266357"
"chr19","46598449","46598738","chr12","5647688","5647977","81","40950761"
"chr19","46611719","46611970","chr3","134610504","134610747","43","87998785"
"chr19","46648070","46648340","chr6","2127904","2128170","47","44520166"
"chr19","46694473","46694729","chr12","76915481","76915745","51","30221008"
"chr19","46702224","46702534","chr2B","72409719","72410029","72","25707495"
"chr19","46719408","46719716","chr2A","10355583","10355893","47","36363825"
"chr19","46765413","46765723","chr11","27442623","27442932","37","19322790"
"chr19","46769729","46770032","chrX","97594986","97595289","37","50825257"
"chr19","46798594","46798921","chr7","75796417","75796729","55","28997823"
"chr19","46808206","46808505","chr16","13887526","13887828","34","32920680"
"chr19","46826627","46826817","chr4","86698547","86698733","31","39871920"
"chr19","46844882","46845187","chr2A","38433886","38434193","43","8410996"
"chr19","46871025","46871321","chr7","70900990","70901293","43","24029965"
"chr19","46914154","46914434","chr3","48723113","48723394","38","1808959"
"chr19","46926274","46926565","chrX","15138629","15138928","35","31787645"
"chr19","46929164","46929475","chr19","53294783","53295094","34","6365619"
"chr19","46948059","46948351","chr3","186504136","186504430","33","139556077"
"chr19","46979355","46979666","chr1","134763713","134764022","31","87784358"
"chr19","47045971","47046270","chr8","100353934","100354233","54","53307963"
"chr19","47088051","47088344","chr1","7700882","7701173","38","39387169"
"chr19","47146973","47147224","chr3","142673959","142674216","41","95526986"
"chr19","47351918","47352213","chr7","95098718","95098990","62","47746800"
"chr19","47407459","47407792","chr3","20461146","20461481","63","26946313"
"chr19","47417129","47417432","chr5","24415712","24416011","33","23001417"
"chr19","47473850","47474146","chr1","144529989","144530282","68","97056139"
"chr19","47537101","47537421","chr13","21174105","21174420","54","26362996"
"chr19","47555321","47555595","chr3","113825165","113825432","46","66269844"
"chr19","47680958","47681274","chr12","8706461","8706771","49","38974497"
"chr19","47699260","47699563","chr19","54099273","54099578","33","6400013"
"chr19","47776982","47777279","chr1","45157923","45158217","48","2619059"
"chr19","47810470","47810769","chr1","210595639","210595937","41","162785169"
"chr19","47812357","47812666","chr5","115780222","115780526","40","67967865"
"chr19","47825892","47826190","chr3","187371514","187371814","53","139545622"
"chr19","47860425","47860734","chr19","54318368","54318665","39","6457943"
"chr19","47870685","47870841","chr3","136384618","136384776","25","88513933"
"chr19","47882873","47883175","chr10","136766798","136767102","37","88883925"
"chr19","47926797","47927096","chr5","140837764","140838057","45","92910967"
"chr19","48076106","48076239","chr4","9809183","9809309","19","38266923"
"chr19","48103458","48103753","chr19","54562919","54563216","28","6459461"
"chr19","48178708","48179021","chr5","5946511","5946823","37","42232197"
"chr19","48246511","48246815","chr13","62764436","62764745","46","14517925"
"chr19","48251724","48252052","chr9","121241275","121241583","52","72989551"
"chr19","48334677","48335000","chr10","136766798","136767102","49","88432121"
"chr19","48346373","48346687","chr20","35582405","35582711","37","12763968"
"chr19","48365874","48366175","chr9","120262125","120262421","41","71896251"
"chr19","48435612","48435908","chr17","14861735","14862035","43","33573877"
"chr19","48455453","48455757","chr1","130106457","130106756","39","81651004"
"chr19","48475300","48475588","chr19","54938785","54939079","34","6463485"
"chr19","48521467","48521756","chr1","92652864","92653150","31","44131397"
"chr19","48529994","48530305","chr12","106449422","106449729","49","57919428"
"chr19","48538622","48538911","chr10","92135337","92135628","35","43596715"
"chr19","48597948","48598244","chr1","194446199","194446496","38","145848251"
"chr19","48635466","48635764","chr3","195766033","195766330","37","147130567"
"chr19","48720035","48720339","chr19","55125021","55125302","51","6404986"
"chr19","48732480","48732772","chr17","9644327","9644622","30","39088153"
"chr19","48759078","48759372","chr2B","98355781","98356078","34","49596703"
"chr19","48918340","48918633","chr6","17120241","17120537","41","31798099"
"chr19","48942691","48942974","chr4","83955527","83955809","35","35012836"
"chr19","48978917","48979224","chr4","199024335","199024640","39","150045418"
"chr19","48997111","48997419","chr5","15352472","15352776","43","33644639"
"chr19","49047082","49047299","chr7","144191527","144191741","36","95144445"
"chr19","49097459","49097761","chr12","8706461","8706771","46","40390998"
"chr19","49538747","49539054","chr16","5095026","5095332","33","44443721"
"chr19","49561343","49561649","chrX","97594986","97595289","40","48033643"
"chr19","49722635","49722947","chr22","34538362","34538671","36","15184273"
"chr19","49724805","49725108","chr4","38387917","38388218","41","11336888"
"chr19","49771280","49771582","chr7","70900990","70901293","37","21129710"
"chr19","49802693","49803000","chr17","85095165","85095468","39","35292472"
"chr19","49861562","49861860","chr5","36374695","36374994","32","13486867"
"chr19","49862140","49862454","chr1","160753833","160754142","53","110891693"
"chr19","49903694","49903994","chr9","59842059","59842366","39","9938365"
"chr19","49913420","49913716","chr19","56471269","56471560","27","6557849"
"chr19","49942596","49942884","chr19","56507193","56507493","32","6564597"
"chr19","49975545","49975854","chr5","45160600","45160912","45","4814945"
"chr19","50018912","50019211","chr14","40634082","40634382","38","9384830"
"chr19","50091396","50091682","chr17","20341331","20341621","39","29750065"
"chr19","50131215","50131530","chr14","77304145","77304459","40","27172930"
"chr19","50282277","50282578","chr19","56875369","56875669","19","6593092"
"chr19","50287859","50288028","chr4","81515226","81515394","19","31227367"
"chr19","50465442","50465741","chr9","81354291","81354584","43","30888849"
"chr19","50472377","50472643","chr10","111821924","111822190","45","61349547"
"chr19","50495056","50495366","chrX","51034227","51034538","38","539171"
"chr19","50501474","50501787","chr7","52058550","52058861","45","1557076"
"chr19","50589707","50590004","chr4","41554208","41554504","37","9035499"
"chr19","50631809","50632103","chr2B","63348784","63349075","36","12716975"
"chr19","50635681","50635959","chr16","29420076","29420354","40","21215605"
"chr19","50685724","50686039","chr7","134871506","134871819","38","84185782"
"chr19","50787888","50788175","chr17","16591064","16591357","32","34196824"
"chr19","50835386","50835446","chr5","104789932","104789989","6","53954546"
"chr19","50932920","50933228","chr22","8757305","8757604","35","42175615"
"chr19","51017373","51017677","chr10","136766798","136767102","38","85749425"
"chr19","51019819","51020116","chr1","27021093","27021389","42","23998726"
"chr19","51039684","51040001","chr13","31463447","31463746","60","19576237"
"chr19","51046878","51047062","chr14","38934062","38934237","30","12112816"
"chr19","51057070","51057179","chr1","14901638","14901748","15","36155432"
"chr19","51057285","51057464","chr4","47230309","47230475","31","3826976"
"chr19","51128223","51128525","chr8","33426579","33426880","31","17701644"
"chr19","51140123","51140416","chr5","51774532","51774825","41","634409"
"chr19","51161526","51161828","chr19","57821396","57821700","30","6659870"
"chr19","51208082","51208372","chr9","81354291","81354584","44","30146209"
"chr19","51300233","51300509","chr1","110347782","110348058","47","59047549"
"chr19","51300963","51301256","chr5","35877143","35877438","41","15423820"
"chr20","39583697","39584015","chr20","39696632","39696939","42","112935"
"chr20","51511217","51511499","chr17","7397249","7397531","40","44113968"
"chr20","65798058","65798369","chr19","41428711","41429023","43","24369347"
"chr20","58390","58681","chr9","94919935","94920225","37","94861545"
"chr20","87918","88089","chr16","245697","245862","23","157779"
"chr20","109986","110303","chrX","1527681","1528002","48","1417695"
"chr20","116432","116741","chr20","55450421","55450733","45","55333989"
"chr20","149966","150269","chr1","1218858","1219163","40","1068892"
"chr20","177687","177884","chr1","47879138","47879328","32","47701451"
"chr20","280139","280422","chrX","3250215","3250502","50","2970076"
"chr20","330912","331085","chr8","54546819","54546991","21","54215907"
"chr20","336290","336586","chr1","144529989","144530282","40","144193699"
"chr20","484284","484581","chr5","64763044","64763340","33","64278760"
"chr20","578207","578519","chr15","67619999","67620309","57","67041792"
"chr20","612216","612520","chr3","100561340","100561640","37","99949124"
"chr20","626829","627122","chr10","92135337","92135628","36","91508508"
"chr20","698301","698599","chr1","191149848","191150155","51","190451547"
"chr20","873819","874131","chr20","35582405","35582711","41","34708586"
"chr20","1155614","1155914","chr14","56751905","56752203","41","55596291"
"chr20","1245430","1245706","chr16","1426864","1427142","33","181434"
"chr20","1280466","1280631","chr3","12969120","12969286","23","11688654"
"chr20","1432552","1432861","chr1","100887646","100887952","41","99455094"
"chr20","1510752","1511060","chr3","186406630","186406936","37","184895878"
"chr20","1518645","1518949","chr20","3862616","3862914","47","2343971"
"chr20","1694039","1694333","chr1","23083897","23084189","35","21389858"
"chr20","1931174","1931464","chr3","200664126","200664415","34","198732952"
"chr20","1936223","1936515","chr19","33970963","33971252","36","32034740"
"chr20","1945425","1945697","chr16","2106237","2106507","30","160812"
"chr20","1954623","1954920","chr14","32972455","32972755","43","31017832"
"chr20","2008164","2008482","chr1","191149848","191150155","41","189141684"
"chr20","2218575","2218845","chr5","62494463","62494739","46","60275888"
"chr20","2222283","2222593","chr5","5946511","5946823","40","3724228"
"chr20","2238077","2238385","chr1","135335882","135336186","36","133097805"
"chr20","2255455","2255766","chr1","93120148","93120458","43","90864693"
"chr20","2370349","2370633","chr13","34006475","34006766","39","31636126"
"chr20","2458091","2458385","chr3","123193909","123194204","37","120735818"
"chr20","2669203","2669550","chr2B","134728821","134729155","65","132059618"
"chr20","2734952","2735247","chr1","194446199","194446496","38","191711247"
"chr20","2750717","2751017","chr8","61897078","61897377","36","59146361"
"chr20","2756756","2757058","chr1","28199976","28200262","48","25443220"
"chr20","2763188","2763495","chr15","42617039","42617348","48","39853851"
"chr20","2869348","2869636","chr9","87480483","87480767","40","84611135"
"chr20","2983395","2983691","chr13","34006475","34006766","46","31023080"
"chr20","3054278","3054578","chr15","67619999","67620309","37","64565721"
"chr20","3090053","3090365","chr7","29021792","29022096","40","25931739"
"chr20","3212208","3212523","chr16","3549978","3550293","29","337770"
"chr20","3294142","3294362","chr17","40298402","40298619","32","37004260"
"chr20","3404861","3405167","chr16","3746826","3747143","28","341965"
"chr20","3407964","3408250","chr7","55894080","55894358","53","52486116"
"chr20","3412668","3412945","chr15","52950317","52950594","42","49537649"
"chr20","3507423","3507740","chr5","25211209","25211524","48","21703786"
"chr20","3570956","3571244","chr16","3905299","3905583","44","334343"
"chr20","3588225","3588530","chr15","63889193","63889496","44","60300968"
"chr20","3653065","3653368","chr16","3988831","3989133","27","335766"
"chr20","3658260","3658543","chr19","18388461","18388745","48","14730201"
"chr20","3661500","3661680","chr19","38058960","38059140","26","34397460"
"chr20","3663493","3663804","chr10","118065990","118066302","49","114402497"
"chr20","3692637","3692937","chr10","121813796","121814102","47","118121159"
"chr20","3758140","3758421","chr3","100561340","100561640","52","96803200"
"chr20","3801633","3801935","chr10","34684828","34685127","35","30883195"
"chr20","3839717","3840016","chr17","4400478","4400784","46","560761"
"chr20","3862208","3862499","chr4","155657331","155657621","43","151795123"
"chr20","3881502","3881783","chr17","84026588","84026866","46","80145086"
"chr20","3991720","3992015","chr9","70252230","70252529","33","66260510"
"chr20","4073581","4073902","chr8","30072940","30073247","52","25999359"
"chr20","4233515","4233832","chr14","36693590","36693894","37","32460075"
"chr20","4260262","4260552","chr16","4585909","4586210","35","325647"
"chr20","4312125","4312367","chr3","70364899","70365150","56","66052774"
"chr20","4392876","4393148","chr2A","21319010","21319285","41","16926134"
"chr20","4438899","4439044","chr2B","104911869","104912016","30","100472970"
"chr20","4442135","4442438","chr16","4764253","4764565","37","322118"
"chr20","4550737","4550994","chr11","39445585","39445851","57","34894848"
"chr20","4625759","4625848","chr13","9852334","9852425","15","5226575"
"chr20","4629615","4629931","chr15","69276871","69277183","41","64647256"
"chr20","4637721","4638025","chr4","198798700","198799005","33","194160979"
"chr20","4778474","4778772","chr16","5095026","5095332","27","316552"
"chr20","4791347","4791618","chr21","28663801","28664070","50","23872454"
"chr20","4804967","4805278","chr1","13582785","13583095","45","8777818"
"chr20","4983929","4984233","chr9","59842059","59842366","35","54858130"
"chr20","5206571","5206857","chr16","5521123","5521409","23","314552"
"chr20","5214990","5215270","chr4","83955527","83955809","40","78740537"
"chr20","5424139","5424389","chr1","158525902","158526148","41","153101763"
"chr20","5426220","5426512","chr16","5735070","5735366","23","308850"
"chr20","5427481","5427786","chr4","199024335","199024640","44","193596854"
"chr20","5730827","5731116","chr9","94919935","94920225","36","89189108"
"chr20","5949509","5949834","chr5","141353236","141353548","52","135403727"
"chr20","5970496","5970789","chr11","68273298","68273600","53","62302802"
"chr20","6002400","6002713","chr10","140604064","140604370","46","134601664"
"chr20","6289503","6289809","chr6","53158380","53158685","40","46868877"
"chr20","6297665","6297952","chr13","42491879","42492161","36","36194214"
"chr20","6572335","6572634","chr3","200664126","200664415","52","194091791"
"chr20","6657381","6657661","chrX","97111067","97111349","44","90453686"
"chr20","6733814","6734124","chrX","41587872","41588178","36","34854058"
"chr20","6735361","6735671","chrX","41587872","41588178","39","34852511"
"chr20","6825900","6826191","chr13","23817054","23817348","50","16991154"
"chr20","7072799","7073112","chr6","32370047","32370357","45","25297248"
"chr20","7418420","7418725","chr1","135335882","135336186","46","127917462"
"chr20","8116140","8116443","chr15","52874335","52874637","41","44758195"
"chr20","8155691","8155981","chr1","40234571","40234860","32","32078880"
"chr20","8388763","8389064","chr10","136556545","136556854","44","128167782"
"chr20","8474271","8474593","chr16","8945990","8946289","46","471719"
"chr20","8495347","8495660","chr4","198977209","198977521","44","190481862"
"chr20","8541696","8541994","chr3","53738478","53738775","37","45196782"
"chr20","8544934","8545242","chr14","74198044","74198357","48","65653110"
"chr20","8592868","8593158","chr16","9077373","9077660","21","484505"
"chr20","8682022","8682333","chr16","9190501","9190812","27","508479"
"chr20","8743889","8744179","chr6","940081","940375","48","7803808"
"chr20","8781007","8781290","chr6","35475386","35475677","41","26694379"
"chr20","8807673","8807994","chr7","134871506","134871819","35","126063833"
"chr20","8863491","8863815","chr1","179606499","179606823","58","170743008"
"chr20","8892760","8893088","chr5","162326402","162326716","49","153433642"
"chr20","8901398","8901442","chr13","61473070","61473106","15","52571672"
"chr20","8964018","8964292","chr11","31348064","31348339","40","22384046"
"chr20","8998054","8998357","chr5","160987933","160988228","42","151989879"
"chr20","9042846","9043106","chr16","9543528","9543781","40","500682"
"chr20","9080289","9080600","chr5","45856163","45856467","38","36775874"
"chr20","9192494","9192802","chr16","27359367","27359679","48","18166873"
"chr20","9383098","9383364","chr16","25941552","25941811","39","16558454"
"chr20","9598953","9599248","chr1","41763043","41763338","35","32164090"
"chr20","9632744","9633062","chr4","16292913","16293223","49","6660169"
"chr20","9744577","9744817","chr1","10834504","10834743","47","1089927"
"chr20","9748283","9748568","chr16","10688049","10688334","28","939766"
"chr20","9814390","9814673","chr3","149118148","149118427","44","139303758"
"chr20","9855160","9855463","chr10","140604064","140604370","37","130748904"
"chr20","9891998","9892309","chr3","200810389","200810699","42","190918391"
"chr20","9951909","9952151","chr16","60573376","60573617","34","50621467"
"chr20","9997463","9997775","chr1","100887646","100887952","49","90890183"
"chr20","9999227","9999544","chr16","3477043","3477352","48","6522184"
"chr20","10010857","10011168","chr1","100887646","100887952","38","90876789"
"chr20","10080295","10080609","chr17","38608208","38608518","36","28527913"
"chr20","10095904","10096214","chr6","35622489","35622796","38","25526585"
"chr20","10147128","10147429","chr5","133411905","133412206","41","123264777"
"chr20","10189330","10189638","chr5","160987933","160988228","59","150798603"
"chr20","10200645","10200736","chr13","9852334","9852425","12","348311"
"chr20","10321145","10321387","chr2B","72567730","72567984","53","62246585"
"chr20","10641289","10641594","chr10","140604064","140604370","36","129962775"
"chr20","10689341","10689650","chr7","45520039","45520349","47","34830698"
"chr20","10691095","10691154","chr6","166706134","166706195","10","156015039"
"chr20","10736943","10737258","chr16","11688263","11688573","30","951320"
"chr20","10746215","10746514","chr14","65406068","65406365","41","54659853"
"chr20","10856010","10856303","chr7","154438682","154438977","43","143582672"
"chr20","10921529","10921834","chr5","26135906","26136209","48","15214377"
"chr20","10971383","10971694","chr1","11873517","11873823","56","902134"
"chr20","11010917","11011231","chr14","74671804","74672116","39","63660887"
"chr20","11022612","11022921","chr14","32972455","32972755","48","21949843"
"chr20","11176169","11176482","chr5","22049247","22049559","39","10873078"
"chr20","11195498","11195810","chr17","38608208","38608518","47","27412710"
"chr20","11214436","11214728","chrUn_CABD030131550v1","8094","8384","43","11206342"
"chr20","11225563","11225855","chr16","12186594","12186889","24","961031"
"chr20","11226103","11226383","chr1","6099213","6099485","44","5126890"
"chr20","11246696","11247004","chr9","59842059","59842366","44","48595363"
"chr20","11249887","11250193","chr1","71295938","71296237","45","60046051"
"chr20","11327290","11327601","chr17","69846993","69847300","31","58519703"
"chr20","11385397","11385709","chr16","12384227","12384537","37","998830"
"chr20","11431722","11432034","chr17","79404094","79404401","34","67972372"
"chr20","11547512","11547751","chr16","12557159","12557388","36","1009647"
"chr20","11737007","11737307","chr9","67126783","67127082","37","55389776"
"chr20","11873560","11873870","chr1","40966383","40966697","36","29092823"
"chr20","12023601","12023893","chrX","71178322","71178614","36","59154721"
"chr20","12087463","12087775","chr12","3042424","3042732","35","9045039"
"chr20","12093443","12093744","chrX","97594986","97595289","43","85501543"
"chr20","12157150","12157474","chr16","13229389","13229696","45","1072239"
"chr20","12159995","12160307","chr10","121813796","121814102","48","109653801"
"chr20","12242058","12242340","chr16","13304231","13304513","22","1062173"
"chr20","12355332","12355633","chr2A","10348885","10349185","32","2006447"
"chr20","12360608","12360868","chr9","104758962","104759223","39","92398354"
"chr20","12434518","12434788","chr22","24788380","24788656","44","12353862"
"chr20","12451340","12451654","chr17","38608208","38608518","45","26156868"
"chr20","12475646","12475952","chr6","53158380","53158685","40","40682734"
"chr20","12477887","12478207","chr4","1581323","1581630","43","10896564"
"chr20","12697009","12697320","chr2A","10355583","10355893","47","2341426"
"chr20","12758153","12758459","chr16","13887526","13887828","25","1129373"
"chr20","12905997","12906275","chr1","6099213","6099485","45","6806784"
"chr20","13049345","13049641","chr18","14207301","14207594","32","1157956"
"chr20","13055327","13055620","chr16","14178362","14178665","37","1123035"
"chr20","13198793","13199108","chr4","179466004","179466310","44","166267211"
"chr20","13224642","13224925","chr14","36230486","36230773","44","23005844"
"chr20","13298759","13299053","chr16","57514265","57514560","35","44215506"
"chr20","13388797","13389003","chr7","2943656","2943877","54","10445141"
"chr20","13407775","13408076","chr12","52850616","52850925","36","39442841"
"chr20","13434385","13434696","chr17","38608208","38608518","42","25173823"
"chr20","13438320","13438626","chr9","82578710","82579015","35","69140390"
"chr20","13651928","13652212","chr8","17570913","17571199","52","3918985"
"chr20","13699510","13699802","chr6","119750721","119751012","39","106051211"
"chr20","13721563","13721856","chr4","171953878","171954174","44","158232315"
"chr20","13727729","13728029","chr4","37953476","37953776","35","24225747"
"chr20","13742786","13743095","chr16","14879000","14879307","27","1136214"
"chr20","13747322","13747629","chr7","18509561","18509873","42","4762239"
"chr20","13756574","13756856","chr1","92652864","92653150","31","78896290"
"chr20","13823672","13823764","chr12","133197508","133197600","13","119373836"
"chr20","13877451","13877741","chr11","44474205","44474497","51","30596754"
"chr20","13936936","13937226","chr16","15070048","15070347","29","1133112"
"chr20","14051759","14052075","chrX","97038467","97038780","46","82986708"
"chr20","14058529","14058831","chr6","35622489","35622796","43","21563960"
"chr20","14062321","14062601","chr16","15224671","15224950","31","1162350"
"chr20","14067045","14067330","chr19","3472325","3472614","52","10594720"
"chr20","14067577","14067892","chr2A","10355583","10355893","46","3711994"
"chr20","14076953","14077261","chr17","24583359","24583669","46","10506406"
"chr20","14126512","14126825","chr4","198977209","198977521","42","184850697"
"chr20","14147346","14147634","chr12","59907829","59908121","39","45760483"
"chr20","14236944","14237237","chr16","15459779","15460070","24","1222835"
"chr20","14254068","14254316","chr16","61072847","61073094","30","46818779"
"chr20","14610246","14610490","chr16","16019809","16020055","19","1409563"
"chr20","14618506","14618794","chr14","30944969","30945253","44","16326463"
"chr20","14718461","14718756","chr16","16128099","16128395","29","1409638"
"chr20","14776478","14776757","chr5","126879068","126879333","61","112102590"
"chr20","14805248","14805552","chr17","24583359","24583669","42","9778111"
"chr20","14833768","14834081","chr12","8706461","8706771","35","6127307"
"chr20","14862684","14862974","chr16","16178172","16178474","35","1315488"
"chr20","14905218","14905518","chr11","17305005","17305310","33","2399787"
"chr20","14911876","14912184","chr5","45856163","45856467","38","30944287"
"chr20","14953042","14953356","chr22","21716970","21717283","37","6763928"
"chr20","15029090","15029390","chr5","39364453","39364757","45","24335363"
"chr20","15037766","15037901","chr8","22356237","22356372","19","7318471"
"chr20","15038193","15038366","chr10","110937827","110938000","28","95899634"
"chr20","15066751","15066913","chr16","16593479","16593648","17","1526728"
"chr20","15196986","15197192","chr2B","93870467","93870663","41","78673481"
"chr20","15245175","15245472","chr5","64763044","64763340","38","49517869"
"chr20","15299074","15299369","chr12","117088484","117088786","35","101789410"
"chr20","15370840","15371140","chr9","70252230","70252529","35","54881390"
"chr20","15479135","15479437","chr5","36374695","36374994","36","20895560"
"chr20","15527347","15527662","chr15","37451080","37451392","39","21923733"
"chr20","15676430","15676724","chr15","42141648","42141949","42","26465218"
"chr20","15723419","15723667","chr12","76915481","76915745","50","61192062"
"chr20","15968824","15969140","chr16","18067403","18067724","40","2098579"
"chr20","16006426","16006718","chr16","18028408","18028692","22","2021982"
"chr20","16046959","16047269","chr16","17987994","17988296","30","1941035"
"chr20","16106555","16106855","chr7","29021792","29022096","42","12915237"
"chr20","16200372","16200684","chr20","35582405","35582711","37","19382033"
"chr20","16409090","16409356","chr2A","68921900","68922175","52","52512810"
"chr20","16497772","16498086","chr12","8706461","8706771","46","7791311"
"chr20","16623530","16623842","chr2B","107373831","107374141","47","90750301"
"chr20","16668128","16668438","chr13","11345127","11345439","42","5323001"
"chr20","16814374","16814685","chr19","10799423","10799732","41","6014951"
"chr20","16823729","16824038","chr17","24583359","24583669","44","7759630"
"chr20","16933880","16934186","chr7","45520039","45520349","50","28586159"
"chr20","16939316","16939617","chr5","26135906","26136209","30","9196590"
"chr20","16970985","16971281","chr2A","80022127","80022416","44","63051142"
"chr20","16985675","16985896","chr7","144191527","144191741","43","127205852"
"chr20","17008959","17009268","chr16","19118334","19118636","26","2109375"
"chr20","17091481","17091767","chr5","117859800","117860087","38","100768319"
"chr20","17100214","17100512","chr2B","124078688","124078987","35","106978474"
"chr20","17157936","17158236","chr4","100118727","100119024","39","82960791"
"chr20","17207780","17208093","chr5","1337460","1337763","48","15870320"
"chr20","17208625","17208921","chr3","197719809","197720102","35","180511184"
"chr20","17235640","17235948","chr11","68049982","68050285","44","50814342"
"chr20","17240302","17240608","chr1","210595639","210595937","39","193355337"
"chr20","17275372","17275541","chr17","8148578","8148726","57","9126794"
"chr20","17303134","17303441","chr2A","81872121","81872429","41","64568987"
"chr20","17313621","17313845","chr1","180285522","180285755","42","162971901"
"chr20","17367922","17368232","chr7","75796417","75796729","44","58428495"
"chr20","17434681","17434985","chr3","3628864","3629165","33","13805817"
"chr20","17656308","17656622","chr9","114786009","114786320","42","97129701"
"chr20","17676940","17677217","chr16","19825965","19826238","35","2149025"
"chr20","17831503","17831809","chrX","97594986","97595289","34","79763483"
"chr20","17867429","17867728","chr3","54338401","54338700","44","36470972"
"chr20","18104221","18104531","chr16","20265562","20265870","33","2161341"
"chr20","18457859","18458153","chr16","20567250","20567552","35","2109391"
"chr20","18510350","18510639","chr1","224694915","224695201","40","206184565"
"chr20","19050333","19050645","chr12","52850616","52850925","39","33800283"
"chr20","19141053","19141352","chr7","78954410","78954708","39","59813357"
"chr20","19219398","19219707","chr16","21483893","21484201","32","2264495"
"chr20","19247173","19247479","chr17","79404094","79404401","55","60156921"
"chr20","19294518","19294814","chr16","21557846","21558142","19","2263328"
"chr20","19394104","19394418","chr5","36374695","36374994","42","16980591"
"chr20","19403461","19403758","chr1","132554974","132555276","38","113151513"
"chr20","19406346","19406648","chr19","14735632","14735933","36","4670714"
"chr20","19467171","19467457","chr11","46969394","46969676","33","27502223"
"chr20","19539458","19539734","chr1","66580123","66580404","50","47040665"
"chr20","19703054","19703371","chr14","20972619","20972931","50","1269565"
"chr20","19745014","19745310","chr16","22351069","22351374","34","2606055"
"chr20","19747733","19748016","chr16","22353828","22354106","27","2606095"
"chr20","19758292","19758611","chrX","41846699","41847016","38","22088407"
"chr20","19782827","19783146","chr12","36414589","36414899","43","16631762"
"chr20","19801383","19801673","chr12","59907829","59908121","37","40106446"
"chr20","19829854","19830147","chr17","81504650","81504947","34","61674796"
"chr20","19834944","19835211","chr1","6099213","6099485","36","13735731"
"chr20","19885848","19886117","chr14","61104621","61104901","46","41218773"
"chr20","20034865","20035175","chr6","35622489","35622796","35","15587624"
"chr20","20085970","20086264","chr6","13303749","13304049","50","6782221"
"chr20","20141395","20141699","chr16","21914540","21914842","30","1773145"
"chr20","20173806","20174117","chr1","191149848","191150155","39","170976042"
"chr20","20218993","20219264","chr1","147628416","147628684","39","127409423"
"chr20","20367192","20367496","chrX","97594986","97595289","37","77227794"
"chr20","20567763","20568076","chr10","101337366","101337681","38","80769603"
"chr20","20629215","20629503","chr16","23190870","23191153","26","2561655"
"chr20","20795786","20796096","chr15","16466522","16466827","43","4329264"
"chr20","20825535","20825849","chr1","160753833","160754142","44","139928298"
"chr20","20845834","20846127","chr8","74261100","74261405","58","53415266"
"chr20","20884361","20884682","chr5","25211209","25211524","48","4326848"
"chr20","20891973","20892285","chr6","35622489","35622796","40","14730516"
"chr20","20913654","20913952","chr12","59907829","59908121","44","38994175"
"chr20","20986238","20986473","chr12","70925924","70926162","38","49939686"
"chr20","21043169","21043324","chr5","115031765","115031921","22","93988596"
"chr20","21063858","21064158","chr4","96972200","96972495","38","75908342"
"chr20","21246453","21246771","chr16","23806200","23806519","35","2559747"
"chr20","21355133","21355451","chr16","23926045","23926350","33","2570912"
"chr20","21903787","21904095","chr17","60844392","60844695","43","38940605"
"chr20","22016033","22016343","chr5","41598680","41598982","49","19582647"
"chr20","22198620","22198727","chr2B","121888812","121888913","14","99690192"
"chr20","22202991","22203302","chr1","100887646","100887952","49","78684655"
"chr20","22337759","22338048","chr1","144529989","144530282","35","122192230"
"chr20","22761308","22761572","chr12","131788345","131788608","43","109027037"
"chr20","22781725","22782050","chr10","101337366","101337681","46","78555641"
"chr20","22794102","22794409","chr5","137760043","137760333","45","114965941"
"chr20","22846451","22846756","chrX","21895251","21895553","39","951200"
"chr20","22849336","22849619","chr15","68727664","68727949","36","45878328"
"chr20","23009090","23009385","chr5","59295543","59295841","42","36286453"
"chr20","23039119","23039388","chr3","23553039","23553323","41","513920"
"chr20","23260835","23261144","chr16","25882705","25883013","16","2621870"
"chr20","23317989","23318251","chr16","25941552","25941811","18","2623563"
"chr20","23462006","23462300","chr17","9644327","9644622","31","13817679"
"chr20","23709007","23709313","chr1","185054973","185055268","37","161345966"
"chr20","23749732","23750037","chr1","71295938","71296237","49","47546206"
"chr20","23750519","23750799","chr5","152981291","152981582","46","129230772"
"chr20","24025196","24025510","chr5","22049247","22049559","39","1975949"
"chr20","24207347","24207621","chr12","29701082","29701357","51","5493735"
"chr20","24244992","24245285","chr1","27021093","27021389","39","2776101"
"chr20","24284551","24284815","chr12","131788345","131788608","44","107503794"
"chr20","24424089","24424402","chrX","41587872","41588178","34","17163783"
"chr20","24541157","24541468","chr22","15277783","15278092","40","9263374"
"chr20","24678580","24678887","chr16","27359367","27359679","39","2680787"
"chr20","24692963","24693280","chr3","49274363","49274680","46","24581400"
"chr20","24747349","24747660","chr12","21276435","21276745","42","3470914"
"chr20","24890218","24890553","chr3","102429845","102430183","50","77539627"
"chr20","24892029","24892329","chr11","14213433","14213733","32","10678596"
"chr20","24929793","24930101","chr4","39554171","39554467","53","14624378"
"chr20","24937345","24937656","chr1","179669936","179670237","42","154732591"
"chr20","24958726","24959023","chr16","43348777","43349076","37","18390051"
"chr20","24966843","24967144","chr7","70900990","70901293","36","45934147"
"chr20","25034226","25034490","chr2A","1587097","1587372","38","23447129"
"chr20","25230266","25230575","chr20","50942392","50942702","41","25712126"
"chr20","25252442","25252742","chr1","24331052","24331355","46","921390"
"chr20","25267500","25267803","chr1","27021093","27021389","41","1753593"
"chr20","25310851","25311149","chr5","157267053","157267352","39","131956202"
"chr20","25339878","25340187","chr16","28035109","28035418","24","2695231"
"chr20","25608391","25608701","chr1","191149848","191150155","44","165541457"
"chr20","25625191","25625497","chr3","24226115","24226415","45","1399076"
"chr20","25653235","25653547","chr17","24583359","24583669","32","1069876"
"chr20","25658326","25658620","chr16","28367488","28367781","20","2709162"
"chr20","25671289","25671561","chr17","6033058","6033324","39","19638231"
"chr20","25791152","25791424","chr6","35036855","35037127","52","9245703"
"chr20","25868655","25868933","chr6","7125066","7125354","43","18743589"
"chr20","25879813","25880119","chr17","38608208","38608518","33","12728395"
"chr20","25890212","25890522","chr2A","10355583","10355893","42","15534629"
"chr20","25905044","25905354","chr2A","79839508","79839818","43","53934464"
"chr20","25908372","25908684","chr3","49186867","49187178","41","23278495"
"chr20","25925777","25926079","chrX","18796354","18796648","45","7129423"
"chr20","25989385","25989696","chr1","109323755","109324067","35","83334370"
"chr20","26001337","26001539","chr18","27901914","27902114","33","1900577"
"chr20","26002374","26002685","chr1","40966383","40966697","45","14964009"
"chr20","26024062","26024366","chr9","108229509","108229814","36","82205447"
"chr20","26049500","26049823","chr5","19123895","19124206","55","6925605"
"chr20","26114681","26114977","chr7","129287081","129287379","34","103172400"
"chr20","26121373","26121637","chr16","29324215","29324469","26","3202842"
"chr20","26158829","26159110","chr5","51774532","51774825","55","25615703"
"chr20","26165268","26165570","chr9","59842059","59842366","41","33676791"
"chr20","26167308","26167623","chr2A","21134848","21135157","37","5032460"
"chr20","26240535","26240825","chr16","29204308","29204612","35","2963773"
"chr20","26257870","26258181","chr19","40734404","40734716","41","14476534"
"chr20","26366683","26366991","chr2A","38433886","38434193","36","12067203"
"chr20","26459030","26459341","chr16","30279453","30279761","29","3820423"
"chr20","26532424","26532480","chr1","150178762","150178819","18","123646338"
"chr20","26532528","26532703","chr2B","128728426","128728597","34","102195898"
"chr20","26549811","26550098","chr19","48188347","48188636","56","21638536"
"chr20","26587939","26588223","chr16","28958319","28958608","26","2370380"
"chr20","26588909","26589193","chr16","28958319","28958608","25","2369410"
"chr20","26617603","26617913","chr3","187177539","187177847","43","160559936"
"chr20","26689188","26689322","chr2B","109918485","109918618","27","83229297"
"chr20","26697474","26697786","chr2A","21134848","21135157","37","5562626"
"chr20","26769309","26769528","chr18","27822115","27822332","36","1052806"
"chr20","26820462","26820758","chr19","17050826","17051125","37","9769636"
"chr20","26837901","26838176","chr4","83955527","83955809","38","57117626"
"chr20","27009909","27010244","chr8","25754244","25754574","52","1255665"
"chr20","27055837","27056127","chr5","94253983","94254265","44","67198146"
"chr20","27141507","27141791","chr16","31115384","31115673","28","3973877"
"chr20","27165217","27165398","chrX","153025683","153025863","27","125860466"
"chr20","27169734","27170029","chr13","33361251","33361548","38","6191517"
"chr20","27243283","27243580","chr10","137181578","137181873","31","109938295"
"chr20","27309487","27309796","chr1","220179649","220179961","40","192870162"
"chr20","27316526","27316839","chr19","17491703","17492009","41","9824823"
"chr20","27324506","27324679","chr19","2974694","2974872","23","24349812"
"chr20","27409299","27409557","chr3","155409710","155409966","39","128000411"
"chr20","27535821","27536129","chr16","31496058","31496373","38","3960237"
"chr20","27640969","27641261","chr9","67126783","67127082","51","39485814"
"chr20","27685486","27685782","chr16","31652088","31652388","35","3966602"
"chr20","27928108","27928406","chr16","31734146","31734447","21","3806038"
"chr20","28116482","28116771","chr9","94919935","94920225","35","66803453"
"chr20","28207060","28207370","chr10","136766798","136767102","50","108559738"
"chr20","28248618","28248909","chr5","14562537","14562837","58","13686081"
"chr20","28270343","28270638","chr20","3862616","3862914","38","24407727"
"chr20","28883160","28883455","chr5","160987933","160988228","30","132104773"
"chr20","28942116","28942410","chr16","36914197","36914483","27","7972081"
"chr20","28945503","28945815","chr9","114786009","114786320","43","85840506"
"chr20","29018683","29018983","chr17","8465111","8465410","38","20553572"
"chr20","29020966","29021274","chr7","127657301","127657615","34","98636335"
"chr20","29062572","29062865","chr16","37049725","37050024","28","7987153"
"chr20","29094346","29094667","chr3","49274363","49274680","48","20180017"
"chr20","29104684","29104970","chr16","37100640","37100933","30","7995956"
"chr20","29184652","29184948","chr2A","45126237","45126533","39","15941585"
"chr20","29270222","29270533","chr3","197346369","197346679","36","168076147"
"chr20","29293275","29293585","chr14","87826246","87826553","41","58532971"
"chr20","29357237","29357539","chr14","87826246","87826553","47","58469009"
"chr20","30178332","30178648","chr16","38181208","38181506","45","8002876"
"chr20","30434386","30434677","chr16","38430269","38430560","31","7995883"
"chr20","30607547","30607855","chr16","38604775","38605085","24","7997228"
"chr20","30611054","30611326","chr16","38608257","38608528","20","7997203"
"chr20","30685838","30686124","chr1","41763043","41763338","38","11077205"
"chr20","30833534","30833832","chr1","194446199","194446496","41","163612665"
"chr20","30866066","30866376","chr16","38867296","38867605","19","8001230"
"chr20","30888260","30888561","chr14","36693590","36693894","32","5805330"
"chr20","31081319","31081622","chrX","20127846","20128149","37","10953473"
"chr20","31083431","31083711","chr16","39080801","39081081","16","7997370"
"chr20","31140901","31141191","chr1","24189834","24190118","55","6951067"
"chr20","31157198","31157497","chr16","39146597","39146897","31","7989399"
"chr20","31388839","31389134","chrX","45943264","45943560","52","14554425"
"chr20","31830567","31830854","chr19","34938060","34938350","45","3107493"
"chr20","32172225","32172525","chr10","30706997","30707281","50","1465228"
"chr20","32523468","32523761","chr16","40556499","40556796","33","8033031"
"chr20","32555746","32556029","chr1","185054973","185055268","38","152499227"
"chr20","32603445","32603755","chr1","157261144","157261453","41","124657699"
"chr20","32639246","32639560","chr16","40670613","40670927","25","8031367"
"chr20","32860076","32860365","chr8","54146840","54147130","35","21286764"
"chr20","33295469","33295782","chr4","138738605","138738915","41","105443136"
"chr20","34393152","34393455","chr16","42522268","42522563","39","8129116"
"chr20","34735765","34736041","chr1","46271000","46271275","49","11535235"
"chr20","35020675","35020978","chr21","36178489","36178784","49","1157814"
"chr20","35217183","35217471","chr16","43348777","43349076","37","8131594"
"chr20","35285937","35286242","chr16","43413176","43413481","31","8127239"
"chr20","35353185","35353497","chr11","27442623","27442932","38","7910562"
"chr20","35765300","35765606","chr16","43800527","43800838","19","8035227"
"chr20","35874840","35875144","chr16","43927843","43928124","41","8053003"
"chr20","35953850","35954160","chr15","67619999","67620309","39","31666149"
"chr20","36036170","36036467","chr16","44084128","44084424","27","8047958"
"chr20","36140294","36140584","chr2A","75137163","75137453","44","38996869"
"chr20","36266305","36266610","chr3","40085381","40085690","48","3819076"
"chr20","36327161","36327464","chr10","86510634","86510940","35","50183473"
"chr20","36394701","36395002","chr3","135591702","135592003","37","99197001"
"chr20","36473718","36474016","chr16","44533602","44533904","27","8059884"
"chr20","36488966","36489281","chr13","8634043","8634347","41","27854923"
"chr20","36788798","36789090","chr4","155657331","155657621","36","118868533"
"chr20","37019822","37020110","chr5","160987933","160988228","48","123968111"
"chr20","37087953","37088249","chr16","45163140","45163433","31","8075187"
"chr20","37258977","37259290","chr16","45322659","45322970","35","8063682"
"chr20","37333877","37334193","chr12","21276435","21276745","39","16057442"
"chr20","37383770","37384075","chr16","45447047","45447342","37","8063277"
"chr20","37409428","37409666","chr2B","96002893","96003128","43","58593465"
"chr20","37928840","37929149","chr1","160753833","160754142","43","122824993"
"chr20","38139775","38140062","chr6","35475386","35475677","48","2664389"
"chr20","38344418","38344671","chr14","62662099","62662351","37","24317681"
"chr20","38693538","38693828","chr13","25465224","25465521","41","13228314"
"chr20","39002555","39002861","chr5","33727432","33727720","49","5275123"
"chr20","39047492","39047793","chr9","67126783","67127082","34","28079291"
"chr20","39268260","39268563","chr5","158655828","158656133","49","119387568"
"chr20","39780669","39780962","chr1","144529989","144530282","37","104749320"
"chr20","39890629","39890949","chr2B","101147030","101147344","45","61256401"
"chr20","39891516","39891830","chr17","24583359","24583669","36","15308157"
"chr20","39956864","39957175","chr16","48003749","48004056","25","8046885"
"chr20","39967009","39967312","chr16","48013555","48013862","35","8046546"
"chr20","40011306","40011613","chrX","124240756","124241066","46","84229450"
"chr20","40263920","40264237","chr1","134763713","134764022","53","94499793"
"chr20","40372892","40373205","chr16","48445814","48446125","30","8072922"
"chr20","40406639","40406860","chr2A","98400246","98400478","49","57993607"
"chr20","40408815","40409128","chr4","86790373","86790681","41","46381558"
"chr20","40437599","40437823","chr12","91450409","91450622","56","51012810"
"chr20","40457323","40457634","chr16","48532280","48532591","29","8074957"
"chr20","40481741","40482015","chr19","10545129","10545406","56","29936612"
"chr20","40565196","40565487","chr12","59907829","59908121","34","19342633"
"chr20","40670067","40670343","chr16","48742557","48742854","41","8072490"
"chr20","40702643","40702932","chr16","48775093","48775383","35","8072450"
"chr20","40762783","40763087","chr1","132554974","132555276","49","91792191"
"chr20","40826921","40827232","chr6","35622489","35622796","44","5204432"
"chr20","41119453","41119763","chr16","49231213","49231521","33","8111760"
"chr20","41147721","41148037","chr16","49258474","49258790","29","8110753"
"chr20","41188734","41188960","chr17","40298402","40298619","44","890332"
"chr20","41215778","41216065","chr2B","63348784","63349075","38","22133006"
"chr20","41247052","41247358","chr10","136766798","136767102","45","95519746"
"chr20","41263144","41263475","chr22","24992736","24993063","67","16270408"
"chr20","41271450","41271751","chr2A","81381413","81381714","73","40109963"
"chr20","41294362","41294663","chr2B","125039405","125039704","31","83745043"
"chr20","41348004","41348349","chr6","172892387","172892713","61","131544383"
"chr20","41441357","41441529","chrX","123723452","123723622","36","82282095"
"chr20","41485507","41485807","chr4","39188125","39188428","46","2297382"
"chr20","41518954","41519257","chr13","27159096","27159404","49","14359858"
"chr20","41543221","41543517","chr17","9644327","9644622","30","31898894"
"chr20","41784487","41784793","chrX","97594986","97595289","32","55810499"
"chr20","41867914","41868180","chr12","76915481","76915745","40","35047567"
"chr20","41925686","41925983","chrX","97594986","97595289","35","55669300"
"chr20","42059929","42060232","chr10","136766798","136767102","41","94706869"
"chr20","42148829","42149096","chr1","66580123","66580404","45","24431294"
"chr20","42258373","42258685","chr3","99856159","99856472","35","57597786"
"chr20","42296259","42296548","chr16","50445621","50445908","26","8149362"
"chr20","42593193","42593424","chr16","50754893","50755126","20","8161700"
"chr20","42659993","42660295","chr16","50835020","50835321","28","8175027"
"chr20","42825840","42826151","chr16","50999383","50999692","27","8173543"
"chr20","42944954","42945262","chr16","51127560","51127865","30","8182606"
"chr20","43349433","43349732","chr19","17050826","17051125","37","26298607"
"chr20","43351800","43352075","chr5","70103079","70103361","44","26751279"
"chr20","43790948","43791238","chrUn_CABD030131550v1","8094","8384","38","43782854"
"chr20","44068785","44069080","chr2A","10348885","10349185","43","33719900"
"chr20","44265283","44265577","chr1","132554974","132555276","38","88289691"
"chr20","44322914","44323213","chr4","194608401","194608688","50","150285487"
"chr20","44625439","44625719","chr15","46138105","46138386","43","1512666"
"chr20","44706845","44707126","chr4","83955527","83955809","44","39248682"
"chr20","44765395","44765673","chr20","725690","725969","43","44039705"
"chr20","44870006","44870320","chr2A","38433886","38434193","40","6436120"
"chr20","45211804","45212116","chr16","53824741","53825055","38","8612937"
"chr20","45849190","45849488","chr22","8757305","8757604","28","37091885"
"chr20","45993167","45993473","chr11","69456323","69456634","44","23463156"
"chr20","46298298","46298572","chr10","106607864","106608139","42","60309566"
"chr20","46310682","46310836","chr17","68243951","68244102","18","21933269"
"chr20","46371932","46372216","chr18","46674071","46674354","48","302139"
"chr20","46403193","46403521","chr7","18509561","18509873","56","27893632"
"chr20","46501124","46501434","chr2A","10355583","10355893","46","36145541"
"chr20","46539056","46539357","chr14","32972455","32972755","36","13566601"
"chr20","47040338","47040653","chr12","21276435","21276745","40","25763903"
"chr20","47287026","47287308","chr16","56025588","56025883","43","8738562"
"chr20","47356775","47357077","chr3","2931636","2931947","55","44425139"
"chr20","47384864","47385160","chr6","43264052","43264340","51","4120812"
"chr20","47836986","47837298","chr10","36119294","36119606","36","11717692"
"chr20","47943636","47943947","chr3","6092861","6093175","34","41850775"
"chr20","47992698","47992952","chr5","25439434","25439692","40","22553264"
"chr20","48036329","48036628","chr5","160987933","160988228","33","112951604"
"chr20","48223902","48224214","chr2B","65741490","65741803","43","17517588"
"chr20","48313396","48313490","chrX","111811533","111811626","18","63498137"
"chr20","48313591","48313776","chr21","9612794","9612973","28","38700797"
"chr20","48330985","48331297","chr10","36119294","36119606","28","12211691"
"chr20","48453514","48453809","chr19","45984366","45984662","36","2469148"
"chr20","48584271","48584582","chr13","2573887","2574188","60","46010384"
"chr20","48679034","48679330","chr1","185054973","185055268","39","136375939"
"chr20","48792797","48793089","chr9","75150281","75150573","45","26357484"
"chr20","48802356","48802677","chr9","74575275","74575588","45","25772919"
"chr20","48857893","48858187","chr16","57620358","57620650","29","8762465"
"chr20","48860956","48861242","chr13","34006475","34006766","47","14854481"
"chr20","48887035","48887323","chr1","185054973","185055268","34","136167938"
"chr20","48924931","48925232","chrX","36406749","36407049","36","12518182"
"chr20","48934319","48934632","chr9","114786009","114786320","35","65851690"
"chr20","49005917","49006214","chr6","142067041","142067339","41","93061124"
"chr20","49030212","49030450","chr19","23057708","23057946","62","25972504"
"chr20","49074573","49074892","chr6","35622489","35622796","42","13452084"
"chr20","49102373","49102674","chr1","191149848","191150155","35","142047475"
"chr20","49159643","49159951","chr4","37953476","37953776","45","11206167"
"chr20","49176416","49176725","chr4","37953476","37953776","45","11222940"
"chr20","49219566","49219878","chr3","2931636","2931947","41","46287930"
"chr20","49237767","49237890","chr16","58132172","58132294","8","8894405"
"chr20","49245045","49245335","chr16","58138575","58138875","32","8893530"
"chr20","49281518","49281830","chr2B","56727034","56727344","42","7445516"
"chr20","49407094","49407405","chr12","110623481","110623790","38","61216387"
"chr20","49469989","49470303","chr16","76137172","76137480","40","26667183"
"chr20","49615072","49615322","chr1","158525902","158526148","50","108910830"
"chr20","49703015","49703326","chr15","67619999","67620309","43","17916984"
"chr20","49719402","49719587","chr19","38058960","38059140","29","11660442"
"chr20","49721314","49721595","chr16","58605580","58605882","41","8884266"
"chr20","49791124","49791397","chr2B","44368641","44368918","34","5422483"
"chr20","49815689","49815865","chr10","63405598","63405761","43","13589909"
"chr20","49843407","49843722","chr2A","10355583","10355893","46","39487824"
"chr20","49855239","49855534","chr12","59907829","59908121","37","10052590"
"chr20","49867093","49867390","chr16","58737439","58737740","25","8870346"
"chr20","49885259","49885563","chr17","8465111","8465410","38","41420148"
"chr20","49892956","49893266","chr20","35582405","35582711","37","14310551"
"chr20","49899257","49899538","chr1","27046001","27046282","39","22853256"
"chr20","49902166","49902453","chr19","33970963","33971252","37","15931203"
"chr20","49930615","49930927","chr17","38608208","38608518","36","11322407"
"chr20","49969782","49970076","chr16","58837847","58838147","42","8868065"
"chr20","50065811","50066126","chr16","58936624","58936926","31","8870813"
"chr20","50066314","50066616","chr16","58937107","58937411","28","8870793"
"chr20","50084829","50085136","chrX","134880203","134880513","41","84795374"
"chr20","50097679","50097985","chr16","58966823","58967121","36","8869144"
"chr20","50208208","50208512","chr16","59079913","59080209","34","8871705"
"chr20","50210358","50210650","chr5","2740998","2741294","35","47469360"
"chr20","50220077","50220384","chr16","12186594","12186889","36","38033483"
"chr20","50234373","50234660","chr2A","45022548","45022815","58","5211825"
"chr20","50236368","50236654","chr1","41763043","41763338","48","8473325"
"chr20","50237638","50237932","chr16","59098484","59098773","26","8860846"
"chr20","50242062","50242370","chr3","50317919","50318221","47","75857"
"chr20","50277071","50277366","chr16","59141251","59141549","31","8864180"
"chr20","50423170","50423476","chr16","59279856","59280170","43","8856686"
"chr20","50430700","50431001","chr20","35582405","35582711","46","14848295"
"chr20","50434703","50435012","chr7","72899498","72899802","42","22464795"
"chr20","50500292","50500595","chr20","21707872","21708172","37","28792420"
"chr20","50596017","50596313","chrX","48041286","48041580","32","2554731"
"chr20","50793146","50793458","chr9","74575275","74575588","34","23782129"
"chr20","50809692","50809987","chr3","187177539","187177847","42","136367847"
"chr20","50980285","50980542","chr10","10224188","10224441","48","40756097"
"chr20","51000226","51000311","chr1","107670400","107670487","11","56670174"
"chr20","51065413","51065722","chr3","12041820","12042133","52","39023593"
"chr20","51107125","51107433","chr16","59881780","59882092","33","8774655"
"chr20","51133505","51133770","chr5","20856959","20857224","63","30276546"
"chr20","51162332","51162634","chr14","32972455","32972755","38","18189877"
"chr20","51247024","51247328","chr16","60009945","60010252","23","8762921"
"chr20","51349420","51349708","chr21","17637641","17637925","51","33711779"
"chr20","51385502","51385812","chr3","40085381","40085690","34","11300121"
"chr20","51406444","51406742","chr11","118798557","118798858","42","67392113"
"chr20","51435238","51435549","chr16","60195014","60195326","37","8759776"
"chr20","51498463","51498764","chr16","60254471","60254784","35","8756008"
"chr20","51528396","51528708","chr7","76735395","76735710","39","25206999"
"chr20","51562037","51562219","chr19","41802067","41802242","27","9759970"
"chr20","51787466","51787777","chr3","55283195","55283502","46","3495729"
"chr20","51789687","51789972","chr19","1355781","1356069","32","50433906"
"chr20","51794677","51794953","chrX","2139111","2139398","49","49655566"
"chr20","51795824","51796139","chr16","60521086","60521394","27","8725262"
"chr20","51847826","51848127","chr10","110180557","110180860","36","58332731"
"chr20","51939338","51939640","chr22","20623630","20623939","37","31315708"
"chr20","51944583","51944872","chr8","54146840","54147130","38","2202257"
"chr20","51953300","51953613","chr17","1365694","1366004","44","50587606"
"chr20","52047521","52047760","chr1","158525902","158526148","34","106478381"
"chr20","52054908","52055218","chr16","60796883","60797189","28","8741975"
"chr20","52077417","52077669","chr10","43187932","43188189","33","8889485"
"chr20","52163553","52163858","chr16","60906437","60906739","26","8742884"
"chr20","52201138","52201455","chr1","144529989","144530282","60","92328851"
"chr20","52207857","52208160","chr11","14213433","14213733","33","37994424"
"chr20","52232357","52232659","chr1","100887646","100887952","48","48655289"
"chr20","52309282","52309570","chr16","65356282","65356570","24","13047000"
"chr20","52406492","52406788","chr16","43348777","43349076","40","9057715"
"chr20","52502617","52502932","chr9","74575275","74575588","49","22072658"
"chr20","52711105","52711418","chrX","97038467","97038780","40","44327362"
"chr20","52732695","52733017","chr5","22049247","22049559","39","30683448"
"chr20","52991619","52991932","chr4","133128211","133128521","41","80136592"
"chr20","53109959","53110251","chr2B","63348784","63349075","31","10238825"
"chr20","53230233","53230525","chr1","66126236","66126536","50","12896003"
"chr20","53386188","53386491","chr1","29163733","29164039","41","24222455"
"chr20","53461901","53462213","chr17","38608208","38608518","42","14853693"
"chr20","53467108","53467429","chr1","69034819","69035142","43","15567711"
"chr20","53475637","53475948","chr4","198798700","198799005","40","145323063"
"chr20","53521187","53521495","chr1","28265791","28266094","46","25255396"
"chr20","53570839","53571138","chr14","9925289","9925585","31","43645550"
"chr20","53598372","53598679","chrX","97594986","97595289","35","43996614"
"chr20","53951059","53951345","chr4","193440825","193441116","40","139489766"
"chr20","54321265","54321559","chr4","97869071","97869381","49","43547806"
"chr20","54642592","54642875","chr12","79066133","79066418","32","24423541"
"chr20","54724810","54725116","chr1","13582785","13583095","43","41142025"
"chr20","54747169","54747472","chr7","72899498","72899802","40","18152329"
"chr20","54784470","54784776","chr4","106451241","106451549","35","51666771"
"chr20","54793150","54793454","chr16","62839822","62840135","43","8046672"
"chr20","54821297","54821588","chr7","47963569","47963862","46","6857728"
"chr20","54861340","54861653","chr16","62775040","62775345","28","7913700"
"chr20","54881519","54881820","chr3","135591702","135592003","31","80710183"
"chr20","54915136","54915442","chr14","75036885","75037196","38","20121749"
"chr20","55053068","55053384","chr12","8706461","8706771","49","46346607"
"chr20","55053782","55054068","chr3","117494684","117494975","37","62440902"
"chr20","55617116","55617423","chrX","41271607","41271912","34","14345509"
"chr20","55919269","55919575","chr5","60420475","60420784","34","4501206"
"chr20","55919950","55920130","chr4","81515226","81515394","30","25595276"
"chr20","55972914","55973213","chr2B","95425788","95426089","36","39452874"
"chr20","55982218","55982491","chr9","114512348","114512618","40","58530130"
"chr20","55993870","55994170","chr10","108852377","108852676","44","52858507"
"chr20","55999806","55999999","chr3","104744785","104744978","46","48744979"
"chr20","56001270","56001531","chr10","140684085","140684354","54","84682815"
"chr20","56151145","56151423","chr1","24189834","24190118","38","31961311"
"chr20","56199276","56199564","chr3","3628864","3629165","41","52570412"
"chr20","56203030","56203328","chr19","17050826","17051125","38","39152204"
"chr20","56239423","56239726","chr16","61101102","61101403","36","4861679"
"chr20","56275753","56276044","chr16","65706248","65706541","39","9430495"
"chr20","56285317","56285615","chr9","13019619","13019916","39","43265698"
"chr20","56287781","56288076","chr2A","98098346","98098646","41","41810565"
"chr20","56332627","56332902","chr2A","1587097","1587372","43","54745530"
"chr20","56418187","56418465","chrX","36693904","36694182","35","19724283"
"chr20","56494220","56494528","chr3","70539748","70540054","46","14045528"
"chr20","56540120","56540438","chr2A","21134848","21135157","41","35405272"
"chr20","56632311","56632594","chr8","48892738","48893043","55","7739573"
"chr20","56646449","56646746","chr16","66075499","66075794","25","9429050"
"chr20","56649101","56649409","chr18","44508207","44508512","42","12140894"
"chr20","56674898","56675196","chr22","8757305","8757604","31","47917593"
"chr20","56676402","56676689","chr1","185054973","185055268","42","128378571"
"chr20","56728638","56728945","chr1","21262166","21262476","43","35466472"
"chr20","56749470","56749778","chr2A","21134848","21135157","21","35614622"
"chr20","56750635","56750938","chr8","142809025","142809318","38","86058390"
"chr20","56896009","56896306","chr9","70252230","70252529","40","13356221"
"chr20","56915362","56915661","chr7","45526909","45527205","45","11388453"
"chr20","56917392","56917695","chr12","117088484","117088786","43","60171092"
"chr20","56924103","56924408","chr1","132554974","132555276","42","75630871"
"chr20","56925688","56926000","chr12","52850616","52850925","44","4075072"
"chr20","57029346","57029640","chr8","74261100","74261405","37","17231754"
"chr20","57052938","57053235","chr11","1697902","1698195","44","55355036"
"chr20","57096273","57096459","chr7","140066600","140066786","27","82970327"
"chr20","57140586","57140897","chr7","127657301","127657615","41","70516715"
"chr20","57149698","57150011","chr17","38608208","38608518","44","18541490"
"chr20","57159792","57160088","chr20","36320473","36320769","38","20839319"
"chr20","57198746","57199043","chr8","22325883","22326185","46","34872863"
"chr20","57242573","57242699","chr4","9809183","9809309","19","47433390"
"chr20","57243324","57243457","chr16","28818729","28818864","15","28424595"
"chr20","57267189","57267506","chr2A","10355583","10355893","49","46911606"
"chr20","57310481","57310761","chr4","37953476","37953776","42","19357005"
"chr20","57336356","57336643","chr5","141817542","141817822","42","84481186"
"chr20","57341073","57341384","chr3","180305217","180305527","37","122964144"
"chr20","57383558","57383855","chr2B","95425788","95426089","55","38042230"
"chr20","57524598","57524909","chr5","138499454","138499768","40","80974856"
"chr20","57548901","57549184","chr7","70128433","70128712","32","12579532"
"chr20","57618260","57618559","chr16","67053129","67053425","24","9434869"
"chr20","57895779","57896073","chr16","67337690","67337977","39","9441911"
"chr20","58018548","58018834","chr19","33970963","33971252","29","24047585"
"chr20","58297716","58297963","chr16","67749155","67749404","26","9451439"
"chr20","58438186","58438495","chr16","67887189","67887498","33","9449003"
"chr20","58659429","58659714","chr2B","82950494","82950780","47","24291065"
"chr20","58892222","58892528","chr20","35582405","35582711","42","23309817"
"chr20","58911143","58911454","chrX","41587872","41588178","40","17323271"
"chr20","59001310","59001611","chr9","12719252","12719556","45","46282058"
"chr20","59084726","59084802","chr8","146526285","146526357","22","87441559"
"chr20","59084889","59085130","chr7","95880460","95880694","52","36795571"
"chr20","59092877","59093188","chr11","69456323","69456634","37","10363446"
"chr20","59108122","59108428","chrX","41587872","41588178","31","17520250"
"chr20","59171551","59171842","chr16","68578028","68578336","39","9406477"
"chr20","59306336","59306640","chr8","145823123","145823430","37","86516787"
"chr20","59782590","59782872","chr1","24189834","24190118","45","35592756"
"chr20","59861837","59862132","chr10","108870200","108870501","36","49008363"
"chr20","60024785","60025084","chr5","115315946","115316248","43","55291161"
"chr20","60039441","60039533","chr7","48876372","48876463","21","11163069"
"chr20","60114913","60115199","chr16","69471734","69472019","32","9356821"
"chr20","60251926","60252238","chr5","162326402","162326716","36","102074476"
"chr20","60419513","60419821","chr16","69784567","69784859","41","9365054"
"chr20","60426892","60427182","chr2A","59985648","59985942","44","441244"
"chr20","60509497","60509777","chr17","45081799","45082083","47","15427698"
"chr20","60771313","60771630","chr20","35582405","35582711","41","25188908"
"chr20","61343287","61343588","chr3","49149119","49149432","41","12194168"
"chr20","61412095","61412336","chr3","33206838","33207079","36","28205257"
"chr20","61547017","61547308","chr16","70964762","70965056","36","9417745"
"chr20","61673749","61673924","chr3","12969120","12969286","33","48704629"
"chr20","61861874","61862186","chr17","38608208","38608518","43","23253666"
"chr20","61969408","61969718","chr1","215398124","215398438","46","153428716"
"chr20","62023184","62023495","chr3","187177539","187177847","44","125154355"
"chr20","62686315","62686618","chr16","72147907","72148212","26","9461592"
"chr20","62693719","62694021","chr1","89520461","89520765","34","26826742"
"chr20","62841574","62841860","chr16","72306432","72306718","36","9464858"
"chr20","62851657","62851957","chr16","72316687","72316988","24","9465030"
"chr20","62901366","62901677","chr6","37682797","37683102","50","25218569"
"chr20","62915214","62915527","chr14","20972619","20972931","41","41942595"
"chr20","62927728","62928034","chr16","72403659","72403962","28","9475931"
"chr20","62998354","62998642","chr8","126553995","126554284","32","63555641"
"chr20","63179519","63179824","chr7","138662760","138663060","36","75483241"
"chr20","63259344","63259653","chr20","35582405","35582711","37","27676939"
"chr20","63581670","63581979","chr12","52850616","52850925","61","10731054"
"chr20","63625711","63625983","chr12","118174703","118174968","46","54548992"
"chr20","63728194","63728447","chr22","19017284","19017526","47","44710910"
"chr20","64072979","64073285","chr6","13219977","13220276","45","50853002"
"chr20","64084146","64084455","chr2A","105983387","105983695","45","41899241"
"chr20","64208344","64208653","chr2A","10355583","10355893","46","53852761"
"chr20","64215895","64215987","chr7","100801114","100801203","18","36585219"
"chr20","64259853","64260154","chr16","27214688","27214991","42","37045165"
"chr20","64648769","64649077","chr1","220179649","220179961","43","155530880"
"chr20","64866703","64867001","chr6","35622489","35622796","36","29244214"
"chr20","64872380","64872684","chr6","169911646","169911954","41","105039266"
"chr20","65187650","65187784","chr10","4054921","4055053","24","61132729"
"chr20","65419900","65420199","chr6","155659159","155659460","38","90239259"
"chr20","65536078","65536392","chr9","78896161","78896464","51","13360083"
"chr20","65709638","65709941","chr4","198798700","198799005","31","133089062"
"chr20","65710314","65710626","chr7","127657301","127657615","44","61946987"
"chr20","65745313","65745596","chr17","85184470","85184751","38","19439157"
"chr20","65816408","65816710","chr13","26867523","26867829","38","38948885"
"chr20","65855449","65855488","chr3","188980486","188980514","20","123125037"
"chr20","65855721","65855933","chr5","84316669","84316869","34","18460948"
"chr20","65920458","65920772","chr16","75437836","75438151","29","9517378"
"chr20","65960160","65960450","chr16","75480042","75480337","28","9519882"
"chr20","66161436","66161747","chr18","23191935","23192242","38","42969501"
"chr20","66195816","66196117","chr15","54091652","54091949","46","12104164"
"chr20","66268053","66268353","chr1","35990880","35991182","32","30277173"
"chr20","66269736","66270038","chr4","179466004","179466310","35","113196268"
"chr20","66395451","66395761","chr5","22049247","22049559","44","44346204"
"chr20","66404724","66404895","chr5","18186176","18186342","32","48218548"
"chr20","66404896","66405171","chr17","28361678","28361954","45","38043218"
"chr20","66421687","66421993","chrX","123609498","123609802","39","57187811"
"chr20","66503315","66503590","chr15","17899450","17899719","53","48603865"
"chr20","66529246","66529547","chr1","115412597","115412899","50","48883351"
"chr20","66655047","66655325","chr3","89486339","89486629","45","22831292"
"chr20","66656247","66656558","chr13","62764436","62764745","43","3891811"
"chr20","66671551","66671844","chr15","51575964","51576258","33","15095587"
"chr20","66744633","66744950","chr2A","10355583","10355893","42","56389050"
"chr20","66746619","66746836","chr7","2943656","2943877","38","63802963"
"chr20","66754119","66754419","chr2B","125039405","125039704","35","58285286"
"chr20","66816809","66817120","chr1","205194362","205194670","37","138377553"
"chr20","66830466","66830806","chr5","41189943","41190276","51","25640523"
"chr20","66865160","66865462","chr8","22325883","22326185","57","44539277"
"chr20","66868612","66868906","chr4","181240114","181240406","50","114371502"
"chr20","67012918","67013229","chr1","1695262","1695570","43","65317656"
"chr20","67069469","67069755","chr4","171953878","171954174","38","104884409"
"chr20","67452867","67453167","chr16","76978344","76978645","29","9525477"
"chr20","67525362","67525653","chr19","11080776","11081061","45","56444586"
"chr20","67537289","67537601","chr4","173568856","173569161","41","106031567"
"chr20","67588044","67588350","chr8","22325883","22326185","40","45262161"
"chr20","68015917","68016218","chr17","8465111","8465410","34","59550806"
"chr20","68035169","68035482","chr3","47975406","47975722","44","20059763"
"chr20","68333418","68333590","chr10","110937827","110938000","28","42604409"
"chr20","68441423","68441737","chr1","205430531","205430844","46","136989108"
"chr20","68472743","68473031","chr16","78018124","78018423","32","9545381"
"chr20","68737593","68737893","chr1","35990880","35991182","35","32746713"
"chr20","68739490","68739793","chr1","191149848","191150155","46","122410358"
"chr20","68787565","68787857","chr11","56432081","56432377","44","12355484"
"chr20","68946548","68946859","chr2A","79839508","79839818","37","10892960"
"chr20","69083202","69083499","chr8","122925903","122926213","50","53842701"
"chr20","69140886","69141161","chr13","11282095","11282366","35","57858791"
"chr20","69145442","69145749","chr1","22955832","22956145","44","46189610"
"chr20","69162568","69162869","chrX","133201053","133201355","34","64038485"
"chr20","69339084","69339391","chr15","52874335","52874637","38","16464749"
"chr20","69370113","69370398","chr1","21740753","21741044","42","47629360"
"chr20","69393399","69393712","chr22","29802263","29802572","42","39591136"
"chr20","69462689","69462999","chr5","46820864","46821176","33","22641825"
"chr20","69490556","69490860","chr1","132554974","132555276","37","63064418"
"chr20","69493075","69493372","chr4","16388486","16388786","36","53104589"
"chr20","69494146","69494447","chr16","58605580","58605882","40","10888566"
"chr20","69504292","69504572","chr6","171986008","171986294","50","102481716"
"chr20","69505562","69505781","chr1","154001329","154001549","36","84495767"
"chr20","69518000","69518287","chr10","18522646","18522933","47","50995354"
"chr20","69552854","69553145","chr16","79108924","79109214","25","9556070"
"chr20","69556199","69556306","chr5","122001202","122001308","21","52445003"
"chr20","69556558","69556765","chr3","74478119","74478329","38","4921561"
"chr20","69647506","69647814","chr16","58605580","58605882","27","11041926"
"chr20","69725367","69725669","chrX","97594986","97595289","36","27869619"
"chr20","69814823","69814999","chr12","29063562","29063741","29","40751261"
"chr20","69837419","69837729","chr3","2931636","2931947","41","66905783"
"chr20","69982512","69982810","chr5","140837764","140838057","37","70855252"
"chr20","70272476","70272783","chr9","108723849","108724158","43","38451373"
"chr20","70340289","70340589","chr15","58788278","58788574","38","11552011"
"chr20","70491962","70492262","chr10","24151028","24151329","37","46340934"
"chr20","70604410","70604693","chr1","24189834","24190118","34","46414576"
"chr20","70738877","70739219","chr8","18380246","18380580","64","52358631"
"chr20","70740936","70741262","chr10","15529004","15529338","54","55211932"
"chr20","70836290","70836592","chr16","80407225","80407535","40","9570935"
"chr20","70882719","70882980","chr5","20856959","20857224","54","50025760"
"chr20","70955497","70955805","chr19","16040350","16040659","45","54915147"
"chr20","70992533","70992708","chr12","94763675","94763861","36","23771142"
"chr20","71058945","71059254","chr20","35582405","35582711","31","35476540"
"chr20","71103077","71103383","chr16","66436699","66437011","36","4666378"
"chr20","71124821","71125125","chr5","16594497","16594796","45","54530324"
"chr20","71235582","71235871","chr11","58946039","58946326","46","12289543"
"chr20","71239791","71240069","chr21","28663801","28664070","45","42575990"
"chr20","71258057","71258353","chr11","80235448","80235745","39","8977391"
"chr20","71380969","71381282","chr2A","103881939","103882244","46","32500970"
"chr20","71441191","71441334","chr2B","109918485","109918618","25","38477294"
"chr20","71450869","71451012","chr2B","109918485","109918618","25","38467616"
"chr20","71485802","71486095","chr16","12186594","12186889","34","59299208"
"chr20","71496895","71496954","chr1","15731034","15731090","6","55765861"
"chr20","71524433","71524731","chr4","37953476","37953776","33","33570957"
"chr20","71545748","71545901","chr2B","26837669","26837823","24","44708079"
"chr20","71557004","71557127","chr5","111499878","111500000","20","39942874"
"chr20","71567681","71567992","chr4","198295008","198295316","33","126727327"
"chr20","71636686","71636991","chr16","60144740","60145045","32","11491946"
"chr20","71678602","71678884","chr8","17570913","17571199","44","54107689"
"chr20","71690600","71690832","chr8","74128489","74128713","42","2437889"
"chr20","71693446","71693742","chr1","130106457","130106756","39","58413011"
"chr20","71708923","71709225","chr1","88149023","88149328","37","16440100"
"chr20","71713165","71713469","chr16","81297428","81297735","28","9584263"
"chr20","71756309","71756607","chr7","138662760","138663060","31","66906451"
"chr20","71795082","71795374","chr10","88762857","88763154","42","16967775"
"JH679634","2591","2904","chr7","75796417","75796729","37","75793826"
"JH679655","157","463","chr10","136766798","136767102","42","136766641"
"JH679655","26398","26678","chr14","6165801","6166083","38","6139403"
"JH679691","46907","47222","chr17","36819739","36820050","35","36772832"
"JH679691","547601","547899","chr22","28987370","28987666","38","28439769"
"JH679691","714341","714617","chr6","39058088","39058377","48","38343747"
"JH679764","2748","3039","chr19","50345980","50346283","53","50343232"
"JH679994","15519","15802","chr1","24189834","24190118","34","24174315"
"JH680075","11367","11496","chr8","34649309","34649439","21","34637942"
"JH680086","74659","74954","chr12","59907829","59908121","41","59833170"
"JH680086","114769","115057","chrX","2110451","2110736","29","1995682"
"JH680086","143778","144077","chrX","2084021","2084331","34","1940243"
"JH680086","152700","153018","chr11","17305005","17305310","47","17152305"
"JH680086","165261","165573","chrX","41587872","41588178","46","41422611"
"JH680086","183174","183493","chr14","23916952","23917265","54","23733778"
"JH680086","209741","210035","chrX","2007514","2007808","24","1797773"
"JH680086","269450","269745","chrX","1960437","1960730","25","1690987"
"JH680086","325163","325478","chr10","136766798","136767102","63","136441635"
"JH680182","6204","6495","chr10","655306","655590","30","649102"
"JH680287","27051","27338","chrX","705896","706197","42","678845"
"JH680406","2247","2555","chr4","37953476","37953776","45","37951229"
"JH680420","5230","5535","chr6","6752789","6753094","37","6747559"
"JH680428","4305","4607","chr10","110180557","110180860","31","110176252"
"JH680468","4234","4545","chr17","38608208","38608518","37","38603974"
"JH680851","6841","7050","chr5","86613899","86614105","42","86607058"
"JH681052","252097","252418","chr1","191149848","191150155","55","190897751"
"JH681052","274804","275115","chr7","52058550","52058861","42","51783746"
"JH681052","384086","384383","chr1","35990880","35991182","53","35606794"
"JH681052","902183","902496","chr1","157261144","157261453","46","156358961"
"JH681052","960692","960983","chr11","56432081","56432377","51","55471389"
"JH681052","1045245","1045547","chr19","40157127","40157429","41","39111882"
"JH681052","1052959","1053251","chr16","12186594","12186889","37","11133635"
"JH681052","1120441","1120747","chr4","106451241","106451549","35","105330800"
"JH681052","1146347","1146544","chr16","2157593","2157803","40","1011246"
"JH681052","1159303","1159560","chr10","140684085","140684354","67","139524782"
"JH681082","3244","3534","chr10","655306","655590","29","652062"
"JH681086","3957","4111","chr5","23448994","23449146","23","23445037"
"JH681261","2388","2647","chr12","131788345","131788608","44","131785957"
"JH681328","153","451","chr7","138662760","138663060","38","138662607"
"JH681382","24871","25190","chr13","81459869","81460182","59","81434998"
"JH681411","11822","12085","chr12","76915481","76915745","43","76903659"
"JH681412","8886","9194","chrX","41271607","41271912","42","41262721"
"JH681476","3658","3925","chr16","58505222","58505497","33","58501564"
"JH681556","742","1032","chr10","655306","655590","33","654564"
"JH682005","4542","4786","chr2A","98400246","98400478","54","98395704"
"JH682023","6030","6337","chr4","198798700","198799005","39","198792670"
"JH682036","23520","23776","chr3","155409710","155409966","53","155386190"
"JH682036","366573","366851","chr13","34006475","34006766","81","33639902"
"JH682082","79679","79960","chr4","194608401","194608688","49","194528722"
"JH682236","23472","23534","chr5","82258171","82258233","13","82234699"
"JH682236","41567","41875","chr5","54731375","54731680","47","54689808"
"JH682236","50591","50894","chr1","132554974","132555276","32","132504383"
"JH682236","64701","65012","chr1","109323755","109324067","41","109259054"
"JH682236","92059","92317","chrX","134562038","134562303","39","134469979"
"JH682236","203727","204029","chr4","37953476","37953776","36","37749749"
"JH682236","224096","224385","chr9","94919935","94920225","34","94695839"
"JH682271","14530","14843","chr1","205194362","205194670","40","205179832"
"JH682494","7397","7660","chr1","158596839","158597096","44","158589442"
"JH682855","2578","2856","chr13","34202385","34202661","43","34199807"
"JH682855","6266","6563","chr13","34198651","34198947","48","34192385"
"JH682906","17496","17787","chr1","158830016","158830309","48","158812520"
"JH682906","97491","97798","chrX","51034227","51034538","44","50936736"
"JH682928","1194","1507","chrX","127925768","127926063","43","127924574"
