"chr1","135266175","135266421","chr2","42823053","42823300","72","92443122","GGCCAGGCAAGGTGTTTCACGCCTTTAATCCCAGCAGTTTGGGAGGCTGAGGTGAGCGGATCGCCTGAGCCCAGGAATTTGAGACCAGCCTGGCCAACATGGCGAAACTAAAGATATAACTATTAGCCTGTAATCCCAGCTACTCCGGAGGCTGAGGCTTCAGACTCGCTTGAGCCTCAGAGGCGAAGGTTGTAGTGAGCGGAGATCCAGACTGGGCAATAGAGAGAATCTATCTCAAAAAAAAAAA","GGCCAGGCACAGTGGCTCACTCCTGTAATCCCAGCATTTTAGGAGGCCGAAGTAGGCAGATGACTTGAGGCCAGGGGTTTGAGACCAGCCTGGCCAACATGACAAAACCCTGCAGTTTTGTCATGTGCACACCTGTAGTCCCAGCTGAGGCAGGAGGATCGCTTGAACCCAGAAGGTGGAAGTTGCAGTGAACCATGATCCTGCCACTGCTGGACAACAGAGTGAGATTCAATCTCAAAAAAAAAAAA"
"chr1","16121849","16121978","chr9","59190391","59190517","24","43068542","GGTCGCAGTGGCTCATGCCTATACTCTCAGCACTTTGGGATGCCAAGGTGGGTAGATCTCCTGAGCCCAGGAGTTTGAGACCAGCCTGGGCGACATGGCAAAACCCTGTCTCTATTTAAAAAAACAACAA","GGCACAGTGGCTCATGCCTGTAATCCCAGCACTTTGGGAGGCCAAGGCGGGCAGGTCACTTGAGGTCAGGAGTTTGAGACCAGCCTGGCTAACATGGCAAAATCCCATCTCTACTAAAAAATACAAA"
"chr1","63307503","63307782","chr6","135531665","135531946","58","72224162","AATCCCAGCACTTTGGGAGGCCAGGCGGGCAGATGGCTTGAGTTCACGAGTTCGAGACCAGCCTGGGCAACATGGCAAAACCTAGTGTCTACAAAAAATACAAAAATTATCCGGGTGTGGTGATGAATGCCTGTAGTCCCAGCTACTTGGGAGGCTGAGGTGCGAGGATGGCTCCAGCCCTTGAGGCAGAGGTTGCAGTGAGCCAAGATTGTACCACTAAACTCCAGCCTGGGCGACAGAGCTAGACTTTGTCTCGAAAAAATAAAAATGAAAAGAAAAA","CCCAGTACTATGGGAGGCCGAGGTGGGCAGATCACTTGAGGTCAGGAGTTCAAGACCAGCCTGGCCAACATGGCAAAACCCCGTCTCTACTGAAAATATAAAAATTAGTGGGGCGTGGTGGCATGCGCCTGTAATCCCAGCTACTCAGGAGGCTGAGGTGGGAGAATTGCTTGAACCTGGGAGGCAGGGGTTGCAGTGAGCCAAGATCACACCACTACACTCCAGCCTGGGTGACAGAATGAGACTCTGTCTCAAAAAAAAAAGAAAGAAAAGAAAAGAAAA"
"chr1","83361691","83361864","chr3","183689850","183690027","34","100328159","AAATTAGGGCGTGGTGACATGTGCCTGTAATCCAAGCTATTTGGGAGGCTCAGGCATGAGAATTGCTTAAACCTGGGAGGTGGGGGTTGCAGTGAGCTGAGACTGGGCCACTGCATTCTGGCCGGGAAACAGAGGGAGACACTGTCTCAAAAAAAAAAAAAAAAAAAAAAAAAA","TTGGCCGGGTACAGTGGCTCATACCTGTAATCCCAGCTACTCAGGAGGCTGAGGCATGAGAATTGCTTGAACCTGGGAGGTGGAGGTTGCAGTGAGCTGAGACTGCGCCACTGCACTCCAGCCTGGGGGACAGAGCGAGACTCTGTCTCAAAAAAACAAAACAAAACAAAAACAAAAA"
"chr1","113639290","113639586","chr10","1666053","1666355","54","111973237","GAGCATGGTGACTGACGCCTGTAATCCCAGCACTTTGGGAGGCTGAGGCAGGCGGATACTTCAGGCCAGGAGTCGAGACCAGTCTGGGCAACATAGCGAAACCCCATCTCTACTAAAAATACAAAAAAGGAGCCAGGCGTGGTGGCGTGCACCTGTAATCCTGGCTACTTGGGAGGCTGAAGCAGGAGAATCGCTTGAACCCAGGAGGCAGAGGTTTCAGTGAGCCGAGATCACACTGTTATACTTCAACCTGAGCAACAGAATGAGACACTATCTCAAAAAGAAACAAAAAAAAAA","GGCCAGACATGGTGGTTCATGCCTGTAAACCCAGCACTTTCAAAGGCTGAGACAGACAGATCATTTGAGGCCAGGAGTTTGAGACCAGCCTGGCCAACATGGCAAAACCCCATCTCTACTAAAAATACAAAAATTAGCTAGGCGTGGTGGCGTGCACCTGTAATCCCAGCTGCTCAGGAAGCTGAGGCAGGAGAATCGCTTGAACCCAGGAGGCAGAGGCTGCAGTGAGCCGAGATCACGCCACTGCACTCCAGCCTGGGTGACAGAACAAGACTCTATCTCAAAAAAAAAAAAAAAAAAAAA"
"chr1","125959993","125960279","chr13","61108574","61108860","49","64851419","GGCCAGATGCAGTGTCTCATGCCTGTAATCCCAACACTTTGGGAGGCCGAGGTGGGCATATCACTTGAGGCCAGGAGTTTGAGACCAGCTTGGCTAACATGGCAAAATCTGTCTCTACTAAAAATACAAAAATTAGCCAGGTGTAATCCCAGCTACTTGGGAAGCTGAGGCACAAGAATCTGTTGAAACTGGAAGGCGGAGGTTGCAGTGAGCTGAGATCATGCCACTGCGCTCCAGCCTGGGCAACAAAGTGAGATCCTGTAAAAAAAAAAAAAAAGAAAAAAAAA","GGCCGGATGCAGTAACTCACTCCTGTAATCCCAGCACTTTCGGAGGCTGAGGCAGGCAGATCACTTGAGGCCAGGAGCTCAAGACCAGCCTGGCCAACATGGCGAAACTCCGTCTGTACTAAAAATACAAAAATTAGTCTGTAATTCCAGCTACTGGGAAGGCTGAGGCAGGAGAATTGCTTGAACCTGGAAGGTGGAGTTTGCAGTGAGCTGAGATCATGCCACTGTACTCCAGCTTGGGGAACAGAGCAAAATCTTGCCTCAAAAAAATAAAAAATAAATAAAAA"
"chr1","146538350","146538636","chr19","6185857","6186131","50","140352493","GGCTGGGTATGGTGGCTTGTACCTTTAATCCCAGCACTTTGGGAGGCTAAGGAGGGCAGATTACTTGAGGCTGGGAGTTTGAGACTCGCCATGATCAATATGGCGCCCCGACTCTACTAAAAAATACAAAAATTAGCTGGGCATGGTGGCACACTCTTGTAATCCCAGCTACTTGGTAGGCTGAGGCACAAGAATTGCTTGAACCCAGAAGGCAGAGGTGCAGTGAGCCAAGATTGTTCCACTGCACTCCAGCCACGGTGATAGAGCCAGACTCTGTCTCAAAAAAA","GGCTGGGTGTAGTGTCTCACACCTTTAATCCCAGCACTTTGGGAGGTCAAGGAGGGCAGATTACTTGAGGCTAACCTGACCAACATGGTGAAACCCTGACACTACTAAAAATTACAGATATTAGCTGGGCATGGTGGCACAGTCCTGTAATCCCAGCTATTTGGGAGGCTGAGGCACAATAATTACTTGAACCCAGAAAGCAGAGGTACAGTGAGCCAAGATCATGCCACTGCACTCCTGCCTGAGTGACAGAGCCAGATCCTGTCTCAAAAAAA"
"chr1","181927721","181927997","chr5","121931995","121932269","46","59995726","GCTGGGTGTGGTGGTTCACGCCTGTAATCCCAGCACTTTGGGAGGCCGAGGCAGGCAGATCACCGGAGGTCGGGAGTTCGAGATCAGCCTGGCCAACATGGCAAAACCCCATCTCTACTAATAATACAAAAATAAGCCGGGCATGGTGGTGCGCATCTGTAGTCCCAGCTACTCAGGAGGTGGAGGTTGCAGTGAGCCAAGATCACCCCATTGCACTCCAGCCTGGGTGACAGAGTGAGACTCTGTCTCAAAAAAAAAAAAAATAAATAAATAAAAA","GGCCAGGTGTGGTGGTTCACACCTGTAATTCTAGCACTTTGGGAGGCCAAGGTGGGCAGATCACCTGAGGTCAGGAGTTTAAGACCAGCCTGGCCAACATGGCAAAACCCCATCTCTACTAAAAATAAAAAAAATTAGCTGGGTGCAGTGGTGTGCACCTGTAGTCCCAGCTACTTGGGAGGTGGAAGTTACAGTGAGCTGAGATCGTGCCACTGCACTCTAGCCTGGGTGACACAGCGAGACTGTTTCTCAAAAAGAAAAATTAAATAAATAAA"
"chr1","469069","469380","chr1","154178819","154179123","52","153709750","CCAGGTGCGGTGCCTCCTGGGATTATGCCTGTAATCCCAGCACTTTGGGAGGCAGAGGCGGGAGGATCACTTGAGCCCAGGAGTTCGAGACCAGTCTGGCCAACATGGTGAAACCCCATCTCTACTAAAAATAGAAAAATCAGCCAGGCATGGTGGCGCATGCCTGTAATCCCAGCTACTCAGGAGGCAGAGGCATGAGAATGGCTTGAACCTGGGAGGTGGAGGTTGTAGTGAGCCGAGATTGCGCCACTGCACCCCAGCCTGGGCAACAGCAAGACTCTGTCAAAAAAAAAAAAAACAAAAAACAAACAA","GGCCAGGTGTGGTGGCTGCCTGTAATCATAGCTCTTTGGAAGACTGAGGCAGGTGGATCACTTGAGGCCAGGAGTTTGAGACCAGTTTGGCCAACATGGTGAAACTCCATCTCCACTAAAAATACAAGAATTAGCCAGGCATGGTGGCACCTGCCTGTAATCCCAGCTACTCAGGAGGCTGAAGCATGAGAATCGCTTGAACCCAGGAGGCAGAGGTTGTAGTGAGCCGAGATCGCGCCACTGCACTTCAGCCTGGGCAACAGAGACTCTGTCTCAAAAAAAAAAAAAAAAAAAAAAAAAAAAAA"
"chr1","491624","491919","chr11","22994754","22995044","47","22503130","GGTGGCTCCCGCCTGGAATCCCAGCACTTTGGGAGGCTGAGGCAGGAGGATCACTTGAGGCCAGGAGTTCAAGACCAGCCTGGCCAACATCGCAAAATCCCATCTCTACTAGAAATACAAAAATTAACCAGGAGTGGTGGCAGCATCTGCCTATAATCCCGGCTACTCCGGAGGCTAAGACACGAGAATCACTTGAAGCTGGGAGATGGAGTTTGCAGTGAGCCAAAATCGTGCCACTGCTCTCCAACATGGATGGCAGAGCAAGACTCTGTGTCAAAAAAAAAAAAAAAAAAAAA","GGTGGCTCACACCTGTAATCCCAGCACTTTGGGAGGCTGAGGCAGGTGGATCATTTGAGGCCAGGAGTTTGAGATCAGCTTGGCCAACATGACAAAATCCCATCTCTACTAAAAATACAAAAATCCACCAGGCATGGTGGCCAGTGCCTGTAGTCCCAGCTGCTCAGGAGGCTGAGGCAGAAGAATCACTTGAGCCTGGGAGGTAGAGGTTGCAGTGAGCTGAGATCATGCCACTGCACTCCAGCCTGGGTGACAGAGCAAGACCTTGTCTCAAAAAAAAAAAAAAAAAAA"
"chr1","804758","805067","chr22","7224123","7224426","47","6419365","GGCCGGGCATGGTGGCTCATGCCTATAATCCCAGCACTTTGGGAGGCCGAGGTGGGTGGATCACTTGAGGTCAGGAGTTCGAGACCAGCTTGGCCAACATGGCAAAACCCTGTCTCCACTAAAAATATAAAAATTGGTCAGGCGTGGTGGCGGGTGCCTGTAATCCCAGGTACTTGGGAGGCAGAGGCACAAGAATCGCTTGAACCCAGGAGGCAGGGGCTGCAGTGGGCCAAGATTGTGCCATTGTACTCCAGCCTAGGCAATGGAGCAAGACTCTATCTCAAAAAATTTAAAAAAACAACAAAAAAAA","GGTCAGGCATGGTGACTCATGCCTATAATCCCAGCATTTTGGGAGGCCAAGGCGGGTGGATCTCTTGAGGTCATGAGTTCTAGACCAGCTTGGCCAACATGGCAAAACCCTGTCTCTACTAAAAATACAAAAATTAGCCTGGCGTGTGGCACACTCCTGTAATCCCAGCTACTTGAGAGGCTGAGGCACAAGAATCGCTTGAACACAGGAGGTGGAGGGGCTGCAGTGAGCTGAGATCATGCCACTGCACTCCAGCCTGGGCGATAGAGCGAGATTATCTCACAAAAAAAAAAAAAAAAAAGAA"
"chr1","820458","820762","chr6","140581095","140581398","57","139760637","GACCAGGCAAGGTGGCTCACACCTGTAATGCCAGCACTTTGGGAGGCCAAGGTTGGTGGATCACTTGCACCCAGGAGTCTAAAACCAGCCTGGGCAACACAGCAAGACCTCGCCTCTACTAAAAATACAAAAAACTAGCCAGGCGTAGTGGTGCACACCTGTGGTCCTTGCTACTCGGGAGACTGAGGTGGGAGAATTGCTTGAACCTGGGAGGCGGAAGTTGCAGTGAGATTACACGACTGCACTCTAGCCTGAGTGACAGAGCGAGACCCTGTCAGAAAGGAAAGAAAGAAGGAAAAAGGAAA","GACCGGGTGCAGTGGCTCACACCTGCAATCCCAGCACTTTGGGAGGCCAAGGTGGGTGGATCACTTGAGCTCAGGAGTTCAAGACCAGCCTGGCCGACATGGCAAAACCCGTCTCTATTAAAAATACAAAAATTAGCCGGGTGTGGCTGTGTACACCGGTAGTCCCAGCTACTCAGGAGGCTGAGGTGGGAGAATTGCTTGAACCTGGGAGGTGGAGGTTGCAGTAAGCCAAGATCACACCACTGCACTCTAGCCTGGGTGATAGAGTGAGACCCTGTCTCAAAAAGAAAGAAAAAAAAAAGAA"
"chr1","849708","850005","chr1","170771447","170771746","45","169921739","GCCGGGTGCAGTGGCTCATGCCTGTTATTCCAGTACTTTGGGAGACTGAGGTGGGCAGATCACTTGAGGCCAAGAGTTCAAGACCAGCCTGGCCAACATCACAAAACCCCATCTCTACTAAAAATACAAAAAAATTAGTTGGGCGTGGTGGCACATGCCTGTAGTCCCAGCTACTTGGGAGGCTGAGGCAAGAGAATTGCTTGAACCTGAGAGGTGGAGTTTGCAGTGAACCTTGATTGTGCCACTACATTCCAGCCTGGATGACAGAGTCAGGCTCTGTCTCAAAAGAAAAAAAAAA","GGCCAGATGTGGTGGCTCACGCCTGTAATCCCAACACTTTGGGAGGCCAAGGTGGGCAGATCACTTGAGGCCAGGAGTTCAAGACCAGCCTGGCCAACATGACAAAACCCCATCTCTACTAAAAATACAAAAATTAGCCAGATGTGGTGGCATATGCCTGTAATCCCAGCTACTTGGGAGGCTGAGGCAGAGAATTGCTTGAACCTGGGAGGCAGAGGCTGCAGTGAACCAAGATTGCACCACTGCACTCCAGCCTGGGTGACAGAGTGAGTGAGACTCCATCTCAAAAAAAAAAAAAAA"
"chr1","858802","859106","chrX","14757652","14757955","49","13898850","GGCTGGGTAGGGTGGCTCACGCCTATAATCCCAGCACTTTGGGAAGCCGAGACAGGGGAACCGCTTGAGACCAGGAGTTCAAGACCAGCCTGGCCAACATGGCGAAACCCCATCTCTACTAAAGATATAAAAATTGGCCGGGCATGGTGGTACATTCCTGTAATCCCAGCTACCTGGGGGGCTGAGGCAGGAAAATCACTTGAACCCAGGAGGCAATAGTTGCAATGAGCCAAGATTCCACCACTGCACTCCAGCCTGGGTGACAGAGCGAGACTCTGTCACCACAAACAAACAAATAAAAAGAA","GGCTGGGCACAGTGGGTCACGCCTGTAATCCCAGCACTTTGGGAGGCCAAGGCAGGTAGATCACTTGAGGTCAGGAGTTCAAGACCAGACTGGCCAACATGGCAAAACCCTATCTCTACTAAAAATACAAATATTAGCTGGGCATGGTGGTGCATGCCTGTAATCCCAGCTACTTGGGTTGCTGAGGCAGGGGAATTGCTTGAACCCAGGAGGCAGAGGTTGCAATGAGCCGAGATCATACCACTGCACTCTAGCCTGGTTGACAGAGTGAGACTGTGTCTCAAACAAACAAATAAACAAGAAA"
"chr1","954613","954899","chr4","134485230","134485519","62","133530617","GGCCAGGCACAGTGGCTCACACCTGTAATCCTTTGGGAGGCTGAGATGGGCAGATTACTTAAGGCCAGGAGTTCGAGACCAGCCTGGTCAACATGGTGAAACCCCATCTCTACTAAAAAAAAAAAAAAAAAAAAAAATTAGCTGGTGTGGTGGTGGTGCCTGCAATCCCAGCTACTCGGGAGGCTGAGGCACGAGAATCACTTGAATGCAGGTTGTAGTGAGCTGAGATCATGCTACTGCACTCCAGCCTAGGCAACAGAGCAAGACTCTCAAAAAAAATTTAAAAA","GGCCAGGCATGATGGGTCATGCCTGTAATCCCAGCACTTTGGGAGGCCGAGGTGGGCAGATCACTTGAGGCCAGGAGTTCAAGACAAGCCTGGTCAACAGAGCTGAAACCCCATCTCTACTAAAAATACAGAAAAAAAAAAAAATAGCTGGGCATAGTGGCACGCACCTGTAATCTCAGCTACTCGGGAGGCTGAGGCACAAGAATCGCTTGGAGGTTACAGTGAGCTAAGATCGCGACATTGCACTCCAGCCTGGGTGACAGAGAAAAACTCTGTCTAAAAAAAAGAAA"
"chr1","1003128","1003434","chr5","116046595","116046904","55","115043467","GCCGGGGGTGGTGGCTCACACCTGTAATCCCCAAAGTTTGGGAGGCCGAGGTAGGCAGATCACTTGAGGCCAGGAATTCAAGACCATCCTGGCCGACCTGGTGAAACCTTGTCTGTACTAAAAATACAAAACTTAGCCAAGTGTGGTGATGCACGCCTGCAATCCAAGCTACCCAGGTGGCTGAGGCATGTGAATCACTTGAACCCAGGAGGCAGAGGTTGCAGTGAGCCAAGATCACGCCACTGCACTCCAGCCTGCGCAACACAGAGAGGTTCTGTCTCAAAAAAAGAAAAAATAAAAATAAAAA","GGCCAGGTGCAGTGACTCATGCCTGTAATCTCACCACTTGGGGAGGTCAAGGTGGGCAATCACTTGAGGCCAGGAGTTCAAGACCAGACTGGCCAACATGGCGAAACCTCATCTCTACCAAAAATACAAAAATTAGCCAAGTGTGGTGGTGCATGACTGTAGTCTTAGCTACTCAGGAGGCCAAAGCAGGTGGATCACTTGAACCCAGGAGGCAGAGGTTGCAGTGAGCCAAGATCATGCCACTGCACTCTAGCCTGGGCAACAGAGAGAGACTCTGTCTCAAAAAAAAAAAAAAAACAAGAAAGAAAAA"
"chr1","1030541","1030843","chr1","10455735","10456039","38","9425194","GGCCAGGTGCAGTGGCTCACGCCTGTAATCCCAGAACTTTGGGAGGCTGAGGTGGGCGAAACACTTGAGGTCAGGAGTTCGAGACCAGCCTGACCAACATGGCAAAAACTTGTCTCTACTAAAAATACAAAAATTAGCCAGGCGTGGTGGTGCTTGCCTGTAGTCCCAGCTACTTGGGAGGCTGAGGCAGGAGAATCACTTGAACCCAGGAGGCAGAGGTTGCAGTGAGCTGAGATCGCACCACTGCACTCCAGCCTGGGCAACAGAGTGAGACTCTGTTTCAAAACAGAACGAAACAAAAAA","GGCCAGGTGCAGTGGCTCACACCCTGTAATCCCAGCACTTTGGGAGGCTGAGGTGGGCAGATCACTTGAGGTCAGGAGTTCCAGATCAGTCTGGCTGACATGGCAAAACTCTGTCTCTACTGAAAATACAAAAATTAGCCAGGCATGGTGGTGATCACCTGTAATCCCAGCTACTCAGGAGGCTGAGGTAGGAGAATCACTTGAACCCAGGAGGTAGAGGTTGCAGTAAGCTGAGATCACACCACTGTACTCCAGCCTGGGCAACAGAGGGAGACTCTGTCTAAAAAATAAAAATTAAAGAAAAA"
"chr1","1105173","1105463","chr2","203225383","203225677","50","202120210","GGGTACATTGGCTCACACCTGTAATTCCAGTACTTTGGGAGGTCAATGCGGGTGGATTACTTGAGTCCAGAAGTTCGAGACCAGTCTGGCCAACATGACAATACCCCAACTCTACAAAAAAATACAAAAATTAGCCGGGCATGGTGGTGTGCACCTGTAGTCCCAGCTACCTGGGAGGCTGAGGTGGGAGAATTGTTTGAACCTGGGAGGTGGAGGATGCAGTAAGCTGAGGTCGCACCACTGCACTCCAGCCTGGGTGACAGAGCCAGACCATATCAAAAAAAAAGAAAA","GGCTGGGTGCGGTGGCTCACACCTGTAATCCCAGCACTTTGGGAGGCTGAAGTGGGTGGATCACTTGAGACCAGGAGTTCAAGACCAGCCTGGCCAACATGGCAAAACCCTGTCTCTACTAAAAATACAAAAATTAGCCAGGCATGGTGGCATGCACCTGTACTCCCAGCTACTCGGGAGGTTGAGGTAGGAGAATTGCTTGAACCTAGGAGGAGGAGGCTGCAGCGAGCCAAGATCGCACCACTGCACTCCAGCCTGGGTGACAGAGAGACCCTGTCTCAAAAAAAAAAAAAAA"
"chr1","1106837","1107011","chr5","133811119","133811288","37","132704282","TTAGCCGCATGTGCTGGCAGGTGCCTGCAGTCCTAGCCACTCAGGTGGCTGAGGCACGAGAATCACTTGGAACCCAAGAGGCAGAGGTTGCAGTGAGTCATGATCGTGCCACTGCACTCTAGCCTGGGTGACAGATAAGACCCTATGTCAATAAAATAAAATAAAATAAAATAAA","GCCGGGCAGGTGGCTCATGCCTATAATCCAAGCTACTTGGGAGGCTGAGGTGCAAGAATCGCTTGAACCCAGGAGGCGGAGGTTGCAATGAGCCAAGATCGCACCACGGCACTCCAGCCTGGGTGACAGATCAAGACTCTATCTCAAAAAATAAAATAAAATAAAATAAA"
"chr1","1112714","1113017","chr5","127578478","127578765","55","126465764","GGCTGGGCACAGTAGCTCACACCTGTAATCCCAGCACTTTGGGAGTCTGAGGCAGGCAGATCACTTGAGGCCAGGAGTTTGAGACCAGCCTTGCCAACATGGCGAAACCCCATCTCTACTAAAAATACAAAAATTAGCCAGCGGCATGGTGGTGCACACCTGTGCATGGTGGCACATACCTGTTCCAGCTACTTGGGAGGCTGAGGCAGGAGGATCACTTGAACCGAGGCAGTGGAGGTTGCAGTGAGCCGAGATTCCACCACTGCACTCCAGCCTGGGTGACAGAGAGACCCTATCTCAAAAA","GGCTGGACGCCATAGCTCACATCTGTAATCCCAGCACTTTGGGAGGCTGAGGTAGGCAGACCACTTGAGGCCAGGAGTTTGAGACCAGCCTGGTCAACATGACAAAACCCCGTCTCTACTAAAAATATTAAAAAATTGGCCAGATGTGGTGGCACATACCTATAGTCCCAGCTACTTGGGAGGCTGAGGCAGGAGAATCACTTGAACCTAGAGGCAGAGGTTGCAGTGAGCTGAGATCGCACCACTGCACTCCAGCCTGGGCAACAGAGAGAAACCCTGTCTCAAAAA"
"chr1","1144422","1144492","chr3","187992694","187992763","7","186848272","GGGAGTGGTAGTTCATGCCTTTAATCCCAGCACTTTGGGAGGCCAAGGACCCCTTGGGGCCAAGAGTTCAA","GGGAATGGCAGCTCATGCCTGTAATCCCAGCATTTGGGAAGCCAAGGACCACTTGGGGCCAAGAGTTCAA"
"chr1","1150807","1150859","chr7","126275337","126275389","7","125124530","TGCCCTCCAGCCTGAGTGTCAGAGGAAGACTGTGTCTTTAAAAAAAAAAAAAA","TACACTCCAGCCTGGGTGTCAGAGAAAGACTCTGTCTCAAAAAAAAAAAAAAA"
"chr1","1173628","1173916","chr1","193329779","193330078","57","192156151","CCAGGCACGGTGGCTCTTGCCTATAATCCTAGGAATTTGGGAGGCCAAGGCAGGAGGATTGCCTGAGCTCAGGAGTTAAGAGATCAGCCTGGGCAACATGGCAAAACACCATCTCTACTAAAAATACAAGAAATTAGCCAGGAGTGGTGGCGGGCACCTGTAATTCCAGCTACTGAGGCACAAGAATTGCTTGAACTCAGGAGATGGAGGTTGCAGTGAGCCAAGATGGCACCACTGCACTCAAGCCTGGCTGACAGAGAGAGACTCTTCTCCAAAAAAAAAAAAAAGA","GCCAGGCATGGGGGCTCATACCTATAACCCCAGCACTTTGGGAGGCCAAGACAGGTGGATCACTTGAGACCAGGAGTTTGAGACCAGCCTGGCCAACGTGGCAAAAACCTATCTCTACTAAAAATACAAAAAATTAGCTGGGTGTGGTGGCAAGCACCTTTAATCCCAGCTACTTAGGAGGCTGAGGCAGGAGAATTGTTTGAACTCAGGAGACGGAGGTTGCAGTGAGCCAAGATCACAACATTGTACTCCAGCCTGGGTGACAGAGTGAGACACTGTCTCAAAGAAAAGAAAAGAAAA"
"chr1","1244200","1244260","chr6","100731653","100731709","18","99487453","TAATCCCAGCTACTTGGGAGACTGAGGCCTGAGAATCGCTTGAACCTGAGAGACAAAGGTT","ATTTCAGCTTCTCGGGGGCTGAGGCACAATAATCACTTGAACCAGGGAGGCAGAGGT"
"chr1","1245729","1246042","chrX","17705039","17705341","52","16459310","CCTGGCATGGTGGCTCACACCTGTAATCCCAGCACTTTGGGAGGCCGAGGCAGGTGGATCGCCTGAGGTCAGGAGTTTGAGACCAGCCTGGCCAGCATGGCAAAACCCCGTCTCTACTAAAAATACAAAAATTAGCTAGGCGTGGTGGCATGAACCTGTTGTCCCAACAACTCAGGAAGCTGAGACGAGAGAAATGCTTGAACCCAGGGGGCAGAGGTTGCAGTGAGCTGAGCCTGTGCCACTGCACTCCAGCCTGGGTGACAGAGCAAAACTCTGTATCCAAAAAAAAAAAAAAAAAGCCTAAAGAAAAATAA","GCCAGGCATGGTGGCTCATGCCTGTAATCCCAGCACTTTGGGAGGCTGAGGCAGGTGGATCACTTGAGGTCAGGAGTTCGAGACCAGCCTGACCAACATGGCAAAACCCCAACTCTACAAAAAATACAAAAATCAGCCAGGCATCGTGGCGCATGCCTGTAGTCCCAGCTACTCAGGAGGCTGAGGCAGGAAAATCGCTTGAACCCGGGAGGCAGAGGTTGCAGTGAGCTGAGATTGTGCCACTGCACTCCAGCCTAGGTGACAAAGCAAGACTCTGGTCCCAAAAAAAGAAAAAAGAAAAAA"
"chr1","1323779","1324121","chr3","188186846","188187182","67","186863067","GACTGGGCACAGTGGCTCATGCCTGTAATCCCAGCACTTTGGGAGGCTAAGGTTGGAGGATCACTTGAAGTCAGGAGTTCGAGACTAGCCTGGCCAACATAGTAAAACCTGGTCTCTACTGAAAATACAAAAATTAAATGAGTGTACTCGTGTGGCACCTATAATTCCAGCTACTCGAGAGGGTGGGGCATGAGAACTGCTTGAACCCGAGAGGTGGAGTTGAACCTGGGAGGTAGAGGCCGCAGTGAGACGGAGGTTGCAGTGAGCCGAGATTGCGCCACTGCACTCCCGCCTGGGTGATGGAGTGAGACTCTGCCTCGAAAGAAAGAACGAAAGAAAGAAA","GGCTGGGCACAGTGGCTCATGCCTGCAATCCCAGCATTTGGGGAGGCTAAGGTGGGAGGATCACTTTAAGTCAGGAGTTTGCGACCAGCCTGGCCAACATGGCAAAACCCAGTCTCTACTAAAAATACAAAAATTACTGGAGTGTGCTGGCGCACGGCTTGTAATTTCCGCTACTCAAGACAGTGAGGCATGAGAATTGCTTAAATCTAGGAGGTGGAACTGAATCCAGGAGGTGGAAGCTGCAGTGAGGTGGAGGTTGCAGTGAGCTGAGATCACACCACTGCATTCCCACCTGGGTGATGGAGACTCTGACTCTCAAAAAAAAAAAAACAAAAAA"
"chr1","1362807","1363101","chr12","16212093","16212391","39","14849286","GGCCAGGCACGGTGGCTCACACCTGTAATCCCAGCACTTTGGGAGGCTGAGGTAGGCGGATCATTTGAGGCCAGATTGAGACCAGCCTGGCCAACGTGGCAAAACACTGTCTCTACTAAAAATACAAAAATTAGCGGGGTGTGGTGATCCACATCTGTAATCCCAGCTACTTGGGAGGCTGAGGCAGGAGAATTGCTTGAATCCGGGAAGCAGAGGTTGCAGTGAGCGAAGACTGCACCACTGCACTCCAGCTTGGGTGACAGAGCAAGACTCTGTATCAAAAAACAAAAAAAAA","GGCTTGGCATGGTGACTCACACCCGTAATCCCAGCACTTTGGGAGGCTGAGGTAGGCAGATCACTTGAGGTCAAGAGTTTGAGACCAGCCTGGCCAATATGGCAAAAACACATCTCTATTAAAAATACAAAAAATTAGCCAGGTGTGGTGGGGCACACCTGTACTCCCAGCTACTTGGGAGGCTGAGGCAAGAGAAGTGCTTGAACCGGGGAGGCAGAGGTTGCAGTGAGCCAAGATCACACCACTGCACTCCAGCCTGGGTGACAGAGCAAGACTCTGTCTCACCAAAAAAAAAAAAA"
"chr1","1367657","1367943","chr3","188235049","188235330","35","186867392","GGCCGGGCACAGTGGCTCACGCCTGTAATCCCAGCACTTTGGGAGGCCAAGGTGGGTGGATCACTTGAGGCCAGGAATCCAAGACCAGCCTGGCCAACGTGGCAAAACCCCGTCTCTACTAAAAATACAAAAATTAGCTGGGCATGGTGGTGGGCACCTGTAATCCCAGCTACTTGGGAGGCTGAGGCACGAGAATTGCTTGAACCCGGGAGGCAGAGGTTGCAGTGAGCCAGGATTGTGCCCCTGCACTTCAGCCTGGGCGACAAAGCAAGACTCTGTTTAAAAAA","GGCTGGGCACGGTGGCTCGCGCCTGTAATCCCAGCACTTTGGGAGGCCAGGGTGGGTGGATCACTTGAGGCCAAGAATCCAAGACCAGCCTGGCCAACATTGCAAAACCCCGTCTCTACTAAAAATATAAAAATGAGCTGGGCGTGATGGCAGGCACCTGTAATCCCAGCTACTCGGGAGGCTGAGGCACGAGAATTGCTTGAACCCGGGAGGCAGAGGTTGCAGTGAGCTGAGATCACACCACTGTACTTCAGCCTGCATGACAGAGCGAGACTCTGTCTC"
"chr1","1384830","1385125","chr6","21465698","21465986","91","20080868","GGCTGGGCACGGTGGCTCACGTCTGTAATCCCAGTACTTTCGGAGGCTGAGGTGGGTGGATCACCTGAGGTCAGGAGTTCGAGACCAGCCTGCCCAATATGGCAAAACCCCATCTCTACTAAAAGTNNNNNNNNNNNNNNNNNNNNNNNNNNNNNNNNNNNNNNNNNNNNNNNNNNAATCACTTGAACCTGGGAGGTGGAGGCTGTGGTGAACTGAGATTGCGCCACTACACTCCAGCCTAGCAGACAGGGTGAGACTCTGCCTACAAAAAAAAAAAAAAGACAAAAAAAAAAGAA","GCTGGGCATGGTGCCTCACGCCTGTAATCTCAGCACTTTGTGAGGCCGAGGCAGACGGATCACTTGAGGCCAGGAGTTTGAGACCAGCCTGGTCAACATGGCAAAACTTCATCTCTACTAAAAATACAAAAATTAGCTGTAATCCCAGGTACTCGCAAGTCTGAGGCAGGAGCATCGCTTGAACCTGGGAGGTGGGGGTTGCAGTGAGCTGAGATTGTGCCGCTGCTCTCCAGCCTAGGTGACAGAGTGAGACTATGTCTCAAAAAAAAAAAAAAAAAAAAAAAAAGAA"
"chr1","1404477","1404766","chr12","107125942","107126232","54","105721465","GGCTTGGCATGGTGGCTCATGCCTGTAATCCCAGCACTTTGGGAGGTGAAGACGGACTAATTGCTTGAGTCCAGGAGTTTGAGACCAGCCTGGGCAACATGGCAAAGCCCCATCTCTACAAAGTATACAAAAATTAGCTCCACATGGTGGTGCGCACCTGTAGTCCCAGATACCGGGACTGAAGTGGGAGAAGTCACTTGAGCCTGGAAGGCGGAGGTTGTGGTGAGCCGAGATCACGCCACTGCCCTCCAGCCTGGAGGACAGAGCCAGACCCCGCCTCAAAAAAAAAA","GGCTGGGCATGGTGGCTCATGCCCAAAATCCCAGCACTTTGGGAGGCTGAAGTGGGCAGATCACTTGAGGCCAAGAGTTCAAGACCAGCCTGGCCAACATGGCAAAACCCCAACTCTACTAAAAATACAAAAATTAGCTGGGCATGGTGGTGCACACCTGTAATCTCAGCTACTCAGGAGGCTGAGGCACAAGAATCACTTGAACCTGGGAGGCAGAGGTTGTAGTGAGCCAAGATCACACCACTGCACTCCAGCCTGGGCAACAGAGCAAGACTCTGTCTCAAAAAAAAA"
"chr1","1410306","1410632","chrX","63118288","63118597","69","61707982","GGCCAGGTGTGGTGGCTCACGCTTGTAATCCCAGCACTTTCAGAGGATGAGGCGAGTGGATCACTTGAGGTCAGGAGTTCGAGACCAGCCTGACCAAGATGGCAAAATCCCGTCACTACTAAAAATACAAAATGTAGCCAGGCATGGAGGCACAAGCCTGCAATCCCAGCCACTCGAGAGGCTAAGGCAGAAGAATCGTTTGAACTGAGGAAGGGGGGTTACAGTGAGACTAGATCGTGCCATTGCTAGATCGTGCCACTGCACTCCAGCCTGGGTGACAGAGAGAGACACTATCTCAAAAAAGAAAGAAAAAGAGAGAGAGAGAAA","GGCTAGGTGTGGTGGCTCACGTCTGTAATCCCAGCACTTTGGGAGGCCGAGGCAGGTGGATCTCTTGATGCCAGGAGTTCGAGACCAGCCTGGCCAACATGGCAAAACCCTGTCTCTACTAAAAATAGAAAAATTAGCTGGGCATGGTGGCATGTGCCTGTAATCCCAGCTACTCAGGAGGCTGAGGCAGGAGAATCACTTGAACCCAGGAGGCGGAGGTTGCAGTTAGCTGAGATCATTGCATTGTGCTCCAGCCTGGGTGACAGAGCGAGACTCCATATCAAAAAAAAAAAAAAAAAAAAGAAAGAAA"
"chr1","1420473","1420800","chr2","203225383","203225677","88","201804910","GGCTGGGTTCAGTGGCTCACTCCTGTAATCCCGGCACTTTGGGAGGCTGCGGCAGGCAGATCATCTGAGGTCCAGCCAGGGCAACAGAGGGAGACTGATCGAGCCCAGGAGTTTGAGATCAGCCTGAACAACATGGCAAAATCCCATCTATACTATAAATACAAAAATTAGCCAGGCATGGTGGTGCGCACCTGTAGTCTCAGCTACTCAGGAGACTGAGGCAGAAGGACTGCTTGAACACGGGAGGTGAAGACTGCAGAGAATCGGGATTGCACCACCGCACTCCATACTGGGCGAGAGCTACTGTCTCGAAAACAGAAAAGAAAAA","GGCTGGGTGCGGTGGCTCACACCTGTAATCCCAGCACTTTGGGAGGCTGAAGTGGGTGGATCACTTGAGACCAGGAGTTCAAGACCAGCCTGGCCAACATGGCAAAACCCTGTCTCTACTAAAAATACAAAAATTAGCCAGGCATGGTGGCATGCACCTGTACTCCCAGCTACTCGGGAGGTTGAGGTAGGAGAATTGCTTGAACCTAGGAGGAGGAGGCTGCAGCGAGCCAAGATCGCACCACTGCACTCCAGCCTGGGTGACAGAGAGACCCTGTCTCAAAAAAAAAAAAAAA"
"chr1","1426779","1427052","chr1","148546519","148546798","56","147119740","CTGGGTGCAGTGGCTCACGCCTGTCAACCCAGTACTTTGGGAGGCCAAGGCGGGAGGGTCACTTGAGGTCAGGAGTTTGAAACCAGCCTGAGCAACACGGCAAAACTCTGTCTCTACTAAAAATACAAAAATTAGCTGGGCACAGTGGTGCATGCCTGTAGTCCCAGCTACTCAGGAGGCTGAGGGGGAGGTTATAGTGAGCCAAGATCACACCACTGCATTCCAGCCTGGGCAACAGAGCAAGACTCTATCTTAAAAATAATAATAATAAAAA","GGCTGGGTGCAGTGGCTCACACCTGTAATTCCGGCACTTTGGGAGGCCCAGGTGGGTGGATCACTTGAGGCCAGGAGTTTGAGACCAGGCTGGCCAATATTTGCAAAACCCAGTCTCTACTAAAAATACAAAAATTAGCCAGGCATGGTGGTGCATGCCTGTAGTCCCAGCTACTCAGGAGGCTGAGGCATGGGAATCACTTAAGCCCAGGAGCTGAGATCACACCTCTGCACTCCAGGCTGGGTGACAGAGCAAGACTCTGTCTCAAAAAAAAAAAAAA"
"chr1","1429311","1429622","chr13","46294867","46295176","49","44865556","GGTCGGGCACAGTGGCTCACGACTGTAATCCCAGCACTTTGGGAAGCCAAGGTAGGTGGATCATTTGAGGCCAGGAGTTTGAGACCAGTGTAGCCATCATAGCAAAACTCTGTCTCTACTAAAAATACAAAAATCAACCAGGTGTGGTGTTGCACGCCTATAGTCCCAGGTACTTGGGAGGGTGAGGCATGAGAATCGCTTGAACCCAGGAGGCGGAGGTTGCAGTGAGCCAACATCGCACTACTGCACTCCAGCCTGGGTAACAGAGCGAGACTGTGTCTCAAAAAAACAAAAAAAAAAAAAAAAAGAAAA","GGCTGGGCTCAGTGGCTCATGCCTGTAACCCCAGCACTTTGGGAGGCCAAGGATGGTGGATCACTTGAGGCCAGGAGTTTGCGACCAGCCTGGCCAACATGGCAAAACTCTGTCTCTACCAAAAAATGCAAAAATTAGCCAGGTGTGGTGATGCATGCTCATAGTTCCAGCTACTTAGGAGACTGAGGCACGAGAATCGCTTGAACCTCAGAGGCAAGAGTTGCAGTGAGCCAAGATCACACCACTGCACTCCAGCCTGGGTGACAGAGGGAGACTCTGTCTCAAAAAATAAAATAAAATAAAAAATAAA"
"chr1","1429640","1429809","chr2","55471804","55471975","27","54042164","AAAAATTAGCCAGGTGTGATGGCACATGCCTATAGTCCCAGCTACTTGGGAGGTTGAGGCACGATAGTCTCTTGAACCCAGGAAGTGAGGCTGCAGTGAGCTGAGATTGTGCCACTGCACTCCAGCCTGGGCAACAGAGCAAGATTCTGTCTCAAAAAAAAAAAAACAAA","AAAAATTAGCCAGGTGTGGTGGTGCATGCCTGTAGTTCCAGCTACATGGGAGGCTGAGATATGAAAATCTCTTGAGCCCAGGACGTGGAAGTTGCAGTGAGCTGAGATCGTGCTACTGCACTCCAGCATGGGTGACAGGGTGAGATTCTGTCTCAAAAAAAAAAAAAAAAAA"
"chr1","1454049","1454127","chr9","37482895","37482977","28","36028846","TGGTGCACACCAGTAATCCCAGCTACTCAAGAGGCTGAGTCACAATAGTATCATTGTTCTCCAGCCTGGGAGACAGAGG","TGGTGGCACAGACCTGTAATCCCAGCTACTCAGGAGGCTAAGGCACAAGAACTGCTTGAGCCCTGGAGGCAGGAGGTTGTAAT"
"chr1","1482835","1483130","chr2","2218970","2219260","45","736135","GGTTGGGTACGGTGGCTCACACCTATAATCCCAGCACTTTGGGAGGCTGAGGCGGGTAGACCACTTGAGGTCAGAAGTTCAAGACTAGCATGGCCAACATGGTAAAACCCCCATCTCCACTAAAAATACAAAAATTAGCTAGGCGTGGTGGTGCACCCCTGTAACTCCAGCTAGTCAGGAGGCTGAGGCACGAGAATCACTTGAATCTGGGAGGCGGAGGTTGCAGTGAGCCGAGATCACGCCATCACACTCCAGCCTGGGTGACAGAATGAAACACTGTCTCAATAAAAAGATAA","GGCTGGGGGCAGTGGCTCACACCTGTCATCCCAGCACTTTGGGAGGCTGAGGCAGGCAGATCACTTGAGGTCAGGAGTTCGATACCAGCCTGGCCAACATGGCAAAACCCCATGTCTACTAAAAATACAAAAATTAGCTGGGCATGATGGTGCATGCCTGTAATCCCAGCTACTCAGGAGGCTAAGGCAGGAGAATTGCATGAACCTGGGAGGTGGAGGTTGCGGTGAGCCGAGATCACACCATTGCACTCCAGCCTGGGTGACAGAGTGAGACTCTGTTTAAAAAAAAAA"
"chr1","1528421","1528702","chr2","17686816","17687098","46","16158395","GGCTGGGCATGGTGGCTCACGTCTGTAATCCTAGCACTTTGGGAGGCTGACTCAGGTGTATCACTTGAGGCCAGGAGTTCAAGATCAGCCTGGTCAACATGGTGAAACCCTATCTCTACTAAAAATACAAAAATTAGCTGGCCAAGGTGGCATGCACCTGTAATCCCAGCTACTCAGGAGGCTGAGACATGGGAATCGCTGGCACCCTGGAGATGGAGGTTGCAGTGAGCCAAGACTGTGCCACTGCACTCCAGCCTGGGTGACAGAGGGAGACTCTGTCTC","GCCTGGCATGGTGGCTCACGCCTGTAATCCTTGTGCTTTGGGAGGCTGAGGCGAGCGGATCACTTGAGGTCAGGAGTTCGAGACCAGCCTGATCAACATGGCGAAACCCCGTCTCTATTAAAAGTACAAAAATTAGCCAGGCGTGGTGGCATGCACCTGTAATCCCAGCTAGTCAGGAGGCTGAGGCACGAGTATTGCTTGAACCCAGGAAGCGGAGGTTGCAGTGAGCCGAGATGGTGCCATTGCACTCCAGCCTGGGTGACAGAGCAAGACTCTGTCTCAA"
"chr1","1543376","1543586","chr10","21535696","21535904","43","19992320","CAGCCTGGCCAACATGGCAAAAACTGTCTCTATTAAAAATACAGAAATCAGCTGGGCAGGGAGGTGCACGCCTGTGATCCCAGCTATGTGGACGGTTGAGGCACAAGAATCACTTGAACCCAGAAGGTGAAGGTTGCAATGAGCCAAGATCGGGCCACTGCACTCCAGGCTGGGTGACAGGGCAAGACCCTGTTTTAGAAGATAAACAAAA","CCTGACCAATATGGTAAAACCATGTCTCTATTAAAAATACAAAAATTAGCAAAGCCCGTTGGTGTATCCCTGTAATTCCAGCTATTTGGGAGGTTGAGGCTCAAGAATCACTTGAACCCAGGAGGTGGAGGTTGCAGTAAGCCAAGATTGGGCCACTGCACTCCAGCCTGGGCAACAGAGTGAGACCCTGTCTCAAAAAAAAAAAAAAA"
"chr1","1550017","1550306","chr4","25746204","25746495","42","24196187","GACCAGGTGCAGTGGCTTACTCCTATAATCCCAGCACTTTGGGAAGTCGAGGTGGGCGGATCACTTGAGGTCAGGAGTTGGAGACCATCCTGGCCAACATGGCAAAACCCCATCTCTACTAAAAATACAAAAATTAGCCGGGCATGGTGGTGGGTTCCTATAATCCCAGCTAGTTGGGAGGCTGAGGCATGAGAATTGCTTGAACCTGAGAGGTAGAGGCTGCAGTCAGCCAAGATCACACCACTGCACTCCAGCCTGGGTGACAGAACAAGACTGTCTCAAAAAAAAAA","GGCTGGGCACTGTGGCTTATGCCTGTAATCCCAGCACTTTGGGAGGCTGAGGTGGGCGGTTCACTTGAGGCCAGGAGTTCGAGACCAGCCTGGCCAACATGACAAAACCTCATCTCTACTAAAAATACAAAAATTAGCCGGGTGTGGTGGTGGGTGCCTGTAATCCCAGCTACTGGAGAAGCTGAGTCAGGAGAATTGCTTAAACCCAGGAGGTGGAGGTTGCAGTAAGCCAAGATCACGCCACTGCACTCCAGCCTGGGTGACAGAGCGAGAATCTGTCTCAGAAAAGAAA"
"chr1","1578269","1578401","chr3","188436243","188436376","17","186857974","GGCCAGACATGGCGGCTTATGACTGTAATTCCAGCACTTTGGGAGGCCGAGGCGTGTGGATCACTTAAGGCCGGGAGTTCGAGACCAGCCTGGCCAACATGGCAAAAACCCCATCTCCAAAAAAAGCCAAAAA","GGCCAGGCATGGCAGCTGAATGCCTATAATTCCAGCACTTTGGGAGGCCGAGGCGGGTGGATCACTTGAGGCCAGGAGTTCGAGATCAGCCTGGCCAACGTGGCAAAACCCCGTCTTCAAAACAAAAACAAAAA"
"chr1","1603474","1603642","chr10","14594704","14594873","48","12991230","TAACAAGAGAAATGATGGCTGGGTGCGGTGGCTCATGCCTGTAATTCCAGCTACTTGGGAAGTTGAGGCACGAGAATTTCTTGAACCTGGAGGTGGAGGTAGCCATGAGCTGCACTGCAGCCTGGGTGAGGGAGTGTCTCAAAAAATTAAAAAAAAAAAAATACATAAA","AAAAAACAAAAATTAGCTGGATGTGGTGGCAGGCGCTGTAATCCCAGCTACTCGGGAGGCTGAGGGACAAGAATCACTAGAACCCAGGAGGCGGAGGTTGAGATCATGCCACTGCACTCCAGCCTGGGCAACAGAGTGATACTCTATCTCAAAAAAAAAAAAAAAAAAAA"
"chr1","1655291","1655521","chr9","18594171","18594384","50","16938880","GACCAGCCTGGGCAACATGGCAAAACCCTGTCTCTACTAAAAATGCATAAGCTAGCTGGGCATGGTGGCTCATGACTCTAATCCCAGATACTTGAGAGGCTGAGGCACGAGAATCGCTTCAACCCAGGAGATGGAACCTGCAGTGATCTGAGATCGTGCGACTGCACTTCAGCCTGGGTGACCCAGAAAGACTCTGTCTAAAAATTTTAAAAAAGTATGAAAATTTAAAAA","ACCAGCCTGGCCAACATGGTGAAACCCTGTCTCTACTAAAAATACAAAAAAGGGGCATGGTGGCTCTGCCTGTAATCACAGCTACTCAGAGGGCTGAGGCACGAGAATCACTTGAACCTGGGAGGTGGAGGTTGCAGTGAGCTGAGATCATGCCACTGCACTCCACCCTGGGTGACAGGGCAAGATGCTGTCTCAAAAAAAAAAATAATAAAAA"
"chr1","1717723","1718022","chr5","116663888","116664187","40","114946165","GGCCGGGTACAGTGGCTCACTCCTGTAATCCCAGCACTTTGGGAAGGCAAGGCGGGCGGATCACCTGAGGTCAGGAGTTTGAGACCAGCCTGGCCAACACGGCAAAACCCCATCTCTACAAGAATACAAAAATTAGCCAGACGTGGTGGTGCATGCCTGTAATCCCAGCTACTTGGGAGGCTGAGACCAGAGAATCGCTTGAACCCAGGAGGTGGAGGTTGCAGTGAACCAAGATCATGCCACTGTACTCCAGCCTGAGTGACAGAGTGAGACTCTGTCTCAAAAAAAAAAAAAAAAAAA","GGCTGGGTGTGGTGGCTCACGCCTGCAATCCCAGCACTTTCAGAAGCCTAGGCGGGCAGATCACTTGAGGTCAGGAGTTTGAGACCAGCCTGGCCAACAAGGCAAAATCCTGTCTCTACTAAAAATACAAAAATTAGCTGGCTGTGGTGGTGCACGCCTGTAATCCCAGGTACTTGGGAGGCTGAGGCAGGAGAATTGCTTGAACCCGGGAGGCGGAGGTTGCAGTGAGCTGAGATCATGCCACTGCACTGCAGTCTGGGTGACAGAGGAAGACTCTGTCTCAAAAAAAAAAAAAAAAAA"
"chr1","1719450","1719756","chr5","41950562","41950862","61","40231112","GTCAGGCGCGGTGGCTCACGCCTGTGATCCCAGCACTTTGGGAGGCTGAAGTGGGAGGATCACTTGAACCAGGAGTTGGAGACCAGCCTGACCAACATGGTGAAACCTCATCTCTACTAAAAATTCAAAAATCAGCCAGGCATGGTGGTGCACTCCTGTCATCCCAGCTGAGACACGAGAATCACTTGAACCCGGGAGGCGGAGGTTGCAGCCAGCAGAGATCATGCCACTGCTCTCCAGCCTGGGCAACAGAGTGAAAATCTGTCTCAAAAACAGACAAAACAAAACAAAACAAAACAAAACAAAA","GGCCAGGCGCGGTGACTCACGCCTGTAATCCCAGCACTTTGGGAGGCCAAGGTGGGCAGATCACCTGAGGCCAGGAGTTTGAGACCAGCCTGGCCAACATGGTGAAACCCCAGCCTCTACTAAAAATACAGAAATCAGCGGGGTGTGGTGGTGCTCAGGGTGGTGCCCAGTTGAGGCACAAGAATCACTTGAACCCAGGAGGCAAAGGTTGCAGTGAGCCAATATCATGCCACTGCACTCCAGCCTGGGTGACAAAGTGGCACTCTGTCTCAAAAAAAAAAAAAAATAAAGAGAAAACAAA"
"chr1","1744053","1744340","chr3","188612863","188613141","56","186868810","GACCAGGCGTGGTGGCTTATGCCTGTAATCCCAACACTTTGGGAGGCCCAGGTGGGAGGATCACTTGAGGCCAAGAATTCGAGACCAGCCTGGCCAACATGGCAAAACCTAGTCTCTTCTAAAAATACAAAAATTAGCTGTAGGGGTGGCAGGTGCCTGTGATCCCAGCTACTCTGGTGGCTGAGGTTTTAACCTGGGAGGCTTTAACCTGGGAGGCAGAGGTTGCAGCAAGCCAGGGTGGCACCACTGCACTCCAGCCTGGGTGACAGTAAGACCCTGCCTCAAGAA","GGCCAGGTGAGGTGGCTCACGCCTGCAATCCCAGCACTTTGGGAGGCCAAGGCGGGTGGATCACGTGAGGTCAGGAGTTCCAGACCAGCAGGCCAATGTGACAAAACCTCCTCTCTACTAAAAATACAAAAATGAGCTGCAGGGGTGGCAGGTGCCTGTGGTCCCAGCTAGTCCAGTGGCTGAGGCATGAGAATTGCTTTAACCCGGGAGGCAGAGGTTGTAGCCAAGATCATGCCACTGCATTTCAGCCTGGGTGACAGTAAGACGCAGCCTCAAAAA"
"chr1","1898748","1899047","chr9","25525997","25526295","41","23627249","GGCTGGGCACAGTGGCTCATGCCTGTAATCCCAACACTTTGGGAGACCAAGGTGAGTGGATCACTTGAGGCCAGGAGTTCAAGACCAGCCTGGCCACCATGGCAAAGCCCCATCTCTACCAAAAATACAAAAATTAGCCAGGTGTGGTAGTTGTACATCTGTAATCCCAGCTACTCGGGAGGCTGAGACACAAGAATTGCTTGAACCAGGGAGGTGGAGGTTGCAGTGGGCCAAGATGACGCCACTGCACTCCAGCCTGGATGACAGAGTGAGATTCTGTCTAAAAAAAAAAAAAAAAAA","GGCTGGGCACAGTGGCTCATGCCTGTAATCCCAGCACTTTCGGAGGCCGAGGTAGGCAGATCACTTGAGGTCAGGAGTTCAAGACCAGCTTGGCCAACATGGCAAAACCCTGTCTCTACTAAAAATACAAAAATTAGCTGGGTGTGGTGGTAGGTGCCTATAATCCCAGCTACTTGGGAGGCTGAGGCACAAGAATCGCTTGAGCCTGGGAGGCAGAGGTTGCAGTGAGCCAAGATCACGCCACTGCACTACAGTTTGGGTGACAGAGTGAAACTCCATCTAAAAAAAAAAAAAAAAAA"
"chr1","1955400","1955511","chr3","6138550","6138653","31","4183150","AGGCATGAAACTCGATCACTGGGAGGCACATGGTGCCCCTAGAGTGAGCCGAGATCGCACCACTGCACTCCAGCCTGGGCGAGAGCGAGATTCTGTCTAACAACAAAAAAGA","GAGTATCACTTGAACCTGGGAGGCGGAAGTTGTTGTGAGCCGAGATTGCGCCACTGCACTCCAGCCTGGGCGACAGAATGAGACTCTGTCTCAGAAAGAAAAGA"
"chr1","2041425","2041736","chr1","209707354","209707654","65","207665929","GGCTGGTCATGTTGGCCCGTGCCTGTAATCCCAGAAATTTGGGCAGCCGAGGCAGGTGGATCACTTGAGGTCAAGAGCTTGAGACCAGACTGGCCAACGTGGCAAAAGCCCGTCTCTAGTAAAAATATGAAAATTAGCCGGGCATGGTGGTGCACGTTTGTGATCCCAGTTACTCAGGAGGCTGAAACACGAGAATTGTTGAGCCTGGAAGGTGGAGGTTGCAGTGAGCCAAGATCACACCATGGCACTCCAGCCTCGATGACAGAAGGGTATTTGAGACACTCTCTCTACAAAAAATAAAAAAAAAGAAAA","GGCCAGGCATGGTGGCTCTTGCCTGTAATCCCAGCATTTTGGGAGGCTGAGGCAGGTGGATCACTTGAGGCCAGGAGTTGAGACCAACCTGGCCAACACGGCAAAACCCTGTCTCTACTAAAAATACAAAACTTAGCCAGGCACGGTAGCACGTGCCTGTAATCCCAGCTACTCAGGAGGCTGAAGCAGAAGAATCGCTTGAACCTGGAAGGTAGAGAGGGCAGTGAGCCAAGATCGCACCACCCCACTCCAGCCTGGCCAAGAGTGAGACTCAGTCTCTCAAAAAAAAAAAAAAAAAAAA"
"chr1","2043768","2044064","chr2","203225383","203225677","40","201181615","GGCTGGGCACAGGGCTCATGCCTGTAATCCCAGCACTCTGGGAGGCTGAGGCGGGTAGATCACTTGAGGCCAGGAGTTCAAGATCAGCCTGTCCAACATGGCGAAACCCTGTCTCTACTGAAAATACAAAAATTAGCCAGGCATGGTGGTGCACTCCTGGAATCCCAGCTACTGGGGAGGGTGAGGCAGGAGAATCGCTTGAACCTGGGAGGTGGAGATTGTGGTGAGCCAAGATGGCGCCAATGCACTCCAGCCTGGGTGACAGAGTAAGACTCTGTCTAAAAAAAAAAAATAAAA","GGCTGGGTGCGGTGGCTCACACCTGTAATCCCAGCACTTTGGGAGGCTGAAGTGGGTGGATCACTTGAGACCAGGAGTTCAAGACCAGCCTGGCCAACATGGCAAAACCCTGTCTCTACTAAAAATACAAAAATTAGCCAGGCATGGTGGCATGCACCTGTACTCCCAGCTACTCGGGAGGTTGAGGTAGGAGAATTGCTTGAACCTAGGAGGAGGAGGCTGCAGCGAGCCAAGATCGCACCACTGCACTCCAGCCTGGGTGACAGAGAGACCCTGTCTCAAAAAAAAAAAAAAA"
"chr1","2151755","2152060","chr7","153803404","153803707","50","151651649"
"chr1","2154316","2154607","chr11","20385409","20385702","41","18231093"
"chr1","2210200","2210474","chr2","33495117","33495388","46","31284917"
"chr1","2294548","2294627","chr1","155572998","155573074","12","153278450"
"chr1","2299040","2299278","chr13","28685405","28685642","63","26386365"
"chr1","2319517","2319628","chr10","88477171","88477289","23","86157654"
"chr1","2335521","2335716","chr5","134434249","134434457","54","132098728"
"chr1","2348484","2348788","chr3","189240362","189240648","54","186891878"
"chr1","2354003","2354277","chr11","128322674","128322935","61","125968671"
"chr1","2532183","2532489","chr8","115903141","115903445","48","113370958"
"chr1","2543907","2544228","chr2","71331505","71331809","58","68787598"
"chr1","2942582","2942876","chr6","17854050","17854340","39","14911468"
"chr1","2999687","2999997","chr8","94210483","94210783","55","91210796"
"chr1","3019000","3019211","chrX","40515274","40515484","33","37496274"
"chr1","3135239","3135546","chrX","39183726","39184034","45","36048487"
"chr1","3289358","3289462","chr3","65382684","65382787","14","62093326"
"chr1","3358810","3359101","chr12","51888773","51889064","46","48529963"
"chr1","3388680","3388970","chr12","91928994","91929288","37","88540314"
"chr1","3478961","3479257","chr4","98746325","98746622","52","95267364"
"chr1","3521272","3521305","chr9","91427403","91427433","4","87906131"
"chr1","3659288","3659452","chr21","21303555","21303718","28","17644267"
"chr1","3745475","3745711","chr13","14552915","14553145","49","10807440"
"chr1","4016683","4016967","chr2","13760967","13761244","49","9744284"
"chr1","4063681","4063988","chr5","55380182","55380490","51","51316501"
"chr1","4066628","4066738","chr5","111259155","111259269","26","107192527"
"chr1","4274886","4275187","chr5","55380182","55380490","47","51105296"
"chr1","4446266","4446371","chr6","135805211","135805318","22","131358945"
"chr1","4545340","4545649","chr14","76157685","76157986","61","71612345"
"chr1","4547698","4547984","chr2","4378379","4378657","62","169319"
"chr1","4624540","4624821","chr17","67593125","67593399","61","62968585"
"chr1","4710861","4710989","chr1","200858997","200859122","28","196148136"
"chr1","4745778","4746064","chrUn_GL286373","2039558","2039846","40","2706220"
"chr1","4748366","4748666","chr5","84579370","84579672","47","79831004"
"chr1","4748968","4749231","chr7","36226596","36226874","53","31477628"
"chr1","4750779","4750835","chr1","141013910","141013962","10","136263131"
"chr1","4752920","4753192","chr7","36229279","36229553","63","31476359"
"chr1","4804961","4805130","chr5","133811119","133811288","32","129006158"
"chr1","4820461","4820765","chr15","64739618","64739920","54","59919157"
"chr1","4895529","4895829","chr7","36373658","36373955","51","31478129"
"chr1","5012753","5012869","chr20","10493105","10493221","22","5480352"
"chr1","5016488","5016814","chr2","71331505","71331809","63","66315017"
"chr1","5161299","5161605","chr7","36624537","36624830","44","31463238"
"chr1","5222864","5223161","chr2","203225383","203225677","48","198002519"
"chr1","5247638","5247741","chr7","36712234","36712346","24","31464596"
"chr1","5325047","5325194","chr22","38816936","38817091","24","33491889"
"chr1","5527032","5527298","chr9","12545066","12545333","48","7018034"
"chr1","5577221","5577531","chr5","73075939","73076252","44","67498718"
"chr1","5596610","5596838","chr16","69412490","69412730","55","63815880"
"chr1","5838771","5838942","chr2","131597618","131597785","33","125758847"
"chr1","6330492","6330794","chr10","48321055","48321354","60","41990563"
"chr1","6716499","6716808","chr19","31863283","31863592","50","25146784"
"chr1","6796636","6796930","chrX","92800328","92800623","41","86003692"
"chr1","6823334","6823635","chr5","65296228","65296517","58","58472894"
"chr1","6838359","6838646","chr2","164683323","164683607","56","157844964"
"chr1","6856451","6856655","chr1","201578178","201578378","39","194721727"
"chr1","6856882","6857201","chr1","10349654","10349962","57","3492772"
"chr1","6873638","6873916","chr9","1930053","1930325","62","4943585"
"chr1","6913925","6914230","chr1","72245795","72246099","50","65331870"
"chr1","7586647","7586949","chr11","116346925","116347227","40","108760278"
"chr1","7618123","7618214","chr5","1759512","1759601","12","5858611"
"chr1","7858472","7858570","chr4","110642008","110642097","16","102783536"
"chr1","8007777","8008080","chr11","116346925","116347227","48","108339148"
"chr1","8010435","8010745","chr7","20593863","20594174","48","12583428"
"chr1","8176360","8176510","chr7","39681883","39682028","20","31505523"
"chr1","8454366","8454663","chr2","1572464","1572757","45","6881902"
"chr1","8474280","8474580","chr17","28540483","28540776","42","20066203"
"chr1","8505318","8505651","chr3","12353223","12353535","80","3847905"
"chr1","8532693","8532868","chr12","5384445","5384623","32","3148248"
"chr1","8606412","8606696","chr3","74904577","74904866","51","66298165"
"chr1","8618082","8618177","chr4","110642008","110642097","19","102023926"
"chr1","8618782","8618998","chr10","58355367","58355583","37","49736585"
"chr1","8724833","8725055","chr3","118812740","118812956","48","110087907"
"chr1","8806436","8806730","chr1","170771447","170771746","50","161965011"
"chr1","8806926","8807148","chr1","151318710","151318940","41","142511784"
"chr1","8817987","8818274","chr7","40322611","40322878","49","31504624"
"chr1","8893050","8893285","chr2","55396252","55396483","45","46503202"
"chr1","8896916","8897211","chrX","106785435","106785739","63","97888519"
"chr1","9032126","9032368","chr11","104024167","104024403","58","94992041"
"chr1","9047306","9047416","chr2","171604505","171604622","18","162557199"
"chr1","9060246","9060400","chr7","40592638","40592798","20","31532392"
"chr1","9072708","9072863","chr1","164720550","164720706","30","155647842"
"chr1","9072961","9073229","chr21","49937596","49937866","51","40864635"
"chr1","9127914","9128205","chr7","40664123","40664419","39","31536209"
"chr1","9169799","9170099","chr2","164878629","164878927","42","155708830"
"chr1","9187046","9187328","chrX","121377455","121377738","46","112190409"
"chr1","9225119","9225408","chr4","2783025","2783308","73","6442094"
"chr1","9336877","9337179","chr19","33016337","33016633","60","23679460"
"chr1","9387223","9387532","chr9","91473040","91473349","48","82085817"
"chr1","9390957","9391261","chr1","13807754","13808053","54","4416797"
"chr1","9403737","9403903","chr6","114762508","114762668","33","105358771"
"chr1","9446936","9447116","chr10","74440982","74441174","52","64994046"
"chr1","9491283","9491606","chr17","38406601","38406937","70","28915318"
"chr1","9569914","9570215","chr2","147728720","147729015","41","138158806"
"chr1","9613880","9613989","chr6","111464143","111464250","19","101850263"
"chr1","9614980","9615051","chr5","92528200","92528272","11","82913220"
"chr1","9631408","9631707","chr10","94235006","94235309","44","84603598"
"chr1","9634806","9635095","chr16","17804112","17804403","40","8169306"
"chr1","9641333","9641607","chr6","137947719","137947993","44","128306386"
"chr1","9643130","9643439","chr2","2402526","2402827","63","7240604"
"chr1","9645202","9645507","chr2","36478057","36478360","50","26832855"
"chr1","9715692","9715827","chr2","193530196","193530332","19","183814504"
"chr1","9715828","9716130","chr17","25584681","25584984","47","15868853"
"chr1","9733052","9733129","chr7","41281630","41281715","16","31548578"
"chr1","9747534","9747767","chr11","123846108","123846335","44","114098574"
"chr1","9858749","9859058","chr1","181225709","181226017","57","171366960"
"chr1","9880458","9880748","chr22","35858140","35858429","51","25977682"
"chr1","9944057","9944356","chr14","83083786","83084089","41","73139729"
"chr1","9948170","9948471","chr15","72516887","72517186","42","62568717"
"chr1","10078754","10079031","chr8","110543944","110544225","48","100465190"
"chr1","10188437","10188743","chr14","915738","916038","41","9272699"
"chr1","10395381","10395686","chrX","45685678","45685985","45","35290297"
"chr1","10509977","10510112","chr2","193530196","193530332","15","183020219"
"chr1","10531325","10531634","chr10","14690438","14690745","44","4159113"
"chr1","10554539","10554846","chr7","42141500","42141802","44","31586961"
"chr1","10609903","10610203","chr2","150624041","150624344","44","140014138"
"chr1","10648196","10648505","chr6","157953621","157953924","54","147305425"
"chr1","10680823","10680908","chr2","69904633","69904724","18","59223810"
"chr1","10701723","10701814","chr6","67423569","67423660","14","56721846"
"chr1","10706090","10706383","chr19","15585463","15585749","51","4879373"
"chr1","10752493","10752796","chr6","118600755","118601054","42","107848262"
"chr1","10758191","10758493","chr7","70375823","70376126","40","59617632"
"chr1","10798369","10798675","chr9","101210178","101210488","49","90411809"
"chr1","10826259","10826564","chr2","71331505","71331809","42","60505246"
"chr1","10834758","10834826","chr20","38680785","38680852","15","27846027"
"chr1","10869998","10870282","chr1","78612537","78612820","46","67742539"
"chr1","10879264","10879576","chr7","42481744","42482055","40","31602480"
"chr1","10903768","10904060","chr1","156644747","156645035","43","145740979"
"chr1","10906480","10906777","chr8","29283402","29283703","44","18376922"
"chr1","10931156","10931462","chr5","55380182","55380490","46","44449026"
"chr1","10940042","10940323","chr7","155162191","155162474","43","144222149"
"chr1","10957998","10958287","chrX","122140594","122140885","46","111182596"
"chr1","10972068","10972203","chr5","10559689","10559821","15","412379"
"chr1","10990776","10991076","chr4","161032062","161032360","45","150041286"
"chr1","11009047","11009161","chr1","138913829","138913943","23","127904782"
"chr1","11059869","11060159","chr4","158769812","158770108","43","147709943"
"chr1","11166258","11166376","chr22","7720527","7720646","18","3445731"
"chr1","11446083","11446396","chr11","28125301","28125613","52","16679218"
"chr1","11458395","11458692","chr9","40949830","40950127","51","29491435"
"chr1","11501945","11502247","chr11","82134409","82134707","50","70632464"
"chr1","11548328","11548641","chr9","101210178","101210488","49","89661850"
"chr1","11580345","11580640","chr7","43201755","43202068","59","31621410"
"chr1","11610037","11610317","chr12","27159992","27160249","61","15549955"
"chr1","11611000","11611132","chr5","75607764","75607900","24","63996764"
"chr1","11614187","11614466","chr6","7755539","7755830","56","3858648"
"chr1","11628701","11628925","chr2","164877080","164877295","34","153248379"
"chr1","11675285","11675583","chr12","108797245","108797536","46","97121960"
"chr1","11689103","11689411","chr3","117540807","117541109","44","105851704"
"chr1","11692398","11692696","chr12","17470462","17470756","48","5778064"
"chr1","11702371","11702659","chr5","94744931","94745213","47","83042560"
"chr1","11716717","11717013","chr7","43341622","43341919","67","31624905"
"chr1","11759918","11760194","chr14","81489642","81489927","43","69729724"
"chr1","11762663","11762930","chr7","78230765","78231034","59","66468102"
"chr1","11771676","11771985","chr3","117540807","117541109","49","105769131"
"chr1","11772332","11772617","chr22","40931823","40932110","44","29159491"
"chr1","11797292","11797589","chr7","43404845","43405145","37","31607553"
"chr1","11802423","11802724","chr7","43410099","43410387","46","31607676"
"chr1","11804735","11805011","chr3","49537351","49537638","48","37732616"
"chr1","11820689","11820987","chr22","15856407","15856702","43","4035718"
"chr1","11905386","11905687","chr7","43498684","43498985","43","31593298"
"chr1","11933677","11933987","chr5","78565303","78565608","54","66631626"
"chr1","11938856","11939158","chr2","203225383","203225677","45","191286527"
"chr1","11940149","11940188","chr22","48394712","48394751","4","36454563"
"chr1","11964952","11965249","chr7","43572958","43573258","36","31608006"
"chr1","12050066","12050350","chr3","19993966","19994253","48","7943900"
"chr1","12064249","12064555","chr7","43690454","43690753","52","31626205"
"chr1","12083982","12084272","chr5","10836382","10836675","48","1247600"
"chr1","12187941","12188075","chr1","86741299","86741434","17","74553358"
"chr1","12228020","12228369","chr5","30889070","30889394","75","18661050"
"chr1","12232073","12232370","chr7","33547338","33547635","46","21315265"
"chr1","12232841","12233158","chr5","55380182","55380490","50","43147341"
"chr1","12235413","12235726","chr1","193985439","193985750","46","181750026"
"chr1","12239125","12239435","chr2","153267314","153267618","49","141028189"
"chr1","12241678","12241997","chr13","36155844","36156159","49","23914166"
"chr1","12255315","12255624","chr5","92821007","92821303","57","80565692"
"chr1","12257583","12257678","chr11","111085623","111085716","12","98828040"
"chr1","12274693","12275017","chr7","43926197","43926500","67","31651504"
"chr1","12278575","12278882","chr22","32283805","32284102","53","20005230"
"chr1","12291895","12292191","chr18","4174068","4174357","52","8117827"
"chr1","12303011","12303319","chrX","63118288","63118597","55","50815277"
"chr1","12308590","12308717","chr16","7864285","7864412","22","4444305"
"chr1","12316527","12316816","chr7","43974733","43975010","45","31658206"
"chr1","12385229","12385538","chr2","6639751","6640061","56","5745478"
"chr1","12429557","12429852","chr7","44078451","44078737","55","31648894"
"chr1","12493143","12493423","chr1","197465921","197466196","52","184972778"
"chr1","12493825","12494132","chr12","37179701","37180010","48","24685876"
"chr1","12498371","12498695","chr15","82860407","82860726","64","70362036"
"chr1","12500763","12500815","chr8","109849064","109849117","7","97348301"
"chr1","12506115","12506395","chr7","26783708","26783988","63","14277593"
"chr1","12541118","12541295","chr1","26292789","26292968","29","13751671"
"chr1","12556400","12556538","chr12","19510211","19510345","23","6953811"
"chr1","12565452","12565756","chr5","116663888","116664187","46","104098436"
"chr1","12595988","12596279","chr10","117080076","117080365","44","104484088"
"chr1","12598977","12599271","chr6","5999163","5999451","49","6599814"
"chr1","12622770","12623064","chr13","39988031","39988324","42","27365261"
"chr1","12625718","12626033","chr7","70375823","70376126","44","57750105"
"chr1","12654793","12655089","chr1","138955688","138955983","45","126300895"
"chr1","12690259","12690525","chr4","156719556","156719801","53","144029297"
"chr1","12814326","12814611","chr4","131368692","131368982","45","118554366"
"chr1","12838007","12838268","chr18","27648623","27648880","49","14810616"
"chr1","12877316","12877484","chr22","6660273","6660438","32","6217043"
"chr1","12904160","12904470","chr5","124645645","124645952","55","111741485"
"chr1","12926930","12927140","chr5","63923740","63923943","37","50996810"
"chr1","12928527","12928785","chr1","168266231","168266495","47","155337704"
"chr1","12972052","12972350","chr3","139467381","139467679","49","126495329"
"chr1","12979250","12979536","chr3","152858583","152858869","42","139879333"
"chr1","13013578","13013883","chr3","152858583","152858869","59","139845005"
"chr1","13021286","13021550","chr5","47474799","47475078","57","34453513"
"chr1","13080804","13080960","chr15","34019212","34019369","25","20938408"
"chr1","13105004","13105298","chr1","140333436","140333732","45","127228432"
"chr1","13120045","13120356","chr8","106549657","106549965","51","93429612"
"chr1","13122426","13122695","chr9","112189128","112189403","59","99066702"
"chr1","13144488","13144757","chrX","47318963","47319226","97","34174475"
"chr1","13171637","13171950","chr11","28125301","28125613","57","14953664"
"chr1","13264266","13264572","chr7","70074333","70074637","47","56810067"
"chr1","13304387","13304689","chr7","70375823","70376126","47","57071436"
"chr1","13311590","13311887","chr5","139889919","139890213","42","126578329"
"chr1","13345684","13345990","chr2","150624041","150624344","48","137278357"
"chr1","13357789","13358093","chrX","16102878","16103172","44","2745089"
"chr1","13360129","13360333","chr21","40112156","40112354","41","26752027"
"chr1","13360592","13360869","chr7","45088771","45089050","33","31728179"
"chr1","13383529","13383835","chr12","102748139","102748432","52","89364610"
"chr1","13410443","13410658","chr4","145272959","145273171","41","131862516"
"chr1","13457002","13457172","chr5","110087575","110087742","30","96630573"
"chr1","13475926","13476180","chr17","68294099","68294334","71","54818173"
"chr1","13676642","13676940","chr3","107213898","107214190","47","93537256"
"chr1","13737240","13737551","chr3","16166834","16167134","74","2429594"
"chr1","13740730","13741035","chr4","126062982","126063287","50","112322252"
"chr1","13742103","13742400","chrX","17022911","17023204","47","3280808"
"chr1","13788336","13788609","chr10","41485100","41485371","43","27696764"
"chr1","13810941","13811250","chr6","75230350","75230656","39","61419409"
"chr1","13823113","13823402","chr4","111795287","111795580","41","97972174"
"chr1","13825645","13825953","chrUn_GL288815","12574","12885","43","13813071"
"chr1","13838049","13838346","chr7","45579346","45579646","34","31741297"
"chr1","13843777","13843864","chr16","50638532","50638619","12","36794755"
"chr1","13856893","13857210","chr7","45596357","45596667","54","31739464"
"chr1","13857580","13857836","chr5","122438480","122438746","52","108580900"
"chr1","13916421","13916634","chr11","110236340","110236562","52","96319919"
"chr1","13917923","13918136","chr11","110236340","110236562","51","96318417"
"chr1","13958232","13958328","chr18","9997828","9997924","15","3960404"
"chr1","14025584","14025860","chr2","44195696","44195969","61","30170112"
"chr1","14073146","14073427","chr11","37013646","37013928","56","22940500"
"chr1","14114832","14114913","chr14","75646065","75646147","11","61531233"
"chr1","14191919","14192218","chr2","203225383","203225677","59","189033464"
"chr1","14213046","14213339","chr7","45990787","45991079","36","31777741"
"chr1","14227217","14227524","chr6","75230350","75230656","45","61003133"
"chr1","14246955","14247243","chr5","47309745","47310037","46","33062790"
"chr1","14252453","14252768","chr1","135371826","135372122","58","121119373"
"chr1","14284611","14284904","chr7","27626090","27626385","48","13341479"
"chr1","14307513","14307810","chr4","98746325","98746622","48","84438812"
"chr1","14388822","14389110","chr19","44741139","44741431","54","30352317"
"chr1","14442904","14443182","chr5","100579447","100579721","41","86136543"
"chr1","14478781","14479078","chr3","47706366","47706660","44","33227585"
"chr1","14509358","14509639","chr11","109471609","109471895","56","94962251"
"chr1","14543157","14543329","chr15","61715136","61715301","24","47171979"
"chr1","14568042","14568177","chr2","31690766","31690900","14","17122724"
"chr1","14581183","14581266","chr2","154998913","154998997","27","140417730"
"chr1","14654761","14655047","chr13","95836072","95836367","48","81181311"
"chr1","14661868","14662162","chr9","105304532","105304827","41","90642664"
"chr1","14714020","14714300","chr7","148375370","148375652","45","133661350"
"chr1","14756707","14757014","chr8","108251316","108251622","51","93494609"
"chr1","14791469","14791769","chr5","116663888","116664187","49","101872419"
"chr1","14792882","14793192","chr7","20593863","20594174","45","5800981"
"chr1","14827755","14828060","chr7","46717689","46717990","45","31889934"
"chr1","14831896","14832160","chr13","41137422","41137679","57","26305526"
"chr1","14859513","14859811","chr1","13807754","13808053","43","1051759"
"chr1","14872527","14872579","chr16","17966411","17966461","7","3093884"
"chr1","14872821","14872909","chr12","90729903","90729986","17","75857082"
"chr1","14884070","14884380","chr5","90286504","90286812","56","75402434"
"chr1","14887951","14888238","chr1","185532534","185532830","48","170644583"
"chr1","14894604","14894915","chr5","124645645","124645952","48","109751041"
"chr1","14895390","14895696","chr7","46780329","46780625","53","31884939"
"chr1","14931026","14931304","chr7","46821625","46821894","45","31890599"
"chr1","14977108","14977265","chr13","97118599","97118757","27","82141491"
"chr1","15006089","15006369","chr4","158481330","158481605","46","143475241"
"chr1","15029758","15029890","chr1","205933415","205933532","26","190903657"
"chr1","15029991","15030192","chr13","54794246","54794432","38","39764255"
"chr1","15046124","15046271","chr1","90271435","90271588","30","75225311"
"chr1","15066392","15066666","chr19","23070469","23070750","66","8004077"
"chr1","15084081","15084367","chr15","5666115","5666400","45","9417966"
"chr1","15126207","15126496","chr8","91418355","91418645","69","76292148"
"chr1","15132562","15132696","chr2","8435393","8435522","18","6697169"
"chr1","15147687","15147987","chr2","203225383","203225677","48","188077696"
"chr1","15195916","15196169","chr20","11729288","11729543","40","3466628"
"chr1","15212546","15212634","chr5","1395300","1395386","13","13817246"
"chr1","15234338","15234589","chr4","44378054","44378304","47","29143716"
"chr1","15235172","15235476","chrX","121377455","121377738","65","106142283"
"chr1","15303051","15303171","chr9","108671454","108671572","19","93368403"
"chr1","15381471","15381685","chr3","178398687","178398894","38","163017216"
"chr1","15385265","15385503","chr7","47326761","47326981","53","31941496"
"chr1","15471446","15471721","chr10","32038854","32039122","51","16567408"
"chr1","15482406","15482705","chr14","81589453","81589747","43","66107047"
"chr1","15503110","15503175","chr14","76257349","76257422","20","60754239"
"chr1","15525395","15525704","chr11","28125301","28125613","47","12599906"
"chr1","15565120","15565425","chr10","88056547","88056856","56","72491427"
"chr1","15621530","15621836","chr2","147728720","147729015","44","132107190"
"chr1","15674052","15674178","chr11","119816412","119816540","25","104142360"
"chr1","15695369","15695470","chr22","16507435","16507537","16","812066"
"chr1","15704639","15704775","chr8","117844476","117844611","37","102139837"
"chr1","15717336","15717495","chr14","97864134","97864292","29","82146798"
"chr1","15751377","15751503","chr11","119816412","119816540","29","104065035"
"chr1","15782472","15782765","chr10","122635031","122635313","70","106852559"
"chr1","15791397","15791690","chr9","85651409","85651690","63","69860012"
"chr1","15805516","15805645","chr6","47103190","47103319","25","31297674"
"chr1","15834411","15834704","chr9","107699071","107699366","52","91864660"
"chr1","15835164","15835299","chr3","173741334","173741474","34","157906170"
"chr1","15868743","15869045","chr6","121802757","121803058","49","105934014"
"chr1","15903094","15903411","chr11","66042661","66042971","51","50139567"
"chr1","15921085","15921234","chr4","151688544","151688693","34","135767459"
"chr1","15933448","15933729","chr3","188235049","188235330","46","172301601"
"chr1","15953760","15954070","chr4","5114628","5114934","47","10839132"
"chr1","16025403","16025718","chr17","70899198","70899506","53","54873795"
"chr1","16028805","16029106","chr7","33547338","33547635","48","17518533"
"chr1","16054933","16055192","chr7","47828375","47828628","46","31773442"
"chr1","16055896","16056170","chr22","17710178","17710452","38","1654282"
"chr1","16100111","16100407","chr5","38961993","38962289","42","22861882"
"chr1","16381944","16382041","chr2","15984857","15984951","16","397087"
"chr1","16584041","16584318","chr6","132408951","132409222","45","115824910"
"chr1","16627049","16627333","chr12","107125942","107126232","45","90498893"
"chr1","16832549","16832843","chr7","48647299","48647590","41","31814750"
"chr1","16840170","16840463","chr2","203225383","203225677","48","186385213"
"chr1","16887752","16888052","chr5","3057174","3057476","41","13830578"
"chr1","16986735","16987023","chr4","21633866","21634152","57","4647131"
"chr1","17051239","17051544","chr9","45325979","45326278","51","28274740"
"chr1","17093789","17094107","chr16","70583287","70583610","71","53489498"
"chr1","17096445","17096734","chr4","8654882","8655171","48","8441563"
"chr1","17125210","17125475","chr5","72712443","72712712","45","55587233"
"chr1","17129579","17129869","chr7","48973045","48973333","38","31843466"
"chr1","17237684","17237976","chr7","87384353","87384653","47","70146669"
"chr1","17274564","17274846","chr3","188235049","188235330","46","170960485"
"chr1","17385406","17385708","chr1","155648769","155649066","46","138263363"
"chr1","17419152","17419467","chr1","199360645","199360948","64","181941493"
"chr1","17435480","17435788","chr12","51888773","51889064","47","34453293"
"chr1","17445865","17446167","chr7","49299028","49299334","53","31853163"
"chr1","17452921","17453232","chr9","101210178","101210488","42","83757257"
"chr1","17469134","17469365","chr7","49328017","49328262","45","31858883"
"chr1","17545050","17545360","chr5","142877110","142877402","62","125332060"
"chr1","17571345","17571653","chr7","49445771","49446069","52","31874426"
"chr1","17589797","17590092","chr20","28221270","28221568","37","10631473"
"chr1","17593908","17593991","chr7","49469943","49470028","13","31876035"
"chr1","17655369","17655656","chr20","43097513","43097806","49","25442144"
"chr1","17689224","17689509","chr1","183161311","183161589","51","165472087"
"chr1","17714419","17714711","chr2","74473045","74473331","39","56758626"
"chr1","17719438","17719718","chr8","110543944","110544225","46","92824506"
"chr1","17730416","17730699","chr1","168510460","168510747","46","150780044"
"chr1","17815801","17816093","chr18","23320616","23320910","55","5504815"
"chr1","17965473","17965512","chr14","44246706","44246744","4","26281233"
"chr1","18046604","18046883","chr2","9363059","9363338","47","8683545"
"chr1","18050389","18050686","chr22","15171458","15171763","52","2878931"
"chr1","18123397","18123656","chr14","44989170","44989451","62","26865773"
"chr1","18128626","18128789","chr11","18243796","18243968","34","115170"
"chr1","18203714","18203987","chr14","33929525","33929816","58","15725811"
"chr1","18205616","18205778","chr17","69504591","69504747","25","51298975"
"chr1","18213285","18213342","chr7","54819198","54819253","6","36605913"
"chr1","18231697","18231995","chr7","120468697","120468997","47","102237000"
"chr1","18233484","18233608","chr3","166034266","166034390","21","147800782"
"chr1","18240614","18240912","chrX","10737832","10738131","53","7502782"
"chr1","18242755","18243046","chr9","108679597","108679892","46","90436842"
"chr1","18292054","18292353","chr22","32283805","32284102","51","13991751"
"chr1","18305697","18305743","chrX","134988207","134988249","5","116682510"
"chr1","18314132","18314429","chr18","25094514","25094815","51","6780382"
"chr1","18333762","18334049","chr5","86768130","86768415","53","68434368"
"chr1","18341971","18342255","chr4","162552144","162552433","52","144210173"
"chr1","18351068","18351329","chr12","27159992","27160249","47","8808924"
"chr1","18359502","18359794","chr2","73704522","73704812","52","55345020"
"chr1","18377882","18378174","chr13","8793439","8793726","47","9584443"
"chr1","18411661","18411966","chr9","105072042","105072344","43","86660381"
"chr1","18443629","18443767","chr5","78288715","78288844","26","59845086"
"chr1","18540120","18540417","chr1","13807754","13808053","44","4732366"
"chr1","18546174","18546485","chr9","92955669","92955979","43","74409495"
"chr1","18552297","18552598","chr6","100890742","100891034","88","82338445"
"chr1","18603283","18603585","chr1","168255466","168255766","43","149652183"
"chr1","18655925","18656087","chr10","128506483","128506646","25","109850558"
"chr1","18657992","18658107","chr8","74203698","74203811","13","55545706"
"chr1","18718206","18718452","chr7","46460788","46461020","51","27742582"
"chr1","18726669","18726798","chr1","153168904","153169025","37","134442235"
"chr1","18743903","18744196","chr7","50593687","50593978","37","31849784"
"chr1","18761240","18761444","chr22","28693340","28693557","54","9932100"
"chr1","18855847","18855977","chr4","105092054","105092179","19","86236207"
"chr1","18867517","18867824","chr7","50717111","50717413","39","31849594"
"chr1","18875688","18875991","chr22","36123622","36123916","53","17247934"
"chr1","18880503","18880788","chr7","12753030","12753324","59","6127473"
"chr1","18898723","18899025","chr7","50751866","50752174","45","31853143"
"chr1","19065684","19065888","chr5","11493230","11493405","65","7572454"
"chr1","19239934","19240235","chr2","71331505","71331809","48","52091571"
"chr1","19312757","19313055","chr1","77745311","77745604","41","58432554"
"chr1","19318796","19318929","chr22","6631671","6631806","19","12687125"
"chr1","19348007","19348285","chr17","73956493","73956773","47","54608486"
"chr1","19357242","19357543","chr5","2451618","2451896","71","16905624"
"chr1","19377720","19378026","chr2","150624041","150624344","45","131246321"
"chr1","19394757","19395066","chr7","61014196","61014501","49","41619439"
"chr1","19413931","19414272","chr2","105168087","105168422","62","85754156"
"chr1","19474209","19474505","chr7","51078343","51078633","38","31604134"
"chr1","19594910","19595008","chr7","30443001","30443098","15","10848091"
"chr1","19604989","19605301","chr10","90264202","90264508","55","70659213"
"chr1","19646727","19647028","chr7","51259159","51259468","53","31612432"
"chr1","19675342","19675635","chr1","41416563","41416857","54","21741221"
"chr1","19718230","19718522","chr5","80121277","80121568","63","60403047"
"chr1","19735593","19735817","chr15","27638218","27638435","39","7902625"
"chr1","19770646","19770932","chr1","200709667","200709948","62","180939021"
"chr1","19786132","19786346","chr11","95628544","95628735","53","75842412"
"chr1","19793610","19793737","chrX","7849293","7849421","15","11944317"
"chr1","19800562","19800860","chr13","9864047","9864342","42","9936515"
"chr1","19813740","19814041","chr7","51433635","51433940","42","31619895"
"chr1","19814973","19815274","chr5","54889537","54889841","51","35074564"
"chr1","19896778","19897087","chr17","62830726","62831031","46","42933948"
"chr1","20005204","20005474","chr5","107761416","107761690","46","87756212"
"chr1","20077357","20077671","chr7","70375823","70376126","59","50298466"
"chr1","20255057","20255363","chr5","59461001","59461310","50","39205944"
"chr1","20265040","20265361","chr12","78334228","78334543","55","58069188"
"chr1","20331057","20331390","chr18","10098255","10098564","67","10232802"
"chr1","20347065","20347357","chr1","157027757","157028045","60","136680692"
"chr1","20414849","20415140","chr6","119011301","119011592","43","98596452"
"chr1","20738375","20738676","chr7","52414384","52414666","49","31676009"
"chr1","20845380","20845484","chr16","64684736","64684840","13","43839356"
"chr1","20959679","20959966","chr2","136541690","136541970","43","115582011"
"chr1","21034276","21034574","chr1","77761553","77761848","51","56727277"
"chr1","21207123","21207440","chr14","6471804","6472122","55","14735319"
"chr1","21252518","21252791","chr6","140462348","140462619","63","119209830"
"chr1","21256143","21256441","chrX","14757652","14757955","48","6498491"
"chr1","21320901","21321121","chr11","127485095","127485317","40","106164194"
"chr1","21330626","21330901","chr2","136541690","136541970","44","115211064"
"chr1","21346836","21347121","chr7","53054848","53055119","45","31708012"
"chr1","21433389","21433693","chr9","45325979","45326278","46","23892590"
"chr1","21481224","21481499","chr7","79581052","79581317","69","58099828"
"chr1","21491897","21492199","chr13","58300490","58300790","61","36808593"
"chr1","21562405","21562565","chr6","114762508","114762668","28","93200103"
"chr1","21568762","21569057","chr14","915738","916038","44","20653024"
"chr1","21569706","21569857","chr7","64245318","64245469","30","42675612"
"chr1","21583247","21583540","chr7","53303164","53303467","42","31719917"
"chr1","21630517","21630815","chr6","5707220","5707518","51","15923297"
"chr1","21676469","21676760","chr14","6046178","6046471","49","15630291"
"chr1","21689364","21689660","chr19","985689","985983","42","20703675"
"chr1","21718550","21718851","chr10","98968205","98968502","55","77249655"
"chr1","21729606","21729909","chr2","17996148","17996446","59","3733458"
"chr1","21746382","21746690","chr7","53471205","53471499","44","31724823"
"chr1","21752860","21753156","chr19","33857908","33858196","50","12105048"
"chr1","21832063","21832250","chr9","30592969","30593152","30","8760906"
"chr1","21867195","21867498","chr5","37902121","37902416","47","16034926"
"chr1","21868470","21868701","chr5","42507631","42507858","47","20639161"
"chr1","21876311","21876620","chr22","23684908","23685213","55","1808597"
"chr1","21895438","21895739","chr1","168255466","168255766","50","146360028"
"chr1","21905459","21905572","chr3","72030386","72030497","22","50124927"
"chr1","21975374","21975675","chr8","115903141","115903445","44","93927767"
"chr1","21996615","21996900","chr3","83968747","83969029","50","61972132"
"chr1","22003195","22003490","chr7","53725137","53725436","43","31721942"
"chr1","22018708","22018998","chr4","71933212","71933503","42","49914504"
"chr1","22072689","22072993","chr16","92084445","92084750","44","70011756"
"chr1","22083950","22084259","chr10","94235006","94235309","43","72151056"
"chr1","22126486","22126539","chr7","138590282","138590335","12","116463796"
"chr1","22157477","22157765","chr7","53872145","53872433","38","31714668"
"chr1","22243862","22244147","chr10","34861246","34861535","64","12617384"
"chr1","22307967","22308281","chr21","14929420","14929722","51","7378547"
"chr1","22422056","22422370","chr2","39815620","39815927","53","17393564"
"chr1","22482613","22482752","chr7","54200524","54200656","21","31717911"
"chr1","22628148","22628459","chr7","54341765","54342071","48","31713617"
"chr1","22629376","22629554","chr20","3785470","3785644","28","18843906"
"chr1","22741895","22742183","chr21","44694630","44694929","53","21952735"
"chr1","22805123","22805417","chr4","137455427","137455719","39","114650304"
"chr1","22809775","22810020","chr9","54287512","54287742","47","31477737"
"chr1","22843021","22843318","chr9","85675690","85675984","42","62832669"
"chr1","22864228","22864530","chr15","38910043","38910338","43","16045815"
"chr1","22876966","22877272","chr14","69866837","69867141","48","46989871"
"chr1","22886621","22886915","chr2","9038123","9038416","41","13848498"
"chr1","22930644","22930948","chr7","54658790","54659088","48","31728146"
"chr1","22947141","22947445","chrX","117877413","117877714","46","94930272"
"chr1","22952183","22952477","chr5","150054821","150055118","41","127102638"
"chr1","22962962","22963150","chr12","18349416","18349582","40","4613546"
"chr1","22973954","22974118","chr2","176189669","176189829","37","153215715"
"chr1","22991052","22991347","chr4","54370195","54370493","52","31379143"
"chr1","23054776","23055090","chrX","107561323","107561629","63","84506547"
"chr1","23069609","23069651","chr1","77402005","77402050","5","54332396"
"chr1","23106291","23106582","chr4","111795287","111795580","44","88688996"
"chr1","23170657","23170830","chr7","54890927","54891096","26","31720270"
"chr1","23179177","23179477","chr2","150624041","150624344","55","127444864"
"chr1","23188969","23189326","chr13","36820732","36821094","85","13631763"
"chr1","23211119","23211166","chr1","42299292","42299340","5","19088173"
"chr1","23270826","23270985","chr20","22935705","22935869","29","335121"
"chr1","23272498","23272792","chr3","173712450","173712748","50","150439952"
"chr1","23273206","23273509","chr9","120468304","120468608","54","97195098"
"chr1","23291925","23292232","chr7","88697458","88697764","49","65405533"
"chr1","23321893","23322202","chr5","55380182","55380490","58","32058289"
"chr1","23326225","23326520","chr7","55052327","55052610","48","31726102"
"chr1","23393969","23394291","chr7","55123206","55123533","49","31729237"
"chr1","23398885","23399191","chr15","37932298","37932608","62","14533413"
"chr1","23404010","23404317","chr9","99956407","99956710","46","76552397"
"chr1","23409720","23410010","chr17","68632450","68632743","52","45222730"
"chr1","23415230","23415529","chr14","915738","916038","44","22499492"
"chr1","23431263","23431560","chr14","37059682","37059984","45","13628419"
"chr1","23432182","23432479","chr2","17996148","17996446","42","5436034"
"chr1","23445376","23445639","chr22","38729464","38729728","53","15284088"
"chr1","23535133","23535318","chr15","49310351","49310524","35","25775218"
"chr1","23540245","23540550","chr16","96434332","96434644","52","72894087"
"chr1","23541564","23541857","chr14","63673129","63673414","63","40131565"
"chr1","23564968","23565250","chr3","152914930","152915206","52","129349962"
"chr1","23585971","23586260","chr7","55324187","55324474","43","31738216"
"chr1","23601617","23601924","chr5","55380182","55380490","46","31778565"
"chr1","23639204","23639512","chr14","77613723","77614028","44","53974519"
"chr1","23645886","23646187","chr2","146982644","146982948","51","123336758"
"chr1","23689557","23689838","chr3","19993966","19994253","46","3695591"
"chr1","23696319","23696621","chr3","71082107","71082409","53","47385788"
"chr1","23700524","23700824","chr7","55451290","55451583","36","31750766"
"chr1","23710069","23710364","chr17","28540483","28540776","42","4830414"
"chr1","23757710","23758020","chr6","21930692","21931000","43","1827018"
"chr1","23912744","23913023","chr12","15538273","15538557","53","8374471"
"chr1","23955486","23955776","chr7","55709186","55709475","39","31753700"
"chr1","23968699","23968941","chr9","123778317","123778575","55","99809618"
"chr1","23971205","23971506","chr14","69866837","69867141","51","45895632"
"chr1","23975821","23976099","chr10","17231552","17231845","62","6744269"
"chr1","23984439","23984754","chrX","39183726","39184034","51","15199287"
"chr1","23986316","23986513","chr4","110568945","110569144","43","86582629"
"chr1","23988646","23988932","chr7","55740717","55741014","50","31752071"
"chr1","23994945","23995232","chr2","142503758","142504043","46","118508813"
"chr1","23996010","23996066","chr2","97655048","97655103","6","73659038"
"chr1","23997837","23998111","chr7","55750181","55750461","55","31752344"
"chr1","23999905","24000000","chr4","110642008","110642097","15","86642103"
"chr1","24000090","24000366","chr1","197465921","197466196","55","173465831"
"chr1","24006424","24006700","chr7","111660023","111660317","57","87653599"
"chr1","24015991","24016123","chr7","66734767","66734894","38","42718776"
"chr1","24028150","24028467","chr2","71331505","71331809","58","47303355"
"chr1","24033657","24033926","chr7","55792347","55792607","39","31758690"
"chr1","24036566","24036637","chr10","118870992","118871065","12","94834426"
"chr1","24069179","24069479","chrX","17705039","17705341","41","6364140"
"chr1","24156569","24156851","chr2","47381389","47381672","54","23224820"
"chr1","24200869","24201135","chr5","43880905","43881176","53","19680036"
"chr1","24231315","24231620","chr2","150624041","150624344","49","126392726"
"chr1","24246932","24247238","chr2","39815620","39815927","55","15568688"
"chr1","24273701","24273997","chr17","28540483","28540776","43","4266782"
"chr1","24279961","24280264","chr6","24818409","24818717","63","538448"
"chr1","24367702","24367845","chr14","71349893","71350037","17","46982191"
"chr1","24404737","24405031","chr11","97213328","97213619","42","72808591"
"chr1","24407152","24407388","chrX","44437368","44437597","47","20030216"
"chr1","24506635","24506730","chr1","183899784","183899875","14","159393149"
"chr1","24514646","24514952","chr7","56296910","56297210","42","31782264"
"chr1","24567250","24567521","chr7","56348206","56348456","46","31780956"
"chr1","24584287","24584412","chr13","26959004","26959129","24","2374717"
"chr1","24642984","24643027","chr1","170703737","170703784","4","146060753"
"chr1","24686356","24686641","chr7","56469861","56470153","37","31783505"
"chr1","24717923","24718237","chr14","33326154","33326465","51","8608231"
"chr1","24752070","24752348","chr14","61568989","61569280","53","36816919"
"chr1","24757009","24757143","chr7","56548279","56548415","19","31791270"
"chr1","24895295","24895593","chr5","80121277","80121568","55","55225982"
"chr1","24899018","24899092","chr18","5184990","5185068","16","19714028"
"chr1","24899351","24899585","chr7","97862655","97862882","46","72963304"
"chr1","24928648","24928968","chr5","87012388","87012678","86","62083740"
"chr1","24949875","24950183","chr7","56742694","56743000","43","31792819"
"chr1","24972192","24972497","chr2","146982644","146982948","45","122010452"
"chr1","24976360","24976659","chr7","56770564","56770861","40","31794204"
"chr1","24983969","24984240","chr1","147402149","147402405","61","122418180"
"chr1","25046886","25047205","chr10","20863520","20863828","58","4183366"
"chr1","25170876","25171183","chr6","140581095","140581398","50","115410219"
"chr1","25189366","25189670","chr7","57000270","57000577","51","31810904"
"chr1","25232951","25233263","chr10","100757276","100757573","59","75524325"
"chr1","25381586","25381902","chr2","146982644","146982948","59","121601058"
"chr1","25434347","25434638","chr7","57241565","57241860","47","31807218"
"chr1","25445094","25445270","chr7","57252032","57252198","31","31806938"
"chr1","25452111","25452404","chr7","70375823","70376126","56","44923712"
"chr1","25459922","25460202","chr10","100408257","100408540","46","74948335"
"chr1","25463132","25463318","chr7","30361938","30362106","44","4898806"
"chr1","25467631","25467740","chr7","57282480","57282589","18","31814849"
"chr1","25476563","25476801","chr9","35386809","35387038","57","9910246"
"chr1","25484045","25484333","chr11","65700168","65700463","49","40216123"
"chr1","25560604","25560893","chr12","108797245","108797536","57","83236641"
"chr1","25567277","25567576","chr7","87384353","87384653","50","61817076"
"chr1","25586834","25587119","chr6","122357242","122357529","47","96770408"
"chr1","25592085","25592342","chr20","11729288","11729543","41","13862797"
"chr1","25615005","25615316","chr7","57421841","57422149","45","31806836"
"chr1","25625726","25626035","chr2","36478057","36478360","51","10852331"
"chr1","25651744","25652042","chr7","57457343","57457639","32","31805599"
"chr1","25692481","25692631","chr3","31102049","31102196","26","5409568"
"chr1","25708420","25708721","chr7","130411963","130412259","54","104703543"
"chr1","25714648","25714959","chr9","122689798","122690105","49","96975150"
"chr1","25727963","25728257","chrX","18432136","18432433","49","7295827"
"chr1","25750195","25750499","chr2","79118437","79118740","52","53368242"
"chr1","25755584","25755634","chr4","44844890","44844942","7","19089306"
"chr1","25846635","25846933","chr14","74681011","74681306","44","48834376"
"chr1","25886768","25886967","chr4","159240199","159240394","38","133353431"
"chr1","25902239","25902528","chr1","77745311","77745604","48","51843072"
"chr1","25952264","25952541","chrX","51282480","51282768","44","25330216"
"chr1","25952550","25952579","chr7","19146088","19146122","14","6806462"
"chr1","25971151","25971448","chr1","156829227","156829517","49","130858076"
"chr1","25978281","25978311","chr6","148311411","148311443","8","122333130"
"chr1","25997365","25997631","chr7","57810562","57810822","34","31813197"
"chr1","26035909","26036197","chr1","85583178","85583464","68","59547269"
"chr1","26065990","26066283","chr12","106749211","106749501","43","80683221"
"chr1","26079240","26079538","chr7","57873914","57874218","32","31794674"
"chr1","26098595","26098806","chr3","178398687","178398894","34","152300092"
"chr1","26101868","26102037","chr1","91631110","91631283","30","65529242"
"chr1","26104796","26105099","chr2","146982644","146982948","41","120877848"
"chr1","26137961","26138259","chrX","18432136","18432433","41","7705825"
"chr1","26221917","26222058","chr21","35676365","35676504","21","9454448"
"chr1","26351694","26351798","chr11","51740038","51740140","19","25388344"
"chr1","26387882","26388193","chr9","53722159","53722423","85","27334277"
"chr1","26424816","26425115","chr8","30513471","30513774","53","4088655"
"chr1","26460751","26461053","chr7","58235256","58235549","45","31774505"
"chr1","26468447","26468730","chr11","118091417","118091705","50","91622970"
"chr1","26471088","26471393","chr5","2193404","2193714","49","24277684"
"chr1","26477118","26477171","chr1","141013910","141013962","8","114536792"
"chr1","26478748","26479045","chr2","17996148","17996446","39","8482600"
"chr1","26501415","26501662","chr5","887049","887297","49","25614366"
"chr1","26600092","26600382","chrX","14834433","14834723","43","11765659"
"chr1","26689514","26689724","chr7","58471191","58471411","45","31781677"
"chr1","26757225","26757359","chr5","63243937","63244072","21","36486712"
"chr1","26812066","26812332","chr12","44569431","44569719","54","17757365"
"chr1","26859408","26859534","chr4","42732965","42733096","15","15873557"
"chr1","26864872","26865187","chr7","58676529","58676833","49","31811657"
"chr1","26866451","26866746","chr9","85600159","85600457","45","58733708"
"chr1","26883823","26884135","chr5","95128904","95129215","54","68245081"
"chr1","26896938","26897114","chr10","48552161","48552342","31","21655223"
"chr1","26916197","26916521","chr7","92221825","92222134","59","65305628"
"chr1","26919124","26919257","chr5","157861381","157861515","18","130942257"
"chr1","26920014","26920289","chr11","96168208","96168474","60","69248194"
"chr1","26954859","26954912","chr1","141013910","141013962","6","114059051"
"chr1","26955856","26956162","chr7","58765253","58765557","33","31809397"
"chr1","26957523","26957804","chr5","38250621","38250909","49","11293098"
"chr1","26990104","26990396","chr12","51888773","51889064","41","24898669"
"chr1","26998574","26998883","chr4","130442043","130442349","49","103443469"
"chr1","27064736","27065035","chrX","18432136","18432433","46","8632600"
"chr1","27090267","27090539","chr4","37326694","37326968","47","10236427"
"chr1","27227215","27227506","chr7","85080523","85080815","39","57853308"
"chr1","27230626","27230860","chr5","53720573","53720801","34","26489947"
"chr1","27345146","27345443","chr5","64266316","64266614","47","36921170"
"chr1","27446476","27446769","chr11","7572013","7572309","40","19874463"
"chr1","27452792","27453090","chr1","13807754","13808053","53","13645038"
"chr1","27468483","27468628","chrX","98083199","98083350","33","70614716"
"chr1","27472154","27472448","chr1","110260245","110260541","53","82788091"
"chr1","27489778","27490081","chr10","14690438","14690745","52","12799340"
"chr1","27490083","27490386","chr8","841978","842272","52","26648105"
"chr1","27509468","27509775","chrX","122519779","122520088","53","95010311"
"chr1","27532976","27533285","chr7","59382101","59382403","46","31849125"
"chr1","27551911","27552210","chr5","22343077","22343375","48","5208834"
"chr1","27626901","27627213","chr6","18648007","18648318","55","8978894"
"chr1","27627227","27627534","chr7","59480517","59480814","46","31853290"
"chr1","27692763","27693068","chr5","55380182","55380490","44","27687419"
"chr1","27781974","27782261","chr1","141613381","141613669","51","113831407"
"chr1","27788692","27788995","chr14","77613723","77614028","37","49825031"
"chr1","27795422","27795612","chr8","116235058","116235245","32","88439636"
"chr1","27801363","27801657","chr2","203225383","203225677","47","175424020"
"chr1","27888953","27889239","chr2","73704522","73704812","49","45815569"
"chr1","27899652","27899959","chr7","59746281","59746574","55","31846629"
"chr1","27899973","27900272","chr2","203225383","203225677","37","175325410"
"chr1","27933563","27933621","chr5","149531914","149531971","7","121598351"
"chr1","27933622","27933742","chr9","99830079","99830203","21","71896457"
"chr1","27985453","27985753","chr7","59836821","59837096","54","31851368"
"chr1","27987372","27987659","chr7","59838687","59838978","57","31851315"
"chr1","27987665","27987963","chr4","36896084","36896376","49","8908419"
"chr1","28078776","28079063","chr4","139259106","139259407","52","111180330"
"chr1","28098081","28098391","chr11","116346925","116347227","44","88248844"
"chr1","28122205","28122504","chr6","121802757","121803058","48","93680552"
"chr1","28173634","28173918","chr7","155162191","155162474","45","126988557"
"chr1","28184148","28184459","chr14","83083786","83084089","55","54899638"
"chr1","28229404","28229693","chr17","68632450","68632743","47","40403046"
"chr1","28263243","28263543","chr17","62830726","62831031","52","34567483"
"chr1","28310785","28310912","chr13","89519003","89519127","20","61208218"
"chr1","28335456","28335737","chr7","91403090","91403365","47","63067634"
"chr1","28342629","28342929","chr13","95836072","95836367","46","67493443"
"chr1","28380568","28380873","chr5","82250286","82250593","50","53869718"
"chr1","28391294","28391441","chr10","98917398","98917544","26","70526104"
"chr1","28392163","28392292","chr11","111074259","111074387","25","82682096"
"chr1","28502979","28503025","chr3","10610623","10610669","3","17892356"
"chr1","28505689","28505796","chr7","60376642","60376749","15","31870953"
"chr1","28598609","28598855","chr12","11865246","11865511","65","16733363"
"chr1","28625334","28625443","chr18","2736228","2736334","28","25889106"
"chr1","28663339","28663642","chr9","25525997","25526295","49","3137342"
"chr1","28681135","28681290","chr14","28700423","28700567","36","19288"
"chr1","28683229","28683530","chr19","12425591","12425876","65","16257638"
"chr1","28716442","28716744","chr5","136059619","136059920","44","107343177"
"chr1","28731629","28731938","chr7","60621750","60622056","52","31890121"
"chr1","28743403","28743707","chr7","60632755","60633069","46","31889352"
"chr1","28747771","28748082","chr7","60638380","60638687","37","31890609"
"chr1","28798306","28798414","chr4","77951499","77951608","21","49153193"
"chr1","28798803","28799078","chr6","157415305","157415589","55","128616502"
"chr1","28826832","28827120","chr5","80121277","80121568","47","51294445"
"chr1","28867632","28867765","chr1","86741299","86741434","27","57873667"
"chr1","28940776","28940918","chr1","151075825","151075965","26","122135049"
"chr1","28941382","28941526","chr15","77324580","77324722","23","48383198"
"chr1","28943274","28943542","chr1","168266231","168266495","64","139322957"
"chr1","28983135","28983439","chr7","88697458","88697764","48","59714323"
"chr1","28991125","28991416","chr7","60901950","60902222","42","31910825"
"chr1","29004318","29004428","chr1","206246927","206247036","19","177242609"
"chr1","29049422","29049699","chr4","31195106","31195401","48","2145684"
"chr1","29080406","29080458","chr21","20874884","20874941","14","8205522"
"chr1","29082960","29083215","chr7","60995571","60995801","48","31912611"
"chr1","29100566","29100855","chr12","107125942","107126232","39","78025376"
"chr1","29104336","29104635","chr7","61017841","61018139","38","31913505"
"chr1","29113638","29113834","chr10","6986977","6987177","43","22126661"
"chr1","29171486","29171589","chr5","121901639","121901739","13","92730153"
"chr1","29215845","29216143","chr14","60249507","60249808","48","31033662"
"chr1","29216366","29216476","chr10","29607139","29607243","22","390773"
"chr1","29228021","29228246","chr5","23263349","23263565","46","5964672"
"chr1","29265135","29265446","chr6","75230350","75230656","39","45965215"
"chr1","29362867","29363175","chr14","77613723","77614028","50","48250856"
"chr1","29384417","29384568","chr15","27660893","27661035","36","1723524"
"chr1","29395138","29395460","chr5","55380182","55380490","54","25985044"
"chr1","29404699","29404972","chr7","30323296","30323570","48","918597"
"chr1","29410248","29410527","chr11","66458205","66458480","53","37047957"
"chr1","29412535","29412841","chr21","44694630","44694929","54","15282095"
"chr1","29418576","29418885","chr9","101210178","101210488","45","71791602"
"chr1","29430737","29431030","chr1","13807754","13808053","55","15622983"
"chr1","29440954","29441255","chr7","61378510","61378797","48","31937556"
"chr1","29446876","29447188","chr2","146982644","146982948","55","117535768"
"chr1","29459888","29460141","chr7","61399783","61400038","37","31939895"
"chr1","29477773","29477874","chr9","45482992","45483094","18","16005219"
"chr1","29512855","29513150","chr5","104473083","104473378","40","74960228"
"chr1","29613264","29613563","chr5","116663888","116664187","44","87050624"
"chr1","29662322","29662538","chr10","27834176","27834398","39","1828146"
"chr1","29662986","29663205","chr10","27834176","27834398","36","1828810"
"chr1","29663779","29664023","chr5","5042006","5042244","43","24621773"
"chr1","29730865","29731155","chr8","27973324","27973613","46","1757541"
"chr1","29850314","29850618","chr2","146982644","146982948","47","117132330"
"chr1","29936825","29937098","chr21","49937596","49937866","48","20000771"
"chr1","29939209","29939517","chr5","91678600","91678912","40","61739391"
"chr1","29948085","29948276","chr10","74440982","74441174","37","44492897"
"chr1","29965282","29965559","chr7","58917227","58917519","56","28951945"
"chr1","29981388","29981696","chrX","14757652","14757955","43","15223736"
"chr1","30030349","30030479","chr10","35234240","35234372","24","5203891"
"chr1","30044272","30044572","chr2","203225383","203225677","46","173181111"
"chr1","30062289","30062574","chr7","61997326","61997615","50","31935037"
"chr1","30181839","30181953","chr5","134501335","134501449","18","104319496"
"chr1","30182213","30182518","chr6","75230350","75230656","43","45048137"
"chr1","30220165","30220462","chr17","28540483","28540776","42","1679682"
"chr1","30223648","30223962","chr7","62195233","62195532","43","31971585"
"chr1","30249444","30249733","chrX","17705039","17705341","55","12544405"
"chr1","30253011","30253293","chr12","98122650","98122929","45","67869639"
"chr1","30256158","30256454","chr9","111529757","111530048","51","81273599"
"chr1","30270476","30270765","chr7","62241411","62241707","54","31970935"
"chr1","30286004","30286169","chr7","82210501","82210665","24","51924497"
"chr1","30302452","30302715","chr14","70001550","70001831","57","39699098"
"chr1","30305198","30305489","chrX","85991242","85991544","46","55686044"
"chr1","30312768","30313068","chr7","62280622","62280924","48","31967854"
"chr1","30334269","30334359","chr21","40269561","40269638","28","9935292"
"chr1","30342814","30343109","chr2","67197269","67197565","40","36854455"
"chr1","30372603","30372934","chr7","62347469","62347816","67","31974866"
"chr1","30404606","30404862","chrX","98481154","98481424","61","68076548"
"chr1","30405277","30405412","chr2","3082007","3082140","23","27323270"
"chr1","30437399","30437549","chr20","42041370","42041520","25","11603971"
"chr1","30440796","30441091","chr22","38720655","38720951","48","8279859"
"chr1","30475568","30475870","chr6","48814191","48814491","46","18338623"
"chr1","30476007","30476229","chr11","127485095","127485317","37","97009088"
"chr1","30525374","30525677","chr19","27619331","27619631","43","2906043"
"chr1","30531596","30531910","chrX","64172412","64172721","53","33640816"
"chr1","30548175","30548486","chr9","107891243","107891541","68","77343068"
"chr1","30549071","30549365","chr9","25525997","25526295","36","5023074"
"chr1","30569930","30570260","chr5","55380182","55380490","68","24810252"
"chr1","30580039","30580291","chr7","62540927","62541174","26","31960888"
"chr1","30601141","30601268","chr16","44442384","44442512","22","13841243"
"chr1","30606020","30606307","chr9","69686292","69686586","47","39080272"
"chr1","30608565","30608812","chr5","123404244","123404496","46","92795679"
"chr1","30631103","30631396","chr7","62594011","62594299","41","31962908"
"chr1","30655296","30655608","chr5","113941851","113942164","48","83286555"
"chr1","30714012","30714316","chr16","19561365","19561669","52","11152647"
"chr1","30754246","30754548","chr7","62691526","62691820","57","31937280"
"chr1","30792759","30793096","chr21","43271965","43272296","68","12479206"
"chr1","30805273","30805573","chr9","99956407","99956710","43","69151134"
"chr1","30838481","30838554","chr10","118870992","118871065","8","88032511"
"chr1","30869670","30869888","chr5","69565033","69565255","43","38695363"
"chr1","30891216","30891309","chr4","110642008","110642097","14","79750792"
"chr1","30930014","30930308","chrUn_GL286373","1778209","1778504","58","29151805"
"chr1","30941985","30942053","chr1","180912692","180912762","13","149970707"
"chr1","31009351","31009436","chr1","53979528","53979614","12","22970177"
"chr1","31011281","31011583","chr4","54001400","54001704","53","22990119"
"chr1","31022761","31023000","chr7","62973735","62973974","51","31950974"
"chr1","31083191","31083475","chr12","36903935","36904218","47","5820744"
"chr1","31105886","31106181","chr2","66989134","66989436","55","35883248"
"chr1","31195174","31195461","chr9","46777958","46778230","65","15582784"
"chr1","31204806","31205109","chr1","94313628","94313939","50","63108822"
"chr1","31214149","31214432","chr12","106412353","106412635","50","75198204"
"chr1","31291468","31291762","chr5","80121277","80121568","46","48829809"
"chr1","31335707","31335927","chr14","2794925","2795146","47","28540782"
"chr1","31376656","31376760","chr3","21001103","21001203","10","10375553"
"chr1","31454725","31455026","chr6","139261526","139261826","57","107806801"
"chr1","31495225","31495529","chr7","70375823","70376126","49","38880598"
"chr1","31508592","31508879","chr3","105913251","105913548","43","74404659"
"chr1","31520354","31520656","chr7","33547338","33547635","43","2026984"
"chr1","31591631","31591940","chr10","90399593","90399894","46","58807962"
"chr1","31609623","31609665","chr1","96434147","96434190","5","64824524"
"chr1","31709496","31709555","chr7","91862590","91862650","14","60153094"
"chr1","32136332","32136440","chr9","53843591","53843703","20","21707259"
"chr1","32274607","32274768","chr7","64245318","64245469","23","31970711"
"chr1","32424647","32424939","chr7","77326917","77327209","52","44902270"
"chr1","32612495","32612774","chr1","136189460","136189722","50","103576965"
"chr1","32860118","32860362","chr8","93750596","93750840","41","60890478"
"chr1","32896155","32896465","chr7","64871263","64871559","43","31975108"
"chr1","33024594","33024890","chr3","6433821","6434120","45","26590773"
"chr1","33157081","33157253","chr13","58918027","58918195","37","25760946"
"chr1","33169205","33169495","chr6","45321525","45321811","45","12152320"
"chr1","33249977","33250281","chr12","82364304","82364606","57","49114327"
"chr1","33267746","33267956","chr2","21530661","21530876","36","11737085"
"chr1","33281479","33281766","chr9","91913169","91913469","53","58631690"
"chr1","33284590","33284902","chr2","10673170","10673480","51","22611420"
"chr1","33289632","33289942","chr6","140581095","140581398","49","107291463"
"chr1","33302432","33302547","chr9","120467837","120467949","23","87165405"
"chr1","33302548","33302834","chr5","141018625","141018907","50","107716077"
"chr1","33312824","33313123","chrX","14273412","14273702","53","19039412"
"chr1","33327817","33328097","chr1","154305845","154306127","52","120978028"
"chr1","33328201","33328486","chrX","57469642","57469927","55","24141441"
"chr1","33335038","33335102","chr22","45443566","45443621","16","12108528"
"chr1","33341298","33341427","chr8","87780059","87780191","21","54438761"
"chr1","33343990","33344147","chr13","36180089","36180243","32","2836099"
"chr1","33349285","33349597","chr10","21024965","21025274","50","12324320"
"chr1","33371675","33371974","chr7","65343327","65343625","34","31971652"
"chr1","33372549","33372841","chr2","10706398","10706685","50","22666151"
"chr1","33384090","33384317","chr5","38716996","38717227","37","5332906"
"chr1","33396411","33396693","chr1","148438931","148439211","44","115042520"
"chr1","33398736","33399021","chrX","57469642","57469927","56","24070906"
"chr1","33414649","33414709","chr6","44297359","44297414","10","10882710"
"chr1","33457585","33457875","chr7","22349140","22349431","43","11108445"
"chr1","33466838","33467128","chr4","71933212","71933503","42","38466374"
"chr1","33478913","33479138","chr3","84181800","84182014","56","50702887"
"chr1","33505379","33505690","chr2","71331505","71331809","46","37826126"
"chr1","33508394","33508686","chr2","15092836","15093130","51","18415558"
"chr1","33513659","33513936","chr7","65486589","65486862","41","31972930"
"chr1","33524380","33524689","chr7","65501399","65501705","50","31977019"
"chr1","33545661","33545975","chr5","55380182","55380490","53","21834521"
"chr1","33551359","33551641","chr19","15671795","15672082","53","17879564"
"chr1","33561344","33561636","chr7","11131113","11131407","52","22430231"
"chr1","33569476","33569799","chr10","21024965","21025274","56","12544511"
"chr1","33579679","33579950","chr1","84564019","84564288","54","50984340"
"chr1","33658898","33659037","chr1","204591414","204591558","24","170932516"
"chr1","33659109","33659421","chr7","65651956","65652263","51","31992847"
"chr1","33692831","33693138","chr1","152570018","152570318","46","118877187"
"chr1","33708292","33708587","chr1","77745311","77745604","47","44037019"
"chr1","33725339","33725634","chr7","46614511","46614801","48","12889172"
"chr1","33767193","33767503","chr2","1940205","1940517","49","31826988"
"chr1","33771886","33772196","chr7","65769958","65770260","42","31998072"
"chr1","33861407","33861494","chr7","65858174","65858264","8","31996767"
"chr1","34039153","34039333","chr13","95908488","95908662","35","61869335"
"chr1","34049605","34049905","chr11","20385409","20385702","53","13664196"
"chr1","34113474","34113695","chr5","73175265","73175483","40","39061791"
"chr1","34156273","34156542","chr5","8282348","8282619","51","25873925"
"chr1","34166249","34166552","chr2","71331505","71331809","56","37165256"
"chr1","34183312","34183625","chr9","101210178","101210488","53","67026866"
"chr1","34206933","34207179","chr9","38553376","38553641","54","4346443"
"chr1","34213741","34214034","chr1","152570018","152570318","47","118356277"
"chr1","34274838","34275128","chr12","107125942","107126232","45","72851104"
"chr1","34293867","34293918","chr3","143262170","143262221","7","108968303"
"chr1","34294041","34294112","chr5","130299397","130299467","14","96005356"
"chr1","34347562","34347833","chr1","183821302","183821570","60","149473740"
"chr1","34365822","34365918","chr2","52852279","52852375","18","18486457"
"chr1","34398810","34399100","chr7","130411963","130412259","51","96013153"
"chr1","34441361","34441646","chr16","93560681","93560971","61","59119320"
"chr1","34492739","34493052","chr7","19397030","19397335","52","15095709"
"chr1","34514317","34514597","chr7","66538406","66538700","58","32024089"
"chr1","34521718","34522011","chr8","96453388","96453680","47","61931670"
"chr1","34536987","34537275","chr7","66564486","66564771","56","32027499"
"chr1","34549225","34549508","chr6","135531665","135531946","50","100982440"
"chr1","34549656","34549947","chr7","66577820","66578104","35","32028164"
"chr1","34559296","34559601","chr2","203225383","203225677","56","168666087"
"chr1","34616907","34617205","chr22","5993474","5993770","46","28623433"
"chr1","34618417","34618543","chr2","10940368","10940494","19","23678049"
"chr1","34660399","34660633","chr10","11481314","11481561","50","23179085"
"chr1","34668112","34668441","chr5","1076646","1076956","70","33591466"
"chr1","34688935","34689236","chr18","9730583","9730887","53","24958352"
"chr1","34706348","34706656","chr10","20863520","20863828","49","13842828"
"chr1","34718146","34718409","chr18","27648623","27648880","55","7069523"
"chr1","34724348","34724638","chr7","66752568","66752849","46","32028220"
"chr1","34733562","34733778","chr4","73967607","73967816","39","39234045"
"chr1","34752412","34752720","chr14","32553436","32553738","43","2198976"
"chr1","34757523","34757696","chr6","14123285","14123433","60","20634238"
"chr1","34760495","34760555","chr15","4399381","4399437","7","30361114"
"chr1","34783430","34783739","chr5","73075939","73076252","55","38292509"
"chr1","34786141","34786436","chr2","126158378","126158673","45","91372237"
"chr1","34805747","34806050","chr7","66828993","66829287","49","32023246"
"chr1","34807492","34807805","chr11","83476981","83477292","59","48669489"
"chr1","34817905","34818202","chr8","105687092","105687385","44","70869187"
"chr1","34823235","34823515","chr11","74173885","74174163","46","39350650"
"chr1","34867031","34867183","chr8","97198049","97198191","28","62331018"
"chr1","34880419","34880535","chr7","66901877","66901991","14","32021458"
"chr1","34921467","34921529","chr7","71879017","71879077","9","36957550"
"chr1","35040619","35040927","chr5","1076646","1076956","54","33963973"
"chr1","35042962","35043262","chr7","67056377","67056671","49","32013415"
"chr1","35052932","35053262","chr7","67065400","67065719","56","32012468"
"chr1","35059197","35059513","chr11","28125301","28125613","49","6933896"
"chr1","35068024","35068154","chr7","67077779","67077911","24","32009755"
"chr1","35084143","35084432","chr7","48647299","48647590","43","13563156"
"chr1","35128921","35129229","chr5","82250286","82250593","46","47121365"
"chr1","35140614","35140735","chr3","72030386","72030497","28","36889772"
"chr1","35161376","35161665","chr9","124140854","124141134","49","88979478"
"chr1","35200504","35200802","chrX","66824416","66824713","44","31623912"
"chr1","35232041","35232343","chr5","62869608","62869907","43","27637567"
"chr1","35250418","35250503","chr11","5411146","5411231","25","29839272"
"chr1","35295367","35295528","chr12","18349416","18349582","28","16945951"
"chr1","35358251","35358541","chr4","71933212","71933503","44","36574961"
"chr1","35509701","35509845","chr7","67519756","67519888","30","32010055"
"chr1","35631579","35631890","chrX","64172412","64172721","47","28540833"
"chr1","35743579","35743694","chr1","171740201","171740320","16","135996622"
"chr1","35816485","35816781","chr9","42064931","42065231","66","6248446"
"chr1","35884248","35884529","chr3","188235049","188235330","41","152350801"
"chr1","35908531","35908835","chr2","153267314","153267618","55","117358783"
"chr1","36261920","36262202","chr7","68291493","68291769","44","32029573"
"chr1","36380536","36380843","chr5","73075939","73076252","46","36695403"
"chr1","36469389","36469683","chr5","67618023","67618318","43","31148634"
"chr1","36488552","36488862","chr10","118578692","118578996","53","82090140"
"chr1","36650537","36650724","chr7","68713772","68713943","35","32063235"
"chr1","36856394","36856662","chr11","5494501","5494761","73","31361893"
"chr1","36881372","36881649","chr2","135326699","135326973","60","98445327"
"chr1","36932719","36933023","chr10","94235006","94235309","50","57302287"
"chr1","37034864","37035140","chr12","107564225","107564507","50","70529361"
"chr1","37045134","37045426","chr5","93075725","93076019","39","56030591"
"chr1","37118771","37119074","chr7","69191621","69191922","44","32072850"
"chr1","37175517","37175815","chr7","25925292","25925587","39","11250225"
"chr1","37186645","37186952","chr7","73267233","73267534","56","36080588"
"chr1","37188965","37189191","chr22","28695833","28696042","62","8493132"
"chr1","37189491","37189787","chr7","69264459","69264749","42","32074968"
"chr1","37227015","37227317","chr3","173712450","173712748","53","136485435"
"chr1","37236006","37236300","chr7","69310523","69310818","40","32074517"
"chr1","37291063","37291343","chr2","136541690","136541970","54","99250627"
"chr1","37305518","37305806","chr7","69385822","69386124","52","32080304"
"chr1","37333023","37333313","chr14","80933269","80933560","59","43600246"
"chr1","37363834","37364121","chr5","52276617","52276902","49","14912783"
"chr1","37370718","37370984","chr11","78325612","78325883","61","40954894"
"chr1","37378457","37378757","chr7","25925292","25925587","52","11453165"
"chr1","37465749","37466055","chr7","70375823","70376126","51","32910074"
"chr1","37543231","37543413","chr20","3785470","3785644","37","33757761"
"chr1","37562508","37562805","chr18","4838336","4838632","55","32724172"
"chr1","37574282","37574586","chr7","69665957","69666261","45","32091675"
"chr1","37582360","37582660","chr5","55380182","55380490","50","17797822"
"chr1","37605885","37606193","chr3","136899810","136900119","47","99293925"
"chr1","37725686","37725961","chr11","74173885","74174163","49","36448199"
"chr1","37786791","37787089","chr22","41886502","41886799","45","4099711"
"chr1","37876685","37876998","chr7","69975069","69975364","52","32098384"
"chr1","37910755","37911060","chr7","70006150","70006464","43","32095395"
"chr1","37931771","37932052","chr4","106702443","106702725","43","68770672"
"chr1","37957973","37958308","chr2","169129486","169129808","61","131171513"
"chr1","37964474","37964769","chr2","203225383","203225677","45","165260909"
"chr1","38040882","38041179","chr4","71933212","71933503","49","33892330"
"chr1","38042847","38043138","chr7","70138048","70138344","40","32095201"
"chr1","38052967","38053056","chr22","11786497","11786582","16","26266470"
"chr1","38098073","38098355","chr17","45265467","45265743","41","7167394"
"chr1","38102981","38103284","chr1","10455735","10456039","49","27647246"
"chr1","38168940","38169234","chr7","70258474","70258767","39","32089534"
"chr1","38235745","38236048","chr2","71331505","71331809","54","33095760"
"chr1","38255301","38255600","chr5","79303042","79303347","62","41047741"
"chr1","38267472","38267757","chr7","155162191","155162474","42","116894719"
"chr1","38277472","38277777","chr7","70384768","70385080","37","32107296"
"chr1","38285205","38285495","chr1","106350210","106350498","62","68065005"
"chr1","38291584","38291688","chr3","21001103","21001203","15","17290481"
"chr1","38315847","38316130","chr2","203225383","203225677","54","164909536"
"chr1","38319173","38319490","chr9","101210178","101210488","52","62891005"
"chr1","38320544","38320848","chr7","70428568","70428874","42","32108024"
"chr1","38328432","38328602","chrX","124642951","124643118","27","86314519"
"chr1","38341543","38341837","chr7","77326917","77327209","46","38985374"
"chr1","38346142","38346442","chr7","70453913","70454216","41","32107771"
"chr1","38349659","38349820","chr2","131596102","131596261","25","93246443"
"chr1","38350665","38350753","chr17","27819019","27819104","19","10531646"
"chr1","38438700","38438996","chr6","48814191","48814491","38","10375491"
"chr1","38461666","38461849","chr10","48552161","48552342","32","10090495"
"chr1","38461898","38462197","chr8","29283402","29283703","41","9178496"
"chr1","38525236","38525408","chr7","150738655","150738825","27","112213419"
"chr1","38525698","38525732","chr9","82510120","82510155","3","43984422"
"chr1","38573240","38573517","chr19","31366058","31366340","54","7207182"
"chr1","38586653","38586950","chr9","99101374","99101680","54","60514721"
"chr1","38592408","38592638","chr22","35745701","35745925","33","2846707"
"chr1","38673612","38673911","chr17","19497342","19497644","42","19176270"
"chr1","38730033","38730342","chr7","35515798","35516110","45","3214235"
"chr1","38754925","38755068","chrX","107405788","107405929","21","68650863"
"chr1","38783664","38783982","chr7","74579378","74579682","55","35795714"
"chr1","38825129","38825425","chr3","111477906","111478203","43","72652777"
"chr1","39280333","39280597","chr9","73062799","73063070","51","33782466"
"chr1","39463018","39463326","chr2","1940205","1940517","48","37522813"
"chr1","39799468","39799756","chr5","139889919","139890213","44","100090451"
"chr1","39821068","39821201","chr2","8435393","8435522","19","31385675"
"chr1","39821788","39821975","chr18","38115757","38115943","32","1706031"
"chr1","39870079","39870391","chr9","91473040","91473349","52","51602961"
"chr1","39917743","39918023","chr7","50550584","50550865","44","10632841"
"chr1","39960112","39960391","chr3","83968747","83969029","54","44008635"
"chr1","39987909","39988212","chr11","15561808","15562111","54","24426101"
"chr1","40025495","40025656","chr2","176189669","176189829","32","136164174"
"chr1","40047639","40047934","chr5","61409167","61409457","47","21361528"
"chr1","40079986","40080291","chr7","72209787","72210084","48","32129801"
"chr1","40152561","40152939","chr12","99732602","99732958","95","59580041"
"chr1","40172579","40172808","chrUn_GL286451","478401","478619","57","39694178"
"chr1","40203011","40203320","chr11","107864365","107864676","48","67661354"
"chr1","40236804","40236953","chr5","87760479","87760621","23","47523675"
"chr1","40239242","40239287","chr2","151618860","151618904","7","111379618"
"chr1","40251429","40251689","chr1","151173761","151174020","45","110922332"
"chr1","40270731","40271033","chr5","145499607","145499910","47","105228876"
"chr1","40280688","40280903","chr3","111522733","111522938","37","71242045"
"chr1","40347181","40347491","chr9","45284899","45285203","52","4937718"
"chr1","40366081","40366384","chr10","115586657","115586959","50","75220576"
"chr1","40522023","40522314","chr2","67197269","67197565","44","26675246"
"chr1","40558403","40558708","chr22","34352998","34353299","48","6205405"
"chr1","40654490","40654790","chr10","14690438","14690745","44","25964052"
"chr1","40674401","40674702","chr2","150624041","150624344","46","109949640"
"chr1","40876955","40877232","chr6","45192490","45192769","51","4315535"
"chr1","40937599","40937910","chr9","4503986","4504297","51","36433613"
"chr1","40947782","40948076","chr2","9710132","9710424","53","31237650"
"chr1","40957237","40957521","chr2","129078851","129079134","48","88121614"
"chr1","41050880","41051167","chr11","72643464","72643751","42","31592584"
"chr1","41069793","41070092","chr4","152013452","152013750","54","110943659"
"chr1","41156435","41156602","chr3","81295512","81295681","30","40139077"
"chr1","41166835","41167138","chr5","73075939","73076252","55","31909104"
"chr1","41204097","41204271","chr9","14473384","14473561","30","26730713"
"chr1","41225723","41225941","chr15","27638218","27638435","47","13587505"
"chr1","41226345","41226651","chr5","59461001","59461310","52","18234656"
"chr1","41228982","41229282","chr16","71570137","71570438","49","30341155"
"chr1","41232743","41232916","chr20","1976364","1976531","33","39256379"
"chr1","41286102","41286374","chr7","73532834","73533103","37","32246732"
"chr1","41295561","41295856","chr15","89615352","89615648","50","48319791"
"chr1","41297342","41297640","chr11","17288480","17288777","41","24008862"
"chr1","41312510","41312820","chr5","78565303","78565608","51","37252793"
"chr1","41336958","41337180","chr10","18111773","18111994","36","23225185"
"chr1","41355833","41356073","chr14","46509942","46510177","43","5154109"
"chr1","41365415","41365702","chr5","94744931","94745213","44","53379516"
"chr1","41366950","41367241","chr7","73614570","73614871","43","32247620"
"chr1","41387857","41388159","chr2","147728720","147729015","48","106340863"
"chr1","41414399","41414692","chr9","111529757","111530048","45","70115358"
"chr1","41425700","41425999","chr7","73675112","73675405","51","32249412"
"chr1","41474086","41474310","chr1","199541886","199542107","36","158067800"
"chr1","41482843","41483153","chr7","73737082","73737380","42","32254239"
"chr1","41523347","41523513","chr7","60932897","60933063","28","19409550"
"chr1","41556431","41556725","chr8","93633064","93633356","48","52076633"
"chr1","41611271","41611537","chr7","97022652","97022933","60","55411381"
"chr1","41635273","41635571","chr8","7701821","7702113","46","33933452"
"chr1","41653152","41653454","chr9","25525997","25526295","41","16127155"
"chr1","41759652","41759948","chrX","40210297","40210591","44","1549355"
"chr1","41919545","41919847","chr7","70375823","70376126","47","28456278"
"chr1","41983180","41983456","chr20","32851240","32851521","51","9131940"
"chr1","41988742","41989037","chr5","5039320","5039616","39","36949422"
"chr1","42037286","42037575","chr11","116346925","116347227","52","74309639"
"chr1","42048247","42048546","chr17","9210313","9210606","52","32837934"
"chr1","42073438","42073562","chr7","74375654","74375778","16","32302216"
"chr1","42073759","42074077","chr9","1992967","1993234","98","40080792"
"chr1","42098684","42098914","chr5","97116583","97116815","39","55017899"
"chr1","42099868","42100142","chr16","49225932","49226206","42","7126064"
"chr1","42177794","42178098","chrX","17705039","17705341","39","24472755"
"chr1","42187905","42188039","chr4","44182383","44182524","24","1994478"
"chr1","42190055","42190264","chrX","40515274","40515484","36","1674781"
"chr1","42194949","42195236","chr20","28910159","28910452","51","13284790"
"chr1","42196997","42197298","chr7","74495828","74496135","45","32298831"
"chr1","42201077","42201363","chr2","79572103","79572387","46","37371026"
"chr1","42213584","42213865","chr5","32225193","32225469","47","9988391"
"chr1","42232400","42232713","chr3","118139040","118139328","64","75906640"
"chr1","42237761","42238060","chr3","121439460","121439741","61","79201699"
"chr1","42269703","42269997","chr4","139259106","139259407","46","96989403"
"chr1","42295846","42296148","chr4","139259106","139259407","41","96963260"
"chr1","42307912","42308179","chr4","80376150","80376420","48","38068238"
"chr1","42340525","42340825","chr4","17518722","17519032","59","24821803"
"chr1","42356102","42356403","chr11","23522633","23522929","51","18833469"
"chr1","42364751","42365054","chr2","63180548","63180847","43","20815797"
"chr1","42369403","42369704","chr2","18072200","18072496","54","24297203"
"chr1","42383750","42383920","chr15","78299752","78299912","30","35916002"
"chr1","42395821","42396082","chr7","80271706","80271969","45","37875885"
"chr1","42397909","42398106","chr17","40339889","40340077","48","2058020"
"chr1","42400353","42400640","chr2","2218970","2219260","48","40181383"
"chr1","42426944","42427050","chr11","64928533","64928638","13","22501589"
"chr1","42427897","42428211","chr7","74780916","74781212","53","32353019"
"chr1","42518085","42518217","chr4","9872496","9872626","19","32645589"
"chr1","42545446","42545753","chr21","44694630","44694929","52","2149184"
"chr1","42548393","42548692","chr5","116663888","116664187","53","74115495"
"chr1","42608248","42608542","chr7","75009409","75009724","51","32401161"
"chr1","42610440","42610593","chr10","44804693","44804842","26","2194253"
"chr1","42630892","42631196","chr7","75030185","75030482","39","32399293"
"chr1","42631591","42631897","chr7","75031305","75031608","44","32399714"
"chr1","42669061","42669359","chr7","75067875","75068164","35","32398814"
"chr1","42694312","42694410","chr4","71524300","71524394","14","28829988"
"chr1","42746717","42747009","chr14","65447091","65447363","62","22700374"
"chr1","42930785","42931086","chr3","189794013","189794310","40","146863228"
"chr1","43081748","43082057","chr6","132694921","132695233","45","89613173"
"chr1","43095765","43096060","chr2","67847090","67847384","40","24751325"
"chr1","43128672","43128930","chr5","3018050","3018300","38","40110622"
"chr1","43178972","43179278","chr7","75551428","75551719","47","32372456"
"chr1","43213087","43213406","chrX","62322798","62323099","67","19109711"
"chr1","43227193","43227482","chr7","75608296","75608571","52","32381103"
"chr1","43237759","43237950","chr1","13080292","13080473","39","30157467"
"chr1","43281953","43282262","chr1","101902284","101902595","49","58620331"
"chr1","43360919","43360970","chr9","58005342","58005393","6","14644423"
"chr1","43375331","43375624","chr16","45674189","45674487","49","2298858"
"chr1","43463409","43463712","chr7","70375823","70376126","47","26912414"
"chr1","43472667","43472967","chrX","18432136","18432433","55","25040531"
"chr1","43474253","43474328","chr1","183557954","183558025","12","140083701"
"chr1","43519141","43519440","chr7","75903126","75903423","36","32383985"
"chr1","43524773","43525064","chr12","27162707","27162997","49","16362066"
"chr1","43584216","43584513","chrX","85991242","85991544","51","42407026"
"chr1","44043913","44044211","chr3","142600603","142600893","54","98556690"
"chr1","44056174","44056480","chr5","73075939","73076252","51","29019765"
"chr1","44191424","44191704","chrX","17687979","17688258","39","26503445"
"chr1","44273265","44273553","chr2","164683323","164683607","70","120410058"
"chr1","44287283","44287580","chr2","203225383","203225677","44","158938100"
"chr1","44364462","44364595","chr22","36870757","36870892","19","7493705"
"chr1","44506915","44507220","chr4","126062982","126063287","46","81556067"
"chr1","44517435","44517741","chr2","146982644","146982948","52","102465209"
"chr1","44542016","44542313","chr5","139889919","139890213","45","95347903"
"chr1","44809503","44809816","chr11","28125301","28125613","44","16684202"
"chr1","44820324","44820631","chr4","21221989","21222294","55","23598335"
"chr1","44826017","44826307","chr5","93075725","93076019","42","48249708"
"chr1","44828322","44828601","chrY","609280","609564","47","44219042"
"chr1","44839439","44839595","chr7","77364506","77364664","26","32525067"
"chr1","44864788","44865076","chr2","147728720","147729015","45","102863932"
"chr1","44909346","44909633","chrX","39454622","39454913","47","5454724"
"chr1","44920700","44920992","chr3","52365996","52366297","51","7445296"
"chr1","44923554","44923846","chr9","25525997","25526295","51","19397557"
"chr1","44980244","44980539","chr1","209698832","209699129","46","164718588"
"chr1","44995168","44995263","chr8","116321471","116321574","32","71326303"
"chr1","45033818","45034118","chr9","108638571","108638873","46","63604753"
"chr1","45083519","45083826","chr15","24029162","24029466","44","21054357"
"chr1","45108659","45108929","chr11","95629919","95630186","63","50521260"
"chr1","45160047","45160347","chr6","135017926","135018221","62","89857879"
"chr1","45197575","45197873","chr1","170771447","170771746","47","125573872"
"chr1","45260175","45260316","chr10","621281","621421","23","44638894"
"chr1","45271282","45271594","chr5","91678600","91678912","44","46407318"
"chr1","45464794","45465076","chr7","77887079","77887368","40","32422285"
"chr1","45495386","45495436","chr3","52813782","52813831","7","7318396"
"chr1","45552460","45552706","chr10","129476469","129476715","48","83924009"
"chr1","45568252","45568415","chr15","61715136","61715301","41","16146884"
"chr1","45580313","45580615","chr5","55380182","55380490","49","9799869"
"chr1","45588847","45589155","chr7","70375823","70376126","44","24786976"
"chr1","45613930","45614060","chr7","43461969","43462102","24","2151961"
"chr1","45704170","45704466","chr7","78135655","78135948","37","32431485"
"chr1","45814807","45815095","chr9","108470235","108470512","53","62655428"
"chr1","45847618","45847912","chrX","18432136","18432433","39","27415482"
"chr1","45919412","45919696","chr9","18341613","18341909","53","27577799"
"chr1","45927646","45927936","chr10","83656466","83656759","34","37728820"
"chr1","45980910","45981216","chr1","13807754","13808053","46","32173156"
"chr1","46004665","46004838","chr9","100274529","100274676","48","54269864"
"chr1","46044721","46045006","chr9","107081493","107081774","50","61036772"
"chr1","46081646","46081966","chr11","66635820","66636129","57","20554174"
"chr1","46146611","46146912","chr17","67610664","67610971","52","21464053"
"chr1","46197455","46197747","chr7","78640523","78640804","54","32443068"
"chr1","46254179","46254492","chr14","77613723","77614028","45","31359544"
"chr1","46402438","46402729","chr7","78835371","78835662","38","32432933"
"chr1","46409627","46409796","chr12","18349416","18349582","29","28060211"
"chr1","46430992","46431282","chr7","78854341","78854621","47","32423349"
"chr1","46432237","46432547","chr2","146982644","146982948","42","100550407"
"chr1","46470641","46470956","chr2","150624041","150624344","52","104153400"
"chr1","46533084","46533239","chr2","55544708","55544857","36","9011624"
"chr1","46542857","46542985","chr5","92411615","92411750","25","45868758"
"chr1","46581200","46581512","chr5","73075939","73076252","55","26494739"
"chr1","46586808","46587109","chr1","105201325","105201626","51","58614517"
"chr1","46618356","46618664","chr7","79040423","79040732","33","32422067"
"chr1","46634500","46634787","chr7","79057023","79057300","42","32422523"
"chr1","46652260","46652542","chr2","134890220","134890504","47","88237960"
"chr1","46658533","46658835","chr7","79082583","79082878","34","32424050"
"chr1","46738682","46738976","chr7","79163563","79163851","35","32424881"
"chr1","46753691","46753988","chr9","101210178","101210488","53","54456487"
"chr1","46796225","46796527","chrUn_GL286217","143262","143564","48","46652963"
"chr1","46815315","46815612","chr7","19002392","19002692","46","27812923"
"chr1","46839703","46839998","chr10","36033900","36034191","57","10805803"
"chr1","46847398","46847691","chr4","107437630","107437918","42","60590232"
"chr1","46889442","46889757","chr12","105081170","105081479","49","58191728"
"chr1","46940346","46940481","chr7","79381007","79381134","17","32440661"
"chr1","47015746","47016042","chr7","79457859","79458149","44","32442113"
"chr1","47021626","47021911","chr9","102766656","102766938","46","55745030"
"chr1","47051689","47051998","chr19","42380479","42380792","50","4671210"
"chr1","47064192","47064272","chr22","11395171","11395251","10","35669021"
"chr1","47065969","47066283","chr22","44583446","44583761","46","2482523"
"chr1","47069181","47069447","chr7","79516443","79516734","53","32447262"
"chr1","47127936","47128235","chr2","203225383","203225677","46","156097447"
"chr1","47132827","47133125","chr3","71082107","71082409","47","23949280"
"chr1","47174402","47174496","chr5","146941010","146941097","17","99766608"
"chr1","47195063","47195241","chr12","18349416","18349582","38","28845647"
"chr1","47195242","47195536","chrX","121428429","121428717","51","74233187"
"chr1","47210746","47211032","chr7","79679704","79679998","39","32468958"
"chr1","47267159","47267442","chr5","64807338","64807623","54","17540179"
"chr1","47268952","47269243","chr5","52276617","52276902","45","5007665"
"chr1","47275260","47275576","chr7","79735031","79735324","52","32459771"
"chr1","47287145","47287309","chr7","79741594","79741769","25","32454449"
"chr1","47287918","47288184","chr7","79742496","79742750","46","32454578"
"chr1","47290432","47290763","chr7","79744973","79745300","44","32454541"
"chr1","47344035","47344331","chr7","79797524","79797832","49","32453489"
"chr1","47352606","47352893","chr11","97213328","97213619","36","49860722"
"chr1","47361771","47362092","chr10","125503014","125503329","53","78141243"
"chr1","47374494","47374782","chr11","72643464","72643751","39","25268970"
"chr1","47374922","47375217","chr5","150054821","150055118","42","102679899"
"chr1","47430664","47430791","chr7","79892000","79892126","20","32461336"
"chr1","47458277","47458536","chr8","105549929","105550192","43","58091652"
"chr1","47480806","47481113","chr2","71331505","71331809","43","23850699"
"chr1","47506305","47506597","chr20","26369514","26369801","50","21136791"
"chr1","47508517","47508598","chr11","104242959","104243039","15","56734442"
"chr1","47572922","47573195","chr18","8965239","8965520","55","38607683"
"chr1","47594434","47594712","chr7","80179024","80179270","54","32584590"
"chr1","47639315","47639625","chr7","80230484","80230788","46","32591169"
"chr1","47670658","47670974","chr5","73075939","73076252","56","25405281"
"chr1","47674375","47674426","chr6","13563428","13563474","9","34110947"
"chr1","47677609","47677906","chr7","70375823","70376126","65","22698214"
"chr1","47678085","47678370","chr5","86768130","86768415","38","39090045"
"chr1","47700019","47700174","chr12","44187626","44187782","35","3512393"
"chr1","47748565","47748828","chr7","80354600","80354875","42","32606035"
"chr1","47751238","47751532","chr12","107125942","107126232","46","59374704"
"chr1","47757406","47757707","chr14","96507520","96507814","56","48750114"
"chr1","47758266","47758366","chr2","15984857","15984951","18","31773409"
"chr1","47772169","47772481","chr12","78919016","78919323","62","31146847"
"chr1","47799163","47799312","chr7","10811943","10812091","28","36987220"
"chr1","47829099","47829266","chr7","12902130","12902295","35","34926969"
"chr1","47883622","47883941","chr6","148673760","148674058","57","100790138"
"chr1","47884011","47884259","chr7","80518509","80518745","45","32634498"
"chr1","47911679","47911982","chr15","24029162","24029466","58","23882517"
"chr1","47915136","47915402","chr5","127312879","127313137","58","79397743"
"chr1","47920560","47920852","chr5","47309745","47310037","44","610815"
"chr1","47930768","47931064","chr4","111054985","111055281","46","63124217"
"chr1","47949679","47949791","chr1","140179643","140179749","17","92229964"
"chr1","47979768","47980087","chr7","80640192","80640485","57","32660424"
"chr1","48012857","48013135","chr4","106702443","106702725","48","58689586"
"chr1","48016473","48016704","chr9","1108516","1108745","45","46907957"
"chr1","48021987","48022286","chr5","39944382","39944683","45","8077605"
"chr1","48070009","48070313","chr10","20863520","20863828","41","27206489"
"chr1","48074274","48074578","chrX","63118288","63118597","58","15044014"
"chr1","48124246","48124529","chr13","49154086","49154372","51","1029840"
"chr1","48177580","48177710","chr2","60312037","60312166","20","12134457"
"chr1","48203032","48203323","chr4","19931394","19931689","48","28271638"
"chr1","48240749","48241037","chr3","53991995","53992275","49","5751246"
"chr1","48327828","48327955","chr5","156163531","156163658","17","107835703"
"chr1","48366480","48366773","chr5","80444488","80444781","48","32078008"
"chr1","48377475","48377759","chr19","23703813","23704099","35","24673662"
"chr1","48395738","48396051","chr7","80971410","80971716","45","32575672"
"chr1","48428858","48429159","chr1","63523063","63523359","66","15094205"
"chr1","48432801","48433110","chrUn_GL288815","12574","12885","57","48420227"
"chr1","48439024","48439111","chr7","81022258","81022353","20","32583234"
"chr1","48439338","48439639","chr1","103493366","103493665","52","55054028"
"chr1","48473526","48473822","chr11","120600441","120600744","55","72126915"
"chr1","48480873","48481181","chr10","1666053","1666355","47","46814820"
"chr1","48499929","48499999","chr3","143887172","143887242","11","95387243"
"chr1","48500543","48500719","chr3","151658588","151658763","31","103158045"
"chr1","48500800","48500931","chr4","9872496","9872626","17","38628304"
"chr1","48517523","48517595","chr7","81099291","81099355","9","32581768"
"chr1","48547697","48547982","chr10","89079935","89080222","58","40532238"
"chr1","48608880","48609043","chr5","29090486","29090646","24","19518394"
"chr1","48618811","48619107","chr2","1572464","1572757","44","47046347"
"chr1","48620745","48621041","chr1","13807754","13808053","48","34812991"
"chr1","48682103","48682397","chr3","6433821","6434120","47","42248282"
"chr1","48714090","48714399","chr5","124645645","124645952","40","75931555"
"chr1","48759615","48759915","chr1","140083591","140083907","58","91323976"
"chr1","48871141","48871438","chr2","71331505","71331809","48","22460364"
"chr1","48937043","48937348","chr10","1666053","1666355","39","47270990"
"chr1","49119969","49120098","chr9","7140047","7140177","17","41979922"
"chr1","49325599","49325920","chr14","46589162","46589470","63","2736437"
"chr1","49418123","49418283","chr9","20531601","20531766","31","28886522"
"chr1","49436668","49436898","chr8","4691812","4692036","37","44744856"
"chr1","49452519","49452813","chr13","60759718","60760012","50","11307199"
"chr1","49464053","49464161","chr2","94061242","94061349","16","44597189"
"chr1","49464162","49464206","chr8","5693971","5694017","5","43770191"
"chr1","49506536","49506821","chr8","38105332","38105618","53","11401204"
"chr1","49514734","49515018","chrX","10737832","10738131","50","38776902"
"chr1","49515556","49515717","chr17","63383676","63383837","29","13868120"
"chr1","49516072","49516191","chr5","89327101","89327224","22","39811029"
"chr1","49606268","49606557","chr3","106011472","106011765","54","56405204"
"chr1","49607082","49607386","chr15","64739618","64739920","44","15132536"
"chr1","49705239","49705543","chr11","28125301","28125613","57","21579938"
"chr1","49712367","49712668","chr7","82462578","82462853","47","32750211"
"chr1","49816762","49817064","chr9","14539289","14539586","40","35277473"
"chr1","50120527","50120830","chr7","82900614","82900909","38","32780087"
"chr1","50124439","50124746","chr22","15856407","15856702","52","34268032"
"chr1","50333230","50333283","chr2","59211560","59211613","5","8878330"
"chr1","51356537","51356828","chr7","83991384","83991675","52","32634847"
"chr1","51360138","51360449","chr5","78806417","78806729","50","27446279"
"chr1","51572343","51572627","chr3","107213898","107214190","49","55641555"
"chr1","51607242","51607539","chr9","107189736","107190026","49","55582494"
"chr1","51611050","51611356","chr7","63127257","63127560","52","11516207"
"chr1","51780471","51780752","chr1","186610138","186610422","51","134829667"
"chr1","51959591","51959705","chr7","84667714","84667825","10","32708123"
"chr1","52279862","52280133","chr3","164929173","164929450","41","112649311"
"chr1","52366315","52366600","chr8","3164270","3164554","46","49202045"
"chr1","52367258","52367543","chr1","186610138","186610422","45","134242880"
"chr1","52403922","52404208","chr8","75280125","75280408","41","22876203"
"chr1","52512175","52512476","chr2","147728720","147729015","44","95216545"
"chr1","52727967","52728265","chr7","85436966","85437276","45","32708999"
"chr1","52794056","52794362","chr12","105081170","105081479","46","52287114"
"chr1","52847427","52847731","chr7","70375823","70376126","49","17528396"
"chr1","52850897","52851207","chr5","73075939","73076252","42","20225042"
"chr1","52857152","52857461","chr5","113941851","113942164","47","61084699"
"chr1","52886745","52887048","chr2","141631665","141631964","57","88744920"
"chr1","52912051","52912317","chr10","129718624","129718892","46","76806573"
"chr1","52951236","52951519","chr7","85695893","85696184","44","32744657"
"chr1","53035674","53035964","chr7","85813650","85813946","58","32777976"
"chr1","53079762","53080059","chr6","144170408","144170699","54","91090646"
"chr1","53103828","53103903","chr7","85887117","85887194","10","32783289"
"chr1","53133634","53133935","chr1","151065590","151065891","47","97931956"
"chr1","53194695","53194829","chr22","19811347","19811476","20","33383348"
"chr1","53209668","53209974","chr6","75230350","75230656","42","22020682"
"chr1","53290411","53290701","chr3","118139040","118139328","44","64848629"
"chr1","53314318","53314621","chr7","70375823","70376126","42","17061505"
"chr1","53349371","53349666","chr1","201876884","201877182","57","148527513"
"chr1","53353572","53353871","chr14","82753741","82754038","50","29400169"
"chr1","53365446","53365741","chr9","40949830","40950127","45","12415616"
"chr1","53366062","53366240","chr7","86159212","86159382","25","32793150"
"chr1","53373628","53373926","chr5","93597617","93597921","41","40223989"
"chr1","53388218","53388334","chr9","108671454","108671572","13","55283236"
"chr1","53394070","53394360","chr7","86191722","86192013","42","32797652"
"chr1","53400360","53400492","chr10","61144637","61144769","9","7744277"
"chr1","53402577","53402842","chr13","22932466","22932743","54","30470111"
"chr1","53436054","53436368","chr7","86222817","86223123","60","32786763"
"chr1","53458586","53458865","chr7","86249640","86249918","52","32791054"
"chr1","53510281","53510592","chr3","117540807","117541109","57","64030526"
"chr1","53536496","53536778","chr1","186610138","186610422","47","133073642"
"chr1","53565910","53566208","chr2","203225383","203225677","44","149659473"
"chr1","53573770","53574080","chr7","86397681","86397994","42","32823911"
"chr1","53602870","53603179","chr1","140083591","140083907","46","86480721"
"chr1","53703727","53704039","chr15","32495325","32495639","57","21208402"
"chr1","53762002","53762259","chr6","18121499","18121765","52","35640503"
"chr1","53841294","53841597","chr7","67355562","67355869","56","13514268"
"chr1","53888819","53889111","chr6","119011301","119011592","52","65122482"
"chr1","53982210","53982412","chr6","149437614","149437811","39","95455404"
"chr1","53997737","53998015","chr6","135531665","135531946","50","81533928"
"chr1","54014372","54014675","chr6","121802757","121803058","43","67788385"
"chr1","54020152","54020346","chr7","30361938","30362106","84","23658214"
"chr1","54036705","54037006","chr1","168065798","168066103","57","114029093"
"chr1","54056546","54056761","chr10","27834176","27834398","47","26222370"
"chr1","54058430","54058611","chrX","122737121","122737299","28","68678691"
"chr1","54059261","54059354","chr7","86932174","86932274","9","32872913"
"chr1","54142005","54142310","chr5","73075939","73076252","62","18933934"
"chr1","54211441","54211736","chr7","87119050","87119340","39","32907609"
"chr1","54214109","54214382","chr1","175152102","175152357","72","120937993"
"chr1","54227710","54227983","chr7","87138120","87138393","35","32910410"
"chr1","54267899","54268207","chr7","87178798","87179103","37","32910899"
"chr1","54290121","54290437","chr2","39815620","39815927","54","14474501"
"chr1","54304298","54304590","chr10","5645869","5646166","51","48658429"
"chr1","54376440","54376771","chr16","64742261","64742584","84","10365821"
"chr1","54379207","54379509","chr4","44576155","44576457","46","9803052"
"chr1","54427359","54427474","chr2","171604505","171604622","21","117177146"
"chr1","54435781","54436076","chr7","87829359","87829672","65","33393578"
"chr1","54471961","54472263","chr7","87791928","87792228","57","33319967"
"chr1","54472859","54473132","chr2","114473675","114473947","63","60000816"
"chr1","54500645","54500943","chr2","39828090","39828388","55","14672555"
"chr1","54519430","54519729","chr12","94624697","94624994","45","40105267"
"chr1","54586862","54587164","chr14","76157685","76157986","43","21570823"
"chr1","54609072","54609363","chr7","25925292","25925587","42","28683780"
"chr1","54685786","54686099","chr9","120468304","120468608","59","65782518"
"chr1","54710949","54711259","chr11","122686903","122687200","63","67975954"
"chr1","54718504","54718804","chr7","66759838","66760136","44","12041334"
"chr1","54746688","54746973","chr12","61987066","61987355","44","7240378"
"chr1","54754305","54754392","chr12","52245392","52245480","13","2508913"
"chr1","54755005","54755044","chr8","97260104","97260146","12","42505099"
"chr1","54755503","54755782","chr12","49192241","49192521","53","5563262"
"chr1","54766238","54766554","chr10","29912547","29912855","53","24853691"
"chr1","54781296","54781419","chr4","105092054","105092179","20","50310758"
"chr1","54805239","54805549","chr5","4594332","4594638","50","50210907"
"chr1","54808427","54808739","chr2","146982644","146982948","51","92174217"
"chr1","54810305","54810581","chr4","12429965","12430236","45","42380340"
"chr1","54811587","54811896","chr9","101210178","101210488","47","46398591"
"chr1","54828767","54829063","chr7","87412264","87412555","41","32583497"
"chr1","54854181","54854488","chr7","87384353","87384653","51","32530172"
"chr1","54876442","54876552","chr21","17404025","17404132","18","37472417"
"chr1","54881353","54881511","chr7","87350074","87350237","23","32468721"
"chr1","54901471","54901765","chr4","32151595","32151889","53","22749876"
"chr1","54934501","54934804","chr14","32553436","32553738","47","22381065"
"chr1","54957136","54957203","chr11","116690835","116690901","10","61733699"
"chr1","54961036","54961246","chr3","12073875","12074077","45","42887161"
"chr1","54973044","54973339","chr14","92694935","92695241","59","37721891"
"chr1","54973396","54973681","chr4","152697962","152698250","62","97724566"
"chr1","55015003","55015041","chr1","82482908","82482949","5","27467905"
"chr1","55027738","55028037","chr9","25525997","25526295","52","29501741"
"chr1","55043508","55043777","chr7","23794966","23795240","56","31248542"
"chr1","55055742","55055870","chr1","205933415","205933532","34","150877673"
"chr1","55060696","55060764","chr3","54271812","54271879","15","788884"
"chr1","55105765","55106038","chr2","37989111","37989386","52","17116654"
"chr1","55147915","55148251","chr19","14544875","14545197","82","40603040"
"chr1","55153368","55153536","chr7","88150458","88150620","30","32997090"
"chr1","55153537","55153839","chr12","82364304","82364606","54","27210767"
"chr1","55187461","55187602","chr5","157197283","157197419","23","102009822"
"chr1","55191545","55191626","chr7","87358359","87358443","17","32166814"
"chr1","55210116","55210408","chr12","79485299","79485587","43","24275183"
"chr1","55311404","55311724","chr7","88329777","88330083","50","33018373"
"chr1","55358257","55358568","chr9","120468304","120468608","50","65110047"
"chr1","55369024","55369325","chr9","45325979","45326278","37","10043045"
"chr1","55410358","55410617","chrUn_GL286420","665135","665403","57","54745223"
"chr1","55558878","55559197","chr7","88571850","88572163","47","33012972"
"chr1","55603272","55603565","chr5","65296228","65296517","43","9692956"
"chr1","55608027","55608344","chr7","88621380","88621689","50","33013353"
"chr1","55655661","55655766","chr17","5313903","5314007","16","50341758"
"chr1","55706824","55707120","chr19","17448176","17448478","46","38258648"
"chr1","55712511","55712808","chr4","98746325","98746622","45","43033814"
"chr1","55828893","55829216","chr5","73075939","73076252","55","17247046"
"chr1","55863652","55863958","chr1","159860910","159861214","56","103997258"
"chr1","56001628","56001747","chr1","205933415","205933532","20","149931787"
"chr1","56032434","56032734","chr7","72287782","72288075","62","16255348"
"chr1","56045546","56045835","chr9","60903561","60903850","47","4858015"
"chr1","56065699","56066000","chr2","170729172","170729471","48","114663473"
"chr1","56073864","56074155","chr7","89103800","89104093","36","33029936"
"chr1","56119456","56119768","chr4","108266511","108266818","52","52147055"
"chr1","56151103","56151398","chr2","63180548","63180847","46","7029445"
"chr1","56278019","56278326","chr14","83083786","83084089","41","26805767"
"chr1","56283007","56283303","chr5","47331456","47331756","41","8951551"
"chr1","56319321","56319620","chrX","17705039","17705341","46","38614282"
"chr1","56397676","56397973","chr19","761861","762153","42","55635815"
"chr1","56412524","56412824","chr11","116346925","116347227","44","59934401"
"chr1","56431594","56431729","chr2","193530196","193530332","14","137098602"
"chr1","56431730","56432030","chr13","74012801","74013097","48","17581071"
"chr1","56450748","56450921","chr20","3785470","3785644","22","52665278"
"chr1","56451909","56452049","chr11","120625719","120625851","32","64173810"
"chr1","56652958","56653315","chr5","74575374","74575745","76","17922416"
"chr1","56657473","56657572","chr3","152891346","152891433","19","96233873"
"chr1","56666762","56667058","chr22","28008165","28008455","50","28658597"
"chr1","56719076","56719392","chr7","63127257","63127560","55","6408181"
"chr1","56746458","56746769","chr10","21024965","21025274","49","35721493"
"chr1","56746772","56746969","chr4","38426525","38426715","51","18320247"
"chr1","56808799","56809096","chrX","100172403","100172695","43","43363604"
"chr1","56812846","56813156","chr12","37179701","37180010","46","19633145"
"chr1","56894761","56895076","chr14","83083786","83084089","51","26189025"
"chr1","56948210","56948499","chr4","54370195","54370493","47","2578015"
"chr1","56949266","56949568","chr1","152570018","152570318","42","95620752"
"chr1","56995426","56995578","chr7","90042325","90042466","22","33046899"
"chr1","57059016","57059300","chr7","4271771","4272057","48","52787245"
"chr1","57073133","57073358","chrX","120162403","120162628","38","63089270"
"chr1","57093204","57093497","chr1","106181395","106181691","50","49088191"
"chr1","57129228","57129514","chr22","15620473","15620763","51","41508755"
"chr1","57133765","57134079","chr12","107125942","107126232","64","49992177"
"chr1","57210157","57210443","chr7","90260106","90260394","34","33049949"
"chr1","57294487","57294803","chr5","73075939","73076252","59","15781452"
"chr1","57372913","57373205","chr5","133863567","133863862","44","76490654"
"chr1","57388482","57388794","chr11","66042661","66042971","55","8654179"
"chr1","57428377","57428631","chr1","141513493","141513763","53","84085116"
"chr1","57457621","57457891","chr7","90518813","90519074","47","33061192"
"chr1","57466693","57466983","chr7","77326917","77327209","50","19860224"
"chr1","57474959","57475241","chr7","90530883","90531171","53","33055924"
"chr1","57551716","57551866","chr9","46751809","46751954","27","10799907"
"chr1","57559720","57560029","chr8","110783252","110783554","51","53223532"
"chr1","57707753","57708044","chr1","173326950","173327240","49","115619197"
"chr1","57915205","57915483","chr11","5274208","5274485","60","52640997"
"chr1","58305861","58306145","chr7","91331575","91331857","37","33025714"
"chr1","58309007","58309302","chr7","6692350","6692629","64","51616657"
"chr1","58519054","58519362","chr7","91559369","91559676","48","33040315"
"chr1","58633056","58633356","chr4","110593891","110594192","41","51960835"
"chr1","58650798","58651084","chr7","91693161","91693449","31","33042363"
"chr1","58668385","58668616","chr7","61663530","61663767","51","2995145"
"chr1","58762853","58763129","chr9","39953667","39953955","56","18809186"
"chr1","58764349","58764637","chr1","170771447","170771746","46","112007098"
"chr1","58766765","58766795","chr16","48061628","48061661","3","10705137"
"chr1","58785991","58786299","chr2","8714186","8714498","53","50071805"
"chr1","58788672","58788966","chr22","28143382","28143678","46","30645290"
"chr1","58809866","58810146","chr7","91854896","91855166","52","33045030"
"chr1","58836383","58836419","chr12","4865367","4865403","4","53971016"
"chr1","58837649","58837808","chr20","28605374","28605532","27","30232275"
"chr1","58857255","58857561","chr5","55380182","55380490","56","3477073"
"chr1","58964076","58964380","chr14","69866837","69867141","49","10902761"
"chr1","59084871","59085198","chr5","55380182","55380490","59","3704689"
"chr1","59090274","59090578","chr4","116475739","116476035","53","57385465"
"chr1","59157380","59157676","chr5","3057174","3057476","44","56100206"
"chr1","59294558","59294866","chr11","28125301","28125613","49","31169257"
"chr1","59322236","59322521","chr1","148438931","148439211","52","89116695"
"chr1","59562450","59562745","chr7","92655724","92656015","39","33093274"
"chr1","59688353","59688663","chr7","92789931","92790241","42","33101578"
"chr1","59815668","59815970","chr7","92921377","92921682","48","33105709"
"chr1","59899552","59899855","chr1","96576279","96576577","65","36676727"
"chr1","60319127","60319428","chr7","93455330","93455632","61","33136203"
"chr1","60340751","60340877","chr5","39554908","39555035","19","20785843"
"chr1","60614147","60614463","chr10","90264202","90264508","58","29650055"
"chr1","60615322","60615634","chr5","1076646","1076956","54","59538676"
"chr1","60625416","60625732","chr17","63741103","63741412","49","3115687"
"chr1","60699940","60700244","chr1","27962292","27962589","51","32737648"
"chr1","60742564","60742843","chr7","155162191","155162474","56","94419627"
"chr1","60800432","60800739","chr19","24478304","24478609","50","36322128"
"chr1","60905200","60905498","chr7","94024109","94024408","39","33118909"
"chr1","61053325","61053615","chr12","107125942","107126232","45","46072617"
"chr1","61191295","61191567","chr16","95447751","95448022","41","34256456"
"chr1","61461556","61461843","chr11","127537853","127538137","57","66076297"
"chr1","61652772","61653063","chr7","94776021","94776309","36","33123249"
"chr1","61924301","61924609","chr9","42059585","42059893","46","19864716"
"chr1","62011101","62011391","chr14","61568989","61569280","39","442112"
"chr1","62155981","62156282","chr11","96115316","96115612","48","33959335"
"chr1","62878211","62878522","chr7","147514919","147515225","54","84636708"
"chr1","62910535","62910831","chr12","56412825","56413119","63","6497710"
"chr1","63089997","63090298","chr11","28125301","28125613","46","34964696"
"chr1","63119595","63119883","chr16","95316713","95317006","50","32197118"
"chr1","63132062","63132373","chr6","75230350","75230656","45","12098288"
"chr1","63166463","63166771","chr9","107891243","107891541","48","44724780"
"chr1","63234385","63234671","chr1","13159221","13159503","57","50075164"
"chr1","63359460","63359743","chr1","13162324","13162614","49","50197136"
"chr1","63383226","63383495","chr15","1171970","1172245","47","62211256"
"chr1","63402383","63402655","chr7","96633836","96634115","45","33231453"
"chr1","63509097","63509408","chr10","14690438","14690745","52","48818659"
"chr1","63561830","63562130","chr12","107125942","107126232","53","43564112"
"chr1","63568387","63568680","chr12","107125942","107126232","46","43557555"
"chr1","63690634","63690934","chr16","77458136","77458438","41","13767502"
"chr1","63721209","63721475","chr7","96978683","96978947","47","33257474"
"chr1","63726494","63726624","chr2","146936311","146936444","21","83209817"
"chr1","63765671","63765973","chr2","39147956","39148247","51","24617715"
"chr1","63784999","63785304","chr12","85900556","85900854","56","22115557"
"chr1","63802593","63802905","chr7","92221825","92222134","48","28419232"
"chr1","63817537","63817803","chr9","111432646","111432903","50","47615109"
"chr1","63825521","63825629","chr3","72030386","72030497","17","8204865"
"chr1","63841112","63841426","chr2","10625439","10625743","66","53215673"
"chr1","63879644","63879960","chr7","97072023","97072313","61","33192379"
"chr1","63883007","63883298","chr5","523629","523928","58","63359378"
"chr1","63888144","63888451","chr7","153803404","153803707","46","89915260"
"chr1","63951667","63951839","chr21","35850021","35850192","40","28101646"
"chr1","63972126","63972392","chr5","72712443","72712712","48","8740317"
"chr1","63979358","63979650","chr9","43079645","43079943","43","20899713"
"chr1","64009326","64009637","chr7","92221825","92222134","49","28212499"
"chr1","64067479","64067785","chr7","97261532","97261833","36","33194053"
"chr1","64104393","64104680","chr1","186610138","186610422","47","122505745"
"chr1","64106853","64107019","chr4","2404473","2404643","37","61702380"
"chr1","64116860","64117173","chr7","97309236","97309545","44","33192376"
"chr1","64125488","64125786","chr5","106626420","106626712","49","42500932"
"chr1","64142056","64142298","chr7","97343651","97343910","46","33201595"
"chr1","64148355","64148655","chr15","24029162","24029466","60","40119193"
"chr1","64165551","64165854","chr3","49537351","49537638","58","14628200"
"chr1","64189149","64189457","chr5","95128904","95129215","46","30939755"
"chr1","64234619","64234911","chr6","17854050","17854340","44","46380569"
"chr1","64237954","64238213","chr1","180589014","180589283","60","116351060"
"chr1","64258081","64258393","chr9","101210178","101210488","46","36952097"
"chr1","64277660","64277960","chr7","97477062","97477360","50","33199402"
"chr1","64305536","64305825","chr18","38605998","38606288","46","25699538"
"chr1","64313211","64313530","chr4","132055862","132056190","73","67742651"
"chr1","64320182","64320473","chr16","96491193","96491481","44","32171011"
"chr1","64464399","64464688","chrX","46464393","46464684","43","18000006"
"chr1","64504571","64504867","chr2","137499546","137499827","46","72994975"
"chr1","64561774","64562051","chr7","97783372","97783638","44","33221598"
"chr1","64566361","64566629","chr9","58102610","58102877","54","6463751"
"chr1","64574356","64574653","chr2","72481200","72481495","57","7906844"
"chr1","64644483","64644777","chr7","77326917","77327209","51","12682434"
"chr1","64678567","64678871","chrX","90287726","90288021","45","25609159"
"chr1","64681751","64681970","chr19","44795567","44795779","41","19886184"
"chr1","64849033","64849317","chr1","168926697","168926979","42","104077664"
"chr1","64902427","64902717","chr4","39585539","39585826","57","25316888"
"chr1","64958952","64959260","chr1","199360645","199360948","45","134401693"
"chr1","65004505","65004798","chr7","98301332","98301634","34","33296827"
"chr1","65115116","65115435","chrUn_GL289054","9235","9549","52","65105881"
"chr1","65212724","65213011","chr7","98516965","98517252","28","33304241"
"chr1","65309445","65309732","chr12","20230563","20230858","54","45078882"
"chr1","65315664","65315958","chr7","98615940","98616229","39","33300276"
"chr1","65319870","65320155","chr4","111795287","111795580","52","46475417"
"chr1","65338002","65338075","chr12","53880159","53880233","14","11457843"
"chr1","65338174","65338394","chr8","4691812","4692036","38","60646362"
"chr1","65408794","65408899","chr2","9308951","9309054","18","56099843"
"chr1","65474066","65474325","chr7","98803728","98803965","48","33329662"
"chr1","65588636","65588925","chr7","53679574","53679859","60","11909062"
"chr1","65591538","65591838","chrUn_GL286217","143262","143564","52","65448276"
"chr1","65610271","65610447","chr10","34685300","34685458","43","30924971"
"chr1","65651990","65652305","chr6","75230350","75230656","51","9578360"
"chr1","65682028","65682320","chr10","102413583","102413873","45","36731555"
"chr1","65855260","65855557","chr15","24029162","24029466","42","41826098"
"chr1","66024209","66024518","chr7","99410021","99410318","45","33385812"
"chr1","66056018","66056288","chr7","99442907","99443162","38","33386889"
"chr1","66148756","66149063","chrX","108702437","108702748","68","42553681"
"chr1","66231779","66232083","chr4","54370195","54370493","48","11861584"
"chr1","66330166","66330475","chr5","55380182","55380490","47","10949984"
"chr1","66333013","66333241","chr7","99719567","99719777","41","33386554"
"chr1","66407214","66407369","chr7","99812210","99812368","25","33404996"
"chr1","66414096","66414363","chr3","106564757","106565021","47","40150661"
"chr1","66607627","66607923","chr4","158769812","158770108","45","92162185"
"chr1","66724023","66724329","chr4","144716679","144716971","57","77992656"
"chr1","66746018","66746149","chr5","92411615","92411750","29","25665597"
"chr1","66777606","66777907","chrX","52327749","52328046","45","14449857"
"chr1","66782091","66782365","chr10","106918797","106919075","60","40136706"
"chr1","66784599","66784897","chr7","100242991","100243285","47","33458392"
"chr1","66872563","66872875","chr22","27052893","27053192","52","39819670"
"chr1","67038945","67039244","chr10","43161740","43162034","47","23877205"
"chr1","67064528","67064706","chr5","9803786","9803964","30","57260742"
"chr1","67118879","67119009","chr1","79507453","79507586","20","12388574"
"chr1","67128253","67128539","chr5","129352107","129352389","52","62223854"
"chr1","67149566","67149688","chr7","100664229","100664355","11","33514663"
"chr1","67173360","67173591","chr7","71804412","71804642","43","4631052"
"chr1","67176914","67177209","chrX","18792074","18792375","68","48384840"
"chr1","67228712","67229015","chr3","106011472","106011765","63","38782760"
"chr1","67241555","67241797","chr3","182152241","182152490","43","114910686"
"chr1","67273314","67273589","chr7","100777519","100777804","48","33504205"
"chr1","67302115","67302408","chr4","144716679","144716971","44","77414564"
"chr1","67359588","67359864","chr6","116000566","116000861","51","48640978"
"chr1","67369750","67370038","chr9","100268014","100268308","50","32898264"
"chr1","67397399","67397671","chr7","31410101","31410375","48","35987298"
"chr1","67449565","67449862","chr1","167116975","167117247","67","99667410"
"chr1","67597917","67598191","chrX","47790264","47790529","52","19807653"
"chr1","67619741","67619903","chr1","138346661","138346816","35","70726920"
"chr1","67754788","67755097","chr1","153331205","153331512","51","85576417"
"chr1","67764668","67764946","chr7","101313157","101313448","49","33548489"
"chr1","67794436","67794476","chrX","15428193","15428233","1","52366243"
"chr1","67820644","67820928","chr7","101363885","101364174","49","33543241"
"chr1","68061291","68061593","chr7","101625651","101625949","43","33564360"
"chr1","68211146","68211431","chr1","136155032","136155317","54","67943886"
"chr1","68395264","68395572","chr7","101967051","101967367","49","33571787"
"chr1","68604810","68605096","chr4","155605212","155605495","51","87000402"
"chr1","68672390","68672693","chr7","33547338","33547635","54","35125052"
"chr1","68699329","68699460","chr4","105092054","105092179","27","36392725"
"chr1","68824665","68824975","chr8","841978","842272","55","67982687"
"chr1","68995065","68995345","chr22","31884861","31885140","51","37110204"
"chr1","69001011","69001083","chr5","42991904","42991980","19","26009107"
"chr1","69079901","69080200","chr3","189794013","189794310","45","120714112"
"chr1","69083692","69083993","chr7","102625316","102625620","47","33541624"
"chr1","69166725","69167021","chr1","77745311","77745604","54","8578586"
"chr1","69262882","69263177","chr12","79497897","79498186","46","10235015"
"chr1","69267277","69267581","chr1","135645905","135646211","52","66378628"
"chr1","69311547","69311842","chr2","13919309","13919605","45","55392238"
"chr1","69403728","69404030","chr3","150900520","150900822","46","81496792"
"chr1","69416694","69417024","chr3","188437693","188438006","74","119020999"
"chr1","69418519","69418826","chrX","17705039","17705341","51","51713480"
"chr1","69463156","69463461","chr5","124645645","124645952","50","55182489"
"chr1","69471145","69471234","chr10","125909017","125909110","22","56437872"
"chr1","69481196","69481492","chr3","137448346","137448639","50","67967150"
"chr1","69501268","69501575","chr9","120468304","120468608","48","50967036"
"chr1","69550762","69551060","chr7","103105613","103105908","30","33554851"
"chr1","69586416","69586667","chr17","17117205","17117460","62","52469211"
"chr1","69595443","69595738","chr7","103146149","103146448","37","33550706"
"chr1","69600021","69600320","chr4","139259106","139259407","47","69659085"
"chr1","69606547","69606837","chr6","119011301","119011592","41","49404754"
"chr1","69624866","69625163","chr7","103172391","103172677","47","33547525"
"chr1","69686154","69686462","chr9","98911910","98912215","42","29225756"
"chr1","69740424","69740749","chr7","103289853","103290184","47","33549429"
"chr1","69795039","69795347","chr15","5568050","5568355","51","64226989"
"chr1","69943072","69943371","chr7","103502500","103502792","36","33559428"
"chr1","69999637","69999860","chr7","103548958","103549182","31","33549321"
"chr1","70037199","70037487","chr12","31284675","31284966","57","38752524"
"chr1","70069381","70069679","chr3","51989230","51989530","40","18080151"
"chr1","70196222","70196506","chr2","67197269","67197565","52","2998953"
"chr1","70555562","70555831","chr7","104086662","104086930","31","33531100"
"chr1","70594364","70594675","chr2","59445321","59445626","53","11149043"
"chr1","70751598","70751907","chr4","144013282","144013590","49","73261684"
"chr1","70777656","70777954","chr7","104307667","104307963","30","33530011"
"chr1","71062480","71062781","chr7","104629352","104629655","42","33566872"
"chr1","71152306","71152595","chrX","62040044","62040330","55","9112262"
"chr1","71152802","71153081","chr7","104702576","104702858","49","33549774"
"chr1","71157900","71158194","chr1","170771447","170771746","44","99613547"
"chr1","71270804","71271099","chr7","104825639","104825934","44","33554835"
"chr1","71385112","71385207","chr20","27425944","27426040","26","43959168"
"chr1","71513042","71513324","chr7","105110730","105111011","42","33597688"
"chr1","71948060","71948357","chr6","147173273","147173574","56","75225213"
"chr1","72093826","72094111","chr6","119011301","119011592","47","46917475"
"chr1","72097455","72097742","chr10","41485100","41485371","49","30612355"
"chr1","72122164","72122461","chrUn_GL286217","143262","143564","50","71978902"
"chr1","72166868","72167178","chr7","105830843","105831145","47","33663975"
"chr1","72184944","72185247","chr9","99565047","99565352","46","27380103"
"chr1","72247573","72247873","chr7","66525293","66525595","59","5722280"
"chr1","72255531","72255826","chr4","139259106","139259407","51","67003575"
"chr1","72315201","72315284","chr18","9490831","9490914","17","62824370"
"chr1","72316247","72316549","chr9","99101374","99101680","46","26785127"
"chr1","72370602","72370713","chr1","134861909","134862024","23","62491307"
"chr1","72375059","72375347","chr3","19993966","19994253","59","52381093"
"chr1","72419920","72420229","chr7","74009338","74009645","49","1589418"
"chr1","72436734","72437047","chr7","59181738","59182047","61","13254996"
"chr1","72451258","72451409","chr2","156589202","156589351","27","84137944"
"chr1","72452119","72452416","chr7","106128720","106129004","45","33676601"
"chr1","72470661","72470969","chr7","106149243","106149546","48","33678582"
"chr1","72526375","72526670","chr12","8795573","8795863","42","63730802"
"chr1","72925273","72925578","chr2","64486245","64486545","55","8439028"
"chr1","73069645","73069923","chr7","155162191","155162474","49","82092546"
"chr1","73092230","73092511","chr9","75205192","75205466","51","2112962"
"chr1","73105544","73105852","chr1","199360645","199360948","47","126255101"
"chr1","73471228","73471528","chr1","168255466","168255766","45","94784238"
"chr1","73737738","73738050","chr1","121265312","121265615","53","47527574"
"chr1","73790534","73790755","chr7","107528322","107528541","49","33737788"
"chr1","73830571","73830871","chr1","13807754","13808053","45","60022817"
"chr1","73911699","73912021","chrX","63118288","63118597","57","10793411"
"chr1","74543892","74544116","chr22","35745701","35745925","45","38798191"
"chr1","74940490","74940542","chr7","13109083","13109133","10","61831407"
"chr1","75199311","75199577","chr10","32038854","32039122","47","43160457"
"chr1","75454879","75455145","chr5","1411519","1411794","64","74043360"
"chr1","75497127","75497429","chr7","77024031","77024336","54","1526904"
"chr1","75560701","75560989","chr7","109303256","109303545","45","33742555"
"chr1","75612263","75612566","chrX","95995820","95996127","55","20383557"
"chr1","75718222","75718534","chr14","33326154","33326465","64","42392068"
"chr1","75896062","75896358","chr16","17883779","17884079","60","58012283"
"chr1","75907410","75907493","chr7","87358359","87358443","19","11450949"
"chr1","76015664","76015935","chr2","165609946","165610218","54","89594282"
"chr1","76177170","76177262","chr15","69573480","69573571","16","6603690"
"chr1","76569344","76569605","chr5","128664686","128664943","57","52095342"
"chr1","76605186","76605490","chr5","116663888","116664187","56","40058702"
"chr1","76765240","76765518","chr16","9036518","9036789","50","67728722"
"chr1","77120216","77120514","chr11","15561808","15562111","48","61558408"
"chr1","77257992","77258286","chr19","11821768","11822062","48","65436224"
"chr1","77367973","77368256","chr3","83968747","83969029","44","6600774"
"chr1","77392044","77392299","chr7","111175079","111175329","44","33783035"
"chr1","77405992","77406293","chr17","69045271","69045580","55","8360721"
"chr1","77597337","77597630","chr2","39828090","39828388","57","37769247"
"chr1","77619911","77620219","chr5","73075939","73076252","46","4543972"
"chr1","77624040","77624165","chr9","83885209","83885340","33","6261169"
"chr1","77695672","77695937","chr3","173064199","173064453","49","95368527"
"chr1","77740857","77741157","chr3","111477906","111478203","50","33737049"
"chr1","77754911","77755082","chr2","111325762","111325930","34","33570851"
"chr1","77780538","77780783","chr7","111465005","111465262","50","33684467"
"chr1","77784228","77784528","chr13","69044776","69045087","54","8739452"
"chr1","77845299","77845586","chr13","101147195","101147486","62","23301896"
"chr1","77870307","77870645","chr7","111525509","111525811","83","33655202"
"chr1","77960540","77960766","chr7","111609611","111609847","45","33649071"
"chr1","78170567","78170853","chr7","30907560","30907847","40","47263007"
"chr1","78206353","78206659","chrUn_GL286217","143262","143564","47","78063091"
"chr1","78481798","78481879","chr5","37761156","37761240","12","40720642"
"chr1","79138769","79139069","chr7","112803220","112803514","40","33664451"
"chr1","79280392","79280679","chr5","87603587","87603850","57","8323195"
"chr1","79284677","79284989","chr9","99101374","99101680","49","19816697"
"chr1","79303120","79303392","chr6","132679714","132679985","47","53376594"
"chr1","79390566","79390864","chr9","96353310","96353605","47","16962744"
"chr1","79496057","79496340","chr13","95861251","95861532","47","16365194"
"chr1","79637228","79637537","chr17","23811331","23811638","43","55825897"
"chr1","79741369","79741677","chr2","67047152","67047456","53","12694217"
"chr1","79756104","79756396","chrX","138655051","138655342","49","58898947"
"chr1","79782240","79782479","chr22","33886794","33887036","58","45895446"
"chr1","79808490","79808783","chr3","74904577","74904866","58","4903913"
"chr1","79959891","79960167","chr8","108273322","108273614","47","28313431"
"chr1","79963707","79963993","chr2","2218970","2219260","45","77744737"
"chr1","79995864","79996156","chr6","17603905","17604193","38","62391959"
"chr1","80084624","80084784","chr2","9302081","9302246","33","70782543"
"chr1","80099362","80099661","chr9","100098416","100098714","49","19999054"
"chr1","80141415","80141691","chr17","67593125","67593399","57","12548290"
"chr1","80219358","80219667","chr1","63523063","63523359","73","16696295"
"chr1","80282053","80282225","chr3","151322790","151322964","31","71040737"
"chr1","80286603","80286898","chr12","114854084","114854381","40","34567481"
"chr1","80608471","80608614","chr7","10811943","10812091","25","69796528"
"chr1","80693993","80694283","chr12","107125942","107126232","41","26431949"
"chr1","80848522","80848832","chr2","1940205","1940517","60","78908317"
"chr1","80874721","80874987","chr7","114645767","114646046","50","33771046"
"chr1","80948877","80949172","chr5","93075725","93076019","51","12126848"
"chr1","81401672","81401963","chr15","26039300","26039588","55","55362372"
"chr1","81465983","81466299","chrX","64172412","64172721","57","17293571"
"chr1","81502152","81502437","chr6","57780653","57780942","48","23721499"
"chr1","81997741","81998038","chr5","50537784","50538079","51","31459957"
"chr1","81999025","81999326","chr11","30195181","30195479","74","51803844"
"chr1","82054809","82054917","chr22","13859479","13859583","14","68195330"
"chr1","82458653","82458793","chr7","116306582","116306723","15","33847929"
"chr1","82483521","82483792","chr5","125987138","125987407","61","43503617"
"chr1","82820800","82821099","chr5","116663888","116664187","46","33843088"
"chr1","82855485","82855790","chr20","20348077","20348385","54","62507408"
"chr1","83204311","83204608","chr8","65769668","65769964","51","17434643"
"chr1","83340056","83340358","chr10","129372635","129372937","46","46032579"
"chr1","83355535","83355832","chr6","70367906","70368206","44","12987629"
"chr1","83554544","83554848","chr6","48814191","48814491","54","34740353"
"chr1","83619014","83619306","chr12","51888773","51889064","44","31730241"
"chr1","83626491","83626791","chr7","66415134","66415432","58","17211357"
"chr1","83659138","83659315","chr7","80386021","80386200","30","3273117"
"chr1","83726370","83726666","chr7","117579613","117579898","49","33853243"
"chr1","83797795","83798092","chr21","49806208","49806506","41","33991587"
"chr1","83799332","83799616","chr6","119011301","119011592","56","35211969"
"chr1","83892684","83892973","chr1","167116975","167117247","60","83224291"
"chr1","84007120","84007220","chr6","127804638","127804741","16","43797518"
"chr1","84007931","84008030","chr5","3510771","3510865","21","80497160"
"chr1","84330627","84330796","chr5","137430867","137431028","29","53100240"
"chr1","84344397","84344718","chr9","17943911","17944216","61","66400486"
"chr1","84557754","84558058","chrX","63118288","63118597","58","21439466"
"chr1","84558373","84558583","chr5","109421126","109421332","37","24862753"
"chr1","84893700","84893955","chr4","31657021","31657288","57","53236679"
"chr1","85234157","85234459","chr5","73339589","73339897","47","11894568"
"chr1","85239392","85239508","chr2","9983560","9983675","29","75255832"
"chr1","85313022","85313202","chr12","18349416","18349582","43","66963606"
"chr1","85332421","85332710","chr1","77745311","77745604","46","7587110"
"chr1","85429448","85429741","chr7","120527883","120528184","43","35098435"
"chr1","85496947","85497259","chr16","59494679","59494983","60","26002268"
"chr1","85574234","85574523","chr6","17854050","17854340","47","67720184"
"chr1","85788363","85788672","chr5","43258967","43259274","50","42529396"
"chr1","85794673","85794985","chr7","120841240","120841548","55","35046567"
"chr1","85859225","85859535","chr22","11599482","11599785","59","74259743"
"chr1","85948029","85948314","chr4","155605212","155605495","47","69657183"
"chr1","85958747","85959038","chr7","121013633","121013923","44","35054886"
"chr1","85986886","85987111","chr5","38716996","38717227","41","47269890"
"chr1","86050951","86051246","chr17","42666630","42666927","53","43384321"
"chr1","86107697","86107984","chr13","49154086","49154372","41","36953611"
"chr1","86136933","86137254","chr16","5681054","5681364","56","80455879"
"chr1","86403495","86403790","chr1","206060001","206060297","56","119656506"
"chr1","86463401","86463695","chr2","72481200","72481495","58","13982201"
"chr1","86501856","86502150","chr1","183739489","183739770","57","97237633"
"chr1","86513759","86514066","chr2","146982644","146982948","52","60468885"
"chr1","86548788","86548879","chr7","42953079","42953163","20","43595709"
"chr1","86556411","86556701","chr7","121632064","121632350","40","35075653"
"chr1","86960807","86961122","chr5","120225189","120225498","50","33264382"
"chr1","87017314","87017530","chr7","122114212","122114429","29","35096898"
"chr1","87036331","87036619","chr7","146019378","146019652","49","58983047"
"chr1","87066141","87066450","chr5","116046595","116046904","53","28980454"
"chr1","87238956","87239237","chr9","33781633","33781909","51","53457323"
"chr1","87255864","87256089","chrX","16595036","16595258","45","70660828"
"chr1","87257380","87257686","chr3","136899810","136900119","52","49642430"
"chr1","87322595","87322706","chr22","34275656","34275762","16","53046939"
"chr1","87445474","87445704","chr9","110352625","110352868","58","22907151"
"chr1","87572265","87572346","chr2","1660261","1660340","17","85912004"
"chr1","87579472","87579763","chr17","68632450","68632743","45","18947022"
"chr1","87639889","87640205","chr2","146982644","146982948","52","59342755"
"chr1","87706539","87706848","chr14","32553436","32553738","51","55153103"
"chr1","87964647","87964958","chr5","43073647","43073957","44","44891000"
"chr1","88008981","88009268","chr1","156644747","156645035","41","68635766"
"chr1","88091139","88091444","chr7","24906412","24906703","57","63184727"
"chr1","88207567","88207718","chr1","151075825","151075965","31","62868258"
"chr1","88264213","88264524","chr7","123354492","123354799","50","35090279"
"chr1","88434276","88434584","chr5","55380182","55380490","46","33054094"
"chr1","88451558","88451861","chr12","50658126","50658432","56","37793432"
"chr1","88684839","88685155","chr5","802010","802319","57","87882829"
"chr1","88828927","88829175","chr7","66790448","66790704","58","22038479"
"chr1","89026578","89026805","chr7","124108801","124109037","49","35082223"
"chr1","89317146","89317456","chr12","105081170","105081479","46","15764024"
"chr1","89347764","89348044","chr7","124563822","124564100","38","35216058"
"chr1","89408828","89409112","chr5","76172590","76172876","53","13236238"
"chr1","89410095","89410378","chr5","64953523","64953798","54","24456572"
"chr1","89437805","89438076","chr14","78608868","78609141","49","10828937"
"chr1","89439204","89439352","chr18","10220299","10220439","27","79218905"
"chr1","89453528","89453658","chr7","124672633","124672753","15","35219105"
"chr1","89465593","89465893","chr4","54370195","54370493","49","35095398"
"chr1","89496692","89496919","chr7","124728662","124728891","37","35231970"
"chr1","89508080","89508371","chr10","102122892","102123191","66","12614812"
"chr1","89571939","89572236","chr12","51888773","51889064","48","37683166"
"chr1","89572240","89572460","chr7","65680750","65680954","44","23891490"
"chr1","89596799","89597108","chr2","10673170","10673480","51","78923629"
"chr1","89598096","89598383","chr7","124835841","124836121","54","35237745"
"chr1","89712300","89712609","chr7","124937830","124938127","50","35225530"
"chr1","89753638","89753908","chr10","55438752","55439023","41","34314886"
"chr1","89781331","89781610","chr8","97925884","97926162","48","8144553"
"chr1","89933533","89933708","chr14","12483406","12483571","40","77450127"
"chr1","90332479","90332795","chr15","77085877","77086177","54","13246602"
"chr1","90439317","90439503","chr16","31241648","31241832","35","59197669"
"chr1","90578769","90579068","chr7","126024658","126024952","42","35445889"
"chr1","90650858","90651159","chr7","126092611","126092908","46","35441753"
"chr1","90733773","90734073","chr5","44717398","44717696","46","46016375"
"chr1","90744784","90745069","chr7","126223330","126223635","51","35478546"
"chr1","91102666","91102954","chr12","20512168","20512452","58","70590498"
"chr1","91250677","91250941","chr2","182750463","182750728","49","91499786"
"chr1","91546705","91547010","chr6","116841833","116842136","50","25295128"
"chr1","91572494","91572692","chr5","4088568","4088777","39","87483926"
"chr1","91650409","91650555","chr15","27660893","27661035","28","63989516"
"chr1","91902803","91903092","chr14","46384466","46384754","54","45518337"
"chr1","91942474","91942770","chr15","38910043","38910338","52","53032431"
"chr1","92080760","92081056","chr9","105304532","105304827","44","13223772"
"chr1","92231814","92232075","chr9","111432646","111432903","53","19200832"
"chr1","92370735","92371030","chr4","88209559","88209853","46","4161176"
"chr1","92463355","92463638","chr9","46777958","46778230","56","45685397"
"chr1","92493922","92494203","chr7","127662230","127662501","46","35168308"
"chr1","92611111","92611383","chr14","44200299","44200576","56","48410812"
"chr1","92728033","92728266","chr12","107496784","107497009","46","14768751"
"chr1","92802296","92802592","chr1","135371826","135372122","41","42569530"
"chr1","92828272","92828403","chr5","10559689","10559821","23","82268583"
"chr1","92829385","92829551","chr7","11334664","11334826","30","81494721"
"chr1","92848330","92848622","chr5","65296228","65296517","49","27552102"
"chr1","92878822","92879132","chr6","132694921","132695233","49","39816099"
"chr1","92883350","92883646","chr9","58545355","58545647","45","34337995"
"chr1","92945426","92945722","chr7","128247861","128248150","52","35302435"
"chr1","92953268","92953575","chrX","64172412","64172721","44","28780856"
"chr1","92958617","92958921","chr7","25925292","25925587","53","67033325"
"chr1","92962461","92962766","chr5","37902121","37902416","53","55060340"
"chr1","92976189","92976488","chr1","103493366","103493665","50","10517177"
"chr1","92981140","92981436","chrX","45924991","45925287","47","47056149"
"chr1","93019695","93019948","chrX","107548418","107548697","61","14528723"
"chr1","93026571","93026865","chr2","71302060","71302351","54","21724511"
"chr1","93064987","93065287","chr5","143729007","143729305","53","50664020"
"chr1","93070690","93070998","chr11","28125301","28125613","48","64945389"
"chr1","93094330","93094628","chr7","128430622","128430917","42","35336292"
"chr1","93161541","93161846","chr16","26529425","26529732","55","66632116"
"chr1","93286946","93287207","chr10","115884825","115885084","46","22597879"
"chr1","93288804","93289088","chr3","53991995","53992275","42","39296809"
"chr1","93296932","93297220","chr3","19993966","19994253","42","73302966"
"chr1","93330747","93331061","chr14","6471804","6472122","55","86858943"
"chr1","93331869","93332156","chr5","71686578","71686874","46","21645291"
"chr1","93344559","93344870","chr5","73075939","73076252","45","20268620"
"chr1","93377172","93377427","chr14","39115150","39115415","48","54262022"
"chr1","93448280","93448578","chr1","135371826","135372122","46","41923546"
"chr1","93449290","93449594","chr5","73075939","73076252","52","20373351"
"chr1","93495789","93496095","chr5","55380182","55380490","48","38115607"
"chr1","93531889","93532193","chr5","73075939","73076252","50","20455950"
"chr1","93567033","93567337","chr2","39815620","39815927","52","53751413"
"chr1","93604530","93604696","chr2","54832372","54832538","31","38772158"
"chr1","93657135","93657457","chr7","129004353","129004647","61","35347218"
"chr1","93719223","93719531","chr7","129059602","129059919","47","35340379"
"chr1","93729801","93730094","chr19","11821768","11822062","41","81908033"
"chr1","93778952","93779265","chr1","166601091","166601403","58","72822139"
"chr1","93827464","93827774","chr7","129322481","129322786","45","35495017"
"chr1","93838703","93839017","chr5","73075939","73076252","49","20762764"
"chr1","93874047","93874352","chr1","192757436","192757740","39","98883389"
"chr1","93877423","93877721","chr7","129367672","129367976","47","35490249"
"chr1","93891228","93891535","chr7","129381724","129382018","46","35490496"
"chr1","93994839","93995082","chr7","129496815","129497062","41","35501976"
"chr1","94022359","94022652","chr5","80121277","80121568","51","13901082"
"chr1","94048110","94048409","chr1","78860175","78860471","41","15187935"
"chr1","94114970","94115145","chr2","150496709","150496881","30","56381739"
"chr1","94203426","94203717","chr6","57780653","57780942","44","36422773"
"chr1","94256914","94257209","chr1","41686123","41686409","45","52570791"
"chr1","94296159","94296465","chr6","75230350","75230656","50","19065809"
"chr1","94302482","94302793","chr7","35515798","35516110","52","58786684"
"chr1","94344425","94344719","chr2","18967756","18968049","57","75376669"
"chr1","94384089","94384316","chr7","129897093","129897318","24","35513004"
"chr1","94423623","94423909","chr4","137135438","137135728","44","42711815"
"chr1","94438546","94438854","chr3","136899810","136900119","61","42461264"
"chr1","94451374","94451667","chr20","26369514","26369801","53","68081860"
"chr1","94626212","94626514","chr9","112188618","112188919","48","17562406"
"chr1","94725983","94726289","chr7","130254759","130255059","45","35528776"
"chr1","94815281","94815523","chr7","130355138","130355384","39","35539857"
"chr1","94816170","94816221","chr1","190874967","190875019","7","96058797"
"chr1","94836236","94836515","chr13","10247200","10247479","43","84589036"
"chr1","94845344","94845606","chr7","130381174","130381447","46","35535830"
"chr1","94866893","94867194","chr2","71331505","71331809","47","23535388"
"chr1","94881528","94881802","chr1","141513493","141513763","44","46631965"
"chr1","94997499","94997798","chr22","27181613","27181911","41","67815886"
"chr1","95167140","95167446","chr7","70375823","70376126","46","24791317"
"chr1","95275907","95276178","chr11","109621120","109621394","49","14345213"
"chr1","95314371","95314673","chr7","130900997","130901302","34","35586626"
"chr1","95340203","95340498","chr5","71686578","71686874","50","23653625"
"chr1","95365808","95365909","chr1","104388374","104388475","15","9022566"
"chr1","95374563","95374818","chr9","123778317","123778575","57","28403754"
"chr1","95396191","95396510","chr4","17919516","17919823","67","77476675"
"chr1","95421805","95422086","chr3","152914930","152915206","47","57493125"
"chr1","95461691","95461936","chr7","131033599","131033835","53","35571908"
"chr1","95472017","95472320","chr5","139889919","139890213","55","44417902"
"chr1","95490055","95490329","chr9","108470235","108470512","43","12980180"
"chr1","95565315","95565625","chr7","131168634","131168936","44","35603319"
"chr1","95685828","95686132","chr2","146982644","146982948","47","51296816"
"chr1","95719845","95720009","chr2","176189669","176189829","22","80469824"
"chr1","95748826","95749118","chr5","56266182","56266475","57","39482644"
"chr1","95883570","95883730","chr22","8461501","8461657","26","87422069"
"chr1","96078920","96079217","chr5","64266316","64266614","46","31812604"
"chr1","96105682","96105954","chr7","52970085","52970360","59","43135597"
"chr1","96121352","96121676","chr1","41300874","41301179","76","54820478"
"chr1","96172224","96172528","chr14","83083786","83084089","46","13088438"
"chr1","96196493","96196798","chr6","7336338","7336636","52","88860155"
"chr1","96218323","96218624","chr6","117332912","117333211","54","21114589"
"chr1","96302246","96302302","chr8","71890164","71890221","11","24412082"
"chr1","96367138","96367426","chr9","65441359","65441649","47","30925779"
"chr1","96709634","96709920","chr7","132286496","132286791","46","35576862"
"chr1","96756221","96756515","chr14","61568989","61569280","54","35187232"
"chr1","96924875","96925164","chr2","203225383","203225677","64","106300508"
"chr1","97165929","97166206","chr11","21070259","21070537","48","76095670"
"chr1","97447094","97447344","chr5","44606303","44606540","43","52840791"
"chr1","97488316","97488632","chr10","63943901","63944195","88","33544415"
"chr1","97685213","97685521","chr2","39168351","39168663","46","58516862"
"chr1","97688139","97688420","chr7","133289678","133289951","48","35601539"
"chr1","97713710","97714009","chr22","27181613","27181911","41","70532097"
"chr1","97802749","97803029","chr13","10247200","10247479","46","87555549"
"chr1","98174841","98175155","chrUn_GL286397","1130596","1130909","55","97044245"
"chr1","98340382","98340678","chr7","133913183","133913478","40","35572801"
"chr1","98363204","98363551","chr7","133936573","133936890","70","35573369"
"chr1","98527875","98528159","chr2","17686816","17687098","55","80841059"
"chr1","98638941","98639242","chr6","46088611","46088916","43","52550330"
"chr1","98715780","98715884","chr22","9954820","9954924","18","88760960"
"chr1","98939418","98939729","chr3","85704870","85705166","53","13234548"
"chr1","98958815","98959124","chr8","70783063","70783362","57","28175752"
"chr1","99008943","99009259","chr7","134614304","134614618","59","35605361"
"chr1","99152318","99152563","chr15","44251668","44251915","62","54900650"
"chr1","99162920","99163200","chr4","88104922","88105198","59","11057998"
"chr1","99511980","99512283","chr5","59461001","59461310","49","40050979"
"chr1","99562279","99562581","chr7","135171359","135171656","45","35609080"
"chr1","99791175","99791447","chr1","197465921","197466196","45","97674746"
"chr1","99983998","99984294","chr8","3164270","3164554","56","96819728"
"chr1","100445267","100445563","chr5","45557348","45557644","51","54887919"
"chr1","100496124","100496172","chr7","13109083","13109133","14","87387041"
"chr1","100595743","100595802","chr5","1387878","1387936","5","99207865"
"chr1","100685398","100685707","chr2","8714186","8714498","55","91971212"
"chr1","100721636","100721944","chr12","5225312","5225605","56","95496324"
"chr1","100772851","100773146","chr3","3161578","3161876","48","97611273"
"chr1","100822754","100823060","chr7","70375823","70376126","54","30446931"
"chr1","100850025","100850340","chr13","69044776","69045087","51","31805249"
"chr1","101016241","101016524","chr10","94743456","94743738","44","6272785"
"chr1","101031136","101031446","chr2","150624041","150624344","48","49592905"
"chr1","101041594","101041902","chr9","108638571","108638873","50","7596977"
"chr1","101049318","101049633","chrUn_GL286435","410019","410331","39","100639299"
"chr1","101117000","101117296","chr5","62702711","62703007","46","38414289"
"chr1","101162930","101163214","chr15","7059353","7059639","49","94103577"
"chr1","101167742","101168045","chr5","9589981","9590273","62","91577761"
"chr1","101174890","101175202","chrX","69002372","69002677","51","32172518"
"chr1","101196204","101196499","chr16","62812356","62812647","55","38383848"
"chr1","101222200","101222465","chr6","136008301","136008560","54","34786101"
"chr1","101261723","101261863","chr1","151075825","151075965","22","49814102"
"chr1","101316519","101316811","chr6","53265880","53266171","44","48050639"
"chr1","101360547","101360858","chr12","27541092","27541402","51","73819455"
"chr1","101423585","101423887","chrX","122463244","122463548","57","21039659"
"chr1","101487631","101487913","chr5","8282348","8282619","45","93205283"
"chr1","101726578","101726648","chr2","6648559","6648630","8","95078019"
"chr1","101769601","101769903","chr11","20385409","20385702","63","81384192"
"chr1","101962442","101962587","chr6","106064476","106064617","29","4102034"
"chr1","101984139","101984254","chr13","35999347","35999465","21","65984792"
"chr1","102063501","102063782","chr2","151333028","151333320","52","49269527"
"chr1","102067476","102067776","chr2","71331505","71331809","50","30735971"
"chr1","102158754","102159065","chrX","47393224","47393529","45","54765530"
"chr1","102204188","102204499","chr5","124645645","124645952","56","22441457"
"chr1","102212302","102212612","chr5","78565303","78565608","52","23646999"
"chr1","102214835","102215130","chr16","59126214","59126504","54","43088621"
"chr1","102223016","102223086","chr3","36217937","36218004","12","66005079"
"chr1","102233463","102233600","chr2","146936311","146936444","25","44702848"
"chr1","102249873","102250175","chr5","673158","673457","51","101576715"
"chr1","102325097","102325390","chr5","38346950","38347243","78","63978147"
"chr1","102336207","102336516","chr2","146982644","146982948","65","44646437"
"chr1","102339544","102339835","chr7","137625147","137625422","52","35285603"
"chr1","102344918","102345227","chr1","199360645","199360948","62","97015727"
"chr1","102438810","102439119","chr4","73898424","73898724","60","28540386"
"chr1","102497640","102497746","chr5","43996246","43996352","24","58501394"
"chr1","102502197","102502346","chr14","71349893","71350037","31","31152304"
"chr1","102683812","102684108","chr10","80449759","80450058","50","22234053"
"chr1","102838486","102838667","chr7","138101889","138102052","35","35263403"
"chr1","102898625","102898898","chr5","108398058","108398331","48","5499433"
"chr1","102959826","102960122","chr3","125727711","125728005","49","22767885"
"chr1","103054603","103054914","chr5","54889537","54889841","72","48165066"
"chr1","103088660","103088869","chr10","81526931","81527140","61","21561729"
"chr1","103449469","103449750","chr5","44163697","44163980","51","59285772"
"chr1","103457231","103457530","chr21","49806208","49806506","43","53651023"
"chr1","103695303","103695615","chr11","107864365","107864676","48","4169062"
"chr1","104315043","104315182","chr15","34753016","34753153","24","69562027"
"chr1","104416041","104416330","chr5","80121277","80121568","54","24294764"
"chr1","104490924","104491213","chr2","146570178","146570467","62","42079254"
"chr1","104796072","104796376","chr5","3057174","3057476","49","101738898"
"chr1","105177926","105178241","chr7","88697458","88697764","60","16480468"
"chr1","105189343","105189637","chr14","10043119","10043416","52","95146224"
"chr1","105277565","105277867","chr12","37179701","37180010","57","68097864"
"chr1","105428243","105428362","chr3","84875338","84875455","26","20552905"
"chr1","105698431","105698630","chr6","61999803","62000000","53","43698628"
"chr1","105799436","105799707","chr6","149493733","149494004","64","43694297"
"chr1","106141382","106141570","chr9","42117391","42117572","39","64023991"
"chr1","106176348","106176503","chr22","8461501","8461657","28","97714847"
"chr1","106286180","106286469","chr3","106011472","106011765","56","274708"
"chr1","106312563","106312860","chr7","141442595","141442886","62","35130032"
"chr1","106374779","106374881","chr22","16507435","16507537","18","89867344"
"chr1","106391251","106391536","chr10","100408257","100408540","59","5982994"
"chr1","106697390","106697674","chr2","134890220","134890504","54","28192830"
"chr1","107510042","107510366","chr1","151289702","151290028","74","43779660"
"chr1","107644584","107644864","chr15","64624739","64625022","56","43019845"
"chr1","108042343","108042636","chr1","168510460","168510747","53","60468117"
"chr1","108070944","108071250","chr7","143251704","143252005","47","35180760"
"chr1","108123673","108123967","chr16","95447751","95448022","77","12675922"
"chr1","108243234","108243526","chr11","20385409","20385702","45","87857825"
"chr1","108243657","108243934","chr7","143414965","143415239","46","35171308"
"chr1","108549832","108550136","chr7","87384353","87384653","51","21165479"
"chr1","108666568","108666859","chr12","82629980","82630268","42","26036588"
"chr1","108741856","108742160","chr22","13887239","13887540","51","94854617"
"chr1","108770056","108770367","chr4","71933212","71933503","63","36836844"
"chr1","109004357","109004442","chr4","13244108","13244185","16","95760249"
"chr1","109087543","109087844","chr7","144273587","144273886","38","35186044"
"chr1","109112221","109112499","chr11","72408791","72409072","50","36703430"
"chr1","109152935","109153212","chr4","112971878","112972144","71","3818943"
"chr1","109167607","109167783","chr19","11894752","11894937","42","97272855"
"chr1","109260921","109261222","chr11","66635820","66636129","60","42625101"
"chr1","109390214","109390495","chr7","10010037","10010324","51","99380177"
"chr1","109542526","109542830","chr7","136420339","136420642","50","26877813"
"chr1","109597414","109597699","chr7","97022652","97022933","43","12574762"
"chr1","109620748","109621043","chr7","50803128","50803418","42","58817620"
"chr1","109689549","109689766","chr10","58355367","58355583","38","51334182"
"chr1","109728464","109728732","chr1","121001735","121002005","54","11273271"
"chr1","109730630","109730919","chr7","22422256","22422540","54","87308374"
"chr1","109803067","109803273","chr11","50895039","50895243","34","58908028"
"chr1","109811087","109811382","chr17","24257994","24258289","55","85553093"
"chr1","109826474","109826754","chr14","13871396","13871677","41","95955078"
"chr1","109829700","109830003","chr7","70375823","70376126","53","39453877"
"chr1","109836929","109837202","chr9","1992967","1993234","51","107843962"
"chr1","109849841","109850057","chr12","31414265","31414478","34","78435576"
"chr1","109926603","109926699","chr5","1759512","1759601","14","108167091"
"chr1","109939085","109939373","chr3","170772436","170772722","40","60833351"
"chr1","109975335","109975628","chr18","5071565","5071862","39","104903770"
"chr1","109980782","109981076","chr1","170771447","170771746","43","60790665"
"chr1","110016862","110017148","chr3","19993966","19994253","44","90022896"
"chr1","110021541","110021823","chr5","92840142","92840426","54","17181399"
"chr1","110022346","110022665","chr7","144923695","144923989","72","34901349"
"chr1","110060139","110060449","chr2","150624041","150624344","52","40563902"
"chr1","110073359","110073658","chr7","66759838","66760136","47","43313521"
"chr1","110075623","110075894","chr10","44073303","44073571","63","66002320"
"chr1","110220055","110220348","chr1","187320948","187321238","46","77100893"
"chr1","110223182","110223498","chr6","85448275","85448576","66","24774907"
"chr1","110280476","110280770","chr2","203225383","203225677","45","92944907"
"chr1","110304132","110304427","chr11","33854974","33855277","69","76449158"
"chr1","110305539","110305835","chr7","145290845","145291126","50","34985306"
"chr1","110307730","110307986","chr11","115048952","115049195","64","4741222"
"chr1","110309235","110309505","chr7","71772998","71773275","56","38536237"
"chr1","110363276","110363452","chr9","112539617","112539786","34","2176341"
"chr1","110366354","110366666","chr7","70375823","70376126","56","39990531"
"chr1","110372706","110372837","chr7","44977864","44977995","18","65394842"
"chr1","110413314","110413592","chr4","158481330","158481605","38","48068016"
"chr1","110414670","110414965","chr14","915738","916038","42","109498932"
"chr1","110420376","110420435","chr2","97655048","97655103","9","12765328"
"chr1","110420860","110421164","chr12","54995781","54996077","52","55425079"
"chr1","110430007","110430263","chr3","106564757","106565021","51","3865250"
"chr1","110458327","110458605","chr2","137358633","137358917","55","26900306"
"chr1","110610246","110610533","chr4","8654882","8655171","44","101955364"
"chr1","110676747","110677056","chr7","18384707","18385006","44","92292040"
"chr1","110726403","110726699","chr2","147728720","147729015","41","37002317"
"chr1","110820807","110821128","chr5","73075939","73076252","51","37744868"
"chr1","111014526","111014834","chr1","199205050","199205355","50","88190524"
"chr1","111026868","111027174","chr9","9679426","9679735","57","101347442"
"chr1","111278013","111278250","chr13","61817680","61817928","44","49460333"
"chr1","111290298","111290610","chr10","45615251","45615566","59","65675047"
"chr1","111307917","111308186","chr1","167116975","167117247","44","55809058"
"chr1","111312817","111312963","chr11","87360229","87360373","32","23952588"
"chr1","111321071","111321365","chr7","146330480","146330781","39","35009409"
"chr1","111340414","111340705","chr7","146349445","146349737","34","35009031"
"chr1","111995862","111995911","chr4","31038680","31038729","2","80957182"
"chr1","112009869","112010018","chr7","147082254","147082406","23","35072385"
"chr1","112277777","112278026","chr12","80027861","80028112","48","32249916"
"chr1","112283877","112284171","chr7","147410407","147410703","37","35126530"
"chr1","112375704","112376014","chr19","1194364","1194672","46","111181340"
"chr1","112385889","112386129","chr7","46460788","46461020","45","65925101"
"chr1","112406026","112406332","chr7","147547581","147547890","32","35141555"
"chr1","112480913","112481184","chr7","147627205","147627490","50","35146292"
"chr1","112498833","112499126","chr6","135531665","135531946","59","23032832"
"chr1","112511485","112511573","chr3","142360995","142361079","14","29849510"
"chr1","112540670","112540767","chr9","35721769","35721865","10","76818901"
"chr1","113181269","113181578","chrX","64172412","64172721","47","49008857"
"chr1","113232208","113232298","chr2","130459575","130459659","10","17227367"
"chr1","113296948","113297250","chr5","83047784","83048085","43","30249164"
"chr1","113353216","113353514","chr15","72516887","72517186","47","40836329"
"chr1","113357560","113357850","chr11","65834106","65834397","47","47523454"
"chr1","113423643","113423928","chr12","98122650","98122929","68","15300993"
"chr1","113424382","113424685","chr5","55380182","55380490","55","58044200"
"chr1","113462485","113462788","chr3","117540807","117541109","46","4078322"
"chr1","113500002","113500316","chr7","148691769","148692073","54","35191767"
"chr1","113654379","113654683","chr5","64266316","64266614","54","49388063"
"chr1","113676632","113676686","chr3","10610623","10610669","10","103066009"
"chr1","113679043","113679085","chrX","15428193","15428233","3","98250850"
"chr1","113789772","113790068","chr10","29508947","29509244","48","84280825"
"chr1","113790655","113790799","chr1","13126429","13126562","27","100664226"
"chr1","113791278","113791464","chr22","6401205","6401390","33","107390073"
"chr1","113806036","113806338","chrX","117955769","117956070","49","4149733"
"chr1","113836025","113836334","chrX","63118288","63118597","43","50717737"
"chr1","113889330","113889625","chr5","116663888","116664187","47","2774558"
"chr1","113946589","113946878","chr1","187320948","187321238","46","73374359"
"chr1","113988389","113988521","chr5","10559689","10559821","21","103428700"
"chr1","114048470","114048779","chr7","149229058","149229362","47","35180588"
"chr1","114089296","114089593","chr7","149271363","149271657","46","35182067"
"chr1","114164663","114164705","chr7","89660559","89660602","5","24504104"
"chr1","114341049","114341330","chr7","149526408","149526705","54","35185359"
"chr1","114431651","114431968","chr9","91913169","91913469","67","22518482"
"chr1","114466847","114467154","chr7","89460357","89460663","46","25006490"
"chr1","114583425","114583711","chr7","149795588","149795875","40","35212163"
"chr1","114585549","114585856","chr22","42274761","42275058","60","72310788"
"chr1","114630863","114631147","chr7","149850102","149850390","35","35219239"
"chr1","114659760","114660053","chr12","8795573","8795863","41","105864187"
"chr1","114662203","114662307","chr10","8845544","8845652","14","105816659"
"chr1","114671658","114671946","chr7","149882526","149882825","48","35210868"
"chr1","114722029","114722285","chr7","149928699","149928960","32","35206670"
"chr1","114759601","114759903","chr1","210134180","210134465","60","95374579"
"chr1","114826113","114826415","chr22","13266743","13267039","48","101559370"
"chr1","114851338","114851605","chr22","27834891","27835161","40","87016447"
"chr1","115162367","115162640","chr15","1024430","1024709","51","114137937"
"chr1","115175806","115176109","chr3","117540807","117541109","37","2365001"
"chr1","115180167","115180339","chr1","76981580","76981755","39","38198587"
"chr1","115196375","115196486","chr7","150421898","150422005","12","35225523"
"chr1","115249652","115249754","chr1","20863197","20863299","18","94386455"
"chr1","115331350","115331638","chr12","107125942","107126232","39","8205408"
"chr1","115365954","115366253","chr12","60412372","60412675","46","54953582"
"chr1","115369512","115369816","chr21","41025095","41025401","47","74344417"
"chr1","115374434","115374758","chr7","97706424","97706716","78","17668010"
"chr1","115403477","115403786","chrX","46464393","46464684","66","68939084"
"chr1","115466246","115466573","chr2","11795961","11796289","64","103670285"
"chr1","115466702","115466995","chr7","150695478","150695767","47","35228776"
"chr1","115476505","115476587","chr4","28106068","28106146","15","87370437"
"chr1","115476701","115476859","chr22","37810538","37810691","26","77666163"
"chr1","115508188","115508492","chr5","38842722","38843017","47","76665466"
"chr1","115533031","115533331","chr1","13807754","13808053","49","101725277"
"chr1","115566659","115566709","chr1","170703737","170703784","7","55137078"
"chr1","115623669","115623967","chr16","66568637","66568935","54","49055032"
"chr1","115644808","115645109","chr9","48897542","48897838","53","66747266"
"chr1","115655252","115655549","chr14","19648213","19648502","63","96007039"
"chr1","115676191","115676477","chr4","111795287","111795580","53","3880904"
"chr1","115693932","115694235","chr5","47097737","47098035","52","68596195"
"chr1","115694322","115694627","chr7","53393585","53393889","41","62300737"
"chr1","115696501","115696775","chr7","150948851","150949120","52","35252350"
"chr1","115728079","115728374","chr2","203225383","203225677","50","87497304"
"chr1","116248292","116248454","chr4","32101212","32101368","37","84147080"
"chr1","116283853","116284104","chrUn_GL286395","6134","6384","28","116277719"
"chr1","116365693","116365971","chr12","16160305","16160587","59","100205388"
"chr1","116479055","116479339","chr2","17996148","17996446","59","98482907"
"chr1","116487890","116488202","chr7","70375823","70376126","54","46112067"
"chr1","116491319","116491481","chr14","71098769","71098932","39","45392550"
"chr1","116750640","116750930","chr7","152033388","152033681","47","35282748"
"chr1","116934669","116934912","chr7","41590979","41591212","48","75343690"
"chr1","117084501","117084598","chr19","2102996","2103081","25","114981505"
"chr1","117156003","117156251","chr9","123778317","123778575","46","6622314"
"chr1","117265816","117266101","chr1","136787688","136787952","58","19521872"
"chr1","117337956","117338246","chr7","152665663","152665946","49","35327707"
"chr1","117460367","117460675","chr6","75230350","75230656","49","42230017"
"chr1","117475229","117475536","chr5","73075939","73076252","42","44399290"
"chr1","117546455","117546729","chr7","152871538","152871805","45","35325083"
"chr1","117615150","117615441","chr1","141513493","141513763","59","23898343"
"chr1","117632060","117632344","chr12","107125942","107126232","45","10506118"
"chr1","117653055","117653358","chr6","119454843","119455151","50","1801788"
"chr1","117679913","117680206","chr10","1666053","1666355","55","116013860"
"chr1","117681014","117681129","chr9","12696555","12696670","20","104984459"
"chr1","117704314","117704602","chr6","119011301","119011592","42","1306987"
"chr1","117747072","117747376","chr7","153080513","153080818","42","35333441"
"chr1","117823000","117823313","chr7","153167145","153167447","53","35344145"
"chr1","117847214","117847513","chr9","45325979","45326278","47","72521235"
"chr1","117889472","117889765","chr16","56366912","56367212","48","61522560"
"chr1","117955449","117955747","chr1","206060001","206060297","46","88104552"
"chr1","118071885","118072076","chr12","100336272","100336456","32","17735613"
"chr1","118125418","118125716","chr5","136059619","136059920","55","17934201"
"chr1","118568706","118569011","chr9","45325979","45326278","42","73242727"
"chr1","118589866","118590137","chr7","153969345","153969602","43","35379479"
"chr1","118868323","118868518","chr6","21910209","21910413","51","96958114"
"chr1","119234765","119235044","chr2","114473675","114473947","50","4761090"
"chr1","119235995","119236028","chr9","91427403","91427433","14","27808592"
"chr1","119552527","119552794","chr7","154945504","154945784","58","35392977"
"chr1","119557846","119558042","chr10","29223283","29223492","52","90334563"
"chr1","119861691","119862029","chr7","155294997","155295328","73","35433306"
"chr1","119870484","119870747","chr1","147402149","147402405","46","27531665"
"chr1","119910491","119910789","chr7","44689617","44689912","40","75220874"
"chr1","120040925","120041224","chr7","155503331","155503623","50","35462406"
"chr1","120091938","120092046","chr2","198796501","198796600","17","78704563"
"chr1","120204968","120205252","chr3","111757155","111757440","68","8447813"
"chr1","120540493","120540780","chr19","23703813","23704099","45","96836680"
"chr1","120565658","120565938","chr22","38654238","38654519","52","81911420"
"chr1","120881094","120881393","chr18","550480","550775","38","120330614"
"chr1","120958459","120958753","chr12","79497897","79498186","46","41460562"
"chr1","120960717","120961022","chr2","13919309","13919605","54","107041408"
"chr1","121060491","121060585","chr4","107276696","107276792","18","13783795"
"chr1","121061804","121061903","chr18","13285722","13285823","15","107776082"
"chr1","121231313","121231618","chr20","41078863","41079167","45","80152450"
"chr1","121288173","121288472","chr1","170771447","170771746","57","49483274"
"chr1","121299793","121299902","chr10","102409963","102410075","18","18889830"
"chr1","121368202","121368359","chr5","81141332","81141480","28","40226870"
"chr1","121411959","121412251","chr1","13807754","13808053","45","107604205"
"chr1","121417463","121417753","chr5","61025909","61026199","44","60391554"
"chr1","121426304","121426611","chr5","73075939","73076252","50","48350365"
"chr1","121440566","121440852","chr17","21580611","21580899","45","99859955"
"chr1","121454732","121455006","chrX","12465450","12465733","60","108989282"
"chr1","121473966","121474210","chr9","114704790","114705040","53","6769176"
"chr1","121500001","121500106","chr7","57247597","57247703","23","64252404"
"chr1","121506492","121506791","chr11","122686903","122687200","43","1180411"
"chr1","121519335","121519611","chr18","1302438","1302726","47","120216897"
"chr1","121520939","121521088","chr6","114762508","114762668","21","6758431"
"chr1","121541089","121541403","chr9","101210178","101210488","50","20330911"
"chr1","121565429","121565720","chr6","119011301","119011592","45","2554128"
"chr1","121586833","121587139","chr7","70375823","70376126","38","51211010"
"chr1","121623788","121624085","chr2","203225383","203225677","48","81601595"
"chr1","121662016","121662341","chr22","38321989","38322299","84","83340027"
"chr1","121665575","121665906","chr18","1140684","1140995","60","120524891"
"chr1","121675360","121675567","chr3","47480697","47480906","38","74194663"
"chr1","121682107","121682401","chr18","4835038","4835329","55","116847069"
"chr1","121754772","121755066","chr10","14599452","14599749","50","107155320"
"chr1","121775047","121775226","chr7","50710204","50710388","38","71064843"
"chr1","121802006","121802306","chr7","54698404","54698699","52","67103602"
"chr1","121910963","121911243","chr9","53846779","53847056","50","68064184"
"chr1","121970315","121970414","chr6","40438614","40438709","18","81531701"
"chr1","122128081","122128357","chr10","81297991","81298270","56","40830090"
"chr1","122138402","122138445","chr11","122904697","122904742","5","766295"
"chr1","122368573","122368890","chr1","13807754","13808053","61","108560819"
"chr1","122392938","122393247","chr7","35515798","35516110","45","86877140"
"chr1","122420244","122420339","chr5","88467647","88467739","16","33952597"
"chr1","122607466","122607698","chr4","113516437","113516685","51","9091029"
"chr1","122745079","122745407","chr4","132055862","132056190","68","9310783"
"chr1","122786788","122787079","chr2","147728720","147729015","47","24941932"
"chr1","122850775","122851095","chr5","55380182","55380490","66","67470593"
"chr1","122857179","122857376","chrUn_GL286435","169124","169311","49","122688055"
"chr1","122880296","122880602","chr1","166036321","166036626","46","43156025"
"chr1","122893396","122893685","chr5","110562767","110563058","49","12330629"
"chr1","122977662","122977959","chrUn_GL286502","722","997","51","122976940"
"chr1","123072661","123072843","chr7","30361938","30362106","38","92710723"
"chr1","123127395","123127550","chrUn_GL288913","3511","3682","29","123123884"
"chr1","123133892","123134117","chr1","98606452","98606663","59","24527440"
"chr1","123163626","123163935","chr3","136899810","136900119","45","13736184"
"chr1","123202243","123202566","chr2","146982644","146982948","59","23780401"
"chr1","123225417","123225759","chr4","132055862","132056190","65","8830445"
"chr1","123280742","123280836","chr12","9612526","9612620","16","113668216"
"chr1","123292319","123292631","chrX","45155908","45156218","69","78136411"
"chr1","123351005","123351294","chrUn_GL286502","722","997","42","123350283"
"chr1","123410098","123410379","chr10","94342101","94342382","64","29067997"
"chr1","123423884","123424177","chr1","77745311","77745604","45","45678573"
"chr1","123527085","123527246","chr5","111397165","111397318","35","12129920"
"chr1","123551421","123551681","chr4","21116949","21117214","52","102434472"
"chr1","123573158","123573254","chr12","9612526","9612620","12","113960632"
"chr1","123631857","123632137","chr18","3839906","3840183","34","119791951"
"chr1","123644701","123644971","chr8","11597419","11597690","55","112047282"
"chr1","123745664","123745961","chr17","62830726","62831031","55","60914938"
"chr1","123774607","123774896","chr5","50288601","50288889","39","73486006"
"chr1","123792361","123792654","chr4","98746325","98746622","41","25046036"
"chr1","123794010","123794205","chr5","756723","756913","37","123037287"
"chr1","123798084","123798384","chr21","49806208","49806506","46","73991876"
"chr1","123833180","123833287","chr18","4036913","4037025","12","119796267"
"chr1","123838019","123838306","chr1","202436505","202436787","56","78598486"
"chr1","123879152","123879457","chr4","158769812","158770108","52","34890660"
"chr1","123942052","123942354","chr10","129372635","129372937","51","5430583"
"chr1","123946889","123947187","chr1","148374165","148374460","42","24427276"
"chr1","123948337","123948484","chr21","45338800","45338950","26","78609537"
"chr1","123949055","123949110","chr8","4649703","4649758","18","119299352"
"chr1","123949947","123950240","chr4","82163060","82163362","60","41786887"
"chr1","123950919","123951148","chr21","50315649","50315880","43","73635270"
"chr1","123969030","123969325","chr18","4172731","4173009","52","119796299"
"chr1","124001282","124001574","chr3","142600603","142600893","48","18599321"
"chr1","124034827","124035100","chr18","10455205","10455465","52","113579622"
"chr1","124080883","124081182","chr22","42274761","42275058","41","81806122"
"chr1","124081504","124081683","chr22","14659332","14659511","27","109422172"
"chr1","124082141","124082349","chr5","82210611","82210812","39","41871530"
"chr1","124082354","124082416","chr6","44297359","44297414","10","79784995"
"chr1","124091167","124091466","chr6","48814191","48814491","46","75276976"
"chr1","124133820","124134124","chr1","157094647","157094947","44","32960827"
"chr1","124135107","124135412","chr14","32553436","32553738","55","91581671"
"chr1","124202508","124202782","chr5","107761416","107761690","38","16441092"
"chr1","124236152","124236248","chr10","98329054","98329150","17","25907098"
"chr1","124339232","124339524","chr14","14434290","14434590","59","109904942"
"chr1","124352246","124352540","chr18","4554750","4555040","46","119797496"
"chr1","124355365","124355475","chr11","118004500","118004609","15","6350865"
"chr1","124361426","124361571","chr9","24953502","24953645","24","99407924"
"chr1","124362417","124362544","chr2","137768348","137768472","29","13405931"
"chr1","124390332","124390632","chr5","85088060","85088351","52","39302272"
"chr1","124408144","124408295","chr5","87760479","87760621","25","36647665"
"chr1","124408297","124408381","chr3","142360995","142361079","7","17952698"
"chr1","124447643","124447948","chr5","68583055","68583361","50","55864588"
"chr1","124452177","124452231","chr18","41967662","41967715","6","82484515"
"chr1","124460698","124460993","chr18","4666096","4666389","36","119794602"
"chr1","124467213","124467366","chr5","99988159","99988305","26","24479054"
"chr1","124507099","124507396","chr5","139889919","139890213","52","15382820"
"chr1","124509254","124509439","chr13","97710433","97710611","35","26798821"
"chr1","124562183","124562446","chr3","139853712","139853986","55","15291529"
"chr1","124600703","124601001","chr7","70375823","70376126","44","54224880"
"chr1","124602055","124602370","chr2","12763386","12763696","53","111838669"
"chr1","124640340","124640629","chr18","4835038","4835329","36","119805302"
"chr1","124644256","124644561","chr18","4838336","4838632","43","119805920"
"chr1","124658293","124658545","chr20","11729288","11729543","43","112929005"
"chr1","124661531","124661832","chr9","44880088","44880390","50","79781443"
"chr1","124664024","124664072","chr5","111947449","111947497","6","12716575"
"chr1","124717737","124717911","chr18","14718837","14719002","28","109998900"
"chr1","124718601","124718720","chr3","166034266","166034390","28","41315665"
"chr1","124796373","124796656","chr18","4991076","4991362","46","119805297"
"chr1","124821763","124822063","chr11","122686903","122687200","45","2134860"
"chr1","124824619","124824920","chr11","122681076","122681374","46","2143543"
"chr1","124836769","124837071","chr18","5034262","5034567","41","119802507"
"chr1","124850503","124850783","chr6","42352153","42352438","56","82498350"
"chr1","124882006","124882314","chr20","22599729","22600035","49","102282277"
"chr1","124885823","124885998","chr22","34544447","34544626","36","90341376"
"chr1","124898706","124898918","chr13","41003650","41003851","36","83895056"
"chr1","124901323","124901645","chr9","45284899","45285203","52","79616424"
"chr1","124913315","124913457","chr7","67519756","67519888","36","57393559"
"chr1","124917865","124918174","chr2","17435825","17436127","48","107482040"
"chr1","124918598","124918732","chr4","86405508","86405652","28","38513090"
"chr1","124923734","124923889","chr4","10280561","10280722","35","114643173"
"chr1","125002432","125002541","chr1","172859768","172859871","14","47857336"
"chr1","125015400","125015710","chr9","101210178","101210488","49","23805222"
"chr1","125015781","125016020","chr10","54808848","54809093","62","70206933"
"chr1","125017319","125017618","chrX","45571361","45571660","54","79445958"
"chr1","125046436","125046715","chr13","10247200","10247479","49","114799236"
"chr1","125058587","125058897","chr14","83083786","83084089","52","41974801"
"chr1","125064893","125065188","chr2","71331505","71331809","41","53733388"
"chr1","125096858","125097149","chr5","65296228","65296517","46","59800630"
"chr1","125130940","125130973","chr8","97260104","97260146","15","27870836"
"chr1","125130961","125131028","chrUn_GL286218","12052","12119","14","125118909"
"chr1","125182694","125182789","chr11","120745152","120745246","14","4437542"
"chr1","125216670","125216919","chr7","47053043","47053292","52","78163627"
"chr1","125228303","125228602","chr2","13733063","13733362","48","111495240"
"chr1","125237955","125238257","chr18","5441561","5441857","46","119796394"
"chr1","125261924","125261994","chr5","62123808","62123877","8","63138116"
"chr1","125279741","125280034","chrX","23387632","23387922","55","101892109"
"chr1","125289706","125289990","chr3","118139040","118139328","36","7150666"
"chr1","125478824","125479132","chr2","10673170","10673480","52","114805654"
"chr1","125481195","125481503","chr2","10673170","10673480","52","114808025"
"chr1","125495069","125495353","chr2","131501585","131501869","38","6006516"
"chr1","125582322","125582486","chr2","176189669","176189829","30","50607347"
"chr1","125587206","125587502","chr18","5795420","5795710","40","119791786"
"chr1","125603926","125604226","chr18","5812534","5812824","36","119791392"
"chr1","125700077","125700387","chr5","124645645","124645952","49","1054432"
"chr1","125755899","125756201","chr22","5138073","5138365","53","120617826"
"chr1","125827935","125828222","chr18","6036686","6036976","48","119791249"
"chr1","125878804","125879115","chr2","39815620","39815927","51","86063184"
"chr1","125879765","125880036","chr1","167116975","167117247","53","41237210"
"chr1","126061604","126061781","chrX","62746789","62746957","41","63314815"
"chr1","126819609","126819894","chr1","156829227","156829517","51","30009618"
"chr1","126870284","126870472","chr18","7156484","7156680","54","119713800"
"chr1","126906485","126906697","chr12","19392060","19392271","37","107514425"
"chr1","127077954","127078257","chr4","121546937","121547241","59","5531017"
"chr1","127243957","127244007","chr4","110238989","110239033","10","17004968"
"chr1","127247913","127248225","chrX","65834699","65835002","69","61413214"
"chr1","127352292","127352559","chr10","32038854","32039122","44","95313438"
"chr1","127364763","127365057","chr1","173326950","173327240","49","45962187"
"chr1","127375386","127375435","chr4","2144675","2144724","6","125230711"
"chr1","127432203","127432478","chr9","80198105","80198382","53","47234098"
"chr1","127460585","127460772","chr4","24635839","24636012","34","102824746"
"chr1","127477911","127478190","chr7","85865230","85865504","60","41612681"
"chr1","127478786","127479093","chr5","55380182","55380490","44","72098604"
"chr1","127501937","127502185","chr13","49797727","49797974","48","77704210"
"chr1","127524643","127524952","chr1","177887745","177888052","46","50363102"
"chr1","127547636","127547814","chr13","16898718","16898893","29","110648918"
"chr1","127553093","127553403","chr6","75230350","75230656","68","52322743"
"chr1","127611538","127611798","chr1","147402149","147402405","47","19790611"
"chr1","127614695","127614979","chr10","94342101","94342382","49","33272594"
"chr1","127630023","127630325","chr2","150624041","150624344","47","22994018"
"chr1","127637728","127638031","chr5","1841834","1842126","59","125795894"
"chr1","127647064","127647375","chrX","122814460","122814755","63","4832604"
"chr1","127662301","127662399","chr5","35409951","35410049","16","92252350"
"chr1","127688282","127688471","chr5","10436233","10436421","32","117252049"
"chr1","127692628","127692931","chr4","98746325","98746622","47","28946303"
"chr1","127692953","127693069","chr3","80019144","80019262","19","47673809"
"chr1","127720798","127720930","chr5","10559689","10559821","10","117161109"
"chr1","127721413","127721666","chr2","91123304","91123566","48","36598109"
"chr1","127776251","127776545","chr5","1841834","1842126","42","125934417"
"chr1","127776587","127776741","chr7","31521571","31521726","36","96255016"
"chr1","127794273","127794348","chr21","38673844","38673917","11","89120429"
"chr1","127811900","127812178","chr2","129078851","129079134","47","1266951"
"chr1","127829268","127829574","chr12","16212093","16212391","54","111617175"
"chr1","127839683","127839977","chr16","6722403","6722693","43","121117280"
"chr1","127839989","127840297","chr9","101210178","101210488","46","26629811"
"chr1","127884033","127884366","chr11","28125301","28125613","57","99758732"
"chr1","127897618","127897900","chr8","110543944","110544225","49","17353674"
"chr1","127903363","127903666","chr7","35515798","35516110","55","92387565"
"chr1","127912868","127913155","chr18","8044996","8045291","59","119867872"
"chr1","127929380","127929678","chr12","20230563","20230858","50","107698817"
"chr1","127940035","127940241","chr18","8072027","8072224","29","119868008"
"chr1","127949744","127950033","chr1","192828584","192828863","64","64878840"
"chr1","127976317","127976544","chr18","8115017","8115246","33","119861300"
"chr1","127987567","127987869","chr9","113160799","113161104","41","14826768"
"chr1","128001739","128002038","chr16","71570137","71570438","52","56431602"
"chr1","128004547","128004865","chr9","69384614","69384916","66","58619933"
"chr1","128012917","128013214","chr10","48321055","48321354","43","79691862"
"chr1","128093589","128093893","chr9","105072042","105072344","56","23021547"
"chr1","128102218","128102514","chr7","88697458","88697764","50","39404760"
"chr1","128147161","128147339","chr4","24635839","24636012","33","103511322"
"chr1","128147451","128147733","chr12","26130148","26130438","45","102017303"
"chr1","128174285","128174599","chr5","124645645","124645952","54","3528640"
"chr1","128198998","128199043","chr1","77402005","77402050","8","50796993"
"chr1","128205753","128206035","chr9","36998155","36998436","72","91207598"
"chr1","128207984","128208201","chr18","8334141","8334361","40","119873843"
"chr1","128256235","128256515","chr19","43659630","43659919","48","84596605"
"chr1","128287834","128288128","chr2","150624041","150624344","43","22336207"
"chr1","128289643","128289780","chr14","53752344","53752488","29","74537299"
"chr1","128312226","128312493","chr5","72712443","72712712","46","55599783"
"chr1","128337179","128337464","chr6","44850653","44850941","56","83486526"
"chr1","128361140","128361451","chr5","131639490","131639797","44","3278350"
"chr1","128475518","128475846","chr2","146982644","146982948","58","18507126"
"chr1","128574916","128575183","chr10","118740901","118741175","47","9834015"
"chr1","128599422","128599722","chr2","71298755","71299066","49","57300667"
"chr1","128702007","128702305","chr5","45788683","45788985","50","82913324"
"chr1","128743541","128743839","chr7","58917227","58917519","49","69826314"
"chr1","128799256","128799405","chr12","79122579","79122738","30","49676677"
"chr1","128869422","128869601","chr20","3785470","3785644","26","125083952"
"chr1","128929944","128930233","chr7","28792443","28792734","41","100137501"
"chr1","128947250","128947554","chr7","67355562","67355869","41","61591688"
"chr1","128996750","128997034","chr5","139889919","139890213","48","10893169"
"chr1","129050011","129050298","chr6","104934626","104934925","54","24115385"
"chr1","129075843","129075905","chr10","93012650","93012707","8","36063193"
"chr1","129092357","129092518","chr18","9281286","9281439","28","119811071"
"chr1","129142827","129142996","chr12","106937496","106937659","30","22205331"
"chr1","129159283","129159589","chr4","83952656","83952952","68","45206627"
"chr1","129186595","129186865","chr18","9372940","9373195","59","119813655"
"chr1","129204947","129205246","chr18","9391484","9391779","52","119813463"
"chr1","129209198","129209494","chr4","54184518","54184816","52","75024680"
"chr1","129210160","129210426","chrX","51925746","51926016","59","77284414"
"chr1","129217518","129217822","chr12","28744008","28744308","47","100473510"
"chr1","129218142","129218273","chr13","43433121","43433253","15","85785021"
"chr1","129218298","129218526","chr8","27995813","27996033","46","101222485"
"chr1","129233048","129233330","chr2","73704522","73704812","48","55528526"
"chr1","129292424","129292724","chr4","139259106","139259407","52","9966682"
"chr1","129311794","129312084","chr7","6919741","6920024","53","122392053"
"chr1","129318382","129318481","chr2","15984857","15984951","16","113333525"
"chr1","129353854","129354147","chr4","87805036","87805324","42","41548818"
"chr1","129425619","129425918","chr4","23129234","23129535","58","106296385"
"chr1","129432726","129433025","chrX","52327749","52328046","47","77104977"
"chr1","129438558","129438874","chr18","9607904","9608219","44","119830654"
"chr1","129439303","129439576","chr2","168567784","168568060","50","39128481"
"chr1","129452632","129452763","chr22","48943593","48943724","21","80509039"
"chr1","129452766","129452855","chr12","64064805","64064893","21","65387961"
"chr1","129453798","129453892","chr5","109645716","109645800","22","19808082"
"chr1","129459500","129459572","chr2","6648559","6648630","10","122810941"
"chr1","129514845","129514972","chr19","35942694","35942826","26","93572151"
"chr1","129514985","129515063","chr18","9490831","9490914","16","120024154"
"chr1","129616945","129617046","chr16","64684736","64684840","20","64932209"
"chr1","129618156","129618450","chr9","111529757","111530048","49","18088399"
"chr1","129651065","129651240","chr13","16898718","16898893","33","112752347"
"chr1","129693542","129693749","chr1","201578178","201578378","42","71884636"
"chr1","129697037","129697322","chr18","9814891","9815172","46","119882146"
"chr1","129730737","129731009","chr2","67010232","67010497","69","62720505"
"chr1","129747336","129747502","chr15","30443408","30443572","23","99303928"
"chr1","129757255","129757559","chrX","64172412","64172721","48","65584843"
"chr1","129784407","129784493","chr6","140444791","140444875","12","10660384"
"chr1","129790519","129790826","chr11","28125301","28125613","50","101665218"
"chr1","129814667","129814963","chr3","173712450","173712748","48","43897783"
"chr1","129856467","129856701","chr17","65271633","65271871","41","64584834"
"chr1","129857716","129857892","chr9","66070739","66070912","29","63786977"
"chr1","129861874","129861955","chr5","111141283","111141361","17","18720591"
"chr1","129965847","129966137","chr8","65769668","65769964","44","64196179"
"chr1","130009770","130010063","chr5","47230366","47230657","43","82779404"
"chr1","130012343","130012639","chr5","50537784","50538079","44","79474559"
"chr1","130027903","130028034","chr5","10559689","10559821","16","119468214"
"chr1","130044781","130045044","chr9","12500933","12501198","50","117543848"
"chr1","130072621","130072920","chr20","21484687","21484985","47","108587934"
"chr1","130075532","130075829","chr8","114553260","114553568","67","15522272"
"chr1","130116836","130117149","chrX","7520523","7520833","50","122596313"
"chr1","130123088","130123380","chr6","53972061","53972341","47","76151027"
"chr1","130230337","130230554","chr18","10378176","10378393","31","119852161"
"chr1","130239859","130240143","chr2","131885319","131885607","50","1645460"
"chr1","130279550","130279769","chr2","21530661","21530876","52","108748889"
"chr1","130289367","130289649","chr3","180128426","180128712","51","49839059"
"chr1","130362263","130362547","chr15","34314081","34314372","54","96048182"
"chr1","130443769","130444067","chr18","10616854","10617146","39","119826915"
"chr1","130444236","130444525","chr5","127700722","127701002","61","2743514"
"chr1","130446989","130447126","chr7","122161683","122161817","23","8285306"
"chr1","130523960","130524273","chr5","78565303","78565608","62","51958657"
"chr1","130587750","130588029","chr19","31366058","31366340","45","99221692"
"chr1","130611684","130611982","chr18","10787364","10787667","45","119824320"
"chr1","130652238","130652513","chr20","27000001","27000276","51","103652237"
"chr1","130659935","130660158","chr1","199541886","199542107","37","68881951"
"chr1","130673763","130673925","chr11","67397416","67397570","33","63276347"
"chr1","130686548","130686863","chr18","10869344","10869664","52","119817204"
"chr1","130705668","130705731","chr8","97260104","97260146","25","33445564"
"chr1","130705928","130706071","chr17","74240436","74240577","28","56465492"
"chr1","130822566","130822867","chr2","147728720","147729015","49","16906154"
"chr1","130893314","130893600","chr17","17917209","17917497","47","112976105"
"chr1","130894956","130895057","chr7","57247597","57247703","19","73647359"
"chr1","130977453","130977721","chr1","147402149","147402405","73","16424696"
"chr1","130978655","130978963","chr4","54370195","54370493","59","76608460"
"chr1","131016655","131016960","chr2","89380297","89380599","49","41636358"
"chr1","131258759","131259060","chr14","32553436","32553738","63","98705323"
"chr1","131311139","131311413","chr11","74173885","74174163","51","57137254"
"chr1","131351938","131352247","chr9","14396117","14396432","49","116955821"
"chr1","131504952","131505076","chr12","20954515","20954638","23","110550437"
"chr1","131900828","131901096","chr6","118199412","118199685","55","13701416"
"chr1","132234829","132234963","chr15","95313243","95313379","25","36921586"
"chr1","132319724","132320010","chr1","116618974","116619261","51","15700750"
"chr1","132755944","132756218","chr10","22594342","22594614","53","110161602"
"chr1","132873593","132873690","chr7","118772592","118772685","14","14101001"
"chr1","132992266","132992591","chr18","12740381","12740664","90","120251885"
"chr1","132995029","132995312","chr18","28072196","28072489","54","104922833"
"chr1","133273851","133274142","chr12","8795573","8795863","52","124478278"
"chr1","133438913","133439217","chr2","71331505","71331809","46","62107408"
"chr1","133601837","133602151","chr5","802010","802319","55","132799827"
"chr1","133803037","133803354","chr5","6631621","6631933","63","127171416"
"chr1","133924249","133924537","chr1","186610138","186610422","37","52685889"
"chr1","133952003","133952314","chrUn_GL286217","143262","143564","54","133808741"
"chr1","133976712","133977022","chr1","140083591","140083907","42","6106879"
"chr1","134074293","134074602","chr10","21024965","21025274","45","113049328"
"chr1","134136432","134136729","chr4","98746325","98746622","44","35390107"
"chr1","134159635","134159938","chr4","44576155","44576457","47","89583480"
"chr1","134174779","134174869","chr9","118699779","118699869","11","15475000"
"chr1","134193140","134193445","chr11","66635820","66636129","47","67557320"
"chr1","134224344","134224631","chr4","25746204","25746495","47","108478140"
"chr1","134284005","134284314","chr2","43281105","43281414","47","91002900"
"chr1","134295608","134295926","chrX","45155908","45156218","62","89139700"
"chr1","134455144","134455433","chr2","17686816","17687098","49","116768328"
"chr1","134738268","134738568","chr1","54691907","54692204","53","80046361"
"chr1","134771656","134771932","chr6","119011301","119011592","51","15760355"
"chr1","134801111","134801398","chr7","30907560","30907847","47","103893551"
"chr1","134871083","134871186","chr1","20863197","20863299","13","114007886"
"chr1","134871216","134871504","chr19","23703813","23704099","52","111167403"
"chr1","134909697","134909910","chr10","79621780","79621983","62","55287917"
"chr1","134930119","134930439","chr2","10673170","10673480","56","124256949"
"chr1","135050104","135050402","chr2","2218970","2219260","44","132831134"
"chr1","135111106","135111369","chr22","8772998","8773258","51","126338108"
"chr1","135112699","135113001","chr12","91457034","91457339","58","43655665"
"chr1","135179351","135179655","chr15","23749332","23749617","58","111430019"
"chr1","135204849","135205152","chrX","17705039","17705341","44","117499810"
"chr1","135206279","135206577","chr2","5435901","5436193","69","129770378"
"chr1","135221206","135221258","chr9","58005342","58005393","5","77215864"
"chr1","135222705","135223018","chr5","124645645","124645952","54","10577060"
"chr1","135228812","135229108","chr7","18614629","18614926","45","116614183"
"chr1","135354758","135355079","chr5","116095602","116095921","56","19259156"
"chr1","135377861","135378001","chr15","27660893","27661035","29","107716968"
"chr1","135409248","135409541","chr15","38910043","38910338","40","96499205"
"chr1","135567871","135567992","chr10","128823476","128823600","24","6744395"
"chr1","135742689","135742953","chr16","61675376","61675631","61","74067313"
"chr1","135845871","135846148","chr7","31750809","31751083","55","104095062"
"chr1","135851231","135851535","chr6","75230350","75230656","45","60620881"
"chr1","135954015","135954297","chr1","186610138","186610422","48","50656123"
"chr1","135959619","135959915","chr2","67197269","67197565","44","68762350"
"chr1","136099262","136099564","chr1","165934284","165934587","47","29835022"
"chr1","136102375","136102680","chr5","124645645","124645952","64","11456730"
"chr1","136161843","136161969","chr18","15851569","15851688","20","120310274"
"chr1","136245637","136245932","chr5","122030237","122030533","48","14215400"
"chr1","136287431","136287532","chr5","121901639","121901739","21","14385792"
"chr1","136299432","136299726","chr12","107125942","107126232","48","29173490"
"chr1","136355835","136356012","chr2","150496709","150496881","28","14140874"
"chr1","136356852","136357068","chr2","59097793","59098013","47","77259059"
"chr1","136378184","136378286","chr10","46764738","46764831","19","89613446"
"chr1","136384884","136385165","chr10","33125342","33125622","53","103259542"
"chr1","136406985","136407237","chr16","64208231","64208475","44","72198754"
"chr1","136498438","136498762","chr11","28125301","28125613","52","108373137"
"chr1","137085572","137085904","chr12","48644281","48644592","68","88441291"
"chr1","137217511","137217643","chr2","31690766","31690900","23","105526745"
"chr1","137312307","137312592","chr2","71000111","71000391","47","66312196"
"chr1","137516286","137516593","chr5","83047784","83048085","45","54468502"
"chr1","137568784","137569091","chr1","140083591","140083907","49","2514807"
"chr1","137639525","137639727","chr22","9444644","9444855","36","128194881"
"chr1","137758184","137758325","chr5","87760479","87760621","30","49997705"
"chr1","137880424","137880696","chr6","132679714","132679985","48","5200710"
"chr1","137898081","137898347","chrX","57654224","57654489","54","80243857"
"chr1","137907823","137908114","chr11","22994754","22995044","49","114913069"
"chr1","137908817","137909122","chr19","16457404","16457705","43","121451413"
"chr1","137926696","137926996","chr7","67355562","67355869","54","70571134"
"chr1","137988089","137988384","chr5","150184102","150184390","54","12196013"
"chr1","138000323","138000610","chr19","16546385","16546679","42","121453938"
"chr1","138004956","138005202","chr10","14913433","14913669","68","123091523"
"chr1","138133950","138134218","chr15","33901410","33901664","74","104232540"
"chr1","138159852","138160140","chr19","16711865","16712143","62","121447987"
"chr1","138175854","138176165","chr5","73075939","73076252","37","65099915"
"chr1","138319815","138320099","chr7","45588497","45588780","51","92731318"
"chr1","138467482","138467778","chr19","16996079","16996368","58","121471403"
"chr1","138471070","138471178","chr19","16999850","16999961","12","121471220"
"chr1","138564207","138564469","chr5","95043092","95043350","54","43521115"
"chr1","138809971","138810259","chrX","52229341","52229630","37","86580630"
"chr1","138833775","138834041","chr19","17321532","17321790","37","121512243"
"chr1","138852257","138852372","chr22","37375392","37375502","16","101476865"
"chr1","138872446","138872718","chr17","37256708","37256983","74","101615738"
"chr1","138930913","138931207","chr5","64266316","64266614","52","74664597"
"chr1","139004580","139004880","chr3","117540807","117541109","41","21463773"
"chr1","139010312","139010583","chr6","132408951","132409222","49","6601361"
"chr1","139011096","139011347","chr19","17502936","17503175","44","121508160"
"chr1","139011539","139011783","chr19","17503362","17503606","16","121508177"
"chr1","139025465","139025609","chr10","621281","621421","35","138404184"
"chr1","139054866","139055171","chr6","75230350","75230656","53","63824516"
"chr1","139057411","139057616","chr10","105242142","105242359","50","33815269"
"chr1","139059282","139059418","chr2","146936311","146936444","28","7877029"
"chr1","139100237","139100546","chr2","146982644","146982948","48","7882407"
"chr1","139108774","139109030","chr6","124183224","124183481","51","14925550"
"chr1","139136278","139136379","chr11","59690444","59690544","15","79445834"
"chr1","139183173","139183471","chr3","189794013","189794310","36","50610840"
"chr1","139219004","139219265","chr19","23618134","23618393","43","115600870"
"chr1","139227140","139227223","chr5","115404998","115405082","14","23822142"
"chr1","139308744","139309041","chr14","915738","916038","46","138393006"
"chr1","139314487","139314619","chr9","7140047","7140177","24","132174440"
"chr1","139316996","139317310","chr2","17996148","17996446","61","121320848"
"chr1","139332967","139333252","chr12","107125942","107126232","39","32207025"
"chr1","139343437","139343737","chr8","99669099","99669399","45","39674338"
"chr1","139370107","139370389","chr14","3453119","3453403","51","135916988"
"chr1","139404562","139404869","chr1","24864214","24864523","59","114540348"
"chr1","139409869","139410152","chr1","76995975","76996243","65","62413894"
"chr1","139447814","139448125","chr3","190794666","190794971","52","51346852"
"chr1","139448304","139448605","chr19","17888947","17889242","50","121559357"
"chr1","139504767","139505071","chr9","17840993","17841300","46","121663774"
"chr1","139531627","139531840","chr8","27995813","27996033","36","111535814"
"chr1","139531891","139532023","chr22","10937463","10937596","28","128594428"
"chr1","139596802","139597103","chr2","71331505","71331809","49","68265297"
"chr1","139662400","139662702","chr7","11378557","11378860","52","128283843"
"chr1","139694068","139694380","chr2","10673170","10673480","54","129020898"
"chr1","139719740","139720038","chr5","64266316","64266614","40","75453424"
"chr1","139723153","139723438","chr16","6833157","6833444","56","132889996"
"chr1","139737531","139737767","chr20","11729288","11729543","62","128008243"
"chr1","139745174","139745469","chr18","5428750","5429040","43","134316424"
"chr1","139768051","139768342","chr4","54184518","54184816","44","85583533"
"chr1","139810432","139810741","chr2","1940205","1940517","51","137870227"
"chr1","139850849","139851137","chr5","47309745","47310037","55","92541104"
"chr1","139944933","139945239","chr5","73075939","73076252","48","66868994"
"chr1","139948648","139948950","chr4","161032062","161032360","49","21083414"
"chr1","139978998","139979284","chr7","58917227","58917519","50","81061771"
"chr1","140049964","140050264","chr10","48321055","48321354","46","91728909"
"chr1","140179193","140179499","chr14","69866837","69867141","56","70312356"
"chr1","140399293","140399595","chrX","117877413","117877714","50","22521880"
"chr1","140454570","140454876","chr5","55380182","55380490","47","85074388"
"chr1","140468194","140468493","chr7","79082583","79082878","52","61385611"
"chr1","140665419","140665474","chr7","1994646","1994700","6","138670773"
"chr1","140666433","140666740","chr19","337565","337855","60","140328868"
"chr1","140704864","140705052","chr12","100336272","100336456","38","40368592"
"chr1","140806352","140806630","chr4","158481330","158481605","41","17674978"
"chr1","140832822","140832988","chr7","82210501","82210665","30","58622321"
"chr1","140853935","140854228","chr1","170771447","170771746","51","29917512"
"chr1","140855572","140855872","chr3","5858349","5858646","45","134997223"
"chr1","140902855","140903145","chr6","17854050","17854340","44","123048805"
"chr1","140915648","140915815","chr2","131597618","131597785","27","9318030"
"chr1","140958378","140958598","chr8","106723527","106723746","53","34234851"
"chr1","140974175","140974506","chr2","150624041","150624344","87","9649866"
"chr1","141007211","141007337","chr18","4542062","4542187","23","136465149"
"chr1","141008845","141009125","chr2","131392530","131392812","41","9616315"
"chr1","141012442","141012727","chr3","106011472","106011765","60","35000970"
"chr1","141022269","141022442","chr22","5351047","5351218","28","135671222"
"chr1","141024523","141024827","chrX","45685678","45685985","69","95338845"
"chr1","141035530","141035836","chr2","103917623","103917924","47","37117907"
"chr1","141040230","141040350","chr1","200858997","200859122","26","59818767"
"chr1","141073548","141073823","chr4","163146585","163146865","50","22073037"
"chr1","141101488","141101658","chr1","171525999","171526171","33","30424511"
"chr1","141104713","141105009","chr4","31195106","31195401","49","109909607"
"chr1","141120210","141120369","chr2","131596102","131596261","36","9524108"
"chr1","141124237","141124540","chr12","23758744","23759049","55","117365493"
"chr1","141146147","141146319","chr7","12902130","12902295","26","128244017"
"chr1","141157327","141157613","chr21","37272816","37273104","48","103884511"
"chr1","141209162","141209458","chr19","941312","941602","39","140267850"
"chr1","141265405","141265695","chr20","28910159","28910452","50","112355246"
"chr1","141389159","141389445","chr19","1109386","1109674","44","140279773"
"chr1","141401007","141401141","chr1","86741299","86741434","16","54659708"
"chr1","141420346","141420632","chr2","151333028","151333320","57","9912682"
"chr1","141501675","141501972","chr19","1220404","1220694","45","140281271"
"chr1","141743509","141743809","chr5","38842722","38843017","50","102900787"
"chr1","141744185","141744361","chr6","132791342","132791512","32","8952843"
"chr1","141828579","141828885","chr6","21930692","21931000","53","119897887"
"chr1","141871994","141872297","chr19","1659144","1659447","48","140212850"
"chr1","141945517","141945813","chr2","203225383","203225677","40","61279866"
"chr1","142005554","142005861","chr20","38639419","38639722","46","103366135"
"chr1","142218743","142219039","chr14","61568989","61569280","46","80649754"
"chr1","142250884","142251181","chr7","33547338","33547635","47","108703546"
"chr1","142277553","142277808","chr10","90125880","90126135","33","52151673"
"chr1","142325648","142325931","chr5","119334106","119334386","51","22991542"
"chr1","142341083","142341360","chr6","17419263","17419544","62","124921820"
"chr1","142358884","142359189","chr7","19397030","19397335","56","122961854"
"chr1","142362240","142362546","chr4","69055872","69056171","51","73306368"
"chr1","142403750","142404062","chr9","101210178","101210488","50","41193572"
"chr1","142448856","142449163","chr4","139259106","139259407","59","3189750"
"chr1","142475760","142476035","chr19","13291332","13291641","62","129184428"
"chr1","142507789","142508084","chr1","150693133","150693426","45","8185344"
"chr1","142526803","142527094","chr8","117814130","117814426","53","24712673"
"chr1","142531546","142531836","chr1","156644747","156645035","50","14113201"
"chr1","142534160","142534452","chrUn_GL287824","7182","7468","39","142526978"
"chr1","142540711","142541003","chr5","62210337","62210625","56","80330374"
"chr1","142577201","142577286","chr4","110642008","110642097","15","31935193"
"chr1","142577649","142577806","chr18","3000300","3000454","41","139577349"
"chr1","142579440","142579750","chr19","2238273","2238584","46","140341167"
"chr1","142630368","142630489","chr3","121180061","121180167","33","21450307"
"chr1","142631444","142631745","chr4","139259106","139259407","38","3372338"
"chr1","143389721","143389830","chr6","123805467","123805574","16","19584254"
"chr1","143493603","143493892","chr6","144170408","144170699","54","676805"
"chr1","143540572","143540894","chr19","3138376","3138675","50","140402196"
"chr1","143893027","143893310","chr6","121861912","121862198","54","22031115"
"chr1","143961134","143961431","chr13","63990237","63990533","41","79970897"
"chr1","144102082","144102391","chr7","25925292","25925587","63","118176790"
"chr1","144268762","144269077","chr7","74579378","74579682","52","69689384"
"chr1","144293827","144294129","chr1","104253890","104254191","46","40039937"
"chr1","144374403","144374705","chr9","45325979","45326278","47","99048424"
"chr1","144494812","144495111","chr5","3254168","3254463","58","141240644"
"chr1","144552357","144552661","chr19","4145736","4146037","42","140406621"
"chr1","144568593","144568890","chr19","4162376","4162673","29","140406217"
"chr1","144586865","144587162","chr11","28125301","28125613","57","116461564"
"chr1","144717644","144717948","chr7","33547338","33547635","45","111170306"
"chr1","144743396","144743703","chr2","146982644","146982948","56","2239248"
"chr1","144840777","144841089","chr10","125503014","125503329","49","19337763"
"chr1","144866622","144866922","chrX","125368984","125369285","49","19497638"
"chr1","144925786","144926087","chr7","32795229","32795528","46","112130557"
"chr1","144949973","144950266","chr2","203225383","203225677","50","58275410"
"chr1","144964778","144965068","chr3","118139040","118139328","42","26825738"
"chr1","145020773","145021092","chr5","78565303","78565608","55","66455470"
"chr1","145028858","145029134","chr19","4611836","4612109","43","140417022"
"chr1","145079807","145080110","chr8","49838742","49839042","49","95241065"
"chr1","145089328","145089604","chr5","107761416","107761690","47","37327912"
"chr1","145104743","145105054","chr19","4696491","4696792","61","140408252"
"chr1","145119706","145119996","chr2","73704522","73704812","46","71415184"
"chr1","145125829","145126130","chr5","78615530","78615828","50","66510299"
"chr1","145127476","145127768","chr19","4730985","4731273","43","140396491"
"chr1","145148976","145149262","chr22","40425693","40425977","45","104723283"
"chr1","145163266","145163565","chr1","166601091","166601403","59","21437825"
"chr1","145667605","145667904","chr5","116663888","116664187","46","29003717"
"chr1","145931893","145932185","chr5","65296228","65296517","51","80635665"
"chr1","145971814","145972125","chr1","172008061","172008371","62","26036247"
"chr1","146488297","146488540","chr2","108894964","108895206","45","37593333"
"chr1","146583635","146583935","chr1","13807754","13808053","53","132775881"
"chr1","146819348","146819644","chr16","96404869","96405161","47","50414479"
"chr1","146842500","146842742","chr21","50315649","50315880","49","96526851"
"chr1","146843122","146843430","chrX","10624721","10625025","53","136218401"
"chr1","146870293","146870403","chr22","10725592","10725706","29","136144701"
"chr1","146943884","146944152","chr11","95629919","95630186","53","51313965"
"chr1","147189875","147190131","chr4","1458462","1458713","81","145731413"
"chr1","147218226","147218353","chr5","126309136","126309265","16","20909090"
"chr1","147243659","147243732","chr10","14522253","14522331","21","132721406"
"chr1","147325291","147325596","chr2","187502578","187502887","58","40177287"
"chr1","147497294","147497611","chr10","125503014","125503329","54","21994280"
"chr1","147532520","147532821","chr19","7165691","7165992","52","140366829"
"chr1","147558256","147558413","chr19","7191862","7192019","20","140366394"
"chr1","147558470","147558550","chr5","93546441","93546517","21","54012029"
"chr1","147585816","147586112","chr12","20230563","20230858","48","127355253"
"chr1","147661910","147661961","chr3","52813782","52813831","7","94848128"
"chr1","147868973","147869255","chr7","22422256","22422540","66","125446717"
"chr1","147921727","147922032","chr15","72516887","72517186","54","75404840"
"chr1","148130231","148130538","chr10","14690438","14690745","54","133439793"
"chr1","148223570","148223698","chr11","119072039","119072167","18","29151531"
"chr1","148223699","148223769","chr2","29486737","29486803","15","118736962"
"chr1","148430581","148430915","chr6","116215103","116215435","59","32215478"
"chr1","148436130","148436423","chr9","8108117","8108409","47","140328013"
"chr1","148535068","148535349","chr4","143104939","143105219","50","5430129"
"chr1","148940340","148940664","chr19","8630125","8630439","52","140310215"
"chr1","149210331","149210421","chr5","1759512","1759601","11","147450819"
"chr1","149241497","149241796","chr8","65769668","65769964","47","83471829"
"chr1","149324562","149324827","chr9","111169093","111169350","49","38155469"
"chr1","149618386","149618682","chr1","155648769","155649066","55","6030383"
"chr1","149785453","149785736","chr20","38717656","38717940","61","111067797"
"chr1","149817773","149818067","chr6","135531665","135531946","61","14286108"
"chr1","149854559","149854886","chr19","9483516","9483808","68","140371043"
"chr1","149861655","149861958","chr19","9490433","9490735","46","140371222"
"chr1","149870250","149870344","chr5","1759512","1759601","16","148110738"
"chr1","150012682","150012961","chr2","137499546","137499827","51","12513136"
"chr1","150068322","150068570","chrX","20224679","20224932","47","129843643"
"chr1","150368110","150368399","chr5","85529097","85529385","54","64839013"
"chr1","150391484","150391784","chr1","117511065","117511366","52","32880419"
"chr1","150436081","150436389","chr4","17919516","17919823","57","132516565"
"chr1","150508874","150509160","chr12","27922791","27923078","47","122586083"
"chr1","150521989","150522114","chr9","59190391","59190517","19","91331598"
"chr1","150600475","150600763","chr19","10203021","10203310","36","140397454"
"chr1","150638181","150638477","chrX","39183726","39184034","54","111454455"
"chr1","150704617","150704744","chr5","108148587","108148710","19","42556030"
"chr1","150717458","150717746","chr1","156644747","156645035","46","5927289"
"chr1","151361763","151362069","chr17","69045271","69045580","56","82316492"
"chr1","151400575","151400694","chr9","18648101","18648220","17","132752474"
"chr1","151452964","151453230","chr22","13593765","13594025","57","137859199"
"chr1","151471067","151471367","chr8","5836965","5837257","50","145634102"
"chr1","151473644","151473879","chr2","141538749","141538981","50","9934895"
"chr1","151707857","151708157","chr19","11317590","11317895","37","140390267"
"chr1","151794408","151794710","chr7","25925292","25925587","41","125869116"
"chr1","151945014","151945331","chr7","51442092","51442407","53","100502922"
"chr1","152001336","152001633","chr18","5071565","5071862","53","146929771"
"chr1","152011840","152012131","chr10","82921268","82921557","40","69090572"
"chr1","152035014","152035322","chr6","117332912","117333211","57","34702102"
"chr1","152082592","152082717","chr2","65349063","65349187","22","86733529"
"chr1","152137884","152138186","chr16","6809919","6810217","40","145327965"
"chr1","152156665","152156742","chr12","7688604","7688680","16","144468061"
"chr1","152156742","152156819","chr12","7688604","7688680","17","144468138"
"chr1","152176053","152176360","chr2","71331505","71331809","46","80844548"
"chr1","152179810","152180065","chr5","92287716","92287976","51","59892094"
"chr1","152198411","152198613","chr2","152123018","152123221","41","75393"
"chr1","152213496","152213670","chr3","183689850","183690027","30","31476354"
"chr1","152255178","152255470","chr19","12898286","12898582","41","139356892"
"chr1","152275843","152276130","chr19","12923300","12923585","38","139352543"
"chr1","152359173","152359467","chr6","22627151","22627446","49","129732022"
"chr1","152375314","152375459","chr1","204591414","204591558","22","52216100"
"chr1","152385726","152386049","chrX","64172412","64172721","59","88213314"
"chr1","152386050","152386187","chr3","182333528","182333663","28","29947478"
"chr1","152413289","152413583","chr8","93934039","93934332","46","58479250"
"chr1","152445997","152446292","chr1","157094647","157094947","44","4648650"
"chr1","152500778","152501079","chr1","138653228","138653528","54","13847550"
"chr1","152505131","152505413","chr6","135531665","135531946","50","16973466"
"chr1","152508293","152508588","chr13","112047849","112048135","45","40460444"
"chr1","152518638","152518804","chr11","11443578","11443739","31","141075060"
"chr1","152518851","152519141","chr2","2218970","2219260","47","150299881"
"chr1","152531685","152531984","chr4","54370195","54370493","40","98161490"
"chr1","152559464","152559770","chr5","51909206","51909514","50","100650258"
"chr1","152623719","152623802","chr1","87068198","87068281","10","65555521"
"chr1","152648884","152649050","chr1","86201002","86201166","28","66447882"
"chr1","152687815","152688077","chr19","13315573","13315839","57","139372242"
"chr1","152708319","152708631","chr4","24714987","24715298","46","127993332"
"chr1","152711134","152711298","chr2","111325762","111325930","24","41385372"
"chr1","152715222","152715436","chr2","21530661","21530876","38","131184561"
"chr1","152719055","152719331","chr19","13348273","13348553","31","139370782"
"chr1","152765257","152765558","chr19","17448176","17448478","45","135317081"
"chr1","152866336","152866638","chr4","139259106","139259407","45","13607230"
"chr1","152913046","152913348","chr10","1666053","1666355","53","151246993"
"chr1","153252990","153253284","chr22","8734611","8734894","56","144518379"
"chr1","153406168","153406449","chr13","95861251","95861532","52","57544917"
"chr1","153536849","153536894","chr12","30839816","30839858","6","122697033"
"chr1","153550243","153550546","chr7","79082583","79082878","43","74467660"
"chr1","153570494","153570795","chr4","71933212","71933503","46","81637282"
"chr1","153573236","153573533","chr5","130966532","130966828","53","22606704"
"chr1","153586235","153586523","chr1","143217642","143217924","56","10368593"
"chr1","153668154","153668452","chr2","34962181","34962466","46","118705973"
"chr1","153676502","153676796","chr13","95836072","95836367","48","57840430"
"chr1","153701069","153701372","chrUn_GL286373","1815102","1815404","49","151885967"
"chr1","153706804","153707077","chr15","49638162","49638439","47","104068642"
"chr1","153711898","153712207","chr3","117540807","117541109","52","36171091"
"chr1","153714755","153715013","chr14","20619930","20620186","37","133094825"
"chr1","153737812","153738097","chrY","609280","609564","48","153128532"
"chr1","153746428","153746731","chr6","118600755","118601054","49","35145673"
"chr1","153752847","153753117","chr15","41909535","41909809","57","111843312"
"chr1","153759074","153759360","chr9","35692381","35692664","42","118066693"
"chr1","153759929","153760203","chr6","102621330","102621598","51","51138599"
"chr1","153773026","153773316","chr3","19993966","19994253","53","133779060"
"chr1","153818995","153819311","chr9","110062644","110062956","51","43756351"
"chr1","153837024","153837267","chr1","75654164","75654388","58","78182860"
"chr1","153878299","153878429","chr3","86420730","86420862","23","67457569"
"chr1","153942389","153942422","chr2","5531564","5531598","16","148410825"
"chr1","153942423","153942656","chr9","54287512","54287742","44","99654911"
"chr1","153946412","153946715","chr19","14594573","14594868","36","139351839"
"chr1","154068387","154068693","chr19","14714626","14714929","56","139353761"
"chr1","154173749","154174060","chr19","14806386","14806684","52","139367363"
"chr1","154174772","154175049","chr1","147402149","147402405","51","6772623"
"chr1","154211979","154212278","chr19","14843088","14843377","38","139368891"
"chr1","154224317","154224615","chr10","15187317","15187618","48","139037000"
"chr1","154248363","154248625","chr8","24542658","24542922","42","129705705"
"chr1","154250968","154251279","chr15","96355814","96356120","48","57895154"
"chr1","154305432","154305737","chr5","73075939","73076252","45","81229493"
"chr1","154307047","154307358","chr12","9157384","9157691","47","145149663"
"chr1","154319661","154319934","chr19","31850383","31850657","35","122469278"
"chr1","154342843","154343146","chr2","150624041","150624344","43","3718802"
"chr1","154440685","154440740","chr5","78603875","78603928","10","75836810"
"chr1","154440743","154441043","chr15","24029162","24029466","42","130411581"
"chr1","154751609","154751909","chr19","31314956","31315240","73","123436653"
"chr1","154798941","154799211","chr5","72712443","72712712","47","82086498"
"chr1","154834409","154834722","chr2","71331505","71331809","44","83502904"
"chr1","154935036","154935339","chr19","31132278","31132576","43","123802758"
"chr1","155010144","155010447","chr2","164878629","164878927","42","9868485"
"chr1","155078890","155079181","chr6","16483926","16484219","41","138594964"
"chr1","155222882","155222979","chr4","110642008","110642097","18","44580874"
"chr1","155225226","155225525","chr19","30838059","30838359","51","124387167"
"chr1","155370149","155370459","chr5","91678600","91678912","47","63691549"
"chr1","155423136","155423410","chr5","8282348","8282619","51","147140788"
"chr1","155437856","155438161","chr19","30618112","30618392","57","124819744"
"chr1","155887858","155888166","chr12","105081170","105081479","48","50806688"
"chr1","155974862","155975151","chr12","14133901","14134195","49","141840961"
"chr1","156020797","156021058","chr12","27159992","27160249","42","128860805"
"chr1","156035215","156035503","chr19","29885577","29885869","39","126149638"
"chr1","156203094","156203359","chr1","180589014","180589283","62","24385920"
"chr1","156222468","156222552","chr7","47500904","47500984","19","108721564"
"chr1","156236663","156236954","chr1","156644747","156645035","38","408084"
"chr1","156308791","156308872","chrUn_GL286723","3502","3588","13","156305289"
"chr1","156326941","156327235","chr2","67197269","67197565","41","89129672"
"chr1","156327557","156327843","chr2","14449376","14449663","52","141878181"
"chr1","156346270","156346570","chr19","29577432","29577724","53","126768838"
"chr1","156373308","156373587","chr3","121439460","121439741","59","34933848"
"chr1","156396646","156396926","chr1","186610138","186610422","55","30213492"
"chr1","156449327","156449471","chr2","33934674","33934832","30","122514653"
"chr1","156687358","156687656","chr5","106626420","106626712","52","50060938"
"chr1","156710529","156710789","chr9","17963025","17963290","41","138747504"
"chr1","156716854","156717148","chr19","29291233","29291525","41","127425621"
"chr1","156734719","156735020","chr4","36185994","36186292","52","120548725"
"chr1","156826811","156827044","chr7","46460788","46461020","41","110366023"
"chr1","156919657","156919976","chr2","10673170","10673480","53","146246487"
"chr1","156993015","156993321","chrX","122463244","122463548","51","34529771"
"chr1","157045763","157046073","chr10","7614469","7614778","56","149431294"
"chr1","157064945","157065256","chr7","70375823","70376126","51","86689122"
"chr1","157113820","157114102","chr19","28894697","28894978","38","128219123"
"chr1","157120135","157120440","chr3","184897019","184897316","57","27776884"
"chr1","157175535","157175788","chr11","84821536","84821774","58","72353999"
"chr1","157218941","157219212","chr1","168926697","168926979","51","11707756"
"chr1","157286008","157286336","chr15","23678217","23678535","65","133607791"
"chr1","157308602","157308695","chr16","8731789","8731881","13","148576813"
"chr1","157495154","157495471","chr2","169129486","169129808","52","11634332"
"chr1","157586556","157586842","chr4","107437630","107437918","44","50148926"
"chr1","157632319","157632632","chr9","92955669","92955979","44","64676650"
"chr1","157636432","157636712","chr19","28332570","28332843","40","129303862"
"chr1","157646523","157646820","chr1","10455735","10456039","53","147190788"
"chr1","157684260","157684552","chr19","28280019","28280313","44","129404241"
"chr1","157732743","157733044","chr19","28229075","28229368","46","129503668"
"chr1","157987627","157987898","chr19","27970607","27970875","30","130017020"
"chr1","157993617","157993919","chr7","74579378","74579682","44","83414239"
"chr1","158031789","158031983","chr6","50583004","50583192","41","107448785"
"chr1","158047738","158047883","chrX","90794543","90794687","27","67253195"
"chr1","158129770","158130066","chr10","100757276","100757573","44","57372494"
"chr1","158141559","158141860","chr10","1666053","1666355","47","156475506"
"chr1","158150852","158151117","chr3","111446138","111446410","45","46704714"
"chr1","158211936","158212230","chr20","43097513","43097806","45","115114423"
"chr1","158225887","158226195","chr1","166036321","166036626","52","7810434"
"chr1","158256224","158256356","chr5","133090766","133090898","15","25165458"
"chr1","158269569","158269875","chr14","41908548","41908859","56","116361021"
"chr1","158360098","158360148","chr4","31038680","31038729","5","127321418"
"chr1","158368323","158368622","chr19","27619331","27619631","26","130748992"
"chr1","158413931","158414234","chrUn_GL286217","143262","143564","37","158270669"
"chr1","158442793","158443086","chr19","27544249","27544547","30","130898544"
"chr1","158490727","158491018","chr11","62126692","62126987","48","96364035"
"chr1","158497136","158497396","chr19","27487643","27487902","30","131009493"
"chr1","158519274","158519573","chr19","27463093","27463385","48","131056181"
"chr1","158588048","158588357","chr19","27390789","27391092","38","131197259"
"chr1","158608398","158608710","chr19","27361158","27361468","45","131247240"
"chr1","158613016","158613314","chr16","12965274","12965571","50","145647742"
"chr1","158689955","158690062","chr5","76264502","76264604","17","82425453"
"chr1","158691267","158691378","chr8","72049594","72049704","20","86641673"
"chr1","158747386","158747678","chr11","65834106","65834397","53","92913280"
"chr1","158809253","158809557","chr5","116663888","116664187","45","42145365"
"chr1","158877298","158877422","chr13","89519003","89519127","19","69358295"
"chr1","158909544","158909635","chr6","140444791","140444875","14","18464753"
"chr1","159132986","159133286","chr19","26695875","26696176","42","132437111"
"chr1","159159014","159159185","chr9","14473384","14473561","31","144685630"
"chr1","159192630","159192933","chr7","50502516","50502817","52","108690114"
"chr1","159342592","159342876","chr7","40789702","40789982","45","118552890"
"chr1","159548208","159548489","chr19","26244629","26244923","49","133303579"
"chr1","159552492","159552789","chrUn_GL286435","69026","69328","44","159483466"
"chr1","159583555","159583851","chr5","37290665","37290961","63","122292890"
"chr1","159854870","159855182","chr4","107322906","107323209","50","52531964"
"chr1","159861457","159861629","chr3","151322790","151322964","29","8538667"
"chr1","159911212","159911518","chr19","25837182","25837492","43","134074030"
"chr1","159963628","159963925","chr2","203225383","203225677","41","43261755"
"chr1","160036391","160036672","chr19","25634758","25635042","42","134401633"
"chr1","160053213","160053495","chr19","25615612","25615903","42","134437601"
"chr1","160063313","160063587","chr19","25604031","25604308","32","134459282"
"chr1","160065019","160065204","chr15","39655347","39655528","28","120409672"
"chr1","160065914","160066047","chr4","42732965","42733096","24","117332949"
"chr1","160066155","160066453","chr19","25599452","25599749","39","134466703"
"chr1","160096220","160096534","chr12","10884989","10885294","58","149211231"
"chr1","160099953","160100191","chr18","5591219","5591454","42","154508734"
"chr1","160127601","160127910","chr5","1076646","1076956","49","159050955"
"chr1","160156313","160156607","chr4","71933212","71933503","49","88223101"
"chr1","160159118","160159244","chr11","120625719","120625851","25","39533399"
"chr1","160159548","160159726","chr5","5619436","5619615","30","154540112"
"chr1","160202256","160202590","chr5","146830876","146831210","91","13371380"
"chr1","160286999","160287167","chr10","32638606","32638759","45","127648393"
"chr1","160288059","160288322","chr19","25371981","25372242","44","134916078"
"chr1","160289077","160289424","chr19","25370943","25371257","77","134918134"
"chr1","160299980","160300272","chr16","6809919","6810217","47","153490061"
"chr1","160308923","160309223","chr3","149325428","149325723","38","10983495"
"chr1","160339409","160339723","chr9","101210178","101210488","51","59129231"
"chr1","160342999","160343300","chr5","4987663","4987964","48","155355336"
"chr1","160516379","160516678","chr7","44772593","44772889","61","115743786"
"chr1","160533585","160533894","chr5","55380182","55380490","42","105153403"
"chr1","160598281","160598586","chr9","101210178","101210488","44","59388103"
"chr1","160650339","160650614","chrX","57469642","57469927","59","103180697"
"chr1","160674007","160674297","chr19","24951930","24952213","50","135722077"
"chr1","160723327","160723402","chr5","18934948","18935022","12","141788379"
"chr1","160723604","160723825","chr1","167955513","167955728","54","7231909"
"chr1","160786068","160786384","chr5","73075939","73076252","54","87710129"
"chr1","160901737","160902080","chr12","15959917","15960256","65","144941820"
"chr1","160909804","160910093","chr5","139889919","139890213","48","21019885"
"chr1","160946034","160946157","chr22","28568641","28568765","19","132377393"
"chr1","160963692","160964000","chr5","124645645","124645952","47","36318047"
"chr1","161010334","161010644","chr9","105072042","105072344","41","55938292"
"chr1","161044833","161045117","chr5","52276617","52276902","45","108768216"
"chr1","161064295","161064445","chr2","18756827","18756975","31","142307468"
"chr1","161083713","161084001","chr19","24603146","24603431","46","136480567"
"chr1","161092534","161092825","chr8","105424763","105425061","49","55667771"
"chr1","161152912","161153193","chr2","142503758","142504043","56","18649154"
"chr1","161177957","161178270","chr9","101210178","101210488","45","59967779"
"chr1","161180139","161180438","chr19","24502595","24502893","50","136677544"
"chr1","161205582","161205907","chr2","169129486","169129808","53","7923904"
"chr1","161211943","161212210","chr1","84564019","84564288","52","76647924"
"chr1","161231350","161231623","chr7","32426442","32426720","48","128804908"
"chr1","161276759","161277052","chrX","40344797","40345081","61","120931962"
"chr1","161323500","161323817","chr3","151868207","151868509","55","9455293"
"chr1","161424597","161424899","chr5","78441297","78441601","38","82983300"
"chr1","161459773","161460024","chr13","14841711","14841967","46","146618062"
"chr1","161460028","161460119","chr7","149448781","149448867","13","12011247"
"chr1","161505330","161505620","chr19","24146809","24147104","41","137358521"
"chr1","161533353","161533650","chr3","95007776","95008084","49","66525577"
"chr1","161534045","161534169","chr11","123167073","123167197","25","38366972"
"chr1","161555122","161555235","chr4","110598415","110598536","32","50956707"
"chr1","161567092","161567384","chrX","46819628","46819925","61","114747464"
"chr1","161582776","161583071","chr1","138059780","138060068","54","23522996"
"chr1","161591781","161592072","chr10","99483273","99483561","43","62108508"
"chr1","161593246","161593537","chr5","94541939","94542229","48","67051307"
"chr1","161616776","161617072","chr13","95836072","95836367","47","65780704"
"chr1","161639925","161640005","chr1","182887795","182887874","18","21247870"
"chr1","161643938","161644224","chr19","15585463","15585749","47","146058475"
"chr1","161703225","161703323","chr5","1759512","1759601","18","159943713"
"chr1","161736236","161736546","chr14","77613723","77614028","47","84122513"
"chr1","161848385","161848425","chrX","16917007","16917045","4","144931378"
"chr1","161877888","161878025","chr1","189275524","189275657","23","27397636"
"chr1","161881492","161881580","chr4","110642008","110642097","9","51239484"
"chr1","161905272","161905576","chr18","33205184","33205486","54","128700088"
"chr1","161909503","161909805","chrX","117763468","117763772","54","44146035"
"chr1","161944285","161944416","chr6","16726937","16727070","23","145217348"
"chr1","161961367","161961674","chrX","16102878","16103172","61","145858489"
"chr1","161973336","161973626","chr12","51888773","51889064","46","110084563"
"chr1","161984818","161985119","chr9","14539289","14539586","50","147445529"
"chr1","161993012","161993176","chr8","101366031","101366201","36","60626981"
"chr1","162027653","162027958","chr4","54370195","54370493","44","107657458"
"chr1","162030178","162030462","chr19","23565728","23566013","46","138464450"
"chr1","162032267","162032514","chr11","120331998","120332232","64","41700269"
"chr1","162097819","162098128","chr11","116346925","116347227","61","45750894"
"chr1","162122949","162123241","chr11","96115316","96115612","45","66007633"
"chr1","162135056","162135351","chr19","23456148","23456439","34","138678908"
"chr1","162233742","162234045","chrUn_GL286217","143262","143564","41","162090480"
"chr1","162282267","162282439","chr2","150496709","150496881","27","11785558"
"chr1","162384656","162384910","chr5","153287092","153287345","44","9097564"
"chr1","162419161","162419262","chr19","23171534","23171635","10","139247627"
"chr1","162441850","162442154","chr3","116660901","116661212","53","45780949"
"chr1","162443470","162443770","chr9","101936901","101937198","45","60506569"
"chr1","162460288","162460623","chr2","71331505","71331809","84","91128783"
"chr1","162479899","162480100","chr13","41003650","41003851","39","121476249"
"chr1","162512591","162512893","chr15","64101738","64102040","51","98410853"
"chr1","162573698","162573969","chr11","74173885","74174163","49","88399813"
"chr1","162792266","162792572","chr10","20863520","20863828","44","141928746"
"chr1","162914162","162914442","chr7","45169353","45169622","56","117744809"
"chr1","162915208","162915518","chr19","22653412","22653706","49","140261796"
"chr1","162922841","162923139","chr12","28744008","28744308","43","134178833"
"chr1","162933111","162933416","chrX","17705039","17705341","47","145228072"
"chr1","162974105","162974417","chr19","22585364","22585671","36","140388741"
"chr1","163026588","163026887","chr1","194407069","194407372","56","31380481"
"chr1","163036525","163036818","chr2","147728720","147729015","44","15307805"
"chr1","163138031","163138160","chr9","44740587","44740719","19","118397444"
"chr1","163139344","163139650","chr5","116663888","116664187","53","46475456"
"chr1","163211673","163211798","chrX","122813075","122813205","22","40398598"
"chr1","163220466","163220771","chr7","19397030","19397335","49","143823436"
"chr1","163238099","163238320","chr14","2794925","2795146","39","160443174"
"chr1","163302094","163302386","chr4","44371451","44371741","48","118930643"
"chr1","163311563","163311862","chr19","44625119","44625416","45","118686444"
"chr1","163338001","163338303","chr5","131639490","131639797","52","31698511"
"chr1","163339099","163339398","chr5","64592198","64592502","54","98746901"
"chr1","163390870","163391185","chr14","6471804","6472122","56","156919066"
"chr1","163423186","163423478","chr3","117540807","117541109","44","45882379"
"chr1","163450506","163450670","chr17","33787259","33787427","31","129663247"
"chr1","163455851","163455905","chr7","138590282","138590335","8","24865569"
"chr1","163472781","163473088","chr4","139259106","139259407","50","24213675"
"chr1","163492971","163493265","chr19","22056417","22056707","39","141436554"
"chr1","163530902","163531213","chr9","92955669","92955979","51","70575233"
"chr1","163574332","163574463","chr9","44740587","44740719","20","118833745"
"chr1","163614727","163615028","chr5","114460794","114461096","41","49153933"
"chr1","163627809","163628128","chr5","113360307","113360620","53","50267502"
"chr1","163753700","163753860","chr1","164720550","164720706","27","966850"
"chr1","163769215","163769523","chr10","84893142","84893435","65","78876073"
"chr1","163866800","163867097","chr8","117814130","117814426","59","46052670"
"chr1","163871695","163871933","chr6","17518137","17518382","51","146353558"
"chr1","163951798","163952086","chr12","22451622","22451913","45","141500176"
"chr1","163958254","163958543","chr1","13162324","13162614","49","150795930"
"chr1","163963409","163963719","chr9","91473040","91473349","53","72490369"
"chr1","163974455","163974769","chr5","139889919","139890213","57","24084536"
"chr1","163976916","163977146","chr10","34820690","34820914","46","129156226"
"chr1","163997027","163997316","chr6","119011301","119011592","53","44985726"
"chr1","164000613","164000910","chr19","21523390","21523679","48","142477223"
"chr1","164000924","164001216","chr19","21523073","21523375","57","142477851"
"chr1","164014496","164014660","chr19","521958","522118","27","163492538"
"chr1","164015463","164015596","chr3","86420730","86420862","25","77594733"
"chr1","164036566","164036840","chr11","716905","717182","56","163319661"
"chr1","164037217","164037527","chr19","21476038","21476349","45","142561179"
"chr1","164046503","164046770","chr11","63745104","63745368","55","100301399"
"chr1","164048748","164048996","chr4","119756957","119757190","52","44291791"
"chr1","164050249","164050528","chr8","123614908","123615181","47","40435341"
"chr1","164078231","164078528","chr9","25525997","25526295","50","138552234"
"chr1","164107208","164107489","chr12","91264208","91264471","56","72843000"
"chr1","164145467","164145755","chr20","7477077","7477364","38","156668390"
"chr1","164258198","164258482","chr19","21234532","21234819","47","143023666"
"chr1","164338564","164338826","chr6","135536903","135537155","54","28801661"
"chr1","164561034","164561165","chr7","72501851","72501979","28","92059183"
"chr1","164790707","164791014","chr11","100526623","100526929","55","64264084"
"chr1","164858060","164858362","chr4","139259106","139259407","56","25598954"
"chr1","165226549","165226839","chr6","135282715","135283011","49","29943834"
"chr1","165228931","165229228","chr4","156176845","156177143","48","9052086"
"chr1","165343195","165343300","chrX","37109369","37109475","14","128233826"
"chr1","165800550","165800680","chrX","122813075","122813205","25","42987475"
"chr1","165835232","165835526","chr19","19576348","19576632","46","146258884"
"chr1","165962584","165962876","chrX","5636981","5637273","44","160325603"
"chr1","166069273","166069581","chr19","27619331","27619631","47","138449942"
"chr1","166080593","166080889","chr2","147728720","147729015","51","18351873"
"chr1","166108958","166109245","chrUn_GL286373","2039558","2039846","40","164069400"
"chr1","166110847","166111165","chr20","3758100","3758408","58","162352747"
"chr1","166183562","166183875","chr19","19177085","19177393","47","147006477"
"chr1","166190996","166191291","chr7","50803128","50803418","47","115387868"
"chr1","166201197","166201485","chr4","48557650","48557940","54","117643547"
"chr1","166207298","166207572","chr19","19152763","19153029","45","147054535"
"chr1","166216274","166216586","chr4","24714987","24715298","59","141501287"
"chr1","166646946","166647210","chr12","21174103","21174378","53","145472843"
"chr1","166739636","166739911","chr19","18599131","18599406","53","148140505"
"chr1","166771219","166771327","chr2","94061242","94061349","21","72709977"
"chr1","166833771","166834018","chr22","12415911","12416151","52","154417860"
"chr1","166848961","166849256","chr19","18464098","18464395","38","148384863"
"chr1","166942054","166942181","chr8","74203698","74203811","22","92738356"
"chr1","166948537","166948817","chr3","19993966","19994253","49","146954571"
"chr1","166956249","166956342","chr1","79687396","79687492","15","87268853"
"chr1","166956662","166956946","chr14","45075167","45075466","63","121881495"
"chr1","166993819","166993939","chr1","161294361","161294476","24","5699458"
"chr1","167092228","167092329","chr4","107609191","107609289","19","59483037"
"chr1","167285330","167285431","chr1","79687396","79687492","23","87597934"
"chr1","167658828","167658948","chr8","74203698","74203811","21","93455130"
"chr1","167836278","167836565","chr17","59145539","59145820","65","108690739"
"chr1","167944208","167944456","chr2","192752014","192752270","65","24807806"
"chr1","167978388","167978461","chr14","103607874","103607949","12","64370514"
"chr1","168053101","168053388","chr19","43659630","43659919","46","124393471"
"chr1","168063130","168063413","chr7","15398556","15398830","56","152664574"
"chr1","168346752","168347116","chr9","83585427","83585728","111","84761325"
"chr1","168642420","168642728","chr14","45030956","45031262","60","123611464"
"chr1","168925048","168925347","chr3","150020998","150021293","65","18904050"
"chr1","169209595","169209893","chr18","33149865","33150170","59","136059730"
"chr1","169354745","169355046","chr6","70367906","70368206","49","98986839"
"chr1","169470314","169470619","chr11","116346925","116347227","53","53123389"
"chr1","169488671","169488854","chr1","156766658","156766845","60","12722013"
"chr1","169647605","169647901","chr12","20230563","20230858","47","149417042"
"chr1","170026999","170027296","chr7","81491300","81491596","55","88535699"
"chr1","170177663","170177968","chr1","104253890","104254191","55","65923773"
"chr1","170307740","170308052","chr18","45245446","45245753","43","125062294"
"chr1","170309692","170309953","chr14","32863987","32864257","65","137445705"
"chr1","170357763","170358047","chr1","168926697","168926979","48","1431066"
"chr1","170374408","170374719","chrX","17705039","17705341","60","152669369"
"chr1","170773666","170773943","chr10","55315779","55316056","54","115457887"
"chr1","170914609","170914908","chr15","33235026","33235324","40","137679583"
"chr1","171009823","171010112","chr5","158518457","158518746","47","12491366"
"chr1","171101706","171102006","chr22","36166225","36166522","51","134935481"
"chr1","171104924","171105218","chr17","28540483","28540776","55","142564441"
"chr1","171143067","171143363","chr6","117332912","117333211","36","53810155"
"chr1","171146602","171146901","chr8","71462525","71462819","68","99684077"
"chr1","171218952","171219248","chr18","44357084","44357379","43","126861868"
"chr1","171256240","171256534","chr18","44319403","44319691","39","126936837"
"chr1","171311247","171311551","chr1","199360645","199360948","38","28049398"
"chr1","171450245","171450454","chr2","154897537","154897744","29","16552708"
"chr1","171814307","171814617","chr18","43778974","43779277","45","128035333"
"chr1","172137141","172137443","chr7","53796525","53796824","52","118340616"
"chr1","172148378","172148688","chr3","71082107","71082409","70","101066271"
"chr1","172155610","172155791","chr1","26292789","26292968","38","145862821"
"chr1","172269672","172269955","chr9","94159039","94159326","68","78110633"
"chr1","172389543","172389851","chr2","59445321","59445626","56","112944222"
"chr1","172779598","172779904","chr14","77613723","77614028","46","95165875"
"chr1","173041746","173042038","chr5","26340268","26340554","68","146701478"
"chr1","173144582","173144703","chr16","38636257","38636377","18","134508325"
"chr1","173540089","173540360","chr5","68540557","68540826","71","104999532"
"chr1","174109608","174109910","chr3","52365996","52366297","52","121743612"
"chr1","174430300","174430591","chr6","119011301","119011592","61","55418999"
"chr1","174837372","174837481","chr3","80019144","80019262","29","94818228"
"chr1","174987034","174987332","chr9","14539645","14539946","58","160447389"
"chr1","175204026","175204325","chr6","22575404","22575712","57","152628622"
"chr1","175261499","175261810","chr13","26050120","26050425","70","149211379"
"chr1","175301894","175302205","chr7","25925292","25925587","67","149376602"
"chr1","175373870","175374181","chr11","83476981","83477292","50","91896889"
"chr1","175489510","175489845","chr13","20178005","20178325","73","155311505"
"chr1","175551856","175552144","chr1","193753257","193753540","49","18201401"
"chr1","176151079","176151386","chr4","139259106","139259407","64","36891973"
"chr1","176261429","176261731","chr8","115903141","115903445","53","60358288"
"chr1","176559156","176559260","chr1","172859768","172859871","17","3699388"
"chr1","176827156","176827450","chr5","134335779","134336071","50","42491377"
"chr1","176893191","176893502","chrX","63118288","63118597","56","113774903"
"chr1","176919205","176919440","chr5","38716996","38717227","47","138202209"
"chr1","177437059","177437358","chr2","150624041","150624344","62","26813018"
"chr1","177714395","177714689","chr2","133141758","133142053","52","44572637"
"chr1","177735368","177735682","chr9","40684256","40684574","64","137051112"
"chr1","177790546","177790672","chr1","154554966","154555094","19","23235580"
"chr1","177840610","177840868","chrX","22571768","22572013","61","155268842"
"chr1","177888802","177889085","chr7","155162191","155162474","40","22726611"
"chr1","177968253","177968547","chr7","62486081","62486384","53","115482172"
"chr1","177975346","177975641","chr4","54370195","54370493","45","123605151"
"chr1","178091678","178091983","chr18","19930917","19931230","44","158160761"
"chr1","178520800","178521083","chr9","111004423","111004700","50","67516377"
"chr1","178670115","178670395","chr11","74173885","74174163","37","104496230"
"chr1","178937926","178938042","chr17","34390887","34391004","21","144547039"
"chr1","178960800","178961063","chr10","79929769","79930045","59","99031031"
"chr1","179110194","179110492","chr12","27792052","27792342","61","151318142"
"chr1","179110630","179110765","chr4","105092054","105092179","23","74018576"
"chr1","179127069","179127104","chr3","81093948","81093982","6","98033121"
"chr1","179160684","179160887","chr18","20955733","20955934","24","158204951"
"chr1","179274574","179274885","chr9","101210178","101210488","48","78064396"
"chr1","179474529","179474831","chr20","10160789","10161092","46","169313740"
"chr1","179507735","179508043","chr11","106700773","106701081","51","72806962"
"chr1","179552899","179553193","chr1","170771447","170771746","51","8781452"
"chr1","179577047","179577326","chr4","158481330","158481605","44","21095717"
"chr1","179601302","179601619","chr7","32078016","32078331","66","147523286"
"chr1","179697370","179697692","chr18","21465361","21465669","62","158232009"
"chr1","179808981","179809284","chrX","45685678","45685985","46","134123303"
"chr1","179830262","179830550","chr18","21602451","21602749","44","158227811"
"chr1","179889183","179889478","chr9","85322495","85322793","48","94566688"
"chr1","179905819","179906118","chr18","21678017","21678317","34","158227802"
"chr1","180422449","180422739","chr5","139889919","139890213","51","40532530"
"chr1","180450099","180450401","chr12","19378912","19379214","51","161071187"
"chr1","180710083","180710382","chr4","139259106","139259407","39","41450977"
"chr1","180813833","180813888","chr7","54819198","54819253","10","125994635"
"chr1","180860519","180860825","chr1","98777691","98777997","48","82082828"
"chr1","180911750","180911909","chr6","8658834","8658992","24","172252916"
"chr1","180995404","180995709","chr5","802010","802319","52","180193394"
"chr1","181092920","181093230","chr2","150624041","150624344","48","30468879"
"chr1","181171680","181171978","chr18","22952665","22952962","45","158219015"
"chr1","181227129","181227369","chr4","88397347","88397598","46","92829782"
"chr1","181235891","181236170","chr22","45711887","45712165","46","135524004"
"chr1","181275371","181275659","chr9","36010109","36010400","60","145265262"
"chr1","181305964","181306270","chr9","120468304","120468608","49","60837660"
"chr1","181307607","181307907","chr18","23083339","23083644","42","158224268"
"chr1","181318848","181319151","chr6","48814191","48814491","54","132504657"
"chr1","181319545","181319724","chr3","151322790","151322964","37","29996755"
"chr1","181346183","181346458","chrX","39775240","39775514","58","141570943"
"chr1","181355844","181356150","chrX","8396907","8397216","48","172958937"
"chr1","181536184","181536442","chr15","49638162","49638439","56","131898022"
"chr1","181831333","181831634","chrX","18432136","18432433","50","163399197"
"chr1","181857656","181857940","chr1","83930984","83931267","57","97926672"
"chr1","181885373","181885660","chr5","80121277","80121568","47","101764096"
"chr1","181924319","181924497","chr9","122995622","122995811","34","58928697"
"chr1","181959912","181960208","chr7","29042352","29042646","51","152917560"
"chr1","181963117","181963426","chr7","70375823","70376126","45","111587294"
"chr1","181987434","181987747","chr4","139259106","139259407","58","42728328"
"chr1","182025510","182025819","chr12","117379155","117379465","46","64646355"
"chr1","182079159","182079445","chr6","119011301","119011592","55","63067858"
"chr1","182099534","182099829","chr6","104934626","104934925","42","77164908"
"chr1","182170412","182170699","chr2","2218970","2219260","45","179951442"
"chr1","182194935","182195073","chr2","193530196","193530332","19","11335261"
"chr1","182200380","182200672","chr7","59480517","59480814","47","122719863"
"chr1","182261763","182262059","chr1","186610138","186610422","51","4348375"
"chr1","182328891","182329063","chr18","24048030","24048201","28","158280861"
"chr1","182499952","182500000","chr7","67263103","67263151","6","115236849"
"chr1","182618827","182619125","chr18","24315122","24315429","54","158303705"
"chr1","182854131","182854467","chr2","29786463","29786779","72","153067668"
"chr1","182954596","182954900","chr4","54370195","54370493","47","128584401"
"chr1","183151534","183151826","chr3","22700346","22700644","47","160451188"
"chr1","183167899","183168198","chr10","76904858","76905160","52","106263041"
"chr1","183176111","183176406","chr2","17996148","17996446","47","165179963"
"chr1","183207224","183207344","chr1","171740201","171740320","31","11467023"
"chr1","183207786","183208090","chr1","168255466","168255766","56","14952320"
"chr1","183248756","183249044","chr7","97072023","97072313","50","86176733"
"chr1","183345049","183345353","chr8","106549657","106549965","44","76795392"
"chr1","183356284","183356572","chrX","52241701","52241982","49","131114583"
"chr1","183457776","183458087","chr9","4503986","4504297","49","178953790"
"chr1","183479603","183479894","chr12","41621215","41621505","49","141858388"
"chr1","183488209","183488518","chr8","14923296","14923595","64","168564913"
"chr1","183508099","183508376","chr18","26358763","26359053","45","157149336"
"chr1","183517233","183517531","chr6","119011301","119011592","48","64505932"
"chr1","183606418","183606727","chr12","108797245","108797536","76","74809173"
"chr1","183666263","183666552","chr7","30907560","30907847","45","152758703"
"chr1","183811280","183811578","chr2","147728720","147729015","44","36082560"
"chr1","183871533","183871823","chr4","32151595","32151889","52","151719938"
"chr1","183941498","183941849","chr2","105168087","105168422","70","78773411"
"chr1","183991859","183992147","chr12","15538273","15538557","51","168453586"
"chr1","184016263","184016553","chr2","7040570","7040859","48","176975693"
"chr1","184071989","184072118","chr7","127304012","127304136","24","56767977"
"chr1","184076134","184076437","chr18","27114608","27114900","45","156961526"
"chr1","184083559","184083774","chrX","122284348","122284560","42","61799211"
"chr1","184085909","184086206","chr5","94139693","94139989","51","89946216"
"chr1","184093898","184094189","chrX","45563978","45564273","43","138529920"
"chr1","184145457","184145778","chr6","21930692","21931000","57","162214765"
"chr1","184239123","184239421","chr1","121265312","121265615","58","62973811"
"chr1","184243592","184243888","chr1","37319818","37320111","47","146923774"
"chr1","184317496","184317727","chr1","151318710","151318940","43","32998786"
"chr1","184335242","184335365","chr2","43248573","43248696","19","141086669"
"chr1","184377404","184377701","chr2","152223876","152224165","44","32153528"
"chr1","184435942","184436109","chr18","36312570","36312735","20","148123372"
"chr1","184522297","184522333","chr2","34931064","34931102","3","149591233"
"chr1","184541566","184541877","chr5","120225189","120225498","46","64316377"
"chr1","184585699","184586001","chr7","78135655","78135948","46","106450044"
"chr1","184666321","184666632","chr15","33070159","33070473","50","151596162"
"chr1","184667318","184667466","chr1","204591414","204591558","31","19924096"
"chr1","184691477","184691783","chr5","55380182","55380490","43","129311295"
"chr1","184693198","184693521","chr19","31863283","31863592","61","152829915"
"chr1","184703611","184703897","chr7","155162191","155162474","48","29541420"
"chr1","184734097","184734136","chr7","106028837","106028875","2","78705260"
"chr1","184753160","184753206","chr2","151618860","151618904","6","33134300"
"chr1","184753222","184753493","chr9","38553376","38553641","60","146199846"
"chr1","184772510","184772822","chr1","197996269","197996573","63","13223759"
"chr1","184805431","184805735","chr2","17996148","17996446","46","166809283"
"chr1","184807775","184808092","chr9","101280728","101281039","53","83527047"
"chr1","184867342","184867620","chr14","45126267","45126534","56","139741075"
"chr1","184878696","184879006","chr18","27837142","27837443","48","157041554"
"chr1","184882491","184882804","chr14","59367688","59367988","55","125514803"
"chr1","184894212","184894535","chr20","13625673","13625989","61","171268539"
"chr1","184895781","184896054","chr4","12429965","12430236","52","172465816"
"chr1","184904388","184904711","chr22","27457295","27457586","69","157447093"
"chr1","184926517","184926815","chr18","27889095","27889397","46","157037422"
"chr1","184937394","184937604","chr17","38948573","38948782","31","145988821"
"chr1","184961109","184961384","chr18","27927526","27927783","58","157033583"
"chr1","184969693","184969985","chr8","89565594","89565886","42","95404099"
"chr1","185001419","185001732","chr1","170771447","170771746","52","14229972"
"chr1","185017203","185017514","chr10","1666053","1666355","58","183351150"
"chr1","185046734","185046828","chr5","32410060","32410155","13","152636674"
"chr1","185059775","185060079","chr4","139259106","139259407","41","45800669"
"chr1","185070581","185070878","chr17","42666630","42666927","42","142403951"
"chr1","185076566","185076851","chr20","13023485","13023768","43","172053081"
"chr1","185107158","185107420","chr4","21116949","21117214","42","163990209"
"chr1","185117869","185118166","chr18","28072196","28072489","38","157045673"
"chr1","185124275","185124583","chr18","28078185","28078496","42","157046090"
"chr1","185146389","185146678","chr1","138540632","138540926","47","46605757"
"chr1","185186101","185186298","chr21","40521786","40521977","38","144664315"
"chr1","185198125","185198402","chr13","10247200","10247479","44","174950925"
"chr1","185232872","185233176","chr18","28187992","28188296","47","157044880"
"chr1","185256380","185256679","chr6","149090709","149091000","47","36165671"
"chr1","185270339","185270642","chr10","76904858","76905160","48","108365481"
"chr1","185300406","185300697","chr6","7755539","7755830","47","177544867"
"chr1","185406070","185406360","chr10","8079265","8079560","44","177326805"
"chr1","185440116","185440420","chr18","28384958","28385239","52","157055158"
"chr1","185451218","185451466","chr5","72732773","72733021","35","112718445"
"chr1","185501860","185502163","chr2","29773125","29773427","55","155728735"
"chr1","185638743","185639037","chr12","51888773","51889064","46","133749970"
"chr1","185715160","185715469","chrUn_GL286397","1130596","1130909","50","184584564"
"chr1","185830802","185830952","chr15","61778003","61778155","22","124052799"
"chr1","185973384","185973680","chr4","98746325","98746622","47","87227059"
"chr1","186492110","186492391","chr22","38654238","38654519","45","147837872"
"chr1","186560305","186560400","chr22","2790806","2790896","13","183769499"
"chr1","186822055","186822344","chr5","47309745","47310037","56","139512310"
"chr1","186853837","186854130","chr7","97706424","97706716","58","89147413"
"chr1","187507206","187507519","chr8","93710494","93710805","64","93796712"
"chr1","187518217","187518520","chr19","27619331","27619631","45","159898886"
"chr1","187610750","187611051","chr1","13807754","13808053","50","173802996"
"chr1","187614525","187614827","chr11","24014752","24015050","47","163599773"
"chr1","187654510","187654805","chr9","92955669","92955979","55","94698841"
"chr1","187677819","187678115","chr3","106011472","106011765","43","81666347"
"chr1","187737865","187738162","chr8","70021437","70021736","50","117716428"
"chr1","187775474","187775773","chrX","17705039","17705341","40","170070435"
"chr1","187827048","187827351","chr7","70375823","70376126","51","117451225"
"chr1","187853433","187853713","chr11","121772335","121772616","49","66081098"
"chr1","187862084","187862387","chr2","203225383","203225677","54","15363299"
"chr1","187959715","187960020","chr5","64592198","64592502","49","123367517"
"chr1","188407659","188407967","chr18","40593753","40594060","41","147813906"
"chr1","188493091","188493222","chr9","59190391","59190517","18","129302700"
"chr1","188493340","188493515","chr9","52892460","52892634","31","135600880"
"chr1","188629786","188630076","chr5","54889537","54889841","74","133740249"
"chr1","188706893","188707203","chr1","135282348","135282656","53","53424545"
"chr1","188721190","188721462","chr9","108649185","108649451","50","80072005"
"chr1","188726606","188726915","chr5","55380182","55380490","55","133346424"
"chr1","188735382","188735681","chr14","83083786","83084089","50","105651596"
"chr1","188801736","188802023","chr5","93075725","93076019","45","95726011"
"chr1","188826540","188826634","chr1","206506573","206506667","15","17680033"
"chr1","188867845","188868141","chr4","36185994","36186292","42","152681851"
"chr1","188885014","188885312","chr2","67197269","67197565","39","121687745"
"chr1","188943717","188944019","chr8","70021437","70021736","41","118922280"
"chr1","188984505","188984802","chr18","40023882","40024166","49","148960623"
"chr1","189022406","189022697","chr12","51888773","51889064","40","137133633"
"chr1","189085851","189086144","chr2","2218970","2219260","43","186866881"
"chr1","189226705","189226958","chr18","39795923","39796184","48","149430782"
"chr1","189886092","189886375","chr5","84279031","84279321","47","105607061"
"chr1","189898200","189898503","chr9","25525997","25526295","53","164372203"
"chr1","189932915","189933206","chr11","99207932","99208223","55","90724983"
"chr1","190057570","190057882","chr4","68873266","68873577","47","121184304"
"chr1","190185943","190186244","chr12","114854084","114854381","46","75331859"
"chr1","190399597","190399694","chr18","38777081","38777180","15","151622516"
"chr1","190399754","190400072","chr8","55667304","55667614","56","134732450"
"chr1","190409865","190410086","chr1","193743092","193743311","39","3333227"
"chr1","190447996","190448133","chr12","103682916","103683054","35","86765080"
"chr1","190448167","190448214","chr10","102053016","102053065","10","88395151"
"chr1","190487707","190488007","chr5","120666332","120666633","55","69821375"
"chr1","190602811","190602942","chr12","48829961","48830089","16","141772850"
"chr1","190603984","190604294","chr14","32553436","32553738","46","158050548"
"chr1","190645903","190646233","chr7","70375823","70376126","72","120270080"
"chr1","190669716","190670011","chr5","93075725","93076019","46","97593991"
"chr1","190671717","190672022","chr13","95836072","95836367","52","94835645"
"chr1","190676665","190676747","chr5","72615428","72615510","14","118061237"
"chr1","190772286","190772454","chr9","110503091","110503258","31","80269195"
"chr1","190784077","190784371","chr5","139889919","139890213","43","50894158"
"chr1","190816366","190816658","chr7","85080523","85080815","55","105735843"
"chr1","190817335","190817616","chrX","51282480","51282768","52","139534855"
"chr1","190845699","190845828","chr16","44442384","44442512","22","146403315"
"chr1","190886846","190887143","chr3","111477906","111478203","38","79408940"
"chr1","190903045","190903351","chr7","133286748","133287049","51","57616297"
"chr1","191058161","191058374","chr9","102336179","102336384","52","88721982"
"chr1","191065588","191065833","chr5","78099242","78099485","40","112966346"
"chr1","191092804","191093124","chr7","137342012","137342330","59","53750792"
"chr1","191112043","191112339","chr18","38106272","38106565","40","153005771"
"chr1","191121579","191121880","chr21","35283943","35284237","49","155837636"
"chr1","191128831","191129121","chr3","88018588","88018878","42","103110243"
"chr1","191174143","191174459","chr16","95735164","95735470","60","95438979"
"chr1","191180108","191180414","chr9","109961439","109961739","53","81218669"
"chr1","191484470","191484653","chr18","37822880","37823064","35","153661590"
"chr1","191602306","191602594","chr5","61025909","61026199","49","130576397"
"chr1","191804301","191804602","chr6","121802757","121803058","43","70001544"
"chr1","191946583","191946883","chr9","97865498","97865809","59","94081085"
"chr1","191986037","191986163","chr18","37329437","37329565","22","154656600"
"chr1","192051757","192052061","chr18","37266397","37266697","44","154785360"
"chr1","192078960","192079260","chr1","135371826","135372122","43","56707134"
"chr1","192179141","192179450","chr7","56296910","56297210","53","135882231"
"chr1","192267268","192267579","chr5","95128904","95129215","53","97138364"
"chr1","192299578","192299869","chr18","37062415","37062712","47","155237163"
"chr1","192336933","192337031","chr11","72862850","72862950","19","119474083"
"chr1","192341092","192341405","chr15","32495325","32495639","51","159845767"
"chr1","192548043","192548189","chr14","71349893","71350037","26","121198150"
"chr1","192549031","192549326","chr17","28540483","28540776","50","164008548"
"chr1","192618426","192618737","chr20","472916","473222","48","192145510"
"chr1","193063323","193063624","chr1","175759179","175759474","57","17304144"
"chr1","193163075","193163124","chr4","2144675","2144724","3","191018400"
"chr1","193302283","193302553","chrX","97285965","97286239","71","96016318"
"chr1","193726219","193726283","chr7","71879017","71879077","10","121847202"
"chr1","194125961","194126268","chr7","70375823","70376126","45","123750138"
"chr1","194164517","194164677","chr18","35201810","35201966","21","158962707"
"chr1","194164719","194165010","chr18","35201470","35201768","39","158963249"
"chr1","194175085","194175381","chrX","16941213","16941505","46","177233872"
"chr1","194226992","194227289","chr5","33114079","33114374","53","161112913"
"chr1","194228129","194228408","chr11","5274208","5274485","51","188953921"
"chr1","194261845","194262134","chr18","35097098","35097383","36","159164747"
"chr1","194266118","194266241","chr13","89519003","89519127","19","104747115"
"chr1","194272885","194273171","chr18","35086192","35086472","49","159186693"
"chr1","194329296","194329592","chr2","63180548","63180847","54","131148748"
"chr1","194368226","194368490","chr13","97658378","97658641","49","96709848"
"chr1","194514297","194514610","chr6","140248563","140248872","47","54265734"
"chr1","194598794","194599117","chr18","34734676","34734973","64","159864118"
"chr1","195187923","195188237","chr2","1940205","1940517","48","193247718"
"chr1","195398935","195399219","chr14","53310215","53310500","49","142088720"
"chr1","195400834","195401132","chr2","130993805","130994105","49","64407029"
"chr1","195661809","195662100","chr20","26035322","26035615","55","169626487"
"chr1","195734488","195734727","chr5","44606303","44606540","44","151128185"
"chr1","195832057","195832147","chr7","15282612","15282696","12","180549445"
"chr1","195836966","195837205","chr18","33591136","33591392","50","162245830"
"chr1","196042417","196042702","chr11","122768480","122768757","53","73273937"
"chr1","196068282","196068579","chr12","107125942","107126232","42","88942340"
"chr1","196084726","196085026","chr2","150624041","150624344","51","45460685"
"chr1","196175140","196175365","chr18","33337534","33337766","41","162837606"
"chr1","196200939","196201159","chr2","129607224","129607441","41","66593715"
"chr1","196211999","196212311","chr12","82715784","82716082","57","113496215"
"chr1","196231652","196231960","chr7","70375823","70376126","49","125855829"
"chr1","196247847","196248146","chr14","32553436","32553738","54","163694411"
"chr1","196389566","196389867","chr14","20780743","20781043","58","175608823"
"chr1","196401948","196402047","chr4","146858408","146858506","17","49543540"
"chr1","196441636","196441776","chr18","33199297","33199440","22","163242339"
"chr1","196460224","196460416","chr22","34544447","34544626","40","161915777"
"chr1","196522501","196522746","chr21","50315649","50315880","60","146206852"
"chr1","196522747","196522890","chr10","107063230","107063368","47","89459517"
"chr1","196554522","196554817","chr6","116000566","116000861","48","80553956"
"chr1","196625134","196625304","chr22","8043919","8044090","36","188581215"
"chr1","196629266","196629574","chr12","78919016","78919323","40","117710250"
"chr1","196654391","196654689","chr1","83536268","83536570","50","113118123"
"chr1","196657555","196657854","chr2","67047152","67047456","56","129610403"
"chr1","196658081","196658370","chr2","151333028","151333320","51","45325053"
"chr1","196669343","196669629","chr2","164683323","164683607","57","31986020"
"chr1","196691270","196691576","chr1","174920093","174920401","49","21771177"
"chr1","196701315","196701386","chr2","148280896","148280969","10","48420419"
"chr1","196704006","196704127","chr2","65349063","65349187","17","131354943"
"chr1","196711068","196711279","chr3","118812740","118812956","41","77898328"
"chr1","196719651","196719949","chr4","139345030","139345325","54","57374621"
"chr1","196722489","196722804","chr5","55380182","55380490","48","141342307"
"chr1","196723686","196723984","chr11","23971252","23971543","47","172752434"
"chr1","196775776","196775913","chr15","63205708","63205846","21","133570068"
"chr1","196802761","196802997","chr3","100267410","100267644","41","96535351"
"chr1","196835095","196835385","chr6","147197278","147197570","55","49637817"
"chr1","196861002","196861292","chr11","72643464","72643751","39","124217538"
"chr1","196898693","196898918","chr11","16907039","16907264","56","179991654"
"chr1","197034055","197034335","chr13","61026131","61026415","51","136007924"
"chr1","197233099","197233405","chr7","12818218","12818517","48","184414881"
"chr1","197312281","197312543","chr18","32356004","32356261","48","164956277"
"chr1","197376982","197377289","chr20","38639419","38639722","54","158737563"
"chr1","197384016","197384126","chr1","52285295","52285404","18","145098721"
"chr1","197384466","197384514","chr10","6906054","6906102","11","190478412"
"chr1","197404469","197404776","chr4","54370195","54370493","52","143034274"
"chr1","197420421","197420723","chr5","121886594","121886891","50","75533827"
"chr1","197492153","197492430","chr1","91150226","91150511","55","106341927"
"chr1","197547774","197547908","chr1","58455535","58455670","28","139092239"
"chr1","197628311","197628646","chr3","83968747","83969029","99","113659564"
"chr1","197660818","197661084","chr15","28476630","28476895","46","169184188"
"chr1","197671830","197671927","chr10","55476664","55476766","17","142195166"
"chr1","197720618","197720926","chr3","53266221","53266526","59","144454397"
"chr1","197820072","197820361","chr20","7477077","7477364","43","190342995"
"chr1","197877521","197877696","chr5","64572568","64572722","58","133304953"
"chr1","197940335","197940643","chr19","17448176","17448478","40","180492159"
"chr1","197949505","197949811","chr6","75230350","75230656","55","122719155"
"chr1","198110071","198110356","chrX","40344797","40345081","48","157765274"
"chr1","198435060","198435324","chr18","31206617","31206876","37","167228443"
"chr1","198440924","198441247","chr6","75230350","75230656","62","123210574"
"chr1","198502816","198503109","chr18","31127847","31128146","52","167374969"
"chr1","198522677","198522935","chr22","11939403","11939682","66","186583274"
"chr1","198552344","198552656","chr18","31085584","31085892","45","167466760"
"chr1","198555424","198555716","chr20","7477077","7477364","52","191078347"
"chr1","198605358","198605669","chrX","64172412","64172721","60","134432946"
"chr1","198606219","198606506","chr12","51888773","51889064","40","146717446"
"chr1","198640528","198640822","chr12","16212093","16212391","44","182428435"
"chr1","198646964","198647249","chr4","158481330","158481605","49","40165634"
"chr1","198663882","198664187","chr5","124645645","124645952","58","74018237"
"chr1","198692438","198692721","chr5","100805123","100805399","57","97887315"
"chr1","198786318","198786584","chr7","42471063","42471337","58","156315255"
"chr1","198798003","198798214","chr5","137927817","137928028","69","60870186"
"chr1","198838485","198838778","chr18","30794347","30794641","61","168044138"
"chr1","199164115","199164225","chrUn_GL286373","1927050","1927162","16","197237065"
"chr1","199214268","199214566","chr5","139889919","139890213","48","59324349"
"chr1","199668049","199668320","chr2","127177045","127177318","52","72491004"
"chr1","200131375","200131657","chr2","131501585","131501869","52","68629790"
"chr1","200135261","200135567","chr5","41268769","41269073","50","158866492"
"chr1","200143822","200143990","chr1","157150821","157150983","29","42993001"
"chr1","200481193","200481404","chr16","74362328","74362540","40","126118865"
"chr1","200551168","200551446","chr4","144716679","144716971","49","55834489"
"chr1","200737601","200737814","chr2","164877080","164877295","37","35860521"
"chr1","200742841","200743109","chr2","168567784","168568060","50","32175057"
"chr1","200961513","200961783","chr19","32348197","32348483","51","168613316"
"chr1","201273029","201273336","chr11","126545825","126546136","57","74727204"
"chr1","201461377","201461666","chr1","170771447","170771746","50","30689930"
"chr1","201532459","201532683","chr15","23262592","23262815","51","178269867"
"chr1","201612566","201612878","chr5","96179767","96180077","55","105432799"
"chr1","201617918","201618203","chr5","92763403","92763679","61","108854515"
"chr1","201772605","201772916","chr2","150624041","150624344","51","51148564"
"chr1","201806096","201806204","chr11","110868427","110868531","24","90937669"
"chr1","201834022","201834319","chr19","32863784","32864078","44","168970238"
"chr1","201957976","201958273","chr3","173712450","173712748","45","28245526"
"chr1","202121725","202122020","chr4","82163060","82163362","55","119958665"
"chr1","202280834","202281157","chr1","28466163","28466487","66","173814671"
"chr1","202291052","202291186","chr22","10937463","10937596","24","191353589"
"chr1","202336967","202337241","chr19","34063072","34063348","36","168273895"
"chr1","202366741","202367046","chr14","41317315","41317612","50","161049426"
"chr1","202373440","202373734","chr17","68632450","68632743","42","133740990"
"chr1","202373757","202374056","chr2","203225383","203225677","46","851626"
"chr1","202467940","202468243","chr4","54370195","54370493","49","148097745"
"chr1","202521205","202521480","chr3","38981882","38982161","56","163539323"
"chr1","202572476","202572771","chr4","98746325","98746622","43","103826151"
"chr1","202619775","202620066","chr1","13807754","13808053","56","188812021"
"chr1","202622481","202622770","chr19","985689","985983","44","201636792"
"chr1","202634517","202634826","chr4","139259106","139259407","52","63375411"
"chr1","202644310","202644617","chr7","74556991","74557283","66","128087319"
"chr1","202653656","202653957","chr13","74012801","74013097","42","128640855"
"chr1","202671676","202671973","chr19","34357689","34357990","50","168313987"
"chr1","202712122","202712243","chr9","40018024","40018148","24","162694098"
"chr1","202732811","202733109","chr1","13807754","13808053","37","188925057"
"chr1","202809917","202810221","chr3","117540807","117541109","53","85269110"
"chr1","202844601","202844889","chr10","86192167","86192448","55","116652434"
"chr1","202882688","202882956","chr7","78230765","78231034","52","124651923"
"chr1","202937743","202937929","chr7","10468483","10468687","46","192469260"
"chr1","202976682","202976822","chr14","20547279","20547412","28","182429403"
"chr1","203041632","203041925","chr19","34746537","34746831","46","168295095"
"chr1","203148284","203148588","chr8","115903141","115903445","38","87245143"
"chr1","203380979","203381312","chr14","41135777","41136098","63","162245202"
"chr1","203402344","203402649","chr14","83083786","83084089","49","120318558"
"chr1","203473609","203473919","chr19","35167142","35167442","51","168306467"
"chr1","203708040","203708350","chr9","110062644","110062956","43","93645396"
"chr1","203911974","203912275","chr7","22693125","22693421","58","181218849"
"chr1","203932604","203932751","chr6","47544588","47544736","29","156388016"
"chr1","203939011","203939199","chr10","62383310","62383496","33","141555701"
"chr1","204016261","204016349","chr7","42953079","42953163","16","161063182"
"chr1","204085537","204085832","chr2","147728720","147729015","42","56356817"
"chr1","204113017","204113341","chr1","181225709","181226017","65","22887308"
"chr1","204131167","204131444","chrX","40360382","40360656","55","163770785"
"chr1","204158887","204159097","chr3","47480697","47480906","41","156678190"
"chr1","204178469","204178758","chr1","186610138","186610422","44","17568331"
"chr1","204179704","204179820","chr10","14750052","14750167","16","189429652"
"chr1","204207643","204207929","chr19","35915268","35915546","39","168292375"
"chr1","204234237","204234537","chr5","139889919","139890213","41","64344318"
"chr1","204274000","204274135","chr6","134728957","134729091","15","69545043"
"chr1","204304928","204305214","chr1","116618974","116619261","47","87685954"
"chr1","204322799","204322909","chr18","32102728","32102840","10","172220071"
"chr1","204325750","204325916","chr7","82210501","82210665","26","122115249"
"chr1","204351545","204351828","chr1","186610138","186610422","49","17741407"
"chr1","204355156","204355450","chr9","48897542","48897838","51","155457614"
"chr1","204393755","204394031","chr9","53552630","53552898","40","150841125"
"chr1","204407882","204408169","chr18","11204017","11204306","40","193203865"
"chr1","204419875","204420178","chr2","147728720","147729015","47","56691155"
"chr1","204482987","204483276","chr19","36160683","36160975","38","168322304"
"chr1","204535237","204535511","chr6","132679714","132679985","50","71855523"
"chr1","204684180","204684477","chr1","170771447","170771746","41","33912733"
"chr1","204723582","204723875","chr6","119011301","119011592","54","85712281"
"chr1","204726923","204727238","chr2","146982644","146982948","50","57744279"
"chr1","204764144","204764261","chr19","36416332","36416449","10","168347812"
"chr1","204785829","204786116","chr2","14449376","14449663","43","190336453"
"chr1","204810840","204811151","chr9","91473040","91473349","47","113337800"
"chr1","204905365","204905653","chr3","106888453","106888738","49","98016912"
"chr1","204983317","204983613","chr19","36619225","36619525","43","168364092"
"chr1","205082115","205082442","chrX","40179673","40179982","65","164902442"
"chr1","205135077","205135374","chr18","38605998","38606288","42","166529079"
"chr1","205255350","205255427","chr9","90274754","90274831","7","114980596"
"chr1","205337842","205337875","chr8","97260104","97260146","14","108077738"
"chr1","205338341","205338441","chr5","110490780","110490885","30","94847561"
"chr1","205408928","205409240","chr2","11077390","11077699","54","194331538"
"chr1","205460900","205461197","chrX","12001871","12002171","48","193459029"
"chr1","205561934","205562164","chr19","37210695","37210929","29","168351239"
"chr1","205764831","205765141","chr5","55380182","55380490","48","150384649"
"chr1","205877103","205877405","chr5","80121277","80121568","43","125755826"
"chr1","205899053","205899223","chr19","37552439","37552614","22","168346614"
"chr1","205916159","205916454","chr10","88439024","88439316","42","117477135"
"chr1","206074919","206075228","chr11","66635820","66636129","50","139439099"
"chr1","206125709","206126002","chrX","18432136","18432433","46","187693573"
"chr1","206161692","206161995","chr13","16760883","16761188","49","189400809"
"chr1","206193671","206193977","chr5","95128904","95129215","54","111064767"
"chr1","206231452","206231746","chr12","4068156","4068451","44","202163296"
"chr1","206331945","206332074","chr5","156163531","156163658","22","50168414"
"chr1","206511825","206512098","chr17","8204202","8204480","54","198307623"
"chr1","206589822","206590004","chr9","105071491","105071669","35","101518331"
"chr1","206590376","206590506","chr9","44740587","44740719","20","161849789"
"chr1","206681168","206681470","chr19","38313363","38313673","58","168367805"
"chr1","206747731","206748035","chr15","80055098","80055397","48","126692633"
"chr1","206758470","206758773","chr6","21930692","21931000","44","184827778"
"chr1","206972937","206973213","chr4","158481330","158481605","50","48491607"
"chr1","207077949","207078244","chr19","38677924","38678214","45","168400025"
"chr1","207082899","207083202","chr19","38686501","38686792","50","168396398"
"chr1","207104867","207105158","chr4","8011212","8011502","54","199093655"
"chr1","207116407","207116694","chr20","12471054","12471341","51","194645353"
"chr1","207133538","207133834","chr10","100757276","100757573","47","106376262"
"chr1","207164327","207164624","chr22","5993474","5993770","53","201170853"
"chr1","207218719","207218980","chr17","63010195","63010451","45","144208524"
"chr1","207259118","207259418","chr3","117540807","117541109","46","89718311"
"chr1","207324391","207324695","chr2","71331505","71331809","55","135992886"
"chr1","207366068","207366342","chr19","39009806","39010083","44","168356262"
"chr1","207530513","207530788","chr19","39191726","39192005","35","168338787"
"chr1","207568423","207568756","chr2","105168087","105168422","71","102400336"
"chr1","207573394","207573610","chr10","99558906","99559120","62","108014488"
"chr1","207680094","207680360","chr5","72712443","72712712","48","134967651"
"chr1","207727975","207728268","chr19","39382460","39382753","32","168345515"
"chr1","207738160","207738458","chrX","27603353","27603651","47","180134807"
"chr1","207890229","207890390","chr14","80704281","80704440","26","127185948"
"chr1","207890391","207890609","chr16","74362328","74362540","43","133528063"
"chr1","207894646","207894929","chr4","106702443","106702725","46","101192203"
"chr1","207969368","207969619","chr5","143673297","143673537","57","64296071"
"chr1","208041742","208042033","chr17","50933371","50933669","50","157108371"
"chr1","208117515","208117814","chr1","150693133","150693426","58","57424382"
"chr1","208205846","208206142","chr4","137135438","137135728","56","71070408"
"chr1","208210908","208211183","chr19","39855532","39855804","40","168355376"
"chr1","208249756","208250065","chr7","70375823","70376126","45","137873933"
"chr1","208302912","208303213","chr19","39938703","39939013","41","168364209"
"chr1","208351183","208351400","chr7","117865360","117865578","45","90485823"
"chr1","208375365","208375647","chr4","21633866","21634152","46","186741499"
"chr1","208379176","208379474","chr14","83083786","83084089","44","125295390"
"chr1","208424922","208425219","chr5","22343077","22343375","41","186081845"
"chr1","208426735","208426891","chr5","126411217","126411375","25","82015518"
"chr1","208426891","208427022","chr2","60312037","60312166","24","148114854"
"chr1","208427044","208427155","chr1","79824457","79824577","23","128602587"
"chr1","208443932","208444188","chr4","171389989","171390239","54","37053943"
"chr1","208460418","208460720","chr1","173326950","173327240","53","35133468"
"chr1","208461167","208461432","chr5","92726990","92727258","56","115734177"
"chr1","208515716","208516005","chr19","40124581","40124889","52","168391135"
"chr1","208534869","208535166","chr19","40143403","40143703","37","168391466"
"chr1","208649513","208649810","chr21","35283943","35284237","45","173365570"
"chr1","208687179","208687498","chr5","78442568","78442876","51","130244611"
"chr1","208705127","208705410","chr7","5073886","5074155","67","203631241"
"chr1","208744159","208744423","chr17","6560271","6560556","61","202183888"
"chr1","208787808","208788127","chr2","169846205","169846509","63","38941603"
"chr1","209090444","209090732","chr10","33125342","33125622","66","175965102"
"chr1","209217549","209217826","chr19","40782997","40783275","36","168434552"
"chr1","209345729","209346010","chr6","118577430","118577701","52","90768299"
"chr1","209377433","209377728","chr4","151588300","151588596","50","57789133"
"chr1","209422762","209422917","chr4","151688544","151688693","30","57734218"
"chr1","209456695","209456982","chr15","64165261","64165556","50","145291434"
"chr1","209463985","209464241","chr12","10448291","10448548","51","199015694"
"chr1","209579146","209579431","chr4","100165586","100165873","47","109413560"
"chr1","209831393","209831679","chr8","28132970","28133257","42","181698423"
"chr1","209863413","209863709","chr11","19304678","19304978","50","190558735"
"chr1","209877411","209877503","chr20","39110908","39110999","17","170766503"
"chr1","210399653","210399954","chr2","2218970","2219260","60","208180683"
"chr1","210597044","210597284","chr18","5591219","5591454","42","205005825"
"chr1","210751602","210751912","chr2","71331505","71331809","50","139420097"
"chr1","210806213","210806513","chr19","42111183","42111482","40","168695030"
"chr1","210905610","210905895","chr15","779906","780193","44","210125704"
"chr1","210911693","210911977","chrX","40344797","40345081","38","170566896"
"chr1","210913877","210914143","chr13","97658378","97658641","49","113255499"
"chr1","210950006","210950295","chr12","51315090","51315385","47","159634916"
"chr1","211115562","211115862","chr19","42380479","42380792","49","168735083"
"chr1","211158216","211158520","chr9","45325979","45326278","50","165832237"
"chr1","211288092","211288368","chr13","27324158","27324436","47","183963934"
"chr1","211425260","211425569","chr5","120225189","120225498","49","91200071"
"chr1","211498619","211498870","chr7","92864065","92864312","52","118634554"
"chr1","211574800","211575095","chrX","69084841","69085134","45","142489959"
"chr1","211594715","211594807","chr6","42278431","42278515","16","169316284"
"chr1","211622545","211622873","chr4","132055862","132056190","55","79566683"
"chr1","211669531","211669830","chr2","2218970","2219260","52","209450561"
"chr1","211669926","211670010","chr10","122302348","122302427","15","89367578"
"chr1","211719563","211719699","chr2","6081076","6081211","22","205638487"
"chr1","211828835","211829133","chr3","106011472","106011765","43","105817363"
"chr1","211888239","211888572","chr19","43156240","43156558","67","168731999"
"chr1","211891286","211891585","chrX","51315265","51315564","43","160576021"
"chr1","211919850","211920141","chr19","43189687","43189978","37","168730163"
"chr1","211997545","211997854","chr15","24029162","24029466","50","187968383"
"chr1","212030113","212030418","chrX","45540184","45540492","48","166489929"
"chr1","212157100","212157401","chr4","139259106","139259407","48","72897994"
"chr1","212251372","212251487","chr1","205933415","205933532","21","6317957"
"chr1","212318766","212319075","chr5","43258967","43259274","55","169059799"
"chr1","212328907","212329218","chrX","62686328","62686643","55","149642579"
"chr1","212405862","212406173","chrX","38848777","38849093","51","173557085"
"chr1","212471559","212471866","chr5","59461001","59461310","44","153010558"
"chr1","212552342","212552653","chr2","71331505","71331809","48","141220837"
"chr1","212571948","212572192","chr11","115048952","115049195","53","97522996"
"chr1","212609057","212609346","chr4","87059516","87059805","46","125549541"
"chr1","212612333","212612625","chr7","82462578","82462853","50","130149755"
"chr1","212677763","212677935","chr5","94619245","94619411","29","118058518"
"chr1","212686272","212686577","chr5","56277174","56277472","55","156409098"
"chr1","212721808","212721888","chr6","42278431","42278515","15","170443377"
"chr1","212800693","212800997","chrX","17705039","17705341","47","195095654"
"chr1","212803844","212804135","chr18","37062415","37062712","49","175741429"
"chr1","212813957","212814026","chr10","29131077","29131148","11","183682880"
"chr1","212848981","212849276","chr10","5304587","5304889","43","207544394"
"chr1","212852541","212852825","chr2","74473045","74473331","46","138379496"
"chr1","212872369","212872662","chr19","44088082","44088375","40","168784287"
"chr1","212879428","212879722","chr3","142600603","142600893","42","70278825"
"chr1","212954882","212955026","chr7","50731729","50731871","25","162223153"
"chr1","212970722","212971033","chr15","20202240","20202546","43","192768482"
"chr1","212992969","212993281","chr6","75230350","75230656","53","137762619"
"chr1","213074551","213074838","chr13","8793439","8793726","45","204281112"
"chr1","213084255","213084423","chr5","110972979","110973149","40","102111276"
"chr1","213099557","213099743","chr7","113350567","113350762","37","99748990"
"chr1","213155914","213156211","chr5","803761","804057","46","212352153"
"chr1","213244395","213244434","chrX","15428193","15428233","4","197816202"
"chr1","213246044","213246339","chr19","44451484","44451777","35","168794560"
"chr1","213256333","213256636","chr19","44461804","44462102","41","168794529"
"chr1","213319760","213320065","chr2","113107326","113107625","61","100212434"
"chr1","213391843","213392153","chr2","150624041","150624344","47","62767802"
"chr1","213407296","213407460","chr7","12902130","12902295","25","200505166"
"chr1","213413029","213413323","chr2","147728720","147729015","48","65684309"
"chr1","213441419","213441727","chr5","73075939","73076252","47","140365480"
"chr1","213512964","213513066","chr11","118328657","118328762","13","95184307"
"chr1","213522005","213522315","chrX","8396907","8397216","46","205125098"
"chr1","213536298","213536355","chr5","57313206","57313259","9","156223092"
"chr1","213568487","213568749","chr19","44771307","44771584","47","168797180"
"chr1","213577531","213577843","chr6","75230350","75230656","46","138347181"
"chr1","213592740","213592948","chr19","44795567","44795779","32","168797173"
"chr1","213606455","213606509","chr9","58005342","58005393","8","155601113"
"chr1","213611570","213611872","chr19","44815097","44815391","44","168796473"
"chr1","213624104","213624401","chr21","41253758","41254057","53","172370346"
"chr1","213654289","213654585","chr7","33547338","33547635","46","180106951"
"chr1","213686114","213686415","chr9","101210178","101210488","53","112475936"
"chr1","213727075","213727325","chr19","44917964","44918205","49","168809111"
"chr1","213728910","213729218","chr1","199360645","199360948","50","14368265"
"chr1","213740382","213740568","chr20","4101719","4101912","54","209638663"
"chr1","213744202","213744332","chr7","43461969","43462102","20","170282233"
"chr1","213767561","213767858","chr5","139889919","139890213","45","73877642"
"chr1","213777850","213778125","chr10","41485100","41485371","45","172292750"
"chr1","213786367","213786501","chr12","19833463","19833596","17","193952904"
"chr1","213829340","213829646","chr7","87384353","87384653","52","126444987"
"chr1","213857612","213857913","chr7","25925292","25925587","51","187932320"
"chr1","213859995","213860289","chr18","38605998","38606288","44","175253997"
"chr1","213866629","213866670","chr2","10579150","10579191","7","203287479"
"chr1","213934823","213935125","chr19","45107412","45107714","45","168827411"
"chr1","213954044","213954092","chr4","2144675","2144724","8","211809369"
"chr1","213999164","213999455","chr7","48973045","48973333","47","165026119"
"chr1","214043111","214043419","chr15","61609668","61609978","64","152433443"
"chr1","214047044","214047325","chr8","11597419","11597690","51","202449625"
"chr1","214048760","214049043","chr2","193261734","193262020","58","20787026"
"chr1","214435209","214435502","chr19","45621331","45621615","39","168813878"
"chr1","214617013","214617256","chr18","7374949","7375165","52","207242064"
"chr1","214618925","214619203","chr15","87753250","87753530","47","126865675"
"chr1","214628827","214629113","chr3","19993966","19994253","45","194634861"
"chr1","214649919","214650223","chrUn_GL286217","143262","143564","53","214506657"
"chr1","214698435","214698751","chr15","61609668","61609978","44","153088767"
"chr1","214700451","214700700","chr6","22652998","22653243","42","192047453"
"chr1","214725795","214726110","chr5","126934933","126935247","53","87790862"
"chr1","214784493","214784780","chr1","65251508","65251794","50","149532985"
"chr1","214811527","214811828","chr2","130993805","130994105","50","83817722"
"chr1","214899132","214899440","chr2","17435825","17436127","54","197463307"
"chr1","214989208","214989490","chr11","96050574","96050855","52","118938634"
"chr1","215080949","215081255","chr1","103493366","103493665","58","111587583"
"chr1","215086359","215086650","chr6","17854050","17854340","57","197232309"
"chr1","215148508","215148784","chr16","49225932","49226206","38","165922576"
"chr1","215283134","215283243","chr9","18665790","18665897","23","196617344"
"chr1","215412638","215412935","chr1","103493366","103493665","52","111919272"
"chr1","215535583","215535867","chr11","5274208","5274485","48","210261375"
"chr1","215705444","215705732","chr12","107125942","107126232","43","108579502"
"chr1","215826061","215826364","chr3","138105261","138105559","58","77720800"
"chr1","215834862","215835150","chr7","155162191","155162474","42","60672671"
"chr1","215916328","215916644","chr1","24864214","24864523","62","191052114"
"chr1","216006983","216007297","chr2","17435825","17436127","55","198571158"
"chr1","216220383","216220484","chr13","117415792","117415889","18","98804591"
"chr1","216243440","216243568","chr22","2771571","2771689","38","213471869"
"chr1","216361017","216361324","chr5","64592198","64592502","47","151768819"
"chr1","216562302","216562603","chr15","63717719","63718018","51","152844583"
"chr1","216562615","216562931","chr9","17943911","17944216","68","198618704"
"chr1","217014335","217014603","chr19","48021204","48021490","50","168993131"
"chr1","217041490","217041559","chr4","134250688","134250758","7","82790802"
"chr1","217136794","217136882","chr10","6906523","6906621","20","210230271"
"chr1","217139715","217139987","chr3","111446138","111446410","41","105693577"
"chr1","217175841","217175971","chr15","34334149","34334277","20","182841692"
"chr1","217283626","217283751","chr13","89519003","89519127","21","127764623"
"chr1","217342091","217342399","chr1","136803882","136804189","45","80538209"
"chr1","217366300","217366599","chr1","25323331","25323625","56","192042969"
"chr1","217494091","217494386","chr2","13919309","13919605","50","203574782"
"chr1","217511643","217511679","chr8","33861487","33861523","3","183650156"
"chr1","217548285","217548575","chr19","48486811","48487099","35","169061474"
"chr1","217573496","217573801","chr9","17943911","17944216","44","199629585"
"chr1","217584034","217584380","chr3","75943509","75943841","66","141640525"
"chr1","217599479","217599774","chr19","48526841","48527133","49","169072638"
"chr1","217600354","217600433","chr7","44653527","44653596","16","172946827"
"chr1","217684180","217684401","chr8","4691812","4692036","37","212992368"
"chr1","217690747","217691052","chr3","48450700","48451011","57","169240047"
"chr1","217702612","217702905","chr1","206060001","206060297","44","11642611"
"chr1","217707812","217708109","chr14","13871396","13871677","55","203836416"
"chr1","217729367","217729416","chr12","68680004","68680056","10","149049363"
"chr1","217888161","217888464","chr9","40113351","40113661","55","177774810"
"chr1","217946305","217946583","chr9","109298407","109298662","62","108647898"
"chr1","218163597","218163915","chr2","146982644","146982948","55","71180953"
"chr1","218250118","218250281","chr10","63802477","63802648","29","154447641"
"chr1","218409999","218410311","chr14","77613723","77614028","47","140796276"
"chr1","218480622","218480913","chr4","71933212","71933503","39","146547410"
"chr1","218608470","218608765","chr19","49469276","49469562","48","169139194"
"chr1","218743768","218744062","chr5","55380182","55380490","49","163363586"
"chr1","219041317","219041611","chr19","15193923","15194217","34","203847394"
"chr1","219332987","219333139","chr7","64245318","64245469","26","155087669"
"chr1","219347787","219347955","chr13","16898718","16898893","26","202449069"
"chr1","219348074","219348134","chr10","57258356","57258416","8","162089718"
"chr1","219358128","219358440","chr3","52365996","52366297","55","166992132"
"chr1","219368387","219368441","chr9","56957881","56957939","9","162410506"
"chr1","219419820","219420110","chr2","72481200","72481495","58","146938620"
"chr1","219470812","219471101","chr19","15585463","15585749","28","203885349"
"chr1","219516558","219516850","chr5","139889919","139890213","34","79626639"
"chr1","219559822","219560107","chr19","15671795","15672082","39","203888027"
"chr1","219718216","219718440","chr9","58607743","58607968","42","161110473"
"chr1","219735786","219736092","chr19","15831661","15831949","56","203904125"
"chr1","220158517","220158826","chrUn_GL286396","6557","6859","47","220151960"
"chr1","220183492","220183657","chr1","181966844","181967013","28","38216648"
"chr1","220199566","220199898","chr19","16224055","16224359","63","203975511"
"chr2","44171143","44171427","chr10","82921268","82921557","49","38750125"
"chr2","63569903","63570200","chr4","71933212","71933503","54","8363309"
"chr2","77070163","77070463","chr9","14539289","14539586","54","62530874"
"chr2","87424980","87425289","chr15","23662109","23662411","39","63762871"
"chr2","109444855","109445157","chr3","107213898","107214190","69","2230957"
"chr2","115474139","115474441","chr2","150624041","150624344","40","35149902"
"chr2","30581","30733","chr5","80103764","80103915","30","80073183"
"chr2","35750","35972","chr14","2794925","2795146","46","2759175"
"chr2","119004","119343","chr2","17996148","17996446","98","17877144"
"chr2","192748","193051","chr4","139259106","139259407","49","139066358"
"chr2","484692","484997","chr21","17371235","17371541","52","16886543"
"chr2","767924","768156","chrX","90625651","90625857","66","89857727"
"chr2","778965","779267","chr1","13807754","13808053","51","13028789"
"chr2","995165","995228","chr21","16853067","16853130","11","15857902"
"chr2","1162976","1163269","chrX","16102878","16103172","54","14939902"
"chr2","1206005","1206289","chr4","71933212","71933503","55","70727207"
"chr2","1247563","1247821","chr1","201609608","201609871","61","200362045"
"chr2","1309033","1309329","chr7","25925292","25925587","44","24616259"
"chr2","1377886","1378189","chr9","9679426","9679735","48","8301540"
"chr2","1435605","1435919","chr2","137711750","137712057","56","136276145"
"chr2","1455398","1455614","chr21","16392648","16392873","43","14937250"
"chr2","1483259","1483556","chr5","65296228","65296517","51","63812969"
"chr2","1535423","1535600","chr6","5699963","5700138","33","4164540"
"chr2","1587668","1587949","chr12","19487599","19487887","67","17899931"
"chr2","1596516","1596825","chr21","49460008","49460303","52","47863492"
"chr2","1598955","1599225","chr5","72712443","72712712","45","71113488"
"chr2","1604275","1604560","chr9","78923236","78923530","62","77318961"
"chr2","1857845","1858163","chrX","10624721","10625025","67","8766876"
"chr2","1870226","1870271","chr6","151330763","151330807","4","149460537"
"chr2","2133305","2133546","chr5","44606303","44606540","55","42472998"
"chr2","2306043","2306326","chrX","40300031","40300316","50","37993988"
"chr2","2324821","2325107","chr1","186610138","186610422","45","184285317"
"chr2","2341662","2341768","chr9","101034495","101034600","22","98692833"
"chr2","2384114","2384419","chr6","121802757","121803058","50","119418643"
"chr2","2489811","2490112","chrX","52447418","52447719","43","49957607"
"chr2","2520214","2520531","chr5","77998088","77998385","74","75477874"
"chr2","2601045","2601318","chr7","46879185","46879469","52","44278140"
"chr2","2659474","2659768","chr17","17917209","17917497","57","15257735"
"chr2","2910216","2910407","chr6","35939071","35939254","53","33028855"
"chr2","2955127","2955428","chr21","14929420","14929722","50","11974293"
"chr2","3154053","3154173","chr2","62033503","62033622","18","58879450"
"chr2","3245776","3246063","chr13","55948893","55949180","46","52703117"
"chr2","3455598","3455895","chr21","14418780","14419079","52","10963182"
"chr2","3503541","3503827","chr4","106702443","106702725","52","103198902"
"chr2","3607834","3608135","chr6","94868863","94869160","55","91261029"
"chr2","3619373","3619670","chr12","475930","476230","63","3143443"
"chr2","3702455","3702679","chr21","14085007","14085221","46","10382552"
"chr2","3729981","3730278","chr13","65958555","65958854","57","62228574"
"chr2","4159784","4159864","chr6","149016313","149016392","12","144856529"
"chr2","4315125","4315412","chr2","73704522","73704812","41","69389397"
"chr2","4632520","4632830","chr5","43073647","43073957","59","38441127"
"chr2","4841707","4842007","chr2","150624041","150624344","61","145782334"
"chr2","4947448","4947539","chr12","23909293","23909388","12","18961845"
"chr2","5168488","5168760","chr9","43416740","43417011","62","38248252"
"chr2","5221703","5221795","chr6","57699677","57699763","14","52477974"
"chr2","5244487","5244812","chr1","204164957","204165280","62","198920470"
"chr2","5821802","5822108","chr4","108266511","108266818","56","102444709"
"chr2","5961591","5961854","chr21","11913210","11913482","46","5951619"
"chr2","6025845","6026156","chr2","146982644","146982948","46","140956799"
"chr2","6037932","6038235","chr7","87178798","87179103","54","81140866"
"chr2","6070996","6071289","chr21","11790403","11790690","47","5719407"
"chr2","6164580","6164857","chr10","17489916","17490195","53","11325336"
"chr2","6256564","6256866","chr12","94624697","94624994","52","88368133"
"chr2","6328922","6329034","chr7","62289222","62289319","30","55960300"
"chr2","6403881","6404168","chr5","37290665","37290961","54","30886784"
"chr2","6478016","6478305","chr20","7477077","7477364","51","999061"
"chr2","6587888","6588113","chr2","128565544","128565781","51","121977656"
"chr2","6597484","6597799","chr2","6639751","6640061","59","42267"
"chr2","6933127","6933440","chr22","16496041","16496344","73","9562914"
"chr2","7019842","7019985","chr1","204591414","204591558","27","197571572"
"chr2","7246917","7247174","chr10","78485280","78485542","64","71238363"
"chr2","7271246","7271563","chr1","103493366","103493665","82","96222120"
"chr2","7297993","7298280","chr1","13274038","13274344","65","5976045"
"chr2","7411057","7411370","chr2","1940205","1940517","57","5470852"
"chr2","7600262","7600564","chr1","186610138","186610422","59","179009876"
"chr2","7621002","7621179","chr22","14659332","14659511","36","7038330"
"chr2","7737088","7737142","chr20","7676915","7676968","13","60173"
"chr2","7942382","7942684","chr10","80449759","80450058","56","72507377"
"chr2","8193293","8193593","chr7","70375823","70376126","52","62182530"
"chr2","8245773","8246047","chr2","154650890","154651184","55","146405117"
"chr2","8379407","8379704","chr17","28540483","28540776","48","20161076"
"chr2","8512661","8512967","chr5","95667215","95667530","77","87154554"
"chr2","8717963","8718257","chr10","14376288","14376587","59","5658325"
"chr2","8845652","8845939","chr1","198302428","198302716","54","189456776"
"chr2","8901430","8901731","chr11","117634889","117635198","61","108733459"
"chr2","9368502","9368827","chr5","30889070","30889394","71","21520568"
"chr2","9374525","9374849","chr5","114223635","114223941","64","104849110"
"chr2","9564311","9564595","chr10","117080076","117080365","60","107515765"
"chr2","9598088","9598166","chr11","104242959","104243039","14","94644871"
"chr2","9859311","9859455","chr15","27660893","27661035","25","17801582"
"chr2","10010560","10010839","chr21","8211771","8212062","53","1798789"
"chr2","10065574","10065875","chr1","170771447","170771746","49","160705873"
"chr2","10364900","10365204","chr10","115586657","115586959","57","105221757"
"chr2","10431442","10431576","chr7","42097749","42097885","24","31666307"
"chr2","10574204","10574333","chr2","9072091","9072227","34","1502113"
"chr2","10816201","10816302","chr17","5313903","5314007","15","5502298"
"chr2","11072740","11073015","chr2","116698550","116698832","50","105625810"
"chr2","11159360","11159607","chr21","7119250","7119498","42","4040110"
"chr2","11249291","11249581","chr12","107125942","107126232","43","95876651"
"chr2","11289076","11289361","chr14","46113005","46113287","57","34823929"
"chr2","11380100","11380400","chr11","82134409","82134707","65","70754309"
"chr2","11450816","11451133","chr5","55380182","55380490","54","43929366"
"chr2","11628392","11628685","chr9","100268014","100268308","61","88639622"
"chr2","11844487","11844776","chr12","111872524","111872814","55","100028037"
"chr2","11990914","11991214","chr1","155425229","155425519","57","143434315"
"chr2","12010515","12010558","chr4","110631349","110631389","6","98620834"
"chr2","12089708","12089998","chr17","17917209","17917497","46","5827501"
"chr2","12186862","12187157","chr10","48710228","48710525","69","36523366"
"chr2","12205225","12205539","chr16","87708754","87709067","47","75503529"
"chr2","12253181","12253508","chr21","6196936","6197244","74","6056245"
"chr2","12434372","12434663","chr3","142600603","142600893","51","130166231"
"chr2","13149425","13149735","chr2","11077390","11077699","57","2072035"
"chr2","13187554","13187857","chr5","149403627","149403922","52","136216073"
"chr2","13271893","13272222","chr2","146982644","146982948","74","133710751"
"chr2","13321825","13322108","chr7","75067875","75068164","55","61746050"
"chr2","13383558","13383816","chr21","5057447","5057709","39","8326111"
"chr2","13487093","13487219","chr10","35573769","35573891","17","22086676"
"chr2","13674540","13674847","chr17","23811331","23811638","56","10136791"
"chr2","13779789","13780055","chr21","4665458","4665751","60","9114331"
"chr2","14068184","14068485","chr1","182874754","182875050","47","168806570"
"chr2","14078992","14079300","chr21","4350920","4351228","50","9728072"
"chr2","14083916","14084193","chr7","54677335","54677616","70","40593419"
"chr2","14086810","14087093","chr21","4343121","4343401","51","9743689"
"chr2","14093915","14094220","chr7","70375823","70376126","58","56281908"
"chr2","14104155","14104442","chr4","144685555","144685840","47","130581400"
"chr2","14106021","14106197","chr4","24635839","24636012","30","10529818"
"chr2","14170010","14170328","chr14","6471804","6472122","65","7698206"
"chr2","14190778","14191076","chr2","187779594","187779887","51","173588816"
"chr2","14221427","14221696","chr5","147402122","147402395","53","133180695"
"chr2","14306458","14306581","chr2","43248573","43248696","20","28942115"
"chr2","14306707","14306834","chr11","119816412","119816540","33","105509705"
"chr2","14364628","14364861","chr14","29677321","29677551","42","15312693"
"chr2","14558806","14559101","chr2","2218970","2219260","49","12339836"
"chr2","15060171","15060460","chr5","62490551","62490843","47","47430380"
"chr2","15323028","15323105","chr19","45103799","45103878","14","29780771"
"chr2","15426009","15426287","chr7","7543346","7543629","50","7882663"
"chr2","15475666","15475976","chr12","105081170","105081479","49","89605504"
"chr2","15808377","15808668","chr4","8654882","8655171","53","7153495"
"chr2","15846494","15846801","chr6","75230350","75230656","64","59383856"
"chr2","16074856","16075143","chr4","158356390","158356667","67","142281534"
"chr2","16156868","16157170","chr22","27181613","27181911","50","11024745"
"chr2","16158723","16159020","chr1","205911755","205912057","56","189753032"
"chr2","16183272","16183473","chr1","201578178","201578378","39","185394906"
"chr2","16185765","16186055","chr9","65441359","65441649","50","49255594"
"chr2","16277039","16277331","chr13","18338963","18339269","60","2061924"
"chr2","16513652","16513986","chr16","64742261","64742584","72","48228609"
"chr2","16539735","16539841","chr13","20847411","20847512","18","4307676"
"chr2","16650811","16651120","chr3","117540807","117541109","51","100889996"
"chr2","16896905","16897211","chr5","41268769","41269073","50","24371864"
"chr2","16958517","16958750","chr9","35386809","35387038","52","18428292"
"chr2","17078842","17079141","chr1","195490541","195490838","57","178411699"
"chr2","17229848","17230155","chr14","41625445","41625738","66","24395597"
"chr2","17298285","17298592","chrX","17705039","17705341","60","406754"
"chr2","17324595","17324746","chr5","31198215","31198362","35","13873620"
"chr2","17654433","17654725","chr2","29646327","29646632","61","11991894"
"chr2","17904327","17904615","chr4","12429965","12430236","55","5474362"
"chr2","18173248","18173376","chr13","43433121","43433253","25","25259873"
"chr2","18185686","18186023","chr3","175344147","175344451","87","157158461"
"chr2","18333379","18333423","chr22","44569677","44569721","4","26236298"
"chr2","18377748","18378058","chr3","152190934","152191237","57","133813186"
"chr2","18503896","18504180","chr1","148438931","148439211","52","129935035"
"chr2","18582637","18582927","chr5","523629","523928","46","18059008"
"chr2","18612323","18612606","chr19","15585463","15585749","58","3026860"
"chr2","18636221","18636258","chr7","106028837","106028875","1","87392616"
"chr2","18773538","18773689","chr11","60113663","60113811","43","41340125"
"chr2","18972041","18972352","chr10","20863520","20863828","54","1891479"
"chr2","18975596","18975895","chr15","97765343","97765647","40","78789747"
"chr2","19025487","19025767","chr3","121439460","121439741","46","102413973"
"chr2","19743420","19743705","chr4","158481330","158481605","44","138737910"
"chr2","19849281","19849576","chr2","63180548","63180847","47","43331267"
"chr2","19881056","19881373","chr5","73075939","73076252","56","53194883"
"chr2","19900937","19901230","chr6","85448275","85448576","63","65547338"
"chr2","20105295","20105580","chr4","155605212","155605495","49","135499917"
"chr2","20170166","20170465","chr15","96598269","96598571","46","76428103"
"chr2","20186525","20186854","chr11","28125301","28125613","60","7938776"
"chr2","20220068","20220370","chr8","21869477","21869777","47","1649409"
"chr2","20228962","20229268","chr13","69044776","69045087","54","48815814"
"chr2","20287874","20288150","chr4","37427055","37427338","48","17139181"
"chr2","20294522","20294826","chr14","83083786","83084089","53","62789264"
"chr2","20314359","20314643","chr5","115208223","115208505","51","94893864"
"chr2","20321799","20321895","chr8","26952934","26953030","29","6631135"
"chr2","20386111","20386390","chr1","186610138","186610422","47","166224027"
"chr2","20411193","20411476","chr6","68231794","68232073","61","47820601"
"chr2","20511358","20511668","chrX","39183726","39184034","52","18672368"
"chr2","20542913","20543077","chr15","96199621","96199791","25","75656708"
"chr2","20632938","20633188","chr8","33623200","33623465","59","12990262"
"chr2","20850360","20850453","chr2","132583603","132583696","20","111733243"
"chr2","20855548","20855886","chr4","132055862","132056190","69","111200314"
"chr2","20986834","20986946","chr5","120243408","120243519","20","99256574"
"chr2","21349284","21349593","chr12","9157384","9157691","57","12191900"
"chr2","21375045","21375340","chr2","31677356","31677652","42","10302311"
"chr2","21391060","21391189","chr2","137914276","137914406","24","116523216"
"chr2","21478599","21478912","chr2","29786463","29786779","61","8307864"
"chr2","21512105","21512399","chr2","66384839","66385129","46","44872734"
"chr2","21540744","21540883","chr6","134728957","134729091","26","113188213"
"chr2","21579519","21579819","chr7","6692350","6692629","74","14887169"
"chr2","21596176","21596248","chrX","16683248","16683311","18","4912928"
"chr2","21596618","21596795","chr3","183689850","183690027","42","162093232"
"chr2","21644146","21644447","chr2","71331505","71331809","55","49687359"
"chr2","21677634","21677939","chr5","43258967","43259274","41","21581333"
"chr2","21695299","21695607","chr15","94957152","94957457","53","73261853"
"chr2","21754211","21754342","chr22","48943593","48943724","14","27189382"
"chr2","21902311","21902609","chr12","90578774","90579076","54","68676463"
"chr2","22048470","22048754","chr6","132408951","132409222","52","110360481"
"chr2","22288251","22288555","chr1","77745311","77745604","50","55457060"
"chr2","22303650","22303955","chr1","136803882","136804189","48","114500232"
"chr2","22923909","22923967","chr13","12076443","12076499","13","10847466"
"chr2","23179819","23180085","chr2","117537571","117537844","67","94357752"
"chr2","23199907","23200188","chrX","52241701","52241982","54","29041794"
"chr2","23234713","23235020","chr12","78919016","78919323","57","55684303"
"chr2","23274659","23274968","chr9","17943911","17944216","59","5330748"
"chr2","23296287","23296582","chr7","22422256","22422540","67","874031"
"chr2","23383672","23383977","chr1","136075782","136076086","56","112692110"
"chr2","23505780","23506100","chr2","146982644","146982948","52","123476864"
"chr2","23639864","23640134","chrUn_GL286420","444782","445060","52","23195082"
"chr2","23665951","23666242","chr4","150555920","150556212","47","126889969"
"chr2","23732546","23732777","chr13","100056976","100057198","49","76324430"
"chr2","23810486","23810779","chr1","84560114","84560408","55","60749628"
"chr2","23952027","23952064","chr2","34931064","34931102","3","10979037"
"chr2","23981560","23981836","chr13","20735120","20735390","80","3246440"
"chr2","23998770","23998882","chr16","8634086","8634199","21","15364684"
"chr2","24017926","24018217","chr6","119011301","119011592","56","94993375"
"chr2","24093628","24093931","chr10","117111097","117111400","49","93017469"
"chr2","24696448","24696774","chr6","116215103","116215435","74","91518655"
"chr2","25417491","25417788","chr15","91381834","91382126","39","65964343"
"chr2","25467007","25467313","chr2","71331505","71331809","53","45864498"
"chr2","25528802","25529070","chr16","9036518","9036789","47","16492284"
"chr2","25589764","25590064","chr13","11650076","11650362","58","13939688"
"chr2","25607100","25607398","chr9","37921075","37921376","60","12313975"
"chr2","25734348","25734618","chr10","103345075","103345343","52","77610727"
"chr2","25805868","25806178","chr15","91015770","91016072","38","65209902"
"chr2","25989590","25989928","chr9","97328097","97328414","71","71338507"
"chr2","26092863","26093152","chrX","45563978","45564273","53","19471115"
"chr2","26240523","26240780","chr15","90612551","90612796","56","64372028"
"chr2","26729340","26729650","chr2","150624041","150624344","48","123894701"
"chr2","26871813","26872074","chr10","41572043","41572297","44","14700230"
"chr2","26872169","26872216","chr15","59465842","59465888","11","32593673"
"chr2","26980426","26980722","chr7","29042352","29042646","56","2061926"
"chr2","26995267","26995575","chr2","83765198","83765508","47","56769931"
"chr2","27240745","27241051","chr15","89552673","89552966","40","62311928"
"chr2","27298340","27298633","chr2","13919309","13919605","45","13379031"
"chr2","27357214","27357541","chr15","89430862","89431170","57","62073648"
"chr2","27380097","27380412","chr15","89407804","89408108","47","62027707"
"chr2","27389829","27389962","chr15","89398623","89398756","11","62008794"
"chr2","27465841","27466147","chr15","89321231","89321526","51","61855390"
"chr2","27654535","27654839","chr5","83138079","83138381","55","55483544"
"chr2","27971073","27971382","chr2","146982644","146982948","53","119011571"
"chr2","28052408","28052709","chr1","170771447","170771746","48","142719039"
"chr2","28182370","28182681","chrX","85991242","85991544","50","57808872"
"chr2","28243788","28244058","chr7","38119098","38119367","53","9875310"
"chr2","28274935","28275248","chr12","117379155","117379465","54","89104220"
"chr2","28281604","28281901","chr15","88435992","88436290","42","60154388"
"chr2","28307197","28307493","chr14","92694935","92695241","59","64387738"
"chr2","28308744","28309043","chr7","128001461","128001761","56","99692717"
"chr2","28623250","28623342","chr7","47337010","47337098","11","18713760"
"chr2","28827430","28827721","chr15","87794939","87795224","46","58967509"
"chr2","28875049","28875194","chr15","27660893","27661035","20","1214156"
"chr2","28977213","28977503","chr9","14539289","14539586","43","14437924"
"chr2","28988942","28989234","chr15","87606753","87607033","46","58617811"
"chr2","29053647","29053939","chr1","156644747","156645035","48","127591100"
"chr2","29071041","29071346","chr9","101210178","101210488","41","72139137"
"chr2","29134748","29134803","chr10","128535005","128535062","6","99400257"
"chr2","29157113","29157403","chr4","132436842","132437133","46","103279729"
"chr2","29179412","29179710","chr5","110670010","110670299","58","81490598"
"chr2","29223169","29223316","chr14","71349893","71350037","27","42126724"
"chr2","29227743","29228053","chr4","98746325","98746622","48","69518582"
"chr2","29236025","29236297","chr2","165124948","165125217","47","135888923"
"chr2","29255946","29256239","chr1","200994006","200994301","49","171738060"
"chr2","29258555","29258667","chr22","40931234","40931346","14","11672679"
"chr2","29266915","29267220","chrX","64172412","64172721","53","34905497"
"chr2","29348007","29348301","chr5","158518457","158518746","56","129170450"
"chr2","29444184","29444472","chr13","8793439","8793726","50","20650745"
"chr2","29474210","29474516","chr2","66989134","66989436","55","37514924"
"chr2","29763983","29764274","chr19","23703813","23704099","49","6060170"
"chr2","29793489","29793792","chr1","195548002","195548305","52","165754513"
"chr2","29865575","29865861","chr15","86702107","86702381","43","56836532"
"chr2","29940426","29940797","chr15","86644593","86644915","83","56704167"
"chr2","30561728","30562041","chr1","203450583","203450890","58","172888855"
"chr2","30581806","30582109","chr11","28125301","28125613","52","2456505"
"chr2","31006736","31007026","chr3","107213898","107214190","45","76207162"
"chr2","31507258","31507505","chr7","56348206","56348456","62","24840948"
"chr2","31516924","31517234","chr5","11439006","11439313","55","20077918"
"chr2","31554423","31554726","chr2","150624041","150624344","49","119069618"
"chr2","31676509","31676824","chr14","14356650","14356957","53","17319859"
"chr2","31711104","31711401","chr7","70375823","70376126","52","38664719"
"chr2","31871231","31871543","chr1","116007171","116007474","53","84135940"
"chr2","31885936","31886209","chr7","45169353","45169622","69","13283417"
"chr2","32005570","32005798","chr15","83159417","83159636","44","51153847"
"chr2","32158716","32159025","chr1","107356734","107357036","58","75198018"
"chr2","32557031","32557275","chrX","107815991","107816227","46","75258960"
"chr2","32563986","32564292","chr14","32553436","32553738","53","10550"
"chr2","32740550","32740836","chr4","106702443","106702725","44","73961893"
"chr2","32756889","32757060","chr9","110503091","110503258","26","77746202"
"chr2","32772720","32772871","chr1","180778687","180778848","38","148005967"
"chr2","32777599","32777877","chrY","1865368","1865645","55","30912231"
"chr2","32939353","32939648","chr11","19304678","19304978","52","13634675"
"chr2","32977882","32978205","chr2","169129486","169129808","53","136151604"
"chr2","33088039","33088296","chr19","27487643","27487902","54","5600396"
"chr2","33123638","33123922","chrX","40344797","40345081","48","7221159"
"chr2","33200188","33200473","chr4","113679411","113679694","63","80479223"
"chr2","33203735","33203938","chr13","41003650","41003851","37","7799915"
"chr2","33225617","33225929","chr15","84387804","84388113","40","51162187"
"chr2","33227570","33227859","chr6","135531665","135531946","46","102304095"
"chr2","33240800","33241083","chr2","147728720","147729015","56","114487920"
"chr2","33296710","33296982","chr9","35323793","35324067","52","2027083"
"chr2","33305567","33305862","chr11","22994754","22995044","58","10310813"
"chr2","33330892","33331188","chr10","100757276","100757573","51","67426384"
"chr2","33338546","33338840","chr2","18967756","18968049","51","14370790"
"chr2","33405751","33405944","chr15","29671357","29671542","46","3734394"
"chr2","33409325","33409610","chr1","168926697","168926979","43","135517372"
"chr2","33424304","33424445","chr5","84282089","84282228","32","50857785"
"chr2","33459990","33460270","chr15","82911918","82912189","43","49451928"
"chr2","33466351","33466658","chr7","53796525","53796824","57","20330174"
"chr2","33466749","33467051","chr19","31863283","31863592","61","1603466"
"chr2","33484235","33484546","chrX","8396907","8397216","53","25087328"
"chr2","33518251","33518527","chr10","41485100","41485371","43","7966849"
"chr2","33528373","33528702","chr2","10673170","10673480","68","22855203"
"chr2","33618057","33618365","chr5","43258967","43259274","51","9640910"
"chr2","33688571","33688863","chr7","25925292","25925587","48","7763279"
"chr2","34097048","34097358","chr2","10673170","10673480","51","23423878"
"chr2","34099283","34099555","chr15","3570433","3570704","42","30528850"
"chr2","34203330","34203616","chrX","40344797","40345081","42","6141467"
"chr2","34888047","34888359","chr7","26124024","26124331","51","8764023"
"chr2","34976967","34977270","chr9","98971076","98971369","44","63994109"
"chr2","34990830","34991148","chr9","112382205","112382527","69","77391375"
"chr2","35083818","35084115","chr10","80449759","80450058","45","45365941"
"chr2","35385873","35386168","chr15","81008471","81008765","45","45622598"
"chr2","35489482","35489617","chr7","43461969","43462102","18","7972487"
"chr2","35489619","35489911","chrX","16621339","16621640","63","18868280"
"chr2","35661107","35661415","chr2","161510671","161510977","56","125849564"
"chr2","35684838","35685142","chrX","63118288","63118597","45","27433450"
"chr2","35689761","35690054","chr12","51888773","51889064","41","16199012"
"chr2","35841327","35841525","chr6","149437614","149437811","40","113596287"
"chr2","36232295","36232462","chr12","86676122","86676282","32","50443827"
"chr2","36292802","36293108","chr15","80128562","80128872","59","43835760"
"chr2","36596775","36597087","chr13","97504784","97505088","52","60908009"
"chr2","36611638","36611910","chr6","5717652","5717933","60","30893986"
"chr2","36626460","36626765","chr13","97504784","97505088","56","60878324"
"chr2","36696609","36696909","chr3","51989230","51989530","56","15292621"
"chr2","36703565","36703647","chr1","192412342","192412423","15","155708777"
"chr2","36930173","36930442","chr4","158356390","158356667","52","121426217"
"chr2","36931586","36931900","chr8","106549657","106549965","50","69618071"
"chr2","37153248","37153310","chr7","71879017","71879077","7","34725769"
"chr2","38041447","38041749","chrX","47393224","47393529","54","9351777"
"chr2","38231717","38231841","chr2","65349063","65349187","13","27117346"
"chr2","38648982","38649275","chr5","144427407","144427696","43","105778425"
"chr2","38670719","38670876","chr15","34019212","34019369","26","4651507"
"chr2","38682835","38683100","chr5","72712443","72712712","46","34029608"
"chr2","38753699","38754009","chr12","37179701","37180010","44","1573998"
"chr2","38920026","38920324","chr15","77500218","77500518","49","38580192"
"chr2","38932787","38933070","chr4","111795287","111795580","44","72862500"
"chr2","38990251","38990531","chr5","29204638","29204923","55","9785613"
"chr2","39021013","39021304","chr6","119011301","119011592","53","79990288"
"chr2","39035926","39036223","chr6","48060911","48061207","50","9024985"
"chr2","39089017","39089284","chr9","58102610","58102877","35","19013593"
"chr2","39097658","39097971","chr17","67610664","67610971","49","28513006"
"chr2","39100504","39100655","chr3","72327827","72327969","25","33227323"
"chr2","39220085","39220384","chr4","44576155","44576457","55","5356070"
"chr2","39265463","39265756","chr13","95836072","95836367","40","56570609"
"chr2","39329293","39329586","chr2","147728720","147729015","42","108399427"
"chr2","39358246","39358548","chrX","62322798","62323099","49","22964552"
"chr2","39374337","39374465","chr4","105092054","105092179","28","65717717"
"chr2","39455760","39456069","chr1","101902284","101902595","56","62446524"
"chr2","39480130","39480435","chr9","23661122","23661421","48","15819008"
"chr2","39523492","39523764","chr9","1992967","1993234","50","37530525"
"chr2","39537677","39537892","chr15","76897563","76897778","34","37359886"
"chr2","39569930","39570228","chr2","67197269","67197565","48","27627339"
"chr2","39572075","39572369","chr5","143729007","143729305","51","104156932"
"chr2","39577053","39577315","chr4","55287358","55287622","53","15710305"
"chr2","39638117","39638416","chr8","115903141","115903445","49","76265024"
"chr2","39643246","39643536","chr17","6560271","6560556","49","33082975"
"chr2","39647357","39647601","chr2","142368273","142368524","51","102720916"
"chr2","39654418","39654725","chr5","55380182","55380490","48","15725764"
"chr2","39720356","39720524","chr14","12483406","12483571","32","27236950"
"chr2","39753267","39753570","chr15","76692381","76692681","39","36939114"
"chr2","39760340","39760600","chr14","46490628","46490868","62","6730288"
"chr2","39940701","39941005","chr15","76555531","76555832","44","36614830"
"chr2","39946940","39947125","chr7","80386021","80386200","33","40439081"
"chr2","39976138","39976190","chr13","5578486","5578550","17","34397652"
"chr2","39979556","39979825","chr1","171067968","171068241","49","131088412"
"chr2","40020799","40021092","chr2","147728720","147729015","44","107707921"
"chr2","40074148","40074272","chr9","20437000","20437123","26","19637148"
"chr2","40117718","40118023","chr6","21930692","21931000","53","18187026"
"chr2","40185932","40186224","chr19","23703813","23704099","49","16482119"
"chr2","40202959","40203263","chr4","21221989","21222294","47","18980970"
"chr2","40226596","40226900","chr7","33547338","33547635","46","6679258"
"chr2","40272123","40272439","chr1","140083591","140083907","56","99811468"
"chr2","40647977","40648280","chr10","47104849","47105149","49","6456872"
"chr2","40756081","40756124","chr15","89330988","89331032","3","48574907"
"chr2","40847560","40847827","chrX","39192560","39192834","50","1655000"
"chr2","40913354","40913642","chr7","10010037","10010324","42","30903317"
"chr2","40934816","40935138","chr7","15348104","15348417","64","25586712"
"chr2","40941219","40941515","chr15","75618966","75619268","40","34677747"
"chr2","40987851","40988112","chr5","122438480","122438746","57","81450629"
"chr2","41017477","41017786","chr4","111795287","111795580","66","70777810"
"chr2","41037290","41037555","chr11","110201503","110201761","62","69164213"
"chr2","41096420","41096704","chr15","75360506","75360788","38","34264086"
"chr2","41135271","41135501","chr12","56323732","56323966","38","15188461"
"chr2","41163243","41163546","chr5","55380182","55380490","44","14216939"
"chr2","41325120","41325417","chr1","135371826","135372122","48","94046706"
"chr2","41600950","41601269","chr16","87708754","87709067","57","46107804"
"chr2","41655204","41655510","chr5","89283883","89284182","52","47628679"
"chr2","41743230","41743538","chr10","14376288","14376587","79","27366942"
"chr2","41820908","41821218","chr5","41268769","41269073","48","552139"
"chr2","41848894","41849058","chr1","165052225","165052393","35","123203331"
"chr2","41863759","41864041","chr18","11204017","11204306","43","30659742"
"chr2","41900702","41900749","chr6","151330763","151330807","6","109430061"
"chr2","41919202","41919447","chr15","74562122","74562367","39","32642920"
"chr2","41920458","41920766","chr2","63180548","63180847","55","21260090"
"chr2","41968750","41969065","chr9","9679426","9679735","46","32289324"
"chr2","42000173","42000294","chr14","82352957","82353074","24","40352784"
"chr2","42059387","42059684","chr7","85080523","85080815","54","43021136"
"chr2","42090795","42091102","chr3","117540807","117541109","51","75450012"
"chr2","42216474","42216777","chr10","22665922","22666223","48","19550552"
"chr2","42220114","42220431","chr16","73125874","73126190","47","30905760"
"chr2","42266878","42267188","chr5","2193404","2193714","48","40073474"
"chr2","42271608","42271910","chr15","74232977","74233279","34","31961369"
"chr2","42304968","42305121","chr5","77649550","77649706","28","35344582"
"chr2","42328360","42328657","chr4","17919516","17919823","45","24408844"
"chr2","42509759","42510060","chr10","90399593","90399894","52","47889834"
"chr2","42549184","42549226","chr13","58802640","58802682","10","16253456"
"chr2","42660827","42661116","chr2","5919790","5920088","51","36741037"
"chr2","42686478","42686782","chr4","44576155","44576457","47","1889677"
"chr2","42753157","42753440","chr17","67593125","67593399","54","24839968"
"chr2","42820531","42820831","chr8","65769668","65769964","39","22949137"
"chr2","42859139","42859414","chr11","110376879","110377138","59","67517740"
"chr2","42911429","42911741","chr15","73578926","73579230","46","30667497"
"chr2","42918338","42918632","chr4","98746325","98746622","41","55827987"
"chr2","42968622","42968908","chr5","80121277","80121568","53","37152655"
"chr2","43023402","43023647","chr8","50773372","50773617","56","7749970"
"chr2","43070801","43070892","chr15","73433780","73433871","9","30362979"
"chr2","43533079","43533359","chr2","13940138","13940419","47","29592941"
"chr2","43674755","43675055","chr7","25925292","25925587","43","17749463"
"chr2","43709416","43709736","chr2","1940205","1940517","59","41769211"
"chr2","43969973","43970297","chr15","72543679","72543977","66","28573706"
"chr2","43995552","43995855","chr13","114422744","114423042","48","70427192"
"chr2","44050781","44051098","chr2","1940205","1940517","61","42110576"
"chr2","44062484","44062733","chr18","7374949","7375165","64","36687535"
"chr2","44087414","44087546","chr9","44740587","44740719","19","653173"
"chr2","44087834","44088003","chr22","5351047","5351218","27","38736787"
"chr2","44103783","44104093","chr22","32965750","32966056","48","11138033"
"chr2","44105688","44105970","chr2","203225383","203225677","57","159119695"
"chr2","44135483","44135758","chr6","140483121","140483393","56","96347638"
"chr2","44175628","44175901","chr17","67593125","67593399","50","23417497"
"chr2","44224780","44225082","chr7","70375823","70376126","50","26151043"
"chr2","44307131","44307412","chr15","72098919","72099202","30","27791788"
"chr2","44345178","44345455","chr2","145309447","145309732","45","100964269"
"chr2","44353299","44353574","chr1","148438931","148439211","45","104085632"
"chr2","44387778","44388054","chr3","182954252","182954538","54","138566474"
"chr2","44394200","44394500","chr20","21484687","21484985","46","22909513"
"chr2","44429197","44429494","chr2","17996148","17996446","50","26433049"
"chr2","44464816","44465118","chr15","71925156","71925456","38","27460340"
"chr2","44493064","44493361","chr5","41846454","41846751","48","2646610"
"chr2","44501669","44501958","chr11","121470693","121470985","44","76969024"
"chr2","44526228","44526521","chr12","3931090","3931387","44","40595138"
"chr2","44552143","44552442","chr3","138105261","138105559","56","93553118"
"chr2","44569744","44570053","chr7","70375823","70376126","53","25806079"
"chr2","44661925","44662224","chr19","35779479","35779770","46","8882446"
"chr2","44723199","44723305","chr15","71644912","71645018","19","26921713"
"chr2","44772740","44773037","chr5","116663888","116664187","46","71891148"
"chr2","44786632","44786943","chr15","61609668","61609978","50","16823036"
"chr2","44813769","44813922","chr4","150271555","150271713","29","105457786"
"chr2","44839966","44840259","chr15","71514780","71515070","42","26674814"
"chr2","44873470","44873766","chr7","18384707","18385006","47","26488763"
"chr2","44900805","44901112","chr5","64592198","64592502","48","19691393"
"chr2","44901458","44901755","chr11","72643464","72643751","62","27742006"
"chr2","44969656","44969857","chr14","15780147","15780351","33","29189509"
"chr2","44977034","44977103","chr3","83724372","83724442","15","38747338"
"chr2","44992116","44992280","chr22","6660273","6660438","24","38331843"
"chr2","44992284","44992526","chr8","51752744","51752988","58","6760460"
"chr2","44996002","44996282","chr16","96491193","96491481","44","51495191"
"chr2","44999638","44999849","chr19","1146888","1147100","48","43852750"
"chr2","45002116","45002390","chr15","71362205","71362477","49","26360089"
"chr2","45005768","45006084","chr2","10625439","10625743","61","34380329"
"chr2","45013955","45014252","chr1","168255466","168255766","39","123241511"
"chr2","45028105","45028269","chr1","121296806","121296966","39","76268701"
"chr2","45033589","45033879","chr7","22422256","22422540","50","22611333"
"chr2","45042700","45042999","chr4","117242642","117242941","41","72199942"
"chr2","45044824","45045120","chr5","25478684","25478978","51","19566140"
"chr2","45046665","45046738","chr15","71319257","71319331","9","26272592"
"chr2","45086457","45086738","chr1","168926697","168926979","55","123840240"
"chr2","45109316","45109619","chr4","126062982","126063287","50","80953666"
"chr2","45140551","45140854","chr7","124717248","124717554","52","79576697"
"chr2","45145075","45145358","chr1","186610138","186610422","49","141465063"
"chr2","45149588","45149893","chr2","150624041","150624344","50","105474453"
"chr2","45176958","45177238","chr15","73000710","73000991","45","27823752"
"chr2","45427735","45428033","chr15","70994003","70994280","50","25566268"
"chr2","45630820","45631116","chr7","25925292","25925587","48","19705528"
"chr2","45647476","45647778","chr5","55380182","55380490","48","9732706"
"chr2","45733229","45733524","chr2","150624041","150624344","62","104890812"
"chr2","45964849","45965135","chr19","11821768","11822062","49","34143081"
"chr2","46017297","46017584","chr2","154120302","154120598","56","108103005"
"chr2","46060093","46060394","chr15","70413393","70413688","41","24353300"
"chr2","46142796","46143089","chr14","17041133","17041431","51","29101663"
"chr2","46407317","46407628","chr15","65840597","65840897","55","19433280"
"chr2","46520724","46520968","chr14","37561516","37561759","52","8959208"
"chr2","47028770","47028813","chr6","107444290","107444344","16","60415520"
"chr2","47046494","47046802","chr2","146982644","146982948","48","99936150"
"chr2","47101724","47101836","chr9","120467837","120467949","16","73366113"
"chr2","47262602","47262889","chr15","64977718","64978014","48","17715116"
"chr2","47292432","47292746","chr5","2193404","2193714","56","45099028"
"chr2","47342344","47342680","chr2","91172114","91172447","76","43829770"
"chr2","47473563","47473700","chr18","8251190","8251332","28","39222373"
"chr2","47495401","47495710","chr2","39815620","39815927","43","7679781"
"chr2","47526685","47526974","chr19","22222731","22223015","52","25303954"
"chr2","47536149","47536433","chr6","57780653","57780942","42","10244504"
"chr2","47562122","47562410","chr9","60903561","60903850","35","13341439"
"chr2","47596330","47596604","chr19","23001597","23001870","58","24594733"
"chr2","47641308","47641607","chr13","61782474","61782778","40","14141166"
"chr2","47653428","47653718","chr13","19438054","19438349","53","28215374"
"chr2","47718384","47718677","chrX","122692409","122692705","48","74974025"
"chr2","47722211","47722501","chr1","156644747","156645035","44","108922536"
"chr2","47768130","47768418","chr5","47230366","47230657","44","537764"
"chr2","47768438","47768707","chr5","47601453","47601728","49","166985"
"chr2","47788132","47788429","chr20","22335437","22335736","52","25452695"
"chr2","47803412","47803707","chr2","36478057","36478360","46","11325355"
"chr2","47866297","47866482","chr2","97497661","97497845","39","49631364"
"chr2","47866592","47866691","chr5","43376895","43376998","21","4489697"
"chr2","47897644","47897951","chr9","122689798","122690105","51","74792154"
"chr2","47925110","47925427","chr15","64345765","64346063","52","16420655"
"chr2","47971460","47971757","chr5","141618531","141618824","44","93647071"
"chr2","48017414","48017717","chr5","99783216","99783512","51","51765802"
"chr2","48050920","48051204","chr12","110449134","110449416","49","62398214"
"chr2","48093085","48093359","chr9","35323793","35324067","46","12769292"
"chr2","48363358","48363660","chr15","63880674","63880978","30","15517316"
"chr2","48445722","48446030","chr2","146982644","146982948","61","98536922"
"chr2","48468146","48468419","chr1","8745082","8745356","47","39723064"
"chr2","48521015","48521322","chr4","139259106","139259407","51","90738091"
"chr2","48576926","48577211","chr15","26039300","26039588","50","22537626"
"chr2","48674497","48674773","chr14","32863987","32864257","55","15810510"
"chr2","48755427","48755695","chr12","56540543","56540809","52","7785116"
"chr2","48844858","48845161","chr8","65769668","65769964","43","16924810"
"chr2","48858733","48859039","chr9","108638571","108638873","46","59779838"
"chr2","48871304","48871607","chr3","71082107","71082409","47","22210803"
"chr2","48920330","48920633","chr5","64592198","64592502","48","15671868"
"chr2","48934124","48934426","chr15","63334072","63334381","54","14399948"
"chr2","48992737","48993024","chr12","107125942","107126232","41","58133205"
"chr2","49008262","49008557","chr15","63239781","63240073","39","14231519"
"chr2","49047441","49047742","chr1","138540632","138540926","52","89493191"
"chr2","49056697","49056991","chr15","63183401","63183674","57","14126704"
"chr2","49066610","49066919","chr10","63943901","63944195","73","14877291"
"chr2","49068013","49068305","chr15","63174140","63174419","50","14106127"
"chr2","49141618","49141928","chr4","39367004","39367315","56","9774614"
"chr2","49271045","49271339","chr15","62935267","62935547","50","13664222"
"chr2","49282730","49283022","chr9","107452254","107452540","58","58169524"
"chr2","49758977","49759275","chrUn_GL286217","143262","143564","46","49615715"
"chr2","49776145","49776434","chr15","62406327","62406621","41","12630182"
"chr2","49809177","49809277","chr15","62373186","62373287","18","12564009"
"chr2","49957870","49958156","chr1","108271952","108272241","48","58314082"
"chr2","49995718","49996002","chr15","62179892","62180178","26","12184174"
"chr2","50005134","50005256","chr18","3331103","3331225","18","46674031"
"chr2","50005263","50005571","chr10","20863520","20863828","54","29141743"
"chr2","50005974","50006141","chr5","133173652","133173822","24","83167678"
"chr2","50030440","50030593","chr6","118022892","118023052","32","67992452"
"chr2","50031738","50031880","chr1","151075825","151075965","19","101044087"
"chr2","50037694","50037992","chr2","147728720","147729015","42","97691026"
"chr2","50049879","50050160","chr4","111795287","111795580","46","61745408"
"chr2","50051368","50051688","chr13","8871038","8871361","57","41180330"
"chr2","50054095","50054400","chr22","42274761","42275058","44","7779334"
"chr2","50093929","50094047","chr9","12696555","12696670","19","37397374"
"chr2","50131946","50131987","chr20","21911564","21911604","5","28220382"
"chr2","50136399","50136525","chr13","43433121","43433253","21","6703278"
"chr2","50180480","50180630","chr7","56339705","56339855","26","6159225"
"chr2","50208943","50209023","chr1","90418284","90418367","18","40209341"
"chr2","50226244","50226540","chr3","111477906","111478203","40","61251662"
"chr2","50276611","50276907","chr7","18384707","18385006","42","31891904"
"chr2","50324707","50324903","chr13","41003650","41003851","36","9321057"
"chr2","50325023","50325104","chr1","15105140","15105224","18","35219883"
"chr2","50391881","50392186","chr7","88697458","88697764","50","38305577"
"chr2","50525547","50525825","chr2","71302060","71302351","61","20776513"
"chr2","50535915","50536219","chr11","66635820","66636129","50","16099905"
"chr2","50553099","50553233","chr21","35123248","35123380","25","15429851"
"chr2","50567880","50568154","chr9","107284610","107284879","66","56716730"
"chr2","50568155","50568202","chr7","46724194","46724241","3","3843961"
"chr2","50571674","50571945","chr4","37638072","37638352","58","12933602"
"chr2","50574899","50575196","chr3","106011472","106011765","48","55436573"
"chr2","50601757","50601789","chr20","11382274","11382304","4","39219483"
"chr2","50614536","50614654","chr15","61501026","61501145","18","10886490"
"chr2","50614812","50614974","chr15","61500707","61500871","22","10885895"
"chr2","50649932","50650232","chr4","152013452","152013750","62","101363520"
"chr2","50655782","50655924","chr1","160364946","160365081","26","109709164"
"chr2","50667715","50668011","chr20","1814642","1814939","45","48853073"
"chr2","50678586","50678864","chr14","32863987","32864257","56","17814599"
"chr2","50716684","50716856","chr3","183689850","183690027","39","132973166"
"chr2","50720934","50721199","chr2","193607917","193608166","58","142886983"
"chr2","50721460","50721595","chr2","193530196","193530332","15","142808736"
"chr2","50757362","50757567","chr4","150105247","150105457","43","99347885"
"chr2","50765166","50765456","chr9","39953667","39953955","54","10811499"
"chr2","50835928","50836043","chr8","74203698","74203811","19","23367770"
"chr2","50870728","50871008","chr11","72408791","72409072","53","21538063"
"chr2","50905554","50905863","chr15","61212193","61212511","43","10306639"
"chr2","50916272","50916568","chr7","66759838","66760136","49","15843566"
"chr2","51008445","51008746","chr5","93075725","93076019","44","42067280"
"chr2","51358143","51358447","chr7","58146430","58146736","51","6788287"
"chr2","51612633","51612910","chr7","120413318","120413600","59","68800685"
"chr2","51897499","51897803","chr22","14367659","14367956","51","37529840"
"chr2","51979984","51980287","chr17","25790383","25790687","53","26189601"
"chr2","51996941","51997221","chr14","13871396","13871677","44","38125545"
"chr2","52000514","52000824","chr15","59973326","59973643","52","7972812"
"chr2","52227588","52227887","chr5","132262480","132262779","50","80034892"
"chr2","52290037","52290341","chr1","13807754","13808053","49","38482283"
"chr2","52310502","52310780","chr18","39099984","39100265","52","13210518"
"chr2","52365071","52365353","chr2","18568166","18568442","51","33796905"
"chr2","52777369","52777649","chr1","148438931","148439211","49","95661562"
"chr2","53121871","53122155","chr2","14449376","14449663","45","38672495"
"chr2","53163232","53163494","chr13","31136696","31136959","59","22026536"
"chr2","53315147","53315440","chr15","58631130","58631424","48","5315983"
"chr2","53318390","53318704","chr15","58627879","58628189","49","5309489"
"chr2","53365492","53365773","chr11","60574273","60574555","48","7208781"
"chr2","53938657","53938965","chr5","124645645","124645952","58","70706988"
"chr2","54068581","54068880","chr11","75607001","75607296","50","21538420"
"chr2","54176018","54176321","chr4","109964649","109964950","45","55788631"
"chr2","54239605","54239910","chr5","64266316","64266614","52","10026711"
"chr2","54373556","54373888","chr16","32197733","32198064","67","22175823"
"chr2","54447876","54448170","chr2","17996148","17996446","50","36451728"
"chr2","54591436","54591743","chr15","95087669","95087979","53","40496233"
"chr2","54690629","54690935","chr15","57344121","57344425","53","2653492"
"chr2","54807024","54807325","chr5","124645645","124645952","58","69838621"
"chr2","54840052","54840350","chr15","57198923","57199213","51","2358871"
"chr2","54860196","54860502","chr2","39815620","39815927","51","15044576"
"chr2","54872875","54873186","chr9","101210178","101210488","47","46337303"
"chr2","54877664","54877943","chr13","10247200","10247479","47","44630464"
"chr2","54886701","54886898","chrX","46537116","46537321","50","8349585"
"chr2","54931034","54931324","chr12","31284675","31284966","45","23646359"
"chr2","54990098","54990396","chr7","86456850","86457144","48","31466752"
"chr2","55033860","55034157","chr22","3211763","3212059","47","51822097"
"chr2","55050396","55050693","chr8","108273322","108273614","54","53222926"
"chr2","55065058","55065330","chr15","56959975","56960243","54","1894917"
"chr2","55070219","55070528","chr12","105081170","105081479","51","50010951"
"chr2","55073160","55073332","chr3","151322790","151322964","29","96249630"
"chr2","55090654","55090969","chr15","56940925","56941233","57","1850271"
"chr2","55095220","55095531","chr1","148525814","148526123","47","93430594"
"chr2","55104221","55104520","chr2","67197269","67197565","41","12093048"
"chr2","55116011","55116307","chr15","56919556","56919851","39","1803545"
"chr2","55174505","55174804","chr2","81787924","81788225","53","26613419"
"chr2","55282082","55282382","chr5","94139693","94139989","51","38857611"
"chr2","55333693","55333982","chr5","3254168","3254463","43","52079525"
"chr2","55438961","55439265","chr18","5428750","5429040","48","50010211"
"chr2","55479290","55479600","chr15","56545788","56546088","47","1066498"
"chr2","55528311","55528603","chr19","11821768","11822062","49","43706543"
"chr2","55549915","55550211","chr7","30907560","30907847","46","24642355"
"chr2","55691438","55691630","chr8","108305021","108305213","42","52613583"
"chr2","55816945","55817256","chr19","31863283","31863592","58","23953662"
"chr2","55858018","55858310","chr1","110260245","110260541","39","54402227"
"chr2","55909627","55909775","chr1","137753994","137754147","36","81844367"
"chr2","55917221","55917490","chr1","167116975","167117247","45","111199754"
"chr2","56000289","56000553","chr15","56021765","56022012","47","21476"
"chr2","56237564","56237864","chr22","41886502","41886799","49","14351062"
"chr2","56270697","56271006","chr2","150624041","150624344","50","94353344"
"chr2","56436279","56436592","chr3","165915545","165915845","54","109479266"
"chr2","56737911","56738194","chr6","22691180","22691462","47","34046731"
"chr2","56971991","56972136","chr7","10811943","10812091","25","46160048"
"chr2","57022730","57022911","chr1","200945828","200946007","33","143923098"
"chr2","57070084","57070366","chr15","54952812","54953094","35","2117272"
"chr2","57081942","57082252","chr10","1666053","1666355","60","55415889"
"chr2","57105928","57106206","chr2","52679343","52679626","49","4426585"
"chr2","57166357","57166660","chr15","54856957","54857253","53","2309400"
"chr2","57276829","57277137","chr1","136803882","136804189","48","79527053"
"chr2","57421275","57421385","chr1","206246927","206247036","17","148825652"
"chr2","57496722","57497006","chrX","18432136","18432433","50","39064586"
"chr2","57569981","57570261","chr3","118139040","118139328","53","60569059"
"chr2","57618516","57618822","chr9","92955669","92955979","48","35337153"
"chr2","57723158","57723427","chr15","41909535","41909809","55","15813623"
"chr2","57777362","57777666","chr2","43281105","43281414","57","14496257"
"chr2","57826639","57826922","chr15","54168131","54168408","41","3658508"
"chr2","57918131","57918263","chr15","54075944","54076077","15","3842187"
"chr2","58047322","58047460","chr2","193530196","193530332","16","135482874"
"chr2","58191052","58191210","chr1","201827869","201828027","31","143636817"
"chr2","58199634","58199740","chr15","53357821","53357927","14","4841813"
"chr2","58642700","58643021","chr14","41135777","41136098","72","17506923"
"chr2","58712547","58712785","chr10","92765235","92765459","62","34052688"
"chr2","58880521","58880828","chr10","21024965","21025274","49","37855556"
"chr2","58928604","58928722","chr1","171740201","171740320","19","112811597"
"chr2","59042381","59042693","chr6","75230350","75230656","51","16187969"
"chr2","59350077","59350363","chr3","19993966","19994253","49","39356111"
"chr2","59353538","59353819","chr5","57595002","57595278","51","1758536"
"chr2","59451005","59451284","chr7","13316945","13317229","49","46134060"
"chr2","59512149","59512450","chr10","118578692","118578996","64","59066543"
"chr2","59791477","59791766","chr15","48916481","48916774","55","10874996"
"chr2","59826270","59826581","chr12","37179701","37180010","47","22646569"
"chr2","59832558","59832870","chr9","122689798","122690105","43","62857240"
"chr2","59897827","59898087","chr2","192752014","192752270","57","132854187"
"chr2","59908178","59908478","chr20","1926461","1926755","43","57981717"
"chr2","60102833","60103146","chr2","146982644","146982948","57","86879811"
"chr2","60224877","60225184","chr15","51574902","51575209","52","8649975"
"chr2","60292397","60292709","chr5","43073647","43073957","65","17218750"
"chr2","60366372","60366520","chr5","157197791","157197933","30","96831419"
"chr2","60449818","60449949","chr15","51323278","51323405","21","9126540"
"chr2","60552210","60552486","chr6","47477439","47477719","52","13074771"
"chr2","60872174","60872485","chr2","9810214","9810523","70","51061960"
"chr2","60920537","60920789","chr15","50846639","50846888","34","10073898"
"chr2","60943391","60943696","chr7","79082583","79082878","50","18139192"
"chr2","61004022","61004331","chr1","148525814","148526123","53","87521792"
"chr2","61034989","61035239","chr22","3121983","3122231","55","57913006"
"chr2","61251061","61251222","chr22","8461501","8461657","28","52789560"
"chr2","61404357","61404656","chr2","50266975","50267278","56","11137382"
"chr2","62069921","62070216","chr9","105304532","105304827","54","43234611"
"chr2","62080760","62081047","chr15","49683751","49684038","32","12397009"
"chr2","62104062","62104318","chr15","49657505","49657761","24","12446557"
"chr2","62123067","62123366","chr7","49580639","49580931","45","12542428"
"chr2","62163474","62163750","chr17","45265467","45265743","50","16898007"
"chr2","62174322","62174606","chr9","39953667","39953955","48","22220655"
"chr2","62243903","62244204","chr21","44694630","44694929","49","17549273"
"chr2","62263920","62264217","chr1","155648769","155649066","43","93384849"
"chr2","62274192","62274480","chr15","49512242","49512525","45","12761950"
"chr2","62276325","62276653","chr15","80055098","80055397","72","17778773"
"chr2","62284184","62284448","chr2","18568166","18568442","64","43716018"
"chr2","62301791","62302089","chr9","25525997","25526295","54","36775794"
"chr2","62347185","62347462","chr6","147439768","147440045","61","85092583"
"chr2","62348706","62348992","chr9","39953667","39953955","42","22395039"
"chr2","62350764","62351075","chr5","73075939","73076252","48","10725175"
"chr2","62360960","62361243","chr8","117814130","117814426","51","55453170"
"chr2","62368176","62368481","chr4","167777849","167778159","55","105409673"
"chr2","62378904","62378948","chr1","100548811","100548855","6","38169907"
"chr2","62387652","62387962","chr2","37419304","37419621","41","24968348"
"chr2","62433439","62433728","chrX","46680136","46680417","53","15753303"
"chr2","62441537","62441842","chr1","15709909","15710212","42","46731628"
"chr2","62449047","62449383","chrX","43690851","43691163","69","18758196"
"chr2","62476305","62476587","chr3","125715588","125715860","66","63239283"
"chr2","62543900","62544205","chr12","91457034","91457339","44","28913134"
"chr2","62587265","62587362","chr6","17357269","17357359","20","45229996"
"chr2","62610434","62610718","chr15","49142089","49142368","55","13468345"
"chr2","62655771","62656044","chrX","40344797","40345081","48","22310974"
"chr2","62659592","62659718","chr6","149189824","149189955","25","86530232"
"chr2","62663302","62663595","chr6","7755539","7755830","48","54907763"
"chr2","62678408","62678691","chr2","18568166","18568442","60","44110242"
"chr2","62714365","62714656","chrX","57514461","57514749","50","5199904"
"chr2","62724122","62724420","chr13","95836072","95836367","42","33111950"
"chr2","62729699","62730007","chr13","112921363","112921669","61","50191664"
"chr2","62747933","62748237","chr2","17996148","17996446","45","44751785"
"chr2","62758624","62758915","chr12","90146327","90146615","48","27387703"
"chr2","62772937","62773236","chr2","67197269","67197565","45","4424332"
"chr2","62774165","62774474","chr5","73075939","73076252","50","10301774"
"chr2","62784755","62784949","chr4","94826513","94826711","35","32041758"
"chr2","62817333","62817634","chrUn_GL286373","1815102","1815404","52","61002231"
"chr2","62845575","62845876","chr15","48887361","48887661","34","13958214"
"chr2","62854788","62855095","chr4","135574288","135574591","44","72719500"
"chr2","62865007","62865300","chr15","48866406","48866698","33","13998601"
"chr2","62871471","62871776","chr15","48859994","48860299","37","14011477"
"chr2","62998151","62998459","chr15","48725720","48726041","50","14272431"
"chr2","63048684","63048980","chr15","6615188","6615487","58","56433496"
"chr2","63053571","63053880","chr15","48665304","48665601","47","14388267"
"chr2","63128976","63129070","chr10","20746162","20746257","14","42382814"
"chr2","63162448","63162740","chr1","106181395","106181691","56","43018947"
"chr2","63191755","63192055","chr2","146982644","146982948","47","83790889"
"chr2","63237452","63237753","chr4","139259106","139259407","45","76021654"
"chr2","63244891","63245170","chr9","46777958","46778230","60","16466933"
"chr2","63385120","63385430","chrX","63118288","63118597","47","266832"
"chr2","63454042","63454324","chr14","20780743","20781043","58","42673299"
"chr2","63489350","63489650","chr6","7336338","7336636","51","56153012"
"chr2","63504878","63505146","chr18","5664786","5665051","42","57840092"
"chr2","63578814","63579083","chr15","48121446","48121701","44","15457368"
"chr2","63587470","63587754","chr15","48116108","48116392","40","15471362"
"chr2","63635215","63635515","chr15","62406327","62406621","55","1228888"
"chr2","64014238","64014524","chr5","37290665","37290961","61","26723573"
"chr2","64018662","64018832","chr11","22547559","22547732","37","41471103"
"chr2","64153389","64153534","chr5","99988159","99988305","16","35834770"
"chr2","64221102","64221419","chr10","125503014","125503329","53","61281912"
"chr2","64264318","64264521","chr11","109554550","109554751","36","45290232"
"chr2","64320272","64320573","chr15","47300374","47300675","42","17019898"
"chr2","64509969","64510283","chr4","145545102","145545407","64","81035133"
"chr2","64653078","64653372","chr2","147728720","147729015","41","83075642"
"chr2","64728799","64729079","chr15","46861933","46862202","47","17866866"
"chr2","64908404","64908714","chr11","75607001","75607296","52","10698597"
"chr2","64960926","64961227","chr15","46627639","46627936","48","18333287"
"chr2","65068217","65068483","chr10","10026953","10027220","49","55041264"
"chr2","65183443","65183749","chr15","46414352","46414645","53","18769091"
"chr2","65278723","65279018","chr1","156682800","156683095","48","91404077"
"chr2","65326278","65326590","chr15","23311501","23311813","53","42014777"
"chr2","65381699","65381989","chr7","87412264","87412555","53","22030565"
"chr2","65456131","65456433","chr7","87384353","87384653","47","21928222"
"chr2","65474699","65475005","chr15","46112397","46112704","45","19362302"
"chr2","65506951","65507237","chr15","46081013","46081284","54","19425938"
"chr2","65607633","65607911","chr3","39797321","39797603","50","25810312"
"chr2","65652982","65653280","chr10","100757276","100757573","47","35104294"
"chr2","65695906","65696182","chr1","180589014","180589283","60","114893108"
"chr2","65701002","65701287","chr15","45873769","45874054","53","19827233"
"chr2","65897429","65897740","chr7","88697458","88697764","52","22800029"
"chr2","65906432","65906728","chr15","45651516","45651801","30","20254916"
"chr2","65910642","65910942","chr1","103493366","103493665","48","37582724"
"chr2","65922261","65922578","chrX","90764105","90764419","59","24841844"
"chr2","65967691","65967995","chr5","108072638","108072943","52","42104947"
"chr2","65974100","65974391","chr9","65716767","65717059","51","257333"
"chr2","66012684","66012953","chr15","45539743","45540019","33","20472941"
"chr2","66019816","66020089","chr7","45169353","45169622","50","20850463"
"chr2","66035535","66035824","chr15","45517446","45517715","48","20518089"
"chr2","66059705","66060016","chr5","73075939","73076252","53","7016234"
"chr2","66100760","66100777","chr11","74302937","74302950","11","8202177"
"chr2","66166636","66166925","chr15","45380683","45380959","49","20785953"
"chr2","66180684","66180980","chr7","85080523","85080815","53","18899839"
"chr2","66186016","66186328","chr5","64266316","64266614","55","1919700"
"chr2","66242247","66242536","chr15","45302463","45302754","43","20939784"
"chr2","66294403","66294653","chr15","45242294","45242552","45","21052109"
"chr2","66305941","66306238","chr4","146531512","146531808","44","80225571"
"chr2","66385909","66386208","chr2","17996148","17996446","41","48389761"
"chr2","66511989","66512263","chr15","44994735","44994996","37","21517254"
"chr2","66584039","66584272","chr11","120331998","120332232","51","53747959"
"chr2","66601623","66601904","chr15","44893738","44894021","36","21707885"
"chr2","66791615","66791917","chr1","192757436","192757740","51","125965821"
"chr2","67176562","67176873","chr15","44344971","44345281","45","22831591"
"chr2","67716466","67716753","chr6","135531665","135531946","62","67815199"
"chr2","67751344","67751652","chr9","120540166","120540477","56","52788822"
"chr2","67755675","67755970","chr2","108820112","108820406","37","41064437"
"chr2","67830584","67830768","chr1","160857122","160857307","31","93026538"
"chr2","67844075","67844152","chr2","6436795","6436867","10","61407280"
"chr2","67870501","67870793","chr13","95853421","95853719","45","27982920"
"chr2","67909073","67909368","chr11","81803135","81803425","54","13894062"
"chr2","67961394","67961627","chr15","43581762","43581990","45","24379632"
"chr2","68200102","68200362","chr15","43303437","43303697","38","24896665"
"chr2","68435306","68435375","chr15","86822981","86823049","13","18387675"
"chr2","68653931","68654241","chr2","140711844","140712153","47","72057913"
"chr2","68664071","68664380","chr3","117540807","117541109","38","48876736"
"chr2","68689441","68689769","chrX","38848777","38849093","66","29840664"
"chr2","68723308","68723599","chr2","79572103","79572387","44","10848795"
"chr2","68781953","68782255","chr7","25925292","25925587","45","42856661"
"chr2","68782854","68783158","chr7","18614629","18614926","49","50168225"
"chr2","68857483","68857788","chr2","59445321","59445626","41","9412162"
"chr2","68880505","68880808","chrX","17027155","17027457","40","51853350"
"chr2","68929686","68929989","chr14","83083786","83084089","45","14154100"
"chr2","68935580","68935880","chrUn_GL286217","143262","143564","43","68792318"
"chr2","68989644","68989967","chr2","181221582","181221892","59","112231938"
"chr2","69028325","69028598","chr15","42458787","42459073","41","26569538"
"chr2","69043293","69043406","chr2","31321985","31322093","21","37721308"
"chr2","69155880","69156191","chrX","64172412","64172721","45","4983468"
"chr2","69220830","69221129","chr4","139259106","139259407","49","70038276"
"chr2","69267976","69268270","chr22","34092182","34092479","49","35175794"
"chr2","69280850","69281145","chr5","50537784","50538079","48","18743066"
"chr2","69337286","69337583","chrX","17705039","17705341","49","51632247"
"chr2","69348348","69348650","chr17","62830726","62831031","46","6517622"
"chr2","69366208","69366507","chr9","120468304","120468608","56","51102096"
"chr2","69408107","69408152","chr8","97260104","97260146","11","27851997"
"chr2","69408520","69408775","chr1","201682731","201682984","47","132274211"
"chr2","69548393","69548575","chr2","166281149","166281334","44","96732756"
"chr2","69587368","69587651","chr8","97151075","97151355","49","27563707"
"chr2","69649340","69649523","chr15","41892555","41892730","22","27756785"
"chr2","69840778","69840871","chr20","39110908","39110999","15","30729870"
"chr2","69983978","69984282","chr7","70375823","70376126","45","391845"
"chr2","69990150","69990453","chr3","71082107","71082409","51","1091957"
"chr2","70001568","70001887","chr15","41536544","41536843","60","28465024"
"chr2","70060162","70060489","chr11","28125301","28125613","59","41934861"
"chr2","70118352","70118637","chr5","96695154","96695436","57","26576802"
"chr2","70295600","70295769","chrX","90165469","90165629","31","19869869"
"chr2","70304998","70305306","chr12","10884989","10885294","55","59420009"
"chr2","70310156","70310457","chr22","16790322","16790623","49","53519834"
"chr2","70633406","70633681","chr10","55315779","55316056","45","15317627"
"chr2","70647047","70647360","chr13","46294867","46295176","55","24352180"
"chr2","70759367","70759540","chr12","106589662","106589839","31","35830295"
"chr2","70777369","70777410","chr2","17701108","17701146","9","53076261"
"chr2","70803313","70803591","chr9","83284355","83284632","46","12481042"
"chr2","70809392","70809689","chr3","189774635","189774928","45","118965243"
"chr2","70826852","70827148","chr21","49460008","49460303","45","21366844"
"chr2","70880140","70880438","chr15","40615240","40615538","38","30264900"
"chr2","70914357","70914664","chrX","39183726","39184034","48","31730631"
"chr2","71052343","71052653","chrX","17705039","17705341","46","53347304"
"chr2","71095537","71095782","chr15","37733223","37733451","63","33362314"
"chr2","71156607","71156910","chrX","52124717","52125015","53","19031890"
"chr2","71334779","71335072","chr2","67197269","67197565","39","4137510"
"chr2","71398476","71398776","chr1","174457739","174458029","46","103059263"
"chr2","71422957","71422990","chr10","95664480","95664516","6","24241523"
"chr2","71458561","71458858","chr15","40008089","40008378","46","31450472"
"chr2","71488007","71488300","chr15","39981685","39981986","44","31506322"
"chr2","71546991","71547297","chr7","70375823","70376126","50","1171168"
"chr2","71599088","71599374","chr1","199797101","199797388","50","128198013"
"chr2","72008232","72008541","chr9","14539645","14539946","49","57468587"
"chr2","72020477","72020789","chr5","73075939","73076252","57","1055462"
"chr2","72511586","72511903","chr15","38935240","38935560","45","33576346"
"chr2","72516505","72516804","chrUn_GL286209","195131","195440","54","72321374"
"chr2","72782150","72782426","chr15","38658154","38658455","50","34123996"
"chr2","72949947","72950247","chr15","38495892","38496195","33","34454055"
"chr2","72990995","72991285","chr15","38453414","38453704","29","34537581"
"chr2","73153222","73153536","chr10","14690438","14690745","54","58462784"
"chr2","73239067","73239181","chr4","87256478","87256594","24","14017411"
"chr2","73249985","73250287","chr1","13807754","13808053","48","59442231"
"chr2","73303296","73303607","chr12","87400084","87400394","50","14096788"
"chr2","73410020","73410304","chr17","44935014","44935287","58","28475006"
"chr2","73648197","73648483","chr17","27714276","27714560","50","45933921"
"chr2","73675028","73675066","chr8","97260104","97260146","13","23585076"
"chr2","73675115","73675279","chr7","64245318","64245469","33","9429797"
"chr2","73707891","73708176","chr2","129078851","129079134","52","55370960"
"chr2","73708972","73709255","chr10","100408257","100408540","50","26699285"
"chr2","73769992","73770222","chr2","127594115","127594351","56","53824123"
"chr2","73830691","73830991","chr18","11204017","11204306","54","62626674"
"chr2","73884529","73884794","chr15","37523432","37523691","49","36361097"
"chr2","73906770","73907069","chr13","8793439","8793726","54","65113331"
"chr2","73934570","73934611","chr2","10579150","10579191","3","63355420"
"chr2","74078559","74078783","chr22","28693340","28693557","46","45385219"
"chr2","74125192","74125490","chr4","5114628","5114934","49","69010564"
"chr2","74498685","74498990","chr3","173712450","173712748","50","99213765"
"chr2","74606758","74607040","chr16","32450877","32451155","54","42155881"
"chr2","74683116","74683153","chr4","92566567","92566602","4","17883451"
"chr2","74751373","74751594","chr15","36652472","36652681","46","38098901"
"chr2","74908367","74908666","chr4","133960309","133960593","50","59051942"
"chr2","74964670","74964969","chr11","19304678","19304978","47","55659992"
"chr2","75055452","75055756","chr1","13807754","13808053","54","61247698"
"chr2","75494161","75494457","chr22","41521291","41521592","47","33972870"
"chr2","75763759","75764023","chr8","105549929","105550192","50","29786170"
"chr2","75854541","75854835","chr2","2218970","2219260","43","73635571"
"chr2","76210592","76210861","chr13","61026131","61026415","49","15184461"
"chr2","76666642","76666907","chr1","42242820","42243086","43","34423822"
"chr2","76729895","76730181","chr3","117803985","117804267","56","41074090"
"chr2","76741081","76741353","chr19","31366058","31366340","47","45375023"
"chr2","76780935","76781233","chr15","34550452","34550752","40","42230483"
"chr2","76790935","76791234","chr15","34544761","34545059","31","42246174"
"chr2","76834642","76834778","chr5","133090766","133090898","16","56256124"
"chr2","76846483","76846787","chr12","107125942","107126232","59","30279459"
"chr2","76894867","76895171","chr15","34456754","34457056","39","42438113"
"chr2","76896931","76897024","chr5","1759512","1759601","10","75137419"
"chr2","76923478","76923769","chr12","26130148","26130438","55","50793330"
"chr2","76932654","76932973","chr14","33326154","33326465","62","43606500"
"chr2","76940608","76940908","chr14","74527172","74527472","45","2413436"
"chr2","76955198","76955501","chr7","135211205","135211497","52","58256007"
"chr2","76969526","76969827","chr15","34387399","34387702","52","42582127"
"chr2","76984793","76985098","chr12","27162707","27162997","85","49822086"
"chr2","77011535","77011795","chr5","3963181","3963436","61","73048354"
"chr2","77020837","77021148","chr5","78565303","78565608","50","1544466"
"chr2","77045524","77045848","chr15","34330377","34330720","63","42715147"
"chr2","77051025","77051302","chr16","76459597","76459886","61","591428"
"chr2","77070721","77071009","chr9","111528479","111528768","53","34457758"
"chr2","77072259","77072540","chr22","38654238","38654519","44","38418021"
"chr2","77099034","77099342","chr7","70375823","70376126","48","6723211"
"chr2","77133907","77134201","chr5","82336326","82336611","46","5202419"
"chr2","77197280","77197530","chr19","11666964","11667200","60","65530316"
"chr2","77269159","77269460","chrX","12001871","12002171","47","65267288"
"chr2","77299835","77300118","chr2","8751364","8751656","53","68548471"
"chr2","77338154","77338255","chr4","71903359","71903457","9","5434795"
"chr2","77341974","77342152","chr20","3785470","3785644","42","73556504"
"chr2","77418751","77419051","chr7","79083385","79083683","47","1664634"
"chr2","77469847","77470123","chr9","53552630","53552898","46","23917217"
"chr2","77470631","77470933","chr10","1666053","1666355","49","75804578"
"chr2","77590008","77590323","chr14","83083786","83084089","50","5493778"
"chr2","77597884","77598182","chr11","381530","381828","47","77216354"
"chr2","77623250","77623551","chr7","62486081","62486384","69","15137169"
"chr2","77650384","77650678","chr5","80121277","80121568","53","2470893"
"chr2","77653534","77653634","chr4","110642008","110642097","18","32988474"
"chr2","77719930","77720232","chr12","78919016","78919323","49","1199086"
"chr2","77748968","77749260","chr2","129078851","129079134","48","51329883"
"chr2","77767656","77767954","chr15","33613122","33613400","55","44154534"
"chr2","77778417","77778468","chr4","2144675","2144724","9","75633742"
"chr2","77817436","77817719","chr4","106702443","106702725","52","28885007"
"chr2","77878715","77878924","chr9","123851969","123852189","46","45973254"
"chr2","77887737","77888035","chrX","125368984","125369285","47","47481247"
"chr2","77896714","77897012","chrX","92800328","92800623","68","14903614"
"chr2","77901223","77901529","chr13","15933212","15933513","63","61968011"
"chr2","77915284","77915599","chr4","17518722","17519032","54","60396562"
"chr2","77919922","77920239","chr15","24029162","24029466","50","53890760"
"chr2","77988425","77988542","chr3","13222567","13222689","22","64765858"
"chr2","78001866","78002156","chr15","32423751","32424029","43","45578115"
"chr2","78047969","78048273","chr15","27340705","27341010","47","50707264"
"chr2","78067466","78067761","chr5","64266316","64266614","47","13801150"
"chr2","78131611","78131871","chr12","23502581","23502850","50","54629030"
"chr2","78193659","78193796","chr1","173774620","173774755","17","95580961"
"chr2","78231433","78231724","chr9","40725344","40725637","69","37506089"
"chr2","78241628","78241930","chr15","33019547","33019857","47","45222081"
"chr2","78301458","78301756","chr15","77085877","77086177","40","1215581"
"chr2","78333535","78333845","chr10","118578692","118578996","41","40245157"
"chr2","78359304","78359590","chr1","116618974","116619261","41","38259670"
"chr2","78437590","78437883","chr15","32806015","32806308","53","45631575"
"chr2","78552155","78552448","chr5","5039320","5039616","48","73512835"
"chr2","78555888","78556200","chr5","43073647","43073957","49","35482241"
"chr2","78569391","78569669","chr2","201067574","201067857","61","122498183"
"chr2","78576091","78576379","chr15","32657999","32658300","54","45918092"
"chr2","78579653","78579812","chr15","32655866","32656012","33","45923787"
"chr2","78624351","78624637","chr7","70375823","70376126","64","8248528"
"chr2","78641206","78641490","chr10","41485100","41485371","43","37156106"
"chr2","78652479","78652777","chr1","206060001","206060297","52","127407522"
"chr2","78699817","78699986","chr5","63210626","63210768","56","15489191"
"chr2","78749730","78750026","chr17","28540483","28540776","47","50209247"
"chr2","78780095","78780395","chr1","98777691","98777997","46","19997596"
"chr2","78830927","78831189","chr15","32263376","32263626","44","46567551"
"chr2","78831856","78832125","chr15","32263376","32263626","55","46568480"
"chr2","78844214","78844512","chr15","32251260","32251558","40","46592954"
"chr2","79043694","79043954","chr1","70147999","70148250","49","8895695"
"chr2","79098574","79098869","chr7","25925292","25925587","43","53173282"
"chr2","79161474","79161778","chr10","89965128","89965435","52","10803654"
"chr2","79180649","79180737","chr3","152891346","152891433","13","73710697"
"chr2","79366360","79366672","chr15","31703101","31703407","56","47663259"
"chr2","79625344","79625488","chr5","99988159","99988305","19","20362815"
"chr2","79626564","79626874","chr9","101210178","101210488","47","21583614"
"chr2","79632432","79632741","chr12","37179701","37180010","53","42452731"
"chr2","79843456","79843755","chr6","48814191","48814491","57","31029265"
"chr2","80165789","80166083","chr15","30887246","30887544","47","49278543"
"chr2","80286267","80286588","chr15","30758763","30759050","71","49527504"
"chr2","80390792","80391075","chr14","81489642","81489927","53","1098850"
"chr2","80497280","80497574","chr15","30538510","30538820","55","49958770"
"chr2","80507994","80508287","chr4","38367185","38367480","47","42140809"
"chr2","80573329","80573384","chr7","44116383","44116437","6","36456946"
"chr2","80809491","80809787","chr9","14539645","14539946","51","66269846"
"chr2","80844976","80845279","chr9","100098416","100098714","46","19253440"
"chr2","81004311","81004429","chr15","30044531","30044663","25","50959780"
"chr2","81217523","81217812","chr22","34904194","34904486","48","46313329"
"chr2","81296464","81296744","chr8","110543944","110544225","41","29247480"
"chr2","81363209","81363518","chr15","29683118","29683415","40","51680091"
"chr2","81380067","81380245","chr15","29671357","29671542","31","51708710"
"chr2","81389353","81389659","chr9","105072042","105072344","38","23682689"
"chr2","81549713","81550001","chr15","29506764","29507048","49","52042949"
"chr2","81650900","81651225","chr20","13625673","13625989","57","68025227"
"chr2","81711714","81712005","chr1","71757643","71757930","52","9954071"
"chr2","81771168","81771471","chr10","94235006","94235309","42","12463838"
"chr2","81804145","81804435","chr5","95868738","95869034","52","14064593"
"chr2","81865164","81865459","chr7","33547338","33547635","45","48317826"
"chr2","81930167","81930464","chr5","139889919","139890213","49","57959752"
"chr2","81954525","81954823","chr13","97504784","97505088","72","15550259"
"chr2","81955509","81955809","chr12","51888773","51889064","47","30066736"
"chr2","81969946","81970253","chr15","29065373","29065679","43","52904573"
"chr2","82048652","82048947","chr7","74780916","74781212","44","7267736"
"chr2","82066625","82066929","chr5","73075939","73076252","57","8990686"
"chr2","82126316","82126615","chr9","65716767","65717059","53","16409549"
"chr2","82142520","82142610","chr5","1759512","1759601","15","80383008"
"chr2","82267336","82267671","chr15","28766667","28766973","73","53500669"
"chr2","82299483","82299795","chr16","74823463","74823775","54","7476020"
"chr2","82368053","82368364","chr7","70375823","70376126","50","11992230"
"chr2","82478926","82479184","chr6","44628828","44629084","54","37850098"
"chr2","82484530","82484847","chr2","29786463","29786779","49","52698067"
"chr2","82547399","82547679","chr1","186610138","186610422","40","104062739"
"chr2","82580820","82580984","chr18","14718837","14719002","27","67861983"
"chr2","82590192","82590490","chr11","96192355","96192651","46","13602163"
"chr2","82653431","82653742","chr9","101210178","101210488","61","18556747"
"chr2","82679283","82679558","chr5","72712443","72712712","55","9966840"
"chr2","82730641","82730879","chr8","59855999","59856225","49","22874642"
"chr2","82813214","82813508","chr2","203225383","203225677","48","120412169"
"chr2","82813597","82813904","chr1","15478581","15478888","49","67335016"
"chr2","82816483","82816762","chr1","186610138","186610422","45","103793655"
"chr2","82887089","82887373","chr15","28142141","28142420","28","54744948"
"chr2","82948848","82949141","chr1","77745311","77745604","42","5203537"
"chr2","82950505","82950791","chrX","121377455","121377738","48","38426950"
"chr2","82953334","82953646","chr1","141894434","141894743","52","58941100"
"chr2","82964481","82964792","chr7","35515798","35516110","46","47448683"
"chr2","82997236","82997524","chr11","97213328","97213619","43","14216092"
"chr2","83001606","83001881","chr1","168266231","168266495","54","85264625"
"chr2","83006494","83006707","chr15","17924913","17925143","62","65081581"
"chr2","83084468","83084771","chr15","27943563","27943861","46","55140905"
"chr2","83118437","83118741","chr12","90860286","90860594","56","7741849"
"chr2","83157687","83157983","chr2","67197269","67197565","41","15960418"
"chr2","83173033","83173345","chr8","114553260","114553568","49","31380227"
"chr2","83241507","83241812","chr15","74667230","74667527","49","8574277"
"chr2","83274260","83274548","chrX","107865043","107865328","56","24590783"
"chr2","83354811","83355114","chr1","74240690","74240994","46","9114121"
"chr2","83378339","83378622","chr22","14059986","14060274","44","69318353"
"chr2","83465961","83466273","chr2","170828384","170828693","60","87362423"
"chr2","83550409","83550722","chr11","28125301","28125613","41","55425108"
"chr2","83556936","83557238","chr7","145406788","145407084","54","61849852"
"chr2","83601134","83601229","chr2","162521216","162521308","13","78920082"
"chr2","83692174","83692483","chr2","71331505","71331809","58","12360669"
"chr2","83775453","83775748","chr14","19648213","19648502","57","64127240"
"chr2","83779585","83779852","chr10","55438752","55439023","56","28340833"
"chr2","83783525","83783843","chr7","92221825","92222134","53","8438300"
"chr2","83789220","83789496","chr19","43685253","43685540","60","40103967"
"chr2","83884903","83885172","chr1","167116975","167117247","58","83232072"
"chr2","83897696","83898001","chr10","1666053","1666355","48","82231643"
"chr2","83982523","83982833","chr11","64841352","64841656","50","19141171"
"chr2","84073705","84074008","chr19","35779479","35779770","54","48294226"
"chr2","84109330","84109641","chr6","117332912","117333211","60","33223582"
"chr2","84377639","84377716","chr9","90274754","90274831","8","5897115"
"chr2","84377717","84377846","chr16","7864285","7864412","23","76513432"
"chr2","84387645","84387785","chr3","137397758","137397902","41","53010113"
"chr2","84392369","84392423","chr7","31775082","31775137","6","52617287"
"chr2","84471397","84471692","chr3","3161578","3161876","43","81309819"
"chr2","84529950","84530268","chr6","146765788","146766092","69","62235838"
"chr2","84557880","84557982","chr13","5410734","5410830","15","79147146"
"chr2","84575032","84575322","chr5","47309745","47310037","46","37265287"
"chr2","84576072","84576371","chr2","11077390","11077699","48","73498682"
"chr2","84730904","84731206","chr7","70852721","70853021","44","13878183"
"chr2","84750711","84751013","chr18","26515690","26515989","50","58235021"
"chr2","84826327","84826636","chr6","119454843","119455151","48","34628516"
"chr2","84838974","84839281","chr11","126545825","126546136","46","41706851"
"chr2","84883063","84883356","chr7","50803128","50803418","45","34079935"
"chr2","84962122","84962427","chr9","44880088","44880390","56","40082034"
"chr2","85075543","85075832","chr6","46911984","46912277","52","38163559"
"chr2","85203588","85203881","chr2","7421612","7421902","44","77781976"
"chr2","85210270","85210364","chrX","7022202","7022296","11","78188068"
"chr2","85223556","85223855","chr1","170771447","170771746","50","85547891"
"chr2","85224366","85224671","chr2","150624041","150624344","48","65399675"
"chr2","85232004","85232264","chr10","41485100","41485371","52","43746904"
"chr2","85252722","85252865","chr5","84282089","84282228","26","970633"
"chr2","85252916","85253165","chr17","64370260","64370508","49","20882656"
"chr2","85287283","85287456","chr13","95908488","95908662","30","10621205"
"chr2","85293432","85293523","chr16","8731789","8731881","15","76561643"
"chr2","85293824","85294038","chr6","25551148","25551366","52","59742676"
"chr2","85308794","85309037","chr7","92864065","92864312","48","7555271"
"chr2","85326986","85327296","chr15","25681778","25682076","49","59645208"
"chr2","85341862","85342046","chr1","160857122","160857307","37","75515260"
"chr2","85344073","85344180","chr3","121180061","121180167","29","35835988"
"chr2","85453685","85453868","chr15","25551983","25552166","28","59901702"
"chr2","85470140","85470444","chr15","64739618","64739920","53","20730522"
"chr2","85515214","85515509","chr12","22451622","22451913","46","63063592"
"chr2","85523808","85523995","chr5","43336957","43337121","51","42186851"
"chr2","85530268","85530564","chr2","147728720","147729015","52","62198452"
"chr2","85543361","85543675","chr10","21024965","21025274","49","64518396"
"chr2","85554758","85555036","chr2","16187668","16187943","48","69367090"
"chr2","85569847","85569890","chr2","37521058","37521103","8","48048789"
"chr2","85687961","85688134","chrX","57691409","57691581","26","27996552"
"chr2","85743382","85743684","chrX","45563978","45564273","46","40179404"
"chr2","85781141","85781442","chr16","77845717","77846027","61","7935424"
"chr2","85871804","85871952","chr20","38676674","38676813","40","47195130"
"chr2","85913985","85914277","chr4","71933212","71933503","42","13980773"
"chr2","85922913","85923176","chr15","28545597","28545868","61","57377316"
"chr2","85934749","85934802","chr21","20874884","20874941","14","65059865"
"chr2","85948993","85949288","chr4","10702550","10702832","53","75246443"
"chr2","85992398","85992681","chr15","25018600","25018880","49","60973798"
"chr2","85998745","85999042","chr15","77085877","77086177","50","8912868"
"chr2","85999945","86000000","chr9","78707001","78707056","6","7292944"
"chr2","86011313","86011610","chr11","121470693","121470985","48","35459380"
"chr2","86016629","86016899","chr10","129718624","129718892","50","43701995"
"chr2","86055520","86055829","chr10","118578692","118578996","44","32523172"
"chr2","86071820","86072113","chr5","139889919","139890213","56","53818099"
"chr2","86127479","86127680","chr6","21910209","21910413","37","64217270"
"chr2","86161739","86162047","chr4","54370195","54370493","53","31791544"
"chr2","86232679","86232808","chr1","185491849","185491983","27","99259170"
"chr2","86243045","86243122","chr5","101905193","101905257","23","15662148"
"chr2","86243629","86243725","chr1","206506573","206506667","16","120262944"
"chr2","86251820","86252115","chr15","72516887","72517186","60","13734933"
"chr2","86273648","86273775","chr7","100632873","100633001","21","14359225"
"chr2","86276049","86276187","chr22","27615792","27615923","32","58660257"
"chr2","86398916","86399005","chr19","3739715","3739802","14","82659201"
"chr2","86449695","86449993","chr12","82715784","82716082","47","3733911"
"chr2","86454951","86455278","chr20","20821595","20821913","68","65633356"
"chr2","86483396","86483459","chr3","32005811","32005867","16","54477585"
"chr2","86490002","86490161","chr2","172418350","172418512","28","85928348"
"chr2","86504298","86504468","chr20","1976364","1976531","31","84527934"
"chr2","86527936","86528154","chr10","59876842","59877066","42","26651094"
"chr2","86534006","86534272","chr2","44195696","44195969","68","42338310"
"chr2","86541709","86542008","chr1","13807754","13808053","43","72733955"
"chr2","86566186","86566498","chr7","70375823","70376126","55","16190363"
"chr2","86568705","86568844","chrUn_GL286208","41854","41995","28","86526851"
"chr2","86597175","86597377","chr14","37016517","37016724","44","49580658"
"chr2","86608457","86608760","chr7","89404336","89404645","44","2795879"
"chr2","86613037","86613323","chr1","210134180","210134465","58","123521143"
"chr2","86656079","86656369","chr12","51888773","51889064","49","34767306"
"chr2","86784013","86784271","chr9","111169093","111169350","43","24385080"
"chr2","86788756","86788925","chr13","95908488","95908662","30","9119732"
"chr2","86819764","86820067","chr9","17943911","17944216","49","68875853"
"chr2","86886436","86886732","chr7","78135655","78135948","41","8750781"
"chr2","86978252","86978558","chr16","92084445","92084750","49","5106193"
"chr2","86989782","86990087","chr12","20767031","20767333","57","66222751"
"chr2","87012359","87012637","chr5","8282348","8282619","49","78730011"
"chr2","87025185","87025431","chr15","23993607","23993864","44","63031578"
"chr2","87100972","87101270","chrX","13416171","13416478","59","73684801"
"chr2","87107760","87108067","chr2","146982644","146982948","46","59874884"
"chr2","87108842","87109085","chr20","22633749","22634000","57","64475093"
"chr2","87138587","87138752","chr9","55246171","55246334","29","31892416"
"chr2","87204786","87204870","chr19","24033256","24033338","15","63171530"
"chr2","87243589","87243881","chr12","106814114","106814405","51","19570525"
"chr2","87281907","87282190","chr6","119011301","119011592","47","31729394"
"chr2","87285622","87285914","chr15","23810902","23811197","43","63474720"
"chr2","87294762","87295052","chr12","26130148","26130438","45","61164614"
"chr2","87299667","87299970","chr1","86742621","86742919","48","557046"
"chr2","87300626","87300773","chr6","154284762","154284910","28","66984136"
"chr2","87312962","87313269","chr12","42169251","42169553","50","45143711"
"chr2","87321168","87321448","chr4","158481330","158481605","35","71160162"
"chr2","87345400","87345696","chr3","111477906","111478203","48","24132506"
"chr2","87364829","87365114","chr10","88439024","88439316","46","1074195"
"chr2","87413644","87413930","chr2","14225318","14225608","41","73188326"
"chr2","87424275","87424553","chr13","9982043","9982324","62","77442232"
"chr2","87477787","87478081","chr2","10706398","10706685","49","76771389"
"chr2","87504487","87504757","chr6","36608244","36608518","51","50896243"
"chr2","87516213","87516375","chr6","114762508","114762668","29","27246295"
"chr2","87532375","87532506","chr14","32401513","32401645","30","55130862"
"chr2","87533007","87533131","chr22","28568641","28568765","19","58964366"
"chr2","87572821","87572890","chr10","17226986","17227053","14","70345835"
"chr2","87583972","87584271","chr2","39828090","39828388","48","47755882"
"chr2","87617121","87617391","chr5","2124648","2124911","58","85492473"
"chr2","87629994","87630291","chr1","116075558","116075837","62","28445564"
"chr2","87633092","87633359","chrX","47790264","47790529","46","39842828"
"chr2","87640062","87640191","chr9","20437000","20437123","26","67203062"
"chr2","87644564","87644861","chr22","36166225","36166522","51","51478339"
"chr2","87667345","87667658","chr4","137135438","137135728","63","49468093"
"chr2","87688259","87688368","chr12","11864766","11864875","18","75823493"
"chr2","87688380","87688446","chr15","16073973","16074038","10","71614407"
"chr2","87702558","87702673","chr9","108671454","108671572","20","20968896"
"chr2","87717444","87717726","chr15","23356810","23357078","52","64360634"
"chr2","87744748","87744867","chr9","18648101","18648220","23","69096647"
"chr2","87745750","87746044","chr5","83053886","83054179","46","4691864"
"chr2","87766399","87766702","chr2","34619911","34620209","47","53146488"
"chr2","87841847","87842148","chr11","122686903","122687200","43","34845056"
"chr2","87853660","87853802","chr1","204591414","204591558","26","116737754"
"chr2","87863056","87863191","chr2","6081076","6081211","18","81781980"
"chr2","87877541","87877615","chr5","92528200","92528272","12","4650659"
"chr2","87880111","87880411","chr4","139259106","139259407","44","51378995"
"chr2","87890591","87890885","chr15","23128409","23128692","62","64762182"
"chr2","87890887","87891188","chr22","14367659","14367956","51","73523228"
"chr2","87993239","87993540","chr20","38639419","38639722","51","49353820"
"chr2","88035955","88036236","chr3","152858583","152858869","46","64822628"
"chr2","88067342","88067654","chr1","174789033","174789330","52","86721691"
"chr2","88087629","88087754","chr15","22954456","22954563","26","65133173"
"chr2","88103310","88103446","chr5","10559689","10559821","22","77543621"
"chr2","88132988","88133283","chr9","46076517","46076799","56","42056471"
"chr2","88147009","88147180","chr9","14473384","14473561","26","73673625"
"chr2","88154910","88155216","chr5","55380182","55380490","53","32774728"
"chr2","88160946","88161251","chr5","116663888","116664187","50","28502942"
"chr2","88165185","88165550","chr22","32229491","32229866","84","55935694"
"chr2","88171449","88171593","chr1","200132087","200132220","38","111960638"
"chr2","88184879","88185165","chr13","51694805","51695095","57","36490074"
"chr2","88203878","88204182","chr1","191854574","191854877","43","103650696"
"chr2","88208589","88208895","chr15","22835939","22836236","48","65372650"
"chr2","88235668","88235736","chrX","124575268","124575331","11","36339600"
"chr2","88247654","88247922","chr19","15585463","15585749","51","72662191"
"chr2","88259548","88259840","chr6","57780653","57780942","41","30478895"
"chr2","88287769","88288072","chr5","83047784","83048085","49","5239985"
"chr2","88290743","88291006","chr15","22745852","22746118","48","65544891"
"chr2","88294303","88294609","chr20","38639419","38639722","42","49654884"
"chr2","88368556","88368709","chr7","72277953","72278103","32","16090603"
"chr2","88464716","88465012","chrX","22871560","22871854","52","65593156"
"chr2","88513479","88513767","chr15","22527072","22527364","43","65986407"
"chr2","88551841","88551952","chr16","21159134","21159244","18","67392707"
"chr2","88639698","88639995","chr15","22402853","22403143","33","66236845"
"chr2","88817564","88817833","chr15","22234019","22234285","47","66583545"
"chr2","88852732","88853014","chr6","17854050","17854340","58","70998682"
"chr2","89061826","89062104","chr7","137412984","137413261","55","48351158"
"chr2","89191392","89191688","chr12","15538273","15538557","61","73653119"
"chr2","89204209","89204264","chr11","122904697","122904742","12","33700488"
"chr2","89290249","89290405","chr20","22935705","22935869","33","66354544"
"chr2","89297652","89297947","chr11","51573108","51573397","61","37724544"
"chr2","89410921","89411234","chr15","21650112","21650417","48","67760809"
"chr2","89477010","89477312","chr9","25525997","25526295","44","63951013"
"chr2","89616116","89616412","chr15","21458007","21458302","38","68158109"
"chr2","89669039","89669345","chr15","48247192","48247499","53","41421847"
"chr2","89671097","89671411","chr15","21410709","21411015","42","68260388"
"chr2","89730146","89730439","chr5","4558539","4558832","43","85171607"
"chr2","89775455","89775757","chr19","17448176","17448478","46","72327279"
"chr2","89795530","89795816","chr14","59195264","59195551","45","30600266"
"chr2","89805720","89806018","chr15","21263264","21263556","40","68542456"
"chr2","89807215","89807514","chr15","21261745","21262045","34","68545470"
"chr2","89830933","89831108","chr1","13881780","13881959","29","75949153"
"chr2","89842593","89842897","chr14","98127511","98127806","44","8284918"
"chr2","89894251","89894547","chr2","147728720","147729015","43","57834469"
"chr2","89952484","89952771","chr9","108679597","108679892","61","18727113"
"chr2","89959213","89959455","chr15","21101492","21101744","36","68857721"
"chr2","90026066","90026214","chr4","48642084","48642241","28","41383982"
"chr2","90026529","90026661","chr13","43433121","43433253","21","46593408"
"chr2","90029760","90030069","chrX","8396907","8397216","49","81632853"
"chr2","90081308","90081634","chrX","45155908","45156218","65","44925400"
"chr2","90204984","90205282","chr9","100172231","100172528","48","9967247"
"chr2","90213044","90213355","chrX","64172412","64172721","56","26040632"
"chr2","90227071","90227379","chr15","37932298","37932608","38","52294773"
"chr2","90233291","90233468","chr15","20838435","20838602","32","69394856"
"chr2","90242465","90242759","chr2","8630069","8630362","46","81612396"
"chr2","90243464","90243775","chr9","111202610","111202922","49","20959146"
"chr2","90263444","90263745","chr9","92955669","92955979","56","2692225"
"chr2","90408853","90409139","chr15","20643204","20643497","42","69765649"
"chr2","90533069","90533343","chr5","26465835","26466109","46","64067234"
"chr2","90551087","90551383","chr1","10504024","10504317","57","80047063"
"chr2","90633246","90633289","chr5","11370972","11371016","4","79262274"
"chr2","90635916","90636040","chr11","126635476","126635602","23","35999560"
"chr2","90660041","90660372","chr7","70375823","70376126","65","20284218"
"chr2","90679633","90679761","chr11","119124926","119125055","21","28445293"
"chr2","90894222","90894517","chr15","54912904","54913192","52","35981318"
"chr2","90910834","90911135","chr15","20202240","20202546","44","70708594"
"chr2","90969290","90969600","chr5","79219523","79219827","51","11749767"
"chr2","90977838","90978157","chr4","24714987","24715298","59","66262851"
"chr2","91003085","91003257","chr20","1976364","1976531","40","89026721"
"chr2","91010788","91010905","chr12","14512464","14512580","18","76498324"
"chr2","91016764","91017044","chr5","60054604","60054883","56","30962160"
"chr2","91018164","91018451","chr7","79794746","79795031","58","11223418"
"chr2","91036117","91036291","chr20","1976364","1976531","39","89059753"
"chr2","91043844","91043961","chr12","14512464","14512580","18","76531380"
"chr2","91052589","91052910","chr2","131733658","131733977","60","40681069"
"chr2","91091737","91091911","chr20","1976364","1976531","39","89115373"
"chr2","91151092","91151390","chr11","120600441","120600744","46","29449349"
"chr2","91220963","91221339","chr3","115876590","115876897","124","24655627"
"chr2","91274736","91275020","chr15","28142141","28142420","53","63132595"
"chr2","91467537","91467713","chr3","151322790","151322964","30","59855253"
"chr2","91494684","91494991","chr4","54370195","54370493","58","37124489"
"chr2","91580080","91580372","chr15","19595275","19595568","38","71984805"
"chr2","91748427","91748732","chr5","83138079","83138381","42","8610348"
"chr2","91787965","91788283","chr1","10278549","10278863","58","81509416"
"chr2","91793711","91794020","chrX","64172412","64172721","48","27621299"
"chr2","91945926","91946216","chr15","64751392","64751686","46","27194534"
"chr2","92056597","92056893","chrX","45924991","45925287","41","46131606"
"chr2","92059686","92059804","chr6","31430581","31430699","25","60629105"
"chr2","92084646","92084929","chr4","47729514","47729797","59","44355132"
"chr2","92282251","92282549","chr21","41253758","41254057","51","51028493"
"chr2","92312424","92312747","chr15","23678217","23678535","68","68634207"
"chr2","92312800","92313085","chr5","11414318","11414599","60","80898482"
"chr2","92342565","92342856","chr15","18792382","18792696","51","73550183"
"chr2","92548105","92548422","chr5","47262277","47262597","55","45285828"
"chr2","92677705","92678001","chr17","73223949","73224228","58","19453756"
"chr2","92685085","92685383","chr7","33547338","33547635","40","59137747"
"chr2","92698875","92699183","chr6","121802757","121803058","45","29103882"
"chr2","92763643","92763951","chr5","73075939","73076252","56","19687704"
"chr2","92868305","92868623","chr6","118600755","118601054","58","25732450"
"chr2","92908658","92908877","chr17","72968498","72968709","36","19940160"
"chr2","92925911","92926215","chr17","72952778","72953067","56","19973133"
"chr2","92983838","92984069","chr5","44606303","44606540","44","48377535"
"chr2","93008864","93009173","chr17","72866228","72866541","53","20142636"
"chr2","93039766","93040030","chr3","164929173","164929450","56","71889407"
"chr2","93048200","93048485","chr1","183739489","183739770","63","90691289"
"chr2","93090214","93090517","chr1","121265312","121265615","49","28175098"
"chr2","93097472","93097778","chr5","59461001","59461310","41","33636471"
"chr2","93172877","93173157","chr6","135531665","135531946","46","42358788"
"chr2","93191600","93191884","chr4","158481330","158481605","52","65289730"
"chr2","93268322","93268430","chr6","135805211","135805318","18","42536889"
"chr2","93308226","93308525","chr13","19830187","19830487","56","73478039"
"chr2","93347612","93347919","chr2","71331505","71331809","51","22016107"
"chr2","93376065","93376348","chrX","140617775","140618059","49","47241710"
"chr2","93378941","93379213","chr4","158481330","158481605","50","65102389"
"chr2","93379445","93379538","chr12","9612526","9612620","14","83766919"
"chr2","93391814","93392123","chr1","101902284","101902595","44","8510470"
"chr2","93412197","93412365","chr5","110972979","110973149","31","17560782"
"chr2","93421164","93421458","chr17","72459778","72460065","44","20961386"
"chr2","93423594","93423904","chr17","72456770","72457064","45","20966824"
"chr2","93433003","93433305","chr7","74579378","74579682","48","18853625"
"chr2","93443580","93443862","chr17","72433087","72433362","44","21010493"
"chr2","93458071","93458372","chr7","120468697","120468997","40","27010626"
"chr2","93485760","93486080","chr7","70375823","70376126","67","23109937"
"chr2","93494650","93494943","chr12","48724930","48725219","66","44769720"
"chr2","93528214","93528514","chr1","155648769","155649066","59","62120555"
"chr2","93529279","93529426","chr5","88567554","88567701","29","4961725"
"chr2","93572322","93572603","chr15","41909535","41909809","48","51662787"
"chr2","93579543","93579822","chr17","72318441","72318717","34","21261102"
"chr2","93614773","93615092","chr2","146982644","146982948","54","53367871"
"chr2","93652557","93652811","chr17","72251154","72251413","35","21401403"
"chr2","93678718","93679012","chr2","54692894","54693183","46","38985824"
"chr2","93695395","93695687","chr4","144716679","144716971","46","51021284"
"chr2","93705526","93705830","chr17","72195238","72195532","50","21510288"
"chr2","93858930","93859220","chr2","146570178","146570467","53","52711248"
"chr2","93947016","93947309","chrX","121377455","121377738","56","27430439"
"chr2","94080384","94080470","chr2","130459575","130459659","10","36379191"
"chr2","94150816","94151113","chr5","83047784","83048085","42","11103032"
"chr2","94340629","94340912","chr4","133173987","133174267","46","38833358"
"chr2","94525241","94525551","chr17","8532344","8532646","59","85992897"
"chr2","94695466","94695748","chr17","71183264","71183555","44","23512202"
"chr2","94822438","94822732","chr9","83573818","83574110","64","11248620"
"chr2","94898252","94898536","chr2","17686816","17687098","55","77211436"
"chr2","94901142","94901429","chr11","20385409","20385702","40","74515733"
"chr2","94929075","94929370","chr19","11821768","11822062","42","83107307"
"chr2","94944801","94945114","chr12","94624697","94624994","52","320104"
"chr2","94950609","94950788","chr1","26292789","26292968","36","68657820"
"chr2","94950791","94950846","chr4","44844890","44844942","9","50105901"
"chr2","94951507","94951640","chr22","19811347","19811476","23","75140160"
"chr2","94962279","94962519","chrUn_GL286234","75266","75499","37","94887013"
"chr2","94964321","94964425","chr1","183273065","183273166","21","88308744"
"chr2","94975141","94975266","chr13","58989114","58989237","21","35986027"
"chr2","94995811","94995917","chr11","16333162","16333264","19","78662649"
"chr2","95007190","95007478","chr14","1205849","1206136","66","93801341"
"chr2","95057597","95057893","chr19","6359322","6359618","44","88698275"
"chr2","95116368","95116658","chr12","107125942","107126232","47","12009574"
"chr2","95120378","95120684","chr9","99228256","99228564","52","4107878"
"chr2","95148410","95148594","chr22","18250724","18250903","48","76897686"
"chr2","95450785","95451026","chr17","70385763","70386004","59","25065022"
"chr2","95745773","95746077","chr4","34136774","34137087","58","61608999"
"chr2","95747882","95748162","chr5","115863747","115864033","49","20115865"
"chr2","95749160","95749240","chr1","15105140","15105224","19","80644020"
"chr2","95760337","95760600","chr4","40842127","40842389","62","54918210"
"chr2","95770584","95770892","chr2","146982644","146982948","48","51212060"
"chr2","95876707","95876988","chr14","44989170","44989451","44","50887537"
"chr2","95943825","95943926","chr17","69921375","69921475","12","26022450"
"chr2","95956804","95957082","chr14","32863987","32864257","64","63092817"
"chr2","95957612","95957918","chr6","8374119","8374424","49","87583493"
"chr2","96009139","96009381","chr2","63752149","63752416","58","32256990"
"chr2","96018888","96019199","chr5","55380182","55380490","49","40638706"
"chr2","96019353","96019647","chr3","71082107","71082409","57","24937246"
"chr2","96024128","96024414","chr17","69874972","69875260","51","26149156"
"chr2","96028929","96029206","chrX","52241701","52241982","45","43787228"
"chr2","96032918","96033227","chr12","78762116","78762425","47","17270802"
"chr2","96073774","96074072","chrX","125368984","125369285","55","29295210"
"chr2","96238761","96239044","chr10","45522601","45522881","60","50716160"
"chr2","96357965","96358255","chr5","9611570","9611858","52","86746395"
"chr2","96368622","96368923","chrX","111773459","111773758","44","15404837"
"chr2","96407938","96408240","chr7","87384353","87384653","45","9023585"
"chr2","96416095","96416403","chr10","1666053","1666355","44","94750042"
"chr2","96453241","96453531","chr12","26130148","26130438","54","70323093"
"chr2","96593416","96593705","chr19","38589311","38589602","38","58004105"
"chr2","96817274","96817580","chr9","105072042","105072344","57","8254768"
"chr2","97040049","97040330","chr12","5366833","5367114","51","91673216"
"chr2","97097050","97097094","chr6","31230773","31230810","10","65866277"
"chr2","97200758","97201061","chr4","126062982","126063287","44","28862224"
"chr2","97215800","97216083","chr8","841978","842272","47","96373822"
"chr2","97251838","97251971","chr8","53023638","53023773","21","44228200"
"chr2","97253270","97253557","chr1","186610138","186610422","52","89356868"
"chr2","97253774","97254061","chr15","67846371","67846658","57","29407403"
"chr2","97257419","97257721","chr17","68632450","68632743","45","28624969"
"chr2","97378730","97379029","chr1","152570018","152570318","43","55191288"
"chr2","97557817","97558049","chr17","68294099","68294334","37","29263718"
"chr2","97613111","97613270","chr19","37809024","37809187","29","59804087"
"chr2","97688002","97688307","chr5","119334106","119334386","70","21646104"
"chr2","97733633","97733925","chr11","116346925","116347227","46","18613292"
"chr2","97951319","97951626","chr9","101210178","101210488","45","3258859"
"chr2","98059241","98059561","chr10","10473186","10473493","66","87586055"
"chr2","98079530","98079834","chr6","116841833","116842136","51","18762303"
"chr2","98085110","98085427","chr8","5110126","5110430","65","92974984"
"chr2","98113369","98113654","chr7","97022652","97022933","44","1090717"
"chr2","98145101","98145381","chr2","2079299","2079573","62","96065802"
"chr2","98145673","98145966","chr5","80444488","80444781","51","17701185"
"chr2","98157455","98157755","chr16","18693386","18693689","56","79464069"
"chr2","98199483","98199653","chr6","29196403","29196575","39","69003080"
"chr2","98204736","98205011","chrX","62971346","62971614","58","35233390"
"chr2","98239073","98239241","chr2","131597618","131597785","38","33358545"
"chr2","98264454","98264741","chr5","38250621","38250909","57","60013833"
"chr2","98294611","98294915","chr17","67610664","67610971","32","30683947"
"chr2","98309361","98309653","chr8","60175496","60175788","49","38133865"
"chr2","98376073","98376372","chr2","17996148","17996446","35","80379925"
"chr2","98383189","98383499","chr17","25584681","25584984","50","72798508"
"chr2","98389840","98390124","chr9","84544394","84544675","57","13845446"
"chr2","98392864","98393130","chr4","58315651","58315914","42","40077213"
"chr2","98424961","98425271","chr9","91914844","91915147","62","6510117"
"chr2","98429384","98429660","chr20","12471054","12471341","54","85958330"
"chr2","98438421","98438698","chr6","115960769","115961041","57","17522348"
"chr2","98461406","98461587","chr13","94538769","94538947","31","3922637"
"chr2","98474310","98474421","chr13","49858220","49858332","18","48616090"
"chr2","98538289","98538559","chr17","67395559","67395820","35","31142730"
"chr2","98571128","98571267","chr2","9945415","9945552","26","88625713"
"chr2","99194286","99194591","chr15","7863891","7864190","39","91330395"
"chr2","99274022","99274310","chr4","111795287","111795580","45","12521265"
"chr2","99502014","99502302","chr6","21465698","21465986","55","78036316"
"chr2","99512210","99512512","chr4","139259106","139259407","40","39746896"
"chr2","99596420","99596721","chr8","75280125","75280408","56","24316295"
"chr2","99606128","99606413","chr1","65363740","65364024","43","34242388"
"chr2","99607199","99607496","chrX","107561323","107561629","66","7954124"
"chr2","99628630","99628943","chr2","146982644","146982948","55","47354014"
"chr2","99634382","99634678","chrUn_GL286217","143262","143564","44","99491120"
"chr2","99656656","99656928","chr18","13372922","13373196","46","86283734"
"chr2","99663172","99663448","chr14","10441392","10441665","56","89221780"
"chr2","99673178","99673483","chrX","17705039","17705341","45","81968139"
"chr2","99702822","99703124","chr11","20544880","20545180","63","79157942"
"chr2","99727285","99727348","chr9","18235185","18235249","10","81492100"
"chr2","99775465","99775770","chr4","69055872","69056171","55","30719593"
"chr2","99823408","99823701","chr12","4068156","4068451","43","95755252"
"chr2","99853748","99854033","chr11","72643464","72643751","44","27210284"
"chr2","99924123","99924437","chr5","55380182","55380490","48","44543941"
"chr2","99953729","99954044","chr2","71331505","71331809","47","28622224"
"chr2","99958037","99958336","chr15","7178752","7179053","47","92779285"
"chr2","100008866","100008984","chr5","6715011","6715130","23","93293855"
"chr2","100010858","100011150","chr5","116663888","116664187","54","16653030"
"chr2","100056999","100057287","chr1","186610138","186610422","50","86553139"
"chr2","100063736","100064033","chr7","44689617","44689912","37","55374119"
"chr2","100102193","100102511","chr15","7046413","7046713","48","93055780"
"chr2","100122541","100122833","chr10","99483273","99483561","45","639268"
"chr2","100133270","100133574","chr15","7012522","7012816","48","93120748"
"chr2","100143978","100144169","chr15","7001824","7002025","33","93142154"
"chr2","100235751","100236056","chr7","70375823","70376126","52","29859928"
"chr2","100320044","100320337","chr8","112330109","112330407","48","12010065"
"chr2","100325699","100326005","chr15","6833374","6833663","49","93492325"
"chr2","100386649","100386946","chrX","18432136","18432433","43","81954513"
"chr2","100403703","100403749","chr8","28663384","28663428","4","71740319"
"chr2","100457958","100458221","chr16","35663724","35663998","57","64794234"
"chr2","100556676","100556970","chr1","13162324","13162614","39","87394352"
"chr2","100616595","100616906","chr7","58254529","58254831","58","42362066"
"chr2","100636293","100636594","chr1","15709909","15710212","42","84926384"
"chr2","100680431","100680726","chr15","6476465","6476756","51","94203966"
"chr2","100719494","100719802","chr15","6426520","6426820","48","94292974"
"chr2","100731790","100732072","chr15","6416493","6416793","48","94315297"
"chr2","101013020","101013329","chrX","14757652","14757955","42","86255368"
"chr2","101107614","101107912","chr3","4761737","4762038","51","96345877"
"chr2","101295756","101296007","chr18","8154326","8154586","59","93141430"
"chr2","101340673","101340846","chrX","16683726","16683898","35","84656947"
"chr2","101396057","101396352","chr10","129312631","129312922","53","27916574"
"chr2","101491929","101492166","chr5","44606303","44606540","34","56885626"
"chr2","101577034","101577327","chr2","67847090","67847384","42","33729944"
"chr2","101581592","101581686","chr9","99035942","99036036","12","2545650"
"chr2","101595973","101596274","chr15","5568050","5568355","33","96027923"
"chr2","101608136","101608384","chr15","5555115","5555377","42","96053021"
"chr2","101646247","101646548","chr9","45325979","45326278","45","56320268"
"chr2","101651517","101651613","chr12","55355179","55355274","15","46296338"
"chr2","101656164","101656465","chr7","70375823","70376126","51","31280341"
"chr2","101662516","101662793","chr2","68382318","68382587","45","33280198"
"chr2","101674908","101675208","chr5","31560164","31560465","50","70114744"
"chr2","101701012","101701310","chr2","203225383","203225677","45","101524371"
"chr2","101704976","101705137","chr14","1187059","1187217","31","100517917"
"chr2","101804801","101804981","chr5","60477818","60477990","48","41326983"
"chr2","101810044","101810351","chr2","146982644","146982948","51","45172600"
"chr2","101896658","101896949","chr15","5282749","5283038","40","96613909"
"chr2","101897631","101897897","chr8","105549929","105550192","49","3652298"
"chr2","101958000","101958114","chr8","74203698","74203811","14","27754302"
"chr2","101981526","101981830","chr7","147514919","147515225","50","45533393"
"chr2","102029814","102030118","chr5","89283883","89284182","58","12745931"
"chr2","102041796","102041831","chr4","26040872","26040910","6","76000924"
"chr2","102100382","102100673","chr4","8654882","8655171","54","93445500"
"chr2","102432152","102432437","chr1","186610138","186610422","44","84177986"
"chr2","102446733","102447016","chr1","186610138","186610422","43","84163405"
"chr2","102482698","102483002","chr3","5835422","5835731","52","96647276"
"chr2","102669661","102669950","chr19","7123341","7123633","55","95546320"
"chr2","102713211","102713508","chr15","4523910","4524186","56","98189301"
"chr2","102778734","102779030","chr1","135371826","135372122","46","32593092"
"chr2","102889123","102889373","chr6","22652998","22653243","42","80236125"
"chr2","103049812","103050104","chr6","53265880","53266171","44","49783932"
"chr2","103063165","103063458","chr1","138955688","138955983","54","35892523"
"chr2","103087270","103087594","chr14","6471804","6472122","58","96615466"
"chr2","103136988","103137284","chr9","18959332","18959630","50","84177656"
"chr2","103508875","103509172","chr15","3780818","3781115","47","99728057"
"chr2","103547292","103547368","chr15","29345113","29345189","14","74202179"
"chr2","103637495","103637803","chr15","3636431","3636745","54","100001064"
"chr2","103643999","103644307","chrX","8396907","8397216","42","95247092"
"chr2","103677066","103677362","chr6","22025792","22026091","57","81651274"
"chr2","103749157","103749465","chr6","75230350","75230656","42","28518807"
"chr2","103766327","103766597","chr15","3505925","3506201","45","100260402"
"chr2","103769193","103769479","chr8","3164270","3164554","58","100604923"
"chr2","103780934","103781076","chr3","65585318","65585466","32","38195616"
"chr2","103784607","103784709","chr12","9612526","9612620","17","94172081"
"chr2","103889885","103890051","chr7","12902130","12902295","24","90987755"
"chr2","104041504","104041565","chr8","115752755","115752818","7","11711251"
"chr2","104052885","104053167","chr20","7477077","7477364","45","96575808"
"chr2","104055080","104055401","chr15","3217526","3217839","47","100837554"
"chr2","104438005","104438312","chr9","110062644","110062956","54","5624639"
"chr2","104477112","104477402","chr15","2787276","2787564","36","101689836"
"chr2","104517071","104517358","chr5","127700722","127701002","49","23183651"
"chr2","104577302","104577588","chr1","168926697","168926979","49","64349395"
"chr2","104587083","104587374","chr7","18384707","18385006","46","86202376"
"chr2","104647232","104647526","chr10","99483273","99483561","50","5163959"
"chr2","104656558","104656848","chr12","5225312","5225605","59","99431246"
"chr2","104674148","104674422","chr5","92763403","92763679","66","11910745"
"chr2","104751026","104751115","chr18","10175144","10175228","13","94575882"
"chr2","104808697","104808976","chr11","115294455","115294737","48","10485758"
"chr2","104847036","104847346","chr15","32495325","32495639","56","72351711"
"chr2","104877000","104877281","chrX","57514461","57514749","48","47362539"
"chr2","104920392","104920689","chr3","111477906","111478203","56","6557514"
"chr2","104933976","104934285","chr9","101210178","101210488","49","3723798"
"chr2","104936809","104937116","chr2","1679121","1679426","59","103257688"
"chr2","105001119","105001419","chr6","121802757","121803058","53","16801638"
"chr2","105076930","105077204","chr15","2174686","2174941","44","102902244"
"chr2","105171039","105171307","chr15","2091110","2091378","50","103079929"
"chr2","105178291","105178592","chr15","2083001","2083292","52","103095290"
"chr2","105763656","105763977","chr7","133936573","133936890","57","28172917"
"chr2","105786948","105787258","chr5","2193404","2193714","46","103593544"
"chr2","105789407","105789697","chr6","116833090","116833381","48","11043683"
"chr2","105806499","105806792","chr4","139259106","139259407","51","33452607"
"chr2","105812646","105812942","chr2","57577590","57577887","42","48235056"
"chr2","105850171","105850460","chr9","52902911","52903208","47","52947260"
"chr2","105853632","105853920","chr8","117814130","117814426","41","11960498"
"chr2","105911353","105911645","chr7","128716091","128716385","44","22804738"
"chr2","105978612","105978916","chr9","25525997","25526295","39","80452615"
"chr2","105990345","105990414","chr21","43342673","43342743","15","62647672"
"chr2","105998577","105998889","chr7","70375823","70376126","49","35622754"
"chr2","106024806","106025116","chr9","105072042","105072344","59","952764"
"chr2","106032046","106032312","chr15","45539743","45540019","46","60492303"
"chr2","106042695","106043021","chr12","78334228","78334543","63","27708467"
"chr2","106135595","106135783","chr15","1106327","1106520","33","105029268"
"chr2","106156141","106156412","chr15","1080416","1080691","42","105075725"
"chr2","106162318","106162624","chrUn_GL286217","143262","143564","50","106019056"
"chr2","106166327","106166626","chr17","62830726","62831031","44","43335601"
"chr2","106196092","106196394","chr12","45753340","45753642","51","60442752"
"chr2","106230220","106230501","chr11","64170951","64171225","58","42059269"
"chr2","106269883","106270180","chr1","155648769","155649066","59","49378886"
"chr2","106276928","106277238","chr2","146982644","146982948","58","40705716"
"chr2","106299079","106299379","chr15","943662","943951","38","105355417"
"chr2","106309640","106309765","chr9","113238141","113238265","29","6928501"
"chr2","106336646","106336954","chr15","920681","920986","43","105415965"
"chr2","106363642","106363952","chr4","110593891","110594192","46","4230249"
"chr2","106487676","106487981","chr4","17919516","17919823","43","88568160"
"chr2","106535302","106535347","chr15","89330988","89331032","7","17204314"
"chr2","106536537","106536805","chr9","29404424","29404694","56","77132113"
"chr2","106643586","106643895","chr17","69045271","69045580","46","37598315"
"chr2","107456411","107456691","chr22","3060037","3060333","54","104396374"
"chr2","107548093","107548403","chr5","120225189","120225498","52","12677096"
"chr2","107817509","107817808","chr10","48321055","48321354","48","59496454"
"chr2","108000512","108000805","chr6","119011301","119011592","45","11010789"
"chr2","108011552","108011854","chr10","14376288","14376587","53","93635264"
"chr2","108070466","108070510","chr5","94690104","94690150","6","13380362"
"chr2","108160910","108160984","chr2","11316817","11316894","20","96844093"
"chr2","108182157","108182456","chr14","83781722","83782021","56","24400435"
"chr2","108348540","108348860","chr17","1355792","1356104","53","106992748"
"chr2","108359594","108359763","chr2","193643088","193643257","29","85283494"
"chr2","108373299","108373580","chr1","119823333","119823623","54","11450034"
"chr2","108459411","108459699","chr4","160761986","160762273","66","52302575"
"chr2","108565000","108565329","chr7","44689617","44689912","70","63875383"
"chr2","108624075","108624366","chr1","174457739","174458029","56","65833664"
"chr2","108637440","108637651","chr14","15780147","15780351","37","92857293"
"chr2","108656372","108656655","chr1","137469358","137469646","52","28812986"
"chr2","108773648","108773966","chr10","118578692","118578996","71","9805044"
"chr2","108914897","108915184","chr10","35328937","35329229","48","73585960"
"chr2","109059736","109060005","chr21","37469624","37469894","68","71590112"
"chr2","109483421","109483721","chr1","156858832","156859126","60","47375411"
"chr2","109558436","109558699","chr7","97783372","97783638","60","11775064"
"chr2","110179446","110179732","chr7","46353259","46353548","57","63826187"
"chr2","110190670","110190974","chr1","185545257","185545555","66","75354587"
"chr2","110304876","110305171","chr4","24714987","24715298","64","85589889"
"chr2","110435162","110435462","chr17","3608223","3608520","51","106826939"
"chr2","110487257","110487555","chr1","156890249","156890536","60","46402992"
"chr2","110555645","110555935","chr12","107125942","107126232","42","3429703"
"chr2","111067791","111068095","chr7","25925292","25925587","45","85142499"
"chr2","111155077","111155389","chr2","137711750","137712057","56","26556673"
"chr2","111182462","111182780","chr2","39815620","39815927","56","71366842"
"chr2","111315047","111315350","chr17","4465800","4466093","52","106849247"
"chr2","111944873","111945168","chr15","7408277","7408570","52","104536596"
"chr2","112567122","112567413","chr3","189774635","189774928","46","77207513"
"chr2","112641470","112641764","chr13","95853421","95853719","51","16788049"
"chr2","112794611","112794935","chr22","11242856","11243168","54","101551755"
"chr2","112812776","112813070","chr12","4068156","4068451","49","108744620"
"chr2","112819025","112819306","chr6","119011301","119011592","49","6192276"
"chr2","112888245","112888544","chrX","45924991","45925287","47","66963254"
"chr2","112906639","112906951","chr7","45596357","45596667","58","67310282"
"chr2","112928992","112929292","chr17","6060621","6060920","48","106868371"
"chr2","113075500","113075810","chrX","39183726","39184034","51","73891774"
"chr2","113086273","113086353","chr1","200642764","200642837","13","87556491"
"chr2","113145726","113146026","chr1","175759179","175759474","64","62613453"
"chr2","113498713","113498840","chr5","10559689","10559821","19","102939024"
"chr2","113860432","113860733","chr8","18313174","18313471","48","95547258"
"chr2","114081349","114081658","chr9","45325979","45326278","52","68755370"
"chr2","114198186","114198444","chr14","45083109","45083365","46","69115077"
"chr2","114267159","114267469","chr2","146982644","146982948","57","32715485"
"chr2","114283475","114283747","chr13","60759063","60759326","53","53524412"
"chr2","114328957","114329258","chr11","28125301","28125613","55","86203656"
"chr2","114470695","114471001","chr14","32553436","32553738","43","81917259"
"chr2","114609191","114609506","chr17","7796245","7796545","51","106812946"
"chr2","114778550","114778604","chr6","30311973","30312032","14","84466577"
"chr2","114878943","114879234","chr10","55082764","55083060","45","59796179"
"chr2","114885828","114886011","chr1","13080292","13080473","41","101805536"
"chr2","114955969","114956278","chr2","170828384","170828693","57","55872415"
"chr2","114975668","114975978","chr2","150624041","150624344","51","35648373"
"chr2","114994712","114995037","chr5","55380182","55380490","63","59614530"
"chr2","115009510","115009798","chr17","8204202","8204480","42","106805308"
"chr2","115108197","115108472","chr5","72712443","72712712","41","42395754"
"chr2","115108773","115109073","chr5","83138079","83138381","43","31970694"
"chr2","115165375","115165670","chr17","8368298","8368590","43","106797077"
"chr2","115249788","115250087","chrX","90287726","90288021","37","24962062"
"chr2","115283515","115283811","chrX","138655051","138655342","51","23371536"
"chr2","115292980","115293289","chr17","8500723","8501032","45","106792257"
"chr2","115299968","115300253","chr17","8508638","8508918","52","106791330"
"chr2","115300298","115300476","chr9","86509833","86510016","31","28790465"
"chr2","115318131","115318435","chr17","8532344","8532646","49","106785787"
"chr2","115403060","115403179","chr15","76799696","76799813","23","38603364"
"chr2","115424288","115424586","chr15","38910043","38910338","53","76514245"
"chr2","115427635","115427912","chr17","8620369","8620656","39","106807266"
"chr2","115442515","115442817","chr17","8635177","8635473","48","106807338"
"chr2","115451631","115451914","chr5","19404769","19405057","49","96046862"
"chr2","115453959","115454241","chr4","25746204","25746495","51","89707755"
"chr2","115482001","115482290","chr5","47309745","47310037","48","68172256"
"chr2","115484711","115485023","chr9","40113351","40113661","55","75371360"
"chr2","115491124","115491421","chr5","109061221","109061518","37","6429903"
"chr2","115578409","115578705","chr1","199360645","199360948","53","83782236"
"chr2","115583512","115583807","chr2","203225383","203225677","39","87641871"
"chr2","115602140","115602453","chr5","55380182","55380490","53","60221958"
"chr2","115641764","115641854","chr7","131493848","131493929","18","15852084"
"chr2","115646615","115646910","chr16","450359","450656","45","115196256"
"chr2","115650222","115650504","chr13","61938527","61938805","59","53711695"
"chr2","115669888","115670196","chr2","146982644","146982948","63","31312756"
"chr2","115859110","115859460","chr5","3924227","3924577","76","111934883"
"chr2","115891811","115891990","chr4","24635839","24636012","34","91255972"
"chr2","116058894","116059204","chr20","995805","996105","50","115063089"
"chr2","116203260","116203572","chr6","140488037","140488339","51","24284777"
"chr2","116232707","116232779","chr4","41182827","41182899","8","75049880"
"chr2","116323129","116323313","chr2","159945609","159945792","29","43622480"
"chr2","116341083","116341393","chr2","39828090","39828388","56","76512993"
"chr2","116403959","116404259","chr16","66568637","66568935","42","49835322"
"chr2","116780930","116781227","chr10","24971745","24972041","54","91809185"
"chr2","117185737","117186031","chr17","10343728","10344021","36","106842009"
"chr2","117331492","117331775","chr5","127578478","127578765","65","10246986"
"chr2","117527770","117528054","chrX","40344797","40345081","48","77182973"
"chr2","117701107","117701407","chr9","112188618","112188919","47","5512489"
"chr2","117718474","117718772","chr2","99756788","99757092","44","17961686"
"chr2","117955769","117956042","chr2","149139071","149139346","53","31183302"
"chr2","118396444","118396752","chr2","36241158","36241462","46","82155286"
"chr2","118634254","118634561","chr12","94624697","94624994","59","24009557"
"chr2","119994003","119994304","chr7","79082583","79082878","51","40911420"
"chr2","120255965","120256182","chr8","25894458","25894686","56","94361507"
"chr2","120357314","120357618","chr5","116663888","116664187","56","3693426"
"chr2","120676477","120676769","chr22","9384794","9385088","57","111291683"
"chr2","121042729","121043037","chr17","13348243","13348560","49","107694486"
"chr2","121444702","121444992","chr5","139889919","139890213","59","18445217"
"chr2","121738857","121739157","chr5","25564881","25565190","54","96173976"
"chr2","121741376","121741679","chrX","117763468","117763772","63","3977908"
"chr2","121774822","121775125","chrX","106785435","106785739","56","14989387"
"chr2","122023567","122023856","chr14","63113403","63113677","64","58910164"
"chr2","122386477","122386774","chr2","147728720","147729015","48","25342243"
"chr2","122423128","122423242","chr6","135805211","135805318","18","13382083"
"chr2","122480280","122480582","chr5","3254168","3254463","65","119226112"
"chr2","122621685","122621952","chr22","32732727","32732993","51","89888958"
"chr2","122672293","122672556","chr2","144752518","144752792","62","22080225"
"chr2","122721417","122721727","chr6","134007344","134007652","63","11285927"
"chr2","122959455","122959771","chr11","116346925","116347227","51","6612530"
"chr2","123120528","123120831","chr1","185545257","185545555","53","62424729"
"chr2","123210807","123211102","chrUn_GL286267","16644","16927","60","123194163"
"chr2","123477021","123477341","chr1","15709909","15710212","61","107767112"
"chr2","123554465","123554769","chr14","46908566","46908878","63","76645899"
"chr2","123670890","123670960","chr7","144201035","144201106","11","20530145"
"chr2","123755622","123755778","chr4","48642084","48642241","37","75113538"
"chr2","123755818","123755899","chr12","74368604","74368687","17","49387214"
"chr2","124113613","124113907","chrX","18158963","18159264","61","105954650"
"chr2","124160192","124160463","chr17","15363796","15364050","47","108796396"
"chr2","124179242","124179495","chr7","43362970","43363228","53","80816272"
"chr2","124575421","124575718","chr16","8230885","8231168","66","116344536"
"chr2","124797508","124797821","chr4","12393016","12393311","70","112404492"
"chr2","124851167","124851235","chr3","143887172","143887242","10","19036005"
"chr2","124855100","124855389","chr1","183739489","183739770","64","58884389"
"chr2","124871988","124872293","chr14","83083786","83084089","45","41788202"
"chr2","124910355","124910554","chrX","86518560","86518763","67","38391795"
"chr2","124991887","124992212","chr1","66795501","66795806","65","58196386"
"chr2","125242554","125242829","chr10","94342101","94342382","52","30900453"
"chr2","125374451","125374731","chr22","38654238","38654519","44","86720213"
"chr2","125615639","125615703","chr2","1892816","1892879","10","123722823"
"chr2","125638226","125638518","chr2","203225383","203225677","56","77587157"
"chr2","125652799","125653117","chr2","146982644","146982948","51","21329845"
"chr2","125670874","125671168","chr17","16847896","16848175","43","108822978"
"chr2","125708136","125708267","chr7","6599626","6599749","27","119108510"
"chr2","125719235","125719467","chr17","16881492","16881711","38","108837743"
"chr2","125726334","125726612","chr19","43659630","43659919","52","82066704"
"chr2","125786522","125786789","chr1","46007219","46007485","42","79779303"
"chr2","125893913","125894219","chr6","75230350","75230656","61","50663563"
"chr2","125931728","125932029","chrX","4936706","4937001","57","120995022"
"chr2","125995710","125995929","chr17","17151827","17152059","40","108843883"
"chr2","126042992","126043284","chr3","142600603","142600893","42","16557611"
"chr2","126075814","126076127","chr6","140581095","140581398","60","14505281"
"chr2","126154954","126155259","chr7","33547338","33547635","53","92607616"
"chr2","126188542","126188845","chr4","126062982","126063287","50","125560"
"chr2","126513365","126513650","chr7","75503275","75503547","58","51010090"
"chr2","126817043","126817314","chrUn_GL286258","22387","22660","41","126794656"
"chr2","126817884","126818136","chrX","107280034","107280295","48","19537850"
"chr2","127336226","127336520","chr6","75230350","75230656","62","52105876"
"chr2","127451618","127451907","chr1","41686123","41686409","52","85765495"
"chr2","127506560","127506870","chr17","18705240","18705542","48","108801320"
"chr2","127512502","127512782","chr5","81407010","81407281","45","46105492"
"chr2","127644558","127644853","chr5","62490551","62490843","39","65154007"
"chr2","127678743","127678850","chr4","18185518","18185623","28","109493225"
"chr2","127860328","127860639","chrUn_GL286420","723630","723939","43","127136698"
"chr2","127931523","127931817","chr3","152858583","152858869","52","24927060"
"chr2","128015087","128015388","chr17","19205466","19205760","53","108809621"
"chr2","128129182","128129490","chr17","19319268","19319573","49","108809914"
"chr2","128215644","128215950","chr12","105081170","105081479","52","23134474"
"chr2","128294368","128294676","chr17","19497342","19497644","36","108797026"
"chr2","128352309","128352601","chr12","16148639","16148932","54","112203670"
"chr2","128457019","128457335","chr2","146982644","146982948","57","18525625"
"chr2","128510831","128510967","chr2","18657089","18657218","22","109853742"
"chr2","128589009","128589312","chr7","87384353","87384653","52","41204656"
"chr2","128613265","128613542","chr17","19810718","19811005","47","108802547"
"chr2","128670540","128670847","chr19","26695875","26696176","54","101974665"
"chr2","128772670","128772987","chr5","43258967","43259274","59","85513703"
"chr2","128802862","128802963","chr14","45585630","45585728","13","83217232"
"chr2","128859170","128859477","chr5","41268769","41269073","52","87590401"
"chr2","128912191","128912492","chr7","67355562","67355869","47","61556629"
"chr2","129082585","129082860","chr5","147402122","147402395","48","18319537"
"chr2","129119531","129119832","chr20","12198433","12198731","46","116921098"
"chr2","129167558","129167854","chr17","20358402","20358699","46","108809156"
"chr2","129874193","129874496","chr3","71082107","71082409","53","58792086"
"chr2","130026392","130026694","chr9","122689798","122690105","51","7336594"
"chr2","130068897","130069198","chr17","21397805","21398090","44","108671092"
"chr2","130083184","130083479","chr7","25925292","25925587","39","104157892"
"chr2","130101949","130102256","chr5","55380182","55380490","45","74721767"
"chr2","130111475","130111763","chr16","46721249","46721542","46","83390226"
"chr2","130145302","130145599","chr17","21459679","21459984","44","108685623"
"chr2","130173345","130173501","chr5","111397165","111397318","28","18776180"
"chr2","130193596","130193922","chr4","132055862","132056190","58","1862266"
"chr2","130196036","130196323","chr22","44747997","44748286","44","85448039"
"chr2","130201680","130201975","chr10","104048401","104048698","42","26153279"
"chr2","130215303","130215600","chr12","44569431","44569719","49","85645872"
"chr2","130215849","130216143","chr22","9484749","9485043","47","120731100"
"chr2","130228584","130228877","chr6","119011301","119011592","47","11217283"
"chr2","130234361","130234664","chr19","27619331","27619631","37","102615030"
"chr2","130242254","130242531","chr2","132126916","132127189","49","1884662"
"chr2","130244930","130244985","chr9","58005342","58005393","5","72239588"
"chr2","130263151","130263462","chr10","86691925","86692232","49","43571226"
"chr2","130405781","130406073","chr10","80449759","80450058","51","49956022"
"chr2","130477134","130477447","chr5","73075939","73076252","48","57401195"
"chr2","130490286","130490511","chr12","5150681","5150902","46","125339605"
"chr2","130492129","130492426","chr17","21816538","21816835","43","108675591"
"chr2","130623027","130623327","chr19","17448176","17448478","48","113174851"
"chr2","130629243","130629340","chr4","71524300","71524394","14","59104943"
"chr2","130683429","130683728","chr16","19278860","19279164","56","111404569"
"chr2","130697904","130698202","chr4","110593891","110594192","46","20104013"
"chr2","130756306","130756611","chr8","106549657","106549965","50","24206649"
"chr2","130975326","130975633","chr7","80704435","80704744","52","50270891"
"chr2","130990070","130990133","chr1","192937716","192937777","10","61947646"
"chr2","131145267","131145556","chr1","116618974","116619261","45","14526293"
"chr2","131208295","131208391","chr2","132583603","132583696","15","1375308"
"chr2","131226761","131227061","chr2","147728720","147729015","44","16501959"
"chr2","131473200","131473502","chr14","83083786","83084089","48","48389414"
"chr2","131584919","131584998","chr2","6648559","6648630","15","124936360"
"chr2","131652512","131652769","chrX","46283924","46284174","61","85368588"
"chr2","131656401","131656705","chr17","22931996","22932294","40","108724405"
"chr2","131668103","131668404","chr2","39168351","39168663","58","92499752"
"chr2","131678435","131678694","chr20","16713691","16713949","55","114964744"
"chr2","131682292","131682620","chr7","88697458","88697764","63","42984834"
"chr2","131729517","131729826","chr6","21930692","21931000","45","109798825"
"chr2","131741283","131741392","chr2","31321985","31322093","19","100419298"
"chr2","131828326","131828659","chr2","55097729","55098028","117","76730597"
"chr2","131841728","131842012","chr22","31312902","31313193","46","100528826"
"chr2","131862704","131862998","chr1","135371826","135372122","53","3509122"
"chr2","131954829","131955054","chr5","124178001","124178201","61","7776828"
"chr2","132156236","132156541","chr1","15709909","15710212","50","116446327"
"chr2","132369507","132369830","chr5","73075939","73076252","63","59293568"
"chr2","132593471","132593572","chr1","128973064","128973156","16","3620407"
"chr2","132593674","132593772","chr6","135424759","135424862","21","2831085"
"chr2","132664248","132664557","chr9","122689798","122690105","50","9974450"
"chr2","132667046","132667339","chr17","24053989","24054287","40","108613057"
"chr2","132718619","132718886","chr15","59749787","59750044","48","72968832"
"chr2","132767531","132767819","chr17","24165072","24165362","37","108602459"
"chr2","132772931","132773229","chr14","69866837","69867141","49","62906094"
"chr2","132877421","132877602","chr7","29006356","29006527","40","103871065"
"chr2","132892582","132892645","chr17","24290673","24290736","5","108601909"
"chr2","132913340","132913624","chr2","169136285","169136571","52","36222945"
"chr2","132944639","132944937","chr14","68977031","68977330","43","63967608"
"chr2","133026815","133027085","chr11","9566946","9567225","55","123459869"
"chr2","133222608","133222903","chr11","23485743","23486033","45","109736865"
"chr2","133312665","133312973","chr7","88697458","88697764","50","44615207"
"chr2","133329585","133329885","chr15","63717719","63718018","49","69611866"
"chr2","133384461","133384747","chr1","185105558","185105857","60","51721097"
"chr2","133444619","133444835","chr6","118225924","118226145","38","15218695"
"chr2","133743756","133743994","chrX","58291778","58292028","50","75451978"
"chr2","133766255","133766340","chr1","204196339","204196417","17","70430084"
"chr2","133785359","133785665","chr11","116346925","116347227","53","17438434"
"chr2","133785809","133786118","chr1","15709909","15710212","61","118075900"
"chr2","133818309","133818600","chr10","83656466","83656759","48","50161843"
"chr2","134095604","134095741","chr2","34650368","34650508","29","99445236"
"chr2","134124700","134124995","chr7","33547338","33547635","50","100577362"
"chr2","134279692","134280001","chr20","38639419","38639722","54","95640273"
"chr2","134314206","134314483","chr5","115208223","115208505","50","19105983"
"chr2","134419479","134419785","chr11","71802142","71802449","48","62617337"
"chr2","134544564","134544834","chr17","25708585","25708857","59","108835979"
"chr2","134559799","134560000","chrX","22471578","22471779","38","112088221"
"chr2","134625092","134625379","chr2","73704522","73704812","42","60920570"
"chr2","134795156","134795203","chr6","117887160","117887208","6","16907996"
"chr2","134816569","134816682","chr8","74203698","74203811","18","60612871"
"chr2","134826002","134826270","chr17","26016443","26016704","45","108809559"
"chr2","134909841","134910127","chr17","26116757","26117044","50","108793084"
"chr2","134947029","134947319","chr1","183405636","183405919","50","48458607"
"chr2","135001211","135001514","chr17","26220855","26221147","43","108780356"
"chr2","135089130","135089435","chr3","149706946","149707243","38","14617816"
"chr2","135096878","135097183","chr9","101210178","101210488","47","33886700"
"chr2","135154046","135154173","chr6","6792500","6792619","20","128361546"
"chr2","135223832","135224126","chr17","26440455","26440749","36","108783377"
"chr2","135265878","135266192","chr15","57178677","57178991","61","78087201"
"chr2","135315400","135315651","chr1","173268414","173268666","52","37953014"
"chr2","135346394","135346686","chr11","122686903","122687200","52","12659491"
"chr2","135358797","135359099","chrX","52447418","52447719","44","82911379"
"chr2","135409259","135409306","chr5","94690104","94690150","5","40719155"
"chr2","135414066","135414352","chr1","116618974","116619261","58","18795092"
"chr2","135420395","135420684","chr17","26598758","26599040","35","108821637"
"chr2","135421435","135421546","chr7","66901877","66901991","22","68519558"
"chr2","135529404","135529691","chr12","106749211","106749501","51","28780193"
"chr2","135575356","135575636","chr3","19993966","19994253","49","115581390"
"chr2","135630870","135631170","chr1","174098167","174098463","57","38467297"
"chr2","135643001","135643287","chr6","57780653","57780942","43","77862348"
"chr2","135645984","135646282","chr17","26814391","26814694","28","108831593"
"chr2","135651351","135651491","chr15","91335202","91335350","32","44316149"
"chr2","135699623","135699916","chrUn_GL286476","31734","32027","58","135667889"
"chr2","135754001","135754199","chr6","119008386","119008575","41","16745615"
"chr2","135764446","135764752","chr2","150624041","150624344","44","14859595"
"chr2","135797076","135797314","chr13","61817680","61817928","46","73979396"
"chr2","135858956","135859236","chr5","88044265","88044549","52","47814691"
"chr2","136101202","136101492","chr17","27299890","27300185","55","108801312"
"chr2","136178763","136179071","chr7","25925292","25925587","52","110253471"
"chr2","136194113","136194403","chr17","27393709","27393999","37","108800404"
"chr2","136202458","136202758","chr5","64266316","64266614","49","71936142"
"chr2","136368878","136369180","chr6","50627578","50627884","56","85741300"
"chr2","136427277","136427584","chr2","146982644","146982948","58","10555367"
"chr2","136462260","136462403","chr14","65866126","65866273","30","70596134"
"chr2","136484580","136484862","chr17","27714276","27714560","30","108770304"
"chr2","136494393","136494698","chr6","140581095","140581398","43","4086702"
"chr2","136499494","136499789","chr2","36988574","36988869","43","99510920"
"chr2","136508225","136508542","chr5","108338844","108339172","61","28169381"
"chr2","136532411","136532579","chr18","36312570","36312735","31","100219841"
"chr2","136614151","136614450","chr3","6433821","6434120","53","130180330"
"chr2","136763512","136763822","chr9","99360376","99360678","51","37403136"
"chr2","136839491","136839829","chr15","37514276","37514606","70","99325215"
"chr2","136858948","136859214","chr13","10247200","10247479","56","126611748"
"chr2","136950989","136951289","chrX","8623810","8624109","46","128327179"
"chr2","136959780","136960064","chr17","28151679","28151965","57","108808101"
"chr2","136991663","136991957","chr17","43745016","43745307","52","93246647"
"chr2","137159141","137159441","chr1","13807754","13808053","44","123351387"
"chr2","137213364","137213651","chrX","40344797","40345081","47","96868567"
"chr2","137297032","137297338","chr6","75230350","75230656","45","62066682"
"chr2","137647753","137648075","chr19","42380479","42380792","72","95267274"
"chr2","137770749","137771046","chr5","121938148","121938435","53","15832601"
"chr2","137826820","137827114","chrX","40344797","40345081","48","97482023"
"chr2","138303365","138303674","chr12","17409470","17409781","51","120893895"
"chr2","138511985","138512294","chr5","73075939","73076252","59","65436046"
"chr2","138573073","138573384","chr9","101210178","101210488","42","37362895"
"chr2","138736806","138737111","chr17","29883098","29883400","48","108853708"
"chr2","138756994","138757283","chr17","29897513","29897813","73","108859481"
"chr2","139185139","139185179","chr1","83939606","83939647","6","55245533"
"chr2","139474991","139475299","chr17","30604487","30604797","36","108870504"
"chr2","139589454","139589749","chr22","35858140","35858429","66","103731314"
"chr2","140169194","140169466","chr17","31233355","31233638","55","108935839"
"chr2","140170433","140170539","chr7","60248636","60248746","20","79921797"
"chr2","140192548","140192853","chr5","97703095","97703397","58","42489453"
"chr2","140427836","140428136","chr12","55345875","55346178","57","85081961"
"chr2","140612750","140613060","chrX","10624721","10625025","60","129988029"
"chr2","140755244","140755363","chr9","12696555","12696670","24","128058689"
"chr2","140921018","140921329","chr11","119398784","119399089","53","21522234"
"chr2","141096355","141096517","chr17","31811209","31811352","41","109285146"
"chr2","141313233","141313515","chrX","40344797","40345081","52","100968436"
"chr2","141461384","141461722","chr3","75943509","75943841","73","65517875"
"chr2","141587448","141587764","chr20","38639419","38639722","51","102948029"
"chr2","141826567","141826882","chr4","34136774","34137087","61","107689793"
"chr2","141889008","141889111","chr6","17357167","17357268","29","124531841"
"chr2","141997633","141997924","chr2","134890220","134890504","48","7107413"
"chr2","142015383","142015667","chr14","10334198","10334483","47","131681185"
"chr2","142041429","142041727","chr7","25918306","25918606","56","116123123"
"chr2","142188832","142189112","chr7","155162191","155162474","44","12973359"
"chr2","142288512","142288821","chr11","45207634","45207922","70","97080878"
"chr2","142717198","142717492","chr9","76118191","76118484","48","66599007"
"chr2","142762109","142762351","chr2","71323976","71324219","42","71438133"
"chr2","142839670","142839964","chr2","134890220","134890504","52","7949450"
"chr2","143180071","143180360","chr4","71933212","71933503","47","71246859"
"chr2","143186225","143186408","chr17","33787259","33787427","29","109398966"
"chr2","143347166","143347454","chr12","5366833","5367114","48","137980333"
"chr2","143360279","143360436","chr16","26510925","26511082","24","116849354"
"chr2","143429638","143429997","chrUn_GL286397","114275","114648","89","143315363"
"chr2","143527402","143527707","chr5","84744482","84744773","62","58782920"
"chr2","143554482","143554788","chr5","4594332","4594638","47","138960150"
"chr2","143608957","143609117","chr20","28605374","28605532","28","115003583"
"chr2","143642903","143643202","chr5","116663888","116664187","47","26979015"
"chr2","143650337","143650567","chr12","28191914","28192156","60","115458423"
"chr2","143676256","143676539","chr9","115857714","115858000","54","27818542"
"chr2","143682552","143682657","chr17","34278908","34279014","21","109403644"
"chr2","143707214","143707521","chr3","188437693","188438006","59","44730479"
"chr2","143711277","143711590","chr5","4987663","4987964","60","138723614"
"chr2","143719441","143719735","chr4","144716679","144716971","54","997238"
"chr2","143755104","143755386","chrX","121377455","121377738","48","22377649"
"chr2","143793519","143793819","chr6","118600755","118601054","42","25192764"
"chr2","143828393","143828712","chr8","52942256","52942571","53","90886137"
"chr2","143904791","143905085","chr2","67197269","67197565","51","76707522"
"chr2","143924390","143924672","chr5","138302816","138303098","46","5621574"
"chr2","143928911","143929209","chr5","116663888","116664187","52","27265023"
"chr2","143937516","143937779","chr11","64246274","64246536","50","79691242"
"chr2","143979969","143980275","chr7","70375823","70376126","55","73604146"
"chr2","144099357","144099654","chr5","116663888","116664187","46","27435469"
"chr2","144104750","144105056","chrUn_GL286217","143262","143564","52","143961488"
"chr2","144114057","144114355","chr5","38842722","38843017","46","105271335"
"chr2","144138282","144138590","chr2","143897376","143897675","62","240906"
"chr2","144148899","144149217","chr2","150624041","150624344","50","6475142"
"chr2","144174151","144174299","chr17","34756789","34756944","31","109417362"
"chr2","144196850","144196955","chr17","34777886","34777994","11","109418964"
"chr2","144198533","144198820","chr17","34779858","34780154","49","109418675"
"chr2","144216376","144216679","chr7","74579378","74579682","43","69636998"
"chr2","144220399","144220698","chr5","116663888","116664187","43","27556511"
"chr2","144229757","144230045","chr7","53679574","53679859","51","90550183"
"chr2","144234767","144235067","chr2","137499546","137499827","63","6735221"
"chr2","144303621","144303792","chr11","23813828","23813991","33","120489793"
"chr2","144336420","144336546","chr8","12050857","12050976","31","132285563"
"chr2","144338563","144338869","chr2","10940056","10940367","49","133398507"
"chr2","144339977","144340288","chr7","70375823","70376126","54","73964154"
"chr2","144418185","144418455","chrX","52241701","52241982","43","92176484"
"chr2","144418696","144419015","chr7","20593863","20594174","50","123824833"
"chr2","144474863","144475154","chr11","97213328","97213619","44","47261535"
"chr2","144517320","144517623","chr4","139259106","139259407","48","5258214"
"chr2","144613514","144613723","chr2","154897537","154897744","37","10284023"
"chr2","144682489","144682760","chr5","70687646","70687916","45","73994843"
"chr2","144707755","144707945","chr9","86509833","86510016","31","58197922"
"chr2","144740929","144741240","chr6","21930692","21931000","49","122810237"
"chr2","144802021","144802313","chr7","54715110","54715403","45","90086911"
"chr2","145021308","145021629","chr13","25171074","25171385","60","119850234"
"chr2","145208725","145209026","chr6","85448275","85448576","50","59760450"
"chr2","145315846","145316150","chr3","117540807","117541109","48","27775039"
"chr2","145333895","145334195","chr17","35873226","35873521","50","109460669"
"chr2","145602486","145602788","chr7","74579378","74579682","44","71023108"
"chr2","145929501","145929788","chr22","16466958","16467245","52","129462543"
"chr2","146419999","146420295","chr8","95275471","95275771","47","51144528"
"chr2","146459313","146459603","chr17","37026780","37027078","36","109432533"
"chr2","146519172","146519474","chr5","55380182","55380490","48","91138990"
"chr2","146540757","146541034","chr13","10247200","10247479","53","136293557"
"chr2","146697826","146697876","chr6","74223857","74223903","7","72473969"
"chr2","147066179","147066483","chr17","37631801","37632107","47","109434378"
"chr2","147132027","147132317","chr22","35858140","35858429","51","111273887"
"chr2","147180475","147180803","chr17","37747937","37748277","53","109432538"
"chr2","147189605","147189902","chr6","75958442","75958734","49","71231163"
"chr2","147193197","147193481","chr17","37762001","37762267","51","109431196"
"chr2","147202635","147202811","chr8","32757890","32758041","42","114444745"
"chr2","147203181","147203267","chr17","37770087","37770173","12","109433094"
"chr2","147212504","147212770","chr8","4347382","4347655","58","142865122"
"chr2","147240798","147240972","chr15","61715136","61715301","30","85525662"
"chr2","147258455","147258545","chr2","130459575","130459659","16","16798880"
"chr2","147282095","147282399","chr4","30648483","30648788","42","116633612"
"chr2","147296165","147296471","chr5","64266316","64266614","55","83029849"
"chr2","147350379","147350572","chr18","27029613","27029807","32","120320766"
"chr2","147350760","147350848","chr2","7103280","7103374","14","140247480"
"chr2","147353559","147353700","chr1","151075825","151075965","17","3722266"
"chr2","147353705","147353998","chr2","203225383","203225677","46","55871678"
"chr2","147359067","147359314","chr13","61817680","61817928","44","85541387"
"chr2","147421201","147421501","chr17","37969356","37969652","35","109451845"
"chr2","147431596","147431876","chr14","81489642","81489927","63","65941954"
"chr2","147656956","147657257","chr12","5225312","5225605","42","142431644"
"chr2","147776236","147776430","chr9","86509833","86510016","37","61266403"
"chr2","147821108","147821402","chr5","64266316","64266614","46","83554792"
"chr2","147856194","147856491","chr12","107125942","107126232","49","40730252"
"chr2","147866546","147866852","chr5","73075939","73076252","46","74790607"
"chr2","147871591","147871846","chr7","47053043","47053292","50","100818548"
"chr2","147884351","147884652","chr7","70375823","70376126","47","77508528"
"chr2","147892688","147892988","chr17","38409399","38409699","44","109483289"
"chr2","147898705","147898992","chr2","137499546","137499827","49","10399159"
"chr2","147957933","147958222","chr17","38479362","38479654","34","109478571"
"chr2","148121120","148121162","chr1","182463440","182463482","4","34342320"
"chr2","148232621","148232886","chr17","38733026","38733281","44","109499595"
"chr2","148346886","148347011","chr9","7140047","7140177","22","141206839"
"chr2","148404295","148404584","chr7","5486855","5487160","59","142917440"
"chr2","148409493","148409594","chr4","146858408","146858506","14","1551085"
"chr2","148462450","148462659","chr17","38948573","38948782","23","109513877"
"chr2","148502913","148503219","chr2","10591091","10591384","64","137911822"
"chr2","149011679","149011971","chr1","175092801","175093094","48","26081122"
"chr2","149043403","149043527","chr17","39601609","39601742","27","109441794"
"chr2","149053153","149053462","chr9","122689798","122690105","47","26363355"
"chr2","149067799","149068089","chr7","30907560","30907847","49","118160239"
"chr2","149101023","149101320","chr17","39656741","39657027","48","109444282"
"chr2","149108199","149108466","chr7","87295072","87295343","56","61813127"
"chr2","149110293","149110605","chr17","39658195","39658499","48","109452098"
"chr2","149111501","149111790","chr5","140191827","140192110","56","8919674"
"chr2","149126018","149126313","chr12","51888773","51889064","35","97237245"
"chr2","149128436","149128745","chr9","101280728","101281039","50","47847708"
"chr2","149171069","149171375","chr7","54534404","54534702","54","94636665"
"chr2","149184235","149184528","chr15","66970594","66970895","46","82213641"
"chr2","149185744","149186047","chr9","83585427","83585728","38","65600317"
"chr2","149211488","149211781","chr19","33016337","33016633","50","116195151"
"chr2","149225093","149225392","chr17","17057724","17058020","47","132167369"
"chr2","149228250","149228532","chr2","121038693","121038983","52","28189557"
"chr2","149260798","149261105","chr6","48814191","48814491","50","100446607"
"chr2","149262193","149262500","chr6","75230350","75230656","60","74031843"
"chr2","149268699","149268905","chr9","18594171","18594384","39","130674528"
"chr2","149278038","149278305","chr17","39833140","39833409","42","109444898"
"chr2","149280390","149280720","chr17","39835674","39835998","45","109444716"
"chr2","149290067","149290356","chr17","39849513","39849804","50","109440554"
"chr2","149328926","149329100","chr3","183689850","183690027","29","34360924"
"chr2","149353146","149353439","chr21","37272816","37273104","54","112080330"
"chr2","149405004","149405278","chrX","121377455","121377738","48","28027549"
"chr2","149413982","149414278","chr17","39983985","39984283","45","109429997"
"chr2","149419973","149420271","chr12","82635978","82636270","56","66783995"
"chr2","149465285","149465578","chr1","10455735","10456039","56","139009550"
"chr2","149470705","149471000","chr7","12925147","12925444","52","136545558"
"chr2","149486989","149487283","chr17","40058781","40059080","50","109428208"
"chr2","149519503","149519779","chr1","41686123","41686409","72","107833380"
"chr2","149522296","149522602","chr5","124645645","124645952","45","24876651"
"chr2","149528404","149528707","chr6","47106069","47106356","53","102422335"
"chr2","149531630","149531917","chr7","59480517","59480814","54","90051113"
"chr2","149535465","149535695","chr4","39510586","39510819","48","110024879"
"chr2","149535730","149536036","chr7","46717689","46717990","55","102818041"
"chr2","149567616","149567919","chr8","29283402","29283703","54","120284214"
"chr2","149579384","149579664","chr21","46444502","46444788","50","103134882"
"chr2","149588604","149588908","chr2","146982644","146982948","50","2605960"
"chr2","149618794","149619092","chr17","40212360","40212662","50","109406434"
"chr2","149652140","149652444","chr5","109061221","109061518","51","40590919"
"chr2","149692093","149692332","chr12","79842025","79842259","44","69850068"
"chr2","149716324","149716620","chr17","40303906","40304208","44","109412418"
"chr2","149770958","149771232","chr10","41485100","41485371","41","108285858"
"chr2","149805572","149805870","chrX","106568761","106569053","59","43236811"
"chr2","149832715","149833035","chr11","83476981","83477292","63","66355734"
"chr2","149855944","149856093","chr7","11102021","11102152","32","138753923"
"chr2","149879390","149879683","chr9","111806239","111806531","50","38073151"
"chr2","149932193","149932490","chr2","203225383","203225677","47","53293190"
"chr2","149999899","150000000","chrX","7179192","7179293","13","142820707"
"chr2","150267903","150267995","chr1","69126761","69126852","12","81141142"
"chr2","150660601","150660907","chr17","41232166","41232461","55","109428435"
"chr2","150698250","150698550","chr8","73898415","73898723","52","76799835"
"chr2","150737136","150737433","chrX","47407382","47407676","47","103329754"
"chr2","150782350","150782560","chr2","11348630","11348851","47","139433720"
"chr2","150810118","150810415","chr9","104034265","104034566","51","46775853"
"chr2","150858227","150858538","chr8","93710494","93710805","51","57147733"
"chr2","151191666","151191956","chr13","89870675","89870958","49","61320991"
"chr2","151291849","151292156","chr7","67355562","67355869","55","83936287"
"chr2","151349229","151349516","chr7","155162191","155162474","44","3812962"
"chr2","151412955","151413254","chr4","152013452","152013750","41","600497"
"chr2","151537397","151537718","chr17","42128289","42128615","44","109409108"
"chr2","151590851","151591145","chr2","39828090","39828388","50","111762761"
"chr2","151694137","151694302","chr9","55246171","55246334","29","96447966"
"chr2","151813160","151813456","chr7","128001461","128001761","59","23811699"
"chr2","151825202","151825512","chr1","66795501","66795806","55","85029701"
"chr2","152194895","152195181","chrX","52241701","52241982","54","99953194"
"chr2","152220190","152220501","chr2","146982644","146982948","46","5237546"
"chr2","152249330","152249618","chr4","107927480","107927756","58","44321850"
"chr2","152256889","152257177","chr17","42861541","42861834","53","109395348"
"chr2","152297140","152297235","chr2","9154740","9154829","14","143142400"
"chr2","152328268","152328577","chr1","10349654","10349962","45","141978614"
"chr2","152337834","152338131","chr1","196315390","196315694","46","43977556"
"chr2","152347905","152348208","chr9","108638571","108638873","45","43709334"
"chr2","152351295","152351585","chrX","51302067","51302358","52","101049228"
"chr2","152370766","152371059","chr1","201346514","201346805","52","48975748"
"chr2","152423716","152423871","chr1","64896864","64897022","32","87526852"
"chr2","152531288","152531602","chr5","91678600","91678912","55","60852688"
"chr2","152621856","152622154","chr17","43228107","43228391","47","109393749"
"chr2","152793086","152793370","chr20","7477077","7477364","51","145316009"
"chr2","153022965","153023192","chr18","35247183","35247417","37","117775782"
"chr2","153035933","153036232","chr4","144716679","144716971","51","8319254"
"chr2","153042374","153042667","chr7","85080523","85080815","59","67961851"
"chr2","153133212","153133529","chr5","78565303","78565608","52","74567909"
"chr2","153145802","153146091","chr4","71933212","71933503","55","81212590"
"chr2","153223946","153224244","chr17","43725347","43725648","51","109498599"
"chr2","153243607","153243893","chr17","43745016","43745307","41","109498591"
"chr2","153278967","153279241","chr17","43792043","43792337","57","109486924"
"chr2","153280525","153280851","chr14","6471804","6472122","66","146808721"
"chr2","153312418","153312480","chr13","65398164","65398224","9","87914254"
"chr2","153312616","153312793","chr7","50710204","50710388","34","102602412"
"chr2","153328734","153329033","chr5","78524732","78525031","58","74804002"
"chr2","153386414","153386652","chr8","7513383","7513624","55","145873031"
"chr2","153589644","153589735","chr5","8926785","8926879","14","144662859"
"chr2","153889147","153889192","chr5","94690104","94690150","5","59199043"
"chr2","153931718","153932032","chr12","37179701","37180010","53","116752017"
"chr2","154157743","154158037","chr4","31195106","31195401","47","122962637"
"chr2","154315583","154315882","chr6","21465698","21465986","58","132849885"
"chr2","154351701","154351990","chr4","71933212","71933503","39","82418489"
"chr2","154417754","154418060","chr9","101210178","101210488","47","53207576"
"chr2","154494864","154495154","chr4","107983039","107983336","56","46511825"
"chr2","154753444","154753736","chr7","44689617","44689912","40","110063827"
"chr2","154776279","154776569","chr17","45286464","45286757","59","109489815"
"chr2","154910588","154910635","chr20","17776029","17776075","4","137134559"
"chr2","154942194","154942505","chr8","114553260","114553568","48","40388934"
"chr2","154951835","154952143","chrX","17705039","17705341","51","137246796"
"chr2","155020307","155020628","chr5","74704371","74704664","69","80315936"
"chr2","155127326","155127420","chr4","110642008","110642097","18","44485318"
"chr2","155142936","155143217","chr20","7477077","7477364","46","147665859"
"chr2","155278019","155278317","chr16","92084445","92084750","45","63193574"
"chr2","155591631","155591930","chr7","58381579","58381882","57","97210052"
"chr2","155620837","155621148","chr5","11337910","11338209","63","144282927"
"chr2","155645855","155646156","chr1","170771447","170771746","44","15125592"
"chr2","155650077","155650363","chr12","56033924","56034224","49","99616153"
"chr2","155655983","155656252","chr2","94796166","94796443","60","60859817"
"chr2","155717140","155717422","chr13","95836072","95836367","56","59881068"
"chr2","155737382","155737675","chr1","77745311","77745604","44","77992071"
"chr2","155739947","155740240","chr1","155425229","155425519","50","314718"
"chr2","155752479","155752784","chr17","46281827","46282136","56","109470652"
"chr2","155756754","155757032","chr17","46286001","46286287","45","109470753"
"chr2","155759629","155759911","chr3","131905784","131906066","52","23853845"
"chr2","155762888","155763049","chr17","46292825","46292981","28","109470063"
"chr2","155781166","155781469","chr15","64739618","64739920","48","91041548"
"chr2","155838030","155838324","chr6","121802757","121803058","51","34035273"
"chr2","155839234","155839536","chr17","46359736","46360030","36","109479498"
"chr2","155865424","155865721","chr1","170771447","170771746","43","14906023"
"chr2","155894691","155894980","chr6","17854050","17854340","55","138040641"
"chr2","155925793","155926099","chr18","23784042","23784347","50","132141751"
"chr2","155931415","155931708","chr13","63990237","63990533","56","91941178"
"chr2","155946053","155946349","chr8","841978","842272","49","155104075"
"chr2","155958646","155958934","chr1","141613381","141613669","46","14345265"
"chr2","155967125","155967403","chr17","46485631","46485909","36","109481494"
"chr2","155991289","155991577","chr17","46514821","46515106","53","109476468"
"chr2","156039480","156039627","chr17","46571435","46571585","18","109468045"
"chr2","156051803","156052128","chr17","46580334","46580642","58","109471469"
"chr2","156068218","156068522","chr12","114854084","114854381","55","41214134"
"chr2","156235154","156235453","chrX","17705039","17705341","47","138530115"
"chr2","156261587","156261843","chr7","47053043","47053292","55","109208544"
"chr2","156267539","156267845","chr10","118578692","118578996","41","37688847"
"chr2","156287275","156287555","chr17","46840580","46840873","52","109446695"
"chr2","156287693","156287988","chr7","85080523","85080815","47","71207170"
"chr2","156320052","156320353","chr1","121265312","121265615","47","35054740"
"chr2","156322007","156322297","chr17","46874225","46874513","36","109447782"
"chr2","156328997","156329297","chr17","46881045","46881349","41","109447952"
"chr2","156340755","156341029","chr10","41485100","41485371","41","114855655"
"chr2","156382973","156383151","chr22","5351047","5351218","34","151031926"
"chr2","156383300","156383410","chr9","30538216","30538332","19","125845084"
"chr2","156430919","156431217","chr15","39981685","39981986","43","116449234"
"chr2","156618398","156618730","chrX","63342900","63343218","65","93275498"
"chr2","156632251","156632559","chr2","71331505","71331809","41","85300746"
"chr2","156684218","156684310","chr1","69126761","69126852","12","87557457"
"chr2","157181065","157181366","chr17","47724758","47725065","45","109456307"
"chr2","157446860","157447041","chr13","97710433","97710611","33","59736427"
"chr2","157492501","157492785","chr12","36903935","36904218","43","120588566"
"chr2","157502691","157503015","chr13","20178005","20178325","51","137324686"
"chr2","157530908","157531214","chrX","39518046","39518347","47","118012862"
"chr2","157601127","157601398","chr17","48143121","48143404","51","109458006"
"chr2","157843714","157844013","chr7","85080523","85080815","49","72763191"
"chr2","157869932","157870197","chr12","11625331","11625597","70","146244601"
"chr2","157932772","157932901","chr17","48482098","48482228","17","109450674"
"chr2","157977168","157977203","chr13","52763244","52763277","4","105213924"
"chr2","158037317","158037540","chr19","44795567","44795779","43","113241750"
"chr2","158094096","158094410","chrUn_GL288815","12574","12885","46","158081522"
"chr2","158094985","158095274","chr4","4949756","4950040","45","153145229"
"chr2","158133927","158134243","chr17","48682516","48682825","45","109451411"
"chr2","158159377","158159428","chr9","58005342","58005393","6","100154035"
"chr2","158167023","158167318","chr9","100268014","100268308","47","57899009"
"chr2","159273861","159273960","chr17","49805938","49806037","12","109467923"
"chr2","159338311","159338526","chr20","44422101","44422312","52","114916210"
"chr2","159962735","159963028","chr17","50413826","50414123","46","109548909"
"chr2","160088147","160088447","chr17","50510340","50510648","53","109577807"
"chr2","160240612","160240925","chr17","50655139","50655443","49","109585473"
"chr2","160259543","160259838","chr12","4010864","4011160","46","156248679"
"chr2","160288199","160288545","chr17","50695420","50695760","66","109592779"
"chr2","160299110","160299409","chr14","915738","916038","40","159383372"
"chr2","160311109","160311399","chr16","46196407","46196701","52","114114702"
"chr2","160312004","160312149","chrX","124363897","124364041","23","35948107"
"chr2","160312376","160312674","chr10","114546431","114546724","51","45765945"
"chr2","160314762","160315005","chr12","2942149","2942376","69","157372613"
"chr2","160315009","160315093","chr5","72615428","72615510","8","87699581"
"chr2","160315889","160316149","chr2","43194973","43195242","47","117120916"
"chr2","160343523","160343826","chr17","50748225","50748521","48","109595298"
"chr2","160343880","160344136","chr10","101777377","101777654","54","58566503"
"chr2","160404740","160405042","chr16","71570137","71570438","48","88834603"
"chr2","160486997","160487143","chr7","78836577","78836725","29","81650420"
"chr2","160538534","160538832","chr17","50933371","50933669","43","109605163"
"chr2","160626517","160626824","chr8","50041404","50041699","60","110585113"
"chr2","160649160","160649287","chr22","16272620","16272749","18","144376540"
"chr2","160672275","160672584","chr14","76157685","76157986","59","84514590"
"chr2","160948285","160948549","chr8","105549929","105550192","51","55398356"
"chr2","160999528","160999832","chr4","44576155","44576457","53","116423373"
"chr2","161169857","161170180","chr11","28125301","28125613","50","133044556"
"chr2","161202889","161203019","chr9","44740587","44740719","13","116462302"
"chr2","161264143","161264440","chr6","75230350","75230656","55","86033793"
"chr2","161386959","161387150","chr9","122995622","122995811","37","38391337"
"chr2","161394814","161395114","chr6","135282715","135283011","56","26112099"
"chr2","161537872","161538176","chrUn_GL286956","1845","2142","46","161536027"
"chr2","161820910","161821221","chr9","37593064","37593361","55","124227846"
"chr2","162092714","162093029","chr16","45674189","45674487","64","116418525"
"chr2","162294419","162294472","chr7","138590282","138590335","9","23704137"
"chr2","162450325","162450375","chr2","59211560","59211613","8","103238765"
"chr2","162611157","162611461","chr5","55380182","55380490","42","107230975"
"chr2","162669465","162669742","chr15","80635997","80636282","68","82033468"
"chr2","162816674","162816950","chrUn_GL286258","22387","22660","48","162794287"
"chr2","162834730","162835015","chr3","105848034","105848319","52","56986696"
"chr2","163326238","163326518","chr4","163363355","163363643","52","37117"
"chr2","163403538","163403831","chr1","185105558","185105857","46","21702020"
"chr2","163430745","163431023","chr22","38654238","38654519","41","124776507"
"chr2","163515082","163515356","chr17","53795277","53795559","49","109719805"
"chr2","163627667","163627934","chr10","129718624","129718892","55","33909043"
"chr2","163840383","163840680","chr13","95853421","95853719","52","67986962"
"chr2","163957621","163957923","chr2","150624041","150624344","42","13333580"
"chr2","164026766","164027074","chr14","83083786","83084089","45","80942980"
"chr2","164174786","164174899","chr16","64684736","64684840","23","99490050"
"chr2","164247116","164247413","chr22","9418419","9418717","49","154828697"
"chr2","164284987","164285182","chr16","74984808","74985001","48","89300179"
"chr2","164290409","164290715","chr21","41025095","41025401","44","123265314"
"chr2","164303910","164304209","chr8","14923296","14923595","54","149380614"
"chr2","164339719","164340018","chr3","3161578","3161876","50","161178141"
"chr2","164341405","164341721","chr12","74730739","74731046","51","89610666"
"chr2","164389394","164389703","chr7","70375823","70376126","44","94013571"
"chr2","164391639","164391924","chr1","210193116","210193409","45","45801477"
"chr2","164393607","164393917","chr9","14396117","14396432","56","149997490"
"chr2","164490392","164490679","chr17","54834120","54834409","35","109656272"
"chr2","164490680","164490817","chr7","122161683","122161817","24","42328997"
"chr2","164840777","164840817","chr6","71840944","71840986","5","92999833"
"chr2","165410659","165410968","chr9","101210178","101210488","56","64200481"
"chr2","165649165","165649458","chr1","86802308","86802603","72","78846857"
"chr2","165804137","165804445","chr11","126545825","126546136","55","39258312"
"chr2","165834121","165834424","chr1","105201325","105201626","48","60632796"
"chr2","165859875","165860178","chrX","39183726","39184034","56","126676149"
"chr2","165972811","165973103","chr2","13733063","13733362","58","152239748"
"chr2","166836262","166836376","chr3","72030386","72030497","21","94805876"
"chr2","167159494","167159789","chrX","122140594","122140885","52","45018900"
"chr2","167583669","167583899","chr3","118812740","118812956","41","48770929"
"chr2","167641249","167641532","chr12","87927699","87927990","50","79713550"
"chr2","167690791","167691078","chr5","61025909","61026199","56","106664882"
"chr2","167728605","167728898","chr8","72960841","72961131","51","94767764"
"chr2","167733661","167733943","chr6","144170408","144170699","73","23563253"
"chr2","167744056","167744381","chr19","31863283","31863592","64","135880773"
"chr2","167797375","167797600","chr2","94141972","94142208","51","73655403"
"chr2","167848519","167848833","chr6","47025183","47025470","77","120823336"
"chr2","167851487","167851598","chr8","74203698","74203811","19","93647789"
"chr2","167853529","167853833","chr5","136059619","136059920","54","31793910"
"chr2","167869640","167869931","chr12","51888773","51889064","52","115980867"
"chr2","167886048","167886327","chr5","119334106","119334386","44","48551942"
"chr2","167901287","167901555","chr5","61618994","61619252","64","106282293"
"chr2","167936949","167937202","chr17","58353636","58353886","37","109583313"
"chr2","167956871","167957171","chr6","139408582","139408883","53","28548289"
"chr2","167994201","167994508","chr9","25525997","25526295","54","142468204"
"chr2","168005353","168005454","chr2","47202637","47202741","18","120802716"
"chr2","168117254","168117542","chr19","38589311","38589602","49","129527943"
"chr2","168213743","168213803","chr5","757032","757091","11","167456711"
"chr2","168636905","168637216","chr11","66635820","66636129","49","102001085"
"chr2","168676810","168677109","chr3","52365996","52366297","48","116310814"
"chr2","168735047","168735302","chr10","125556438","125556683","72","43178609"
"chr2","168902686","168902986","chr7","70375823","70376126","54","98526863"
"chr2","169218933","169219228","chr20","1926461","1926755","59","167292472"
"chr2","169228335","169228645","chrX","63118288","63118597","48","106110047"
"chr2","169306884","169307168","chr7","104825639","104825934","62","64481245"
"chr2","169362445","169362754","chr2","147728720","147729015","55","21633725"
"chr2","169384423","169384727","chr17","59816652","59816963","60","109567771"
"chr2","169461214","169461510","chr5","139889919","139890213","39","29571295"
"chr2","169472849","169473151","chr6","6524327","6524632","48","162948522"
"chr2","169781451","169781746","chr17","60236196","60236504","53","109545255"
"chr2","169889746","169890050","chr15","5169644","5169941","70","164720102"
"chr2","170084659","170084934","chr12","12480733","12481005","55","157603926"
"chr2","170238650","170238904","chr2","56394848","56395102","42","113843802"
"chr2","170256461","170256735","chr17","68904754","68905020","44","101351707"
"chr2","170293063","170293347","chr7","155162191","155162474","46","15130872"
"chr2","170376955","170377244","chr17","60841960","60842246","46","109534995"
"chr2","171109282","171109569","chr17","61516819","61517102","42","109592463"
"chr2","171172097","171172364","chr2","18146900","18147172","61","153025197"
"chr2","171186382","171186673","chr4","20103976","20104277","59","151082406"
"chr2","171507671","171507766","chr17","32764496","32764590","11","138743175"
"chr2","171608190","171608502","chr6","75230350","75230656","47","96377840"
"chr2","171751060","171751334","chr17","62137766","62138029","63","109613294"
"chr2","171764343","171764651","chr2","59445321","59445626","56","112319022"
"chr2","171856773","171857085","chr3","111477906","111478203","54","60378867"
"chr2","171915425","171915729","chr7","70375823","70376126","46","101539602"
"chr2","172022000","172022312","chr11","28125301","28125613","46","143896699"
"chr2","172047646","172047912","chr17","62473859","62474113","42","109573787"
"chr2","172193486","172193742","chr17","62621009","62621267","24","109572477"
"chr2","172225251","172225553","chrUn_GL286435","69026","69328","52","172156225"
"chr2","172293913","172294213","chrX","43950412","43950708","61","128343501"
"chr2","172317555","172317835","chr5","72712443","72712712","54","99605112"
"chr2","172342028","172342344","chr5","73075939","73076252","49","99266089"
"chr2","172347350","172347658","chr17","62782527","62782823","50","109564823"
"chr2","172352189","172352318","chr17","62787046","62787177","20","109565143"
"chr2","172354361","172354670","chr16","91138424","91138735","46","81215937"
"chr2","172373872","172374174","chr12","50473561","50473857","53","121900311"
"chr2","172393884","172394177","chr5","93075725","93076019","45","79318159"
"chr2","172407993","172408259","chr19","38998558","38998831","50","133409435"
"chr2","172414880","172414932","chr4","147159395","147159446","6","25255485"
"chr2","172437542","172437829","chr7","113592129","113592414","57","58845413"
"chr2","172447056","172447336","chr11","74173885","74174163","48","98273171"
"chr2","172448825","172449113","chr17","62889325","62889613","34","109559500"
"chr2","172460857","172461162","chr2","6639751","6640061","49","165821106"
"chr2","172488314","172488412","chr14","87967481","87967582","23","84520833"
"chr2","172489022","172489286","chr9","90451771","90452025","55","82037251"
"chr2","172490805","172490940","chr22","36870757","36870892","16","135620048"
"chr2","172500064","172500294","chr5","126275469","126275707","43","46224595"
"chr2","172513024","172513330","chr10","124801307","124801616","45","47711717"
"chr2","172521823","172522117","chr7","70375823","70376126","52","102146000"
"chr2","172545646","172545956","chr22","12570420","12570727","46","159975226"
"chr2","172550877","172551173","chr5","47331456","47331756","58","125219421"
"chr2","172564163","172564453","chr18","39208581","39208879","56","133355582"
"chr2","172595738","172596040","chr5","139889919","139890213","49","32705819"
"chr2","172676205","172676302","chr2","13209783","13209876","16","159466422"
"chr2","172685945","172686268","chr7","149199381","149199693","54","23486564"
"chr2","172736605","172736910","chr2","13919309","13919605","48","158817296"
"chr2","172738543","172738848","chr2","147728720","147729015","50","25009823"
"chr2","172821757","172822041","chr5","50288601","50288889","48","122533156"
"chr2","172824861","172825103","chr17","22997653","22997885","49","149827208"
"chr2","172826545","172826820","chr4","143191279","143191553","53","29635266"
"chr2","172846622","172846729","chr22","15230667","15230772","16","157615955"
"chr2","172945979","172946151","chr1","183035987","183036153","26","10090008"
"chr2","172978557","172978857","chr1","69367000","69367307","56","103611557"
"chr2","173059196","173059489","chr1","103493366","103493665","50","69565830"
"chr2","173060456","173060745","chr17","63455842","63456128","48","109604614"
"chr2","173076302","173076417","chr9","108671454","108671572","19","64404848"
"chr2","173101084","173101379","chr2","94014925","94015217","51","79086159"
"chr2","173106222","173106465","chr17","63508214","63508443","51","109598008"
"chr2","173136214","173136341","chr6","70520346","70520470","20","102615868"
"chr2","173160546","173160849","chr1","137317810","137318115","42","35842736"
"chr2","173243404","173243655","chr18","19802706","19802951","43","153440698"
"chr2","173254761","173255052","chr2","203225383","203225677","44","29970622"
"chr2","173306781","173307074","chr2","147728720","147729015","43","25578061"
"chr2","173377278","173377491","chr11","127485095","127485317","43","45892183"
"chr2","173382008","173382304","chr1","77745311","77745604","44","95636697"
"chr2","173407238","173407525","chr17","63794420","63794686","45","109612818"
"chr2","173421500","173421799","chr10","10473186","10473493","49","162948314"
"chr2","173422762","173423066","chrX","17705039","17705341","39","155717723"
"chr2","173457271","173457446","chr17","63832787","63832953","30","109624484"
"chr2","173554612","173554947","chr6","8145428","8145771","68","165409184"
"chr2","173584847","173585121","chr13","16023453","16023732","46","157561394"
"chr2","173623008","173623290","chr1","186610138","186610422","47","12987130"
"chr2","173675577","173675889","chr3","48450700","48451011","57","125224877"
"chr2","173680767","173681070","chr2","161510671","161510977","53","12170096"
"chr2","173683180","173683454","chr5","57595002","57595278","53","116088178"
"chr2","173720625","173720933","chr13","97504784","97505088","45","76215841"
"chr2","173745863","173746147","chr1","77745311","77745604","54","96000552"
"chr2","173759184","173759328","chr2","2293595","2293747","34","171465589"
"chr2","173802815","173803125","chr17","64171780","64172082","47","109631035"
"chr2","173857434","173857717","chr17","64230790","64231064","41","109626644"
"chr2","173888138","173888446","chr8","60468380","60468691","43","113419758"
"chr2","173902163","173902474","chr2","150624041","150624344","55","23278122"
"chr2","173931349","173931637","chr17","64310736","64311033","41","109620613"
"chr2","173989307","173989614","chr5","73075939","73076252","48","100913368"
"chr2","173998601","173998914","chrX","122463244","122463548","66","51535357"
"chr2","174025617","174025913","chr2","203225383","203225677","36","29199766"
"chr2","174046955","174047253","chr6","118600755","118601054","49","55446200"
"chr2","174423379","174423677","chr5","139889919","139890213","48","34533460"
"chr2","174853127","174853420","chr3","125727711","125728005","51","49125416"
"chr2","174854036","174854310","chr3","164929173","164929450","44","9924863"
"chr2","175027755","175028050","chr13","63475135","63475429","64","111552620"
"chr2","175054231","175054519","chr17","45299208","45299493","45","129755023"
"chr2","175275688","175275977","chr1","135371826","135372122","55","39903862"
"chr2","175314928","175315049","chr22","28568641","28568765","26","146746287"
"chr2","175501411","175501713","chr6","135282715","135283011","64","40218696"
"chr2","175501873","175502173","chr4","54370195","54370493","55","121131678"
"chr2","175515080","175515377","chr17","65873784","65874083","41","109641296"
"chr2","176021423","176021724","chr3","117540807","117541109","51","58480616"
"chr2","176827134","176827424","chrX","92800328","92800623","48","84026806"
"chr2","176851888","176852055","chr17","33787259","33787427","34","143064629"
"chr2","176853631","176853698","chr7","42625821","42625887","7","134227810"
"chr2","176861278","176861577","chr5","5042410","5042707","54","171818868"
"chr2","176881250","176881415","chr2","55544708","55544857","41","121336542"
"chr2","176901643","176901918","chr9","11437101","11437364","67","165464542"
"chr2","176905202","176905503","chr5","96737154","96737452","54","80168048"
"chr2","176944115","176944398","chr11","374305","374598","60","176569810"
"chr2","176953886","176954077","chr5","84137563","84137750","38","92816323"
"chr2","176977074","176977118","chr2","11839702","11839744","6","165137372"
"chr2","176984760","176985052","chr8","71462525","71462819","46","105522235"
"chr2","177152810","177152878","chr4","10765678","10765740","8","166387132"
"chr2","177163897","177164016","chr12","90962165","90962284","28","86201732"
"chr2","177194543","177194851","chr9","122689798","122690105","54","54504745"
"chr2","177322342","177322653","chr11","28125301","28125613","44","149197041"
"chr2","177397337","177397604","chr15","8926967","8927248","59","168470370"
"chr2","177913217","177913495","chr10","94782425","94782705","55","83130792"
"chr2","177960154","177960417","chr8","6469512","6469784","52","171490642"
"chr2","178001289","178001582","chr15","9561256","9561553","49","168440033"
"chr2","178159293","178159591","chr15","9737426","9737729","44","168421867"
"chr2","178173404","178173695","chr12","108797245","108797536","50","69376159"
"chr2","178331878","178332068","chr9","66449495","66449673","37","111882383"
"chr2","178348401","178348710","chr1","153331205","153331512","50","25017196"
"chr2","178873748","178874036","chrX","51259545","51259842","56","127614203"
"chr2","178927581","178927886","chr8","29283402","29283703","49","149644179"
"chr2","179118845","179119135","chr15","10710057","10710360","48","168408788"
"chr2","179239813","179240123","chr16","92084445","92084750","47","87155368"
"chr2","179586918","179587225","chr15","11197575","11197879","52","168389343"
"chr2","179606999","179607285","chr2","203225383","203225677","56","23618384"
"chr2","179653458","179653747","chr15","11259018","11259301","41","168394440"
"chr2","179703607","179703914","chr10","20863520","20863828","44","158840087"
"chr2","179784314","179784599","chr15","11387531","11387813","38","168396783"
"chr2","179826355","179826664","chr15","11423471","11423776","46","168402884"
"chr2","179966740","179967021","chr6","45321525","45321811","47","134645215"
"chr2","180225616","180225921","chr7","18384707","18385006","56","161840909"
"chr2","180274579","180274804","chr17","67601932","67602145","68","112672647"
"chr2","180305413","180305554","chr15","27660893","27661035","21","152644520"
"chr2","180547080","180547251","chr15","12155006","12155175","24","168392074"
"chr2","180725117","180725413","chr2","8630069","8630362","47","172095048"
"chr2","180769597","180769860","chr10","82114123","82114387","54","98655474"
"chr2","180963348","180963681","chr2","37419304","37419621","65","143544044"
"chr2","180970695","180970991","chr7","66759838","66760136","54","114210857"
"chr2","181171100","181171173","chr9","44507265","44507335","13","136663835"
"chr2","181208259","181208547","chr4","71933212","71933503","50","109275047"
"chr2","181299509","181299616","chr5","43996246","43996352","22","137303263"
"chr2","181333205","181333440","chr7","15091839","15092070","39","166241366"
"chr2","181785420","181785553","chr9","111253682","111253815","24","70531738"
"chr2","181961408","181961456","chr2","104486462","104486511","7","77474946"
"chr2","182117447","182117760","chr15","13790274","13790583","47","168327173"
"chr2","182152869","182153183","chr5","114223635","114223941","55","67929234"
"chr2","182201170","182201332","chr7","55736330","55736489","27","126464840"
"chr2","182205315","182205613","chrX","96003113","96003412","57","86202202"
"chr2","182247957","182248239","chr15","13924292","13924575","53","168323665"
"chr2","182419765","182420063","chr15","14096502","14096797","39","168323263"
"chr2","182596374","182596670","chr1","170771447","170771746","44","11824927"
"chr2","182662412","182662749","chr12","19067114","19067445","70","163595298"
"chr2","182871849","182872125","chr1","168926697","168926979","46","13945152"
"chr2","182879755","182880062","chr15","14577798","14578093","53","168301957"
"chr2","182994124","182994442","chr7","35515798","35516110","67","147478326"
"chr2","183048170","183048490","chr15","14741398","14741707","48","168306772"
"chr2","183424014","183424307","chr15","15102734","15103029","53","168321280"
"chr2","183941477","183941644","chr7","60932897","60933063","31","123008580"
"chr2","184021546","184021812","chr16","22683964","22684232","57","161337582"
"chr2","184078562","184078874","chrX","64172412","64172721","49","119906150"
"chr2","184108074","184108185","chr2","36314248","36314355","17","147793826"
"chr2","184141923","184142218","chr6","57780653","57780942","48","126361270"
"chr2","184206888","184207182","chr1","187320948","187321238","56","3114060"
"chr2","184211708","184211996","chr15","15929425","15929723","45","168282283"
"chr2","184242064","184242371","chr9","101210178","101210488","45","83031886"
"chr2","184345875","184346172","chr3","107213898","107214190","53","77131977"
"chr2","184352983","184353286","chrUn_GL286373","870619","870922","48","183482364"
"chr2","184370609","184370899","chr15","16098699","16098988","37","168271910"
"chr2","184392398","184392643","chr13","49797727","49797974","47","134594671"
"chr2","184405159","184405389","chr5","11371770","11371993","45","173033389"
"chr2","184407782","184407909","chr7","122161683","122161817","22","62246099"
"chr2","184407910","184408211","chr15","24029162","24029466","54","160378748"
"chr2","184484528","184484812","chr10","9554410","9554697","55","174930118"
"chr2","184524134","184524357","chr7","83012804","83013011","47","101511330"
"chr2","184525709","184526016","chr1","141613381","141613669","61","42912328"
"chr2","184565512","184565836","chr15","16326364","16326692","43","168239148"
"chr2","184602050","184602357","chr5","43073647","43073957","53","141528403"
"chr2","184901344","184901678","chr3","136899810","136900119","76","48001534"
"chr2","184996630","184996926","chr10","69340674","69340975","40","115655956"
"chr2","185010934","185011214","chr5","83053886","83054179","54","101957048"
"chr2","185240553","185240838","chr3","111446138","111446410","54","73794415"
"chr2","185243291","185243597","chr10","100369031","100369323","58","84874260"
"chr2","185251167","185251469","chr7","78135655","78135948","53","107115512"
"chr2","185271956","185272240","chr9","115857714","115858000","55","69414242"
"chr2","185290827","185291116","chr18","32810629","32810921","51","152480198"
"chr2","185292897","185293143","chr1","141513493","141513763","66","43779404"
"chr2","185298847","185299150","chr4","139259106","139259407","45","46039741"
"chr2","185306679","185306989","chr15","17104308","17104610","46","168202371"
"chr2","185314265","185314546","chr1","148546519","148546798","53","36767746"
"chr2","185363339","185363631","chr7","70852721","70853021","62","114510618"
"chr2","185419462","185419752","chr7","82462578","82462853","55","102956884"
"chr2","185429241","185429533","chr8","113045326","113045615","45","72383915"
"chr2","185431885","185432186","chr15","17233810","17234110","37","168198075"
"chr2","185531068","185531324","chr11","65715642","65715907","52","119815426"
"chr2","185591448","185591759","chrX","64172412","64172721","52","121419036"
"chr2","185654169","185654273","chr12","113904276","113904386","22","71749893"
"chr2","185715404","185715699","chr11","22994754","22995044","47","162720650"
"chr2","185882549","185882652","chr2","112082686","112082786","25","73799863"
"chr2","185960527","185960822","chr5","94412402","94412691","63","91548125"
"chr2","185998649","185998946","chr12","54462293","54462590","54","131536356"
"chr2","186006625","186006908","chrUn_GL286266","74928","75215","47","185931697"
"chr2","186040875","186041161","chr12","36903935","36904218","45","149136940"
"chr2","186052237","186052505","chr15","28476630","28476895","61","157575607"
"chr2","186072469","186072755","chr1","78860175","78860471","47","107212294"
"chr2","186105213","186105483","chr13","9982043","9982324","45","176123170"
"chr2","186225507","186225810","chr1","206060001","206060297","46","19834494"
"chr2","186241606","186241901","chr5","35103940","35104236","45","151137666"
"chr2","186296394","186296664","chr5","68540557","68540826","53","117755837"
"chr2","186324958","186325266","chr9","78447237","78447554","63","107877721"
"chr2","186329702","186329831","chr7","127304012","127304136","30","59025690"
"chr2","186331614","186331914","chr1","185105558","185105857","57","1226056"
"chr2","186352920","186353169","chr15","18174766","18175020","40","168178154"
"chr2","186366001","186366318","chr3","71082107","71082409","76","115283894"
"chr2","186372887","186373022","chr6","134728957","134729091","20","51643930"
"chr2","186390003","186390198","chr5","6241338","6241534","37","180148665"
"chr2","186401725","186402022","chr7","67907454","67907751","51","118494271"
"chr2","186569685","186569842","chr18","36312570","36312735","34","150257115"
"chr2","186570948","186571223","chr12","26130148","26130438","49","160440800"
"chr2","186591623","186591725","chr1","76973499","76973598","17","109618124"
"chr2","186620476","186620759","chr13","64340757","64341027","58","122279719"
"chr2","186634870","186634988","chr15","76799696","76799813","15","109835174"
"chr2","186661471","186661778","chr9","101210178","101210488","60","85451293"
"chr2","186667286","186667577","chr12","51888773","51889064","46","134778513"
"chr2","186672264","186672545","chr1","168510460","168510747","53","18161804"
"chr2","186678235","186678271","chr2","34931064","34931102","3","151747171"
"chr2","186713217","186713350","chr3","86420730","86420862","23","100292487"
"chr2","186731171","186731233","chr6","157954116","157954178","15","28777055"
"chr2","186754865","186755144","chr17","73317930","73318202","62","113436935"
"chr2","186756243","186756545","chr12","88217479","88217771","55","98538764"
"chr2","186757448","186757726","chr17","73320384","73320670","39","113437064"
"chr2","186782639","186782926","chr17","73338493","73338793","52","113444146"
"chr2","186787074","186787361","chr17","73338493","73338793","55","113448581"
"chr2","186849778","186850085","chr17","69045271","69045580","58","117804507"
"chr2","186863722","186863894","chr17","73404882","73405049","27","113458840"
"chr2","186871434","186871733","chr2","64076460","64076764","52","122794974"
"chr2","186882630","186882921","chr3","117631973","117632263","50","69250657"
"chr2","186898545","186898850","chr6","121802757","121803058","44","65095788"
"chr2","186900166","186900290","chr2","62072589","62072713","17","124827577"
"chr2","186904920","186905085","chr22","6660273","6660438","34","180244647"
"chr2","186910543","186910845","chr9","105072042","105072344","45","81838501"
"chr2","186916520","186916806","chr1","41686123","41686409","47","145230397"
"chr2","186933663","186933942","chr11","65715642","65715907","58","121218021"
"chr2","186955493","186955794","chrUn_GL286217","143262","143564","42","186812231"
"chr2","186975866","186976167","chr7","79082583","79082878","59","107893283"
"chr2","186985896","186986209","chr17","73534032","73534342","50","113451864"
"chr2","187018454","187018749","chr2","134890220","134890504","57","52128234"
"chr2","187022346","187022626","chr5","32225193","32225469","47","154797153"
"chr2","187038147","187038189","chr2","11934690","11934730","5","175103457"
"chr2","187067861","187068156","chr2","17996148","17996446","53","169071713"
"chr2","187122444","187122747","chr1","151045981","151046277","74","36076463"
"chr2","187166654","187166954","chr2","203225383","203225677","46","16058729"
"chr2","187238743","187239046","chr7","88697458","88697764","53","98541285"
"chr2","187272906","187273234","chr2","11077390","11077699","78","176195516"
"chr2","187310080","187310348","chr17","73812532","73812800","40","113497548"
"chr2","187345600","187345903","chr10","22665922","22666223","49","164679678"
"chr3","44040044","44040348","chr2","71331505","71331809","48","27291461"
"chr3","116391834","116392125","chr12","23492072","23492377","69","92899762"
"chr3","105643849","105644147","chr9","107340576","107340874","49","1696727"
"chr3","156106684","156106970","chr2","29627554","29627846","37","126479130"
"chr3","61901","62192","chr19","35779479","35779770","41","35717578"
"chr3","150991","151284","chr7","80671846","80672145","60","80520855"
"chr3","159556","159848","chr16","450359","450656","50","290803"
"chr3","167675","167975","chr3","53453429","53453730","52","53285754"
"chr3","257497","257773","chr5","33279253","33279520","55","33021756"
"chr3","282866","283129","chr3","47771709","47771981","57","47488843"
"chr3","311493","311798","chr16","94207783","94208090","48","93896290"
"chr3","345801","345859","chr5","1387878","1387936","7","1042077"
"chr3","435827","435913","chrUn_GL288334","7432","7519","18","428395"
"chr3","436579","436793","chr10","95045365","95045579","34","94608786"
"chr3","460213","460516","chr14","83083786","83084089","46","82623573"
"chr3","505049","505269","chr1","199541886","199542107","47","199036837"
"chr3","513977","514277","chr21","50034363","50034661","49","49520386"
"chr3","525523","525863","chr5","108338844","108339172","73","107813321"
"chr3","611407","611709","chr1","92541295","92541594","40","91929888"
"chr3","740922","741215","chr21","49806208","49806506","47","49065286"
"chr3","1062501","1062793","chr21","49474757","49475057","49","48412256"
"chr3","1123963","1124168","chrX","22047860","22048063","42","20923897"
"chr3","1341829","1342114","chr14","44989170","44989451","48","43647341"
"chr3","1478373","1478457","chr5","4081439","4081525","20","2603066"
"chr3","1580831","1581118","chr6","144170408","144170699","51","142589577"
"chr3","1965335","1965381","chr3","10610623","10610669","3","8645288"
"chr3","2140846","2140978","chr5","10559689","10559821","16","8418843"
"chr3","2141132","2141294","chrX","43526242","43526403","37","41385110"
"chr3","2484551","2484857","chr5","96179767","96180077","50","93695216"
"chr3","2495312","2495404","chr2","132322447","132322539","18","129827135"
"chr3","2507845","2508143","chr7","29042352","29042646","44","26534507"
"chr3","2520530","2520841","chr5","73075939","73076252","47","70555409"
"chr3","2550915","2551212","chr9","34783715","34784011","50","32232800"
"chr3","2593191","2593482","chr5","84606113","84606408","63","82012922"
"chr3","2628503","2628791","chr21","47899759","47900050","37","45271256"
"chr3","2646639","2646923","chr2","73835190","73835475","41","71188551"
"chr3","2649657","2649950","chr2","2218970","2219260","45","430687"
"chr3","2661014","2661305","chr7","22422256","22422540","56","19761242"
"chr3","2675480","2675783","chr8","114553260","114553568","51","111877780"
"chr3","2712067","2712171","chr1","121484515","121484621","15","118772448"
"chr3","2753620","2753916","chr3","117540807","117541109","52","114787187"
"chr3","2785582","2785670","chr2","6127324","6127412","25","3341742"
"chr3","2826325","2826474","chr5","123466989","123467139","25","120640664"
"chr3","2859827","2859886","chr5","757032","757091","7","2102795"
"chr3","2865530","2865861","chr10","22299912","22300229","72","19434382"
"chr3","2913320","2913545","chr11","127485095","127485317","30","124571775"
"chr3","3000002","3000293","chr7","70375823","70376126","50","67375821"
"chr3","3006890","3007019","chr3","72030386","72030497","26","69023496"
"chr3","3024891","3025181","chr3","19993966","19994253","44","16969075"
"chr3","3027656","3027949","chr2","63180548","63180847","57","60152892"
"chr3","3077099","3077306","chrX","39824590","39824798","40","36747491"
"chr3","3098004","3098292","chrX","46464393","46464684","48","43366389"
"chr3","3142372","3142544","chr20","1976364","1976531","26","1166008"
"chr3","3203049","3203354","chr1","199360645","199360948","51","196157596"
"chr3","3421507","3421817","chr11","116346925","116347227","56","112925418"
"chr3","3532799","3533085","chr7","58917227","58917519","51","55384428"
"chr3","3573707","3574004","chr5","139889919","139890213","47","136316212"
"chr3","3585946","3586233","chr7","79794746","79795031","51","76208800"
"chr3","3633309","3633576","chr2","43194973","43195242","47","39561664"
"chr3","3649667","3649968","chr3","189794013","189794310","47","186144346"
"chr3","3667227","3667387","chr6","118022892","118023052","33","114355665"
"chr3","3724424","3724726","chr2","71331505","71331809","59","67607081"
"chr3","3736335","3736492","chr1","203353499","203353654","41","199617164"
"chr3","3764067","3764351","chrX","56729648","56729941","62","52965581"
"chr3","3808526","3808818","chr20","26369514","26369801","63","22560988"
"chr3","3907838","3908153","chr1","101902284","101902595","51","97994446"
"chr3","3996585","3996896","chr2","150624041","150624344","50","146627456"
"chr3","4102536","4102831","chr21","46444502","46444788","28","42341966"
"chr3","4283440","4283741","chr21","46243496","46243800","36","41960056"
"chr3","4291668","4291969","chr7","25925292","25925587","53","21633624"
"chr3","4303981","4304271","chr19","22056417","22056707","50","17752436"
"chr3","4411647","4411954","chr2","146982644","146982948","56","142570997"
"chr3","4453837","4453895","chr2","97655048","97655103","8","93201211"
"chr3","4660428","4660605","chr3","189072814","189072983","34","184412386"
"chr3","4673822","4674105","chr1","187320948","187321238","55","182647126"
"chr3","4714930","4715014","chr5","114074215","114074296","11","109359285"
"chr3","4771767","4772048","chr5","23713764","23714043","46","18941997"
"chr3","4860001","4860302","chr21","45687555","45687862","47","40827554"
"chr3","4909193","4909501","chr19","17448176","17448478","44","12538983"
"chr3","4965377","4965668","chr5","41846454","41846751","50","36881077"
"chr3","4990969","4991181","chr13","41003650","41003851","42","36012681"
"chr3","5064141","5064271","chr9","44740587","44740719","14","39676446"
"chr3","5131918","5132210","chr7","29042352","29042646","51","23910434"
"chr3","5136284","5136531","chr21","45411951","45412225","52","40275667"
"chr3","5143518","5143748","chr22","35745701","35745925","36","30602183"
"chr3","5159987","5160290","chr5","47331456","47331756","51","42171469"
"chr3","5192747","5192869","chr4","44089309","44089433","28","38896562"
"chr3","5343041","5343354","chr2","140711844","140712153","58","135368803"
"chr3","5383995","5384291","chr21","45114618","45114914","43","39730623"
"chr3","5468516","5468802","chr5","52276617","52276902","46","46808101"
"chr3","5469969","5470031","chr2","10712322","10712384","8","5242353"
"chr3","5472300","5472599","chr4","54370195","54370493","47","48897895"
"chr3","5589635","5589931","chr21","44911208","44911513","50","39321573"
"chr3","5814472","5814776","chr2","150624041","150624344","48","144809569"
"chr3","6143632","6143948","chr2","6639751","6640061","58","496119"
"chr3","6265445","6265703","chr21","44244206","44244463","39","37978761"
"chr3","6427478","6427760","chr22","38654238","38654519","40","32226760"
"chr3","6455308","6455602","chr20","29226310","29226607","48","22771002"
"chr3","6768361","6768637","chr19","36901388","36901678","52","30133027"
"chr3","6910935","6911105","chr7","51170784","51170961","32","44259849"
"chr3","6917581","6917768","chr1","137316066","137316261","42","130398485"
"chr3","6961163","6961468","chr21","43545604","43545893","41","36584441"
"chr3","6968086","6968377","chr21","43538527","43538821","42","36570441"
"chr3","7111769","7112071","chr18","5071565","5071862","53","2040204"
"chr3","7141331","7141623","chr19","33857908","33858196","44","26716577"
"chr3","7142184","7142493","chr21","43363212","43363523","44","36221028"
"chr3","7159128","7159437","chr2","67197269","67197565","50","60038141"
"chr3","7184291","7184565","chr12","50852343","50852625","51","43668052"
"chr3","7199463","7199588","chr11","119816412","119816540","23","112616949"
"chr3","7243461","7243753","chr21","43276820","43277109","56","36033359"
"chr3","7244048","7244233","chr1","86201002","86201166","45","78956954"
"chr3","7244816","7244892","chr4","106576781","106576856","14","99331965"
"chr3","7253477","7253692","chrX","46537116","46537321","45","39283639"
"chr3","7258382","7258538","chr12","7688448","7688600","36","430066"
"chr3","7307959","7308001","chr1","192199612","192199657","6","184891653"
"chr3","7361875","7362132","chr8","75702581","75702841","68","68340706"
"chr3","7362595","7362887","chr1","10504024","10504317","43","3141429"
"chr3","7528764","7529037","chr7","38119098","38119367","43","30590334"
"chr3","7746838","7747053","chrX","51311515","51311731","38","43564677"
"chr3","7779918","7780221","chr6","149746694","149746991","48","141966776"
"chr3","7809200","7809487","chr6","116833090","116833381","51","109023890"
"chr3","7919147","7919453","chr15","33019547","33019857","49","25100400"
"chr3","8208387","8208689","chr7","70375823","70376126","44","62167436"
"chr3","8291898","8292037","chr15","27660893","27661035","19","19368995"
"chr3","8409235","8409407","chr3","183689850","183690027","30","175280615"
"chr3","8654831","8655106","chr5","2229054","2229316","46","6425777"
"chr3","8942058","8942353","chr2","36478057","36478360","42","27535999"
"chr3","8959946","8960255","chr9","99956407","99956710","45","90996461"
"chr3","9045502","9045805","chr19","35779479","35779770","46","26733977"
"chr3","9118797","9118952","chr1","86735977","86736142","40","77617180"
"chr3","9169338","9169632","chr10","100757276","100757573","50","91587938"
"chr3","9261213","9261509","chr21","41287096","41287394","42","32025883"
"chr3","9299351","9299645","chr5","80444488","80444781","40","71145137"
"chr3","9342357","9342660","chr10","48321055","48321354","50","38978698"
"chr3","9397085","9397377","chr21","41148196","41148492","47","31751111"
"chr3","9434501","9434801","chr21","41111036","41111336","37","31676535"
"chr3","9548579","9548882","chr9","99956407","99956710","51","90407828"
"chr3","9563369","9563423","chr7","31775082","31775137","5","22211713"
"chr3","9587165","9587474","chr2","39815620","39815927","42","30228455"
"chr3","9616529","9616819","chr21","40917260","40917548","41","31300731"
"chr3","9709797","9709990","chr2","154820982","154821178","39","145111185"
"chr3","9772619","9772914","chr12","17714293","17714588","49","7941674"
"chr3","9776779","9777070","chr12","106749211","106749501","48","96972432"
"chr3","9822307","9822578","chr9","29404424","29404694","58","19582117"
"chr3","9874602","9874916","chr6","118600755","118601054","65","108726153"
"chr3","10018424","10018725","chrX","52447418","52447719","46","42428994"
"chr3","10090577","10090776","chr7","150060923","150061132","44","139970346"
"chr3","10104092","10104193","chr14","76205201","76205309","26","66101109"
"chr3","10133592","10133896","chr13","19830187","19830487","49","9696595"
"chr3","10134220","10134512","chr2","17996148","17996446","46","7861928"
"chr3","10143903","10144145","chr5","25053411","25053658","88","14909508"
"chr3","10145443","10145743","chr4","98746325","98746622","48","88600882"
"chr3","10160513","10160807","chr1","170771447","170771746","43","160610934"
"chr3","10161218","10161391","chr15","41892555","41892730","31","31731337"
"chr3","10181019","10181314","chr5","139889919","139890213","52","129708900"
"chr3","10198085","10198388","chr13","95834073","95834382","55","85635988"
"chr3","10211646","10211937","chr19","43659630","43659919","46","33447984"
"chr3","10240501","10240602","chr13","71781215","71781315","19","61540714"
"chr3","10268517","10268792","chr11","74173885","74174163","44","63905368"
"chr3","10277240","10277537","chr12","16514453","16514746","50","6237213"
"chr3","10277763","10278019","chr5","25053411","25053658","47","14775648"
"chr3","10278858","10279001","chr2","146936311","146936444","34","136657453"
"chr3","10283330","10283470","chr12","31049982","31050122","25","20766652"
"chr3","10331161","10331464","chr14","77613723","77614028","44","67282562"
"chr3","10351555","10351857","chr12","17470462","17470756","44","7118907"
"chr3","10392550","10392855","chrX","63118288","63118597","41","52725738"
"chr3","10417054","10417356","chr7","128001461","128001761","51","117584407"
"chr3","10432184","10432454","chr21","40121398","40121697","60","29689214"
"chr3","10435520","10435661","chr5","150896525","150896650","33","140461005"
"chr3","10438832","10439117","chr3","118139040","118139328","47","107700208"
"chr3","10473869","10474172","chr21","40081494","40081798","52","29607625"
"chr3","10477919","10478250","chr16","63884096","63884405","68","53406177"
"chr3","10493117","10493425","chr5","43258967","43259274","60","32765850"
"chr3","10673104","10673373","chr15","32901864","32902144","60","22228760"
"chr3","10865173","10865467","chr21","39724924","39725212","41","28859751"
"chr3","11105718","11106023","chrX","45924991","45925287","50","34819273"
"chr3","11277422","11277716","chr2","147728720","147729015","47","136451298"
"chr3","11362600","11362720","chr21","39198092","39198214","17","27835492"
"chr3","11467252","11467542","chr1","205956465","205956752","53","194489213"
"chr3","11837407","11837679","chr3","139702714","139702985","52","127865307"
"chr3","11873163","11873465","chr6","22252135","22252435","55","10378972"
"chr3","12080694","12081023","chr1","202209859","202210175","72","190129165"
"chr3","12147923","12148220","chr2","203225383","203225677","47","191077460"
"chr3","12301319","12301462","chr8","117844476","117844611","30","105543157"
"chr3","12324019","12324303","chr19","38589311","38589602","58","26265292"
"chr3","12380362","12380652","chr7","44689617","44689912","49","32309255"
"chr3","12429027","12429294","chr7","56980583","56980848","49","44551556"
"chr3","12446833","12447128","chrX","39454622","39454913","41","27007789"
"chr3","12479761","12480058","chr7","25925292","25925587","54","13445531"
"chr3","12488741","12488795","chr8","93995466","93995521","5","81506725"
"chr3","12568047","12568171","chr4","105092054","105092179","22","92524007"
"chr3","12593315","12593612","chr17","56198600","56198897","55","43605285"
"chr3","12601319","12601410","chr6","67423569","67423660","17","54822250"
"chr3","12604388","12604684","chr12","4068156","4068451","43","8536232"
"chr3","12649498","12649772","chr4","110738900","110739171","47","98089402"
"chr3","12673742","12674042","chr5","153535285","153535587","43","140861543"
"chr3","12710590","12710768","chr10","126091805","126091971","28","113381215"
"chr3","12748795","12748838","chr6","151330763","151330807","2","138581968"
"chr3","12778419","12778728","chr2","147728720","147729015","53","134950301"
"chr3","12817975","12818128","chrX","39844112","39844261","29","27026137"
"chr3","12838944","12839252","chr20","11116785","11117096","48","1722159"
"chr3","12842270","12842580","chr16","5681054","5681364","48","7161216"
"chr3","12862057","12862190","chr2","137914276","137914406","28","125052219"
"chr3","12863004","12863309","chrX","14757652","14757955","50","1894648"
"chr3","12905993","12906285","chr1","174457739","174458029","47","161551746"
"chr3","12909153","12909448","chr22","6924836","6925127","51","5984317"
"chr3","12922200","12922499","chr8","105687092","105687385","46","92764892"
"chr3","12928675","12928961","chr1","186610138","186610422","36","173681463"
"chr3","12938176","12938354","chr13","26446506","26446675","40","13508330"
"chr3","13024300","13024591","chr6","153544978","153545270","54","140520678"
"chr3","13041542","13041642","chr14","60979762","60979861","22","47938220"
"chr3","13042899","13043192","chr7","70375823","70376126","54","57332924"
"chr3","13062317","13062615","chr6","17854050","17854340","52","4791733"
"chr3","13071108","13071392","chr6","18061204","18061486","56","4990096"
"chr3","13083426","13083732","chr2","71331505","71331809","42","58248079"
"chr3","13088268","13088563","chr3","106011472","106011765","57","92923204"
"chr3","13093401","13093570","chr5","71742798","71742968","31","58649397"
"chr3","13101905","13102035","chr1","146119499","146119636","28","133017594"
"chr3","13102775","13103057","chr21","37411923","37412211","48","24309148"
"chr3","13107395","13107692","chr4","139259106","139259407","45","126151711"
"chr3","13122856","13123159","chr6","70367906","70368206","48","57245050"
"chr3","13136500","13136798","chr5","38468300","38468593","50","25331800"
"chr3","13142429","13142730","chr21","37369396","37369695","37","24226967"
"chr3","13177885","13178013","chr10","10089507","10089637","25","3088378"
"chr3","13181272","13181569","chr2","2218970","2219260","56","10962302"
"chr3","13196296","13196584","chr17","28540483","28540776","47","15344187"
"chr3","13199799","13200080","chr8","110543944","110544225","42","97344145"
"chr3","13235963","13236126","chr12","18349416","18349582","30","5113453"
"chr3","13246776","13247019","chr21","37263856","37264119","49","24017080"
"chr3","13252825","13252913","chr12","16042243","16042327","14","2789418"
"chr3","13265905","13266183","chr19","38848509","38848784","49","25582604"
"chr3","13314185","13314476","chr18","37062415","37062712","55","23748230"
"chr3","13338479","13338763","chr2","16264908","16265191","47","2926429"
"chr3","13359568","13359859","chrX","40344797","40345081","44","26985229"
"chr3","13363380","13363681","chr3","74904577","74904866","64","61541197"
"chr3","13381864","13382165","chr6","121802757","121803058","38","108420893"
"chr3","13394155","13394314","chr5","647493","647643","36","12746662"
"chr3","13582215","13582509","chr2","67847090","67847384","50","54264875"
"chr3","13646243","13646532","chr21","36823374","36823661","43","23177131"
"chr3","13820783","13821076","chr1","25323331","25323625","52","11502548"
"chr3","13852510","13852805","chr11","65834106","65834397","44","51981596"
"chr3","13901390","13901622","chrX","44437368","44437597","42","30535978"
"chr3","13951021","13951330","chr10","20863520","20863828","46","6912499"
"chr3","13987170","13987472","chr1","15709909","15710212","49","1722739"
"chr3","14048959","14049260","chr21","48186059","48186355","59","34137100"
"chr3","14085307","14085617","chrUn_GL286249","69140","69451","49","14016167"
"chr3","14153361","14153672","chr21","36370820","36371125","53","22217459"
"chr3","14203460","14203789","chr2","91172114","91172447","79","76968654"
"chr3","14223222","14223513","chr11","97213328","97213619","41","82990106"
"chr3","14281576","14281624","chr5","94690104","94690150","3","80408528"
"chr3","14349035","14349307","chr4","88104922","88105198","42","73755887"
"chr3","14440951","14441252","chr21","36022329","36022633","55","21581378"
"chr3","14511019","14511325","chrX","17705039","17705341","43","3194020"
"chr3","14518499","14518793","chr2","147728720","147729015","44","133210221"
"chr3","14591236","14591539","chr11","116346925","116347227","39","101755689"
"chr3","14601200","14601454","chr17","9176221","9176481","49","5424979"
"chr3","14620590","14620899","chr9","107319568","107319870","48","92698978"
"chr3","14670131","14670403","chr21","35807170","35807454","34","21137039"
"chr3","14710348","14710631","chrX","29443155","29443441","52","14732807"
"chr3","14754468","14754781","chr2","17435825","17436127","48","2681357"
"chr3","14756772","14757082","chr5","73075939","73076252","49","58319167"
"chr3","14799127","14799288","chr22","10973833","10973994","45","3825294"
"chr3","14800359","14800504","chr21","35676365","35676504","20","20876006"
"chr3","14866754","14866955","chr2","130765532","130765734","31","115898778"
"chr3","14893562","14893868","chr19","31863283","31863592","54","16969721"
"chr3","14895199","14895330","chr9","7140047","7140177","17","7755152"
"chr3","14897333","14897378","chr12","56000792","56000839","5","41103459"
"chr3","14902073","14902371","chr8","21869477","21869777","40","6967404"
"chr3","14945723","14946027","chr9","9679426","9679735","50","5266297"
"chr3","14962530","14962604","chr1","180912692","180912762","14","165950162"
"chr3","14962642","14962947","chr11","116346925","116347227","49","101384283"
"chr3","14973503","14973786","chr5","76172590","76172876","55","61199087"
"chr3","14987954","14988241","chr5","117609240","117609536","46","102621286"
"chr3","15005238","15005329","chr21","35462604","35462695","14","20457366"
"chr3","15014944","15015217","chr16","49225932","49226206","39","34210988"
"chr3","15074894","15075173","chr7","19385083","19385360","54","4310189"
"chr3","15113583","15113710","chr7","100632873","100633001","19","85519290"
"chr3","15131132","15131427","chr21","35340477","35340773","33","20209345"
"chr3","15156423","15156725","chr2","43281105","43281414","52","28124682"
"chr3","15184978","15185292","chr3","117540807","117541109","54","102355829"
"chr3","15186964","15187262","chr14","915738","916038","40","14271226"
"chr3","15219771","15220075","chr7","70375823","70376126","42","55156052"
"chr3","15237644","15237952","chr5","83047784","83048085","52","67810140"
"chr3","15305140","15305267","chr21","35155103","35155230","19","19849963"
"chr3","15489709","15490016","chr7","19397030","19397335","47","3907321"
"chr3","15505131","15505438","chr11","65700168","65700463","57","50195037"
"chr3","15602722","15602834","chr2","13430369","13430476","29","2172353"
"chr3","15746820","15747122","chrUn_GL286217","143262","143564","52","15603558"
"chr3","15756890","15757001","chr3","72030386","72030497","15","56273496"
"chr3","15902516","15902695","chr17","28328813","28328985","30","12426297"
"chr3","15909870","15910158","chr3","52365996","52366297","51","36456126"
"chr3","15978514","15978625","chr12","82314094","82314209","24","66335580"
"chr3","15996202","15996489","chr10","99483273","99483561","47","83487071"
"chr3","16185705","16186008","chrX","17705039","17705341","44","1519334"
"chr3","16280098","16280405","chr5","65616565","65616873","46","49336467"
"chr3","16319199","16319479","chr16","96491193","96491481","56","80171994"
"chr3","17119541","17119842","chr4","117242642","117242941","49","100123101"
"chr3","17165050","17165349","chr21","33252356","33252660","45","16087306"
"chr3","17168680","17168977","chr7","79083385","79083683","44","61914705"
"chr3","17204453","17204760","chr4","54370195","54370493","51","37165742"
"chr3","17286253","17286549","chrX","122477327","122477613","54","105191074"
"chr3","17408533","17408821","chr7","155162191","155162474","45","137753658"
"chr3","17450034","17450331","chr4","98746325","98746622","48","81296291"
"chr3","17482100","17482359","chr14","68859815","68860079","61","51377715"
"chr3","17493302","17493471","chr5","56204511","56204675","39","38711209"
"chr3","17537631","17537933","chr9","25525997","25526295","51","7988366"
"chr3","17553127","17553260","chr11","117586723","117586857","29","100033596"
"chr3","17570063","17570271","chr21","32831998","32832207","44","15261935"
"chr3","17571262","17571504","chr21","32830784","32831019","35","15259522"
"chr3","17573042","17573349","chr21","32829426","32829721","51","15256384"
"chr3","17579948","17580240","chr9","111529757","111530048","50","93949809"
"chr3","17588409","17588719","chr12","89693023","89693339","51","72104614"
"chr3","17605478","17605782","chr1","172687648","172687936","58","155082170"
"chr3","17626013","17626111","chr22","43292236","43292330","21","25666223"
"chr3","17662136","17662444","chr5","120225189","120225498","59","102563053"
"chr3","17855800","17856086","chr4","152245494","152245783","56","134389694"
"chr3","17865534","17865792","chr21","32533758","32534024","46","14668224"
"chr3","17867339","17867639","chr14","61983612","61983898","65","44116273"
"chr3","18213560","18213847","chr14","83237600","83237885","62","65024040"
"chr3","18756950","18757072","chr4","110598415","110598536","27","91841465"
"chr3","18845873","18845942","chr8","67886879","67886943","15","49041006"
"chr3","18970048","18970348","chr15","7408277","7408570","68","11561771"
"chr3","19069268","19069532","chr1","14791636","14791910","69","4277632"
"chr3","19212032","19212206","chr21","31284208","31284373","29","12072176"
"chr3","19282973","19283273","chr21","31234728","31235035","53","11951755"
"chr3","20030039","20030328","chr11","117354372","117354663","67","97324333"
"chr3","20101108","20101412","chr5","52308437","52308741","58","32207329"
"chr3","20375515","20375799","chr10","82921268","82921557","43","62545753"
"chr3","20399180","20399459","chr7","11499632","11499917","53","8899548"
"chr3","20451288","20451577","chr22","35858140","35858429","60","15406852"
"chr3","20472586","20472872","chr21","30094511","30094805","43","9621925"
"chr3","20486911","20487215","chr12","37179701","37180010","51","16692790"
"chr3","20523835","20524140","chr9","122689798","122690105","46","102165963"
"chr3","20588009","20588303","chr3","6433821","6434120","48","14154188"
"chr3","20704177","20704491","chr5","73075939","73076252","45","52371762"
"chr3","20777494","20777792","chr3","165915545","165915845","33","145138051"
"chr3","20790519","20790802","chr5","50811344","50811620","53","30020825"
"chr3","20791292","20791597","chr2","150624041","150624344","46","129832749"
"chr3","20911471","20911785","chr5","124645645","124645952","53","103734174"
"chr3","20924774","20925045","chr17","16847896","16848175","45","4076878"
"chr3","20941635","20941915","chr2","14763537","14763812","54","6178098"
"chr3","20992948","20993252","chr10","88867093","88867390","54","67874145"
"chr3","21059899","21060171","chr14","89084942","89085221","53","68025043"
"chr3","21133335","21133559","chrX","120162403","120162628","43","99029068"
"chr3","21146305","21146585","chr1","148438931","148439211","47","127292626"
"chr3","21345964","21346064","chr10","118139021","118139126","16","96793057"
"chr3","21419915","21420206","chr3","106011472","106011765","45","84591557"
"chr3","21802021","21802324","chr4","132263941","132264231","96","110461920"
"chr3","21909336","21909634","chr2","71331505","71331809","56","49422169"
"chr3","22052213","22052508","chr6","17854050","17854340","48","4198163"
"chr3","22412176","22412457","chr11","72408791","72409072","53","49996615"
"chr3","22420894","22420926","chr1","91938051","91938072","15","69517157"
"chr3","22420958","22420999","chr2","17701108","17701146","8","4719850"
"chr3","22472422","22472492","chr1","79810849","79810921","25","57338427"
"chr3","22472941","22473205","chr2","152130098","152130357","56","129657157"
"chr3","22889735","22890020","chr5","26340268","26340554","49","3450533"
"chr3","22941144","22941455","chr13","97147605","97147915","59","74206461"
"chr3","22943512","22943822","chr5","120225189","120225498","53","97281677"
"chr3","22975453","22975723","chr10","32038854","32039122","46","9063401"
"chr3","23018444","23018754","chr2","146982644","146982948","48","123964200"
"chr3","23165789","23165844","chr10","128535005","128535062","6","105369216"
"chr3","23254289","23254621","chr5","25564881","25565190","70","2310592"
"chr3","23256082","23256370","chr21","27589276","27589563","56","4333194"
"chr3","23494789","23495086","chr7","17953074","17953369","51","5541715"
"chr3","23540680","23540989","chr10","87592260","87592571","60","64051580"
"chr3","23615324","23615625","chr5","71686578","71686874","61","48071254"
"chr3","23677690","23677985","chr10","100408257","100408540","71","76730567"
"chr3","23699315","23699600","chr4","71933212","71933503","56","48233897"
"chr3","23700102","23700389","chrX","40344797","40345081","50","16644695"
"chr3","23763394","23763686","chr7","51649898","51650187","46","27886504"
"chr3","24026443","24026741","chr3","41775109","41775404","66","17748666"
"chr3","24093108","24093422","chr2","146982644","146982948","51","122889536"
"chr3","24366024","24366323","chr7","79083385","79083683","55","54717361"
"chr3","25001254","25001299","chr7","147068321","147068369","6","122067067"
"chr3","25119026","25119330","chr5","55380182","55380490","55","30261156"
"chr3","25281758","25282075","chr1","83587478","83587788","58","58305720"
"chr3","25309907","25310052","chr22","28716637","28716782","23","3406730"
"chr3","25359928","25360254","chr21","25739562","25739871","63","379634"
"chr3","25585941","25586229","chr10","35328937","35329229","55","9742996"
"chr3","25818613","25818915","chr1","153331205","153331512","49","127512592"
"chr3","26229070","26229362","chr1","168510460","168510747","57","142281390"
"chr3","26452584","26452870","chr12","114854084","114854381","51","88401500"
"chr3","26598715","26599025","chr17","23811331","23811638","52","2787384"
"chr3","26682413","26682717","chr3","165915545","165915845","57","139233132"
"chr3","27158719","27159030","chr21","24152280","24152591","41","3006439"
"chr3","27244480","27244748","chr14","68859815","68860079","57","41615335"
"chr3","27269875","27270163","chr8","116926243","116926538","51","89656368"
"chr3","27365688","27365764","chr15","9889736","9889814","17","17475952"
"chr3","27432140","27432437","chr1","135371826","135372122","50","107939686"
"chr3","27518143","27518430","chr1","41686123","41686409","62","14167980"
"chr3","27544250","27544438","chr9","14473384","14473561","32","13070866"
"chr3","27859634","27859921","chr5","92840142","92840426","47","64980508"
"chr3","27954668","27954958","chr13","35494166","35494454","48","7539498"
"chr3","28155460","28155758","chr2","8630069","8630362","52","19525391"
"chr3","28764066","28764347","chrX","40344797","40345081","45","11580731"
"chr3","28854801","28855085","chr21","22566973","22567246","52","6287828"
"chr3","28896575","28896854","chr13","60863950","60864237","57","31967375"
"chr3","28963221","28963496","chr1","148438931","148439211","44","119475710"
"chr3","29030686","29030999","chr3","71082107","71082409","56","42051421"
"chr3","29118136","29118384","chr18","5187600","5187840","49","23930536"
"chr3","29213491","29213776","chr2","73704522","73704812","44","44491031"
"chr3","29249477","29249608","chr9","40100176","40100308","23","10850699"
"chr3","29253080","29253374","chr5","158518457","158518746","45","129265377"
"chr3","29326784","29327085","chr14","32553436","32553738","47","3226652"
"chr3","29342367","29342651","chr2","1558553","1558849","56","27783814"
"chr3","29342673","29342781","chr2","94061242","94061349","17","64718569"
"chr3","29568481","29568768","chr5","121741104","121741386","58","92172623"
"chr3","29672313","29672621","chr5","124645645","124645952","46","94973332"
"chr3","29694609","29694903","chr7","58254529","58254831","52","28559920"
"chr3","29788363","29788660","chr2","146982644","146982948","67","117194281"
"chr3","29789702","29790006","chr9","25525997","25526295","51","4263705"
"chr3","29856053","29856334","chr13","10247200","10247479","60","19608853"
"chr3","30031672","30031980","chr21","21429326","21429629","54","8602346"
"chr3","30078160","30078470","chr2","146982644","146982948","40","116904484"
"chr3","30414216","30414486","chr1","10311085","10311351","59","20103131"
"chr3","30633271","30633559","chr7","155162191","155162474","44","124528920"
"chr3","30633578","30633818","chr7","145201434","145201670","64","114567856"
"chr3","30880795","30881080","chrX","121377455","121377738","51","90496660"
"chr3","30980168","30980414","chr21","20458986","20459223","58","10521182"
"chr3","31061765","31062065","chr9","45325979","45326278","44","14264214"
"chr3","31148462","31148756","chr2","146982644","146982948","57","115834182"
"chr3","31196156","31196445","chr21","20265160","20265453","49","10930996"
"chr3","31256648","31256753","chr1","172859768","172859871","16","141603120"
"chr3","31326450","31326764","chr21","20115099","20115407","49","11211351"
"chr3","31420744","31421060","chr7","137342012","137342330","56","105921268"
"chr3","31455000","31455311","chr21","19993204","19993505","37","11461796"
"chr3","31544523","31544816","chr21","19894645","19894944","43","11649878"
"chr3","31747184","31747443","chr1","42242820","42243086","45","10495636"
"chr3","31756044","31756324","chr12","5016127","5016403","51","26739917"
"chr3","31791789","31792087","chr7","33547338","33547635","41","1755549"
"chr3","32320996","32321222","chr7","103548958","103549182","46","71227962"
"chr3","32443381","32443682","chr15","6923239","6923528","54","25520142"
"chr3","32454013","32454278","chr11","74173885","74174163","52","41719872"
"chr3","32588017","32588240","chr10","80106580","80106785","50","47518563"
"chr3","33047769","33048061","chr15","48916481","48916774","44","15868712"
"chr3","33076651","33076804","chr6","67503750","67503894","41","34427099"
"chr3","33374674","33374745","chr10","29131077","29131148","13","4243597"
"chr3","33438475","33438731","chr22","27996842","27997093","50","5441633"
"chr3","33642153","33642259","chr4","135411079","135411179","22","101768926"
"chr3","33661460","33661745","chr9","97343121","97343406","55","63681661"
"chr3","33718948","33719182","chr2","37387796","37388026","53","3668848"
"chr3","33720730","33720802","chr5","108706975","108707042","9","74986245"
"chr3","33881394","33881694","chr15","72516887","72517186","51","38635493"
"chr3","33930920","33931218","chr4","71933212","71933503","48","38002292"
"chr3","34083269","34083579","chr2","150624041","150624344","49","116540772"
"chr3","34245996","34246108","chr16","15546019","15546133","23","18699977"
"chr3","34262850","34263150","chr10","99483273","99483561","49","65220423"
"chr3","34281851","34282153","chr11","19304678","19304978","41","14977173"
"chr3","34453191","34453490","chr4","37667525","37667825","57","3214334"
"chr3","34580191","34580483","chr12","26130148","26130438","40","8450043"
"chr3","34724556","34724846","chr10","13670605","13670898","51","21053951"
"chr3","34732369","34732579","chr5","83682899","83683121","59","48950530"
"chr3","34771818","34771949","chr22","48943593","48943724","21","14171775"
"chr3","34786404","34786706","chr2","55594899","55595188","56","20808495"
"chr3","34795100","34795402","chr14","83083786","83084089","48","48288686"
"chr3","34806174","34806380","chr12","36989944","36990146","45","2183770"
"chr3","34807891","34808234","chr5","108338844","108339172","73","73530953"
"chr3","34821876","34822193","chr4","152083471","152083778","66","117261595"
"chr3","34828403","34828544","chr1","204591414","204591558","30","169763011"
"chr3","34857661","34857853","chr11","95628544","95628735","37","60770883"
"chr3","34863861","34864165","chr1","24048877","24049185","48","10814984"
"chr3","34885075","34885245","chr22","6660273","6660438","33","28224802"
"chr3","34910876","34911026","chr12","82596678","82596828","19","47685802"
"chr3","34921241","34921543","chr9","99360376","99360678","46","64439135"
"chr3","34928204","34928496","chr9","45325979","45326278","55","10397775"
"chr3","34964353","34964527","chr8","75478049","75478221","57","40513696"
"chr3","35088993","35089285","chr14","83420159","83420454","52","48331166"
"chr3","35108763","35108817","chr1","170703737","170703784","8","135594974"
"chr3","35144322","35144629","chr2","55246391","55246696","43","20102069"
"chr3","35159703","35159972","chr2","18012566","18012843","35","17147137"
"chr3","35162616","35162719","chr5","36901285","36901385","15","1738669"
"chr3","35185433","35185667","chr13","60381079","60381315","49","25195646"
"chr3","35328595","35328872","chrX","52241701","52241982","48","16913106"
"chr3","35405109","35405409","chr7","33547338","33547635","44","1857771"
"chr3","35440224","35440524","chr7","33547338","33547635","42","1892886"
"chr3","35455149","35455458","chr11","64288790","64289076","73","28833641"
"chr3","35518438","35518553","chr20","10493105","10493221","18","25025333"
"chr3","35543290","35543587","chr7","70375823","70376126","38","34832533"
"chr3","35634995","35635299","chr19","38606278","38606578","50","2971283"
"chr3","35664054","35664369","chr2","1940205","1940517","49","33723849"
"chr3","35664372","35664670","chr10","76904858","76905160","51","41240486"
"chr3","35689074","35689249","chr17","28328813","28328985","35","7360261"
"chr3","35779650","35779960","chr5","91678600","91678912","50","55898950"
"chr3","35851049","35851351","chr14","77613723","77614028","52","41762674"
"chr3","35854658","35854971","chrUn_GL286217","143262","143564","45","35711396"
"chr3","36062547","36062851","chr2","17146748","17147037","52","18915799"
"chr3","36104391","36104709","chr6","147050484","147050785","67","110946093"
"chr3","36637644","36637910","chr2","33495117","33495388","44","3142527"
"chr3","36705248","36705401","chr5","123466989","123467139","29","86761741"
"chr3","36755297","36755538","chr5","44386671","44386909","51","7631374"
"chr3","36806981","36807101","chr1","193060759","193060877","18","156253778"
"chr3","36818082","36818378","chr8","94698073","94698374","54","57879991"
"chr3","36961259","36961576","chr7","79082583","79082878","60","42121324"
"chr3","37096944","37097219","chr21","49937596","49937866","45","12840652"
"chr3","37123497","37123776","chr1","27893647","27893928","60","9229850"
"chr3","37148017","37148269","chr2","15991683","15991926","56","21156334"
"chr3","37150006","37150310","chr2","63180548","63180847","41","26030542"
"chr3","37155410","37155505","chr2","15984857","15984951","9","21170553"
"chr3","37258845","37259149","chr7","44689617","44689912","45","7430772"
"chr3","37296962","37297081","chr1","205933415","205933532","19","168636453"
"chr3","37336899","37337212","chr2","15759640","15759952","57","21577259"
"chr3","37337213","37337427","chr12","92762011","92762213","47","55424798"
"chr3","37384523","37384821","chr5","117609240","117609536","47","80224717"
"chr3","37391267","37391575","chr9","101210178","101210488","42","63818911"
"chr3","37418859","37418938","chr14","76257349","76257422","21","38838490"
"chr3","37473913","37474175","chr12","77912843","77913096","77","40438930"
"chr3","37486805","37487111","chr9","23661122","23661421","46","13825683"
"chr3","37535671","37535978","chr7","70375823","70376126","39","32840152"
"chr3","37555177","37555483","chr6","75230350","75230656","44","37675173"
"chr3","37571650","37571803","chr5","80103764","80103915","26","42532114"
"chr3","37583522","37583685","chr6","135158853","135159019","34","97575331"
"chr3","37650484","37650773","chr2","48313933","48314220","45","10663449"
"chr3","37659168","37659459","chr7","29042352","29042646","61","8616816"
"chr3","37660527","37660840","chr2","15643202","15643509","52","22017325"
"chr3","37665745","37665797","chr19","18830782","18830835","11","18834963"
"chr3","37696246","37696353","chr4","100333106","100333207","28","62636860"
"chr3","37763865","37763979","chr2","14937560","14937677","18","22826305"
"chr3","37766507","37766674","chrUn_GL286323","33577","33749","34","37732930"
"chr3","37787064","37787271","chr1","172127347","172127548","42","134340283"
"chr3","37796271","37796562","chr6","31377305","31377596","52","6418966"
"chr3","37804094","37804242","chr6","67503750","67503894","30","29699656"
"chr3","37814292","37814463","chr2","131975596","131975772","33","94161304"
"chr3","37819641","37819933","chr2","2218970","2219260","43","35600671"
"chr3","37841568","37841876","chr8","841978","842272","51","36999590"
"chr3","37847748","37848054","chr2","17996148","17996446","54","19851600"
"chr3","37850154","37850449","chr1","13807754","13808053","44","24042400"
"chr3","37885603","37885902","chr1","77745311","77745604","53","39859708"
"chr3","37900387","37900686","chrX","14757652","14757955","50","23142735"
"chr3","37910995","37911294","chr11","99207932","99208223","54","61296937"
"chr3","37922216","37922506","chr5","74192493","74192784","53","36270277"
"chr3","37926152","37926287","chr2","15096941","15097075","19","22829211"
"chr3","37935659","37935965","chr5","120225189","120225498","57","82289530"
"chr3","37963660","37963962","chr4","149377141","149377441","50","111413481"
"chr3","37984005","37984300","chr21","48186059","48186355","50","10202054"
"chr3","37992681","37992973","chr7","4965464","4965763","52","33027217"
"chr3","38034558","38034852","chr7","98301332","98301634","48","60266774"
"chr3","38071823","38072111","chr2","193261734","193262020","51","155189911"
"chr3","38112107","38112167","chr1","15206236","15206296","9","22905871"
"chr3","38176356","38176663","chr5","124645645","124645952","47","86469289"
"chr3","38197809","38198113","chr2","39815620","39815927","47","1617811"
"chr3","38218828","38218989","chr6","42829292","42829452","28","4610464"
"chr3","38221268","38221567","chr12","51888773","51889064","53","13667505"
"chr3","38245739","38246036","chr10","116445035","116445332","44","78199296"
"chr3","38252532","38252825","chr4","71933212","71933503","37","33680680"
"chr3","38301798","38302095","chr6","119011301","119011592","50","80709503"
"chr3","38325057","38325345","chr20","7477077","7477364","51","30847980"
"chr3","38353044","38353347","chr5","78442568","78442876","54","40089524"
"chr3","38397264","38397561","chr5","65296228","65296517","44","26898964"
"chr3","38461172","38461475","chr22","42274761","42275058","42","3813589"
"chr3","38473941","38474031","chr5","4081439","4081525","15","34392502"
"chr3","38487046","38487342","chr15","64739618","64739920","59","26252572"
"chr3","38500992","38501255","chr18","5664786","5665051","50","32836206"
"chr3","38522884","38523173","chr16","6722403","6722693","46","31800481"
"chr3","38570741","38570832","chr6","118144921","118145012","15","79574180"
"chr3","38591445","38591737","chrX","120884926","120885218","58","82293481"
"chr3","38634751","38635040","chr10","100757276","100757573","49","62122525"
"chr3","38645682","38645977","chr20","2049107","2049398","51","36596575"
"chr3","38665470","38665757","chr2","137499546","137499827","58","98834076"
"chr3","38730528","38730816","chr1","141613381","141613669","43","102882853"
"chr3","38740092","38740221","chr8","33631538","33631661","20","5108554"
"chr3","38740632","38740760","chr8","33631538","33631661","19","5109094"
"chr3","38743300","38743600","chr9","99956407","99956710","44","61213107"
"chr3","38799484","38799771","chr13","70428413","70428708","62","31628929"
"chr3","38841211","38841515","chr10","128335890","128336195","55","89494679"
"chr3","38897473","38897607","chr4","20686470","20686607","24","18211003"
"chr3","38918092","38918389","chr2","14728298","14728591","42","24189794"
"chr3","38958111","38958422","chr5","73075939","73076252","45","34117828"
"chr3","38966915","38966971","chr2","14771510","14771567","9","24195405"
"chr3","39017406","39017716","chr2","14821333","14821641","62","24196073"
"chr3","39035782","39035899","chr6","45739557","45739670","19","6703775"
"chr3","39038129","39038439","chr9","101210178","101210488","48","62172049"
"chr3","39071989","39072285","chr4","98746325","98746622","50","59674336"
"chr3","39076585","39076872","chr6","62744209","62744496","52","23667624"
"chr3","39139394","39139704","chr6","84142054","84142368","69","45002660"
"chr3","39148690","39148998","chr9","101210178","101210488","60","62061488"
"chr3","39150394","39150718","chr2","15643202","15643509","67","23507192"
"chr3","39155749","39155819","chr2","15638192","15638257","12","23517557"
"chr3","39159899","39160177","chr4","144777807","144778094","55","105617908"
"chr3","39164424","39164730","chr9","101210178","101210488","52","62045754"
"chr3","39192490","39192791","chr6","132694921","132695233","54","93502431"
"chr3","39206211","39206511","chr5","43258967","43259274","44","4052756"
"chr3","39246853","39247134","chr7","58917227","58917519","51","19670374"
"chr3","39260945","39261112","chr6","112280193","112280359","32","73019248"
"chr3","39261181","39261488","chr2","10940056","10940367","44","28321125"
"chr3","39262231","39262538","chr7","35515798","35516110","44","3746433"
"chr3","39300584","39300891","chr5","82237824","82238126","52","42937240"
"chr3","39317415","39317720","chr1","13807754","13808053","55","25509661"
"chr3","39320125","39320260","chr5","10559689","10559821","20","28760436"
"chr3","39321059","39321182","chr9","59190391","59190517","18","19869332"
"chr3","39343639","39343708","chr14","65421622","65421690","12","26077983"
"chr3","39353112","39353390","chr2","13940138","13940419","34","25412974"
"chr3","39374247","39374539","chr7","16613722","16614012","38","22760525"
"chr3","39459821","39459952","chr17","48482098","48482228","17","9022277"
"chr3","39529442","39529731","chr5","11540307","11540609","53","27989135"
"chr3","39541941","39542244","chr9","25525997","25526295","45","14015944"
"chr3","39556804","39557091","chr10","13670605","13670898","39","25886199"
"chr3","39587686","39587957","chr1","163516453","163516723","50","123928767"
"chr3","39623789","39624069","chr14","13871396","13871677","44","25752393"
"chr3","39630230","39630539","chr2","1940205","1940517","43","37690025"
"chr3","39655648","39655971","chr7","35515798","35516110","60","4139850"
"chr3","39686711","39687021","chr9","101210178","101210488","46","61523467"
"chr3","39688867","39689175","chrX","17705039","17705341","47","21983828"
"chr3","39697968","39698221","chr1","31001424","31001679","56","8696544"
"chr3","39702141","39702452","chr2","13599827","13600135","56","26102314"
"chr3","39750044","39750347","chr16","63884096","63884405","49","24134052"
"chr3","39897652","39897957","chr6","118600755","118601054","58","78703103"
"chr3","39908741","39909049","chr5","96737154","96737452","47","56828413"
"chr3","40023215","40023519","chr6","157953621","157953924","50","117930406"
"chr3","40049142","40049433","chr6","48814191","48814491","49","8765049"
"chr3","40050867","40051173","chr5","55380182","55380490","55","15329315"
"chr3","40059675","40059986","chr5","55380182","55380490","49","15320507"
"chr3","40084716","40085014","chr2","150624041","150624344","37","110539325"
"chr3","40093165","40093368","chr1","201578178","201578378","35","161485013"
"chr3","40104578","40104862","chr2","2218970","2219260","51","37885608"
"chr3","40126921","40127228","chr5","124645645","124645952","44","84518724"
"chr3","40147536","40147839","chr7","71584398","71584696","53","31436862"
"chr3","40150940","40151231","chr2","203225383","203225677","48","163074443"
"chr3","40163915","40164165","chr2","13124952","13125207","45","27038963"
"chr3","40190824","40191081","chr5","109086164","109086432","50","68895340"
"chr3","40199534","40199836","chr2","13096085","13096390","43","27103449"
"chr3","40252327","40252629","chr5","110489286","110489576","60","70236959"
"chr3","40287722","40288008","chr20","7477077","7477364","46","32810645"
"chr3","40323565","40323853","chr2","34962181","34962466","55","5361384"
"chr3","40450356","40450462","chr12","101629664","101629768","15","61179308"
"chr3","40472968","40473248","chr5","81179971","81180255","65","40707003"
"chr3","40474505","40474751","chr16","61675376","61675631","97","21200871"
"chr3","40501900","40502193","chr12","106814114","106814405","50","66312214"
"chr3","40520753","40521069","chr4","54370195","54370493","62","13849442"
"chr3","40534795","40535101","chr2","17996148","17996446","53","22538647"
"chr3","40580421","40580743","chr19","11726113","11726424","51","28854308"
"chr3","40604239","40604459","chr15","23262592","23262815","43","17341647"
"chr3","40609988","40610188","chr5","43675787","43675981","39","3065799"
"chr3","40610685","40610817","chr4","9872496","9872626","21","30738189"
"chr3","40611753","40611850","chr9","85489410","85489506","20","44877657"
"chr3","40618873","40619180","chr2","12658833","12659120","52","27960040"
"chr3","40624961","40625286","chr2","15679574","15679880","67","24945387"
"chr3","40637471","40637777","chr5","73075939","73076252","65","32438468"
"chr3","40649505","40649813","chr1","192757436","192757740","47","152107931"
"chr3","40681763","40681928","chr9","114841322","114841471","33","74159559"
"chr3","40716647","40716955","chr5","73075939","73076252","47","32359292"
"chr3","40738206","40738491","chr6","57780653","57780942","50","17042447"
"chr3","40745321","40745620","chr12","51888773","51889064","46","11143452"
"chr3","40774946","40774987","chr9","111792953","111792996","7","71018007"
"chr3","40787867","40788127","chr9","38553376","38553641","45","2234491"
"chr3","40798546","40798577","chr9","91427403","91427433","14","50628857"
"chr3","40798969","40799092","chr1","116847772","116847897","24","76048803"
"chr3","40822921","40823224","chr19","11947351","11947655","50","28875570"
"chr3","40839219","40839356","chr12","19510211","19510345","20","21329008"
"chr3","40840017","40840167","chr7","113553983","113554116","35","72713966"
"chr3","40869112","40869359","chr5","99416617","99416862","44","58547505"
"chr3","40879673","40879953","chr9","42661920","42662203","50","1782247"
"chr3","40933851","40934170","chr18","9940912","9941208","59","30992939"
"chr3","41034631","41034931","chr2","39828090","39828388","47","1206541"
"chr3","41135480","41135792","chr7","19397030","19397335","53","21738450"
"chr3","41185819","41186129","chr2","39815620","39815927","44","1370199"
"chr3","41195869","41196139","chr9","33781633","33781909","55","7414236"
"chr3","41249644","41249940","chr9","14741601","14741895","61","26508043"
"chr3","41345233","41345535","chr1","17963146","17963460","64","23382087"
"chr3","41346511","41346795","chr16","94040114","94040396","52","52693603"
"chr3","41355578","41355881","chr5","124645645","124645952","48","83290067"
"chr3","41370404","41370708","chr1","98777691","98777997","53","57407287"
"chr3","41403791","41404089","chr5","83138079","83138381","47","41734288"
"chr3","41429411","41429650","chr5","110506984","110507220","47","69077573"
"chr3","41482330","41482380","chrUn_GL286209","181168","181217","5","41301162"
"chr3","41482382","41482551","chr2","131597618","131597785","35","90115236"
"chr3","41486549","41486865","chr19","6495844","6496151","64","34990705"
"chr3","41544216","41544526","chr2","39168351","39168663","42","2375865"
"chr3","41598440","41598572","chr8","32582267","32582399","18","9016173"
"chr3","41605437","41605742","chr15","20252688","20252992","57","21352749"
"chr3","41611761","41612057","chr15","38910043","38910338","39","2701718"
"chr3","41675311","41675620","chr12","45753340","45753642","57","4078029"
"chr3","41676677","41676966","chr5","93075725","93076019","54","51399048"
"chr3","41679142","41679241","chr22","12964780","12964880","22","28714362"
"chr3","41696317","41696538","chrX","98665845","98666063","49","56969528"
"chr3","41704617","41704793","chr2","11311810","11311997","38","30392807"
"chr3","41705109","41705272","chr2","11311344","11311498","24","30393765"
"chr3","41729127","41729298","chr10","126091805","126091971","31","84362678"
"chr3","41736243","41736482","chr15","21391104","21391348","42","20345139"
"chr3","41779406","41779710","chr9","120468304","120468608","60","78688898"
"chr3","41789836","41790131","chr1","156644747","156645035","49","114854911"
"chr3","41797660","41797841","chr9","14473384","14473561","29","27324276"
"chr3","41799826","41800128","chr14","83420159","83420454","49","41620333"
"chr3","41819247","41819321","chr2","129775742","129775816","16","87956495"
"chr3","41851887","41852164","chr5","8282348","8282619","43","33569539"
"chr3","41868207","41868515","chr2","1940205","1940517","51","39928002"
"chr3","41897950","41898252","chr9","100693063","100693366","56","58795113"
"chr3","41920691","41920976","chrX","122140594","122140885","51","80219903"
"chr3","41936644","41936926","chr5","61618994","61619252","66","19682350"
"chr3","41940402","41940695","chr13","95836072","95836367","52","53895670"
"chr3","41974023","41974314","chr15","6923239","6923528","54","35050784"
"chr3","41974663","41974950","chr1","77745311","77745604","45","35770648"
"chr3","41979335","41979648","chr2","8714186","8714498","55","33265149"
"chr3","41985124","41985433","chr10","20863520","20863828","45","21121604"
"chr3","42000688","42000737","chr1","81922323","81922372","6","39921635"
"chr3","42039794","42040056","chr12","18419305","18419560","51","23620489"
"chr3","42064466","42064774","chr11","116346925","116347227","49","74282459"
"chr3","42083308","42083480","chr10","87765666","87765831","31","45682358"
"chr3","42132693","42132812","chr1","205933415","205933532","18","163800722"
"chr3","42172442","42172704","chr16","24570836","24571096","47","17601606"
"chr3","42189142","42189174","chr8","97260104","97260146","15","55070962"
"chr3","42189754","42189880","chr8","74203698","74203811","29","32013944"
"chr3","42192940","42193243","chr1","191854574","191854877","52","149661634"
"chr3","42193554","42193834","chr1","206210603","206210888","59","164017049"
"chr3","42203933","42204196","chr5","33279253","33279520","75","8924680"
"chr3","42206561","42206849","chr5","109886680","109886966","59","67680119"
"chr3","42220007","42220302","chr2","14225318","14225608","57","27994689"
"chr3","42222204","42222383","chr6","141514750","141514919","33","99292546"
"chr3","42270255","42270465","chr1","167955513","167955728","53","125685258"
"chr3","42295039","42295328","chr14","13871396","13871677","52","28423643"
"chr3","42313213","42313508","chr1","156644747","156645035","45","114331534"
"chr3","42340922","42341216","chr12","114854084","114854381","47","72513162"
"chr3","42347222","42347386","chr12","18349416","18349582","34","23997806"
"chr3","42352979","42353282","chrX","63118288","63118597","56","20765309"
"chr3","42368444","42368773","chr8","94433473","94433795","73","52065029"
"chr3","42386958","42387240","chrUn_GL286267","16644","16927","42","42370314"
"chr3","42433632","42433939","chr1","166973243","166973547","49","124539611"
"chr3","42473616","42473927","chr4","43309043","43309348","51","835427"
"chr3","42554810","42554922","chrX","62746303","62746416","20","20191493"
"chr3","42629822","42630114","chr7","77326917","77327209","43","34697095"
"chr3","42689591","42689883","chr4","25746204","25746495","37","16943387"
"chr3","42701904","42702219","chrUn_GL286435","69026","69328","49","42632878"
"chr3","42735881","42736198","chr2","10191564","10191857","56","32544317"
"chr3","42743453","42743756","chr5","116663888","116664187","46","73920435"
"chr3","42781094","42781369","chr15","4370856","4371142","57","38410238"
"chr3","42801054","42801326","chr8","6469512","6469784","43","36331542"
"chr3","42819782","42820092","chr12","114379431","114379742","41","71559649"
"chr3","42821289","42821574","chr4","144716679","144716971","57","101895390"
"chr3","42893445","42893590","chr9","53550464","53550619","37","10657019"
"chr3","42901035","42901343","chr3","117540807","117541109","52","74639772"
"chr3","42903486","42903617","chr9","59190391","59190517","26","16286905"
"chr3","42913284","42913584","chr4","98746325","98746622","67","55833041"
"chr3","42919330","42919377","chr2","151618860","151618904","6","108699530"
"chr3","42995552","42995863","chr14","915738","916038","60","42079814"
"chr3","43010241","43010292","chr21","47444336","47444387","6","4434095"
"chr3","43014242","43014539","chr12","78762116","78762425","54","35747874"
"chr3","43031116","43031412","chrX","16102878","16103172","54","26928238"
"chr3","43040200","43040494","chr2","9869354","9869653","57","33170846"
"chr3","43089184","43089355","chr12","28843359","28843531","33","14245825"
"chr3","43096364","43096666","chr2","59445321","59445626","46","16348957"
"chr3","43102762","43103057","chr2","9803607","9803898","58","33299155"
"chr3","43195422","43195730","chr4","140394938","140395243","48","97199516"
"chr3","43237568","43237904","chr8","73898415","73898723","78","30660847"
"chr3","43282047","43282360","chr2","146982644","146982948","48","103700597"
"chr3","43299134","43299394","chr20","11729288","11729543","55","31569846"
"chr3","43339945","43340034","chr15","71448426","71448518","18","28108481"
"chr3","43371386","43371558","chr1","181966844","181967013","38","138595458"
"chr3","43376793","43376953","chr4","2404473","2404643","33","40972320"
"chr3","43394301","43394609","chr7","88697458","88697764","46","45303157"
"chr3","43400025","43400329","chr5","94139693","94139989","54","50739668"
"chr3","43456781","43457079","chr5","65296228","65296517","46","21839447"
"chr3","43458373","43458656","chr19","38589311","38589602","50","4869062"
"chr3","43486190","43486470","chr1","14967499","14967786","44","28518691"
"chr3","43507537","43507769","chr19","11666964","11667200","50","31840573"
"chr3","43521501","43521812","chr5","73075939","73076252","49","29554438"
"chr3","43552962","43553252","chrX","123758035","123758318","47","80205073"
"chr3","43568887","43569174","chr5","82336326","82336611","49","38767439"
"chr3","43586330","43586636","chr1","172008061","172008371","53","128421731"
"chr3","43602206","43602529","chr2","146982644","146982948","62","103380438"
"chr3","43613300","43613602","chr13","16769800","16770106","42","26843500"
"chr3","43626022","43626294","chr5","61618994","61619252","51","17992972"
"chr3","43672486","43672800","chr7","70375823","70376126","51","26703337"
"chr3","43727325","43727640","chr11","28125301","28125613","53","15602024"
"chr3","43744462","43744768","chr2","150624041","150624344","47","106879579"
"chr3","43754573","43754880","chr5","64567175","64567467","58","20812602"
"chr3","43800839","43801140","chr6","117332912","117333211","50","73532073"
"chr3","43801906","43802194","chr5","52276617","52276902","45","8474711"
"chr3","43818363","43818651","chr15","6923239","6923528","50","36895124"
"chr3","43830559","43830852","chr2","67197269","67197565","46","23366710"
"chr3","43835784","43836090","chr3","117540807","117541109","42","73705023"
"chr3","43857702","43857905","chr13","41003650","41003851","37","2854052"
"chr3","43863891","43864202","chr7","88697458","88697764","48","44833567"
"chr3","43890306","43890616","chr11","122686903","122687200","59","78796597"
"chr3","43901308","43901597","chr12","51888773","51889064","56","7987465"
"chr3","43911140","43911463","chr2","1940205","1940517","59","41970935"
"chr3","43914072","43914201","chr2","8958955","8959081","13","34955117"
"chr3","43914574","43914732","chr8","98364991","98365147","22","54450417"
"chr3","43933359","43933667","chr1","136803882","136804189","42","92870523"
"chr3","43981500","43981669","chr3","151658588","151658763","30","107677088"
"chr3","43981772","43981902","chr11","116167894","116168024","18","72186122"
"chr3","43990692","43990993","chr1","168255466","168255766","51","124264774"
"chr3","43999652","43999953","chr9","45325979","45326278","55","1326327"
"chr3","44016208","44016253","chr5","11370972","11371016","5","32645236"
"chr3","44024219","44024519","chrX","18536042","18536341","37","25488177"
"chr3","44036925","44037201","chr4","71933212","71933503","52","27896287"
"chr3","44063860","44064042","chr20","3785470","3785644","34","40278390"
"chr3","44078370","44078656","chr19","12425591","12425876","59","31652779"
"chr3","44120342","44120643","chr2","8751364","8751656","43","35368978"
"chr3","44127134","44127443","chr8","106549657","106549965","47","62422523"
"chr3","44134285","44134584","chr2","8737193","8737485","35","35397092"
"chr3","44155269","44155568","chr22","27052893","27053192","37","17102376"
"chr3","44156194","44156488","chr13","61026131","61026415","51","16869937"
"chr3","44167574","44167866","chr2","193261734","193262020","56","149094160"
"chr3","44176271","44176543","chr3","111446138","111446410","41","67269867"
"chr3","44181121","44181425","chr7","70375823","70376126","46","26194702"
"chr3","44181433","44181726","chr2","8685837","8686130","43","35495596"
"chr3","44195774","44196054","chr6","26822330","26822617","50","17373444"
"chr3","44198526","44198825","chr10","118578692","118578996","50","74380166"
"chr3","44222609","44222848","chr11","104024167","104024403","57","59801558"
"chr3","44225818","44226128","chr9","14396117","14396432","52","29829701"
"chr3","44239199","44239472","chr7","45169353","45169622","56","930154"
"chr3","44247856","44248157","chr2","8619930","8620223","40","35627926"
"chr3","44249748","44250047","chr10","48321055","48321354","43","4071307"
"chr3","44252662","44252972","chr2","8616531","8616833","58","35636131"
"chr3","44300481","44300772","chr2","147728720","147729015","37","103428239"
"chr3","44339194","44339383","chr15","82312950","82313142","31","37973756"
"chr3","44349091","44349382","chr5","140191827","140192110","53","95842736"
"chr3","44465013","44465126","chr15","46159225","46159339","22","1694212"
"chr3","44474884","44475201","chr3","188437693","188438006","57","143962809"
"chr3","44475999","44476316","chr3","188437693","188438006","57","143961694"
"chr3","44480517","44480621","chr22","9954820","9954924","15","34525697"
"chr3","44526389","44526690","chr1","200914977","200915280","45","156388588"
"chr3","44538702","44538861","chr9","44953817","44953978","28","415115"
"chr3","44558118","44558428","chr5","55380182","55380490","45","10822064"
"chr3","44599013","44599320","chr2","8261586","8261885","47","36337427"
"chr3","44618035","44618319","chr5","61409167","61409457","47","16791132"
"chr3","44655777","44656066","chr2","2218970","2219260","36","42436807"
"chr3","44664704","44664970","chr2","8196171","8196438","43","36468533"
"chr3","44667022","44667332","chr2","6639751","6640061","40","38027271"
"chr3","44677280","44677584","chr11","28125301","28125613","45","16551979"
"chr3","44690348","44690627","chr10","22594342","22594614","61","22096006"
"chr3","44702321","44702627","chr14","77613723","77614028","50","32911402"
"chr3","44714529","44714827","chr22","3211763","3212059","45","41502766"
"chr3","44718197","44718477","chr19","12425591","12425876","59","32292606"
"chr3","44791665","44791910","chr5","51291747","51291989","48","6500082"
"chr3","44793952","44794270","chr2","9013474","9013787","64","35780478"
"chr3","44796426","44796459","chr4","30855651","30855680","7","13940775"
"chr3","44816772","44817074","chr1","10349654","10349962","53","34467118"
"chr3","44819786","44819832","chr7","46724194","46724241","4","1904408"
"chr3","44834318","44834645","chr13","20178005","20178325","57","24656313"
"chr3","44843552","44843845","chr2","46756692","46756980","41","1913140"
"chr3","44851080","44851383","chr14","915738","916038","47","43935342"
"chr3","44858843","44859131","chr16","14061211","14061502","42","30797632"
"chr3","44884067","44884362","chr12","51888773","51889064","42","7004706"
"chr3","44928705","44928994","chr1","156829227","156829517","53","111900522"
"chr3","44977595","44977888","chr5","134385717","134386004","55","89408122"
"chr3","44999527","44999816","chr14","18953229","18953520","59","26046298"
"chr3","45003702","45004013","chr5","124645645","124645952","46","79641943"
"chr3","45011560","45011863","chr1","170771447","170771746","52","125759887"
"chr3","45016751","45017022","chr5","115208223","115208505","53","70191472"
"chr3","45081913","45082026","chr7","66901877","66901991","18","21819964"
"chr3","45086693","45086945","chr13","107825973","107826231","56","62739280"
"chr3","45087806","45088104","chr1","193337980","193338276","58","148250174"
"chr3","45107660","45107961","chr6","94868863","94869160","52","49761203"
"chr3","45121736","45122045","chr9","14396117","14396432","49","30725619"
"chr3","45173521","45173815","chr9","100172231","100172528","48","54998710"
"chr3","45178025","45178061","chr5","10485707","10485740","16","34692318"
"chr3","45178277","45178460","chr10","16092525","16092704","31","29085752"
"chr3","45186311","45186571","chr7","66790448","66790704","50","21604137"
"chr3","45200653","45200971","chr19","11821768","11822062","62","33378885"
"chr3","45231991","45232194","chr11","95628544","95628735","44","50396553"
"chr3","45234816","45235109","chr12","51888773","51889064","47","6653957"
"chr3","45244809","45245118","chr5","137429989","137430298","54","92185180"
"chr3","45273375","45273523","chr3","53849572","53849729","34","8576197"
"chr3","45296394","45296562","chr3","26368557","26368719","25","18927837"
"chr3","45319294","45319598","chr4","104182996","104183307","51","58863702"
"chr3","45350555","45350732","chr5","395104","395283","29","44955451"
"chr3","45370859","45370939","chr8","122649091","122649168","11","77278232"
"chr3","45375293","45375609","chr3","188437693","188438006","67","143062400"
"chr3","45398236","45398514","chr11","74173885","74174163","49","28775649"
"chr3","45411749","45412060","chr2","7603667","7603980","49","37808082"
"chr3","45422526","45422793","chr9","107284610","107284879","45","61862084"
"chr3","45438971","45439272","chr12","107125942","107126232","53","61686971"
"chr3","45454236","45454397","chr10","34685300","34685458","29","10768936"
"chr3","45459918","45460215","chr1","170771447","170771746","39","125311529"
"chr3","45481508","45481801","chr7","56296910","56297210","61","10815402"
"chr3","45501871","45502171","chr3","71082107","71082409","45","25580236"
"chr3","45517082","45517365","chr2","7503586","7503871","33","38013496"
"chr3","45611819","45612104","chr5","100805123","100805399","60","55193304"
"chr3","45648862","45649169","chr4","26820733","26821038","46","18828129"
"chr3","45682895","45683058","chr2","37986377","37986533","34","7696518"
"chr3","45698276","45698553","chr8","106641406","106641683","63","60943130"
"chr3","45700294","45700389","chr11","111085623","111085716","19","65385329"
"chr3","45700659","45700888","chr8","114990006","114990233","43","69289347"
"chr3","45742156","45742461","chr18","2673991","2674299","57","43068165"
"chr3","45765232","45765530","chr9","45325979","45326278","47","439253"
"chr3","45769006","45769054","chr5","65015912","65015960","7","19246906"
"chr3","45787464","45787772","chr5","124645645","124645952","46","78858181"
"chr3","45815101","45815384","chr8","97925884","97926162","47","52110783"
"chr3","45866739","45867028","chr20","26369514","26369801","56","19497225"
"chr3","45867430","45867740","chr5","73075939","73076252","43","27208509"
"chr3","45870614","45870746","chr5","157861381","157861515","14","111990767"
"chr3","45888606","45888906","chr20","12198433","12198731","48","33690173"
"chr3","45892448","45892761","chr14","33666014","33666321","57","12226434"
"chr3","45899800","45900084","chr5","120677749","120678011","75","74777949"
"chr3","45923676","45923974","chrX","92800328","92800623","51","46876652"
"chr3","45941817","45942125","chr22","32283805","32284102","51","13658012"
"chr3","45947459","45947762","chr9","14396117","14396432","52","31551342"
"chr3","45949526","45949762","chr5","110506984","110507220","37","64557458"
"chr3","45952298","45952614","chr3","117540807","117541109","63","71588509"
"chr3","45952979","45953267","chr5","158518457","158518746","53","112565478"
"chr3","45973828","45974125","chr7","44689617","44689912","42","1284211"
"chr3","45975159","45975359","chr10","10534309","10534506","34","35440850"
"chr3","45975746","45975849","chr17","37728813","37728917","17","8246933"
"chr3","46026965","46027274","chr6","140581095","140581398","53","94554130"
"chr3","46040655","46040951","chr1","77745311","77745604","44","31704656"
"chr3","46070296","46070603","chr2","39815620","39815927","49","6254676"
"chr3","46138574","46138882","chr2","6949029","6949326","40","39189545"
"chr3","46166369","46166694","chr2","29786463","29786779","62","16379906"
"chr3","46208101","46208410","chr11","28125301","28125613","47","18082800"
"chr3","46216988","46217296","chr2","6857737","6858043","52","39359251"
"chr3","46225524","46225790","chr9","17963025","17963290","42","28262499"
"chr3","46228556","46228860","chr2","193500097","193500406","55","147271541"
"chr3","46267056","46267374","chr3","71082107","71082409","61","24815051"
"chr3","46317536","46317668","chr9","44740587","44740719","18","1576949"
"chr3","46341465","46341760","chr2","67197269","67197565","51","20855804"
"chr3","46350424","46350753","chr2","6721210","6721532","62","39629214"
"chr3","46352980","46353264","chr12","36903935","36904218","53","9449045"
"chr3","46492234","46492335","chr12","19146655","19146752","15","27345579"
"chr3","46495956","46496237","chr5","144164144","144164432","54","97668188"
"chr3","46505516","46505816","chr14","83083786","83084089","47","36578270"
"chr3","46518139","46518441","chr9","101936901","101937198","49","55418762"
"chr3","46523774","46524061","chr3","180128426","180128712","55","133604652"
"chr3","46549692","46549987","chr15","61542873","61543178","60","14993181"
"chr3","46567231","46567464","chr13","28685405","28685642","48","17881826"
"chr3","46604186","46604296","chr4","19297628","19297737","14","27306558"
"chr3","46604303","46604414","chr8","74203698","74203811","19","27599395"
"chr3","46615488","46615783","chr2","6441719","6442011","36","40173769"
"chr3","46616829","46617110","chr1","65119726","65120013","50","18502897"
"chr3","46618180","46618471","chr1","117574490","117574785","51","70956310"
"chr3","46638075","46638157","chr22","14070009","14070090","12","32568066"
"chr3","46687912","46688045","chr12","19833463","19833596","16","26854449"
"chr3","46707857","46708171","chr2","6394961","6395272","40","40312896"
"chr3","46721934","46722208","chr2","67188298","67188565","47","20466364"
"chr3","46725269","46725546","chr1","186610138","186610422","61","139884869"
"chr3","46726856","46727149","chr9","113479642","113479931","47","66752786"
"chr3","46780249","46780404","chr22","39506936","39507092","28","7273313"
"chr3","46780572","46780866","chrX","125368984","125369285","61","78588412"
"chr3","46910718","46911018","chr1","14123215","14123523","58","32787503"
"chr3","46927258","46927490","chr1","193514051","193514264","65","146586793"
"chr3","46928627","46928907","chr19","31366058","31366340","39","15562569"
"chr3","46929546","46929861","chr18","2673991","2674299","50","44255555"
"chr3","46951193","46951502","chr11","28170536","28170843","85","18780657"
"chr3","46958567","46958837","chr1","4470943","4471220","54","42487624"
"chr3","46997403","46997632","chr1","75654164","75654388","61","28656761"
"chr3","47062183","47062460","chr4","158481330","158481605","39","111419147"
"chr3","47084857","47084965","chr3","139161161","139161276","18","92076304"
"chr3","47093904","47094214","chr2","6045114","6045427","35","41048790"
"chr3","47115978","47116256","chr2","94796166","94796443","49","47680188"
"chr3","47214006","47214058","chr9","58005342","58005393","2","10791336"
"chr3","47348772","47348951","chr2","5801134","5801315","30","41547638"
"chr3","47409323","47409620","chrX","16102878","16103172","47","31306445"
"chr3","47410081","47410376","chr5","47309745","47310037","62","100336"
"chr3","47459005","47459292","chr19","22222731","22223015","50","25236274"
"chr3","47463846","47464131","chr5","94412402","94412691","66","46948556"
"chr3","47560436","47560725","chr3","19993966","19994253","47","27566470"
"chr3","47567585","47567882","chr2","5615573","5615854","44","41952012"
"chr3","47574638","47574959","chr19","31863283","31863592","61","15711355"
"chr3","47626091","47626384","chr2","2218970","2219260","38","45407121"
"chr3","47643032","47643327","chr22","15856407","15856702","41","31786625"
"chr3","47652151","47652457","chrX","92800328","92800623","55","45148177"
"chr3","47701428","47701737","chrX","63118288","63118597","47","15416860"
"chr3","47802227","47802537","chr2","146982644","146982948","48","99180417"
"chr3","47833604","47833924","chr11","28125301","28125613","52","19708303"
"chr3","47976686","47976986","chr9","108638571","108638873","45","60661885"
"chr3","48010276","48010579","chr10","117111097","117111400","39","69100821"
"chr3","48100202","48100332","chr1","194639598","194639728","17","146539396"
"chr3","48104773","48105046","chr2","13940138","13940419","58","34164635"
"chr3","48148126","48148384","chr7","88185841","88186091","59","40037715"
"chr3","48170713","48170811","chr4","13719104","13719198","18","34451609"
"chr3","48171132","48171256","chr8","74203698","74203811","21","26032566"
"chr3","48196855","48197136","chr2","129078851","129079134","45","80881996"
"chr3","48205308","48205601","chr7","25925292","25925587","44","22280016"
"chr3","48212257","48212541","chr2","5057483","5057790","52","43154774"
"chr3","48217961","48218257","chr12","51888773","51889064","41","3670812"
"chr3","48238476","48238771","chr5","35103940","35104236","42","13134536"
"chr3","48256886","48256962","chr1","200642764","200642837","15","152385878"
"chr3","48257341","48257631","chr2","5015242","5015526","39","43242099"
"chr3","48259944","48260236","chr5","50537784","50538079","58","2277840"
"chr3","48262008","48262318","chr11","28125301","28125613","50","20136707"
"chr3","48264849","48265138","chr11","72643464","72643751","41","24378615"
"chr3","48286968","48287270","chr8","29283402","29283703","46","19003566"
"chr3","48329049","48329367","chr14","32375490","32375800","53","15953559"
"chr3","48358533","48358752","chr14","2794925","2795146","38","45563608"
"chr3","48382105","48382406","chr7","25925292","25925587","40","22456813"
"chr3","48534042","48534312","chr1","180589014","180589283","61","132054972"
"chr3","48574974","48575281","chr5","80121277","80121568","76","31546303"
"chr3","48591453","48591560","chr2","94061242","94061349","19","45469789"
"chr3","48667119","48667406","chr1","197465921","197466196","41","148798802"
"chr3","48670910","48670993","chr5","72615428","72615510","14","23944518"
"chr3","48792901","48793196","chr4","108789268","108789567","54","59996367"
"chr3","48954681","48954935","chr2","186704037","186704290","53","137749356"
"chr3","49035566","49035668","chr7","57247597","57247703","21","8212031"
"chr3","49050008","49050278","chr7","65440362","65440636","66","16390354"
"chr3","49141228","49141528","chr9","101210178","101210488","58","52068950"
"chr3","49190642","49190901","chr1","200518150","200518420","57","151327508"
"chr3","49219591","49219892","chr7","19002392","19002692","50","30217199"
"chr3","49343149","49343472","chr1","204164957","204165280","62","154821808"
"chr3","49350815","49351121","chr5","73075939","73076252","44","23725124"
"chr3","49434348","49434662","chr2","39815620","39815927","51","9618728"
"chr3","49440725","49440898","chr11","35372069","35372242","31","14068656"
"chr3","49534551","49534832","chr2","3697728","3698011","40","45836823"
"chr3","49544109","49544401","chr2","3690311","3690599","48","45853798"
"chr3","49703341","49703657","chrX","13416171","13416478","55","36287170"
"chr3","49775425","49775682","chr7","59948325","59948581","39","10172900"
"chr3","49825608","49825923","chr2","3456767","3457080","62","46368841"
"chr3","49846718","49847036","chr8","125702378","125702687","63","75855660"
"chr3","49855327","49855635","chr8","108251316","108251622","48","58395989"
"chr3","49937747","49938068","chr14","42748203","42748502","68","7189544"
"chr3","49995904","49996229","chrUn_GL289054","9235","9549","54","49986669"
"chr3","50057379","50057662","chr5","97448829","97449114","47","47391450"
"chr3","50070258","50070374","chr2","3208826","3208939","14","46861432"
"chr3","50187114","50187403","chr1","141613381","141613669","48","91426267"
"chr3","50197835","50198143","chr2","3088152","3088440","66","47109683"
"chr3","50262379","50262674","chr2","17996148","17996446","46","32266231"
"chr3","50275786","50276074","chr2","14225318","14225608","49","36050468"
"chr3","50278371","50278500","chr10","88556685","88556807","21","38278314"
"chr3","50318871","50319157","chr14","78705130","78705411","49","28386259"
"chr3","50336339","50336622","chr2","2946856","2947138","44","47389483"
"chr3","50373446","50373752","chr9","115476369","115476657","54","65102923"
"chr3","50377512","50377817","chrX","63118288","63118597","48","12740776"
"chr3","50384218","50384515","chr4","131441765","131442051","62","81057547"
"chr3","50412612","50412945","chr1","204164957","204165280","64","153752345"
"chr3","50463042","50463342","chr5","83138079","83138381","46","32675037"
"chr3","50472813","50473104","chr2","12658833","12659120","49","37813980"
"chr3","50506586","50506849","chr6","132679714","132679985","53","82173128"
"chr3","50544440","50544752","chr13","73715400","73715710","47","23170960"
"chr3","50613782","50614097","chr15","61609668","61609978","47","10995886"
"chr3","50641944","50642080","chr4","44797533","44797669","17","5844411"
"chr3","50673000","50673290","chr4","111795287","111795580","46","61122287"
"chr3","50674785","50674889","chr16","64684736","64684840","14","14009951"
"chr3","50688943","50689200","chr8","105549929","105550192","58","54860986"
"chr3","50713196","50713488","chrX","45924991","45925287","44","4788205"
"chr3","50730720","50730787","chr8","37778009","37778074","12","12952711"
"chr3","50854033","50854345","chr14","6471804","6472122","52","44382229"
"chr3","50856001","50856305","chr9","40725344","40725637","53","10130657"
"chr3","50870731","50871039","chr4","54370195","54370493","58","3499464"
"chr3","50933844","50934115","chr6","132408951","132409222","52","81475107"
"chr3","50954251","50954547","chr7","70375823","70376126","48","19421572"
"chr3","50993012","50993323","chr1","98777691","98777997","58","47784679"
"chr3","51015739","51016040","chr2","153267314","153267618","55","102251575"
"chr3","51061041","51061339","chr13","63990237","63990533","44","12929196"
"chr3","51085390","51085678","chr1","13807754","13808053","54","37277636"
"chr3","51100688","51100990","chr9","99956407","99956710","47","48855719"
"chr3","51129402","51129710","chr9","105072042","105072344","43","53942640"
"chr3","51134832","51135120","chr4","10702550","10702832","50","40432282"
"chr3","51282323","51282505","chr8","116235058","116235245","28","64952735"
"chr3","51290387","51290681","chr13","95836072","95836367","40","44545685"
"chr3","51312723","51312998","chr11","5274208","5274485","44","46038515"
"chr3","51346491","51346776","chr2","151333028","151333320","62","99986537"
"chr3","51364792","51365082","chr4","71933212","71933503","43","20568420"
"chr3","51386212","51386534","chr12","89693023","89693339","54","38306811"
"chr3","51440696","51440776","chr5","72615428","72615510","20","21174732"
"chr3","51453836","51454088","chr18","27648623","27648880","48","23805213"
"chr3","51454405","51454444","chr8","97260104","97260146","13","45805699"
"chr3","51462131","51462428","chr9","45325979","45326278","49","6136152"
"chr3","51495036","51495334","chr2","203225383","203225677","46","151730347"
"chr3","51496284","51496365","chr5","133208563","133208644","12","81712279"
"chr3","51505526","51505821","chr9","313539","313832","51","51191987"
"chr3","51536432","51536738","chr5","124645645","124645952","50","73109213"
"chr3","51572615","51572915","chr15","63717719","63718018","45","12145104"
"chr3","51577485","51577661","chr10","126091805","126091971","29","74514320"
"chr3","51600459","51600753","chr19","11821768","11822062","47","39778691"
"chr3","51610962","51611237","chr2","1703923","1704194","35","49907039"
"chr3","51624803","51625109","chr4","139259106","139259407","40","87634303"
"chr3","51643370","51643680","chr19","11726113","11726424","46","39917257"
"chr3","51660523","51660833","chr3","39867139","39867445","54","11793384"
"chr3","51691893","51691992","chr12","9612526","9612620","12","42079367"
"chr3","51697004","51697300","chr10","22665922","22666223","39","29031082"
"chr3","51722863","51723163","chr17","62830726","62831031","43","11107863"
"chr3","51742453","51742739","chr2","15951159","15951438","45","35791294"
"chr3","51744150","51744436","chr19","689846","690125","56","51054304"
"chr3","51792504","51792802","chr20","41078863","41079167","46","10713641"
"chr3","51798492","51798581","chr3","184500001","184500088","13","132701509"
"chr3","51816056","51816368","chr2","1940205","1940517","53","49875851"
"chr3","51840969","51841272","chr14","69866837","69867141","48","18025868"
"chr3","51880097","51880383","chr11","82134409","82134707","61","30254312"
"chr3","51898941","51899250","chr5","71686578","71686874","49","19787637"
"chr3","51899359","51899530","chr2","1536569","1536733","29","50362790"
"chr3","51899921","51900117","chrUn_GL286323","27494","27702","67","51872427"
"chr3","51911264","51911373","chr1","140179643","140179749","25","88268379"
"chr3","51919806","51920112","chr8","43579693","43580000","62","8340113"
"chr3","51995419","51995722","chr9","99956407","99956710","43","47960988"
"chr3","52018462","52018629","chr2","1536569","1536733","28","50481893"
"chr3","52018820","52018939","chr1","193060759","193060877","20","141041939"
"chr3","52034899","52035177","chr1","186610138","186610422","48","134575239"
"chr3","52038269","52038546","chr2","129078851","129079134","41","77040582"
"chr3","52068178","52068469","chr8","14044800","14045099","60","38023378"
"chr3","52075095","52075384","chr2","29899697","29899980","66","22175398"
"chr3","52108663","52108927","chr10","32571653","32571925","72","19537010"
"chr3","52132813","52132897","chr8","108964938","108965023","10","56832125"
"chr3","52136061","52136171","chr3","32875466","32875573","21","19260595"
"chr3","52142219","52142527","chr3","117540807","117541109","45","65398588"
"chr3","52195654","52195757","chr4","71903359","71903457","17","19707705"
"chr3","52203863","52204155","chr10","18027938","18028223","50","34175925"
"chr3","52216093","52216394","chr2","150624041","150624344","44","98407948"
"chr3","52233084","52233383","chr9","45325979","45326278","47","6907105"
"chr3","52244722","52245012","chr19","11821768","11822062","49","40422954"
"chr3","52252387","52252569","chr7","50710204","50710388","29","1542183"
"chr3","52259739","52260053","chr6","75230350","75230656","54","22970611"
"chr3","52262325","52262546","chr6","25551148","25551366","44","26711177"
"chr3","52302971","52303008","chr9","82510120","82510155","5","30207149"
"chr3","52306239","52306525","chr4","152013452","152013750","64","99707213"
"chr3","52329048","52329097","chr6","107444290","107444344","14","55115242"
"chr3","52342920","52343215","chr17","28540483","28540776","54","23802437"
"chr3","52379701","52379830","chr15","34334149","34334277","23","18045552"
"chr3","52408923","52409238","chr4","109809829","109810146","60","57400906"
"chr3","52438986","52439279","chr12","94624697","94624994","54","42185711"
"chr3","52458133","52458411","chr10","100408257","100408540","44","47950124"
"chr3","52545431","52545524","chr13","26888294","26888389","15","25657137"
"chr3","52595286","52595564","chr10","129718624","129718892","60","77123338"
"chr3","52606683","52606843","chr5","137430867","137431028","30","84824184"
"chr3","52607871","52607972","chr5","43376895","43376998","25","9230976"
"chr3","52608899","52609143","chr4","20330323","20330563","57","32278576"
"chr3","52610188","52610335","chr14","102570988","102571134","37","49960800"
"chr3","52639064","52639369","chr5","82250286","82250593","43","29611222"
"chr3","52650545","52650818","chr9","114412465","114412744","59","61761920"
"chr3","52654497","52654682","chr9","122995622","122995811","28","70341125"
"chr3","52684350","52684480","chr2","12703019","12703151","21","39981331"
"chr3","52735780","52736067","chrX","106525012","106525299","37","53789232"
"chr3","52880319","52880545","chr2","21530661","21530876","45","31349658"
"chr3","52881254","52881320","chr1","138415765","138415834","18","85534511"
"chr3","52956238","52956541","chrX","22100505","22100814","52","30855733"
"chr3","53009849","53009951","chr13","114473081","114473185","21","61463232"
"chr3","53012139","53012432","chr1","156644747","156645035","51","103632608"
"chr3","53061260","53061562","chr11","97529301","97529595","56","44468041"
"chr3","53086155","53086464","chr5","73075939","73076252","50","19989784"
"chr3","53113606","53113647","chrX","15428193","15428233","5","37685413"
"chr3","53147531","53147686","chr22","12189302","12189457","27","40958229"
"chr3","53304160","53304272","chr22","10023847","10023961","25","43280313"
"chr3","53304274","53304437","chr22","6660273","6660438","35","46644001"
"chr3","53358215","53358326","chr15","38531134","38531240","15","14827081"
"chr3","53383379","53383673","chr14","106949542","106949829","72","53566163"
"chr3","53412048","53412088","chr2","24894555","24894596","6","28517493"
"chr3","53417673","53417818","chr2","11039790","11039940","38","42377883"
"chr3","53467960","53468111","chr1","198357460","198357605","31","144889500"
"chr3","53564855","53565131","chr2","136541690","136541970","50","82976835"
"chr3","53600076","53600369","chr18","37062415","37062712","53","16537661"
"chr3","53734934","53735215","chr7","40789702","40789982","50","12945232"
"chr3","54078150","54078242","chr6","31893763","31893853","14","22184387"
"chr3","54121677","54121977","chr4","98746325","98746622","44","44624648"
"chr3","54124342","54124595","chr11","44116514","44116768","55","10007828"
"chr3","54878439","54878725","chr20","32254809","32255104","69","22623630"
"chr3","54883736","54883896","chr7","12902130","12902295","30","41981606"
"chr3","54946716","54946832","chr17","62957551","62957668","21","8010835"
"chr3","54986637","54986701","chr1","15206236","15206296","10","39780401"
"chr3","54999151","54999449","chr13","114422744","114423042","56","59423593"
"chr3","55006111","55006420","chr9","105072042","105072344","51","50065931"
"chr3","55023470","55023729","chr22","37085330","37085592","44","17938140"
"chr3","55041547","55041855","chr1","174920093","174920401","50","119878546"
"chr3","55041856","55042164","chr17","69045271","69045580","46","14003415"
"chr3","55076325","55076574","chr7","4003301","4003555","60","51073024"
"chr3","55114366","55114640","chr1","167116975","167117247","53","112002609"
"chr3","55117052","55117361","chr2","150624041","150624344","46","95506989"
"chr3","55139441","55139731","chr14","83420159","83420454","66","28280718"
"chr3","55149815","55149972","chr5","78438507","78438669","33","23288692"
"chr3","55157036","55157328","chr6","17854050","17854340","44","37302986"
"chr3","55158731","55158834","chr6","62148365","62148467","18","6989634"
"chr3","55174271","55174563","chr19","477007","477302","59","54697264"
"chr3","55176482","55176791","chrUn_GL286217","143262","143564","49","55033220"
"chr3","55183307","55183600","chr3","140100776","140101069","42","84917469"
"chr3","55192180","55192298","chr8","97073331","97073441","22","41881151"
"chr3","55197981","55198072","chr11","129849375","129849465","11","74651394"
"chr3","55205720","55205873","chr5","149306367","149306522","27","94100647"
"chr3","55218015","55218328","chr18","32076394","32076707","51","23141621"
"chr3","55232073","55232380","chr12","87181267","87181572","48","31949194"
"chr3","55253410","55253513","chr11","111435270","111435370","20","56181860"
"chr3","55259896","55260036","chr1","177427982","177428122","26","122168086"
"chr3","55263320","55263629","chr9","91473040","91473349","56","36209720"
"chr3","55271753","55271845","chr9","66763072","66763159","11","11491319"
"chr3","55286057","55286338","chr17","67593125","67593399","44","12307068"
"chr3","55341866","55342172","chr9","104034265","104034566","44","48692399"
"chr3","55416871","55417121","chr7","49987466","49987713","45","5429405"
"chr3","55424785","55425082","chr14","32553436","32553738","54","22871349"
"chr3","55438697","55438866","chr13","50807746","50807911","33","4630951"
"chr3","55439742","55440051","chr12","10884989","10885294","51","44554753"
"chr3","55459082","55459387","chr13","100833906","100834215","51","45374824"
"chr3","55459574","55459892","chr12","16529738","16530045","58","38929836"
"chr3","55512338","55512448","chr1","121392334","121392446","23","65879996"
"chr3","55526380","55526682","chr1","27962292","27962589","47","27564088"
"chr3","55542189","55542470","chr5","114230311","114230585","53","58688122"
"chr3","55890998","55891100","chr3","138036510","138036608","17","82145512"
"chr3","55895335","55895637","chr10","115586657","115586959","46","59691322"
"chr3","55981037","55981334","chr5","41846454","41846751","52","14134583"
"chr3","56023598","56023909","chr5","11439006","11439313","50","44584592"
"chr3","56237342","56237655","chr22","1024519","1024830","50","55212823"
"chr3","56609969","56610070","chr1","79687396","79687492","20","23077427"
"chr3","56610743","56611022","chr10","41485100","41485371","46","15125643"
"chr3","57240861","57241069","chr12","90697520","90697701","72","33456659"
"chr3","57260928","57261224","chr2","39828090","39828388","42","17432838"
"chr3","57276756","57277064","chr8","20875531","20875842","43","36401225"
"chr3","57689770","57690086","chrX","13416171","13416478","61","44273599"
"chr3","57738479","57738771","chr5","80444488","80444781","49","22706009"
"chr3","57840137","57840440","chr3","117540807","117541109","44","59700670"
"chr3","57988705","57989028","chr4","132055862","132056190","52","74067157"
"chr3","58206182","58206465","chr16","33019063","33019348","53","25187119"
"chr3","58330533","58330826","chr15","68396863","68397143","57","10066330"
"chr3","58401559","58401873","chr15","37932298","37932608","50","20469261"
"chr3","58568227","58568529","chrX","14757652","14757955","50","43810575"
"chr3","58682214","58682510","chr8","32617085","32617381","53","26065129"
"chr3","59227565","59227851","chr6","14774575","14774856","57","44452990"
"chr3","59323487","59323779","chr8","18900723","18901014","53","40422764"
"chr3","59702195","59702498","chr7","70375823","70376126","52","10673628"
"chr3","60012740","60012779","chr5","126098289","126098328","7","66085549"
"chr3","60153817","60154110","chr1","156644747","156645035","41","96490930"
"chr3","60171454","60171746","chr21","35283943","35284237","44","24887511"
"chr3","60209163","60209442","chr8","18020338","18020612","42","42188825"
"chr3","60248584","60248872","chr11","74071286","74071581","48","13822702"
"chr3","60835883","60836186","chr12","82715784","82716082","43","21879901"
"chr3","60845052","60845358","chr8","17408034","17408341","46","43437018"
"chr3","61116201","61116497","chr5","116663888","116664187","36","55547687"
"chr3","61139726","61140035","chr2","13096085","13096390","50","48043641"
"chr3","61275205","61275322","chr1","205933415","205933532","16","144658210"
"chr3","61319610","61319874","chr22","2157339","2157607","57","59162271"
"chr3","61393851","61394149","chr15","39981685","39981986","51","21412166"
"chr3","61534391","61534634","chr4","155262110","155262362","54","93727719"
"chr3","61570644","61570950","chrX","125368984","125369285","49","63798340"
"chr3","61592960","61593227","chr12","23502581","23502850","48","38090379"
"chr3","61706509","61706772","chr8","16597878","16598152","49","45108631"
"chr3","62149855","62150163","chr6","140248563","140248872","56","78098708"
"chr3","62151888","62152166","chr12","110449134","110449416","48","48297246"
"chr3","62417498","62417808","chr14","77613723","77614028","45","15196225"
"chr3","62733961","62734266","chr8","15640091","15640401","43","47093870"
"chr3","62902899","62903199","chr12","113800907","113801197","40","50898008"
"chr3","63111998","63112080","chr14","83388331","83388409","11","20276333"
"chr3","63169298","63169595","chr5","523629","523928","46","62645669"
"chr3","63192399","63192667","chr14","16516903","16517171","61","46675496"
"chr3","63247862","63247997","chr14","75738215","75738358","39","12490353"
"chr3","63426058","63426343","chr11","60574273","60574555","51","2851785"
"chr3","63519020","63519310","chr12","45680241","45680531","48","17838779"
"chr3","63548437","63548671","chr6","16224509","16224755","59","47323928"
"chr3","63560794","63561090","chr1","170771447","170771746","45","107210653"
"chr3","63581697","63581984","chr8","14859884","14860161","44","48721813"
"chr3","63664211","63664512","chr17","70341771","70342065","56","6677560"
"chr3","63734751","63735023","chr11","5274208","5274485","46","58460543"
"chr3","63907978","63908283","chr10","118578692","118578996","50","54670714"
"chr3","64089933","64090216","chr7","155162191","155162474","37","91072258"
"chr3","64320757","64321048","chr13","95836072","95836367","52","31515315"
"chr3","64335788","64335916","chr4","44089309","44089433","19","20246479"
"chr3","64406439","64406741","chr22","42274761","42275058","46","22131678"
"chr3","64643532","64643833","chr3","119046733","119047044","58","54403201"
"chr3","64648898","64649205","chr6","75230350","75230656","57","10581452"
"chr3","64923415","64923694","chr5","26340268","26340554","55","38583147"
"chr3","65791244","65791543","chr8","12998869","12999160","41","52792375"
"chr3","65930386","65930671","chr8","110543944","110544225","46","44613558"
"chr3","65945287","65945584","chr8","12843597","12843892","41","53101690"
"chr3","66065139","66065294","chr21","45338800","45338950","25","20726339"
"chr3","66129245","66129537","chr7","24906412","24906703","61","41222833"
"chr3","66181046","66181339","chr8","12606190","12606463","52","53574856"
"chr3","66201400","66201707","chr9","112188618","112188919","50","45987218"
"chr3","66277165","66277465","chr7","85080523","85080815","44","18803358"
"chr3","66367299","66367609","chr11","28125301","28125613","46","38241998"
"chr3","66393277","66393534","chrX","46210451","46210697","55","20182826"
"chr3","66396302","66396600","chr17","41887885","41888178","64","24508417"
"chr3","66414167","66414472","chr7","50997082","50997385","51","15417085"
"chr3","66418063","66418158","chr7","30443001","30443098","14","35975062"
"chr3","66501531","66501702","chr5","71742798","71742968","34","5241267"
"chr3","66517797","66517944","chr6","154284762","154284910","29","87766965"
"chr3","66606715","66607013","chr11","14325732","14326029","55","52280983"
"chr3","66611117","66611421","chr8","12163685","12163992","58","54447432"
"chr3","66616202","66616513","chr10","21024965","21025274","45","45591237"
"chr3","66630171","66630346","chr17","28328813","28328985","38","38301358"
"chr3","66636927","66637243","chr2","1940205","1940517","61","64696722"
"chr3","66682338","66682488","chr1","204459259","204459408","20","137776921"
"chr3","66703947","66704226","chr2","79572103","79572387","49","12868156"
"chr3","66708995","66709292","chr1","154178819","154179123","48","87469824"
"chr3","66712823","66712943","chr8","74203698","74203811","20","7490875"
"chr3","66727761","66728048","chr19","15585463","15585749","40","51142298"
"chr3","66880061","66880324","chr1","89374443","89374725","60","22494382"
"chr3","67034016","67034308","chr20","43097513","43097806","39","23936503"
"chr3","67098870","67099173","chr2","64486245","64486545","49","2612625"
"chr3","67106603","67106908","chr11","120335713","120336012","51","53229110"
"chr3","67142374","67142684","chr6","21930692","21931000","51","45211682"
"chr3","67162134","67162427","chr5","20959063","20959352","48","46203071"
"chr3","67198660","67198851","chr16","60110946","60111135","33","7087714"
"chr3","67199165","67199300","chr2","193530196","193530332","19","126331031"
"chr3","67224841","67225154","chr8","11525181","11525485","47","55699660"
"chr3","67225686","67226014","chr20","20348077","20348385","75","46877609"
"chr3","67233180","67233476","chr5","95581652","95581947","51","28348472"
"chr3","67259833","67260122","chr7","6919741","6920024","61","60340092"
"chr3","67343725","67344024","chr6","119011301","119011592","50","51667576"
"chr3","67345707","67345806","chr8","11420763","11420861","9","55924944"
"chr3","67354075","67354382","chrUn_GL286420","723630","723939","54","66630445"
"chr3","67381566","67381875","chr7","70375823","70376126","52","2994257"
"chr3","67403856","67404154","chr10","100757276","100757573","42","33353420"
"chr3","67429304","67429606","chr5","73075939","73076252","54","5646635"
"chr3","67431102","67431410","chr2","150624041","150624344","45","83192939"
"chr3","67434248","67434538","chr14","915738","916038","41","66518510"
"chr3","67502960","67503267","chr4","139259106","139259407","46","71756146"
"chr3","67513974","67514266","chr11","20385409","20385702","41","47128565"
"chr3","67524797","67525094","chr22","41886502","41886799","36","25638295"
"chr3","67555171","67555491","chr15","88183210","88183521","89","20628039"
"chr3","67557904","67558215","chr2","11077390","11077699","50","56480514"
"chr3","67575495","67575792","chr7","33547338","33547635","46","34028157"
"chr3","67613169","67613465","chr2","203225383","203225677","54","135612214"
"chr3","67661655","67661840","chr2","159945609","159945792","29","92283954"
"chr3","67666366","67666677","chr13","97504784","97505088","53","29838418"
"chr3","67670147","67670448","chrX","64172412","64172721","56","3497735"
"chr3","67794098","67794409","chr16","5681054","5681364","62","62113044"
"chr3","67902032","67902311","chr1","197465921","197466196","41","129563889"
"chr3","68052763","68053069","chr3","71082107","71082409","60","3029344"
"chr3","68103323","68103704","chr8","10628547","10628918","57","57474776"
"chr3","68141125","68141430","chr10","7410350","7410658","45","60730775"
"chr3","68210006","68210302","chr5","131388123","131388415","60","63178117"
"chr3","68216598","68216902","chr9","99956407","99956710","44","31739809"
"chr3","68249915","68250213","chr3","33671294","33671571","65","34578621"
"chr3","68628791","68629089","chr12","8843315","8843617","53","59785476"
"chr3","68673888","68674161","chr1","186610138","186610422","60","117936250"
"chr3","68810183","68810347","chr22","46430689","46430855","35","22379494"
"chr3","68839634","68839733","chr16","94172591","94172690","11","25332957"
"chr3","68839904","68840069","chr2","1536569","1536733","35","67303335"
"chr3","69033892","69034193","chr8","9782411","9782710","52","59251481"
"chr3","69034201","69034333","chr3","86420730","86420862","22","17386529"
"chr3","69041519","69041811","chr3","54118707","54118995","41","14922812"
"chr3","69116543","69116860","chr6","121802757","121803058","64","52686214"
"chr3","69291103","69291421","chrUn_GL288815","12574","12885","47","69278529"
"chr3","69427347","69427633","chr1","13162324","13162614","51","56265023"
"chr3","69698255","69698564","chr8","55443604","55443912","61","14254651"
"chr3","69780270","69780473","chr5","44706719","44706918","49","25073551"
"chr3","69880490","69880779","chr10","82921268","82921557","44","13040778"
"chr3","69911136","69911314","chr1","26292789","26292968","21","43618347"
"chr3","69989647","69989941","chr5","80121277","80121568","44","10131630"
"chr3","70063409","70063695","chr20","7477077","7477364","51","62586332"
"chr3","70360651","70360915","chr3","164929173","164929450","50","94568522"
"chr3","70518367","70518666","chr5","3057174","3057476","35","67461193"
"chr3","70540507","70540630","chr5","2486538","2486655","24","68053969"
"chr3","70589646","70589944","chr5","109061221","109061518","48","38471575"
"chr3","70608523","70608815","chr5","110489286","110489576","57","39880763"
"chr3","70722431","70722729","chr7","70375823","70376126","50","346608"
"chr3","70791517","70791828","chr14","33666014","33666321","50","37125503"
"chr3","70830687","70830982","chr16","71570137","71570438","52","739450"
"chr3","70838260","70838570","chrX","63118288","63118597","41","7719972"
"chr3","70986227","70986535","chr7","20593863","20594174","55","50392364"
"chr3","70995965","70996170","chr12","101395801","101396004","34","30399836"
"chr3","71022606","71022797","chr1","191817382","191817565","40","120794776"
"chr3","71039260","71039392","chr5","10559689","10559821","22","60479571"
"chr3","71060740","71061037","chr5","38961993","38962289","45","32098747"
"chr3","71135043","71135320","chr1","197465921","197466196","48","126330878"
"chr3","71141641","71141932","chr9","107245625","107245908","49","36103984"
"chr3","71145541","71145803","chr19","29182887","29183161","62","41962654"
"chr3","71158273","71158507","chr2","63048416","63048652","42","8109857"
"chr3","71166062","71166368","chr10","115586657","115586959","51","44420595"
"chr3","71166379","71166690","chr5","73075939","73076252","41","1909560"
"chr3","71177050","71177338","chr7","33547338","33547635","45","37629712"
"chr3","71181252","71181553","chr7","33547338","33547635","46","37633914"
"chr3","71181803","71182100","chr2","203225383","203225677","47","132043580"
"chr3","71193699","71194015","chr5","73428257","73428563","58","2234558"
"chr3","71202925","71203217","chr2","67847090","67847384","55","3355835"
"chr3","71203275","71203577","chr8","7679283","7679584","37","63523992"
"chr3","71216069","71216338","chr1","180589014","180589283","50","109372945"
"chr3","71223764","71224036","chrY","1865368","1865645","63","69358396"
"chr3","71242223","71242529","chr2","164878629","164878927","59","93636406"
"chr3","71275314","71275617","chr5","38842722","38843017","49","32432592"
"chr3","71279977","71280274","chr2","10591091","10591384","50","60688886"
"chr3","71281913","71282033","chr1","171740201","171740320","18","100458288"
"chr3","71295776","71295998","chr10","105242142","105242359","53","33946366"
"chr3","71324428","71324724","chr8","7558352","7558659","49","63766076"
"chr3","71325155","71325445","chr8","7557652","7557943","44","63767503"
"chr3","71331583","71331875","chr19","11821768","11822062","48","59509815"
"chr3","71332827","71332988","chr8","7554328","7554498","30","63778499"
"chr3","71332994","71333287","chr8","7554031","7554324","37","63778963"
"chr3","71379040","71379349","chrX","17705039","17705341","48","53674001"
"chr3","71398589","71398816","chr8","7513383","7513624","41","63885206"
"chr3","71422813","71423093","chr9","83284355","83284632","60","11861542"
"chr3","71450880","71451180","chr10","1666053","1666355","48","69784827"
"chr3","71462703","71462929","chr8","4691812","4692036","55","66770891"
"chr3","71483415","71483637","chr8","7432240","7432447","47","64051175"
"chr3","71493580","71493715","chr1","13126429","13126562","21","58367151"
"chr3","71505947","71506252","chr7","70375823","70376126","43","1130124"
"chr3","71534352","71534655","chr8","7382527","7382840","44","64151825"
"chr3","71544049","71544411","chr3","88407637","88407981","89","16863588"
"chr3","71625419","71625696","chr3","164929173","164929450","49","93303754"
"chr3","71626692","71627012","chr10","6938704","6939019","59","64687988"
"chr3","71638777","71639107","chr4","132055862","132056190","55","60417085"
"chr3","71699383","71699672","chr10","82921268","82921557","45","11221885"
"chr3","71732559","71732823","chr9","123778317","123778575","49","52045758"
"chr3","71762091","71762269","chr20","3785470","3785644","33","67976621"
"chr3","71895477","71895788","chr8","7016632","7016930","49","64878845"
"chr3","71917857","71917954","chr1","152578217","152578314","14","80660360"
"chr3","71954862","71955142","chr5","138326480","138326768","54","66371618"
"chr3","72113217","72113525","chr8","6783407","6783713","57","65329810"
"chr3","72201754","72202070","chr5","117041322","117041627","72","44839568"
"chr3","72238158","72238479","chr11","28125301","28125613","55","44112857"
"chr3","72440147","72440443","chr21","49460008","49460303","47","22980139"
"chr3","72500705","72500821","chr9","85537785","85537906","23","13037080"
"chr3","72642831","72643141","chr11","28125301","28125613","49","44517530"
"chr3","72840540","72840660","chr3","165521879","165521997","18","92681339"
"chr3","73134859","73135035","chr3","183689850","183690027","35","110554991"
"chr3","73178263","73178544","chr7","50550584","50550865","48","22627679"
"chr3","73323906","73324193","chr8","5695537","5695840","52","67628369"
"chr3","73396380","73396510","chr5","10559689","10559821","16","62836691"
"chr3","73707695","73707760","chr2","29486737","29486803","8","44220958"
"chr3","73739714","73739995","chr1","148438931","148439211","49","74699217"
"chr3","73804784","73804861","chr8","5290489","5290568","14","68514295"
"chr3","73906428","73906700","chr4","80376150","80376420","61","6469722"
"chr3","73923756","73924060","chrX","95555269","95555559","65","21631513"
"chr3","73976815","73977123","chr2","39815620","39815927","50","34161195"
"chr3","73981779","73982070","chr7","25925292","25925587","38","48056487"
"chr3","74083653","74083969","chr10","99483273","99483561","72","25399620"
"chr3","74122753","74122835","chr5","72615428","72615510","8","1507325"
"chr3","74390528","74390575","chr7","10054243","10054291","3","64336285"
"chr3","74577600","74577906","chr13","16158986","16159282","52","58418614"
"chr3","74626633","74626925","chr1","41686123","41686409","47","32940510"
"chr3","74644078","74644379","chr3","104986455","104986757","50","30342377"
"chr3","74807134","74807436","chr1","27962292","27962589","50","46844842"
"chr3","75103876","75104101","chr9","123851969","123852189","45","48748093"
"chr3","75109464","75109660","chr6","119008386","119008575","43","43898922"
"chr3","75117607","75117905","chr8","3987616","3987918","41","71129991"
"chr3","75125997","75126069","chr1","180912692","180912762","21","105786695"
"chr3","75225142","75225441","chr5","109061221","109061518","56","33836079"
"chr3","75269502","75269815","chr7","46614511","46614801","62","28654991"
"chr3","75341795","75342105","chrX","117763468","117763772","49","42421673"
"chr3","75372675","75372994","chr12","78334228","78334543","62","2961553"
"chr3","75394187","75394348","chr15","78299752","78299912","32","2905565"
"chr3","75397580","75397706","chr18","4542062","4542187","29","70855518"
"chr3","75397798","75397938","chr17","46933488","46933629","32","28464310"
"chr3","75418814","75418996","chr5","110926377","110926556","33","35507563"
"chr3","75651796","75652090","chr8","26807553","26807845","62","48844243"
"chr3","75901018","75901329","chr8","3189646","3189952","43","72711372"
"chr3","76106776","76107082","chr8","2965248","2965548","37","73141528"
"chr3","76149769","76149991","chr7","21935234","21935463","41","54214535"
"chr3","76190723","76191009","chr20","26369514","26369801","57","49821209"
"chr3","76396789","76396862","chr1","200642764","200642837","10","124245975"
"chr3","76583250","76583534","chr1","92257912","92258194","57","15674662"
"chr3","76593232","76593542","chr13","63795202","63795505","49","12798030"
"chr3","77100753","77101045","chr9","21213183","21213469","42","55887570"
"chr3","77210210","77210520","chr6","75230350","75230656","47","1979860"
"chr3","77327771","77328068","chr8","1790524","1790818","40","75537247"
"chr3","77560050","77560196","chr22","2602482","2602650","61","74957568"
"chr3","77614987","77615261","chr1","141513493","141513763","51","63898506"
"chr3","77715714","77715968","chr2","51903692","51903942","50","25812022"
"chr3","77747921","77748223","chr2","13560154","13560454","59","64187767"
"chr3","77854523","77854829","chr2","66989134","66989436","58","10865389"
"chr3","77887128","77887436","chr6","148673760","148674058","53","70786632"
"chr3","78024177","78024463","chr2","2218970","2219260","53","75805207"
"chr3","78054215","78054513","chrX","16102878","16103172","47","61951337"
"chr3","78094395","78094695","chr6","8257548","8257852","53","69836847"
"chr3","78117865","78118164","chr17","7083028","7083324","55","71034837"
"chr3","78120889","78121006","chr4","105471603","105471719","24","27350714"
"chr3","78141208","78141499","chr3","140100776","140101069","41","61959568"
"chr3","78147280","78147552","chr7","42400934","42401204","53","35746346"
"chr3","78159426","78159731","chr9","35929246","35929545","56","42230180"
"chr3","78213285","78213492","chr7","153176106","153176304","49","74962821"
"chr3","78267574","78267789","chr3","110953925","110954139","44","32686351"
"chr3","78312284","78312581","chr12","114854084","114854381","45","36541800"
"chr3","78393499","78393797","chrUn_GL286217","143262","143564","46","78250237"
"chr3","78498389","78498693","chr8","2965248","2965548","41","75533141"
"chr3","78545147","78545190","chr19","16476436","16476479","1","62068711"
"chr3","78567259","78567540","chr9","12777005","12777285","43","65790254"
"chr3","78630108","78630395","chr4","77774885","77775172","45","855223"
"chr3","78689438","78689749","chr18","28078185","28078496","43","50611253"
"chr3","78699717","78700002","chr12","107125942","107126232","48","28426225"
"chr3","78759183","78759476","chr6","119011301","119011592","52","40252118"
"chr3","78790435","78790736","chr9","105072042","105072344","45","26281607"
"chr3","78989193","78989447","chr8","443584","443841","35","78545609"
"chr3","79066788","79067089","chr4","139259106","139259407","44","60192318"
"chr3","79376226","79376522","chr7","44689617","44689912","43","34686609"
"chr3","79570036","79570327","chr5","32794725","32795024","51","46775311"
"chr3","79578355","79578650","chrUn_GL286373","2039558","2039846","47","77538797"
"chr3","79863886","79864147","chr8","24542658","24542922","36","55321228"
"chr3","80318279","80318541","chr8","72736825","72737089","56","7581454"
"chr3","80435784","80436076","chr8","25082831","25083131","41","55352953"
"chr3","80745161","80745260","chr17","32764496","32764590","17","47980665"
"chr3","80749340","80749630","chr8","25375417","25375696","50","55373923"
"chr3","80833269","80833565","chr3","117540807","117541109","51","36707538"
"chr3","80855033","80855307","chr18","13372922","13373196","46","67482111"
"chr3","80987421","80987727","chr8","25622855","25623159","48","55364566"
"chr3","81134888","81135031","chr5","39827158","39827291","29","41307730"
"chr3","81136365","81136699","chr6","116215103","116215435","72","35078738"
"chr3","81189699","81190005","chr6","119263062","119263365","43","38073363"
"chr3","81220184","81220472","chr8","25848398","25848684","41","55371786"
"chr3","81221155","81221500","chr8","25849345","25849655","67","55371810"
"chr3","81289960","81290156","chr8","816753","816942","38","80473207"
"chr3","81356269","81356565","chr3","88018588","88018878","53","6662319"
"chr3","81358391","81358671","chr11","9566946","9567225","49","71791445"
"chr3","81426726","81427036","chr18","2673991","2674299","42","78752735"
"chr3","81507040","81507321","chr8","26229669","26229957","41","55277371"
"chr3","81663774","81664099","chr8","26390903","26391207","61","55272871"
"chr3","81702015","81702317","chr8","26429417","26429715","39","55272598"
"chr3","81746589","81746890","chr9","99956407","99956710","43","18209818"
"chr3","81765375","81765674","chr2","71331505","71331809","44","10433870"
"chr3","81785520","81785815","chr10","13670605","13670898","49","68114915"
"chr3","81791770","81791805","chr7","144507715","144507751","6","62715945"
"chr3","81918264","81918566","chr6","118600755","118601054","44","36682491"
"chr3","81932243","81932531","chr7","53679574","53679859","65","28252669"
"chr3","82025998","82026290","chr12","79485299","79485587","43","2540699"
"chr3","82027874","82028185","chr16","25713688","25713998","49","56314186"
"chr3","82059107","82059374","chr5","122438480","122438746","43","40379373"
"chr3","82136674","82136965","chr8","26883216","26883508","34","55253458"
"chr3","82315355","82315684","chr2","3733544","3733853","62","78581811"
"chr3","82333359","82333664","chr5","124645645","124645952","52","42312286"
"chr3","82606790","82607102","chr5","126934933","126935247","53","44328143"
"chr3","82924057","82924369","chr11","28125301","28125613","46","54798756"
"chr3","83035611","83035897","chr12","100817634","100817942","53","17782023"
"chr3","83106535","83106835","chr8","27868648","27868943","41","55237887"
"chr3","83177821","83178122","chr4","139259106","139259407","47","56081285"
"chr3","83210424","83210712","chr18","11204017","11204306","43","72006407"
"chr3","83285748","83286083","chr13","63990237","63990533","97","19295511"
"chr3","83333021","83333307","chr12","26130148","26130438","40","57202873"
"chr3","83416311","83416618","chr5","65616565","65616873","50","17799746"
"chr3","83439913","83440195","chr1","148438931","148439211","49","64999018"
"chr3","83608056","83608234","chr8","28366576","28366744","32","55241480"
"chr3","83632747","83633032","chr7","50803128","50803418","53","32829619"
"chr3","83702196","83702426","chr5","5042006","5042244","49","78660190"
"chr3","83857863","83858149","chr7","84954640","84954925","54","1096777"
"chr3","83866505","83866587","chr5","107926030","107926117","27","24059525"
"chr3","83884054","83884339","chr5","88521494","88521788","50","4637440"
"chr3","83906744","83906852","chr8","97073331","97073441","15","13166587"
"chr3","84050673","84050967","chr10","99483273","99483561","35","15432600"
"chr3","84174656","84174939","chr1","167116975","167117247","51","82942319"
"chr3","84455773","84456058","chr8","29226977","29227266","43","55228796"
"chr3","84507621","84507934","chr8","29283402","29283703","48","55224219"
"chr3","84604286","84604592","chr8","29388031","29388340","32","55216255"
"chr3","84624924","84625238","chr2","146982644","146982948","52","62357720"
"chr3","84643348","84643645","chr8","29423957","29424248","49","55219391"
"chr3","84649051","84649361","chr8","29429915","29430221","56","55219136"
"chr3","84681749","84681792","chr13","102382511","102382553","3","17700762"
"chr3","84684608","84684918","chrX","17705039","17705341","52","66979569"
"chr3","84730498","84730746","chr9","39681451","39681692","61","45049047"
"chr3","84732153","84732268","chr14","77760151","77760265","16","6972002"
"chr3","84736095","84736381","chr4","10702550","10702832","52","74033545"
"chr3","84740935","84741231","chr2","203225383","203225677","52","118484448"
"chr3","84741698","84741999","chr9","99956407","99956710","44","15214709"
"chr3","84791769","84791994","chr11","110236340","110236562","43","25444571"
"chr3","84822552","84822876","chr5","27294123","27294432","61","57528429"
"chr3","84892880","84893192","chr8","106549657","106549965","65","21656777"
"chr3","84925679","84925977","chr1","174098167","174098463","56","89172488"
"chr3","84926831","84926967","chr2","146936311","146936444","27","62009480"
"chr3","84960817","84960857","chr2","1338529","1338568","4","83622288"
"chr3","84975533","84975841","chr2","71331505","71331809","64","13644028"
"chr3","84996584","84996704","chr2","70636116","70636235","28","14360468"
"chr3","85126476","85126782","chr7","70375823","70376126","43","14750653"
"chr3","85679458","85679720","chr7","40558392","40558668","58","45121066"
"chr3","85812342","85812649","chr1","103493366","103493665","60","17681024"
"chr3","85816266","85816521","chr8","7513383","7513624","73","78302883"
"chr3","85822060","85822363","chr5","37902121","37902416","48","47919939"
"chr3","85892409","85892709","chr12","20230563","20230858","39","65661846"
"chr3","85915765","85916063","chr22","14367659","14367956","48","71548106"
"chr3","85920622","85920653","chr22","1847799","1847831","3","84072823"
"chr3","85960795","85961072","chr6","47776710","47776988","48","38184085"
"chr3","85972841","85973134","chrUn_GL286373","2039558","2039846","49","83933283"
"chr3","86150088","86150135","chr7","147068321","147068369","5","60918233"
"chr3","86150136","86150259","chr15","76799696","76799813","30","9350440"
"chr3","86153245","86153526","chr8","30842887","30843155","46","55310358"
"chr3","86184013","86184301","chr11","5956412","5956699","65","80227601"
"chr3","87082651","87082954","chr1","170771447","170771746","46","83688796"
"chr3","87111646","87111918","chr4","80376150","80376420","50","6735496"
"chr3","87112404","87112663","chr15","71708384","71708642","45","15404020"
"chr3","87182816","87183111","chr5","157123974","157124276","61","69941158"
"chr3","87262657","87262938","chr8","32055390","32055671","40","55207267"
"chr3","87336596","87336625","chr4","30855651","30855680","4","56480945"
"chr3","87338592","87338848","chr1","180589014","180589283","62","93250422"
"chr3","87340057","87340314","chr1","180589014","180589283","54","93248957"
"chr3","87349054","87349313","chr2","195514287","195514543","49","108165233"
"chr3","87364354","87364652","chr5","106626420","106626712","48","19262066"
"chr3","87394413","87394492","chr6","149016313","149016392","13","61621900"
"chr3","87397043","87397332","chr5","115863747","115864033","51","28466704"
"chr3","87402296","87402572","chr22","24512948","24513234","64","62889348"
"chr3","87429519","87429815","chr14","3533089","3533371","61","83896430"
"chr3","87430750","87431011","chr18","4213661","4213930","57","83217089"
"chr3","87449628","87449717","chr4","110642008","110642097","11","23192380"
"chr3","87477012","87477309","chr14","76157685","76157986","47","11319327"
"chr3","87485471","87485787","chr12","105081170","105081479","59","17595699"
"chr3","87489165","87489467","chr6","121802757","121803058","48","34313592"
"chr3","87490442","87490481","chr4","108300328","108300373","9","20809886"
"chr3","87493422","87493584","chr18","3213784","3213948","32","84279638"
"chr3","87497848","87498100","chr9","85583535","85583783","49","1914313"
"chr3","87523313","87523613","chr4","5114628","5114934","55","82408685"
"chr3","87542832","87543129","chr9","100098416","100098714","36","12555584"
"chr3","87562976","87563274","chr1","13807754","13808053","42","73755222"
"chr3","87566635","87566926","chr8","32398250","32398533","44","55168385"
"chr3","87579845","87580121","chr5","76172590","76172876","56","11407255"
"chr3","87594336","87594620","chr8","32426401","32426692","49","55167935"
"chr3","87599019","87599320","chr5","41268769","41269073","45","46330250"
"chr3","87614746","87615038","chr19","23703813","23704099","48","63910933"
"chr3","87627273","87627327","chr11","14970623","14970676","6","72656650"
"chr3","87645072","87645182","chr5","84481557","84481668","16","3163515"
"chr3","87651440","87651749","chr10","125503014","125503329","51","37851574"
"chr3","87706332","87706614","chr1","186610138","186610422","50","98903806"
"chr3","87717159","87717469","chr5","73075939","73076252","44","14641220"
"chr3","87720244","87720515","chr2","33495117","33495388","46","54225127"
"chr3","87797451","87797740","chr8","93633064","93633356","46","5835613"
"chr3","87821671","87821764","chrX","29752635","29752725","16","58069036"
"chr3","87826190","87826483","chr2","8630069","8630362","40","79196121"
"chr3","87857919","87858227","chr8","32705174","32705483","48","55152745"
"chr3","87872379","87872681","chr1","168926697","168926979","65","81054318"
"chr3","87904294","87904613","chr10","88056547","88056856","44","152253"
"chr3","87953454","87953755","chr8","32802018","32802321","40","55151436"
"chr3","88011609","88011941","chr9","9279062","9279386","66","78732547"
"chr3","88057581","88057888","chr12","87400084","87400394","45","657497"
"chr3","88112373","88112709","chr8","32980465","32980783","65","55131908"
"chr3","88150505","88150812","chr6","85448275","85448576","54","2702230"
"chr3","88193392","88193679","chr14","46384466","46384754","55","41808926"
"chr3","88204186","88204442","chr7","38119098","38119367","51","50085088"
"chr3","88205859","88206154","chr7","128001461","128001761","56","39795602"
"chr3","88239285","88239594","chr10","86691925","86692232","56","1547360"
"chr3","88294477","88294581","chr18","4572030","4572132","17","83722447"
"chr3","88359488","88359743","chr9","85583535","85583783","48","2775953"
"chr3","88363666","88363981","chr5","65616565","65616873","49","22747101"
"chr3","88709203","88709486","chr5","108843290","108843570","54","20134087"
"chr3","89036410","89036684","chr8","33953106","33953388","42","55083304"
"chr3","89046326","89046629","chr8","33956990","33957290","49","55089336"
"chr3","89049551","89049846","chr5","133863567","133863862","51","44814016"
"chr3","89097388","89097691","chr8","34005621","34005918","36","55091767"
"chr3","89231776","89231994","chr11","127485095","127485317","47","38253319"
"chr3","89256717","89257032","chr4","139259106","139259407","53","50002389"
"chr3","89296678","89296989","chr9","45325979","45326278","56","43970699"
"chr3","89350308","89350618","chr1","199360645","199360948","51","110010337"
"chr3","89371460","89371756","chr20","34404857","34405150","43","54966603"
"chr3","89555306","89555642","chr4","32810026","32810337","75","56745280"
"chr3","89611030","89611332","chrUn_GL286217","143262","143564","48","89467768"
"chr3","89655407","89655628","chr3","118812740","118812956","36","29157333"
"chr3","89686426","89686708","chr4","12429965","12430236","51","77256461"
"chr3","89696839","89697145","chr6","118242438","118242738","50","28545599"
"chr3","90026707","90027013","chr1","101902284","101902595","54","11875577"
"chr3","90031249","90031557","chr3","52365996","52366297","48","37665253"
"chr3","90068614","90068817","chr8","35105286","35105503","44","54963328"
"chr3","90069435","90069514","chr4","89821266","89821342","16","248169"
"chr3","90087154","90087450","chr3","51989230","51989530","55","38097924"
"chr3","90155173","90155446","chr3","106564757","106565021","57","16409584"
"chr3","90173031","90173321","chr12","26130148","26130438","42","64042883"
"chr3","90214380","90214661","chr5","50288601","50288889","55","39925779"
"chr3","90466467","90466736","chr4","158356390","158356667","53","67889923"
"chr3","90560520","90560823","chr9","99956407","99956710","47","9395887"
"chr3","90729210","90729503","chrX","140314997","140315281","42","49585787"
"chr3","91108011","91108297","chrUn_GL287035","1135","1415","44","91106876"
"chr3","91318244","91318547","chr10","80449759","80450058","58","10868485"
"chr3","91616712","91617027","chrX","8396907","8397216","63","83219805"
"chr3","91811401","91811708","chr2","1940205","1940517","52","89871196"
"chr3","92067415","92067639","chr4","107826977","107827201","42","15759562"
"chr3","92067641","92067766","chr11","119072039","119072167","20","27004398"
"chr3","92398247","92398535","chr8","37638040","37638324","43","54760207"
"chr3","92433483","92433757","chr5","72712443","72712712","55","19721040"
"chr3","92482957","92483294","chr8","37740647","37740967","76","54742310"
"chr3","92603522","92603836","chr16","74823463","74823775","59","17780059"
"chr3","92650097","92650406","chr5","11439006","11439313","46","81211091"
"chr3","92661333","92661614","chr8","37927294","37927562","42","54734039"
"chr3","92818217","92818503","chr5","87965211","87965497","48","4853006"
"chr3","92819671","92819893","chrX","15172247","15172475","43","77647424"
"chr3","92851769","92852076","chr7","70375823","70376126","51","22475946"
"chr3","92892501","92892815","chr2","150624041","150624344","54","57731540"
"chr3","92930206","92930344","chr2","16156588","16156724","28","76773618"
"chr3","92988056","92988159","chr13","62035859","62035960","16","30952197"
"chr3","93036761","93037066","chr8","38330194","38330491","60","54706567"
"chr3","93115158","93115445","chr6","87682337","87682617","60","5432821"
"chr3","93344791","93345092","chr4","26706395","26706692","59","66638396"
"chr3","93384504","93384717","chr12","11388030","11388240","42","81996474"
"chr3","93476764","93477067","chr7","88697458","88697764","50","4779306"
"chr3","93985857","93986022","chr3","134810410","134810571","28","40824553"
"chr3","93994609","93994899","chr12","79497897","79498186","51","14496712"
"chr3","93997442","93997587","chr8","39320053","39320197","17","54677389"
"chr3","94052597","94052885","chr8","39385783","39386075","42","54666814"
"chr3","94054924","94055223","chr7","70074333","70074637","59","23980591"
"chr3","94063493","94063613","chr10","22189133","22189257","29","71874360"
"chr3","94173492","94173770","chr8","39511166","39511435","57","54662326"
"chr3","94175898","94176182","chr5","26465835","26466109","57","67710063"
"chr3","94190759","94191010","chr12","23771537","23771792","51","70419222"
"chr3","94281289","94281385","chr22","43292236","43292330","13","50989053"
"chr3","94354886","94354964","chr11","15364356","15364414","35","78990530"
"chr3","94393638","94393930","chr2","1572464","1572757","42","92821174"
"chr3","94489406","94489690","chr9","51702719","51702999","50","42786687"
"chr3","94565652","94565907","chr5","87206621","87206875","49","7359031"
"chr3","94578593","94578711","chr6","113318399","113318522","21","18739806"
"chr3","94783377","94783665","chrX","40344797","40345081","55","54438580"
"chr3","94927658","94927934","chr3","188235049","188235330","56","93307391"
"chr3","94987526","94987685","chr1","201827869","201828027","30","106840343"
"chr3","95022666","95022932","chr8","40413951","40414214","42","54608715"
"chr3","95406977","95407233","chr9","111169093","111169350","51","15762116"
"chr3","95457998","95458303","chrX","92800328","92800623","53","2657670"
"chr3","95525243","95525540","chr5","523629","523928","57","95001614"
"chr3","95687114","95687167","chr7","125943153","125943208","11","30256039"
"chr3","96025808","96026117","chr8","41424394","41424704","44","54601414"
"chr3","96069196","96069506","chr6","21930692","21931000","63","74138504"
"chr3","96071663","96071944","chr1","143217642","143217924","57","47145979"
"chr3","96121508","96121822","chr7","77024031","77024336","60","19097477"
"chr3","96524583","96524900","chr9","35861462","35861781","63","60663121"
"chr3","96560181","96560524","chr5","108338844","108339172","83","11778663"
"chr3","96867333","96867626","chr8","42265858","42266139","48","54601475"
"chr3","96898619","96898904","chr8","42296895","42297166","51","54601724"
"chr3","97433871","97434186","chr2","29786463","29786779","54","67647408"
"chr3","97558263","97558335","chr7","66705558","66705630","5","30852705"
"chr3","97558386","97558641","chr5","5036336","5036572","50","92522050"
"chr3","97690871","97690971","chr12","21004997","21005099","13","76685874"
"chr3","97815503","97815807","chr1","92541295","92541594","52","5274208"
"chr3","97818861","97818942","chr5","107926030","107926117","18","10107169"
"chr3","97919065","97919357","chr6","6174849","6175151","65","91744216"
"chr3","98025020","98025319","chr22","36178458","36178748","55","61846562"
"chr3","98083757","98084070","chr17","18548226","18548531","50","79535531"
"chr3","98180845","98181152","chr10","7410350","7410658","55","90770495"
"chr3","98191136","98191181","chr2","17701108","17701146","21","80490028"
"chr3","98191228","98191387","chr4","88878149","88878301","31","9313079"
"chr3","98521712","98521975","chr2","98294045","98294308","55","227667"
"chr3","98649217","98649499","chr11","115294455","115294737","73","16645238"
"chr3","98842808","98843147","chr8","44156836","44157158","72","54685972"
"chr3","99005328","99005629","chr14","915738","916038","46","98089590"
"chr3","99420308","99420611","chr15","77085877","77086177","49","22334431"
"chr3","99435863","99436150","chr4","10702550","10702832","60","88733313"
"chr3","99549136","99549423","chr11","114836044","114836330","51","15286908"
"chr3","99988171","99988465","chr10","100369031","100369323","53","380860"
"chr3","99990290","99990598","chr12","78762116","78762425","49","21228174"
"chr3","100013367","100013664","chr16","4934745","4935047","52","95078622"
"chr3","100042882","100043162","chr8","45390608","45390878","36","54652274"
"chr3","100108381","100108673","chr7","32914267","32914558","51","67194114"
"chr3","100127035","100127348","chr8","45471245","45471541","55","54655790"
"chr3","100130710","100130842","chr8","45474914","45475051","16","54655796"
"chr3","100144669","100144958","chr1","96664218","96664511","58","3480451"
"chr3","100217135","100217429","chr1","6590714","6591009","49","93626421"
"chr3","100254353","100254665","chr5","55380182","55380490","47","44874171"
"chr3","100324666","100324930","chr1","197465921","197466196","48","97141255"
"chr3","100366810","100367123","chr3","136899810","136900119","60","36533000"
"chr3","100405131","100405441","chr4","54370195","54370493","55","46034936"
"chr3","100423874","100424143","chr8","45767947","45768218","42","54655927"
"chr3","100557859","100558150","chr10","13670605","13670898","51","86887254"
"chr3","100643119","100643259","chr7","114078121","114078263","28","13435002"
"chr3","100801391","100801669","chr4","158481330","158481605","46","57679939"
"chr3","101030519","101030824","chr13","107907116","107907421","44","6876597"
"chr3","101772351","101772634","chr18","33021056","33021339","46","68751295"
"chr3","101895347","101895625","chr13","10247200","10247479","49","91648147"
"chr3","101913354","101913662","chr2","150624041","150624344","45","48710687"
"chr3","101926840","101927130","chr11","96115316","96115612","50","5811524"
"chr3","102379550","102379847","chr5","139889919","139890213","46","37510369"
"chr3","102409035","102409360","chr5","73075939","73076252","61","29333096"
"chr3","102806141","102806461","chr14","41135777","41136098","61","61670364"
"chr3","102822924","102823234","chr8","48237339","48237638","49","54585585"
"chr3","102896236","102896546","chr2","71331505","71331809","49","31564731"
"chr3","103117135","103117319","chr2","131597618","131597785","31","28480483"
"chr3","103119673","103119980","chr19","17448176","17448478","60","85671497"
"chr3","103130644","103130944","chr22","27181613","27181911","47","75949031"
"chr3","103152356","103152644","chr3","139963629","139963912","60","36811273"
"chr3","103451444","103451755","chr14","97486281","97486586","53","5965163"
"chr3","103508118","103508393","chr4","163146585","163146865","50","59638467"
"chr3","103551053","103551351","chr2","8318734","8319031","47","95232319"
"chr3","103634406","103634695","chr2","2218970","2219260","50","101415436"
"chr3","103672428","103672636","chr8","49156923","49157128","33","54515505"
"chr3","103682236","103682555","chr11","122077197","122077509","76","18394961"
"chr3","103683454","103683743","chr8","49173697","49173980","41","54509757"
"chr3","103758484","103758613","chr15","79350373","79350508","32","24408111"
"chr3","103774357","103774655","chr4","139259106","139259407","58","35484749"
"chr3","103858209","103858401","chr8","49341545","49341736","22","54516664"
"chr3","103882266","103882560","chr8","49375078","49375370","47","54507188"
"chr3","104124618","104124683","chr11","16782089","16782154","8","87342529"
"chr3","104166537","104166817","chrX","40344797","40345081","43","63821740"
"chr3","104199562","104199871","chr8","49656780","49657075","46","54542782"
"chr3","104338456","104338761","chr8","49798956","49799254","49","54539500"
"chr3","104568394","104568691","chr8","50041404","50041699","32","54526990"
"chr3","104629685","104629968","chr1","172687648","172687936","50","68057963"
"chr3","104645147","104645366","chr4","21595882","21596080","44","83049265"
"chr3","104691153","104691415","chr11","95629919","95630186","44","9061234"
"chr3","104777560","104777864","chrUn_GL286217","143262","143564","55","104634298"
"chr3","104819430","104819741","chr5","73075939","73076252","54","31743491"
"chr3","104863544","104863856","chr2","71331505","71331809","63","33532039"
"chr3","104916367","104916664","chr1","191854574","191854877","58","86938207"
"chr3","105036631","105036916","chr7","66042324","66042608","41","38994307"
"chr3","105132399","105132691","chr1","41686123","41686409","51","63446276"
"chr3","105155603","105155919","chr5","73075939","73076252","49","32079664"
"chr3","105195729","105195818","chr5","37761156","37761240","14","67434573"
"chr3","105227280","105227588","chr4","139259106","139259407","44","34031826"
"chr3","105490180","105490505","chr5","73075939","73076252","59","32414241"
"chr3","105557507","105557824","chr2","146982644","146982948","58","41425137"
"chr3","105583384","105583668","chr12","51888773","51889064","44","53694611"
"chr3","105598808","105599120","chr12","105081170","105081479","49","517638"
"chr3","105599189","105599472","chr15","95128506","95128788","52","10470683"
"chr3","105845940","105846238","chr7","66415134","66415432","50","39430806"
"chr3","105864930","105865248","chr3","117540807","117541109","61","11675877"
"chr3","106078877","106079182","chr20","10160789","10161092","55","95918088"
"chr3","106175478","106175565","chr4","110642008","110642097","8","4466530"
"chr3","106340982","106341135","chr8","51855012","51855170","28","54485970"
"chr3","106553673","106553984","chr2","39815620","39815927","49","66738053"
"chr3","106722405","106722704","chr17","62830726","62831031","42","43891679"
"chr3","106759364","106759661","chr8","52315088","52315391","45","54444276"
"chr3","106862304","106862435","chr1","168789762","168789892","24","61927458"
"chr3","106870324","106870633","chr9","107189736","107190026","67","319412"
"chr3","106943992","106944271","chr1","180589014","180589283","49","73645022"
"chr3","107031783","107032086","chr2","150624041","150624344","43","43592258"
"chr3","107137292","107137585","chr19","38589311","38589602","50","68547981"
"chr3","107320125","107320427","chr9","105072042","105072344","44","2248083"
"chr3","107407892","107408201","chr2","36478057","36478360","57","70929835"
"chr3","107489402","107489709","chrUn_GL286217","143262","143564","57","107346140"
"chr3","107534089","107534398","chrX","63118288","63118597","45","44415801"
"chr3","107623444","107623746","chr1","195703067","195703369","49","88079623"
"chr3","107636406","107636694","chr2","73704522","73704812","49","33931884"
"chr3","107739435","107739711","chr3","126524829","126525118","59","18785394"
"chr3","107948738","107949019","chr1","186610138","186610422","46","78661400"
"chr3","108125109","108125413","chr10","22665922","22666223","53","85459187"
"chr3","108299763","108299855","chr1","90154290","90154378","23","18145473"
"chr3","108299858","108299991","chr5","112191720","112191857","39","3891862"
"chr3","108304836","108305123","chr15","4370856","4371142","48","103933980"
"chr3","108599473","108599764","chr11","61791687","61791981","53","46807786"
"chr3","108669125","108669438","chr5","109061221","109061518","57","392096"
"chr3","108710872","108711109","chr13","35927361","35927594","65","72783511"
"chr3","108906627","108906925","chr10","13992418","13992719","52","94914209"
"chr3","109129959","109130079","chr5","2486538","2486655","18","106643421"
"chr3","109279971","109280254","chr12","26130148","26130438","46","83149823"
"chr3","109453546","109453851","chr14","77613723","77614028","52","31839823"
"chr3","109464668","109464957","chr8","55023783","55024079","51","54440885"
"chr3","109485604","109485867","chr6","148627180","148627440","56","39141576"
"chr3","109554150","109554210","chr7","138590282","138590335","12","29036132"
"chr3","109582107","109582208","chr10","92876094","92876194","20","16706013"
"chr3","109655798","109656071","chr8","55222180","55222457","48","54433618"
"chr3","109711828","109712100","chr8","55278522","55278795","28","54433306"
"chr3","109719170","109719460","chr8","55287497","55287797","60","54431673"
"chr3","109740461","109740778","chr13","46294867","46295176","61","63445594"
"chr3","109790335","109790633","chr2","164878629","164878927","52","55088294"
"chr3","109792481","109792766","chr8","110543944","110544225","42","751463"
"chr3","109819875","109820157","chr1","148438931","148439211","46","38619056"
"chr3","109848503","109848791","chr8","55409830","55410109","49","54438673"
"chr3","109868008","109868300","chr4","71933212","71933503","36","37934796"
"chr3","109880086","109880386","chr1","110260245","110260541","47","380159"
"chr3","109913583","109913850","chr13","97658378","97658641","48","12255205"
"chr3","109973473","109973767","chr12","4068156","4068451","46","105905317"
"chr3","109982889","109983195","chr9","91473040","91473349","44","18509849"
"chr3","110045836","110045926","chr3","124257668","124257755","15","14211832"
"chr3","110105757","110106040","chr7","22422256","22422540","54","87683501"
"chr3","110589747","110590069","chr1","66795501","66795806","69","43794246"
"chr3","110597411","110597711","chr8","3987616","3987918","44","106609795"
"chr3","110645662","110645956","chr12","51888773","51889064","32","58756889"
"chr3","111061917","111062231","chr1","155621899","155622213","56","44559982"
"chr3","111246272","111246508","chr8","4691812","4692036","57","106554460"
"chr3","111416598","111416870","chr6","132408951","132409222","43","20992353"
"chr3","111437959","111438001","chr2","1338529","1338568","4","110099430"
"chr3","111444947","111445252","chr5","93597617","93597921","41","17847330"
"chr3","111527615","111527899","chr8","57129930","57130200","48","54397685"
"chr3","111538987","111539283","chr5","55380182","55380490","51","56158805"
"chr3","111606740","111606974","chr2","128565544","128565781","41","16958804"
"chr3","111651571","111651871","chrX","17705039","17705341","51","93946532"
"chr3","111771343","111771581","chr9","18197010","18197245","53","93574333"
"chr3","112139419","112139704","chrX","2620832","2621117","55","109518587"
"chr3","112602415","112602714","chr1","148374165","148374460","57","35771750"
"chr3","113143712","113143852","chr7","80425055","80425199","25","32718657"
"chr3","113254876","113254935","chr2","201616508","201616566","6","88361632"
"chr3","113571768","113571990","chr6","148243432","148243652","42","34671664"
"chr3","113645134","113645419","chr12","61431603","61431888","52","52213531"
"chr3","113704458","113704758","chr10","80449759","80450058","48","33254699"
"chr3","113723193","113723541","chr8","59414249","59414575","61","54308944"
"chr3","113747217","113747513","chr16","91274757","91275054","53","22472460"
"chr3","113780788","113781093","chr6","32156999","32157307","56","81623789"
"chr3","113843841","113844152","chr7","70375823","70376126","52","43468018"
"chr3","113885783","113886056","chr16","94371430","94371694","61","19514353"
"chr3","114018798","114019102","chr21","35283943","35284237","43","78734855"
"chr3","114096254","114096542","chr8","59861768","59862057","47","54234486"
"chr3","114122761","114123035","chr2","33495117","33495388","47","80627644"
"chr3","114170320","114170484","chr1","181966844","181967013","31","67796524"
"chr3","114240820","114241047","chr5","5042006","5042244","57","109198814"
"chr3","114387943","114388235","chr8","60175496","60175788","39","54212447"
"chr3","114468857","114469018","chr22","39506936","39507092","28","74961921"
"chr3","114602956","114603242","chr4","71933212","71933503","43","42669744"
"chr3","114644277","114644590","chr8","60468380","60468691","44","54175897"
"chr3","115009379","115009652","chr5","84224125","84224390","52","30785254"
"chr3","115273227","115273283","chr20","27747345","27747401","5","87525882"
"chr3","115652535","115652837","chr3","53266221","53266526","57","62386314"
"chr3","115763302","115763558","chr7","47053043","47053292","55","68710259"
"chr3","116042067","116042320","chr1","143330843","143331089","57","27288776"
"chr3","116088986","116089269","chr1","186610138","186610422","52","70521152"
"chr3","116861665","116861837","chr8","62756084","62756248","25","54105581"
"chr3","117025941","117026055","chr3","72030386","72030497","20","44995555"
"chr3","117027097","117027191","chr17","32764496","32764590","15","84262601"
"chr3","117189962","117190206","chr17","62844291","62844532","53","54345671"
"chr3","117232560","117232841","chr8","63121664","63121934","45","54110896"
"chr3","117852062","117852366","chr7","25925292","25925587","49","91926770"
"chr3","117965081","117965377","chr20","245621","245921","57","117719460"
"chr3","118095398","118095493","chr15","69573480","69573571","16","48521918"
"chr3","118177419","118177659","chr8","64063393","64063640","46","54114026"
"chr3","118312020","118312319","chr8","64198992","64199303","69","54113028"
"chr3","118565547","118565835","chr19","21523390","21523679","49","97042157"
"chr3","118869979","118870296","chr9","91256856","91257175","53","27613123"
"chr3","118961486","118961735","chr8","64783444","64783700","47","54178042"
"chr3","119115965","119116286","chr6","50483849","50484164","63","68632116"
"chr3","119226853","119227162","chr6","81188750","81189043","47","38038103"
"chr3","119258254","119258550","chr9","100098416","100098714","45","19159838"
"chr3","119523797","119524101","chrX","14757652","14757955","57","104766145"
"chr3","119533091","119533386","chr8","65378726","65379027","50","54154365"
"chr3","119540724","119541033","chr14","32553436","32553738","50","86987288"
"chr3","119568193","119568515","chr5","55380182","55380490","59","64188011"
"chr3","119602410","119602693","chr8","65449085","65449370","33","54153325"
"chr3","119610787","119611060","chr8","65456456","65456740","53","54154331"
"chr3","119627820","119628102","chr7","25925292","25925587","60","93702528"
"chr3","119678220","119678261","chrX","15428193","15428233","2","104250027"
"chr3","119682386","119682714","chr1","193985439","193985750","66","74303053"
"chr3","119717226","119717506","chr12","93096942","93097222","51","26620284"
"chr3","120067455","120067606","chr2","11039790","11039940","31","109027665"
"chr3","120417166","120417284","chr5","134501335","134501449","20","14084169"
"chr3","120528387","120528706","chr5","81453446","81453746","73","39074941"
"chr3","120611134","120611261","chr7","124920843","124920971","19","4309709"
"chr3","120759811","120760111","chr2","13560154","13560454","50","107199657"
"chr3","120916598","120916920","chr9","91473040","91473349","57","29443558"
"chr3","120928119","120928403","chr10","116330633","116330910","58","4597486"
"chr3","121089232","121089526","chr8","112081624","112081920","52","9007608"
"chr3","121126321","121126630","chr5","55380182","55380490","50","65746139"
"chr3","121363838","121363914","chr8","67303591","67303655","16","54060247"
"chr3","121380423","121380537","chr4","27617462","27617566","20","93762961"
"chr3","121513633","121513934","chr8","67431051","67431341","49","54082582"
"chr3","121543623","121543915","chr2","18072200","18072496","56","103471423"
"chr3","121811389","121811683","chr8","67725360","67725654","49","54086029"
"chr3","122029983","122030278","chr8","67981266","67981550","49","54048717"
"chr3","122123307","122123606","chr9","40113351","40113661","50","82009956"
"chr3","122471967","122472256","chr1","186610138","186610422","55","64138171"
"chr3","122778346","122778638","chr6","119011301","119011592","54","3767045"
"chr3","123093759","123094050","chr8","69032822","69033118","43","54060937"
"chr3","123347293","123347396","chr4","110642008","110642097","24","12705285"
"chr3","123402063","123402345","chr9","35323793","35324067","56","88078270"
"chr3","123531910","123532197","chr8","69495446","69495730","38","54036464"
"chr3","123651867","123652165","chr10","88056547","88056856","49","35595320"
"chr3","123752990","123753281","chr8","38105332","38105618","62","85647658"
"chr3","123997589","123997864","chr2","141288639","141288917","51","17291050"
"chr3","124006280","124006562","chr10","100408257","100408540","42","23598023"
"chr3","124029090","124029354","chr1","136787688","136787952","46","12758598"
"chr3","124081099","124081401","chr3","150410070","150410368","55","26328971"
"chr3","124155534","124155850","chr5","124645645","124645952","59","490111"
"chr3","124270478","124270775","chr22","31183916","31184217","54","93086562"
"chr3","124294086","124294377","chr19","38589311","38589602","42","85704775"
"chr3","124296945","124297095","chr6","70520680","70520838","41","53776265"
"chr3","124307448","124307757","chr14","33326154","33326465","47","90981294"
"chr3","124380618","124380908","chr2","2218970","2219260","46","122161648"
"chr3","124422989","124423231","chr8","70538557","70538806","41","53884432"
"chr3","124442824","124443120","chr5","116663888","116664187","51","7778936"
"chr3","124446801","124447088","chr1","182741578","182741860","44","58294777"
"chr3","124448246","124448530","chr2","2218970","2219260","49","122229276"
"chr3","124472393","124472692","chr5","94896037","94896335","53","29576356"
"chr3","124480241","124480523","chr11","74173885","74174163","47","50306356"
"chr3","124539790","124539921","chr5","50606686","50606813","24","73933104"
"chr3","124608814","124609069","chr1","181284860","181285114","43","56676046"
"chr3","124638536","124638847","chr8","70783063","70783362","40","53855473"
"chr3","124662503","124662808","chr4","37667525","37667825","48","86994978"
"chr3","124685023","124685325","chr2","63180548","63180847","54","61504475"
"chr3","124711193","124711378","chr1","160857122","160857307","29","36145929"
"chr3","124763988","124764274","chr7","155162191","155162474","43","30398203"
"chr3","124768040","124768318","chr12","53308487","53308750","52","71459553"
"chr3","124786990","124787083","chr1","173050036","173050125","15","48263046"
"chr3","124791540","124791669","chr7","44977864","44977995","23","79813676"
"chr3","124792266","124792382","chr3","80019144","80019262","20","44773122"
"chr3","124961831","124962139","chr8","71153662","71153966","42","53808169"
"chr3","125014194","125014490","chr6","70367906","70368206","44","54646288"
"chr3","125070132","125070427","chr8","71293822","71294118","44","53776310"
"chr3","125165025","125165279","chr9","85583535","85583783","54","39581490"
"chr3","125166115","125166425","chr8","106549657","106549965","54","18616458"
"chr3","125178838","125179125","chr3","49537351","49537638","53","75641487"
"chr3","125234003","125234283","chr1","186610138","186610422","47","61376135"
"chr3","125247057","125247372","chr4","105785405","105785727","63","19461652"
"chr3","125282284","125282562","chr7","53679574","53679859","57","71602710"
"chr3","125290380","125290443","chr6","155989119","155989185","12","30698739"
"chr3","125337013","125337337","chr3","53684226","53684544","72","71652787"
"chr3","125355565","125355860","chr12","86932322","86932617","44","38423243"
"chr3","125433286","125433561","chr5","122438480","122438746","47","2994806"
"chr3","125441047","125441343","chr8","71708035","71708346","56","53733012"
"chr3","125446647","125446947","chr1","6590714","6591009","53","118855933"
"chr3","125453417","125453726","chr5","55380182","55380490","46","70073235"
"chr3","125560296","125560586","chr8","71781294","71781578","38","53779002"
"chr3","125590982","125591284","chr12","44569431","44569719","52","81021551"
"chr3","125594228","125594519","chr2","1572464","1572757","47","124021764"
"chr3","125619603","125619878","chr2","165124948","165125217","57","39505345"
"chr3","125780766","125781072","chr3","52365996","52366297","45","73414770"
"chr3","125827624","125827918","chr9","105304532","105304827","45","20523092"
"chr3","125944139","125944431","chr9","111197699","111197989","48","14746440"
"chr3","125946955","125947263","chr2","148496678","148496985","64","22549723"
"chr3","125956692","125957003","chr2","146982644","146982948","49","21025952"
"chr3","126064282","126064576","chr8","72338869","72339164","37","53725413"
"chr3","126079848","126080144","chr3","149706946","149707243","50","23627098"
"chr3","126095958","126096264","chr2","71331505","71331809","48","54764453"
"chr3","126123268","126123563","chr13","95836072","95836367","49","30287196"
"chr3","126195472","126195620","chr11","87360229","87360373","23","38835243"
"chr3","126289087","126289398","chr1","121265312","121265615","46","5023775"
"chr3","126306024","126306309","chr6","17419263","17419544","56","108886761"
"chr3","126309674","126309973","chr14","915738","916038","52","125393936"
"chr3","126312778","126313085","chr10","59014810","59015115","45","67297968"
"chr3","126442987","126443274","chr7","24446538","24446828","52","101996449"
"chr3","126884528","126884816","chr7","48973045","48973333","43","77911483"
"chr3","126964558","126964864","chr5","45788683","45788985","49","81175875"
"chr3","126984855","126984979","chr3","72030386","72030497","24","54954469"
"chr3","127020982","127021267","chr9","105286013","105286291","50","21734969"
"chr3","127028634","127028677","chrX","134988207","134988249","1","7959573"
"chr3","127040414","127040725","chr6","117332912","117333211","56","9707502"
"chr3","127041968","127042269","chr7","67652785","67653077","50","59389183"
"chr3","127042775","127042925","chr14","71349893","71350037","23","55692882"
"chr3","127065864","127065964","chr1","104388374","104388475","15","22677490"
"chr3","127075693","127075992","chr5","62869608","62869907","49","64206085"
"chr3","127077108","127077380","chr4","71933212","71933503","50","55143896"
"chr3","127130573","127130621","chrUn_GL286373","2104346","2104395","5","125026227"
"chr3","127132806","127133073","chr9","107284610","107284879","42","19848196"
"chr3","127135004","127135172","chr2","131597618","131597785","25","4462614"
"chr3","127135779","127136077","chr22","46739442","46739736","49","80396337"
"chr3","127156931","127157221","chr3","106011472","106011765","52","21145459"
"chr3","127171090","127171390","chr10","14690438","14690745","56","112480652"
"chr3","127179392","127179687","chr11","44000709","44001002","58","83178683"
"chr3","127182413","127182703","chr13","36232484","36232778","47","90949929"
"chr3","127199566","127199854","chr7","58917227","58917519","54","68282339"
"chr3","127225336","127225626","chr14","18637585","18637873","49","108587751"
"chr3","127260518","127260784","chr8","73555866","73556129","37","53704652"
"chr3","127275126","127275301","chr7","62250683","62250858","38","65024443"
"chr3","127280426","127280720","chr9","115857714","115858000","69","11422712"
"chr3","127326647","127326927","chr8","85694344","85694621","61","41632303"
"chr3","127364165","127364388","chr10","74293622","74293844","54","53070543"
"chr3","127419559","127419842","chr5","25910991","25911284","53","101508568"
"chr3","127435116","127435407","chr14","16777960","16778259","49","110657156"
"chr3","127452979","127453240","chr5","111818560","111818820","53","15634419"
"chr3","127502808","127503113","chrX","14757652","14757955","58","112745156"
"chr3","127515584","127515761","chr1","160857122","160857307","32","33341538"
"chr3","127518242","127518550","chr9","9679426","9679735","51","117838816"
"chr3","127553853","127554132","chrX","45902603","45902881","42","81651250"
"chr3","127566191","127566471","chr14","63113403","63113677","61","64452788"
"chr3","127589825","127589966","chr4","151688544","151688693","33","24098719"
"chr3","127595851","127595967","chr3","21001103","21001203","23","106594748"
"chr3","127599167","127599341","chr5","133811119","133811288","29","6211952"
"chr3","127601087","127601395","chrUn_GL286217","143262","143564","55","127457825"
"chr3","127604304","127604618","chr14","83083786","83084089","59","44520518"
"chr3","127622397","127622692","chr11","65834106","65834397","45","61788291"
"chr3","127633272","127633382","chr7","60376642","60376749","22","67256630"
"chr3","127633976","127634186","chr12","101395801","101396004","53","26238175"
"chr3","127648651","127648774","chr2","43248573","43248696","18","84400078"
"chr3","127655511","127655705","chr6","22332611","22332806","35","105322900"
"chr3","127685603","127685905","chr1","196315390","196315694","49","68629787"
"chr3","127749367","127749671","chr14","83083786","83084089","41","44665581"
"chr3","127778900","127779041","chr10","95005930","95006062","30","32772970"
"chr3","127853273","127853568","chr1","103493366","103493665","47","24359907"
"chr3","127872993","127873297","chr5","59461001","59461310","53","68411992"
"chr3","127874587","127874830","chr9","55548465","55548707","48","72326122"
"chr3","127923596","127923891","chr14","915738","916038","42","127007858"
"chr3","128059379","128059663","chr12","27922791","27923078","41","100136588"
"chr3","128170210","128170520","chr4","161032062","161032360","55","32861852"
"chr3","128204719","128205026","chr5","140506070","140506372","59","12301351"
"chr3","128237677","128237987","chr8","74563328","74563644","48","53674349"
"chr3","128297886","128298110","chr1","210084574","210084794","34","81786688"
"chr3","128333931","128333977","chr2","11839702","11839744","8","116494229"
"chr3","128747633","128747932","chr15","77085877","77086177","47","51661756"
"chr3","128811403","128811713","chr5","73075939","73076252","46","55735464"
"chr3","128895571","128895911","chr10","6094557","6094896","77","122801014"
"chr3","129000156","129000464","chr5","78806417","78806729","38","50193739"
"chr3","129009866","129010166","chr19","31863283","31863592","64","97146583"
"chr3","129086579","129086897","chr7","97309236","97309545","67","31777343"
"chr3","129140616","129140916","chr9","100098416","100098714","48","29042200"
"chr3","129150796","129150839","chr5","50672391","50672436","7","78478405"
"chr3","129151347","129151440","chr3","90648756","90648842","23","38502591"
"chr3","129203307","129203606","chr22","32340312","32340608","51","96862995"
"chr3","129232396","129232690","chr2","203225383","203225677","44","73992987"
"chr3","129257560","129257841","chr7","57429873","57430155","55","71827687"
"chr3","129293607","129293915","chr1","121265312","121265615","51","8028295"
"chr3","129303184","129303488","chr7","35515798","35516110","48","93787386"
"chr3","129366825","129367123","chr8","75771038","75771322","42","53595787"
"chr3","129382309","129382615","chr2","71331505","71331809","48","58050804"
"chr3","129429875","129430182","chr8","75832862","75833156","45","53597013"
"chr3","129662759","129663046","chr5","4099851","4100137","54","125562908"
"chr3","129723269","129723431","chr4","32101212","32101368","29","97622057"
"chr3","129747981","129748273","chr8","76162542","76162835","34","53585439"
"chr3","129789638","129789949","chr5","73075939","73076252","56","56713699"
"chr3","129821665","129821971","chr8","76246139","76246442","46","53575526"
"chr3","129838496","129838803","chr7","70375823","70376126","52","59462673"
"chr3","129854148","129854211","chr2","1892816","1892879","10","127961332"
"chr3","129874977","129875242","chrX","29559005","29559271","57","100315972"
"chr3","129882048","129882337","chr8","76356067","76356362","51","53525981"
"chr3","129967401","129967702","chr13","61301354","61301657","49","68666047"
"chr3","130100124","130100173","chr2","177912955","177913003","9","47812831"
"chr3","130180536","130180836","chr7","88697458","88697764","52","41483078"
"chr3","130182205","130182493","chr20","7477077","7477364","43","122705128"
"chr3","130197273","130197567","chr11","20385409","20385702","43","109811864"
"chr3","130204851","130205160","chr5","79303042","79303347","56","50901809"
"chr3","130244183","130244481","chr7","25925292","25925587","53","104318891"
"chr3","130257354","130257638","chr2","129078851","129079134","38","1178503"
"chr3","130279004","130279291","chr8","76786803","76787084","38","53492201"
"chr3","130281611","130281898","chr22","15620473","15620763","56","114661138"
"chr3","130305189","130305511","chrX","38848777","38849093","58","91456412"
"chr3","130315468","130315800","chr16","94591213","94591506","84","35724255"
"chr3","130425408","130425674","chr12","36903935","36904218","52","93521473"
"chr3","130471881","130472192","chr5","120225189","120225498","46","10246692"
"chr3","130749105","130749411","chr15","64739618","64739920","43","66009487"
"chr3","131075164","131075270","chr8","77602515","77602625","17","53472649"
"chr3","131147493","131147777","chr11","97213328","97213619","41","33934165"
"chr3","131312018","131312319","chr17","67376449","67376747","48","63935569"
"chr3","131538988","131539276","chr4","111795287","111795580","53","19743701"
"chr3","131757030","131757334","chr6","8374119","8374424","50","123382911"
"chr3","131916195","131916424","chr10","6272406","6272639","45","125643789"
"chr3","131959902","131960176","chr2","16187668","16187943","51","115772234"
"chr3","132048412","132048486","chr22","7704699","7704768","21","124343713"
"chr3","132048513","132048589","chr11","104242959","104243039","15","27805554"
"chr3","132343395","132343588","chr8","78973539","78973743","40","53369856"
"chr3","132557754","132558046","chr9","83573818","83574110","48","48983936"
"chr3","132566419","132566718","chr3","173712450","173712748","47","41146031"
"chr3","132842473","132842780","chrX","63118288","63118597","55","69724185"
"chr3","132981163","132981447","chr1","121281116","121281386","65","11700047"
"chr3","133121864","133122152","chr8","79777851","79778139","45","53344013"
"chr3","133367780","133368064","chr11","72643464","72643751","47","60724316"
"chr3","133538607","133538909","chr1","15709909","15710212","54","117828698"
"chr3","133571813","133571950","chr5","100529190","100529325","22","33042623"
"chr3","133600236","133600547","chr9","110062644","110062956","66","23537592"
"chr3","133669583","133669885","chr2","132854764","132855074","58","814819"
"chr3","133743594","133743852","chr3","106564757","106565021","52","27178837"
"chr3","133899900","133900217","chr1","101902284","101902595","52","31997616"
"chr3","133906015","133906334","chr9","66766373","66766689","51","67139642"
"chr3","133997858","133998130","chr14","59436112","59436382","57","74561746"
"chr3","134066276","134066584","chr5","73075939","73076252","39","60990337"
"chr3","134167997","134168301","chr2","150624041","150624344","51","16456044"
"chr3","134193262","134193570","chr2","150624041","150624344","50","16430779"
"chr3","134306250","134306299","chr14","82636665","82636712","9","51669585"
"chr3","134400040","134400332","chr8","81086884","81087173","50","53313156"
"chr3","134422332","134422634","chr10","14690438","14690745","49","119731894"
"chr3","134435466","134435768","chr1","81165671","81165972","47","53269795"
"chr3","134444189","134444482","chr17","17057724","17058020","44","117386465"
"chr3","134478835","134479076","chr2","7870495","7870735","49","126608340"
"chr3","134768846","134769129","chr2","134890220","134890504","40","121374"
"chr3","135256931","135257034","chr1","104388374","104388475","14","30868557"
"chr3","135347460","135347770","chr5","73075939","73076252","65","62271521"
"chr3","135533998","135534243","chr13","28685405","28685642","52","106848593"
"chr3","135807272","135807548","chr9","73062799","73063070","50","62744473"
"chr3","136058203","136058492","chr1","168510460","168510747","62","32452257"
"chr3","136060610","136060694","chr5","72615428","72615510","9","63445182"
"chr3","136233008","136233089","chr4","99989655","99989734","20","36243353"
"chr3","136263643","136263943","chr8","83059710","83060012","50","53203933"
"chr3","136266639","136266896","chr6","521201","521459","56","135745438"
"chr3","136327526","136327803","chrX","40344797","40345081","48","95982729"
"chr3","136354109","136354388","chr1","180589014","180589283","53","44234905"
"chr3","136419086","136419391","chr19","27619331","27619631","55","108799755"
"chr3","136463378","136463677","chr2","203225383","203225677","49","66762005"
"chr3","136570934","136571239","chr8","83366174","83366452","62","53204760"
"chr3","136612291","136612603","chr7","56296910","56297210","54","80315381"
"chr3","137220487","137220571","chr11","16062639","16062725","9","121157848"
"chr3","137280742","137281043","chr8","84077369","84077665","51","53203373"
"chr3","137520150","137520467","chrX","107561323","107561629","75","29958827"
"chr3","137812168","137812432","chr8","84639871","84640134","28","53172297"
"chr3","137859669","137859985","chr2","146982644","146982948","58","9122975"
"chr3","137862748","137863061","chr2","71298755","71299066","58","66563993"
"chr3","138010028","138010319","chr6","119011301","119011592","40","18998727"
"chr3","138148823","138149103","chr8","84994670","84994961","51","53154153"
"chr3","138482212","138482523","chr7","70375823","70376126","51","68106389"
"chr3","138498803","138498860","chr4","167762118","167762173","14","29263315"
"chr3","138594787","138594951","chr9","55246171","55246334","33","83348616"
"chr3","138739586","138739864","chr5","8282348","8282619","47","130457238"
"chr3","138807606","138807856","chr10","75382094","75382357","52","63425512"
"chr3","138823428","138823725","chr18","5071565","5071862","51","133751863"
"chr3","138904476","138904802","chr14","6471804","6472122","67","132432672"
"chr3","138920647","138920948","chr22","3550793","3551098","57","135369854"
"chr3","138969786","138970059","chr1","171067968","171068241","44","32098182"
"chr3","138977250","138977374","chr7","25086029","25086150","20","113891221"
"chr3","139361434","139361700","chr10","32038854","32039122","55","107322580"
"chr3","139579499","139579778","chr3","164929173","164929450","60","25349674"
"chr3","139597492","139597799","chr18","4174068","4174357","61","135423424"
"chr3","139664286","139664600","chr2","1940205","1940517","51","137724081"
"chr3","139701315","139701584","chr7","130381174","130381447","54","9320141"
"chr3","139916665","139916978","chr12","113152444","113152757","61","26764221"
"chr3","139933277","139933585","chr5","55380182","55380490","49","84553095"
"chr3","140078478","140078777","chr9","25525997","25526295","44","114552481"
"chr3","140383980","140384267","chr21","41025095","41025401","51","99358885"
"chr3","140528058","140528113","chr4","167762118","167762173","8","27234060"
"chr3","140651030","140651302","chr6","135531665","135531946","52","5119365"
"chr3","141143930","141144138","chrX","39824590","39824798","42","101319340"
"chr3","141393637","141393776","chr8","126564670","126564808","27","14828967"
"chr3","141435095","141435158","chr1","122827370","122827433","10","18607725"
"chr3","141476445","141476727","chr19","43659630","43659919","65","97816815"
"chr3","142151731","142152018","chr18","11204017","11204306","50","130947714"
"chr3","142405906","142406186","chr12","22650429","22650704","51","119755477"
"chr3","142447939","142448249","chr18","39208581","39208879","68","103239358"
"chr3","142456492","142456798","chr5","73075939","73076252","46","69380553"
"chr3","142627308","142627635","chr5","108338844","108339172","75","34288464"
"chr3","142662170","142662256","chr4","110613280","110613363","15","32048890"
"chr3","142828815","142829086","chr4","158481330","158481605","55","15652515"
"chr3","142829408","142829669","chr1","200518150","200518420","49","57688742"
"chr3","143105835","143106146","chr12","89693023","89693339","43","53412812"
"chr3","143110695","143110986","chr18","1382649","1382940","72","141728046"
"chr3","143136333","143136626","chr8","125392133","125392425","57","17744200"
"chr3","143202452","143202764","chr5","78442568","78442876","48","64759884"
"chr3","143206976","143207269","chr2","147728720","147729015","42","4521744"
"chr3","143370778","143371067","chr8","125145914","125146203","37","18224864"
"chr3","143606245","143606561","chr9","122689798","122690105","58","20916447"
"chr3","144124084","144124282","chr9","100948556","100948756","37","43175528"
"chr3","144191649","144191770","chr5","84481557","84481668","30","59710092"
"chr3","144292608","144292909","chr2","150624041","150624344","62","6331433"
"chr3","144479396","144479694","chr12","91928994","91929288","53","52550402"
"chr3","144490215","144490511","chr1","195490541","195490838","56","51000326"
"chr3","144502309","144502496","chr8","11085421","11085611","43","133416888"
"chr3","144502834","144502943","chr16","62819755","62819866","16","81683079"
"chr3","144543552","144543844","chr8","123862894","123863188","38","20680658"
"chr3","144583268","144583570","chr8","123819991","123820289","42","20763277"
"chr3","144668376","144668696","chr5","43073647","43073957","58","101594729"
"chr3","144719755","144720060","chr13","18936662","18936969","52","125783093"
"chr3","144785192","144785481","chr8","123614908","123615181","54","21170284"
"chr3","144816709","144817009","chr1","165934284","165934587","51","21117575"
"chr3","144822184","144822459","chr10","129718624","129718892","47","15103560"
"chr3","144892688","144892996","chr7","25925292","25925587","59","118967396"
"chr3","145007535","145007833","chr2","147728720","147729015","47","2721185"
"chr3","145029513","145029821","chr8","123373167","123373474","34","21656346"
"chr3","145120940","145121221","chr8","123261332","123261614","42","21859608"
"chr3","145157555","145157839","chr5","144164144","144164432","45","993411"
"chr3","145251710","145251989","chrX","62040044","62040330","57","83211666"
"chr3","145308634","145308916","chr6","22691180","22691462","47","122617454"
"chr3","145383632","145383915","chr1","186610138","186610422","46","41226506"
"chr3","145561551","145561848","chr5","139889919","139890213","49","5671632"
"chr3","145662042","145662336","chr8","122698798","122699097","52","22963244"
"chr3","145671456","145671747","chr8","122688943","122689236","34","22982513"
"chr3","145693290","145693414","chr20","38654179","38654311","18","107039111"
"chr3","145815141","145815442","chr22","42274761","42275058","46","103540380"
"chr3","145829556","145829856","chr8","122528599","122528893","55","23300957"
"chr3","145855113","145855309","chr5","6241338","6241534","39","139613775"
"chr3","145883840","145884112","chr1","136189460","136189722","56","9694380"
"chr3","145963227","145963310","chr9","99209833","99209914","11","46753394"
"chr3","145979654","145979964","chr11","20759857","20760166","53","125219797"
"chr3","146135017","146135309","chr12","41624425","41624720","52","104510592"
"chr3","146229253","146229567","chr20","13625673","13625989","59","132603580"
"chr3","146356069","146356349","chr5","32225193","32225469","51","114130876"
"chr3","146369548","146369638","chr9","96555817","96555913","23","49813731"
"chr3","146421641","146421944","chr6","117332912","117333211","54","29088729"
"chr3","146513579","146513884","chr17","69045271","69045580","50","77468308"
"chr3","146538518","146538830","chr2","71331505","71331809","49","75207013"
"chr3","146679941","146680238","chr8","121712673","121712966","46","24967268"
"chr3","146769967","146770238","chr9","84751154","84751420","60","62018813"
"chr3","146939310","146939592","chrX","100736912","100737189","65","46202398"
"chr3","146942574","146942712","chr3","68647398","68647534","22","78295176"
"chr3","146988330","146988617","chrX","39454622","39454913","49","107533708"
"chr3","147519982","147520267","chr19","43659630","43659919","65","103860352"
"chr3","147522163","147522356","chr19","28681755","28681953","38","118840408"
"chr3","147857992","147858263","chr1","121001735","121002005","74","26856257"
"chr3","148196873","148197184","chr8","119892912","119893220","46","28303961"
"chr3","148245013","148245303","chr10","83656466","83656759","52","64588547"
"chr3","148274441","148274658","chr10","58355367","58355583","47","89919074"
"chr3","148437128","148437447","chr10","124801307","124801616","65","23635821"
"chr3","148666190","148666305","chr5","134470116","134470232","23","14196074"
"chr3","148669739","148670058","chr7","80812081","80812395","61","67857658"
"chr3","148778108","148778398","chr11","60574273","60574555","50","88203835"
"chr3","149017862","149018172","chr8","119064580","119064888","37","29953282"
"chr3","149043015","149043333","chr5","73075939","73076252","68","75967076"
"chr3","149162535","149162824","chr5","145437369","145437659","51","3725166"
"chr3","149182182","149182461","chr8","118915642","118915922","44","30266540"
"chr3","149305601","149305822","chr16","74362328","74362540","40","74943273"
"chr3","149308298","149308582","chr8","118781624","118781905","41","30526674"
"chr3","149367662","149367854","chr2","116488984","116489171","46","32878678"
"chr3","149368836","149368948","chr3","72030386","72030497","19","77338450"
"chr3","149415832","149416136","chr8","118660145","118660435","47","30755687"
"chr3","149638678","149638725","chr5","94690104","94690150","7","54948574"
"chr3","149638854","149639048","chr8","49341545","49341736","37","100297309"
"chr3","149643725","149644028","chr14","83083786","83084089","51","66559939"
"chr3","149835047","149835337","chr8","118227311","118227607","52","31607736"
"chr3","149979789","149980094","chr8","118076551","118076854","43","31903238"
"chr3","150204164","150204482","chr1","101902284","101902595","56","48301880"
"chr3","150249636","150249761","chr2","7725117","7725239","20","142524519"
"chr3","150252873","150253173","chr4","83952656","83952952","45","66300217"
"chr3","150261555","150261614","chr2","97655048","97655103","8","52606507"
"chr3","150297750","150298035","chr8","117750706","117750994","47","32547044"
"chr3","150332527","150332824","chr2","17996148","17996446","37","132336379"
"chr3","150359758","150360079","chr9","45284899","45285203","53","105074859"
"chr3","150364011","150364295","chr12","108797245","108797536","44","41566766"
"chr3","150373052","150373366","chr11","66635820","66636129","51","83737232"
"chr3","150384341","150384550","chr1","172374077","172374292","35","21989736"
"chr3","150443132","150443425","chr11","374305","374598","44","150068827"
"chr3","150463039","150463348","chr5","2193404","2193714","48","148269635"
"chr3","150473502","150473635","chr8","60723098","60723229","20","89750404"
"chr3","150489148","150489451","chr2","203225383","203225677","53","52736235"
"chr3","150525194","150525484","chr8","117492342","117492646","45","33032852"
"chr3","150541501","150541723","chr2","62182150","62182366","36","88359351"
"chr3","150675272","150675417","chr14","82304713","82304863","31","68370559"
"chr3","150684453","150684723","chrUn_GL286373","1580569","1580846","67","149103884"
"chr3","150691979","150692277","chr18","33205184","33205486","46","117486795"
"chr3","150784805","150785089","chr8","117241779","117242067","39","33543026"
"chr3","150799552","150799838","chr11","72643464","72643751","39","78156088"
"chr3","150838016","150838139","chr1","205933415","205933532","20","55095399"
"chr3","150839627","150839934","chr5","120225189","120225498","54","30614438"
"chr3","150857511","150857803","chr2","154650890","154651184","48","3793379"
"chr3","150876821","150877046","chr18","5591219","5591454","49","145285602"
"chr3","150889928","150890198","chr6","135531665","135531946","51","15358263"
"chr3","150913277","150913557","chr3","160134716","160134998","65","9221439"
"chr3","150958094","150958382","chr4","150555920","150556212","48","402174"
"chr3","151028539","151028840","chr3","71082107","71082409","48","79946432"
"chr3","151293745","151293880","chr20","41811648","41811783","28","109482097"
"chr3","151304588","151304885","chr17","70899198","70899506","49","80405390"
"chr3","151331758","151332064","chr6","75230350","75230656","47","76101408"
"chr3","151333871","151334169","chr11","374305","374598","46","150959566"
"chr3","151362236","151362522","chr6","119011301","119011592","47","32350935"
"chr3","151446869","151447165","chr2","1572464","1572757","49","149874405"
"chr3","151452720","151452983","chr7","89996468","89996724","49","61456252"
"chr3","151497893","151498146","chr5","13309862","13310100","59","138188031"
"chr3","151500002","151500278","chrX","16102878","16103172","57","135397124"
"chr3","151538910","151539157","chr8","93750596","93750840","45","57788314"
"chr3","151561254","151561534","chr8","108273322","108273614","48","43287932"
"chr3","151577662","151577897","chr7","14384998","14385230","56","137192664"
"chr3","151600725","151601025","chrUn_GL286217","143262","143564","42","151457463"
"chr3","151607104","151607162","chr2","97655048","97655103","7","53952056"
"chr3","151691087","151691367","chr11","115294455","115294737","41","36396632"
"chr3","151695574","151695790","chr3","84181800","84182014","42","67513774"
"chr3","151724217","151724527","chr10","7410350","7410658","57","144313867"
"chr3","151749514","151749822","chr2","71331505","71331809","47","80418009"
"chr3","151757795","151757926","chr11","115470374","115470475","45","36287421"
"chr3","151779651","151779961","chr14","32553436","32553738","51","119226215"
"chr3","151812966","151813262","chr22","3060037","3060333","52","148752929"
"chr3","151862296","151862582","chr4","25746204","25746495","54","126116092"
"chr3","151876790","151877024","chr7","41590979","41591212","36","110285811"
"chr3","151886389","151886706","chr5","4594332","4594638","56","147292057"
"chr3","151936299","151936610","chr15","32495325","32495639","50","119440974"
"chr3","151951852","151951998","chr14","71349893","71350037","23","80601959"
"chr3","152015849","152016148","chrX","45924991","45925287","42","106090858"
"chr3","152073261","152073537","chr6","132408951","132409222","45","19664310"
"chr3","152177257","152177562","chr2","43281105","43281414","45","108896152"
"chr3","152199689","152199999","chr7","60204006","60204315","56","91995683"
"chr3","152224666","152224964","chr2","67197269","67197565","44","85027397"
"chr3","152389717","152390022","chr3","117540807","117541109","50","34848910"
"chr3","152396871","152397177","chr8","115688512","115688813","47","36708359"
"chr3","152620690","152620973","chr8","115483015","115483299","41","37137675"
"chr3","152626602","152626904","chr9","25525997","25526295","49","127100605"
"chr3","152692400","152692695","chr1","13807754","13808053","42","138884646"
"chr3","152731752","152732048","chr8","115360645","115360942","52","37371107"
"chr3","152741021","152741317","chr4","98746325","98746622","40","53994696"
"chr3","152763915","152764223","chr1","192704806","192705112","51","39940891"
"chr3","152783028","152783339","chr2","146982644","146982948","43","5800384"
"chr3","152810402","152810457","chr9","36240552","36240607","9","116569850"
"chr3","152917885","152918177","chr22","13984812","13985111","53","138933073"
"chr3","152989389","152989715","chr8","115078902","115079237","47","37910487"
"chr3","153002633","153002936","chr2","81210706","81211006","53","71791927"
"chr3","153010490","153010789","chr7","70375823","70376126","48","82634667"
"chr3","153026279","153026594","chr20","12712318","12712617","68","140313961"
"chr3","153044278","153044561","chr8","115027333","115027606","47","38016945"
"chr3","153049644","153049762","chr8","115021630","115021748","12","38028014"
"chr3","153069066","153069329","chr9","110829243","110829512","42","42239823"
"chr3","153084010","153084236","chr8","114990006","114990233","38","38094004"
"chr3","153089346","153089637","chr12","26130148","26130438","42","126959198"
"chr3","153103827","153104130","chrUn_GL286217","143262","143564","53","152960565"
"chr3","153178098","153178398","chr8","114865485","114865784","42","38312613"
"chr3","153213063","153213188","chr8","114820384","114820510","16","38392679"
"chr3","153216364","153216653","chr7","18614629","18614926","48","134601735"
"chr3","153242470","153242699","chr8","114792754","114792989","36","38449716"
"chr3","153380045","153380163","chr2","9983560","9983675","17","143396485"
"chr3","153380715","153380866","chr4","32101212","32101368","26","121279503"
"chr3","153408196","153408466","chr1","171067968","171068241","48","17659772"
"chr3","153526502","153526814","chr2","39815620","39815927","49","113710882"
"chr3","153684166","153684444","chr4","23297955","23298235","50","130386211"
"chr3","153781527","153781829","chr5","136059619","136059920","52","17721908"
"chr3","153940234","153940543","chr12","6474878","6475174","65","147465356"
"chr3","154070423","154070743","chr2","146982644","146982948","53","7087779"
"chr3","154147200","154147497","chr13","63990237","63990533","52","90156963"
"chr3","154304069","154304398","chrX","38848777","38849093","60","115455292"
"chr3","154583377","154583710","chr14","32553436","32553738","81","122029941"
"chr3","154593213","154593503","chr4","24003495","24003786","52","130589718"
"chr3","154647203","154647509","chr8","113338786","113339082","53","41308417"
"chr3","154817513","154817578","chr9","31332177","31332240","11","123485336"
"chr3","154855909","154856198","chr20","21682578","21682873","47","133173331"
"chr3","154907237","154907486","chr8","113071084","113071336","41","41836153"
"chr3","154926776","154927083","chr1","166973243","166973547","54","12046467"
"chr3","154927551","154927847","chr1","77745311","77745604","50","77182240"
"chr3","154937588","154937897","chr16","26529425","26529732","43","128408163"
"chr3","154990662","154990971","chr1","172008061","172008371","54","17017399"
"chr3","155041853","155042159","chrX","10432466","10432776","46","144609387"
"chr3","155047460","155047761","chr8","115903141","115903445","49","39144319"
"chr3","155050316","155050600","chr2","146570178","146570467","55","8480138"
"chr3","155069279","155069584","chr8","112910442","112910742","43","42158837"
"chr3","155165084","155165395","chr11","66635820","66636129","47","88529264"
"chr3","155254260","155254542","chr13","61026131","61026415","54","94228129"
"chr3","155267063","155267349","chr7","30907560","30907847","48","124359503"
"chr3","155379467","155379765","chr6","7336338","7336636","53","148043129"
"chr3","155454071","155454352","chrX","51259545","51259842","47","104194526"
"chr3","155527346","155527506","chr8","112448981","112449145","26","43078365"
"chr3","155527707","155528004","chr5","139889919","139890213","42","15637788"
"chr3","155543010","155543316","chr8","112435939","112436232","47","43107071"
"chr3","155755953","155756247","chr8","112213918","112214210","38","43542035"
"chr3","155869617","155869916","chr12","27162707","27162997","55","128706910"
"chr3","155892926","155893211","chr21","40530876","40531156","59","115362050"
"chr3","155926174","155926462","chr4","21467665","21467950","56","134458509"
"chr3","156006898","156007157","chr8","111962765","111963030","48","44044133"
"chr3","156021941","156022088","chr5","99988159","99988305","24","56033782"
"chr3","156072666","156072738","chr7","66705558","66705630","9","89367108"
"chr3","156165988","156166290","chr9","45325979","45326278","42","110840009"
"chr3","156196093","156196385","chr9","25525997","25526295","47","130670096"
"chr3","156229449","156229627","chr22","14659332","14659511","27","141570117"
"chr3","156322832","156323126","chr2","1572464","1572757","47","154750368"
"chr3","156386294","156386511","chr17","34809389","34809609","33","121576905"
"chr3","156386546","156386621","chr20","23305541","23305615","16","133081005"
"chr3","156461658","156461962","chr8","111516726","111517021","49","44944932"
"chr3","156523383","156523678","chr2","203225383","203225677","46","46702000"
"chr3","156778710","156779000","chr12","102748139","102748432","59","54030571"
"chr3","156982362","156982704","chr15","29065373","29065679","81","127916989"
"chr3","157054234","157054537","chr10","80449759","80450058","45","76604475"
"chr3","157069056","157069352","chr1","77745311","77745604","39","79323745"
"chr3","157103945","157104229","chr11","60574273","60574555","52","96529672"
"chr3","157187318","157187619","chr8","110783252","110783554","35","46404066"
"chr3","157235017","157235313","chr21","41253758","41254057","58","115981259"
"chr3","157239327","157239617","chr2","9529371","9529670","48","147709956"
"chr3","157250220","157250512","chr7","53679574","53679859","57","103570646"
"chr3","157254776","157254857","chr5","37761156","37761240","11","119493620"
"chr3","157264508","157264779","chr2","136541690","136541970","51","20722818"
"chr3","157276172","157276471","chr1","191854574","191854877","49","34578402"
"chr3","157313017","157313317","chr1","13807754","13808053","48","143505263"
"chr3","157320504","157320740","chr8","110641534","110641769","32","46678970"
"chr3","157325562","157325744","chr22","2602482","2602650","52","154723080"
"chr3","157325793","157326084","chr12","107125942","107126232","46","50199851"
"chr3","157332239","157332533","chr8","110631037","110631313","64","46701202"
"chr3","157345172","157345470","chr5","80121277","80121568","55","77223895"
"chr3","157365248","157365355","chr12","113820937","113821042","27","43544311"
"chr3","157371112","157371415","chr8","110592489","110592794","39","46778623"
"chr3","157384974","157385270","chr19","17448176","17448478","51","139936798"
"chr3","157413593","157413892","chr8","110550033","110550329","34","46863560"
"chr3","157419553","157419850","chr8","110544934","110545231","46","46874619"
"chr3","157447244","157447541","chr8","110524256","110524554","44","46922988"
"chr3","157456800","157457098","chr8","110510109","110510411","45","46946691"
"chr3","157464017","157464316","chr8","29283402","29283703","41","128180615"
"chr3","157468764","157468927","chr5","29090486","29090646","27","128378278"
"chr3","157470531","157470825","chr1","138955688","138955983","43","18514843"
"chr3","157493675","157493965","chr5","85892770","85893056","49","71600905"
"chr3","157504679","157504970","chr6","144170408","144170699","46","13334271"
"chr3","157512872","157513153","chr13","10247200","10247479","43","147265672"
"chr3","157555323","157555622","chr8","110406014","110406313","42","47149309"
"chr3","157579224","157579528","chr12","100817634","100817942","51","56761590"
"chr3","157602535","157602848","chr2","10673170","10673480","52","146929365"
"chr3","157700331","157700632","chr3","117540807","117541109","38","40159524"
"chr3","157708511","157708825","chr14","76157685","76157986","57","81550826"
"chr3","157779131","157779441","chr1","15478581","15478888","51","142300550"
"chr3","157791482","157791792","chr20","11116785","11117096","48","146674697"
"chr3","158573889","158574203","chrX","63118288","63118597","53","95455601"
"chr3","158762908","158763212","chr1","150639712","150640028","48","8123196"
"chr3","159105770","159106064","chr10","48321055","48321354","45","110784715"
"chr3","159342856","159343134","chr8","110543944","110544225","52","48798912"
"chr3","159395182","159395432","chr8","108567834","108568090","51","50827348"
"chr3","159459174","159459480","chr5","73075939","73076252","41","86383235"
"chr3","159688881","159689173","chr8","108273322","108273614","37","51415559"
"chr3","159708375","159708593","chr7","117865360","117865578","42","41843015"
"chr3","159708902","159708997","chr14","56999905","57000000","11","102708997"
"chr3","159711452","159711589","chr2","11926614","11926752","26","147784838"
"chr3","159788832","159789133","chr9","14539289","14539586","46","145249543"
"chr3","159820850","159821166","chr11","113275978","113276290","60","46544872"
"chr3","159860096","159860410","chr2","11077390","11077699","75","148782706"
"chr3","159887562","159887696","chr13","43433121","43433253","18","116454441"
"chr3","159910301","159910604","chr2","169846205","169846509","43","9935904"
"chr3","159911107","159911216","chr8","73320216","73320326","26","86590891"
"chr3","159953055","159953343","chr20","7477077","7477364","45","152475978"
"chr3","159953531","159953830","chr8","108001484","108001779","45","51952047"
"chr3","159961873","159962163","chr8","107990976","107991264","38","51970897"
"chr3","159962970","159963263","chr8","107990976","107991264","38","51971994"
"chr3","160030981","160031280","chr7","70138048","70138344","53","89892933"
"chr3","160035293","160035461","chr5","110972979","110973149","27","49062314"
"chr3","160037702","160037994","chr9","115476369","115476657","49","44561333"
"chr3","160086505","160086784","chr8","105549929","105550192","60","54536576"
"chr3","160102710","160102937","chr4","107826977","107827201","34","52275733"
"chr3","160123804","160124119","chr15","65840597","65840897","69","94283207"
"chr3","160154291","160154586","chr4","23129234","23129535","54","137025057"
"chr3","160163490","160163812","chr2","39815620","39815927","61","120347870"
"chr3","160210297","160210591","chr3","189794013","189794310","40","29583716"
"chr3","160211922","160212231","chr1","140083591","140083907","42","20128331"
"chr3","160212780","160213090","chr8","107731723","107732026","56","52481057"
"chr3","160218114","160218425","chr9","48897542","48897838","68","111320572"
"chr3","160233569","160233863","chr1","195490541","195490838","55","35256972"
"chr3","160241496","160241800","chr13","16760883","16761188","45","143480613"
"chr3","160242494","160242795","chr12","102429902","102430210","49","57812592"
"chr3","160250634","160250887","chr7","4003301","4003555","66","156247333"
"chr3","160258516","160258824","chr7","70375823","70376126","46","89882693"
"chr3","160262494","160262789","chr1","168510460","168510747","62","8247966"
"chr3","160264143","160264382","chr1","139772684","139772901","67","20491459"
"chr3","160390377","160390659","chr8","107560444","107560733","49","52829933"
"chr3","160422258","160422497","chr9","114704790","114705040","46","45717468"
"chr3","160435066","160435120","chr20","27747345","27747401","11","132687721"
"chr3","160455435","160455697","chr2","168567784","168568060","56","8112349"
"chr3","160462584","160462728","chr9","39155351","39155496","22","121307233"
"chr3","160479040","160479345","chr6","124479743","124480046","46","35999297"
"chr3","160485622","160485755","chr13","43433121","43433253","19","117052501"
"chr3","160565043","160565204","chr5","29090486","29090646","25","131474557"
"chr3","160578649","160578946","chr1","13807754","13808053","37","146770895"
"chr3","160605264","160605561","chr4","40290993","40291286","52","120314271"
"chr3","160606206","160606490","chr7","155162191","155162474","39","5444015"
"chr3","160610023","160610306","chr21","35283943","35284237","46","125326080"
"chr3","160654874","160655176","chr5","156746679","156746982","56","3908195"
"chr3","160671554","160671851","chr5","55380182","55380490","45","105291372"
"chr3","160679023","160679323","chr21","49806208","49806506","44","110872815"
"chr3","160728673","160728973","chrX","17705039","17705341","46","143023634"
"chr3","160796505","160796809","chr5","55380182","55380490","51","105416323"
"chr3","160796882","160796979","chr5","32410060","32410155","14","128386822"
"chr3","160810140","160810453","chr5","55380182","55380490","55","105429958"
"chr3","160857733","160857894","chr2","133813308","133813465","30","27044425"
"chr3","160913081","160913369","chr5","61025909","61026199","49","99887172"
"chr3","160935079","160935364","chr21","48186059","48186355","56","112749020"
"chr3","160977112","160977408","chr5","104473083","104473378","35","56504029"
"chr3","161042521","161042816","chr8","106878878","106879172","43","54163643"
"chr3","161062345","161062629","chr1","156644747","156645035","48","4417598"
"chr3","161114284","161114399","chr5","84481557","84481668","18","76632727"
"chr3","161115798","161115888","chr12","9612526","9612620","13","151503272"
"chr3","161124941","161125242","chrX","17705039","17705341","41","143419902"
"chr3","161128976","161129249","chr8","106781911","106782202","55","54347065"
"chr3","161139514","161139685","chr10","126091805","126091971","31","35047709"
"chr3","161176449","161176740","chr6","17603905","17604193","41","143572544"
"chr3","161194198","161194503","chr12","82364304","82364606","57","78829894"
"chr3","161203992","161204071","chr5","131687052","131687137","18","29516940"
"chr3","161204515","161204685","chr2","131596102","131596261","33","29608413"
"chr3","161228311","161228578","chr9","58102610","58102877","43","103125701"
"chr3","161230903","161231188","chr5","144164144","144164432","56","17066759"
"chr3","161245474","161245763","chr2","203225383","203225677","56","41979909"
"chr3","161256609","161256878","chr17","68904754","68905020","47","92351855"
"chr3","161269342","161269610","chr1","195166007","195166276","53","33896665"
"chr3","161294859","161295170","chr2","71331505","71331809","50","89963354"
"chr3","161296538","161296847","chrUn_GL286217","143262","143564","44","161153276"
"chr3","161298871","161298969","chr4","146858408","146858506","15","14440463"
"chr3","161338019","161338152","chr8","106599035","106599172","27","54738984"
"chr3","161353841","161354149","chr2","66989134","66989436","47","94364707"
"chr3","161368064","161368381","chr9","45325979","45326278","50","116042085"
"chr3","161388391","161388682","chr15","67846371","67846658","44","93542020"
"chr3","161444631","161444930","chrUn_GL286217","143262","143564","46","161301369"
"chr3","161450849","161451159","chrX","8396907","8397216","57","153053942"
"chr3","161478300","161478600","chr8","106450239","106450542","51","55028061"
"chr3","161520323","161520618","chrUn_GL286217","143262","143564","49","161377061"
"chr3","161586405","161586688","chr4","106702443","106702725","43","54883962"
"chr3","161590280","161590582","chr7","89460357","89460663","59","72129923"
"chr3","161640279","161640585","chr8","106290451","106290759","29","55349828"
"chr3","161742242","161742551","chr10","21024965","21025274","49","140717277"
"chr3","161813905","161814190","chr3","125727711","125728005","46","36086194"
"chr3","161817605","161817880","chr1","170033923","170034204","57","8216318"
"chr3","161853354","161853652","chr20","28221270","28221568","51","133632084"
"chr3","161861874","161861979","chr9","101034495","101034600","14","60827379"
"chr3","161910881","161911176","chr2","46756692","46756980","49","115154189"
"chr3","161937501","161937811","chr4","26820733","26821038","55","135116768"
"chr3","161993415","161993726","chr10","21024965","21025274","50","140968450"
"chr3","162029325","162029360","chr7","99421408","99421440","4","62607917"
"chr3","162032273","162032310","chr7","10013289","10013326","3","152018984"
"chr3","162035643","162035778","chr12","23655120","23655260","22","138380523"
"chr3","162037363","162037667","chr21","41025095","41025401","45","121012268"
"chr3","162068917","162069225","chr2","146982644","146982948","49","15086273"
"chr3","162071697","162071972","chr2","47506221","47506493","44","114565476"
"chr3","162074517","162074825","chr14","77613723","77614028","41","84460794"
"chr3","162111781","162112082","chr1","185105558","185105857","44","22993777"
"chr3","162182019","162182272","chr4","152128161","152128413","45","10053858"
"chr3","162214812","162215145","chr11","115213588","115213891","70","47001224"
"chr3","162227826","162227970","chr8","105676942","105677086","21","56550884"
"chr3","162294749","162295055","chr6","17854050","17854340","58","144440699"
"chr3","162340275","162340548","chr12","113634286","113634558","47","48705989"
"chr3","162345883","162346017","chr2","60312037","60312166","23","102033846"
"chr3","162346368","162346658","chr2","147728720","147729015","43","14617648"
"chr3","162403138","162403441","chr8","105478112","105478416","50","56925026"
"chr3","162409421","162409730","chr1","135282348","135282656","55","27127073"
"chr3","162441087","162441401","chr1","101902284","101902595","57","60538803"
"chr3","162471155","162471461","chr17","69045271","69045580","35","93425884"
"chr3","162484413","162484703","chr1","141613381","141613669","39","20871032"
"chr3","162498953","162499224","chr5","57595002","57595278","43","104903951"
"chr3","162517279","162517333","chr4","80755769","80755825","8","81761510"
"chr3","162517811","162518094","chr5","47309745","47310037","47","115208066"
"chr3","162525763","162526067","chr2","150624041","150624344","42","11901722"
"chr3","162560390","162560704","chr9","101210178","101210488","49","61350212"
"chr3","162597015","162597309","chr19","11821768","11822062","53","150775247"
"chr3","162650519","162650744","chr10","60607494","60607719","37","102043025"
"chr3","162683833","162684136","chr6","132683407","132683710","54","30000426"
"chr3","162739635","162739937","chr6","8374119","8374424","46","154365516"
"chr3","162755963","162756256","chr2","10670622","10670912","49","152085341"
"chr3","162765960","162766241","chr12","49192241","49192521","45","113573719"
"chr3","162779712","162780011","chr8","105031420","105031717","37","57748292"
"chr3","162797754","162798042","chr17","56211521","56211811","46","106586233"
"chr3","162836513","162836619","chr22","9524252","9524354","20","153312261"
"chr3","162878246","162878543","chr8","104924138","104924445","46","57954108"
"chr3","162939107","162939412","chr2","1679121","1679426","53","161259986"
"chr3","162960402","162960720","chrX","51259545","51259842","59","111700857"
"chr3","163001984","163002293","chr10","21024965","21025274","52","141977019"
"chr3","163080951","163081262","chr19","13106635","13106937","49","149974316"
"chr3","163231989","163232289","chr7","19002392","19002692","52","144229597"
"chr3","163236357","163236674","chr3","98129428","98129736","59","65106929"
"chr3","163269782","163270073","chr7","155162191","155162474","49","8107591"
"chr3","163395840","163396082","chr8","104394167","104394416","36","59001673"
"chr3","163425830","163426135","chr5","55380182","55380490","39","108045648"
"chr3","163609562","163609780","chrX","44437368","44437597","42","119172194"
"chr3","163678433","163678712","chr12","49192241","49192521","38","114486192"
"chr3","164337287","164337575","chr3","189794013","189794310","51","25456726"
"chr3","164753040","164753321","chr8","103244189","103244462","45","61508851"
"chr3","164769564","164769844","chr8","103228690","103228969","42","61540874"
"chr3","164940818","164941108","chrX","17705039","17705341","56","147235779"
"chr3","165153426","165153726","chr2","203225383","203225677","52","38071957"
"chr3","165159221","165159515","chr12","51888773","51889064","50","113270448"
"chr3","165167840","165168141","chr7","79083385","79083683","56","86084455"
"chr3","165205968","165206256","chr5","523629","523928","61","164682339"
"chr3","165276318","165276639","chr6","18648007","18648318","60","146628311"
"chr3","165396150","165396466","chr20","11116785","11117096","59","154279365"
"chr3","165489105","165489391","chr20","20341615","20341899","58","145147490"
"chr3","165494318","165494605","chr1","168926697","168926979","50","3432379"
"chr3","165827414","165827755","chr1","204164957","204165280","72","38337543"
"chr3","165861331","165861619","chr2","34962181","34962466","45","130899150"
"chr3","165871058","165871290","chr9","54287512","54287742","39","111583546"
"chr3","165900373","165900683","chr7","20593863","20594174","52","145306510"
"chr3","165923138","165923438","chr7","70375823","70376126","51","95547315"
"chr3","165971186","165971479","chr8","102003125","102003415","49","63968061"
"chr3","166072177","166072478","chr8","101891681","101891969","51","64180496"
"chr3","166082361","166082666","chr4","108464628","108464932","53","57617733"
"chr3","166186135","166186241","chr10","118139021","118139126","18","48047114"
"chr3","166388130","166388397","chr11","14682506","14682772","50","151705624"
"chr3","166456794","166456859","chr7","88747517","88747581","17","77709277"
"chr3","166492530","166492829","chr13","63795202","63795505","44","102697328"
"chr3","166558279","166558324","chr8","97260104","97260146","9","69298175"
"chr3","166559294","166559553","chr19","23618134","23618393","53","142941160"
"chr3","166600890","166601053","chr12","104996019","104996181","26","61604871"
"chr3","166672297","166672573","chr16","49225932","49226206","46","117446365"
"chr3","166725977","166726125","chr8","101236801","101236950","23","65489176"
"chr3","166763965","166764256","chr14","61155519","61155820","59","105608446"
"chr3","166788840","166789136","chr13","95836072","95836367","58","70952768"
"chr3","167237168","167237462","chr5","64266316","64266614","55","102970852"
"chr3","167620440","167620593","chr15","27660893","27661035","37","139959547"
"chr3","167688484","167688788","chr5","116663888","116664187","52","51024596"
"chr3","167740045","167740351","chr10","101815315","101815616","47","65924730"
"chr3","167914669","167914980","chr10","88056547","88056856","60","79858122"
"chr3","168301876","168302173","chr1","13807754","13808053","46","154494122"
"chr3","168423419","168423625","chr7","65680750","65680954","36","102742669"
"chr3","168488400","168488679","chr3","188235049","188235330","52","19746649"
"chr3","168534050","168534225","chr3","183689850","183690027","26","15155800"
"chr3","169093753","169094032","chr4","109047974","109048272","60","60045779"
"chr3","169215331","169215620","chr9","34783715","34784011","51","134431616"
"chr3","169386843","169387125","chr7","155162191","155162474","51","14224652"
"chr3","169543616","169543707","chr12","55015800","55015893","15","114527816"
"chr3","169710210","169710504","chr12","51888773","51889064","50","117821437"
"chr3","169993454","169993751","chr13","7729888","7730186","68","162263566"
"chr3","170070833","170071080","chr7","46950488","46950735","53","123120345"
"chr3","170092386","170092664","chr15","49638162","49638439","47","120454224"
"chr3","170151976","170152278","chr8","97757859","97758158","43","72394117"
"chr3","170176366","170176653","chr14","81489642","81489927","48","88686724"
"chr3","170195293","170195600","chr8","97726565","97726876","46","72468728"
"chr3","170207559","170207701","chr8","97714406","97714548","19","72493153"
"chr3","170222066","170222334","chr14","18952252","18952515","44","151269814"
"chr3","170299662","170299924","chr11","14682506","14682772","41","155617156"
"chr3","170324012","170324321","chr3","149706946","149707243","53","20617066"
"chr3","170466773","170467065","chrX","18324636","18324926","50","152142137"
"chr3","170506437","170506570","chr5","97641186","97641316","25","72865251"
"chr3","170571484","170571766","chr5","94541939","94542229","42","76029545"
"chr3","170578547","170578825","chr4","106749058","106749336","57","63829489"
"chr3","170613803","170614060","chr1","91618204","91618459","45","78995599"
"chr3","170631548","170631850","chr8","114553260","114553568","52","56078288"
"chr3","170636129","170636426","chr7","33547338","33547635","40","137088791"
"chr3","170637940","170638242","chrX","96202007","96202315","46","74435933"
"chr3","170685729","170686034","chr8","97206150","97206450","47","73479579"
"chr3","170700470","170700589","chr3","164761096","164761211","33","5939374"
"chr3","170706409","170706442","chrX","20296370","20296399","15","150410039"
"chr3","170706469","170706645","chr10","126091805","126091971","34","44614664"
"chr3","170737116","170737407","chr5","116663888","116664187","55","54073228"
"chr3","170751973","170752218","chr5","5657711","5657956","50","165094262"
"chr3","170779515","170779787","chr22","35375481","35375753","49","135404034"
"chr3","170802195","170802493","chr10","41816754","41817052","55","128985441"
"chr3","170861662","170861835","chr4","24635839","24636012","34","146225823"
"chr3","170927083","170927383","chr22","9418419","9418717","51","161508664"
"chr3","171090142","171090445","chr2","66989134","66989436","40","104101008"
"chr3","171151833","171152143","chr10","94235006","94235309","53","76916827"
"chr3","171181897","171182196","chr5","38882932","38883222","68","132298965"
"chr3","171204942","171205245","chr11","28125301","28125613","52","143079641"
"chr3","171373634","171373937","chr11","19304678","19304978","45","152068956"
"chr3","171422284","171422595","chr2","146982644","146982948","42","24439640"
"chr3","171433091","171433379","chr1","98863317","98863612","49","72569774"
"chr3","171433511","171433812","chr7","27626090","27626385","47","143807421"
"chr3","171469509","171469733","chrX","120162403","120162628","38","51307106"
"chr3","171574900","171575148","chr5","132809581","132809830","47","38765319"
"chr3","171676391","171676696","chrX","39183726","39184034","42","132492665"
"chr3","171735305","171735602","chr8","96295314","96295597","43","75439991"
"chr3","172203277","172203554","chr1","141513493","141513763","52","30689784"
"chr3","172227923","172228021","chr14","45585630","45585728","17","126642293"
"chr3","172324503","172324786","chr17","67593125","67593399","51","104731378"
"chr3","172369755","172370065","chr14","83083786","83084089","42","89285969"
"chr3","172480312","172480617","chr7","18614629","18614926","49","153865683"
"chr3","172488969","172489071","chr19","46687946","46688049","14","125801023"
"chr3","172515704","172515996","chr8","95582034","95582340","45","76933670"
"chr3","172516589","172516872","chr8","95581449","95581735","35","76935140"
"chr3","172605989","172606271","chr16","93560681","93560971","54","79045308"
"chr3","172870364","172870675","chr1","104253890","104254191","53","68616474"
"chr3","172880601","172880906","chr6","21930692","21931000","44","150949909"
"chr3","172903178","172903448","chr2","9703446","9703704","59","163199732"
"chr3","172919603","172919894","chr1","13807754","13808053","69","159111849"
"chr3","172946302","172946602","chr6","118600755","118601054","49","54345547"
"chr3","172966844","172967150","chr8","95114012","95114314","53","77852832"
"chr3","173059590","173059885","chr1","172687648","172687936","50","371942"
"chr3","173065488","173065800","chr1","140083591","140083907","40","32981897"
"chr3","173089089","173089375","chr1","41686123","41686409","48","131402966"
"chr3","173148496","173148787","chr10","13670605","13670898","45","159477891"
"chr3","173196769","173197092","chr4","132055862","132056190","55","41140907"
"chr3","173221067","173221371","chr5","55380182","55380490","41","117840885"
"chr3","173266067","173266187","chr13","92265003","92265126","22","81001064"
"chr3","173270839","173271145","chr19","38606278","38606578","54","134664561"
"chr3","173290732","173290822","chrUn_GL288334","7432","7519","15","173283300"
"chr3","173412064","173412180","chr3","139161161","139161276","21","34250903"
"chr3","173428387","173428556","chr3","151322790","151322964","32","22105597"
"chr3","173429716","173430007","chr7","70375823","70376126","51","103053893"
"chr3","173472151","173472448","chr8","94518358","94518650","42","78953793"
"chr3","173541720","173542021","chr5","50537784","50538079","51","123003936"
"chr3","173557316","173557631","chr8","94433473","94433795","47","79123843"
"chr3","173561453","173561752","chr3","3161578","3161876","49","170399875"
"chr3","173565524","173565828","chr20","12849585","12849903","70","160715939"
"chr3","173568143","173568436","chr8","94422892","94423186","36","79145251"
"chr3","173578250","173578542","chr10","82921268","82921557","48","90656982"
"chr3","173585194","173585482","chr2","97711091","97711382","55","75874103"
"chr3","173631995","173632166","chr7","150738655","150738825","33","22893340"
"chr3","173640415","173640716","chr9","112145229","112145531","41","61495186"
"chr3","173676046","173676195","chr20","22250740","22250890","38","151425306"
"chr3","173738035","173738282","chr1","143330843","143331089","62","30407192"
"chr3","173760577","173760842","chr16","78311945","78312221","52","95448632"
"chr3","173766284","173766585","chrX","51259545","51259842","55","122506739"
"chr3","173778563","173778866","chr8","94200875","94201171","46","79577688"
"chr3","173802713","173802887","chr10","126091805","126091971","34","47710908"
"chr3","173827288","173827378","chr10","33985071","33985164","18","139842217"
"chr3","173833518","173833847","chr2","11077390","11077699","69","162756128"
"chr3","173851240","173851523","chr5","50811344","50811620","46","123039896"
"chr3","173854079","173854385","chr8","94126067","94126368","42","79728012"
"chr3","173919392","173919564","chr5","133811119","133811288","33","40108273"
"chr3","173954220","173954352","chr7","20344603","20344734","17","153609617"
"chr3","173955308","173955604","chr13","8793439","8793726","52","165161869"
"chr3","173957456","173957551","chr12","9612526","9612620","14","164344930"
"chr3","174022968","174023257","chrUn_GL286373","2039558","2039846","51","171983410"
"chr3","174044175","174044456","chr11","11523418","11523696","51","162520757"
"chr3","174049299","174049582","chr5","138302816","138303098","57","35746483"
"chr3","174195503","174195805","chr5","64592198","64592502","44","109603305"
"chr3","174228948","174229010","chr1","192937716","192937777","7","18708768"
"chr3","174343550","174343857","chr8","93633064","93633356","45","80710486"
"chr3","174348163","174348474","chr5","55380182","55380490","54","118967981"
"chr3","174460029","174460346","chr1","192554991","192555295","64","18094962"
"chr3","174534370","174534404","chr16","18814155","18814191","5","155720215"
"chr3","174632936","174633257","chr5","2193404","2193714","67","172439532"
"chr3","174981383","174981688","chr4","126062982","126063287","50","48918401"
"chr3","175005746","175006037","chr4","25746204","25746495","44","149259542"
"chr3","175011461","175011744","chr10","98643052","98643338","49","76368409"
"chr3","175080451","175080745","chr7","44689617","44689912","39","130390834"
"chr3","175156376","175156670","chr2","146356942","146357240","40","28799434"
"chr3","175389763","175390078","chr4","151238342","151238657","55","24151421"
"chr3","175439370","175439640","chr7","30323296","30323570","52","145116074"
"chr3","175530208","175530396","chr5","756723","756913","27","174773485"
"chr3","175629130","175629339","chr1","172374077","172374292","39","3255053"
"chr3","175695501","175695805","chr1","170771447","170771746","44","4924054"
"chr3","175857145","175857236","chr5","1759512","1759601","12","174097633"
"chr3","176038927","176039228","chr5","116663888","116664187","46","59375039"
"chr3","176062402","176062674","chr8","91807219","91807498","39","84255183"
"chr3","176277923","176278127","chr8","91579850","91580061","41","84698073"
"chr3","176759195","176759390","chr5","84137563","84137750","36","92621632"
"chr3","176840535","176840639","chr9","18665790","18665897","27","158174745"
"chr3","176886094","176886393","chr7","137807909","137808203","40","39078185"
"chr3","176895623","176895762","chr12","82314094","82314209","36","94581529"
"chr3","176905802","176906025","chr5","53720573","53720801","28","123185229"
"chr3","176908611","176908921","chrX","92800328","92800623","53","84108283"
"chr3","177094823","177095119","chr14","81489642","81489927","63","95605181"
"chr3","177386007","177386300","chr19","38589311","38589602","44","138796696"
"chr3","177535725","177536021","chr7","33547338","33547635","42","143988387"
"chr3","177679802","177679900","chr14","11813080","11813180","14","165866722"
"chr3","177714803","177715015","chr20","9171258","9171467","41","168543545"
"chr3","177732305","177732604","chr15","33235026","33235324","48","144497279"
"chr3","177879299","177879592","chr1","172687648","172687936","61","5191651"
"chr3","177929728","177930014","chr8","11597419","11597690","66","166332309"
"chr3","177964395","177964602","chr8","89829057","89829251","44","88135338"
"chr3","177986287","177986598","chr1","136743158","136743465","55","41243129"
"chr3","177991227","177991527","chr13","114422744","114423042","50","63568483"
"chr3","178004272","178004556","chr8","89786446","89786730","51","88217826"
"chr3","178079610","178079663","chr8","109849064","109849117","4","68230546"
"chr3","178096711","178097010","chr5","45788683","45788985","49","132308028"
"chr3","178101285","178101564","chr2","1572464","1572757","58","176528821"
"chr3","178106747","178106839","chr5","3510771","3510865","17","174595976"
"chr3","178181876","178182174","chr5","64266316","64266614","44","113915560"
"chr3","178195651","178195950","chr8","89584919","89585212","44","88610732"
"chr3","178238363","178238671","chr4","151238342","151238657","54","27000021"
"chr3","178244876","178245133","chr8","89535074","89535325","42","88709802"
"chr3","178247539","178247818","chr18","4174068","4174357","53","174073471"
"chr3","178260462","178260586","chr1","191184885","191185017","32","12924423"
"chr3","178276032","178276350","chr3","67738987","67739296","68","110537045"
"chr3","178292605","178292905","chr12","16212093","16212391","52","162080512"
"chr3","178296160","178296332","chr7","12902130","12902295","31","165394030"
"chr3","178301823","178302099","chr8","89474959","89475233","46","88826864"
"chr3","178302365","178302666","chr4","54370195","54370493","39","123932170"
"chr3","178305068","178305359","chr1","155648769","155649066","51","22656299"
"chr3","178352774","178352946","chr13","26446506","26446675","31","151906268"
"chr3","178359854","178360019","chr13","26045777","26045941","31","152314077"
"chr3","178365854","178365933","chr2","63885917","63885999","9","114479937"
"chr3","178375715","178375989","chr3","139872484","139872769","49","38503231"
"chr3","178484781","178484947","chr2","176189669","176189829","40","2295112"
"chr3","178507068","178507179","chr2","137767732","137767839","17","40739336"
"chr3","178541176","178541333","chr5","77649550","77649706","29","100891626"
"chr3","178581535","178581810","chr8","6469512","6469784","58","172112023"
"chr3","179269834","179270155","chrX","64172412","64172721","54","115097422"
"chr3","179716764","179717052","chr7","58917227","58917519","56","120799537"
"chr3","179819533","179819812","chr2","203225383","203225677","52","23405850"
"chr3","179841690","179841993","chr1","77745311","77745604","45","102096379"
"chr3","179967864","179968154","chr19","11821768","11822062","38","168146096"
"chr3","179993694","179993985","chr5","71686578","71686874","49","108307116"
"chr3","180037889","180038159","chr5","39838717","39839003","51","140199172"
"chr3","180056292","180056564","chr5","72712443","72712712","43","107343849"
"chr3","180177840","180178054","chr5","86439256","86439473","56","93738584"
"chr3","180427295","180427609","chr5","78565303","78565608","73","101861992"
"chr3","180427623","180427925","chr10","10473186","10473493","59","169954437"
"chr3","180428962","180429279","chr2","17435825","17436127","73","162993137"
"chr3","180429318","180429594","chr7","51489320","51489601","59","128939998"
"chr4","101056405","101056678","chr5","100193922","100194188","58","862483"
"chr4","102498043","102498313","chr14","81489642","81489927","46","21008401"
"chr4","47288","47595","chr9","99956407","99956710","45","99909119"
"chr4","54660","54939","chrUn_GL286209","201578","201839","64","146918"
"chr4","257974","258230","chr7","92864065","92864312","60","92606091"
"chr4","481911","482234","chrX","43690851","43691163","66","43208940"
"chr4","734777","735050","chr12","49192241","49192521","45","48457464"
"chr4","859448","859673","chr3","89766826","89767049","38","88907378"
"chr4","934432","934663","chr7","46460788","46461020","36","45526356"
"chr4","1314313","1314455","chr10","621281","621421","22","693032"
"chr4","1317194","1317500","chr4","139259106","139259407","53","137941912"
"chr4","1360945","1361047","chr4","27617462","27617566","13","26256517"
"chr4","1380239","1380541","chr13","95836072","95836367","51","94455833"
"chr4","1615063","1615366","chr4","27323329","27323636","51","25708266"
"chr4","1625426","1625603","chr1","13881780","13881959","28","12256354"
"chr4","1636161","1636479","chr15","71322961","71323259","65","69686800"
"chr4","1695833","1696140","chr4","27242264","27242573","47","25546431"
"chr4","1930915","1931210","chr4","144716679","144716971","54","142785764"
"chr4","2098979","2099126","chr3","41784782","41784934","28","39685803"
"chr4","2407877","2407931","chr9","58005342","58005393","5","55597465"
"chr4","2631284","2631595","chr12","78762116","78762425","41","76130832"
"chr4","2726751","2727035","chr19","38589311","38589602","45","35862560"
"chr4","2771330","2771644","chrX","64172412","64172721","52","61401082"
"chr4","2791467","2791783","chr2","146982644","146982948","47","144191177"
"chr4","2805259","2805566","chr4","163417212","163417515","58","160611953"
"chr4","2828623","2828943","chr5","2193404","2193714","64","635219"
"chr4","2877053","2877341","chr4","25791897","25792190","33","22914844"
"chr4","2895809","2896108","chr16","91192708","91193006","46","88296899"
"chr4","2973990","2974289","chr13","95836072","95836367","48","92862082"
"chr4","3009686","3009829","chr5","31198215","31198362","24","28188529"
"chr4","3072390","3072664","chr4","80376150","80376420","45","77303760"
"chr4","3151995","3152313","chr3","98129428","98129736","58","94977433"
"chr4","3260107","3260395","chr7","65427170","65427463","54","62167063"
"chr4","3566493","3566783","chr4","25065880","25066177","39","21499387"
"chr4","3629352","3629688","chr6","116215103","116215435","62","112585751"
"chr4","3691237","3691539","chr11","82134409","82134707","47","78443172"
"chr4","3725378","3725691","chr9","101210178","101210488","47","97484800"
"chr4","3729848","3730139","chr8","71462525","71462819","53","67732677"
"chr4","3777909","3778199","chr2","203225383","203225677","58","199447474"
"chr4","3838637","3838937","chr4","24714987","24715298","49","20876350"
"chr4","3872581","3872873","chr1","13807754","13808053","37","9935173"
"chr4","3887033","3887083","chrX","43618843","43618890","6","39731810"
"chr4","3898368","3898669","chr4","24642107","24642416","34","20743739"
"chr4","3954771","3955069","chr4","24581985","24582283","35","20627214"
"chr4","3989004","3989309","chr4","45714331","45714644","56","41725327"
"chr4","4077764","4078080","chr4","24462001","24462308","40","20384237"
"chr4","4228685","4228968","chr2","137530552","137530841","64","133301867"
"chr4","4327056","4327387","chr2","11795961","11796289","71","7468905"
"chr4","4418210","4418510","chr4","24084617","24084930","57","19666407"
"chr4","4421287","4421611","chr12","15497553","15497864","58","11076266"
"chr4","4447199","4447474","chr15","5550107","5550378","46","1102908"
"chr4","4494039","4494201","chr16","76999836","77000000","29","72505797"
"chr4","4499389","4499686","chr1","174457739","174458029","56","169958350"
"chr4","4501064","4501336","chr1","141513493","141513763","46","137012429"
"chr4","4515462","4515760","chr5","136059619","136059920","46","131544157"
"chr4","4517413","4517712","chr10","100757276","100757573","45","96239863"
"chr4","4530940","4531222","chr1","4470943","4471220","51","59997"
"chr4","4553090","4553382","chr4","71933212","71933503","45","67380122"
"chr4","4574736","4575052","chr7","41193007","41193318","56","36618271"
"chr4","4582973","4583261","chr9","113096720","113097009","54","108513747"
"chr4","4609538","4609820","chr5","704455","704745","51","3905083"
"chr4","4742161","4742414","chr5","887049","887297","44","3855112"
"chr4","4751440","4751747","chr4","23726393","23726690","46","18974953"
"chr4","4844197","4844476","chr9","40762803","40763092","66","35918606"
"chr4","4949211","4949512","chr14","20780743","20781043","64","15831532"
"chr4","4982112","4982387","chr4","23511445","23511708","42","18529333"
"chr4","4992859","4992962","chr2","29515738","29515834","19","24522879"
"chr4","5200878","5201158","chr4","23297955","23298235","47","18097077"
"chr4","5361765","5362070","chr4","23129234","23129535","41","17767469"
"chr4","5844144","5844245","chr12","101629664","101629768","14","95785520"
"chr4","5847265","5847562","chr3","3161578","3161876","54","2685687"
"chr4","6090296","6090602","chr9","101210178","101210488","51","95119882"
"chr4","6113347","6113489","chr7","12862608","12862756","26","6749261"
"chr4","6226452","6226608","chrX","39844112","39844261","26","33617660"
"chr4","6681817","6682129","chr9","17840993","17841300","55","11159176"
"chr4","6837422","6837724","chr17","28540483","28540776","48","21703061"
"chr4","6906137","6906239","chr2","112082686","112082786","23","105176549"
"chr4","6924342","6924638","chr10","99483273","99483561","43","92558931"
"chr4","6933031","6933227","chr9","30592969","30593152","36","23659938"
"chr4","6936705","6937005","chr4","54370195","54370493","43","47433490"
"chr4","7017396","7017703","chr4","21440641","21440922","68","14423245"
"chr4","7020816","7021121","chr15","72516887","72517186","54","65496071"
"chr4","7039475","7039742","chr4","21417363","21417630","38","14377888"
"chr4","7042923","7043179","chr4","21414396","21414619","66","14371473"
"chr4","7064318","7064608","chr12","106749211","106749501","52","99684893"
"chr4","7102074","7102362","chr9","113583477","113583751","65","106481403"
"chr4","7119060","7119352","chr1","137279824","137280110","52","130160764"
"chr4","7134402","7134563","chr9","20531601","20531766","25","13397199"
"chr4","7171373","7171497","chr2","62072589","62072713","16","54901216"
"chr4","7178542","7178843","chr4","21278455","21278753","29","14099913"
"chr4","7187549","7187911","chr6","116215103","116215435","96","109027554"
"chr4","7223220","7223513","chr9","45325979","45326278","41","38102759"
"chr4","7243598","7243890","chr4","21217089","21217367","45","13973491"
"chr4","7294576","7294880","chr11","19304678","19304978","40","12010102"
"chr4","7311659","7311960","chr4","10712279","10712579","55","3400620"
"chr4","7348649","7348957","chr2","29646327","29646632","46","22297678"
"chr4","7359099","7359385","chr10","8905391","8905671","64","1546292"
"chr4","7361865","7362158","chr19","38589311","38589602","42","31227446"
"chr4","7363878","7364164","chr1","150693133","150693426","50","143329255"
"chr4","7441442","7441743","chr22","13887239","13887540","48","6445797"
"chr4","7462711","7463002","chr9","113096720","113097009","53","105634009"
"chr4","7489070","7489353","chr4","20967396","20967687","47","13478326"
"chr4","7714813","7715078","chr5","61618994","61619252","54","53904181"
"chr4","7853315","7853624","chr4","20507417","20507698","54","12654102"
"chr4","7873597","7873895","chr9","25525997","25526295","43","17652400"
"chr4","7874892","7875190","chr6","94868863","94869160","43","86993971"
"chr4","7905669","7905975","chr5","136059619","136059920","53","128153950"
"chr4","7958305","7958621","chr11","16106669","16106980","58","8148364"
"chr4","7978096","7978400","chr1","138653228","138653528","58","130675132"
"chr4","7999275","7999528","chr4","20330323","20330563","43","12331048"
"chr4","8047350","8047649","chr4","151588300","151588596","46","143540950"
"chr4","8094246","8094295","chr4","2144675","2144724","5","5949571"
"chr4","8136276","8136591","chr2","39815620","39815927","53","31679344"
"chr4","8253932","8254220","chr4","20103976","20104277","48","11850044"
"chr4","8359103","8359398","chr6","119011301","119011592","48","110652198"
"chr4","8360179","8360298","chr3","80019144","80019262","25","71658965"
"chr4","8851573","8851703","chr4","44089309","44089433","35","35237736"
"chr4","8892074","8892380","chr19","31863283","31863592","65","22971209"
"chr4","8943215","8943315","chr17","32764496","32764590","19","23821281"
"chr4","9303186","9303490","chr5","50537784","50538079","50","41234598"
"chr4","9400343","9400647","chr14","33666014","33666321","50","24265671"
"chr4","9401104","9401392","chr5","31596923","31597214","63","22195819"
"chr4","9455531","9455842","chr4","18994780","18995077","54","9539249"
"chr4","9814752","9815033","chr1","37267371","37267646","62","27452619"
"chr4","9988561","9988814","chr5","61618994","61619252","71","51630433"
"chr4","10035724","10036010","chr7","4271771","4272057","51","5763953"
"chr4","10224140","10224453","chr1","13176262","13176573","54","2952122"
"chr4","10251635","10251909","chr9","113583477","113583751","53","103331842"
"chr4","10441643","10441948","chrUn_GL286217","143262","143564","50","10298381"
"chr4","10499118","10499422","chr4","17942582","17942889","41","7443464"
"chr4","10506465","10506759","chr4","17932948","17933234","44","7426483"
"chr4","10530110","10530389","chr15","5718919","5719193","48","4811191"
"chr4","10544409","10544710","chrUn_GL286217","143262","143564","51","10401147"
"chr4","10550470","10550779","chr10","21024965","21025274","55","10474495"
"chr4","10566631","10566806","chrUn_GL286409","1274295","1274453","47","9292336"
"chr4","10621517","10621803","chr1","186610138","186610422","46","175988621"
"chr4","10698920","10699219","chr9","14539289","14539586","50","3840369"
"chr4","10700264","10700567","chr9","43587763","43588066","50","32887499"
"chr4","10720935","10721258","chr10","15378396","15378703","62","4657461"
"chr4","10729482","10729787","chr4","17787457","17787754","52","7057975"
"chr4","10733187","10733493","chr5","116663888","116664187","47","105930701"
"chr4","10751319","10751620","chr4","17760476","17760792","57","7009157"
"chr4","10828983","10829200","chr10","58355367","58355583","42","47526384"
"chr4","10848503","10848793","chr1","41686123","41686409","46","30837620"
"chr4","10909862","10910165","chrX","18432136","18432433","57","7522274"
"chr4","11029526","11029822","chr12","89311335","89311634","53","78281809"
"chr4","11067646","11067944","chr4","161032062","161032360","47","149964416"
"chr4","11125351","11125656","chr5","55380182","55380490","56","44254831"
"chr4","11201758","11202063","chr2","39168351","39168663","56","27966593"
"chr4","11209697","11209791","chr16","94141230","94141322","10","82931533"
"chr4","11299637","11299947","chr14","40809169","40809476","45","29509532"
"chr4","11567594","11567895","chr8","18313174","18313471","56","6745580"
"chr4","11777574","11777889","chr2","150624041","150624344","48","138846467"
"chr4","11885936","11886206","chr2","127177045","127177318","46","115291109"
"chr4","12230065","12230373","chr15","77085877","77086177","48","64855812"
"chr4","12267082","12267385","chr10","48321055","48321354","57","36053973"
"chr4","12453673","12453955","chrX","39454622","39454913","58","27000949"
"chr4","12824261","12824573","chr9","101210178","101210488","54","88385917"
"chr4","12938067","12938359","chr4","71933212","71933503","46","58995145"
"chr4","12957106","12957414","chr9","98911910","98912215","46","85954804"
"chr4","12961073","12961373","chr12","13313763","13314057","48","352690"
"chr4","13153382","13153684","chr1","103493366","103493665","49","90339984"
"chr4","13164227","13164470","chr5","5042006","5042244","55","8122221"
"chr4","13264573","13264873","chr3","41454873","41455170","54","28190300"
"chr4","13391222","13391528","chr14","77613723","77614028","48","64222501"
"chr4","13445092","13445398","chr2","1940205","1940517","50","11504887"
"chr4","13525514","13525819","chr7","88697458","88697764","46","75171944"
"chr4","13534328","13534483","chr5","80103764","80103915","28","66569436"
"chr4","13534618","13534752","chr15","79350373","79350508","29","65815755"
"chr4","13586596","13586872","chr6","121294949","121295225","61","107708353"
"chr4","13703265","13703379","chr3","84875338","84875455","20","71172073"
"chr4","13756506","13756681","chr5","395104","395283","26","13361402"
"chr4","13780051","13780341","chr6","17603905","17604193","45","3823854"
"chr4","13875934","13876210","chr4","14706853","14707133","48","830919"
"chr4","13943950","13944242","chr3","118139040","118139328","46","104195090"
"chr4","13979958","13980246","chr2","10591091","10591384","56","3388867"
"chr4","13985031","13985344","chr4","151238342","151238657","52","137253311"
"chr4","14318623","14318790","chr22","5351047","5351218","35","8967576"
"chr4","14392913","14393207","chr4","14206684","14206973","40","186229"
"chr4","14428184","14428472","chr19","43659630","43659919","41","29231446"
"chr4","14583223","14583507","chr6","118199412","118199685","53","103616189"
"chr4","14593671","14593837","chr9","113205770","113205926","32","98612099"
"chr4","14666128","14666429","chr7","24906412","24906703","50","10240284"
"chr4","14698958","14699259","chr3","149706946","149707243","55","135007988"
"chr4","14709123","14709411","chr4","13888424","13888714","51","820699"
"chr4","14743524","14743827","chr5","41846454","41846751","42","27102930"
"chr4","14849930","14850219","chr2","1572464","1572757","44","13277466"
"chr4","14897256","14897531","chr4","13710727","13711000","42","1186529"
"chr4","14968129","14968291","chr12","87023689","87023855","34","72055560"
"chr4","14968791","14969095","chr11","28125301","28125613","41","13156510"
"chr4","14995009","14995308","chr5","150035765","150036076","51","135040756"
"chr4","15057805","15058029","chr6","148243432","148243652","37","133185627"
"chr4","15069038","15069117","chr5","92241441","92241519","14","77172403"
"chr4","15096426","15096614","chr5","756723","756913","38","14339703"
"chr4","15139906","15139937","chr7","19146088","19146122","14","4006182"
"chr4","15140534","15140685","chr21","45338800","45338950","24","30198266"
"chr4","15142541","15142851","chr5","120225189","120225498","50","105082648"
"chr4","15150449","15150746","chr17","10869774","10870072","56","4280675"
"chr4","15191193","15191498","chr5","523629","523928","57","14667564"
"chr4","15191661","15192032","chr5","110501608","110501987","102","95309947"
"chr4","15194921","15195193","chr4","13434106","13434380","57","1760815"
"chr4","15232479","15232759","chr7","82462578","82462853","72","67230099"
"chr4","15237078","15237230","chr22","8461501","8461657","30","6775577"
"chr4","15239948","15240243","chr12","51888773","51889064","48","36648825"
"chr4","15269755","15270058","chr7","33547338","33547635","49","18277583"
"chr4","15326878","15327145","chr17","68904754","68905020","49","53577876"
"chr4","15432196","15432431","chr1","103529416","103529663","64","88097220"
"chr4","15452356","15452667","chr2","10940056","10940367","50","4512300"
"chr4","15496190","15496298","chr16","21159134","21159244","17","5662944"
"chr4","15496514","15496775","chr1","100435142","100435402","59","84938628"
"chr4","15635461","15635533","chr5","92528200","92528272","6","76892739"
"chr4","15635675","15635897","chr22","35745701","35745925","41","20110026"
"chr4","15700272","15700370","chr1","206506573","206506667","16","190806301"
"chr4","15719162","15719490","chr4","12825479","12825805","37","2893683"
"chr4","15739694","15740005","chr4","12806794","12807106","53","2932900"
"chr4","15770217","15770549","chr16","70583287","70583610","55","54813070"
"chr4","15820629","15820759","chr5","10559689","10559821","21","5260940"
"chr4","15822058","15822366","chr14","915738","916038","48","14906320"
"chr4","15877623","15877964","chr5","108338844","108339172","72","92461221"
"chr4","15893642","15893923","chr15","28142141","28142420","53","12248499"
"chr4","16035933","16036005","chr4","41182827","41182899","11","25146894"
"chr4","16099601","16099878","chrX","107865043","107865328","46","91765442"
"chr4","16132936","16133252","chr5","120225189","120225498","53","104092253"
"chr4","16167240","16167513","chr4","12384858","12385125","47","3782382"
"chr4","16190383","16190678","chr17","4214898","4215196","41","11975485"
"chr4","16241748","16242051","chr17","67619203","67619507","56","51377455"
"chr4","16251413","16251718","chr9","14539289","14539586","50","1712124"
"chr4","16267710","16267759","chr2","24894555","24894596","13","8626845"
"chr4","16285079","16285384","chr5","82250286","82250593","53","65965207"
"chr4","16306461","16306761","chr14","83083786","83084089","43","66777325"
"chr4","17009768","17010061","chr4","11507198","11507490","45","5502570"
"chr4","17098376","17098674","chr12","94624697","94624994","46","77526321"
"chr4","17124743","17124907","chr9","98569330","98569502","39","81444587"
"chr4","17125930","17126210","chr20","43097513","43097806","41","25971583"
"chr4","17225580","17225879","chr2","63180548","63180847","40","45954968"
"chr4","17260734","17261040","chr6","75230350","75230656","49","57969616"
"chr4","17274707","17275008","chr10","48321055","48321354","47","31046348"
"chr4","17281834","17282146","chr4","11278560","11278871","50","6003274"
"chr4","17316884","17317189","chr2","170729172","170729471","55","153412288"
"chr4","17484326","17484607","chr3","88018588","88018878","49","70534262"
"chr4","17499212","17499529","chr19","36137458","36137772","55","18638246"
"chr4","17571806","17572092","chr3","19993966","19994253","40","2422160"
"chr4","17593780","17593930","chr4","11035725","11035872","18","6558055"
"chr4","17599676","17599974","chr4","11027662","11027961","45","6572014"
"chr4","17602772","17603047","chr5","57595002","57595278","58","39992230"
"chr4","17621166","17621467","chr12","86578620","86578922","62","68957454"
"chr4","17624915","17625205","chr14","61568989","61569280","47","43944074"
"chr4","17639192","17639304","chr2","36314248","36314355","21","18675056"
"chr4","17642219","17642511","chr12","94624697","94624994","43","76982478"
"chr4","17730815","17731134","chr7","70375823","70376126","60","52645008"
"chr4","17746470","17746761","chr6","119011301","119011592","43","101264831"
"chr4","17757425","17757583","chr12","104996019","104996181","36","87238594"
"chr4","17761151","17761455","chrUn_GL286217","143262","143564","48","17617889"
"chr4","17775728","17776035","chr6","48814191","48814491","52","31038463"
"chr4","17786846","17787117","chrX","63374005","63374278","64","45587159"
"chr4","17800599","17800933","chr4","10779296","10779608","70","7021303"
"chr4","17854839","17855014","chr1","171690951","171691118","33","153836112"
"chr4","17877318","17877606","chr12","27922791","27923078","35","10045473"
"chr4","17919232","17919539","chr4","10660054","10660360","46","7259178"
"chr4","17923226","17923360","chr12","90719257","90719392","19","72796031"
"chr4","17930789","17931094","chr1","170771447","170771746","58","152840658"
"chr4","17944736","17945034","chr4","10638513","10638811","47","7306223"
"chr4","17964860","17965171","chr11","126545825","126546136","52","108580965"
"chr4","18118079","18118290","chr11","111160144","111160365","56","93042065"
"chr4","18119590","18119889","chr5","71686578","71686874","40","53566988"
"chr4","18144184","18144479","chr1","156644747","156645035","55","138500563"
"chr4","18153683","18153973","chr6","119011301","119011592","55","100857618"
"chr4","18192948","18193238","chr15","71322961","71323259","64","53130013"
"chr4","18218234","18218326","chr1","173050036","173050125","12","154831802"
"chr4","18234856","18235164","chrY","609280","609564","62","17625576"
"chr4","18235797","18236107","chr11","64327276","64327585","47","46091479"
"chr4","18269984","18270295","chr4","10336450","10336760","49","7933534"
"chr4","18290313","18290622","chr9","99956407","99956710","41","81666094"
"chr4","18360269","18360552","chr15","28219072","28219359","64","9858803"
"chr4","18433348","18433610","chr9","123778317","123778575","51","105344969"
"chr4","18449761","18450049","chr4","10148751","10149041","49","8301010"
"chr4","18482929","18483215","chr4","150555920","150556212","51","132072991"
"chr4","18532522","18532820","chr2","17996148","17996446","45","536374"
"chr4","18752553","18752607","chr5","57313206","57313259","9","38560653"
"chr4","18773253","18773565","chr2","11077390","11077699","56","7695863"
"chr4","18785548","18785767","chr4","9809612","9809822","35","8975936"
"chr4","18822992","18823288","chr4","9760199","9760499","62","9062793"
"chr4","18898934","18899216","chr12","115102926","115103208","40","96203992"
"chr4","19062267","19062540","chr7","97022652","97022933","52","77960385"
"chr4","19100281","19100567","chr6","57780653","57780942","49","38680372"
"chr4","19149153","19149462","chr10","14690438","14690745","51","4458715"
"chr4","19247150","19247247","chr5","92964095","92964193","10","73716945"
"chr4","19357509","19357815","chr2","36478057","36478360","53","17120548"
"chr4","19480912","19481157","chr8","7513383","7513624","54","11967529"
"chr4","19613386","19613682","chr2","108879622","108879914","63","89266236"
"chr4","19673355","19673648","chr2","147728720","147729015","50","128055365"
"chr4","19692999","19693139","chr5","39827158","39827291","24","20134159"
"chr4","19702369","19702455","chr5","1759512","1759601","14","17942857"
"chr4","20046031","20046340","chr11","66635820","66636129","58","46589789"
"chr4","20096602","20096903","chr4","8359699","8360001","39","11736903"
"chr4","20152743","20152839","chr4","110642008","110642097","13","90489265"
"chr4","20284331","20284632","chr7","44689617","44689912","45","24405286"
"chr4","20401924","20402220","chr6","94868863","94869160","52","74466939"
"chr4","20449286","20449461","chr10","126091805","126091971","37","105642519"
"chr4","20469518","20469816","chr6","57780653","57780942","58","37311135"
"chr4","20514016","20514343","chrX","64172412","64172721","66","43658396"
"chr4","20559116","20559159","chr7","129098913","129098957","7","108539797"
"chr4","20589451","20589723","chr10","41485100","41485371","47","20895649"
"chr4","20598662","20598966","chr12","107125942","107126232","48","86527280"
"chr4","20603066","20603363","chr5","5039320","5039616","41","15563746"
"chr4","20748698","20748976","chr4","7720794","7721080","44","13027904"
"chr4","20756038","20756335","chr5","5039320","5039616","57","15716718"
"chr4","20770517","20770754","chr7","69795910","69796141","46","49025393"
"chr4","20821936","20822202","chr4","7632111","7632373","51","13189825"
"chr4","20856520","20856811","chr2","14225318","14225608","45","6631202"
"chr4","20936831","20937137","chr2","146982644","146982948","44","126045813"
"chr4","21093903","21094189","chr4","7341938","7342231","40","13751965"
"chr4","21130330","21130625","chr4","54370195","54370493","52","33239865"
"chr4","21167502","21167794","chr22","24512948","24513234","51","3345446"
"chr4","21182627","21182922","chr4","7217117","7217410","40","13965510"
"chr4","21212189","21212499","chrX","128392444","128392759","50","107180255"
"chr4","21230525","21230819","chr5","134335779","134336071","46","113105254"
"chr4","21240221","21240520","chrX","39454622","39454913","49","18214401"
"chr4","21293591","21293898","chr12","78762116","78762425","51","57468525"
"chr4","21299193","21299478","chr5","116471357","116471650","66","95172164"
"chr4","21493604","21493871","chr2","63752149","63752416","48","42258545"
"chr4","21578516","21578826","chr22","11599482","11599785","51","9979034"
"chr4","21805411","21805708","chr8","117814130","117814426","47","96008719"
"chr4","21837209","21837481","chr4","6514402","6514673","46","15322807"
"chr4","21953950","21954227","chr14","92265708","92266001","50","70311758"
"chr4","21990619","21990913","chr7","58917227","58917519","53","36926608"
"chr4","22383113","22383417","chr4","5931510","5931804","42","16451603"
"chr4","22519481","22519791","chr5","2193404","2193714","50","20326077"
"chr4","22542020","22542333","chr14","6471804","6472122","53","16070216"
"chr4","22918463","22918734","chr9","53552630","53552898","49","30634167"
"chr4","23047804","23048039","chr11","97854305","97854536","49","74806501"
"chr4","23125767","23126066","chr1","201967395","201967694","51","178841628"
"chr4","23156607","23156890","chr4","410768","411054","47","22745839"
"chr4","23224272","23224579","chr5","2193404","2193714","47","21030868"
"chr4","23234305","23234607","chr2","71331505","71331809","37","48097200"
"chr4","23328759","23329056","chr12","3931090","3931387","57","19397669"
"chr4","23400370","23400671","chr5","41846454","41846751","46","18446084"
"chr4","23495748","23496043","chr9","101936901","101937198","45","78441153"
"chr4","24026975","24027250","chr17","67593125","67593399","97","43566150"
"chr4","24181794","24182104","chr14","33666014","33666321","54","9484220"
"chr4","24185301","24185401","chr5","84481557","84481668","23","60296256"
"chr4","24223993","24224084","chr5","1759512","1759601","12","22464481"
"chr4","24259366","24259541","chr6","131126855","131127035","51","106867489"
"chr4","24312055","24312361","chr19","42859948","42860247","49","18547893"
"chr4","24330066","24330365","chr14","915738","916038","45","23414328"
"chr4","24363130","24363415","chrX","51282480","51282768","46","26919350"
"chr4","24366158","24366497","chr4","132055862","132056190","76","107689704"
"chr4","24397161","24397474","chrX","63118288","63118597","48","38721127"
"chr4","24397498","24397792","chr2","17996148","17996446","55","6401350"
"chr4","24398280","24398580","chr7","19002392","19002692","52","5395888"
"chr4","24407046","24407201","chr5","149306367","149306522","25","124899321"
"chr4","24440956","24441246","chr6","118101228","118101518","36","93660272"
"chr4","24442529","24442832","chr5","124645645","124645952","49","100203116"
"chr4","24467469","24467761","chr1","188418911","188419196","60","163951442"
"chr4","24482834","24483119","chr3","111446138","111446410","52","86963304"
"chr4","24483748","24483880","chr11","120625719","120625851","15","96141971"
"chr4","24496202","24496503","chr5","41846454","41846751","40","17350252"
"chr4","24526852","24527127","chr4","3821930","3822218","49","20704922"
"chr4","24551082","24551371","chr4","3798073","3798359","41","20753009"
"chr4","24578037","24578335","chr10","80449759","80450058","47","55871722"
"chr4","24635158","24635460","chr4","3720108","3720418","61","20915050"
"chr4","24638617","24638937","chr13","55351078","55351385","65","30712461"
"chr4","24664282","24664578","chrX","5636981","5637273","45","19027301"
"chr4","24688292","24688598","chr4","3676113","3676409","41","21012179"
"chr4","24716161","24716462","chr7","70375823","70376126","56","45659662"
"chr4","24753143","24753444","chr11","63074748","63075052","44","38321605"
"chr4","24755689","24755944","chr2","90144812","90145062","53","65389123"
"chr4","24786596","24786906","chr9","101210178","101210488","42","76423582"
"chr4","24918051","24918328","chr1","77745311","77745604","55","52827260"
"chr4","25132638","25132938","chrUn_GL288540","5935","6222","41","25126703"
"chr4","25136858","25137176","chr4","3181957","3182267","68","21954901"
"chr4","25152243","25152522","chr3","152858583","152858869","51","127706340"
"chr4","25164979","25165245","chr6","22566599","22566865","51","2598380"
"chr4","25200264","25200566","chr20","26615595","26615890","48","1415331"
"chr4","25218500","25218810","chr11","28125301","28125613","50","2906801"
"chr4","25237933","25238049","chr10","102409963","102410075","16","77172030"
"chr4","25264719","25265018","chr9","20427165","20427460","47","4837554"
"chr4","25276691","25276982","chr5","80121277","80121568","54","54844586"
"chr4","25549796","25550087","chr4","111795287","111795580","53","86245491"
"chr4","25865121","25865346","chr10","27834176","27834398","32","1969055"
"chr4","25869127","25869411","chrX","122477327","122477613","54","96608200"
"chr4","25872202","25872479","chr17","45265467","45265743","50","19393265"
"chr4","25874632","25874950","chr2","150624041","150624344","59","124749409"
"chr4","25880608","25880872","chrX","22434886","22435150","50","3445722"
"chr4","25900294","25900404","chr3","72030386","72030497","14","46130092"
"chr4","25905691","25905984","chr5","93075725","93076019","43","67170034"
"chr4","25913795","25914049","chr1","47085653","47085908","65","21171858"
"chr4","25921248","25921386","chr6","40412798","40412931","28","14491550"
"chr4","25970282","25970563","chr1","197465921","197466196","60","171495639"
"chr4","26077174","26077265","chr2","9154740","9154829","14","16922434"
"chr4","26112836","26113135","chr10","76904858","76905160","65","50792022"
"chr4","26115808","26116060","chr4","2251801","2252066","61","23864007"
"chr4","26167461","26167780","chrX","17705039","17705341","65","8462422"
"chr4","26187115","26187383","chr1","168266231","168266495","51","142079116"
"chr4","26203642","26203916","chr7","61030978","61031258","60","34827336"
"chr4","26235311","26235574","chr4","54813870","54814128","56","28578559"
"chr4","26253107","26253400","chr13","63795202","63795505","55","37542095"
"chr4","26282378","26282672","chr4","31195106","31195401","53","4912728"
"chr4","26288831","26289056","chr3","12061251","12061458","46","14227580"
"chr4","26296476","26296789","chr5","79303042","79303347","51","53006566"
"chr4","26419393","26419681","chr12","82610465","82610753","51","56191072"
"chr4","26444989","26445304","chr6","75230350","75230656","52","48785361"
"chr4","26475463","26475803","chr3","75943509","75943841","63","49468046"
"chr4","26478603","26478634","chr9","91427403","91427433","7","64948800"
"chr4","26532866","26533157","chr8","38105332","38105618","40","11572466"
"chr4","26545281","26545597","chr2","146982644","146982948","62","120437363"
"chr4","26555527","26555824","chr12","108797245","108797536","62","82241718"
"chr4","26580274","26580387","chr9","12696555","12696670","18","13883719"
"chr4","26703534","26703840","chr14","99166809","99167105","54","72463275"
"chr4","26782187","26782466","chr1","192828584","192828863","46","166046397"
"chr4","26787596","26787882","chr9","42661920","42662203","43","15874324"
"chr4","26904779","26904951","chr4","1616768","1616944","39","25288011"
"chr4","26936936","26937235","chr9","14539645","14539946","47","12397291"
"chr4","26972394","26972667","chr9","95635282","95635546","90","68662888"
"chr4","27054360","27054584","chr6","45681411","45681627","39","18627051"
"chr4","27300842","27301145","chr17","62830726","62831031","52","35529884"
"chr4","27330329","27330620","chr3","106011472","106011765","43","78681143"
"chr4","27366092","27366391","chr10","118578692","118578996","51","91212600"
"chr4","27376919","27377136","chr15","9389834","9390061","40","17987085"
"chr4","27381649","27381977","chr11","83476981","83477292","59","56095332"
"chr4","27404262","27404560","chr1","86742621","86742919","55","59338359"
"chr4","27417613","27417898","chr6","45754589","45754867","55","18336976"
"chr4","27419881","27420176","chr5","6460439","6460731","49","20959442"
"chr4","27422174","27422485","chr12","78762116","78762425","51","51339942"
"chr4","27439316","27439610","chr11","82134409","82134707","52","54695093"
"chr4","27442091","27442267","chr3","85619200","85619375","32","58177109"
"chr4","27518469","27518759","chr4","948382","948673","61","26570087"
"chr4","27569885","27570153","chr1","147402149","147402405","56","119832264"
"chr4","27588287","27588603","chr4","1052229","1052523","71","26536058"
"chr4","27753645","27753884","chr4","887592","887829","23","26866053"
"chr4","27774459","27774768","chr4","868572","868865","58","26905887"
"chr4","27807608","27807890","chr9","101464415","101464709","52","73656807"
"chr4","27837157","27837466","chrX","63118288","63118597","49","35281131"
"chr4","27887124","27887375","chr6","17518137","17518382","50","10368987"
"chr4","27889680","27889981","chr10","14258171","14258466","44","13631509"
"chr4","27932108","27932393","chr12","20230563","20230858","50","7701545"
"chr4","28145211","28145269","chr5","47678674","47678734","11","19533463"
"chr4","28148620","28148902","chr1","136155032","136155317","58","108006412"
"chr4","28170145","28170446","chr2","113016587","113016887","62","84846442"
"chr4","28170872","28171176","chr19","31863283","31863592","47","3692411"
"chr4","28178547","28178833","chr1","65455813","65456102","59","37277266"
"chr4","28199409","28199710","chr12","82378835","82379131","55","54179426"
"chr4","28257359","28257651","chrUn_GL286420","777828","778132","62","27479531"
"chr4","28258228","28258513","chr5","124434637","124434918","63","96176409"
"chr4","28271177","28271471","chrX","16941213","16941505","44","11329964"
"chr4","28347684","28347964","chr6","68231794","68232073","54","39884110"
"chr4","28456717","28457021","chr9","14396117","14396432","64","14060600"
"chr4","28539833","28540155","chr13","100594297","100594623","62","72054464"
"chr4","28582101","28582412","chr4","188719","189021","43","28393382"
"chr4","28583362","28583648","chr12","5109497","5109786","45","23473865"
"chr4","28624606","28624772","chr5","97412426","97412592","32","68787820"
"chr4","28849739","28850039","chr5","131639490","131639797","53","102789751"
"chr4","29164474","29164585","chr5","121901639","121901739","25","92737165"
"chr4","29185483","29185784","chr21","49806208","49806506","48","20620725"
"chr4","29274325","29274442","chr2","43248573","43248696","29","13974248"
"chr4","29275223","29275478","chrUn_GL286223","34718","34982","37","29240505"
"chr4","29275702","29275955","chr4","44061653","44061899","57","14785951"
"chr4","29367268","29367544","chr5","127456328","127456600","53","98089060"
"chr4","29548573","29548856","chr4","30399194","30399492","48","850621"
"chr4","29785079","29785370","chr5","81188344","81188629","61","51403265"
"chr4","29818885","29819170","chr2","2218970","2219260","48","27599915"
"chr4","29935627","29935926","chr9","109401065","109401359","51","79465438"
"chr4","29967391","29967450","chr9","36240552","36240607","10","6273161"
"chr4","29995526","29995838","chr1","94313628","94313939","46","64318102"
"chr4","30038454","30038548","chr2","15984857","15984951","12","14053597"
"chr4","30135965","30136106","chr2","55544708","55544857","29","25408743"
"chr4","30143417","30143776","chr13","36820732","36821094","87","6677315"
"chr4","30178529","30178800","chr1","148438931","148439211","57","118260402"
"chr4","30217880","30218192","chr4","31195106","31195401","49","977226"
"chr4","30225380","30225654","chr5","74695514","74695798","45","44470134"
"chr4","30350836","30351031","chr4","44102836","44103033","44","13752000"
"chr4","30470062","30470341","chr13","61026131","61026415","48","30556069"
"chr4","30484108","30484402","chr8","93934039","93934332","47","63449931"
"chr4","30535188","30535487","chr16","18382717","18383021","47","12152471"
"chr4","30537863","30538032","chr7","12902130","12902295","30","17635733"
"chr4","30568277","30568585","chr2","146982644","146982948","45","116414367"
"chr4","30641238","30641538","chr8","75629943","75630246","56","44988705"
"chr4","30741371","30741679","chr20","28072061","28072363","47","2669310"
"chr4","30786959","30787014","chr7","40874870","40874927","8","10087911"
"chr4","30788165","30788216","chr5","110845897","110845946","7","80057732"
"chr4","30848853","30849132","chr11","21274347","21274628","48","9574506"
"chr4","30885351","30885628","chrX","52241701","52241982","46","21356350"
"chr4","30886492","30886789","chr4","32094041","32094339","30","1207549"
"chr4","30923980","30924261","chr9","107081493","107081774","51","76157513"
"chr4","30930424","30930658","chr7","41590979","41591212","38","10660555"
"chr4","30997089","30997198","chr1","52285295","52285404","20","21288206"
"chr4","30997684","30997788","chr5","92715852","92715954","24","61718168"
"chr4","31008126","31008418","chr6","119011301","119011592","35","88003175"
"chr4","31040177","31040475","chr7","70375823","70376126","40","39335646"
"chr4","31122754","31123068","chr5","34887662","34887978","63","3764908"
"chr4","31125920","31126223","chr15","24029162","24029466","45","7096758"
"chr4","31127141","31127439","chr4","144716679","144716971","53","113589538"
"chr4","31140815","31140940","chr7","124920843","124920971","27","93780028"
"chr4","31141931","31142109","chr20","846925","847098","31","30295006"
"chr4","31290573","31290876","chr9","25525997","25526295","52","5764576"
"chr4","31296058","31296368","chr4","54001400","54001704","58","22705342"
"chr4","31364686","31364999","chr9","107747528","107747830","54","76382842"
"chr4","31387220","31387526","chr15","15693085","15693387","49","15694135"
"chr4","31417046","31417352","chr2","13919309","13919605","59","17497737"
"chr4","31448879","31449176","chr1","173326950","173327240","45","141878071"
"chr4","31591081","31591231","chr6","47544588","47544736","36","15953507"
"chr4","31647974","31648278","chr6","17488447","17488749","51","14159527"
"chr4","31653204","31653525","chr2","130993805","130994105","61","99340601"
"chr4","31978211","31978287","chr3","142693986","142694054","15","110715775"
"chr4","32148511","32148807","chr2","63276116","63276427","64","31127605"
"chr4","32159813","32160079","chr5","33279253","33279520","72","1119440"
"chr4","32226551","32226829","chr5","87206621","87206875","75","54980070"
"chr4","32395854","32396149","chr1","201876884","201877182","57","169481030"
"chr4","32475489","32475798","chr15","71482128","71482437","59","39006639"
"chr4","32507075","32507379","chr5","55380182","55380490","45","22873107"
"chr4","32541777","32542055","chr4","34087339","34087625","52","1545562"
"chr4","32595069","32595258","chr8","816753","816942","46","31778316"
"chr4","32626301","32626418","chr6","49062364","49062480","15","16436063"
"chr4","32638252","32638580","chr2","169129486","169129808","69","136491234"
"chr4","32739288","32739575","chr7","42426071","42426356","49","9686783"
"chr4","32803470","32803772","chr9","85432402","85432705","41","52628932"
"chr4","32824275","32824330","chr10","128535005","128535062","4","95710730"
"chr4","32851650","32851809","chr3","87416033","87416170","37","54564383"
"chr4","32911650","32911959","chrX","39183726","39184034","46","6272076"
"chr4","33016217","33016466","chr4","34583708","34583955","35","1567491"
"chr4","33415836","33416128","chr13","57884093","57884384","37","24468257"
"chr4","33417475","33417767","chr13","57884093","57884384","37","24466618"
"chr4","33424590","33424901","chr11","65484802","65485110","58","32060212"
"chr4","33463671","33463946","chr14","68859815","68860079","64","35396144"
"chr4","33469868","33470093","chr11","110236340","110236562","34","76766472"
"chr4","33479458","33479734","chr5","76785899","76786176","54","43306441"
"chr4","33529898","33530189","chr4","35140377","35140669","36","1610479"
"chr4","33540938","33541245","chr20","39170680","39170978","43","5629742"
"chr4","33638489","33638783","chr12","16212093","16212391","43","17426396"
"chr4","33651552","33651666","chr8","74203698","74203811","11","40552146"
"chr4","33651889","33652002","chr2","17710722","17710836","27","15941167"
"chr4","33688074","33688346","chr9","46777958","46778230","60","13089884"
"chr4","33816043","33816318","chr11","95629919","95630186","48","61813876"
"chr4","33823501","33823803","chr4","54370195","54370493","41","20546694"
"chr4","33867929","33868230","chr9","105072042","105072344","46","71204113"
"chr4","33883968","33884239","chr7","22422256","22422540","66","11461712"
"chr4","33908037","33908332","chr2","147728720","147729015","40","113820683"
"chr4","33952839","33952969","chr12","19510211","19510345","30","14442628"
"chr4","33970052","33970338","chr19","39401001","39401292","43","5430949"
"chr4","33988941","33989233","chr4","25746204","25746495","41","8242737"
"chr4","33991431","33991733","chr19","42859948","42860247","53","8868517"
"chr4","34056843","34057144","chr1","10455735","10456039","71","23601108"
"chr4","34085018","34085315","chr4","35699271","35699576","47","1614253"
"chr4","34086643","34086952","chr4","35700901","35701208","44","1614258"
"chr4","34095146","34095447","chr5","65296228","65296517","48","31201082"
"chr4","34118536","34118842","chrX","63118288","63118597","55","28999752"
"chr4","34138456","34138765","chr19","17448176","17448478","49","16690280"
"chr4","34184615","34184890","chr2","78672755","78673044","51","44488140"
"chr4","34277228","34277519","chr7","46614511","46614801","45","12337283"
"chr4","34397532","34397698","chr16","26510925","26511082","38","7886607"
"chr4","34489847","34490124","chr9","53552630","53552898","39","19062783"
"chr4","34530222","34530525","chr4","36185994","36186292","46","1655772"
"chr4","34600059","34600195","chr1","86741299","86741434","14","52141240"
"chr4","34657100","34657389","chr2","2218970","2219260","38","32438130"
"chr4","34674464","34674756","chr4","36328645","36328939","42","1654181"
"chr4","34732318","34732621","chr4","36387742","36388036","41","1655424"
"chr4","34814595","34814860","chr11","11217318","11217578","48","23597277"
"chr4","34818109","34818424","chr14","65721421","65721724","54","30903312"
"chr4","34840216","34840422","chr2","152459165","152459377","39","117618949"
"chr4","34872268","34872579","chr10","5304587","5304889","53","29567681"
"chr4","34882394","34882685","chr1","156829227","156829517","55","121946833"
"chr4","34893285","34893580","chr4","38367185","38367480","44","3473900"
"chr4","34910820","34911098","chr2","37664323","37664594","53","2753503"
"chr4","34922067","34922376","chr7","70375823","70376126","42","35453756"
"chr4","34956051","34956110","chr4","44024589","44024647","8","9068538"
"chr4","35007183","35007476","chr5","83053886","83054179","53","48046703"
"chr4","35015071","35015357","chrUn_GL286267","16644","16927","47","34998427"
"chr4","35063996","35064295","chr4","36731960","36732254","40","1667964"
"chr4","35186727","35186996","chr9","19159917","19160194","51","16026810"
"chr4","35188074","35188383","chr5","82250286","82250593","51","47062212"
"chr4","35198518","35198802","chr2","134890220","134890504","46","99691702"
"chr4","35201583","35201868","chr4","36856574","36856856","47","1654991"
"chr4","35214300","35214601","chr1","174789033","174789330","50","139574733"
"chr4","35220058","35220312","chr5","111818560","111818820","66","76598502"
"chr4","35242447","35242751","chr5","116663888","116664187","48","81421441"
"chr4","35260203","35260490","chr4","36917615","36917911","37","1657412"
"chr4","35385621","35385836","chr2","21530661","21530876","35","13854960"
"chr4","35479832","35480118","chr2","2218970","2219260","49","33260862"
"chr4","35647023","35647295","chr4","37326694","37326968","36","1679671"
"chr4","35742898","35743205","chr7","70375823","70376126","50","34632925"
"chr4","35746762","35747058","chr2","147728720","147729015","43","111981958"
"chr4","35763381","35763575","chr5","43675787","43675981","35","7912406"
"chr4","35871300","35871612","chr4","37549068","37549376","44","1677768"
"chr4","35876848","35877163","chr6","75230350","75230656","67","39353502"
"chr4","35899218","35899323","chr17","49805938","49806037","21","13906720"
"chr4","35904718","35904842","chrX","122813075","122813205","23","86908357"
"chr4","35920262","35920556","chr22","24512948","24513234","53","11407314"
"chr4","35920744","35920798","chr18","35406311","35406368","13","514433"
"chr4","35951522","35951814","chr2","12588191","12588476","52","23363331"
"chr4","36037079","36037235","chr16","66965966","66966127","36","30928887"
"chr4","36113842","36114050","chr13","48453197","48453401","42","12339355"
"chr4","36116152","36116302","chr14","92617076","92617231","24","56500924"
"chr4","36189233","36189544","chr5","55380182","55380490","51","19190949"
"chr4","36192872","36193263","chr10","89308465","89308856","107","53115593"
"chr4","36209493","36209798","chr8","97924730","97925025","38","61715237"
"chr4","36210782","36211072","chr8","97925884","97926162","42","61715102"
"chr4","36230416","36230539","chr5","89327101","89327224","18","53096685"
"chr4","36245522","36245826","chr9","5461603","5461909","47","30783919"
"chr4","36382215","36382475","chr1","117432421","117432681","46","81050206"
"chr4","36392451","36392749","chr6","85448275","85448576","38","49055824"
"chr4","36404275","36404576","chr3","137108800","137109094","51","100704525"
"chr4","36406209","36406466","chr18","5664786","5665051","44","30741423"
"chr4","36488956","36489184","chr10","27834176","27834398","39","8654780"
"chr4","36508977","36509222","chr10","125077149","125077394","52","88568172"
"chr4","36519054","36519185","chr19","632725","632863","30","35886329"
"chr4","36538309","36538629","chr7","32078016","32078331","66","4460293"
"chr4","36578084","36578388","chr7","70375823","70376126","46","33797739"
"chr4","36580693","36581002","chr4","38244382","38244677","45","1663689"
"chr4","36615808","36616111","chrUn_GL286396","6557","6859","52","36609251"
"chr4","36670741","36671016","chr7","22422256","22422540","54","14248485"
"chr4","36691267","36691569","chr4","38367185","38367480","41","1675918"
"chr4","36694756","36695055","chr7","25925292","25925587","54","10769464"
"chr4","36739167","36739348","chr11","7464827","7465005","38","29274340"
"chr4","36744257","36744539","chrX","69084841","69085134","50","32340584"
"chr4","36777954","36778253","chr13","95836072","95836367","47","59058118"
"chr4","36836513","36836816","chr1","185105558","185105857","48","148269045"
"chr4","36930357","36930673","chr4","38635977","38636284","52","1705620"
"chr4","36951695","36952000","chr7","70375823","70376126","43","33424128"
"chr4","37006517","37006811","chr3","71082107","71082409","60","34075590"
"chr4","37047785","37048087","chr4","54370195","54370493","35","17322410"
"chr4","37063405","37063640","chr7","71804412","71804642","44","34741007"
"chr4","37116528","37116793","chr7","91334702","91334965","56","54218174"
"chr4","37123230","37123368","chr5","39827158","39827291","18","2703928"
"chr4","37167567","37167860","chr7","25925292","25925587","46","11242275"
"chr4","37177224","37177413","chr5","395104","395283","39","36782120"
"chr4","37184409","37184463","chr7","1994646","1994700","6","35189763"
"chr4","37185611","37185907","chr2","1572464","1572757","54","35613147"
"chr4","37211462","37211517","chr7","54819198","54819253","6","17607736"
"chr4","37239869","37240155","chr4","38932894","38933189","48","1693025"
"chr4","37250559","37250850","chr19","36901388","36901678","55","349171"
"chr4","37282811","37283074","chr7","154950100","154950362","63","117667289"
"chr4","37309321","37309447","chr17","58250524","58250647","19","20941203"
"chr4","37336591","37336892","chr16","32526812","32527111","51","4809779"
"chr4","37389569","37389874","chr4","39071565","39071868","58","1681996"
"chr4","37516949","37517259","chrX","47393224","47393529","51","9876275"
"chr4","37547791","37548042","chr13","49797727","49797974","41","12249936"
"chr4","37553763","37554047","chr1","186610138","186610422","42","149056375"
"chr4","37669412","37669701","chr4","71933212","71933503","46","34263800"
"chr4","37675485","37675798","chr4","39367004","39367315","54","1691519"
"chr4","37686895","37687178","chr1","13162324","13162614","46","24524571"
"chr4","37721908","37721999","chr11","5421851","5421946","15","32300057"
"chr4","37725571","37725864","chr15","38910043","38910338","46","1184472"
"chr4","37738644","37738942","chr2","133651625","133651927","43","95912981"
"chr4","37765205","37765503","chr6","48814191","48814491","47","11048986"
"chr4","37793379","37793685","chr5","64266316","64266614","45","26472937"
"chr4","37805383","37805571","chr22","2602482","2602650","60","35202901"
"chr4","37884722","37885030","chr5","94744931","94745213","79","56860209"
"chr4","37994363","37994661","chr9","45325979","45326278","37","7331616"
"chr4","38296041","38296080","chr1","155894574","155894615","4","117598533"
"chr4","38403493","38403798","chr5","73075939","73076252","49","34672446"
"chr4","38422943","38423262","chr5","114223635","114223941","54","75800692"
"chr4","38457489","38457798","chr9","101210178","101210488","48","62752689"
"chr4","38458020","38458330","chrUn_GL286217","143262","143564","55","38314758"
"chr4","38478527","38478820","chr4","40160157","40160449","38","1681630"
"chr4","38480429","38480716","chr9","60903561","60903850","40","22423132"
"chr4","38599210","38599307","chr15","64360839","64360932","13","25761629"
"chr4","38599727","38600021","chr3","140100776","140101069","48","101501049"
"chr4","38626406","38626738","chr4","132055862","132056190","59","93429456"
"chr4","38632969","38633270","chr1","170771447","170771746","49","132138478"
"chr4","38644679","38644975","chr2","203225383","203225677","43","164580704"
"chr4","38695267","38695320","chr3","189426083","189426137","7","150730816"
"chr4","38802683","38802977","chr4","40503859","40504162","46","1701176"
"chr4","38933985","38934295","chr4","40654076","40654372","50","1720091"
"chr4","38956404","38956718","chr4","40678119","40678431","48","1721715"
"chr4","39096650","39096969","chr14","65721421","65721724","56","26624771"
"chr4","39109187","39109491","chr6","21930692","21931000","50","17178495"
"chr4","39145898","39146193","chr1","13807754","13808053","50","25338144"
"chr4","39177968","39178241","chr15","45539743","45540019","64","6361775"
"chr4","39422955","39423254","chr11","65834106","65834397","54","26411151"
"chr4","39590189","39590491","chr7","43498263","43498567","46","3908074"
"chr4","39594536","39594796","chr1","180589014","180589283","42","140994478"
"chr4","40168046","40168273","chr9","100425750","100425972","43","60257704"
"chr4","40393793","40394102","chr9","92955669","92955979","51","52561876"
"chr4","40462237","40462545","chr3","117540807","117541109","47","77078570"
"chr4","40466002","40466312","chr15","29465875","29466175","59","11000127"
"chr4","40493992","40494235","chr2","7870495","7870735","33","32623497"
"chr4","40748734","40748829","chr2","64458730","64458828","17","23709996"
"chr4","40815332","40815612","chr2","79572103","79572387","44","38756771"
"chr4","40881896","40882204","chr9","110062644","110062956","45","69180748"
"chr4","40903497","40903775","chr12","22439271","22439557","58","18464226"
"chr4","40950959","40951252","chr4","98746325","98746622","48","57795366"
"chr4","40952629","40952901","chr4","42838498","42838770","41","1885869"
"chr4","40992599","40992898","chr15","63224419","63224726","47","22231820"
"chr4","41072711","41073011","chr4","42967760","42968059","42","1895049"
"chr4","41089087","41089386","chr9","25525997","25526295","41","15563090"
"chr4","41150578","41150862","chr8","40935030","40935306","71","215548"
"chr4","41197476","41197775","chr9","90082487","90082782","54","48885011"
"chr4","41204478","41204764","chr4","43098599","43098896","40","1894121"
"chr4","41221288","41221498","chr2","21530661","21530876","34","19690627"
"chr4","41227448","41227757","chr5","65616565","65616873","41","24389117"
"chr4","41237188","41237471","chr12","107125942","107126232","41","65888754"
"chr4","41284916","41285213","chr4","71933212","71933503","52","30648296"
"chr4","41292281","41292571","chr17","28540483","28540776","42","12751798"
"chr4","41298422","41298460","chr2","34931064","34931102","2","6367358"
"chr4","41315500","41315805","chr4","44576155","44576457","42","3260655"
"chr4","41326310","41326595","chr1","168510460","168510747","53","127184150"
"chr4","41351428","41351594","chr2","131597618","131597785","31","90246190"
"chr4","41398872","41399162","chr1","156858832","156859126","65","115459960"
"chr4","41426563","41426697","chr2","31690766","31690900","15","9735797"
"chr4","41428074","41428363","chr7","54715110","54715403","56","13287036"
"chr4","41474905","41475197","chr2","1572464","1572757","47","39902441"
"chr4","41501483","41501791","chr2","36478057","36478360","57","5023426"
"chr4","41556332","41556547","chr4","43457626","43457821","45","1901294"
"chr4","41556785","41557093","chr11","66040957","66041261","43","24484172"
"chr4","41568662","41568979","chr1","154178819","154179123","53","112610157"
"chr4","41580681","41580983","chr1","138955688","138955983","54","97375007"
"chr4","41643129","41643440","chr19","17448176","17448478","44","24194953"
"chr4","41660415","41660706","chr2","2218970","2219260","40","39441445"
"chr4","41739719","41740023","chr11","122686903","122687200","48","80947184"
"chr4","41863593","41863874","chr4","43778589","43778838","63","1914996"
"chr4","41871559","41871859","chr2","67197269","67197565","43","25325710"
"chr4","41886418","41886725","chr4","43806217","43806515","47","1919799"
"chr4","41893211","41893347","chr1","185491849","185491983","21","143598638"
"chr4","41905236","41905561","chr15","37514276","37514606","59","4390960"
"chr4","41906784","41907013","chr19","11666964","11667200","52","30239820"
"chr4","41917030","41917182","chr3","31102049","31102196","24","10814981"
"chr4","41944280","41944574","chr5","139889919","139890213","46","97945639"
"chr4","41950164","41950450","chr16","62812356","62812647","45","20862192"
"chr4","41986363","41986651","chr4","43890706","43890991","40","1904343"
"chr4","42008933","42009077","chr3","138398136","138398282","28","96389203"
"chr4","42015413","42015727","chr11","117634889","117635198","57","75619476"
"chr4","42023579","42023861","chr11","9566946","9567225","43","32456633"
"chr4","42048513","42048755","chrX","45890322","45890557","59","3841809"
"chr4","42061651","42061942","chr20","7477077","7477364","48","34584574"
"chr4","42097745","42098050","chr3","117540807","117541109","48","75443062"
"chr4","42100452","42100632","chr1","138070758","138070934","30","95970306"
"chr4","42106676","42106814","chr7","63430848","63430991","42","21324172"
"chr4","42120656","42120791","chr2","31690766","31690900","16","10429890"
"chr4","42136691","42136880","chr5","395104","395283","34","41741587"
"chr4","42146846","42147090","chr4","44061653","44061899","31","1914807"
"chr4","42156610","42156879","chr7","78230765","78231034","48","36074155"
"chr4","42161552","42161838","chr22","16466958","16467245","50","25694594"
"chr4","42167086","42167262","chr1","138070758","138070934","31","95903672"
"chr4","42245225","42245481","chr9","102623375","102623619","50","60378150"
"chr4","42245727","42246015","chr5","140191827","140192110","42","97946100"
"chr4","42283957","42284194","chr8","93750596","93750840","56","51466639"
"chr4","42308986","42309228","chr10","115947407","115947658","64","73638421"
"chr4","42321670","42321950","chr5","108398058","108398331","52","66076388"
"chr4","42406055","42406200","chr5","63243937","63244072","36","20837882"
"chr4","42433089","42433392","chrX","3185055","3185359","52","39248034"
"chr4","42439939","42440190","chr4","44378054","44378304","32","1938115"
"chr4","42505835","42506148","chr9","101210178","101210488","44","58704343"
"chr4","42533546","42533649","chr13","71781215","71781315","11","29247669"
"chr4","42542448","42542727","chr2","168567784","168568060","57","126025336"
"chr4","42562173","42562238","chr3","175488661","175488722","10","132926488"
"chr4","42565607","42565876","chrX","138376472","138376735","51","95810865"
"chr4","42582109","42582417","chr20","39170680","39170978","53","3411429"
"chr4","42588183","42588476","chr4","44541405","44541700","36","1953222"
"chr4","42696091","42696397","chr11","28125301","28125613","38","14570790"
"chr4","42716816","42717112","chr4","44691453","44691752","41","1974637"
"chr4","42722806","42722938","chr20","20509580","20509712","20","22213226"
"chr4","42724910","42725209","chr14","915738","916038","49","41809172"
"chr4","42764443","42764755","chr4","44737129","44737440","28","1972686"
"chr4","42787439","42787745","chr14","74681011","74681306","56","31893572"
"chr4","42792394","42792693","chr6","117332912","117333211","49","74540518"
"chr4","42833846","42833981","chr2","63878183","63878318","14","21044337"
"chr4","42838768","42838816","chr5","9693350","9693399","5","33145418"
"chr4","42908841","42909075","chr19","11666964","11667200","45","31241877"
"chr4","42922682","42922798","chr12","48829961","48830089","28","5907279"
"chr4","42943217","42943513","chr7","25925292","25925587","44","17017925"
"chr4","42956944","42957174","chr4","44921404","44921629","44","1964460"
"chr4","42974244","42974538","chr5","139889919","139890213","49","96915675"
"chr4","43034665","43034943","chr6","135531665","135531946","39","92497000"
"chr4","43040560","43040855","chr8","107487802","107488097","43","64447242"
"chr4","43072815","43072993","chr16","54228015","54228193","25","11155200"
"chr4","43130649","43130958","chr12","87400084","87400394","51","44269435"
"chr4","43304308","43304581","chr8","101891681","101891969","60","58587373"
"chr4","43415021","43415310","chr5","145437369","145437659","51","102022348"
"chr4","43478115","43478423","chr12","108797245","108797536","58","65319130"
"chr4","43478490","43478784","chr4","45446936","45447238","44","1968446"
"chr4","43584978","43585281","chr7","53393585","53393889","55","9808607"
"chr4","43628072","43628221","chr13","60361579","60361702","52","16733507"
"chr4","43641306","43641578","chr14","63113403","63113677","61","19472097"
"chr4","43699168","43699469","chr7","33547338","33547635","44","10151830"
"chr4","43702268","43702563","chr12","100907645","100907942","54","57205377"
"chr4","43707545","43707855","chr10","1666053","1666355","48","42041492"
"chr4","43807485","43807788","chr5","124645645","124645952","47","80838160"
"chr4","43964661","43964947","chr2","203225383","203225677","54","159260722"
"chr4","44279220","44279566","chr1","114935812","114936110","110","70656592"
"chr4","44305479","44305787","chr5","116663888","116664187","43","72358409"
"chr4","44330143","44330187","chr20","35203057","35203104","5","9127086"
"chr4","44568029","44568327","chr2","203225383","203225677","53","158657354"
"chr4","44703820","44704021","chr1","200791022","200791225","35","156087202"
"chr4","44724102","44724386","chr13","9982043","9982324","43","34742059"
"chr4","44729166","44729474","chr1","121265312","121265615","54","76536146"
"chr4","44734867","44735154","chr4","46750243","46750532","36","2015376"
"chr4","44745368","44745635","chr4","46760176","46760444","35","2014808"
"chr4","44865501","44865808","chr9","101210178","101210488","49","56344677"
"chr4","44870892","44871197","chr7","70074333","70074637","40","25203441"
"chr4","45286349","45286427","chr14","83388331","83388409","16","38101982"
"chr4","45369033","45369325","chr8","89565594","89565886","41","44196561"
"chr4","45673192","45673493","chr7","58917227","58917519","52","13244035"
"chr4","45685439","45685718","chr4","158481330","158481605","42","112795891"
"chr4","45831561","45831851","chr4","71933212","71933503","44","26101651"
"chr4","45845855","45846166","chr5","83138079","83138381","46","37292224"
"chr4","45883334","45883424","chr2","130459575","130459659","14","84576241"
"chr4","45930451","45930492","chr1","182463440","182463482","2","136532989"
"chr4","45952789","45953064","chr4","48097134","48097403","28","2144345"
"chr4","46209959","46210061","chr16","64684736","64684840","15","18474777"
"chr4","46309923","46310220","chr3","81035191","81035484","67","34725268"
"chr4","46379981","46380196","chr10","58355367","58355583","40","11975386"
"chr4","46411831","46412091","chr9","9472237","9472504","58","36939594"
"chr4","46420870","46421168","chr9","91913169","91913469","49","45492299"
"chr4","46455015","46455320","chr7","70375823","70376126","45","23920808"
"chr4","46495891","46496172","chr4","10702550","10702832","55","35793341"
"chr4","46728631","46728934","chr5","139889919","139890213","45","93161288"
"chr4","47032612","47032863","chr22","17413312","17413560","49","29619300"
"chr4","47063692","47063990","chr12","51315090","51315385","48","4251398"
"chr4","47311006","47311302","chr4","49503028","49503338","48","2192022"
"chr4","47709957","47710047","chr4","162630711","162630802","11","114920754"
"chr4","48091634","48091678","chr1","82482908","82482949","6","34391274"
"chr4","48233564","48233777","chr7","55283130","55283343","43","7049566"
"chr4","48501976","48502264","chr4","50555020","50555309","54","2053044"
"chr4","48670345","48670632","chr4","32907078","32907365","54","15763267"
"chr4","48731690","48731982","chr4","50769162","50769453","35","2037472"
"chr4","48747077","48747384","chr2","59445321","59445626","48","10698244"
"chr4","48750807","48751116","chr4","50788113","50788421","53","2037306"
"chr4","48758986","48759305","chr16","77845717","77846027","59","29086731"
"chr4","48766064","48766179","chr5","83049759","83049871","21","34283695"
"chr4","48773363","48773658","chr20","29226310","29226607","49","19547053"
"chr4","48775189","48775488","chr10","80449759","80450058","52","31674570"
"chr4","48924069","48924342","chr16","49225932","49226206","54","301863"
"chr4","48967968","48968259","chr4","51001387","51001666","52","2033419"
"chr4","49174776","49175086","chr1","146635726","146636038","50","97460950"
"chr4","49363153","49363452","chr4","54001400","54001704","55","4638247"
"chr4","49730433","49730724","chr3","189794013","189794310","45","140063580"
"chr4","49936926","49937228","chr10","100369031","100369323","53","50432105"
"chr4","50059926","50060223","chr4","52095021","52095312","41","2035095"
"chr4","50163955","50164173","chr2","129607224","129607441","46","79443269"
"chr4","50835293","50835579","chr5","50537784","50538079","57","297509"
"chr4","50856917","50857204","chr7","23394846","23395132","48","27462071"
"chr4","50919088","50919399","chr12","100817634","100817942","46","49898546"
"chr4","51204384","51204656","chr11","74173885","74174163","48","22969501"
"chr4","51305529","51305814","chr3","105848034","105848319","49","54542505"
"chr4","51333359","51333682","chr2","18094200","18094522","62","33239159"
"chr4","51353014","51353149","chr2","193530196","193530332","15","142177182"
"chr4","51428751","51429059","chr9","111529757","111530048","62","60101006"
"chr4","51507657","51507959","chr7","130411963","130412259","44","78904306"
"chr4","51654019","51654181","chr11","100423951","100424114","39","48769932"
"chr4","51654596","51654857","chrX","31479346","31479606","43","20175250"
"chr4","51710685","51710977","chr4","53896325","53896617","30","2185640"
"chr4","51772004","51772279","chr4","53964152","53964443","52","2192148"
"chr4","51808189","51808470","chr4","155605212","155605495","43","103797023"
"chr4","51820221","51820526","chr9","113225947","113226258","55","61405726"
"chr4","51848451","51848753","chr1","200464287","200464587","48","148615836"
"chr4","51898486","51898603","chr5","84481557","84481668","18","32583071"
"chr4","51985310","51985613","chrUn_GL286217","143262","143564","46","51842048"
"chr4","52005355","52005651","chr4","54125640","54125935","40","2120285"
"chr4","52016987","52017295","chr5","55380182","55380490","50","3363195"
"chr4","52074537","52074838","chr15","80055098","80055397","42","27980561"
"chr4","52130428","52130731","chr5","22343077","22343375","48","29787351"
"chr4","52168021","52168323","chr5","82250286","82250593","45","30082265"
"chr4","52188857","52189174","chr4","54344425","54344739","52","2155568"
"chr4","52241160","52241205","chr1","182463440","182463482","6","130222280"
"chr4","52270308","52270618","chr7","20593863","20594174","51","31676445"
"chr4","52421113","52421421","chr5","55380182","55380490","50","2959069"
"chr4","52432217","52432515","chr13","63990237","63990533","48","11558020"
"chr4","52520242","52520544","chr6","149746694","149746991","54","97226452"
"chr4","52526928","52527222","chr1","63523063","63523359","65","10996135"
"chr4","52535658","52535936","chr1","176470622","176470908","58","123934964"
"chr4","52580993","52581281","chr12","51888773","51889064","43","692220"
"chr4","52590200","52590510","chr1","204671440","204671734","53","152081240"
"chr4","52644526","52644819","chr4","54790644","54790947","41","2146118"
"chr4","52647448","52647741","chr11","374305","374598","46","52273143"
"chr4","52671645","52671941","chr9","83573818","83574110","45","30902173"
"chr4","52698916","52699204","chr6","17603905","17604193","49","35095011"
"chr4","52728660","52728955","chr12","26130148","26130438","43","26598512"
"chr4","53005595","53005900","chr5","73075939","73076252","38","20070344"
"chr4","53010541","53010580","chrX","15428193","15428233","1","37582348"
"chr4","53051482","53051783","chr7","9249170","9249463","52","43802312"
"chr4","53146128","53146386","chr4","55259862","55260125","39","2113734"
"chr4","53467754","53468038","chr13","93589548","93589840","53","40121794"
"chr4","53763097","53763407","chrUn_GL286217","143262","143564","46","53619835"
"chr4","53883372","53883652","chrX","62355219","62355500","60","8471847"
"chr4","53936142","53936255","chr12","106627679","106627797","22","52691537"
"chr4","53965252","53965539","chr4","56152791","56153088","50","2187539"
"chr4","54308878","54308921","chr13","89245884","89245925","3","34937006"
"chr4","54358627","54358938","chr11","16106669","16106980","69","38251958"
"chr4","54419250","54419536","chr9","42661920","42662203","60","11757330"
"chr4","54501693","54501994","chr5","95128904","95129215","55","40627211"
"chr4","55023668","55023974","chr11","111353470","111353781","50","56329802"
"chr4","55213560","55213843","chr4","57484906","57485177","46","2271346"
"chr4","55347267","55347561","chr4","57633384","57633701","50","2286117"
"chr4","55373236","55373541","chr6","157953621","157953924","51","102580385"
"chr4","55467816","55468115","chr4","18261007","18261304","54","37206809"
"chr4","55564012","55564311","chr22","30337656","30337951","47","25226356"
"chr4","55757517","55757814","chr22","34309800","34310103","47","21447717"
"chr4","55781507","55781801","chr4","58104715","58105008","43","2323208"
"chr4","55826223","55826501","chr17","45265467","45265743","52","10560756"
"chr4","55863422","55863744","chr13","36155844","36156159","59","19707578"
"chr4","55946903","55947211","chr5","64592198","64592502","54","8645295"
"chr4","55957413","55957608","chr4","145272959","145273171","46","89315546"
"chr4","55973308","55973627","chrX","17705039","17705341","70","38268269"
"chr4","56048685","56048989","chr4","58390610","58390903","51","2341925"
"chr4","56153484","56153777","chr9","100098416","100098714","54","43944932"
"chr4","56210563","56210849","chr15","7059353","7059639","48","49151210"
"chr4","56219516","56219703","chr12","16706366","16706544","40","39513150"
"chr4","56230677","56230771","chr11","119229894","119229982","18","62999217"
"chr4","56240355","56240618","chr11","64170951","64171225","54","7930596"
"chr4","56325653","56325914","chr20","25605241","25605507","62","30720412"
"chr4","56381130","56381439","chr16","77845717","77846027","54","21464587"
"chr4","56532716","56533050","chr2","169129486","169129808","74","112596770"
"chr4","56997937","56997975","chr13","116319221","116319259","5","59321284"
"chr4","57006161","57006266","chr5","126936422","126936530","18","69930261"
"chr4","57027417","57027723","chr10","101815315","101815616","53","44787898"
"chr4","57283727","57283986","chr4","59718101","59718354","44","2434374"
"chr4","57722539","57722815","chr2","9363059","9363338","51","48359480"
"chr4","57775275","57775580","chr1","166036321","166036626","51","108261046"
"chr4","58282393","58282667","chr5","72712443","72712712","47","14430050"
"chr4","58429539","58429831","chr1","156644747","156645035","53","98215208"
"chr4","58579110","58579245","chr2","193530196","193530332","18","134951086"
"chr4","58629922","58630238","chr11","126545825","126546136","54","67915903"
"chr4","58826311","58826600","chr22","14281024","14281314","46","44545287"
"chr4","58883687","58883982","chr1","168510460","168510747","67","109626773"
"chr4","59137656","59137977","chr5","120225189","120225498","83","61087533"
"chr4","59188161","59188446","chr12","27922791","27923078","51","31265370"
"chr4","59194928","59194969","chr2","11934690","11934730","3","47260238"
"chr4","59206373","59206673","chr1","13807754","13808053","46","45398619"
"chr4","59214176","59214461","chr11","96529104","96529392","45","37314928"
"chr4","59231152","59231365","chr4","61704577","61704781","37","2473425"
"chr4","59245804","59246085","chr4","61719288","61719566","40","2473484"
"chr4","59257631","59257863","chr9","96643127","96643364","66","37385496"
"chr4","59300563","59300866","chr4","44576155","44576457","49","14724408"
"chr4","59324009","59324062","chr15","43407891","43407940","8","15916118"
"chr4","59337816","59338115","chr7","81491300","81491596","54","22153484"
"chr4","59370555","59370836","chrX","141285374","141285661","55","81914819"
"chr4","59371161","59371458","chr1","41686123","41686409","43","17685038"
"chr4","59379264","59379598","chr2","169129486","169129808","60","109750222"
"chr4","59394383","59394686","chr4","152013452","152013750","51","92619069"
"chr4","59413236","59413509","chrX","51925746","51926016","46","7487490"
"chr4","59416213","59416472","chr17","42004302","42004552","57","17411911"
"chr4","59417620","59417914","chrUn_GL286397","88332","88627","56","59329288"
"chr4","59427396","59427679","chr4","61879933","61880220","31","2452537"
"chr4","59428612","59428910","chr5","93075725","93076019","50","33647113"
"chr4","59444697","59444994","chr5","116663888","116664187","43","57219191"
"chr4","59485166","59485463","chr4","61933842","61934139","43","2448676"
"chr4","59485515","59485788","chr4","158356390","158356667","51","98870875"
"chr4","59492409","59492701","chr11","65834106","65834397","45","6341697"
"chr4","59515266","59515584","chr12","9281028","9281289","111","50234238"
"chr4","59686921","59687072","chr5","80103764","80103915","26","20416843"
"chr4","59687269","59687429","chr5","114497643","114497792","40","54810374"
"chr4","59975474","59975722","chr16","64779149","64779399","50","4803675"
"chr4","60314822","60314915","chr4","110642008","110642097","17","50327186"
"chr4","60518171","60518445","chr5","89348898","89349170","48","28830727"
"chr4","60601143","60601399","chr8","105549929","105550192","49","44948786"
"chr4","60766008","60766292","chr10","129422744","129423029","50","68656736"
"chr4","61258795","61258904","chr3","21001103","21001203","27","40257692"
"chr4","61387323","61387611","chr11","20385409","20385702","51","41001914"
"chr4","61413325","61413630","chr2","150624041","150624344","60","89210716"
"chr4","61460423","61460743","chr4","63998700","63999001","67","2538277"
"chr4","61623038","61623337","chr16","45674189","45674487","61","15948849"
"chr4","61652049","61652386","chr22","28452986","28453334","67","33199063"
"chr4","61787802","61788089","chr4","64346961","64347255","49","2559159"
"chr4","61977120","61977214","chr4","1225577","1225665","15","60751543"
"chr4","62358070","62358325","chr5","61618994","61619252","65","739076"
"chr4","62373049","62373290","chr9","42117599","42117829","57","20255450"
"chr4","62618895","62619181","chr12","19339193","19339485","70","43279702"
"chr4","62766407","62766684","chr16","32240939","32241210","61","30525468"
"chr4","62911041","62911175","chr9","44740587","44740719","24","18170454"
"chr4","63094377","63094547","chr14","12483406","12483571","25","50610971"
"chr4","63197645","63197929","chr1","198302428","198302716","62","135104783"
"chr4","63303132","63303377","chr8","106854285","106854531","66","43551153"
"chr4","63753083","63753388","chr9","44880088","44880390","67","18872995"
"chr4","63778828","63779118","chr10","82921268","82921557","48","19142440"
"chr4","64192531","64192600","chr4","151909497","151909560","11","87716966"
"chr4","64885016","64885287","chr10","117308992","117309272","55","52423976"
"chr4","65282570","65282877","chr7","70375823","70376126","56","5093253"
"chr4","65467563","65467848","chr5","127578478","127578765","45","62110915"
"chr4","65606053","65606293","chr19","11666964","11667200","50","53939089"
"chr4","65612805","65613104","chr19","11713191","11713490","45","53899614"
"chr4","65614373","65614672","chr19","11713191","11713490","45","53901182"
"chr4","66175297","66175597","chr4","68626943","68627233","44","2451646"
"chr4","66220051","66220360","chr6","21900972","21901278","51","44319079"
"chr4","66232869","66233180","chr3","173712450","173712748","57","107479581"
"chr4","66243805","66244094","chr4","105560626","105560914","43","39316821"
"chr4","66253929","66254241","chr2","146982644","146982948","51","80728715"
"chr4","66368947","66369107","chrX","1982657","1982822","33","64386290"
"chr4","66379273","66379573","chr4","68859352","68859640","47","2480079"
"chr4","66439422","66439709","chr7","155162191","155162474","46","88722769"
"chr4","66482485","66482787","chr18","23784042","23784347","47","42698443"
"chr4","66532508","66532810","chr15","72516887","72517186","46","5984379"
"chr4","66571566","66571864","chr10","103032876","103033172","53","36461310"
"chr4","66794029","66794320","chr12","107125942","107126232","33","40331913"
"chr4","66944858","66944897","chr1","82482908","82482949","3","15538050"
"chr4","67229650","67229925","chrX","62307067","62307329","66","4922583"
"chr4","67252299","67252587","chr15","45228845","45229135","56","22023454"
"chr4","67303882","67304187","chr9","105072042","105072344","51","37768160"
"chr4","67324666","67324950","chr14","13871396","13871677","51","53453270"
"chr4","67443978","67444290","chr19","31863283","31863592","49","35580695"
"chr4","68197191","68197482","chr1","199360645","199360948","53","131163454"
"chr4","68223641","68223814","chr1","13881780","13881959","40","54341861"
"chr4","68235435","68235736","chr2","99756788","99757092","56","31521353"
"chr4","68308931","68309217","chr2","193261734","193262020","59","124952803"
"chr4","68382337","68382633","chr4","70957821","70958118","40","2575484"
"chr4","68409341","68409622","chr19","30618112","30618392","61","37791229"
"chr4","68416764","68416860","chr7","26262765","26262863","23","42153999"
"chr4","68521104","68521264","chr2","131596102","131596261","33","63074998"
"chr4","68554779","68555012","chr4","71162214","71162447","35","2607435"
"chr4","68656282","68656593","chrX","63118288","63118597","49","5537994"
"chr4","68744668","68744998","chr4","71359027","71359333","51","2614359"
"chr4","68872832","68873124","chrX","4936706","4937001","48","63936126"
"chr4","68876603","68876714","chr7","113559724","113559833","21","44683121"
"chr4","68916207","68916512","chr9","110062644","110062956","64","41146437"
"chr4","68933646","68933908","chr7","25884081","25884342","62","43049565"
"chr4","68947158","68947451","chr4","8654882","8655171","51","60292276"
"chr4","68987143","68987441","chr7","120468697","120468997","43","51481554"
"chr4","68996344","68996641","chr19","6359322","6359618","49","62637022"
"chr4","68996651","68996951","chrX","17705039","17705341","54","51291612"
"chr4","69001291","69001489","chr22","13045383","13045585","38","55955908"
"chr4","69002311","69002542","chr1","151318710","151318940","36","82316399"
"chr4","69020003","69020294","chr11","14948520","14948811","51","54071483"
"chr4","69030752","69031061","chr10","115586657","115586959","64","46555905"
"chr4","69084364","69084640","chr4","111014709","111014982","65","41930345"
"chr4","69089683","69089993","chr7","88697458","88697764","52","19607775"
"chr4","69105059","69105361","chr8","29283402","29283703","50","39821657"
"chr4","69115101","69115355","chr9","98473435","98473699","45","29358334"
"chr4","69115676","69115744","chr9","100123985","100124046","12","31008309"
"chr4","69129082","69129175","chr6","31893763","31893853","13","37235319"
"chr4","69162423","69162678","chr4","157661778","157662024","59","88499355"
"chr4","69188522","69188809","chr4","71764760","71765052","56","2576238"
"chr4","69191133","69191409","chr9","42686462","42686745","57","26504671"
"chr4","69195244","69195350","chr7","77999166","77999276","32","8803922"
"chr4","69206274","69206571","chr8","110870822","110871119","65","41664548"
"chr4","69216554","69216858","chr9","66766373","66766689","59","2450181"
"chr4","69240551","69240779","chr4","71816769","71816988","39","2576218"
"chr4","69280409","69280584","chr10","47995728","47995903","32","21284681"
"chr4","69285343","69285635","chr8","74033305","74033599","47","4747962"
"chr4","69299852","69300173","chr2","11795961","11796289","69","57503891"
"chr4","69320611","69320915","chr8","114553260","114553568","46","45232649"
"chr4","69324719","69325002","chr9","33781633","33781909","60","35543086"
"chr4","69374069","69374179","chr4","19297628","19297737","21","50076441"
"chr4","69410183","69410485","chr4","71933212","71933503","41","2523029"
"chr4","69462735","69463034","chr4","71993774","71994076","31","2531039"
"chr4","69491072","69491286","chrX","39824590","39824798","42","29666482"
"chr4","69879639","69879950","chr14","33666014","33666321","61","36213625"
"chr4","70338591","70338864","chr4","158481330","158481605","47","88142739"
"chr4","70436251","70436535","chr8","97925884","97926162","48","27489633"
"chr4","70741223","70741524","chr12","78762116","78762425","66","8020893"
"chr4","70835002","70835274","chr4","73459808","73460087","43","2624806"
"chr4","70876809","70876892","chr7","26367477","26367557","24","44509332"
"chr4","70938231","70938529","chr7","135211205","135211497","62","64272974"
"chr4","70940771","70941079","chrUn_GL286435","69026","69328","37","70871745"
"chr4","70945136","70945375","chr2","21530661","21530876","50","49414475"
"chr4","71103921","71104224","chr14","44379656","44379963","53","26724265"
"chr4","71108970","71109276","chr10","21024965","21025274","49","50084005"
"chr4","71130203","71130490","chr8","105549929","105550192","65","34419726"
"chr4","71134246","71134542","chr7","33547338","33547635","44","37586908"
"chr4","71193713","71194018","chr10","76904858","76905160","44","5711145"
"chr4","71208718","71209003","chr5","119334106","119334386","55","48125388"
"chr4","71210586","71210899","chr6","151108613","151108922","47","79898027"
"chr4","71229391","71229701","chr6","151108613","151108922","37","79879222"
"chr4","71230760","71230888","chr18","4472120","4472249","17","66758640"
"chr4","71239702","71239988","chr3","19993966","19994253","62","51245736"
"chr4","71248145","71248455","chr5","73075939","73076252","53","1827794"
"chr4","71250544","71250841","chrX","17705039","17705341","45","53545505"
"chr4","71260325","71260620","chr8","105687092","105687385","47","34426767"
"chr4","71279965","71280222","chr7","12560403","12560654","50","58719562"
"chr4","71280911","71281211","chr2","36478057","36478360","50","34802854"
"chr4","71284524","71284834","chr2","11077390","11077699","54","60207134"
"chr4","71343464","71343767","chr6","118242438","118242738","46","46898974"
"chr4","71363589","71363886","chr4","54370195","54370493","51","16993394"
"chr4","71379960","71380270","chr4","151238342","151238657","51","79858382"
"chr4","71397892","71397996","chr18","4572030","4572132","17","66825862"
"chr4","71399873","71400170","chr2","81210706","81211006","47","9810833"
"chr4","71434814","71435106","chr9","124140854","124141134","59","52706040"
"chr4","71439994","71440216","chr1","191619959","191620175","37","120179965"
"chr4","71518604","71518895","chr4","74195046","74195327","49","2676442"
"chr4","71579642","71579796","chr4","74273931","74274076","30","2694289"
"chr4","71908463","71908673","chr2","14698109","14698314","35","57210354"
"chr4","72367107","72367429","chr12","78334228","78334543","58","5967121"
"chr4","72550930","72551217","chr1","155255189","155255475","46","82704259"
"chr4","73013084","73013354","chr1","186610138","186610422","50","113597054"
"chr4","73191128","73191445","chr4","135720849","135721152","61","62529721"
"chr4","73199335","73199640","chrX","122463244","122463548","57","49263909"
"chr4","73523046","73523161","chr2","171604505","171604622","22","98081459"
"chr4","73995542","73995851","chr9","101210178","101210488","45","27214636"
"chr4","74066468","74066759","chr11","64421803","64422085","56","9644665"
"chr4","74193723","74194001","chr4","158481330","158481605","51","84287607"
"chr4","74285067","74285297","chr3","42279970","42280209","57","32005097"
"chr4","74405748","74406031","chr11","115294455","115294737","49","40888707"
"chr4","74443609","74443923","chr5","124645645","124645952","57","50202036"
"chr4","74566204","74566466","chr4","77455293","77455566","37","2889089"
"chr4","74586776","74587067","chr9","40949830","40950127","55","33636946"
"chr4","74642666","74642937","chr4","77539335","77539609","43","2896669"
"chr4","74703203","74703513","chr13","69044776","69045087","51","5658427"
"chr4","74703897","74704198","chr2","147728720","147729015","54","73024823"
"chr4","74715282","74715570","chr14","90818497","90818784","45","16103215"
"chr4","74719976","74720278","chr4","77637816","77638104","61","2917840"
"chr4","74844930","74845219","chr4","77774885","77775172","37","2929955"
"chr4","74854664","74854975","chr4","77782836","77783115","76","2928172"
"chr4","74860597","74860885","chr4","77787814","77788120","45","2927217"
"chr4","74945709","74945990","chrX","40344797","40345081","50","34600912"
"chr4","74961693","74962003","chr9","99101374","99101680","51","24139681"
"chr4","75246755","75247071","chr7","137342012","137342330","62","62095257"
"chr4","75306024","75306327","chr10","115586657","115586959","51","40280633"
"chr4","75375749","75376022","chr2","127328171","127328441","63","51952422"
"chr4","75579767","75580077","chr4","10589572","10589886","53","64990195"
"chr4","75635021","75635318","chr15","39981685","39981986","51","35653336"
"chr4","75678308","75678608","chr22","30337656","30337951","45","45340652"
"chr4","75717334","75717602","chr3","164929173","164929450","42","89211839"
"chr4","75877528","75877820","chr4","78871568","78871861","49","2994040"
"chr4","76015969","76016254","chr12","46064975","46065257","53","29950994"
"chr4","76048874","76049160","chr2","134890220","134890504","47","58841346"
"chr4","76131916","76132051","chr12","90719257","90719392","24","14587341"
"chr4","76482085","76482387","chrX","17705039","17705341","54","58777046"
"chr4","76495344","76495633","chr3","105848034","105848319","60","29352690"
"chr4","76547914","76548006","chr4","110642008","110642097","11","34094094"
"chr4","77043679","77043869","chr9","14473384","14473561","44","62570295"
"chr4","77221134","77221436","chr2","203792065","203792375","47","126570931"
"chr4","77234871","77235179","chr1","172481507","172481813","56","95246636"
"chr4","77548558","77548851","chr4","80724232","80724523","48","3175674"
"chr4","77549658","77549970","chr4","80725338","80725636","53","3175680"
"chr4","77561652","77561959","chr2","146982644","146982948","50","69420992"
"chr4","77595862","77596167","chr4","80781329","80781636","56","3185467"
"chr4","77617345","77617655","chr9","92955669","92955979","52","15338324"
"chr4","77638811","77638910","chr15","2438462","2438561","18","75200349"
"chr4","77651965","77652274","chr5","73075939","73076252","46","4576026"
"chr4","77690621","77690921","chr2","71331505","71331809","47","6359116"
"chr4","77695632","77695929","chr7","155162191","155162474","53","77466559"
"chr4","77775645","77775929","chr1","148438931","148439211","51","70663286"
"chr4","77811665","77811976","chr5","120225189","120225498","45","42413524"
"chr4","77892017","77892330","chr1","140083591","140083907","56","62191574"
"chr4","77991153","77991465","chr7","88697458","88697764","50","10706305"
"chr4","78070229","78070528","chr1","170771447","170771746","39","92701218"
"chr4","78257524","78257569","chr19","44295961","44296003","4","33961563"
"chr4","78287442","78287730","chr14","90818497","90818784","51","12531055"
"chr4","78532961","78533242","chr4","81764434","81764708","45","3231473"
"chr4","78536373","78536692","chr4","81765622","81765930","58","3229249"
"chr4","78769311","78769600","chr7","30907560","30907847","47","47861751"
"chr4","78832208","78832526","chr9","40684256","40684574","79","38147952"
"chr4","78960776","78960873","chr9","96555817","96555913","26","17595041"
"chr4","78976418","78976706","chr12","108797245","108797536","48","29820827"
"chr4","79232789","79233055","chr5","72712443","72712712","40","6520346"
"chr4","79244482","79244742","chr4","82460932","82461191","31","3216450"
"chr4","79250882","79251127","chr5","120753517","120753757","59","41502635"
"chr4","79275606","79275886","chr1","147402149","147402405","66","68126543"
"chr4","79543350","79543638","chr2","8630069","8630362","50","70913281"
"chr4","79545061","79545356","chr4","38367185","38367480","48","41177876"
"chr4","79561450","79561731","chr10","100757276","100757573","54","21195826"
"chr4","79591086","79591395","chr11","66042661","66042971","51","13548425"
"chr4","79688972","79689009","chr2","34931064","34931102","2","44757908"
"chr4","79897843","79898151","chrX","63118288","63118597","42","16779555"
"chr4","80557975","80558286","chr4","83952656","83952952","49","3394681"
"chr4","80941746","80942025","chr4","84382998","84383273","35","3441252"
"chr4","80986026","80986108","chr5","114074215","114074296","8","33088189"
"chr4","81062473","81062748","chr9","107284610","107284879","63","26222137"
"chr4","81105741","81106035","chr6","121802757","121803058","45","40697016"
"chr4","81126632","81126944","chr1","136803882","136804189","66","55677250"
"chr4","81166623","81166917","chr1","174789033","174789330","86","93622410"
"chr4","81716278","81716600","chr10","101903752","101904064","68","20187474"
"chr4","81927687","81928015","chr5","108338844","108339172","75","26411157"
"chr4","81939318","81939593","chr10","41485100","41485371","49","40454218"
"chr4","81944933","81945233","chr6","135282715","135283011","51","53337782"
"chr4","82120095","82120186","chr10","113910708","113910800","18","31790613"
"chr4","82386882","82387190","chr5","102621736","102622047","55","20234854"
"chr4","82401848","82402150","chr7","74579378","74579682","48","7822470"
"chr4","82452997","82453306","chr5","91678600","91678912","56","9225603"
"chr4","82460749","82460877","chr11","20996417","20996549","24","61464332"
"chr4","82535266","82535572","chr3","139467381","139467679","56","56932115"
"chr4","82631940","82632232","chr11","38297556","38297851","50","44334384"
"chr4","82693497","82693800","chr4","86355533","86355842","55","3662036"
"chr4","82719464","82719757","chr1","157094647","157094947","46","74375183"
"chr4","82728070","82728378","chr12","10884989","10885294","56","71843081"
"chr4","82754895","82755211","chr9","101210178","101210488","53","18455283"
"chr4","82773908","82774176","chr5","8282348","8282619","51","74491560"
"chr4","82789721","82790021","chr6","7755539","7755830","61","75034182"
"chr4","82794233","82794542","chr7","54343874","54344178","61","28450359"
"chr4","82803099","82803402","chr2","39828090","39828388","44","42975009"
"chr4","82828719","82828851","chr5","157861381","157861515","14","75032662"
"chr4","82840463","82840738","chr5","109086164","109086432","40","26245701"
"chr4","82988706","82988999","chr3","140100776","140101069","44","57112070"
"chr4","83032120","83032418","chr1","13807754","13808053","39","69224366"
"chr4","83035092","83035226","chr9","7274169","7274299","25","75760923"
"chr4","83040616","83040888","chr8","58470525","58470786","67","24570091"
"chr4","83098933","83099223","chr4","86829003","86829301","46","3730070"
"chr4","83107419","83107713","chr10","76904858","76905160","55","6202561"
"chr4","83114261","83114548","chr7","42426071","42426356","53","40688190"
"chr4","83119860","83120153","chr12","114854084","114854381","43","31734224"
"chr4","83124907","83125211","chr12","10884989","10885294","52","72239918"
"chr4","83163780","83163818","chr2","34931064","34931102","1","48232716"
"chr4","83178144","83178455","chr4","86925182","86925493","43","3747038"
"chr4","83191705","83192003","chr4","86938065","86938358","46","3746360"
"chr4","83236893","83237186","chr4","71933212","71933503","43","11303681"
"chr4","83321463","83321766","chr4","87059516","87059805","39","3738053"
"chr4","83614472","83614766","chr1","157027757","157028045","58","73413285"
"chr4","83909942","83910247","chr10","89965128","89965435","49","6055186"
"chr4","84040687","84040984","chr4","87805036","87805324","52","3764349"
"chr4","84112130","84112360","chr2","192684037","192684270","50","108571907"
"chr4","84163185","84163491","chr12","20230563","20230858","52","63932622"
"chr4","84170843","84171137","chrX","92800328","92800623","62","8629485"
"chr4","84197607","84197910","chr2","15092836","15093130","49","69104771"
"chr4","84231444","84231753","chr16","95316713","95317006","63","11085269"
"chr4","84257824","84258131","chr15","24029162","24029466","56","60228662"
"chr4","84287695","84287992","chr5","31596923","31597214","45","52690772"
"chr4","84312921","84313203","chr3","188235049","188235330","45","103922128"
"chr4","84314749","84315073","chr2","3232440","3232756","62","81082309"
"chr4","84319445","84319741","chr5","139889919","139890213","45","55570474"
"chr4","84345205","84345503","chr7","33547338","33547635","43","50797867"
"chr4","84345910","84346221","chr11","28125301","28125613","39","56220609"
"chr4","84381956","84382275","chr3","105190709","105191021","51","20808753"
"chr4","84387109","84387403","chr2","2218970","2219260","42","82168139"
"chr4","84395463","84395762","chr3","165915545","165915845","46","81520082"
"chr4","84411584","84411875","chr11","118361541","118361821","70","33949957"
"chr4","84417425","84417736","chrUn_GL288815","12574","12885","55","84404851"
"chr4","84439564","84439737","chr2","151089320","151089457","52","66649756"
"chr4","84440444","84440592","chr13","93223857","93224008","39","8783413"
"chr4","84440593","84440631","chr8","97260104","97260146","13","12819511"
"chr4","84473438","84473744","chr4","88244781","88245077","39","3771343"
"chr4","84522585","84522889","chr1","185105558","185105857","46","100582973"
"chr4","84590149","84590381","chr9","54287512","54287742","38","30302637"
"chr4","84603281","84603538","chr12","27159992","27160249","50","57443289"
"chr4","84615722","84616028","chr3","125727711","125728005","51","41111989"
"chr4","84625954","84626257","chr5","73075939","73076252","54","11550015"
"chr4","84714347","84714629","chr3","188235049","188235330","36","103520702"
"chr4","84744157","84744447","chr4","88515514","88515801","57","3771357"
"chr4","84762651","84762951","chr4","88537915","88538212","48","3775264"
"chr4","84841613","84841901","chr7","46614511","46614801","47","38227102"
"chr4","84902483","84902779","chr5","139889919","139890213","43","54987436"
"chr4","84931251","84931545","chr14","81589453","81589747","45","3341798"
"chr4","84949784","84950005","chr9","18594171","18594384","38","66355613"
"chr4","84959854","84960110","chr18","40292352","40292615","59","44667502"
"chr4","84991183","84991465","chr9","123778317","123778575","56","38787134"
"chr4","84991663","84991882","chr1","199541886","199542107","35","114550223"
"chr4","85006544","85006809","chr10","128751616","128751879","48","43745072"
"chr4","85014157","85014453","chr6","100650122","100650421","50","15635965"
"chr4","85051749","85052059","chr4","88838171","88838471","60","3786422"
"chr4","85060337","85060636","chr10","100757276","100757573","40","15696939"
"chr4","85068196","85068451","chr2","14180064","14180324","50","70888132"
"chr4","85105762","85105875","chr2","137767732","137767839","21","52661970"
"chr4","85111184","85111465","chr1","91789228","91789511","54","6678044"
"chr4","85178507","85178843","chr4","88945028","88945334","82","3766521"
"chr4","85203871","85204171","chr4","88968330","88968629","37","3764459"
"chr4","85206321","85206632","chr9","35861462","35861781","49","49344859"
"chr4","85206705","85206815","chr5","84481557","84481668","13","725148"
"chr4","85207803","85207927","chr17","73927807","73927929","20","11279996"
"chr4","85218071","85218340","chr4","115252260","115252521","54","30034189"
"chr4","85220858","85221089","chr11","106480010","106480237","48","21259152"
"chr4","85271520","85271817","chr6","117332912","117333211","44","32061392"
"chr4","85296198","85296493","chr5","64986849","64987143","46","20309349"
"chr4","85334002","85334303","chrX","47393224","47393529","39","37940778"
"chr4","85387603","85387882","chr1","148438931","148439211","46","63051328"
"chr4","85474117","85474409","chr10","82921268","82921557","59","2552849"
"chr4","85526821","85527108","chr9","313539","313832","52","85213282"
"chr4","85770262","85770537","chr19","23618134","23618393","61","62152128"
"chr4","85932825","85933124","chr1","110260245","110260541","51","24327420"
"chr4","85937439","85937475","chr9","82510120","82510155","4","3427319"
"chr4","85937481","85937781","chr10","22665922","22666223","50","63271559"
"chr4","86113017","86113349","chr15","37514276","37514606","60","48598741"
"chr4","86132463","86132731","chr12","115102926","115103208","55","28970463"
"chr4","86155161","86155445","chr14","36688582","36688872","58","49466579"
"chr4","86307421","86307693","chr4","90128308","90128582","50","3820887"
"chr4","86736260","86736484","chr1","210084574","210084794","43","123348314"
"chr4","86862206","86862331","chr12","82314094","82314209","22","4548112"
"chr4","86989242","86989573","chr15","37514276","37514606","61","49474966"
"chr4","87179667","87179748","chr9","11078102","11078177","19","76101565"
"chr4","87247456","87247767","chr9","101210178","101210488","52","13962722"
"chr4","88130973","88131282","chr6","154168651","154168959","63","66037678"
"chr4","88182377","88182693","chr5","55380182","55380490","59","32802195"
"chr4","89800658","89800773","chr4","13553041","13553149","22","76247617"
"chr4","89940086","89940377","chr2","10191564","10191857","64","79748522"
"chr4","90394911","90395187","chr20","26796873","26797136","62","63598038"
"chr4","90419175","90419472","chr13","72489476","72489773","54","17929699"
"chr4","90948952","90949243","chr9","39953667","39953955","48","50995285"
"chr4","91026613","91026893","chr5","76172590","76172876","47","14854023"
"chr4","91060020","91060324","chr2","17996148","17996446","54","73063872"
"chr4","91398157","91398281","chr2","74335140","74335263","22","17063017"
"chr4","91520518","91520808","chr10","49754339","49754624","50","41766179"
"chr4","91659198","91659482","chr1","141613381","141613669","44","49954183"
"chr4","91720456","91720717","chr8","107604016","107604282","56","15883560"
"chr4","91727348","91727647","chr3","165915545","165915845","45","74188197"
"chr4","91936895","91937190","chr3","5858349","5858646","46","86078546"
"chr4","92029240","92029520","chr4","95811220","95811484","51","3781980"
"chr4","92126126","92126427","chr8","29283402","29283703","52","62842724"
"chr4","92138436","92138735","chr4","95903027","95903328","40","3764591"
"chr4","92619290","92619616","chr4","96366730","96367056","55","3747440"
"chr4","92679900","92680201","chr4","96423601","96423907","47","3743701"
"chr4","92700565","92700870","chr8","71293822","71294118","53","21406743"
"chr4","92707204","92707499","chr9","65311151","65311447","54","27396053"
"chr4","92744569","92744877","chr2","17435825","17436127","53","75308744"
"chr4","93241889","93242177","chr4","96987243","96987530","50","3745354"
"chr4","93269711","93270018","chr2","36478057","36478360","61","56791654"
"chr4","93359658","93359972","chr5","124645645","124645952","54","31285987"
"chr4","93697077","93697386","chr4","17518722","17519032","54","76178355"
"chr4","93771882","93772144","chr4","97511493","97511749","45","3739611"
"chr4","94326705","94326999","chr1","77745311","77745604","44","16581394"
"chr4","94596674","94596949","chr2","33495117","33495388","53","61101557"
"chr4","94662698","94662993","chr10","13670605","13670898","38","80992093"
"chr4","94740749","94740832","chr7","93821832","93821917","14","918917"
"chr4","94749229","94749540","chr4","98556233","98556531","49","3807004"
"chr4","94763295","94763429","chr9","34030933","34031069","29","60732362"
"chr4","94767459","94767656","chr4","98576345","98576546","43","3808886"
"chr4","94795248","94795535","chr4","71933212","71933503","52","22862036"
"chr4","94801623","94801899","chr4","155605212","155605495","52","60803589"
"chr4","94811584","94811884","chrUn_GL286435","69026","69328","52","94742558"
"chr4","94846056","94846177","chr7","25086029","25086150","23","69760027"
"chr4","94903486","94903569","chr22","11395171","11395251","13","83508315"
"chr4","94928415","94928647","chr11","115048952","115049195","58","20120537"
"chr4","95055458","95055760","chr9","45325979","45326278","43","49729479"
"chr4","95228457","95228735","chr7","77326917","77327209","58","17901540"
"chr4","95250350","95250647","chr4","98746325","98746622","48","3495975"
"chr4","95337800","95338075","chr11","60574273","60574555","48","34763527"
"chr4","95390972","95391254","chr7","155162191","155162474","46","59771219"
"chr4","95415744","95415948","chr5","43675787","43675981","37","51739957"
"chr4","95452203","95452498","chrUn_GL286217","143262","143564","57","95308941"
"chr4","96257806","96258095","chr4","100165586","100165873","40","3907780"
"chr4","96306527","96306824","chr6","16483926","16484219","46","79822601"
"chr4","96334446","96334660","chr22","40456037","40456249","56","55878409"
"chr4","96334662","96334975","chrX","101776357","101776665","63","5441695"
"chr4","96564571","96564873","chr4","100503906","100504198","62","3939335"
"chr4","96945074","96945371","chr4","100891820","100892119","54","3946746"
"chr4","96983756","96983856","chr7","30443001","30443098","20","66540755"
"chr4","97298172","97298481","chr6","75230350","75230656","54","22067822"
"chr4","97453544","97453670","chr7","79381007","79381134","28","18072537"
"chr4","97705823","97706119","chr4","107983039","107983336","55","10277216"
"chr4","97826854","97826922","chr1","37273886","37273949","16","60552968"
"chr4","97983890","97984017","chr5","126309136","126309265","22","28325246"
"chr4","98201317","98201630","chr5","55380182","55380490","58","42821135"
"chr4","98462884","98463192","chr9","99956407","99956710","63","1493523"
"chr4","98556546","98556859","chr14","32823755","32824065","60","65732791"
"chr4","98858314","98858605","chr4","54370195","54370493","56","44488119"
"chr4","99751270","99751551","chr5","73592823","73593104","51","26158447"
"chr4","99924180","99924489","chr4","17518722","17519032","43","82405458"
"chr4","100059731","100060034","chr7","70375823","70376126","44","29683908"
"chr4","100137831","100138125","chr7","66759838","66760136","43","33377993"
"chr4","100262504","100262801","chr9","45325979","45326278","46","54936525"
"chr4","100274917","100275203","chr4","104193632","104193918","35","3918715"
"chr4","100355145","100355425","chr4","104280980","104281256","49","3925835"
"chr4","100359410","100359448","chr3","87975697","87975737","5","12383713"
"chr4","100369130","100369446","chr10","14690438","14690745","64","85678692"
"chr4","100416073","100416377","chr14","32553436","32553738","62","67862637"
"chr4","100416432","100416731","chr1","154178819","154179123","54","53762387"
"chr4","100419107","100419402","chr2","203225383","203225677","45","102806276"
"chr4","100462500","100462793","chr12","51888773","51889064","47","48573727"
"chr4","100489562","100489859","chr5","139889919","139890213","39","39400357"
"chr4","100495957","100496270","chr4","104455332","104455632","43","3959375"
"chr4","100507854","100508162","chr5","1076646","1076956","55","99431208"
"chr4","100516825","100516875","chr5","110845897","110845946","4","10329072"
"chr4","100548088","100548390","chr7","25925292","25925587","45","74622796"
"chr4","100578266","100578553","chr12","36903935","36904218","52","63674331"
"chr4","100674267","100674376","chr9","120467837","120467949","19","19793570"
"chr4","100674401","100674488","chr4","110642008","110642097","22","9967607"
"chr4","100699103","100699388","chr22","40425693","40425977","49","60273410"
"chr4","100704711","100704927","chr3","111522733","111522938","40","10818022"
"chr4","100710587","100710887","chr10","33308225","33308522","51","67402362"
"chr4","100759154","100759444","chr4","104752768","104753048","40","3993614"
"chr4","100801030","100801314","chr4","95482837","95483118","55","5318193"
"chr4","100814210","100814512","chr14","32375490","32375800","47","68438720"
"chr4","100820015","100820317","chr17","62830726","62831031","46","37989289"
"chr4","100830836","100831013","chr5","110926377","110926556","28","10095541"
"chr4","101199794","101200095","chr14","81002978","81003275","47","20196816"
"chr4","101406065","101406358","chr9","106359791","106360084","72","4953726"
"chr4","101478895","101479181","chr7","42940587","42940867","48","58538308"
"chr4","101506755","101507069","chr14","99166809","99167105","67","2339946"
"chr4","101510286","101510581","chr1","92541295","92541594","50","8968991"
"chr4","101630552","101630781","chrX","52248499","52248726","42","49382053"
"chr4","101710270","101710566","chr4","105731746","105732040","42","4021476"
"chr4","101725515","101725668","chr4","105752490","105752641","18","4026975"
"chr4","101726126","101726297","chr22","5351047","5351218","30","96375079"
"chr4","101742343","101742647","chr5","38842722","38843017","55","62899621"
"chr4","101762765","101763058","chr4","105813390","105813682","48","4050625"
"chr4","101804899","101805039","chr6","123251246","123251381","24","21446347"
"chr4","101893924","101894300","chr7","54703530","54703863","127","47190394"
"chr4","101896643","101896956","chr2","11077390","11077699","61","90819253"
"chr4","101904928","101905214","chr4","105967703","105967997","49","4062775"
"chr4","101949028","101949320","chr5","85070909","85071195","45","16878119"
"chr4","102029178","102029463","chr1","65119726","65120013","48","36909452"
"chr4","102046164","102046448","chr4","106119803","106120094","42","4073639"
"chr4","102080221","102080524","chr7","136610494","136610788","48","34530273"
"chr4","102148724","102149017","chr4","71933212","71933503","48","30215512"
"chr4","102149070","102149174","chr1","20863197","20863299","16","81285873"
"chr4","102188346","102188646","chr15","72516887","72517186","39","29671459"
"chr4","102215989","102216266","chr7","14181724","14181998","55","88034265"
"chr4","102285621","102285918","chr12","82553157","82553454","54","19732464"
"chr4","102370116","102370343","chr10","60607494","60607719","37","41762622"
"chr4","102371161","102371253","chr14","54752786","54752873","17","47618375"
"chr4","102378392","102378672","chr4","2783025","2783308","54","99595367"
"chr4","102403223","102403347","chr4","106473635","106473759","11","4070412"
"chr4","102412676","102412784","chr4","106480889","106480998","16","4068213"
"chr4","102425084","102425262","chr20","3785470","3785644","26","98639614"
"chr4","102474889","102475164","chr3","139870739","139871027","62","37395850"
"chr4","102477005","102477310","chr7","70375823","70376126","50","32101182"
"chr4","102495948","102496249","chr15","73510510","73510812","42","28985438"
"chr4","102526377","102526670","chr17","62988608","62988902","41","39537769"
"chr4","102529419","102529717","chr4","108464628","108464932","50","5935209"
"chr4","102561629","102561937","chr9","17840993","17841300","58","84720636"
"chr4","102592532","102592811","chr8","97151075","97151355","51","5441457"
"chr4","102593173","102593493","chr4","106682619","106682917","61","4089446"
"chr4","102615593","102615859","chr7","91334702","91334965","45","11280891"
"chr4","102630360","102630620","chr4","106716312","106716573","36","4085952"
"chr4","102645953","102646230","chr4","158481330","158481605","43","55835377"
"chr4","102646706","102647007","chr4","106737062","106737360","45","4090356"
"chr4","102663391","102663484","chr12","9612526","9612620","10","93050865"
"chr4","102680863","102680914","chr4","44844890","44844942","5","57835973"
"chr4","102690192","102690503","chr4","132055862","132056190","66","29365670"
"chr4","102717980","102718284","chr7","70375823","70376126","55","32342157"
"chr4","102721835","102722154","chr2","128431000","128431313","56","25709165"
"chr4","102799278","102799559","chr7","155162191","155162474","39","52362913"
"chr4","102818743","102819050","chr9","101210178","101210488","53","1608565"
"chr4","102821054","102821319","chr4","106900533","106900787","40","4079479"
"chr4","102825760","102826072","chr4","106905205","106905510","46","4079445"
"chr4","102843082","102843134","chr4","106917471","106917524","5","4074389"
"chr4","102852662","102852968","chrX","90721471","90721774","42","12131191"
"chr4","102861625","102861899","chr5","23586109","23586386","45","79275516"
"chr4","102895135","102895447","chr2","39815620","39815927","53","63079515"
"chr4","102905253","102905556","chr2","187502578","187502887","42","84597325"
"chr4","102905963","102906288","chr4","106986542","106986864","56","4080579"
"chr4","102953016","102953317","chr2","63180548","63180847","42","39772468"
"chr4","102963318","102963615","chr4","107040735","107041026","45","4077417"
"chr4","103077434","103077731","chr11","61791687","61791981","38","41285747"
"chr4","103165323","103165630","chr1","135282348","135282656","51","32117025"
"chr4","103205699","103206013","chr2","10940056","10940367","53","92265643"
"chr4","103255614","103255923","chr4","107322906","107323209","39","4067292"
"chr4","103300464","103300726","chr6","119331998","119332247","64","16031534"
"chr4","103376696","103376995","chr12","28744008","28744308","47","74632688"
"chr4","103421623","103421928","chr10","103912086","103912362","84","490463"
"chr4","103446525","103446825","chrX","90808213","90808515","48","12638312"
"chr4","103454715","103455054","chr16","54629764","54630098","61","48824951"
"chr4","103534190","103534478","chr17","6560271","6560556","56","96973919"
"chr4","103594636","103594939","chr4","159778270","159778558","51","56183634"
"chr4","103658549","103658850","chr5","62490551","62490843","52","41167998"
"chr4","103712043","103712345","chr14","83083786","83084089","47","20628257"
"chr4","103874917","103875206","chr12","41621215","41621505","42","62253702"
"chr4","103885273","103885596","chr7","25925292","25925587","75","77959981"
"chr4","104047201","104047482","chr10","100408257","100408540","42","3638944"
"chr4","104071942","104072072","chr13","36117736","36117865","22","67954206"
"chr4","104088160","104088275","chrX","37109369","37109475","16","66978791"
"chr4","104095706","104095997","chr5","37902121","37902416","49","66193585"
"chr4","104139746","104140043","chr4","159182800","159183100","45","55043054"
"chr4","104187920","104188191","chr4","159135911","159136193","55","54947991"
"chr4","104211346","104211633","chr4","17518722","17519032","57","86692624"
"chr4","104311570","104311881","chr14","6471804","6472122","47","97839766"
"chr4","104367644","104367884","chr4","158956211","158956434","38","54588567"
"chr4","104388826","104389130","chr2","203225383","203225677","46","98836557"
"chr4","104420854","104421043","chr4","158903443","158903620","28","54482589"
"chr4","104554896","104555202","chr4","158769812","158770108","43","54214916"
"chr4","104562132","104562449","chr4","17518722","17519032","58","87043410"
"chr4","104784399","104784697","chr17","62830726","62831031","42","41953673"
"chr4","104795677","104795988","chr4","139259106","139259407","57","34463429"
"chr4","104826826","104827131","chr13","107907116","107907421","44","3080290"
"chr4","104839725","104839999","chr11","95629919","95630186","48","9209806"
"chr4","104840764","104841040","chr11","5274208","5274485","46","99566556"
"chr4","104943862","104944147","chr1","156682800","156683095","49","51738938"
"chr4","105046420","105046715","chr15","38910043","38910338","47","66136377"
"chr4","105149775","105150073","chr1","13807754","13808053","51","91342021"
"chr4","105273633","105273967","chr15","32495325","32495639","74","72778308"
"chr4","105475712","105476016","chr9","25525997","25526295","42","79949715"
"chr4","105507121","105507427","chr1","100217257","100217559","62","5289864"
"chr4","105541873","105542058","chr5","395104","395283","34","105146769"
"chr4","105570282","105570593","chr4","157760615","157760910","55","52190333"
"chr4","105666098","105666382","chr7","14181724","14181998","52","91484374"
"chr4","105771512","105771558","chr2","24894555","24894596","9","80876957"
"chr4","105833405","105833688","chr1","186610138","186610422","43","80776733"
"chr4","106161998","106162315","chr2","11077390","11077699","68","95084608"
"chr4","106398582","106398893","chr2","150624041","150624344","55","44225459"
"chr4","106406068","106406358","chr2","72481200","72481495","55","33924868"
"chr4","106465827","106466110","chr1","91966254","91966544","62","14499573"
"chr4","106581400","106581680","chr7","6692350","6692629","74","99889050"
"chr4","106818141","106818303","chr3","188300067","188300229","38","81481926"
"chr4","106878744","106879036","chr7","98301332","98301634","45","8577412"
"chr4","107017799","107017942","chr5","38213831","38213975","27","68803968"
"chr4","107080350","107080649","chr4","152013452","152013750","43","44933102"
"chr4","107135422","107135713","chr5","65296228","65296517","44","41839194"
"chr4","107147602","107147901","chr18","36653912","36654208","47","70493690"
"chr4","107175107","107175380","chr1","202436505","202436787","52","95261398"
"chr4","107236930","107237239","chr4","156014819","156015122","56","48777889"
"chr4","107240502","107240785","chr7","155162191","155162474","50","47921689"
"chr4","107268224","107268535","chrX","45155908","45156218","44","62112316"
"chr4","107295406","107295695","chr6","112210536","112210841","54","4915130"
"chr4","107301416","107301721","chr17","69045271","69045580","43","38256145"
"chr4","107323744","107324045","chr9","88871109","88871410","48","18452635"
"chr4","107328391","107328668","chr7","91403090","91403365","44","15925301"
"chr4","107328683","107328855","chr12","18349416","18349582","24","88979267"
"chr4","107341375","107341552","chr13","95908488","95908662","35","11432887"
"chr4","107342301","107342579","chr6","57780653","57780942","51","49561648"
"chr4","107359902","107360167","chr2","154321335","154321614","60","46961433"
"chr4","107369309","107369570","chr4","16381076","16381348","65","90988233"
"chr4","107370815","107371133","chr2","9013474","9013787","49","98357341"
"chr4","107415166","107415466","chr10","14376288","14376587","57","93038878"
"chr4","107433311","107433612","chrX","94218705","94219002","45","13214606"
"chr4","107530162","107530325","chr9","40994459","40994619","28","66535703"
"chr4","107537147","107537252","chr12","52380235","52380336","16","55156912"
"chr4","107545545","107545838","chr7","57487529","57487823","58","50058016"
"chr4","107548561","107548830","chr9","115857714","115858000","62","8309153"
"chr4","107550324","107550582","chr4","55287358","55287622","53","52262966"
"chr4","107560267","107560562","chr6","50618408","50618703","45","56941859"
"chr4","107565490","107565787","chr4","155674141","155674433","57","48108651"
"chr4","107578602","107578903","chrX","62040044","62040330","57","45538558"
"chr4","107611872","107612140","chr4","155634143","155634394","44","48022271"
"chr4","107612804","107613048","chr19","11666964","11667200","59","95945840"
"chr4","107627486","107627767","chr17","67593125","67593399","52","40034361"
"chr4","107665469","107665748","chr1","141513493","141513763","56","33848024"
"chr4","107678745","107679031","chr2","14225318","14225608","42","93453427"
"chr4","107731612","107731927","chr1","103493366","103493665","59","4238246"
"chr4","107762532","107762731","chr10","74440982","74441174","36","33321550"
"chr4","107853013","107853312","chr1","156644747","156645035","52","48791734"
"chr4","107880369","107880666","chr2","203225383","203225677","43","95345014"
"chr4","107929837","107930136","chr12","102364060","102364353","49","5565777"
"chr4","107993346","107993650","chr4","54370195","54370493","55","53623151"
"chr4","108010051","108010336","chr4","15703542","15703820","57","92306509"
"chr4","108160589","108160896","chr7","70375823","70376126","53","37784766"
"chr4","108241928","108242211","chr4","39585539","39585826","46","68656389"
"chr4","108321564","108321824","chr2","6337545","6337801","52","101984019"
"chr4","108407811","108408134","chr14","36974791","36975106","58","71433020"
"chr4","108437906","108438082","chr7","150738655","150738825","39","42300749"
"chr4","108485265","108485540","chr11","122768480","122768757","46","14283215"
"chr4","108632523","108632818","chrX","47196326","47196618","50","61436197"
"chr4","108719683","108720001","chr15","32495325","32495639","53","76224358"
"chr4","108793577","108793861","chr12","91173597","91173879","58","17619980"
"chr4","109004734","109004808","chr3","123315101","123315177","13","14310367"
"chr4","109283210","109283511","chr5","127873200","127873493","52","18589990"
"chr4","109342382","109342692","chr2","193500097","193500406","56","84157715"
"chr4","109495149","109495444","chrX","20661934","20662245","65","88833215"
"chr4","109498426","109498717","chr16","8968686","8968963","56","100529740"
"chr4","109535250","109535550","chrX","10737832","10738131","48","98797418"
"chr4","109535593","109535652","chr7","46372085","46372143","7","63163508"
"chr4","109593322","109593374","chr2","14681250","14681303","7","94912072"
"chr4","109653097","109653406","chr22","34092182","34092479","57","75560915"
"chr4","109671058","109671177","chr22","7720527","7720646","18","101950531"
"chr4","109735787","109736060","chr1","155081223","155081494","53","45345436"
"chr4","109882617","109882902","chr2","79572103","79572387","37","30310514"
"chr4","109891410","109891694","chr4","153438598","153438883","43","43547188"
"chr4","109976665","109976957","chr19","43659630","43659919","40","66317035"
"chr4","109985897","109986205","chr4","8359699","8360001","62","101626198"
"chr4","110066989","110067276","chr4","153259647","153259956","44","43192658"
"chr4","110075699","110075955","chr5","153287092","153287345","40","43211393"
"chr4","110081726","110082024","chr5","139889919","139890213","46","29808193"
"chr4","110087187","110087426","chr5","123814840","123815090","58","13727653"
"chr4","110142307","110142600","chr4","153175917","153176209","33","43033610"
"chr4","110196141","110196449","chr12","114379431","114379742","55","4183290"
"chr4","110237065","110237389","chr9","35861462","35861781","49","74375603"
"chr4","110262091","110262406","chr4","132055862","132056190","58","21793771"
"chr4","110276378","110276668","chr5","87888287","87888570","59","22388091"
"chr4","110374310","110374621","chr4","152941797","152942108","45","42567487"
"chr4","110468197","110468377","chr10","48552161","48552342","33","61916036"
"chr4","110636375","110636686","chr9","107891243","107891541","43","2745132"
"chr4","110723597","110723755","chr12","50187581","50187735","24","60536016"
"chr4","110774993","110775216","chr11","127485095","127485317","41","16710102"
"chr4","110781440","110781725","chr4","152440748","152441037","43","41659308"
"chr4","110840437","110840746","chr10","20863520","20863828","45","89976917"
"chr4","110843201","110843515","chr13","107907116","107907421","54","2936085"
"chr4","110858238","110858518","chr7","91403090","91403365","45","19455148"
"chr4","110873883","110874162","chrX","52229341","52229630","61","58644542"
"chr4","110940266","110940557","chr7","85080523","85080815","59","25859743"
"chr4","110940574","110940620","chr5","94690104","94690150","5","16250470"
"chr4","110948882","110949169","chr2","79572103","79572387","47","31376779"
"chr4","110959815","110960125","chr6","48814191","48814491","53","62145624"
"chr4","110971434","110971733","chr1","13807754","13808053","46","97163680"
"chr4","110978384","110978623","chr7","62003478","62003717","49","48974906"
"chr4","110987730","110988023","chr17","56721505","56721802","44","54266225"
"chr4","110996049","110996308","chr9","111169093","111169350","49","173044"
"chr4","111047552","111047859","chr4","152191427","152191721","54","41143875"
"chr4","111052922","111053231","chr4","107322906","107323209","54","3730016"
"chr4","111053554","111053679","chr5","156163531","156163658","20","45109977"
"chr4","111101126","111101445","chr4","152138638","152138953","46","41037512"
"chr4","111142126","111142414","chr11","74173885","74174163","67","36968241"
"chr4","111143334","111143644","chrUn_GL286435","69026","69328","60","111074308"
"chr4","111201754","111202039","chr18","1934408","1934694","38","109267346"
"chr4","111226461","111226755","chr12","44569431","44569719","50","66657030"
"chr4","111231709","111231877","chr12","33911721","33911890","29","77319988"
"chr4","111233209","111233524","chr4","152009795","152010104","44","40776586"
"chr4","111269967","111270280","chr5","73075939","73076252","45","38194028"
"chr4","111309330","111309676","chr13","16854092","16854437","83","94455238"
"chr4","111321509","111321806","chr5","139889919","139890213","51","28568410"
"chr4","111330282","111330595","chr11","66635820","66636129","47","44694462"
"chr4","111363986","111364300","chr5","73075939","73076252","48","38288047"
"chr4","111408102","111408149","chr1","82482908","82482949","8","28925194"
"chr4","111408186","111408448","chr11","64246274","64246536","54","47161912"
"chr4","111418891","111419179","chr4","151843592","151843900","62","40424701"
"chr4","111438645","111438920","chr7","22422256","22422540","67","89016389"
"chr4","111502729","111503002","chr4","21116949","21117214","58","90385780"
"chr4","111506518","111506829","chr9","105072042","105072344","48","6434476"
"chr4","111526842","111526944","chr3","65382684","65382787","13","46144158"
"chr4","111537446","111537741","chr12","107125942","107126232","49","4411504"
"chr4","111583526","111583798","chr2","168746494","168746768","54","57162968"
"chr4","111598510","111598820","chr1","10455735","10456039","56","101142775"
"chr4","111601338","111601625","chr2","134890220","134890504","52","23288882"
"chr4","111613420","111613733","chr1","121265312","121265615","54","9651892"
"chr4","111632734","111633038","chr2","164878629","164878927","53","53245895"
"chr4","111633464","111633751","chr1","155991187","155991472","48","44357723"
"chr4","111635751","111635852","chr4","151708797","151708894","19","40073046"
"chr4","111636023","111636195","chr8","100092414","100092588","37","11543609"
"chr4","111636334","111636458","chr15","69503904","69504028","18","42132430"
"chr4","111695356","111695625","chr11","64170951","64171225","51","47524405"
"chr4","111713215","111713497","chr4","151529477","151529761","49","39816262"
"chr4","111730861","111731156","chr6","132555899","132556186","44","20825038"
"chr4","111850731","111851042","chr2","31728922","31729218","50","80121809"
"chr4","111866534","111866784","chr2","186704037","186704290","56","74837503"
"chr4","112187413","112187707","chr2","36988574","36988869","41","75198839"
"chr4","112210107","112210407","chr3","112538165","112538465","55","328058"
"chr4","112210750","112211022","chr4","151030341","151030612","43","38819591"
"chr4","112235549","112235834","chr20","43097513","43097806","57","69138036"
"chr4","112314966","112315261","chr14","32553436","32553738","49","79761530"
"chr4","112328123","112328430","chr1","15071844","15072152","54","97256279"
"chr4","112361692","112361846","chr6","5570530","5570684","28","106791162"
"chr4","112610350","112610660","chrX","63118288","63118597","52","49492062"
"chr4","112756090","112756206","chr6","49062364","49062480","18","63693726"
"chr4","112765303","112765612","chr5","124645645","124645952","48","11880342"
"chr4","112835637","112835944","chr10","10473186","10473493","49","102362451"
"chr4","112843331","112843636","chr10","20863520","20863828","49","91979811"
"chr4","112870573","112870863","chr9","39953667","39953955","42","72916906"
"chr4","112874589","112874889","chr19","27619331","27619631","48","85255258"
"chr4","112879335","112879647","chr4","150520322","150520618","51","37640987"
"chr4","112917365","112917676","chrX","8396907","8397216","75","104520458"
"chr4","112957629","112957931","chr4","152013452","152013750","51","39055823"
"chr4","112986904","112987178","chr8","6469512","6469784","41","106517392"
"chr4","112987318","112987611","chr6","17854050","17854340","50","95133268"
"chr4","113044369","113044676","chr2","71331505","71331809","47","41712864"
"chr4","113049408","113049579","chr12","104996019","104996181","31","8053389"
"chr4","113211896","113212196","chr2","29773125","29773427","44","83438771"
"chr4","113252604","113252904","chrUn_GL286217","143262","143564","51","113109342"
"chr4","113331070","113331360","chr1","185698592","185698876","62","72367522"
"chr4","113332768","113333077","chr20","20348077","20348385","48","92984691"
"chr4","113583056","113583378","chrX","64172412","64172721","62","49410644"
"chr4","113612817","113612949","chr7","67077779","67077911","24","46535038"
"chr4","113642904","113643177","chr12","79894368","79894648","52","33748536"
"chr4","113655128","113655431","chr1","168255466","168255766","54","54600338"
"chr4","113710554","113710852","chr4","149695871","149696182","43","35985317"
"chr4","113862791","113863090","chr4","139259106","139259407","48","25396315"
"chr4","114067232","114067542","chrX","18432136","18432433","61","95635096"
"chr4","114109013","114109310","chrUn_GL286435","69026","69328","65","114039987"
"chr4","114173509","114173763","chr11","108598998","108599249","50","5574511"
"chr4","114215396","114215699","chr4","149203313","149203612","51","34987917"
"chr4","114241137","114241357","chr4","44921404","44921629","37","69319733"
"chr4","114242396","114242702","chr4","21633866","21634152","76","92608530"
"chr4","114264518","114264808","chr1","173326950","173327240","39","59062432"
"chr4","114298748","114299019","chr2","10543238","10543493","65","103755510"
"chr4","114355363","114355424","chr2","1892816","1892879","9","112462547"
"chr4","114423603","114423905","chr4","148978412","148978715","43","34554809"
"chr4","114442208","114442266","chr13","9319342","9319397","8","105122866"
"chr4","114681437","114681729","chr6","121802757","121803058","44","7121320"
"chr4","114955643","114955951","chr5","73075939","73076252","51","41879704"
"chr4","114988855","114989138","chr16","47879471","47879752","44","67109384"
"chr4","115286989","115287274","chr2","46744735","46745024","50","68542254"
"chr4","115424912","115425189","chr9","53722159","53722423","53","61702753"
"chr4","115441644","115441947","chr22","27181613","27181911","52","88260031"
"chr4","115919719","115920000","chrUn_GL286682","7589","7871","53","115912130"
"chr4","115938008","115938296","chr4","111340144","111340431","49","4597864"
"chr4","116211827","116212115","chr7","50803128","50803418","46","65408699"
"chr4","116436624","116436807","chr12","16706366","16706544","38","99730258"
"chr4","116474618","116474904","chr4","146912061","146912350","60","30437443"
"chr4","116602133","116602415","chr4","80376150","80376420","60","36225983"
"chr4","116620251","116620557","chr4","146769263","146769559","57","30149012"
"chr4","116751133","116751400","chr1","147402149","147402405","60","30651016"
"chr4","116773456","116773561","chr1","20863197","20863299","21","95910259"
"chr4","116773844","116773945","chr12","52380235","52380336","16","64393609"
"chr4","116874300","116874600","chr14","32553436","32553738","62","84320864"
"chr4","116989932","116990238","chr3","142853309","142853609","47","25863377"
"chr4","117390890","117391138","chr4","88397347","88397598","39","28993543"
"chr4","117394036","117394282","chr19","44917964","44918205","40","72476072"
"chr4","117704771","117704861","chr2","57064263","57064355","22","60640508"
"chr4","117724479","117724769","chr1","66217899","66218195","63","51506580"
"chr4","117759443","117759730","chr10","100408257","100408540","43","17351186"
"chr4","117911227","117911532","chrUn_GL286217","143262","143564","48","117767965"
"chr4","117935197","117935501","chr9","17943911","17944216","50","99991286"
"chr4","117953787","117954086","chrX","12001871","12002171","54","105951916"
"chr4","117993393","117993695","chr4","145545102","145545407","44","27551709"
"chr4","118111058","118111369","chr17","69045271","69045580","50","49065787"
"chr4","118156511","118156821","chr5","73075939","73076252","47","45080572"
"chr4","118295896","118296152","chr4","145249128","145249369","49","26953232"
"chr4","118311953","118312237","chrX","47790264","47790529","66","70521689"
"chr4","118365930","118366223","chr5","149244886","149245178","45","30878956"
"chr4","118433839","118434142","chr4","139259106","139259407","51","20825267"
"chr4","118475006","118475306","chr4","145066952","145067247","47","26591946"
"chr4","118497247","118497468","chr4","145031550","145031776","32","26534303"
"chr4","118539421","118539590","chr22","6660273","6660438","29","111879148"
"chr4","118655999","118656304","chr4","144860803","144861106","48","26204804"
"chr4","118707542","118707826","chr3","152858583","152858869","44","34151041"
"chr4","118745223","118745491","chr8","4347382","4347655","60","114397841"
"chr4","118748205","118748492","chr4","144777807","144778094","35","26029602"
"chr4","118781846","118781930","chr1","200228016","200228094","15","81446170"
"chr4","118806954","118807272","chr4","144716679","144716971","61","25909725"
"chr4","118808259","118808561","chr10","48321055","48321354","46","70487204"
"chr4","118827526","118827800","chr1","167116975","167117247","49","48289449"
"chr4","118833430","118833733","chr4","17919516","17919823","56","100913914"
"chr4","118833847","118834147","chr9","40949830","40950127","41","77884017"
"chr4","118932191","118932508","chr1","24048877","24049185","60","94883314"
"chr4","118944830","118945109","chr9","111004423","111004700","46","7940407"
"chr4","119006876","119007149","chr10","88439024","88439316","48","30567852"
"chr4","119023054","119023320","chr18","13372922","13373196","46","105650132"
"chr4","119025738","119026015","chr1","141513493","141513763","50","22487755"
"chr4","119061300","119061412","chr16","21159134","21159244","16","97902166"
"chr4","119062392","119062512","chr5","82797923","82798038","29","36264469"
"chr4","119104396","119104463","chr12","27496320","27496382","11","91608076"
"chr4","119209203","119209517","chr4","144323203","144323509","52","25114000"
"chr4","119273823","119274131","chr12","78762116","78762425","44","40511707"
"chr4","119277816","119278101","chr7","155162191","155162474","43","35884375"
"chr4","119435647","119435941","chr7","77326917","77327209","41","42108730"
"chr4","119518212","119518513","chr4","144013282","144013590","45","24495070"
"chr4","119685508","119685824","chr11","28125301","28125613","54","91560207"
"chr4","119703551","119703856","chr4","143840345","143840647","59","24136794"
"chr4","119864786","119864991","chrX","40515274","40515484","41","79349512"
"chr4","119956878","119957181","chr9","99956407","99956710","54","20000471"
"chr4","119993510","119993673","chr1","183035987","183036153","31","63042477"
"chr4","120028284","120028377","chr2","64458730","64458828","19","55569554"
"chr4","120099513","120099806","chr21","49806208","49806506","50","70293305"
"chr4","120106889","120107175","chr2","14449376","14449663","39","105657513"
"chr4","120478441","120478736","chr4","142588869","142589145","43","22110428"
"chr4","120614646","120614760","chr14","82352957","82353074","21","38261689"
"chr4","120664786","120665141","chr2","11795961","11796289","90","108868825"
"chr4","120987434","120987712","chr9","124140854","124141134","49","3153420"
"chr4","121319576","121319673","chr1","108267729","108267824","16","13051847"
"chr4","121361034","121361102","chr10","49480798","49480865","14","71880236"
"chr4","121553782","121554088","chr5","83059655","83059947","63","38494127"
"chr4","121804801","121805114","chr4","141257810","141258116","50","19453009"
"chr4","121899236","121899538","chr2","150624041","150624344","51","28724805"
"chr4","121944342","121944629","chr9","114412465","114412744","56","7531877"
"chr4","122363861","122364168","chr1","141894434","141894743","47","19530573"
"chr4","122537956","122538251","chr15","73632971","73633265","62","48904985"
"chr4","122624690","122624996","chrX","17705039","17705341","52","104919651"
"chr4","122651403","122651656","chr4","140448856","140449121","47","17797453"
"chr4","122700825","122701121","chr4","140394938","140395243","37","17694113"
"chr4","123013728","123014038","chr5","65616565","65616873","54","57397163"
"chr4","123134075","123134374","chr3","19993966","19994253","47","103140109"
"chr4","123261866","123262177","chr14","80132772","80133083","54","43129094"
"chr4","123273442","123273753","chr11","66635820","66636129","42","56637622"
"chr4","123364559","123364850","chr5","85529097","85529385","49","37835462"
"chr4","123447758","123448050","chr6","57780653","57780942","48","65667105"
"chr4","123515242","123515529","chr5","115208223","115208505","61","8307019"
"chr4","123545062","123545360","chr8","110833753","110834046","53","12711309"
"chr4","123592661","123592940","chr4","139489811","139490076","49","15897150"
"chr4","123618551","123618842","chr12","51888773","51889064","43","71729778"
"chr4","123623235","123623534","chrX","29367582","29367876","49","94255653"
"chr4","123642897","123643194","chr1","174457739","174458029","48","50814842"
"chr4","123654323","123654624","chr20","21484687","21484985","44","102169636"
"chr4","123681880","123682186","chr9","101210178","101210488","41","22471702"
"chr4","123726136","123726432","chr4","139349232","139349530","32","15623096"
"chr4","123757189","123757485","chr3","52365996","52366297","53","71391193"
"chr4","123775451","123775740","chr16","93917943","93918236","45","29857508"
"chr4","123802737","123802874","chrY","606418","606555","15","123196319"
"chr4","123803603","123803684","chr4","139264020","139264101","9","15460417"
"chr4","123804367","123804660","chr4","139263369","139263661","42","15459002"
"chr4","123901441","123901746","chr17","70899198","70899506","49","53002243"
"chr4","123911770","123911872","chr4","146858408","146858506","19","22946638"
"chr4","123917273","123917564","chr7","25925292","25925587","50","97991981"
"chr4","124005042","124005353","chr4","17518722","17519032","43","106486320"
"chr4","124016175","124016489","chr15","32495325","32495639","57","91520850"
"chr4","124104584","124104875","chrX","117877413","117877714","46","6227171"
"chr4","124157752","124157967","chr14","8677652","8677865","49","115480100"
"chr4","124230197","124230450","chr12","71316200","71316452","42","52913997"
"chr4","124341090","124341399","chr2","29786463","29786779","55","94554627"
"chr4","124421453","124421581","chr5","28226002","28226135","18","96195451"
"chr4","124438380","124438425","chr5","11370972","11371016","1","113067408"
"chr4","124490082","124490333","chr15","70966813","70967077","64","53523269"
"chr4","124497861","124498155","chr2","67847090","67847384","50","56650771"
"chr4","124524017","124524326","chr9","91473040","91473349","45","33050977"
"chr4","124539198","124539519","chrX","63118288","63118597","68","61420910"
"chr4","124575524","124575828","chr7","70375823","70376126","48","54199701"
"chr4","124591818","124592124","chr4","139259106","139259407","52","14667288"
"chr4","124761597","124761882","chr15","38910043","38910338","55","85851554"
"chr4","124813651","124813920","chr2","127177045","127177318","56","2363394"
"chr4","124854831","124855120","chr1","210134180","210134465","51","85279349"
"chr4","124961011","124961242","chr4","138126343","138126611","70","13165332"
"chr4","125233593","125233904","chr6","21900972","21901278","50","103332621"
"chr4","125243591","125243901","chr12","37179701","37180010","43","88063890"
"chr4","125428436","125428735","chr12","107125942","107126232","44","18302494"
"chr4","125484643","125484915","chr2","16264908","16265191","60","109219735"
"chr4","125499522","125499798","chr4","137559641","137559925","49","12060119"
"chr4","125504877","125505195","chr7","66415134","66415432","63","59089743"
"chr4","125632908","125633196","chr2","128486779","128487072","47","2853871"
"chr4","125635057","125635323","chr19","23001597","23001870","52","102633460"
"chr4","125649707","125649996","chr4","137409652","137409947","40","11759945"
"chr4","125656124","125656405","chr2","59520164","59520453","53","66135960"
"chr4","125679603","125679850","chr3","36454681","36454926","64","89224922"
"chr4","125683571","125683744","chr3","80991333","80991496","48","44692238"
"chr4","125689281","125689610","chrX","40190479","40190794","56","85498802"
"chr4","125712031","125712111","chr8","101767491","101767579","20","23944540"
"chr4","125741634","125741921","chrX","46819628","46819925","50","78922006"
"chr4","125769912","125770218","chrX","45155908","45156218","52","80614004"
"chr4","125806959","125807242","chr2","2218970","2219260","46","123587989"
"chr4","125890459","125890753","chrX","47407382","47407676","42","78483077"
"chr4","125919711","125919988","chr11","5274208","5274485","49","120645503"
"chr4","125921795","125922090","chr4","137135438","137135728","37","11213643"
"chr4","125932318","125932620","chr8","74033305","74033599","45","51899013"
"chr4","125934501","125934788","chr12","27922791","27923078","47","98011710"
"chr4","125972049","125972334","chr3","83968747","83969029","54","42003302"
"chr4","126073005","126073314","chr5","11540307","11540609","54","114532698"
"chr4","126130839","126131136","chr5","139889919","139890213","46","13759080"
"chr4","126137112","126137221","chr10","10224001","10224111","21","115913111"
"chr4","126137917","126138074","chr12","50187581","50187735","24","75950336"
"chr4","126161060","126161271","chr11","111160144","111160365","50","15000916"
"chr4","126195134","126195318","chr20","2042129","2042307","38","124153005"
"chr4","126281048","126281349","chr13","95836072","95836367","40","30444976"
"chr4","126401936","126402147","chr5","134434249","134434457","37","8032313"
"chr4","126747975","126748151","chr13","16898718","16898893","33","109849257"
"chr4","126778167","126778439","chr6","53972061","53972341","48","72806106"
"chr4","126868554","126868808","chr14","84164185","84164436","46","42704369"
"chr4","126995252","126995529","chr5","72712443","72712712","51","54282809"
"chr4","127029461","127029764","chr4","135966217","135966520","49","8936756"
"chr4","127056921","127056998","chr9","90274754","90274831","12","36782167"
"chr4","127163832","127164116","chr4","135820946","135821230","39","8657114"
"chr4","127195338","127195624","chr16","59728429","59728729","49","67466909"
"chr4","127211332","127211614","chr5","52276617","52276902","48","74934715"
"chr4","127276231","127276541","chr4","135704177","135704480","54","8427946"
"chr4","127320590","127320892","chr10","14690438","14690745","49","112630152"
"chr4","127442731","127443038","chr4","44576155","44576457","47","82866576"
"chr4","127462862","127463169","chr7","70852721","70853021","56","56610141"
"chr4","127587847","127588151","chr5","124645645","124645952","42","2942202"
"chr4","127629159","127629427","chr9","58831028","58831309","62","68798131"
"chr4","127641237","127641368","chr22","48943593","48943724","11","78697644"
"chr4","127695168","127695491","chr9","78447237","78447554","68","49247931"
"chr4","127822063","127822142","chr12","28545292","28545366","13","99276771"
"chr4","127840985","127841258","chrX","29994296","29994563","50","97846689"
"chr4","127898654","127898936","chr12","36903935","36904218","43","90994719"
"chr4","128019533","128019794","chr1","158903034","158903296","57","30883501"
"chr4","128051044","128051299","chr5","68540557","68540826","57","59510487"
"chr4","128062304","128062593","chr8","841978","842272","46","127220326"
"chr4","128157072","128157376","chr12","110923051","110923358","45","17234021"
"chr4","128163146","128163312","chr3","53849572","53849729","35","74313574"
"chr4","128229304","128229420","chr3","110833253","110833369","26","17396051"
"chr4","128230318","128230426","chr1","172859768","172859871","17","44629450"
"chr4","128243760","128243841","chr7","12474810","12474893","13","115768950"
"chr4","128330787","128331058","chr9","53552630","53552898","58","74778157"
"chr4","128451179","128451472","chr4","134474651","134474950","51","6023472"
"chr4","128540645","128540946","chrX","5636981","5637273","57","122903664"
"chr4","128579007","128579296","chr12","20549374","20549664","43","108029633"
"chr4","128869065","128869336","chr6","132408951","132409222","46","3539886"
"chr4","128942850","128943135","chr4","133988360","133988640","45","5045510"
"chr4","128954303","128954609","chr6","41278132","41278434","52","87676171"
"chr4","129033606","129033905","chr9","25525997","25526295","39","103507609"
"chr4","129549668","129549750","chr5","115404998","115405082","19","14144670"
"chr4","129673587","129673884","chr2","203225383","203225677","40","73551796"
"chr4","129711992","129712089","chrX","59683575","59683680","25","70028417"
"chr4","129719190","129719503","chr1","14897301","14897609","40","114821889"
"chr4","129770041","129770326","chr4","133173987","133174267","40","3403946"
"chr4","129847608","129847895","chr4","133101601","133101894","44","3253993"
"chr4","129993432","129993754","chr1","172008061","172008371","60","42014629"
"chr4","130070314","130070599","chr4","132850449","132850734","38","2780135"
"chr4","130086293","130086602","chr1","177159801","177160114","50","47073508"
"chr4","130271831","130271907","chr14","83388331","83388409","11","46883500"
"chr4","130436115","130436427","chr10","22665922","22666223","57","107770193"
"chr4","130440949","130441245","chr4","132436842","132437133","48","1995893"
"chr4","130679102","130679388","chr7","155162191","155162474","36","24483089"
"chr4","130713967","130714173","chr9","96579918","96580130","38","34134049"
"chr4","130769644","130769925","chr19","23703813","23704099","44","107065831"
"chr4","130782827","130783149","chr1","135282348","135282656","70","4499521"
"chr4","130875351","130875629","chr11","9566946","9567225","49","121308405"
"chr4","131008585","131008905","chr12","89210802","89211096","68","41797783"
"chr4","131323525","131323818","chr3","71082107","71082409","60","60241418"
"chr4","131329271","131329590","chr4","131550674","131550993","50","221403"
"chr4","131365263","131365562","chr2","203225383","203225677","46","71860120"
"chr4","131388140","131388439","chr1","92541295","92541594","54","38846845"
"chr4","131399026","131399331","chr1","100918877","100919179","44","30480149"
"chr4","131423266","131423546","chr1","168926697","168926979","46","37503431"
"chr4","131470928","131471211","chr4","11024595","11024872","45","120446333"
"chr4","131495376","131495528","chr10","129760983","129761137","28","1734393"
"chr4","131500001","131500263","chr16","88318376","88318636","48","43181625"
"chr4","131505495","131505806","chr3","136673944","136674260","54","5168449"
"chr4","131553341","131553626","chr7","155162191","155162474","42","23608850"
"chr4","131724376","131724668","chr4","131126889","131127183","44","597487"
"chr4","131769639","131769795","chr4","150271555","150271713","26","18501916"
"chr4","131833300","131833592","chr4","130995184","130995483","73","838116"
"chr4","131862840","131862938","chr3","21001103","21001203","15","110861737"
"chr4","131967584","131967807","chr19","11666964","11667200","45","120300620"
"chr4","132160419","132160709","chr2","146570178","146570467","54","14409759"
"chr4","132241525","132241805","chrX","45902603","45902881","45","86338922"
"chr4","132352090","132352395","chr4","130442043","130442349","49","1910047"
"chr4","132423167","132423510","chr7","31230387","31230696","78","101192780"
"chr4","132726750","132727045","chr5","55380182","55380490","63","77346568"
"chr4","132860720","132861033","chr14","77613723","77614028","45","55246997"
"chr4","133011671","133011970","chr18","7605612","7605917","53","125406059"
"chr4","133275809","133276109","chr4","98746325","98746622","59","34529484"
"chr4","133461469","133461723","chr2","9471536","9471787","37","123989933"
"chr4","133888103","133888366","chr2","55517352","55517611","57","78370751"
"chr4","133890279","133890559","chr2","168567784","168568060","45","34677505"
"chr4","134066818","134067154","chr4","109809829","109810146","75","24256989"
"chr4","134133612","134133937","chr7","137342012","137342330","65","3208400"
"chr4","134541289","134541428","chr11","129926389","129926528","32","4614900"
"chr4","134892616","134892912","chr2","64486245","64486545","55","70406371"
"chr4","134949888","134949935","chr7","42733293","42733342","6","92216595"
"chr4","135049724","135050023","chr12","27922791","27923078","61","107126933"
"chr4","135282206","135282465","chr21","42972925","42973168","60","92309281"
"chr4","135367185","135367480","chr2","17996148","17996446","50","117371037"
"chr4","135379712","135380034","chrUn_GL289054","9235","9549","50","135370477"
"chr4","135476109","135476369","chr4","127344554","127344843","62","8131555"
"chr4","135540330","135540621","chr4","127280085","127280370","42","8260245"
"chr4","135681596","135681906","chr1","128949962","128950273","53","6731634"
"chr4","135763589","135763895","chr4","127043101","127043401","60","8720488"
"chr4","135923243","135923538","chr6","119011301","119011592","48","16911942"
"chr4","135951182","135951479","chr12","14133901","14134195","52","121817281"
"chr4","136072664","136072943","chr8","96295314","96295597","51","39777350"
"chr4","136274251","136274563","chr6","140488037","140488339","64","4213786"
"chr4","136562911","136563207","chr5","158518457","158518746","46","21955546"
"chr4","136612221","136612518","chr2","147728720","147729015","43","11116499"
"chr4","136627409","136627688","chr4","126110793","126111074","49","10516616"
"chr4","136730387","136730693","chr9","101210178","101210488","55","35520209"
"chr4","137088352","137088464","chr8","74203698","74203811","18","62884654"
"chr4","137090005","137090188","chr5","395104","395283","32","136694901"
"chr4","137123251","137123559","chr9","101210178","101210488","54","35913073"
"chr4","137544432","137544636","chr4","125205799","125206016","35","12338633"
"chr4","137599082","137599371","chr18","33021056","33021339","49","104578026"
"chr4","137881942","137882232","chr5","52276617","52276902","45","85605325"
"chr4","137893720","137894006","chr3","19993966","19994253","53","117899754"
"chr4","137944547","137944687","chr11","96623589","96623713","30","41320958"
"chr4","137974309","137974623","chr4","124729617","124729931","49","13244692"
"chr4","137976746","137977048","chr14","20149921","20150227","59","117826825"
"chr4","138051061","138051363","chr14","19648213","19648502","57","118402848"
"chr4","138146673","138146959","chr5","86768130","86768415","43","51378543"
"chr4","138152160","138152384","chr11","97854305","97854536","38","40297855"
"chr4","138258696","138258989","chr4","69055872","69056171","59","69202824"
"chr4","138699911","138700194","chr16","96491193","96491481","47","42208718"
"chr4","138759069","138759349","chr1","116618974","116619261","67","22140095"
"chr4","138784530","138784800","chr9","13171482","13171754","45","125613048"
"chr4","138846151","138846453","chr4","123832134","123832441","35","15014017"
"chr4","138890013","138890310","chr16","71570137","71570438","55","67319876"
"chr4","138919085","138919346","chr7","71772998","71773275","72","67146087"
"chr4","139007746","139008055","chrUn_GL286435","69026","69328","51","138938720"
"chr4","139221374","139221662","chr4","18261007","18261304","57","120960367"
"chr4","139237699","139237907","chr1","206206891","206207093","51","66969192"
"chr4","139365028","139365331","chrX","62686328","62686643","59","76678700"
"chr4","139657141","139657274","chr1","86741299","86741434","23","52915842"
"chr4","139658051","139658325","chr4","134894149","134894416","48","4763902"
"chr4","139727737","139728039","chr9","14539289","14539586","53","125188448"
"chr4","139912122","139912428","chr12","56092815","56093092","69","83819307"
"chr4","139962416","139962731","chr14","32553436","32553738","52","107408980"
"chr4","140039752","140040047","chrX","117873293","117873593","47","22166459"
"chr4","140281249","140281423","chr4","35591421","35591595","35","104689828"
"chr4","140459663","140459972","chr5","95128904","95129215","50","45330759"
"chr4","140646843","140647112","chr4","121936700","121936975","38","18710143"
"chr4","140697924","140698206","chr3","115657864","115658148","62","25040060"
"chr4","140938086","140938393","chr9","101280728","101281039","49","39657358"
"chr4","140966191","140966469","chr2","68382318","68382587","55","72583873"
"chr4","140997164","140997473","chr4","121564773","121565071","47","19432391"
"chr4","141032792","141033152","chr11","20899191","20899511","97","120133601"
"chr4","141087993","141088311","chr10","21024965","21025274","49","120063028"
"chr4","141245756","141245886","chr9","44740587","44740719","19","96505169"
"chr4","141256326","141256637","chr9","101210178","101210488","44","40046148"
"chr4","141512772","141513049","chr4","121055596","121055867","52","20457176"
"chr4","141564206","141564500","chr1","136155032","136155317","54","5409174"
"chr4","141675423","141675475","chr14","26292656","26292709","10","115382767"
"chr4","141766520","141766804","chr7","155162191","155162474","50","13395671"
"chr4","141857639","141857954","chr5","91678600","91678912","63","50179039"
"chr4","141998779","141999121","chr12","15959917","15960256","83","126038862"
"chr4","142319854","142320134","chr4","120239217","120239498","67","22080637"
"chr4","142331910","142332222","chr7","19397030","19397335","54","122934880"
"chr4","142662687","142662978","chr5","158518457","158518746","47","15855770"
"chr4","142951119","142951368","chr4","119543072","119543317","45","23408047"
"chr4","142975873","142976173","chr4","54370195","54370493","48","88605678"
"chr4","143197193","143197489","chr5","139889919","139890213","43","3307274"
"chr4","143210755","143211044","chr4","119246813","119247107","51","23963942"
"chr4","143235201","143235251","chr10","45720106","45720157","4","97515095"
"chr4","143297027","143297336","chr7","74579378","74579682","47","68717649"
"chr4","143306255","143306557","chr4","119154507","119154808","31","24151748"
"chr4","143467153","143467441","chr5","47230366","47230657","53","96236787"
"chr4","143527644","143527953","chr4","118935015","118935319","46","24592629"
"chr4","143554981","143555250","chr21","31493194","31493437","72","112061787"
"chr4","143555339","143555638","chr15","71387958","71388247","58","72167381"
"chr4","143678379","143678680","chr6","118600755","118601054","49","25077624"
"chr4","143786411","143786712","chr5","153535285","153535587","49","9748874"
"chr4","143793362","143793663","chr4","118638883","118639178","50","25154479"
"chr4","143869705","143870010","chr3","148559683","148559994","46","4689978"
"chr4","143895011","143895309","chr5","50537784","50538079","45","93357227"
"chr4","144016101","144016391","chr5","5511518","5511810","48","138504583"
"chr4","144047132","144047421","chr12","78765512","78765804","59","65281620"
"chr4","144115943","144116256","chr4","118311838","118312151","47","25804105"
"chr4","144448317","144448476","chr2","131596102","131596261","27","12852215"
"chr4","145074786","145075077","chr10","48321055","48321354","67","96753731"
"chr4","145122469","145122775","chr4","117242642","117242941","42","27879827"
"chr4","145288172","145288491","chr4","117073501","117073809","47","28214671"
"chr4","145470087","145470372","chr4","155605212","155605495","53","10135125"
"chr4","145589746","145590004","chr4","116756612","116756860","46","28833134"
"chr4","145615250","145615455","chr6","5983516","5983728","50","139631734"
"chr4","145736439","145736737","chr19","11821768","11822062","50","133914671"
"chr4","145747096","145747393","chr7","70375823","70376126","44","75371273"
"chr4","145766488","145766797","chr10","21024965","21025274","57","124741523"
"chr4","145770076","145770389","chr1","14123215","14123523","52","131646861"
"chr4","145776169","145776446","chr13","28694760","28695039","57","117081409"
"chr4","145891325","145891636","chr5","73075939","73076252","43","72815386"
"chr4","146110340","146110647","chr12","85174093","85174398","55","60936247"
"chr4","146111943","146112257","chr20","3758100","3758408","55","142353843"
"chr4","146235820","146235865","chr12","56000792","56000839","6","90235028"
"chr4","146486863","146487174","chr2","153267314","153267618","53","6780451"
"chr4","147137324","147137474","chr11","67397416","67397570","25","79739908"
"chr4","147204617","147204902","chr8","91418355","91418645","65","55786262"
"chr4","147234731","147234850","chr1","16495575","16495692","27","130739156"
"chr4","148113573","148113874","chr2","153267314","153267618","59","5153741"
"chr4","148405533","148405677","chr5","157197791","157197933","29","8792258"
"chr4","148454048","148454382","chr12","54376935","54377243","66","94077113"
"chr4","148565517","148565766","chr1","205446082","205446331","58","56880565"
"chr4","148584083","148584256","chr2","10101219","10101359","60","138482864"
"chr4","148590104","148590391","chr5","62101872","62102170","55","86488232"
"chr4","148611748","148612043","chr3","53477572","53477856","60","95134176"
"chr4","148612778","148613053","chr8","27692084","27692362","59","120920694"
"chr4","148615504","148615782","chr11","113184554","113184843","53","35430950"
"chr4","148620282","148620600","chrX","45155908","45156218","54","103464374"
"chr4","148631026","148631330","chr21","48186059","48186355","64","100444967"
"chr4","148644303","148644617","chr11","120600441","120600744","52","28043862"
"chr4","148741939","148742195","chr1","181284860","181285114","44","32542921"
"chr4","148744317","148744613","chr7","104825639","104825934","57","43918678"
"chr4","148750887","148751182","chr7","66759838","66760136","41","81991049"
"chr4","148768561","148768838","chr9","115857714","115858000","48","32910847"
"chr4","148774341","148774632","chr12","16212093","16212391","45","132562248"
"chr4","148786374","148786707","chr15","37514276","37514606","53","111272098"
"chr4","148790452","148790774","chr5","65616565","65616873","64","83173887"
"chr4","148912763","148913048","chr12","17594786","17595074","54","131317977"
"chr4","148999491","148999799","chr5","78565303","78565608","56","70434188"
"chr4","149019307","149019417","chr1","193060759","193060877","20","44041452"
"chr4","149023516","149023847","chr15","37514276","37514606","61","111509240"
"chr4","149025847","149026153","chr2","71331505","71331809","49","77694342"
"chr4","149219479","149219657","chr20","3785470","3785644","35","145434009"
"chr4","149563715","149564026","chr2","150624041","150624344","45","1060326"
"chr4","149712433","149712744","chrX","8396907","8397216","63","141315526"
"chr4","149831094","149831183","chr6","67423569","67423660","16","82407525"
"chr4","149901323","149901626","chr5","116663888","116664187","40","33237435"
"chr4","149910575","149910725","chr1","203353499","203353654","26","53442924"
"chr4","149916027","149916304","chr3","134258467","134258738","48","15657560"
"chr4","149993498","149993749","chr10","1496240","1496489","51","148497258"
"chr4","150067401","150067677","chr4","111934570","111934864","62","38132831"
"chr4","150091210","150091375","chr1","86735977","86736142","34","63355233"
"chr4","150114688","150114983","chr4","111880841","111881129","43","38233847"
"chr4","150121862","150122152","chr4","98746325","98746622","40","51375537"
"chr4","150204419","150204702","chr11","97213328","97213619","45","52991091"
"chr4","150347024","150347396","chr1","183463870","183464229","99","33116846"
"chr4","150630506","150630789","chr4","111350961","111351254","47","39279545"
"chr4","150728228","150728539","chr1","115546298","115546611","55","35181930"
"chr4","150739630","150739937","chr9","122689798","122690105","56","28049832"
"chr4","150938153","150938453","chr9","38521604","38521904","53","112416549"
"chr4","150995682","150995755","chr2","6648559","6648630","18","144347123"
"chr4","150999219","150999396","chr12","89122048","89122234","54","61877171"
"chr4","151151402","151151687","chr2","74213487","74213769","51","76937915"
"chr4","151183779","151184077","chr11","73070960","73071258","53","78112819"
"chr4","151217417","151217533","chr9","108671454","108671572","21","42545963"
"chr4","151218499","151218531","chr2","5531564","5531598","15","145686935"
"chr4","151219935","151220262","chr4","132055862","132056190","57","19164073"
"chr4","151226090","151226388","chr1","86742621","86742919","46","64483469"
"chr4","151236437","151236603","chr13","26045777","26045941","30","125190660"
"chr4","151237688","151237994","chr8","115903141","115903445","46","35334547"
"chr4","151252083","151252383","chr2","67047152","67047456","43","84204931"
"chr4","151256683","151256980","chr2","203225383","203225677","44","51968700"
"chr4","151257331","151257636","chr10","99720711","99721015","59","51536620"
"chr4","151280249","151280335","chr4","13719104","13719198","21","137561145"
"chr4","151311695","151311991","chr4","110590781","110591069","42","40720914"
"chr4","151327519","151327705","chr5","43675787","43675981","32","107651732"
"chr4","151341703","151342015","chrX","45155908","45156218","50","106185795"
"chr4","151356667","151356753","chr12","7688604","7688680","23","143668063"
"chr4","151375160","151375420","chr5","66898942","66899200","50","84476218"
"chr4","151390784","151390922","chr15","95313243","95313379","24","56077541"
"chr4","151391192","151391499","chr9","53035585","53035884","50","98355607"
"chr4","151399690","151399789","chr18","13285722","13285823","17","138113968"
"chr4","151404859","151405174","chr14","32553436","32553738","46","118851423"
"chr4","151445429","151445730","chr5","55380182","55380490","49","96065247"
"chr4","151456497","151456795","chr1","174457739","174458029","54","23001242"
"chr4","151475229","151475406","chr6","5699963","5700138","33","145775266"
"chr4","151513275","151513588","chr9","99101374","99101680","54","52411901"
"chr4","151539910","151540225","chr7","74579378","74579682","49","76960532"
"chr4","151577094","151577392","chr14","74527172","74527472","40","77049922"
"chr4","151593167","151593436","chr1","123033669","123033941","50","28559498"
"chr4","151622886","151623014","chr1","205933415","205933532","22","54310529"
"chr4","151623417","151623546","chr7","44702951","44703080","26","106920466"
"chr4","151696213","151696493","chr1","186610138","186610422","47","34913925"
"chr4","151756639","151756946","chr5","73075939","73076252","49","78680700"
"chr4","151757516","151757743","chr1","151340449","151340676","45","417067"
"chr4","151766714","151767016","chr12","19378912","19379214","50","132387802"
"chr4","151868517","151868801","chr4","110031628","110031905","37","41836889"
"chr4","152025365","152025671","chr2","71331505","71331809","54","80693860"
"chr4","152075019","152075328","chr4","109809829","109810146","53","42265190"
"chr4","152147895","152148194","chr4","109734866","109735163","34","42413029"
"chr4","152187534","152187836","chr4","109688568","109688861","38","42498966"
"chr4","152280945","152280992","chr6","83844322","83844366","8","68436623"
"chr4","152293547","152293607","chr1","95482072","95482128","13","56811475"
"chr4","152312725","152313036","chr2","66989134","66989436","60","85323591"
"chr4","152527425","152527721","chr7","145408402","145408698","50","7119023"
"chr4","152615302","152615588","chr4","155566052","155566343","56","2950750"
"chr4","152671821","152672112","chr5","92763403","92763679","60","59908418"
"chr4","152724663","152724968","chr15","71322961","71323259","47","81401702"
"chr4","152736972","152737265","chr4","109047974","109048272","44","43688998"
"chr4","152753396","152753698","chr9","90082487","90082782","52","62670909"
"chr4","152775241","152775544","chr8","74033305","74033599","50","78741936"
"chr4","152791751","152792063","chr12","78762116","78762425","48","74029635"
"chr4","152824469","152824779","chr4","108962940","108963240","39","43861529"
"chr4","152826680","152826971","chrX","39454622","39454913","45","113372058"
"chr4","152974839","152975136","chr21","49460008","49460303","39","103514831"
"chr4","152988562","152988854","chr1","13807754","13808053","43","139180808"
"chr4","153023747","153024059","chr9","93846579","93846891","47","59177168"
"chr4","153179877","153180122","chr16","64208231","64208475","45","88971646"
"chr4","153235692","153235966","chr5","72712443","72712712","49","80523249"
"chr4","153269325","153269359","chr10","81291794","81291829","15","71977531"
"chr4","153269360","153269451","chr9","96555817","96555913","28","56713543"
"chr4","153272048","153272357","chr2","150624041","150624344","46","2648007"
"chr4","153280535","153280840","chr4","108464628","108464932","35","44815907"
"chr4","153305507","153305802","chr16","46721249","46721542","41","106584258"
"chr4","153345345","153345583","chr2","51903692","51903942","58","101441653"
"chr4","153449272","153449562","chr15","42063310","42063613","55","111385962"
"chr4","153578257","153578525","chr10","117840604","117840882","57","35737653"
"chr4","153608019","153608267","chr2","51903692","51903942","54","101704327"
"chr4","153682870","153683154","chr5","47309745","47310037","46","106373125"
"chr4","153685987","153686062","chr4","108070031","108070108","9","45615956"
"chr4","153715090","153715382","chr12","45753340","45753642","57","107961750"
"chr4","153729388","153729657","chr4","108025295","108025543","51","45704093"
"chr4","153737155","153737459","chr2","150624041","150624344","54","3113114"
"chr4","153765637","153765928","chr4","107973842","107974132","45","45791795"
"chr4","153802157","153802194","chr10","95664480","95664516","7","58137677"
"chr4","153820399","153820659","chr22","16550653","16550912","90","137269746"
"chr4","153862260","153862473","chr12","46206028","46206239","44","107656232"
"chr4","153865617","153865918","chr20","38639419","38639722","51","115226198"
"chr4","153885021","153885348","chr6","132196173","132196471","78","21688848"
"chr4","153892241","153892547","chr6","139408582","139408883","56","14483659"
"chr4","153899287","153899512","chr7","14938589","14938805","39","138960698"
"chr4","153951197","153951489","chr6","17854050","17854340","52","136097147"
"chr4","153952074","153952380","chr9","93846579","93846891","50","60105495"
"chr4","153954263","153954547","chrX","40344797","40345081","48","113609466"
"chr4","153971217","153971415","chr5","124178001","124178201","31","29793216"
"chr4","153991581","153991880","chr10","13670605","13670898","49","140320976"
"chr4","153992058","153992349","chr1","198552526","198552826","52","44560468"
"chr4","154067306","154067436","chr22","32172609","32172739","19","121894697"
"chr4","154071566","154071864","chrX","18432136","18432433","44","135639430"
"chr4","154136153","154136455","chrX","117763468","117763772","45","36372685"
"chr4","154141948","154142106","chr9","107746256","107746411","34","46395692"
"chr4","154149775","154149894","chr8","74203698","74203811","26","79946077"
"chr4","154287352","154287644","chr13","93589548","93589840","47","60697804"
"chr4","154396832","154396975","chr4","32101212","32101368","38","122295620"
"chr4","154811672","154811971","chr11","118062999","118063293","49","36748673"
"chr4","154927833","154928069","chr12","31751777","31751997","57","123176056"
"chr4","154940431","154940716","chr4","160718247","160718526","44","5777816"
"chr4","154950883","154951103","chr1","199541886","199542107","40","44591003"
"chr4","155137961","155138270","chrUn_GL288815","12574","12885","46","155125387"
"chr4","155173006","155173313","chr4","160973271","160973571","47","5800265"
"chr4","155229732","155230017","chr4","161032062","161032360","47","5802330"
"chr4","155334514","155334818","chr4","161139970","161140276","43","5805456"
"chr4","155404635","155404722","chr2","101389275","101389363","10","54015360"
"chr4","155492635","155492943","chr5","91678600","91678912","52","63814035"
"chr4","155626020","155626294","chr7","66752568","66752849","64","88873452"
"chr4","155868816","155869115","chr7","70375823","70376126","54","85492993"
"chr4","155971605","155971915","chr15","24029162","24029466","55","131942443"
"chr4","156050943","156051123","chr4","161662368","161662544","26","5611425"
"chr4","156176528","156176599","chr1","47010386","47010457","10","109166142"
"chr4","156216349","156216647","chr4","98746325","98746622","50","57470024"
"chr4","156438252","156438556","chr12","10884989","10885294","49","145553263"
"chr4","156573814","156574113","chr9","25525997","25526295","46","131047817"
"chr4","156756791","156757080","chr1","156644747","156645035","55","112044"
"chr4","156894332","156894562","chr2","84530079","84530312","45","72364253"
"chr4","156934407","156934715","chr5","59461001","59461310","54","97473406"
"chr4","156950253","156950559","chr2","146982644","146982948","53","9967609"
"chr4","156952348","156952650","chr4","162615053","162615357","54","5662705"
"chr4","156971238","156971331","chr12","33244578","33244671","10","123726660"
"chr4","157129787","157130097","chr7","70375823","70376126","53","86753964"
"chr4","157294887","157295199","chr5","88675295","88675605","60","68619592"
"chr4","157420269","157420577","chr11","28125301","28125613","49","129294968"
"chr4","157551977","157552293","chrX","107560088","107560397","51","49991889"
"chr4","157676521","157676825","chr7","70375823","70376126","43","87300698"
"chr4","157746916","157747229","chr7","79040423","79040732","49","78706493"
"chr4","157757491","157757772","chr7","10010037","10010324","49","147747454"
"chr4","157786534","157786819","chr7","58917227","58917519","44","98869307"
"chr4","157862377","157862686","chr2","146982644","146982948","46","10879733"
"chr4","158251868","158252166","chr4","163997885","163998178","41","5746017"
"chr4","158257754","158258022","chr5","26465835","26466109","57","131791919"
"chr4","158400444","158400755","chr1","121265312","121265615","47","37135132"
"chr4","158451490","158451816","chr1","204164957","204165280","53","45713467"
"chr4","158472229","158472359","chr5","10559689","10559821","15","147912540"
"chr4","158555872","158556171","chr4","164300669","164300964","42","5744797"
"chr4","158588019","158588305","chr5","144427407","144427696","53","14160612"
"chr4","158632575","158632854","chr2","39969951","39970236","51","118662624"
"chr4","158667498","158667586","chr22","43292236","43292330","21","115375262"
"chr4","158699747","158700049","chr1","104253890","104254191","52","54445857"
"chr4","158736365","158736655","chr10","82921268","82921557","46","75815097"
"chr4","158853549","158853836","chrX","108779326","108779624","56","50074223"
"chr4","158896758","158897023","chr15","28476630","28476895","38","130420128"
"chr4","158923146","158923459","chr17","69045271","69045580","49","89877875"
"chr4","158932805","158932870","chr8","45640028","45640096","12","113292777"
"chr4","159095360","159095656","chr5","139889919","139890213","49","19205441"
"chr4","159136458","159136748","chr4","164911802","164912088","53","5775344"
"chr4","159423855","159423978","chr10","42328316","42328441","28","117095539"
"chr4","159578058","159578340","chr6","5717652","5717933","44","153860406"
"chr4","159611380","159611687","chr3","65132443","65132745","51","94478937"
"chr4","159622735","159622985","chr7","152871538","152871805","61","6751197"
"chr4","159706489","159706776","chr4","106155885","106156173","48","53550604"
"chr4","159731666","159731966","chr4","165530197","165530494","48","5798531"
"chr4","159785151","159785441","chr5","158518457","158518746","41","1266694"
"chr4","159806568","159806863","chr8","97925884","97926162","59","61880684"
"chr4","159829809","159829906","chr1","142575047","142575148","17","17254762"
"chr4","160021105","160021215","chr10","15093676","15093784","19","144927429"
"chr4","160090300","160090403","chr2","69904633","69904724","24","90185667"
"chr4","160272686","160272982","chr10","80449759","80450058","51","79822927"
"chr4","160438691","160438885","chr8","11528826","11529026","34","148909865"
"chr4","160519548","160519830","chr4","166417975","166418268","48","5898427"
"chr4","160541146","160541443","chr14","65351671","65351968","54","95189475"
"chr4","160661284","160661594","chr9","122689798","122690105","48","37971486"
"chr4","160935457","160935752","chr5","65296228","65296517","41","95639229"
"chr4","161244278","161244553","chr8","105153403","105153673","44","56090875"
"chr4","161275542","161275845","chr5","2193404","2193714","59","159082138"
"chr4","161474171","161474335","chr6","114762508","114762668","25","46711663"
"chr4","161519369","161519667","chr4","126062982","126063287","44","35456387"
"chr4","161550844","161551133","chr14","47989140","47989429","48","113561704"
"chr4","161592137","161592420","chr7","97022652","97022933","41","64569485"
"chr4","161595227","161595521","chr12","107125942","107126232","49","54469285"
"chr4","161755375","161755664","chr9","45325979","45326278","57","116429396"
"chr4","161793991","161794251","chr4","167729045","167729324","56","5935054"
"chr4","161834621","161834913","chr4","167771968","167772260","50","5937347"
"chr4","162094251","162094387","chr10","88477171","88477289","37","73617080"
"chr4","162178666","162178936","chr2","47506221","47506493","50","114672445"
"chr4","162219558","162219848","chr1","13162324","13162614","41","149057234"
"chr4","162222977","162223275","chr4","54370195","54370493","50","107852782"
"chr4","162308912","162309011","chr4","168283405","168283505","10","5974493"
"chr4","162331495","162331665","chr6","129111596","129111770","34","33219899"
"chr4","162356148","162356383","chrY","350361","350590","45","162005787"
"chr4","162381765","162381929","chrX","90165469","90165629","29","72216296"
"chr4","162532035","162532200","chr6","114762508","114762668","26","47769527"
"chr4","162653274","162653505","chr4","106578691","106578920","45","56074583"
"chr4","162825090","162825393","chrX","125368984","125369285","42","37456106"
"chr4","162856309","162856602","chr16","92084445","92084750","51","70771864"
"chr4","163017619","163017915","chr2","147728720","147729015","43","15288899"
"chr4","163046438","163046552","chr4","169072780","169072894","15","6026342"
"chr4","163159265","163159311","chr2","132094620","132094666","5","31064645"
"chr4","163331502","163331783","chr2","52679343","52679626","56","110652159"
"chr4","163361234","163361538","chr2","71331505","71331809","59","92029729"
"chr4","163493961","163494258","chr7","50803128","50803418","49","112690833"
"chr4","163498005","163498295","chr12","14133901","14134195","53","149364104"
"chr4","163739472","163739781","chr5","91678600","91678912","58","72060872"
"chr4","163988308","163988610","chr2","13919309","13919605","51","150068999"
"chr4","164021391","164021703","chr2","1940205","1940517","50","162081186"
"chr4","164040899","164041191","chr9","313539","313832","54","163727360"
"chr4","164487269","164487570","chr3","4761737","4762038","59","159725532"
"chr4","164534684","164534971","chr2","79572103","79572387","46","84962581"
"chr4","164621613","164621796","chr4","170704473","170704652","46","6082860"
"chr4","164653172","164653491","chr3","173712450","173712748","57","9059278"
"chr4","164747099","164747142","chr4","110631349","110631389","5","54115750"
"chr4","164771901","164772204","chr3","117540807","117541109","55","47231094"
"chr4","164965546","164965814","chr7","30323296","30323570","60","134642250"
"chr4","165036901","165037208","chr1","166036321","166036626","50","999420"
"chr4","165090085","165090370","chr5","86768130","86768415","50","78321955"
"chr4","165132439","165132728","chr6","7755539","7755830","43","157376900"
"chr4","165183172","165183467","chr4","171594581","171594871","40","6411409"
"chr4","165265106","165265182","chr2","29486737","29486803","14","135778369"
"chr4","165278508","165278849","chr1","86728701","86729028","62","78549807"
"chr5","141557553","141557853","chr12","28027046","28027347","48","113530507"
"chr5","50986768","50987093","chr7","137342012","137342330","53","86355244"
"chr5","113770222","113770503","chr2","39969951","39970236","57","73800271"
"chr5","142082033","142082332","chr7","120468697","120468997","47","21613336"
"chr5","159947","160231","chr5","82326946","82327219","58","82166999"
"chr5","250597","250864","chr4","58315651","58315914","54","58065054"
"chr5","262425","262734","chr2","146982644","146982948","45","146720219"
"chr5","266582","266894","chr19","27619331","27619631","46","27352749"
"chr5","313996","314294","chr7","62486081","62486384","57","62172085"
"chr5","562581","562797","chr1","199541886","199542107","39","198979305"
"chr5","673996","674301","chr6","75230350","75230656","39","74556354"
"chr5","797396","797703","chr5","73075939","73076252","53","72278543"
"chr5","834434","834747","chr12","78334228","78334543","56","77499794"
"chr5","843187","843492","chr4","54370195","54370493","45","53527008"
"chr5","861501","861789","chr3","185903920","185904211","46","185042419"
"chr5","1077353","1077649","chr12","51888773","51889064","44","50811420"
"chr5","1469498","1469582","chr2","9154740","9154829","18","7685242"
"chr5","1619238","1619529","chr5","139889919","139890213","41","138270681"
"chr5","1688193","1688494","chrX","117955769","117956070","49","116267576"
"chr5","1711967","1712263","chr3","184994600","184994898","46","183282633"
"chr5","1774851","1775153","chr22","27181613","27181911","51","25406762"
"chr5","1779951","1780234","chr3","117803985","117804267","45","116024034"
"chr5","1810988","1811289","chr3","184897019","184897316","42","183086031"
"chr5","1831073","1831390","chr3","184875723","184876025","57","183044650"
"chr5","1836258","1836538","chr1","41686123","41686409","42","39849865"
"chr5","1857060","1857331","chr3","184849843","184850108","43","182992783"
"chr5","1922998","1923296","chr8","29283402","29283703","43","27360404"
"chr5","1955243","1955538","chr5","94896037","94896335","47","92940794"
"chr5","1994768","1995085","chr11","28125301","28125613","53","26130533"
"chr5","2002683","2002982","chr9","83585427","83585728","55","81582744"
"chr5","2034160","2034472","chr3","53266221","53266526","55","51232061"
"chr5","2047437","2047743","chr17","69045271","69045580","56","66997834"
"chr5","2051147","2051453","chr11","28125301","28125613","52","26074154"
"chr5","2056534","2056796","chr10","129718624","129718892","43","127662090"
"chr5","2062400","2062683","chr11","21070259","21070537","47","19007859"
"chr5","2105546","2105830","chrX","51282480","51282768","44","49176934"
"chr5","2194856","2195161","chr5","80121277","80121568","56","77926421"
"chr5","2328460","2328601","chr3","184354033","184354177","24","182025573"
"chr5","2353589","2353900","chr11","28125301","28125613","41","25771712"
"chr5","2445595","2445870","chr8","63738355","63738654","66","61292760"
"chr5","2542992","2543291","chr20","12198433","12198731","46","9655441"
"chr5","2647355","2647668","chr2","39815620","39815927","49","37168265"
"chr5","2657211","2657500","chr8","27973324","27973613","49","25316113"
"chr5","2685806","2686113","chr3","140099519","140099818","49","137413713"
"chr5","2937695","2938033","chr7","91691107","91691440","78","88753412"
"chr5","2956522","2956682","chr10","15935118","15935277","33","12978596"
"chr5","3094881","3095178","chr5","64266316","64266614","49","61171435"
"chr5","3153229","3153383","chr2","16479614","16479763","38","13326385"
"chr5","3513748","3514055","chr7","70375823","70376126","55","66862075"
"chr5","3606675","3606960","chrX","40344797","40345081","42","36738122"
"chr5","3703186","3703483","chr1","27962292","27962589","45","24259106"
"chr5","3735526","3735822","chr4","31195106","31195401","45","27459580"
"chr5","4030457","4030734","chr4","158481330","158481605","36","154450873"
"chr5","4040140","4040452","chr14","77613723","77614028","51","73573583"
"chr5","4187238","4187532","chr10","14258171","14258466","47","10070933"
"chr5","4227139","4227442","chr3","152190934","152191237","55","147963795"
"chr5","4283450","4283725","chr3","182225327","182225618","55","177941877"
"chr5","4358808","4359115","chr5","14907122","14907423","48","10548314"
"chr5","4406699","4406994","chr4","158769812","158770108","41","154363113"
"chr5","4420965","4421265","chr16","69239583","69239880","45","64818618"
"chr5","4430461","4430719","chr6","151454739","151455004","51","147024278"
"chr5","4431947","4432251","chr4","44576155","44576457","44","40144208"
"chr5","4472207","4472354","chr14","71349893","71350037","20","66877686"
"chr5","4494238","4494532","chr22","36166225","36166522","47","31671987"
"chr5","4564256","4564556","chr3","181958226","181958517","42","177393970"
"chr5","4901728","4902038","chr12","27541092","27541402","53","22639364"
"chr5","5395772","5395947","chr9","110503091","110503258","40","105107319"
"chr5","5405466","5405762","chr11","77842357","77842647","72","72436891"
"chr5","5472671","5473063","chr17","73853330","73853694","113","68380659"
"chr5","5842386","5842667","chr10","100408257","100408540","47","94565871"
"chr5","6067487","6067774","chr12","110449134","110449416","41","104381647"
"chr5","6122263","6122557","chr7","85184913","85185209","55","79062650"
"chr5","6216561","6216845","chr7","61030978","61031258","56","54814417"
"chr5","6663085","6663132","chr6","74223857","74223903","5","67560772"
"chr5","7233230","7233388","chr13","80570008","80570165","30","73336778"
"chr5","7233553","7233685","chr1","204387854","204387984","26","197154301"
"chr5","7355512","7355806","chr11","27949911","27950208","53","20594399"
"chr5","7457844","7458047","chr12","28843359","28843531","51","21385515"
"chr5","7490003","7490288","chr12","113215742","113216022","63","105725739"
"chr5","7534083","7534382","chr2","35811618","35811916","57","28277535"
"chr5","7597856","7598163","chr3","178614422","178614723","49","171016566"
"chr5","7648284","7648567","chr1","168926697","168926979","47","161278413"
"chr5","7723668","7723958","chr11","37013646","37013928","65","29289978"
"chr5","8194634","8194914","chr12","108797245","108797536","58","100602611"
"chr5","8383147","8383438","chr3","177776629","177776930","52","169393482"
"chr5","8727061","8727364","chr7","74009338","74009645","47","65282277"
"chr5","9056863","9057158","chr6","153387369","153387654","63","144330506"
"chr5","9110925","9111219","chr3","177003722","177004025","43","167892797"
"chr5","9355069","9355359","chrUn_GL286266","74928","75215","51","9280141"
"chr5","9382980","9383278","chr3","176702803","176703108","45","167319823"
"chr5","9568762","9568965","chr1","201578178","201578378","44","192009416"
"chr5","9570773","9571040","chrX","51925746","51926016","48","42354973"
"chr5","9672677","9672971","chr1","156644747","156645035","42","146972070"
"chr5","9828018","9828292","chr5","72712443","72712712","44","62884425"
"chr5","10262700","10262981","chr3","175824386","175824666","47","165561686"
"chr5","10275073","10275369","chr3","175806549","175806856","49","165531476"
"chr5","10289444","10289663","chr3","175792597","175792820","36","165503153"
"chr5","10302242","10302533","chr7","77326917","77327209","44","67024675"
"chr5","10630719","10630997","chr3","175458033","175458314","46","164827314"
"chr5","10688923","10689206","chr21","35283943","35284237","54","24595020"
"chr5","10714179","10714469","chr4","44576155","44576457","60","33861976"
"chr5","10744609","10744916","chr5","124645645","124645952","44","113901036"
"chr5","10770852","10771150","chr10","100757276","100757573","52","89986424"
"chr5","10893617","10893919","chr2","164878629","164878927","50","153985012"
"chr5","11023097","11023393","chr9","25525997","25526295","48","14502900"
"chr5","11030124","11030254","chr4","42732965","42733096","22","31702841"
"chr5","11128686","11128788","chr1","79687396","79687492","15","68558710"
"chr5","11494820","11495117","chr22","36166225","36166522","50","24671405"
"chr5","11572310","11572585","chr9","46108849","46109127","52","34536539"
"chr5","11695786","11696084","chr13","26825930","26826228","47","15130144"
"chr5","11702717","11703002","chr10","100408257","100408540","34","88705540"
"chr5","11854020","11854206","chr1","160857122","160857307","35","149003102"
"chr5","11986332","11986616","chr3","105848034","105848319","43","93861702"
"chr5","12015684","12015992","chr9","112606698","112606993","50","100591014"
"chr5","12044374","12044534","chr2","131597618","131597785","29","119553244"
"chr5","12064220","12064493","chr6","71394303","71394576","49","59330083"
"chr5","12273310","12273601","chr3","173784041","173784334","46","161510731"
"chr5","12286468","12286770","chr5","17949251","17949560","51","5662783"
"chr5","12306926","12307077","chr10","129760983","129761137","27","117454057"
"chr5","12330128","12330468","chr5","108338844","108339172","66","96008716"
"chr5","12336957","12337258","chr4","44576155","44576457","46","32239198"
"chr5","12361889","12362177","chr3","173695253","173695546","45","161333364"
"chr5","12382168","12382388","chrX","51311515","51311731","43","38929347"
"chr5","12431211","12431519","chr5","73075939","73076252","54","60644728"
"chr5","12489965","12490260","chr18","5071565","5071862","41","7418400"
"chr5","12512251","12512540","chr12","108797245","108797536","46","96284994"
"chr5","12537363","12537674","chrX","62061554","62061862","42","49524191"
"chr5","12546114","12546427","chr2","164878629","164878927","55","152332515"
"chr5","12581276","12581572","chr20","38639419","38639722","52","26058143"
"chr5","12666803","12667092","chr4","54370195","54370493","54","41703392"
"chr5","12765835","12766124","chr3","173273665","173273951","41","160507830"
"chr5","12784989","12785255","chr7","89996468","89996724","57","77211479"
"chr5","12803249","12803534","chr2","9045603","9045882","52","3757646"
"chr5","12811684","12811982","chr3","173219761","173220054","37","160408077"
"chr5","12909843","12910139","chr15","61826239","61826536","45","48916396"
"chr5","12944110","12944161","chr4","50786372","50786423","7","37842262"
"chr5","13023425","13023704","chr1","4470943","4471220","47","8552482"
"chr5","13218289","13218520","chr7","66633840","66634076","42","53415551"
"chr5","13268450","13268752","chr3","172794429","172794722","46","159525979"
"chr5","13849631","13849942","chr3","172198682","172198983","38","158349051"
"chr5","13881942","13882065","chr3","172167674","172167795","22","158285732"
"chr5","14339450","14339754","chr2","1940205","1940517","53","12399245"
"chr5","14373878","14374149","chr2","47506221","47506493","55","33132343"
"chr5","14532888","14533208","chr1","140083591","140083907","61","125550703"
"chr5","14711769","14712055","chr7","10010037","10010324","45","4701732"
"chr5","14868442","14868748","chr3","171161271","171161582","55","156292829"
"chr5","15065492","15065724","chr6","139364900","139365135","42","124299408"
"chr5","15221823","15222108","chr10","94743456","94743738","46","79521633"
"chr5","15615151","15615421","chr10","75382094","75382357","57","59766943"
"chr5","15620401","15620703","chr11","19304678","19304978","54","3684277"
"chr5","15945546","15945634","chr5","1395300","1395386","10","14550246"
"chr5","16288401","16288476","chr5","47678674","47678734","23","31390273"
"chr5","16292493","16292803","chr16","59793484","59793789","55","43500991"
"chr5","16383827","16383866","chrX","15428193","15428233","3","955634"
"chr5","16661800","16661892","chr12","9612526","9612620","14","7049274"
"chr5","17236719","17237023","chrX","17705039","17705341","41","468320"
"chr5","17269310","17269585","chr5","114230311","114230585","55","96961001"
"chr5","17290628","17290949","chr10","125503014","125503329","62","108212386"
"chr5","17296219","17296448","chr5","53720573","53720801","43","36424354"
"chr5","17297739","17298040","chrX","66824416","66824713","50","49526677"
"chr5","17594818","17595121","chr2","17996148","17996446","49","401330"
"chr5","17612403","17612718","chr5","55380182","55380490","59","37767779"
"chr5","17679658","17679953","chr17","70341771","70342065","49","52662113"
"chr5","17922252","17922569","chr12","82715784","82716082","64","64793532"
"chr5","18422350","18422638","chr9","97498896","97499183","54","79076546"
"chr5","18565346","18565680","chr1","100255801","100256111","71","81690455"
"chr5","18734011","18734322","chr5","73075939","73076252","41","54341928"
"chr5","18793242","18793554","chr12","87400084","87400394","49","68606842"
"chr5","19086224","19086520","chr22","3060037","3060333","41","16026187"
"chr5","19252205","19252509","chr7","70375823","70376126","44","51123618"
"chr5","19356767","19357072","chr15","37932298","37932608","47","18575531"
"chr5","19357500","19357609","chr17","68146452","68146557","16","48788952"
"chr5","19383337","19383645","chr3","166529832","166530138","40","147146495"
"chr5","19420158","19420469","chr5","113941851","113942164","49","94521693"
"chr5","19423955","19424257","chr8","12478460","12478763","52","6945495"
"chr5","19704543","19704830","chr17","28540483","28540776","51","8835940"
"chr5","19769225","19769505","chr5","5511518","5511810","47","14257707"
"chr5","19889431","19889727","chr8","65769668","65769964","47","45880237"
"chr5","19991259","19991347","chr1","201755551","201755628","19","181764292"
"chr5","20004551","20004684","chr7","44702951","44703080","20","24698400"
"chr5","20018542","20018843","chr3","165855171","165855468","46","145836629"
"chr5","20027346","20027624","chr16","96491193","96491481","51","76463847"
"chr5","20065616","20065917","chrUn_GL286435","69026","69328","50","19996590"
"chr5","20094578","20094887","chr3","165770119","165770426","33","145675541"
"chr5","20150407","20150580","chr1","152393592","152393765","36","132243185"
"chr5","20161226","20161520","chr17","4214898","4215196","48","15946328"
"chr5","20217455","20217734","chr4","106702443","106702725","47","86484988"
"chr5","20238100","20238393","chr9","94159039","94159326","60","73920939"
"chr5","20256878","20256918","chrX","15428193","15428233","3","4828685"
"chr5","20266227","20266537","chrX","8396907","8397216","41","11869320"
"chr5","20277510","20277581","chr5","92528200","92528272","14","72250690"
"chr5","20278062","20278344","chr7","45588497","45588780","50","25310435"
"chr5","20281875","20282126","chr2","94141972","94142208","47","73860097"
"chr5","20294756","20295054","chr4","71933212","71933503","40","51638456"
"chr5","20303442","20303611","chr22","24380477","24380629","43","4077035"
"chr5","20318245","20318557","chr7","18990408","18990717","59","1327837"
"chr5","20325392","20325704","chr5","55380182","55380490","53","35054790"
"chr5","20343271","20343568","chr3","165516106","165516401","53","145172835"
"chr5","20349975","20350276","chr5","71686578","71686874","53","51336603"
"chr5","20354576","20354650","chr2","43717092","43717165","11","23362516"
"chr5","20372346","20372613","chr9","107284610","107284879","49","86912264"
"chr5","20388686","20388872","chr1","13881780","13881959","35","6506906"
"chr5","20405591","20405860","chrX","39775240","39775514","59","19369649"
"chr5","20413741","20414031","chr2","17996148","17996446","53","2417593"
"chr5","20424293","20424585","chrX","40344797","40345081","50","19920504"
"chr5","20436962","20437262","chr3","165428193","165428487","44","144991231"
"chr5","20453324","20453483","chr4","69689471","69689629","30","49236147"
"chr5","20471803","20472095","chr3","165370344","165370638","51","144898541"
"chr5","20473237","20473548","chr3","165366266","165366573","49","144893029"
"chr5","20504441","20504719","chr3","165335592","165335855","49","144831151"
"chr5","20516247","20516536","chr5","158518457","158518746","38","138002210"
"chr5","20539641","20539923","chr8","105258792","105259071","53","84719151"
"chr5","20558361","20558643","chrX","40344797","40345081","44","19786436"
"chr5","20587926","20588257","chr3","165208400","165208701","66","144620474"
"chr5","20588556","20588847","chr13","93376066","93376356","44","72787510"
"chr5","20601236","20601545","chr3","165193868","165194165","53","144592632"
"chr5","20677329","20677597","chr9","107284610","107284879","51","86607281"
"chr5","20749711","20749956","chr16","69412490","69412730","52","48662779"
"chr5","20758028","20758121","chr3","165037703","165037798","16","144279675"
"chr5","20847986","20848291","chr2","1940205","1940517","53","18907781"
"chr5","20855817","20856106","chr3","164929173","164929450","40","144073356"
"chr5","20881507","20881809","chr8","112330109","112330407","48","91448602"
"chr5","20968684","20968998","chr5","116726805","116727114","58","95758121"
"chr5","21008319","21008636","chr12","27541092","27541402","61","6532773"
"chr5","21011106","21011390","chr1","18187274","18187558","49","2823832"
"chr5","21018783","21019089","chr9","105072042","105072344","53","84053259"
"chr5","21038466","21038746","chr4","12429965","12430236","50","8608501"
"chr5","21043716","21044028","chrX","63118288","63118597","56","42074572"
"chr5","21065420","21065720","chr2","13919309","13919605","41","7146111"
"chr5","21075238","21075550","chr5","55380182","55380490","53","34304944"
"chr5","21112193","21112359","chr12","86676122","86676282","28","65563929"
"chr5","21180359","21180634","chr3","164602416","164602687","38","143422057"
"chr5","21206198","21206503","chr3","164573571","164573874","50","143367373"
"chr5","21219922","21220086","chr7","82210501","82210665","28","60990579"
"chr5","21227139","21227456","chr5","55380182","55380490","51","34153043"
"chr5","21231742","21231941","chr10","74440982","74441174","30","53209240"
"chr5","21362729","21363016","chr7","155162191","155162474","42","133799462"
"chr5","21432872","21433178","chr11","83669656","83669967","51","62236784"
"chr5","21530885","21531191","chr3","164252272","164252571","37","142721387"
"chr5","21586654","21586951","chr3","164199402","164199691","45","142612748"
"chr5","21735949","21736245","chr22","3060037","3060333","50","18675912"
"chr5","21875860","21876166","chr11","106498126","106498431","52","84622266"
"chr5","21917729","21918048","chr2","146982644","146982948","47","125064915"
"chr5","22229906","22230194","chrX","51282480","51282768","47","29052574"
"chr5","22230196","22230225","chr7","19146088","19146122","13","3084108"
"chr5","22547003","22547303","chrUn_GL286217","143262","143564","52","22403741"
"chr5","22623897","22624205","chr15","33173768","33174077","58","10549871"
"chr5","22624314","22624399","chr15","23472960","23473036","24","848646"
"chr5","22624400","22624546","chr6","14123285","14123433","24","8501115"
"chr5","22834968","22835176","chr3","118812740","118812956","59","95977772"
"chr5","22870186","22870279","chr16","93865825","93865917","9","70995639"
"chr5","23463403","23463664","chr15","81403681","81403952","59","57940278"
"chr5","23671589","23671723","chr22","10937463","10937596","29","12734126"
"chr5","23868103","23868299","chr17","34389949","34390137","43","10521846"
"chr5","24015096","24015402","chr1","141894434","141894743","59","117879338"
"chr5","24042401","24042673","chr8","117171139","117171420","53","93128738"
"chr5","24175087","24175402","chr3","161511030","161511349","56","137335943"
"chr5","24281171","24281457","chr5","15548983","15549271","56","8732188"
"chr5","24411575","24411877","chr19","23703813","23704099","59","707762"
"chr5","24478450","24478744","chr3","161227148","161227432","67","136748698"
"chr5","24641072","24641355","chr3","161060521","161060805","50","136419449"
"chr5","24742189","24742442","chr12","12802070","12802312","60","11940119"
"chr5","24919742","24919811","chr5","146041467","146041535","10","121121725"
"chr5","25168443","25168547","chr22","13859479","13859583","13","11308964"
"chr5","25215048","25215356","chr11","28125301","28125613","55","2910253"
"chr5","25605252","25605550","chr3","117540807","117541109","48","91935555"
"chr5","25864534","25864812","chrX","122477327","122477613","63","96612793"
"chr5","25960288","25960396","chr7","150421898","150422005","17","124461610"
"chr5","25971297","25971607","chr3","159765387","159765694","51","133794090"
"chr5","26278506","26278800","chr7","70375823","70376126","58","44097317"
"chr5","26543590","26543868","chr10","21421380","21421659","48","5122210"
"chr5","26585700","26586019","chr3","83931923","83932228","59","57346223"
"chr5","26675541","26675829","chr3","159058000","159058295","52","132382459"
"chr5","26991306","26991420","chr22","40931234","40931346","24","13939928"
"chr5","27130118","27130421","chrX","107560088","107560397","49","80429970"
"chr5","27146202","27146503","chr4","161032062","161032360","50","133885860"
"chr5","27158571","27158877","chrX","39183726","39184034","47","12025155"
"chr5","27582953","27583247","chr13","70428413","70428708","54","42845460"
"chr5","28776640","28776925","chr5","86768130","86768415","44","57991490"
"chr5","28936245","28936286","chr1","182463440","182463482","4","153527195"
"chr5","28938368","28938656","chr9","47619805","47620089","54","18681437"
"chr5","29276337","29276630","chr20","12712318","12712617","79","16564019"
"chr5","29377031","29377340","chr2","29786463","29786779","63","409432"
"chr5","29436969","29437267","chr2","142503758","142504043","56","113066789"
"chr5","29831608","29831915","chr10","90399593","90399894","61","60567985"
"chr5","30010301","30010599","chr18","5158419","5158714","56","24851882"
"chr5","30179076","30179378","chrX","10737832","10738131","48","19441244"
"chr5","30201197","30201502","chr6","21930692","21931000","47","8270505"
"chr5","30361631","30361932","chr4","54370195","54370493","53","24008564"
"chr5","30489796","30490093","chr9","83573818","83574110","55","53084022"
"chr5","30823556","30823838","chr19","38387861","38388135","50","7564305"
"chr5","31543544","31543841","chr12","107125942","107126232","45","75582398"
"chr5","31743098","31743327","chr22","38052824","38053061","44","6309726"
"chr5","31771303","31771617","chr3","153788853","153789164","57","122017550"
"chr5","31802512","31802797","chr4","21602547","21602837","56","10199965"
"chr5","32158092","32158317","chr16","455548","455767","44","31702544"
"chr5","32313970","32314272","chr7","88697458","88697764","46","56383488"
"chr5","32355941","32356242","chr4","161032062","161032360","60","128676121"
"chr5","32375339","32375421","chr1","139721978","139722061","12","107346639"
"chr5","32407666","32407975","chrX","117763468","117763772","50","85355802"
"chr5","32459544","32459853","chr5","124645645","124645952","51","92186101"
"chr5","32547591","32547759","chr22","6660273","6660438","26","25887318"
"chr5","32563376","32563688","chr7","70375823","70376126","51","37812447"
"chr5","32567608","32567904","chr2","137798788","137799086","43","105231180"
"chr5","32573762","32573910","chr3","152988672","152988819","25","120414910"
"chr5","32577569","32577874","chr9","110062644","110062956","50","77485075"
"chr5","32581244","32581543","chr9","105285616","105285909","63","72704372"
"chr5","32699044","32699330","chr20","7477077","7477364","40","25221967"
"chr5","32704337","32704631","chr3","152860213","152860506","39","120155876"
"chr5","32706209","32706493","chr3","152858583","152858869","38","120152374"
"chr5","32751527","32751826","chr15","38910043","38910338","43","6158516"
"chr5","32761044","32761355","chr5","124645645","124645952","44","91884601"
"chr5","32847011","32847309","chr5","19374843","19375136","43","13472168"
"chr5","32883796","32884087","chr11","23971252","23971543","46","8912544"
"chr5","32930124","32930423","chr3","51989230","51989530","48","19059106"
"chr5","33054368","33054649","chr9","13171482","13171754","57","19882886"
"chr5","33275707","33276023","chr11","28125301","28125613","53","5150406"
"chr5","33350667","33350929","chr6","151664242","151664510","50","118313575"
"chr5","33364046","33364347","chr4","54184518","54184816","57","20820472"
"chr5","33370233","33370367","chr13","43433121","43433253","16","10062888"
"chr5","33577491","33577654","chr2","1659425","1659587","35","31918066"
"chr5","33578406","33578687","chr4","15703542","15703820","57","17874864"
"chr5","33583676","33583966","chr11","122686903","122687200","51","89103227"
"chr5","33589022","33589323","chrUn_GL286217","143262","143564","44","33445760"
"chr5","33608864","33609127","chr1","168266231","168266495","45","134657367"
"chr5","33629272","33629433","chr9","40994459","40994619","25","7365187"
"chr5","33657749","33658075","chr15","32495325","32495639","66","1162424"
"chr5","33787191","33787468","chr14","44989170","44989451","50","11201979"
"chr5","33788999","33789287","chr1","150691684","150691975","51","116902685"
"chr5","33800050","33800228","chr3","151658588","151658763","30","117858538"
"chr5","33811438","33811748","chrUn_GL288815","12574","12885","45","33798864"
"chr5","33827658","33827949","chr4","18194172","18194463","50","15633486"
"chr5","33852651","33852694","chr2","1338529","1338568","7","32514122"
"chr5","33943955","33944255","chr13","36232484","36232778","45","2288529"
"chr5","33960713","33961016","chr7","70375823","70376126","47","36415110"
"chr5","33993153","33993254","chr7","57247597","57247703","21","23254444"
"chr5","34045443","34045730","chr12","90146327","90146615","50","56100884"
"chr5","34054665","34054947","chr10","94342101","94342382","53","60287436"
"chr5","34056989","34057283","chr2","8751364","8751656","49","25305625"
"chr5","34096048","34096352","chr5","55380182","55380490","38","21284134"
"chr5","34100705","34100994","chr4","108018100","108018393","54","73917395"
"chr5","34144607","34144905","chr14","915738","916038","58","33228869"
"chr5","34173266","34173564","chr11","83490624","83490918","50","49317358"
"chr5","34185306","34185599","chr2","71302060","71302351","58","37116754"
"chr5","34197174","34197427","chr12","28078926","28079179","58","6118248"
"chr5","34201486","34201601","chr16","21159134","21159244","21","13042352"
"chr5","34206870","34207056","chr2","7861812","7861997","29","26345058"
"chr5","34220436","34220729","chr8","72960841","72961131","46","38740405"
"chr5","34223641","34223948","chr5","55380182","55380490","48","21156541"
"chr5","34227805","34228097","chr4","71933212","71933503","53","37705407"
"chr5","34247202","34247245","chr1","96434147","96434190","5","62186945"
"chr5","34257885","34258019","chr4","7544231","7544367","23","26713654"
"chr5","34266454","34266629","chr3","151322790","151322964","22","117056336"
"chr5","34281964","34282280","chr1","90358930","90359241","60","56076966"
"chr5","34286599","34286681","chr2","133062201","133062283","12","98775602"
"chr5","34290647","34290956","chrX","45155908","45156218","46","10865261"
"chr5","34342016","34342285","chr2","7065107","7065375","64","27276909"
"chr5","34346242","34346552","chr3","159765387","159765694","50","125419145"
"chr5","34397776","34398079","chr9","45325979","45326278","48","10928203"
"chr5","34424736","34425057","chrX","64172412","64172721","61","29747676"
"chr5","34437082","34437396","chr3","151166345","151166653","53","116729263"
"chr5","34446707","34447016","chr5","141618531","141618824","70","107171824"
"chr5","34461124","34461404","chr14","13871396","13871677","52","20589728"
"chr5","34462188","34462461","chr13","33871992","33872257","56","590196"
"chr5","34542122","34542408","chr22","13266743","13267039","58","21275379"
"chr5","34558682","34558990","chr1","159860910","159861214","52","125302228"
"chr5","34583998","34584273","chr3","151025373","151025662","65","116441375"
"chr5","34630591","34630815","chr15","23262592","23262815","49","11367999"
"chr5","34647272","34647386","chr6","49062364","49062480","21","14415092"
"chr5","34650346","34650514","chr17","67507130","67507290","31","32856784"
"chr5","34663087","34663394","chr14","33666014","33666321","57","997073"
"chr5","34686690","34686853","chr10","34685300","34685458","34","1390"
"chr5","34691319","34691598","chr5","41571609","41571881","72","6880290"
"chr5","34699174","34699297","chr22","15466478","15466608","23","19232696"
"chr5","34719657","34719930","chr18","5664786","5665051","56","29054871"
"chr5","34723450","34723760","chr3","150900520","150900822","44","116177070"
"chr5","34724215","34724592","chr3","88407637","88407981","113","53683422"
"chr5","34738923","34739206","chr6","116833090","116833381","50","82094167"
"chr5","34741883","34742009","chr22","28568641","28568765","21","6173242"
"chr5","34757284","34757609","chr4","132055862","132056190","55","97298578"
"chr5","34766377","34766675","chrX","14757652","14757955","51","20008725"
"chr5","34780290","34780528","chr22","40651805","40652042","55","5871515"
"chr5","34798291","34798602","chr16","26245420","26245726","52","8552871"
"chr5","34825918","34826171","chr1","187943919","187944177","54","153118001"
"chr5","34827297","34827604","chr12","16212093","16212391","54","18615204"
"chr5","34856854","34857146","chr11","73070960","73071258","49","38214106"
"chr5","34864722","34864993","chr1","121001735","121002005","46","86137013"
"chr5","34867084","34867135","chr5","9693350","9693399","8","25173734"
"chr5","34883853","34884117","chr9","108470235","108470512","48","73586382"
"chr5","34887675","34887894","chr3","118812740","118812956","42","83925065"
"chr5","34930905","34931176","chr11","21257745","21258010","58","13673160"
"chr5","34933728","34933845","chr8","74203698","74203811","22","39269970"
"chr5","34934280","34934366","chr1","194294890","194294978","20","159360610"
"chr5","34944995","34945261","chr19","16475556","16475825","72","18469439"
"chr5","34946743","34947055","chr10","21024965","21025274","47","13921778"
"chr5","34967978","34968241","chr17","42004302","42004552","55","7036324"
"chr5","35070615","35070916","chr5","3254168","3254463","49","31816447"
"chr5","35079471","35079779","chrX","125368984","125369285","49","90289513"
"chr5","35081858","35082139","chr2","36962442","36962702","56","1880584"
"chr5","35094781","35095081","chr3","150506497","150506795","43","115411716"
"chr5","35124207","35124518","chr12","105081170","105081479","53","69956963"
"chr5","35187277","35187589","chrX","63118288","63118597","53","27931011"
"chr5","35213126","35213294","chr22","18250724","18250903","45","16962402"
"chr5","35216360","35216517","chr14","37639787","37639944","22","2423427"
"chr5","35246130","35246374","chr10","60607494","60607719","56","25361364"
"chr5","35300977","35301293","chr16","91537105","91537413","64","56236128"
"chr5","35368084","35368249","chr15","19705142","19705304","30","15662942"
"chr5","35386738","35386909","chrX","57691409","57691581","31","22304671"
"chr5","35439205","35439511","chr12","16212093","16212391","56","19227112"
"chr5","35455094","35455383","chr3","150134498","150134774","38","114679404"
"chr5","35514481","35514769","chr1","123730185","123730472","45","88215704"
"chr5","35517824","35518112","chr1","172687648","172687936","70","137169824"
"chr5","35559170","35559472","chrX","107311171","107311473","46","71752001"
"chr5","35570011","35570306","chr3","150020998","150021293","45","114450987"
"chr5","35575417","35575721","chr5","64266316","64266614","50","28690899"
"chr5","35582025","35582245","chr3","150009439","150009655","33","114427414"
"chr5","35595497","35595808","chr13","31405619","31405930","47","4189878"
"chr5","35602444","35602745","chr4","54370195","54370493","51","18767751"
"chr5","35755775","35756100","chr12","87400084","87400394","55","51644309"
"chr5","35793211","35793483","chr4","134894149","134894416","49","99100938"
"chr5","35830139","35830194","chr2","108179757","108179814","9","72349618"
"chr5","35869667","35869960","chr3","149706946","149707243","34","113837279"
"chr5","35968068","35968380","chr3","149592555","149592845","59","113624487"
"chr5","35998303","35998598","chr2","39147956","39148247","59","3149653"
"chr5","36012769","36013067","chr22","41886502","41886799","45","5873733"
"chr5","36143193","36143506","chr5","124645645","124645952","50","88502452"
"chr5","36432375","36432686","chr5","78565303","78565608","59","42132928"
"chr5","36498364","36498648","chr3","149025357","149025642","43","112526993"
"chr5","36531091","36531144","chr5","110845897","110845946","7","74314806"
"chr5","36679094","36679384","chr2","14225318","14225608","45","22453776"
"chr5","36706818","36707043","chr15","9389834","9390061","45","27316984"
"chr5","36908617","36908912","chr3","148617542","148617834","35","111708925"
"chr5","36964704","36965006","chr6","75230350","75230656","55","38265646"
"chr5","36974812","36975097","chr4","155605212","155605495","46","118630400"
"chr5","36996525","36996654","chr1","205933415","205933532","22","168936890"
"chr5","37014275","37014420","chr2","156589202","156589351","30","119574927"
"chr5","37074843","37075135","chr11","23971252","23971543","41","13103591"
"chr5","37117972","37118010","chr10","40981104","40981139","5","3863132"
"chr5","37124223","37124474","chr3","148414474","148414718","40","111290251"
"chr5","37194110","37194412","chr6","146765788","146766092","52","109571678"
"chr5","37229919","37230232","chr6","75230350","75230656","48","38000431"
"chr5","37315770","37316072","chr1","197342368","197342663","59","160026598"
"chr5","37455540","37455712","chr2","150496709","150496881","40","113041169"
"chr5","37491932","37492237","chr12","105081170","105081479","55","67589238"
"chr5","37656368","37656670","chr20","10160789","10161092","50","27495579"
"chr5","38038133","38038464","chr16","54629764","54630098","60","16591631"
"chr5","38151313","38151604","chr3","147255159","147255455","49","109103846"
"chr5","38294315","38294608","chrX","17705039","17705341","48","20589276"
"chr5","38336171","38336215","chr1","176337634","176337679","6","138001463"
"chr5","38339595","38339649","chr2","10933443","10933499","8","27406152"
"chr5","38371352","38371690","chr9","40684256","40684574","97","2312904"
"chr5","38494110","38494400","chr9","83573818","83574110","52","45079708"
"chr5","39082303","39082615","chr11","83476981","83477292","66","44394678"
"chr5","39464603","39464905","chr7","70852721","70853021","47","31388118"
"chr5","39512892","39513184","chr6","17854050","17854340","48","21658842"
"chr5","40202327","40202608","chr13","10247200","10247479","44","29955127"
"chr5","40373540","40373857","chr8","26699415","26699723","61","13674125"
"chr5","40447090","40447416","chr15","24029162","24029466","68","16417928"
"chr5","40689670","40689853","chrX","10708205","10708389","33","29981465"
"chr5","41208659","41208940","chr9","108649185","108649451","57","67440526"
"chr5","41532237","41532537","chr7","48647299","48647590","59","7115062"
"chr5","41651990","41652303","chr9","101210178","101210488","52","59558188"
"chr5","41689451","41689745","chrX","23685308","23685596","58","18004143"
"chr5","41699457","41699768","chrX","64172412","64172721","50","22472955"
"chr5","41873579","41873802","chr15","62047569","62047796","35","20173990"
"chr5","42327896","42328181","chr5","140191827","140192110","48","97863931"
"chr5","42434891","42435186","chr13","97793409","97793699","54","55358518"
"chr5","42435825","42436121","chr6","18100311","18100600","55","24335514"
"chr5","42488277","42488328","chr3","143262170","143262221","8","100773893"
"chr5","42491805","42492066","chr5","101979965","101980221","48","59488160"
"chr5","42507472","42507776","chr5","91678600","91678912","46","49171128"
"chr5","42845411","42845713","chr2","151333028","151333320","52","108487617"
"chr5","42901244","42901546","chr20","10160789","10161092","45","32740455"
"chr5","42952281","42952586","chr3","48450700","48451011","56","5498419"
"chr5","43058956","43059284","chr12","78919016","78919323","66","35860060"
"chr5","43093468","43093728","chr4","25771642","25771902","53","17321826"
"chr5","43139335","43139622","chr2","98279713","98280006","52","55140378"
"chr5","43162874","43163157","chr5","72824059","72824335","45","29661185"
"chr5","43177267","43177572","chr4","126062982","126063287","45","82885715"
"chr5","43179424","43179730","chrX","69002372","69002677","54","25822948"
"chr5","43207614","43207876","chr5","122438480","122438746","46","79230866"
"chr5","43208407","43208709","chr3","142578682","142578980","31","99370275"
"chr5","43233800","43234082","chrX","107548418","107548697","50","64314618"
"chr5","43243677","43243972","chr14","80125845","80126144","54","36882168"
"chr5","43266692","43266888","chr1","137316066","137316261","36","94049374"
"chr5","43372597","43372882","chr5","115863747","115864033","47","72491150"
"chr5","43387647","43387943","chr3","142375191","142375479","52","98987544"
"chr5","43423829","43424120","chr18","38605998","38606288","54","4817831"
"chr5","43621821","43622129","chr9","107319568","107319870","59","63697747"
"chr5","43692783","43693095","chrUn_GL286217","143262","143564","56","43549521"
"chr5","43709610","43709779","chr6","5699963","5700138","29","38009647"
"chr5","43784414","43784547","chr3","141974858","141974983","19","98190444"
"chr5","43817290","43817593","chr5","65616565","65616873","50","21799275"
"chr5","43835091","43835176","chr8","15524192","15524277","16","28310899"
"chr5","43851443","43851731","chr1","117574490","117574785","61","73723047"
"chr5","43854413","43854457","chr2","11839702","11839744","5","32014711"
"chr5","43860044","43860174","chr5","10559689","10559821","27","33300355"
"chr5","44123334","44123634","chr4","7015956","7016265","58","37107378"
"chr5","44150319","44150614","chr2","1572464","1572757","57","42577855"
"chr5","44270759","44271071","chr1","13807754","13808053","56","30463005"
"chr5","44281655","44281948","chr1","210193116","210193409","55","165911461"
"chr5","44283782","44284084","chr3","109334648","109334945","42","65050866"
"chr5","44326776","44327059","chr9","115857714","115858000","60","71530938"
"chr5","44340472","44340767","chr11","122686903","122687200","51","78346431"
"chr5","44419836","44420134","chr19","31168814","31169108","58","13251022"
"chr5","44449154","44449435","chr7","155162191","155162474","42","110713037"
"chr5","44458380","44458666","chr5","125109792","125110085","50","80651412"
"chr5","44589408","44589702","chr12","51652419","51652716","55","7063011"
"chr5","44638401","44638647","chr3","141974241","141974483","47","97335840"
"chr5","44669296","44669601","chr14","77613723","77614028","51","32944427"
"chr5","44692676","44692852","chr9","14473384","14473561","31","30219292"
"chr5","44814642","44814944","chr3","165915545","165915845","44","121100903"
"chr5","45254902","45254955","chr6","135078592","135078648","14","89823690"
"chr5","45287130","45287422","chr12","102364060","102364353","57","57076930"
"chr5","45387893","45388191","chrX","16102878","16103172","46","29285015"
"chr5","45393637","45393934","chr12","51888773","51889064","50","6495136"
"chr5","45416658","45416966","chr18","32076394","32076707","57","13340264"
"chr5","45436851","45437062","chr17","34809389","34809609","45","10627462"
"chr5","45442873","45443180","chr2","29646327","29646632","58","15796546"
"chr5","45474406","45474709","chr4","10061166","10061466","45","35413240"
"chr5","45487845","45488159","chr14","88207996","88208307","65","42720151"
"chr5","45537658","45537963","chr5","45788683","45788985","51","251025"
"chr5","45548485","45548744","chr3","110810933","110811201","49","65262448"
"chr5","45563285","45563401","chr3","110833253","110833369","8","65269968"
"chr5","45563610","45563741","chr2","199374202","199374330","24","153810592"
"chr5","45589526","45589838","chr3","110870034","110870328","51","65280508"
"chr5","45591132","45591425","chr9","107891243","107891541","60","62300111"
"chr5","45627655","45627970","chr7","56296910","56297210","53","10669255"
"chr5","45675088","45675312","chr3","110953925","110954139","33","65278837"
"chr5","45699809","45700088","chr4","107437630","107437918","59","61737821"
"chr5","45791314","45791463","chr5","80103764","80103915","31","34312450"
"chr5","45791477","45791754","chr9","33781633","33781909","58","12009844"
"chr5","45800663","45800703","chr13","89245884","89245925","2","43445221"
"chr5","45847912","45848200","chr3","111139177","111139466","44","65291265"
"chr5","45922872","45923160","chr7","155162191","155162474","42","109239319"
"chr5","45990048","45990342","chr6","118600755","118601054","46","72610707"
"chr5","46004673","46004974","chr3","111311995","111312298","41","65307322"
"chr5","46019068","46019340","chr5","107761416","107761690","52","61742348"
"chr5","46030133","46030429","chr6","119011301","119011592","49","72981168"
"chr5","46032661","46032964","chr16","77458136","77458438","56","31425475"
"chr5","46062431","46062527","chr4","146858408","146858506","13","100795977"
"chr5","46154322","46154626","chr12","87181267","87181572","49","41026945"
"chr5","46162654","46162961","chr3","111477906","111478203","42","65315252"
"chr5","46174614","46174911","chr15","6615188","6615487","46","39559426"
"chr5","46199570","46199781","chr3","111522733","111522938","29","65323163"
"chr5","46348377","46348667","chr19","25851976","25852267","47","20496401"
"chr5","46367136","46367300","chr7","12902130","12902295","25","33465006"
"chr5","46377167","46377468","chr3","111693691","111693998","41","65316524"
"chr5","46426983","46427264","chr1","78612537","78612820","42","32185554"
"chr5","46466067","46466348","chr2","94796166","94796443","49","48330099"
"chr5","46478318","46478601","chr17","17917209","17917497","49","28561109"
"chr5","46505951","46506274","chr10","7410350","7410658","80","39095601"
"chr5","46517085","46517335","chr3","111832595","111832854","46","65315510"
"chr5","46522111","46522158","chr3","111836895","111836940","8","65314784"
"chr5","46562033","46562323","chr10","88439024","88439316","45","41876991"
"chr5","46581230","46581522","chr22","30337656","30337951","51","16243574"
"chr5","46608793","46609092","chr5","50537784","50538079","39","3928991"
"chr5","46620119","46620428","chrX","63118288","63118597","49","16498169"
"chr5","46761813","46762124","chr2","39815620","39815927","56","6946193"
"chr5","46849932","46850242","chr3","112257162","112257470","44","65407230"
"chr5","46918384","46918631","chr3","112337280","112337516","38","65418896"
"chr5","47071594","47071904","chr18","2673991","2674299","49","44397603"
"chr5","47136009","47136314","chr9","101280728","101281039","51","54144719"
"chr5","47232738","47233041","chr16","69894624","69894936","56","22661886"
"chr5","47239229","47239529","chr7","25268468","25268769","49","21970761"
"chr5","47328540","47328824","chr6","135282715","135283011","56","87954175"
"chr5","47344283","47344429","chr9","39155351","39155496","26","8188932"
"chr5","48666012","48666309","chr6","57780653","57780942","56","9114641"
"chr5","48666619","48666907","chr9","99956407","99956710","57","51289788"
"chr5","48787711","48788059","chr3","114401054","114401354","90","65613343"
"chr5","48807388","48807525","chr9","44740587","44740719","27","4066801"
"chr5","48853759","48854066","chr1","170771447","170771746","57","121917688"
"chr5","48973942","48974223","chr3","95730419","95730703","68","46756477"
"chr5","49150562","49150865","chr5","64266316","64266614","47","15115754"
"chr5","49427452","49427737","chr8","75280125","75280408","48","25852673"
"chr5","49553863","49554160","chr3","115196709","115197000","47","65642846"
"chr5","49665973","49666271","chr15","607445","607738","46","49058528"
"chr5","49699016","49699313","chr4","98746325","98746622","60","49047309"
"chr5","50055852","50056139","chr10","100408257","100408540","40","50352405"
"chr5","50056714","50056980","chr5","25053411","25053658","62","25003303"
"chr5","50087979","50088281","chr5","116663888","116664187","56","66575909"
"chr5","50105341","50105649","chr3","115706787","115707083","48","65601446"
"chr5","50123579","50123840","chr7","92864065","92864312","54","42740486"
"chr5","50774114","50774211","chr4","146858408","146858506","12","96084294"
"chr5","50867035","50867353","chr5","55380182","55380490","59","4513147"
"chr5","50958745","50959056","chr14","46908566","46908878","51","4050179"
"chr5","50964634","50964922","chr3","116620893","116621190","69","65656259"
"chr5","50978786","50978972","chr2","7861812","7861997","31","43116974"
"chr5","50995024","50995333","chr3","116660901","116661212","44","65665877"
"chr5","50998119","50998437","chr2","169129486","169129808","67","118131367"
"chr5","51012714","51012971","chr14","39115150","39115415","52","11897564"
"chr5","51024280","51024587","chr2","150624041","150624344","54","99599761"
"chr5","51043834","51044125","chr9","111219017","111219310","44","60175183"
"chr5","51062768","51063069","chr3","105647422","105647723","47","54584654"
"chr5","51143814","51144107","chr6","118101228","118101518","52","66957414"
"chr5","51191139","51191435","chr10","5645869","5646166","47","45545270"
"chr5","51222814","51223108","chr4","98746325","98746622","54","47523511"
"chr5","51296616","51296877","chr10","35357250","35357506","58","15939366"
"chr5","51457639","51457921","chr19","31366058","31366340","54","20091581"
"chr5","51471223","51471305","chr3","117141370","117141454","13","65670147"
"chr5","51585680","51585956","chr13","68512088","68512376","56","16926408"
"chr5","51676602","51676869","chr2","129078851","129079134","57","77402249"
"chr5","51720275","51720519","chr4","887592","887829","55","50832683"
"chr5","51767764","51768056","chr7","61879901","61880186","51","10112137"
"chr5","51797953","51798228","chr3","117491395","117491682","40","65693442"
"chr5","51809906","51810196","chr3","117509808","117510113","49","65699902"
"chr5","51829236","51829528","chr14","32553436","32553738","53","19275800"
"chr5","51843427","51843699","chrUn_GL286373","1580569","1580846","56","50262858"
"chr5","51927892","51928193","chr12","87400084","87400394","48","35472192"
"chr5","51935801","51936083","chr3","117631973","117632263","42","65696172"
"chr5","52005735","52006029","chr7","2189606","2189912","82","49816129"
"chr5","52006306","52006437","chr2","10077638","10077769","18","41928668"
"chr5","52022348","52022675","chr3","117732384","117732697","64","65710036"
"chr5","52079122","52079205","chr15","61301391","61301470","13","9222269"
"chr5","52082859","52083168","chr2","71331505","71331809","47","19248646"
"chr5","52120481","52120779","chr3","125727711","125728005","41","73607230"
"chr5","52151928","52152231","chr3","117879912","117880209","39","65727984"
"chr5","52468377","52468430","chr2","97655048","97655103","6","45186671"
"chr5","52578460","52578575","chr20","10493105","10493221","17","42085355"
"chr5","52638057","52638355","chr4","161032062","161032360","49","108394005"
"chr5","52697282","52697577","chrX","1752005","1752299","51","50945277"
"chr5","52840600","52840875","chr3","118666609","118666901","55","65826009"
"chr5","52848972","52849301","chr7","70375823","70376126","72","17526851"
"chr5","52922367","52922656","chr3","118748784","118749062","52","65826417"
"chr5","52958443","52958735","chr3","118791318","118791611","41","65832875"
"chr5","52978166","52978374","chr1","172374077","172374292","36","119395911"
"chr5","52982228","52982511","chr1","171067968","171068241","62","118085740"
"chr5","52984646","52984902","chr1","201609608","201609871","59","148624962"
"chr5","52987199","52987482","chr12","36903935","36904218","44","16083264"
"chr5","52998677","52998978","chr3","118833784","118834088","46","65835107"
"chr5","53063127","53063400","chr2","4984699","4984970","53","48078428"
"chr5","53065312","53065622","chr6","132892402","132892703","55","79827090"
"chr5","53112554","53112846","chrX","17830186","17830479","49","35282368"
"chr5","53145578","53145863","chr1","178235745","178236027","58","125090167"
"chr5","53146350","53146645","chr7","66759838","66760136","49","13613488"
"chr5","53172787","53172929","chr3","119011729","119011885","31","65838942"
"chr5","53204735","53204999","chr1","183265758","183266022","67","130061023"
"chr5","53206203","53206495","chr2","1572464","1572757","32","51633739"
"chr5","53207251","53207382","chr3","119050954","119051086","21","65843703"
"chr5","53343513","53343843","chr3","119183590","119183916","40","65840077"
"chr5","53353264","53353575","chr16","19278860","19279164","53","34074404"
"chr5","53657321","53657638","chr3","119546673","119546966","65","65889352"
"chr5","54100976","54101231","chr3","182152241","182152490","47","128051265"
"chr5","54404787","54404918","chr12","51349054","51349187","23","3055733"
"chr5","54470619","54470889","chr2","7065107","7065375","51","47405512"
"chr5","54569259","54569553","chr3","120400471","120400770","49","65831212"
"chr5","54729992","54730280","chr5","158518457","158518746","51","103788465"
"chr5","54968946","54969232","chr2","201062044","201062328","53","146093098"
"chr5","55158412","55158676","chr7","45169353","45169622","50","9989059"
"chr5","55388339","55388528","chr16","19752551","19752729","33","35635788"
"chr5","55511726","55512035","chr12","50658126","50658432","53","4853600"
"chr5","55515706","55515999","chr7","29042352","29042646","52","26473354"
"chr5","55632137","55632434","chr19","11821768","11822062","48","43810369"
"chr5","55655183","55655499","chr2","1940205","1940517","57","53714978"
"chr5","55659652","55659970","chr19","31863283","31863592","58","23796369"
"chr5","55676168","55676477","chr3","121392942","121393246","51","65716774"
"chr5","55686915","55687104","chr5","125765250","125765427","29","70078335"
"chr5","55696511","55696769","chr14","44978874","44979127","61","10717637"
"chr5","55719269","55719582","chr5","55380182","55380490","51","339087"
"chr5","55726773","55727057","chr3","121439460","121439741","43","65712687"
"chr5","55773096","55773379","chr2","2218970","2219260","59","53554126"
"chr5","55881036","55881340","chr6","100650122","100650421","54","44769086"
"chr5","55943105","55943198","chr22","43292236","43292330","14","12650869"
"chr5","56077630","56077936","chr4","98746325","98746622","63","42668695"
"chr5","56399235","56399535","chr8","123373167","123373474","46","66973932"
"chr5","56701658","56701956","chr11","77864205","77864502","57","21162547"
"chr5","56843051","56843349","chr2","147728720","147729015","50","90885669"
"chr5","57570241","57570483","chr5","63874230","63874463","42","6303989"
"chr5","57592230","57592541","chr7","58765253","58765557","54","1173023"
"chr5","57792231","57792533","chr9","93846579","93846891","55","36054348"
"chr5","57833644","57833948","chr5","43258967","43259274","57","14574677"
"chr5","57836901","57837198","chr7","79082583","79082878","50","21245682"
"chr5","57873313","57873593","chr20","32851240","32851521","53","25022073"
"chr5","57878958","57879279","chr3","123627144","123627476","51","65748186"
"chr5","57959190","57959234","chr11","122073337","122073387","9","64114147"
"chr5","57999498","57999579","chr2","8432847","8432929","18","49566651"
"chr5","57999676","57999786","chr22","37375392","37375502","14","20624284"
"chr5","58022728","58023018","chr7","30023449","30023741","48","27999279"
"chr5","58024900","58025168","chr3","123777404","123777660","46","65752504"
"chr5","58034746","58035051","chr1","141894434","141894743","53","83859688"
"chr5","58079135","58079263","chr14","105232082","105232214","23","47152947"
"chr5","58100054","58100234","chrX","22471578","22471779","47","35628476"
"chr5","58101858","58102097","chr12","62451942","62452153","80","4350084"
"chr5","58119743","58120028","chr2","203225383","203225677","57","145105640"
"chr5","58128086","58128382","chr5","106626420","106626712","52","48498334"
"chr5","58148762","58148928","chr6","114762508","114762668","29","56613746"
"chr5","58162748","58163044","chr8","841978","842272","48","57320770"
"chr5","58165450","58165747","chr3","123916214","123916507","57","65750764"
"chr5","58175037","58175344","chr3","123926083","123926383","39","65751046"
"chr5","58180256","58180529","chr7","61030978","61031258","55","2850722"
"chr5","58211923","58212220","chr3","123962792","123963099","48","65750869"
"chr5","58293219","58293476","chr9","111169093","111169350","48","52875874"
"chr5","58348435","58348743","chr4","54370195","54370493","47","3978240"
"chr5","58357357","58357646","chr19","11821768","11822062","66","46535589"
"chr5","58411877","58412017","chr3","124184393","124184530","14","65772516"
"chr5","58668059","58668343","chr5","119334106","119334386","45","60666047"
"chr5","58791204","58791518","chr19","38969237","38969539","57","19821967"
"chr5","58989287","58989583","chr10","99483273","99483561","47","40493986"
"chr5","59223677","59223992","chr1","152875268","152875578","73","93651591"
"chr5","59748662","59748962","chr15","71447111","71447413","53","11698449"
"chr5","60053978","60054282","chr5","73075939","73076252","51","13021961"
"chr5","60063169","60063468","chr1","13807754","13808053","48","46255415"
"chr5","60092158","60092461","chr2","203225383","203225677","50","143133225"
"chr5","60146720","60147001","chr3","125715588","125715860","50","65568868"
"chr5","60656697","60657007","chr14","83083786","83084089","50","22427089"
"chr5","60676826","60677085","chr6","8474203","8474453","56","52202623"
"chr5","60787105","60787402","chr1","64703055","64703353","42","3915950"
"chr5","60862778","60863088","chr9","105072042","105072344","55","44209264"
"chr5","60875355","60875652","chr8","65769668","65769964","46","4894313"
"chr5","60892255","60892413","chr21","21303555","21303718","34","39588700"
"chr5","60892673","60892811","chr14","71340177","71340320","24","10447504"
"chr5","60904386","60904690","chr6","136022282","136022577","53","75117896"
"chr5","60922515","60922825","chr2","36478057","36478360","47","24444458"
"chr5","60946508","60946826","chr3","126509246","126509557","56","65562738"
"chr5","60961479","60961612","chr9","24953502","24953645","27","36007977"
"chr5","60976390","60976684","chr12","51652419","51652716","49","9323971"
"chr5","61036046","61036335","chr1","65119726","65120013","51","4083680"
"chr5","61063819","61064008","chr6","50583004","50583192","35","10480815"
"chr5","61119337","61119630","chr5","93075725","93076019","46","31956388"
"chr5","61131875","61132148","chr15","28545597","28545868","52","32586278"
"chr5","61134737","61134868","chr4","9872496","9872626","24","51262241"
"chr5","61318964","61319227","chr22","20563913","20564184","60","40755051"
"chr5","61701220","61701533","chrUn_GL289054","9235","9549","51","61691985"
"chr5","62055914","62056207","chr8","48933842","48934103","76","13122072"
"chr5","62168078","62168304","chr4","2014755","2014986","59","60153323"
"chr5","62381209","62381424","chr2","120841712","120841926","51","58460503"
"chr5","62423021","62423336","chr20","11116785","11117096","68","51306236"
"chr5","62676891","62677198","chr10","48321055","48321354","58","14355836"
"chr5","62720412","62720719","chr5","50537784","50538079","65","12182628"
"chr5","62974751","62975054","chr3","128573038","128573341","39","65598287"
"chr5","63102904","63103190","chr4","22241310","22241598","50","40861594"
"chr5","63224956","63225256","chr1","100918877","100919179","54","37693921"
"chr5","63448157","63448370","chr12","79158443","79158659","53","15710286"
"chr5","63448987","63449268","chr3","129043097","129043384","57","65594110"
"chr5","63616543","63616853","chr12","19378912","19379214","51","44237631"
"chr5","63899881","63900106","chr22","3123538","3123765","43","60776343"
"chr5","64203361","64203673","chr7","70375823","70376126","58","6172462"
"chr5","64277427","64277733","chr12","19378912","19379214","48","44898515"
"chr5","64391488","64391791","chr4","164145603","164145901","60","99754115"
"chr5","64597078","64597403","chr15","37514276","37514606","66","27082802"
"chr5","64907158","64907447","chrX","107097159","107097447","63","42190001"
"chr5","65372143","65372429","chr12","49971279","49971566","53","15400864"
"chr5","65372953","65373236","chr12","49971279","49971566","52","15401674"
"chr5","65616374","65616673","chr11","381530","381828","49","65234844"
"chr5","65637626","65637936","chr4","54370195","54370493","63","11267431"
"chr5","65745465","65745739","chr6","135531665","135531946","58","69786200"
"chr5","65956967","65957269","chr1","188842151","188842454","45","122885184"
"chr5","66003983","66004288","chr6","75230350","75230656","48","9226367"
"chr5","66131378","66131675","chr5","62869608","62869907","47","3261770"
"chr5","66416720","66417004","chr1","197465921","197466196","59","131049201"
"chr5","66503675","66503971","chr5","116663888","116664187","54","50160213"
"chr5","66506537","66506840","chr17","62830726","62831031","54","3675811"
"chr5","66546238","66546535","chr7","145408402","145408698","45","78862164"
"chr5","66601422","66601513","chr4","110642008","110642097","10","44040586"
"chr5","66601910","66602240","chr12","37179701","37180010","67","29422209"
"chr5","66697827","66697995","chr9","42427245","42427413","52","24270582"
"chr5","66731960","66732239","chr8","106487782","106488053","58","39755822"
"chr5","66808214","66808486","chr4","158481330","158481605","44","91673116"
"chr5","67131858","67132021","chr1","193004916","193005079","41","125873058"
"chr5","67429833","67430124","chr2","151333028","151333320","57","83903195"
"chr5","67436176","67436491","chr2","11077390","11077699","59","56358786"
"chr5","67654810","67655112","chr2","52057155","52057458","50","15597655"
"chr5","67772233","67772497","chr9","108649185","108649451","51","40876952"
"chr5","67958082","67958363","chr1","181284860","181285114","81","113326778"
"chr5","68079712","68080016","chr3","133324579","133324886","42","65244867"
"chr5","68362212","68362369","chr1","102118914","102119068","35","33756702"
"chr5","68528897","68529176","chr10","94782425","94782705","57","26253528"
"chr5","68848328","68848617","chr9","42661920","42662203","53","26186408"
"chr5","69001337","69001429","chr15","64360839","64360932","13","4640498"
"chr5","69151990","69152254","chr7","80271706","80271969","63","11119716"
"chr5","69179686","69179951","chr3","134258467","134258738","49","65078781"
"chr5","69264822","69264859","chr2","34931064","34931102","11","34333758"
"chr5","69770920","69771069","chr6","14123285","14123433","27","55647635"
"chr5","70043350","70043673","chr2","146982644","146982948","57","76939294"
"chr5","70083003","70083312","chr12","78762116","78762425","67","8679113"
"chr5","70274154","70274460","chr21","49806208","49806506","49","20467946"
"chr5","70393144","70393456","chr6","21930692","21931000","57","48462452"
"chr5","70575735","70575828","chr16","50638532","50638619","21","19937203"
"chr5","71392505","71392798","chr3","136377472","136377765","44","64984967"
"chr5","71393537","71393827","chr11","23485743","23486033","52","47907794"
"chr5","71458204","71458511","chr5","55380182","55380490","39","16078022"
"chr5","71462587","71462885","chr20","10160789","10161092","47","61301798"
"chr5","71488481","71488771","chr3","106011472","106011765","49","34522991"
"chr5","71495346","71495653","chr7","33547338","33547635","42","37948008"
"chr5","71503826","71504124","chr8","71293822","71294118","46","210004"
"chr5","71548922","71549208","chr22","35858140","35858429","72","35690782"
"chr5","71557350","71557654","chr10","80449759","80450058","55","8892409"
"chr5","71565536","71565821","chr12","113800907","113801197","48","42235371"
"chr5","71586053","71586301","chr5","148012618","148012860","61","76426565"
"chr5","71598457","71598715","chr3","136595322","136595586","41","64996865"
"chr5","71605854","71606118","chrX","40491595","40491849","52","31114259"
"chr5","71632920","71632973","chr1","95482072","95482128","7","23849152"
"chr5","71644613","71644770","chr8","7683113","7683263","29","63961500"
"chr5","71656943","71657256","chr2","71331505","71331809","48","325438"
"chr5","71661402","71661538","chr2","31690766","31690900","19","39970636"
"chr5","71668746","71668880","chr7","61885484","61885614","23","9783262"
"chr5","71669557","71669865","chr2","1940205","1940517","53","69729352"
"chr5","71674170","71674415","chr8","51752744","51752988","60","19921426"
"chr5","71674862","71674993","chr9","7140047","7140177","20","64534815"
"chr5","71756645","71756940","chr4","71933212","71933503","46","176567"
"chr5","71765433","71765702","chr6","132679714","132679985","54","60914281"
"chr5","71773126","71773425","chr21","49806208","49806506","44","21966918"
"chr5","71790535","71790834","chr3","136826966","136827269","40","65036431"
"chr5","71841480","71841783","chr1","121265312","121265615","46","49423832"
"chr5","71849608","71849919","chr2","8616531","8616833","61","63233077"
"chr5","71867587","71867897","chr3","136899810","136900119","39","65032223"
"chr5","71931133","71931232","chr22","9954820","9954924","15","61976313"
"chr5","71931418","71931621","chr1","173639780","173639980","37","101708362"
"chr5","71951691","71951986","chr17","17057724","17058020","46","54893967"
"chr5","71981988","71982109","chr1","114526009","114526137","31","42544021"
"chr5","72007072","72007379","chr5","73075939","73076252","43","1068867"
"chr5","72007384","72007534","chr4","88878149","88878301","39","16870765"
"chr5","72018028","72018334","chr5","91678600","91678912","63","19660572"
"chr5","72052256","72052532","chr3","137060639","137060913","44","65008383"
"chr5","72055335","72055640","chr17","25790383","25790687","49","46264952"
"chr5","72085181","72085502","chr9","101210178","101210488","56","29124997"
"chr5","72095876","72096187","chr14","77613723","77614028","49","5517847"
"chr5","72106564","72106864","chr5","93075725","93076019","49","20969161"
"chr5","72147824","72148142","chr1","150639712","150640028","54","78491888"
"chr5","72159232","72159543","chr3","137174510","137174808","57","65015278"
"chr5","72179996","72180091","chr4","146858408","146858506","11","74678412"
"chr5","72191036","72191336","chr14","83420159","83420454","53","11229123"
"chr5","72204024","72204324","chr3","137222932","137223234","46","65018908"
"chr5","72221865","72222163","chr2","17996148","17996446","49","54225717"
"chr5","72243365","72243667","chrUn_GL286435","69026","69328","56","72174339"
"chr5","72296724","72297017","chr1","153470615","153470900","57","81173891"
"chr5","72331549","72331851","chr14","60249507","60249808","46","12082042"
"chr5","72352053","72352351","chr7","66415134","66415432","46","5936919"
"chr5","72356075","72356377","chr3","71082107","71082409","46","1273968"
"chr5","72360296","72360596","chr5","8115456","8115759","44","64244840"
"chr5","72371432","72371563","chr9","44740587","44740719","13","27630845"
"chr5","72378086","72378389","chr3","137411771","137412079","44","65033685"
"chr5","72455380","72455574","chr2","154820982","154821178","26","82365602"
"chr5","72580981","72581288","chr22","12570420","12570727","45","60010561"
"chr5","72594394","72594688","chr9","103757616","103757907","41","31163222"
"chr5","72621406","72621705","chr7","87384353","87384653","53","14762947"
"chr5","72651606","72651883","chr2","29994055","29994325","52","42657551"
"chr5","72676764","72677040","chr3","137723720","137724007","39","65046956"
"chr5","72719235","72719554","chr12","49251215","49251519","63","23468020"
"chr5","72816010","72816311","chr4","109688568","109688861","40","36872558"
"chr5","72886860","72887097","chr3","137910328","137910563","38","65023468"
"chr5","72930686","72930985","chr2","141631665","141631964","45","68700979"
"chr5","73013912","73014223","chr3","138033239","138033549","41","65019327"
"chr5","73027817","73028135","chr16","77845717","77846027","58","4817900"
"chr5","73044354","73044639","chr12","51888773","51889064","47","21155581"
"chr5","73092134","73092428","chr3","138105261","138105559","41","65013127"
"chr5","73141875","73142185","chr1","139847840","139848147","53","66705965"
"chr5","73153631","73153915","chr7","137412984","137413261","47","64259353"
"chr5","73166762","73167061","chr14","915738","916038","39","72251024"
"chr5","73258263","73258568","chr7","70074333","70074637","47","3183930"
"chr5","73327120","73327418","chr3","95007776","95008084","53","21680656"
"chr5","73432741","73433049","chr18","2673991","2674299","44","70758750"
"chr5","73490457","73490498","chrX","134988207","134988249","5","61497750"
"chr5","73553026","73553324","chr7","70375823","70376126","56","3177203"
"chr5","73558332","73558643","chr6","132892402","132892703","61","59334070"
"chr5","73698011","73698321","chr4","108266511","108266818","53","34568500"
"chr5","73873373","73873690","chr19","42380479","42380792","57","31492894"
"chr5","73927973","73928285","chr2","1940205","1940517","61","71987768"
"chr5","74027450","74027750","chr14","97354104","97354405","40","23326654"
"chr5","74061224","74061503","chr1","148438931","148439211","45","74377707"
"chr5","74122640","74122927","chr5","93075725","93076019","47","18953085"
"chr5","74269404","74269712","chr5","55380182","55380490","33","18889222"
"chr5","74282583","74282679","chr1","160251075","160251170","14","85968492"
"chr5","74333558","74333864","chr5","55380182","55380490","46","18953376"
"chr5","74335721","74336033","chr12","11717378","11717692","63","62618343"
"chr5","74355614","74355925","chr5","2193404","2193714","48","72162210"
"chr5","74360747","74361062","chr10","41485100","41485371","81","32875647"
"chr5","74361438","74361706","chr1","141513493","141513763","48","67152055"
"chr5","74365233","74365517","chr3","139417078","139417364","40","65051845"
"chr5","74419466","74419771","chr9","101210178","101210488","47","26790712"
"chr5","74429300","74429610","chr3","139467381","139467679","47","65038081"
"chr5","74433032","74433344","chr2","67979125","67979430","68","6453907"
"chr5","74467525","74467837","chr3","139506235","139506556","57","65038710"
"chr5","74518105","74518412","chr1","199360645","199360948","60","124842540"
"chr5","74620539","74620822","chr3","139634987","139635284","44","65014448"
"chr5","74671089","74671363","chr3","139702714","139702985","35","65031625"
"chr5","74849594","74849903","chrX","50761108","50761416","53","24088486"
"chr5","74909913","74910205","chr9","26056348","26056642","48","48853565"
"chr5","75033465","75033783","chr7","58381579","58381882","64","16651886"
"chr5","75094246","75094556","chr5","73075939","73076252","43","2018307"
"chr5","75132872","75133155","chr2","8685837","8686130","56","66447035"
"chr5","75154298","75154581","chr3","140162978","140163258","48","65008680"
"chr5","75199334","75199692","chr4","34136774","34137087","86","41062560"
"chr5","75242168","75242454","chr11","118091417","118091705","43","42849249"
"chr5","75300554","75300857","chr8","115903141","115903445","54","40602587"
"chr5","75307763","75307817","chr10","128535005","128535062","6","53227242"
"chr5","75441709","75442024","chr20","11116785","11117096","51","64324924"
"chr5","75542530","75542646","chr8","74203698","74203811","16","1338832"
"chr5","75862469","75862765","chr7","25925292","25925587","47","49937177"
"chr5","75863069","75863199","chr9","59190391","59190517","26","16672678"
"chr5","75918853","75919127","chr4","21633866","21634152","51","54284987"
"chr5","76142771","76143077","chr10","101815315","101815616","55","25672544"
"chr5","76240189","76240370","chr3","182282770","182282939","41","106042581"
"chr5","76352667","76352950","chr13","26334915","26335201","52","50017752"
"chr5","76374471","76374802","chr9","14741601","14741895","82","61632870"
"chr5","76456899","76457208","chr5","91678600","91678912","59","15221701"
"chr5","77190552","77190836","chr3","108413531","108413816","53","31222979"
"chr5","77215972","77216286","chr14","32553436","32553738","61","44662536"
"chr5","77954525","77954796","chr1","100038855","100039129","53","22084330"
"chr5","78047465","78047744","chr8","72591503","72591782","46","5455962"
"chr5","78116942","78116987","chr5","94690104","94690150","2","16573162"
"chr5","78172561","78172866","chr9","25525997","25526295","56","52646564"
"chr5","78265878","78266165","chr3","149325428","149325723","45","71059550"
"chr5","78293494","78293799","chr12","87400084","87400394","47","9106590"
"chr5","78299920","78300220","chr3","71082107","71082409","48","7217813"
"chr5","78401256","78401570","chr2","12763386","12763696","62","65637870"
"chr5","78406241","78406540","chr3","107213898","107214190","42","28807657"
"chr5","78425630","78425929","chr9","25525997","25526295","43","52899633"
"chr5","78432591","78432891","chr3","107192880","107193184","38","28760289"
"chr5","78434259","78434551","chr2","8737193","8737485","59","69697066"
"chr5","78447163","78447439","chr3","150134498","150134774","50","71687335"
"chr5","78486237","78486533","chr3","107128322","107128621","47","28642085"
"chr5","78495396","78495702","chr5","116663888","116664187","48","38168492"
"chr5","78502994","78503300","chr8","26699415","26699723","46","51803579"
"chr5","78540081","78540155","chr21","38673844","38673917","13","39866237"
"chr5","78608310","78608638","chr3","107010654","107010972","57","28402344"
"chr5","78705986","78706255","chr2","69851626","69851890","69","8854360"
"chr5","78722088","78722415","chr9","35861462","35861781","55","42860626"
"chr5","78749676","78749955","chr2","129078851","129079134","47","50329175"
"chr5","78804868","78805156","chr9","39953667","39953955","44","38851201"
"chr5","78816164","78816484","chr6","75230350","75230656","49","3585814"
"chr5","78816697","78817008","chrX","51770091","51770403","48","27046606"
"chr5","78832766","78833072","chr8","107487802","107488097","48","28655036"
"chr5","78850891","78851194","chr3","106761545","106761848","51","27910654"
"chr5","78880292","78880587","chr14","81589453","81589747","38","2709161"
"chr5","78883499","78883810","chr4","68873266","68873577","53","10010233"
"chr5","78980545","78980853","chr3","106623069","106623373","40","27642524"
"chr5","79035600","79035856","chr3","106564757","106565021","37","27529157"
"chr5","79057743","79058049","chr11","22994754","22995044","47","56062989"
"chr5","79082863","79083157","chr1","170771447","170771746","44","91688584"
"chr5","79194812","79195104","chr7","87412264","87412555","53","8217452"
"chr5","79260170","79260230","chr2","201616508","201616566","9","122356338"
"chr5","79378878","79379180","chr10","1666053","1666355","52","77712825"
"chr5","79406030","79406135","chr12","106627679","106627797","28","27221649"
"chr5","79423169","79423472","chr14","76157685","76157986","43","3265484"
"chr5","79480870","79480967","chr4","13719104","13719198","30","65761766"
"chr5","79487066","79487361","chr4","117242642","117242941","50","37755576"
"chr5","79547212","79547523","chr3","117540807","117541109","52","37993595"
"chr5","79577105","79577398","chr3","106011472","106011765","34","26434367"
"chr5","79584690","79584982","chr3","106003838","106004124","49","26419148"
"chr5","79586691","79586994","chr3","106001393","106001688","40","26414702"
"chr5","79604614","79604916","chrX","46819628","46819925","50","32784986"
"chr5","79638152","79638446","chr2","79163927","79164211","61","474225"
"chr5","79638828","79639113","chr20","13023485","13023768","44","66615343"
"chr5","79668143","79668411","chr9","58102610","58102877","50","21565533"
"chr5","79671291","79671595","chr4","53271664","53271970","59","26399627"
"chr5","79709147","79709436","chr3","105881571","105881850","47","26172424"
"chr5","79712309","79712592","chr3","33671294","33671571","58","46041015"
"chr5","79729848","79730151","chr1","155118579","155118883","47","75388731"
"chr5","79773527","79773801","chr3","105833550","105833831","49","26060023"
"chr5","79888120","79888415","chr6","119011301","119011592","53","39123181"
"chr5","79947480","79947653","chr22","14659332","14659511","27","65288148"
"chr5","79948220","79948536","chr6","21930692","21931000","51","58017528"
"chr5","79952812","79953105","chr10","60607843","60608138","39","19344969"
"chr5","79953616","79953886","chr10","32571653","32571925","57","47381963"
"chr5","79965790","79966086","chr9","101936901","101937198","54","21971111"
"chr5","79999820","79999997","chr5","129510075","129510251","46","49510255"
"chr5","80029740","80030066","chrX","64172412","64172721","66","15857328"
"chr5","80112918","80113080","chr8","58812455","58812617","28","21300463"
"chr5","80114116","80114419","chr3","105455264","105455570","54","25341148"
"chr5","80141042","80141358","chr3","105190709","105191021","64","25049667"
"chr5","80229347","80229478","chr11","120625719","120625851","16","40396372"
"chr5","80371857","80372162","chr14","32553436","32553738","44","47818421"
"chr5","80395232","80395536","chr2","81787924","81788225","43","1392692"
"chr5","80408794","80409095","chr7","70375823","70376126","41","10032971"
"chr5","80514401","80514700","chr3","105031722","105032022","46","24517321"
"chr5","80546939","80547228","chr4","137135438","137135728","42","56588499"
"chr5","80559797","80560101","chr3","104974404","104974712","38","24414607"
"chr5","80849512","80849804","chr3","104666791","104667070","45","23817279"
"chr5","81095632","81095927","chr2","13919309","13919605","49","67176323"
"chr5","81160574","81160891","chr3","104305755","104306066","53","23145181"
"chr5","81167029","81167318","chr1","170703829","170704129","61","89536800"
"chr5","81239060","81239335","chr3","104223475","104223764","51","22984415"
"chr5","81654023","81654305","chr3","103755044","103755315","47","22101021"
"chr5","81833009","81833305","chrUn_GL286217","143262","143564","56","81689747"
"chr5","81953362","81953661","chr22","32283805","32284102","54","49669557"
"chr5","82129412","82129719","chr2","146982644","146982948","50","64853232"
"chr5","82699772","82700059","chr16","14061211","14061502","53","68638561"
"chr5","82965002","82965224","chr9","54287512","54287742","49","28677490"
"chr5","83138266","83138565","chr3","117540807","117541109","61","34402541"
"chr5","83331793","83332088","chr12","18198270","18198564","54","65133523"
"chr5","83557051","83557339","chr2","1572464","1572757","52","81984587"
"chr5","83678084","83678392","chrX","14757652","14757955","49","68920432"
"chr5","83887110","83887413","chr3","101523111","101523420","49","17636001"
"chr5","83903708","83903994","chr3","101502144","101502431","48","17598436"
"chr5","84097762","84098061","chrX","18792074","18792375","57","65305688"
"chr5","84098145","84098185","chr13","73828435","73828479","9","10269710"
"chr5","84195881","84196165","chr5","8282348","8282619","52","75913533"
"chr5","84499131","84499413","chr3","151198431","151198726","57","66699300"
"chr5","84535888","84536191","chr15","61826239","61826536","54","22709649"
"chr5","84645747","84646065","chr5","114223635","114223941","61","29577888"
"chr5","84806504","84806817","chr9","40113351","40113661","54","44693153"
"chr5","84838796","84839096","chr2","203225383","203225677","60","118386587"
"chr5","84954187","84954430","chr6","22652998","22653243","44","62301189"
"chr5","85071743","85072044","chr22","9283889","9284180","55","75787854"
"chr5","85108881","85109186","chr1","81791834","81792125","61","3317047"
"chr5","85119940","85120174","chr3","100267410","100267644","22","15147470"
"chr5","85354665","85354766","chr4","71903359","71903457","16","13451306"
"chr5","85376916","85377084","chr7","54890927","54891096","38","30485989"
"chr5","85535881","85536185","chr12","54227070","54227394","67","31308811"
"chr5","85620354","85620661","chr3","99777185","99777492","50","14156831"
"chr5","85625633","85625939","chr10","117111097","117111400","50","31485464"
"chr5","85658201","85658321","chr3","165521879","165521997","20","79863678"
"chr5","85690344","85690627","chr7","53679574","53679859","45","32010770"
"chr5","85712929","85713237","chr2","1940205","1940517","55","83772724"
"chr5","85742136","85742430","chr7","56296910","56297210","56","29445226"
"chr5","85766227","85766542","chr3","99631475","99631787","51","13865248"
"chr5","85847349","85847637","chr7","46337695","46337981","45","39509654"
"chr5","85885935","85886232","chr10","80449759","80450058","43","5436176"
"chr5","85964627","85964920","chr19","23703813","23704099","50","62260814"
"chr5","86004067","86004206","chr3","99365651","99365791","25","13361584"
"chr5","86106347","86106655","chrX","17705039","17705341","49","68401308"
"chr5","86265789","86266077","chr1","116618974","116619261","51","30353185"
"chr5","86295093","86295178","chr5","40279234","40279320","11","46015859"
"chr5","86422874","86423164","chr12","108797245","108797536","56","22374371"
"chr5","86546670","86546890","chr11","127485095","127485317","40","40938425"
"chr5","86580619","86580907","chr5","11662865","11663166","63","74917754"
"chr5","86610785","86611035","chr8","93750596","93750840","51","7139811"
"chr5","87087122","87087440","chr3","98232727","98233038","52","11145605"
"chr5","87093279","87093543","chr3","106564757","106565021","47","19471478"
"chr5","87159916","87159989","chr4","93545654","93545728","21","6385738"
"chr5","87186770","87187071","chr3","98129428","98129736","55","10942658"
"chr5","87212004","87212285","chr17","45265467","45265743","51","41946537"
"chr5","87493220","87493500","chr1","65119726","65120013","48","22373494"
"chr5","88002192","88002483","chr3","151198431","151198726","48","63196239"
"chr5","88057508","88057792","chr4","47729514","47729797","52","40327994"
"chr5","88160093","88160359","chr9","12500933","12501198","54","75659160"
"chr5","88329059","88329320","chr22","13594896","13595155","75","74734163"
"chr5","88580670","88580956","chr1","186610138","186610422","46","98029468"
"chr5","89115698","89115996","chr9","53035585","53035884","52","36080113"
"chr5","89339341","89339653","chr9","101210178","101210488","59","11870837"
"chr5","89364543","89364784","chr14","46490628","46490868","60","42873915"
"chr5","89379637","89379920","chr3","95822692","95822982","60","6443055"
"chr5","89565684","89565969","chr2","131501585","131501869","46","41935901"
"chr5","89586905","89587192","chr13","61026131","61026415","44","28560774"
"chr5","89617253","89617528","chr3","95548143","95548399","47","5930890"
"chr5","89640895","89641196","chr2","147728720","147729015","46","58087825"
"chr5","89659815","89659917","chr22","16253908","16254014","13","73405907"
"chr5","89670138","89670435","chr3","95471944","95472248","51","5801806"
"chr5","89737088","89737388","chr3","95385257","95385553","56","5648169"
"chr5","89750749","89751064","chr22","44583446","44583761","64","45167303"
"chr5","89871178","89871488","chr3","95253645","95253951","38","5382467"
"chr5","89945510","89945798","chr1","116618974","116619261","46","26673464"
"chr5","90062956","90063233","chr5","72712443","72712712","47","17350513"
"chr5","90175873","90176173","chr5","154084537","154084834","45","63908664"
"chr5","90208655","90208927","chr3","94829738","94830010","43","4621083"
"chr5","90210071","90210260","chr1","160857122","160857307","31","70647051"
"chr5","90263633","90263904","chr5","23586109","23586386","47","66677524"
"chr5","90306725","90306920","chr1","10436776","10436954","51","79869949"
"chr5","90319486","90319808","chr5","73075939","73076252","56","17243547"
"chr5","90323345","90323655","chr3","94716258","94716554","50","4392913"
"chr5","90400436","90400744","chr3","94660248","94660555","48","4259812"
"chr5","90424295","90424612","chr3","94621668","94621974","42","4197373"
"chr5","90436352","90436649","chr5","122404661","122404952","48","31968309"
"chr5","91225450","91225754","chr2","150624041","150624344","48","59398591"
"chr5","91297582","91297856","chr8","6469512","6469784","49","84828070"
"chr5","91785941","91786256","chr3","93258635","93258940","52","1472694"
"chr5","92035495","92035802","chr2","153267314","153267618","52","61231819"
"chr5","92169307","92169486","chr7","51170784","51170961","30","40998523"
"chr5","92174093","92174368","chr7","70026013","70026284","54","22148080"
"chr5","92378769","92379075","chr7","79082583","79082878","47","13296186"
"chr5","92401265","92401554","chr1","117030088","117030382","51","24628823"
"chr5","92485965","92486078","chr10","13191658","13191781","24","79294307"
"chr5","92651060","92651351","chr3","92401293","92401595","48","249767"
"chr5","92676337","92676601","chr2","33495117","33495388","46","59181220"
"chr5","92944520","92944600","chr5","27165175","27165259","22","65779345"
"chr5","93015613","93015916","chr9","99956407","99956710","53","6940794"
"chr5","93022375","93022672","chr7","25925292","25925587","40","67097083"
"chr5","93049111","93049401","chr7","30907560","30907847","43","62141551"
"chr5","93089612","93089912","chr19","12576584","12576886","52","80513028"
"chr5","93171132","93171411","chr2","131892325","131892610","51","38721193"
"chr5","93177623","93177944","chr6","22626079","22626390","68","70551544"
"chr5","93213265","93213574","chr2","39815620","39815927","54","53397645"
"chr5","93351981","93352220","chr3","91650526","91650770","33","1701455"
"chr5","93533498","93533790","chr4","17932948","17933234","55","75600550"
"chr5","93564437","93564560","chr21","34489551","34489669","27","59074886"
"chr5","93686086","93686381","chr7","25925292","25925587","46","67760794"
"chr5","93704551","93704852","chr3","91276124","91276420","45","2428427"
"chr5","93830745","93830878","chr2","6081076","6081211","22","87749669"
"chr5","94144588","94144758","chr9","18501585","18501751","33","75643003"
"chr5","94184673","94184880","chr3","178398687","178398894","32","84214014"
"chr5","94193138","94193436","chr5","106626420","106626712","60","12433282"
"chr5","94200434","94200714","chr11","106919610","106919900","53","12719176"
"chr5","94217648","94217829","chr3","90775162","90775335","27","3442486"
"chr5","94224867","94225175","chr1","152797536","152797841","55","58572669"
"chr5","94242924","94243069","chr3","90753132","90753287","24","3489792"
"chr5","94277998","94278285","chr10","43352421","43352704","45","50925577"
"chr5","94528077","94528199","chr7","75386629","75386754","24","19141448"
"chr5","94547358","94547670","chr11","28125301","28125613","48","66422057"
"chr5","94614402","94614710","chr9","124140854","124141134","76","29526452"
"chr5","94985154","94985482","chr4","70811328","70811628","82","24173826"
"chr5","95018556","95018849","chr7","97072023","97072313","51","2053467"
"chr5","95031592","95031881","chr5","112420913","112421191","59","17389321"
"chr5","95234835","95235137","chr4","139259106","139259407","50","44024271"
"chr5","95362948","95363235","chr12","26480320","26480605","46","68882628"
"chr5","95463627","95463931","chr3","89644598","89644908","53","5819029"
"chr5","95504225","95504504","chr3","89581404","89581688","42","5922821"
"chr5","95791515","95791659","chr7","45919291","45919435","27","49872224"
"chr5","95898132","95898417","chr2","14449376","14449663","43","81448756"
"chr5","96088756","96088819","chr1","192937716","192937777","6","96848960"
"chr5","96398566","96398830","chr9","38553376","38553641","49","57845190"
"chr5","96399748","96400041","chr3","88525087","88525382","43","7874661"
"chr5","96420390","96420593","chr8","11528826","11529026","33","84891564"
"chr5","96514918","96515225","chr21","24152280","24152591","50","72362638"
"chr5","96535917","96536213","chr9","25620339","25620622","59","70915578"
"chr5","96645017","96645319","chr3","117540807","117541109","54","20895790"
"chr5","96681315","96681603","chr8","27973324","27973613","49","68707991"
"chr5","96707677","96707995","chr5","55380182","55380490","55","41327495"
"chr5","96741570","96741718","chr15","61806714","61806849","32","34934856"
"chr5","96813720","96814015","chr1","37319818","37320111","58","59493902"
"chr5","96840991","96841082","chr16","13236389","13236481","13","83604602"
"chr5","96946240","96946545","chr4","139259106","139259407","48","42312866"
"chr5","96979893","96980204","chr3","87975855","87976155","49","9004038"
"chr5","97087676","97087968","chr18","33021056","33021339","50","64066620"
"chr5","97117016","97117238","chr3","87811040","87811279","45","9305976"
"chr5","97158925","97159240","chr15","61609668","61609978","59","35549257"
"chr5","97192656","97192864","chr8","92369611","92369796","59","4823045"
"chr5","97193031","97193153","chr16","50539691","50539814","18","46653340"
"chr5","97194736","97194791","chr7","54819198","54819253","8","42375538"
"chr5","97390313","97390609","chr8","72960841","72961131","52","24429472"
"chr5","97595303","97595615","chr18","2673991","2674299","47","94921312"
"chr5","97618683","97618966","chr3","87213955","87214234","43","10404728"
"chr5","97620615","97620795","chr16","19752551","19752729","27","77868064"
"chr5","98344285","98344564","chr3","86496942","86497242","53","11847343"
"chr5","98551176","98551483","chr3","86263446","86263744","55","12287730"
"chr5","98628195","98628500","chr7","46717689","46717990","48","51910506"
"chr5","98935868","98936178","chr9","8917016","8917322","55","90018852"
"chr5","99044861","99045159","chr3","85704870","85705166","35","13339991"
"chr5","99045989","99046292","chr3","85703770","85704077","45","13342219"
"chr5","99086485","99086780","chr13","26490717","26491011","42","72595768"
"chr5","99092473","99092719","chr2","31338262","31338514","50","67754211"
"chr5","99118195","99118510","chr10","48321055","48321354","59","50797140"
"chr5","99244118","99244411","chr3","85547694","85547981","34","13696424"
"chr5","99299206","99299513","chr4","54370195","54370493","48","44929011"
"chr5","99348921","99349178","chr8","105549929","105550192","50","6201008"
"chr5","99410434","99410741","chr20","8241787","8242100","59","91168647"
"chr5","99699750","99700037","chr3","85122303","85122600","48","14577447"
"chr5","99770676","99770986","chr4","110593891","110594192","50","10823215"
"chr5","99783314","99783618","chr5","85529097","85529385","60","14254217"
"chr5","99789025","99789079","chr15","39531639","39531695","7","60257386"
"chr5","99839737","99840025","chr2","2218970","2219260","47","97620767"
"chr5","99849502","99849801","chr5","61409167","61409457","44","38440335"
"chr5","99946866","99947169","chr2","153267314","153267618","53","53320448"
"chr5","99950463","99950757","chr7","44689617","44689912","38","55260846"
"chr5","100209078","100209382","chr12","93096942","93097222","56","7112136"
"chr5","100238898","100239185","chr3","121868532","121868817","57","21629634"
"chr5","100256975","100257145","chr2","131975596","131975772","31","31718621"
"chr5","100257291","100257426","chr4","9872496","9872626","21","90384795"
"chr5","100354650","100354933","chr3","84531200","84531479","40","15823450"
"chr5","100418139","100418422","chr5","119334106","119334386","63","18915967"
"chr5","100643545","100643845","chr1","83536268","83536570","47","17107277"
"chr5","100689558","100689863","chr6","18728252","18728558","43","81961306"
"chr5","100845710","100846034","chrX","38848777","38849093","60","61996933"
"chr5","100855139","100855436","chr3","5858349","5858646","49","94996790"
"chr5","101042624","101042926","chr4","54370195","54370493","51","46672429"
"chr5","101092785","101093071","chr14","33929525","33929816","48","67163260"
"chr5","101178097","101178413","chr12","55072261","55072571","49","46105836"
"chr5","101234916","101235200","chr12","51888773","51889064","43","49346143"
"chr5","101313392","101313687","chr5","80121277","80121568","60","21192115"
"chr5","101320215","101320516","chr12","22291772","22292077","51","79028443"
"chr5","101337831","101338139","chr12","37179701","37180010","56","64158130"
"chr5","101375126","101375426","chr4","54370195","54370493","45","47004931"
"chr5","101406333","101406642","chr10","20863520","20863828","49","80542813"
"chr5","101414162","101414452","chr2","150624041","150624344","53","49209879"
"chr5","101525833","101526114","chr6","144117951","144118230","44","42592118"
"chr5","101665363","101665642","chr1","148438931","148439211","46","46773568"
"chr5","101795339","101795592","chr6","83428477","83428728","53","18366862"
"chr5","101996858","101997147","chr3","82834862","82835144","49","19161996"
"chr5","102150988","102151266","chr3","82671870","82672144","64","19479118"
"chr5","103211860","103212166","chr10","59014810","59015115","43","44197050"
"chr5","103238601","103238850","chr3","81526042","81526293","43","21712559"
"chr5","103249991","103250302","chr12","19109324","19109628","63","84140667"
"chr5","103377747","103378056","chr15","24029162","24029466","54","79348585"
"chr5","103437084","103437397","chr19","7863583","7863885","47","95573501"
"chr5","103437992","103438306","chr7","70375823","70376126","54","33062169"
"chr5","103453843","103454154","chr1","210193116","210193409","59","106739273"
"chr5","103455469","103455638","chr3","81295512","81295681","27","22159957"
"chr5","103626076","103626355","chr2","94796166","94796443","47","8829910"
"chr5","103657470","103657787","chr3","81035191","81035484","48","22622279"
"chr5","103661496","103661803","chr3","81030658","81030953","47","22630838"
"chr5","103686992","103687234","chr7","47053043","47053292","48","56633949"
"chr5","103837980","103838034","chr7","67263103","67263151","8","36574877"
"chr5","103852951","103853239","chr2","10591091","10591384","41","93261860"
"chr5","103861731","103862038","chr3","80828790","80829094","40","23032941"
"chr5","103863963","103864258","chr1","170771447","170771746","47","66907484"
"chr5","103906413","103906730","chr12","78919016","78919323","53","24987397"
"chr5","103950771","103951055","chr1","41686123","41686409","59","62264648"
"chr5","103956273","103956554","chr6","77478235","77478517","64","26478038"
"chr5","103975861","103976159","chr12","20230563","20230858","47","83745298"
"chr5","104016447","104016677","chr15","62047569","62047796","43","41968878"
"chr5","104019635","104019908","chr22","27834891","27835161","48","76184744"
"chr5","104541938","104542238","chr9","101210178","101210488","47","3331760"
"chr5","104573571","104573858","chr1","103493366","103493665","53","1080205"
"chr5","104685754","104686053","chrX","16102878","16103172","44","88582876"
"chr5","104788071","104788347","chr8","101720682","101720961","58","3067389"
"chr5","104809015","104809307","chr4","71933212","71933503","52","32875803"
"chr5","104820705","104820993","chr8","28184530","28184828","68","76636175"
"chr5","105051444","105051736","chr3","79631309","79631590","59","25420135"
"chr5","105052204","105052493","chr19","35779479","35779770","39","69272725"
"chr5","105119497","105119603","chr2","112082686","112082786","26","6963189"
"chr5","105434171","105434342","chr3","79289017","79289178","39","26145154"
"chr5","105679012","105679054","chr1","182463440","182463482","5","76784428"
"chr5","105773909","105774194","chr7","155162191","155162474","53","49388282"
"chr5","105839574","105839830","chr3","78889990","78890246","37","26949584"
"chr5","105967366","105967663","chr3","78762049","78762352","53","27205317"
"chr5","107145379","107145680","chr20","9074667","9074971","52","98070712"
"chr5","107463259","107463527","chr13","97658378","97658641","60","9804881"
"chr5","107494180","107494481","chr13","95853421","95853719","59","11640759"
"chr5","107569973","107570087","chr22","13322443","13322550","20","94247530"
"chr5","107570183","107570365","chr5","110037287","110037463","39","2467104"
"chr5","108099286","108099573","chr3","76645033","76645323","57","31454253"
"chr5","108201107","108201410","chr3","48450700","48451011","56","59750407"
"chr5","108317572","108317855","chr2","168746494","168746768","57","60428922"
"chr5","108439476","108439737","chr5","127456328","127456600","67","19016852"
"chr5","108608239","108608536","chr18","32054499","32054799","49","76553740"
"chr5","108795787","108795969","chr20","2042129","2042307","28","106753658"
"chr5","108863217","108863509","chr3","142600603","142600893","54","33737386"
"chr5","109452004","109452316","chr1","69367000","69367307","62","40085004"
"chr5","109486437","109486730","chr4","71933212","71933503","39","37553225"
"chr5","109541100","109541365","chr1","186610138","186610422","55","77069038"
"chr5","109629991","109630299","chr2","187502578","187502887","65","77872587"
"chr5","109810133","109810401","chrX","52241701","52241982","52","57568432"
"chr5","109900245","109900335","chr5","27483242","27483331","14","82417003"
"chr5","109932793","109933098","chrUn_GL286217","143262","143564","54","109789531"
"chr5","110042214","110042506","chr3","74674307","74674587","45","35367907"
"chr5","110108958","110109257","chr5","93075725","93076019","49","17033233"
"chr5","110253054","110253356","chr3","74451502","74451805","61","35801552"
"chr5","110441457","110441505","chrX","925295","925342","8","109516162"
"chr5","110475898","110476203","chr6","48814191","48814491","46","61661707"
"chr5","110649527","110649836","chr2","150624041","150624344","44","39974514"
"chr5","111430390","111430472","chr1","155360262","155360344","13","43929872"
"chr5","111577932","111578227","chr2","67847090","67847384","55","43730842"
"chr5","111608119","111608401","chr2","134890220","134890504","48","23282101"
"chr5","111663470","111663769","chr20","23531081","23531379","52","88132389"
"chr5","111853809","111853981","chr9","24638337","24638511","27","87215472"
"chr5","111889413","111889705","chr3","72834185","72834472","40","39055228"
"chr5","112019396","112019607","chr3","178398687","178398894","37","66379291"
"chr5","112046580","112046632","chr9","58005342","58005393","4","54041238"
"chr5","112361115","112361417","chr3","137765728","137766006","74","25404613"
"chr5","112400138","112400237","chr1","160251075","160251170","16","47850937"
"chr5","112418721","112418989","chr12","89964708","89964966","62","22454013"
"chr5","112542536","112542844","chr3","72143873","72144175","47","40398663"
"chr5","112635804","112635881","chr2","137031574","137031654","11","24395770"
"chr5","112640376","112640691","chr3","72021440","72021741","42","40618936"
"chr5","112721165","112721474","chr5","802010","802319","45","111919155"
"chr5","112763284","112763377","chr13","50026659","50026748","28","62736625"
"chr5","112885014","112885168","chr20","42041370","42041520","24","70843644"
"chr5","113085380","113085630","chrX","45890322","45890557","81","67195058"
"chr5","113091335","113091636","chr3","71523055","71523355","50","41568280"
"chr5","113218483","113218642","chr22","8461501","8461657","32","104756982"
"chr5","113330360","113330656","chr3","71285921","71286227","45","42044439"
"chr5","113411585","113411879","chr6","144170408","144170699","50","30758823"
"chr5","113461001","113461285","chr5","72712443","72712712","56","40748558"
"chr5","113505865","113506017","chr3","71130700","71130841","40","42375165"
"chr5","113552796","113553095","chr3","71082107","71082409","43","42470689"
"chr5","113561877","113562181","chr2","71331505","71331809","50","42230372"
"chr5","113569543","113569846","chr9","101824101","101824404","58","11745442"
"chr5","113699247","113699561","chr2","1940205","1940517","57","111759042"
"chr5","113929761","113930024","chr5","45093295","45093570","56","68836466"
"chr5","113930308","113930348","chr8","97260104","97260146","14","16670204"
"chr5","114061079","114061367","chr3","70628399","70628690","48","43432680"
"chr5","114131726","114132016","chr4","25746204","25746495","45","88385522"
"chr5","114199778","114200086","chrX","91853137","91853442","51","22346641"
"chr5","114314611","114314903","chr3","70356082","70356373","50","43958529"
"chr5","114434996","114435069","chr5","92528200","92528272","9","21906796"
"chr5","114541570","114541859","chr7","85080523","85080815","44","29461047"
"chr5","114980168","114980464","chr3","71082107","71082409","54","43898061"
"chr5","115045485","115045755","chr19","16475556","16475825","65","98569929"
"chr5","115360531","115360800","chr12","89881356","89881627","57","25479175"
"chr5","115522775","115523034","chr8","11409182","11409439","54","104113593"
"chr5","115933149","115933460","chr15","20202240","20202546","55","95730909"
"chr5","115965837","115966113","chr3","68518707","68518987","58","47447130"
"chr5","116227141","116227416","chr18","2627495","2627769","47","113599646"
"chr5","116736969","116737268","chr1","135371826","135372122","49","18634857"
"chr5","116952330","116952663","chr15","32495325","32495639","84","84457005"
"chr5","117218945","117219076","chr5","121170893","121171026","21","3951948"
"chr5","117404177","117404482","chr4","139259106","139259407","46","21854929"
"chr5","117408449","117408744","chr2","130993805","130994105","49","13585356"
"chr5","117572327","117572430","chr5","43376895","43376998","19","74195432"
"chr5","118016673","118016840","chr3","91398887","91399051","40","26617786"
"chr5","118044685","118044944","chrX","62971346","62971614","57","55073339"
"chr5","118223288","118223603","chr5","78565303","78565608","55","39657985"
"chr5","118304077","118304376","chr2","147728720","147729015","45","29424643"
"chr5","118331906","118332206","chr13","39988031","39988324","51","78343875"
"chr5","118338480","118338558","chr8","29580748","29580828","16","88757732"
"chr5","118363054","118363317","chr3","66007371","66007643","42","52355683"
"chr5","118391668","118391960","chr19","35779479","35779770","43","82612189"
"chr5","118511226","118511510","chr5","139889919","139890213","49","21378693"
"chr5","118513382","118513673","chr6","119011301","119011592","46","497919"
"chr5","118592707","118592957","chr3","65631509","65631761","28","52961198"
"chr5","118627900","118628201","chr10","90399593","90399894","49","28228307"
"chr5","118653597","118653840","chr15","74237624","74237869","43","44415973"
"chr5","118660543","118660829","chr3","19993966","19994253","43","98666577"
"chr5","118662822","118663121","chr7","66415134","66415432","46","52247688"
"chr5","118665029","118665341","chrX","63118288","63118597","54","55546741"
"chr5","118687330","118687626","chr3","65528700","65529004","48","53158630"
"chr5","118704216","118704463","chr10","125077149","125077394","47","6372933"
"chr5","118709483","118709634","chr4","48642084","48642241","31","70067399"
"chr5","118779624","118779911","chr4","31195106","31195401","54","87584518"
"chr5","118784917","118785226","chr3","65398535","65398835","50","53386382"
"chr5","118793858","118794166","chr3","65386618","65386907","52","53407240"
"chr5","118883979","118884276","chr1","79222699","79223004","56","39661280"
"chr5","118917361","118917613","chr3","65247656","65247906","33","53669705"
"chr5","118999924","119000000","chr11","75962892","75962970","12","43037032"
"chr5","119012780","119013081","chr3","65132443","65132745","41","53880337"
"chr5","119076991","119077300","chr3","65061055","65061364","36","54015936"
"chr5","119130015","119130311","chrX","17450927","17451220","42","101679088"
"chr5","119330090","119330381","chr19","22056417","22056707","39","97273673"
"chr5","119344941","119345224","chr10","100408257","100408540","45","18936684"
"chr5","119462641","119462910","chr3","64582430","64582673","57","54880211"
"chr5","119466554","119466858","chr3","64577598","64577900","53","54888956"
"chr5","119630775","119631079","chr3","64412502","64412792","47","55218273"
"chr5","119701033","119701328","chr5","52792089","52792371","55","66908944"
"chr5","119720162","119720423","chr3","64221450","64221713","51","55498712"
"chr5","120031692","120031854","chr15","19705142","19705304","34","100326550"
"chr5","120031855","120031881","chr9","41933866","41933887","10","78097989"
"chr5","120032589","120032701","chr5","120243408","120243519","18","210819"
"chr5","120034261","120034546","chr3","63867000","63867297","54","56167261"
"chr5","120040147","120040454","chr12","117379155","117379465","56","2660992"
"chr5","120229668","120229960","chr3","118139040","118139328","45","2090628"
"chr5","120279027","120279319","chr3","63602592","63602885","43","56676435"
"chr5","120502599","120502904","chr4","44576155","44576457","53","75926444"
"chr5","120961173","120961298","chr7","72501851","72501979","23","48459322"
"chr5","121012046","121012341","chr2","8717285","8717578","54","112294761"
"chr5","121122194","121122523","chr4","132055862","132056190","49","10933668"
"chr5","121141316","121141598","chr3","62688532","62688821","58","58452784"
"chr5","121359603","121359879","chr3","62213674","62213961","59","59145929"
"chr5","121425200","121425476","chr9","111004423","111004700","53","10420777"
"chr5","121458760","121459055","chr5","158518457","158518746","53","37059697"
"chr5","121470627","121470916","chr5","52276617","52276902","57","69194010"
"chr5","121508548","121508652","chr5","61488662","61488776","26","60019886"
"chr5","121552478","121552776","chr13","31674057","31674352","52","89878421"
"chr5","121556690","121556849","chr14","80704281","80704440","31","40852409"
"chr5","121888252","121888561","chr5","73075939","73076252","62","48812313"
"chr5","121965458","121965768","chr3","61652311","61652626","39","60313147"
"chr5","122897294","122897571","chrX","40344797","40345081","57","82552497"
"chr5","123004108","123004370","chr8","105549929","105550192","45","17454179"
"chr5","123028284","123028460","chr10","63802477","63802648","31","59225807"
"chr5","123144494","123144571","chr6","26720557","26720628","18","96423937"
"chr5","123215350","123215617","chr19","19413716","19413972","56","103801634"
"chr5","123463807","123464103","chr16","46721249","46721542","52","76742558"
"chr5","123730759","123731034","chr14","34447912","34448185","61","89282847"
"chr5","124083214","124083514","chr22","5265518","5265816","61","118817696"
"chr5","124477000","124477278","chr2","56737217","56737496","56","67739783"
"chr5","124495865","124496152","chr5","86768130","86768415","43","37727735"
"chr5","124618363","124618640","chrUn_GL286373","1580569","1580846","59","123037794"
"chr5","124778211","124778490","chr12","85415394","85415676","50","39362817"
"chr5","124803150","124803241","chr3","92794032","92794122","23","32009118"
"chr5","124868754","124868797","chr1","182463440","182463482","4","57594686"
"chr5","125446836","125446958","chr2","56390550","56390673","24","69056286"
"chr5","125599242","125599537","chr3","173714798","173715093","48","48115556"
"chr5","125682418","125682720","chr2","52679343","52679626","79","73003075"
"chr5","125790803","125791068","chr3","57735313","57735586","69","68055490"
"chr5","126319950","126320103","chr5","115369460","115369611","32","10950490"
"chr5","126614895","126614996","chr3","41268370","41268479","18","85346525"
"chr5","126935889","126936199","chr2","193477176","193477471","70","66541287"
"chr5","126992501","126992809","chr7","128825382","128825681","63","1832881"
"chr5","127011584","127011845","chr1","77715794","77716063","64","49295790"
"chr5","127187745","127188048","chr12","102748139","102748432","60","24439606"
"chr5","127206408","127206705","chr3","56338825","56339121","50","70867583"
"chr5","127459569","127459876","chr15","77085877","77086177","46","50373692"
"chr5","127586411","127586632","chr19","16447205","16447415","53","111139206"
"chr5","127691074","127691365","chr4","71933212","71933503","55","55757862"
"chr5","127795218","127795488","chr3","55733914","55734156","59","72061304"
"chr5","127857946","127858257","chr10","20863520","20863828","50","106994426"
"chr5","127909951","127910255","chr3","55621358","55621648","69","72288593"
"chr5","127925425","127925554","chrX","60178781","60178910","36","67746644"
"chr5","127963469","127963747","chr10","41485100","41485371","48","86478369"
"chr5","128017481","128017744","chr8","45390608","45390878","59","82626873"
"chr5","128048821","128049101","chr6","139135071","139135345","60","11086250"
"chr5","128162146","128162472","chr12","89693023","89693339","82","38469123"
"chr5","128186954","128187226","chr9","13171482","13171754","49","115015472"
"chr5","128227324","128227635","chr3","55283200","55283512","44","72944124"
"chr5","128341019","128341271","chr6","17518137","17518382","59","110822882"
"chr5","128345390","128345701","chr2","6639751","6640061","50","121705639"
"chr5","128598714","128599026","chr6","75230350","75230656","51","53368364"
"chr5","128770769","128771078","chr5","64592198","64592502","48","64178571"
"chr5","129006438","129006715","chr11","59438853","59439131","58","69567585"
"chr5","129198855","129199165","chrX","90561386","90561697","60","38637469"
"chr5","129268097","129268397","chr9","85600159","85600457","47","43667938"
"chr5","129286386","129286693","chr3","54132714","54133017","40","75153672"
"chr5","129299942","129300239","chr2","203225383","203225677","46","73925441"
"chr5","129341102","129341402","chr17","9171207","9171505","64","120169895"
"chr5","129345817","129346137","chr11","28125301","28125613","52","101220516"
"chr5","129416426","129416726","chr3","53998644","53998936","45","75417782"
"chr5","129506315","129506573","chr3","106564757","106565021","55","22941558"
"chr5","129532095","129532481","chr19","39623927","39624269","106","89908168"
"chr5","129575614","129575915","chr12","82364304","82364606","39","47211310"
"chr5","129665407","129665711","chr3","53733297","53733590","59","75932110"
"chr5","129699310","129699441","chr19","3976115","3976245","17","125723195"
"chr5","129705804","129706116","chr4","139259106","139259407","57","9553302"
"chr5","129735167","129735476","chr3","53654978","53655268","58","76080189"
"chr5","129774724","129775024","chr12","51888773","51889064","44","77885951"
"chr5","129789316","129789610","chr5","523629","523928","58","129265687"
"chr5","129811872","129812164","chr7","15263131","15263424","50","114548741"
"chr5","129870689","129870985","chr11","122686903","122687200","45","7183786"
"chr5","129876637","129876742","chr1","20863197","20863299","18","109013440"
"chr5","129891932","129892236","chr2","1940205","1940517","48","127951727"
"chr5","129906010","129906181","chr10","126091805","126091971","26","3814205"
"chr5","129917014","129917304","chr2","10591091","10591384","44","119325923"
"chr5","130096563","130096862","chr2","67197269","67197565","38","62899294"
"chr5","130151290","130151605","chr5","95128904","95129215","54","35022386"
"chr5","130203618","130203922","chr8","3619150","3619451","64","126584468"
"chr5","130213641","130213894","chr13","49797727","49797974","50","80415914"
"chr5","130251752","130251986","chrX","44437368","44437597","50","85814384"
"chr5","130377513","130377788","chr5","112905646","112905930","50","17471867"
"chr5","130407454","130407738","chr12","26130148","26130438","53","104277306"
"chr5","130444276","130444579","chr19","35779479","35779770","53","94664797"
"chr5","130563290","130563588","chr13","96574200","96574500","49","33989090"
"chr5","130592185","130592479","chr2","108820112","108820406","43","21772073"
"chr5","130661244","130661544","chr16","71570137","71570438","45","59091107"
"chr5","130683167","130683478","chr5","1076646","1076956","53","129606521"
"chr5","130934023","130934313","chr3","52365996","52366297","45","78568027"
"chr5","130936926","130937180","chr6","118199412","118199685","66","12737514"
"chr5","131091347","131091517","chr3","52191896","52192059","25","78899451"
"chr5","131099174","131099474","chr7","135211205","135211497","45","4112031"
"chr5","131143631","131143659","chr4","30855651","30855680","4","100287980"
"chr5","131159224","131159527","chr5","116663888","116664187","46","14495336"
"chr5","131165732","131166010","chr1","182219653","182219930","61","51053921"
"chr5","131195958","131196223","chr9","58102610","58102877","48","73093348"
"chr5","131228931","131229254","chr5","802010","802319","63","130426921"
"chr5","131236028","131236333","chr9","101210178","101210488","41","30025850"
"chr5","131268514","131268803","chr4","71933212","71933503","46","59335302"
"chr5","131323687","131323990","chr6","48814191","48814491","59","82509496"
"chr5","131495775","131496070","chr3","51752787","51753072","58","79742988"
"chr5","131752658","131752975","chr3","51479543","51479855","68","80273115"
"chr5","131754587","131754880","chr4","161032062","161032360","52","29277475"
"chr5","131800347","131800649","chr1","138540632","138540926","50","6740285"
"chr5","131802266","131802542","chr5","119334106","119334386","62","12468160"
"chr5","132238550","132238840","chr1","41686123","41686409","55","90552427"
"chr5","132749930","132750221","chr3","118139040","118139328","44","14610890"
"chr5","132927292","132927604","chr3","50207604","50207892","60","82719688"
"chr5","133063427","133063714","chr1","186610138","186610422","56","53546711"
"chr5","133099247","133099525","chr3","50054341","50054628","61","83044906"
"chr5","133123104","133123391","chr5","11716562","11716853","47","121406542"
"chr5","133353187","133353484","chr3","139963629","139963912","70","6610442"
"chr5","133387653","133387900","chr14","6284666","6284893","64","127102987"
"chr5","133529456","133529752","chr22","15657762","15658056","66","117871694"
"chr5","133531669","133531952","chr1","137469358","137469646","56","3937689"
"chr5","133545634","133545931","chr9","111529757","111530048","48","22015877"
"chr5","133552994","133553277","chr1","186610138","186610422","45","53057144"
"chr5","133620746","133621027","chr3","19993966","19994253","42","113626780"
"chr5","133655024","133655330","chr8","123373167","123373474","51","10281857"
"chr5","133666298","133666606","chr10","59014810","59015115","60","74651488"
"chr5","133705713","133705994","chr10","94342101","94342382","54","39363612"
"chr5","133840853","133840978","chr16","7864285","7864412","23","125976568"
"chr5","133858119","133858407","chr3","49174763","49175045","49","84683356"
"chr5","133928561","133928851","chr1","186610138","186610422","49","52681577"
"chr5","133962686","133962956","chr9","17963025","17963290","52","115999661"
"chr5","134691513","134691846","chr4","132055862","132056190","62","2635651"
"chr5","134932105","134932397","chr3","48131319","48131613","47","86800786"
"chr5","135099151","135099408","chr7","72824980","72825237","40","62274171"
"chr5","135133818","135134071","chr1","173791910","173792164","45","38658092"
"chr5","135250603","135250884","chr3","47771709","47771981","42","87478894"
"chr5","135322338","135322612","chr3","47694731","47695001","41","87627607"
"chr5","135366153","135366327","chr3","151322790","151322964","30","15956637"
"chr5","135369093","135369386","chr2","63180548","63180847","42","72188545"
"chr5","135484902","135485208","chr4","54370195","54370493","53","81114707"
"chr5","135836615","135836927","chr3","47169431","47169740","56","88667184"
"chr5","135876580","135876891","chr3","47128858","47129170","46","88747722"
"chr5","135957042","135957329","chr3","47045220","47045506","39","88911822"
"chr5","136032052","136032350","chr3","46967287","46967575","48","89064765"
"chr5","136438455","136438766","chr3","46509264","46509573","43","89929191"
"chr5","136561896","136562164","chr3","46375890","46376159","28","90186006"
"chr5","136741323","136741630","chr3","46163864","46164170","45","90577459"
"chr5","136975300","136975591","chr7","77326917","77327209","44","59648383"
"chr5","137047655","137047962","chr5","43258967","43259274","52","93788688"
"chr5","137058279","137058567","chr3","45852202","45852492","39","91206077"
"chr5","137356502","137356794","chr7","100807302","100807595","56","36549200"
"chr5","137433672","137433928","chr12","64636184","64636442","47","72797488"
"chr5","137526463","137526774","chr3","45296508","45296803","48","92229955"
"chr5","137544465","137544764","chr19","27619331","27619631","47","109925134"
"chr5","137648209","137648484","chr3","45171225","45171486","53","92476984"
"chr5","137710262","137710542","chr1","156644747","156645035","60","18934485"
"chr5","137712490","137712788","chr13","60759718","60760012","47","76952772"
"chr5","137729794","137730070","chr18","5664786","5665051","54","132065008"
"chr5","137774464","137774755","chr3","45009045","45009328","46","92765419"
"chr5","137786798","137787097","chr3","44994510","44994811","38","92792288"
"chr5","137808911","137809187","chr6","118577430","118577701","55","19231481"
"chr5","137820935","137821231","chr3","44958344","44958646","61","92862591"
"chr5","137823097","137823406","chr2","146982644","146982948","51","9159547"
"chr5","137841376","137841677","chr1","185532534","185532830","49","47691158"
"chr5","138193047","138193331","chr3","44572598","44572881","51","93620449"
"chr5","138246187","138246486","chr4","38635977","38636284","50","99610210"
"chr5","138296203","138296496","chr3","44468430","44468717","53","93827773"
"chr5","138447176","138447459","chr12","51351023","51351307","55","87096153"
"chr5","138482337","138482644","chr12","105081170","105081479","51","33401167"
"chr5","138566306","138566593","chr2","14449376","14449663","49","124116930"
"chr5","138722927","138723012","chr3","176260689","176260772","15","37537762"
"chr5","138832294","138832591","chr2","67197269","67197565","59","71635025"
"chr5","139126948","139127253","chr14","32823755","32824065","55","106303193"
"chr5","139238852","139239152","chr3","111477906","111478203","48","27760946"
"chr5","139518594","139518835","chr8","19144899","19145131","44","120373695"
"chr5","139582052","139582338","chr1","197465921","197466196","52","57883869"
"chr5","139954007","139954298","chr5","43258967","43259274","66","96695040"
"chr5","140000425","140000733","chr3","42689850","42690142","54","97310575"
"chr5","140087827","140088109","chr5","32225193","32225469","50","107862634"
"chr5","140091928","140092221","chr2","71302060","71302351","59","68789868"
"chr5","140108189","140108489","chr8","65769668","65769964","50","74338521"
"chr5","140446393","140446692","chr3","42213769","42214069","50","98232624"
"chr5","140561437","140561489","chr10","107483305","107483356","6","33078132"
"chr5","140675397","140675492","chr1","183899784","183899875","17","43224387"
"chr5","140680935","140681249","chr10","88056547","88056856","53","52624388"
"chr5","140681262","140681574","chr3","67738987","67739296","58","72942275"
"chr5","140745384","140745685","chr1","65342761","65343056","61","75402623"
"chr5","140760961","140761251","chr1","116618974","116619261","49","24141987"
"chr5","140779937","140780209","chr2","17825226","17825495","52","122954711"
"chr5","140781232","140781505","chr22","11939403","11939682","51","128841829"
"chr5","140817635","140817907","chrX","39192560","39192834","46","101625075"
"chr5","140850778","140851054","chr3","41750472","41750740","47","99100306"
"chr5","140895952","140896261","chr7","92221825","92222134","51","48674127"
"chr5","140949148","140949475","chr3","41645468","41645783","61","99303680"
"chr5","141018568","141018895","chr10","21024965","21025274","61","119993603"
"chr5","141020795","141020886","chr16","50638532","50638619","18","90382263"
"chr5","141030628","141030926","chr3","41518351","41518637","49","99512277"
"chr5","141035500","141035781","chr5","144164144","144164432","53","3128644"
"chr5","141049177","141049295","chr1","205933415","205933532","17","64884238"
"chr5","141073547","141073703","chr2","55544708","55544857","32","85528839"
"chr5","141074709","141074995","chrY","2068478","2068762","46","139006231"
"chr5","141160896","141161195","chr5","116663888","116664187","39","24497008"
"chr5","141179314","141179588","chr5","8282348","8282619","47","132896966"
"chr5","141208630","141208940","chr3","41334910","41335204","55","99873720"
"chr5","141267363","141267677","chr9","101210178","101210488","52","40057185"
"chr5","141293893","141294192","chr17","13503259","13503558","45","127790634"
"chr5","141349812","141350097","chr19","31366058","31366340","45","109983754"
"chr5","141379479","141379594","chr16","15546019","15546133","22","125833460"
"chr5","141379714","141379878","chr2","14146147","14146304","31","127233567"
"chr5","141453061","141453371","chr16","74823463","74823775","52","66629598"
"chr5","141456077","141456392","chr6","21930692","21931000","47","119525385"
"chr5","141457573","141457872","chr15","37747794","37748084","56","103709779"
"chr5","141726869","141727162","chr3","40347611","40347898","43","101379258"
"chr5","141860134","141860417","chr3","175313662","175313949","45","33453528"
"chr5","141986967","141987270","chr2","59445321","59445626","51","82541646"
"chr5","142021574","142021878","chr10","118578692","118578996","43","23442882"
"chr5","142024048","142024329","chr3","40026007","40026264","57","101998041"
"chr5","142036278","142036578","chr5","139889919","139890213","46","2146359"
"chr5","142064845","142065152","chr14","69866837","69867141","54","72198008"
"chr5","142117010","142117318","chr3","39924190","39924489","46","102192820"
"chr5","142141499","142141800","chr9","25525997","25526295","42","116615502"
"chr5","142171557","142171838","chr10","103022409","103022691","48","39149148"
"chr5","142239482","142239764","chr17","63769379","63769659","50","78470103"
"chr5","142248593","142248911","chr9","101210178","101210488","57","41038415"
"chr5","142251931","142252238","chr15","80055098","80055397","43","62196833"
"chr5","142289890","142290094","chr12","101395801","101396004","45","40894089"
"chr5","142351512","142351811","chr8","69032822","69033118","55","73318690"
"chr5","142383926","142384234","chr4","139259106","139259407","52","3124820"
"chr5","142451321","142451628","chr2","71331505","71331809","54","71119816"
"chr5","142646519","142646583","chr7","88747517","88747581","16","53899002"
"chr5","142649207","142649507","chr1","171531664","171531966","51","28882457"
"chr5","142691005","142691067","chr1","122827370","122827433","10","19863635"
"chr5","142701737","142702040","chr6","11099594","11099878","109","131602143"
"chr5","142746893","142747196","chrX","63118288","63118597","60","79628605"
"chr5","142754704","142755015","chr9","101210178","101210488","47","41544526"
"chr5","142790606","142790905","chr12","94074885","94075193","53","48715721"
"chr5","142862407","142862711","chr10","118578692","118578996","57","24283715"
"chr5","142900868","142901086","chr10","27834176","27834398","39","115066692"
"chr5","142914354","142914510","chr1","27923890","27924048","23","114990464"
"chr5","142926028","142926296","chr11","64170951","64171225","56","78755077"
"chr5","142926767","142927065","chr5","43165956","43166256","49","99760811"
"chr5","142953660","142953779","chr2","171604505","171604622","21","28650845"
"chr5","143022254","143022499","chr9","114704790","114705040","43","28317464"
"chr5","143065249","143065556","chr3","117540807","117541109","50","25524442"
"chr5","143136295","143136578","chr8","29423957","29424248","49","113712338"
"chr5","143184429","143184530","chr12","52380235","52380336","18","90804194"
"chr5","143195841","143196146","chr15","37932298","37932608","52","105263543"
"chr5","143245872","143246173","chrX","39518046","39518347","49","103727826"
"chr5","143374737","143375005","chr6","17096225","17096497","63","126278512"
"chr5","143417337","143417549","chr19","44795567","44795779","44","98621770"
"chr5","143509093","143509387","chr9","45325979","45326278","47","98183114"
"chr5","143517407","143517708","chr5","37902121","37902416","43","105615286"
"chr5","143793643","143793774","chr7","72501851","72501979","26","71291792"
"chr5","143945674","143945958","chr12","15538273","15538557","49","128407401"
"chr5","144027648","144027738","chr10","125909017","125909110","16","18118631"
"chr5","144498022","144498325","chr7","58381579","58381882","53","86116443"
"chr5","144790014","144790304","chr3","37109913","37110194","47","107680101"
"chr5","144876133","144876404","chr3","37028900","37029158","48","107847233"
"chr5","145054457","145054731","chr3","111446138","111446410","58","33608319"
"chr5","145083021","145083317","chr2","8630069","8630362","62","136452952"
"chr5","145201041","145201342","chr7","40744500","40744801","48","104456541"
"chr5","145360318","145360623","chr2","153612682","153612990","50","8252364"
"chr5","145374466","145374772","chr2","17996148","17996446","60","127378318"
"chr5","145536141","145536251","chr2","36314248","36314355","19","109221893"
"chr5","145559418","145559729","chr14","63298584","63298883","59","82260834"
"chr5","145571723","145571930","chr8","12383225","12383425","38","133188498"
"chr5","145938448","145938744","chr18","28187992","28188296","59","117750456"
"chr5","146186388","146186671","chr3","35567770","35568049","39","110618618"
"chr5","146246522","146246827","chr9","107340576","107340874","42","38905946"
"chr5","146249831","146250141","chr3","35489001","35489310","39","110760830"
"chr5","146376263","146376570","chr4","126062982","126063287","56","20313281"
"chr5","146406749","146407030","chr3","152858583","152858869","58","6451834"
"chr5","147114600","147114923","chr4","139259106","139259407","62","7855494"
"chr5","147190344","147190640","chr10","14376288","14376587","60","132814056"
"chr5","147353571","147353873","chr11","116346925","116347227","52","31006646"
"chr5","147871760","147871803","chr12","3241087","3241131","13","144630673"
"chr5","147931088","147931353","chr12","102435645","102435913","57","45495443"
"chr5","147989919","147990215","chr3","33671294","33671571","60","114318625"
"chr5","148037435","148037732","chrUn_GL286217","143262","143564","39","147894173"
"chr5","148141446","148141746","chr2","57488404","57488709","49","90653042"
"chr5","148146999","148147308","chr3","33484476","33484778","42","114662523"
"chr5","148282895","148283202","chr2","12763386","12763696","49","135519509"
"chr5","148346445","148346749","chr2","36988574","36988869","46","111357871"
"chr5","148351591","148351846","chr4","155690382","155690632","60","7338791"
"chr5","148493846","148494153","chr17","67610664","67610971","47","80883182"
"chr5","148499924","148500000","chr20","16266343","16266417","16","132233581"
"chr5","148571689","148571986","chr1","135371826","135372122","48","13199863"
"chr5","148652498","148652809","chr5","124645645","124645952","45","24006853"
"chr5","148652904","148653145","chr5","148012618","148012860","41","640286"
"chr5","148678440","148678732","chr3","32919330","32919622","39","115759110"
"chr5","148767590","148767891","chr1","175759179","175759474","64","26991589"
"chr5","148788602","148788894","chr20","28910159","28910452","54","119878443"
"chr5","148801749","148802024","chr3","32786800","32787095","53","116014949"
"chr5","148820121","148820426","chr7","88697458","88697764","51","60122663"
"chr5","148855327","148855580","chr1","181284860","181285114","37","32429533"
"chr5","148875653","148875927","chr15","49638162","49638439","53","99237491"
"chr5","148902007","148902299","chr11","101020394","101020683","48","47881613"
"chr5","149088587","149088863","chr2","134890220","134890504","59","14198367"
"chr5","149091248","149091550","chr9","101210178","101210488","48","47881070"
"chr5","149220789","149221091","chr9","45325979","45326278","46","103894810"
"chr5","149543100","149543408","chr5","523629","523928","50","149019471"
"chr5","149645237","149645283","chr3","10610623","10610669","2","139034614"
"chr5","149831250","149831524","chr11","5274208","5274485","51","144557042"
"chr5","150027359","150027647","chr5","15548983","15549271","61","134478376"
"chr5","150191332","150191655","chr3","31241666","31241959","69","118949666"
"chr5","150258284","150258589","chr1","153331205","153331512","54","3072921"
"chr5","150336950","150337108","chr4","32101212","32101368","30","118235738"
"chr5","151118467","151118608","chr2","194754260","194754399","28","43635793"
"chr5","151150923","151151004","chr6","149016313","149016392","14","2134610"
"chr5","151186905","151187012","chr13","62035859","62035960","17","89151046"
"chr5","151212593","151212772","chr4","171313994","171314158","37","20101401"
"chr5","151212786","151213069","chr10","32690788","32691071","47","118521998"
"chr5","151418015","151418217","chr17","8103604","8103801","50","143314411"
"chr5","151467474","151467785","chr19","17448176","17448478","49","134019298"
"chr5","151533808","151534078","chr1","167116975","167117247","47","15583167"
"chr5","151761893","151762137","chr5","107162126","107162385","59","44599767"
"chr5","151860339","151860641","chr2","150624041","150624344","49","1236298"
"chr5","152131218","152131539","chr4","17518722","17519032","58","134612496"
"chr5","152259429","152259723","chr7","33547338","33547635","50","118712091"
"chr5","152269889","152270190","chr3","53266221","53266526","53","99003668"
"chr5","152444851","152445018","chr9","98569330","98569502","32","53875521"
"chr5","152560065","152560348","chr1","116618974","116619261","45","35941091"
"chr5","152886296","152886583","chr3","28282061","28282346","46","124604235"
"chr5","152909753","152909893","chr5","10559689","10559821","17","142350064"
"chr5","152946409","152946707","chrX","122477327","122477613","66","30469082"
"chr5","153122095","153122270","chr9","66070739","66070912","32","87051356"
"chr5","153716289","153716572","chr20","28760507","28760811","58","124955782"
"chr5","153765814","153766100","chr3","27267560","27267846","41","126498254"
"chr5","153794417","153794698","chr3","27230060","27230338","51","126564357"
"chr5","153961046","153961345","chr3","27032249","27032529","46","126928797"
"chr5","154091247","154091382","chr5","100529190","100529325","24","53562057"
"chr5","154129406","154129709","chrUn_GL286217","143262","143564","50","153986144"
"chr5","154145653","154145925","chr3","26758908","26759180","37","127386745"
"chr5","154215042","154215341","chrX","117763468","117763772","55","36451574"
"chr5","154218904","154219189","chr5","22196367","22196661","53","132022537"
"chr5","154230197","154230501","chr3","115842592","115842893","46","38387605"
"chr5","154247255","154247554","chr17","25584681","25584984","45","128662574"
"chr5","154250377","154250722","chr9","1049316","1049653","76","153201061"
"chr5","154266446","154266754","chr9","101210178","101210488","45","53056268"
"chr5","154307246","154307557","chr3","26562656","26562964","53","127744590"
"chr5","154307918","154308077","chr2","131597618","131597785","28","22710300"
"chr5","154308946","154309176","chr12","27650835","27651054","52","126658111"
"chr5","154310700","154310874","chr17","38427518","38427685","38","115883182"
"chr5","154327662","154327783","chr14","82218307","82218428","25","72109355"
"chr5","154354519","154354809","chr3","49537351","49537638","56","104817168"
"chr5","154439275","154439381","chr9","112650537","112650647","26","41788738"
"chr5","154440616","154440896","chr7","14181724","14181998","51","140258892"
"chr5","154466670","154466732","chr7","71879017","71879077","7","82587653"
"chr5","154502818","154503031","chr5","134434249","134434457","38","20068569"
"chr5","154507430","154507750","chr2","13689643","13689955","63","140817787"
"chr5","154532315","154532604","chr1","186610138","186610422","47","32077823"
"chr5","154571535","154571651","chr2","171604505","171604622","20","17032970"
"chr5","154590068","154590373","chr3","26243340","26243637","44","128346728"
"chr5","154618410","154618697","chr3","26202477","26202765","47","128415933"
"chr5","154664368","154664687","chr22","9625659","9625982","63","145038709"
"chr5","154686381","154686633","chr14","20619930","20620186","48","134066451"
"chr5","154692399","154692694","chr3","26128296","26128596","54","128564103"
"chr5","154707818","154707993","chr3","26112834","26113000","28","128594984"
"chr5","154738026","154738340","chr3","26081399","26081701","51","128656627"
"chr5","154805225","154805487","chr3","26008303","26008573","50","128796922"
"chr5","154841073","154841374","chr1","201967395","201967694","53","47126322"
"chr5","154957776","154958078","chr3","25818606","25818904","44","129139170"
"chr5","155055908","155056002","chr3","25700284","25700378","10","129355624"
"chr5","155067777","155067930","chr3","25684655","25684809","25","129383122"
"chr5","155477080","155477378","chr1","13807754","13808053","44","141669326"
"chr5","155480166","155480221","chr7","54819198","54819253","8","100660968"
"chr5","155480362","155480670","chr2","150624041","150624344","48","4856321"
"chr5","155481592","155481893","chr5","73075939","73076252","46","82405653"
"chr5","155814622","155814918","chr8","14923296","14923595","51","140891326"
"chr5","156076116","156076232","chr7","84667714","84667825","20","71408402"
"chr5","156165644","156165946","chr1","166036321","166036626","46","9870677"
"chr5","156232452","156232754","chr4","108464628","108464932","49","47767824"
"chr5","156370499","156370811","chr7","70375823","70376126","55","85994676"
"chr5","156428755","156429043","chr1","106991675","106991963","65","49437080"
"chr5","157013536","157013808","chr2","127906659","127906921","64","29106877"
"chr5","157019028","157019125","chr13","117415792","117415889","15","39603236"
"chr5","157312976","157313248","chr7","137412984","137413261","50","19899992"
"chr5","157662249","157662516","chrX","2501108","2501388","75","155161141"
"chr5","157708141","157708440","chr11","43083395","43083693","57","114624746"
"chr5","157936443","157936586","chr7","56339705","56339855","26","101596738"
"chr5","158133398","158133713","chr5","62869608","62869907","65","95263790"
"chr5","158185893","158186068","chr3","20900402","20900570","24","137285491"
"chr5","158250151","158250311","chr5","78438507","78438669","37","79811644"
"chr5","158252528","158252818","chr3","20832284","20832563","40","137420244"
"chr5","158374817","158374858","chr18","13682913","13682954","5","144691904"
"chr5","158412779","158413047","chr9","58554158","58554422","60","99858621"
"chr5","158417548","158417858","chr2","71331505","71331809","44","87086043"
"chr5","158513435","158513724","chr3","20543815","20544091","54","137969620"
"chr5","158529484","158529782","chr3","20527281","20527571","40","138002203"
"chr5","158547320","158547598","chr7","113592129","113592414","55","44955191"
"chr5","158770028","158770337","chr3","20267036","20267335","52","138502992"
"chr5","158771234","158771522","chr11","97213328","97213619","38","61557906"
"chr5","158890783","158891078","chr3","20127171","20127463","37","138763612"
"chr5","158892799","158892872","chr2","129775742","129775816","14","29117057"
"chr5","158922546","158922681","chr2","146936311","146936444","27","11986235"
"chr5","158930852","158931147","chr2","1615734","1616028","50","157315118"
"chr5","158965444","158965766","chr3","117540807","117541109","73","41424637"
"chr5","158967923","158968217","chr5","65296228","65296517","48","93671695"
"chr5","158999613","158999875","chr1","116853244","116853515","49","42146369"
"chr5","159000908","159001191","chr3","20013537","20013801","48","138987371"
"chr5","159021408","159021697","chr3","19993966","19994253","36","139027442"
"chr5","159073318","159073629","chr1","116773539","116773840","40","42299779"
"chr5","159092839","159092933","chr12","9612526","9612620","14","149480313"
"chr5","159093774","159094055","chr4","144685555","144685840","45","14408219"
"chr5","159117087","159117396","chr4","10061166","10061466","55","149055921"
"chr5","159202960","159203267","chr5","120225189","120225498","38","38977771"
"chr5","159272807","159272959","chr15","24151307","24151461","28","135121500"
"chr5","159424637","159424947","chr3","19567727","19568037","41","139856910"
"chr5","159573513","159573808","chr10","57509997","57510293","45","102063516"
"chr5","159899830","159899966","chr2","193530196","193530332","21","33630366"
"chr5","159923057","159923358","chr4","109964649","109964950","53","49958408"
"chr5","159965762","159965888","chr11","39048827","39048951","25","120916935"
"chr5","160438255","160438350","chr14","60979762","60979861","24","99458493"
"chr5","160930928","160931218","chr7","85080523","85080815","62","75850405"
"chr5","160959584","160959866","chrUn_GL286267","16644","16927","56","160942940"
"chr5","161108865","161109180","chr2","71331505","71331809","60","89777360"
"chr5","161542286","161542434","chr3","65585318","65585466","30","95956968"
"chr5","161623007","161623303","chr3","17282754","17283052","48","144340253"
"chr5","161654058","161654367","chr4","24714987","24715298","59","136939071"
"chr5","161660178","161660334","chr16","69654762","69654914","23","92005416"
"chr5","161714826","161715055","chr9","54287512","54287742","47","107427314"
"chr5","161825869","161826175","chr7","67355562","67355869","55","94470307"
"chr5","162386046","162386320","chr3","16467119","16467388","41","145918927"
"chr5","162389638","162389944","chr11","122686903","122687200","52","39702735"
"chr5","162419617","162419693","chr9","90274754","90274831","9","72144863"
"chr5","162423733","162423977","chr3","16418123","16418364","38","146005610"
"chr5","162440105","162440374","chr7","9994483","9994748","55","152445622"
"chr5","162562302","162562604","chr6","16483926","16484219","51","146078376"
"chr5","162649179","162649483","chr3","16166834","16167134","40","146482345"
"chr5","162674651","162674966","chr9","45325979","45326278","55","117348672"
"chr5","162683227","162683525","chr12","108797245","108797536","57","53885982"
"chr5","162750466","162750588","chr11","41834859","41834982","20","120915607"
"chr5","162866244","162866511","chr6","136008301","136008560","46","26857943"
"chr5","162875078","162875394","chr12","78762116","78762425","57","84112962"
"chr5","162887648","162887939","chr3","15896274","15896566","37","146991374"
"chr5","162939181","162939491","chr2","146982644","146982948","59","15956537"
"chr5","163277166","163277273","chr2","137767732","137767839","22","25509434"
"chr5","163531647","163531914","chr12","5010710","5010987","68","158520937"
"chr5","163607788","163608093","chr1","194407069","194407372","60","30799281"
"chr5","163697712","163697976","chr3","15020439","15020703","37","148677273"
"chr5","163796383","163796433","chr10","107483305","107483356","5","56313078"
"chr5","163926598","163926912","chr19","42380479","42380792","60","121546119"
"chr5","163970497","163970803","chr9","107747528","107747830","49","56222969"
"chr5","164478632","164478943","chr4","107322906","107323209","56","57155726"
"chr5","164525753","164526013","chr5","23160219","23160476","56","141365534"
"chr5","164581741","164581986","chr3","14322285","14322535","37","150259456"
"chr5","164638619","164638733","chr8","74203698","74203811","19","90434921"
"chr5","164978120","164978397","chr11","116863236","116863497","62","48114884"
"chr5","165142759","165143051","chr3","13757484","13757769","49","151385275"
"chr5","165440828","165441140","chr5","73075939","73076252","50","92364889"
"chr5","165741257","165741560","chr11","66635820","66636129","54","99105437"
"chr5","165747362","165747532","chr2","177216590","177216753","53","11469228"
"chr5","165775207","165775438","chr13","97701429","97701665","42","68073778"
"chr5","165824014","165824320","chr7","70375823","70376126","48","95448191"
"chr5","165871379","165871688","chr1","199360645","199360948","58","33489266"
"chr5","165894418","165894727","chr2","1940205","1940517","49","163954213"
"chr5","165952930","165953216","chr5","140191827","140192110","51","25761103"
"chr5","166064938","166065244","chr3","12785495","12785793","51","153279443"
"chr5","166207467","166207680","chr3","12646964","12647175","33","153560503"
"chr5","166371717","166372046","chr7","137342012","137342330","60","29029705"
"chr5","166431485","166431801","chr7","19397030","19397335","57","147034455"
"chr5","166468827","166469144","chr1","170771447","170771746","63","4302620"
"chr5","166471703","166471856","chrX","90794543","90794687","26","75677160"
"chr5","166503138","166503493","chr2","74361604","74361941","77","92141534"
"chr5","166698333","166698647","chr11","28125301","28125613","54","138573032"
"chr5","166738166","166738357","chr1","191817382","191817565","41","25079216"
"chr5","166913424","166913539","chr5","61488662","61488776","22","105424762"
"chr5","166920605","166920899","chr5","94139693","94139989","55","72780912"
"chr5","166957288","166957593","chrUn_GL286409","350444","350733","71","166606844"
"chr5","167008320","167008548","chr5","38716996","38717227","41","128291324"
"chr5","167050347","167050624","chr6","118577430","118577701","53","48472917"
"chr5","167115505","167115806","chr4","107437630","107437918","63","59677875"
"chr5","167391031","167391267","chr20","38953104","38953345","61","128437927"
"chr5","167471792","167472037","chr3","11358122","11358363","47","156113670"
"chr5","167502448","167502750","chr3","11313707","11314017","58","156188741"
"chr5","167656516","167656815","chr6","18900604","18900894","55","148755912"
"chr5","167658542","167658749","chrX","86518560","86518763","58","81139982"
"chr5","167793219","167793514","chr13","95836072","95836367","56","71957147"
"chr5","167800770","167801143","chrX","38848777","38849093","104","128951993"
"chr5","168098339","168098645","chr3","10739678","10739980","40","157358661"
"chr5","168136110","168136409","chr5","117609240","117609536","74","50526870"
"chr5","168410287","168410381","chr9","41587324","41587420","30","126822963"
"chr5","168411210","168411509","chr5","11662865","11663166","56","156748345"
"chr5","168483851","168484126","chr2","43346385","43346651","54","125137466"
"chr5","168607629","168607931","chr1","172742448","172742749","49","4134819"
"chr5","168836219","168836516","chr10","97355993","97356286","71","71480226"
"chr5","168979727","168980032","chr5","124645645","124645952","53","44334082"
"chr5","169106541","169106852","chr7","70375823","70376126","46","98730718"
"chr5","169193517","169193810","chr3","9638843","9639137","55","159554674"
"chr5","169313493","169313815","chr9","315991","316297","71","168997502"
"chr5","169471350","169471552","chr20","26482179","26482372","65","142989171"
"chr5","169471590","169471688","chr15","56865366","56865455","21","112606224"
"chr5","169473673","169473980","chr5","5855105","5855415","88","163618568"
"chr5","169543415","169543704","chr14","83083786","83084089","51","86459629"
"chr5","169630282","169630604","chr14","6471804","6472122","63","163158478"
"chr5","169820728","169821022","chr17","43745016","43745307","53","126075712"
"chr5","169952364","169952668","chr11","15561808","15562111","40","154390556"
"chr5","169981384","169981474","chr4","110642008","110642097","15","59339376"
"chr5","169986263","169986568","chr9","25525997","25526295","54","144460266"
"chr5","170584707","170585015","chrUn_GL286217","143262","143564","54","170441445"
"chr5","170820714","170821027","chr5","59461001","59461310","45","111359713"
"chr5","171204768","171205066","chr7","25925292","25925587","46","145279476"
"chr5","171205762","171206049","chr2","79572103","79572387","44","91633659"
"chr5","171557563","171557865","chr3","7163083","7163389","51","164394480"
"chr5","171633078","171633382","chr3","7085584","7085877","42","164547494"
"chr5","172082987","172083297","chr3","116660901","116661212","41","55422086"
"chr5","172085237","172085408","chr3","6523508","6523679","21","165561729"
"chr5","172172600","172172905","chr2","150624041","150624344","61","21548559"
"chr5","172177355","172177638","chrX","16519863","16520154","56","155657492"
"chr5","172229588","172229746","chr12","50187581","50187735","26","122042007"
"chr5","172236985","172237287","chr3","173712450","173712748","46","1475465"
"chr5","172339524","172339831","chr3","6245165","6245472","44","166094359"
"chr5","172349550","172349859","chr15","21185958","21186269","48","151163592"
"chr5","172355929","172356240","chrX","107560088","107560397","46","64795841"
"chr5","172459263","172459571","chrX","38848777","38849093","54","133610486"
"chr5","172527902","172528193","chr15","38910043","38910338","53","133617859"
"chr5","172608321","172608613","chr19","27619331","27619631","47","144988990"
"chr5","172648561","172648835","chr14","81489642","81489927","45","91158919"
"chr5","172721216","172721523","chr3","5858349","5858646","51","166862867"
"chr5","172730891","172731164","chr5","107761416","107761690","53","64969475"
"chr5","172751057","172751358","chr8","841978","842272","35","171909079"
"chr5","172759058","172759355","chr3","5815728","5816020","44","166943330"
"chr5","172765590","172765883","chr6","17854050","17854340","50","154911540"
"chr5","172795045","172795344","chrX","92842901","92843192","54","79952144"
"chr5","173123859","173124160","chr3","117540807","117541109","43","55583052"
"chr5","173418459","173418762","chr5","11540307","11540609","51","161878152"
"chr5","173427459","173427550","chr1","128973064","128973156","13","44454395"
"chr5","173518307","173518422","chr7","66901877","66901991","18","106616430"
"chr5","173652555","173652829","chr1","168926697","168926979","52","4725858"
"chr5","173682588","173682877","chr12","26541071","26541366","47","147141517"
"chr5","173767943","173768227","chrX","104063049","104063333","40","69704894"
"chr5","173771395","173771682","chr3","4761737","4762038","43","169009658"
"chr5","173990573","173990888","chr7","88697458","88697764","48","85293115"
"chr5","174027982","174028210","chr10","34193425","34193657","53","139834557"
"chr5","174207942","174208248","chr5","41239723","41240017","82","132968219"
"chr5","174226112","174226192","chr5","4081439","4081525","15","170144673"
"chr5","174230750","174231028","chr2","17686816","17687098","51","156543934"
"chr5","174233250","174233520","chr5","122214099","122214380","57","52019151"
"chr5","174242233","174242537","chr6","106256295","106256600","50","67985938"
"chr5","174248695","174248987","chrX","17022911","17023204","56","157225784"
"chr5","174272679","174272842","chr9","40994459","40994619","32","133278220"
"chr5","174277968","174278279","chr3","48450700","48451011","67","125827268"
"chr5","174292032","174292333","chr1","170771447","170771746","46","3520585"
"chr5","174379682","174379978","chrX","18432136","18432433","45","155947546"
"chr5","174455030","174455195","chr14","80704281","80704440","26","93750749"
"chr5","174464203","174464504","chr15","38910043","38910338","51","135554160"
"chr5","174470224","174470368","chr7","43280629","43280772","38","131189595"
"chr5","174501721","174502018","chr1","54463990","54464289","45","120037731"
"chr5","174522116","174522415","chr6","119011301","119011592","49","55510815"
"chr5","174843679","174843982","chrUn_GL286217","143262","143564","50","174700417"
"chr5","174963798","174964109","chr2","146982644","146982948","40","27981154"
"chr5","174996891","174997178","chr4","155605212","155605495","52","19391679"
"chr5","175088046","175088147","chr1","98658383","98658476","23","76429663"
"chr5","175099917","175100070","chr5","77649550","77649706","30","97450367"
"chr5","175350722","175351017","chr13","19438054","19438349","61","155912668"
"chr5","175411585","175411737","chr22","30980189","30980339","29","144431396"
"chr5","175594600","175594654","chr7","1994646","1994700","7","173599954"
"chr5","175675907","175676156","chr13","97036955","97037209","52","78638952"
"chr5","175760422","175760722","chr7","74579378","74579682","50","101181044"
"chr5","175842460","175842778","chr3","2776652","2776964","47","173065808"
"chr5","176313346","176313649","chrUn_GL286435","69026","69328","44","176244320"
"chr5","176418133","176418425","chr2","147728720","147729015","48","28689413"
"chr5","176689604","176689891","chr2","1572464","1572757","50","175117140"
"chr5","176725234","176725536","chrX","14757652","14757955","45","161967582"
"chr5","176963625","176963926","chr7","70375823","70376126","43","106587802"
"chr5","177063163","177063469","chr6","70367906","70368206","49","106695257"
"chr5","177065987","177066302","chr15","32495325","32495639","55","144570662"
"chr5","177095125","177095392","chr6","135531665","135531946","55","41563460"
"chr5","177184468","177184770","chr5","64266316","64266614","51","112918152"
"chr5","177188989","177189276","chr22","44747997","44748286","41","132440992"
"chr5","177395599","177395869","chr12","77912843","77913096","65","99482756"
"chr5","177798266","177798505","chr3","830931","831165","43","176967335"
"chr5","178303915","178304213","chr12","51888773","51889064","49","126415142"
"chr5","178692405","178692537","chr7","113553983","113554116","21","65138422"
"chr6","139460501","139460775","chr8","97925884","97926162","44","41534617"
"chr6","48889792","48890094","chr7","120468697","120468997","50","71578905"
"chr6","53346279","53346581","chr9","107319568","107319870","47","53973289"
"chr6","64749537","64749835","chr10","116445035","116445332","58","51695498"
"chr6","69468160","69468471","chr20","41078863","41079167","43","28389297"
"chr6","148373351","148373642","chr4","71933212","71933503","47","76440139"
"chr6","11566","11856","chr4","38367185","38367480","49","38355619"
"chr6","103045","103349","chr9","40725344","40725637","63","40622299"
"chr6","113405","113685","chr14","90818497","90818784","46","90705092"
"chr6","399591","399871","chr11","60574273","60574555","56","60174682"
"chr6","498845","499144","chr2","203647905","203648206","52","203149060"
"chr6","552875","553176","chr2","203647905","203648206","47","203095030"
"chr6","801709","802016","chrX","62061554","62061862","56","61259845"
"chr6","1272495","1272797","chrX","18432136","18432433","52","17159641"
"chr6","1456505","1456808","chr1","74734044","74734352","52","73277539"
"chr6","1646519","1646824","chrUn_GL286435","69026","69328","51","1577493"
"chr6","1904722","1905011","chr2","202465016","202465299","50","200560294"
"chr6","2432270","2432371","chr22","16507435","16507537","17","14075165"
"chr6","2502784","2503092","chr11","28125301","28125613","51","25622517"
"chr6","2636247","2636517","chr8","105549929","105550192","43","102913682"
"chr6","2697582","2697644","chr2","201616508","201616566","10","198918926"
"chr6","2750148","2750447","chr20","21484687","21484985","51","18734539"
"chr6","2914913","2915206","chr1","172687648","172687936","54","169772735"
"chr6","3406412","3406496","chr5","1395300","1395386","13","2011112"
"chr6","3538630","3538938","chr7","87384353","87384653","56","83845723"
"chr6","3549456","3549557","chr14","101685848","101685940","19","98136392"
"chr6","3965865","3966038","chr9","14473384","14473561","39","10507519"
"chr6","4032087","4032396","chr15","24029162","24029466","49","19997075"
"chr6","4147506","4147829","chr11","28125301","28125613","58","23977795"
"chr6","5385242","5385547","chr14","34753627","34753931","51","29368385"
"chr6","5467880","5468198","chr2","198626863","198627174","49","193158983"
"chr6","5575387","5575684","chr16","450359","450656","61","5125028"
"chr6","5815907","5816214","chr2","198243856","198244143","58","192427949"
"chr6","5962106","5962410","chr5","78442568","78442876","52","72480462"
"chr6","6315277","6315510","chr2","197663647","197663874","39","191348370"
"chr6","6349189","6349319","chr2","197629680","197629817","25","191280491"
"chr6","6387042","6387309","chr2","197591272","197591547","44","191204230"
"chr6","6388741","6389029","chrX","90287726","90288021","53","83898985"
"chr6","6414361","6414644","chr8","14514073","14514360","46","8099712"
"chr6","6417919","6418235","chrX","90561386","90561697","52","84143467"
"chr6","6458870","6459001","chr4","9872496","9872626","25","3413626"
"chr6","6459273","6459386","chr22","24071117","24071220","21","17611844"
"chr6","6525281","6525466","chr20","2042129","2042307","34","4483152"
"chr6","6645956","6646281","chrUn_GL286217","143262","143564","61","6502694"
"chr6","6661422","6661712","chr6","135531665","135531946","55","128870243"
"chr6","7075459","7075758","chr1","107356734","107357036","55","100281275"
"chr6","7249818","7250117","chrX","17705039","17705341","45","10455221"
"chr6","7261173","7261279","chr12","52380235","52380336","16","45119062"
"chr6","7402851","7403141","chr19","12425591","12425876","49","5022740"
"chr6","7572230","7572319","chr5","1759512","1759601","15","5812718"
"chr6","7652111","7652406","chr7","25925292","25925587","47","18273181"
"chr6","7733487","7733774","chr12","107125942","107126232","41","99392455"
"chr6","8113241","8113550","chr2","195646828","195647126","53","187533587"
"chr6","8557630","8557932","chr13","107907116","107907421","59","99349486"
"chr6","8688489","8688691","chr19","44795567","44795779","43","36107078"
"chr6","8688692","8688970","chr2","195238361","195238643","55","186549669"
"chr6","8922355","8922643","chr12","51888773","51889064","40","42966418"
"chr6","9090069","9090308","chr20","10419638","10419868","55","1329569"
"chr6","9116100","9116235","chr2","194754260","194754399","21","185638160"
"chr6","9671018","9671125","chr5","121901639","121901739","23","112230621"
"chr6","10011944","10012234","chr10","82921268","82921557","42","72909324"
"chr6","10027165","10027433","chr14","71695428","71695697","60","61668263"
"chr6","10061669","10061948","chr2","203225383","203225677","53","193163714"
"chr6","10116592","10116765","chr2","193643088","193643257","26","183526496"
"chr6","10145611","10145901","chr8","117814130","117814426","52","107668519"
"chr6","10250283","10250446","chr12","18349416","18349582","25","8099133"
"chr6","10325201","10325494","chrX","38971299","38971578","55","28646098"
"chr6","10381256","10381554","chr2","203225383","203225677","46","192844127"
"chr6","10458069","10458374","chr2","193261734","193262020","43","182803665"
"chr6","10644958","10645266","chr14","32553436","32553738","43","21908478"
"chr6","10803346","10803637","chr9","111529757","111530048","48","100726411"
"chr6","10845530","10845838","chr4","37430952","37431248","78","26585422"
"chr6","10919343","10919599","chr2","192752014","192752270","38","181832671"
"chr6","10991458","10991759","chr2","192676211","192676504","54","181684753"
"chr6","11221488","11221681","chr5","124178001","124178201","38","112956513"
"chr6","11288754","11289048","chr2","192357489","192357778","38","181068735"
"chr6","11722957","11723267","chrX","14757652","14757955","49","3034695"
"chr6","11775164","11775477","chr11","28125301","28125613","56","16350137"
"chr6","11997708","11997995","chr13","10247200","10247479","56","1750508"
"chr6","12008166","12008466","chr7","67907454","67907751","55","55899288"
"chr6","12256581","12256754","chr2","191360504","191360669","32","179103923"
"chr6","12257061","12257121","chr7","71879017","71879077","8","59621956"
"chr6","12402051","12402333","chr2","191201438","191201724","45","178799387"
"chr6","12589708","12590015","chr2","131501585","131501869","64","118911877"
"chr6","12831926","12832053","chr5","32409087","32409211","24","19577161"
"chr6","12881010","12881295","chr2","190759686","190759970","48","177878676"
"chr6","13098104","13098394","chr2","9710132","9710424","55","3387972"
"chr6","13135096","13135402","chr4","32810026","32810337","63","19674930"
"chr6","13185585","13185882","chr2","14449376","14449663","57","1263791"
"chr6","13319385","13319654","chr22","15790007","15790280","63","2470622"
"chr6","13446705","13447025","chr17","1355792","1356104","56","12090913"
"chr6","13449175","13449425","chr8","32639878","32640127","53","19190703"
"chr6","13673185","13673483","chr2","189951869","189952164","47","176278684"
"chr6","13827783","13828071","chr9","100098416","100098714","58","86270633"
"chr6","13881289","13881591","chr2","39828090","39828388","54","25946801"
"chr6","13984352","13984665","chr2","189600462","189600775","40","175616110"
"chr6","14013653","14013958","chr12","28744008","28744308","53","14730355"
"chr6","14023478","14023792","chr6","139408582","139408883","66","125385104"
"chr6","14076116","14076382","chr5","122438480","122438746","44","108362364"
"chr6","14130914","14131214","chr2","189422320","189422613","43","175291406"
"chr6","14214893","14215181","chr19","43659630","43659919","44","29444737"
"chr6","14552715","14552892","chr5","125765250","125765427","35","111212535"
"chr6","14579141","14579322","chr18","38115757","38115943","45","23536616"
"chr6","14581052","14581103","chr1","176337634","176337679","7","161756582"
"chr6","14793108","14793385","chr4","158481330","158481605","49","143688222"
"chr6","14797943","14798259","chr5","73075939","73076252","56","58277996"
"chr6","14817178","14817400","chr2","188709481","188709707","19","173892303"
"chr6","14923131","14923431","chr9","48897542","48897838","47","33974411"
"chr6","14925220","14925519","chr6","16483926","16484219","60","1558706"
"chr6","14944734","14945026","chrX","18432136","18432433","42","3487402"
"chr6","15174859","15175133","chr6","118199412","118199685","56","103024553"
"chr6","15482429","15482712","chr16","25250324","25250609","51","9767895"
"chr6","15552804","15553085","chr2","33495117","33495388","47","17942313"
"chr6","15591076","15591377","chr4","98746325","98746622","52","83155249"
"chr6","15618132","15618449","chr11","97213328","97213619","74","81595196"
"chr6","15783565","15783861","chr8","93633064","93633356","49","77849499"
"chr6","15918444","15918714","chr2","187539038","187539318","48","171620594"
"chr6","15940319","15940566","chr19","35527275","35527516","52","19586956"
"chr6","15949697","15950006","chr2","187502578","187502887","38","171552881"
"chr6","15982698","15982999","chr4","109047974","109048272","50","93065276"
"chr6","16078957","16079246","chr5","134385717","134386004","52","118306760"
"chr6","16287204","16287495","chr1","138540632","138540926","53","122253428"
"chr6","16460220","16460492","chr7","78230765","78231034","40","61770545"
"chr6","16602161","16602460","chr2","186772581","186772876","55","170170420"
"chr6","16663209","16663509","chr1","77745311","77745604","48","61082102"
"chr6","16695266","16695561","chr6","4994309","4994605","54","11700957"
"chr6","16762892","16763207","chr11","66635820","66636129","56","49872928"
"chr6","16823097","16823182","chr5","126099675","126099762","9","109276578"
"chr6","16841315","16841472","chr2","186510797","186510954","26","169669482"
"chr6","16852384","16852672","chr12","111531888","111532175","57","94679504"
"chr6","16876520","16876811","chr12","51888773","51889064","42","35012253"
"chr6","16927714","16928006","chr2","186432473","186432764","49","169504759"
"chr6","16935077","16935378","chr4","37667525","37667825","42","20732448"
"chr6","16985794","16986088","chr11","374305","374598","61","16611489"
"chr6","17057344","17057409","chr7","32121903","32121964","14","15064559"
"chr6","17059867","17060042","chr6","129111596","129111770","33","112051729"
"chr6","17086885","17087154","chr5","72712443","72712712","58","55625558"
"chr6","17122696","17122834","chr13","39713241","39713378","25","22590545"
"chr6","17129388","17129626","chr20","32893812","32894035","63","15764424"
"chr6","17148553","17148856","chr10","1134264","1134561","50","16014289"
"chr6","17182636","17182930","chr4","139259106","139259407","54","122076470"
"chr6","17183255","17183370","chr5","134470116","134470232","21","117286861"
"chr6","17243044","17243214","chr22","8043919","8044090","32","9199125"
"chr6","17256950","17257260","chrX","39183726","39184034","53","21926776"
"chr6","17312051","17312183","chr5","10559689","10559821","10","6752362"
"chr6","17326762","17327008","chr10","26889210","26889477","59","9562448"
"chr6","17369071","17369376","chrX","125368984","125369285","45","107999913"
"chr6","17375520","17375826","chr2","185976273","185976578","47","168600753"
"chr6","17403481","17403780","chr20","28760507","28760811","55","11357026"
"chr6","17431158","17431429","chr5","109086164","109086432","58","91655006"
"chr6","17442589","17442877","chr12","107125942","107126232","62","89683353"
"chr6","17773376","17773664","chr1","10455735","10456039","63","7317641"
"chr6","17817608","17817666","chr7","40874870","40874927","8","23057262"
"chr6","17823724","17824020","chr12","89693023","89693339","58","71869299"
"chr6","18030082","18030375","chr2","185236906","185237197","62","167206824"
"chr6","18103565","18103850","chrX","40344797","40345081","50","22241232"
"chr6","18258065","18258360","chrX","4936706","4937001","55","13321359"
"chr6","18303136","18303424","chr5","14618573","14618846","54","3684563"
"chr6","18422451","18422716","chr2","184867390","184867663","42","166444939"
"chr6","18485387","18485617","chr21","50315649","50315880","46","31830262"
"chr6","18610798","18611107","chr5","43258967","43259274","57","24648169"
"chr6","18644669","18644961","chr19","31168814","31169108","77","12524145"
"chr6","18801211","18801497","chr13","10247200","10247479","50","8554011"
"chr6","19013530","19013815","chr13","68512088","68512376","49","49498558"
"chr6","19049810","19050105","chr11","113400461","113400758","52","94350651"
"chr6","19266758","19267060","chr7","87384353","87384653","55","68117595"
"chr6","19333574","19333901","chrX","45155908","45156218","72","25822334"
"chr6","19511237","19511321","chr22","11786497","11786582","15","7724740"
"chr6","19559481","19559790","chr11","71802142","71802449","57","52242661"
"chr6","19656801","19657093","chr6","80770616","80770907","49","61113815"
"chr6","19830684","19830940","chr2","183451406","183451660","39","163620722"
"chr6","19883819","19883864","chr1","77402005","77402050","4","57518186"
"chr6","19920497","19920787","chr6","134179992","134180276","55","114259495"
"chr6","19957054","19957348","chr13","95836072","95836367","54","75879018"
"chr6","20072696","20072981","chr14","19648213","19648502","55","424483"
"chr6","20218091","20218313","chr1","193743092","193743311","70","173525001"
"chr6","20220830","20221090","chr5","83788523","83788784","63","63567693"
"chr6","20242189","20242479","chr17","28540483","28540776","51","8298294"
"chr6","20313564","20313598","chr5","10485707","10485740","1","9827857"
"chr6","20899357","20899662","chr5","78565303","78565608","46","57665946"
"chr6","20899752","20900030","chr12","113634286","113634558","53","92734534"
"chr6","20995135","20995436","chr2","182220778","182221072","55","161225643"
"chr6","21085451","21085739","chr2","182134894","182135178","57","161049443"
"chr6","21095397","21095718","chr9","92955669","92955979","61","71860272"
"chr6","21169051","21169358","chr5","2193404","2193714","52","18975647"
"chr6","21415831","21416098","chr2","181858422","181858693","46","160442591"
"chr6","21476735","21476941","chr5","43373814","43374021","51","21897079"
"chr6","21685257","21685555","chr7","120468697","120468997","60","98783440"
"chr6","21736275","21736563","chr4","111340144","111340431","51","89603869"
"chr6","21780856","21781165","chr2","1940205","1940517","53","19840651"
"chr6","21792163","21792251","chr2","150796779","150796867","21","129004616"
"chr6","21838964","21839254","chr3","151198431","151198726","55","129359467"
"chr6","21845045","21845338","chr1","206060001","206060297","61","184214956"
"chr6","22305661","22305953","chr2","146570178","146570467","42","124264517"
"chr6","22530788","22531097","chr5","64592198","64592502","61","42061410"
"chr6","22681234","22681540","chr5","41268769","41269073","59","18587535"
"chr6","22964227","22964555","chrX","38848777","38849093","72","15884550"
"chr6","22983183","22983490","chr10","14690438","14690745","58","8292745"
"chr6","23018321","23018619","chr2","180221350","180221640","52","157203029"
"chr6","23325311","23325654","chr11","111005625","111005964","79","87680314"
"chr6","23345925","23346196","chr7","71772998","71773275","49","48427073"
"chr6","23355988","23356270","chr10","94342101","94342382","53","70986113"
"chr6","23787039","23787327","chrX","40344797","40345081","53","16557758"
"chr6","24031850","24032101","chr1","183290581","183290819","54","159258731"
"chr6","24274676","24274996","chr9","8917016","8917322","65","15357660"
"chr6","24317003","24317299","chr2","178993908","178994204","47","154676905"
"chr6","24432038","24432187","chr13","93223857","93224008","26","68791819"
"chr6","24436232","24436518","chr9","42661920","42662203","52","18225688"
"chr6","24945086","24945374","chr2","178346350","178346636","48","153401264"
"chr6","25282252","25282541","chr6","7755539","7755830","47","17526713"
"chr6","25542671","25542982","chr2","177742337","177742643","51","152199666"
"chr6","25587324","25587604","chr1","141613381","141613669","52","116026057"
"chr6","25624277","25624605","chr13","8871038","8871361","69","16753239"
"chr6","26250917","26251182","chr9","58102610","58102877","49","31851693"
"chr6","26322220","26322505","chr19","43659630","43659919","53","17337410"
"chr6","26446240","26446555","chr12","37179701","37180010","61","10733461"
"chr6","26865791","26866093","chr2","150553939","150554240","55","123688148"
"chr6","26965053","26965358","chr3","132019105","132019415","74","105054052"
"chr6","27030284","27030459","chr3","183689850","183690027","29","156659566"
"chr6","27064308","27064620","chr7","26124024","26124331","63","940284"
"chr6","27080292","27080586","chrUn_GL286409","932946","933236","55","26147346"
"chr6","27261768","27261851","chr5","4081439","4081525","20","23180329"
"chr6","27331882","27332142","chr5","68540557","68540826","63","41208675"
"chr6","27353704","27353747","chr7","46724194","46724241","5","19370490"
"chr6","27483526","27483598","chr10","25454407","25454478","15","2029119"
"chr6","27538877","27539184","chr14","77613723","77614028","48","50074846"
"chr6","28282716","28282853","chr1","155802357","155802487","28","127519641"
"chr6","28423248","28423495","chr7","8155269","8155505","69","20267979"
"chr6","28492259","28492579","chr22","13887239","13887540","68","14605020"
"chr6","28801271","28801546","chr2","174367599","174367879","44","145566328"
"chr6","28893847","28894130","chr2","174266017","174266316","52","145372170"
"chr6","28904264","28904396","chr13","43433121","43433253","20","14528857"
"chr6","28904415","28904457","chr8","97260104","97260146","18","68355689"
"chr6","29107729","29108035","chr2","146982644","146982948","55","117874915"
"chr6","29310808","29311112","chr1","168737564","168737866","49","139426756"
"chr6","29450599","29450801","chr22","33999801","34000000","39","4549202"
"chr6","29715743","29716014","chr11","20088953","20089218","58","9626790"
"chr6","29910422","29910478","chr2","97655048","97655103","5","67744626"
"chr6","30008976","30009097","chr12","82314094","82314209","25","52305118"
"chr6","30305631","30305939","chr4","73898424","73898724","56","43592793"
"chr6","30332223","30332367","chrX","62816449","62816579","36","32484226"
"chr6","30500541","30500849","chr5","78442568","78442876","43","47942027"
"chr6","30709022","30709179","chr12","50187581","50187735","29","19478559"
"chr6","30824828","30825139","chr9","108638571","108638873","44","77813743"
"chr6","30892138","30892420","chr2","172215052","172215329","39","141322914"
"chr6","31015644","31015946","chr7","70074333","70074637","43","39058689"
"chr6","31123258","31123568","chr10","21024965","21025274","48","10098293"
"chr6","31150856","31151127","chr7","25884081","25884342","64","5266775"
"chr6","31193572","31193852","chr11","7737967","7738246","49","23455605"
"chr6","31195499","31195807","chr12","37179701","37180010","51","5984202"
"chr6","31340977","31341277","chr2","171731703","171732013","41","140390726"
"chr6","31360049","31360239","chr22","2602482","2602650","73","28757567"
"chr6","31361956","31362270","chr4","158769812","158770108","56","127407856"
"chr6","31363361","31363666","chr5","1030125","1030433","48","30333236"
"chr6","31382497","31382815","chr2","171686407","171686695","51","140303910"
"chr6","31434061","31434347","chr4","10702550","10702832","64","20731511"
"chr6","31437264","31437573","chr2","171731703","171732013","50","140294439"
"chr6","31455000","31455117","chr2","171604505","171604622","12","140149505"
"chr6","31486368","31486545","chr5","133811119","133811288","35","102324751"
"chr6","31493446","31493775","chr20","21410052","21410387","73","10083394"
"chr6","31548788","31549094","chr14","77613723","77614028","44","46064935"
"chr6","31629147","31629273","chr10","128823476","128823600","18","97194329"
"chr6","31630695","31630996","chr4","139259106","139259407","46","107628411"
"chr6","31673541","31673804","chr2","67209347","67209605","56","35535806"
"chr6","31741026","31741259","chr20","32924964","32925214","54","1183938"
"chr6","31749627","31749918","chr7","28792443","28792734","54","2957184"
"chr6","31796928","31797223","chr1","170771447","170771746","43","138974519"
"chr6","31797661","31797953","chr19","23703813","23704099","51","8093848"
"chr6","31826238","31826559","chr9","35861462","35861781","62","4035224"
"chr6","31865871","31866172","chr7","70375823","70376126","47","38509952"
"chr6","31895323","31895618","chr5","59215180","59215478","50","27319857"
"chr6","31900355","31900662","chr2","171153652","171153961","52","139253297"
"chr6","31930674","31930970","chr12","20230563","20230858","39","11700111"
"chr6","31952698","31952995","chr4","31195106","31195401","52","757592"
"chr6","31958142","31958453","chr2","39815620","39815927","44","7857478"
"chr6","32059694","32059977","chr4","98746325","98746622","53","66686631"
"chr6","32132352","32132631","chr11","110116343","110116610","52","77983991"
"chr6","32168996","32169239","chr7","55836458","55836701","50","23667462"
"chr6","32189205","32189496","chr14","92265708","92266001","50","60076503"
"chr6","32222687","32222997","chrX","64172412","64172721","46","31949725"
"chr6","32231292","32231611","chr14","36974791","36975106","58","4743499"
"chr6","32242209","32242511","chr2","153267314","153267618","46","121025105"
"chr6","32254107","32254394","chr2","170800961","170801242","38","138546854"
"chr6","32257099","32257159","chr6","151803774","151803831","15","119546675"
"chr6","32268846","32269155","chr2","146982644","146982948","55","114713798"
"chr6","32303388","32303675","chr13","68512088","68512376","44","36208700"
"chr6","32328552","32328850","chr2","170729172","170729471","33","138400620"
"chr6","32330652","32330937","chr3","125727711","125728005","52","93397059"
"chr6","32350229","32350517","chr1","13162324","13162614","42","19187905"
"chr6","32381914","32382239","chr11","16106669","16106980","63","16275245"
"chr6","32758954","32759251","chr12","91457034","91457339","51","58698080"
"chr6","33045609","33045718","chr11","110868427","110868531","19","77822818"
"chr6","33158888","33159151","chr3","106564757","106565021","41","73405869"
"chr6","33175010","33175294","chr4","144777807","144778094","54","111602797"
"chr6","33206613","33206903","chr2","169846205","169846509","47","136639592"
"chr6","33251233","33251538","chr1","168255466","168255766","50","135004233"
"chr6","33327591","33327877","chr2","169751243","169751527","45","136423652"
"chr6","33488390","33488562","chr3","183689850","183690027","32","150201460"
"chr6","33797398","33797701","chr10","114546431","114546724","64","80749033"
"chr6","33801323","33801582","chr9","111169093","111169350","48","77367770"
"chr6","33802287","33802584","chr4","45189313","45189608","53","11387026"
"chr6","33927036","33927339","chr10","115586657","115586959","44","81659621"
"chr6","33951288","33951537","chr10","129476469","129476715","47","95525181"
"chr6","34030312","34030610","chr2","13919309","13919605","48","20111003"
"chr6","34032256","34032568","chr2","169003267","169003560","56","134971011"
"chr6","34094776","34094996","chr5","43373814","43374021","50","9279038"
"chr6","34109714","34110009","chr7","33547338","33547635","42","562376"
"chr6","34161431","34161731","chr5","106626420","106626712","58","72464989"
"chr6","34199546","34199843","chr22","42274761","42275058","52","8075215"
"chr6","34224129","34224439","chr1","154178819","154179123","51","119954690"
"chr6","34346742","34347013","chr5","31307802","31308083","64","3038940"
"chr6","34391736","34392005","chr3","111446138","111446410","47","77054402"
"chr6","34427371","34427637","chr2","168746494","168746768","56","134319123"
"chr6","34509230","34509521","chr12","107125942","107126232","40","72616712"
"chr6","34531615","34531902","chr4","11024595","11024872","55","23507020"
"chr6","34557550","34557844","chr2","168450584","168450875","47","133893034"
"chr6","34660379","34660547","chr5","110972979","110973149","30","76312600"
"chr6","34660993","34661125","chr5","10559689","10559821","17","24101304"
"chr6","34861180","34861426","chr5","61618994","61619252","55","26757814"
"chr6","35019253","35019540","chr12","13059558","13059860","79","21959695"
"chr6","35481503","35481816","chr15","62054327","62054617","65","26572824"
"chr6","35690807","35691116","chr1","157690991","157691302","52","122000184"
"chr6","35715825","35716126","chr9","99101374","99101680","59","63385549"
"chr6","35881134","35881352","chrX","120162403","120162628","42","84281269"
"chr6","35934585","35934746","chr1","151075825","151075965","36","115141240"
"chr6","36002158","36002468","chr20","10947414","10947722","55","25054744"
"chr6","36068734","36069033","chr5","116663888","116664187","44","80595154"
"chr6","36097522","36097738","chr4","21595882","21596080","49","14501640"
"chr6","36217298","36217597","chr2","137499546","137499827","57","101282248"
"chr6","36231040","36231182","chr7","10811943","10812091","32","25419097"
"chr6","36276880","36277163","chr2","129078851","129079134","47","92801971"
"chr6","36351282","36351580","chr22","30337656","30337951","46","6013626"
"chr6","36386894","36387183","chr9","39953667","39953955","52","3566773"
"chr6","36507667","36507961","chr9","80556998","80557291","50","44049331"
"chr6","36520813","36520918","chr22","38623425","38623536","26","2102612"
"chr6","36617637","36617944","chr8","26699415","26699723","46","9918222"
"chr6","36658674","36658974","chr3","39867139","39867445","62","3208465"
"chr6","36714880","36714981","chr1","160251075","160251170","14","123536195"
"chr6","36790973","36791285","chr2","166187401","166187708","51","129396428"
"chr6","36817897","36818146","chr5","3018050","3018300","65","33799847"
"chr6","36848110","36848270","chr4","171313994","171314158","25","134465884"
"chr6","36873563","36873872","chrUn_GL286217","143262","143564","51","36730301"
"chr6","36886048","36886370","chrX","91709114","91709404","81","54823066"
"chr6","36931292","36931588","chr8","101891681","101891969","50","64960389"
"chr6","36936819","36937097","chr1","116618974","116619261","56","79682155"
"chr6","37012909","37013226","chr6","132694921","132695233","57","95682012"
"chr6","37025709","37026031","chr2","99756788","99757092","66","62731079"
"chr6","37050820","37051112","chr12","27162707","27162997","55","9888113"
"chr6","37108676","37108946","chr5","108398058","108398331","53","71289382"
"chr6","37187622","37187918","chr2","52057155","52057458","50","14869533"
"chr6","37358371","37358648","chr2","165609946","165610218","33","128251575"
"chr6","37481686","37481987","chr7","74579378","74579682","55","37097692"
"chr6","37489877","37490053","chr1","91631110","91631283","25","54141233"
"chr6","37650284","37650584","chr2","71331505","71331809","43","33681221"
"chr6","37719720","37720020","chr16","71570137","71570438","44","33850417"
"chr6","37810522","37810795","chr2","165124948","165125217","39","127314426"
"chr6","38030631","38030926","chr2","164878629","164878927","36","126847998"
"chr6","38048312","38048636","chrX","61607149","61607473","59","23558837"
"chr6","38116126","38116408","chr8","110543944","110544225","51","72427818"
"chr6","38119010","38119309","chr12","20767031","20767333","40","17351979"
"chr6","38180691","38181004","chr4","151238342","151238657","47","113057651"
"chr6","38258411","38258634","chr4","21595882","21596080","80","16662529"
"chr6","38408307","38408610","chr1","194407069","194407372","52","155998762"
"chr6","38437582","38437773","chr7","50710204","50710388","32","12272622"
"chr6","38575437","38575563","chr12","48829961","48830089","23","10254524"
"chr6","38575641","38575827","chr17","34389949","34390137","37","4185692"
"chr6","38743681","38743813","chr5","11467185","11467315","18","27276496"
"chr6","38798517","38798811","chr10","35328937","35329229","54","3469580"
"chr6","38811500","38811803","chr2","164080613","164080919","41","125269113"
"chr6","39719973","39720125","chr10","27860046","27860203","33","11859927"
"chr6","39731064","39731383","chr2","169129486","169129808","61","129398422"
"chr6","39757346","39757665","chr2","169129486","169129808","61","129372140"
"chr6","39787633","39787915","chr8","97151075","97151355","49","57363442"
"chr6","39959849","39960104","chr2","162978432","162978674","47","123018583"
"chr6","40052568","40052710","chr1","151075825","151075965","24","111023257"
"chr6","40068124","40068460","chr2","162819841","162820141","71","122751717"
"chr6","40083838","40084138","chr2","146982644","146982948","60","106898806"
"chr6","40126809","40127100","chr6","47025183","47025470","52","6898374"
"chr6","40154466","40154772","chr2","162741959","162742272","44","122587493"
"chr6","40173936","40174221","chr17","41887885","41888178","62","1713949"
"chr6","40191564","40191866","chr5","85088060","85088351","51","44896496"
"chr6","40316913","40317035","chr17","19735139","19735263","17","20581774"
"chr6","40333992","40334289","chr7","29042352","29042646","55","11291640"
"chr6","40371981","40372055","chr9","44507265","44507335","13","4135284"
"chr6","40393788","40393880","chr12","9612526","9612620","11","30781262"
"chr6","40423749","40424064","chr20","8241787","8242100","56","32181962"
"chr6","40434604","40434913","chrX","128392444","128392759","64","87957840"
"chr6","40445329","40445615","chr5","94744931","94745213","57","54299602"
"chr6","40514342","40514626","chr1","186610138","186610422","47","146095796"
"chr6","41052802","41053079","chr1","167116975","167117247","53","126064173"
"chr6","41382071","41382368","chr5","47309745","47310037","52","5927674"
"chr6","41431895","41432189","chr2","147728720","147729015","45","106296825"
"chr6","41887232","41887532","chrUn_GL286217","143262","143564","45","41743970"
"chr6","41979955","41980107","chr1","206488140","206488281","44","164508185"
"chr6","42317638","42317756","chr20","10493105","10493221","21","31824533"
"chr6","42373395","42373619","chr1","98606452","98606663","61","56233057"
"chr6","42450989","42451296","chr2","71331505","71331809","50","28880516"
"chr6","42458990","42459213","chr5","38716996","38717227","38","3741994"
"chr6","42462156","42462460","chr16","92084445","92084750","45","49622289"
"chr6","42470652","42470950","chr10","99549243","99549540","51","57078591"
"chr6","42504553","42504660","chr8","97073331","97073441","19","54568778"
"chr6","42516179","42516504","chr12","89693023","89693339","67","47176844"
"chr6","42532145","42532424","chr2","136541690","136541970","56","94009545"
"chr6","42634907","42634962","chr7","54819198","54819253","9","12184291"
"chr6","42656622","42656762","chr2","160263425","160263553","26","117606803"
"chr6","42778126","42778420","chr12","51888773","51889064","51","9110647"
"chr6","42791550","42791838","chrX","46464393","46464684","62","3672843"
"chr6","43014125","43014309","chr2","159945609","159945792","19","116931484"
"chr6","43066987","43067275","chr4","25746204","25746495","50","17320783"
"chr6","43090773","43091060","chr2","159859641","159859927","34","116768868"
"chr6","43151060","43151365","chr11","14867729","14868035","67","28283331"
"chr6","43212428","43212724","chr3","151198431","151198726","51","107986003"
"chr6","43268967","43269269","chr5","88534353","88534650","60","45265386"
"chr6","43627327","43627613","chr19","43659630","43659919","47","32303"
"chr6","43647568","43647882","chr5","802010","802319","52","42845558"
"chr6","43954891","43955170","chr16","93560681","93560971","53","49605790"
"chr6","44390750","44391050","chr9","14539289","14539586","47","29851461"
"chr6","44820307","44820604","chr16","91274757","91275054","55","46454450"
"chr6","45023768","45024044","chrX","40344797","40345081","56","4678971"
"chr6","45261107","45261409","chrX","117877413","117877714","48","72616306"
"chr6","46290827","46291086","chr9","53552630","53552898","49","7261803"
"chr6","46595301","46595589","chr4","18194172","18194463","50","28401129"
"chr6","46654338","46654631","chr20","28221270","28221568","48","18433068"
"chr6","46782091","46782412","chr2","156835966","156836283","58","110053875"
"chr6","47614613","47614742","chr2","156006991","156007125","21","108392378"
"chr6","47827052","47827096","chrX","134988207","134988249","4","87161155"
"chr6","48670163","48670471","chr15","24029162","24029466","48","24641001"
"chr6","48769699","48769979","chr11","9566946","9567225","48","39202753"
"chr6","48865828","48866104","chr5","107761416","107761690","47","58895588"
"chr6","48873789","48874085","chr2","67197269","67197565","47","18323480"
"chr6","49079150","49079312","chr12","18349416","18349582","34","30729734"
"chr6","49262342","49262636","chr6","21900972","21901278","50","27361370"
"chr6","49479295","49479599","chr20","27065190","27065491","57","22414105"
"chr6","49569934","49570165","chr7","46460788","46461020","48","3109146"
"chr6","49595798","49596099","chr1","110260245","110260541","48","60664447"
"chr6","49620738","49621038","chr19","17467082","17467379","51","32153656"
"chr6","49629614","49629916","chr14","83083786","83084089","52","33454172"
"chr6","49941951","49942258","chr12","28744008","28744308","53","21197943"
"chr6","49988019","49988340","chr5","55380182","55380490","55","5392163"
"chr6","50138034","50138349","chr14","32553436","32553738","50","17584598"
"chr6","50165140","50165431","chr22","6924836","6925127","48","43240304"
"chr6","50398161","50398472","chr2","153369871","153370181","48","102971710"
"chr6","50408264","50408544","chr13","10247200","10247479","46","40161064"
"chr6","50464860","50465148","chr8","92886058","92886349","50","42421198"
"chr6","50566407","50566675","chr14","84140203","84140451","57","33573796"
"chr6","50791049","50791266","chr2","21530661","21530876","41","29260388"
"chr6","50801870","50802029","chr1","118846625","118846788","27","68044755"
"chr6","50967615","50967903","chr1","116618974","116619261","46","65651359"
"chr6","51216231","51216528","chr9","53035585","53035884","52","1819354"
"chr6","51341553","51341853","chr1","155648769","155649066","36","104307216"
"chr6","51419715","51419999","chr4","155605212","155605495","46","104185497"
"chr6","51526526","51526821","chr4","18194172","18194463","45","33332354"
"chr6","51550949","51551257","chr4","139259106","139259407","48","87708157"
"chr6","51623196","51623494","chr5","116663888","116664187","49","65040692"
"chr6","51626624","51626883","chr2","152130098","152130357","34","100503474"
"chr6","51728720","51728855","chr2","152039751","152039892","24","100311031"
"chr6","51756971","51757249","chr12","5016127","5016403","42","46740844"
"chr6","51797334","51797627","chr2","151937135","151937427","49","100139801"
"chr6","51835250","51835525","chr19","23143947","23144220","46","28691303"
"chr6","51881438","51881535","chrX","59683575","59683680","28","7802137"
"chr6","52082247","52082537","chr2","151629479","151629760","44","99547232"
"chr6","52110388","52110674","chr9","88981764","88982047","47","36871376"
"chr6","52133413","52133458","chr6","74223857","74223903","6","22090444"
"chr6","52170265","52170469","chr14","15780147","15780351","36","36390118"
"chr6","52194127","52194429","chr1","74734044","74734352","51","22539917"
"chr6","52214022","52214330","chr2","67197269","67197565","59","14983247"
"chr6","52267471","52267767","chr10","47002282","47002575","46","5265189"
"chr6","52327486","52327636","chr9","104921086","104921235","27","52593600"
"chr6","52332614","52332906","chr2","151378311","151378612","45","99045697"
"chr6","52363497","52363770","chr19","6492931","6493204","45","45870566"
"chr6","52379708","52380006","chr2","151333028","151333320","42","98953320"
"chr6","52381100","52381416","chr6","75230350","75230656","50","22849250"
"chr6","52548497","52548777","chr2","151170238","151170519","39","98621741"
"chr6","52849742","52849856","chr10","59876636","59876744","20","7026894"
"chr6","52862094","52862384","chr6","57780653","57780942","47","4918559"
"chr6","53000566","53000874","chr8","29283402","29283703","49","23717164"
"chr6","53030646","53030946","chr21","44694630","44694929","38","8336016"
"chr6","53063634","53063743","chr11","60184186","60184294","18","7120552"
"chr6","53065271","53065557","chr9","80161510","80161800","58","27096239"
"chr6","53114499","53114760","chr11","110289265","110289530","53","57174766"
"chr6","53145455","53145710","chr20","36793053","36793310","54","16352402"
"chr6","53156329","53156635","chr11","97158963","97159255","57","44002634"
"chr6","53162562","53162844","chr19","31366058","31366340","39","21796504"
"chr6","53189010","53189316","chr2","54692894","54693183","53","1503884"
"chr6","53201141","53201440","chr5","116663888","116664187","46","63462747"
"chr6","53203298","53203602","chr7","70375823","70376126","48","17172525"
"chr6","53266927","53267243","chr10","21024965","21025274","67","32241962"
"chr6","53280041","53280362","chr2","150430811","150431106","57","97150770"
"chr6","53293317","53293563","chr5","24083022","24083274","45","29210295"
"chr6","53333008","53333316","chr14","83083786","83084089","45","29750778"
"chr6","53345034","53345233","chr3","47480697","47480906","42","5864337"
"chr6","53352065","53352368","chr5","11662865","11663166","46","41689200"
"chr6","53357787","53358087","chr2","150366735","150367042","45","97008948"
"chr6","53419119","53419421","chr9","40949830","40950127","49","12469289"
"chr6","53571876","53572154","chr8","105153403","105153673","51","51581527"
"chr6","53932028","53932342","chr3","95253645","95253951","64","41321617"
"chr6","54003345","54003634","chr12","108797245","108797536","71","54793900"
"chr6","54097731","54098034","chr2","146982644","146982948","52","92884913"
"chr6","54215480","54215762","chr2","149454524","149454795","43","95239044"
"chr6","54247718","54248023","chr5","124645645","124645952","48","70397927"
"chr6","54675132","54675306","chr14","5066742","5066904","35","49608390"
"chr6","54944602","54944912","chr21","44694630","44694929","46","10249972"
"chr6","55062371","55062681","chr5","35808238","35808548","55","19254133"
"chr6","55265314","55265588","chr13","55243419","55243698","51","21895"
"chr6","55309552","55309819","chr12","12480733","12481005","51","42828819"
"chr6","55533977","55534263","chr2","133594255","133594519","62","78060278"
"chr6","56215075","56215373","chr22","5265518","5265816","44","50949557"
"chr6","56252991","56253284","chr2","146903745","146904038","45","90650754"
"chr6","56516954","56517057","chr4","146858408","146858506","13","90341454"
"chr6","56536912","56537014","chr4","151708797","151708894","19","95171885"
"chr6","56621049","56621345","chr2","146558119","146558395","64","89937070"
"chr6","56624249","56624380","chr2","38461997","38462128","15","18162252"
"chr6","56692864","56693137","chr2","94796166","94796443","50","38103302"
"chr6","56807002","56807309","chr2","146356942","146357240","38","89549940"
"chr6","56830384","56830670","chr5","144164144","144164432","47","87333760"
"chr6","57000226","57000528","chr7","33547338","33547635","47","23452888"
"chr6","57038847","57038949","chr16","50638532","50638619","21","6400315"
"chr6","57064858","57064894","chr13","58751621","58751652","10","1686763"
"chr6","57097609","57097915","chr2","146038770","146039068","42","88941161"
"chr6","57399543","57399855","chr4","151238342","151238657","50","93838799"
"chr6","57509289","57509585","chr14","77613723","77614028","56","20104434"
"chr6","57542975","57543263","chrX","18432136","18432433","52","39110839"
"chr6","57731664","57731970","chr17","23811331","23811638","49","33920333"
"chr6","57824348","57824653","chr2","145244683","145244977","53","87420335"
"chr6","57991452","57991743","chr7","30907560","30907847","45","27083892"
"chr6","57993199","57993431","chr2","7870495","7870735","49","50122704"
"chr6","58008247","58008535","chr4","108464628","108464932","53","50456381"
"chr6","58043221","58043508","chr2","145025775","145026073","51","86982554"
"chr6","58054122","58054433","chr4","54370195","54370493","77","3683927"
"chr6","58104771","58105058","chr22","40459253","40459545","53","17645518"
"chr6","58122458","58122749","chr5","155454803","155455074","76","97332345"
"chr6","58131811","58132098","chr2","144941604","144941892","57","86809793"
"chr6","58132467","58132736","chr4","134894149","134894416","47","76761682"
"chr6","58136649","58136798","chr7","31521571","31521726","34","26615078"
"chr6","58147232","58147540","chr2","150624041","150624344","52","92476809"
"chr6","58154451","58154686","chr2","144908827","144909068","37","86754376"
"chr6","58154696","58154969","chr4","111014709","111014982","49","52860013"
"chr6","58188778","58188932","chr9","39113778","39113932","29","19075000"
"chr6","58191331","58191624","chr2","144870225","144870522","55","86678894"
"chr6","58204724","58205014","chr6","107747326","107747613","67","49542602"
"chr6","58265861","58266162","chrX","16102878","16103172","50","42162983"
"chr6","58307950","58308105","chr22","39506936","39507092","24","18801014"
"chr6","58308146","58308301","chr10","131789573","131789722","33","73481427"
"chr6","58325632","58325918","chr22","35858140","35858429","51","22467492"
"chr6","58360826","58360915","chr1","200652532","200652619","17","142291706"
"chr6","58407697","58407941","chr7","61663530","61663767","40","3255833"
"chr6","58416776","58416908","chr2","144661949","144662076","20","86245173"
"chr6","59012907","59013174","chr13","10133960","10134225","46","48878947"
"chr6","59192517","59192816","chr2","143897376","143897675","47","84704859"
"chr6","59249756","59250023","chr2","143852554","143852826","39","84602798"
"chr6","59561480","59561770","chr2","143499114","143499401","45","83937634"
"chr6","59682693","59682950","chr2","143351471","143351725","47","83668778"
"chr6","59747517","59747600","chr5","4081439","4081525","13","55666078"
"chr6","60000142","60000275","chr9","98847182","98847315","23","38847040"
"chr6","60224017","60224313","chr7","29042352","29042646","48","31181665"
"chr6","60385477","60385769","chrX","141612449","141612748","55","81226972"
"chr6","60429810","60430089","chr2","142503758","142504043","42","82073948"
"chr6","60546242","60546551","chr5","73075939","73076252","49","12529697"
"chr6","60697351","60697634","chr10","100408257","100408540","45","39710906"
"chr6","60849495","60849633","chr21","35676365","35676504","25","25173130"
"chr6","60868261","60868571","chrX","85991242","85991544","46","25122981"
"chr6","61077158","61077453","chr5","61409167","61409457","54","332009"
"chr6","61094262","61094573","chr14","69866837","69867141","47","8772575"
"chr6","61190567","61190858","chr5","50537784","50538079","37","10652783"
"chr6","61204093","61204380","chr19","31366058","31366340","45","29838035"
"chr6","61241529","61241819","chr10","102413583","102413873","49","41172054"
"chr6","61275880","61275973","chr2","15984857","15984951","15","45291023"
"chr6","61298677","61298958","chr3","4724517","4724795","51","56574160"
"chr6","61366394","61366606","chr3","111522733","111522938","47","50156339"
"chr6","61426523","61426810","chr16","26172371","26172659","52","35254152"
"chr6","61428774","61429079","chr5","41268769","41269073","53","20160005"
"chr6","61429228","61429491","chr7","80271706","80271969","50","18842478"
"chr6","61490827","61490924","chr15","64360839","64360932","14","2870012"
"chr6","61508881","61509141","chr4","25771642","25771902","55","35737239"
"chr6","61538788","61539091","chr1","174903852","174904158","48","113365064"
"chr6","61590994","61591280","chr5","61025909","61026199","45","565085"
"chr6","61636916","61637224","chr2","141234146","141234450","45","79597230"
"chr6","61674690","61674970","chr9","111004423","111004700","47","49329733"
"chr6","61724586","61724887","chr4","5114628","5114934","58","56609958"
"chr6","61821660","61821940","chr2","17686816","17687098","64","44134844"
"chr6","61831811","61832122","chr2","141055239","141055536","55","79223428"
"chr6","61903550","61903850","chr13","50048062","50048357","57","11855488"
"chr6","61942979","61943289","chr5","2193404","2193714","46","59749575"
"chr6","61998442","61998728","chr21","37272816","37273104","49","24725626"
"chr6","62009723","62010033","chr18","28078185","28078496","50","33931538"
"chr6","62012501","62012804","chr2","140884953","140885238","53","78872452"
"chr6","62036098","62036402","chr17","8594153","8594456","44","53441945"
"chr6","62055535","62055834","chr9","92955669","92955979","56","30900134"
"chr6","62082628","62082913","chr19","15585463","15585749","40","46497165"
"chr6","62115583","62115874","chr2","140784269","140784566","40","78668686"
"chr6","62279405","62279712","chr2","8630069","8630362","59","53649336"
"chr6","62450771","62450859","chr11","82052665","82052760","17","19601894"
"chr6","62456631","62456936","chr16","86316810","86317132","64","23860179"
"chr6","62516901","62517214","chr2","146982644","146982948","47","84465743"
"chr6","62596429","62596746","chr4","152013452","152013750","72","89417023"
"chr6","62874140","62874451","chr2","11077390","11077699","58","51796750"
"chr6","62956309","62956611","chr2","203225383","203225677","48","140269074"
"chr6","63014802","63015113","chr10","59014810","59015115","51","3999992"
"chr6","63140254","63140553","chr10","80449759","80450058","44","17309505"
"chr6","63168737","63169028","chr5","144164144","144164432","44","80995407"
"chr6","63319421","63319573","chr13","36180089","36180243","36","27139332"
"chr6","63466401","63466696","chr2","139356682","139356968","41","75890281"
"chr6","63830331","63830642","chr2","71331505","71331809","45","7501174"
"chr6","63918890","63918990","chr4","136590978","136591071","21","72672088"
"chr6","63938030","63938324","chr2","138895255","138895564","64","74957225"
"chr6","63945272","63945569","chr2","67197269","67197565","41","3251997"
"chr6","63957255","63957569","chr2","138877252","138877558","61","74919997"
"chr6","63974055","63974325","chrX","39469583","39469846","58","24504472"
"chr6","64138422","64138766","chrX","38848777","38849093","80","25289645"
"chr6","64267700","64268006","chr5","55380182","55380490","52","8887518"
"chr6","64347221","64347438","chr2","62182150","62182366","37","2165071"
"chr6","64367417","64367709","chr6","80770616","80770907","46","16403199"
"chr6","64393955","64394176","chr2","21530661","21530876","42","42863294"
"chr6","64590580","64590870","chr4","106702443","106702725","53","42111863"
"chr6","64602307","64602608","chr9","2505816","2506114","48","62096491"
"chr6","64675848","64675980","chr11","120625719","120625851","21","55949871"
"chr6","64748110","64748206","chr8","71602620","71602714","14","6854510"
"chr6","64829126","64829425","chr11","122768480","122768757","55","57939354"
"chr6","64830947","64831254","chr1","154178819","154179123","58","89347872"
"chr6","64884784","64885079","chr14","77613723","77614028","44","12728939"
"chr6","64889294","64889603","chr13","16769800","16770106","51","48119494"
"chr6","64909192","64909490","chr5","99783216","99783512","48","34874024"
"chr6","64917061","64917371","chr14","19796863","19797165","50","45120198"
"chr6","64932731","64932999","chr15","1171970","1172245","41","63760761"
"chr6","64982617","64982913","chr8","105687092","105687385","47","40704475"
"chr6","65026527","65026833","chr14","89013914","89014220","60","23987387"
"chr6","65029484","65029749","chr2","137773728","137774024","51","72744244"
"chr6","65035254","65035387","chr2","137768348","137768472","17","72733094"
"chr6","65035881","65035990","chr19","46687946","46688049","13","18347935"
"chr6","65043509","65043807","chr13","63795202","63795505","54","1248307"
"chr6","65080853","65081157","chr2","137711750","137712057","39","72630897"
"chr6","65118366","65118679","chr2","137582530","137582832","37","72464164"
"chr6","65122046","65122102","chr10","128535005","128535062","5","63412959"
"chr6","65129913","65130213","chr19","985689","985983","52","64144224"
"chr6","65149045","65149337","chr1","193337980","193338276","61","128188935"
"chr6","65151836","65152142","chr2","71331505","71331809","54","6179669"
"chr6","65180795","65181102","chr4","139259106","139259407","48","74078311"
"chr6","65204619","65204922","chr19","27619331","27619631","49","37585288"
"chr6","65211010","65211310","chrX","10737832","10738131","50","54473178"
"chr6","65218465","65218766","chr8","48237339","48237638","55","16981126"
"chr6","65218767","65218911","chr6","118376492","118376635","25","53157725"
"chr6","65280398","65280646","chr12","12802070","12802312","48","52478328"
"chr6","65295723","65296029","chr7","70375823","70376126","46","5080100"
"chr6","65346345","65346602","chr2","137369405","137369672","38","72023060"
"chr6","65357207","65357509","chr8","123373167","123373474","52","58015960"
"chr6","65378963","65379267","chr9","45325979","45326278","53","20052984"
"chr6","65382396","65382691","chr6","149679127","149679437","65","84296731"
"chr6","65408557","65408851","chr7","25925292","25925587","63","39483265"
"chr6","65474220","65474522","chrX","17705039","17705341","53","47769181"
"chr6","65477117","65477289","chr13","97710433","97710611","36","32233316"
"chr6","65497434","65497570","chr7","100664229","100664355","31","35166795"
"chr6","65504358","65504657","chr2","137169438","137169744","39","71665080"
"chr6","65515335","65515527","chr7","62269901","62270097","45","3245434"
"chr6","65520816","65521103","chr9","46777958","46778230","55","18742858"
"chr6","65523166","65523478","chr2","1940205","1940517","53","63582961"
"chr6","65540870","65541144","chr12","84460780","84461060","48","18919910"
"chr6","65546114","65546419","chr7","87384353","87384653","55","21838239"
"chr6","65546733","65547024","chr2","137122610","137122902","37","71575877"
"chr6","65569528","65569692","chr2","137097048","137097210","23","71527520"
"chr6","65597431","65597731","chr4","71933212","71933503","49","6335781"
"chr6","65599531","65599724","chr14","34046246","34046434","28","31553285"
"chr6","65604697","65604819","chr5","89327101","89327224","22","23722404"
"chr6","65610480","65610790","chr2","137039777","137040080","54","71429297"
"chr6","65621310","65621401","chr9","66763072","66763159","12","1141762"
"chr6","65668087","65668383","chr9","108561006","108561303","46","42892919"
"chr6","65728620","65728884","chr2","136917646","136917909","42","71189026"
"chr6","65732900","65732992","chrX","62874575","62874670","19","2858325"
"chr6","65809310","65809602","chrX","122140594","122140885","42","56331284"
"chr6","65830677","65830921","chr2","136810782","136811026","33","70980105"
"chr6","65914131","65914450","chr2","136724903","136725225","41","70810772"
"chr6","66071107","66071399","chr2","66989134","66989436","47","918027"
"chr6","66308110","66308391","chr19","15585463","15585749","44","50722647"
"chr6","66357209","66357484","chr10","100408257","100408540","51","34051048"
"chr6","66489732","66490026","chr4","139259106","139259407","54","72769374"
"chr6","66767826","66768109","chr2","131501585","131501869","42","64733759"
"chr6","66807683","66807989","chr2","135765816","135766138","50","68958133"
"chr6","66848797","66849097","chr4","139259106","139259407","43","72410309"
"chr6","66849854","66850130","chr5","72712443","72712712","49","5862589"
"chr6","66883490","66883555","chr1","192937716","192937777","10","126054226"
"chr6","66912417","66912693","chr19","6492931","6493204","52","60419486"
"chr6","66996738","66997046","chrX","90721471","90721774","47","23724733"
"chr6","67003505","67003814","chr14","76157685","76157986","47","9154180"
"chr6","67023142","67023444","chr10","99720711","99721015","55","32697569"
"chr6","67027092","67027241","chr14","32609409","32609557","31","34417683"
"chr6","67027244","67027554","chr2","71331505","71331809","50","4304261"
"chr6","67081635","67081945","chr2","135462689","135462999","54","68381054"
"chr6","67145439","67145749","chr7","70375823","70376126","50","3230384"
"chr6","67160816","67161086","chr5","57595002","57595278","58","9565814"
"chr6","67161089","67161381","chr12","107125942","107126232","41","39964853"
"chr6","67202937","67203212","chr2","135326699","135326973","40","68123762"
"chr6","67209116","67209413","chr2","135321049","135321339","52","68111933"
"chr6","67254975","67255261","chr2","135283880","135284172","49","68028905"
"chr6","67526511","67526678","chr15","61715136","61715301","31","5811375"
"chr6","67559345","67559634","chr7","27626090","27626385","52","39933255"
"chr6","67619966","67620271","chr14","915738","916038","46","66704228"
"chr6","67653453","67653759","chr2","134867614","134867919","48","67214161"
"chr6","67656345","67656630","chr4","137135438","137135728","47","69479093"
"chr6","67733082","67733368","chr2","134796796","134797075","46","67063714"
"chr6","67751919","67752222","chr2","17996148","17996446","49","49755771"
"chr6","67766062","67766154","chr22","23212343","23212439","21","44553719"
"chr6","67787679","67787984","chr10","1666053","1666355","42","66121626"
"chr6","67793964","67794254","chr12","107125942","107126232","54","39331978"
"chr6","67919667","67919957","chr10","13670605","13670898","43","54249062"
"chr6","68612074","68612384","chr2","146982644","146982948","49","78370570"
"chr6","68639196","68639516","chr2","133850725","133851018","59","65211529"
"chr6","68683679","68683836","chr2","133813308","133813465","18","65129629"
"chr6","68767942","68768237","chr2","147728720","147729015","40","78960778"
"chr6","68783660","68783966","chr20","22599729","22600035","52","46183931"
"chr6","68827245","68827543","chr7","58917227","58917519","58","9910018"
"chr6","68865105","68865387","chr13","9982043","9982324","45","58883062"
"chr6","68897915","68898183","chr2","133594255","133594519","49","64696340"
"chr6","69026586","69026872","chr2","2218970","2219260","51","66807616"
"chr6","69091406","69091713","chr10","1666053","1666355","47","67425353"
"chr6","69115559","69115732","chr20","1976364","1976531","27","67139195"
"chr6","69117504","69117811","chr19","17448176","17448478","47","51669328"
"chr6","69194822","69195162","chr12","15959917","15960256","57","53234905"
"chr6","69276242","69276548","chr5","41268769","41269073","53","28007473"
"chr6","69317395","69317684","chr14","47989140","47989429","45","21328255"
"chr6","69329450","69329605","chr6","42829292","42829452","28","26500158"
"chr6","69377676","69377904","chr5","63874230","63874463","49","5503446"
"chr6","69451028","69451180","chr2","144873184","144873334","35","75422156"
"chr6","69472241","69472552","chrX","63118288","63118597","44","6353953"
"chr6","69483312","69483593","chr5","15018059","15018351","50","54465253"
"chr6","69487217","69487523","chr5","73075939","73076252","48","3588722"
"chr6","69555095","69555399","chr21","44694630","44694929","46","24860465"
"chr6","69650036","69650326","chr21","35283943","35284237","37","34366093"
"chr6","69709936","69710244","chr2","132792068","132792367","51","63082132"
"chr6","69861941","69862233","chr12","107125942","107126232","41","37264001"
"chr6","70027619","70027914","chr2","132447949","132448242","42","62420330"
"chr6","70306019","70306217","chrX","61969353","61969547","42","8336666"
"chr6","70320377","70320525","chr3","138398136","138398282","27","68077759"
"chr6","70488318","70488624","chr2","150624041","150624344","48","80135723"
"chr6","70533958","70534256","chr5","83138079","83138381","54","12604121"
"chr6","70591201","70591476","chr6","71394303","71394576","62","803102"
"chr6","70653621","70653949","chr9","78447237","78447554","70","7793616"
"chr6","70694719","70694845","chr5","39827158","39827291","21","30867561"
"chr6","70696969","70697298","chr2","131733658","131733977","52","61036689"
"chr6","70729342","70729651","chr5","73075939","73076252","52","2346597"
"chr6","70765966","70766257","chr2","131655852","131656136","48","60889886"
"chr6","70809235","70809529","chr2","39828090","39828388","41","30981145"
"chr6","70827351","70827642","chr2","131589323","131589623","54","60761972"
"chr6","70834883","70835028","chr1","210193741","210193885","33","139358858"
"chr6","70842588","70842869","chr2","131572371","131572643","54","60729783"
"chr6","70857543","70857675","chr4","9872496","9872626","15","60985047"
"chr6","70869606","70869848","chr11","120331998","120332232","63","49462392"
"chr6","70874856","70875155","chr1","206060001","206060297","45","135185145"
"chr6","70915334","70915637","chr2","17996148","17996446","45","52919186"
"chr6","70926063","70926336","chr15","28476630","28476895","51","42449433"
"chr6","70937388","70937704","chr10","127697989","127698296","55","56760601"
"chr6","70947963","70948250","chr2","2218970","2219260","57","68728993"
"chr6","70969112","70969412","chr9","17943911","17944216","51","53025201"
"chr6","71057137","71057449","chr12","51888773","51889064","57","19168364"
"chr6","71062539","71062836","chr1","155648769","155649066","41","84586230"
"chr6","71226498","71226734","chr5","110506984","110507220","38","39280486"
"chr6","71398374","71398647","chr2","131018489","131018768","43","59620115"
"chr6","71425102","71425407","chr19","24478304","24478609","39","46946798"
"chr6","71447117","71447427","chr17","24186873","24187179","54","47260244"
"chr6","71510355","71510479","chr5","89327101","89327224","24","17816746"
"chr6","71519382","71519645","chr1","201609608","201609871","59","130090226"
"chr6","71640173","71640217","chr5","94690104","94690150","5","23049931"
"chr6","71709997","71710316","chr7","67355562","67355869","56","4354435"
"chr6","71777441","71777577","chr12","19510211","19510345","25","52267230"
"chr6","71903055","71903263","chr3","47480697","47480906","37","24422358"
"chr6","71903323","71903440","chr4","44735746","44735863","22","27167577"
"chr6","71928464","71928761","chr12","15538273","15538557","54","56390191"
"chr6","71973240","71973480","chr2","61748866","61749092","61","10224374"
"chr6","72022820","72023118","chr12","100907645","100907942","51","28884825"
"chr6","72023144","72023276","chr5","133090766","133090898","23","61067622"
"chr6","72026344","72026650","chr2","130361829","130362133","54","58335485"
"chr6","72183976","72184256","chr8","75280125","75280408","47","3096149"
"chr6","72288743","72289041","chr7","24906412","24906703","50","47382331"
"chr6","72293688","72293984","chr6","7755539","7755830","47","64538149"
"chr6","72407647","72407697","chr11","94005467","94005514","8","21597820"
"chr6","72508005","72508307","chr2","161510671","161510977","48","89002666"
"chr6","72553814","72554102","chr2","129828534","129828821","43","57274720"
"chr6","72554576","72554866","chrX","18432136","18432433","54","54122440"
"chr6","72779523","72779815","chr2","129601219","129601517","48","56821696"
"chr6","72820629","72820910","chr14","71916100","71916372","57","904529"
"chr6","72837204","72837507","chrX","43479712","43480012","49","29357492"
"chr6","72875658","72875965","chr14","32553436","32553738","46","40322222"
"chr6","72975374","72975670","chr5","43258967","43259274","50","29716407"
"chr6","72986879","72987171","chr2","129366869","129367166","50","56379990"
"chr6","73156353","73156622","chr2","129162722","129162985","39","56006369"
"chr6","73168631","73168900","chr7","78230765","78231034","46","5062134"
"chr6","73195541","73195860","chr14","6471804","6472122","54","66723737"
"chr6","73207902","73208190","chr2","129107323","129107596","45","55899421"
"chr6","73225429","73225701","chr12","113634286","113634558","44","40408857"
"chr6","73249044","73249274","chr10","105242142","105242359","52","31993098"
"chr6","73262697","73262863","chr17","67507130","67507290","28","5755567"
"chr6","73275198","73275492","chr2","129039425","129039716","48","55764227"
"chr6","73307049","73307201","chr2","129004637","129004797","26","55697588"
"chr6","73335878","73336173","chr1","155481150","155481435","58","82145272"
"chr6","73476326","73476621","chr7","25925292","25925587","40","47551034"
"chr6","73494635","73494945","chr2","128773807","128774115","53","55279172"
"chr6","73510641","73510940","chr11","116346925","116347227","53","42836284"
"chr6","73514589","73514867","chr12","90567947","90568226","48","17053358"
"chr6","73525325","73525565","chr9","18197010","18197245","67","55328315"
"chr6","73559065","73559360","chr1","155648769","155649066","45","82089704"
"chr6","73567227","73567525","chr5","116663888","116664187","47","43096661"
"chr6","73569672","73569975","chr8","29283402","29283703","38","44286270"
"chr6","73641179","73641410","chr4","3699826","3700060","44","69941353"
"chr6","73663861","73664167","chr2","128600692","128600991","48","54936831"
"chr6","73703204","73703502","chr4","139259106","139259407","50","65555902"
"chr6","73714104","73714301","chr2","128553423","128553623","41","54839319"
"chr6","73732007","73732313","chr1","152570018","152570318","51","78838011"
"chr6","73767826","73768119","chr2","128501543","128501829","40","54733717"
"chr6","73815065","73815360","chr5","139889919","139890213","41","66074854"
"chr6","73843359","73843654","chr8","29283402","29283703","47","44559957"
"chr6","73853139","73853447","chr11","116346925","116347227","52","42493786"
"chr6","73983664","73983962","chr2","128283579","128283884","36","54299915"
"chr6","73994228","73994511","chr7","4971040","4971263","102","69023188"
"chr6","74017011","74017319","chr5","124645645","124645952","50","50628634"
"chr6","74088844","74089132","chr4","6145331","6145621","52","67943513"
"chr6","74129227","74129528","chr5","65296228","65296517","48","8832999"
"chr6","74136637","74136926","chr10","84893142","84893435","52","10756505"
"chr6","74161841","74162150","chr2","128103039","128103355","49","53941198"
"chr6","74163811","74164120","chrX","64172412","64172721","43","9991399"
"chr6","74189080","74189352","chr1","37267371","37267646","43","36921709"
"chr6","74223743","74224027","chr20","27613486","27613778","47","46610257"
"chr6","74256837","74257118","chr3","6434374","6434664","45","67822463"
"chr6","74272304","74272501","chr12","21369762","21369957","43","52902542"
"chr6","74282278","74282450","chr18","36312570","36312735","27","37969708"
"chr6","74299181","74299487","chr10","48283501","48283804","45","26015680"
"chr6","74316708","74316999","chr12","107125942","107126232","41","32809234"
"chr6","74337052","74337351","chr9","99956407","99956710","39","25619355"
"chr6","74359579","74359863","chr1","157027757","157028045","59","82668178"
"chr6","74401799","74402099","chr19","11713191","11713490","50","62688608"
"chr6","74405980","74406107","chr7","61621760","61621895","31","12784220"
"chr6","74522446","74522752","chr5","124645645","124645952","54","50123199"
"chr6","74563338","74563601","chr6","132408951","132409222","47","57845613"
"chr6","74644029","74644324","chr7","25925292","25925587","52","48718737"
"chr6","74674956","74675257","chr7","33547338","33547635","43","41127618"
"chr6","74757235","74757539","chr10","99549243","99549540","48","24792008"
"chr6","74804301","74804600","chr2","17996148","17996446","44","56808153"
"chr6","74826727","74827012","chr2","127352399","127352667","57","52525672"
"chr6","74851158","74851450","chr11","97158963","97159255","52","22307805"
"chr6","74854648","74854939","chr3","53477572","53477856","48","21377076"
"chr6","74863429","74863723","chr1","201346514","201346805","45","126483085"
"chr6","74881273","74881562","chr2","52679343","52679626","44","22201930"
"chr6","74918807","74919105","chr4","49094455","49094753","50","25824352"
"chr6","74933752","74934053","chr2","127271209","127271507","40","52337457"
"chr6","74954573","74954619","chr11","6046189","6046236","4","68908384"
"chr6","75003753","75003998","chr2","127186718","127186966","40","52182965"
"chr6","75019100","75019363","chr9","114704790","114705040","49","39685690"
"chr6","75215707","75215987","chr12","27922791","27923078","49","47292916"
"chr6","75268432","75268806","chr12","99732602","99732958","111","24464170"
"chr6","75576101","75576412","chr5","73075939","73076252","47","2500162"
"chr6","75606095","75606389","chr12","51888773","51889064","42","23717322"
"chr6","75687042","75687267","chr14","2794925","2795146","47","72892117"
"chr6","75793146","75793429","chr11","74173885","74174163","51","1619261"
"chr6","75805833","75806126","chr2","126372689","126372979","42","50566856"
"chr6","76006579","76006721","chr1","93239077","93239215","19","17232498"
"chr6","76007124","76007426","chr2","126157668","126157962","47","50150544"
"chr6","76013092","76013386","chr2","126152129","126152420","42","50139037"
"chr6","76220991","76221244","chr2","125949257","125949515","37","49728266"
"chr6","76268961","76269252","chr9","100544255","100544554","41","24275294"
"chr6","76358660","76358970","chr10","89965128","89965435","49","13606468"
"chr6","76431331","76431619","chr2","18284165","18284462","66","58147166"
"chr6","76484593","76484895","chr9","14539289","14539586","43","61945304"
"chr6","76764194","76764495","chr2","125356421","125356715","39","48592227"
"chr6","77163702","77163971","chr1","4470943","4471220","48","72692759"
"chr6","77183350","77183659","chrUn_GL286397","1130596","1130909","48","76052754"
"chr6","77183929","77184208","chr1","180589014","180589283","66","103405085"
"chr6","77258511","77258823","chr10","10473186","10473493","53","66785325"
"chr6","77455848","77455972","chr19","47888722","47888846","23","29567126"
"chr6","77655526","77655809","chr5","133808477","133808768","49","56152951"
"chr6","77726838","77727106","chr6","154377858","154378131","58","76651020"
"chr6","77764684","77764981","chr8","96453388","96453680","42","18688704"
"chr6","77898465","77898762","chr4","54370195","54370493","48","23528270"
"chr6","77932434","77932563","chr2","104486328","104486458","19","26553894"
"chr6","78068154","78068329","chr15","41892555","41892730","32","36175599"
"chr6","78287223","78287530","chr2","123841288","123841588","60","45554065"
"chr6","78491946","78492249","chr2","1679121","1679426","55","76812825"
"chr6","78535139","78535380","chr8","105549929","105550192","63","27014790"
"chr6","78591543","78591820","chr2","29899697","29899980","55","48691846"
"chr6","78810643","78810939","chr5","80121277","80121568","56","1310634"
"chr6","78913189","78913421","chr8","77240699","77240925","62","1672490"
"chr6","79232831","79233111","chr1","167116975","167117247","60","87884144"
"chr6","79332763","79332983","chr11","127485095","127485317","38","48152332"
"chr6","79357573","79357746","chr2","131597618","131597785","34","52240045"
"chr6","79399900","79400054","chr7","75083332","75083480","29","4316568"
"chr6","80038620","80038910","chr4","144777807","144778094","49","64739187"
"chr6","80115812","80115935","chr2","122017060","122017183","22","41901248"
"chr6","80332640","80332946","chr1","160479292","160479595","58","80146652"
"chr6","80360608","80360913","chr16","45674189","45674487","48","34686419"
"chr6","80762249","80762542","chr10","114546431","114546724","49","33784182"
"chr6","80918935","80919245","chr5","116046595","116046904","58","35127660"
"chr6","81007771","81008062","chr17","27714276","27714560","57","53293495"
"chr6","81047905","81048190","chr2","121067357","121067640","44","40019452"
"chr6","81057496","81057609","chr5","46237390","46237508","17","34820106"
"chr6","81342216","81342509","chr9","313539","313832","45","81028677"
"chr6","81342966","81343277","chr10","94235006","94235309","51","12892040"
"chr6","81359895","81360198","chr5","38842722","38843017","54","42517173"
"chr6","81363395","81363690","chr2","120748135","120748424","41","39384740"
"chr6","81405830","81406116","chr10","82921268","82921557","43","1515438"
"chr6","81562300","81562612","chr15","96355814","96356120","58","14793514"
"chr6","81674910","81675165","chr3","182152241","182152490","66","100477331"
"chr6","82089450","82089730","chr13","89870675","89870958","45","7781225"
"chr6","82360481","82360779","chr12","26860508","26860805","51","55499973"
"chr6","82372250","82372541","chr2","119717583","119717863","53","37345333"
"chr6","82420071","82420374","chr5","64592198","64592502","48","17827873"
"chr6","82448603","82448897","chr2","39828090","39828388","54","42620513"
"chr6","82714296","82714590","chr4","57887004","57887304","56","24827292"
"chr6","82727927","82728221","chr2","119353420","119353719","46","36625493"
"chr6","82849135","82849428","chr12","102748139","102748432","57","19899004"
"chr6","83032182","83032468","chr12","79497897","79498186","57","3534285"
"chr6","83553686","83553988","chr2","118518951","118519257","46","34965265"
"chr6","84128494","84128794","chr5","143673297","143673537","107","59544803"
"chr6","84437592","84437660","chr2","29486737","29486803","6","54950855"
"chr6","84438281","84438581","chr2","164878629","164878927","54","80440348"
"chr6","84443811","84444098","chr7","30907560","30907847","52","53536251"
"chr6","84522509","84522821","chr14","69866837","69867141","57","14655672"
"chr6","84642717","84643017","chr2","117317786","117318081","38","32675069"
"chr6","84678812","84679128","chr9","105072042","105072344","69","20393230"
"chr6","84813756","84814053","chr2","117141799","117142093","47","32328043"
"chr6","84858067","84858371","chr1","168255466","168255766","49","83397399"
"chr6","85205598","85205883","chr1","92257912","92258194","55","7052314"
"chr6","85210205","85210506","chr22","38966910","38967209","45","46243295"
"chr6","85217489","85217776","chr2","1572464","1572757","54","83645025"
"chr6","85254283","85254564","chr2","116698550","116698832","36","31444267"
"chr6","85277362","85277643","chr3","19993966","19994253","57","65283396"
"chr6","85285831","85286140","chr9","91914844","91915147","51","6629013"
"chr6","85339947","85340224","chr5","76172590","76172876","44","9167357"
"chr6","85340795","85341106","chr10","21024965","21025274","37","64315830"
"chr6","85343330","85343630","chr2","116605494","116605790","43","31262164"
"chr6","85359695","85359821","chr14","64108497","64108623","22","21251198"
"chr6","85360386","85360648","chrX","57654224","57654489","59","27706162"
"chr6","85366584","85366751","chr15","19677931","19678100","42","65688653"
"chr6","85380621","85380918","chr16","6809919","6810217","47","78570702"
"chr6","85391869","85392102","chrX","120162403","120162628","45","34770534"
"chr6","85408511","85408777","chr1","192828584","192828863","50","107420073"
"chr6","85429659","85429910","chr2","116515409","116515639","49","31085750"
"chr6","85477608","85477885","chr9","46777958","46778230","60","38699650"
"chr6","85519158","85519444","chr19","32901051","32901335","53","52618107"
"chr6","85615969","85616056","chr5","115404998","115405082","8","29789029"
"chr6","85745404","85745592","chr1","191817382","191817565","42","106071978"
"chr6","85887406","85887713","chr21","50218914","50219220","41","35668492"
"chr6","86093012","86093305","chr9","83573818","83574110","48","2519194"
"chr6","86230930","86231241","chr5","73075939","73076252","51","13154991"
"chr6","86496164","86496488","chrX","64172412","64172721","65","22323752"
"chr6","86762508","86762806","chrUn_GL286435","69026","69328","49","86693482"
"chr6","86798396","86798699","chr5","73075939","73076252","50","13722457"
"chr6","86914617","86914926","chr5","73075939","73076252","47","13838678"
"chr6","87085209","87085523","chr9","101210178","101210488","54","14124969"
"chr6","87121864","87122181","chr2","114773419","114773723","59","27651555"
"chr6","87162494","87162797","chr7","54716569","54716863","53","32445925"
"chr6","87241889","87242185","chr1","155648769","155649066","42","68406880"
"chr6","87394163","87394433","chr2","114473675","114473947","37","27079512"
"chr6","87514005","87514280","chr19","29182887","29183161","60","58331118"
"chr6","87664567","87664864","chr2","114156588","114156885","46","26492021"
"chr6","87697678","87697960","chr2","114120980","114121264","39","26423302"
"chr6","87857132","87857165","chr4","13589569","13589602","4","74267563"
"chr6","88009830","88010056","chr1","199541886","199542107","45","111532056"
"chr6","88037121","88037204","chr1","141129090","141129169","18","53091969"
"chr6","88075834","88076122","chr4","71933212","71933503","41","16142622"
"chr6","88222726","88222859","chr11","116167894","116168024","21","27945168"
"chr6","88281022","88281312","chr2","113522942","113523232","47","25241920"
"chr6","88644941","88645020","chr2","113174478","113174560","14","24529537"
"chr6","88694268","88694566","chr5","149996534","149996823","52","61302266"
"chr6","88843436","88843618","chr22","6660273","6660438","37","82183163"
"chr6","89084921","89085187","chr2","112700897","112701173","55","23615976"
"chr6","89189226","89189443","chr12","56323732","56323966","45","32865494"
"chr6","89208937","89209198","chr2","112583629","112583904","64","23374692"
"chr6","89334130","89334428","chr2","112458791","112459091","42","23124661"
"chr6","89360991","89361269","chr6","66745564","66745848","46","22615427"
"chr6","89425677","89425967","chr12","51888773","51889064","40","37536904"
"chr6","89457346","89457515","chr2","112318851","112319023","22","22861505"
"chr6","89554610","89554905","chr2","112217926","112218218","40","22663316"
"chr6","89642014","89642249","chr5","106738756","106738989","43","17096742"
"chr6","89642310","89642547","chrX","45890322","45890557","55","43751988"
"chr6","89797128","89797443","chr9","99101374","99101680","60","9304246"
"chr6","89888060","89888361","chr9","25525997","25526295","47","64362063"
"chr6","89907726","89908024","chr3","112538165","112538465","43","22630439"
"chr6","90222530","90222842","chr1","136803882","136804189","48","46581352"
"chr6","90294320","90294361","chrX","15428193","15428233","2","74866127"
"chr6","90409231","90409397","chr2","111325762","111325930","15","20916531"
"chr6","90415545","90415893","chr2","111319285","111319663","69","20903740"
"chr6","90417281","90417515","chr16","85921176","85921410","39","4496105"
"chr6","90520106","90520421","chr8","123373167","123373474","66","32853061"
"chr6","90573143","90573440","chr11","63854336","63854645","59","26718807"
"chr6","90588705","90588997","chr4","38367185","38367480","69","52221520"
"chr6","90769899","90770155","chr11","125241881","125242127","105","34471982"
"chr6","90845255","90845558","chr1","104253890","104254191","59","13408635"
"chr6","90911973","90912257","chr2","71302060","71302351","58","19609913"
"chr6","90933049","90933317","chr11","96641586","96641863","65","5708537"
"chr6","90950159","90950466","chr15","96456872","96457177","53","5506713"
"chr6","90960872","90961199","chr7","67355562","67355869","66","23605310"
"chr6","91040597","91040881","chr14","92265708","92266001","48","1225111"
"chr6","91194189","91194468","chr5","121931995","121932269","65","30737806"
"chr6","91283701","91283991","chr4","98746325","98746622","48","7462624"
"chr6","92074917","92075286","chr7","90602727","90603071","95","1472190"
"chr6","92619433","92619721","chr6","119011301","119011592","46","26391868"
"chr6","92773320","92773624","chr2","108887889","108888178","51","16114569"
"chr6","92795055","92795359","chrX","17705039","17705341","55","75090016"
"chr6","92826567","92826607","chr19","27723428","27723475","10","65103139"
"chr6","92834163","92834223","chr13","5767821","5767879","8","87066342"
"chr6","92840248","92840587","chr2","74361604","74361941","60","18478644"
"chr6","92949846","92950130","chr2","108698864","108699141","51","15749018"
"chr6","92958524","92958786","chr2","36962442","36962702","50","55996082"
"chr6","92964084","92964369","chr7","79794746","79795031","48","13169338"
"chr6","92989830","92990102","chr11","74173885","74174163","60","18815945"
"chr6","93033469","93033747","chr2","108576621","108576909","46","15543152"
"chr6","93113143","93113426","chr7","6692350","6692629","52","86420793"
"chr6","93210576","93210878","chr1","152570018","152570318","46","59359442"
"chr6","93239670","93239950","chr2","108217173","108217460","43","14977503"
"chr6","93472153","93472440","chr11","22994754","22995044","52","70477399"
"chr6","94039835","94040127","chr12","107125942","107126232","38","13086107"
"chr6","94227355","94227481","chr6","113318399","113318522","28","19091044"
"chr6","94675798","94675959","chr11","23813828","23813991","35","70861970"
"chr6","95073377","95073681","chr5","124645645","124645952","48","29572268"
"chr6","95302652","95302938","chr12","107125942","107126232","48","11823290"
"chr6","95351970","95352085","chr9","88341181","88341289","18","7010789"
"chr6","95363377","95363672","chr7","33547338","33547635","49","61816039"
"chr6","95401433","95401710","chr7","32426442","32426720","52","62974991"
"chr6","95406070","95406372","chr19","17448176","17448478","54","77957894"
"chr6","95913227","95913512","chr22","28491541","28491832","52","67421686"
"chr6","96547355","96547533","chr3","183689850","183690027","33","87142495"
"chr6","96810494","96810808","chr2","104313441","104313740","51","7502947"
"chr6","96859250","96859547","chr2","203225383","203225677","50","106366133"
"chr6","97110232","97110329","chr5","1759512","1759601","20","95350720"
"chr6","97269264","97269568","chr7","79083385","79083683","49","18185879"
"chr6","97345026","97345331","chr2","146982644","146982948","55","49637618"
"chr6","97541723","97541817","chr1","142575047","142575148","17","45033324"
"chr6","97982406","97982716","chr18","28078185","28078496","50","69904221"
"chr6","98001341","98001528","chr5","105291654","105291829","44","7290313"
"chr6","98032219","98032525","chr6","75230350","75230656","44","22801869"
"chr6","98661748","98662064","chr19","11726113","11726424","62","86935635"
"chr6","98974625","98974734","chr1","206246927","206247036","16","107272302"
"chr6","98975917","98976026","chr1","206246927","206247036","16","107271010"
"chr6","99156146","99156432","chr10","100408257","100408540","50","1252111"
"chr6","99464314","99464601","chr11","77965713","77965999","56","21498601"
"chr6","99604977","99605271","chr1","104253890","104254191","56","4648913"
"chr6","99832716","99833028","chr11","28125301","28125613","54","71707415"
"chr6","99849795","99850087","chr15","607445","607738","66","99242350"
"chr6","100046501","100046819","chr2","12763386","12763696","63","87283115"
"chr6","100216756","100217059","chr9","40949830","40950127","51","59266926"
"chr6","100521843","100522125","chr14","13871396","13871677","48","86650447"
"chr6","100554856","100555161","chr7","42598521","42598823","52","57956335"
"chr6","100571075","100571363","chr19","23703813","23704099","47","76867262"
"chr6","101073095","101073404","chr2","99794400","99794708","49","1278695"
"chr6","101117070","101117374","chr2","99756788","99757092","36","1360282"
"chr6","101132643","101132933","chrX","5636981","5637273","41","95495662"
"chr6","101179689","101179973","chr2","99693316","99693602","48","1486373"
"chr6","101504578","101504864","chr2","142503758","142504043","51","40999180"
"chr6","101581993","101582293","chr14","96507520","96507814","61","5074473"
"chr6","101690232","101690534","chr2","150624041","150624344","45","48933809"
"chr6","101774035","101774337","chr2","99057562","99057883","49","2716473"
"chr6","101903235","101903428","chr10","74440982","74441174","38","27462253"
"chr6","101978690","101978993","chr3","117540807","117541109","53","15562117"
"chr6","102242597","102242911","chr1","77745311","77745604","58","24497286"
"chr6","102490073","102490384","chr5","114223635","114223941","50","11733562"
"chr6","102530488","102530751","chr1","155679466","155679744","55","53148978"
"chr6","102535206","102535466","chr5","79212558","79212810","38","23322648"
"chr6","102551568","102551888","chrUn_GL286217","143262","143564","64","102408306"
"chr6","103023682","103023968","chr2","97711091","97711382","43","5312591"
"chr6","103042776","103043062","chr10","100408257","100408540","43","2634519"
"chr6","103087959","103088251","chr8","110870822","110871119","47","7782863"
"chr6","103114069","103114365","chr2","203225383","203225677","49","100111314"
"chr6","103131391","103131491","chr2","13209783","13209876","16","89921608"
"chr6","103176040","103176341","chr2","97546185","97546482","34","5629855"
"chr6","103229542","103229720","chr2","97497661","97497845","24","5731881"
"chr6","103260946","103261192","chr1","12314330","12314559","65","90946616"
"chr6","103400224","103400516","chr10","99483273","99483561","46","3916951"
"chr6","103463944","103464244","chr5","116663888","116664187","47","13199944"
"chr6","103561401","103561669","chr8","30436518","30436791","48","73124883"
"chr6","104179697","104180004","chr15","77085877","77086177","53","27093820"
"chr6","104269300","104269502","chr2","96410625","96410827","38","7858675"
"chr6","104508582","104508651","chr1","192937716","192937777","13","88429134"
"chr6","104558533","104558614","chr19","46478891","46478952","29","58079642"
"chr6","104559136","104559296","chr12","87023689","87023855","41","17535447"
"chr6","104561832","104562125","chr13","62481694","62481982","53","42080138"
"chr6","104737119","104737417","chr17","62830726","62831031","43","41906393"
"chr6","104827701","104828000","chr2","67197269","67197565","46","37630432"
"chr6","105309153","105309349","chr4","21595882","21596080","42","83713271"
"chr6","105314695","105315006","chr5","73075939","73076252","47","32238756"
"chr6","105438249","105438547","chr5","124645645","124645952","44","19207396"
"chr6","105523783","105524080","chr1","206060001","206060297","49","100536218"
"chr6","105600208","105600440","chr15","37733223","37733451","47","67866985"
"chr6","105627709","105628003","chrX","40379526","40379818","49","65248183"
"chr6","105634842","105635016","chr5","32501390","32501560","36","73133452"
"chr6","105684288","105684559","chrX","40344797","40345081","47","65339491"
"chr6","105692353","105692631","chr2","86189380","86189674","57","19502973"
"chr6","105784675","105784979","chr9","20427165","20427460","48","85357510"
"chr6","105792469","105792770","chr6","140581095","140581398","53","34788626"
"chr6","105811104","105811402","chr8","18313174","18313471","44","87497930"
"chr6","105949984","105950043","chr2","94639708","94639767","4","11310276"
"chr6","105980753","105980879","chr17","73927807","73927929","23","32052946"
"chr6","106007454","106007742","chr11","97213328","97213619","40","8794126"
"chr6","106033927","106034240","chr2","94544401","94544702","48","11489526"
"chr6","106060504","106060647","chr7","45919291","45919435","27","60141213"
"chr6","106079381","106079664","chr2","94494154","94494441","46","11585227"
"chr6","106079881","106080038","chr6","114762508","114762668","29","8682627"
"chr6","106401342","106401627","chr4","55150618","55150907","56","51250724"
"chr6","106468269","106468579","chr10","20930262","20930560","76","85538007"
"chr6","106542023","106542303","chrX","45902603","45902881","50","60639420"
"chr6","106545343","106545463","chr8","12714133","12714259","26","93831210"
"chr6","106631868","106632098","chr2","94141972","94142208","37","12489896"
"chr6","106633043","106633154","chr3","72030386","72030497","16","34602657"
"chr6","106706828","106707132","chr4","188719","189021","43","106518109"
"chr6","106734111","106734448","chr9","17812380","17812699","74","88921731"
"chr6","106758503","106758801","chr2","94014925","94015217","36","12743578"
"chr6","106763487","106763797","chr2","93997260","93997563","43","12766227"
"chr6","106771179","106771472","chr10","104048401","104048698","37","2722778"
"chr6","106974350","106974636","chr2","93757486","93757780","57","13216864"
"chr6","106990215","106990436","chr15","27638218","27638435","45","79351997"
"chr6","107009114","107009418","chrX","10624721","10625025","54","96384393"
"chr6","108237694","108237994","chr3","151868207","151868509","46","43630513"
"chr6","108301758","108302044","chr4","10702550","10702832","54","97599208"
"chr6","108454385","108454485","chr1","104388374","104388475","18","4066011"
"chr6","108957203","108957507","chr3","165389353","165389645","63","56432150"
"chr6","109131654","109131904","chr10","11481314","11481561","57","97650340"
"chr6","109315753","109316037","chr7","155162191","155162474","39","45846438"
"chr6","109441311","109441617","chr12","89912161","89912464","46","19529150"
"chr6","109484111","109484412","chr7","66415134","66415432","56","43068977"
"chr6","109793876","109794168","chr12","51315090","51315385","48","58478786"
"chr6","110100156","110100446","chr11","72643464","72643751","53","37456692"
"chr6","110485760","110486008","chr2","90144812","90145062","32","20340948"
"chr6","110730835","110731108","chr6","45277319","45277605","49","65453516"
"chr6","110834200","110834502","chr2","203225383","203225677","46","92391183"
"chr6","111201266","111201575","chr5","124645645","124645952","51","13444379"
"chr6","111307663","111307973","chr16","4934745","4935047","64","106372918"
"chr6","111460850","111461157","chr9","98911910","98912215","52","12548940"
"chr6","111784429","111784663","chr5","97116583","97116815","40","14667846"
"chr6","111961172","111961477","chr2","36478057","36478360","58","75483115"
"chr6","112106453","112106498","chrX","134988207","134988249","7","22881754"
"chr6","112163500","112163804","chr2","153267314","153267618","55","41103814"
"chr6","112526036","112526141","chr4","18185518","18185623","15","94340518"
"chr6","112655845","112656138","chr12","51888773","51889064","50","60767072"
"chr6","112692452","112692754","chr7","25925292","25925587","52","86767160"
"chr6","112727200","112727487","chr1","186610138","186610422","44","73882938"
"chr6","112874716","112874992","chr5","80121277","80121568","55","32753439"
"chr6","112910755","112910885","chr7","56721307","56721439","28","56189448"
"chr6","112911877","112911978","chr14","76036346","76036442","23","36875531"
"chr6","112926355","112926652","chr2","87565365","87565662","45","25360990"
"chr6","112940939","112941245","chr2","71331505","71331809","51","41609434"
"chr6","113053251","113053387","chr12","106627679","106627797","32","6425572"
"chr6","113053471","113053564","chr8","34164013","34164107","17","78889458"
"chr6","113055301","113055593","chr3","19993966","19994253","46","93061335"
"chr6","113059320","113059595","chr8","97925884","97926162","49","15133436"
"chr6","113087189","113087494","chr7","155162191","155162474","64","42075002"
"chr6","113089378","113089623","chr2","87388934","87389189","47","25700444"
"chr6","113093694","113093902","chr3","178398687","178398894","41","65304993"
"chr6","113126988","113127282","chr21","35283943","35284237","47","77843045"
"chr6","113153602","113153909","chr11","116346925","116347227","41","3193323"
"chr6","113163906","113164041","chr11","23435153","23435284","24","89728753"
"chr6","113190539","113190839","chrX","52447418","52447719","44","60743121"
"chr6","113224747","113225031","chr8","68895447","68895733","55","44329300"
"chr6","113259476","113259756","chr8","75280125","75280408","47","37979351"
"chr6","113345048","113345348","chr4","139259106","139259407","71","25914058"
"chr6","113374667","113374914","chr5","44606303","44606540","51","68768364"
"chr6","113381205","113381508","chr7","66759838","66760136","45","46621367"
"chr6","113669264","113669559","chr2","86717370","86717650","45","26951894"
"chr6","113682306","113682606","chrX","14757652","14757955","52","98924654"
"chr6","113790994","113791268","chr2","86578459","86578732","38","27212535"
"chr6","113945477","113945528","chr14","98289373","98289425","4","15656104"
"chr6","114266572","114266873","chr2","85985821","85986114","44","28280751"
"chr6","114385618","114385915","chr7","88697458","88697764","46","25688160"
"chr6","114441193","114441496","chr5","9589981","9590273","52","104851212"
"chr6","114500696","114500905","chr17","30030732","30030941","39","84469964"
"chr6","114590259","114590554","chr11","62126692","62126987","55","52463567"
"chr6","115367112","115367206","chr17","32764496","32764590","15","82602616"
"chr6","115397017","115397145","chr6","157656558","157656691","32","42259541"
"chr6","115407437","115407486","chr4","31038680","31038729","3","84368757"
"chr6","115722194","115722488","chr4","38367185","38367480","45","77355009"
"chr6","116075099","116075405","chrUn_GL286217","143262","143564","55","115931837"
"chr6","116099607","116099831","chr5","143673297","143673537","52","27573690"
"chr6","116166277","116166568","chr5","6460439","6460731","44","109705838"
"chr6","116310652","116310941","chr5","61025909","61026199","48","55284743"
"chr6","116318911","116319211","chr19","11947351","11947655","51","104371560"
"chr6","116394850","116395125","chr19","18047858","18048139","53","98346992"
"chr6","116554678","116554975","chr21","35283943","35284237","42","81270735"
"chr6","116723928","116724232","chr2","150624041","150624344","44","33900113"
"chr6","116728456","116728755","chr2","83216984","83217274","50","33511472"
"chr6","116832569","116832873","chr3","117540807","117541109","49","708238"
"chr6","116918071","116918395","chr2","59309203","59309514","62","57608868"
"chr6","117072944","117073236","chr1","172687648","172687936","55","55614704"
"chr6","117250255","117250617","chr7","91691107","91691440","100","25559148"
"chr6","117253919","117254231","chr5","55380182","55380490","46","61873737"
"chr6","117339573","117339773","chr7","67376829","67377029","34","49962744"
"chr6","117446316","117446626","chr6","75230350","75230656","49","42215966"
"chr6","117506670","117506920","chr12","23771537","23771792","70","93735133"
"chr6","117520891","117521198","chr6","139261526","139261826","58","21740635"
"chr6","117884067","117884366","chr2","82001997","82002301","54","35882070"
"chr6","118069008","118069320","chr2","81787924","81788225","40","36281084"
"chr6","118139879","118140184","chr9","99956407","99956710","47","18183472"
"chr6","118149123","118149348","chr9","58607743","58607968","44","59541380"
"chr6","118276198","118276484","chr7","54715110","54715403","47","63561088"
"chr6","118361320","118361622","chr5","116663888","116664187","59","1697432"
"chr6","118513981","118514240","chr2","81324800","81325071","48","37189181"
"chr6","118559214","118559515","chr5","99783216","99783512","57","18775998"
"chr6","118804345","118804610","chr1","109301915","109302180","56","9502430"
"chr6","118817013","118817290","chr1","197465921","197466196","52","78648908"
"chr6","119540921","119541222","chrX","17705039","17705341","50","101835882"
"chr6","120054686","120054783","chr8","27692526","27692619","20","92362160"
"chr6","120069597","120069900","chr13","63795202","63795505","46","56274395"
"chr6","120147538","120147815","chr7","155162191","155162474","48","35014653"
"chr6","120159582","120159861","chr1","180589014","180589283","58","60429432"
"chr6","120263911","120264216","chr15","96355814","96356120","51","23908097"
"chr6","120292115","120292415","chr2","1940205","1940517","60","118351910"
"chr6","120338881","120339181","chrX","64172412","64172721","52","56166469"
"chr6","120356676","120356980","chrUn_GL286217","143262","143564","43","120213414"
"chr6","120375614","120375780","chr2","79362807","79362970","31","41012807"
"chr6","120407700","120408009","chrX","107561323","107561629","72","12846377"
"chr6","120408818","120409111","chr13","95836072","95836367","46","24572746"
"chr6","120426434","120426741","chr2","79316093","79316410","50","41110341"
"chr6","120439790","120440014","chr7","113989876","113990110","41","6449914"
"chr6","120444548","120444639","chr22","2790806","2790896","13","117653742"
"chr6","120449763","120450050","chr9","111806239","111806531","48","8643524"
"chr6","120466095","120466217","chr4","12707422","12707540","31","107758673"
"chr6","120483274","120483574","chr3","117540807","117541109","51","2942467"
"chr6","120502827","120503103","chr5","43272103","43272376","43","77230724"
"chr6","120506742","120507082","chr15","37514276","37514606","62","82992466"
"chr6","120513178","120513303","chr16","44442384","44442512","25","76070794"
"chr6","120582488","120582778","chr2","79144960","79145270","48","41437528"
"chr6","120605983","120606272","chr7","23394846","23395132","47","97211137"
"chr6","120656203","120656497","chr10","13670605","13670898","38","106985598"
"chr6","120692159","120692459","chr2","79022368","79022659","38","41669791"
"chr6","120725230","120725322","chr7","15282612","15282696","20","105442618"
"chr6","120787542","120787845","chr10","80449759","80450058","54","40337783"
"chr6","120862762","120863064","chr8","91156447","91156748","51","29706315"
"chr6","121040937","121041221","chr2","78672755","78673044","43","42368182"
"chr6","121080708","121080988","chr10","100408257","100408540","47","20672451"
"chr6","121244014","121244310","chr2","78477216","78477524","56","42766798"
"chr6","121279071","121279291","chr3","118812740","118812956","40","2466331"
"chr6","121376870","121377153","chr15","73671310","73671594","46","47705560"
"chr6","121615809","121615977","chr2","78113089","78113258","15","43502720"
"chr6","121636468","121636773","chrUn_GL286217","143262","143564","50","121493206"
"chr6","121745980","121746275","chr4","44371451","44371741","51","77374529"
"chr6","121799466","121799780","chr5","59461001","59461310","50","62338465"
"chr6","121816538","121816838","chr15","71826280","71826577","51","49990258"
"chr6","121995741","121996036","chr10","48321055","48321354","48","73674686"
"chr6","122307911","122308224","chr9","17840993","17841300","56","104466918"
"chr6","122632084","122632357","chr2","47506221","47506493","52","75125863"
"chr6","122667671","122667949","chr7","71772998","71773275","57","50894673"
"chr6","122770741","122770995","chr15","49657505","49657761","47","73113236"
"chr6","122829683","122829970","chr5","100214606","100214894","46","22615077"
"chr6","123242014","123242314","chr1","206060001","206060297","51","82817987"
"chr6","123311268","123311495","chr2","76187993","76188215","34","47123275"
"chr6","123338882","123339051","chr16","76999836","77000000","27","46339046"
"chr6","123347521","123347795","chr6","60177826","60178112","74","63169695"
"chr6","123385344","123385506","chr3","134810410","134810571","30","11425066"
"chr6","123407300","123407596","chr9","108561006","108561303","50","14846294"
"chr6","123417384","123417680","chr2","76086573","76086874","47","47330811"
"chr6","123423534","123423823","chrUn_GL286373","2039558","2039846","48","121383976"
"chr6","123434646","123434944","chr15","39981685","39981986","53","83452961"
"chr6","123456771","123457075","chr2","1940205","1940517","49","121516566"
"chr6","123546263","123546559","chr7","78135655","78135948","49","45410608"
"chr6","123683001","123683295","chr11","65700168","65700463","52","57982833"
"chr6","124551498","124551806","chr2","43281105","43281414","54","81270393"
"chr6","124622830","124623129","chr11","122686903","122687200","43","1935927"
"chr6","124643674","124643983","chr5","124645645","124645952","51","1971"
"chr6","124712524","124712830","chr9","120468304","120468608","46","4244220"
"chr6","124756087","124756368","chr14","16146810","16147089","40","108609277"
"chr6","124939579","124939865","chr1","63396420","63396717","64","61543159"
"chr6","124948482","124948786","chr2","71331505","71331809","57","53616977"
"chr6","124964063","124964359","chr3","71082107","71082409","55","53881956"
"chr6","124978401","124978684","chrX","11382069","11382356","43","113596332"
"chr6","124988228","124988524","chr2","203225383","203225677","46","78237155"
"chr6","124995630","124995918","chr4","164145603","164145901","60","39149973"
"chr6","124997665","124997962","chr2","74213487","74213769","47","50784178"
"chr6","125044623","125044932","chr3","111477906","111478203","51","13566717"
"chr6","125090154","125090201","chr8","97260104","97260146","12","27830050"
"chr6","125090264","125090336","chr12","29017387","29017457","13","96072877"
"chr6","125090360","125090552","chr9","14473384","14473561","44","110616976"
"chr6","125179722","125180012","chr7","146349445","146349737","54","21169723"
"chr6","125201018","125201321","chr4","98746325","98746622","47","26454693"
"chr6","125204968","125205262","chr1","168255466","168255766","47","43050498"
"chr6","125272167","125272460","chr5","64986849","64987143","51","60285318"
"chr6","125276402","125276704","chr2","73882377","73882667","56","51394025"
"chr6","125278397","125278681","chr1","148438931","148439211","55","23160534"
"chr6","125283246","125283434","chr15","82830716","82830905","39","42452530"
"chr6","125313987","125314289","chr2","8714186","8714498","51","116599801"
"chr6","125314292","125314342","chrUn_GL286373","2104346","2104395","6","123209946"
"chr6","125321523","125321830","chr14","10074583","10074882","54","115246940"
"chr6","125454929","125455080","chr5","80103764","80103915","25","45351165"
"chr6","125634497","125634802","chr7","19898311","19898613","47","105736186"
"chr6","125858360","125858647","chr1","41686123","41686409","36","84172237"
"chr6","125932557","125932803","chr2","73114355","73114612","40","52818202"
"chr6","125960553","125960833","chrX","39454622","39454913","50","86505931"
"chr6","126022961","126023256","chrUn_GL286217","143262","143564","57","125879699"
"chr6","126093328","126093642","chr2","72940095","72940410","39","53153233"
"chr6","126094681","126094975","chr2","72939079","72939377","47","53155602"
"chr6","126108728","126109038","chr3","48450700","48451011","58","77658028"
"chr6","126187605","126187905","chr1","167964395","167964694","51","41776790"
"chr6","126199977","126200280","chr2","72849565","72849850","51","53350412"
"chr6","126202118","126202403","chr2","145309447","145309732","62","19107329"
"chr6","126204272","126204570","chr7","85080523","85080815","60","41123749"
"chr6","126221811","126222068","chr2","5619898","5620158","43","120601913"
"chr6","126272167","126272419","chr5","114403012","114403273","59","11869155"
"chr6","126290282","126290573","chr12","107125942","107126232","35","19164340"
"chr6","126296012","126296130","chr5","134501335","134501449","22","8205323"
"chr6","126421578","126421868","chr10","5304587","5304889","57","121116991"
"chr6","126433456","126433751","chr2","72616162","72616455","59","53817294"
"chr6","126434665","126434955","chr11","101020394","101020683","47","25414271"
"chr6","126500347","126500648","chr13","63795202","63795505","58","62705145"
"chr6","126501513","126501631","chrX","101805553","101805669","23","24695960"
"chr6","126512070","126512217","chr14","71349893","71350037","20","55162177"
"chr6","126519168","126519387","chrX","51311515","51311731","42","75207653"
"chr6","126525328","126525479","chr2","72509166","72509318","22","54016162"
"chr6","126525543","126525847","chr1","155898839","155899144","50","29373296"
"chr6","126529490","126529789","chr22","30337656","30337951","44","96191834"
"chr6","126575623","126575917","chr12","114854084","114854381","46","11721539"
"chr6","126579986","126580288","chr9","108638571","108638873","48","17941415"
"chr6","126588237","126588539","chr13","16769800","16770106","49","109818437"
"chr6","126592983","126593272","chr2","72436855","72437126","69","54156128"
"chr6","126602254","126602321","chr7","81099291","81099355","11","45502963"
"chr6","126626659","126626802","chr1","41517992","41518132","23","85108667"
"chr6","126627591","126627755","chr5","78438507","78438669","32","48189084"
"chr6","126653080","126653362","chr3","176405067","176405344","52","49751987"
"chr6","126758156","126758427","chr2","72245936","72246188","47","54512220"
"chr6","126806802","126807093","chr4","107983039","107983336","54","18823763"
"chr6","127000839","127000885","chr3","10610623","10610669","2","116390216"
"chr6","127057190","127057496","chr6","75230350","75230656","48","51826840"
"chr6","127108220","127108501","chr2","71865821","71866114","48","55242399"
"chr6","127160697","127160774","chr5","24676338","24676410","16","102484359"
"chr6","127186105","127186172","chr18","28034167","28034234","8","99151938"
"chr6","127222635","127222678","chr5","11370972","11371016","3","115851663"
"chr6","127532580","127532892","chrUn_GL286217","143262","143564","47","127389318"
"chr6","127540866","127541160","chr3","140099519","140099818","52","12558653"
"chr6","127560559","127560868","chr2","146982644","146982948","46","19422085"
"chr6","127561283","127561573","chr2","71320633","71320923","31","56240650"
"chr6","127565618","127565906","chr19","23703813","23704099","41","103861805"
"chr6","127574011","127574311","chr22","32340312","32340608","55","95233699"
"chr6","127582670","127582973","chrX","117763468","117763772","46","9819202"
"chr6","127592341","127592614","chr13","68512088","68512376","55","59080253"
"chr6","127616294","127616596","chr10","125503014","125503329","53","2113280"
"chr6","127622084","127622381","chrX","17705039","17705341","48","109917045"
"chr6","127638721","127639050","chr5","26925255","26925577","58","100713466"
"chr6","127639514","127639567","chr5","9693350","9693399","7","117946164"
"chr6","127649814","127650139","chr12","37179701","37180010","59","90470113"
"chr6","127734239","127734399","chr17","67507130","67507290","28","60227109"
"chr6","127766612","127766892","chr9","111529757","111530048","58","16236855"
"chr6","127769870","127770153","chr7","79794746","79795031","54","47975124"
"chr6","127791268","127791529","chr3","106564757","106565021","45","21226511"
"chr6","127813672","127813953","chr6","17854050","17854340","61","109959622"
"chr6","127850640","127850944","chr12","37179701","37180010","55","90670939"
"chr6","127852108","127852412","chr1","199360645","199360948","50","71508537"
"chr6","127862670","127862963","chr4","31195106","31195401","45","96667564"
"chr6","127892779","127893080","chr2","31055085","31055387","54","96837694"
"chr6","127941431","127941555","chr5","10559689","10559821","25","117381742"
"chr6","127957757","127958036","chr2","31114394","31114671","39","96843363"
"chr6","127973675","127973770","chr12","55355179","55355274","18","72618496"
"chr6","128002170","128002464","chr9","25525997","25526295","49","102476173"
"chr6","128071912","128072207","chr20","7098672","7098972","48","120973240"
"chr6","128157716","128157936","chr2","116295083","116295304","45","11862633"
"chr6","128191621","128191917","chr8","1302465","1302754","48","126889156"
"chr6","128207654","128207860","chr2","31391107","31391304","26","96816547"
"chr6","128212966","128213276","chr1","185105558","185105857","53","56892592"
"chr6","128218446","128218648","chr14","96757871","96758080","52","31460575"
"chr6","128220096","128220393","chr4","54370195","54370493","54","73849901"
"chr6","128267520","128267774","chrUn_GL286373","593604","593853","47","127673916"
"chr6","128291277","128291602","chr11","66042661","66042971","59","62248616"
"chr6","128350891","128351182","chr22","24512948","24513234","58","103837943"
"chr6","128352424","128352710","chr2","94796166","94796443","63","33556258"
"chr6","128362729","128363039","chr2","31540994","31541290","50","96821735"
"chr6","128363546","128363723","chr1","76981580","76981755","37","51381966"
"chr6","128364034","128364049","chr14","37531055","37531071","8","90832979"
"chr6","128364279","128364326","chr1","190874967","190875019","14","62510688"
"chr6","128403383","128403698","chr7","70421901","70422205","61","57981482"
"chr6","128413553","128413643","chr22","2790806","2790896","11","125622747"
"chr6","128443848","128443927","chr7","97668711","97668790","23","30775137"
"chr6","128452142","128452438","chr2","31617674","31617967","43","96834468"
"chr6","128491811","128492104","chr5","117609240","117609536","45","10882571"
"chr6","128492120","128492225","chr2","31664459","31664559","14","96827661"
"chr6","128504826","128505119","chr2","31677356","31677652","44","96827470"
"chr6","128505619","128505906","chrX","121428429","121428717","53","7077190"
"chr6","128571443","128571744","chr9","45325979","45326278","41","83245464"
"chr6","128586864","128587087","chr1","199541886","199542107","41","70955022"
"chr6","128588354","128588655","chr6","17854050","17854340","53","110734304"
"chr6","128702520","128702808","chr2","31884062","31884336","46","96818458"
"chr6","128849562","128849851","chr7","21918704","21918998","49","106930858"
"chr6","129012488","129012805","chr12","37179701","37180010","59","91832787"
"chr6","129218209","129218376","chr5","8719482","8719652","35","120498727"
"chr6","129363522","129363818","chr2","32573677","32573971","51","96789845"
"chr6","129814095","129814389","chr2","33010880","33011175","39","96803215"
"chr6","129836617","129836939","chr5","31560164","31560465","65","98276453"
"chr6","130090348","130090646","chrUn_GL286435","69026","69328","57","130021322"
"chr6","130481173","130481443","chr19","6492931","6493204","51","123988242"
"chr6","130788453","130788761","chr7","50997082","50997385","47","79791371"
"chr6","130914956","130915239","chr10","8143839","8144125","51","122771117"
"chr6","131042320","131042615","chr5","139889919","139890213","37","8847599"
"chr6","131071179","131071489","chr7","18990408","18990717","55","112080771"
"chr6","131073676","131073876","chr7","113350567","113350762","49","17723109"
"chr6","131078524","131078828","chr2","34332087","34332389","45","96746437"
"chr6","131251909","131252210","chr4","139259106","139259407","49","8007197"
"chr6","131267338","131267625","chr2","34563808","34564099","34","96703530"
"chr6","131305020","131305320","chr10","14690438","14690745","41","116614582"
"chr6","131320834","131321112","chrUn_GL288055","879","1155","45","131319955"
"chr6","131337307","131337612","chr6","151108613","151108922","45","19771306"
"chr6","131434016","131434311","chr10","84893142","84893435","49","46540874"
"chr6","131447033","131447331","chr13","74012801","74013097","40","57434232"
"chr6","131466510","131466810","chr14","83420159","83420454","51","48046351"
"chr6","131478385","131478669","chr2","34799675","34799951","45","96678710"
"chr6","131493087","131493413","chrUn_GL286435","69026","69328","66","131424061"
"chr6","131495278","131495589","chr15","33019547","33019857","40","98475731"
"chr6","131511915","131512091","chr12","121545337","121545509","27","9966578"
"chr6","131533636","131533934","chr11","61791687","61791981","43","69741949"
"chr6","131537932","131538218","chr1","186610138","186610422","42","55072206"
"chr6","131544751","131545060","chr2","34870285","34870580","56","96674466"
"chr6","131545475","131545769","chr2","39969951","39970236","63","91575524"
"chr6","131561692","131561975","chr6","78866277","78866553","57","52695415"
"chr6","131588137","131588431","chr10","80449759","80450058","51","51138378"
"chr6","131603383","131603625","chr5","78099242","78099485","37","53504141"
"chr6","131611071","131611371","chr6","17854050","17854340","57","113757021"
"chr6","131640622","131640913","chr17","26598758","26599040","67","105041864"
"chr6","131672065","131672350","chr12","49470345","49470640","55","82201720"
"chr6","131686314","131686613","chr2","35011997","35012309","49","96674317"
"chr6","131706909","131707214","chr2","137711750","137712057","53","6004841"
"chr6","131756235","131756537","chr10","100757276","100757573","46","30998959"
"chr6","131776382","131776555","chr20","1976364","1976531","33","129800018"
"chr6","131786728","131787026","chr2","147728720","147729015","49","15941992"
"chr6","131834972","131835267","chr7","155162191","155162474","52","23327219"
"chr6","131868351","131868606","chr2","35200760","35201008","45","96667591"
"chr6","131870085","131870372","chr1","183654838","183655127","66","51784753"
"chr6","131873913","131874206","chr5","78441297","78441601","55","53432616"
"chr6","131910690","131910964","chr2","10745222","10745491","56","121165468"
"chr6","131919959","131920242","chr13","73572414","73572691","49","58347545"
"chr6","131925849","131926111","chr15","59749787","59750044","50","72176062"
"chr6","131964370","131964423","chr9","58005342","58005393","6","73959028"
"chr6","132004965","132005271","chr2","11077390","11077699","54","120927575"
"chr6","132010808","132011117","chr2","150624041","150624344","49","18613233"
"chr6","132033964","132034163","chr13","40501546","40501742","38","91532418"
"chr6","132034165","132034240","chr12","7688604","7688680","11","124345561"
"chr6","132065867","132066190","chr15","23678217","23678535","94","108387650"
"chr6","132072338","132072589","chr2","35403177","35403423","30","96669161"
"chr6","132079414","132079739","chr9","92955669","92955979","58","39123745"
"chr6","132148335","132148627","chr1","43602469","43602758","54","88545866"
"chr6","132193921","132194178","chr2","35517285","35517545","60","96676636"
"chr6","132211053","132211131","chrX","88968491","88968575","21","43242562"
"chr6","132235484","132235789","chr4","135574288","135574591","53","3338804"
"chr6","132237260","132237556","chr2","35567409","35567697","46","96669851"
"chr6","132243328","132243628","chr5","64266316","64266614","47","67977012"
"chr6","132247405","132247683","chr9","35323793","35324067","51","96923612"
"chr6","132269991","132270288","chr10","8079265","8079560","46","124190726"
"chr6","132287658","132287879","chr10","27834176","27834398","39","104453482"
"chr6","132320360","132320662","chr2","36478057","36478360","47","95842303"
"chr6","132388045","132388323","chr2","35706838","35707130","47","96681207"
"chr6","132485706","132485866","chr6","114762508","114762668","28","17723198"
"chr6","132638740","132639038","chr2","35971678","35971956","42","96667062"
"chr6","132707218","132707342","chr7","63247549","63247671","17","69459669"
"chr6","132707532","132707795","chr8","33086664","33086933","61","99620868"
"chr6","132716260","132716566","chr1","139847840","139848147","49","7131580"
"chr6","132733060","132733327","chr13","14841711","14841967","49","117891349"
"chr6","132735437","132735746","chr1","199360645","199360948","42","66625208"
"chr6","132757210","132757489","chr2","9267194","9267473","45","123490016"
"chr6","132763920","132764115","chr18","40992216","40992417","44","91771704"
"chr6","132764875","132764985","chr1","52285295","52285404","26","80479580"
"chr6","132801006","132801313","chr5","55380182","55380490","54","77420824"
"chr6","132829428","132829717","chr2","36167755","36168040","46","96661673"
"chr6","132849112","132849412","chr1","13807754","13808053","41","119041358"
"chr6","132864627","132864927","chr11","121470693","121470985","53","11393934"
"chr6","132903048","132903109","chr7","18688136","18688194","7","114214912"
"chr6","133043019","133043149","chr2","36384432","36384563","19","96658587"
"chr6","133057513","133057740","chr1","66853211","66853437","41","66204302"
"chr6","133070571","133070808","chr1","205446082","205446331","48","72375511"
"chr6","133074815","133074895","chr5","138325968","138326047","14","5251153"
"chr6","133093393","133093666","chr1","151299421","151299700","52","18206028"
"chr6","133129173","133129472","chr2","36478057","36478360","39","96651116"
"chr6","133143809","133144116","chr2","36496678","36496967","53","96647131"
"chr6","133153442","133153734","chr2","67197269","67197565","51","65956173"
"chr6","133467399","133467714","chr2","10673170","10673480","45","122794229"
"chr6","133468203","133468515","chrX","46814655","46814956","49","86653548"
"chr6","133522873","133523187","chr9","9679426","9679735","63","123843447"
"chr6","133548627","133548925","chr11","96115316","96115612","51","37433311"
"chr6","133610630","133610928","chr14","77613723","77614028","50","55996907"
"chr6","133612344","133612646","chr6","118600755","118601054","50","15011589"
"chr6","133629457","133629712","chr3","150084384","150084637","53","16454927"
"chr6","133637312","133637587","chr2","36988574","36988869","47","96648738"
"chr6","133713262","133713372","chr12","101629664","101629768","16","32083598"
"chr6","133715561","133715859","chr5","83047784","83048085","38","50667777"
"chr6","133715946","133716256","chr2","150624041","150624344","50","16908095"
"chr6","133762531","133762836","chr2","37129272","37129570","57","96633259"
"chr6","133819610","133819898","chr7","155162191","155162474","49","21342581"
"chr6","133849255","133849422","chr14","1187059","1187217","37","132662196"
"chr6","133850580","133850880","chr4","139259106","139259407","45","5408526"
"chr6","133925262","133925420","chr6","8658834","8658992","32","125266428"
"chr6","133925442","133925753","chr1","92389360","92389668","57","41536082"
"chr6","133942030","133942340","chr5","113941851","113942164","45","20000179"
"chr6","133950952","133951259","chr14","83083786","83084089","44","50867166"
"chr6","133956047","133956339","chr13","39988031","39988324","52","93968016"
"chr6","133968581","133968827","chr5","153287092","153287345","46","19318511"
"chr6","133974826","133975126","chr9","14539289","14539586","48","119435537"
"chr6","133986821","133986947","chr11","119124926","119125055","19","14861895"
"chr6","133987351","133987646","chr22","38720655","38720951","41","95266696"
"chr6","134019993","134020271","chr18","4284707","4284992","49","129735286"
"chr6","134056863","134057175","chr8","93710494","93710805","51","40346369"
"chr6","134254560","134254851","chr12","41621215","41621505","44","92633345"
"chr6","134259901","134260192","chr9","76118191","76118484","38","58141710"
"chr6","134275287","134275574","chr12","107125942","107126232","50","27149345"
"chr6","134347267","134347577","chr2","37752078","37752365","62","96595189"
"chr6","134396599","134396694","chr12","21442672","21442768","16","112953927"
"chr6","134405463","134405741","chr5","113766868","113767157","59","20638595"
"chr6","134441657","134441816","chr2","37866292","37866437","25","96575365"
"chr6","134492039","134492328","chrX","18246949","18247233","53","116245090"
"chr6","134500867","134501138","chr2","37929738","37930002","35","96571129"
"chr6","134523669","134523961","chr8","95275471","95275771","45","39248198"
"chr6","134527573","134527856","chr1","148438931","148439211","44","13911358"
"chr6","134584036","134584331","chr2","67290895","67291183","65","67293141"
"chr6","134749775","134750089","chr2","71331505","71331809","52","63418270"
"chr6","134783350","134783640","chr5","158518457","158518746","49","23735107"
"chr6","134784142","134784218","chr10","43845154","43845229","11","90938988"
"chr6","134936188","134936462","chr1","200518150","200518420","49","65581962"
"chr6","134944415","134944702","chr5","47309745","47310037","50","87634670"
"chr6","134992778","134993080","chr12","50119223","50119516","55","84873555"
"chr6","135032265","135032582","chrX","64172412","64172721","52","70859853"
"chr6","135128622","135128725","chr1","173572964","173573065","14","38444342"
"chr6","135155868","135156174","chr14","69866837","69867141","49","65289031"
"chr6","135218672","135218986","chr2","1940205","1940517","49","133278467"
"chr6","135272848","135273160","chr2","12763386","12763696","49","122509462"
"chr6","135318040","135318326","chr12","102166250","102166540","51","33151790"
"chr6","135432594","135432844","chr2","37062497","37062752","54","98370097"
"chr6","135478140","135478407","chr14","36704307","36704571","55","98773833"
"chr6","135503267","135503564","chrX","51302067","51302358","48","84201200"
"chr6","135506241","135506550","chr10","1666053","1666355","53","133840188"
"chr6","135523747","135524043","chr5","93075725","93076019","50","42448022"
"chr6","135525810","135526110","chr5","139889919","139890213","35","4364109"
"chr6","135553073","135553374","chr2","39046573","39046863","43","96506500"
"chr6","135616089","135616396","chr2","39092505","39092804","41","96523584"
"chr6","135628109","135628417","chr9","101210178","101210488","47","34417931"
"chr6","135633017","135633327","chr2","39815620","39815927","52","95817397"
"chr6","135644918","135645205","chr5","144164144","144164432","49","8519226"
"chr6","135650095","135650299","chr2","39124080","39124283","23","96526015"
"chr6","135695081","135695375","chr22","44747997","44748286","50","90947084"
"chr6","135720644","135720948","chr1","152875268","152875578","53","17154624"
"chr6","135757214","135757487","chr3","164858470","164858748","49","29101256"
"chr6","135807561","135807881","chr9","36221607","36221938","69","99585954"
"chr6","135877981","135878210","chr2","32024437","32024664","32","103853544"
"chr6","135887506","135887612","chr22","16507435","16507537","17","119380071"
"chr6","135965172","135965279","chr1","206246927","206247036","17","70281755"
"chr6","135985950","135986245","chrX","47407382","47407676","51","88578568"
"chr6","136015620","136015679","chr10","128535005","128535062","8","7480615"
"chr6","136092623","136092719","chr4","71903359","71903457","11","64189264"
"chr6","136103383","136103685","chr2","150624041","150624344","41","14520658"
"chr6","136105431","136105727","chr3","52365996","52366297","48","83739435"
"chr6","136247546","136247846","chr4","61762579","61762878","39","74484967"
"chr6","136292718","136292876","chr20","28605374","28605532","27","107687344"
"chr6","136319243","136319552","chr2","39815620","39815927","39","96503623"
"chr6","136338967","136339247","chr2","39835716","39835993","36","96503251"
"chr6","136407324","136407442","chr12","82314094","82314209","17","54093230"
"chr6","136558619","136558722","chr22","34275656","34275762","22","102282963"
"chr6","136594935","136595242","chr2","40096216","40096521","44","96498719"
"chr6","136637799","136638094","chr2","40131793","40132093","56","96506006"
"chr6","136781359","136781658","chr4","139259106","139259407","51","2477747"
"chr6","136783929","136784219","chr2","203225383","203225677","40","66441454"
"chr6","136826796","136827083","chr2","203225383","203225677","46","66398587"
"chr6","136829140","136829444","chr12","90860286","90860594","46","45968854"
"chr6","136950051","136950340","chr1","13162324","13162614","44","123787727"
"chr6","137063593","137063826","chr9","103764845","103765077","41","33298748"
"chr6","137150502","137150803","chr1","10455735","10456039","50","126694767"
"chr6","137627264","137627566","chr3","140100776","140101069","58","2473512"
"chr6","137738479","137738771","chr2","41319009","41319309","47","96419470"
"chr6","138677042","138677249","chr12","101395801","101396004","49","37281241"
"chr6","138882525","138882831","chr2","42474588","42474898","49","96407937"
"chr6","139217882","139218189","chr2","71331505","71331809","54","67886377"
"chr6","139321824","139322051","chr1","66853211","66853437","46","72468613"
"chr6","139354019","139354315","chr1","155648769","155649066","52","16294750"
"chr6","139370590","139370884","chrX","7689022","7689320","42","131681568"
"chr6","139551309","139551573","chr7","79742496","79742750","53","59808813"
"chr6","139568108","139568399","chr7","50803128","50803418","46","88764980"
"chr6","139614535","139614832","chr6","118600755","118601054","51","21013780"
"chr6","139617809","139617925","chr17","26367543","26367663","20","113250266"
"chr6","139651031","139651315","chr3","121439460","121439741","51","18211571"
"chr6","139670315","139670597","chr7","155162191","155162474","45","15491876"
"chr6","139674121","139674431","chr5","55380182","55380490","50","84293939"
"chr6","139699652","139699832","chr5","395104","395283","27","139304548"
"chr6","139733833","139734016","chr5","125765250","125765427","33","13968583"
"chr6","139755257","139755353","chr5","35409951","35410049","14","104345306"
"chr6","139773148","139773454","chr2","43423849","43424149","45","96349299"
"chr6","139775148","139775414","chr2","43426428","43426706","49","96348720"
"chr6","139782838","139783130","chr12","83357145","83357434","46","56425693"
"chr6","139807343","139807653","chr4","139259106","139259407","51","548237"
"chr6","139812399","139812698","chr16","46721249","46721542","46","93091150"
"chr6","139830785","139830905","chr7","66901877","66901991","19","72928908"
"chr6","139842435","139842744","chr6","75230350","75230656","51","64612085"
"chr6","139889381","139889691","chrX","64172412","64172721","46","75716969"
"chr6","139896150","139896462","chr9","107891243","107891541","56","32004907"
"chr6","139910874","139911177","chr10","115586657","115586959","44","24324217"
"chr6","139988132","139988444","chr2","43639886","43640197","44","96348246"
"chr6","140022831","140023138","chr2","43674190","43674484","57","96348641"
"chr6","140062538","140062819","chr2","43713512","43713803","36","96349026"
"chr6","140108237","140108361","chr2","21430941","21431066","29","118677296"
"chr6","140301597","140301864","chr7","145221375","145221643","54","4919778"
"chr6","140321358","140321639","chr1","186610138","186610422","46","46288780"
"chr6","140372262","140372559","chr10","48321055","48321354","51","92051207"
"chr6","140498948","140499232","chr10","100408257","100408540","48","40090691"
"chr6","140809778","140810081","chr7","66759838","66760136","57","74049940"
"chr6","140887234","140887532","chr2","44587230","44587526","31","96300004"
"chr6","141041395","141041705","chr10","125503014","125503329","66","15538381"
"chr6","141180103","141180375","chr4","158481330","158481605","43","17301227"
"chr6","141207467","141207753","chr5","85529097","85529385","49","55678370"
"chr6","141273199","141273480","chr1","148438931","148439211","42","7165732"
"chr6","141448877","141449165","chr2","45256733","45257021","50","96192144"
"chr6","141523201","141523372","chr20","1976364","1976531","27","139546837"
"chr6","141680590","141680893","chr7","19002392","19002692","56","122678198"
"chr6","142022268","142022574","chr1","168065798","168066103","50","26043530"
"chr6","142097373","142097657","chrX","40344797","40345081","45","101752576"
"chr6","142890612","142890904","chr6","47025183","47025470","44","95865429"
"chr6","142895192","142895491","chr3","52365996","52366297","40","90529196"
"chr6","142904136","142904434","chr2","8717285","8717578","49","134186851"
"chr6","142980431","142980745","chr1","121283435","121283740","63","21696996"
"chr6","143004240","143004501","chr2","46859106","46859354","51","96145134"
"chr6","143004945","143005239","chr2","46860107","46860384","60","96144838"
"chr6","143013236","143013548","chr2","46869486","46869790","42","96143750"
"chr6","143101824","143102096","chr7","128096429","128096707","60","15005395"
"chr6","143136732","143136999","chr2","46997086","46997352","42","96139646"
"chr6","143155425","143155722","chr12","107125942","107126232","44","36029483"
"chr6","143172257","143172487","chr11","106480010","106480237","41","36692247"
"chr6","143174468","143174759","chr7","48973045","48973333","39","94201423"
"chr6","143191915","143192146","chr6","139364900","139365135","38","3827015"
"chr6","143316344","143316399","chr9","36240552","36240607","4","107075792"
"chr6","143364228","143364514","chrX","90287726","90288021","50","53076502"
"chr6","143379214","143379525","chr12","105081170","105081479","48","38298044"
"chr6","143395621","143395932","chr7","20593863","20594174","52","122801758"
"chr6","143424750","143425065","chr5","124645645","124645952","43","18779105"
"chr6","143460728","143461005","chr4","122918088","122918380","47","20542640"
"chr6","143482565","143482853","chr5","61025909","61026199","46","82456656"
"chr6","143526900","143527195","chr7","10010037","10010324","44","133516863"
"chr6","143585177","143585477","chr12","54995781","54996077","49","88589396"
"chr6","143614632","143614904","chr2","47506221","47506493","39","96108411"
"chr6","143770924","143770980","chr2","97655048","97655103","4","46115876"
"chr6","143897033","143897329","chr8","841978","842272","46","143055055"
"chr6","144026303","144026610","chr9","45325979","45326278","48","98700324"
"chr6","144073171","144073447","chr13","60759063","60759326","60","83314108"
"chr6","144107140","144107388","chr10","41572043","41572297","38","102535097"
"chr6","144152134","144152428","chr1","13807754","13808053","54","130344380"
"chr6","144228250","144228550","chr4","126062982","126063287","45","18165268"
"chr6","144268495","144268799","chr7","70074333","70074637","40","74194162"
"chr6","144342741","144343007","chr4","113637004","113637272","46","30705737"
"chr6","144510727","144511018","chr2","48502873","48503160","41","96007854"
"chr6","144550747","144551037","chr4","71933212","71933503","43","72617535"
"chr6","144640900","144641197","chr5","31560164","31560465","52","113080736"
"chr6","144674013","144674319","chr2","150624041","150624344","54","5950028"
"chr6","144678309","144678451","chr5","10559689","10559821","25","134118620"
"chr6","144684575","144684876","chr9","99956407","99956710","41","44728168"
"chr6","144720511","144720801","chr9","100268014","100268308","48","44452497"
"chr6","144721636","144721932","chr4","161032062","161032360","55","16310426"
"chr6","144724331","144724610","chr17","19806751","19807028","39","124917580"
"chr6","144847611","144847913","chr11","116346925","116347227","45","28500686"
"chr6","144897179","144897492","chr7","74495828","74496135","54","70401351"
"chr6","145239026","145239332","chr2","49430468","49430769","45","95808558"
"chr6","145251449","145251754","chr7","70375823","70376126","41","74875626"
"chr6","145270444","145270730","chr7","155162191","155162474","39","9891747"
"chr6","145287404","145287727","chr5","73075939","73076252","56","72211465"
"chr6","145412280","145412575","chrX","16102878","16103172","46","129309402"
"chr6","145547552","145547838","chr2","49728021","49728304","43","95819531"
"chr6","145844135","145844412","chr2","137499546","137499827","56","8344589"
"chr6","145889606","145889917","chr5","73075939","73076252","52","72813667"
"chr6","145928900","145929196","chr5","5571086","5571382","45","140357814"
"chr6","146024017","146024320","chrX","16102878","16103172","49","129921139"
"chr6","146058434","146058724","chr9","25525997","25526295","55","120532437"
"chr6","146072413","146072705","chr4","161032062","161032360","52","14959649"
"chr6","146427256","146427560","chr2","71331505","71331809","48","75095751"
"chr6","146626220","146626485","chr22","35375481","35375753","58","111250739"
"chr6","146948798","146949114","chr3","48450700","48451011","48","98498098"
"chr6","147020057","147020334","chr11","9566946","9567225","46","137453111"
"chr6","147025607","147025740","chr7","78365554","78365689","23","68660053"
"chr6","147046968","147047204","chr5","44606303","44606540","42","102440665"
"chr6","147146707","147146992","chr2","51508341","51508621","44","95638366"
"chr6","147492438","147492744","chrX","17705039","17705341","44","129787399"
"chr6","147531492","147531762","chr10","129718624","129718892","45","17812868"
"chr6","147582501","147582795","chr6","121802757","121803058","46","25779744"
"chr6","147606148","147606336","chr12","100336272","100336456","38","47269876"
"chr6","147723149","147723432","chr1","41623593","41623872","45","106099556"
"chr6","147773675","147773975","chr2","52262470","52262764","56","95511205"
"chr6","147878768","147879071","chr7","87384353","87384653","49","60494415"
"chr6","148045901","148046200","chr2","52545738","52546017","46","95500163"
"chr6","148061356","148061655","chr2","52561021","52561324","45","95500335"
"chr6","148088817","148089122","chr10","118578692","118578996","46","29510125"
"chr6","148117754","148118042","chr2","34962181","34962466","41","113155573"
"chr6","148149357","148149518","chr11","23813828","23813991","40","124335529"
"chr6","148179346","148179639","chr6","119011301","119011592","41","29168045"
"chr6","148191128","148191411","chr8","109212711","109212992","52","38978417"
"chr6","148204739","148205013","chrX","138655051","138655342","50","9549688"
"chr6","148216044","148216354","chr8","114553260","114553568","50","33662784"
"chr6","148292736","148293010","chr7","78006942","78007220","53","70285794"
"chr6","148296558","148296849","chr7","70262679","70262964","43","78033879"
"chr6","148296869","148297173","chr5","62649627","62649924","51","85647242"
"chr6","148359929","148360169","chr13","49797727","49797974","43","98562202"
"chr6","148381509","148381817","chr5","73075939","73076252","55","75305570"
"chr6","148404050","148404217","chr7","12902130","12902295","35","135501920"
"chr6","148412983","148413281","chr8","841978","842272","46","147571005"
"chr6","148418413","148418702","chr2","52921778","52922088","52","95496635"
"chr6","148460961","148461241","chr9","111004423","111004700","56","37456538"
"chr6","148532314","148532611","chr4","18194172","18194463","44","130338142"
"chr6","148584671","148584948","chr2","44195696","44195969","53","104388975"
"chr6","148602964","148603275","chr4","164480653","164480950","68","15877689"
"chr6","148641845","148642157","chr5","55380182","55380490","50","93261663"
"chr6","148780243","148780551","chr1","147715646","147715953","56","1064597"
"chr6","149014162","149014438","chr2","17686816","17687098","49","131327346"
"chr6","149091547","149091851","chrX","125368984","125369285","54","23722563"
"chr6","149192824","149193136","chr15","33019547","33019857","55","116173277"
"chr6","149320000","149320307","chr5","11439006","11439313","57","137880994"
"chr6","149458728","149458988","chr18","5664786","5665051","46","143793942"
"chr6","149626451","149626740","chr2","54278417","54278699","47","95348034"
"chr6","149654109","149654396","chr2","54304623","54304901","54","95349486"
"chr6","149656383","149656503","chr17","58252543","58252665","26","91403840"
"chr6","149828607","149828863","chr7","79742496","79742750","47","70086111"
"chr6","150037880","150038175","chr2","54692894","54693183","46","95344986"
"chr6","150164655","150164954","chr1","170771447","170771746","46","20606792"
"chr6","150195645","150195847","chr1","192389578","192389804","46","42193933"
"chr6","150307203","150307471","chr2","55025567","55025848","58","95281636"
"chr6","150310023","150310147","chr17","73927807","73927929","22","76382216"
"chr6","150315265","150315535","chr16","49225932","49226206","51","101089333"
"chr6","150356637","150356929","chr2","55078060","55078338","43","95278577"
"chr6","150386581","150386861","chr8","110543944","110544225","49","39842637"
"chr6","150390678","150390948","chr11","72643464","72643751","53","77747214"
"chr6","150426119","150426439","chr2","55162425","55162712","63","95263694"
"chr6","150426731","150427043","chr7","79040423","79040732","45","71386308"
"chr6","150472649","150472879","chr12","72024180","72024406","58","78448469"
"chr6","150485940","150486232","chr6","135282715","135283011","53","15203225"
"chr6","150536278","150536415","chr3","87416033","87416170","17","63120245"
"chr6","150552393","150552472","chr10","79742241","79742321","8","70810152"
"chr6","150578679","150578776","chr2","18087418","18087516","15","132491261"
"chr6","150584218","150584529","chr2","18094200","18094522","54","132490018"
"chr6","150585380","150585690","chr2","71298755","71299066","51","79286625"
"chr6","150605917","150606043","chr13","89519003","89519127","16","61086914"
"chr6","150610455","150610756","chr1","86742621","86742919","46","63867834"
"chr6","150618042","150618342","chr2","18139036","18139337","47","132479006"
"chr6","150620659","150620969","chr1","174903852","174904158","51","24283193"
"chr6","150625478","150625785","chr22","13604398","13604691","79","137021080"
"chr6","150629158","150629482","chr2","79287020","79287321","64","71342138"
"chr6","150679454","150679753","chr6","121802757","121803058","45","28876697"
"chr6","150779886","150779986","chr1","172859768","172859871","13","22079882"
"chr6","150920411","150920709","chr15","72516887","72517186","47","78403524"
"chr6","150975954","150976044","chr9","41587324","41587420","21","109388630"
"chr6","150983522","150983831","chr19","11947351","11947655","50","139036171"
"chr6","150994538","150994840","chr2","18500251","18500565","47","132494287"
"chr6","151018319","151018613","chr16","66568637","66568935","53","84449682"
"chr6","151027752","151028055","chr8","87819448","87819730","62","63208304"
"chr6","151104634","151104942","chr10","20863520","20863828","51","130241114"
"chr6","151144750","151144884","chr17","48214446","48214580","20","102930304"
"chr6","151151625","151151797","chr5","110972979","110973149","33","40178646"
"chr6","151159218","151159520","chr14","74527172","74527472","46","76632046"
"chr6","151175751","151176051","chr17","37693519","37693815","45","113482232"
"chr6","151185852","151185969","chr5","94051577","94051692","18","57134275"
"chr6","151211116","151211403","chr1","13162324","13162614","61","138048792"
"chr6","151211443","151211549","chr10","35271191","35271294","27","115940252"
"chr6","151217688","151217976","chrX","122140594","122140885","56","29077094"
"chr6","151285810","151286094","chr11","72643464","72643751","54","78642346"
"chr6","151297200","151297509","chr5","78442568","78442876","48","72854632"
"chr6","151304607","151304909","chr14","88537928","88538228","68","62766679"
"chr6","151338787","151339010","chr2","203903704","203903919","58","52564917"
"chr6","151342615","151342902","chr7","155162191","155162474","48","3819576"
"chr6","151345867","151346172","chr2","18903117","18903417","50","132442750"
"chr6","151428137","151428441","chr10","125503014","125503329","66","25925123"
"chr6","151458047","151458351","chr13","69044776","69045087","48","82413271"
"chr6","151486125","151486408","chr9","46777958","46778230","70","104708167"
"chr6","151550561","151550870","chr2","1940205","1940517","47","149610356"
"chr6","151740172","151740471","chr2","203225383","203225677","44","51485211"
"chr6","151742245","151742546","chr4","98746325","98746622","52","52995920"
"chr6","152290078","152290201","chr17","73927807","73927929","18","78362271"
"chr6","152427495","152427775","chr5","89541676","89541956","47","62885819"
"chr6","152586963","152587005","chrX","15428193","15428233","2","137158770"
"chr6","152695958","152696273","chrUn_GL289054","9235","9549","50","152686723"
"chr6","152709426","152709727","chr1","170771447","170771746","47","18062021"
"chr6","152721869","152721962","chr1","200196221","200196311","12","47474352"
"chr6","152911589","152911706","chr2","171604505","171604622","21","18692916"
"chr6","152977923","152978243","chr13","95947170","95947472","61","57030753"
"chr6","153158693","153159004","chr2","39815620","39815927","44","113343073"
"chr6","153191967","153192269","chr7","80671846","80672145","49","72520121"
"chr6","153248597","153248825","chr21","50315649","50315880","43","102932948"
"chr6","153253122","153253420","chr2","17996148","17996446","43","135256974"
"chr6","153361236","153361427","chr15","82312950","82313142","33","71048286"
"chr6","153394113","153394221","chr2","94061242","94061349","15","59332871"
"chr6","153443451","153443746","chr20","12198433","12198731","43","141245018"
"chr6","153458253","153458528","chr10","5445496","5445770","44","148012757"
"chr6","153477116","153477376","chr2","21144196","21144462","43","132332920"
"chr6","153529220","153529500","chr2","21206003","21206293","43","132323217"
"chr6","153531103","153531392","chr3","74904577","74904866","52","78626526"
"chr6","153539549","153539851","chr2","21216982","21217281","42","132322567"
"chr6","153631133","153631227","chr1","160251075","160251170","12","6619942"
"chr6","153652573","153652828","chr1","115056260","115056509","49","38596313"
"chr6","153653737","153653782","chr8","97260104","97260146","7","56393633"
"chr6","153717899","153718203","chr2","21417231","21417524","49","132300668"
"chr6","153728008","153728136","chr2","21430941","21431066","25","132297067"
"chr6","153728671","153728827","chr2","144873184","144873334","36","8855487"
"chr6","153784470","153784782","chr5","2193404","2193714","50","151591066"
"chr6","153832459","153832660","chr2","59530541","59530743","33","94301918"
"chr6","153835727","153835882","chr7","114078121","114078263","42","39757606"
"chr6","153905647","153905927","chr2","21608619","21608896","51","132297028"
"chr6","154124441","154124729","chr1","186610138","186610422","55","32485697"
"chr6","154257944","154258267","chr2","18094200","18094522","59","136163744"
"chr6","154268532","154268818","chr3","152858583","152858869","52","1409949"
"chr6","154320198","154320484","chr14","63673129","63673414","59","90647069"
"chr6","154341244","154341530","chr2","136541690","136541970","54","17799554"
"chr6","154636172","154636453","chr7","14181724","14181998","56","140454448"
"chr6","155118769","155118801","chr16","48061628","48061661","5","107057141"
"chr6","155415921","155416043","chr2","23168745","23168868","15","132247176"
"chr6","155444754","155445049","chr19","27619331","27619631","53","127825423"
"chr6","155458349","155458579","chr2","23215157","23215399","45","132243192"
"chr6","155561747","155562023","chrX","46464393","46464684","51","109097354"
"chr6","155772760","155772860","chr8","5668767","5668868","15","150103993"
"chr6","155905270","155905557","chr11","9649099","9649389","45","146256171"
"chr6","156019468","156019766","chr5","65296228","65296517","48","90723240"
"chr6","156042244","156042535","chr1","186610138","186610422","56","30567894"
"chr6","156612897","156613207","chr2","24380489","24380803","35","132232408"
"chr6","156654959","156655254","chr2","8935177","8935477","48","147719782"
"chr6","156717313","156717625","chr7","4211139","4211452","53","152506174"
"chr6","156804184","156804489","chr1","185105558","185105857","47","28301374"
"chr6","156824998","156825273","chr5","72172398","72172669","55","84652600"
"chr6","156869291","156869576","chr9","111806239","111806531","46","45063052"
"chr6","156921165","156921463","chr5","22343077","22343375","53","134578088"
"chr6","156939885","156940179","chr20","28793764","28794068","51","128146121"
"chr6","156957546","156957726","chr2","24717274","24717455","23","132240272"
"chr6","157009422","157009722","chr2","67197269","67197565","45","89812153"
"chr6","157031603","157031907","chr14","915738","916038","54","156115865"
"chr6","157053524","157053847","chr1","121283435","121283740","66","35770089"
"chr6","157149054","157149355","chr2","24908439","24908738","41","132240615"
"chr6","157599877","157600211","chr16","42910848","42911167","71","114689029"
"chr6","157874354","157874672","chr1","150639712","150640028","56","7234642"
"chr6","158020808","158021120","chr2","25815108","25815405","47","132205700"
"chr6","158047875","158048187","chr1","185105558","185105857","52","27057683"
"chr6","158058849","158059162","chr2","147728720","147729015","51","10330129"
"chr6","158142698","158143007","chr1","141894434","141894743","51","16248264"
"chr6","158204395","158204706","chr11","106700773","106701081","60","51503622"
"chr6","158372732","158373037","chrX","45155908","45156218","55","113216824"
"chr6","158497291","158497586","chr2","67197269","67197565","49","91300022"
"chr6","158610643","158610955","chr1","140083591","140083907","48","18527052"
"chr6","158776442","158776744","chr5","73075939","73076252","63","85700503"
"chr6","158785798","158786090","chr2","2218970","2219260","47","156566828"
"chr6","158839195","158839507","chr3","148559683","148559994","48","10279512"
"chr6","158844680","158844995","chr17","43012155","43012461","60","115832525"
"chr6","158979700","158979997","chr4","54370195","54370493","50","104609505"
"chr6","159065963","159066248","chr4","155605212","155605495","51","3460751"
"chr6","159214752","159215010","chr2","26999134","26999393","44","132215618"
"chr6","159372644","159372928","chr8","3164270","3164554","43","156208374"
"chr6","159596981","159597223","chr13","49797727","49797974","44","109799254"
"chr6","159720774","159721074","chr5","64266316","64266614","50","95454458"
"chr6","159849764","159850038","chr11","106866541","106866813","56","52983223"
"chr6","159890062","159890375","chr14","6471804","6472122","67","153418258"
"chr6","159939548","159939861","chrX","107560088","107560397","54","52379460"
"chr6","160196204","160196375","chr15","41892555","41892730","27","118303649"
"chr6","160199131","160199424","chr5","139889919","139890213","47","20309212"
"chr6","160370177","160370466","chr2","146982644","146982948","57","13387533"
"chr6","160395863","160395932","chr2","28219478","28219551","6","132176385"
"chr6","160967892","160968186","chr10","13670605","13670898","49","147297287"
"chr6","160976061","160976351","chr4","71933212","71933503","49","89042849"
"chr6","161267919","161268205","chr12","107125942","107126232","52","54141977"
"chr6","161310430","161310726","chr16","6809919","6810217","47","154500511"
"chr6","161316131","161316399","chr2","127177045","127177318","47","34139086"
"chr6","161383817","161384127","chr2","29227849","29228158","36","132155968"
"chr6","161609007","161609315","chr2","29786463","29786779","55","131822544"
"chr6","161728873","161729158","chr2","29583921","29584199","52","132144952"
"chr6","161907713","161908018","chr6","147150675","147150979","50","14757038"
"chr6","161934465","161934771","chr1","13176262","13176573","49","148758203"
"chr6","161937592","161937899","chr2","39815620","39815927","44","122121972"
"chr6","161944810","161945105","chr5","144344189","144344489","49","17600621"
"chr6","161991119","161991429","chr7","70375823","70376126","55","91615296"
"chr6","162001327","162001634","chr1","103493366","103493665","60","58507961"
"chr6","162023906","162024201","chr4","98746325","98746622","46","63277581"
"chr6","162048763","162049043","chr22","35858140","35858429","45","126190623"
"chr6","162050226","162050519","chr14","81589453","81589747","38","80460773"
"chr6","162121962","162122279","chr8","108251316","108251622","49","53870646"
"chr6","162133323","162133624","chr2","67197269","67197565","42","94936054"
"chr6","162589398","162589710","chr2","46650721","46651027","53","115938677"
"chr6","162626075","162626365","chr6","53265880","53266171","51","109360195"
"chr6","162808571","162808873","chr10","4731630","4731931","50","158076941"
"chr6","163063484","163063785","chr2","71331505","71331809","50","91731979"
"chr6","163301160","163301468","chrX","39183726","39184034","47","124117434"
"chr6","163773678","163773960","chr2","69944994","69945273","53","93828684"
"chr6","163776013","163776319","chr2","46650721","46651027","58","117125292"
"chr6","163818684","163818792","chr10","8845544","8845652","15","154973140"
"chr6","163867705","163867982","chr2","69851626","69851890","45","94016079"
"chr6","164040427","164040717","chr15","25812865","25813160","62","138227562"
"chr6","164115102","164115419","chr9","45325979","45326278","62","118789123"
"chr6","164160579","164160888","chr2","69580231","69580539","38","94580348"
"chr6","164185947","164186225","chr5","72712443","72712712","40","91473504"
"chr6","164203869","164204137","chr9","12545066","12545333","49","151658803"
"chr6","164204189","164204235","chr8","97260104","97260146","9","66944085"
"chr6","164216152","164216188","chr4","92566567","92566602","4","71649585"
"chr6","164225472","164225778","chr2","164878629","164878927","46","653157"
"chr6","164327077","164327365","chr4","8654882","8655171","50","155672195"
"chr6","164414696","164415005","chr15","45228845","45229135","70","119185851"
"chr6","164448849","164449155","chr4","54370195","54370493","44","110078654"
"chr6","164493774","164493820","chr1","77402005","77402050","5","87091769"
"chr6","164585228","164585517","chr2","1572464","1572757","40","163012764"
"chr6","164618896","164619180","chr20","7477077","7477364","41","157141819"
"chr6","164726326","164726615","chr9","25525997","25526295","50","139200329"
"chr6","164884878","164884961","chr3","180508862","180508938","15","15623984"
"chr6","165021233","165021522","chr19","10203021","10203310","44","154818212"
"chr6","165246817","165247113","chr4","43531904","43532207","51","121714913"
"chr6","165247804","165248075","chr3","117803985","117804267","68","47443819"
"chr6","165261923","165262222","chr14","32553436","32553738","55","132708487"
"chr6","165276886","165277163","chr1","186610138","186610422","43","21333252"
"chr6","165284355","165284651","chr3","51989230","51989530","46","113295125"
"chr6","165289000","165289293","chr10","100757276","100757573","39","64531724"
"chr6","165341590","165341888","chr7","120468697","120468997","46","44872893"
"chr6","165350507","165350737","chr5","63874230","63874463","48","101476277"
"chr6","165389328","165389598","chr6","118199412","118199685","59","47189916"
"chr6","165420661","165420965","chr3","173712450","173712748","53","8291789"
"chr6","165467106","165467398","chr2","68184069","68184369","48","97283037"
"chr6","165521934","165522231","chr5","139889919","139890213","51","25632015"
"chr6","165541109","165541401","chr6","116209341","116209648","51","49331768"
"chr6","165546331","165546424","chr10","59762675","59762770","14","105783656"
"chr6","165555406","165555683","chr11","716905","717182","50","164838501"
"chr6","165558197","165558490","chrX","62434120","62434418","45","103124077"
"chr6","165558547","165558702","chr11","110946618","110946780","35","54611929"
"chr6","165559304","165559378","chr1","200228016","200228094","12","34668712"
"chr6","165609546","165609841","chr2","2218970","2219260","42","163390576"
"chr6","165626477","165626641","chr1","91631110","91631283","38","73995367"
"chr6","165636934","165637122","chr10","5496194","5496384","32","160140740"
"chr6","165673572","165673877","chr9","9679426","9679735","53","155994146"
"chr6","165682848","165683166","chr17","62830726","62831031","56","102852122"
"chr6","165701549","165701836","chrX","90287726","90288021","44","75413823"
"chr6","165713722","165714012","chr2","67847090","67847384","36","97866632"
"chr6","165739111","165739390","chr3","188235049","188235330","43","22495938"
"chr6","165756820","165757136","chr19","31863283","31863592","53","133893537"
"chr6","165760598","165760901","chr6","118600755","118601054","53","47159843"
"chr6","165785329","165785602","chr6","147439768","147440045","52","18345561"
"chr6","165821041","165821142","chr1","20863197","20863299","18","144957844"
"chr6","165912305","165912625","chrUn_GL287619","2680","2997","54","165909625"
"chr6","166205741","166206056","chr2","67367557","67367877","49","98838184"
"chr6","166279394","166279675","chr1","171622505","171622791","44","5343111"
"chr6","166329019","166329300","chr3","107213898","107214190","53","59115121"
"chr6","166332581","166332873","chr16","71386251","71386539","52","94946330"
"chr6","166355497","166355799","chr5","109061221","109061518","48","57294276"
"chr6","166377470","166377758","chr22","28491541","28491832","53","137885929"
"chr6","166381997","166382273","chr2","67188298","67188565","38","99193699"
"chr6","166383866","166384167","chr7","43498263","43498567","48","122885603"
"chr6","166401020","166401336","chr5","91678600","91678912","56","74722420"
"chr6","166458495","166458788","chr2","67100271","67100570","36","99358224"
"chr6","166469061","166469377","chr11","28125301","28125613","48","138343760"
"chr6","166491026","166491124","chr3","23502133","23502231","11","142988893"
"chr6","166498387","166498684","chr13","95628302","95628594","55","70870085"
"chr6","166508400","166508674","chr9","13171482","13171754","43","153336918"
"chr6","166510718","166511021","chr2","67047152","67047456","41","99463566"
"chr6","166517939","166518142","chr5","108229934","108230140","52","58288005"
"chr6","166533218","166533374","chr18","3000300","3000454","30","163532918"
"chr6","166535392","166535692","chrX","39518046","39518347","46","127017346"
"chr6","166558068","166558369","chr8","115903141","115903445","45","50654927"
"chr6","166563155","166563470","chrX","64172412","64172721","50","102390743"
"chr6","166594218","166594529","chr9","101210178","101210488","47","65384040"
"chr6","166604934","166605230","chr2","66939694","66940000","45","99665240"
"chr6","167087475","167087756","chr5","115208223","115208505","45","51879252"
"chr6","167125733","167126047","chr1","66795501","66795806","55","100330232"
"chr6","167178030","167178338","chr19","17448176","17448478","47","149729854"
"chr6","167358957","167359041","chr6","42278431","42278515","14","125080526"
"chr6","167360154","167360413","chr18","23861838","23862090","70","143498316"
"chr6","167383418","167383513","chr12","9612526","9612620","16","157770892"
"chr6","167450457","167450763","chr5","125768588","125768885","56","41681869"
"chr6","167547445","167547735","chr7","70375823","70376126","53","97171622"
"chr6","167595381","167595692","chr5","73075939","73076252","44","94519442"
"chr6","167744568","167744878","chr6","75230350","75230656","39","92514218"
"chr6","167794498","167794624","chr2","65349063","65349187","25","102445435"
"chr6","167913835","167913885","chr2","65452339","65452388","7","102461496"
"chr6","167920394","167920448","chr7","31775082","31775137","4","136145312"
"chr6","167976800","167977105","chrX","47393224","47393529","45","120583576"
"chr6","167999354","167999414","chr14","76408598","76408664","16","91590756"
"chr6","168003334","168003637","chr9","105072042","105072344","45","62931292"
"chr6","168010074","168010131","chr4","80755769","80755825","8","87254305"
"chr6","168076635","168076967","chr2","65295413","65295715","72","102781222"
"chr6","168125825","168126108","chr1","186610138","186610422","45","18484313"
"chr6","168246292","168246606","chr20","11116785","11117096","49","157129507"
"chr6","168273268","168273567","chr12","108797245","108797536","55","59476023"
"chr6","168313556","168313846","chr2","21206003","21206293","46","147107553"
"chr6","168331681","168331846","chr7","82210501","82210665","24","86121180"
"chr6","168810438","168810725","chr4","21633866","21634152","53","147176572"
"chr6","168888024","168888164","chrX","107840010","107840154","32","61048014"
"chr6","168889409","168889681","chr9","53846779","53847056","49","115042630"
"chr6","169269384","169269658","chr7","155162191","155162474","45","14107193"
"chr6","169276464","169276770","chr2","64076460","64076764","32","105200004"
"chr6","169334349","169334617","chr7","29185317","29185581","53","140149032"
"chr6","169340450","169340754","chr3","136899810","136900119","51","32440640"
"chr6","169531865","169532165","chr2","71331505","71331809","54","98200360"
"chr6","169615294","169615579","chr10","94329608","94329893","42","75285686"
"chr6","169617306","169617594","chr1","41686123","41686409","46","127931183"
"chr6","169706132","169706435","chr2","89380297","89380599","43","80325835"
"chr6","169719532","169719826","chr22","38966910","38967209","53","130752622"
"chr6","169735714","169735767","chr2","129157755","129157808","9","40577959"
"chr6","169737829","169738070","chr2","63088208","63088432","53","106649621"
"chr6","169810653","169810826","chr3","134810410","134810571","36","35000243"
"chr6","169824636","169824906","chr2","62825810","62826081","54","106998826"
"chr6","169847263","169847541","chr7","50601085","50601338","62","119246178"
"chr6","169856655","169856780","chr14","41438299","41438421","22","128418356"
"chr6","169873172","169873442","chr9","108649185","108649451","56","61223987"
"chr6","169881570","169881853","chr3","170772436","170772722","44","890866"
"chr6","169904143","169904480","chr17","62830726","62831031","75","107073417"
"chr6","169964426","169964718","chr19","22056417","22056707","44","147908009"
"chr6","169981406","169981454","chr20","425472","425522","5","169555934"
"chr6","170089222","170089502","chr11","115294455","115294737","45","54794767"
"chr6","170120076","170120118","chr4","110631349","110631389","5","59488727"
"chr6","170283526","170283705","chr15","61715136","61715301","35","108568390"
"chr6","170308011","170308321","chr2","12763386","12763696","48","157544625"
"chr6","170363842","170364149","chr5","73075939","73076252","55","97287903"
"chr6","170376824","170377122","chr9","25525997","25526295","49","144850827"
"chr6","170377197","170377374","chr20","1976364","1976531","35","168400833"
"chr6","170433952","170434104","chr22","37810538","37810691","21","132623414"
"chr6","170435730","170436013","chr2","73704522","73704812","48","96731208"
"chr6","170467875","170468018","chr2","62079377","62079525","26","108388498"
"chr6","170468323","170468630","chr6","70367906","70368206","55","100100417"
"chr6","170541107","170541391","chr10","18027938","18028223","51","152513169"
"chr6","170544595","170544685","chr2","67741430","67741516","22","102803165"
"chr6","170568806","170569101","chr2","67197269","67197565","47","103371537"
"chr6","170569449","170569747","chr11","19304678","19304978","47","151264771"
"chr6","170570748","170571024","chr5","115863747","115864033","59","54707001"
"chr6","170579868","170580123","chr1","136787688","136787952","53","33792180"
"chr6","170585603","170585735","chr5","112191720","112191857","27","58393883"
"chr6","170592955","170593089","chr2","146936311","146936444","24","23656644"
"chr6","170629505","170629792","chr7","77326917","77327209","50","93302588"
"chr6","170629807","170630050","chr13","69528624","69528865","66","101101183"
"chr6","170706089","170706180","chr17","64087322","64087411","13","106618767"
"chr6","170710672","170710975","chr2","61829074","61829376","39","108881598"
"chr6","170721072","170721359","chr9","113362991","113363278","50","57358081"
"chr6","170741207","170741480","chr7","92864065","92864312","58","77877142"
"chr6","170765189","170765484","chrX","122477327","122477613","53","48287862"
"chr6","170931789","170932093","chr4","139259106","139259407","39","31672683"
"chr6","170942545","170942844","chr4","54370195","54370493","46","116572350"
"chr6","171054442","171054543","chr10","80201681","80201778","15","90852761"
"chr6","171125534","171125807","chr15","17171620","17171893","45","153953914"
"chr6","171251744","171252045","chr4","139259106","139259407","41","31992638"
"chr6","171277182","171277488","chr12","54376935","54377243","49","116900247"
"chr6","171287418","171287696","chr10","117080076","117080365","53","54207342"
"chr6","171291077","171291388","chr5","43258967","43259274","53","128032110"
"chr6","171294729","171295025","chr2","63216126","63216425","47","108078603"
"chr6","171322354","171322658","chr1","170703829","170704129","62","618525"
"chr6","171327296","171327602","chrX","63118288","63118597","49","108209008"
"chr6","171328664","171328919","chr19","16475556","16475825","58","154853108"
"chr6","171360494","171360779","chr1","183405636","183405919","52","12045142"
"chr6","171367002","171367048","chr1","42299292","42299340","7","129067710"
"chr6","171404772","171405065","chr2","203225383","203225677","49","31820611"
"chr6","171406445","171406748","chr4","54370195","54370493","44","117036250"
"chr6","171470793","171471061","chr9","58102610","58102877","42","113368183"
"chr6","171490914","171491215","chr3","52365996","52366297","44","119124918"
"chr6","171492179","171492457","chr19","23396564","23396847","48","148095615"
"chr6","171588776","171589057","chr11","74173885","74174163","46","97414891"
"chr6","171737678","171737952","chrX","40344797","40345081","49","131392881"
"chr6","171802292","171802592","chr9","25525997","25526295","46","146276295"
"chr6","171828075","171828337","chr2","63752149","63752416","34","108075926"
"chr6","171951108","171951408","chrUn_GL286217","143262","143564","45","171807846"
"chr6","171953493","171953800","chr20","10160789","10161092","47","161792704"
"chr6","171990905","171991201","chr6","135491294","135491592","57","36499611"
"chr6","171991852","171992149","chr3","106011472","106011765","52","65980380"
"chr6","172023711","172023765","chr4","39963715","39963770","10","132059996"
"chr6","172082400","172082689","chr8","111738726","111739011","55","60343674"
"chr6","172131481","172131781","chr2","60845436","60845731","48","111286045"
"chr6","172143245","172143292","chr11","122904697","122904742","7","49238548"
"chr6","172187141","172187449","chrX","51259545","51259842","46","120927596"
"chr6","172226506","172226808","chr9","23661122","23661421","49","148565384"
"chr6","172289227","172289517","chr13","95853421","95853719","37","76435806"
"chr6","172349029","172349315","chr5","11414318","11414599","49","160934711"
"chr6","172400844","172401175","chr4","132055862","132056190","48","40344982"
"chr6","172454928","172455231","chr15","72516887","72517186","46","99938041"
"chr6","172618271","172618323","chr9","58005342","58005393","2","114612929"
"chr6","172686818","172687067","chr4","46250728","46250984","48","126436090"
"chr6","172769278","172769583","chr5","59461001","59461310","48","113308277"
"chr6","172770746","172771038","chr5","139889919","139890213","45","32880827"
"chr6","172772529","172772686","chr2","131596102","131596261","22","41176427"
"chr6","172813509","172813800","chr1","13162324","13162614","41","159651185"
"chr6","172838624","172838922","chr2","59233468","59233769","50","113605156"
"chr6","172850819","172851100","chr2","59126227","59126521","48","113724592"
"chr6","172888097","172888370","chr6","45321525","45321811","54","127566572"
"chr6","172912160","172912420","chr11","73663058","73663320","51","99249102"
"chr6","172912542","172912694","chr14","71349893","71350037","27","101562649"
"chr6","172913070","172913176","chr4","107484259","107484365","14","65428811"
"chr6","172981262","172981393","chr11","20996417","20996549","21","151984845"
"chr6","172996137","172996436","chr1","176345012","176345310","49","3348875"
"chr6","173022200","173022399","chr12","13926510","13926700","46","159095690"
"chr6","173056802","173057104","chr7","128825382","128825681","50","44231420"
"chr6","173124289","173124532","chr2","57344248","57344491","41","115780041"
"chr6","173137520","173137639","chr3","165521879","165521997","18","7615641"
"chr6","173143005","173143209","chr2","59530541","59530743","31","113612464"
"chr6","173168972","173169267","chr22","11599482","11599785","52","161569490"
"chr6","173189341","173189642","chr22","5265518","5265816","50","167923823"
"chr6","173233015","173233297","chr2","59625744","59626040","43","113607271"
"chr6","173234314","173234607","chr2","59626990","59627287","42","113607324"
"chr6","173244699","173245004","chr15","73510510","73510812","54","99734189"
"chr6","173262441","173262743","chrUn_GL286217","143262","143564","62","173119179"
"chr6","173362714","173362990","chr6","17419263","17419544","58","155943451"
"chr6","173455753","173456062","chr7","70375823","70376126","49","103079930"
"chr6","173479646","173479944","chr1","100446554","100446853","57","73033092"
"chr6","173486335","173486618","chr1","125702960","125703248","64","47783375"
"chr6","173492011","173492280","chr10","41485100","41485371","47","132006911"
"chr6","173510403","173510720","chr2","59945172","59945487","47","113565231"
"chr6","173603799","173604099","chr1","140010287","140010575","65","33593512"
"chr6","173645773","173645900","chrX","7849293","7849421","17","165796480"
"chr6","173652320","173652618","chr1","78860175","78860471","40","94792145"
"chr6","173658892","173659200","chr2","60100882","60101181","55","113558010"
"chr6","173672000","173672047","chr6","83472367","83472417","8","90199633"
"chr6","173727088","173727386","chr22","3060037","3060333","73","170667051"
"chr6","173740873","173741171","chr22","3211763","3212059","47","170529110"
"chr6","173798821","173799111","chr12","41621215","41621505","51","132177606"
"chr6","173811795","173812105","chr1","172008061","172008371","57","1803734"
"chr6","173815196","173815476","chr6","135531665","135531946","56","38283531"
"chr6","173903416","173903508","chr14","36192966","36193058","14","137710450"
"chr6","174074952","174075243","chr9","112606698","112606993","60","61468254"
"chr6","174091514","174091811","chr2","60520476","60520772","35","113571038"
"chr6","174143718","174144004","chr1","186610138","186610422","37","12466420"
"chr6","174155718","174155761","chr10","95664480","95664516","14","78491238"
"chr6","174155810","174155993","chr4","152339656","152339834","46","21816154"
"chr6","174201211","174201480","chrX","51925746","51926016","49","122275465"
"chr6","174249545","174249838","chr2","60230127","60230415","48","114019418"
"chr6","174270892","174271106","chr8","107341320","107341531","57","66929572"
"chr6","174280412","174280701","chr2","60277449","60277746","50","114002963"
"chr6","174327249","174327491","chr5","143673297","143673537","61","30653952"
"chr7","4062945","4063233","chr12","16160305","16160587","68","12097360"
"chr7","31063994","31064101","chr14","32401257","32401361","16","1337263"
"chr7","53870325","53870632","chr1","174789033","174789330","60","120918708"
"chr7","106037161","106037285","chr13","89519003","89519127","19","16518158"
"chr7","121765769","121766062","chr1","104253890","104254191","52","17511879"
"chr7","147324835","147325127","chrX","39454622","39454913","48","107870213"
"chr7","152698681","152698959","chr22","45711887","45712165","52","106986794"
"chr7","15247","15511","chr16","49225932","49226206","53","49210685"
"chr7","28591","28910","chr4","34136774","34137087","66","34108183"
"chr7","91530","91791","chr8","106854285","106854531","71","106762755"
"chr7","323645","323731","chr13","96701680","96701767","13","96378035"
"chr7","472614","472889","chr15","49638162","49638439","46","49165548"
"chr7","637394","637704","chr14","77613723","77614028","45","76976329"
"chr7","760648","760971","chr7","32078016","32078331","58","31317368"
"chr7","805804","806100","chr12","106814114","106814405","44","106008310"
"chr7","853145","853412","chr4","134894149","134894416","59","134041004"
"chr7","1046102","1046414","chr2","11077390","11077699","51","10031288"
"chr7","1105057","1105122","chr5","123636458","123636517","19","122531401"
"chr7","1105561","1105605","chr12","30839816","30839858","5","29734255"
"chr7","1125535","1125760","chr4","87873109","87873319","56","86747574"
"chr7","1128687","1128994","chr7","88697458","88697764","52","87568771"
"chr7","1135791","1136070","chr2","8799597","8799875","51","7663806"
"chr7","1181984","1182279","chr6","1009631","1009930","43","172353"
"chr7","1223664","1223880","chr13","36859019","36859250","60","35635355"
"chr7","1390616","1390825","chr6","1225360","1225558","28","165256"
"chr7","1523377","1523598","chr10","88536755","88536975","36","87013378"
"chr7","1613177","1613478","chr22","41886502","41886799","49","40273325"
"chr7","1704524","1704810","chr22","38654238","38654519","58","36949714"
"chr7","1735346","1735394","chr11","122073337","122073387","8","120337991"
"chr7","1787996","1788094","chr7","89785603","89785704","14","87997607"
"chr7","1802459","1802764","chr3","111477906","111478203","51","109675447"
"chr7","1997600","1997895","chr7","74579378","74579682","52","72581778"
"chr7","2105010","2105310","chr7","87384353","87384653","48","85279343"
"chr7","2259031","2259338","chr6","2281097","2281401","47","22066"
"chr7","2553521","2553847","chr6","2571571","2571874","62","18050"
"chr7","2724005","2724272","chr11","66458205","66458480","51","63734200"
"chr7","2732785","2733051","chr8","105549929","105550192","51","102817144"
"chr7","2746694","2746826","chrX","107405788","107405929","25","104659094"
"chr7","2794627","2794922","chr4","139259106","139259407","54","136464479"
"chr7","3080003","3080307","chr19","31863283","31863592","60","28783280"
"chr7","3174243","3174541","chr2","203225383","203225677","43","200051140"
"chr7","3349209","3349505","chr20","12198433","12198731","54","8849224"
"chr7","3413319","3413617","chr11","65700168","65700463","41","62286849"
"chr7","3597497","3597776","chr4","158356390","158356667","43","154758893"
"chr7","3703047","3703350","chr6","136079407","136079703","68","132376360"
"chr7","3779293","3779594","chr5","82174575","82174865","59","78395282"
"chr7","3794588","3794866","chr1","148438931","148439211","42","144644343"
"chr7","3828159","3828470","chr4","132055862","132056190","61","128227703"
"chr7","4017820","4017926","chr1","194826474","194826580","15","190808654"
"chr7","4049738","4049948","chr1","157332441","157332633","50","153282703"
"chr7","4071452","4071720","chr1","144529020","144529286","66","140457568"
"chr7","4084585","4084891","chr1","174435030","174435329","54","170350445"
"chr7","4091566","4091862","chr1","96664218","96664511","60","92572652"
"chr7","4147054","4147346","chr4","44371451","44371741","49","40224397"
"chr7","4148239","4148537","chr4","111054985","111055281","59","106906746"
"chr7","4197202","4197422","chr14","2794925","2795146","38","1402277"
"chr7","4281443","4281513","chr11","9334393","9334466","14","5052950"
"chr7","4290019","4290305","chr2","2218970","2219260","42","2071049"
"chr7","4305398","4305481","chr7","66705558","66705630","24","62400160"
"chr7","4323263","4323553","chr1","41686123","41686409","50","37362860"
"chr7","4337064","4337321","chr4","139201911","139202167","49","134864847"
"chr7","4341877","4342196","chr4","123832134","123832441","77","119490257"
"chr7","4372908","4373199","chr11","97158963","97159255","62","92786055"
"chr7","4387231","4387476","chr6","22652998","22653243","43","18265767"
"chr7","4390332","4390639","chr22","5993474","5993770","48","1603142"
"chr7","4441068","4441356","chr12","16160305","16160587","56","11719237"
"chr7","4663815","4664101","chr6","5242029","5242321","49","578214"
"chr7","4808321","4808615","chr22","32335495","32335787","44","27527174"
"chr7","5083652","5083940","chr13","112047849","112048135","38","106964197"
"chr7","5129448","5129534","chr2","9154740","9154829","13","4025292"
"chr7","5144100","5144408","chr6","5712539","5712837","64","568439"
"chr7","5149042","5149319","chr8","97925884","97926162","48","92776842"
"chr7","5189786","5190010","chr2","152459165","152459377","42","147269379"
"chr7","5267684","5267985","chr9","107891243","107891541","53","102623559"
"chr7","5283699","5284001","chr9","44880088","44880390","48","39596389"
"chr7","5315947","5316243","chr14","81489642","81489927","54","76173695"
"chr7","5335004","5335306","chr6","5897275","5897572","55","562271"
"chr7","5380618","5380912","chr6","5933638","5933927","54","553020"
"chr7","5383311","5383610","chr6","5936916","5937213","46","553605"
"chr7","5420487","5420791","chr7","70074333","70074637","45","64653846"
"chr7","5446484","5446778","chr6","5999163","5999451","36","552679"
"chr7","5450885","5451189","chr6","121868410","121868708","45","116417525"
"chr7","5457027","5457088","chr7","71879017","71879077","12","66421990"
"chr7","5494639","5494926","chr11","101020394","101020683","54","95525755"
"chr7","5600351","5600641","chr6","6174849","6175151","49","574498"
"chr7","5648546","5648592","chr20","38013763","38013804","15","32365217"
"chr7","5648643","5648744","chr13","31638043","31638139","19","25989400"
"chr7","5760004","5760326","chr7","137342012","137342330","55","131582008"
"chr7","5841022","5841299","chr7","155162191","155162474","47","149321169"
"chr7","5860575","5860871","chr6","4893322","4893629","41","967253"
"chr7","5939993","5940301","chrX","64172412","64172721","49","58232419"
"chr7","5996486","5996764","chr12","44303324","44303598","44","38306838"
"chr7","6064848","6065125","chr6","4667984","4668273","50","1396864"
"chr7","6272700","6272832","chr7","155432887","155433020","15","149160187"
"chr7","6302845","6302914","chr4","134250688","134250758","10","127947843"
"chr7","6345545","6345886","chr14","53800601","53800943","79","47455056"
"chr7","6371071","6371343","chr6","149493733","149494004","54","143122662"
"chr7","6383929","6384211","chr5","38882932","38883222","52","32499003"
"chr7","6522394","6522670","chr6","4295134","4295408","46","2227260"
"chr7","6696422","6696771","chr7","70074333","70074637","101","63377911"
"chr7","6946308","6946610","chr2","66989134","66989436","48","60042826"
"chr7","7081358","7081668","chr11","28125301","28125613","46","21043943"
"chr7","7119466","7119770","chr21","41287096","41287394","54","34167630"
"chr7","7130619","7130917","chr10","41371866","41372162","47","34241247"
"chr7","7148061","7148365","chr21","41287096","41287394","54","34139035"
"chr7","7343892","7343975","chr12","37378282","37378364","12","30034390"
"chr7","7488093","7488359","chr11","110116343","110116610","54","102628250"
"chr7","7504600","7504877","chr15","49638162","49638439","45","42133562"
"chr7","7546235","7546497","chr7","97343651","97343910","52","89797416"
"chr7","7658601","7658896","chr15","96355814","96356120","52","88697213"
"chr7","7723255","7723560","chr10","42337765","42338067","52","34614510"
"chr7","7772473","7772753","chr17","63769379","63769659","49","55996906"
"chr7","7884297","7884596","chr2","203225383","203225677","48","195341086"
"chr7","7893306","7893604","chr20","10453848","10454148","47","2560542"
"chr7","8043400","8043697","chr2","154650890","154651184","47","146607490"
"chr7","8127884","8127936","chr9","44978161","44978213","9","36850277"
"chr7","8221865","8222155","chr1","156644747","156645035","42","148422882"
"chr7","8390075","8390362","chr10","43065982","43066266","40","34675907"
"chr7","8492116","8492397","chr1","197465921","197466196","45","188973805"
"chr7","8522712","8523025","chr15","32495325","32495639","55","23972613"
"chr7","8595026","8595252","chr8","25894458","25894686","50","17299432"
"chr7","8595393","8595560","chr11","110946618","110946780","32","102351225"
"chr7","8715811","8716069","chr10","43389559","43389811","35","34673748"
"chr7","8716071","8716133","chr5","47678674","47678734","14","38962603"
"chr7","8752000","8752299","chr3","106721575","106721869","45","97969575"
"chr7","8769785","8770112","chr4","24030535","24030868","68","15260750"
"chr7","8892737","8893016","chr10","43550533","43550791","56","34657796"
"chr7","8937012","8937291","chr4","95482837","95483118","41","86545825"
"chr7","8963258","8963559","chr4","61762579","61762878","55","52799321"
"chr7","9069723","9070023","chr1","170771447","170771746","43","161701724"
"chr7","9217643","9217968","chr11","28125301","28125613","59","18907658"
"chr7","9280947","9281252","chr16","5681054","5681364","54","3599893"
"chr7","9316407","9316462","chr2","97655048","97655103","9","88338641"
"chr7","9355969","9356224","chr10","41572043","41572297","32","32216074"
"chr7","9389319","9389621","chr15","72516887","72517186","52","63127568"
"chr7","9440989","9441291","chr9","25525997","25526295","36","16085008"
"chr7","9448233","9448546","chr2","132854764","132855074","52","123406531"
"chr7","9473517","9473824","chr2","150624041","150624344","50","141150524"
"chr7","9575249","9575372","chr2","65349063","65349187","17","55773814"
"chr7","9868121","9868405","chr5","23713764","23714043","58","13845643"
"chr7","9997342","9997451","chr5","84481557","84481668","19","74484215"
"chr7","10015604","10015823","chr10","40813831","40814048","29","30798227"
"chr7","10234554","10234837","chrUn_GL286373","2039558","2039846","46","8194996"
"chr7","10246804","10247144","chr11","80544278","80544602","81","70297474"
"chr7","11176318","11176621","chr10","39599766","39600053","52","28423448"
"chr7","11584722","11584979","chr10","39199047","39199302","34","27614325"
"chr7","12098277","12098413","chr1","153686875","153687004","24","141588598"
"chr7","12342578","12342875","chr1","152570018","152570318","50","140227440"
"chr7","12359563","12359654","chr10","38306383","38306474","8","25946820"
"chr7","12539345","12539655","chr5","55380182","55380490","49","42840837"
"chr7","12587099","12587360","chr12","27159992","27160249","43","14572893"
"chr7","12710595","12710680","chr1","37380828","37380915","15","24670233"
"chr7","12715286","12715400","chr10","37944075","37944184","18","25228789"
"chr7","12793692","12793974","chr10","37860928","37861219","42","25067236"
"chr7","12974827","12974965","chr10","37664761","37664896","20","24689934"
"chr7","13399995","13400313","chr10","37235941","37236255","46","23835946"
"chr7","13454716","13455014","chr10","37167370","37167667","33","23712654"
"chr7","13460855","13460996","chr12","31049982","31050122","23","17589127"
"chr7","13492846","13493141","chr12","17470462","17470756","44","3977616"
"chr7","13559559","13559863","chr9","8917016","8917322","57","4642543"
"chr7","13641772","13641999","chr7","66633840","66634076","55","52992068"
"chr7","13796867","13797167","chr1","77745311","77745604","54","63948444"
"chr7","14353346","14353651","chr2","71331505","71331809","45","56978159"
"chr7","14365580","14365872","chr5","150118536","150118819","94","135752956"
"chr7","14425728","14426017","chr14","52349903","52350195","55","37924175"
"chr7","14465604","14465909","chr1","199360645","199360948","47","184895041"
"chr7","14471955","14472249","chr10","36033900","36034191","41","21561945"
"chr7","14494762","14494874","chr2","39341429","39341531","29","24846667"
"chr7","14538770","14539082","chr4","139259106","139259407","62","124720336"
"chr7","14544654","14544964","chr8","105737673","105737982","54","91193019"
"chr7","14639685","14639967","chrX","40344797","40345081","42","25705112"
"chr7","14674347","14674649","chr5","116663888","116664187","49","101989541"
"chr7","14695433","14695534","chr10","35785918","35786019","9","21090485"
"chr7","14699119","14699421","chr13","29672332","29672630","53","14973213"
"chr7","14716032","14716128","chr20","27425944","27426040","13","12709912"
"chr7","14831322","14831633","chr1","140083591","140083907","54","125252269"
"chr7","14909501","14909638","chr7","155432887","155433020","25","140523386"
"chr7","14948715","14949021","chr9","91473040","91473349","49","76524325"
"chr7","14953975","14954254","chr10","35533265","35533553","46","20579290"
"chr7","15000416","15000716","chr11","97529301","97529595","45","82528885"
"chr7","15042760","15043075","chr8","106549657","106549965","51","91506897"
"chr7","15139895","15139965","chr1","138415765","138415834","10","123275870"
"chr7","15146299","15146564","chr9","17963025","17963290","45","2816726"
"chr7","15172224","15172555","chr11","20899191","20899511","83","5726967"
"chr7","15179857","15180124","chr5","61618994","61619252","55","46439137"
"chr7","15194067","15194356","chr2","52679343","52679626","53","37485276"
"chr7","15205897","15206006","chr16","62819755","62819866","13","47613858"
"chr7","15234882","15234993","chr10","102409963","102410075","27","87175081"
"chr7","15235550","15235639","chr17","27819019","27819104","22","12583469"
"chr7","15289051","15289284","chr10","35160730","35160975","48","19871679"
"chr7","15308572","15308615","chr3","10610623","10610669","5","4697949"
"chr7","15330682","15330992","chr10","1666053","1666355","51","13664629"
"chr7","15457249","15457555","chr17","62830726","62831031","48","47373477"
"chr7","15487495","15487807","chrX","107022763","107023072","59","91535268"
"chr7","15548067","15548355","chr2","63180548","63180847","48","47632481"
"chr7","15571205","15571512","chr10","34872905","34873206","51","19301700"
"chr7","15589265","15589567","chr16","92084445","92084750","50","76495180"
"chr7","15597645","15597935","chr19","22056417","22056707","49","6458772"
"chr7","15603905","15604195","chr6","119011301","119011592","48","103407396"
"chr7","15611629","15611943","chr7","70428568","70428874","54","54816939"
"chr7","15628586","15628808","chr10","34820690","34820914","41","19192104"
"chr7","15667825","15668127","chr1","103493366","103493665","52","87825541"
"chr7","15673179","15673473","chr10","34777275","34777573","69","19104096"
"chr7","15705272","15705412","chrUn_GL286400","1210452","1210581","22","14494820"
"chr7","15758764","15759072","chr2","71331505","71331809","44","55572741"
"chr7","15796264","15796563","chr5","143415598","143415898","90","127619334"
"chr7","15802198","15802504","chr4","98746325","98746622","52","82944127"
"chr7","15827963","15828244","chr1","153470615","153470900","51","137642652"
"chr7","15857569","15857796","chr15","37733223","37733451","37","21875654"
"chr7","15862126","15862390","chr1","201609608","201609871","51","185747482"
"chr7","15888979","15889286","chr5","158696937","158697235","58","142807958"
"chr7","15912977","15913092","chr2","31321985","31322093","19","15409008"
"chr7","15922938","15923144","chr2","63010587","63010798","48","47087649"
"chr7","15939176","15939283","chr14","83866931","83867032","18","67927755"
"chr7","15961369","15961648","chr7","30323296","30323570","69","14361927"
"chr7","15962295","15962605","chr12","37168814","37169128","49","21206519"
"chr7","15979438","15979685","chr5","25053411","25053658","47","9073973"
"chr7","16001333","16001649","chr2","146982644","146982948","62","130981311"
"chr7","16024049","16024330","chr9","51702719","51702999","47","35678670"
"chr7","16026871","16027173","chr8","841978","842272","48","15184893"
"chr7","16027956","16028249","chr3","19993966","19994253","53","3966010"
"chr7","16074921","16075225","chr10","94235006","94235309","56","78160085"
"chr7","16092492","16092775","chr20","20663542","20663825","57","4571050"
"chr7","16139947","16140243","chr2","1940205","1940517","59","14199742"
"chr7","16141217","16141503","chr9","33781633","33781909","63","17640416"
"chr7","16148615","16148737","chr7","81015338","81015453","21","64866723"
"chr7","16158006","16158306","chr1","156644747","156645035","52","140486741"
"chr7","16184536","16184825","chr5","41846454","41846751","46","25661918"
"chr7","16193017","16193318","chr3","117540807","117541109","56","101347790"
"chr7","16202494","16202531","chr2","17701108","17701146","18","1498614"
"chr7","16202583","16202675","chr8","26952934","26953030","23","10750351"
"chr7","16203623","16203917","chr5","5042410","5042707","46","11161213"
"chr7","16212309","16212459","chr11","16333944","16334092","19","121635"
"chr7","16213807","16214107","chr2","67197269","67197565","43","50983462"
"chr7","16225973","16226264","chr7","58917227","58917519","43","42691254"
"chr7","16230286","16230596","chr10","37840813","37841123","52","21610527"
"chr7","16232975","16233276","chr10","34246849","34247138","49","18013874"
"chr7","16234966","16235259","chrX","51115551","51115844","74","34880585"
"chr7","16244881","16245174","chr10","34239069","34239371","51","17994188"
"chr7","16253747","16254053","chr7","88697458","88697764","61","72443711"
"chr7","16265529","16265832","chr6","118600755","118601054","52","102335226"
"chr7","16266213","16266489","chr7","71772998","71773275","51","55506785"
"chr7","16269940","16270223","chr2","9363059","9363338","45","6906881"
"chr7","16281668","16281935","chr1","144529020","144529286","43","128247352"
"chr7","16289374","16289675","chr7","153803404","153803707","54","137514030"
"chr7","16314206","16314494","chr11","22994754","22995044","48","6680548"
"chr7","16317292","16317588","chr10","34162867","34163161","55","17845575"
"chr7","16350563","16350867","chr1","199360645","199360948","51","183010082"
"chr7","16551876","16552169","chr4","71933212","71933503","41","55381336"
"chr7","16589471","16589748","chr22","16550653","16550912","66","38818"
"chr7","16611312","16611633","chr1","13176262","13176573","68","3435050"
"chr7","16657116","16657391","chr11","21274347","21274628","46","4617231"
"chr7","16804001","16804291","chr2","29627554","29627846","53","12823553"
"chr7","16808300","16808604","chrUn_GL286217","143262","143564","54","16665038"
"chr7","16834058","16834327","chrUn_GL286400","735659","735932","45","16098399"
"chr7","16859023","16859309","chrUn_GL286400","762703","762983","43","16096320"
"chr7","17080562","17080856","chr4","54370195","54370493","54","37289633"
"chr7","17118902","17119208","chr13","35722511","35722820","61","18603609"
"chr7","17163694","17163988","chr13","95836072","95836367","43","78672378"
"chr7","17243874","17243982","chr12","21004997","21005099","18","3761123"
"chr7","17350849","17351154","chr12","51652419","51652716","50","34301570"
"chr7","17385670","17385969","chr5","64266316","64266614","42","46880646"
"chr7","17405435","17405733","chr10","101815315","101815616","40","84409880"
"chr7","17430564","17430684","chr14","76240801","76240917","27","58810237"
"chr7","17446703","17447012","chr5","73075939","73076252","58","55629236"
"chr7","17500002","17500220","chr5","137927817","137928028","71","120427815"
"chr7","17548513","17548822","chr7","11760832","11761125","64","5787681"
"chr7","17594842","17595118","chr12","49192241","49192521","43","31597399"
"chr7","17604483","17604773","chr12","17714293","17714588","46","109810"
"chr7","17606353","17606647","chr3","52031998","52032289","47","34425645"
"chr7","17693295","17693607","chr7","70375823","70376126","50","52682528"
"chr7","17708269","17708437","chr10","128458825","128458986","27","110750556"
"chr7","17713209","17713480","chr22","35375481","35375753","52","17662272"
"chr7","17728798","17729091","chrX","91709114","91709404","34","73980316"
"chr7","17774097","17774431","chr9","36221607","36221938","71","18447510"
"chr7","17882400","17882682","chr1","186610138","186610422","51","168727738"
"chr7","17914076","17914365","chr10","20471825","20472115","35","2557749"
"chr7","17937269","17937545","chr5","84224125","84224390","61","66286856"
"chr7","17960482","17960781","chr18","9940912","9941208","56","8019570"
"chr7","17990575","17990907","chr2","150624041","150624344","71","132633466"
"chr7","18008281","18008575","chr3","137448346","137448639","45","119440065"
"chr7","18014057","18014299","chr10","20591164","20591406","37","2577107"
"chr7","18022669","18022851","chr12","4317028","4317209","36","13705641"
"chr7","18023008","18023313","chr6","118600755","118601054","39","100577747"
"chr7","18029947","18030236","chr10","20611315","20611612","44","2581368"
"chr7","18037123","18037254","chr7","57712853","57712983","20","39675730"
"chr7","18051246","18051563","chr10","20640255","20640569","47","2589009"
"chr7","18064553","18064869","chr4","36385616","36385920","64","18321063"
"chr7","18073995","18074291","chr10","20667536","20667830","40","2593541"
"chr7","18112651","18112953","chr5","55380182","55380490","41","37267531"
"chr7","18185345","18185442","chr4","71903359","71903457","18","53718014"
"chr7","18189127","18189399","chr10","20772732","20773005","35","2583605"
"chr7","18189929","18190004","chr1","171824880","171824957","18","153634951"
"chr7","18211557","18211839","chr13","14610323","14610604","48","3601234"
"chr7","18215123","18215159","chrX","20296370","20296399","15","2081247"
"chr7","18215469","18215723","chr18","27648623","27648880","52","9433154"
"chr7","18294553","18294861","chr5","802010","802319","49","17492543"
"chr7","18346461","18346765","chr10","20909034","20909335","55","2562573"
"chr7","18352149","18352450","chr1","10455735","10456039","42","7896414"
"chr7","18356810","18357107","chr18","38605998","38606288","47","20249188"
"chr7","18420220","18420529","chr10","20983914","20984237","57","2563694"
"chr7","18426706","18426769","chr13","25852890","25852956","17","7426184"
"chr7","18439622","18439929","chr2","187502578","187502887","56","169062956"
"chr7","18455328","18455632","chr17","17057724","17058020","46","1397604"
"chr7","18488253","18488528","chr12","5016127","5016403","44","13472126"
"chr7","18528047","18528350","chr2","1679121","1679426","49","16848926"
"chr7","18539554","18539630","chr10","21111541","21111614","9","2571987"
"chr7","18542000","18542273","chr13","55243419","55243698","47","36701419"
"chr7","18545694","18545971","chr4","12429965","12430236","51","6115729"
"chr7","18566566","18566688","chr13","89519003","89519127","18","70952437"
"chr7","18604934","18605022","chr12","37378282","37378364","15","18773348"
"chr7","18639710","18640020","chr6","132892402","132892703","71","114252692"
"chr7","18643298","18643604","chr1","170771447","170771746","57","152128149"
"chr7","18667563","18667850","chr5","116663888","116664187","56","97996325"
"chr7","18670765","18671040","chr9","53846779","53847056","43","35176014"
"chr7","18671563","18671855","chr1","77745311","77745604","41","59073748"
"chr7","18722667","18722968","chr9","108561006","108561303","52","89838339"
"chr7","18725091","18725367","chr10","21355727","21356005","41","2630636"
"chr7","18817171","18817469","chr1","157094647","157094947","48","138277476"
"chr7","18818777","18819082","chr2","146982644","146982948","46","128163867"
"chr7","18825233","18825529","chr10","21465410","21465702","40","2640177"
"chr7","18871603","18871915","chr1","15071844","15072152","45","3799759"
"chr7","18885467","18885737","chr2","43194973","43195242","54","24309506"
"chr7","18897213","18897436","chr21","24467472","24467694","41","5570259"
"chr7","18903197","18903308","chr3","72030386","72030497","21","53127189"
"chr7","18929560","18929863","chr12","106749211","106749501","46","87819651"
"chr7","18942824","18943080","chr1","181284860","181285114","72","162342036"
"chr7","18943405","18943616","chr12","31276749","31276962","56","12333344"
"chr7","18966824","18967094","chr11","14682506","14682772","57","4284318"
"chr7","18967174","18967448","chr11","78325612","78325883","57","59358438"
"chr7","18980048","18980286","chr8","93750596","93750840","45","74770548"
"chr7","19003590","19003890","chr10","21650451","21650752","37","2646861"
"chr7","19017604","19017899","chr9","100172231","100172528","60","81154627"
"chr7","19061218","19061358","chr9","58219431","58219570","23","39158213"
"chr7","19065340","19065654","chr2","146982644","146982948","56","127917304"
"chr7","19068878","19069163","chr5","93075725","93076019","52","74006847"
"chr7","19069521","19069603","chr5","115404998","115405082","19","96335477"
"chr7","19073452","19073751","chr10","21729163","21729458","52","2655711"
"chr7","19086288","19086583","chr2","147728720","147729015","48","128642432"
"chr7","19099684","19099968","chr1","116618974","116619261","49","97519290"
"chr7","19103049","19103361","chr3","117843698","117844008","49","98740649"
"chr7","19119021","19119332","chr8","73898415","73898723","53","54779394"
"chr7","19149337","19149648","chr10","21800199","21800503","49","2650862"
"chr7","19174738","19175036","chr10","61758966","61759265","58","42584228"
"chr7","19184264","19184433","chr2","111325762","111325930","31","92141498"
"chr7","19186505","19186803","chr12","8843315","8843617","45","10343190"
"chr7","19205906","19206210","chr1","92541295","92541594","55","73335389"
"chr7","19217581","19217888","chr7","70375823","70376126","56","51158242"
"chr7","19225436","19225722","chr3","151198431","151198726","47","131972995"
"chr7","19227830","19228133","chr4","139259106","139259407","44","120031276"
"chr7","19249760","19250068","chr10","21898731","21899036","46","2648971"
"chr7","19258706","19259020","chr10","21906665","21906967","49","2647959"
"chr7","19261388","19261687","chr2","17996148","17996446","38","1265240"
"chr7","19283954","19284234","chr1","148438931","148439211","50","129154977"
"chr7","19291013","19291311","chr10","21933889","21934180","45","2642876"
"chr7","19317131","19317429","chr12","107125942","107126232","43","87808811"
"chr7","19351084","19351382","chr2","81787924","81788225","46","62436840"
"chr7","19382953","19383038","chr12","37378282","37378364","13","17995329"
"chr7","19404669","19404969","chr6","87987579","87987881","41","68582910"
"chr7","19440225","19440527","chr10","13670605","13670898","46","5769620"
"chr7","19522449","19522575","chr10","22189133","22189257","19","2666684"
"chr7","19546307","19546586","chr3","103611939","103612220","51","84065632"
"chr7","19567396","19567650","chr12","23771537","23771792","38","4204141"
"chr7","19593057","19593384","chr4","132055862","132056190","62","112462805"
"chr7","19632311","19632620","chr10","22308152","22308462","38","2675841"
"chr7","19655405","19655717","chr15","33070159","33070473","49","13414754"
"chr7","19686103","19686383","chr5","46493558","46493834","53","26807455"
"chr7","19693967","19694266","chr13","114853530","114853827","52","95159563"
"chr7","19719592","19719878","chr10","94329608","94329893","45","74610016"
"chr7","19732121","19732426","chr10","22422746","22423051","45","2690625"
"chr7","19737939","19738201","chr5","128664686","128664943","54","108926747"
"chr7","19742119","19742414","chr2","147728720","147729015","55","127986601"
"chr7","19755342","19755627","chr7","88697458","88697764","55","68942116"
"chr7","19775311","19775620","chr17","62830726","62831031","46","43055415"
"chr7","19776836","19777142","chr6","116209341","116209648","64","96432505"
"chr7","19790425","19790725","chr10","22484646","22484942","42","2694221"
"chr7","19814253","19814320","chr10","17226986","17227053","9","2587267"
"chr7","19814360","19814421","chr9","36240552","36240607","9","16426192"
"chr7","19840370","19840659","chr5","158518457","158518746","45","138678087"
"chr7","19842873","19842942","chr10","22516574","22516648","14","2673701"
"chr7","19847699","19847981","chr10","22519972","22520258","31","2672273"
"chr7","19853523","19853644","chr22","8006846","8006964","21","11846677"
"chr7","19893836","19894136","chr10","22565423","22565715","37","2671587"
"chr7","19897839","19897956","chr19","36416332","36416449","18","16518493"
"chr7","19898117","19898279","chr18","14718837","14719002","22","5179280"
"chr7","19921007","19921293","chr11","5274208","5274485","56","14646799"
"chr7","19926846","19927138","chr17","28540483","28540776","43","8613637"
"chr7","19930894","19931193","chr10","115286399","115286693","55","95355505"
"chr7","19935214","19935504","chr10","22607578","22607864","42","2672364"
"chr7","19940343","19940644","chr1","150781467","150781765","57","130841124"
"chr7","19949561","19949830","chr5","26465835","26466109","48","6516274"
"chr7","19949862","19950182","chr15","5169644","5169941","63","14780218"
"chr7","19951683","19951994","chr19","24478304","24478609","47","4526621"
"chr7","19987922","19988219","chr8","65769668","65769964","52","45781746"
"chr7","19990787","19991094","chr5","55380182","55380490","36","35389395"
"chr7","20040843","20041091","chr10","22712620","22712852","45","2671777"
"chr7","20245934","20246241","chr6","32156999","32157307","66","11911065"
"chr7","20293366","20293654","chrX","46464393","46464684","56","26171027"
"chr7","20335969","20336272","chrUn_GL286217","143262","143564","57","20192707"
"chr7","20388806","20389100","chrUn_GL287615","399","690","52","20388407"
"chr7","20808932","20809193","chr4","13933505","13933769","53","6875427"
"chr7","21158253","21158541","chr7","30907560","30907847","43","9749307"
"chr7","21357429","21357730","chr9","6787311","6787602","51","14570118"
"chr7","21663646","21663954","chr3","152190934","152191237","51","130527288"
"chr7","21799369","21799657","chr10","24629340","24629610","44","2829971"
"chr7","22123953","22124235","chr1","148438931","148439211","42","126314978"
"chr7","22316269","22316536","chr2","33495117","33495388","51","11178848"
"chr7","22348894","22349191","chr2","31677356","31677652","46","9328462"
"chr7","22494231","22494519","chr7","25925292","25925587","43","3431061"
"chr7","22514941","22515235","chr12","37291389","37291677","50","14776448"
"chr7","22776092","22776406","chr2","6639751","6640061","46","16136341"
"chr7","22912769","22912870","chr22","16507435","16507537","13","6405334"
"chr7","22973255","22973301","chr20","35203057","35203104","4","12229802"
"chr7","23152296","23152585","chr10","26102686","26102977","50","2950390"
"chr7","23442275","23442575","chr12","82364304","82364606","41","58922029"
"chr7","23445718","23445896","chr3","134810410","134810571","37","111364692"
"chr7","23555543","23555843","chr1","157094647","157094947","54","133539104"
"chr7","23559895","23560148","chr7","59948325","59948581","45","36388430"
"chr7","23751230","23751422","chr5","82210611","82210812","48","58459381"
"chr7","23922829","23923095","chr2","131392530","131392812","52","107469701"
"chr7","23952867","23953167","chr2","146982644","146982948","55","123029777"
"chr7","24288582","24288891","chr10","27130994","27131292","46","2842412"
"chr7","24465285","24465551","chr4","12429965","12430236","51","12035320"
"chr7","24482104","24482148","chr5","11370972","11371016","4","13111132"
"chr7","24552203","24552483","chr9","111528479","111528768","59","86976276"
"chr7","24571703","24572006","chr1","192757436","192757740","48","168185733"
"chr7","24631534","24631879","chr7","137090713","137091007","86","112459179"
"chr7","24726850","24727143","chr15","67846371","67846658","52","43119521"
"chr7","24809649","24809960","chr12","27541092","27541402","53","2731443"
"chr7","24823684","24823978","chrX","92842901","92843192","50","68019217"
"chr7","24853512","24853795","chr9","21213183","21213469","54","3640329"
"chr7","24863665","24863782","chr8","74203698","74203811","20","49340033"
"chr7","24888783","24889089","chr5","55380182","55380490","49","30491399"
"chr7","24908778","24908827","chr1","81922323","81922372","7","57013545"
"chr7","24932822","24933117","chr5","139889919","139890213","51","114957097"
"chr7","24934115","24934418","chr15","39985062","39985355","75","15050947"
"chr7","24980789","24980968","chr15","69404779","69404953","31","44423990"
"chr7","24985505","24985790","chr10","41485100","41485371","57","16499595"
"chr7","25068402","25068468","chrUn_GL288540","19924","19981","15","25048478"
"chr7","25068647","25068900","chr2","56394848","56395102","65","31326201"
"chr7","25107058","25107354","chr11","19304678","19304978","45","5802380"
"chr7","25166324","25166611","chr10","28044416","28044700","41","2878092"
"chr7","25205694","25205982","chr5","115208223","115208505","51","90002529"
"chr7","25206487","25206781","chr7","70375823","70376126","48","45169336"
"chr7","25212125","25212426","chrX","17705039","17705341","44","7507086"
"chr7","25225173","25225462","chr13","10247200","10247479","58","14977973"
"chr7","25262285","25262582","chr2","147728720","147729015","39","122466435"
"chr7","25290053","25290336","chr11","9566946","9567225","43","15723107"
"chr7","25450104","25450414","chr7","70375823","70376126","56","44925719"
"chr7","25654472","25654769","chr10","28556959","28557243","46","2902487"
"chr7","25661856","25661955","chr7","49792887","49792984","16","24131031"
"chr7","25785349","25785637","chr9","84616449","84616736","41","58831100"
"chr7","25786620","25786679","chr15","4399381","4399437","8","21387239"
"chr7","25881001","25881290","chr4","107437630","107437918","56","81556629"
"chr7","25887618","25887928","chr5","73075939","73076252","48","47188321"
"chr7","25889778","25890077","chr7","66459600","66459897","46","40569822"
"chr7","25928268","25928341","chr17","34867409","34867471","23","8939141"
"chr7","25953356","25953593","chr12","20744015","20744234","58","5209341"
"chr7","25966879","25967163","chr7","145965342","145965628","53","119998463"
"chr7","26105193","26105466","chr10","29038536","29038803","43","2933343"
"chr7","26142197","26142525","chr10","29082542","29082840","93","2940345"
"chr7","26180227","26180511","chr9","111529757","111530048","41","85349530"
"chr7","26192348","26192652","chr9","35405457","35405761","55","9213109"
"chr7","26193080","26193334","chr1","144529020","144529286","49","118335940"
"chr7","26266312","26266600","chr13","30701608","30701899","57","4435296"
"chr7","26277476","26277672","chr6","53934343","53934526","44","27656867"
"chr7","26293960","26294007","chr5","94690104","94690150","2","68396144"
"chr7","26321669","26321973","chr5","73075939","73076252","54","46754270"
"chr7","26350623","26350930","chr12","78919016","78919323","46","52568393"
"chr7","26380922","26381237","chr5","124645645","124645952","43","98264723"
"chr7","26470482","26470780","chrUn_GL286217","143262","143564","45","26327220"
"chr7","26628739","26629038","chr9","99956407","99956710","46","73327668"
"chr7","26633895","26633982","chr5","1395300","1395386","12","25238595"
"chr7","26768983","26769315","chr12","91470832","91471152","72","64701849"
"chr7","26787576","26787866","chr10","88439024","88439316","52","61651448"
"chr7","26833812","26833844","chr2","5531564","5531598","16","21302248"
"chr7","26833895","26834005","chr5","35997490","35997596","17","9163595"
"chr7","26913618","26913933","chr8","72569289","72569602","57","45655671"
"chr7","26931399","26931475","chr10","29908581","29908658","10","2977182"
"chr7","26936086","26936396","chr2","153267314","153267618","49","126331228"
"chr7","27075328","27075611","chr5","110562767","110563058","51","83487439"
"chr7","27187038","27187300","chr10","30200525","30200780","41","3013487"
"chr7","27292432","27292734","chr9","107340576","107340874","48","80048144"
"chr7","27295928","27296215","chr16","96491193","96491481","41","69195265"
"chr7","27300337","27300382","chr1","77402005","77402050","7","50101668"
"chr7","27313624","27313971","chr5","108338844","108339172","85","81025220"
"chr7","27354750","27355061","chr4","68873266","68873577","50","41518516"
"chr7","27715505","27715801","chr7","25925292","25925587","49","1790213"
"chr7","28136163","28136434","chr5","8282348","8282619","42","19853815"
"chr7","28146743","28147039","chr10","31152751","31153055","52","3006008"
"chr7","28243242","28243532","chr19","23703813","23704099","53","4539429"
"chr7","28307006","28307277","chr19","131155","131422","54","28175851"
"chr7","28484962","28485245","chr19","31366058","31366340","54","2881096"
"chr7","28894882","28895161","chr10","124970853","124971136","56","96075971"
"chr7","28991514","28991849","chr5","88802159","88802482","65","59810645"
"chr7","29266262","29266526","chr10","79929769","79930045","55","50663507"
"chr7","29357691","29357977","chr2","52679343","52679626","44","23321652"
"chr7","29365418","29365660","chr16","64779149","64779399","50","35413731"
"chr7","29437835","29438103","chr10","32494888","32495164","48","3057053"
"chr7","29461334","29461642","chr3","117540807","117541109","51","88079473"
"chr7","29474425","29474609","chr9","109493847","109494043","44","80019422"
"chr7","29486753","29486878","chr1","205933415","205933532","24","176446662"
"chr7","29487625","29487918","chr2","128486779","128487072","47","98999154"
"chr7","29492886","29493192","chr5","50537784","50538079","53","21044898"
"chr7","29504506","29504813","chrX","63118288","63118597","52","33613782"
"chr7","29518943","29519243","chr9","108638571","108638873","51","79119628"
"chr7","29595346","29595621","chr8","105549929","105550192","54","75954583"
"chr7","29596963","29597244","chr10","32639261","32639538","41","3042298"
"chr7","29629346","29629595","chr2","39216214","39216456","61","9586868"
"chr7","29677857","29678152","chr5","80121277","80121568","42","50443420"
"chr7","29687278","29687562","chr4","106702443","106702725","47","77015165"
"chr7","29729830","29730110","chr4","43398079","43398355","48","13668249"
"chr7","29844095","29844412","chr2","140711844","140712153","60","110867749"
"chr7","29917663","29917982","chrX","8396907","8397216","65","21520756"
"chr7","30047756","30048080","chr12","4413951","4414277","67","25633805"
"chr7","30053674","30053979","chr10","33155614","33155922","47","3101940"
"chr7","30062260","30062563","chr11","24125895","24126194","50","5936365"
"chr7","30090529","30090838","chr10","33196535","33196839","39","3106006"
"chr7","30249740","30250040","chr6","4994309","4994605","55","25255431"
"chr7","30289576","30289873","chr5","116663888","116664187","55","86374312"
"chr7","30458910","30459212","chr14","915738","916038","50","29543172"
"chr7","30562186","30562478","chr17","62830726","62831031","48","32268540"
"chr7","30702217","30702453","chr5","99416617","99416862","43","68714400"
"chr7","30857176","30857483","chr2","71331505","71331809","40","40474329"
"chr7","30930826","30931129","chr5","41268769","41269073","49","10337943"
"chr7","30990457","30990744","chr11","60574273","60574555","36","29583816"
"chr7","31004063","31004364","chrX","52033895","52034192","50","21029832"
"chr7","31028455","31028746","chr18","39208581","39208879","53","8180126"
"chr7","31098684","31098973","chr6","119011301","119011592","46","87912617"
"chr7","31110342","31110417","chr14","23295931","23296007","13","7814411"
"chr7","31140553","31140858","chr9","101210178","101210488","54","70069625"
"chr7","31149728","31149993","chr5","70687646","70687916","58","39537918"
"chr7","31359558","31359849","chr4","132436842","132437133","44","101077284"
"chr7","31386252","31386526","chrX","94104452","94104721","51","62718200"
"chr7","31539229","31539283","chr4","15869093","15869146","10","15670136"
"chr7","31540524","31540578","chr7","138590282","138590335","10","107049758"
"chr7","31629093","31629389","chr2","67847090","67847384","47","36217997"
"chr7","31654115","31654426","chr8","106549657","106549965","46","74895542"
"chr7","31880878","31881189","chr12","105081170","105081479","46","73200292"
"chr7","31898467","31898555","chr6","140444791","140444875","14","108546324"
"chr7","32016465","32016762","chr2","203225383","203225677","56","171208918"
"chr7","32231057","32231137","chr2","63885917","63885999","16","31654860"
"chr7","32299212","32299520","chr16","5681054","5681364","51","26618158"
"chr7","32371014","32371314","chr10","99720711","99721015","50","67349697"
"chr7","32427573","32427877","chr6","70367906","70368206","50","37940333"
"chr7","32641269","32641549","chr15","47744164","47744448","53","15102895"
"chr7","32657225","32657511","chr17","43745016","43745307","51","11087791"
"chr7","32748484","32748771","chr6","119011301","119011592","43","86262817"
"chr7","32792649","32792941","chr5","139889919","139890213","44","107097270"
"chr7","32862998","32863042","chr4","23664360","23664406","6","9198638"
"chr7","32869195","32869504","chr5","120225189","120225498","46","87355994"
"chr7","32870915","32871155","chr5","44606303","44606540","36","11735388"
"chr7","32961512","32961789","chrX","40344797","40345081","45","7383285"
"chr7","32971678","32971955","chr10","997637","997922","49","31974041"
"chr7","33003501","33003810","chr9","101210178","101210488","45","68206677"
"chr7","33004645","33004824","chr22","5351047","5351218","36","27653598"
"chr7","33008301","33008595","chr1","170771447","170771746","58","137763146"
"chr7","33015150","33015443","chr1","170771447","170771746","45","137756297"
"chr7","33017409","33017704","chr5","116663888","116664187","45","83646479"
"chr7","33059740","33060053","chr9","101280728","101281039","50","68220988"
"chr7","33068163","33068459","chr4","164145603","164145901","57","131077440"
"chr7","33091885","33092187","chr5","64266316","64266614","61","31174431"
"chr7","33118542","33118849","chr9","120468304","120468608","48","87349762"
"chr7","33132654","33132964","chr9","101210178","101210488","40","68077524"
"chr7","33152747","33153058","chr2","10940056","10940367","51","22212691"
"chr7","33167407","33167529","chr1","180271234","180271353","25","147103827"
"chr7","33205060","33205333","chrX","17933919","17934213","58","15271141"
"chr7","33221842","33222133","chr4","21633866","21634152","54","11587976"
"chr7","33278662","33278805","chr10","1320969","1321115","26","31957693"
"chr7","33292808","33293081","chr7","87295072","87295343","54","54002264"
"chr7","33300927","33301205","chr2","18568166","18568442","60","14732761"
"chr7","33329195","33329422","chr11","125886424","125886647","45","92557229"
"chr7","33337694","33337842","chr14","32065886","32066034","32","1271808"
"chr7","33337970","33338283","chr5","91678600","91678912","41","58340630"
"chr7","33519629","33519938","chr10","88056547","88056856","55","54536918"
"chr7","33522412","33522720","chr10","20863520","20863828","45","12658892"
"chr7","33564541","33564849","chr9","101210178","101210488","42","67645637"
"chr7","33615018","33615319","chr8","74033305","74033599","54","40418287"
"chr7","33620521","33620816","chr2","12588191","12588476","53","21032330"
"chr7","33677466","33677775","chr10","1732718","1733028","49","31944748"
"chr7","33688500","33688797","chr10","1745311","1745607","39","31943189"
"chr7","33691908","33692209","chr17","62830726","62831031","37","29138818"
"chr7","33718060","33718359","chr7","88697458","88697764","47","54979398"
"chr7","33741484","33741773","chr15","89615352","89615648","60","55873868"
"chr7","33780223","33780481","chr11","5274208","5274485","66","28506015"
"chr7","33812699","33813002","chr14","76157685","76157986","45","42344986"
"chr7","33831051","33831109","chr6","110843656","110843713","6","77012605"
"chr7","33871549","33871843","chr5","93075725","93076019","47","59204176"
"chr7","33881616","33881914","chr9","100172231","100172528","51","66290615"
"chr7","33883651","33883931","chr2","5015242","5015526","63","28868409"
"chr7","34000556","34000775","chr4","73967607","73967816","54","39967051"
"chr7","34033041","34033342","chr1","166036321","166036626","46","132003280"
"chr7","34102604","34102907","chr7","16343709","16344007","81","17758895"
"chr7","34122124","34122424","chr5","83138079","83138381","63","49015955"
"chr7","34217225","34217533","chr4","110593891","110594192","49","76376666"
"chr7","34237418","34237681","chr10","75382094","75382357","53","41144676"
"chr7","34242255","34242482","chrX","120162403","120162628","41","85920148"
"chr7","34295346","34295479","chr7","122161683","122161817","21","87866337"
"chr7","34346226","34346550","chrUn_GL286217","143262","143564","58","34202964"
"chr7","34441410","34441704","chr6","144170408","144170699","49","109728998"
"chr7","34449151","34449389","chr16","93829526","93829783","54","59380375"
"chr7","34464180","34464473","chr3","124015561","124015853","52","89551381"
"chr7","34569686","34569849","chr5","110972979","110973149","39","76403293"
"chr7","34653424","34653730","chr10","2747603","2747921","60","31905821"
"chr7","34670584","34670874","chr6","57780653","57780942","43","23110069"
"chr7","34718085","34718370","chr13","21810949","21811232","38","12907136"
"chr7","34857902","34858167","chr3","99743257","99743513","55","64885355"
"chr7","34870145","34870199","chr5","11370972","11371016","12","23499173"
"chr7","34918429","34918737","chr10","5304587","5304889","41","29613842"
"chr7","35083856","35084141","chr10","3224424","3224704","37","31859432"
"chr7","35352841","35353178","chr10","3494896","3495212","70","31857945"
"chr7","35500295","35500601","chr19","31863283","31863592","53","3637012"
"chr7","35552293","35552633","chr2","146982644","146982948","73","111430351"
"chr7","35659640","35659932","chr10","3830671","3830960","57","31828969"
"chr7","35724878","35725187","chr2","150624041","150624344","52","114899163"
"chr7","35923875","35924179","chr10","4103473","4103774","50","31820402"
"chr7","35936902","35937211","chr17","69045271","69045580","53","33108369"
"chr7","35937477","35937658","chr3","151538351","151538523","33","115600874"
"chr7","35988937","35989270","chr5","30889070","30889394","68","5099867"
"chr7","36078156","36078450","chr11","65700168","65700463","37","29622012"
"chr7","36139662","36139940","chr9","60592446","60592709","77","24452784"
"chr7","36298266","36298563","chr10","76904858","76905160","45","40606592"
"chr7","36470731","36471021","chr19","11821768","11822062","45","24648963"
"chr7","36506605","36506691","chr10","4620481","4620566","9","31886124"
"chr7","36522457","36522523","chr1","15206236","15206296","10","21316221"
"chr7","36564046","36564321","chr10","4653008","4653273","53","31911038"
"chr7","36578459","36578561","chr7","62094137","62094237","19","25515678"
"chr7","36605920","36606173","chr20","11729288","11729543","44","24876632"
"chr7","36610691","36610746","chr18","41967662","41967715","7","5356971"
"chr7","36612833","36612953","chr5","6715011","6715130","31","29897822"
"chr7","36634049","36634343","chr1","41686123","41686409","44","5052074"
"chr7","36665647","36665691","chr7","46724194","46724241","5","10058547"
"chr7","36735202","36735347","chr6","67503750","67503894","19","30768548"
"chr7","36777710","36778004","chr2","2218970","2219260","50","34558740"
"chr7","36931245","36931532","chr19","12425591","12425876","50","24505654"
"chr7","37055616","37055907","chr9","103757616","103757907","41","66702000"
"chr7","37074087","37074361","chr4","80376150","80376420","46","43302063"
"chr7","37141224","37141512","chr22","15517295","15517590","40","21623929"
"chr7","37151904","37152065","chr2","131597618","131597785","23","94445714"
"chr7","37181315","37181613","chr12","51888773","51889064","51","14707458"
"chr7","37264830","37265133","chr22","41886502","41886799","42","4621672"
"chr7","37306858","37307158","chr3","52365996","52366297","42","15059138"
"chr7","37308176","37308477","chr9","120468304","120468608","40","83160128"
"chr7","37315390","37315686","chr5","61409167","61409457","45","24093777"
"chr7","37318728","37319019","chr4","38367185","38367480","53","1048457"
"chr7","37321139","37321428","chr2","2218970","2219260","42","35102169"
"chr7","37339941","37340058","chr8","74203698","74203811","21","36863757"
"chr7","37350028","37350212","chr2","68183717","68183898","41","30833689"
"chr7","37453919","37454232","chr10","5645869","5646166","43","31808050"
"chr7","37526227","37526531","chr20","10160789","10161092","40","27365438"
"chr7","37585827","37586137","chr2","39815620","39815927","48","2229793"
"chr7","37589867","37590181","chr10","5706927","5707231","51","31882940"
"chr7","37641827","37642106","chr1","148438931","148439211","47","110797104"
"chr7","37695945","37696236","chr2","63180548","63180847","48","25484603"
"chr7","37758459","37758630","chr10","5875741","5875894","28","31882718"
"chr7","37823528","37823857","chr4","132055862","132056190","58","94232334"
"chr7","37859061","37859366","chr11","28125301","28125613","42","9733760"
"chr7","37878063","37878354","chr10","6000011","6000306","52","31878052"
"chr7","37895999","37896306","chr2","59445321","59445626","49","21549322"
"chr7","37898030","37898334","chr9","105072042","105072344","48","67174012"
"chr7","37905471","37905526","chr4","80755769","80755825","10","42850298"
"chr7","37926618","37926926","chr1","165934284","165934587","52","128007666"
"chr7","37942686","37942814","chr9","7140047","7140177","23","30802639"
"chr7","37969467","37969772","chr14","915738","916038","52","37053729"
"chr7","38027993","38028283","chr1","135371826","135372122","61","97343833"
"chr7","38056644","38056928","chr10","6181817","6182124","58","31874827"
"chr7","38077239","38077554","chr5","55380182","55380490","55","17302943"
"chr7","38144380","38144569","chr6","126764895","126765082","31","88620515"
"chr7","38204533","38204821","chr10","6323593","6323883","32","31880940"
"chr7","38205753","38206035","chr9","45982723","45983014","49","7776970"
"chr7","38241638","38241946","chr8","95582034","95582340","58","57340396"
"chr7","38274163","38274292","chr16","7864285","7864412","19","30409878"
"chr7","38296733","38297028","chrX","85991242","85991544","57","47694509"
"chr7","38407745","38407840","chr1","177053893","177053990","14","138646148"
"chr7","38434463","38434752","chr2","147728720","147729015","51","109294257"
"chr7","38516597","38516905","chr19","31863283","31863592","48","6653314"
"chr7","38525360","38525477","chr9","108671454","108671572","17","70146094"
"chr7","38529349","38529509","chr4","48642084","48642241","32","10112735"
"chr7","38534234","38534540","chr1","135645905","135646211","50","97111671"
"chr7","38559952","38560264","chr12","87400084","87400394","62","48840132"
"chr7","38561358","38561638","chr10","125258879","125259165","67","86697521"
"chr7","38565980","38566271","chr11","97529301","97529595","49","58963321"
"chr7","38567682","38567972","chr10","9929525","9929811","57","28638157"
"chr7","38585169","38585458","chr21","35283943","35284237","48","3301226"
"chr7","38604252","38604535","chr9","111529757","111530048","44","72925505"
"chr7","38609641","38609724","chr10","18470325","18470403","15","20139316"
"chr7","38609795","38609980","chr12","13379859","13380051","34","25229936"
"chr7","38630818","38630911","chr13","15252055","15252147","26","23378763"
"chr7","38657263","38657572","chr7","63127257","63127560","49","24469994"
"chr7","38661715","38661850","chr10","122739697","122739830","23","84077982"
"chr7","38665118","38665301","chr16","22290866","22291050","31","16374252"
"chr7","38689098","38689413","chr2","14449376","14449663","74","24239722"
"chr7","38710268","38710566","chr21","44694630","44694929","55","5984362"
"chr7","38726926","38727204","chr4","144716679","144716971","56","105989753"
"chr7","38736847","38737149","chr9","25525997","25526295","37","13210850"
"chr7","38826913","38826997","chr10","6905031","6905117","14","31921882"
"chr7","38828706","38828996","chr3","150032357","150032642","42","111203651"
"chr7","38832242","38832467","chr7","19323769","19323996","43","19508473"
"chr7","38844696","38844988","chr10","6925034","6925323","43","31919662"
"chr7","38855162","38855338","chr11","100423951","100424114","44","61568789"
"chr7","38905913","38906213","chr5","64266316","64266614","46","25360403"
"chr7","38909102","38909383","chr11","96050574","96050855","62","57141472"
"chr7","38917598","38917881","chr7","6919741","6920024","48","31997857"
"chr7","38954115","38954213","chr5","36901285","36901385","17","2052830"
"chr7","38972863","38973175","chr2","146982644","146982948","50","108009781"
"chr7","39034987","39035120","chr7","113553983","113554116","21","74518996"
"chr7","39058429","39058716","chr3","118139040","118139328","51","79080611"
"chr7","39100642","39100961","chr7","25925292","25925587","65","13175350"
"chr7","39143217","39143435","chr10","99558906","99559120","59","60415689"
"chr7","39222759","39222971","chr17","38948573","38948782","40","274186"
"chr7","39235208","39235514","chr22","36043321","36043622","55","3191887"
"chr7","39283114","39283402","chr10","7382222","7382506","42","31900892"
"chr7","39319798","39320085","chr10","7414698","7414991","31","31905100"
"chr7","39357714","39358002","chr6","154952020","154952313","45","115594306"
"chr7","39400855","39401159","chr14","32823755","32824065","64","6577100"
"chr7","39520951","39521232","chrX","40300031","40300316","44","779080"
"chr7","39526838","39527131","chr5","139889919","139890213","44","100363081"
"chr7","39542266","39542593","chr9","110062644","110062956","56","70520378"
"chr7","39578691","39579032","chr3","99673419","99673725","96","60094728"
"chr7","39612322","39612620","chr18","5071565","5071862","44","34540757"
"chr7","39629074","39629367","chr12","4068156","4068451","37","35560918"
"chr7","39630405","39630695","chr3","137108800","137109094","47","97478395"
"chr7","39662750","39663058","chr2","29646327","29646632","59","10016423"
"chr7","39725506","39725813","chr10","7808743","7809046","51","31916763"
"chr7","39737378","39737542","chr12","18349416","18349582","26","21387962"
"chr7","39744842","39745144","chr2","39828090","39828388","46","83248"
"chr7","39752337","39752635","chr2","67197269","67197565","46","27444932"
"chr7","39789822","39790081","chr16","69412490","69412730","63","29622668"
"chr7","39791302","39791393","chr2","9154740","9154829","15","30636562"
"chr7","39890124","39890448","chr10","7977782","7978095","47","31912342"
"chr7","39954589","39954876","chr18","1934408","1934694","46","38020181"
"chr7","40021520","40021827","chr6","121802757","121803058","47","81781237"
"chr7","40023466","40023766","chr10","8119856","8120147","53","31903610"
"chr7","40050811","40051079","chr7","31750809","31751083","52","8300002"
"chr7","40087024","40087259","chrX","44437368","44437597","40","4350344"
"chr7","40121971","40122245","chr16","88318376","88318636","59","48196405"
"chr7","40126895","40127195","chr3","53266221","53266526","52","13139326"
"chr7","40160550","40160834","chr2","36988574","36988869","53","3171976"
"chr7","40179698","40179899","chr5","82210611","82210812","46","42030913"
"chr7","40202278","40202575","chr12","20230563","20230858","37","19971715"
"chr7","40252263","40252574","chr16","90160190","90160499","50","49907927"
"chr7","40277182","40277471","chr6","7755539","7755830","45","32521643"
"chr7","40283594","40283740","chr14","71349893","71350037","18","31066299"
"chr7","40307089","40307390","chr2","36478057","36478360","44","3829032"
"chr7","40339240","40339548","chr9","122689798","122690105","49","82350558"
"chr7","40361176","40361479","chr10","8453753","8454061","45","31907423"
"chr7","40542895","40543190","chr12","90146327","90146615","48","49603432"
"chr7","40569523","40569822","chr1","206060001","206060297","42","165490478"
"chr7","40606409","40606707","chrX","96003113","96003412","48","55396704"
"chr7","40607868","40608122","chr8","93750596","93750840","49","53142728"
"chr7","40609443","40609552","chr18","2736228","2736334","20","37873215"
"chr7","40610531","40610695","chr10","8697222","8697385","21","31913309"
"chr7","40672402","40672707","chr2","146982644","146982948","55","106310242"
"chr7","40697139","40697445","chr11","122686903","122687200","48","81989764"
"chr7","40743481","40743758","chr10","13670605","13670898","53","27072876"
"chr7","40788745","40789050","chr3","53266221","53266526","49","12477476"
"chr7","40792886","40793158","chr2","127177045","127177318","49","86384159"
"chr7","40804802","40805105","chr4","54370195","54370493","59","13565393"
"chr7","40805852","40805975","chr3","72030386","72030497","30","31224534"
"chr7","40817382","40817601","chrX","17117860","17118076","37","23699522"
"chr7","40826690","40826972","chr9","124140854","124141134","52","83314164"
"chr7","40875677","40875745","chr10","6986334","6986404","20","33889343"
"chr7","40876262","40876425","chr10","87765666","87765831","32","46889404"
"chr7","40888802","40889110","chr16","26529425","26529732","51","14359377"
"chr7","40939251","40939516","chr2","57623070","57623349","53","16683819"
"chr7","41041501","41041818","chr16","74823463","74823775","51","33781962"
"chr7","41074379","41074675","chr2","66989134","66989436","51","25914755"
"chr7","41164197","41164501","chr14","62802625","62802927","68","21638428"
"chr7","41284738","41285042","chr5","73075939","73076252","43","31791201"
"chr7","41350153","41350462","chr9","92955669","92955979","59","51605516"
"chr7","41351823","41351934","chr12","101629664","101629768","16","60277841"
"chr7","41384601","41384903","chr5","50537784","50538079","54","9153183"
"chr7","41398876","41399182","chr4","5114628","5114934","44","36284248"
"chr7","41517179","41517478","chr10","9554410","9554697","50","31962769"
"chr7","41569655","41569960","chr2","140711844","140712153","52","99142189"
"chr7","41600354","41600659","chr8","110510109","110510411","47","68909755"
"chr7","41619933","41620242","chr10","9672393","9672704","51","31947540"
"chr7","41683670","41683955","chr10","100408257","100408540","41","58724587"
"chr7","41822530","41822808","chr11","122686903","122687200","50","80864373"
"chr7","41830277","41830558","chr15","56827400","56827682","59","14997123"
"chr7","41853328","41853615","chr10","9929525","9929811","41","31923803"
"chr7","41873493","41873802","chr1","199360645","199360948","54","157487152"
"chr7","41927936","41928217","chr3","105848034","105848319","48","63920098"
"chr7","41935886","41936153","chr9","124140854","124141134","61","82204968"
"chr7","41942709","41943001","chr10","99483273","99483561","41","57540564"
"chr7","42035575","42035885","chr11","28125301","28125613","42","13910274"
"chr7","42129181","42129470","chr11","121470693","121470985","42","79341512"
"chr7","42242372","42242673","chr9","70576079","70576384","50","28333707"
"chr7","42246788","42247068","chr6","75958442","75958734","52","33711654"
"chr7","42288890","42289202","chr4","104182996","104183307","55","61894106"
"chr7","42296346","42296648","chr21","44694630","44694929","47","2398284"
"chr7","42328456","42328747","chr22","35311273","35311570","55","7017183"
"chr7","42357048","42357347","chr5","65296228","65296517","43","22939180"
"chr7","42368308","42368486","chr10","10485556","10485733","29","31882752"
"chr7","42387797","42388094","chr10","13670605","13670898","40","28717192"
"chr7","42453303","42453515","chr13","41003650","41003851","47","1449653"
"chr7","42635423","42635717","chr7","78135655","78135948","50","35500232"
"chr7","42652266","42652577","chrX","62061554","62061862","51","19409288"
"chr7","42654746","42655029","chr1","199797101","199797388","47","157142355"
"chr7","42688060","42688139","chr11","93288031","93288117","15","50599971"
"chr7","42774069","42774375","chr9","99956407","99956710","53","57182338"
"chr7","42774448","42774755","chr14","77613723","77614028","42","34839275"
"chr7","42781605","42781916","chr14","36974791","36975106","52","5806814"
"chr7","43063642","43063954","chr2","29786463","29786779","51","13277179"
"chr7","43091628","43091919","chr1","199797101","199797388","49","156705473"
"chr7","43115344","43115634","chr20","13064867","13065155","46","30050477"
"chr7","43131759","43132049","chr4","160639335","160639621","46","117507576"
"chr7","43182233","43182540","chr9","110062644","110062956","46","66880411"
"chr7","43245366","43245663","chr5","139889919","139890213","45","96644553"
"chr7","43248476","43248607","chr9","44740587","44740719","18","1492111"
"chr7","43270699","43270988","chr10","11421817","11422107","44","31848882"
"chr7","43275292","43275424","chr10","10089507","10089637","14","33185785"
"chr7","43291897","43292187","chr19","11821768","11822062","41","31470129"
"chr7","43308341","43308607","chr10","11458723","11458988","49","31849618"
"chr7","43352851","43353153","chr7","120468697","120468997","44","77115846"
"chr7","43355322","43355633","chr1","115546298","115546611","50","72190976"
"chr7","43574375","43574692","chr7","129367672","129367976","65","85793297"
"chr7","43633568","43633856","chr10","11645926","11646221","44","31987642"
"chr7","43799534","43799814","chr5","26465835","26466109","51","17333699"
"chr7","43920570","43920863","chr10","11899341","11899635","44","32021229"
"chr7","43928650","43928955","chr1","13807754","13808053","51","30120896"
"chr7","43937047","43937365","chr4","132055862","132056190","62","88118815"
"chr7","43973367","43973661","chr10","11953108","11953401","45","32020259"
"chr7","43982390","43982693","chr7","58917227","58917519","49","14934837"
"chr7","44100604","44100742","chr1","86741299","86741434","19","42640695"
"chr7","44353255","44353556","chr8","94698073","94698374","61","50344818"
"chr7","44361146","44361317","chr10","12356259","12356428","27","32004887"
"chr7","44418458","44418754","chr5","144164144","144164432","49","99745686"
"chr7","44634916","44635225","chr10","12641085","12641393","51","31993831"
"chr7","44991916","44991950","chr2","5531564","5531598","16","39460352"
"chr7","44992099","44992382","chr9","33781633","33781909","46","11210466"
"chr7","45149721","45149915","chr22","10456039","10456243","35","34693682"
"chr7","45171890","45172209","chr1","163029416","163029731","56","117857526"
"chr7","45247187","45247500","chr9","101210178","101210488","50","55962991"
"chr7","45262213","45262517","chr2","64076460","64076764","43","18814247"
"chr7","45266150","45266283","chr5","112097847","112097981","19","66831697"
"chr7","45286237","45286383","chr6","154284762","154284910","23","108998525"
"chr7","45439893","45440176","chr9","19159917","19160194","47","26279976"
"chr7","45531258","45531539","chrX","40344797","40345081","47","5186461"
"chr7","45566617","45566629","chr12","90719998","90720010","3","45153381"
"chr7","45566653","45566675","chr4","30855651","30855680","8","14711002"
"chr7","45692488","45692790","chrX","69084841","69085134","53","23392353"
"chr7","45824883","45825172","chr4","163363355","163363643","47","117538472"
"chr7","45896318","45896515","chr4","94826513","94826711","36","48930195"
"chr7","45958033","45958085","chr4","50786372","50786423","8","4828339"
"chr7","46210279","46210565","chr10","14199572","14199849","44","32010707"
"chr7","46217799","46218109","chr8","114553260","114553568","50","68335461"
"chr7","46260908","46261201","chr10","14258171","14258466","32","32002737"
"chr7","46313412","46313718","chr2","3733544","3733853","44","42579868"
"chr7","46385614","46385899","chr4","144716679","144716971","47","98331065"
"chr7","46429524","46429725","chr5","63923740","63923943","39","17494216"
"chr7","46497851","46498140","chr12","110449134","110449416","66","63951283"
"chr7","46502162","46502461","chr8","841978","842272","49","45660184"
"chr7","46508970","46509237","chr2","34962181","34962466","59","11546789"
"chr7","46537729","46537997","chr18","5664786","5665051","48","40872943"
"chr7","46559319","46559619","chr5","64266316","64266614","46","17706997"
"chr7","46579474","46579742","chr9","46076517","46076799","71","502957"
"chr7","46704015","46704305","chr13","54405544","54405844","62","7701529"
"chr7","46712384","46712671","chrX","16102878","16103172","50","30609506"
"chr7","46743840","46744142","chr10","14690438","14690745","43","32053402"
"chr7","46762913","46763199","chr14","53310215","53310500","42","6547302"
"chr7","46763451","46763707","chr5","122403035","122403291","83","75639584"
"chr7","46816141","46816425","chr4","47729514","47729797","44","913373"
"chr7","46831523","46831641","chr3","139161161","139161276","19","92329638"
"chr7","46927211","46927508","chr10","14860976","14861276","41","32066235"
"chr7","46949103","46949235","chr22","2670588","2670723","29","44278515"
"chr7","46949265","46949398","chr2","65349063","65349187","35","18399798"
"chr7","46997295","46997605","chr11","28125301","28125613","55","18871994"
"chr7","47003800","47004095","chr5","108843290","108843570","56","61839490"
"chr7","47089370","47089663","chr20","39248477","39248772","57","7840893"
"chr7","47101178","47101286","chr4","32132415","32132526","22","14968763"
"chr7","47112940","47113226","chr2","203225383","203225677","54","156112443"
"chr7","47128255","47128563","chr4","98746325","98746622","54","51618070"
"chr7","47172212","47172523","chr1","41686123","41686409","70","5486089"
"chr7","47195575","47195855","chr12","16148639","16148932","49","31046936"
"chr7","47204237","47204523","chr4","107437630","107437918","51","60233393"
"chr7","47291262","47291562","chr7","33547338","33547635","38","13743924"
"chr7","47395028","47395322","chr10","15300002","15300292","38","32095026"
"chr7","47436258","47436555","chr12","79497897","79498186","43","32061639"
"chr7","47479459","47479745","chr10","15385473","15385753","47","32093986"
"chr7","47507400","47507686","chr10","15413431","15413716","36","32093969"
"chr7","47577010","47577286","chr10","15483737","15484008","49","32093273"
"chr7","47637749","47638060","chr5","59461001","59461310","45","11823252"
"chr7","47689287","47689585","chr10","15582234","15582528","49","32107053"
"chr7","47717791","47718085","chr12","51888773","51889064","48","4170982"
"chr7","47728276","47728315","chr9","60180893","60180932","5","12452617"
"chr7","47736340","47736663","chr10","15628624","15628935","53","32107716"
"chr7","47848434","47848646","chr5","126411217","126411375","91","78562783"
"chr7","47857953","47858265","chr7","70375823","70376126","49","22517870"
"chr7","47863614","47863915","chr9","45325979","45326278","40","2537635"
"chr7","47959001","47959285","chrX","121377455","121377738","42","73418454"
"chr7","47976446","47976733","chr1","168510460","168510747","57","120534014"
"chr7","48055008","48055172","chr2","8958027","8958196","27","39096981"
"chr7","48086681","48086950","chr1","168926697","168926979","53","120840016"
"chr7","48098815","48098917","chr5","92964095","92964193","13","44865280"
"chr7","48106522","48106774","chr9","6607282","6607548","59","41499240"
"chr7","48173190","48173486","chr2","146982644","146982948","47","98809454"
"chr7","48266542","48266709","chr7","12902130","12902295","35","35364412"
"chr7","48360252","48360551","chrUn_GL286217","143262","143564","43","48216990"
"chr7","48400527","48400824","chr12","20230563","20230858","44","28169964"
"chr7","48451988","48452283","chr7","25925292","25925587","36","22526696"
"chr7","48455281","48455579","chr10","16344177","16344480","49","32111104"
"chr7","48465825","48465916","chr4","110642008","110642097","10","62176183"
"chr7","48478534","48478823","chr13","97793409","97793699","47","49314875"
"chr7","48523213","48523513","chr12","87927699","87927990","50","39404486"
"chr7","48524683","48524983","chr12","87927699","87927990","50","39403016"
"chr7","48545057","48545175","chr1","205933415","205933532","20","157388358"
"chr7","48562175","48562356","chr10","16092525","16092704","38","32469650"
"chr7","48571670","48571787","chr1","205933415","205933532","20","157361745"
"chr7","48581940","48582241","chr5","131639490","131639797","57","83057550"
"chr7","48590180","48590487","chr15","24029162","24029466","51","24561018"
"chr7","48663814","48663989","chr20","3785470","3785644","26","44878344"
"chr7","48896457","48896736","chr3","19993966","19994253","46","28902491"
"chr7","48970847","48971163","chr11","28125301","28125613","49","20845546"
"chr7","48983381","48983680","chrX","107560088","107560397","53","58576707"
"chr7","48984478","48984614","chr10","16777680","16777817","16","32206798"
"chr7","48992328","48992635","chr6","140581095","140581398","48","91588767"
"chr7","48995295","48995646","chr1","183463870","183464229","107","134468575"
"chr7","49016065","49016340","chr6","151131282","151131564","55","102115217"
"chr7","49039577","49039875","chr1","65342761","65343056","55","16303184"
"chr7","49065140","49065361","chr10","16869025","16869242","34","32196115"
"chr7","49074063","49074211","chr14","37502938","37503086","32","11571125"
"chr7","49159325","49159532","chr8","12383225","12383425","37","36776100"
"chr7","49170217","49170506","chr7","17953074","17953369","52","31217143"
"chr7","49185885","49186178","chr9","25525997","25526295","43","23659888"
"chr7","49187831","49188081","chr10","17023038","17023266","52","32164793"
"chr7","49218275","49218567","chr19","23703813","23704099","41","25514462"
"chr7","49243739","49244049","chr10","90399593","90399894","49","41155854"
"chr7","49246049","49246361","chr7","70375823","70376126","52","21129774"
"chr7","49307575","49307892","chr10","17150799","17151113","49","32156776"
"chr7","49319652","49319953","chr10","90399593","90399894","45","41079941"
"chr7","49361540","49361764","chr10","17208514","17208740","28","32153026"
"chr7","49383007","49383311","chr2","17996148","17996446","58","31386859"
"chr7","49395937","49396239","chr15","15693085","15693387","41","33702852"
"chr7","49424754","49424824","chr4","33195013","33195083","12","16229741"
"chr7","49438239","49438339","chr13","71781215","71781315","21","22342976"
"chr7","49487530","49487672","chr5","157861381","157861515","26","108373851"
"chr7","49493416","49493689","chr6","47776710","47776988","64","1716706"
"chr7","49497363","49497640","chr14","45392565","45392845","52","4104798"
"chr7","49602806","49602940","chr10","17431164","17431295","18","32171642"
"chr7","49635465","49635775","chr5","114223635","114223941","51","64588170"
"chr7","49636042","49636331","chr3","117631973","117632263","54","67995931"
"chr7","49648514","49648837","chr1","86728701","86729028","74","37080187"
"chr7","49653654","49653742","chr18","10175144","10175228","13","39478510"
"chr7","49667872","49668161","chr5","106626420","106626712","57","56958548"
"chr7","49693218","49693508","chr15","4370856","4371142","47","45322362"
"chr7","49755467","49755578","chr16","21159134","21159244","11","28596333"
"chr7","49804343","49804646","chr3","189626079","189626372","42","139821736"
"chr7","49838515","49838815","chrX","39775240","39775514","66","10063275"
"chr7","49843486","49843519","chr7","19146088","19146122","14","30697398"
"chr7","49843522","49843579","chr3","30979334","30979387","8","18864188"
"chr7","49889364","49889688","chr2","131733658","131733977","70","81844294"
"chr7","49897385","49897502","chr12","14512464","14512580","16","35384921"
"chr7","49904296","49904469","chr6","141205668","141205833","41","91301372"
"chr7","49906660","49906962","chr1","13807754","13808053","52","36098906"
"chr7","49907112","49907408","chr7","18384707","18385006","45","31522405"
"chr7","49907409","49907704","chr8","18521054","18521350","51","31386355"
"chr7","49920079","49920384","chr3","111477906","111478203","42","61557827"
"chr7","49958200","49958382","chr7","50710204","50710388","28","752004"
"chr7","49959261","49959429","chr5","133811119","133811288","37","83851858"
"chr7","50003830","50004116","chr7","29042352","29042646","59","20961478"
"chr7","50004363","50004637","chr13","16023453","16023732","44","33980910"
"chr7","50024919","50025218","chr2","2218970","2219260","53","47805949"
"chr7","50034487","50034791","chr5","73075939","73076252","47","23041452"
"chr7","50035681","50035965","chr2","5015242","5015526","42","45020439"
"chr7","50061518","50061677","chr6","114762508","114762668","25","64700990"
"chr7","50065740","50065990","chr5","5042006","5042244","57","45023734"
"chr7","50077703","50077994","chr9","103757616","103757907","38","53679913"
"chr7","50185119","50185348","chr17","9095151","9095365","60","41089968"
"chr7","50192625","50192926","chr4","69055872","69056171","62","18863247"
"chr7","50196346","50196533","chr22","34544447","34544626","38","15651899"
"chr7","50216747","50216865","chr1","205933415","205933532","21","155716668"
"chr7","50237825","50238126","chr5","139889919","139890213","54","89652094"
"chr7","50377828","50378133","chr1","201876884","201877182","52","151499056"
"chr7","50401739","50401781","chr1","192199612","192199657","8","141797873"
"chr7","50409251","50409516","chr15","25769775","25770045","52","24639476"
"chr7","50498567","50498868","chr2","67197269","67197565","55","16698702"
"chr7","50505482","50505772","chr10","82921268","82921557","45","32415786"
"chr7","50590380","50590691","chr2","146982644","146982948","46","96392264"
"chr7","50592727","50593005","chr13","95861251","95861532","41","45268524"
"chr7","50602303","50602588","chrX","46464393","46464684","42","4137910"
"chr7","50695884","50696165","chr7","155162191","155162474","32","104466307"
"chr7","50737970","50738269","chr5","83138079","83138381","44","32400109"
"chr7","50777300","50777594","chr10","14376288","14376587","68","36401012"
"chr7","50785835","50786108","chrY","2262071","2262343","46","48523764"
"chr7","50787227","50787507","chr12","89848338","89848620","43","39061111"
"chr7","50789397","50789699","chrY","2257872","2258181","48","48531525"
"chr7","50794456","50794776","chr12","78334228","78334543","55","27539772"
"chr7","50836680","50836987","chr4","151238342","151238657","43","100401662"
"chr7","50922410","50922654","chrY","2123078","2123336","46","48799332"
"chr7","50932080","50932384","chr11","66040957","66041261","43","15108877"
"chr7","50971535","50971827","chr10","60607843","60608138","48","9636308"
"chr7","51011330","51011614","chr5","71686578","71686874","64","20675248"
"chr7","51057829","51058120","chr9","83573818","83574110","43","32515989"
"chr7","51058789","51059080","chr9","83573818","83574110","43","32515029"
"chr7","51099834","51100140","chr9","101210178","101210488","50","50110344"
"chr7","51174080","51174370","chr9","14539289","14539586","48","36634791"
"chr7","51185768","51186014","chr5","25053411","25053658","60","26132357"
"chr7","51268914","51269225","chr2","1940205","1940517","53","49328709"
"chr7","51287493","51287669","chr13","16898718","16898893","33","34388775"
"chr7","51329985","51330294","chrY","1716455","1716765","48","49613530"
"chr7","51350406","51350701","chr7","70258474","70258767","63","18908068"
"chr7","51367027","51367327","chrX","12001871","12002171","50","39365156"
"chr7","51657667","51657954","chrY","1385203","1385486","47","50272464"
"chr7","51747223","51747322","chr22","24016725","24016819","22","27730498"
"chr7","51789640","51789928","chr10","58967169","58967454","55","7177529"
"chr7","51795953","51796253","chrX","17027155","17027457","47","34768798"
"chr7","51796774","51796901","chr5","156163531","156163658","13","104366757"
"chr7","51928485","51928775","chr14","4377772","4378058","50","47550713"
"chr7","51932231","51932489","chrY","1081436","1081685","49","50850795"
"chr7","51966965","51967283","chrY","1048013","1048326","54","50918952"
"chr7","52050417","52050687","chr1","148546519","148546798","55","96496102"
"chr7","52223985","52224280","chr5","94201008","94201299","49","41977023"
"chr7","52239979","52240280","chr2","11077390","11077699","61","41162589"
"chr7","52244170","52244352","chr15","41892555","41892730","41","10351615"
"chr7","52369405","52369694","chr1","170771447","170771746","49","118402042"
"chr7","52411865","52412163","chr2","11077390","11077699","58","41334475"
"chr7","52424043","52424341","chr2","67197269","67197565","46","14773226"
"chr7","52509158","52509453","chr12","20230563","20230858","50","32278595"
"chr7","52572623","52572936","chr2","1940205","1940517","54","50632418"
"chr7","52591127","52591428","chr7","70375823","70376126","44","17784696"
"chr7","52609921","52610204","chr4","106702443","106702725","51","54092522"
"chr7","52665906","52666207","chr9","45325979","45326278","45","7339927"
"chr7","52730398","52730709","chr18","32076394","32076707","52","20654004"
"chr7","52736787","52736870","chr5","154452495","154452576","20","101715708"
"chr7","52736871","52737111","chr5","44606303","44606540","42","8130568"
"chr7","52802428","52802701","chr13","60759063","60759326","42","7956635"
"chr7","52815541","52815836","chr2","2218970","2219260","48","50596571"
"chr7","52842012","52842306","chr5","84875690","84875977","51","32033678"
"chr7","52846318","52846603","chr4","132850449","132850734","55","80004131"
"chr7","52857028","52857329","chr1","77761553","77761848","57","24904525"
"chr7","52868822","52869104","chr12","107125942","107126232","41","54257120"
"chr7","52870144","52870438","chr1","148374165","148374460","39","95504021"
"chr7","52918004","52918087","chr1","173159223","173159297","15","120241219"
"chr7","52922892","52923197","chr5","25664925","25665227","46","27257967"
"chr7","52931431","52931714","chr1","186610138","186610422","47","133678707"
"chr7","52978039","52978343","chr1","195703067","195703369","55","142725028"
"chr7","52991383","52991458","chr2","6648559","6648630","11","46342824"
"chr7","53019114","53019426","chr4","43309043","43309348","55","9710071"
"chr7","53019456","53019605","chr2","93802927","93803075","26","40783471"
"chr7","53085660","53085945","chr1","155481150","155481435","43","102395490"
"chr7","53165182","53165420","chr9","83564541","83564775","45","30399359"
"chr7","53167133","53167240","chr11","115470374","115470475","29","62303241"
"chr7","53167557","53167729","chr14","12483406","12483571","42","40684151"
"chr7","53169010","53169320","chr2","6639751","6640061","52","46529259"
"chr7","53176980","53177292","chrX","8396907","8397216","59","44780073"
"chr7","53184357","53184475","chr22","13181843","13181959","18","40002514"
"chr7","53207662","53207965","chr13","60759718","60760012","53","7552056"
"chr7","53249730","53250035","chr7","62486081","62486384","49","9236351"
"chr7","53268890","53269200","chr9","101210178","101210488","48","47941288"
"chr7","53273714","53274016","chr2","150822534","150822835","48","97548820"
"chr7","53317136","53317449","chrUn_GL286217","143262","143564","56","53173874"
"chr7","53359503","53359786","chr7","10130585","10130869","53","43228918"
"chr7","53384647","53384953","chr7","88697458","88697764","39","35312811"
"chr7","53392983","53393283","chr12","51888773","51889064","50","1504210"
"chr7","53433722","53434009","chr15","69290177","69290464","44","15856455"
"chr7","53434401","53434457","chrX","46368923","46368985","11","7065478"
"chr7","53448512","53448822","chr8","106549657","106549965","47","53101145"
"chr7","53466362","53466438","chr11","9334393","9334466","13","44131969"
"chr7","53477966","53478250","chr10","18681909","18682193","31","34796057"
"chr7","53624216","53624516","chr20","39248477","39248772","63","14375739"
"chr7","53695153","53695439","chrX","40344797","40345081","35","13350356"
"chr7","53712239","53712520","chr6","26822330","26822617","47","26889909"
"chr7","53866316","53866621","chr6","118600755","118601054","42","64734439"
"chr7","54147292","54147599","chr2","146982644","146982948","46","92835352"
"chr7","54292782","54293062","chr6","26116305","26116582","38","28176477"
"chr7","54421823","54422097","chr2","9045603","9045882","58","45376220"
"chr7","54427594","54427874","chr3","19993966","19994253","43","34433628"
"chr7","54494475","54494766","chr4","107437630","107437918","52","52943155"
"chr7","54530571","54530849","chr2","2218970","2219260","54","52311601"
"chr7","54533501","54533727","chr11","120331998","120332232","55","65798497"
"chr7","54569289","54569565","chr5","43272103","43272376","57","11297186"
"chr7","54652566","54652833","chr2","196431839","196432104","59","141779273"
"chr7","54766957","54767260","chr10","22665922","22666223","52","32101035"
"chr7","54906057","54906373","chr3","136899810","136900119","47","81993753"
"chr7","54941786","54941938","chr5","80103764","80103915","22","25161978"
"chr7","55028627","55028900","chr13","61026131","61026415","53","5997504"
"chr7","55087922","55088222","chr7","78135655","78135948","45","23047733"
"chr7","55089897","55090234","chr10","6094557","6094896","73","48995340"
"chr7","55101925","55102007","chr19","3739715","3739802","12","51362210"
"chr7","55184863","55185154","chr15","48116108","48116392","55","7068755"
"chr7","55231647","55231962","chr12","113152444","113152757","56","57920797"
"chr7","55312405","55312702","chr1","155425229","155425519","44","100112824"
"chr7","55325723","55326002","chr12","5016127","5016403","55","50309596"
"chr7","55328939","55329247","chrX","37295688","37295992","50","18033251"
"chr7","55503451","55503755","chr6","25076894","25077196","40","30426557"
"chr7","55513295","55513577","chr1","119823333","119823623","50","64310038"
"chr7","55547602","55547937","chr15","37514276","37514606","62","18033326"
"chr7","55612245","55612540","chr12","18198270","18198564","46","37413975"
"chr7","55623525","55623815","chr6","24957843","24958124","45","30665682"
"chr7","55650165","55650477","chr6","24930723","24931033","54","30719442"
"chr7","55731661","55731960","chr5","93075725","93076019","47","37344064"
"chr7","56119627","56119924","chr7","132855803","132856098","48","76736176"
"chr7","56374395","56374694","chr19","27619331","27619631","46","28755064"
"chr7","56450353","56450459","chrX","37109369","37109475","17","19340984"
"chr7","56561884","56562172","chr4","71933212","71933503","47","15371328"
"chr7","56599623","56599802","chr6","141514750","141514919","40","84915127"
"chr7","56640646","56640952","chr12","78547557","78547860","59","21906911"
"chr7","56738778","56739080","chr1","157094647","157094947","44","100355869"
"chr7","56833429","56833691","chr5","128664686","128664943","51","71831257"
"chr7","57040587","57040888","chr18","7470749","7471045","49","49569838"
"chr7","57125494","57125802","chrX","96202007","96202315","48","39076513"
"chr7","57149621","57149902","chr2","2079299","2079573","60","55070322"
"chr7","57265909","57266183","chr12","26527847","26528114","51","30738062"
"chr7","57370587","57370891","chr5","55380182","55380490","49","1990405"
"chr7","57422886","57423191","chr9","108638571","108638873","45","51215685"
"chr7","57433540","57433822","chr6","23764494","23764782","49","33669046"
"chr7","57611743","57612029","chr5","37902121","37902416","50","19709622"
"chr7","57717752","57717791","chr7","106028837","106028875","15","48311085"
"chr7","57726708","57727010","chr5","88675295","88675605","52","30948587"
"chr7","57784926","57785239","chr5","55380182","55380490","43","2404744"
"chr7","57842819","57843129","chr14","45030956","45031262","46","12811863"
"chr7","57886736","57887022","chr7","30907560","30907847","45","26979176"
"chr7","58009063","58009376","chr11","28125301","28125613","47","29883762"
"chr7","58061778","58061947","chr3","189072814","189072983","26","131011036"
"chr7","58091254","58091350","chr4","146858408","146858506","15","88767154"
"chr7","58191698","58191762","chr5","69549175","69549233","18","11357477"
"chr7","58192294","58192453","chr3","26368557","26368719","36","31823737"
"chr7","58215040","58215362","chrX","20236660","20236976","53","37978380"
"chr7","58462232","58462524","chr12","113614151","113614443","50","55151919"
"chr7","58483641","58483917","chr2","164683323","164683607","58","106199682"
"chr7","58499764","58500000","chr21","32830784","32831019","38","25668980"
"chr7","58518168","58518455","chr2","73704522","73704812","50","15186354"
"chr7","58541440","58541520","chrUn_GL286226","90690","90766","14","58450750"
"chr7","58562303","58562600","chr1","170771447","170771746","37","112209144"
"chr7","58581792","58582110","chr6","22626079","22626390","52","35955713"
"chr7","58589309","58589423","chr5","46237390","46237508","19","12351919"
"chr7","58589995","58590145","chrX","39844112","39844261","18","18745883"
"chr7","58633466","58633740","chr14","71038767","71039042","53","12405301"
"chr7","58688520","58688825","chr3","71082107","71082409","55","12393587"
"chr7","58692568","58692858","chr12","51652419","51652716","42","7040149"
"chr7","58708055","58708374","chr7","15348104","15348417","60","43359951"
"chr7","58741160","58741201","chr7","128060188","128060229","6","69319028"
"chr7","58779262","58779568","chr15","24472097","24472396","55","34307165"
"chr7","58827699","58827989","chr20","13023485","13023768","49","45804214"
"chr7","58840444","58840751","chr12","105081170","105081479","40","46240726"
"chr7","58897156","58897417","chr6","22328700","22328965","40","36568456"
"chr7","58926060","58926358","chr1","10455735","10456039","49","48470325"
"chr7","59057656","59057948","chrX","122140594","122140885","48","63082938"
"chr7","59093202","59093456","chr18","5790915","5791164","62","53302287"
"chr7","59101434","59101495","chrUn_GL288540","19924","19981","10","59081510"
"chr7","59143966","59144267","chr4","98746325","98746622","58","39602359"
"chr7","59200913","59201254","chr6","18648007","18648318","83","40552906"
"chr7","59214695","59214996","chr7","25925292","25925587","43","33289403"
"chr7","59217114","59217341","chr6","21855481","21855703","18","37361633"
"chr7","59297791","59298087","chr6","21930692","21931000","40","37367099"
"chr7","59310065","59310198","chr5","92195101","92195237","24","32885036"
"chr7","59318873","59318959","chr22","39183823","39183910","14","20135050"
"chr7","59370097","59370370","chr19","6492931","6493204","53","52877166"
"chr7","59382330","59382643","chr20","11868686","11868992","45","47513644"
"chr7","59383884","59384187","chr6","121802757","121803058","47","62418873"
"chr7","59458442","59458724","chr5","93075725","93076019","48","33617283"
"chr7","59469280","59469560","chr19","31366058","31366340","46","28103222"
"chr7","59474216","59474524","chr6","21930692","21931000","49","37543524"
"chr7","59482005","59482305","chr8","71293822","71294118","43","11811817"
"chr7","59489614","59489924","chr6","22128367","22128673","44","37361247"
"chr7","59490389","59490441","chr9","69334480","69334530","6","9844091"
"chr7","59490443","59490719","chr6","22129184","22129457","46","37361259"
"chr7","59496896","59497181","chr9","46777958","46778230","51","12718938"
"chr7","59750677","59750986","chr10","18294480","18294786","37","41456197"
"chr7","59751871","59752008","chrUn_GL287824","9926","10056","24","59741945"
"chr7","59754472","59754774","chr8","106549657","106549965","52","46795185"
"chr7","59771448","59771738","chr5","116034888","116035179","37","56263440"
"chr7","59775386","59775671","chr10","115997344","115997634","47","56221958"
"chr7","60028073","60028380","chrX","17705039","17705341","59","42323034"
"chr7","60034723","60034999","chr6","21611692","21611963","33","38423031"
"chr7","60080419","60080709","chr22","32340312","32340608","56","27740107"
"chr7","60179775","60180063","chr5","38474462","38474762","48","21705313"
"chr7","60205803","60205987","chr13","97710433","97710611","33","37504630"
"chr7","60284742","60284865","chr17","26367543","26367663","22","33917199"
"chr7","60307427","60307693","chr12","11159847","11160108","43","49147580"
"chr7","60338127","60338432","chrX","17705039","17705341","56","42633088"
"chr7","60341721","60342011","chr7","75067875","75068164","43","14726154"
"chr7","60362106","60362388","chr9","115476369","115476657","51","55114263"
"chr7","60386977","60387277","chr4","108789268","108789567","51","48402291"
"chr7","60571261","60571554","chr1","201346514","201346805","47","140775253"
"chr7","61003395","61003678","chr3","80200397","80200684","52","19197002"
"chr7","61991759","61992064","chr9","25525997","25526295","49","36465762"
"chr7","62265244","62265556","chr7","45067143","45067454","56","17198101"
"chr7","62421138","62421425","chr6","19424412","19424701","40","42996726"
"chr7","62495325","62495625","chr2","203225383","203225677","46","140730058"
"chr7","62660085","62660322","chr12","79842025","79842259","51","17181940"
"chr7","62923253","62923534","chr6","18917396","18917664","42","44005857"
"chr7","62940877","62941171","chr6","18900604","18900894","37","44040273"
"chr7","62951364","62951499","chr3","86420730","86420862","20","23469366"
"chr7","62965424","62965723","chr13","16760883","16761188","54","46204541"
"chr7","62997259","62997539","chrX","66187930","66188205","53","3190671"
"chr7","63051869","63052178","chr4","17518722","17519032","48","45533147"
"chr7","63085665","63085967","chr16","71570137","71570438","44","8484472"
"chr7","63106770","63107077","chr6","18728252","18728558","44","44378518"
"chr7","63115993","63116193","chr9","108411989","108412192","47","45295996"
"chr7","63132595","63132875","chr6","18704738","18705021","43","44427857"
"chr7","63295643","63295953","chr14","32553436","32553738","42","30742207"
"chr7","63332309","63332606","chr5","50537784","50538079","44","12794525"
"chr7","63368199","63368291","chr2","9154740","9154829","13","54213459"
"chr7","63426167","63426344","chr4","7512904","7513083","37","55913263"
"chr7","63472832","63473128","chr1","77745311","77745604","39","14272479"
"chr7","63486109","63486394","chr2","2218970","2219260","39","61267139"
"chr7","63500993","63501316","chr5","117628996","117629307","66","54128003"
"chr7","63516834","63517133","chr4","44576155","44576457","50","18940679"
"chr7","63540018","63540314","chr5","139889919","139890213","44","76349901"
"chr7","63557577","63557872","chr6","18304775","18305077","36","45252802"
"chr7","63575457","63575719","chr10","82114123","82114387","47","18538666"
"chr7","63617029","63617260","chr6","18255933","18256171","33","45361096"
"chr7","63634765","63634815","chr1","170703737","170703784","7","107068972"
"chr7","63647561","63647859","chr11","116346925","116347227","46","52699364"
"chr7","63655576","63655841","chr12","23771537","23771792","61","39884039"
"chr7","63721301","63721599","chr5","139889919","139890213","51","76168618"
"chr7","63725902","63726196","chr6","18141073","18141370","36","45584829"
"chr7","63735806","63736106","chr5","47331456","47331756","46","16404350"
"chr7","63747929","63748215","chr21","48186059","48186355","52","15561870"
"chr7","63769970","63770272","chr14","60249507","60249808","48","3520463"
"chr7","63805238","63805535","chr6","18061204","18061486","50","45744034"
"chr7","63869693","63870001","chr6","17992902","17993201","45","45876791"
"chr7","63877469","63877779","chr15","21185958","21186269","50","42691511"
"chr7","63904898","63905195","chr10","100757276","100757573","44","36852378"
"chr7","63933153","63933444","chr10","102989649","102989930","52","39056496"
"chr7","63941518","63941827","chr6","17882630","17882930","54","46058888"
"chr7","63961718","63962025","chrX","117763468","117763772","44","53801750"
"chr7","64027360","64027626","chr5","72712443","72712712","48","8685083"
"chr7","64044479","64044748","chr10","129718624","129718892","50","65674145"
"chr7","64187240","64187530","chr2","164683323","164683607","57","100496083"
"chr7","64217380","64217645","chr1","144529020","144529286","46","80311640"
"chr7","64222827","64223121","chr6","148673760","148674058","54","84450933"
"chr7","64274471","64274772","chr6","17579994","17580272","51","46694477"
"chr7","64323058","64323343","chr1","92257912","92258194","49","27934854"
"chr7","64332589","64332880","chr10","117080076","117080365","61","52747487"
"chr7","64334498","64334739","chr6","17518137","17518382","43","46816361"
"chr7","64337838","64337910","chrX","82125450","82125520","17","17787612"
"chr7","64343808","64344118","chr5","117609240","117609536","52","53265432"
"chr7","64431140","64431437","chr7","33547338","33547635","42","30883802"
"chr7","64444809","64444908","chr6","17419873","17419972","10","47024936"
"chr7","64461317","64461622","chr5","150035765","150036076","56","85574448"
"chr7","64499822","64500000","chr19","29836739","29836908","36","34663083"
"chr7","64500001","64500108","chr12","21004997","21005099","17","43495004"
"chr7","64529486","64529761","chr9","13171482","13171754","40","51358004"
"chr7","64543099","64543412","chr7","67355562","67355869","60","2812463"
"chr7","64606750","64607058","chr16","90197047","90197353","52","25590297"
"chr7","64633108","64633405","chrX","39454622","39454913","47","25178486"
"chr7","64682610","64682904","chr6","16550974","16551271","38","48131636"
"chr7","64703304","64703558","chr2","51903692","51903942","50","12799612"
"chr7","64719686","64719991","chr22","15856407","15856702","69","48863279"
"chr7","64734784","64734897","chr6","92044050","92044164","21","27309266"
"chr7","64736782","64737076","chr11","122686903","122687200","49","57950121"
"chr7","64784978","64785265","chr9","111529757","111530048","46","46744779"
"chr7","64794039","64794327","chr1","90826033","90826320","58","26031994"
"chr7","64827463","64827759","chr5","93075725","93076019","46","28248262"
"chr7","64833650","64833938","chrUn_GL286373","1580569","1580846","53","63253081"
"chr7","64884710","64885030","chr6","17217321","17217646","56","47667389"
"chr7","64896421","64896676","chr9","90299078","90299340","49","25402657"
"chr7","64904204","64904499","chr5","93075725","93076019","42","28171521"
"chr7","64906695","64907007","chr9","101210178","101210488","50","36303483"
"chr7","64990641","64990977","chr6","17105432","17105753","58","47885209"
"chr7","65019198","65019513","chr7","15348104","15348417","58","49671094"
"chr7","65022185","65022437","chr18","8154326","8154586","56","56867859"
"chr7","65023675","65023940","chr2","137039312","137039574","55","72015637"
"chr7","65064582","65064891","chr5","55380182","55380490","55","9684400"
"chr7","65082964","65083232","chr14","63113403","63113677","57","1969561"
"chr7","65084260","65084394","chr18","3986946","3987073","34","61097314"
"chr7","65136679","65136976","chr22","42274761","42275058","49","22861918"
"chr7","65140103","65140189","chr3","184500001","184500088","14","119359898"
"chr7","65140268","65140584","chr11","17244276","17244580","60","47895992"
"chr7","65146819","65147124","chr5","80121277","80121568","53","14974458"
"chr7","65180563","65180863","chr10","94235006","94235309","53","29054443"
"chr7","65183353","65183414","chr2","171028627","171028684","9","105845274"
"chr7","65190997","65191295","chr14","77613723","77614028","43","12422726"
"chr7","65221994","65222306","chr3","111477906","111478203","60","46255912"
"chr7","65268861","65269023","chr4","32101212","32101368","29","33167649"
"chr7","65283732","65284035","chr4","126062982","126063287","51","60779250"
"chr7","65288041","65288383","chr10","18294480","18294786","78","46993561"
"chr7","65330214","65330505","chr10","21369846","21370144","61","43960368"
"chr7","65332799","65333092","chr10","21369846","21370144","57","43962953"
"chr7","65353849","65354009","chr9","40994459","40994619","33","24359390"
"chr7","65531526","65531580","chr8","97260104","97260146","15","31728578"
"chr7","65531936","65532187","chr16","71289258","71289503","43","5757322"
"chr7","65538846","65539005","chr1","84887295","84887460","30","19348449"
"chr7","65571401","65571691","chr2","2218970","2219260","38","63352431"
"chr7","65661784","65662072","chr1","156644747","156645035","47","90982963"
"chr7","65968018","65968308","chr6","15778074","15778356","46","50189944"
"chr7","66036770","66037025","chr11","116161081","116161338","45","50124311"
"chr7","66188185","66188474","chr2","147728720","147729015","50","81540535"
"chr7","66228048","66228307","chr6","15506184","15506448","48","50721864"
"chr7","66255631","66255920","chr12","26130148","26130438","53","40125483"
"chr7","66611382","66611691","chr5","55380182","55380490","48","11231200"
"chr7","66701124","66701420","chr12","20230563","20230858","47","46470561"
"chr7","66936239","66936502","chr6","14795027","14795300","47","52141212"
"chr7","66980336","66980638","chr6","17854050","17854340","56","49126286"
"chr7","67051054","67051354","chr7","66415134","66415432","41","635920"
"chr7","67057879","67058180","chr2","147728720","147729015","53","80670841"
"chr7","67062472","67062797","chrX","11382069","11382356","83","55680403"
"chr7","67132145","67132193","chr7","67263103","67263151","6","130958"
"chr7","67132997","67133298","chr4","54370195","54370493","46","12762802"
"chr7","67229420","67229710","chr2","2218970","2219260","50","65010450"
"chr7","67255419","67255742","chr6","14496993","14497308","64","52758426"
"chr7","67284061","67284350","chr1","210134180","210134465","50","142850119"
"chr7","67346499","67346767","chr4","21116949","21117214","57","46229550"
"chr7","67638923","67639062","chr6","14060777","14060917","12","53578146"
"chr7","67748002","67748288","chr13","95861251","95861532","44","28113249"
"chr7","67779451","67779754","chrUn_GL286217","143262","143564","50","67636189"
"chr7","67788776","67789082","chr11","106700773","106701081","51","38911997"
"chr7","67939618","67939920","chr14","21463813","21464107","46","46475805"
"chr7","68096304","68096592","chr5","47230366","47230657","48","20865938"
"chr7","68109416","68109630","chr2","21530661","21530876","40","46578755"
"chr7","68324705","68324974","chr1","168266231","168266495","63","99941526"
"chr7","68529489","68529770","chr11","21274347","21274628","41","47255142"
"chr7","68563769","68564058","chr1","183654838","183655127","55","115091069"
"chr7","68726428","68726723","chr6","12845179","12845475","44","55881249"
"chr7","68875824","68875913","chr10","33747012","33747102","10","35128812"
"chr7","68906829","68907123","chr6","12660473","12660770","58","56246356"
"chr7","68922411","68922692","chr3","188235049","188235330","47","119312638"
"chr7","68927742","68928044","chr3","33119419","33119716","49","35808323"
"chr7","69118880","69119211","chr13","29011466","29011786","65","40107414"
"chr7","69226074","69226227","chr5","114497643","114497792","36","45271569"
"chr7","69237444","69237757","chrX","11945570","11945880","65","57291874"
"chr7","69298713","69298876","chr3","173566578","173566728","26","104267865"
"chr7","69460267","69460569","chr17","50933371","50933669","58","18526896"
"chr7","69738874","69739052","chr5","71742798","71742968","34","2003924"
"chr7","69848768","69849071","chrX","37295688","37295992","47","32553080"
"chr7","70093072","70093143","chr7","44653527","44653596","7","25439545"
"chr7","70120898","70121206","chrX","64172412","64172721","52","5948486"
"chr7","70133992","70134289","chr6","11527684","11527975","47","58606308"
"chr7","70166821","70167119","chr6","121802757","121803058","48","51635936"
"chr7","70210297","70210567","chr11","122029380","122029662","61","51819083"
"chr7","70451754","70451915","chr5","126411217","126411375","25","55959463"
"chr7","70507959","70508264","chr2","151333028","151333320","60","80825069"
"chr7","70511534","70511829","chr18","4835038","4835329","46","65676496"
"chr7","70545483","70545537","chr2","201616508","201616566","8","131071025"
"chr7","70585733","70585832","chr12","52380235","52380336","18","18205498"
"chr7","70585961","70586159","chr17","8103604","8103801","36","62482357"
"chr7","70676840","70677127","chr12","28027046","28027347","55","42649794"
"chr7","70794878","70795187","chrX","11945570","11945880","48","58849308"
"chr7","70846823","70847124","chr8","115903141","115903445","62","45056318"
"chr7","70848505","70848807","chr6","10857489","10857777","53","59991016"
"chr7","70958556","70958843","chr2","11908119","11908406","56","59050437"
"chr7","71308652","71308943","chr20","7477077","7477364","57","63831575"
"chr7","71417418","71417548","chr2","104486328","104486458","19","33068910"
"chr7","71554750","71555061","chr6","75230350","75230656","55","3675600"
"chr7","71564851","71565136","chr1","186610138","186610422","57","115045287"
"chr7","72083924","72084229","chr13","62868368","62868673","50","9215556"
"chr7","72097962","72098269","chr6","22626079","22626390","64","49471883"
"chr7","72144225","72144548","chr4","132055862","132056190","54","59911637"
"chr7","72241278","72241553","chr3","16467119","16467388","53","55774159"
"chr7","72343697","72343957","chr22","48665240","48665492","60","23678457"
"chr7","72357660","72357955","chr1","27962292","27962589","39","44395368"
"chr7","72469705","72470012","chr7","97441441","97441747","50","24971736"
"chr7","72708809","72709094","chr6","9310083","9310377","49","63398726"
"chr7","72794381","72794679","chr6","8660047","8660347","47","64134334"
"chr7","72807274","72807563","chrX","121377455","121377738","49","48570181"
"chr7","72810891","72811208","chr2","146982644","146982948","53","74171753"
"chr7","72847394","72847687","chr12","79497897","79498186","51","6650503"
"chr7","72884400","72884746","chr8","22029645","22029972","85","50854755"
"chr7","72919249","72919537","chr1","41686123","41686409","39","31233126"
"chr7","72923391","72923687","chr2","203225383","203225677","45","130301992"
"chr7","72928034","72928299","chr7","7723261","7723525","59","65204773"
"chr7","73057629","73057917","chr1","168510460","168510747","54","95452831"
"chr7","73073800","73074086","chr5","158518457","158518746","49","85444657"
"chr7","73220677","73220988","chr7","70375823","70376126","50","2844854"
"chr7","73275632","73275789","chr3","53849572","53849729","24","19426060"
"chr7","73319473","73319760","chr11","97213328","97213619","41","23893855"
"chr7","73358421","73358728","chr16","71570137","71570438","43","1788284"
"chr7","73384509","73384817","chr6","8509171","8509473","47","64875338"
"chr7","73400349","73400630","chr6","8493724","8493994","41","64906625"
"chr7","73495058","73495367","chr9","101210178","101210488","46","27715120"
"chr7","73560893","73561185","chr2","203225383","203225677","40","129664490"
"chr7","73767674","73767990","chr10","33153543","33153854","49","40614131"
"chr7","73795518","73795823","chr9","17943911","17944216","41","55851607"
"chr7","73825158","73825455","chr5","803761","804057","45","73021397"
"chr7","73834894","73835187","chr15","63717719","63718018","46","10117175"
"chr7","73859789","73860105","chr5","30889070","30889394","61","42970719"
"chr7","74058601","74058925","chr1","171683432","171683747","67","97624831"
"chr7","74081082","74081379","chr21","49460008","49460303","49","24621074"
"chr7","74095734","74095899","chr7","12902130","12902295","25","61193604"
"chr7","74176179","74176488","chr9","105387651","105387958","59","31211472"
"chr7","74246933","74247234","chr6","7913649","7913945","39","66333284"
"chr7","74278915","74279202","chr17","67593125","67593399","53","6685790"
"chr7","74327996","74328128","chr5","111256039","111256171","19","36928043"
"chr7","74361067","74361376","chr7","148964188","148964502","54","74603121"
"chr7","74432959","74433259","chr15","38910043","38910338","42","35522916"
"chr7","74833539","74833828","chr1","41686123","41686409","52","33147416"
"chr7","74847019","74847275","chr2","91123304","91123566","44","16276285"
"chr7","74910638","74910942","chr6","7336338","7336636","41","67574300"
"chr7","75045249","75045553","chr6","7199043","7199344","43","67846206"
"chr7","75070111","75070408","chr22","15856407","15856702","44","59213704"
"chr7","75151019","75151326","chr7","35515798","35516110","49","39635221"
"chr7","75350868","75351179","chr2","10940056","10940367","49","64410812"
"chr7","75385837","75386135","chr1","192123304","192123598","49","116737467"
"chr7","75415340","75415652","chr12","37174279","37174578","55","38241061"
"chr7","75462092","75462452","chr1","200523169","200523510","100","125061077"
"chr7","75551855","75552148","chr13","74012801","74013097","47","1539054"
"chr7","75588698","75589008","chr21","35283943","35284237","60","40304755"
"chr7","75602996","75603154","chr1","201827869","201828027","20","126224873"
"chr7","75610163","75610461","chr12","82715784","82716082","45","7105621"
"chr7","75632042","75632330","chr7","85080523","85080815","46","9448481"
"chr7","75800505","75800732","chr10","60607494","60607719","46","15193011"
"chr7","75817236","75817534","chr1","175759179","175759474","56","99941943"
"chr7","75841826","75842033","chr6","6361022","6361241","31","69480804"
"chr7","75917366","75917680","chr10","125503014","125503329","52","49585648"
"chr7","75964415","75964726","chr5","51997439","51997748","56","23966976"
"chr7","76122071","76122358","chr15","1070001","1070299","69","75052070"
"chr7","76123493","76123782","chr21","40209113","40209403","43","35914380"
"chr7","76232866","76232984","chr12","25756575","25756690","20","50476291"
"chr7","76465300","76465601","chr7","11378557","11378860","38","65086743"
"chr7","76625665","76625945","chr15","1024430","1024709","45","75601235"
"chr7","76881676","76881962","chr12","15538273","15538557","63","61343403"
"chr7","76893897","76894183","chr4","25746204","25746495","48","51147693"
"chr7","76976986","76977208","chrX","51311515","51311731","46","25665471"
"chr7","77054279","77054538","chr5","92763403","92763679","51","15709124"
"chr7","77071140","77071291","chr10","44804693","44804842","15","32266447"
"chr7","77089922","77090183","chr9","38886588","38886850","51","38203334"
"chr7","77113024","77113312","chr1","116618974","116619261","52","39505950"
"chr7","77130475","77130780","chr9","108638571","108638873","42","31508096"
"chr7","77244200","77244489","chr14","17041133","17041431","57","60203067"
"chr7","77295000","77295309","chr14","99371472","99371777","50","22076472"
"chr7","77445017","77445327","chr14","75848137","75848434","78","1596880"
"chr7","77451928","77452228","chr9","83573818","83574110","47","6121890"
"chr7","77532980","77533025","chr22","44569677","44569721","4","32963303"
"chr7","77596513","77596682","chr10","45140475","45140639","28","32456038"
"chr7","77636374","77636719","chr5","108338844","108339172","81","30702470"
"chr7","77653231","77653538","chr5","55380182","55380490","54","22273049"
"chr7","77742935","77743242","chr10","45284844","45285141","42","32458091"
"chr7","77834431","77834719","chr11","24547410","24547700","55","53287021"
"chr7","77861197","77861500","chr5","124645645","124645952","48","46784448"
"chr7","77864605","77864749","chr1","151075825","151075965","32","73211220"
"chr7","77891761","77892061","chr9","40949830","40950127","61","36941931"
"chr7","77900621","77900904","chr2","129078851","129079134","48","51178230"
"chr7","77907567","77907605","chr7","106028837","106028875","1","28121270"
"chr7","77911224","77911513","chr11","77965713","77965999","40","54489"
"chr7","77940307","77940610","chr8","105687092","105687385","72","27746785"
"chr7","77967138","77967439","chr9","25525997","25526295","51","52441141"
"chr7","77986730","77987030","chr10","45522601","45522881","54","32464129"
"chr7","77998247","77998335","chr20","873773","873858","16","77124474"
"chr7","77998921","77999171","chr1","181284860","181285114","45","103285939"
"chr7","78004567","78004865","chr7","77326917","77327209","49","677650"
"chr7","78006573","78006878","chr10","45540467","45540769","35","32466106"
"chr7","78066096","78066383","chr17","16847896","16848175","52","61218200"
"chr7","78072779","78072964","chr7","50710204","50710388","35","27362575"
"chr7","78083515","78083811","chr1","170771447","170771746","45","92687932"
"chr7","78112464","78112742","chr1","168926697","168926979","46","90814233"
"chr7","78113304","78113617","chr10","45658114","45658417","50","32455190"
"chr7","78770825","78770920","chr4","110774871","110774964","12","32004046"
"chr7","78785085","78785366","chrX","103245524","103245803","44","24460439"
"chr7","78826658","78826969","chr10","46240649","46240959","42","32586009"
"chr7","78851404","78851724","chr2","169129486","169129808","54","90278082"
"chr7","79112536","79112834","chr1","170771447","170771746","45","91658911"
"chr7","79260330","79260513","chr20","41612237","41612414","35","37648093"
"chr7","79276909","79277197","chr6","17603905","17604193","46","61673004"
"chr7","79331060","79331277","chr2","63010587","63010798","41","16320473"
"chr7","79391730","79392013","chr17","47158095","47158379","42","32233635"
"chr7","79398172","79398467","chr2","34619911","34620209","49","44778261"
"chr7","79403530","79403688","chr9","59189811","59189973","33","20213719"
"chr7","79412361","79412658","chr9","85600159","85600457","43","6187798"
"chr7","79419725","79419782","chr12","84562247","84562298","10","5142522"
"chr7","79455563","79455736","chr10","46876100","46876281","40","32579463"
"chr7","79565081","79565346","chr14","64212403","64212660","50","15352678"
"chr7","79580656","79581016","chr12","99732602","99732958","94","20151946"
"chr7","79582896","79583200","chr9","105072042","105072344","38","25489146"
"chr7","79585137","79585433","chr2","39828090","39828388","39","39757047"
"chr7","79620469","79620752","chr10","47034095","47034383","42","32586374"
"chr7","79639292","79639583","chr15","38910043","38910338","39","40729249"
"chr7","79804096","79804393","chr5","523629","523928","49","79280467"
"chr7","79833865","79833952","chr22","2790806","2790896","8","77043059"
"chr7","79873067","79873350","chr12","91928994","91929288","51","12055927"
"chr7","79880168","79880447","chr7","53679574","53679859","47","26200594"
"chr7","79880895","79881194","chr15","34344619","34344920","55","45536276"
"chr7","79900955","79901258","chr8","93710494","93710805","55","13809539"
"chr7","79912997","79913125","chr10","47311601","47311729","13","32601396"
"chr7","79927019","79927309","chr10","100757276","100757573","41","20830257"
"chr7","79954834","79954968","chr7","44702951","44703080","24","35251883"
"chr7","79966558","79966826","chr1","148546519","148546798","53","68579961"
"chr7","79988428","79988520","chr16","90615169","90615261","23","10626741"
"chr7","79993131","79993420","chr10","130892828","130893115","54","50899697"
"chr7","80122283","80122394","chr5","122516575","122516693","21","42394292"
"chr7","80219609","80219734","chr7","79381007","79381134","23","838602"
"chr7","80251096","80251336","chr3","182152241","182152490","70","101901145"
"chr7","80253079","80253384","chr4","54370195","54370493","51","25882884"
"chr7","80329740","80330043","chr14","76157685","76157986","45","4172055"
"chr7","80358352","80358676","chr10","47772088","47772396","56","32586264"
"chr7","80533792","80534101","chr2","26389635","26389931","57","54144157"
"chr7","80595811","80595975","chr10","47995728","47995903","25","32600083"
"chr7","80649997","80650289","chr2","131392530","131392812","54","50742533"
"chr7","80900340","80900569","chr2","128565544","128565781","53","47665204"
"chr7","80900869","80900932","chr1","138415765","138415834","15","57514896"
"chr7","80933107","80933393","chr11","122029380","122029662","51","41096273"
"chr7","80948900","80949213","chr2","36478057","36478360","57","44470843"
"chr7","80969308","80969608","chr10","48283501","48283804","43","32685807"
"chr7","81006511","81006835","chr2","146982644","146982948","70","65976133"
"chr7","81056960","81057258","chr10","48373484","48373795","55","32683476"
"chr7","81075344","81075652","chr5","43073647","43073957","47","38001697"
"chr7","81090490","81090743","chr5","14448182","14448436","52","66642308"
"chr7","81131004","81131318","chr7","70375823","70376126","45","10755181"
"chr7","81149928","81150175","chr7","47053043","47053292","41","34096885"
"chr7","81229072","81229246","chr1","91631110","91631283","32","10402038"
"chr7","81371199","81371499","chr10","88439024","88439316","49","7067825"
"chr7","81745672","81745947","chr6","4295134","4295408","58","77450538"
"chr7","81747518","81747784","chr11","64170951","64171225","55","17576567"
"chr7","81815397","81815697","chr5","116663888","116664187","56","34848491"
"chr7","81956405","81956725","chr10","49226419","49226716","59","32729986"
"chr7","82247707","82248002","chr7","12080936","12081236","55","70166771"
"chr7","82320801","82321100","chr10","49604534","49604822","44","32716267"
"chr7","82350704","82350788","chr7","49469943","49470028","13","32880761"
"chr7","82360721","82361013","chr5","117609240","117609536","62","35248519"
"chr7","82451408","82451720","chr2","203225383","203225677","63","120773975"
"chr7","82581051","82581338","chr7","67333639","67333923","42","15247412"
"chr7","82957716","82957996","chr1","116618974","116619261","58","33661258"
"chr7","83082881","83083159","chr10","50454752","50455041","57","32628129"
"chr7","83413342","83413582","chr10","124164465","124164707","51","40751123"
"chr7","83741577","83741844","chr8","6469512","6469784","51","77272065"
"chr7","83845831","83845901","chr10","90101140","90101206","9","6255309"
"chr7","84026644","84026902","chr10","51369120","51369378","43","32657524"
"chr7","84205600","84205890","chr5","42941273","42941564","65","41264327"
"chr7","84417022","84417329","chr8","115903141","115903445","55","31486119"
"chr7","84431510","84431796","chr2","5015242","5015526","50","79416268"
"chr7","84826521","84826823","chr7","120468697","120468997","52","35642176"
"chr7","84924564","84924850","chr10","52286687","52286965","66","32637877"
"chr7","85122749","85123053","chr2","43448426","43448722","59","41674323"
"chr7","85188100","85188351","chr18","27648623","27648880","64","57539477"
"chr7","85321964","85322048","chr5","109857525","109857608","16","24535561"
"chr7","85385333","85385448","chr4","44720511","44720633","20","40664822"
"chr7","85778732","85779046","chr2","140711844","140712153","55","54933112"
"chr7","86216584","86216658","chr2","69350405","69350477","15","16866179"
"chr7","86216954","86217201","chr6","135489679","135489918","49","49272725"
"chr7","86434540","86434838","chrX","49249935","49250234","53","37184605"
"chr7","86445220","86445506","chr15","38910043","38910338","46","47535177"
"chr7","86479318","86479628","chr5","124645645","124645952","50","38166327"
"chr7","86575918","86576206","chr2","5015242","5015526","56","81560676"
"chr7","86819509","86819795","chr13","1647181","1647468","47","85172328"
"chr7","86871866","86872005","chr15","95313243","95313379","24","8441377"
"chr7","86886522","86886693","chr10","54381217","54381387","21","32505305"
"chr7","87166019","87166334","chr11","28125301","28125613","52","59040718"
"chr7","87229036","87229337","chr9","108638571","108638873","53","21409535"
"chr7","87287112","87287341","chr11","120629921","120630142","71","33342809"
"chr7","87302461","87302754","chr9","96353310","96353605","49","9050849"
"chr7","87397796","87398081","chr10","41485100","41485371","49","45912696"
"chr7","87398166","87398284","chr17","28456833","28456953","15","58941333"
"chr7","87647531","87647836","chr5","114223635","114223941","46","26576104"
"chr7","87667895","87668177","chr10","55220912","55221199","47","32446983"
"chr7","87709390","87709686","chr9","99040905","99041200","66","11331515"
"chr7","87755453","87755762","chr2","128841930","128842240","51","41086477"
"chr7","87758738","87759037","chr1","83869409","83869704","50","3889329"
"chr7","87780316","87780616","chr10","55315119","55315417","39","32465197"
"chr7","87780986","87781248","chr10","55315779","55316056","49","32465207"
"chr7","87796294","87796586","chr1","77745311","77745604","56","10050983"
"chr7","87833842","87834122","chr10","94743456","94743738","45","6909614"
"chr7","87836039","87836336","chr4","139259106","139259407","50","51423067"
"chr7","87841364","87841652","chr2","9038123","9038416","53","78803241"
"chr7","87851073","87851367","chr1","150691684","150691975","50","62840611"
"chr7","87867857","87868152","chr7","18614629","18614926","54","69253228"
"chr7","87884772","87885077","chr10","55406787","55407090","42","32477985"
"chr7","87885873","87886172","chr2","63180548","63180847","53","24705325"
"chr7","87928172","87928216","chr10","80274733","80274778","7","7653439"
"chr7","87943832","87943981","chrX","98083199","98083350","24","10139367"
"chr7","87947970","87948099","chr15","49368766","49368903","37","38579204"
"chr7","87948102","87948154","chr5","40733536","40733585","10","47214566"
"chr7","87949014","87949098","chr16","20533530","20533614","14","67415484"
"chr7","87962165","87962282","chr10","55496971","55497079","18","32465194"
"chr7","87985124","87985398","chr10","55520944","55521220","45","32464180"
"chr7","87994087","87994381","chr4","158443265","158443560","42","70449178"
"chr7","87998170","87998227","chr9","36240552","36240607","7","51757618"
"chr7","88028413","88028701","chrX","40344797","40345081","46","47683616"
"chr7","88044705","88044971","chr9","108649185","108649451","40","20604480"
"chr7","88063452","88063500","chr6","65819232","65819278","10","22244220"
"chr7","88120969","88121244","chr1","94356745","94357026","52","6235776"
"chr7","88121434","88121558","chr13","89519003","89519127","19","1397569"
"chr7","88133672","88133972","chr2","1940205","1940517","54","86193467"
"chr7","88172619","88172740","chr12","82314094","82314209","20","5858525"
"chr7","88246993","88247290","chr5","41846454","41846751","49","46400539"
"chr7","88303747","88303981","chr6","17518137","17518382","55","70785610"
"chr7","88598947","88599224","chr11","4082300","4082575","54","84516647"
"chr7","88795492","88795793","chr20","43097513","43097806","61","45697979"
"chr7","88837477","88837750","chr13","60759063","60759326","50","28078414"
"chr7","88912032","88912329","chr9","107290054","107290355","58","18378022"
"chr7","88974460","88974757","chr9","107670130","107670426","41","18695670"
"chr7","89011170","89011484","chr4","24714987","24715298","42","64296183"
"chr7","89050114","89050387","chr10","56696545","56696820","32","32353569"
"chr7","89177843","89178150","chr20","11868686","11868992","51","77309157"
"chr7","89251643","89251940","chr1","66217899","66218195","51","23033744"
"chr7","89426207","89426503","chr20","28910159","28910452","46","60516048"
"chr7","89438920","89439192","chr5","8282348","8282619","51","81156572"
"chr7","89444561","89444869","chr15","24472097","24472396","54","64972464"
"chr7","89450184","89450462","chr10","57131737","57132020","34","32318447"
"chr7","89545102","89545215","chr1","205933415","205933532","16","116388313"
"chr7","89743419","89743708","chr12","79497897","79498186","49","10245522"
"chr7","89909301","89909589","chr12","64546985","64547274","42","25362316"
"chr7","90188382","90188680","chr8","841978","842272","38","89346404"
"chr7","90298810","90299103","chr10","58018564","58018862","44","32280246"
"chr7","90420485","90420748","chr10","58140996","58141257","35","32279489"
"chr7","90789276","90789582","chr7","35515798","35516110","44","55273478"
"chr7","90798549","90798846","chr11","74071286","74071581","48","16727263"
"chr7","90842998","90843305","chr5","55380182","55380490","45","35462816"
"chr7","90866864","90867176","chr10","58700633","58700934","49","32166231"
"chr7","90889970","90890270","chr2","150624041","150624344","47","59734071"
"chr7","90924453","90924736","chr10","58767851","58768123","47","32156602"
"chr7","90948035","90948319","chr4","71933212","71933503","46","19014823"
"chr7","91018512","91018670","chr2","151089320","151089457","39","60070808"
"chr7","91024660","91024958","chr6","121802757","121803058","47","30778097"
"chr7","91026411","91026588","chr5","140169821","140169990","38","49143410"
"chr7","91027765","91028047","chr3","20832284","20832563","53","70195481"
"chr7","91030931","91031236","chr2","203225383","203225677","55","112194452"
"chr7","91031627","91031921","chr3","51989230","51989530","52","39042397"
"chr7","91040891","91041185","chr10","58967169","58967454","50","32073722"
"chr7","91054654","91054918","chr2","138457014","138457277","52","47402360"
"chr7","91098532","91098836","chr13","95836072","95836367","49","4737540"
"chr7","91131550","91131808","chr16","35663724","35663998","53","55467826"
"chr7","91143713","91144022","chr10","59083864","59084158","43","32059849"
"chr7","91150080","91150393","chr12","37179701","37180010","52","53970379"
"chr7","91223136","91223392","chr13","60759063","60759326","57","30464073"
"chr7","91245132","91245444","chr2","150624041","150624344","50","59378909"
"chr7","91246074","91246339","chr7","1990015","1990266","61","89256059"
"chr7","91262012","91262338","chr5","73075939","73076252","68","18186073"
"chr7","91273373","91273649","chr2","33495117","33495388","42","57778256"
"chr7","91295651","91295962","chr21","41025095","41025401","56","50270556"
"chr7","91297835","91298116","chr5","115208223","115208505","50","23910388"
"chr7","91301139","91301490","chr7","91691107","91691440","87","389968"
"chr7","91307201","91307511","chr13","97147605","97147915","49","5840404"
"chr7","91339831","91340141","chr2","150624041","150624344","46","59284210"
"chr7","91342069","91342372","chr1","199205050","199205355","51","107862981"
"chr7","91346000","91346294","chr1","175092801","175093094","52","83746801"
"chr7","91407143","91407431","chr9","105304532","105304827","48","13897389"
"chr7","91435897","91436173","chr14","20630664","20630929","46","70805233"
"chr7","91486176","91486469","chr10","59417288","59417576","35","32068888"
"chr7","91518660","91518822","chr1","209593080","209593238","29","118074420"
"chr7","91522492","91522795","chr4","69055872","69056171","45","22466620"
"chr7","91539080","91539153","chr7","66705558","66705630","15","24833522"
"chr7","91581703","91582015","chr13","114422744","114423042","55","22841041"
"chr7","91720365","91720648","chr12","114281056","114281341","43","22560691"
"chr7","91745981","91746128","chr11","73336970","73337107","36","18409011"
"chr7","91759792","91760077","chr12","79497897","79498186","52","12261895"
"chr7","91790895","91791191","chr1","121265312","121265615","52","29474417"
"chr7","91795948","91796099","chr2","18756827","18756975","37","73039121"
"chr7","91800045","91800345","chr1","200634753","200635055","45","108834708"
"chr7","91800378","91800536","chr7","56339705","56339855","32","35460673"
"chr7","91849187","91849470","chr4","47729514","47729797","43","44119673"
"chr7","91863166","91863467","chr9","45325979","45326278","46","46537187"
"chr7","91876828","91877122","chr5","139889919","139890213","47","48013091"
"chr7","91923675","91923958","chrX","40344797","40345081","49","51578878"
"chr7","91978345","91978649","chr10","60037073","60037374","34","31941272"
"chr7","91995894","91996190","chr10","60055140","60055435","41","31940754"
"chr7","92075397","92075696","chr21","4320872","4321172","50","87754525"
"chr7","92087870","92088175","chr10","60149602","60149886","65","31938268"
"chr7","92104452","92104511","chr13","5767821","5767879","7","86336631"
"chr7","92151707","92152006","chr6","117332912","117333211","57","25181205"
"chr7","92163161","92163461","chr2","36478057","36478360","52","55685104"
"chr7","92228596","92228902","chr2","146982644","146982948","46","54754048"
"chr7","92231202","92231508","chr2","1940205","1940517","53","90290997"
"chr7","92237205","92237515","chrX","43690851","43691163","56","48546354"
"chr7","92252406","92252656","chr10","74690942","74691190","55","17561464"
"chr7","92257311","92257617","chr16","71570137","71570438","54","20687174"
"chr7","92294856","92295150","chr4","71933212","71933503","52","20361644"
"chr7","92321082","92321352","chr8","72736825","72737089","48","19584257"
"chr7","92490654","92490939","chr3","19993966","19994253","52","72496688"
"chr7","92500921","92501215","chr3","6434374","6434664","40","86066547"
"chr7","92501339","92501638","chr10","60607843","60608138","41","31893496"
"chr7","92915284","92915584","chr2","63180548","63180847","49","29734736"
"chr7","92994904","92995212","chr9","120468304","120468608","57","27473400"
"chr7","93026623","93026931","chr19","31863283","31863592","65","61163340"
"chr7","93062858","93063159","chr2","29646327","29646632","49","63416531"
"chr7","93179524","93179814","chr10","61353427","61353702","40","31826097"
"chr7","93517815","93518090","chr7","55461779","55462058","54","38056036"
"chr7","93590690","93590992","chr5","64266316","64266614","56","29324374"
"chr7","93615907","93616205","chrX","125368984","125369285","55","31753077"
"chr7","93626545","93626877","chr10","61797671","61797985","57","31828874"
"chr7","93724829","93725024","chr1","171220324","171220516","44","77495495"
"chr7","93725803","93725926","chr3","166034266","166034390","25","72308463"
"chr7","93738198","93738501","chr13","36232484","36232778","48","57505714"
"chr7","93767866","93768165","chr15","1266073","1266369","48","92501793"
"chr7","93797513","93797814","chr5","139889919","139890213","47","46092406"
"chr7","93816073","93816369","chr2","203225383","203225677","51","109409310"
"chr7","93873727","93874016","chr10","62041968","62042243","57","31831759"
"chr7","93928447","93928749","chr10","62121554","62121854","45","31806893"
"chr7","93966463","93966748","chr10","62143626","62143908","49","31822837"
"chr7","94026186","94026498","chr5","78565303","78565608","51","15460883"
"chr7","94069472","94069536","chr10","89634638","89634699","12","4434834"
"chr7","94164867","94165162","chr6","53265880","53266171","47","40898987"
"chr7","94200284","94200582","chr5","43258967","43259274","44","50941317"
"chr7","94404392","94404719","chr5","73075939","73076252","61","21328453"
"chr7","94978402","94978684","chrX","40344797","40345081","36","54633605"
"chr7","94986801","94987059","chr2","6337545","6337801","45","88649256"
"chr7","95234306","95234609","chr9","45325979","45326278","44","49908327"
"chr7","95395538","95395815","chr1","156644747","156645035","49","61249209"
"chr7","95456039","95456364","chr3","53684226","53684544","54","41771813"
"chr7","95507986","95508228","chr5","25053411","25053658","56","70454575"
"chr7","95514277","95514531","chr1","147402149","147402405","52","51887872"
"chr7","95548566","95548764","chr6","5699963","5700138","59","89848603"
"chr7","95564372","95564460","chr5","93546441","93546517","22","2017931"
"chr7","95584544","95584842","chr7","147514919","147515225","49","51930375"
"chr7","95657745","95658052","chr3","117540807","117541109","49","21883062"
"chr7","95665829","95666105","chr9","107284610","107284879","54","11618781"
"chr7","95722632","95722911","chr16","69835416","69835704","57","25887216"
"chr7","95753142","95753441","chr10","63969967","63970257","46","31783175"
"chr7","95790379","95790674","chr5","93075725","93076019","52","2714654"
"chr7","95802158","95802461","chrX","63118288","63118597","49","32683870"
"chr7","95814892","95815179","chr14","81589453","81589747","44","14225439"
"chr7","95844500","95844760","chr9","123778317","123778575","56","27933817"
"chr7","95881957","95882256","chr10","64134733","64135028","42","31747224"
"chr7","95899758","95900044","chr1","206210603","206210888","52","110310845"
"chr7","95944303","95944578","chr10","64195123","64195400","37","31749180"
"chr7","95971151","95971265","chr3","72030386","72030497","15","23940765"
"chr7","96020456","96020703","chr15","44251668","44251915","53","51768788"
"chr7","96032616","96032915","chr1","168255466","168255766","41","72222850"
"chr7","96057824","96057957","chr10","64370909","64371038","16","31686915"
"chr7","96095543","96095706","chr10","64414690","64414844","35","31680853"
"chr7","96394828","96395119","chr7","155162191","155162474","55","58767363"
"chr7","96548222","96548324","chr22","9954820","9954924","20","86593402"
"chr7","96639274","96639572","chr12","108797245","108797536","52","12157971"
"chr7","97203662","97203774","chr12","25756575","25756690","22","71447087"
"chr7","97399987","97400292","chr5","68583055","68583361","57","28816932"
"chr7","97534451","97534722","chr4","12429965","12430236","47","85104486"
"chr7","97572978","97573260","chr5","109661478","109661761","61","12088500"
"chr7","97809591","97809668","chr9","90274754","90274831","10","7534837"
"chr7","97859429","97859729","chr5","64266316","64266614","44","33593113"
"chr7","97981902","97982198","chr17","17057724","17058020","60","80924178"
"chr7","98078877","98078947","chr1","164463706","164463779","14","66384829"
"chr7","98108092","98108374","chr5","113449759","113450054","64","15341667"
"chr7","98379374","98379677","chr14","34753627","34753931","54","63625747"
"chr7","98789105","98789409","chr11","106700773","106701081","52","7911668"
"chr7","98961243","98961549","chr2","146982644","146982948","49","48021401"
"chr7","98994621","98994929","chr7","41193007","41193318","77","57801614"
"chr7","99069013","99069310","chr5","84744482","84744773","64","14324531"
"chr7","99392970","99393042","chr2","6648559","6648630","8","92744411"
"chr7","99402258","99402556","chr10","14599452","14599749","57","84802806"
"chr7","99510055","99510333","chrX","38971299","38971578","58","60538756"
"chr7","99775793","99776078","chr2","2218970","2219260","50","97556823"
"chr7","99964836","99965134","chr7","25925292","25925587","57","74039544"
"chr7","100128366","100128468","chr7","50406586","50406683","19","49721780"
"chr7","100397016","100397319","chr5","106626420","106626712","63","6229404"
"chr7","100520774","100521085","chr1","101902284","101902595","55","1381510"
"chr7","100554062","100554136","chr6","2244461","2244533","14","98309601"
"chr7","100685313","100685639","chr10","68604204","68604509","60","32081109"
"chr7","100816256","100816403","chr10","68744956","68745093","31","32071300"
"chr7","100912919","100913212","chr10","68829045","68829329","42","32083874"
"chr7","101140822","101141089","chr1","177795749","177796015","50","76654927"
"chr7","101287369","101287667","chr10","69201650","69201937","39","32085719"
"chr7","101346186","101346455","chr15","72511135","72511391","60","28835051"
"chr7","101520295","101520595","chr6","48814191","48814491","49","52706104"
"chr7","101537499","101537788","chr7","155356333","155356616","58","53818834"
"chr7","101629516","101629689","chr4","24635839","24636012","33","76993677"
"chr7","101658033","101658248","chr13","41003650","41003851","42","60654383"
"chr7","101663787","101664076","chr16","41689154","41689445","38","59974633"
"chr7","101667311","101667554","chr5","44606303","44606540","46","57061008"
"chr7","101673440","101673707","chr9","58102610","58102877","34","43570830"
"chr7","101726246","101726507","chr1","158903034","158903296","63","57176788"
"chr7","101865732","101865892","chr9","40994459","40994619","26","60871273"
"chr7","101901531","101901768","chr7","46460788","46461020","43","55440743"
"chr7","102068680","102068959","chr1","136189460","136189722","84","34120780"
"chr7","102092333","102092622","chr10","70066511","70066802","51","32025822"
"chr7","102231687","102231812","chr12","16662465","16662595","25","85569222"
"chr7","102261350","102261598","chr9","99688386","99688624","50","2572964"
"chr7","102325307","102325601","chr19","35779479","35779770","56","66545828"
"chr7","102599976","102600282","chr17","24186873","24187179","56","78413103"
"chr7","102654110","102654394","chr10","70587408","70587682","43","32066702"
"chr7","103154904","103155188","chr10","71113111","71113388","57","32041793"
"chr7","103543024","103543229","chr12","101395801","101396004","46","2147223"
"chr7","103655299","103655610","chr1","177887745","177888052","63","74232446"
"chr7","103681172","103681458","chr8","105687092","105687385","57","2005920"
"chr7","103737725","103738033","chrUn_GL286435","69026","69328","59","103668699"
"chr7","103891305","103891601","chr10","29508947","29509244","50","74382358"
"chr7","104089295","104089335","chr2","1338529","1338568","4","102750766"
"chr7","104297018","104297273","chr19","16475556","16475825","66","87821462"
"chr7","104300044","104300357","chr10","72228642","72228937","59","32071402"
"chr7","104343233","104343462","chr15","9389834","9390061","44","94953399"
"chr7","104498310","104498465","chr5","114497643","114497792","25","9999333"
"chr7","105320023","105320290","chr9","12500933","12501198","61","92819090"
"chr7","105372773","105373081","chr9","101210178","101210488","48","4162595"
"chr7","105418454","105418730","chr4","151641370","151641663","65","46222916"
"chr7","105496769","105496899","chr10","73325641","73325771","6","32171128"
"chr7","105786890","105787199","chr12","18797074","18797381","46","86989816"
"chr7","105823265","105823563","chr7","70074333","70074637","53","35748932"
"chr7","105848420","105848697","chr1","197465921","197466196","53","91617501"
"chr7","105947524","105947698","chr10","73981921","73982094","22","31965603"
"chr7","105987952","105988245","chr10","74028126","74028416","44","31959826"
"chr7","106053835","106054143","chr6","140581095","140581398","45","34527260"
"chr7","106066713","106066837","chr4","18185518","18185623","44","87881195"
"chr7","106075765","106076059","chr19","33857908","33858196","51","72217857"
"chr7","106110583","106110656","chr2","148280896","148280969","14","42170313"
"chr7","106127384","106127428","chr5","11370972","11371016","1","94756412"
"chr7","106158256","106158548","chr2","203225383","203225677","53","97067127"
"chr7","106165733","106166029","chr8","52254416","52254717","55","53911317"
"chr7","106188605","106188908","chrX","22871560","22871854","60","83317045"
"chr7","106206904","106207095","chr5","84137563","84137750","40","22069341"
"chr7","106221509","106221800","chr2","2218970","2219260","49","104002539"
"chr7","106232095","106232152","chr7","54819198","54819253","9","51412897"
"chr7","106234710","106234998","chr11","72643464","72643751","47","33591246"
"chr7","106247738","106247899","chr1","86201002","86201166","29","20046736"
"chr7","106248071","106248368","chr10","100757276","100757573","47","5490795"
"chr7","106273830","106274103","chr7","78006942","78007220","52","28266888"
"chr7","106319034","106319084","chr9","58005342","58005393","6","48313692"
"chr7","106322387","106322696","chr12","27541092","27541402","45","78781295"
"chr7","106331782","106332053","chr16","49225932","49226206","42","57105850"
"chr7","106368314","106368407","chr2","15984857","15984951","15","90383457"
"chr7","106374654","106374939","chr3","41441630","41441916","54","64933024"
"chr7","106387885","106388209","chr10","74437073","74437367","66","31950812"
"chr7","106393714","106394006","chr5","141618531","141618824","57","35224817"
"chr7","106413246","106413362","chr13","36399239","36399354","17","70014007"
"chr7","106416498","106416807","chr5","55380182","55380490","44","51036316"
"chr7","106462433","106462749","chr6","21930692","21931000","67","84531741"
"chr7","106592310","106592485","chr20","3785470","3785644","31","102806840"
"chr7","106595039","106595338","chr7","25925292","25925587","50","80669747"
"chr7","106668038","106668230","chr15","39655347","39655528","38","67012691"
"chr7","106698944","106699238","chr7","69515273","69515569","49","37183671"
"chr7","106742308","106742612","chr2","67197269","67197565","47","39545039"
"chr7","106767050","106767333","chr3","131905784","131906066","42","25138734"
"chr7","106769483","106769779","chr2","203225383","203225677","43","96455900"
"chr7","106772901","106773192","chr10","74849114","74849401","28","31923787"
"chr7","106876311","106876614","chr2","39828090","39828388","47","67048221"
"chr7","107004582","107004880","chr1","78860175","78860471","47","28144407"
"chr7","107211114","107211401","chr11","77965713","77965999","48","29245401"
"chr7","107246590","107246882","chr7","54715110","54715403","51","52531480"
"chr7","107363819","107364120","chr1","166036321","166036626","45","58672502"
"chr7","107384369","107384675","chr2","71331505","71331809","50","36052864"
"chr7","107449259","107449568","chr10","75590720","75591024","42","31858539"
"chr7","107454497","107454791","chr15","20054134","20054420","52","87400363"
"chr7","107483134","107483428","chr10","75622750","75623044","27","31860384"
"chr7","107542185","107542275","chr7","15282612","15282696","15","92259573"
"chr7","107714972","107715245","chr7","14181724","14181998","49","93533248"
"chr7","107820421","107820729","chr10","75900825","75901125","45","31919596"
"chr7","107966991","107967298","chr11","28125301","28125613","47","79841690"
"chr7","108000001","108000127","chr10","35573769","35573891","20","72426232"
"chr7","108058797","108059106","chr7","35515798","35516110","44","72542999"
"chr7","108125315","108125594","chr1","200518150","200518420","54","92392835"
"chr7","108164716","108164818","chr17","37728813","37728917","17","70435903"
"chr7","108272732","108272870","chr12","55645729","55645866","35","52627003"
"chr7","108295573","108295657","chr5","1395300","1395386","12","106900273"
"chr7","108301003","108301301","chr10","76413982","76414275","45","31887021"
"chr7","108385251","108385558","chr12","79325120","79325421","53","29060131"
"chr7","108472522","108472778","chr2","46859106","46859354","57","61613416"
"chr7","108589002","108589299","chr1","17963146","17963460","74","90625856"
"chr7","108624372","108624541","chr10","126091805","126091971","24","17467433"
"chr7","108751536","108751841","chr10","76904858","76905160","40","31846678"
"chr7","109001619","109001925","chr1","121265312","121265615","50","12263693"
"chr7","109009805","109010106","chr7","48969070","48969372","45","60040735"
"chr7","109019477","109019786","chr7","70074333","70074637","52","38945144"
"chr7","109045880","109046120","chr12","49888054","49888299","55","59157826"
"chr7","109046998","109047289","chr5","93356221","93356515","57","15690777"
"chr7","109158776","109159033","chr14","63496446","63496700","47","45662330"
"chr7","109359809","109360074","chr8","105549929","105550192","44","3809880"
"chr7","109383955","109384253","chr2","170889338","170889635","48","61505383"
"chr7","109405937","109406234","chr10","77571365","77571644","47","31834572"
"chr7","109418378","109418671","chr9","25525997","25526295","47","83892381"
"chr7","109444016","109444147","chr2","63878183","63878318","24","45565833"
"chr7","109532760","109533059","chr9","108638571","108638873","42","894189"
"chr7","109540456","109540520","chr3","65495982","65496044","9","44044474"
"chr7","109627876","109628180","chr10","90264202","90264508","52","19363674"
"chr7","109631928","109632227","chr11","116497189","116497499","57","6865261"
"chr7","109635231","109635293","chr2","171028627","171028684","12","61393396"
"chr7","109767139","109767418","chr4","158481330","158481605","45","48714191"
"chr7","109811178","109811476","chr10","77976000","77976293","43","31835178"
"chr7","109930698","109930754","chr3","30979334","30979387","7","78951364"
"chr7","110140901","110141196","chr10","78305062","78305352","47","31835839"
"chr7","110161338","110161635","chr1","206060001","206060297","47","95898663"
"chr7","110279597","110279749","chr10","78455759","78455910","24","31823838"
"chr7","110312594","110312889","chr5","76172590","76172876","55","34140004"
"chr7","110331663","110331947","chr10","78512202","78512489","38","31819461"
"chr7","110339512","110339683","chr10","78523989","78524148","28","31815523"
"chr7","110345769","110345980","chr14","15780147","15780351","35","94565622"
"chr7","110559602","110559916","chr10","78741636","78741942","54","31817966"
"chr7","110707896","110708190","chr5","67618023","67618318","43","43089873"
"chr7","110716976","110717045","chr18","28034167","28034234","7","82682809"
"chr7","110778864","110778976","chr16","95886496","95886610","23","14892368"
"chr7","110792637","110792941","chr14","69866837","69867141","47","40925800"
"chr7","110812318","110812619","chr10","89965128","89965435","48","20847190"
"chr7","110861382","110861689","chr10","100757276","100757573","42","10104106"
"chr7","110873596","110873891","chr10","79075641","79075940","52","31797955"
"chr7","110897436","110897748","chrX","63118288","63118597","53","47779148"
"chr7","110897808","110898095","chr19","38589311","38589602","37","72308497"
"chr7","110912081","110912382","chr5","139889919","139890213","53","28977838"
"chr7","110940087","110940180","chr5","1759512","1759601","12","109180575"
"chr7","110969835","110970126","chr1","116618974","116619261","50","5649139"
"chr7","111072050","111072356","chr11","82134409","82134707","55","28937641"
"chr7","111224021","111224319","chr19","13206354","13206649","43","98017667"
"chr7","111248382","111248670","chr7","30907560","30907847","49","80340822"
"chr7","111265210","111265496","chr12","31284675","31284966","46","79980535"
"chr7","111275430","111275738","chrX","16941213","16941505","65","94334217"
"chr7","111284919","111285215","chr10","79481072","79481363","45","31803847"
"chr7","111296290","111296600","chr9","91914844","91915147","48","19381446"
"chr7","111296603","111296904","chr4","152013452","152013750","53","40716849"
"chr7","111329409","111329700","chr9","40949830","40950127","52","70379579"
"chr7","111358662","111358948","chr10","79568143","79568423","37","31790519"
"chr7","111378061","111378341","chr10","79586203","79586485","42","31791858"
"chr7","111400994","111401202","chr7","83012804","83013011","37","28388190"
"chr7","111411648","111411944","chr10","99483273","99483561","45","11928375"
"chr7","111424517","111424725","chr10","79631654","79631866","35","31792863"
"chr7","111519703","111520004","chr6","149746694","149746991","51","38226991"
"chr7","111669135","111669434","chr12","25906636","25906924","56","85762499"
"chr7","111711485","111711791","chr2","150624041","150624344","55","38912556"
"chr7","111713727","111713996","chr3","106564757","106565021","54","5148970"
"chr7","111747995","111748328","chr7","85080523","85080815","81","26667472"
"chr7","111768152","111768458","chr9","53349463","53349774","59","58418689"
"chr7","111782191","111782364","chr5","58157837","58158025","40","53624354"
"chr7","111841972","111842265","chr2","2218970","2219260","43","109623002"
"chr7","111855776","111855888","chrX","47505634","47505741","25","64350142"
"chr7","111915656","111915955","chr4","139259106","139259407","45","27343450"
"chr7","112012707","112013003","chr10","80271661","80271966","49","31741046"
"chr7","112015419","112015461","chr15","8125534","8125578","5","103889885"
"chr7","112054847","112055142","chr7","77326917","77327209","52","34727930"
"chr7","112340716","112341016","chr2","17996148","17996446","67","94344568"
"chr7","112452760","112453109","chr9","107740416","107740695","96","4712344"
"chr7","112633347","112633605","chr8","72736825","72737089","52","39896522"
"chr7","112787085","112787387","chr10","81158586","81158877","47","31628499"
"chr7","112845250","112845562","chr2","10673170","10673480","51","102172080"
"chr7","112913961","112914269","chr7","66759838","66760136","62","46154123"
"chr7","113009525","113009577","chr5","110845897","110845946","9","2163628"
"chr7","113081099","113081418","chrX","51770091","51770403","62","61311008"
"chr7","113157572","113157876","chr9","40949830","40950127","44","72207742"
"chr7","113189855","113190149","chr7","104825639","104825934","53","8364216"
"chr7","113196075","113196363","chr5","94201008","94201299","43","18995067"
"chr7","113204613","113204910","chr19","39401001","39401292","46","73803612"
"chr7","113282710","113283007","chr10","81700795","81701080","40","31581915"
"chr7","113311515","113311793","chr22","8710195","8710475","45","104601320"
"chr7","113328402","113328696","chr1","90829883","90830174","59","22498519"
"chr7","113329353","113329482","chr16","44442384","44442512","18","68886969"
"chr7","113349996","113350276","chr1","173326950","173327240","46","59976954"
"chr7","113352262","113352552","chr12","82553157","82553454","48","30799105"
"chr7","113420455","113420756","chr3","152190934","152191237","43","38770479"
"chr7","113490160","113490344","chr9","14473384","14473561","33","99016776"
"chr7","113569513","113569814","chrX","117877413","117877714","52","4307900"
"chr7","113614865","113615162","chr2","203225383","203225677","47","89610518"
"chr7","113627336","113627635","chr2","203225383","203225677","43","89598047"
"chr7","113655387","113655690","chr12","82364304","82364606","53","31291083"
"chr7","113668387","113668648","chr6","148627180","148627440","50","34958793"
"chr7","113673322","113673600","chr20","26369514","26369801","57","87303808"
"chr7","113760281","113760568","chr7","67652785","67653077","56","46107496"
"chr7","113879934","113880231","chr7","85080523","85080815","43","28799411"
"chr7","114244197","114244490","chr2","67197269","67197565","51","47046928"
"chr7","114426641","114426926","chr1","156890249","156890536","48","42463608"
"chr7","114582423","114582594","chr7","138101889","138102052","35","23519466"
"chr7","114611513","114611786","chr7","70026013","70026284","51","44585500"
"chr7","114634847","114635133","chr12","107125942","107126232","45","7508905"
"chr7","114645590","114645685","chr9","66763072","66763159","19","47882518"
"chr7","114651917","114652194","chr7","45169353","45169622","56","69482564"
"chr7","114672438","114672710","chr3","106564757","106565021","52","8107681"
"chr7","114684962","114685042","chr9","108773074","108773151","19","5911888"
"chr7","114685085","114685313","chr2","55396252","55396483","41","59288833"
"chr7","114686441","114686732","chrX","122140594","122140885","50","7454153"
"chr7","114721274","114721348","chr11","9334393","9334466","11","105386881"
"chr7","114739839","114740131","chr10","83179885","83180179","41","31559954"
"chr7","114746944","114747244","chr10","83185582","83185885","44","31561362"
"chr7","114788188","114788490","chr9","14396117","14396432","46","100392071"
"chr7","114794099","114794395","chr1","77745311","77745604","50","37048788"
"chr7","114806645","114806937","chr5","60439020","60439310","43","54367625"
"chr7","114820157","114820440","chr2","203225383","203225677","54","88405226"
"chr7","114911230","114911409","chr16","54228015","54228193","32","60683215"
"chr7","114917688","114917971","chr14","22319452","22319726","67","92598236"
"chr7","114927606","114927909","chr4","161032062","161032360","47","46104456"
"chr7","115019244","115019551","chr1","135645905","135646211","58","20626661"
"chr7","115059310","115059608","chr1","168255466","168255766","57","53196156"
"chr7","115095341","115095512","chr12","33911721","33911890","29","81183620"
"chr7","115161191","115161481","chr1","116618974","116619261","45","1457783"
"chr7","115245472","115245514","chr1","182463440","182463482","4","67217968"
"chr7","115263081","115263373","chr7","49580639","49580931","54","65682442"
"chr7","115284115","115284425","chr6","151108613","151108922","54","35824498"
"chr7","115533998","115534295","chrX","18432136","18432433","48","97101862"
"chr7","115689416","115689698","chr11","77965713","77965999","45","37723703"
"chr7","115722385","115722672","chr7","58917227","58917519","52","56805158"
"chr7","115803815","115804098","chr12","36903935","36904218","48","78899880"
"chr7","115858451","115858739","chr11","117354372","117354663","75","1495921"
"chr7","115931312","115931601","chr2","134890220","134890504","50","18958908"
"chr7","115970785","115970937","chr5","81141332","81141480","33","34829453"
"chr7","116031135","116031210","chr1","200228016","200228094","12","84196881"
"chr7","116150079","116150373","chr12","44204710","44205001","43","71945369"
"chr7","116169204","116169517","chr7","88697458","88697764","42","27471746"
"chr7","116178587","116178864","chr2","62232034","62232313","44","53946553"
"chr7","116382877","116383185","chr9","101210178","101210488","44","15172699"
"chr7","116494087","116494223","chr13","36257159","36257296","28","80236928"
"chr7","116494224","116494261","chr7","10013289","10013326","3","106480935"
"chr7","116576389","116576679","chr7","77326917","77327209","41","39249472"
"chr7","116584994","116585306","chr5","156746679","156746982","47","40161685"
"chr7","116756962","116757235","chr16","49225932","49226206","43","67531030"
"chr7","116799182","116799494","chr2","11077390","11077699","54","105721792"
"chr7","116801952","116802308","chr3","94500281","94500616","95","22301671"
"chr7","116803051","116803311","chr10","101393573","101393848","48","15409478"
"chr7","116910840","116911149","chrX","38848777","38849093","68","78062063"
"chr7","117164950","117165256","chr10","85757453","85757762","49","31407497"
"chr7","117231074","117231261","chr7","50710204","50710388","27","66520870"
"chr7","117279109","117279379","chr3","188235049","188235330","52","70955940"
"chr7","117307260","117307550","chr10","85897995","85898283","36","31409265"
"chr7","117419507","117419801","chr7","85080523","85080815","49","32338984"
"chr7","117422190","117422312","chr10","61640602","61640721","23","55781588"
"chr7","117569289","117569605","chr16","73125874","73126190","52","44443415"
"chr7","117599423","117599696","chr10","86192167","86192448","45","31407256"
"chr7","117624660","117624968","chr9","99956407","99956710","51","17668253"
"chr7","117641450","117641743","chr10","86233529","86233826","41","31407921"
"chr7","117660430","117660710","chr7","155162191","155162474","50","37501761"
"chr7","117698395","117698700","chr2","59626990","59627287","50","58071405"
"chr7","117705812","117706002","chr5","124178001","124178201","37","6472189"
"chr7","117706064","117706171","chr2","94061242","94061349","12","23644822"
"chr7","117748622","117748922","chr7","70375823","70376126","54","47372799"
"chr7","117784725","117785023","chr13","60759718","60760012","41","57025007"
"chr7","117962703","117963011","chr19","31863283","31863592","59","86099420"
"chr7","118015269","118015563","chr2","2218970","2219260","41","115796299"
"chr7","118056384","118056665","chr10","86661934","86662194","59","31394450"
"chr7","118072610","118072922","chr5","11540307","11540609","51","106532303"
"chr7","118085213","118085380","chr4","147622272","147622433","38","29537059"
"chr7","118085872","118085995","chr2","70636116","70636235","21","47449756"
"chr7","118138618","118138934","chr2","146982644","146982948","54","28844026"
"chr7","118150199","118150498","chr5","153765302","153765604","51","35615103"
"chr7","118180044","118180098","chrX","14862104","14862157","6","103317940"
"chr7","118187020","118187321","chr10","86797663","86797954","56","31389357"
"chr7","118207566","118207827","chr11","63557886","63558141","58","54649680"
"chr7","118239658","118239973","chr5","108338844","108339172","73","9900814"
"chr7","118254593","118254892","chr5","43202615","43202920","52","75051978"
"chr7","118389322","118389616","chr6","17854050","17854340","52","100535272"
"chr7","118674705","118674774","chr5","146041467","146041535","8","27366762"
"chr7","118674775","118674872","chr12","55355179","55355274","13","63319596"
"chr7","118684316","118684624","chr2","150624041","150624344","51","31939725"
"chr7","118949592","118949895","chr6","157953621","157953924","55","39004029"
"chr7","118979009","118979306","chr17","17057724","17058020","57","101921285"
"chr7","119048572","119048863","chr6","17854050","17854340","47","101194522"
"chr7","119065196","119065346","chr7","137836870","137837041","46","18771674"
"chr7","119137872","119138192","chr10","87661608","87661918","52","31476264"
"chr7","119452031","119452106","chr11","5411146","5411231","20","114040885"
"chr7","119624822","119625078","chrX","29559005","29559271","60","90065817"
"chr7","119636866","119637153","chr5","15379245","15379536","63","104257621"
"chr7","119733057","119733356","chr2","63180548","63180847","50","56552509"
"chr7","119765214","119765516","chr4","139259106","139259407","51","19493892"
"chr7","119798724","119799035","chr1","170771447","170771746","50","50972723"
"chr7","119858611","119858920","chrX","96202007","96202315","54","23656604"
"chr7","119875916","119876216","chr6","43867849","43868143","52","76008067"
"chr7","119879176","119879231","chr5","15335222","15335266","19","104543954"
"chr7","119889781","119889853","chr7","66705558","66705630","11","53184223"
"chr7","119892029","119892335","chr2","150624041","150624344","45","30732012"
"chr7","119995325","119995461","chr22","41699230","41699370","23","78296095"
"chr7","119996693","119997003","chr21","35283943","35284237","56","84712750"
"chr7","120002534","120002812","chr2","9267194","9267473","56","110735340"
"chr7","120005581","120005664","chrX","90568267","90568341","18","29437314"
"chr7","120011000","120011278","chr7","57395182","57395453","53","62615818"
"chr7","120038954","120039260","chr2","39815620","39815927","45","80223334"
"chr7","120046687","120046998","chr11","107864365","107864676","45","12182322"
"chr7","120047217","120047515","chr10","98694669","98694969","40","21352548"
"chr7","120132097","120132304","chr2","130765532","130765734","34","10633435"
"chr7","120139332","120139625","chr19","38589311","38589602","50","81550021"
"chr7","120181472","120181775","chr3","152190934","152191237","42","32009462"
"chr7","120228960","120229226","chr10","88737710","88737997","53","31491250"
"chr7","120246363","120246682","chr10","88756193","88756492","55","31490170"
"chr7","120278714","120279006","chr10","88799373","88799663","38","31479341"
"chr7","120295771","120296035","chr5","126147852","126148119","55","5852081"
"chr7","120339437","120339742","chrUn_GL286217","143262","143564","53","120196175"
"chr7","120343774","120344076","chrX","122140594","122140885","44","1796820"
"chr7","120349378","120349673","chr21","36598183","36598475","48","83751195"
"chr7","120354743","120355037","chrUn_GL286217","143262","143564","41","120211481"
"chr7","120369348","120369550","chr2","164877080","164877295","50","44507732"
"chr7","120432751","120433068","chr7","137342012","137342330","62","16909261"
"chr7","120457787","120458075","chr1","111051756","111052042","45","9406031"
"chr7","120491286","120491583","chr19","6359322","6359618","46","114131964"
"chr7","120509255","120509564","chr7","70074333","70074637","52","50434922"
"chr7","120535573","120535878","chr10","89055542","89055847","48","31480031"
"chr7","120561158","120561456","chr1","170771447","170771746","51","50210289"
"chr7","120587660","120587933","chr13","100601542","100601826","59","19986118"
"chr7","120607152","120607435","chr11","80649717","80650005","49","39957435"
"chr7","120710222","120710345","chr7","79381007","79381134","21","41329215"
"chr7","120760231","120760589","chr2","67367557","67367877","95","53392674"
"chr7","120775765","120775979","chr5","128089888","128090095","48","7314123"
"chr7","120787061","120787350","chr9","85600159","85600457","51","35186902"
"chr7","120808675","120808975","chr9","25525997","25526295","49","95282678"
"chr7","120809524","120809799","chr9","53846779","53847056","38","66962745"
"chr7","120931965","120932268","chr16","32274417","32274717","49","88657548"
"chr7","120957924","120958118","chr10","74440982","74441174","35","46516942"
"chr7","121099694","121100003","chr4","17518722","17519032","49","103580972"
"chr7","121139039","121139328","chr6","53265880","53266171","45","67873159"
"chr7","121147431","121147736","chr11","66635820","66636129","51","54511611"
"chr7","121268191","121268486","chr2","17996148","17996446","57","103272043"
"chr7","121377657","121377949","chr7","98694343","98694635","47","22683314"
"chr7","121404203","121404505","chr1","160479292","160479595","47","39075089"
"chr7","121411811","121412119","chr7","70375823","70376126","42","51035988"
"chr7","121483677","121483966","chr2","2218970","2219260","44","119264707"
"chr7","121517968","121518255","chr12","107125942","107126232","33","14392026"
"chr7","121525888","121525939","chr19","12689381","12689429","8","108836507"
"chr7","121575019","121575328","chr10","90264202","90264508","39","31310817"
"chr7","121623423","121623745","chr1","79969303","79969598","70","41654120"
"chr7","121650004","121650295","chr4","71933212","71933503","55","49716792"
"chr7","121708227","121708330","chr10","90396842","90396942","12","31311385"
"chr7","121715899","121716115","chr11","127485095","127485317","40","5769196"
"chr7","121839509","121839808","chr7","153803404","153803707","55","31963895"
"chr7","121900294","121900603","chr9","111202610","111202922","61","10697684"
"chr7","121952466","121952724","chr10","32038854","32039122","52","89913612"
"chr7","121999288","121999595","chr12","107125942","107126232","52","14873346"
"chr7","122022485","122022794","chr2","161510671","161510977","45","39488186"
"chr7","122567537","122567845","chr2","36478057","36478360","48","86089480"
"chr7","122628703","122628782","chr5","83283346","83283422","12","39345357"
"chr7","122636204","122636513","chr4","139259106","139259407","46","16622902"
"chr7","122690241","122690426","chr1","171220324","171220516","36","48530083"
"chr7","122925311","122925601","chr10","91935711","91936002","38","30989600"
"chr7","123073179","123073493","chr7","89460357","89460663","50","33612822"
"chr7","123208957","123209225","chr9","111432646","111432903","61","11776311"
"chr7","123215646","123215712","chr1","78041919","78041998","19","45173727"
"chr7","123234500","123234801","chr6","139408582","139408883","49","16174082"
"chr7","123252708","123252957","chr5","84224125","84224390","51","39028583"
"chr7","123262738","123263025","chr11","72643464","72643751","43","50619274"
"chr7","123271466","123271769","chrUn_GL286420","723630","723939","55","122547836"
"chr7","123272290","123272590","chr1","174098167","174098463","56","50825877"
"chr7","123321485","123321720","chr12","12802070","12802312","46","110519415"
"chr7","123351455","123351509","chr2","3337036","3337089","9","120014419"
"chr7","123391602","123391921","chr8","56684779","56685095","59","66706823"
"chr7","123419231","123419515","chr17","54382448","54382721","52","69036783"
"chr7","123422694","123422975","chr19","31366058","31366340","39","92056636"
"chr7","123449337","123449526","chr6","126764895","126765082","41","3315558"
"chr7","123486142","123486455","chr14","77613723","77614028","45","45872419"
"chr7","123566666","123566961","chr2","136541690","136541970","64","12975024"
"chr7","123622696","123623004","chr4","163417212","163417515","62","39794516"
"chr7","123623786","123624010","chr22","35745701","35745925","46","87878085"
"chr7","123668821","123669132","chr10","92742966","92743281","46","30925855"
"chr7","123679276","123679548","chr2","33495117","33495388","52","90184159"
"chr7","123688683","123689006","chr2","203225383","203225677","66","79536700"
"chr7","123717836","123718081","chr8","32639878","32640127","40","91077958"
"chr7","123731372","123731516","chr10","92812680","92812827","15","30918692"
"chr7","123740396","123740702","chr2","29627554","29627846","56","94112842"
"chr7","123752596","123752833","chr10","92837895","92838138","37","30914701"
"chr7","123768636","123768942","chr1","92541295","92541594","42","31227341"
"chr7","123793853","123794129","chr11","35005482","35005762","50","88788371"
"chr7","123866286","123866580","chr2","147728720","147729015","47","23862434"
"chr7","123964074","123964370","chrX","51259545","51259842","49","72704529"
"chr7","123966771","123967064","chrX","90287726","90288021","47","33679045"
"chr7","123979302","123979613","chr9","91712244","91712552","52","32267058"
"chr7","124078496","124078781","chr9","115857714","115858000","47","8220782"
"chr7","124185062","124185363","chr6","118600755","118601054","49","5584307"
"chr7","124189337","124189595","chr7","49987466","49987713","56","74201871"
"chr7","124400011","124400314","chr5","116663888","116664187","45","7736123"
"chr7","124425395","124425704","chr9","99956407","99956710","48","24468988"
"chr7","124427170","124427461","chr12","26860508","26860805","38","97566662"
"chr7","124572606","124572917","chr9","107891243","107891541","45","16681363"
"chr7","124813817","124813869","chr11","72708029","72708079","8","52105788"
"chr7","124869810","124870111","chr4","44576155","44576457","47","80293655"
"chr7","124940678","124940990","chr9","93846579","93846891","47","31094099"
"chr7","124964428","124964728","chr9","84614143","84614455","59","40350285"
"chr7","124983380","124983676","chr18","5071565","5071862","46","119911815"
"chr7","124987797","124988096","chr15","72516887","72517186","41","52470910"
"chr7","125102466","125102741","chr16","8968686","8968963","52","116133780"
"chr7","125194026","125194305","chr13","61026131","61026415","45","64167895"
"chr7","125208496","125208641","chr10","94324457","94324606","21","30884039"
"chr7","125228091","125228379","chr12","107125942","107126232","43","18102149"
"chr7","125270470","125270730","chr21","47666406","47666672","60","77604064"
"chr7","125308992","125309145","chr10","121832231","121832380","32","3476761"
"chr7","125342153","125342458","chr15","64739618","64739920","50","60602535"
"chr7","125432941","125433236","chr9","101464415","101464709","52","23968526"
"chr7","125513169","125513308","chrX","60178781","60178910","29","65334388"
"chr7","125554666","125554900","chr9","54287512","54287742","39","71267154"
"chr7","125578549","125578692","chr10","94677931","94678065","20","30900618"
"chr7","125610131","125610417","chr20","26369514","26369801","47","99240617"
"chr7","125658692","125658999","chr2","71331505","71331809","46","54327187"
"chr7","125669876","125670169","chr1","138540632","138540926","49","12870756"
"chr7","125687151","125687202","chr9","58005342","58005393","4","67681809"
"chr7","125692769","125692939","chr10","126091805","126091971","22","399036"
"chr7","125706786","125707090","chr11","127690573","127690881","51","1983787"
"chr7","125713617","125713923","chr7","79082583","79082878","49","46631034"
"chr7","125754698","125754974","chr10","94860744","94861017","49","30893954"
"chr7","125798799","125799065","chr7","92271172","92271431","49","33527627"
"chr7","125836953","125837237","chr19","35779479","35779770","54","90057474"
"chr7","125838325","125838640","chr10","94235006","94235309","58","31603319"
"chr7","125862697","125862970","chr4","129916344","129916612","55","4053647"
"chr7","126024755","126025043","chrX","17450927","17451220","53","108573828"
"chr7","126188901","126189190","chr7","58917227","58917519","56","67271674"
"chr7","126267876","126268183","chr15","40132957","40133258","44","86134919"
"chr7","126300547","126300849","chrX","106785435","106785739","41","19515112"
"chr7","126496175","126496484","chr4","161032062","161032360","58","34535887"
"chr7","126506193","126506538","chr10","95644171","95644495","59","30862022"
"chr7","126588251","126588544","chr9","109401065","109401359","45","17187186"
"chr7","126705526","126705828","chr5","116663888","116664187","38","10041638"
"chr7","126728277","126728576","chr13","95853421","95853719","46","30874856"
"chr7","126821187","126821468","chr1","186610138","186610422","51","59788951"
"chr7","126909126","126909410","chr11","9649099","9649389","46","117260027"
"chr7","126936943","126937171","chr9","83564541","83564775","51","43372402"
"chr7","126964919","126965200","chr9","12777005","12777285","44","114187914"
"chr7","127035866","127036113","chr10","89132823","89133064","46","37903043"
"chr7","127055105","127055373","chr5","72712443","72712712","45","54342662"
"chr7","127231602","127231920","chrX","39183726","39184034","58","88047876"
"chr7","127358090","127358375","chr8","28132970","28133257","41","99225120"
"chr7","127364409","127364716","chr10","14690438","14690745","52","112673971"
"chr7","127408383","127408544","chr2","52081094","52081244","40","75327289"
"chr7","127421072","127421376","chr1","102364089","102364377","69","25056983"
"chr7","127436848","127437142","chr10","96572784","96573073","42","30864064"
"chr7","127443871","127444159","chr20","43097513","43097806","43","84346358"
"chr7","127511011","127511297","chr4","47803833","47804120","61","79707178"
"chr7","127575688","127575952","chr10","96694012","96694280","37","30881676"
"chr7","127577233","127577417","chr8","12050553","12050735","43","115526680"
"chr7","127589599","127589917","chr9","38636313","38636610","70","88953286"
"chr7","127620978","127621265","chr15","25018600","25018880","58","102602378"
"chr7","127642917","127643213","chrX","39728019","39728309","66","87914898"
"chr7","127665837","127666124","chr9","39953667","39953955","34","87712170"
"chr7","127680701","127680757","chr2","3337036","3337089","9","124343665"
"chr7","127714089","127714398","chr2","39815620","39815927","48","87898469"
"chr7","127870200","127870497","chr7","25925292","25925587","57","101944908"
"chr7","128125080","128125379","chr12","90860286","90860594","44","37264794"
"chr7","128157583","128157868","chr3","152858583","152858869","40","24701000"
"chr7","128194232","128194529","chr10","97355993","97356286","34","30838239"
"chr7","128299961","128300222","chr5","86888568","86888844","55","41411393"
"chr7","128461829","128462049","chr10","97620557","97620774","29","30841272"
"chr7","128873115","128873408","chr2","39815620","39815927","54","89057495"
"chr7","128888713","128889014","chrX","107560088","107560397","49","21328625"
"chr7","128893838","128893921","chr11","51523819","51523902","11","77370019"
"chr7","128912612","128912922","chr1","10349654","10349962","56","118562958"
"chr7","128937948","128938260","chr2","1940205","1940517","48","126997743"
"chr7","128944572","128944872","chr5","84579370","84579672","48","44365202"
"chr7","128965063","128965361","chr4","158443265","158443560","37","29478202"
"chr7","128970414","128970706","chr10","98229224","98229522","47","30741190"
"chr7","128977845","128978217","chrUn_GL286397","114275","114648","122","128863570"
"chr7","129027331","129027650","chr13","96574200","96574500","79","32453131"
"chr7","129060257","129060560","chr6","21930692","21931000","58","107129565"
"chr7","129068024","129068310","chr19","31366058","31366340","47","97701966"
"chr7","129089992","129090286","chr2","147728720","147729015","48","18638728"
"chr7","129094928","129095209","chr1","173326950","173327240","51","44232022"
"chr7","129117711","129117992","chr4","144685555","144685840","55","15567844"
"chr7","129142751","129143064","chr5","25564881","25565190","51","103577870"
"chr7","129170057","129170301","chr1","75654164","75654388","77","53515893"
"chr7","129176360","129176654","chr10","98388361","98388652","45","30787999"
"chr7","129184698","129184907","chr15","45534859","45535067","56","83649839"
"chr7","129225987","129226300","chr20","12198433","12198731","64","117027554"
"chr7","129241336","129241613","chr9","121403512","121403795","48","7837824"
"chr7","129260033","129260326","chr6","57780653","57780942","43","71479380"
"chr7","129291500","129291689","chr10","34797936","34798120","31","94493564"
"chr7","129324173","129324327","chr16","19407292","19407446","25","109916881"
"chr7","129356342","129356629","chr6","17854050","17854340","49","111502292"
"chr7","129362911","129363217","chrUn_GL286373","1815102","1815404","47","127547809"
"chr7","129371981","129372285","chr2","147728720","147729015","44","18356739"
"chr7","129406939","129407226","chr10","98643052","98643338","30","30763887"
"chr7","129425667","129425957","chrX","62040044","62040330","43","67385623"
"chr7","129429471","129429592","chr1","94361867","94361988","25","35067604"
"chr7","129435302","129435590","chr4","144716679","144716971","44","15281377"
"chr7","129453197","129453498","chr5","11361507","11361807","45","118091690"
"chr7","129458320","129458621","chr10","98695405","98695701","33","30762915"
"chr7","129480951","129481127","chr1","91328108","91328283","28","38152843"
"chr7","129481132","129481405","chr15","41909535","41909809","46","87571597"
"chr7","129496728","129496970","chr10","98717963","98718203","26","30778765"
"chr7","129497026","129497082","chr9","36240552","36240607","8","93256474"
"chr7","129507571","129507781","chr2","14698109","14698314","39","114809462"
"chr7","129509493","129509764","chr7","78230765","78231034","48","51278728"
"chr7","129553039","129553323","chr14","13871396","13871677","49","115681643"
"chr7","129561340","129561648","chr14","60249507","60249808","57","69311833"
"chr7","129572993","129573304","chr2","1572464","1572757","54","128000529"
"chr7","129615890","129616022","chr9","44740587","44740719","15","84875303"
"chr7","129628927","129629105","chr9","14473384","14473561","27","115155543"
"chr7","129634628","129634930","chr9","69074431","69074735","51","60560197"
"chr7","129655127","129655445","chr5","82250286","82250593","57","47404841"
"chr7","129698897","129699046","chr7","64245318","64245469","22","65453579"
"chr7","129725642","129725943","chr9","107891243","107891541","44","21834399"
"chr7","129732984","129733297","chr7","18990408","18990717","59","110742576"
"chr7","129787390","129787690","chr9","45284899","45285203","50","84502491"
"chr7","129794895","129795181","chr6","135531665","135531946","50","5736770"
"chr7","129800474","129800603","chr10","98966281","98966407","13","30834193"
"chr7","129920740","129921012","chr1","148546519","148546798","54","18625779"
"chr7","129941438","129941714","chr7","38119098","38119367","45","91822340"
"chr7","129943867","129944145","chr15","84369049","84369336","49","45574818"
"chr7","129956881","129956943","chr3","175065083","175065145","9","45108202"
"chr7","129974619","129974920","chr19","24478304","24478609","51","105496315"
"chr7","129985500","129985711","chr10","99168002","99168196","38","30817498"
"chr7","130017648","130017714","chr7","66705558","66705630","15","63312090"
"chr7","130036206","130036494","chr7","11426749","11427036","53","118609457"
"chr7","130045833","130046152","chr10","99240099","99240408","45","30805734"
"chr7","130058957","130059258","chrX","47393224","47393529","43","82665733"
"chr7","130061629","130061922","chr3","111477906","111478203","45","18583723"
"chr7","130129593","130129894","chr2","164878629","164878927","49","34749036"
"chr7","130164144","130164414","chr5","72732773","72733021","61","57431371"
"chr7","130173321","130173604","chr4","158481330","158481605","54","28308009"
"chr7","130179135","130179256","chr12","82314094","82314209","23","47865041"
"chr7","130195285","130195582","chr7","18384707","18385006","51","111810578"
"chr7","130223417","130223710","chr9","14539289","14539586","52","115684128"
"chr7","130233467","130233748","chr4","109688568","109688861","53","20544899"
"chr7","130244097","130244397","chr7","70375823","70376126","46","59868274"
"chr7","130266993","130267283","chr12","26130148","26130438","37","104136845"
"chr7","130304028","130304298","chr7","14181724","14181998","41","116122304"
"chr7","130384332","130384503","chr18","1300553","1300716","30","129083779"
"chr7","130408531","130408844","chr21","41025095","41025401","57","89383436"
"chr7","130499286","130499577","chr10","99685090","99685383","42","30814196"
"chr7","130526697","130527009","chr5","82250286","82250593","55","48276411"
"chr7","130533978","130534284","chr10","99720711","99721015","49","30813267"
"chr7","130608129","130608439","chr9","9679426","9679735","58","120928703"
"chr7","130632313","130632621","chr1","148525814","148526123","47","17893501"
"chr7","130703602","130703894","chr4","98746325","98746622","52","31957277"
"chr7","130750701","130750997","chrX","46819628","46819925","52","83931073"
"chr7","130828000","130828295","chr11","65700168","65700463","46","65127832"
"chr7","130864955","130865252","chr3","71082107","71082409","55","59782848"
"chr7","130911356","130911664","chr10","100096799","100097097","46","30814557"
"chr7","130928727","130929029","chr1","155118579","155118883","42","24189852"
"chr7","130976833","130977134","chr9","123779402","123779702","53","7197431"
"chr7","131012396","131012698","chr6","16550974","16551271","44","114461422"
"chr7","131018927","131019221","chr2","203225383","203225677","41","72206456"
"chr7","131038634","131038845","chr1","200791022","200791225","40","69752388"
"chr7","131115466","131115730","chr10","100312404","100312657","39","30803062"
"chr7","131185631","131185929","chr2","2218970","2219260","55","128966661"
"chr7","131198665","131198963","chr9","25525997","25526295","55","105672668"
"chr7","131205489","131205781","chr7","70375823","70376126","50","60829666"
"chr7","131207020","131207303","chr12","108802449","108802735","45","22404571"
"chr7","131228766","131228970","chr5","82210611","82210812","38","49018155"
"chr7","131240002","131240155","chr9","36057756","36057915","32","95182246"
"chr7","131288816","131289139","chr5","120225189","120225498","54","11063627"
"chr7","131318743","131319054","chr2","11077390","11077699","53","120241353"
"chr7","131345314","131345430","chr2","9983560","9983675","17","121361754"
"chr7","131345639","131345814","chr16","19752551","19752729","28","111593088"
"chr7","131410621","131410926","chr2","153267314","153267618","47","21856693"
"chr7","131453021","131453159","chr6","6404012","6404154","28","125049009"
"chr7","131477531","131477848","chr4","24714987","24715298","53","106762544"
"chr7","131528676","131528970","chr5","50537784","50538079","44","80990892"
"chr7","131562892","131563182","chr4","6937392","6937678","56","124625500"
"chr7","131734955","131735240","chr10","100937013","100937289","27","30797942"
"chr7","131749240","131749556","chr7","89404336","89404645","44","42344904"
"chr7","131851035","131851331","chr2","203225383","203225677","46","71374348"
"chr7","131975639","131975921","chr16","41689154","41689445","51","90286485"
"chr7","131984059","131984354","chr5","83059655","83059947","53","48924404"
"chr7","132014668","132014963","chr11","111622268","111622561","50","20392400"
"chr7","132045954","132046253","chr11","122681076","122681374","54","9364878"
"chr7","132188594","132188865","chr10","101393573","101393848","43","30795021"
"chr7","132246704","132247000","chr21","41287096","41287394","44","90959608"
"chr7","132322409","132322678","chr17","67593125","67593399","58","64729284"
"chr7","132389082","132389405","chr9","108638571","108638873","60","23750511"
"chr7","132508074","132508323","chr6","22652998","22653243","40","109855076"
"chr7","132508374","132508413","chr8","97260104","97260146","12","35248270"
"chr7","132530410","132530712","chr4","139259106","139259407","44","6728696"
"chr7","132547126","132547421","chr2","6639751","6640061","51","125907375"
"chr7","132580879","132581181","chrX","10737832","10738131","36","121843047"
"chr7","132590278","132590538","chr21","39923210","39923479","47","92667068"
"chr7","132634625","132634940","chr5","73075939","73076252","66","59558686"
"chr7","132762087","132762383","chrX","8082125","8082430","59","124679962"
"chr7","132778173","132778330","chr16","49789098","49789249","36","82989075"
"chr7","132946043","132946344","chr5","136059619","136059920","39","3113576"
"chr7","132955630","132955943","chr2","3733544","3733853","60","129222086"
"chr7","133016280","133016583","chr1","92541295","92541594","42","40474985"
"chr7","133039684","133039995","chr13","95947170","95947472","56","37092514"
"chr7","133121620","133121752","chr3","173741334","173741474","38","40619714"
"chr7","133122457","133122574","chr5","34960432","34960547","15","98162025"
"chr7","133147454","133147755","chr12","10884989","10885294","53","122262465"
"chr7","133160272","133160573","chr4","54370195","54370493","35","78790077"
"chr7","133222995","133223280","chrUn_GL286451","137531","137816","53","133085464"
"chr7","133239786","133240106","chr4","54370195","54370493","59","78869591"
"chr7","133480537","133480837","chr7","33547338","33547635","41","99933199"
"chr7","133485110","133485411","chr1","154178819","154179123","60","20693709"
"chr7","133490809","133491120","chr7","79082583","79082878","56","54408226"
"chr7","133547724","133548010","chr1","170771447","170771746","52","37223723"
"chr7","133581291","133581586","chrUn_GL287615","399","690","40","133580892"
"chr7","133583065","133583365","chr10","102896916","102897205","43","30686149"
"chr7","133588760","133589044","chr5","141618531","141618824","56","8029771"
"chr7","133607699","133608003","chrX","64172412","64172721","52","69435287"
"chr7","133608446","133608756","chr14","32553436","32553738","45","101055010"
"chr7","133616960","133617263","chr7","70375823","70376126","42","63241137"
"chr7","133629483","133629791","chr16","90197047","90197353","55","43432436"
"chr7","133634521","133634821","chr10","102956555","102956851","56","30677966"
"chr7","133637931","133638241","chr2","146982644","146982948","48","13344713"
"chr7","133669179","133669483","chr10","102993952","102994260","43","30675227"
"chr7","133673746","133674060","chr7","70375823","70376126","52","63297923"
"chr7","133699055","133699358","chr6","75230350","75230656","55","58468705"
"chr7","133710366","133710660","chr7","77326917","77327209","40","56383449"
"chr7","133730602","133730881","chr7","97022652","97022933","51","36707950"
"chr7","133733245","133733370","chr1","138404075","138404199","22","4670830"
"chr7","133753369","133753663","chr1","138540632","138540926","50","4787263"
"chr7","133755927","133756224","chr2","203225383","203225677","52","69469456"
"chr7","133775856","133776155","chrX","107561323","107561629","71","26214533"
"chr7","133830499","133830735","chr4","10166533","10166765","49","123663966"
"chr7","133832963","133833264","chr6","119011301","119011592","54","14821662"
"chr7","133838943","133839099","chr9","36057756","36057915","29","97781187"
"chr7","133863143","133863438","chr5","5039320","5039616","47","128823823"
"chr7","133867640","133867957","chr5","5354042","5354352","51","128513598"
"chr7","133871500","133871800","chr13","74012801","74013097","50","59858699"
"chr7","133890445","133890733","chr10","103218178","103218471","36","30672267"
"chr7","133961852","133961924","chr4","88248131","88248203","14","45713721"
"chr7","133977263","133977581","chr7","88697458","88697764","49","45279805"
"chr7","134001582","134001793","chr2","154897537","154897744","34","20895955"
"chr7","134024027","134024316","chr10","103366661","103366946","29","30657366"
"chr7","134068118","134068383","chr20","43149433","43149690","53","90918685"
"chr7","134161637","134161929","chr11","20385409","20385702","45","113776228"
"chr7","134321472","134321743","chrX","50884511","50884779","58","83436961"
"chr7","134447690","134447999","chr1","13807754","13808053","48","120639936"
"chr7","134523194","134523493","chr10","14376288","14376587","62","120146906"
"chr7","134692906","134693218","chr7","35515798","35516110","54","99177108"
"chr7","134764145","134764422","chr11","83340156","83340440","49","51423989"
"chr7","134827649","134827957","chr2","146982644","146982948","45","12154995"
"chr7","134860528","134860817","chr10","104221613","104221913","39","30638915"
"chr7","134886953","134887242","chr8","122688943","122689236","46","12198010"
"chr7","134934491","134934593","chr12","49321713","49321814","18","85612778"
"chr7","135381171","135381451","chr19","26695875","26696176","50","108685296"
"chr7","135556655","135556962","chr13","95836072","95836367","55","39720583"
"chr7","135562971","135563273","chr15","72516887","72517186","45","63046084"
"chr7","135601139","135601414","chr5","107761416","107761690","46","27839723"
"chr7","135617590","135617888","chr19","23703813","23704099","47","111913777"
"chr7","135676858","135677098","chr10","105050803","105051044","33","30626055"
"chr7","135854245","135854545","chr9","17943911","17944216","44","117910334"
"chr7","135916613","135916753","chr2","193530196","193530332","19","57613583"
"chr7","136003835","136004127","chr1","174970853","174971146","58","38967018"
"chr7","136307893","136308194","chr10","105709647","105709950","44","30598246"
"chr7","136435378","136435653","chr10","105833098","105833361","40","30602280"
"chr7","136737295","136737592","chr1","13807754","13808053","44","122929541"
"chr7","136879407","136879677","chr4","113637004","113637272","50","23242403"
"chr7","136924392","136924557","chr9","108921534","108921695","27","28002858"
"chr7","137159662","137159953","chrX","4936706","4937001","39","132222956"
"chr7","137217735","137218027","chr7","46614511","46614801","46","90603224"
"chr7","137229625","137229921","chr2","67197269","67197565","51","70032356"
"chr7","137298045","137298298","chr10","106720236","106720512","53","30577809"
"chr7","137326823","137327103","chr5","64414669","64414957","38","72912154"
"chr7","137379193","137379524","chr7","81305386","81305692","97","56073807"
"chr7","137399750","137399953","chr10","80106580","80106785","36","57293170"
"chr7","137407339","137407642","chr1","191726537","191726840","71","54319198"
"chr7","137465590","137465889","chr10","106886848","106887154","45","30578742"
"chr7","137499414","137499726","chrX","64172412","64172721","52","73327002"
"chr7","137528490","137528782","chr12","51888773","51889064","56","85639717"
"chr7","137550152","137550457","chr6","22575404","22575712","49","114974748"
"chr7","137569225","137569522","chr10","106997782","106998077","55","30571443"
"chr7","137593259","137593514","chr10","107015898","107016163","49","30577361"
"chr7","137622205","137622337","chr11","52477270","52477395","25","85144935"
"chr7","137653152","137653450","chr2","17996148","17996446","44","119657004"
"chr7","137711153","137711455","chr14","14356650","14356957","57","123354503"
"chr7","137740263","137740582","chr5","43258967","43259274","61","94481296"
"chr7","137779142","137779437","chr17","28540483","28540776","37","109238659"
"chr7","137836398","137836679","chr8","75280125","75280408","47","62556273"
"chr7","137967730","137968031","chr7","25925292","25925587","50","112042438"
"chr7","138155861","138156173","chr12","19378912","19379214","59","118776949"
"chr7","138572055","138572338","chr2","69294604","69294877","54","69277451"
"chr7","138718165","138718236","chr10","90101140","90101206","9","48617025"
"chr7","139269086","139269366","chr7","135211205","135211497","64","4057881"
"chr7","139627825","139628133","chr10","109121308","109121617","57","30506517"
"chr7","139639459","139639703","chr10","109132952","109133199","46","30506507"
"chr7","139998458","139998744","chr11","122029380","122029662","63","17969078"
"chr7","140286611","140286897","chr1","156890249","156890536","59","16603638"
"chr7","140408522","140408824","chr22","7224123","7224426","55","133184399"
"chr7","140456158","140456458","chr9","45325979","45326278","46","95130179"
"chr7","140611865","140612159","chr3","142600603","142600893","65","1988738"
"chr7","140713668","140713962","chr5","106626420","106626712","52","34087248"
"chr7","141224217","141224514","chr2","147728720","147729015","40","6504503"
"chr7","141550264","141550567","chr2","150624041","150624344","48","9073777"
"chr7","141555736","141556036","chr4","23129234","23129535","41","118426502"
"chr7","141927693","141927961","chr10","111388748","111389006","45","30538945"
"chr7","142057713","142057819","chr8","97259605","97259699","33","44798108"
"chr7","142317138","142317214","chr2","74418275","74418360","18","67898863"
"chr7","142459525","142459840","chr22","15171458","15171763","54","127288067"
"chr7","142711962","142712009","chr5","94690104","94690150","5","48021858"
"chr7","142712105","142712224","chr7","51016205","51016329","28","91695900"
"chr7","142880102","142880420","chr19","6495844","6496151","68","136384258"
"chr7","143003345","143003615","chr4","116590926","116591210","62","26412419"
"chr7","143035907","143036224","chr10","112416474","112416773","55","30619433"
"chr7","143308588","143308873","chr8","101891681","101891969","59","41416907"
"chr7","143750324","143750614","chr7","128716091","128716385","52","15034233"
"chr7","143851984","143852284","chr1","168255466","168255766","40","24403482"
"chr7","143964102","143964409","chr1","148725735","148726036","55","4761633"
"chr7","144355918","144356046","chr4","9872496","9872626","22","134483422"
"chr7","144397455","144397746","chr10","113771127","113771413","41","30626328"
"chr7","144444623","144444933","chr7","18384707","18385006","53","126059916"
"chr7","144584537","144584836","chr7","85080523","85080815","46","59504014"
"chr7","144633444","144633769","chr1","202160452","202160759","70","57527008"
"chr7","144743619","144743928","chr2","12763386","12763696","51","131980233"
"chr7","144825876","144826074","chr6","133371844","133372030","45","11454032"
"chr7","144839841","144840124","chr1","152570018","152570318","55","7730177"
"chr7","144849551","144849857","chr7","74579378","74579682","50","70270173"
"chr7","144988948","144989229","chr4","95482837","95483118","43","49506111"
"chr7","145100231","145100507","chr12","15761766","15762047","52","129338465"
"chr7","145118393","145118685","chr10","114530340","114530628","40","30588053"
"chr7","145132265","145132551","chr2","203225383","203225677","48","58093118"
"chr7","145157329","145157624","chr2","67197269","67197565","42","77960060"
"chr7","145235920","145236186","chr8","45390608","45390878","51","99845312"
"chr7","145245299","145245553","chr10","114676687","114676939","30","30568612"
"chr7","145394871","145395007","chr7","114078121","114078263","22","31316750"
"chr7","145427306","145427602","chr19","44088082","44088375","50","101339224"
"chr7","145459530","145459836","chr2","39815620","39815927","52","105643910"
"chr7","145489575","145489769","chr3","183689850","183690027","49","38200275"
"chr7","145533100","145533155","chr5","149531914","149531971","5","3998814"
"chr7","145565754","145566058","chr16","63884096","63884405","44","81681658"
"chr7","145593863","145594152","chr2","134890220","134890504","46","10703643"
"chr7","145669529","145669833","chr2","150624041","150624344","43","4954512"
"chr7","145745749","145746020","chr2","47506221","47506493","45","98239528"
"chr7","145766398","145766702","chr2","71331505","71331809","46","74434893"
"chr7","145774895","145775195","chr2","150624041","150624344","46","4849146"
"chr7","145820683","145820956","chr4","16705116","16705391","45","129115567"
"chr7","145832351","145832667","chr4","81765622","81765930","55","64066729"
"chr7","145875902","145876194","chr10","115329486","115329781","51","30546416"
"chr7","145895222","145895524","chr2","203225383","203225677","51","57330161"
"chr7","145897092","145897400","chr9","91712244","91712552","47","54184848"
"chr7","146033552","146033846","chr2","17996148","17996446","48","128037404"
"chr7","146045797","146046067","chr11","96527113","96527386","48","49518684"
"chr7","146055904","146056037","chr10","115494099","115494227","16","30561805"
"chr7","146056038","146056348","chr9","91473040","91473349","54","54582998"
"chr7","146066396","146066687","chr14","59195264","59195551","54","86871132"
"chr7","146128581","146128857","chr17","45265467","45265743","54","100863114"
"chr7","146151536","146151832","chr2","203225383","203225677","42","57073847"
"chr7","146167754","146168047","chr2","46650721","46651027","53","99517033"
"chr7","146327149","146327374","chr9","123851969","123852189","47","22475180"
"chr7","146347080","146347385","chr3","115842592","115842893","51","30504488"
"chr7","146417329","146417628","chr9","25525997","25526295","45","120891332"
"chr7","146441721","146442001","chr7","90530883","90531171","54","55910838"
"chr7","146450014","146450314","chr7","113647067","113647366","55","32802947"
"chr7","146480749","146480963","chr2","21530661","21530876","36","124950088"
"chr7","146486229","146486539","chr1","192757436","192757740","50","46271207"
"chr7","146521010","146521175","chr7","12902130","12902295","26","133618880"
"chr7","146546288","146546615","chrX","29367582","29367876","70","117178706"
"chr7","146553614","146553920","chr2","146982644","146982948","43","429030"
"chr7","146565815","146566023","chr3","178398687","178398894","33","31832872"
"chr7","146566030","146566154","chr2","199374202","199374330","27","52808172"
"chr7","146568797","146569105","chr5","2193404","2193714","40","144375393"
"chr7","146707194","146707508","chrX","63118288","63118597","48","83588906"
"chr7","146730526","146730824","chrX","7689022","7689320","41","139041504"
"chr7","146742937","146743247","chr12","87400084","87400394","53","59342853"
"chr7","146750832","146750890","chr7","1994646","1994700","7","144756186"
"chr7","146841318","146841607","chr4","410768","411054","47","146430550"
"chr7","146892467","146892758","chr12","107125942","107126232","39","39766525"
"chr7","146894723","146894786","chr10","74173304","74173370","15","72721419"
"chr7","146933610","146933727","chr3","84875338","84875455","15","62058272"
"chr7","146986778","146987003","chr8","19144899","19145131","39","127841879"
"chr7","146988351","146988617","chr11","110116343","110116610","47","36872008"
"chr7","146997479","146997763","chr10","116445035","116445332","52","30552444"
"chr7","147070178","147070488","chr2","36478057","36478360","46","110592121"
"chr7","147167852","147168147","chr4","34374748","34375048","48","112793104"
"chr7","147186033","147186343","chr8","93710494","93710805","54","53475539"
"chr7","147187232","147187348","chr1","171740201","171740320","30","24552969"
"chr7","147205380","147205691","chr5","97367143","97367439","72","49838237"
"chr7","147264967","147265278","chr2","43281105","43281414","50","103983862"
"chr7","147265698","147266000","chr20","26035322","26035615","49","121230376"
"chr7","147271832","147272141","chr1","104253890","104254191","53","43017942"
"chr7","147280213","147280522","chr2","10673170","10673480","52","136607043"
"chr7","147290376","147290674","chr2","12588191","12588476","47","134702185"
"chr7","147306321","147306609","chr4","144716679","144716971","47","2589642"
"chr7","147325946","147326243","chrX","39454622","39454913","46","107871324"
"chr7","147343374","147343663","chr4","107437630","107437918","39","39905744"
"chr7","147349448","147349596","chr5","31198215","31198362","17","116151233"
"chr7","147350202","147350486","chr2","2218970","2219260","56","145131232"
"chr7","147368184","147368490","chr17","10820685","10820986","47","136547499"
"chr7","147372257","147372562","chr4","98746325","98746622","48","48625932"
"chr7","147424069","147424366","chrX","117955769","117956070","62","29468300"
"chr7","147537080","147537362","chr4","21602547","21602837","54","125934533"
"chr7","147543366","147543631","chr4","137559641","137559925","59","9983725"
"chr7","147552640","147552828","chr4","159240199","159240394","36","11687559"
"chr7","147562378","147562656","chr7","31750809","31751083","46","115811569"
"chr7","147563474","147563777","chr2","13919309","13919605","56","133644165"
"chr7","147572390","147572702","chr3","188437693","188438006","60","40865303"
"chr7","147590900","147591200","chr10","117035888","117036181","39","30555012"
"chr7","147610923","147611091","chr22","2602482","2602650","51","145008441"
"chr7","147624243","147624533","chr1","10555662","10555964","56","137068581"
"chr7","147625777","147626078","chr9","91914844","91915147","49","55710933"
"chr7","147632104","147632382","chr6","135531665","135531946","51","12100439"
"chr7","147675130","147675231","chr1","202926890","202926988","18","55251760"
"chr7","147675882","147676181","chr7","18614629","18614926","48","129061253"
"chr7","147729052","147729351","chr6","104934626","104934925","44","42794426"
"chr7","147748926","147749216","chr11","72643464","72643751","52","75105462"
"chr7","147782527","147782815","chr10","99483273","99483561","47","48299254"
"chr7","147801773","147802086","chr6","106256295","106256600","59","41545478"
"chr7","147868487","147868778","chr12","107125942","107126232","41","40742545"
"chr7","147989676","147989965","chr7","85080523","85080815","54","62909153"
"chr7","148023579","148023877","chr8","105737673","105737982","52","42285906"
"chr7","148023898","148024178","chr2","5015242","5015526","54","143008656"
"chr7","148035293","148035576","chr20","32851240","32851521","42","115184053"
"chr7","148050857","148051131","chr20","32851240","32851521","49","115199617"
"chr7","148141370","148141663","chr7","112295313","112295608","46","35846057"
"chr7","148204736","148205031","chr22","14641253","14641543","46","133563483"
"chr7","148216361","148216661","chr5","116663888","116664187","46","31552473"
"chr7","148225602","148225884","chr1","148737826","148738107","61","512224"
"chr7","148299432","148299690","chr10","117769744","117769990","48","30529688"
"chr7","148343373","148343632","chr9","111169093","111169350","52","37174280"
"chr7","148372267","148372561","chr5","65296228","65296517","44","83076039"
"chr7","148460642","148460931","chr12","14438443","14438732","49","134022199"
"chr7","148479555","148479876","chr5","108338844","108339172","58","40140711"
"chr7","148482847","148483119","chr12","113634286","113634558","46","34848561"
"chr7","148515654","148515941","chr15","2416259","2416547","43","146099395"
"chr7","148546361","148546515","chr10","32638606","32638759","25","115907755"
"chr7","148550098","148550396","chr8","97925884","97926162","61","50624214"
"chr7","148573515","148573795","chr17","63262632","63262904","49","85310883"
"chr7","148828735","148829035","chr2","2402526","2402827","45","146426209"
"chr7","148858894","148859194","chr11","119398784","119399089","47","29460110"
"chr7","148862723","148862982","chr13","14841711","14841967","38","134021012"
"chr7","148868320","148868624","chrX","63118288","63118597","47","85750032"
"chr7","148877325","148877623","chr10","118355693","118355985","48","30521632"
"chr7","148878259","148878563","chr10","115586657","115586959","50","33291602"
"chr7","148959839","148960119","chr2","16187668","16187943","47","132772171"
"chr7","148962204","148962504","chr6","7336338","7336636","49","141625866"
"chr7","149036213","149036562","chr14","96106541","96106857","81","52929672"
"chr7","149045715","149045801","chr2","130459575","130459659","10","18586140"
"chr7","149097481","149097782","chr11","28125301","28125613","44","120972180"
"chr7","149104674","149104971","chr10","118578692","118578996","54","30525982"
"chr7","149162751","149163041","chr20","12471054","12471341","44","136691697"
"chr7","149212939","149213257","chr5","38842722","38843017","67","110370217"
"chr7","149252166","149252442","chr9","108470235","108470512","45","40781931"
"chr7","149282050","149282353","chr2","59098505","59098807","45","90183545"
"chr7","149291799","149292130","chr7","59181738","59182047","56","90110061"
"chr7","149316835","149317116","chr7","44689617","44689912","49","104627218"
"chr7","149321025","149321318","chr15","6833374","6833663","47","142487651"
"chr7","149342299","149342454","chr9","53550464","53550619","33","95791835"
"chr7","149345882","149346186","chr6","8374119","8374424","54","140971763"
"chr7","149347393","149347686","chr11","20385409","20385702","46","128961984"
"chr7","149422740","149423043","chr2","67847090","67847384","49","81575650"
"chr7","149447785","149448082","chr13","95853421","95853719","44","53594364"
"chr7","149510716","149511020","chr5","120225189","120225498","54","29285527"
"chr7","149724077","149724379","chr4","44576155","44576457","46","105147922"
"chr7","149738457","149738759","chr21","35737308","35737611","42","114001149"
"chr7","149901444","149901515","chr1","79810849","79810921","27","70090595"
"chr7","149901516","149901814","chr5","100193922","100194188","69","49707594"
"chr7","149962296","149962418","chr18","3331103","3331225","22","146631193"
"chr7","149987066","149987377","chr2","146982644","146982948","54","3004422"
"chr7","150213632","150213914","chr10","119689888","119690174","56","30523744"
"chr7","150539753","150540068","chr1","83536268","83536570","59","67003485"
"chr7","150830787","150831047","chrX","137575667","137575914","63","13255120"
"chr7","150859615","150859924","chr9","91473040","91473349","52","59386575"
"chr7","150864188","150864484","chr22","28143382","28143678","41","122720806"
"chr7","150890225","150890301","chr9","90274754","90274831","9","60615471"
"chr7","150890892","150891198","chr6","118600755","118601054","54","32290137"
"chr7","150934563","150934857","chr16","93560681","93560971","58","57373882"
"chr7","150944231","150944536","chr11","116346925","116347227","57","34597306"
"chr7","150948695","150948855","chr6","91405369","91405515","35","59543326"
"chr7","150955316","150955536","chr1","210084574","210084794","47","59129258"
"chr7","150962370","150962683","chr4","81765622","81765930","64","69196748"
"chr7","150998882","150999182","chr2","203225383","203225677","47","52226501"
"chr7","151007210","151007516","chrX","8396907","8397216","49","142610303"
"chr7","151021902","151022194","chrX","47401553","47401847","56","103620349"
"chr7","151060380","151060681","chr2","203225383","203225677","46","52165003"
"chr7","151141622","151141924","chr10","120619156","120619452","46","30522466"
"chr7","151490687","151490991","chr10","120951132","120951430","47","30539555"
"chr7","151518608","151518908","chr2","71331505","71331809","46","80187103"
"chr7","151711807","151712097","chr5","97337838","97338116","62","54373969"
"chr7","151724935","151725246","chr6","21930692","21931000","50","129794243"
"chr7","152315883","152316061","chr2","59298276","59298452","37","93017607"
"chr7","152488338","152488621","chr10","122004538","122004820","51","30483800"
"chr7","152492106","152492400","chrUn_GL286217","143262","143564","48","152348844"
"chr7","152539841","152539881","chr2","1338529","1338568","3","151201312"
"chr7","152546021","152546299","chr12","15761766","15762047","41","136784255"
"chr7","152562944","152563229","chr5","5566551","5566830","43","146996393"
"chr7","152574285","152574602","chr13","39988031","39988324","62","112586254"
"chr7","152615000","152615297","chrUn_GL286217","143262","143564","42","152471738"
"chr7","152618093","152618404","chr2","12763386","12763696","51","139854707"
"chr7","152622879","152623177","chr2","29773125","29773427","50","122849754"
"chr7","152628370","152628672","chr5","85088060","85088351","45","67540310"
"chr7","152637364","152637669","chr7","25925292","25925587","40","126712072"
"chr7","152641642","152641819","chr20","1976364","1976531","31","150665278"
"chr7","152643595","152643636","chrX","15428193","15428233","4","137215402"
"chr7","152694143","152694432","chr19","12425591","12425876","50","140268552"
"chr7","152744400","152744671","chr4","158481330","158481605","46","5736930"
"chr7","152910958","152911188","chr9","123851969","123852189","56","29058989"
"chr7","152950354","152950622","chr10","122479623","122479879","42","30470731"
"chr7","153102271","153102561","chr10","122635031","122635313","42","30467240"
"chr7","153189276","153189400","chr13","89519003","89519127","14","63670273"
"chr7","153257418","153257727","chrUn_GL286373","2046953","2047261","49","151210465"
"chr7","153293835","153294143","chr3","117540807","117541109","54","35753028"
"chr7","153829916","153830201","chr15","71998934","71999215","67","81830982"
"chr7","153861492","153861795","chr10","123463908","123464207","45","30397584"
"chr7","153976758","153977048","chr10","123583176","123583466","34","30393582"
"chr7","154126381","154126657","chr2","136541690","136541970","50","17584691"
"chr7","154141470","154141763","chr19","26695875","26696176","45","127445595"
"chr7","154227568","154227714","chr7","10811943","10812091","30","143415625"
"chr7","154519289","154519576","chr11","72408791","72409072","48","82110498"
"chr7","154888407","154888719","chr2","39815620","39815927","54","115072787"
"chr7","155274046","155274311","chr5","72712443","72712712","48","82561603"
"chr7","155295043","155295282","chr7","66633840","66634076","40","88661203"
"chr7","155295406","155295480","chr12","53880159","53880233","14","101415247"
"chr7","155481630","155481930","chr20","28221270","28221568","50","127260360"
"chr7","155616946","155617251","chr10","102268794","102269104","78","53348152"
"chr7","155729457","155729749","chr6","68817231","68817518","53","86912226"
"chr7","155833903","155834208","chr5","83138079","83138381","49","72695824"
"chr7","155887823","155888148","chr2","131733658","131733977","66","24154165"
"chr7","155934338","155934649","chrX","64172412","64172721","52","91761926"
"chr7","156100060","156100332","chr21","39923210","39923479","51","116176850"
"chr7","156100884","156100917","chrX","20296370","20296399","14","135804514"
"chr7","156157941","156158240","chrX","90721471","90721774","47","65436470"
"chr7","156173152","156173440","chr5","65296228","65296517","45","90876924"
"chr7","156185477","156185768","chr10","125902183","125902481","51","30283294"
"chr7","156197434","156197733","chr5","5039320","5039616","47","151158114"
"chr7","156252477","156252782","chr10","125969065","125969367","49","30283412"
"chr7","156361688","156361987","chr2","203225383","203225677","51","46863695"
"chr7","156377578","156377865","chr19","22222731","22223015","48","134154847"
"chr7","156406955","156407260","chr19","24478304","24478609","51","131928651"
"chr7","156428893","156428934","chr18","14281268","14281309","8","142147625"
"chr7","156476797","156477092","chr6","7755539","7755830","47","148721258"
"chr7","156496091","156496154","chr14","71241183","71241244","11","85254908"
"chr7","156520119","156520394","chr5","57595002","57595278","57","98925117"
"chr7","156527575","156527684","chr2","94061242","94061349","15","62466333"
"chr7","156916820","156917097","chr13","55243419","55243698","42","101673401"
"chr7","156974091","156974363","chr9","115857714","115858000","52","41116377"
"chr7","156978528","156978611","chr5","37761156","37761240","13","119217372"
"chr7","157109116","157109299","chr19","45004014","45004194","35","112105102"
"chr7","157164153","157164456","chr5","131312648","131312948","74","25851505"
"chr7","157926463","157926766","chr10","127697989","127698296","55","30228474"
"chr7","157976123","157976410","chrUn_GL286267","16644","16927","44","157959479"
"chr7","157980911","157981203","chr2","2218970","2219260","45","155761941"
"chr7","158031632","158031924","chr19","35779479","35779770","49","122252153"
"chr7","158052078","158052393","chr5","55380182","55380490","49","102671896"
"chr7","158113911","158114042","chr2","67173622","67173751","23","90940289"
"chr7","158116615","158116920","chr14","77613723","77614028","44","80502892"
"chr7","158131045","158131298","chr10","127903363","127903615","31","30227682"
"chr7","158138070","158138379","chr2","11077390","11077699","55","147060680"
"chr7","158167268","158167563","chr12","51315090","51315385","50","106852178"
"chr7","158269040","158269327","chr4","160761986","160762273","57","2492946"
"chr7","158279600","158279900","chr5","65296228","65296517","45","92983372"
"chr7","158281121","158281208","chr5","1759512","1759601","14","156521609"
"chr7","158320056","158320104","chr3","143262170","143262221","18","15057886"
"chr7","158322024","158322289","chr2","196431839","196432104","56","38109815"
"chr7","158378868","158379156","chr11","61791687","61791981","44","96587181"
"chr7","158397709","158398001","chr12","79497897","79498186","44","78899812"
"chr7","158449725","158450015","chr2","2218970","2219260","51","156230755"
"chr7","158459364","158459664","chr19","35779479","35779770","51","122679885"
"chr7","158462188","158462507","chr21","37679276","37679600","59","120782912"
"chr7","158514728","158515033","chr10","128277161","128277456","50","30237567"
"chr7","158534765","158535058","chr5","144164144","144164432","49","14370621"
"chr7","158581014","158581320","chr22","38966910","38967209","51","119614104"
"chr7","158587078","158587433","chr4","78205723","78206025","100","80381355"
"chr7","158587725","158587906","chr20","2042129","2042307","34","156545596"
"chr7","158623640","158623953","chr2","11077390","11077699","52","147546250"
"chr7","158642733","158643029","chr4","106749058","106749336","63","51893675"
"chr7","158646489","158646581","chr20","39110908","39110999","12","119535581"
"chr7","158659037","158659335","chr2","71331505","71331809","37","87327532"
"chr7","158694654","158694909","chr5","111818560","111818820","45","46876094"
"chr7","158812207","158812315","chr10","128564919","128565006","27","30247288"
"chr7","158822166","158822474","chr4","26820733","26821038","50","132001433"
"chr7","158832125","158832304","chr13","15227928","15228085","49","143604197"
"chr7","158890609","158890925","chr5","55380182","55380490","61","103510427"
"chr7","158901413","158901703","chr10","128677713","128678020","61","30223700"
"chr7","158912430","158912690","chr1","141513493","141513763","53","17398937"
"chr7","158980114","158980412","chr10","128748854","128749143","45","30231260"
"chr7","159053073","159053374","chr14","76157685","76157986","45","82895388"
"chr7","159152277","159152584","chr15","24029162","24029466","49","135123115"
"chr7","159154372","159154676","chr12","91928994","91929288","50","67225378"
"chr7","159178890","159179184","chr5","136672326","136672618","51","22506564"
"chr7","159192937","159193226","chr10","128962555","128962847","39","30230382"
"chr7","159213198","159213454","chr4","46250728","46250984","50","112962470"
"chr7","159262504","159262789","chr7","14181724","14181998","50","145080780"
"chr7","159269458","159269500","chr4","32165081","32165125","4","127104377"
"chr7","159270437","159270739","chr7","70375823","70376126","42","88894614"
"chr7","159320825","159321056","chr9","100425750","100425972","55","58895075"
"chr7","159386821","159387116","chr5","80121277","80121568","52","79265544"
"chr7","159399815","159400111","chr8","105687092","105687385","49","53712723"
"chr7","159420109","159420423","chr2","161510671","161510977","58","2090562"
"chr7","159451243","159451508","chr15","42787915","42788180","52","116663328"
"chr7","159456771","159457053","chr19","23703813","23704099","43","135752958"
"chr7","159503449","159503733","chr3","53991995","53992275","44","105511454"
"chr7","159517287","159517578","chr11","117354372","117354663","71","42162915"
"chr7","159529898","159530158","chr5","5566551","5566830","57","153963347"
"chr7","159548808","159549110","chrX","65795392","65795674","60","93753416"
"chr7","159591828","159592121","chr21","49806208","49806506","54","109785620"
"chr7","159638600","159638907","chr10","7410350","7410658","46","152228250"
"chr7","159653251","159653527","chr3","152858583","152858869","45","6794668"
"chr7","159654423","159654720","chr12","107125942","107126232","44","52528481"
"chr7","159698582","159698871","chr5","88521494","88521788","59","71177088"
"chr7","159773990","159774277","chr10","129537266","129537550","55","30236724"
"chr7","159796380","159796650","chr4","2783025","2783308","55","157013355"
"chr7","159806204","159806509","chr6","6524327","6524632","49","153281877"
"chr7","159841209","159841263","chr2","59211560","59211613","6","100629649"
"chr7","159842094","159842334","chr3","182081884","182082132","66","22239790"
"chr7","159853063","159853339","chr4","155605212","155605495","44","4247851"
"chr7","159859860","159860157","chr2","154650890","154651184","47","5208970"
"chr7","159889782","159890076","chr4","158769812","158770108","43","1119970"
"chr7","159914541","159914883","chr1","86728701","86729028","83","73185840"
"chr7","159916235","159916537","chr19","17448176","17448478","58","142468059"
"chr7","159970961","159971253","chr6","75230350","75230656","51","84740611"
"chr7","159978757","159979070","chr10","125503014","125503329","54","34475743"
"chr7","159987170","159987478","chr9","45325979","45326278","44","114661191"
"chr7","159991974","159992263","chr19","13206354","13206649","46","146785620"
"chr7","159994012","159994312","chr4","34374748","34375048","52","125619264"
"chr7","159997724","159998019","chr12","79485299","79485587","40","80512425"
"chr7","160031515","160031750","chr5","97116583","97116815","38","62914932"
"chr7","160040770","160041063","chr1","79679501","79679797","47","80361269"
"chr7","160060140","160060381","chr5","83964311","83964551","45","76095829"
"chr7","160060898","160061217","chr12","100817634","100817942","53","59243264"
"chr7","160129823","160130106","chr1","77745311","77745604","55","82384512"
"chr7","160131024","160131125","chr22","9524252","9524354","18","150606772"
"chr7","160141184","160141301","chr3","84875338","84875455","19","75265846"
"chr7","160176057","160176352","chrX","18432136","18432433","54","141743921"
"chr7","160460311","160460426","chr3","72030386","72030497","18","88429925"
"chr7","160834213","160834369","chrUn_GL286438","56225","56376","36","160777988"
"chr7","160965095","160965399","chr3","105647422","105647723","49","55317673"
"chr7","160978691","160978966","chr5","8282348","8282619","45","152696343"
"chr7","161020855","161021139","chr1","150781467","150781765","54","10239388"
"chr7","161047001","161047307","chr10","130904127","130904441","53","30142874"
"chr7","161111058","161111317","chr9","111169093","111169350","50","49941965"
"chr7","161151484","161151781","chr12","25906636","25906924","58","135244848"
"chr7","161280716","161281001","chr10","131136653","131136942","47","30144063"
"chr7","161467393","161467524","chr10","131300912","131301040","30","30166481"
"chr7","161467686","161467780","chr13","69133685","69133780","13","92334001"
"chr7","161481005","161481308","chr1","174789033","174789330","56","13308028"
"chr7","161489165","161489465","chr7","42426071","42426356","44","119063094"
"chr7","161527220","161527463","chr2","67089143","67089365","74","94438077"
"chr7","161570920","161571018","chr16","8731789","8731881","13","152839131"
"chr7","161654142","161654434","chr6","3693772","3694066","51","157960370"
"chr7","161735609","161735892","chr5","61376779","61377043","66","100358830"
"chr7","161749579","161749736","chr8","95783496","95783647","42","65966083"
"chr7","161767430","161767600","chr3","85619200","85619375","39","76148230"
"chr7","161771326","161771622","chr20","20348077","20348385","51","141423249"
"chr7","161777583","161777888","chr9","25370370","25370680","49","136407213"
"chr7","162127767","162128065","chr2","66989134","66989436","61","95138633"
"chr8","90308459","90308767","chr3","188437693","188438006","58","98129234"
"chr8","130285283","130285586","chr10","85328669","85328951","65","44956614"
"chr8","16575","16845","chr4","143191279","143191553","61","143174704"
"chr8","17063","17333","chr4","143191279","143191553","61","143174216"
"chr8","65106","65272","chr7","150738655","150738825","32","150673549"
"chr8","69693","69859","chr7","150738655","150738825","32","150668962"
"chr8","70587","70879","chr17","51865054","51865349","52","51794467"
"chr8","155593","155896","chr2","150624041","150624344","42","150468448"
"chr8","368019","368161","chr8","97291270","97291415","23","96923251"
"chr8","451790","452072","chr2","73835190","73835475","47","73383400"
"chr8","514334","514628","chr1","138955688","138955983","41","138441354"
"chr8","533998","534267","chr13","22932466","22932743","63","22398468"
"chr8","621749","622035","chr13","574606","574886","60","47143"
"chr8","968470","968713","chr6","17518137","17518382","53","16549667"
"chr8","1160628","1160937","chrX","63118288","63118597","50","61957660"
"chr8","1536672","1536730","chr5","69549175","69549233","9","68012503"
"chr8","1548148","1548444","chr16","69298418","69298707","60","67750270"
"chr8","1670855","1671164","chr2","1679121","1679426","56","8266"
"chr8","1924993","1925317","chr5","55380182","55380490","72","53455189"
"chr8","1972465","1972690","chr5","124929582","124929800","60","122957117"
"chr8","2289496","2289776","chr13","70428413","70428708","52","68138917"
"chr8","2304308","2304616","chr2","146982644","146982948","52","144678336"
"chr8","2389613","2389921","chr6","21930692","21931000","47","19541079"
"chr8","2421349","2421438","chr13","1860090","1860179","10","561259"
"chr8","2469475","2469770","chr10","80449759","80450058","41","77980284"
"chr8","2698335","2698638","chr15","38323425","38323729","56","35625090"
"chr8","2857947","2858230","chr6","135531665","135531946","58","132673718"
"chr8","3238707","3239016","chr4","17518722","17519032","49","14280015"
"chr8","3473910","3474088","chr5","110926377","110926556","36","107452467"
"chr8","3485296","3485480","chr2","159945609","159945792","41","156460313"
"chr8","3660598","3660891","chr7","155162191","155162474","50","151501593"
"chr8","3761100","3761408","chr6","75230350","75230656","55","71469250"
"chr8","3847224","3847532","chr9","17943911","17944216","52","14096687"
"chr8","3887090","3887395","chr11","119398784","119399089","58","115511694"
"chr8","3901393","3901700","chr3","165915545","165915845","48","162014152"
"chr8","3944602","3944905","chr13","63795202","63795505","64","59850600"
"chr8","4455264","4455320","chr10","57258356","57258416","11","52803092"
"chr8","4613417","4613714","chr1","170771447","170771746","42","166158030"
"chr8","4624317","4624408","chr3","152891346","152891433","13","148267029"
"chr8","4859325","4859435","chr1","52285295","52285404","20","47425970"
"chr8","5250761","5251049","chr6","121722930","121723217","48","116472169"
"chr8","5423041","5423324","chr22","20405152","20405436","53","14982111"
"chr8","5440582","5440875","chr4","71933212","71933503","48","66492630"
"chr8","5466898","5467208","chr5","11540307","11540609","51","6073409"
"chr8","5618445","5618743","chr5","139889919","139890213","43","134271474"
"chr8","5872370","5872664","chr11","8319002","8319278","75","2446632"
"chr8","5905352","5905632","chr9","46777958","46778230","50","40872606"
"chr8","6031049","6031209","chr6","114762508","114762668","34","108731459"
"chr8","6072927","6073064","chr15","61806714","61806849","25","55733787"
"chr8","6091094","6091397","chr2","71331505","71331809","38","65240411"
"chr8","6118718","6119047","chr5","122574581","122574910","58","116455863"
"chr8","6287702","6287981","chr1","171067968","171068241","46","164780266"
"chr8","6294769","6295070","chr13","5959461","5959763","39","335308"
"chr8","6312397","6312684","chr12","107125942","107126232","44","100813545"
"chr8","6347836","6348089","chr2","47506221","47506493","57","41158385"
"chr8","6352337","6352526","chr20","2042129","2042307","38","4310208"
"chr8","6422833","6423148","chr20","21330715","21331025","50","14907882"
"chr8","6465560","6465854","chr1","156644747","156645035","52","150179187"
"chr8","6486285","6486591","chr13","6142255","6142547","47","344030"
"chr8","6490938","6491182","chr22","38052824","38053061","55","31561886"
"chr8","6495089","6495364","chr7","14181724","14181998","55","7686635"
"chr8","6538445","6538606","chr20","22935705","22935869","31","16397260"
"chr8","6622165","6622209","chr20","21911564","21911604","7","15289399"
"chr8","6711773","6712079","chr9","23661122","23661421","46","16949349"
"chr8","6751538","6751844","chr5","153273564","153273871","64","146522026"
"chr8","6754708","6754760","chr5","8695110","8695163","7","1940402"
"chr8","6896199","6896314","chr5","59443788","59443908","17","52547589"
"chr8","6936169","6936470","chr1","170771447","170771746","42","163835278"
"chr8","6941184","6941447","chr7","154950100","154950362","49","148008916"
"chr8","6996976","6997277","chr4","24003495","24003786","49","17006519"
"chr8","7008422","7008558","chr1","202667606","202667740","22","195659184"
"chr8","7055282","7055488","chr14","59881890","59882096","42","52826608"
"chr8","7071215","7071493","chr3","149981130","149981412","52","142909915"
"chr8","7073677","7073977","chr5","116663888","116664187","47","109590211"
"chr8","7076124","7076412","chr7","10555019","10555300","55","3478895"
"chr8","7076884","7077161","chr4","106702443","106702725","44","99625559"
"chr8","7078921","7079043","chr8","73741917","73742040","25","66662996"
"chr8","7086671","7086961","chr2","39828090","39828388","43","32741419"
"chr8","7389253","7389543","chr4","25746204","25746495","39","18356951"
"chr8","7393466","7393773","chr13","7024889","7025204","60","368577"
"chr8","7405936","7406214","chr4","71933212","71933503","55","64527276"
"chr8","7462371","7462491","chr13","7103014","7103129","23","359357"
"chr8","7556406","7556587","chr3","41465056","41465232","36","33908650"
"chr8","7567599","7567904","chr2","146982644","146982948","59","139415045"
"chr8","7670271","7670406","chr22","27391076","27391210","19","19720805"
"chr8","7670407","7670706","chr9","45325979","45326278","47","37655572"
"chr8","7696630","7696902","chr5","108398058","108398331","51","100701428"
"chr8","8199160","8199261","chr12","8535077","8535175","20","335917"
"chr8","8200290","8200403","chr18","26653376","26653485","20","18453086"
"chr8","8282079","8282392","chr2","12763386","12763696","50","4481307"
"chr8","8299033","8299318","chr7","155162191","155162474","43","146863158"
"chr8","8342748","8342991","chr13","7995814","7996053","35","346934"
"chr8","8343289","8343336","chr5","9693350","9693399","6","1350061"
"chr8","8350652","8350926","chr11","16606908","16607183","49","8256256"
"chr8","8466864","8466954","chr2","57064263","57064355","23","48597399"
"chr8","8467142","8467333","chr5","125765250","125765427","35","117298108"
"chr8","8482801","8483094","chr13","8302762","8303056","39","180039"
"chr8","8576549","8576832","chr22","38654238","38654519","42","30077689"
"chr8","8763965","8764056","chr7","47337010","47337098","10","38573045"
"chr8","8789673","8789977","chr10","5645869","5646166","53","3143804"
"chr8","8910015","8910167","chrX","22354256","22354404","26","13444241"
"chr8","8942302","8942596","chr13","8792579","8792878","36","149723"
"chr8","8970651","8970949","chr11","19304678","19304978","42","10334027"
"chr8","9016578","9016881","chr15","64735618","64735919","46","55719040"
"chr8","9399139","9399427","chr5","43880905","43881176","59","34481766"
"chr8","9406444","9406740","chr19","13206354","13206649","42","3799910"
"chr8","9409744","9410051","chr9","105072042","105072344","51","95662298"
"chr8","9436223","9436524","chr2","39815620","39815927","51","30379397"
"chr8","9469872","9470168","chr5","122404661","122404952","47","112934789"
"chr8","9540267","9540577","chr13","26825930","26826228","35","17285663"
"chr8","9612661","9612957","chr4","98746325","98746622","54","89133664"
"chr8","9628204","9628521","chr10","21024965","21025274","54","11396761"
"chr8","9656024","9656184","chr3","188300067","188300229","27","178644043"
"chr8","9780184","9780268","chr2","63885917","63885999","17","54105733"
"chr8","9849869","9850153","chr7","30907560","30907847","48","21057691"
"chr8","9851159","9851423","chr13","26535664","26535927","35","16684505"
"chr8","9852625","9852933","chr7","67355562","67355869","53","57502937"
"chr8","9899005","9899283","chr13","26483504","26483789","45","16584499"
"chr8","9914049","9914329","chr9","111004423","111004700","50","101090374"
"chr8","9919593","9919889","chr15","71322961","71323259","50","61403368"
"chr8","9924224","9924536","chr7","70375823","70376126","51","60451599"
"chr8","9930969","9931240","chr13","26462188","26462456","39","16531219"
"chr8","9942505","9942542","chr3","137057248","137057284","3","127114743"
"chr8","9968046","9968358","chr3","188437693","188438006","67","178469647"
"chr8","9988716","9988795","chr9","90274754","90274831","12","80286038"
"chr8","9991738","9992024","chr14","66027882","66028166","50","56036144"
"chr8","10005073","10005388","chr7","35515798","35516110","53","25510725"
"chr8","10082828","10082968","chr22","10937463","10937596","22","854635"
"chr8","10085042","10085332","chr13","61026131","61026415","47","50941089"
"chr8","10086788","10087088","chr8","44775013","44775313","58","34688225"
"chr8","10109532","10109815","chrX","40344797","40345081","56","30235265"
"chr8","10129129","10129415","chr3","107213898","107214190","51","97084769"
"chr8","10212225","10212487","chr8","105549929","105550192","46","95337704"
"chr8","10258356","10258644","chr13","26015893","26016181","42","15757537"
"chr8","10265975","10266283","chr5","73075939","73076252","45","62809964"
"chr8","10346232","10346537","chr7","70375823","70376126","46","60029591"
"chr8","10411622","10411937","chr9","111202610","111202922","48","100790988"
"chr8","10453852","10454150","chr20","12198433","12198731","50","1744581"
"chr8","10470951","10471049","chr4","155244901","155245012","26","144773950"
"chr8","10525552","10525864","chr13","25775868","25776167","52","15250316"
"chr8","10582731","10583030","chr1","140333436","140333732","46","129750705"
"chr8","10658965","10659185","chr8","4691812","4692036","43","5967153"
"chr8","10727029","10727354","chr11","28125301","28125613","55","17398272"
"chr8","10900768","10901057","chr3","185903920","185904211","46","175003152"
"chr8","10971226","10971512","chr1","155477964","155478248","57","144506738"
"chr8","10980339","10980647","chr9","101280728","101281039","52","90300389"
"chr8","11000151","11000452","chr9","99956407","99956710","39","88956256"
"chr8","11104632","11104935","chr13","97504784","97505088","41","86400152"
"chr8","11229809","11230105","chr13","25171074","25171385","50","13941265"
"chr8","11574864","11575171","chr5","78442568","78442876","55","66867704"
"chr8","11619898","11619989","chr10","99613720","99613801","22","87993822"
"chr8","11705182","11705486","chr1","83869409","83869704","52","72164227"
"chr8","11740877","11741169","chr16","96491193","96491481","46","84750316"
"chr8","11758108","11758391","chr13","24581528","24581811","54","12823420"
"chr8","11841722","11842023","chr9","99956407","99956710","51","88114685"
"chr8","11954140","11954444","chr5","137429989","137430298","50","125475849"
"chr8","12010388","12010669","chr10","99483273","99483561","57","87472885"
"chr8","12048687","12048735","chr1","42299292","42299340","6","30250605"
"chr8","12204470","12204798","chr6","75230350","75230656","73","63025880"
"chr8","12276054","12276322","chr17","19806751","19807028","58","7530697"
"chr8","12408028","12408305","chr12","64103815","64104083","60","51695787"
"chr8","12486120","12486429","chr16","71570137","71570438","54","59084017"
"chr8","12702495","12702791","chr8","74033305","74033599","68","61330810"
"chr8","12750953","12751246","chr13","23498982","23499282","44","10748029"
"chr8","13084124","13084394","chr7","97783372","97783638","57","84699248"
"chr8","13321128","13321417","chr6","17854050","17854340","43","4532922"
"chr8","13426184","13426485","chr1","156644747","156645035","62","143218563"
"chr8","13458167","13458463","chr20","28072061","28072363","55","14613894"
"chr8","13536390","13536508","chr13","22710752","22710871","17","9174362"
"chr8","13602476","13602766","chr11","65834106","65834397","45","52231630"
"chr8","13651566","13651851","chr2","73835190","73835475","49","60183624"
"chr8","13708946","13709257","chr5","91833836","91834146","53","78124890"
"chr8","13792907","13793221","chr4","151238342","151238657","62","137445435"
"chr8","13817695","13817981","chr14","35603139","35603423","48","21785444"
"chr8","13954933","13955243","chr9","120468304","120468608","60","106513371"
"chr8","13971524","13971798","chr7","60579521","60579794","51","46607997"
"chr8","14053268","14053555","chr11","35005482","35005762","65","20952214"
"chr8","14092588","14092891","chr13","22144351","22144647","47","8051763"
"chr8","14223483","14223800","chr13","2909484","2909791","86","11313999"
"chr8","14394272","14394528","chr10","47359793","47360051","53","32965521"
"chr8","14415934","14416243","chr12","105081170","105081479","52","90665236"
"chr8","14702840","14703125","chr13","21525746","21526035","36","6822906"
"chr8","14732194","14732323","chr5","46237390","46237508","39","31505196"
"chr8","14773074","14773380","chr2","71331505","71331809","49","56558431"
"chr8","14812664","14812954","chr10","100408257","100408540","40","85595593"
"chr8","14986242","14986445","chr13","21279312","21279516","35","6293070"
"chr8","15028704","15028995","chr4","48557650","48557940","48","33528946"
"chr8","15288720","15289016","chr7","79082583","79082878","50","63793863"
"chr8","15368114","15368418","chr6","157953621","157953924","44","142585507"
"chr8","15385879","15386185","chr2","71331505","71331809","53","55945626"
"chr8","15409637","15409842","chr4","13640614","13640835","47","1769023"
"chr8","15430926","15431231","chr2","60066861","60067164","55","44635935"
"chr8","15477744","15478041","chrX","18432136","18432433","58","2954392"
"chr8","15506276","15506391","chr12","3088661","3088776","22","12417615"
"chr8","15517540","15517853","chr2","140711844","140712153","55","125194304"
"chr8","15520480","15520786","chr5","4594332","4594638","46","10926148"
"chr8","15529364","15529674","chrX","8396907","8397216","64","7132457"
"chr8","15535651","15535938","chr20","7477077","7477364","45","8058574"
"chr8","15557269","15557536","chr5","100193922","100194188","51","84636653"
"chr8","15571019","15571171","chrX","107840010","107840154","24","92268991"
"chr8","15637082","15637389","chr1","185105558","185105857","61","169468476"
"chr8","15646374","15646675","chr12","110923051","110923358","47","95276677"
"chr8","15683517","15683828","chr16","5681054","5681364","54","10002463"
"chr8","15719638","15719925","chr18","11204017","11204306","46","4515621"
"chr8","15727472","15727768","chr14","69866837","69867141","52","54139365"
"chr8","15770320","15770612","chr2","2218970","2219260","47","13551350"
"chr8","15823054","15823328","chr8","105549929","105550192","56","89726875"
"chr8","15823740","15824046","chr5","120225189","120225498","59","104401449"
"chr8","15868037","15868320","chr14","59195264","59195551","62","43327227"
"chr8","15933580","15933874","chr6","70367906","70368206","57","54434326"
"chr8","16131193","16131470","chr8","97925884","97926162","49","81794691"
"chr8","16194080","16194377","chr1","137317810","137318115","58","121123730"
"chr8","16348193","16348328","chr9","90244835","90244964","30","73896642"
"chr8","16379087","16379380","chr13","19862667","19862967","42","3483580"
"chr8","16407704","16408009","chrUn_GL286435","69026","69328","51","16338678"
"chr8","16464315","16464623","chr2","150624041","150624344","51","134159726"
"chr8","16573909","16574139","chr13","19659838","19660088","51","3085929"
"chr8","16662876","16663181","chr12","45753340","45753642","55","29090464"
"chr8","16795814","16796114","chr13","19438054","19438349","37","2642240"
"chr8","16977508","16977754","chr9","74692529","74692777","57","57715021"
"chr8","16979714","16980009","chr11","97529301","97529595","48","80549587"
"chr8","17118769","17118828","chr11","7852912","7852970","12","9265857"
"chr8","17176458","17176787","chr16","87708754","87709067","57","70532296"
"chr8","17255596","17255887","chrX","122692409","122692705","60","105436813"
"chr8","17292372","17292662","chr12","81500295","81500576","121","64207923"
"chr8","17328724","17329021","chr2","39828090","39828388","45","22499366"
"chr8","17334105","17334385","chr1","193753257","193753540","56","176419152"
"chr8","17428628","17428922","chr12","94624697","94624994","45","77196069"
"chr8","17533953","17534262","chr13","18716958","18717265","64","1183005"
"chr8","17644848","17645144","chr7","32914267","32914558","53","15269419"
"chr8","17731138","17731419","chr13","18508744","18509024","40","777606"
"chr8","17734905","17735207","chr19","27619331","27619631","53","9884426"
"chr8","17740661","17740960","chr3","173712450","173712748","57","155971789"
"chr8","17749083","17749250","chr6","11232362","11232518","30","6516721"
"chr8","17757459","17757752","chr11","23971252","23971543","48","6213793"
"chr8","17777987","17778155","chr17","20201813","20201981","25","2423826"
"chr8","17810542","17810833","chr4","106702443","106702725","52","88891901"
"chr8","17818806","17819111","chr6","118600755","118601054","52","100781949"
"chr8","17883727","17884043","chr2","1940205","1940517","47","15943522"
"chr8","17900386","17900546","chr14","37639787","37639944","38","19739401"
"chr8","17925439","17925735","chr18","9940912","9941208","42","7984527"
"chr8","17967629","17967927","chr12","114854084","114854381","40","96886455"
"chr8","17989857","17990115","chr13","18233697","18233954","39","243840"
"chr8","18026683","18026991","chr9","28648108","28648414","46","10621425"
"chr8","18034507","18034814","chr2","17435825","17436127","44","598682"
"chr8","18075617","18075881","chr15","27497573","27497837","60","9421956"
"chr8","18093111","18093404","chr19","35779479","35779770","46","17686368"
"chr8","18313742","18314044","chr19","17448176","17448478","41","865566"
"chr8","18359737","18360037","chr22","6924836","6925127","47","11434901"
"chr8","18387917","18388199","chr7","120413318","120413600","55","102025401"
"chr8","18426499","18426808","chr13","17714923","17715228","63","711576"
"chr8","18674188","18674487","chrX","51282480","51282768","55","32608292"
"chr8","18788389","18788702","chr4","151238342","151238657","57","132449953"
"chr8","18828021","18828287","chr1","141513493","141513763","48","122685472"
"chr8","18937494","18937782","chr10","117390948","117391236","47","98453454"
"chr8","19169431","19169753","chr2","1940205","1940517","62","17229226"
"chr8","19174453","19174751","chr5","124645645","124645952","63","105471192"
"chr8","19182335","19182634","chr16","93917943","93918236","37","74735608"
"chr8","19214420","19214537","chr13","48746210","48746327","21","29531790"
"chr8","19257708","19258012","chr2","99756788","99757092","53","80499080"
"chr8","19345815","19346123","chr2","39815620","39815927","56","20469805"
"chr8","19510207","19510511","chr13","16673385","16673694","42","2836822"
"chr8","19599925","19600232","chr2","63180548","63180847","52","43580623"
"chr8","19613594","19613904","chr15","32495325","32495639","58","12881731"
"chr8","19636853","19637139","chr2","137499546","137499827","63","117862693"
"chr8","19682051","19682354","chr20","11868686","11868992","57","7813365"
"chr8","19684551","19684860","chr5","55380182","55380490","52","35695631"
"chr8","19746582","19746705","chr13","16925276","16925399","5","2821306"
"chr8","19781336","19781646","chrX","63118288","63118597","41","43336952"
"chr8","19798440","19798737","chr13","16975461","16975765","41","2822979"
"chr8","19815601","19815902","chr15","72516887","72517186","44","52701286"
"chr8","19872237","19872482","chr9","18197010","18197245","56","1675227"
"chr8","19939456","19939745","chr13","16244144","16244434","56","3695312"
"chr8","20009462","20009760","chr13","16158986","16159282","38","3850476"
"chr8","20098268","20098575","chr2","146982644","146982948","52","126884376"
"chr8","20110962","20111274","chr19","38969237","38969539","51","18858275"
"chr8","20128530","20128739","chr6","143828859","143829074","58","123700329"
"chr8","20164470","20164609","chr9","58219431","58219570","22","38054961"
"chr8","20166571","20166877","chr19","17448176","17448478","45","2718395"
"chr8","20187660","20187999","chr11","80544278","80544602","68","60356618"
"chr8","20192849","20193168","chr5","116663888","116664187","57","96471039"
"chr8","20197369","20197675","chr13","15952338","15952636","43","4245031"
"chr8","20206088","20206372","chr5","141618531","141618824","56","121412443"
"chr8","20214463","20214771","chr13","15933212","15933513","37","4281251"
"chr8","20239449","20239736","chr3","106888453","106888738","48","86649004"
"chr8","20280871","20281170","chrUn_GL286397","707432","707725","48","19573439"
"chr8","20288189","20288488","chr13","15867186","15867483","48","4421003"
"chr8","20355187","20355477","chrUn_GL286373","865879","866170","60","19489308"
"chr8","20365302","20365608","chr4","54370195","54370493","44","34004893"
"chr8","20393604","20393901","chr10","41371866","41372162","49","20978262"
"chr8","20459555","20459852","chr4","98746325","98746622","39","78286770"
"chr8","20480517","20480759","chr3","103220863","103221105","44","82740346"
"chr8","20589127","20589436","chr13","15568812","15569132","42","5020315"
"chr8","20612638","20612918","chr10","103345075","103345343","60","82732437"
"chr8","20744006","20744280","chr2","1999284","1999557","54","18744722"
"chr8","20804780","20805090","chr13","15345901","15346204","47","5458879"
"chr8","20820962","20821010","chr20","425472","425522","5","20395490"
"chr8","20824920","20825219","chr10","76904858","76905160","51","56079938"
"chr8","20849066","20849371","chr16","56366912","56367212","55","35517846"
"chr8","20895058","20895375","chr9","25525997","25526295","57","4630939"
"chr8","20896057","20896358","chr22","36166225","36166522","46","15270168"
"chr8","20927657","20927958","chr6","26705666","26705974","56","5778009"
"chr8","20963912","20964218","chr2","146982644","146982948","42","126018732"
"chr8","20986901","20987204","chr5","124645645","124645952","43","103658744"
"chr8","20993238","20993547","chr1","110260245","110260541","59","89267007"
"chr8","20997157","20997476","chr3","53684226","53684544","57","32687069"
"chr8","21005744","21006044","chr1","92541295","92541594","45","71535551"
"chr8","21111937","21112229","chr13","14966177","14966463","47","6145760"
"chr8","21129391","21129677","chr5","108843290","108843570","59","87713899"
"chr8","21208788","21209095","chr1","135282348","135282656","50","114073560"
"chr8","21212430","21212660","chr5","41584316","41584539","45","20371886"
"chr8","21281123","21281283","chr19","37809024","37809187","30","16527901"
"chr8","21284840","21285108","chr5","114230311","114230585","55","92945471"
"chr8","21332371","21332664","chr12","19378912","19379214","52","1953459"
"chr8","21362649","21362942","chr6","7755539","7755830","56","13607110"
"chr8","21470009","21470306","chr9","313539","313832","45","21156470"
"chr8","21586254","21586543","chr10","100757276","100757573","51","79171022"
"chr8","21619802","21620090","chr7","85080523","85080815","45","63460721"
"chr8","21631339","21631628","chr19","43659630","43659919","40","22028291"
"chr8","21753134","21753217","chr14","17187398","17187486","13","4565736"
"chr8","22028072","22028375","chr2","10673170","10673480","44","11354902"
"chr8","22086082","22086322","chr13","14082883","14083138","48","8003199"
"chr8","22112000","22112274","chr2","136541690","136541970","50","114429690"
"chr8","22532522","22532806","chr4","155605212","155605495","49","133072690"
"chr8","22564071","22564319","chr15","49657505","49657761","45","27093434"
"chr8","22564573","22564625","chr7","44116383","44116437","10","21551810"
"chr8","22577899","22578205","chr10","14690438","14690745","52","7887461"
"chr8","22729637","22729927","chr12","18962496","18962777","41","3767141"
"chr8","22859944","22860228","chr5","144164144","144164432","43","121304200"
"chr8","23042439","23042719","chr12","79485299","79485587","54","56442860"
"chr8","23054442","23054725","chr14","80933269","80933560","55","57878827"
"chr8","23064440","23064520","chr5","126099675","126099762","16","103035235"
"chr8","23110337","23110618","chr4","47729514","47729797","42","24619177"
"chr8","23206559","23206869","chr5","11540307","11540609","50","11666252"
"chr8","23210820","23211123","chr1","27962292","27962589","54","4751472"
"chr8","23270821","23271129","chr12","37179701","37180010","48","13908880"
"chr8","23287880","23288002","chr17","73927807","73927929","22","50639927"
"chr8","23288640","23288820","chr13","95908488","95908662","30","72619848"
"chr8","23289633","23289920","chr2","147728720","147729015","53","124439087"
"chr8","23459753","23460049","chr7","25925292","25925587","49","2465539"
"chr8","23487113","23487408","chr13","12672850","12673125","52","10814263"
"chr8","23509908","23510208","chr1","148725735","148726036","52","125215827"
"chr8","23576474","23576603","chr9","90244835","90244964","22","66668361"
"chr8","23648889","23649180","chr3","106011472","106011765","44","82362583"
"chr8","23866938","23867235","chr13","12338394","12338687","50","11528544"
"chr8","23936345","23936604","chr15","42787915","42788180","53","18851570"
"chr8","23971476","23971786","chr9","14396117","14396432","47","9575359"
"chr8","24035683","24035973","chr16","33050386","33050680","49","9014703"
"chr8","24084984","24085265","chr1","193337980","193338276","56","169252996"
"chr8","24129337","24129635","chr9","96353310","96353605","39","72223973"
"chr8","24136700","24136996","chr2","203225383","203225677","42","179088683"
"chr8","24154761","24154922","chr13","48399255","48399401","41","24244494"
"chr8","24168466","24168633","chr13","12030664","12030831","20","12137802"
"chr8","24170540","24170845","chr13","12029245","12029544","42","12141295"
"chr8","24196986","24197284","chr13","12002619","12002923","54","12194367"
"chr8","24219962","24220264","chr9","105072042","105072344","46","80852080"
"chr8","24232727","24233023","chr13","11968978","11969275","43","12263749"
"chr8","24294761","24295072","chrX","39183726","39184034","57","14888965"
"chr8","24330181","24330477","chr12","108797245","108797536","56","84467064"
"chr8","24378019","24378302","chr13","11837829","11838114","54","12540190"
"chr8","24381270","24381557","chr13","11834310","11834591","47","12546960"
"chr8","24432061","24432354","chr13","11786601","11786906","55","12645460"
"chr8","24463266","24463400","chr1","86741299","86741434","22","62278033"
"chr8","24508169","24508306","chr1","173774620","173774755","22","149266451"
"chr8","24530854","24531174","chr16","91138424","91138735","57","66607570"
"chr8","24579270","24579565","chr11","381530","381828","45","24197740"
"chr8","24589712","24590023","chr3","98129428","98129736","58","73539716"
"chr8","24771403","24771708","chr2","150624041","150624344","46","125852638"
"chr8","24890187","24890487","chr13","11370285","11370579","49","13519902"
"chr8","25062131","25062434","chr4","98746325","98746622","46","73684194"
"chr8","25066714","25067025","chr1","140083591","140083907","48","115016877"
"chr8","25078731","25079029","chr13","11210727","11211024","46","13868004"
"chr8","25090276","25090574","chr13","11199115","11199411","36","13891161"
"chr8","25092456","25092750","chr9","99565047","99565352","59","74472591"
"chr8","25263740","25264040","chr2","146982644","146982948","48","121718904"
"chr8","25363494","25363782","chr6","17854050","17854340","52","7509444"
"chr8","25424995","25425297","chr17","24186873","24187179","58","1238122"
"chr8","25820366","25820618","chr16","61675376","61675631","53","35855010"
"chr8","25870969","25871231","chr4","87198004","87198274","46","61327035"
"chr8","25874931","25875193","chr1","168266231","168266495","56","142391300"
"chr8","25896853","25897026","chr12","104996019","104996181","33","79099166"
"chr8","25904434","25904694","chr3","150826402","150826664","43","124921968"
"chr8","25913916","25914214","chr13","10465200","10465500","43","15448716"
"chr8","25953071","25953392","chr5","73075939","73076252","55","47122868"
"chr8","26007190","26007482","chr1","201346514","201346805","42","175339324"
"chr8","26046520","26046832","chr2","1940205","1940517","46","24106315"
"chr8","26120235","26120528","chrX","39454622","39454913","41","13334387"
"chr8","26142528","26142610","chr5","72615428","72615510","13","46472900"
"chr8","26156964","26157268","chr20","19596528","19596833","50","6560436"
"chr8","26231383","26231642","chr13","10133960","10134225","41","16097423"
"chr8","26340105","26340418","chr7","70375823","70376126","45","44035718"
"chr8","26376205","26376519","chr14","45075167","45075466","59","18698962"
"chr8","26380452","26380735","chr13","9982043","9982324","30","16398409"
"chr8","26385586","26385869","chr1","4470943","4471220","58","21914643"
"chr8","26420306","26420599","chr4","161032062","161032360","44","134611756"
"chr8","26444079","26444387","chrX","17705039","17705341","51","8739040"
"chr8","26464064","26464127","chr1","43993016","43993076","15","17528952"
"chr8","26475478","26475794","chr14","32823755","32824065","58","6348277"
"chr8","26546657","26546950","chr13","9795861","9796166","52","16750796"
"chr8","26607045","26607381","chr13","9726689","9727000","60","16880356"
"chr8","26650147","26650451","chr9","85600159","85600457","49","58950012"
"chr8","26666042","26666333","chr11","22994754","22995044","50","3671288"
"chr8","26683751","26684043","chr7","58917227","58917519","57","32233476"
"chr8","26690342","26690637","chr13","9652647","9652946","42","17037695"
"chr8","26742276","26742448","chr5","125765250","125765427","31","99022974"
"chr8","26776025","26776313","chr2","81210706","81211006","47","54434681"
"chr8","26967600","26967713","chr5","84481557","84481668","15","57513957"
"chr8","27039251","27039544","chr22","33711525","33711816","39","6672274"
"chr8","27207339","27207625","chr13","9116736","9117032","39","18090603"
"chr8","27231206","27231507","chr12","45753340","45753642","50","18522134"
"chr8","27239276","27239582","chr11","66635820","66636129","53","39396544"
"chr8","27308769","27309078","chr2","146982644","146982948","48","119673875"
"chr8","27455244","27455397","chr1","202630546","202630688","31","175175302"
"chr8","27466176","27466460","chr3","19993966","19994253","44","7472210"
"chr8","27531790","27532080","chr10","130892828","130893115","40","103361038"
"chr8","27633809","27634111","chr11","19304678","19304978","53","8329131"
"chr8","27919263","27919569","chr13","27761834","27762144","36","157429"
"chr8","28002059","28002105","chr4","23664360","23664406","5","4337699"
"chr8","28024475","28024779","chr3","41454873","41455170","60","13430398"
"chr8","28030187","28030507","chr7","137342012","137342330","63","109311825"
"chr8","28067828","28068125","chr5","83047784","83048085","52","54979956"
"chr8","28090816","28090922","chr12","9612526","9612620","24","18478290"
"chr8","28092950","28093246","chr7","25925292","25925587","42","2167658"
"chr8","28118247","28118387","chr1","76974389","76974524","22","48856142"
"chr8","28118824","28119000","chr6","5699963","5700138","35","22418861"
"chr8","28149750","28149858","chr3","41268370","41268479","17","13118620"
"chr8","28163933","28164220","chr6","119011301","119011592","55","90847368"
"chr8","28164221","28164343","chr4","44720511","44720633","26","16556290"
"chr8","28184000","28184289","chr13","28058785","28059075","42","125215"
"chr8","28201550","28201862","chr11","107864365","107864676","53","79662815"
"chr8","28216673","28216723","chr12","87707451","87707500","8","59490778"
"chr8","28231348","28231613","chr3","173064199","173064453","50","144832851"
"chr8","28319193","28319483","chr19","43659630","43659919","41","15340437"
"chr8","28329893","28330197","chr9","85432402","85432705","45","57102509"
"chr8","28387371","28387659","chrX","46464393","46464684","41","18077022"
"chr8","28420119","28420379","chr1","168266231","168266495","55","139846112"
"chr8","28448667","28448912","chr9","114704790","114705040","49","86256123"
"chr8","28487832","28488127","chr2","147728720","147729015","48","119240888"
"chr8","28568828","28569097","chr1","192828584","192828863","52","164259756"
"chr8","28583487","28583694","chr6","21910209","21910413","43","6673278"
"chr8","28697242","28697549","chr2","169846205","169846509","48","141148963"
"chr8","28702660","28702954","chr13","28582318","28582588","53","120342"
"chr8","28739111","28739252","chr3","68647398","68647534","33","39908287"
"chr8","28797498","28797579","chr2","133062201","133062283","14","104264703"
"chr8","28797890","28798108","chr16","37375412","37375622","36","8577522"
"chr8","28809937","28810096","chr13","28685241","28685404","29","124696"
"chr8","28815709","28816001","chr4","109047974","109048272","48","80232265"
"chr8","28822296","28822513","chr6","25551148","25551366","49","3271148"
"chr8","28852432","28852727","chr11","121470693","121470985","45","92618261"
"chr8","28866799","28867089","chr7","128716091","128716385","49","99849292"
"chr8","28867736","28868053","chrX","38848777","38849093","67","9981041"
"chr8","28895803","28896094","chr6","153544978","153545270","61","124649175"
"chr8","28897047","28897345","chr4","44576155","44576457","53","15679108"
"chr8","28922610","28922851","chr13","28809914","28810153","53","112696"
"chr8","28945190","28945471","chr1","183739489","183739770","52","154794299"
"chr8","29005497","29005800","chr10","94235006","94235309","61","65229509"
"chr8","29078553","29078858","chr19","31168814","31169108","52","2090261"
"chr8","29082435","29082738","chr11","82134409","82134707","50","53051974"
"chr8","29144844","29145127","chr13","29047114","29047400","47","97730"
"chr8","29168404","29168708","chr7","62184206","62184506","55","33015802"
"chr8","29285915","29286222","chr9","110062644","110062956","48","80776729"
"chr8","29290902","29291131","chr6","155017363","155017592","37","125726461"
"chr8","29394669","29394965","chr1","200994006","200994301","53","171599337"
"chr8","29547371","29547491","chr17","73927807","73927929","22","44380436"
"chr8","29553210","29553495","chr1","180589014","180589283","61","151035804"
"chr8","29570144","29570432","chr17","28540483","28540776","42","1029661"
"chr8","29639982","29640136","chr12","50187581","50187735","25","20547599"
"chr8","29707054","29707358","chr13","29580633","29580925","50","126421"
"chr8","29772926","29773232","chrX","117763468","117763772","57","87990542"
"chr8","29799134","29799434","chr9","2505816","2506114","51","27293318"
"chr8","30536208","30536505","chr2","164878629","164878927","55","134342421"
"chr8","30658554","30658841","chr9","115857714","115858000","53","85199160"
"chr8","30875532","30875841","chr4","98746325","98746622","57","67870793"
"chr8","30959105","30959395","chr19","27619331","27619631","49","3339774"
"chr8","30993795","30994106","chr6","21900972","21901278","56","9092823"
"chr8","31209936","31210238","chr3","112538165","112538465","53","81328229"
"chr8","31224740","31225021","chr15","73671310","73671594","44","42446570"
"chr8","31235425","31235736","chr2","150624041","150624344","45","119388616"
"chr8","31252227","31252532","chr12","78919016","78919323","50","47666789"
"chr8","31318969","31319104","chr3","99365651","99365791","28","68046682"
"chr8","31320743","31321057","chr14","77613723","77614028","53","46292980"
"chr8","31329624","31329936","chr13","31235266","31235567","45","94358"
"chr8","31334085","31334379","chr12","51888773","51889064","41","20554688"
"chr8","31342907","31343199","chr1","138540632","138540926","56","107197725"
"chr8","31405922","31406185","chr13","31329997","31330269","51","75925"
"chr8","31486135","31486435","chr22","42274761","42275058","46","10788626"
"chr8","31497150","31497462","chr5","55380182","55380490","49","23883032"
"chr8","31498730","31499035","chr12","78762116","78762425","49","47263386"
"chr8","31501597","31501811","chr1","172127347","172127548","45","140625750"
"chr8","31510930","31511215","chr1","186610138","186610422","44","155099208"
"chr8","31513197","31513497","chr11","121541632","121541935","49","90028435"
"chr8","31533079","31533390","chr1","148525814","148526123","49","116992735"
"chr8","31545257","31545465","chr5","44706719","44706918","52","13161462"
"chr8","31545823","31546127","chr10","1666053","1666355","44","29879770"
"chr8","31547538","31547842","chr7","25925292","25925587","50","5622246"
"chr8","31581562","31581850","chr6","135531665","135531946","52","103950103"
"chr8","31606831","31607142","chrX","64172412","64172721","52","32565581"
"chr8","31608647","31608954","chr14","83083786","83084089","51","51475139"
"chr8","31609977","31610280","chr9","14539645","14539946","54","17070332"
"chr8","31622699","31622999","chr13","31535851","31536152","39","86848"
"chr8","31645878","31646145","chr13","31569569","31569837","47","76309"
"chr8","31668092","31668381","chr1","186610138","186610422","47","154942046"
"chr8","31674099","31674389","chr13","31600907","31601214","54","73192"
"chr8","31676604","31676890","chr1","186610138","186610422","47","154933534"
"chr8","31686108","31686381","chrX","29498667","29498948","51","2187441"
"chr8","31694494","31694778","chr4","155605212","155605495","55","123910718"
"chr8","31712986","31713105","chr16","20607964","20608073","30","11105022"
"chr8","31717844","31718129","chr1","116618974","116619261","45","84901130"
"chr8","31735019","31735315","chr12","82715784","82716082","41","50980765"
"chr8","31744134","31744443","chr6","21930692","21931000","44","9813442"
"chr8","31750951","31751238","chr17","67593125","67593399","56","35842174"
"chr8","31754788","31755081","chr12","19339193","19339485","61","12415595"
"chr8","31763750","31764052","chr14","60278913","60279217","48","28515163"
"chr8","31771893","31772089","chr13","31691863","31692050","38","80030"
"chr8","31772119","31772155","chr8","97260104","97260146","15","65487985"
"chr8","31793324","31793628","chr1","185105558","185105857","50","153312234"
"chr8","31899580","31899893","chr13","31820035","31820338","55","79545"
"chr8","31913386","31913678","chr11","125661154","125661449","47","93747768"
"chr8","32162919","32163225","chr14","69866837","69867141","53","37703918"
"chr8","32497017","32497314","chr15","64735618","64735919","50","32238601"
"chr8","32535719","32536017","chr14","915738","916038","54","31619981"
"chr8","32574542","32574849","chr10","100377225","100377531","54","67802683"
"chr8","32575357","32575667","chr6","21930692","21931000","55","10644665"
"chr8","32612275","32612597","chr2","184785301","184785614","62","152173026"
"chr8","32753070","32753396","chr7","35515798","35516110","67","2762728"
"chr8","32833324","32833648","chr14","41135777","41136098","65","8302453"
"chr8","32983785","32983917","chrX","122813075","122813205","28","89829290"
"chr8","33053075","33053366","chr7","58917227","58917519","59","25864152"
"chr8","33174720","33175022","chr4","54370195","54370493","52","21195475"
"chr8","33317942","33318236","chr6","57780653","57780942","42","24462711"
"chr8","33346938","33347195","chr3","106564757","106565021","52","73217819"
"chr8","33424429","33424735","chrX","85991242","85991544","53","52566813"
"chr8","33486246","33486531","chr20","26369514","26369801","60","7116732"
"chr8","33588354","33588663","chr21","50218914","50219220","48","16630560"
"chr8","33689069","33689378","chr12","100817634","100817942","57","67128565"
"chr8","33699189","33699483","chr1","10766791","10767087","50","22932398"
"chr8","33738074","33738378","chr13","33499078","33499382","52","238996"
"chr8","33739984","33740072","chr5","109857525","109857608","13","76117541"
"chr8","33916157","33916442","chr12","56194707","56194993","52","22278550"
"chr8","34119699","34119990","chr14","18637585","18637873","40","15482114"
"chr8","34134914","34135195","chr12","64546985","64547274","37","30412071"
"chr8","34251155","34251248","chr12","55015800","55015893","18","20764645"
"chr8","34376147","34376421","chr13","34108458","34108742","44","267689"
"chr8","34410808","34411096","chr13","34142237","34142532","52","268571"
"chr8","34514101","34514383","chr2","129366869","129367166","54","94852768"
"chr8","34578198","34578480","chr4","13710727","13711000","63","20867471"
"chr8","34975389","34975680","chr13","34657323","34657615","44","318066"
"chr8","35072234","35072571","chr8","94433473","94433795","67","59361239"
"chr8","35630095","35630387","chr4","109047974","109048272","59","73417879"
"chr8","35639798","35640080","chr22","38654238","38654519","49","3014440"
"chr8","35806153","35806440","chr20","7477077","7477364","41","28329076"
"chr8","35874459","35874745","chr1","156890249","156890536","47","121015790"
"chr8","35881297","35881573","chr8","89599781","89600052","46","53718484"
"chr8","35881575","35881624","chr2","47023538","47023584","7","11141963"
"chr8","35972368","35972674","chr5","120225189","120225498","44","84252821"
"chr8","36008743","36009055","chr20","11868686","11868992","48","24140057"
"chr8","36010650","36010958","chr3","117540807","117541109","43","81530157"
"chr8","36023168","36023470","chr2","1940205","1940517","52","34082963"
"chr8","36071092","36071297","chrX","40194360","40194570","44","4123268"
"chr8","36102787","36103074","chr1","123730185","123730472","44","87627398"
"chr8","36167237","36167368","chr2","137914276","137914406","20","101747039"
"chr8","36190763","36191079","chr2","1940205","1940517","65","34250558"
"chr8","36221966","36222270","chr2","150624041","150624344","40","114402075"
"chr8","36236889","36237196","chr1","170771447","170771746","44","134534558"
"chr8","36239272","36239568","chr13","35893082","35893375","45","346190"
"chr8","36288223","36288517","chr16","93802673","93802970","46","57514450"
"chr8","36292497","36292743","chr20","11729288","11729543","57","24563209"
"chr8","36326874","36327041","chr10","48552161","48552342","39","12225287"
"chr8","36475410","36475542","chr13","36117736","36117865","19","357674"
"chr8","36477405","36477691","chr2","131501585","131501869","45","95024180"
"chr8","36500644","36500719","chr15","16134962","16135039","9","20365682"
"chr8","36607943","36608151","chr13","36261401","36261599","35","346542"
"chr8","36698412","36698705","chr12","51888773","51889064","37","15190361"
"chr8","36711730","36711861","chr9","44740587","44740719","19","8028857"
"chr8","36712138","36712308","chr20","1976364","1976531","33","34735774"
"chr8","36744705","36744893","chr5","395104","395283","43","36349601"
"chr8","36801306","36801601","chrX","22871560","22871854","52","13929746"
"chr8","36803947","36804256","chr15","37932298","37932608","40","1128351"
"chr8","37070765","37071062","chr4","71933212","71933503","48","34862447"
"chr8","37193096","37193324","chr13","36859019","36859250","32","334077"
"chr8","37232454","37232748","chr5","38842722","38843017","50","1610268"
"chr8","37274575","37274862","chr5","52276617","52276902","40","15002042"
"chr8","37357904","37358184","chr3","187867987","187868264","60","150510083"
"chr8","37499915","37500000","chr18","9490831","9490914","14","28009084"
"chr8","37646264","37646527","chr11","96641586","96641863","69","58995322"
"chr8","37685547","37685639","chr5","1395300","1395386","20","36290247"
"chr8","37861979","37862289","chr2","153101242","153101552","64","115239263"
"chr8","38188514","38188596","chr2","6525897","6525977","18","31662617"
"chr8","38227849","38228149","chr14","98609310","98609611","48","60381461"
"chr8","38249495","38249669","chr11","21050176","21050351","30","17199319"
"chr8","38273414","38273724","chr13","37809967","37810278","49","463447"
"chr8","38308805","38308908","chr9","101034495","101034600","22","62725690"
"chr8","38353495","38353774","chr1","186610138","186610422","49","148256643"
"chr8","38492674","38492951","chr14","34447912","34448185","49","4044762"
"chr8","38503753","38504051","chr3","165915545","165915845","42","127411792"
"chr8","39237634","39237926","chr15","30758763","30759050","59","8478871"
"chr8","39321113","39321412","chr5","3057174","3057476","54","36263939"
"chr8","39325695","39325964","chr1","59579632","59579904","37","20253937"
"chr8","39371892","39372163","chr14","32863987","32864257","52","6507905"
"chr8","39498845","39499130","chr13","60863950","60864237","47","21365105"
"chr8","39523901","39524189","chr13","38975786","38976069","46","548115"
"chr8","39578745","39579065","chr4","151238342","151238657","53","111659597"
"chr8","39694904","39695086","chr5","38345761","38345938","47","1349143"
"chr8","39762356","39762650","chrX","122140594","122140885","42","82378238"
"chr8","39762977","39763173","chr5","43675787","43675981","41","3912810"
"chr8","39768920","39769146","chr11","120331998","120332232","56","80563078"
"chr8","39787108","39787415","chr4","54370195","54370493","48","14583087"
"chr8","39788742","39788862","chr13","48746210","48746327","19","8957468"
"chr8","39826649","39826781","chr2","8435393","8435522","13","31391256"
"chr8","39943359","39943623","chr1","183265758","183266022","49","143322399"
"chr8","39961230","39961518","chr12","36903935","36904218","54","3057295"
"chr8","39980131","39980429","chr13","36232484","36232778","42","3747647"
"chr8","40179389","40179549","chr14","1187059","1187217","30","38992330"
"chr8","40243660","40243915","chr8","93750596","93750840","48","53506936"
"chr8","40268606","40268828","chr22","35745701","35745925","40","4522905"
"chr8","40287884","40288202","chr17","8532344","8532646","70","31755540"
"chr8","40357293","40357576","chr13","39888685","39888944","58","468608"
"chr8","40371935","40372232","chr16","69239583","69239880","46","28867648"
"chr8","40381110","40381405","chr13","40188410","40188716","41","192700"
"chr8","40404569","40404874","chr3","151868207","151868509","47","111463638"
"chr8","40445503","40445814","chr11","107864365","107864676","55","67418862"
"chr8","40485407","40485518","chr22","23361764","23361873","26","17123643"
"chr8","40485549","40485664","chr16","20607964","20608073","23","19877585"
"chr8","40488552","40488865","chr5","114223635","114223941","50","73735083"
"chr8","40503419","40503709","chr19","12425591","12425876","57","28077828"
"chr8","40538185","40538317","chr8","87780059","87780191","19","47241874"
"chr8","40542445","40542748","chr2","36478057","36478360","46","4064388"
"chr8","40607068","40607242","chr13","26045777","26045941","31","14561291"
"chr8","40608128","40608237","chr10","10224001","10224111","16","30384127"
"chr8","40705028","40705276","chr8","93750596","93750840","42","53045568"
"chr8","40748600","40748859","chr11","108598998","108599249","46","67850398"
"chr8","40766688","40767002","chr2","1940205","1940517","55","38826483"
"chr8","40794047","40794289","chr13","40587104","40587344","28","206943"
"chr8","40820585","40820810","chr10","81526931","81527140","50","40706346"
"chr8","40944321","40944490","chr1","84887295","84887460","35","43942974"
"chr8","41001101","41001376","chr2","16187668","16187943","51","24813433"
"chr8","41079337","41079631","chr19","11821768","11822062","41","29257569"
"chr8","41121650","41121914","chr5","76408674","76408949","68","35287024"
"chr8","41156964","41157259","chr13","40981803","40982105","51","175161"
"chr8","41178934","41179246","chr10","100757276","100757573","56","59578342"
"chr8","41182074","41182382","chr5","1076646","1076956","54","40105428"
"chr8","41194118","41194404","chr1","116618974","116619261","41","75424856"
"chr8","41230947","41231162","chr16","7276427","7276635","43","33954520"
"chr8","41248390","41248698","chr13","41070645","41070946","55","177745"
"chr8","41282527","41282824","chr2","165291357","165291653","49","124008830"
"chr8","41289279","41289576","chr10","48321055","48321354","52","7031776"
"chr8","41311442","41311696","chr13","41137422","41137679","36","174020"
"chr8","41381796","41382092","chr1","86742621","86742919","48","45360825"
"chr8","41388400","41388672","chr2","134890220","134890504","49","93501820"
"chr8","41469498","41469753","chr15","50846639","50846888","40","9377141"
"chr8","41472244","41472551","chr7","79082583","79082878","57","37610339"
"chr8","41496728","41497021","chr12","107125942","107126232","39","65629214"
"chr8","43073686","43073939","chr19","2025946","2026190","49","41047740"
"chr8","43261512","43261820","chr9","40072917","40073224","57","3188595"
"chr8","43270136","43270433","chr2","203225383","203225677","52","159955247"
"chr8","43380896","43381136","chr9","112454288","112454546","61","69073392"
"chr8","43419796","43420105","chr11","107864365","107864676","58","64444569"
"chr8","43475551","43475593","chr1","187115688","187115727","6","143640137"
"chr8","43517938","43518202","chr6","17275631","17275900","53","26242307"
"chr8","43576431","43576734","chr16","450359","450656","48","43126072"
"chr8","43581650","43581864","chr16","455548","455767","35","43126102"
"chr8","43582031","43582169","chr4","9872496","9872626","29","33709535"
"chr8","43663077","43663361","chr9","102345291","102345577","49","58682214"
"chr8","43677784","43678093","chr2","1940205","1940517","51","41737579"
"chr8","43699234","43699534","chr19","17584267","17584566","55","26114967"
"chr8","43770955","43771025","chr4","134719777","134719842","18","90948822"
"chr8","43819474","43819554","chr1","171824880","171824957","11","128005406"
"chr8","43822024","43822357","chr7","19397030","19397335","88","24424994"
"chr8","43877420","43877694","chr5","11716562","11716853","58","32160858"
"chr8","43907059","43907350","chr9","83573818","83574110","55","39666759"
"chr8","43907356","43907595","chr20","27480","27724","54","43879876"
"chr8","43924435","43924730","chr5","116663888","116664187","40","72739453"
"chr8","43950730","43951037","chr16","71570137","71570438","49","27619407"
"chr8","44046232","44046332","chr3","138036510","138036608","14","93990278"
"chr8","44065094","44065394","chr10","100757276","100757573","47","56692182"
"chr8","44065669","44065957","chr12","20230563","20230858","48","23835106"
"chr8","44123700","44123993","chr5","5039320","5039616","39","39084380"
"chr8","44230998","44231318","chr5","91678600","91678912","60","47447602"
"chr8","44259790","44260101","chr14","33326154","33326465","47","10933636"
"chr8","44362653","44362773","chr1","205933415","205933532","20","161570762"
"chr8","44364340","44364455","chr8","74203698","74203811","15","29839358"
"chr8","44508246","44508372","chr5","40635673","40635797","23","3872573"
"chr8","44582853","44583143","chr9","115476369","115476657","43","70893516"
"chr8","44855976","44856063","chr5","37761156","37761240","17","7094820"
"chr8","44898794","44899099","chr2","59098505","59098807","60","14199711"
"chr8","45499538","45499820","chr8","14859884","14860161","50","30639654"
"chr8","45808394","45808592","chr2","14972011","14972207","42","30836383"
"chr8","46010403","46010691","chr2","2218970","2219260","51","43791433"
"chr8","46274876","46275182","chr6","8374119","8374424","57","37900757"
"chr8","46551106","46551398","chr4","109688568","109688861","41","63137462"
"chr8","46633145","46633458","chrUn_GL287068","3331","3633","48","46629814"
"chr8","46750519","46750836","chr1","121265312","121265615","65","74514793"
"chr8","46838003","46838040","chr4","72669395","72669433","7","25831392"
"chr8","47215056","47215182","chr5","126309136","126309265","19","79094080"
"chr8","47306884","47306995","chr5","84481557","84481668","22","37174673"
"chr8","47449487","47449769","chr5","119334106","119334386","52","71884619"
"chr8","47455928","47456237","chr20","10160789","10161092","52","37295139"
"chr8","47569235","47569511","chr12","107125942","107126232","59","59556707"
"chr8","47730941","47731244","chr13","46294867","46295176","50","1436074"
"chr8","47778674","47778980","chr16","4650326","4650631","38","43128348"
"chr8","47868442","47868743","chr12","82364304","82364606","44","34495862"
"chr8","47876294","47876615","chrX","107560088","107560397","67","59683794"
"chr8","47884457","47884592","chr7","57712853","57712983","20","9828396"
"chr8","48034536","48034852","chr7","120527883","120528184","83","72493347"
"chr8","48103301","48103416","chr5","11603793","11603911","20","36499508"
"chr8","48238192","48238478","chr4","158769812","158770108","40","110531620"
"chr8","48382580","48382860","chr16","5299089","5299376","45","43083491"
"chr8","48382894","48383063","chr6","11232362","11232518","34","37150532"
"chr8","48502218","48502522","chr4","139259106","139259407","43","90756888"
"chr8","48537170","48537484","chr2","146982644","146982948","51","98445474"
"chr8","48581262","48581381","chr9","108671454","108671572","14","60090192"
"chr8","48618047","48618327","chr4","137559641","137559925","48","88941594"
"chr8","48625135","48625409","chr20","27000001","27000276","50","21625134"
"chr8","48653713","48654008","chr3","71082107","71082409","58","22428394"
"chr8","48657036","48657121","chr11","103789110","103789206","21","55132074"
"chr8","48675140","48675425","chr16","5596224","5596507","44","43078916"
"chr8","48696189","48696500","chrX","45890776","45891078","51","2805413"
"chr8","48755023","48755319","chr2","34619911","34620209","45","14135112"
"chr8","48841383","48841688","chr14","79500948","79501249","46","30659565"
"chr8","48858144","48858437","chrX","51282480","51282768","48","2424336"
"chr8","48912748","48913034","chr1","13162324","13162614","44","35750424"
"chr8","48927040","48927347","chr13","100833906","100834215","60","51906866"
"chr8","49011468","49011638","chr20","1976364","1976531","28","47035104"
"chr8","49399055","49399185","chr2","121940755","121940876","24","72541700"
"chr8","49468109","49468246","chr3","87416033","87416170","25","37947924"
"chr8","49478448","49478729","chr1","64689223","64689500","55","15210775"
"chr8","49510015","49510314","chrX","63118288","63118597","48","13608273"
"chr8","49570741","49571041","chr1","175759179","175759474","60","126188438"
"chr8","49626637","49626922","chrX","40344797","40345081","49","9281840"
"chr8","49858515","49858640","chr18","28009905","28010038","23","21848610"
"chr8","49864727","49865024","chr16","6722403","6722693","41","43142324"
"chr8","49878974","49879281","chr4","21602547","21602837","50","28276427"
"chr8","49890570","49890878","chr5","55380182","55380490","62","5489612"
"chr8","49944503","49944778","chr16","6791677","6791970","53","43152826"
"chr8","49961685","49961976","chr4","71933212","71933503","42","21971527"
"chr8","49979111","49979317","chr17","34389949","34390137","61","15589162"
"chr8","49992829","49993115","chr16","6833157","6833444","32","43159672"
"chr8","50079671","50079974","chr14","32553436","32553738","51","17526235"
"chr8","50100373","50100671","chr5","38842722","38843017","55","11257651"
"chr8","50162767","50163033","chr9","105286013","105286291","59","55123246"
"chr8","50169338","50169388","chr4","2144675","2144724","5","48024663"
"chr8","50186744","50187045","chr4","139259106","139259407","53","89072362"
"chr8","50196872","50197176","chr1","77745311","77745604","59","27548439"
"chr8","50216945","50217252","chr7","70375823","70376126","48","20158878"
"chr8","50242114","50242421","chr1","199360645","199360948","51","149118531"
"chr8","50260912","50261213","chrX","122692409","122692705","42","72431497"
"chr8","50310218","50310490","chr17","43302727","43303002","50","7007491"
"chr8","50315110","50315408","chr16","7224758","7225055","41","43090352"
"chr8","50336712","50336780","chr1","173977667","173977727","15","123640955"
"chr8","50358919","50359242","chr9","101280728","101281039","53","50921809"
"chr8","50379409","50379723","chrX","39183726","39184034","48","11195683"
"chr8","50447269","50447551","chr8","110543944","110544225","45","60096675"
"chr8","50503589","50503756","chr2","131597618","131597785","27","81094029"
"chr8","50575261","50575554","chr4","71933212","71933503","50","21357951"
"chr8","50717815","50717930","chrX","81810448","81810556","23","31092633"
"chr8","50868117","50868421","chr3","53266221","53266526","51","2398104"
"chr8","51121092","51121185","chr16","8033324","8033409","17","43087768"
"chr8","51122750","51122897","chrUn_GL287282","1252","1406","35","51121498"
"chr8","51300035","51300321","chr13","9982043","9982324","47","41317992"
"chr8","51332381","51332626","chr9","99688386","99688624","46","48356005"
"chr8","51441499","51441787","chr7","24446538","24446828","50","26994961"
"chr8","51494600","51494890","chr16","8429868","8430166","39","43064732"
"chr8","51524975","51525278","chr1","136803882","136804189","47","85278907"
"chr8","51592498","51592788","chr19","43659630","43659919","48","7932868"
"chr8","51655798","51655923","chr16","8596408","8596528","22","43059390"
"chr8","51773636","51773790","chr6","70520680","70520838","30","18747044"
"chr8","51776328","51776616","chr5","52276617","52276902","46","500289"
"chr8","51800400","51800684","chr12","84460780","84461060","49","32660380"
"chr8","51804421","51804721","chr5","37902121","37902416","48","13902300"
"chr8","51805029","51805330","chr16","8695120","8695417","48","43109909"
"chr8","51812906","51813187","chr19","12425591","12425876","51","39387315"
"chr8","51815563","51815854","chr16","8707141","8707424","42","43108422"
"chr8","51838652","51838950","chr10","101815315","101815616","49","49976663"
"chr8","51867991","51868300","chr1","143602329","143602639","48","91734338"
"chr8","51883027","51883132","chr7","26862538","26862645","14","25020489"
"chr8","51891923","51892241","chr18","2673991","2674299","57","49217932"
"chr8","51933419","51933729","chr13","61919492","61919797","55","9986073"
"chr8","51952464","51952775","chr16","8852867","8853168","49","43099597"
"chr8","52003553","52003677","chr8","93928386","93928509","18","41924833"
"chr8","52045235","52045539","chr16","8942420","8942716","65","43102815"
"chr8","52059553","52059865","chr4","44576155","44576457","64","7483398"
"chr8","52080104","52080403","chr4","18194172","18194463","49","33885932"
"chr8","52085637","52085920","chr16","96491193","96491481","47","44405556"
"chr8","52086774","52087027","chr16","8973173","8973427","35","43113601"
"chr8","52087288","52087331","chr8","97260104","97260146","8","45172816"
"chr8","52089317","52089628","chr5","55380182","55380490","49","3290865"
"chr8","52125450","52125749","chr3","111477906","111478203","41","59352456"
"chr8","52182033","52182220","chr5","110926377","110926556","37","58744344"
"chr8","52214131","52214428","chr16","9078085","9078382","50","43136046"
"chr8","52340202","52340479","chr8","115027333","115027606","45","62687131"
"chr8","52410453","52410739","chr7","155356333","155356616","45","102945880"
"chr8","52931902","52932208","chr3","71082107","71082409","49","18150205"
"chr8","52961890","52962192","chrX","14757652","14757955","50","38204238"
"chr8","52973918","52974227","chr1","155621899","155622213","54","102647981"
"chr8","53030551","53030648","chr16","9930873","9930968","20","43099678"
"chr8","53227806","53227901","chr2","47328935","47329025","23","5898871"
"chr8","53382320","53382605","chr19","38589311","38589602","46","14793009"
"chr8","53451359","53451692","chr9","11059883","11060192","93","42391476"
"chr8","53603952","53604203","chr6","95649445","95649703","50","42045493"
"chr8","53672557","53672862","chr22","1024519","1024830","57","52648038"
"chr8","53850058","53850367","chrX","63118288","63118597","45","9268230"
"chr8","53877433","53877736","chr7","70375823","70376126","41","16498390"
"chr8","53944883","53945186","chr2","39092505","39092804","51","14852378"
"chr8","54207488","54207795","chr4","139259106","139259407","57","85051618"
"chr8","54316821","54317135","chr19","31863283","31863592","53","22453538"
"chr8","54317783","54318064","chr16","10873095","10873362","49","43444688"
"chr8","54448179","54448467","chr15","38910043","38910338","46","15538136"
"chr8","54476693","54476985","chr16","11036672","11036964","46","43440021"
"chr8","54535743","54536029","chr17","8620369","8620656","49","45915374"
"chr8","54625176","54625486","chr12","78919016","78919323","41","24293840"
"chr8","54625776","54626069","chr2","31677356","31677652","48","22948420"
"chr8","54910863","54911173","chr11","66635820","66636129","52","11724957"
"chr8","55070943","55071189","chr7","4182590","4182828","56","50888353"
"chr8","55083827","55083930","chr13","62035859","62035960","18","6952032"
"chr8","55239313","55239583","chr12","54664674","54664934","57","574639"
"chr8","55241560","55241758","chr7","80357805","80358002","33","25116245"
"chr8","55449188","55449450","chr14","45083109","45083365","50","10366079"
"chr8","55582852","55583018","chr1","171525999","171526171","36","115943147"
"chr8","55608397","55608691","chr16","12168693","12168981","52","43439704"
"chr8","55680191","55680488","chr8","74033305","74033599","51","18353114"
"chr8","55748083","55748358","chr16","12320102","12320371","42","43427981"
"chr8","55981594","55981886","chr5","25478684","25478978","54","30502910"
"chr8","56215742","56216038","chr16","12763639","12763940","54","43452103"
"chr8","56221985","56222289","chrUn_GL286217","143262","143564","60","56078723"
"chr8","56226302","56226606","chr11","66635820","66636129","48","10409518"
"chr8","56287563","56287881","chr19","31863283","31863592","65","24424280"
"chr8","56341811","56342103","chr12","37297761","37298055","59","19044050"
"chr8","56389841","56390149","chr5","73075939","73076252","44","16686098"
"chr8","56405831","56406130","chrX","43950412","43950708","46","12455419"
"chr8","56456443","56456738","chr12","107125942","107126232","44","50669499"
"chr8","56487535","56487841","chr19","23351999","23352309","52","33135536"
"chr8","56582275","56582564","chr13","95836072","95836367","62","39253797"
"chr8","56607042","56607195","chr6","154284762","154284910","24","97677720"
"chr8","56615083","56615378","chr15","38910043","38910338","53","17705040"
"chr8","56616420","56616757","chr6","116215103","116215435","82","59598683"
"chr8","56697976","56698051","chr3","152330766","152330840","11","95632790"
"chr8","56910762","56911066","chr10","59662191","59662491","51","2751429"
"chr8","57030821","57031135","chr5","4594332","4594638","60","52436489"
"chr8","57174206","57174492","chr11","23971252","23971543","45","33202954"
"chr8","58006699","58007004","chr22","32340312","32340608","53","25666387"
"chr8","58010053","58010305","chr16","14512369","14512630","58","43497684"
"chr8","58144643","58144947","chr8","106549657","106549965","53","48405014"
"chr8","58348662","58348966","chr9","99956407","99956710","39","41607745"
"chr8","58496696","58496952","chr7","145422407","145422661","56","86925711"
"chr8","58941382","58941659","chr14","69415159","69415427","77","10473777"
"chr8","58954605","58954909","chr5","50537784","50538079","47","8416821"
"chr8","59015188","59015443","chr5","59743213","59743459","49","728025"
"chr8","59055579","59055874","chr16","15488884","15489179","43","43566695"
"chr8","59245968","59246282","chr16","15680745","15681059","45","43565223"
"chr8","59453418","59453710","chr16","15865901","15866184","51","43587517"
"chr8","59647384","59647643","chr11","127485095","127485317","72","67837711"
"chr8","60593745","60594049","chr15","77085877","77086177","57","16492132"
"chr8","61068136","61068430","chr10","45544092","45544391","54","15524044"
"chr8","61100630","61100939","chr9","14396117","14396432","57","46704513"
"chr8","61125892","61126115","chr10","18111773","18111994","34","43014119"
"chr8","61148619","61148814","chr16","17524475","17524671","35","43624144"
"chr8","61257621","61257710","chr1","140414991","140415078","15","79157370"
"chr8","61265679","61265969","chr7","44689617","44689912","47","16576062"
"chr8","61332065","61332158","chr5","1759512","1759601","15","59572553"
"chr8","61480762","61481070","chr10","21024965","21025274","46","40455797"
"chr8","61513773","61514080","chr1","104253890","104254191","43","42740117"
"chr8","61532789","61532946","chr5","124411747","124411903","24","62878958"
"chr8","61563979","61564264","chr7","85080523","85080815","52","23516544"
"chr8","61569316","61569612","chr8","65769668","65769964","45","4200352"
"chr8","61581512","61581562","chr16","17966411","17966461","3","43615101"
"chr8","61583793","61584079","chr19","39401001","39401292","71","22182792"
"chr8","61584923","61585235","chr5","73075939","73076252","50","11491016"
"chr8","61593524","61593786","chr16","17972546","17972802","41","43620978"
"chr8","61611861","61612173","chr16","17990416","17990724","45","43621445"
"chr8","61618111","61618276","chr22","6660273","6660438","24","54957838"
"chr8","61626625","61626731","chr4","151708797","151708894","23","90082172"
"chr8","61677557","61677753","chr16","18052959","18053154","33","43624598"
"chr8","61693498","61693601","chr6","49540378","49540478","19","12153120"
"chr8","61757432","61757726","chr7","77326917","77327209","48","15569485"
"chr8","61858497","61858807","chr13","31405619","31405930","51","30452878"
"chr8","61863225","61863510","chr5","130464290","130464575","53","68601065"
"chr8","61865415","61865716","chr2","203225383","203225677","47","141359968"
"chr8","61912843","61912947","chrX","37109369","37109475","15","24803474"
"chr8","61917634","61917913","chr13","27324158","27324436","55","34593476"
"chr8","62001474","62001778","chr16","18382717","18383021","38","43618757"
"chr8","62034436","62034732","chr9","14539289","14539586","44","47495147"
"chr8","62171961","62172251","chr8","3164270","3164554","46","59007691"
"chr8","62180667","62180933","chr13","10133960","10134225","57","52046707"
"chr8","62228387","62228526","chr2","60312037","60312166","26","1916350"
"chr8","62352854","62353137","chr16","18727624","18727908","38","43625230"
"chr8","62428315","62428545","chr8","50773372","50773617","53","11654943"
"chr8","62491660","62491969","chr16","18874807","18875116","48","43616853"
"chr8","62503263","62503431","chr7","145304308","145304475","35","82801045"
"chr8","62535813","62536108","chr4","54184518","54184816","57","8351295"
"chr8","62593759","62594072","chr16","18974585","18974894","46","43619174"
"chr8","62598967","62599240","chr9","58102610","58102877","47","4496357"
"chr8","62610095","62610179","chr11","16062639","16062725","11","46547456"
"chr8","62647142","62647427","chr1","170771447","170771746","56","108124305"
"chr8","62668133","62668334","chr7","80357805","80358002","40","17689672"
"chr8","62711210","62711503","chr2","203225383","203225677","43","140514173"
"chr8","62714257","62714560","chr22","27052893","27053192","46","35661364"
"chr8","62747934","62748249","chr12","44328089","44328397","57","18419845"
"chr8","62788736","62789001","chr10","103345075","103345343","54","40556339"
"chr8","62791243","62791553","chr12","105065882","105066189","55","42274639"
"chr8","62798581","62798873","chr16","19187844","19188120","48","43610737"
"chr8","62810398","62810660","chr22","17710178","17710452","50","45100220"
"chr8","62845612","62845913","chr5","91678600","91678912","51","28832988"
"chr8","62954449","62954697","chr22","38088588","38088840","56","24865861"
"chr8","62965533","62965846","chr16","19356890","19357201","50","43608643"
"chr8","62971347","62971641","chr10","124970853","124971136","71","61999506"
"chr8","63006933","63007239","chr14","32553436","32553738","48","30453497"
"chr8","63015465","63015741","chr16","19405373","19405636","53","43610092"
"chr8","63085806","63086032","chr4","158956211","158956434","53","95870405"
"chr8","63115819","63116114","chr16","19526569","19526862","32","43589250"
"chr8","63330650","63330948","chr16","19735995","19736286","48","43594655"
"chr8","63332157","63332218","chr3","175488661","175488722","11","112156504"
"chr8","63368992","63369304","chr9","99956407","99956710","45","36587415"
"chr8","63396142","63396438","chr4","137135438","137135728","47","73739296"
"chr8","63422282","63422612","chr16","19826931","19827211","77","43595351"
"chr8","63445959","63446209","chr6","22652998","22653243","39","40792961"
"chr8","63778970","63779266","chr15","71322961","71323259","47","7543991"
"chr8","63919403","63919686","chr13","8793439","8793726","55","55125964"
"chr8","64273557","64273855","chr20","39221245","39221553","58","25052312"
"chr8","64315910","64316188","chr12","115102926","115103208","49","50787016"
"chr8","64743067","64743349","chrY","609280","609564","52","64133787"
"chr8","64932867","64933166","chr3","52365996","52366297","48","12566871"
"chr8","65092967","65093184","chr16","21515556","21515781","37","43577411"
"chr8","65101070","65101140","chr7","44653527","44653596","8","20447543"
"chr8","65227460","65227737","chr7","137412984","137413261","42","72185524"
"chr8","65360159","65360442","chr5","65296228","65296517","52","63931"
"chr8","65693054","65693384","chr4","24714987","24715298","64","40978067"
"chr8","65739614","65739910","chr7","58917227","58917519","51","6822387"
"chr8","65787227","65787534","chr4","108464628","108464932","52","42677401"
"chr8","65811288","65811576","chr20","7477077","7477364","38","58334211"
"chr8","65837764","65838067","chr9","105072042","105072344","53","39234278"
"chr8","65853546","65853680","chr2","63878183","63878318","24","1975363"
"chr8","65913649","65913927","chr12","48770530","48770824","55","17143119"
"chr8","65921806","65921847","chr13","17916728","17916769","5","48005078"
"chr8","65929541","65929675","chr1","181655003","181655139","19","115725462"
"chr8","65962826","65962991","chr14","1187059","1187217","38","64775767"
"chr8","65988311","65988603","chr1","156644747","156645035","41","90656436"
"chr8","66059396","66059620","chr16","22410720","22410929","44","43648676"
"chr8","66063774","66064060","chr9","42661920","42662203","50","23401854"
"chr8","66069146","66069450","chr16","22420395","22420682","48","43648751"
"chr8","66102904","66103149","chr11","106480010","106480237","46","40377106"
"chr8","66177061","66177353","chr5","80121277","80121568","47","13944216"
"chr8","66208296","66208600","chr11","66635820","66636129","48","427524"
"chr8","66315035","66315341","chr5","78442568","78442876","43","12127533"
"chr8","66376370","66376666","chr10","100757276","100757573","44","34380906"
"chr8","66384446","66384729","chr16","22760856","22761146","44","43623590"
"chr8","66467787","66467881","chr4","162630711","162630802","19","96162924"
"chr8","66621060","66621346","chr16","23014278","23014560","34","43606782"
"chr8","66763403","66763709","chr6","75230350","75230656","47","8466947"
"chr8","66772895","66773002","chr10","118139021","118139126","16","51366126"
"chr8","67172985","67173142","chr16","74071211","74071367","24","6898226"
"chr8","67258136","67258445","chr2","147728720","147729015","52","80470584"
"chr8","67302312","67302582","chr9","100952751","100953020","60","33650439"
"chr8","67434846","67435153","chr16","23853706","23854007","45","43581140"
"chr8","67585251","67585533","chr2","134890220","134890504","58","67304969"
"chr8","67714936","67714977","chr19","21906295","21906336","5","45808641"
"chr8","67903896","67904203","chr5","73075939","73076252","56","5172043"
"chr8","68220288","68220589","chr1","170771447","170771746","49","102551159"
"chr8","68401892","68402205","chr14","32553436","32553738","45","35848456"
"chr8","68707953","68708252","chr16","25198370","25198671","39","43509583"
"chr8","68750586","68750886","chr16","25241107","25241394","47","43509479"
"chr8","68758876","68759181","chr9","99956407","99956710","42","31197531"
"chr8","68793981","68794286","chrX","52447418","52447719","45","16346563"
"chr8","68834283","68834595","chr10","14690438","14690745","52","54143845"
"chr8","68867968","68868279","chr11","28125301","28125613","43","40742667"
"chr8","68920214","68920511","chr7","18384707","18385006","43","50535507"
"chr8","68954652","68954956","chr14","76157685","76157986","47","7203033"
"chr8","68958326","68958596","chr2","10706398","10706685","51","58251928"
"chr8","69009572","69009824","chr16","25501831","25502087","41","43507741"
"chr8","69025689","69025741","chr7","1994646","1994700","8","67031043"
"chr8","69065543","69065854","chr16","25532868","25533174","47","43532675"
"chr8","69141186","69141314","chr9","40100176","40100308","23","29041010"
"chr8","69141840","69141853","chr7","72277647","72277659","5","3135807"
"chr8","69142156","69142334","chr9","14473384","14473561","25","54668772"
"chr8","69153333","69153638","chr8","74033305","74033599","60","4879972"
"chr8","69181270","69181577","chr16","25657882","25658179","48","43523388"
"chr8","69228664","69228957","chr7","70258474","70258767","50","1029810"
"chr8","69236458","69236707","chr4","155262110","155262362","52","86025652"
"chr8","69251562","69251661","chr13","71781215","71781315","14","2529653"
"chr8","69318272","69318363","chr13","5410734","5410830","17","63907538"
"chr8","69419280","69419558","chr16","25889856","25890141","53","43529424"
"chr8","69444313","69444607","chr6","119011301","119011592","46","49566988"
"chr8","69504978","69505288","chr2","29646327","29646632","53","39858651"
"chr8","69525026","69525321","chr9","313539","313832","54","69211487"
"chr8","69558713","69559014","chr19","10326259","10326558","52","59232454"
"chr8","69575069","69575349","chr1","148438931","148439211","40","78863862"
"chr8","69594114","69594403","chr13","31674057","31674352","49","37920057"
"chr8","69612831","69613134","chr10","20863520","20863828","57","48749311"
"chr8","69621770","69622068","chr2","67197269","67197565","41","2424501"
"chr8","69625827","69626103","chr9","20842223","20842480","70","48783604"
"chr8","69639442","69639745","chr7","18384707","18385006","60","51254735"
"chr8","69652328","69652633","chr14","83083786","83084089","48","13431458"
"chr8","69658287","69658594","chr10","15316418","15316697","70","54341869"
"chr8","69675975","69676072","chr9","120467837","120467949","25","50791862"
"chr8","69718425","69718708","chr6","116833090","116833381","53","47114665"
"chr8","69723978","69724284","chr3","117540807","117541109","50","47816829"
"chr8","69738060","69738355","chr1","86742621","86742919","47","17004561"
"chr8","69742455","69742737","chr10","9929525","9929811","50","59812930"
"chr8","69750172","69750447","chr16","26400520","26400798","55","43349652"
"chr8","69791484","69791644","chr5","145203005","145203164","27","75411521"
"chr8","69798802","69799101","chr3","142600603","142600893","55","72801801"
"chr8","69799642","69799769","chr16","44442384","44442512","23","25357258"
"chr8","69825163","69825415","chr19","27487643","27487902","48","42337520"
"chr8","69826041","69826093","chr1","190874967","190875019","13","121048926"
"chr8","69834160","69834452","chr16","26496545","26496832","41","43337615"
"chr8","69899294","69899577","chr9","115476369","115476657","55","45577075"
"chr8","70048833","70049135","chr4","54370195","54370493","44","15678638"
"chr8","70391176","70391487","chr10","21024965","21025274","52","49366211"
"chr8","70467941","70468215","chr16","27110690","27110974","52","43357251"
"chr8","70561359","70561675","chr16","27192790","27193105","58","43368569"
"chr8","70940355","70940653","chr12","41624425","41624720","56","29315930"
"chr8","70992213","70992510","chrX","51259545","51259842","39","19732668"
"chr8","71228663","71228963","chr13","63795202","63795505","49","7433461"
"chr8","71275579","71275825","chr6","22652998","22653243","43","48622581"
"chr8","71320578","71320872","chr20","21901222","21901514","48","49419356"
"chr8","71381273","71381566","chr16","27935214","27935498","51","43446059"
"chr8","72168097","72168403","chr7","70375823","70376126","54","1792274"
"chr8","72202925","72203226","chr9","25525997","25526295","55","46676928"
"chr8","72281640","72281927","chr7","25925292","25925587","57","46356348"
"chr8","72338599","72338910","chr17","69045271","69045580","51","3293328"
"chr8","72731034","72731334","chr1","201876884","201877182","59","129145850"
"chr8","73221926","73222224","chr3","150231176","150231486","58","77009250"
"chr8","73457597","73457894","chr12","106749211","106749501","46","33291614"
"chr8","73920361","73920600","chr15","18307656","18307891","53","55612705"
"chr8","74026145","74026472","chr13","29011466","29011786","69","45014679"
"chr8","74200144","74200288","chr10","94677931","94678065","31","20477787"
"chr8","74266221","74266522","chr21","49806208","49806506","62","24460013"
"chr8","74507139","74507424","chr11","122564983","122565264","52","48057844"
"chr8","74701774","74702068","chr5","110562767","110563058","46","35860993"
"chr8","74727299","74727585","chr12","94087297","94087576","59","19359998"
"chr8","74858158","74858465","chr5","55380182","55380490","48","19477976"
"chr8","75036760","75037024","chr11","14682506","14682772","49","60354254"
"chr8","75233845","75234160","chr3","165770119","165770426","65","90536274"
"chr8","75373126","75373428","chr1","117437569","117437874","47","42064443"
"chr8","75377220","75377518","chr5","50537784","50538079","37","24839436"
"chr8","75416028","75416325","chr16","31780989","31781290","47","43635039"
"chr8","75443693","75443988","chr5","5511518","5511810","62","69932175"
"chr8","75448002","75448293","chr1","65119726","65120013","41","10328276"
"chr8","75517371","75517673","chr4","61762579","61762878","45","13754792"
"chr8","75532685","75532994","chr16","31896122","31896431","50","43636563"
"chr8","75534054","75534353","chr2","203225383","203225677","44","127691329"
"chr8","75559912","75560220","chr10","7410350","7410658","47","68149562"
"chr8","75605616","75605915","chr7","25925292","25925587","46","49680324"
"chr8","75612083","75612338","chr7","89996468","89996724","49","14384385"
"chr8","75636455","75636749","chr16","32000267","32000569","51","43636188"
"chr8","75651240","75651531","chr19","35779479","35779770","48","39871761"
"chr8","75670453","75670755","chrUn_GL286217","143262","143564","48","75527191"
"chr8","75701261","75701368","chr22","13859479","13859583","14","61841782"
"chr8","75715710","75716019","chr7","70375823","70376126","38","5339887"
"chr8","75785868","75786141","chr1","167116975","167117247","36","91331107"
"chr8","75833215","75833524","chr2","146982644","146982948","52","71149429"
"chr8","75872630","75872930","chr13","28671122","28671424","63","47201508"
"chr8","75876391","75876727","chr2","91172114","91172447","67","15295723"
"chr8","75889131","75889423","chr7","58917227","58917519","51","16971904"
"chr8","75901319","75901621","chr7","66415134","66415432","41","9486185"
"chr8","75913136","75913262","chr21","35606632","35606765","36","40306504"
"chr8","75992082","75992391","chr7","105830843","105831145","51","29838761"
"chr8","75994669","75994980","chr11","28125301","28125613","47","47869368"
"chr8","76020859","76021028","chr5","133811119","133811288","29","57790260"
"chr8","76021193","76021334","chr10","11781063","11781199","22","64240130"
"chr8","76127616","76127920","chr5","26982913","26983216","52","49144703"
"chr8","76136716","76137023","chr12","28254564","28254868","48","47882152"
"chr8","76138641","76138930","chr2","203225383","203225677","49","127086742"
"chr8","76149101","76149395","chr11","77842357","77842647","66","1693256"
"chr8","76176449","76176759","chr16","32539465","32539772","49","43636984"
"chr8","76182684","76182964","chr12","26527847","26528114","54","49654837"
"chr8","76291655","76291941","chr20","13023485","13023768","48","63268170"
"chr8","76340159","76340459","chr1","170771447","170771746","54","94431288"
"chr8","76518409","76518456","chr6","22129133","22129181","7","54389276"
"chr8","76661646","76661917","chr21","45411951","45412225","55","31249695"
"chr8","76759478","76759638","chr6","11232362","11232518","32","65527116"
"chr8","76796133","76796374","chr16","33160294","33160531","36","43635839"
"chr8","76812207","76812506","chr12","82553157","82553454","40","5740950"
"chr8","76955137","76955340","chr18","2735985","2736189","40","74219152"
"chr8","76967760","76968030","chr21","37469624","37469894","59","39498136"
"chr8","77141293","77141410","chr7","107505166","107505289","17","30363873"
"chr8","77446522","77446819","chrUn_GL286217","143262","143564","42","77303260"
"chr8","77732042","77732303","chr3","106564757","106565021","51","28832715"
"chr8","77750678","77750955","chr2","131392530","131392812","49","53641852"
"chr8","77792936","77793231","chr2","151333028","151333320","58","73540092"
"chr8","77948548","77948822","chr20","12500281","12500551","51","65448267"
"chr8","78036411","78036719","chr14","83083786","83084089","49","5047375"
"chr8","78326928","78327226","chr4","139259106","139259407","52","60932178"
"chr8","78408275","78408323","chr4","31038680","31038729","9","47369595"
"chr8","78688395","78688659","chr19","131155","131422","52","78557240"
"chr8","78808730","78808849","chr7","25086029","25086150","21","53722701"
"chr8","78938153","78938436","chrX","40344797","40345081","42","38593356"
"chr8","79024780","79024823","chr4","23664360","23664406","6","55360420"
"chr8","79590640","79590946","chr2","71331505","71331809","53","8259135"
"chr8","80132630","80132898","chr16","36393453","36393719","43","43739177"
"chr8","80406425","80406717","chr7","135171359","135171656","52","54764934"
"chr8","80537358","80537657","chr6","106194405","106194697","51","25657047"
"chr8","80761516","80761827","chr5","2193404","2193714","52","78568112"
"chr8","80854335","80854639","chrUn_GL286217","143262","143564","39","80711073"
"chr8","80897437","80897733","chr16","37156764","37157056","37","43740673"
"chr8","80935356","80935662","chr16","37186970","37187269","49","43748386"
"chr8","80946568","80946661","chr6","31893763","31893853","16","49052805"
"chr8","80953827","80954113","chr4","25746204","25746495","51","55207623"
"chr8","80991376","80991679","chr1","74734044","74734352","52","6257332"
"chr8","81038700","81038982","chr13","10133960","10134225","58","70904740"
"chr8","81113650","81113868","chr6","118225924","118226145","36","37112274"
"chr8","81124287","81124604","chr17","46226176","46226471","66","34898111"
"chr8","81167089","81167394","chr21","41025095","41025401","48","40141994"
"chr8","81231013","81231301","chr16","37484905","37485197","48","43746108"
"chr8","81238802","81239126","chr6","116215103","116215435","57","34976301"
"chr8","81310332","81310631","chr6","116000566","116000861","52","34690234"
"chr8","81359652","81359751","chr4","146858408","146858506","21","65498756"
"chr8","81393045","81393359","chr10","125503014","125503329","49","44109969"
"chr8","81394748","81394894","chr7","12862608","12862756","23","68532140"
"chr8","81490665","81490968","chr16","37716437","37716742","37","43774228"
"chr8","81505583","81505862","chr10","44811595","44811874","55","36693988"
"chr8","81513910","81514200","chr11","77965713","77965999","55","3548197"
"chr8","81587602","81587900","chr7","54658790","54659088","50","26928812"
"chr8","81592463","81592770","chr6","75230350","75230656","47","6362113"
"chr8","81636558","81636843","chr2","9363059","9363338","53","72273499"
"chr8","81689798","81689948","chr14","32065886","32066034","27","49623912"
"chr8","81719006","81719302","chr20","21484687","21484985","44","60234319"
"chr8","81758645","81758811","chrX","139246899","139247072","45","57488254"
"chr8","81811961","81812257","chr16","38028477","38028777","52","43783484"
"chr8","81842228","81842531","chr4","54370195","54370493","45","27472033"
"chr8","81864094","81864258","chr9","98698276","98698438","50","16834182"
"chr8","81870918","81871231","chr5","73075939","73076252","57","8794979"
"chr8","81882782","81883093","chr9","40684256","40684574","74","41198526"
"chr8","81921090","81921400","chr16","38125183","38125510","56","43795907"
"chr8","81948602","81948890","chr8","97925884","97926162","48","15977282"
"chr8","81972443","81972762","chr2","39815620","39815927","56","42156823"
"chr8","82068120","82068422","chr20","41078863","41079167","52","40989257"
"chr8","82287130","82287433","chr4","152369194","152369500","47","70082064"
"chr8","82307534","82307827","chr7","79794746","79795031","48","2512788"
"chr8","82446869","82447178","chr1","140083591","140083907","53","57636722"
"chr8","82754928","82755230","chr8","26699415","26699723","49","56055513"
"chr8","83260560","83260860","chrX","16102878","16103172","48","67157682"
"chr8","83306317","83306633","chr9","45325979","45326278","64","37980338"
"chr8","83386370","83386686","chrX","17705039","17705341","60","65681331"
"chr8","83430651","83430951","chr6","157953621","157953924","46","74522970"
"chr8","83480530","83480820","chr16","39703031","39703311","53","43777499"
"chr8","83537293","83537584","chr12","51888773","51889064","44","31648520"
"chr8","83599327","83599604","chr22","15724097","15724364","58","67875230"
"chr8","83831966","83832282","chr11","66635820","66636129","64","17196146"
"chr8","83978588","83978895","chr1","136803882","136804189","58","52825294"
"chr8","84114823","84115136","chr9","92955669","92955979","50","8840846"
"chr8","84217357","84217655","chr4","44576155","44576457","53","39641202"
"chr8","84476276","84476572","chr22","27181613","27181911","56","57294663"
"chr8","84502510","84502559","chr4","2144675","2144724","4","82357835"
"chr8","84792344","84792649","chr1","206060001","206060297","47","121267657"
"chr8","84867462","84867786","chr14","6471804","6472122","62","78395658"
"chr8","85310284","85310589","chrX","128696063","128696363","47","43385779"
"chr8","85330562","85330847","chr1","116618974","116619261","43","31288412"
"chr8","85334077","85334394","chr16","41597678","41597970","58","43736399"
"chr8","85343566","85343860","chr7","88697458","88697764","45","3353892"
"chr8","85368636","85368917","chr18","28384958","28385239","49","56983678"
"chr8","85382720","85383014","chr2","137798788","137799086","54","52416068"
"chr8","85481334","85481617","chr11","127537853","127538137","55","42056519"
"chr8","85483819","85484096","chr7","155162191","155162474","56","69678372"
"chr8","85631909","85632202","chr12","91668417","91668709","51","6036508"
"chr8","85649997","85650305","chr12","10884989","10885294","63","74765008"
"chr8","85797824","85798142","chr16","42071294","42071599","50","43726530"
"chr8","85809814","85810099","chr15","6682991","6683268","61","79126823"
"chr8","85863797","85864095","chr12","79485299","79485587","45","6378498"
"chr8","85889669","85889953","chr4","106702443","106702725","48","20812774"
"chr8","86030472","86030762","chr6","39494333","39494622","54","46536139"
"chr8","86647042","86647331","chr6","57780653","57780942","47","28866389"
"chr8","86752430","86752737","chr4","69055872","69056171","51","17696558"
"chr8","86848190","86848507","chr2","39815620","39815927","63","47032570"
"chr8","86986997","86987286","chr1","174970853","174971146","60","87983856"
"chr8","87071689","87071996","chr6","75230350","75230656","56","11841339"
"chr8","87264028","87264331","chr6","21900972","21901278","50","65363056"
"chr8","87356366","87356670","chr14","77613723","77614028","47","9742643"
"chr8","87543853","87544164","chr4","108266511","108266818","55","20722658"
"chr8","87545521","87545636","chr19","11780816","11780932","13","75764705"
"chr8","87706577","87706888","chr19","11726113","11726424","51","75980464"
"chr8","87778704","87778993","chr4","150555920","150556212","52","62777216"
"chr8","87804530","87804822","chr4","98746325","98746622","51","10941795"
"chr8","87868395","87868684","chr13","28096476","28096757","64","59771919"
"chr8","88153897","88154197","chr16","44439513","44439801","55","43714384"
"chr8","88157692","88157835","chr16","44442384","44442512","25","43715308"
"chr8","88272669","88272982","chr1","90920390","90920699","60","2647721"
"chr8","88543912","88544071","chr2","68297028","68297185","49","20246884"
"chr8","88620684","88620725","chr7","47677882","47677921","7","40942802"
"chr8","88790055","88790354","chr16","45094376","45094677","47","43695679"
"chr8","88793675","88793970","chr16","45097994","45098292","38","43695681"
"chr8","89030325","89030617","chrUn_GL286217","143262","143564","45","88887063"
"chr8","89099085","89099372","chr16","45428578","45428867","39","43670507"
"chr8","89113779","89114092","chr9","111202610","111202922","53","22088831"
"chr8","89116400","89116678","chr11","5274208","5274485","50","83842192"
"chr8","89201203","89201466","chr7","86105339","86105612","59","3095864"
"chr8","89215721","89215937","chr6","148243432","148243652","46","59027711"
"chr8","89223633","89223935","chr19","17448176","17448478","42","71775457"
"chr8","89244478","89244805","chr16","45564842","45565144","60","43679636"
"chr8","89278170","89278466","chr4","161032062","161032360","50","71753892"
"chr8","89367932","89368230","chr18","9940912","9941208","52","79427020"
"chr8","89418098","89418273","chr7","92443699","92443860","35","3025601"
"chr8","89468587","89468884","chr22","30337656","30337951","45","59130931"
"chr8","89523794","89524110","chr6","106256295","106256600","57","16732501"
"chr8","89588626","89588878","chr6","8719333","8719597","64","80869293"
"chr8","89600338","89600428","chr4","139264020","139264101","20","49663682"
"chr8","89619965","89620292","chr2","11795961","11796289","69","77824004"
"chr8","89653920","89654228","chr5","73075939","73076252","42","16577981"
"chr8","89687970","89688065","chr22","43292236","43292330","15","46395734"
"chr8","89909837","89909890","chr4","33825430","33825483","12","56084407"
"chr8","89930499","89930811","chr9","25525997","25526295","52","64404502"
"chr8","89937382","89937690","chrX","39183726","39184034","47","50753656"
"chr8","90056435","90056580","chrX","90794543","90794687","25","738108"
"chr8","90066286","90066583","chr6","17854050","17854340","51","72212236"
"chr8","90098354","90098657","chr1","13162324","13162614","57","76936030"
"chr8","90100553","90100845","chr16","46464937","46465228","41","43635616"
"chr8","90102774","90103076","chr7","70375823","70376126","53","19726951"
"chr8","90131542","90131830","chrY","2068478","2068762","47","88063064"
"chr8","90193014","90193278","chr4","55259862","55260125","51","34933152"
"chr8","90222807","90223114","chr5","83138079","83138381","47","7084728"
"chr8","90277473","90277767","chr10","88439024","88439316","49","1838449"
"chr8","90300097","90300395","chr16","6809919","6810217","46","83490178"
"chr8","90310933","90311230","chr16","46659925","46660221","36","43651008"
"chr8","90315145","90315458","chr9","93846579","93846891","53","3531434"
"chr8","90335266","90335560","chr7","134998084","134998381","50","44662818"
"chr8","90348780","90349097","chr12","84261915","84262225","57","6086865"
"chr8","90349361","90349662","chr16","46697203","46697486","52","43652158"
"chr8","90370836","90371123","chr5","116663888","116664187","48","26293052"
"chr8","90407279","90407587","chr12","78919016","78919323","46","11488263"
"chr8","90411075","90411374","chrX","51259545","51259842","39","39151530"
"chr8","90416738","90416787","chr5","9693350","9693399","8","80723388"
"chr8","90422016","90422328","chr2","170825717","170826024","50","80403701"
"chr8","90462804","90463113","chr14","32553436","32553738","49","57909368"
"chr8","90476185","90476464","chr7","61030978","61031258","52","29445207"
"chr8","90501166","90501471","chr6","48814191","48814491","45","41686975"
"chr8","90541304","90541599","chr16","69239583","69239880","43","21301721"
"chr8","90690481","90690523","chr20","21911564","21911604","4","68778917"
"chr8","90718843","90718941","chr11","82052665","82052760","22","8666178"
"chr8","90855570","90855873","chr5","86811507","86811809","56","4044063"
"chr8","90861227","90861530","chr9","122689798","122690105","52","31828571"
"chr8","90885812","90886110","chr4","54370195","54370493","51","36515617"
"chr8","91328358","91328652","chr16","47689364","47689654","51","43638994"
"chr8","91506890","91507193","chr10","98694669","98694969","47","7187779"
"chr8","91763366","91763670","chr11","66635820","66636129","61","25127546"
"chr8","91964478","91964752","chr19","33857908","33858196","54","58106570"
"chr8","92009017","92009318","chr16","77458136","77458438","50","14550881"
"chr8","92099696","92099995","chr7","33547338","33547635","57","58552358"
"chr8","92125273","92125521","chr16","48474516","48474760","50","43650757"
"chr8","92277493","92277774","chr7","33547338","33547635","50","58730155"
"chr8","92299483","92299768","chrX","40300031","40300316","42","51999452"
"chr8","92311162","92311443","chr16","48705143","48705418","54","43606019"
"chr8","92334233","92334510","chr10","48321055","48321354","55","44013178"
"chr8","92335601","92335892","chr10","48321055","48321354","51","44014546"
"chr8","92441980","92442025","chr16","48862850","48862894","4","43579130"
"chr8","92634686","92634988","chrX","90808213","90808515","52","1826473"
"chr8","92692017","92692290","chr1","37267371","37267646","56","55424646"
"chr8","92810211","92810500","chr4","137135438","137135728","28","44325227"
"chr8","92909449","92909743","chr4","44576155","44576457","48","48333294"
"chr8","92945378","92945679","chr8","29283402","29283703","49","63661976"
"chr8","92946053","92946355","chr5","55380182","55380490","48","37565871"
"chr8","92960722","92961001","chr3","187867987","187868264","54","94907265"
"chr8","92976321","92976621","chr7","25925292","25925587","44","67051029"
"chr8","93014886","93015191","chr2","36478057","36478360","46","56536829"
"chr8","93018342","93018513","chr20","1976364","1976531","31","91041978"
"chr8","93019420","93019590","chr7","66406879","66407053","40","26612541"
"chr8","93037021","93037304","chr16","49464767","49465050","44","43572254"
"chr8","93068254","93068558","chr9","25525997","25526295","49","67542257"
"chr8","93069369","93069632","chr17","54382448","54382721","58","38686921"
"chr8","93082944","93083049","chrUn_GL286479","136248","136356","21","92946696"
"chr8","93083807","93084013","chr1","172127347","172127548","41","79043540"
"chr8","93120931","93121058","chr7","25086029","25086150","19","68034902"
"chr8","93124583","93124878","chr1","86742621","86742919","50","6381962"
"chr8","93134143","93134275","chr16","96744407","96744545","20","3610264"
"chr8","93173953","93174262","chr9","101210178","101210488","51","8036225"
"chr8","93177474","93177784","chr1","153331205","153331512","47","60153731"
"chr8","93202015","93202319","chr5","95128904","95129215","40","1926889"
"chr8","93233287","93233597","chr7","19397030","19397335","47","73836257"
"chr8","93314432","93314588","chr9","9309834","9309986","31","84004598"
"chr8","93344257","93344414","chr3","91398887","91399051","39","1945370"
"chr8","93378985","93379271","chr16","96491193","96491481","36","3112208"
"chr8","93424072","93424370","chr16","96442018","96442321","40","3017946"
"chr8","93459710","93460011","chr2","63180548","63180847","50","30279162"
"chr8","93628920","93629204","chr16","96237627","96237903","52","2608707"
"chr8","93632532","93632816","chr8","97925884","97926162","50","4293352"
"chr8","93741009","93741086","chr9","44507265","44507335","15","49233744"
"chr8","94052014","94052309","chr6","119011301","119011592","51","24959287"
"chr8","94097562","94097862","chr16","95735164","95735470","52","1637602"
"chr8","94112505","94112751","chr10","129476469","129476715","51","35363964"
"chr8","94130090","94130398","chrX","64172412","64172721","50","29957678"
"chr8","94139808","94140116","chrX","64172412","64172721","39","29967396"
"chr8","94157911","94158212","chr12","16212093","16212391","46","77945818"
"chr8","94161185","94161356","chr6","129111596","129111770","32","34950411"
"chr8","94172568","94172879","chr16","95673001","95673307","48","1500433"
"chr8","94181833","94182080","chr1","194425674","194425928","50","100243841"
"chr8","94182594","94182638","chr8","97260104","97260146","8","3077510"
"chr8","94221102","94221370","chr1","167116975","167117247","35","72895873"
"chr8","94221785","94222078","chr20","43097513","43097806","45","51124272"
"chr8","94222637","94222775","chr5","92411615","92411750","25","1811022"
"chr8","94231343","94231652","chr5","1076646","1076956","42","93154697"
"chr8","94302919","94303210","chr17","17917209","17917497","54","76385710"
"chr8","94327062","94327364","chr4","98746325","98746622","47","4419263"
"chr8","94357125","94357433","chr9","110062644","110062956","62","15705519"
"chr8","94397704","94397995","chr9","108561006","108561303","54","14163302"
"chr8","94420423","94420713","chr5","126349117","126349408","48","31928694"
"chr8","94426951","94427235","chr7","75067875","75068164","40","19359076"
"chr8","94481466","94481766","chr2","16065594","16065892","51","78415872"
"chr8","94534355","94534659","chr16","95316713","95317006","39","782358"
"chr8","94547228","94547535","chr16","95303300","95303604","54","756072"
"chr8","94583621","94583885","chr2","157023424","157023687","60","62439803"
"chr8","94712104","94712373","chr16","24570836","24571096","54","70141268"
"chr8","94746171","94746432","chr18","31206617","31206876","57","63539554"
"chr8","94809306","94809603","chr16","95069290","95069584","42","259984"
"chr8","94947285","94947592","chr12","17873651","17873957","55","77073634"
"chr8","94964239","94964406","chr4","147622272","147622433","35","52658033"
"chr8","95271132","95271436","chr16","94591213","94591506","43","679919"
"chr8","95319770","95320077","chr9","120468304","120468608","66","25148534"
"chr8","95455558","95455848","chrX","47407382","47407676","41","48048176"
"chr8","95464762","95465044","chr16","94413471","94413765","53","1051291"
"chr8","95468565","95468859","chr16","94408469","94408757","36","1060096"
"chr8","95476327","95476630","chr16","94401942","94402237","35","1074385"
"chr8","95499198","95499512","chr13","36155844","36156159","61","59343354"
"chr8","95518195","95518457","chr9","107284610","107284879","41","11766415"
"chr8","95531495","95531795","chr1","61829783","61830083","65","33701712"
"chr8","95556718","95556971","chr16","94321545","94321796","31","1235173"
"chr8","95572901","95573197","chr3","117540807","117541109","57","21967906"
"chr8","95576935","95577244","chr5","91678600","91678912","47","3898335"
"chr8","95584425","95584722","chr4","25746204","25746495","55","69838221"
"chr8","95595912","95596174","chr16","94292643","94292921","60","1303269"
"chr8","95641738","95642008","chr21","49937596","49937866","54","45704142"
"chr8","95649375","95649663","chr1","174970853","174971146","47","79321478"
"chr8","95676793","95677092","chr16","94207783","94208090","39","1469010"
"chr8","95758800","95759102","chr10","115586657","115586959","45","19827857"
"chr8","95940215","95940470","chr5","80497301","80497555","43","15442914"
"chr8","95944731","95945040","chr16","93947634","93947941","49","1997097"
"chr8","95982094","95982388","chr9","42661920","42662203","54","53320174"
"chr8","95997558","95997835","chr2","35387360","35387629","58","60610198"
"chr8","96024520","96024645","chr1","171740201","171740320","27","75715681"
"chr8","96027974","96028261","chr15","4370856","4371142","46","91657118"
"chr8","96063053","96063375","chr16","93834987","93835305","50","2228066"
"chr8","96065344","96065633","chr19","23703813","23704099","43","72361531"
"chr8","96095781","96096082","chr5","116663888","116664187","47","20568107"
"chr8","96110209","96110485","chrX","66187930","66188205","52","29922279"
"chr8","96132967","96133265","chr15","39981685","39981986","52","56151282"
"chr8","96136444","96136748","chr11","24014752","24015050","42","72121692"
"chr8","96154570","96154693","chr1","205933415","205933532","22","109778845"
"chr8","96163331","96163623","chr16","93782904","93783197","43","2380427"
"chr8","96345395","96345697","chrX","17705039","17705341","49","78640356"
"chr8","96376276","96376575","chr16","93560681","93560971","40","2815595"
"chr8","96472506","96472778","chr5","107761416","107761690","47","11288910"
"chr8","96545062","96545367","chr5","96179767","96180077","41","365295"
"chr8","96709055","96709349","chr1","148374165","148374460","43","51665110"
"chr8","96738952","96739233","chr5","45681457","45681753","65","51057495"
"chr8","96744102","96744393","chr16","93185613","93185892","54","3558489"
"chr8","96768465","96768767","chrX","18432136","18432433","54","78336329"
"chr8","96786594","96786650","chr9","45482552","45482609","14","51304042"
"chr8","96808373","96808672","chr6","95088521","95088821","55","1719852"
"chr8","96913364","96913656","chr8","7701821","7702113","45","89211543"
"chr8","96916537","96916590","chr7","31775082","31775137","5","65141455"
"chr8","96983433","96983744","chr16","92935131","92935441","41","4048302"
"chr8","97101246","97101552","chr16","71570137","71570438","46","25531109"
"chr8","97278135","97278416","chr10","82921268","82921557","42","14356867"
"chr8","97316144","97316440","chr11","24014752","24015050","46","73301392"
"chr8","97321319","97321617","chr1","170771447","170771746","43","73450128"
"chr8","97423212","97423480","chr5","114230311","114230585","56","16807099"
"chr8","97437440","97437737","chr2","17996148","17996446","48","79441292"
"chr8","97523644","97523739","chr22","24071117","24071220","22","73452527"
"chr8","97589840","97590132","chr16","92238485","92238774","46","5351355"
"chr8","97610959","97611186","chr3","110953925","110954139","59","13342966"
"chr8","97631126","97631434","chr5","43258967","43259274","50","54372159"
"chr8","97636740","97636871","chr17","58250524","58250647","29","39386216"
"chr8","97643174","97643455","chr9","53846779","53847056","55","43796395"
"chr8","97649131","97649233","chr1","20863197","20863299","16","76785934"
"chr8","97649263","97649559","chr7","77326917","77327209","44","20322346"
"chr8","97651629","97651687","chr2","108179757","108179814","8","10528128"
"chr8","97676290","97676580","chr8","97925884","97926162","50","249594"
"chr8","97727201","97727480","chrX","52241701","52241982","50","45485500"
"chr8","97799650","97799795","chr15","27660893","27661035","24","70138757"
"chr8","97849137","97849241","chr2","9308951","9309054","14","88540186"
"chr8","97873167","97873469","chr16","91918469","91918765","49","5954698"
"chr8","97877376","97877659","chr12","36903935","36904218","45","60973441"
"chr8","97939786","97940008","chr16","91852730","91852938","42","6087056"
"chr8","97964126","97964429","chr5","83138079","83138381","52","14826047"
"chr8","97983501","97983806","chr7","45579346","45579646","45","52404155"
"chr8","97988416","97988724","chr9","101210178","101210488","52","3221762"
"chr8","98027371","98027684","chr16","91770535","91770839","50","6256836"
"chr8","98030065","98030284","chr2","164877080","164877295","50","66847015"
"chr8","98054907","98054983","chr1","173159223","173159297","10","75104316"
"chr8","98065886","98066132","chr8","50773372","50773617","56","47292514"
"chr8","98067680","98067969","chr5","80121277","80121568","57","17946403"
"chr8","98092898","98093176","chr6","118199412","118199685","74","20106514"
"chr8","98101880","98102184","chr10","115688775","115689073","54","17586895"
"chr8","98139208","98139491","chr13","97658378","97658641","66","480830"
"chr8","98143596","98143888","chr1","110260245","110260541","52","12116649"
"chr8","98157117","98157401","chr8","9198583","9198855","63","88958534"
"chr8","98174152","98174452","chr1","104253890","104254191","45","6079738"
"chr8","98200741","98201050","chr1","83587478","83587788","50","14613263"
"chr8","98256547","98256856","chr2","137711750","137712057","57","39455203"
"chr8","98274509","98274831","chr16","91537105","91537413","52","6737404"
"chr8","98297780","98298073","chr8","72960841","72961131","43","25336939"
"chr8","98301600","98301827","chr1","199541886","199542107","43","101240286"
"chr8","98314808","98315104","chr15","24029162","24029466","53","74285646"
"chr8","98322855","98323107","chr5","99416617","99416862","41","1093762"
"chr8","98504715","98505028","chr16","91138424","91138735","45","7366291"
"chr8","98602859","98603170","chr12","48644281","48644592","58","49958578"
"chr8","98607326","98607609","chr4","106702443","106702725","41","8095117"
"chr8","98709105","98709385","chr5","32225193","32225469","42","66483912"
"chr8","98805385","98805697","chr12","55072261","55072571","55","43733124"
"chr8","99063546","99063651","chr7","74513239","74513329","23","24550307"
"chr8","99188330","99188609","chr5","107761416","107761690","43","8573086"
"chr8","99243536","99243809","chr16","90423601","90423872","34","8819935"
"chr8","99307616","99307921","chr1","168510460","168510747","73","69202844"
"chr8","99354509","99354780","chr11","34993793","34994057","48","64360716"
"chr8","99427596","99427895","chr16","90254497","90254800","50","9173099"
"chr8","99468512","99468747","chr2","61748866","61749092","47","37719646"
"chr8","99479799","99480109","chr16","90201990","90202291","51","9277809"
"chr8","99486622","99486919","chr16","90197047","90197353","48","9289575"
"chr8","99523114","99523422","chr16","90160190","90160499","46","9362924"
"chr8","99542531","99542841","chr2","1940205","1940517","38","97602326"
"chr8","99573570","99573867","chr8","38105332","38105618","43","61468238"
"chr8","99714206","99714517","chrX","63118288","63118597","54","36595918"
"chr8","99747526","99747817","chr12","107125942","107126232","43","7378416"
"chr8","99887972","99888227","chr7","79937277","79937526","50","19950695"
"chr8","99939907","99940220","chr15","37932298","37932608","47","62007609"
"chr8","100052080","100052381","chr15","72516887","72517186","47","27535193"
"chr8","100346511","100346830","chr5","124645645","124645952","56","24299134"
"chr8","100440530","100440810","chr9","111169093","111169350","65","10728563"
"chr8","100657024","100657313","chr1","210193116","210193409","43","109536092"
"chr8","101004658","101004950","chr14","13871396","13871677","60","87133262"
"chr8","101365999","101366273","chr11","115294455","115294737","50","13928456"
"chr8","101424104","101424411","chr1","165963120","165963425","57","64539016"
"chr8","101579567","101579845","chrX","52241701","52241982","49","49337866"
"chr8","101671017","101671299","chr13","10247200","10247479","45","91423817"
"chr8","101706173","101706316","chr13","39713241","39713378","25","61992932"
"chr8","101805173","101805492","chr5","73075939","73076252","56","28729234"
"chr8","101859447","101859749","chr7","88697458","88697764","50","13161989"
"chr8","101863129","101863436","chr11","122686903","122687200","50","20823774"
"chr8","102134197","102134486","chr16","87486498","87486786","43","14647699"
"chr8","102573195","102573470","chr5","84224125","84224390","55","18349070"
"chr8","102592626","102592867","chr16","86998803","86999043","34","15593823"
"chr8","102711171","102711505","chr10","6094557","6094896","63","96616614"
"chr8","102816862","102816947","chr22","11786497","11786582","12","91030365"
"chr8","102841154","102841437","chr4","106702443","106702725","52","3861289"
"chr8","102976199","102976491","chr4","116015835","116016124","58","13039636"
"chr8","102982120","102982411","chr11","65700168","65700463","48","37281952"
"chr8","102993367","102993662","chr16","86595374","86595666","35","16397993"
"chr8","103003352","103003635","chr3","170772436","170772722","60","67769084"
"chr8","103128165","103128490","chr16","86434602","86434911","58","16693563"
"chr8","103192097","103192394","chr5","93719639","93719929","50","9472458"
"chr8","103433150","103433457","chr13","83854256","83854566","59","19578894"
"chr8","103475739","103476044","chr2","71331505","71331809","43","32144234"
"chr8","103492918","103492997","chr2","130459575","130459659","13","26966657"
"chr8","103766493","103766829","chr6","116215103","116215435","76","12448610"
"chr8","104037398","104037672","chr16","49225932","49226206","49","54811466"
"chr8","104143133","104143406","chr10","32038854","32039122","47","72104279"
"chr8","104169927","104170219","chr2","97711091","97711382","58","6458836"
"chr8","104273487","104273785","chr9","101936901","101937198","42","2336586"
"chr8","104382388","104382666","chr5","74143503","74143777","50","30238885"
"chr8","104449868","104450149","chr8","110543944","110544225","45","6094076"
"chr8","104537061","104537367","chr10","1666053","1666355","57","102871008"
"chr8","104612753","104613054","chr10","115997344","115997634","53","11384591"
"chr8","104623952","104624270","chr4","109809829","109810146","67","5185877"
"chr8","105126717","105126837","chr9","18648101","18648220","15","86478616"
"chr8","105409203","105409529","chr2","169129486","169129808","76","63720283"
"chr8","105522318","105522622","chr14","32823755","32824065","57","72698563"
"chr8","105543164","105543456","chr22","24317796","24318084","54","81225368"
"chr8","105548466","105548770","chr12","51652419","51652716","60","53896047"
"chr8","105832671","105832736","chr14","65247469","65247534","6","40585202"
"chr8","105902197","105902314","chr16","83643368","83643485","12","22258829"
"chr8","106081173","106081491","chr2","146982644","146982948","62","40901471"
"chr8","106439375","106439432","chr15","70862678","70862734","10","35576697"
"chr8","106598814","106598982","chr12","23177249","23177413","34","83421565"
"chr8","106735906","106736192","chr5","85892770","85893056","46","20843136"
"chr8","106924977","106925281","chr2","153267314","153267618","59","46342337"
"chr8","106986387","106986691","chr19","17467082","17467379","55","89519305"
"chr8","106995902","106996191","chr16","87804324","87804615","62","19191578"
"chr8","107089101","107089402","chr6","121802757","121803058","48","14713656"
"chr8","107152683","107152946","chr1","96557250","96557508","57","10595433"
"chr8","107439859","107440158","chr16","82162342","82162640","33","25277517"
"chr8","107605536","107605630","chr2","162521216","162521308","13","54915680"
"chr8","107628830","107629128","chr20","32254809","32255104","50","75374021"
"chr8","107640614","107640725","chr4","74220185","74220296","17","33420429"
"chr8","107730694","107731002","chr16","81820728","81821029","55","25909966"
"chr8","108064863","108064909","chr7","67263103","67263151","6","40801760"
"chr8","108129984","108130286","chr4","152138638","152138953","57","44008654"
"chr8","108315336","108315644","chr2","8714186","8714498","58","99601150"
"chr8","108770920","108771197","chr16","80867968","80868246","47","27902952"
"chr8","109101868","109102128","chr10","85104068","85104320","51","23997800"
"chr8","109201400","109201629","chr14","29677321","29677551","49","79524079"
"chr8","109250184","109250482","chr1","83536268","83536570","51","25713916"
"chr8","109540464","109540756","chr2","67847090","67847384","51","41693374"
"chr8","109964689","109964966","chr10","61716560","61716838","43","48248129"
"chr8","110001150","110001453","chr5","41268769","41269073","58","68732381"
"chr8","110134295","110134589","chr3","149325428","149325723","40","39191133"
"chr8","110316383","110316673","chr2","2218970","2219260","43","108097413"
"chr8","111031188","111031474","chr1","180589014","180589283","60","69557826"
"chr8","111051315","111051625","chr9","101210178","101210488","45","9841137"
"chr8","111058524","111058784","chr13","60759063","60759326","41","50299461"
"chr8","111365689","111365955","chr5","128664686","128664943","56","17298997"
"chr8","111412550","111412831","chr12","107202488","107202776","50","4210062"
"chr8","111431744","111432048","chr12","90860286","90860594","39","20571458"
"chr8","111472131","111472408","chr1","116618974","116619261","46","5146843"
"chr8","111529050","111529355","chr2","18141586","18141890","49","93387464"
"chr8","111580840","111581151","chr20","38639419","38639722","58","72941421"
"chr8","111645927","111646207","chr1","156825958","156826241","62","45180031"
"chr8","111692762","111693050","chr11","19304678","19304978","56","92388084"
"chr8","111723443","111723666","chr22","35745701","35745925","40","75977742"
"chr8","111778204","111778500","chrX","107561323","107561629","59","4216881"
"chr8","111821855","111822146","chr16","77956421","77956713","49","33865434"
"chr8","111893510","111893802","chr2","35126773","35127064","51","76766737"
"chr8","111903866","111904166","chr15","65373061","65373365","55","46530805"
"chr8","112063959","112064259","chr16","77725496","77725796","55","34338463"
"chr8","112120219","112120512","chr3","3161578","3161876","45","108958641"
"chr8","112331478","112331782","chr4","139259106","139259407","45","26927628"
"chr8","112543892","112544166","chr7","57395182","57395453","49","55148710"
"chr8","112546356","112546649","chr13","95836072","95836367","45","16710284"
"chr8","112607006","112607334","chr2","71331505","71331809","71","41275501"
"chr8","112782893","112783191","chr16","77012326","77012624","31","35770567"
"chr8","112784816","112785127","chr9","99956407","99956710","43","12828409"
"chr8","112809218","112809497","chr7","73090917","73091192","55","39718301"
"chr8","112828533","112828836","chr16","76967190","76967492","40","35861343"
"chr8","112855136","112855447","chr11","28125301","28125613","54","84729835"
"chr8","112897913","112898217","chr16","19278860","19279164","50","93619053"
"chr8","112937962","112938274","chr9","92955669","92955979","49","19982293"
"chr8","112964631","112964943","chrX","45890776","45891078","56","67073855"
"chr8","112969274","112969582","chr9","108638571","108638873","58","4330703"
"chr8","112985233","112985524","chr13","26468413","26468704","51","86516820"
"chr8","112999378","112999676","chr3","137276486","137276784","49","24277108"
"chr8","113058410","113058679","chr5","107761416","107761690","45","5296994"
"chr8","113098774","113099080","chr6","75230350","75230656","49","37868424"
"chr8","113112993","113113287","chr2","147728720","147729015","46","34615727"
"chr8","113233244","113233540","chr4","24003495","24003786","77","89229749"
"chr8","113250416","113250726","chr17","23811331","23811638","45","89439085"
"chr8","113323749","113324036","chr15","62035100","62035387","42","51288649"
"chr8","113340605","113340896","chr16","76583426","76583710","49","36757179"
"chr8","113362892","113363187","chr16","76557126","76557427","45","36805766"
"chr8","113645098","113645403","chr16","76265004","76265290","62","37380094"
"chr8","113761674","113761961","chr16","76142672","76142955","48","37619002"
"chr8","113942763","113943069","chr1","10455735","10456039","52","103487028"
"chr8","114049767","114050062","chr7","50803128","50803418","48","63246639"
"chr8","114081443","114081721","chr2","57107633","57107902","60","56973810"
"chr8","114195098","114195384","chr5","119334106","119334386","80","5139008"
"chr8","114401340","114401651","chr1","156786679","156786993","65","42385339"
"chr8","114510414","114510705","chr1","138540632","138540926","43","24030218"
"chr8","114555996","114556293","chr7","128807059","128807349","68","14251063"
"chr8","114596781","114597065","chr16","75259113","75259400","48","39337668"
"chr8","114617890","114618180","chr7","120527883","120528184","56","5909993"
"chr8","114619181","114619489","chr14","32553436","32553738","40","82065745"
"chr8","114634994","114635262","chr2","43194973","43195242","43","71440021"
"chr8","114685796","114685971","chr10","48552161","48552342","35","66133635"
"chr8","114728774","114729018","chr5","61618994","61619252","52","53109780"
"chr8","114753336","114753647","chr7","20593863","20594174","47","94159473"
"chr8","114791018","114791308","chr5","139889919","139890213","43","25098901"
"chr8","114803654","114803979","chr12","48644281","48644592","66","66159373"
"chr8","114832961","114833293","chr4","110031628","110031905","99","4801333"
"chr8","114839621","114839931","chr9","101210178","101210488","48","13629443"
"chr8","114882720","114883022","chr4","139259106","139259407","52","24376386"
"chr8","114887350","114887657","chr5","78565303","78565608","59","36322047"
"chr8","114888553","114888835","chr7","130542619","130542916","58","15654066"
"chr8","114899254","114899564","chr4","126062982","126063287","52","11163728"
"chr8","114914335","114914625","chr7","6078937","6079231","59","108835398"
"chr8","114938191","114938488","chr12","82553157","82553454","42","32385034"
"chr8","114984273","114984353","chr5","138325968","138326047","18","23341695"
"chr8","114993516","114993822","chr11","16106669","16106980","60","98886847"
"chr8","114995118","114995430","chr5","73075939","73076252","44","41919179"
"chr8","115031354","115031637","chr9","46777958","46778230","61","68253396"
"chr8","115036608","115036900","chr6","121802757","121803058","51","6766149"
"chr8","115042274","115042572","chr4","158769812","158770108","39","43727538"
"chr8","115075316","115075399","chr1","139721978","139722061","20","24646662"
"chr8","115091399","115091445","chr20","17776029","17776075","7","97315370"
"chr8","115124884","115125162","chr11","35005482","35005762","52","80119402"
"chr8","115133576","115133847","chr5","72712443","72712712","57","42421133"
"chr8","115140748","115141050","chr11","20660382","20660686","50","94480366"
"chr8","115158413","115158705","chrX","40300031","40300316","45","74858382"
"chr8","115488451","115488754","chr1","152570018","152570318","52","37081567"
"chr8","115555149","115555482","chr16","74270685","74270989","69","41284464"
"chr8","115556734","115556894","chr16","74271538","74271698","32","41285196"
"chr8","115593394","115593479","chr5","1395300","1395386","13","114198094"
"chr8","115727605","115727895","chr19","43659630","43659919","41","72067975"
"chr8","115809103","115809412","chr11","28125301","28125613","48","87683802"
"chr8","116024850","116025147","chr16","73788932","73789234","50","42235918"
"chr8","116343586","116343874","chr1","65119726","65120013","51","51223860"
"chr8","116360602","116360861","chr5","72712443","72712712","56","43648159"
"chr8","116658240","116658551","chr21","41025095","41025401","49","75633145"
"chr8","116714975","116715225","chr19","44917964","44918205","47","71797011"
"chr8","116830522","116830768","chr5","44606303","44606540","42","72224219"
"chr8","117066769","117067069","chr2","36042210","36042508","48","81024559"
"chr8","117102207","117102497","chr3","137448346","137448639","46","20346139"
"chr8","117124870","117125171","chr9","108638571","108638873","45","8486299"
"chr8","117128379","117128623","chr22","38052824","38053061","51","79075555"
"chr8","117566538","117566832","chr22","41886502","41886799","44","75680036"
"chr8","117608722","117608794","chr5","60871844","60871917","13","56736878"
"chr8","117673892","117674170","chr10","122004538","122004820","56","4330646"
"chr8","117690342","117690646","chr2","150624041","150624344","50","32933699"
"chr8","117778862","117779172","chr1","203450583","203450890","55","85671721"
"chr8","117817468","117817771","chr7","70375823","70376126","47","47441645"
"chr8","117944358","117944603","chr18","5187600","5187840","54","112756758"
"chr8","117981056","117981340","chr12","22451622","22451913","46","95529434"
"chr8","118015600","118015881","chr2","95639705","95639985","49","22375895"
"chr8","118064587","118064869","chr1","148438931","148439211","52","30374344"
"chr8","118102299","118102596","chr15","71322961","71323259","42","46779338"
"chr8","118104978","118105263","chr8","38105332","38105618","57","79999646"
"chr8","118153424","118153689","chr2","4378379","4378657","61","113775045"
"chr8","118194932","118195242","chr4","144410445","144410761","56","26215513"
"chr8","118223494","118223787","chr4","44371451","44371741","44","73852043"
"chr8","118228321","118228367","chr1","77402005","77402050","5","40826316"
"chr8","118232181","118232468","chr16","71570137","71570438","42","46662044"
"chr8","118310231","118310494","chr4","106278140","106278404","39","12032091"
"chr8","118318637","118318742","chr4","34092746","34092842","26","84225891"
"chr8","118330438","118330723","chr12","22451622","22451913","47","95878816"
"chr8","118364959","118365213","chr10","11481314","11481561","40","106883645"
"chr8","118413068","118413357","chr7","135211205","135211497","53","16798137"
"chr8","118437258","118437527","chr4","12429965","12430236","51","106007293"
"chr8","118439383","118439513","chr2","104486328","104486458","15","13953055"
"chr8","118439519","118439818","chr2","203225383","203225677","44","84785864"
"chr8","118452103","118452409","chr7","70375823","70376126","43","48076280"
"chr8","118452991","118453280","chr3","150126326","150126623","57","31673335"
"chr8","118455702","118456026","chr2","158851923","158852230","58","40396221"
"chr8","118459444","118459529","chr4","110613280","110613363","10","7846164"
"chr8","118471187","118471482","chr11","381530","381828","44","118089657"
"chr8","118472701","118472972","chr11","74173885","74174163","50","44298816"
"chr8","118493122","118493409","chr7","77326917","77327209","57","41166205"
"chr8","118536069","118536326","chr5","128664686","128664943","51","10128617"
"chr8","118584636","118584936","chr8","91418355","91418645","69","27166281"
"chr8","118595077","118595358","chr16","71229692","71229976","41","47365385"
"chr8","118718292","118718589","chr2","63180548","63180847","44","55537744"
"chr8","118844225","118844522","chr2","39815620","39815927","60","79028605"
"chr8","118857633","118857935","chrX","51259545","51259842","47","67598088"
"chr8","118948215","118948511","chr16","6809919","6810217","46","112138296"
"chr8","118986761","118987065","chr16","70845460","70845758","42","48141301"
"chr8","119133587","119133887","chr16","70683516","70683823","58","48450071"
"chr8","119189440","119189740","chr12","51888773","51889064","47","67300667"
"chr8","119293402","119293448","chr1","100548811","100548855","7","18744591"
"chr8","119298085","119298390","chr12","94074885","94075193","42","25223200"
"chr8","119309214","119309510","chr22","38966910","38967209","52","80342304"
"chr8","119374562","119374877","chr5","95128904","95129215","52","24245658"
"chr8","119375926","119376232","chr5","78565303","78565608","60","40810623"
"chr8","119428566","119428874","chr4","17919516","17919823","54","101509050"
"chr8","119431594","119431757","chr9","124037228","124037394","33","4605634"
"chr8","119491742","119492037","chr7","29042352","29042646","57","90449390"
"chr8","119492498","119492638","chr3","68647398","68647534","18","50845100"
"chr8","119520921","119521231","chr9","92955669","92955979","51","26565252"
"chr8","119587783","119588073","chr15","38910043","38910338","46","80677740"
"chr8","119599635","119599916","chr10","94342101","94342382","47","25257534"
"chr8","119617909","119618083","chr5","110972979","110973149","40","8644930"
"chr8","119651224","119651524","chr2","147728720","147729015","45","28077496"
"chr8","119687443","119687656","chr2","164877080","164877295","40","45189637"
"chr8","119718260","119718571","chr5","73075939","73076252","52","46642321"
"chr8","119724800","119725109","chr16","70074247","70074557","49","49650553"
"chr8","119898362","119898655","chr5","93075725","93076019","43","26822637"
"chr8","120034097","120034408","chrX","17705039","17705341","48","102329058"
"chr8","120153718","120153882","chr20","22935705","22935869","26","97218013"
"chr8","120169908","120170202","chr2","203225383","203225677","55","83055475"
"chr8","120245061","120245379","chr5","83138079","83138381","58","37106982"
"chr8","120282664","120282966","chr4","54370195","54370493","48","65912469"
"chr8","120314499","120314794","chr16","69491921","69492215","35","50822578"
"chr8","120316307","120316582","chr16","69489681","69489954","27","50826626"
"chr8","120337434","120337768","chr16","64742261","64742584","74","55595173"
"chr8","120354332","120354549","chrX","120162403","120162628","42","191929"
"chr8","120356545","120356813","chr14","63121483","63121756","56","57235062"
"chr8","120377450","120377748","chr2","150624041","150624344","49","30246591"
"chr8","120392428","120392613","chr6","143288347","143288538","42","22895919"
"chr8","120418796","120419083","chr6","70367906","70368206","57","50050890"
"chr8","120498739","120499038","chr1","170771447","170771746","40","50272708"
"chr8","120532291","120532577","chr6","75958442","75958734","57","44573849"
"chr8","120557951","120558232","chr5","136509827","136510109","54","15951876"
"chr8","120601323","120601631","chr10","22665922","22666223","44","97935401"
"chr8","120607203","120607514","chr15","32495325","32495639","52","88111878"
"chr8","120693075","120693389","chrUn_GL288815","12574","12885","51","120680501"
"chr8","120695822","120696119","chr1","172687648","172687936","55","51991826"
"chr8","120902679","120902943","chr14","39115150","39115415","42","81787529"
"chr8","121076307","121076533","chr16","68699547","68699771","35","52376760"
"chr8","121187516","121187826","chr5","90286504","90286812","46","30901012"
"chr8","121209490","121209780","chr5","145437369","145437659","50","24227879"
"chr8","121424693","121424951","chr16","68351064","68351325","33","53073629"
"chr8","121435785","121435882","chr4","71524300","71524394","16","49911485"
"chr8","121437343","121437631","chr16","68338558","68338851","42","53098785"
"chr8","121450679","121450770","chr5","1395300","1395386","14","120055379"
"chr8","121457167","121457490","chr22","2595211","2595525","62","118861956"
"chr8","121458927","121459226","chr1","140333436","140333732","52","18874509"
"chr8","121510029","121510329","chr13","36232484","36232778","42","85277545"
"chr8","121606540","121606852","chr4","10369018","10369322","54","111237522"
"chr8","121607610","121607816","chr5","82210611","82210812","32","39396999"
"chr8","121788247","121788551","chr7","70375823","70376126","52","51412424"
"chr8","121931643","121931976","chr2","169129486","169129808","54","47197843"
"chr8","121955388","121955694","chr9","99956407","99956710","44","21998981"
"chr8","121996959","121997261","chr5","150054821","150055118","54","28057862"
"chr8","122124644","122124952","chr16","67629706","67630015","44","54494938"
"chr8","122271509","122271811","chr1","74240690","74240994","61","48030819"
"chr8","122313796","122314062","chr4","134894149","134894416","44","12580353"
"chr8","122417135","122417426","chr16","67315522","67315809","53","55101613"
"chr8","122448662","122448964","chr16","67274330","67274632","36","55174332"
"chr8","122492881","122493074","chr12","5402035","5402228","29","117090846"
"chr8","122510117","122510432","chr2","1940205","1940517","58","120569912"
"chr8","122662208","122662496","chr1","181695932","181696223","51","59033724"
"chr8","122689596","122689893","chr2","126844179","126844477","54","4154583"
"chr8","122690674","122690852","chr20","2042129","2042307","33","120648545"
"chr8","122690857","122691170","chr9","70576079","70576384","49","52114778"
"chr8","122712662","122712850","chr20","28761817","28762001","39","93950845"
"chr8","122718087","122718384","chr22","30337656","30337951","41","92380431"
"chr8","122723743","122724054","chr1","14123215","14123523","54","108600528"
"chr8","122726051","122726302","chr9","85583535","85583783","49","37142516"
"chr8","122763683","122763966","chr9","13171482","13171754","49","109592201"
"chr8","122765897","122766184","chr15","69290177","69290464","45","53475720"
"chr8","122798888","122799039","chr5","31198215","31198362","19","91600673"
"chr8","122831841","122832156","chrX","8396907","8397216","53","114434934"
"chr8","122832271","122832456","chr11","95628544","95628735","36","27203727"
"chr8","122851407","122851707","chr5","55380182","55380490","44","67471225"
"chr8","122851882","122852186","chr4","87932032","87932333","49","34919850"
"chr8","122902950","122903229","chr5","114230311","114230585","54","8672639"
"chr8","122933822","122934124","chr20","28072061","28072363","50","94861761"
"chr8","122946376","122946619","chr5","144921835","144922072","57","21975459"
"chr8","122964220","122964509","chr1","197465921","197466196","53","74501701"
"chr8","122997649","122997955","chr20","38639419","38639722","52","84358230"
"chr8","123017848","123018146","chr16","66666958","66667259","44","56350890"
"chr8","123025923","123026069","chr5","87760479","87760621","23","35265444"
"chr8","123066852","123067132","chr5","42017946","42018246","58","81048906"
"chr8","123068857","123069161","chrUn_GL286435","69026","69328","48","122999831"
"chr8","123130093","123130196","chr16","66537085","66537188","12","56593008"
"chr8","123536400","123536699","chr6","118600755","118601054","46","4935645"
"chr8","123757028","123757328","chr7","70375823","70376126","49","53381205"
"chr8","124122285","124122548","chr20","11729288","11729543","42","112392997"
"chr8","124229676","124229966","chrX","91709114","91709404","56","32520562"
"chr8","124435571","124435862","chr9","107245625","107245908","52","17189946"
"chr8","124708761","124709051","chr5","144164144","144164432","47","19455383"
"chr8","124730268","124730553","chr16","64944153","64944439","45","59786115"
"chr8","124736519","124736775","chr9","96643127","96643364","62","28093392"
"chr8","124770632","124770676","chr1","182463440","182463482","6","57692808"
"chr8","124823179","124823487","chr2","17435825","17436127","53","107387354"
"chr8","124831442","124831735","chr16","64795347","64795638","48","60036095"
"chr8","124833315","124833605","chr16","64793096","64793387","41","60040219"
"chr8","124838385","124838679","chr18","5812534","5812824","45","119025851"
"chr8","124849427","124849552","chr7","55177772","55177896","26","69671655"
"chr8","124857378","124857476","chr1","160251075","160251170","20","35393697"
"chr8","124862574","124862864","chr16","64764826","64765116","39","60097748"
"chr8","124876469","124876777","chr1","10455735","10456039","48","114420734"
"chr8","124879002","124879319","chr15","37932298","37932608","53","86946704"
"chr8","124930203","124930503","chr9","14539645","14539946","45","110390558"
"chr8","124935674","124935964","chr6","144170408","144170699","49","19234734"
"chr8","124964615","124964918","chr2","46820283","46820587","45","78144332"
"chr8","124967658","124967862","chr16","64655044","64655264","43","60312614"
"chr8","125006123","125006245","chr1","173147329","173147452","21","48141206"
"chr8","125129315","125129425","chr22","40931234","40931346","22","84198081"
"chr8","125356748","125356932","chr16","64248953","64249130","29","61107795"
"chr8","125395682","125395934","chr16","64208231","64208475","38","61187451"
"chr8","125444755","125445062","chr14","59195264","59195551","79","66249491"
"chr8","125537802","125538116","chr9","69074431","69074735","54","56463371"
"chr8","125542796","125543090","chr19","6359322","6359618","44","119183474"
"chr8","125573649","125573931","chr4","47729514","47729797","49","77844135"
"chr8","125624337","125624615","chr1","197465921","197466196","55","71841584"
"chr8","125796544","125796848","chr2","292684","292980","53","125503860"
"chr8","125829896","125830204","chr5","11439006","11439313","43","114390890"
"chr8","126288729","126289026","chr2","66989134","66989436","45","59299595"
"chr8","126495341","126495627","chr1","186610138","186610422","88","60114797"
"chr8","126836226","126836506","chr16","62812356","62812647","46","64023870"
"chr8","127301666","127301961","chr8","65769668","65769964","46","61531998"
"chr8","127507736","127508050","chr16","62112725","62113036","45","65395011"
"chr8","127794590","127794658","chr22","17000001","17000064","9","110794589"
"chr8","127939065","127939321","chr16","61675376","61675631","29","66263689"
"chr8","128128162","128128302","chr6","106064476","106064617","20","22063686"
"chr8","128168642","128168966","chr7","137342012","137342330","66","9173370"
"chr8","128209516","128209806","chr16","61421267","61421571","47","66788249"
"chr8","128279588","128279895","chr16","61349553","61349852","51","66930035"
"chr8","128454023","128454203","chr2","97497661","97497845","35","30956362"
"chr8","128625838","128626139","chr5","71686578","71686874","48","56939260"
"chr8","129090152","129090296","chr7","10811943","10812091","30","118278209"
"chr8","129240640","129240934","chr13","95836072","95836367","48","33404568"
"chr8","129261676","129261935","chr13","60759063","60759326","58","68502613"
"chr8","129452402","129452715","chr19","29594444","29594758","56","99857958"
"chr8","129491575","129491873","chr2","150624041","150624344","51","21132466"
"chr8","129528782","129529083","chr4","83952656","83952952","46","45576126"
"chr8","129566559","129566808","chr2","55646329","55646579","45","73920230"
"chr8","129776001","129776310","chr16","59793484","59793789","37","69982517"
"chr8","129811385","129811705","chr5","62101872","62102170","69","67709513"
"chr8","129889582","129889874","chr16","59676156","59676447","44","70213426"
"chr8","129957044","129957324","chr3","188235049","188235330","37","58278005"
"chr8","129958927","129959234","chr5","73075939","73076252","52","56882988"
"chr8","129996456","129996757","chr2","71331505","71331809","53","58664951"
"chr8","130078811","130079125","chr16","59494679","59494983","48","70584132"
"chr8","130425944","130426220","chr16","64689606","64689879","54","65736338"
"chr8","130480391","130480693","chr16","59068736","59069043","41","71411655"
"chr8","130509987","130510297","chr22","34352998","34353299","65","96156989"
"chr8","130666752","130667043","chr17","17057724","17058020","57","113609028"
"chr8","130813282","130813572","chr11","74007172","74007464","53","56806110"
"chr8","131084401","131084674","chr9","58102610","58102877","49","72981791"
"chr8","131451874","131452162","chr5","74192493","74192784","54","57259381"
"chr8","131784710","131785005","chr3","51989230","51989530","50","79795480"
"chr8","132017313","132017578","chr9","12500933","12501198","52","119516380"
"chr8","132093611","132093920","chr15","32495325","32495639","61","99598286"
"chr8","132132173","132132478","chr1","140333436","140333732","59","8201263"
"chr8","132201431","132201725","chr2","147728720","147729015","52","15527289"
"chr8","132368403","132368684","chr1","197465921","197466196","50","65097518"
"chr8","132406576","132406904","chrX","8396907","8397216","67","124009669"
"chr8","132621319","132621363","chr1","155894574","155894615","4","23273255"
"chr8","132737298","132737418","chr22","45680445","45680565","24","87056853"
"chr8","132830284","132830340","chr2","97655048","97655103","9","35175236"
"chr8","132861340","132861624","chr5","127700722","127701002","61","5160618"
"chr8","133121527","133121694","chr9","40995099","40995250","33","92126428"
"chr8","133158905","133159212","chr14","83083786","83084089","48","50075119"
"chr8","133268515","133268678","chr12","18349416","18349582","33","114919099"
"chr8","133423758","133423891","chr5","10559689","10559821","14","122864069"
"chr8","133463355","133463665","chr5","55380182","55380490","51","78083173"
"chr8","133499266","133499564","chr5","41846454","41846751","56","91652812"
"chr8","133526409","133526712","chr7","77326917","77327209","54","56199492"
"chr8","133693064","133693363","chr2","36478057","36478360","49","97215007"
"chr8","133717683","133717983","chr5","116663888","116664187","41","17053795"
"chr8","133775317","133775627","chr12","23758744","23759049","56","110016573"
"chr8","134397019","134397320","chr6","57780653","57780942","49","76616366"
"chr8","134413171","134413329","chr2","131596102","131596261","31","2817069"
"chr8","134523553","134523870","chr2","11077390","11077699","59","123446163"
"chr8","134662636","134662944","chr7","70375823","70376126","48","64286813"
"chr8","134766622","134766730","chr1","20863197","20863299","16","113903425"
"chr8","134772438","134772746","chr5","139889919","139890213","53","5117481"
"chr8","134870313","134870606","chr16","54667190","54667483","51","80203123"
"chr8","135073166","135073449","chr1","182430197","182430476","50","47357031"
"chr8","135147797","135148079","chr16","54367574","54367861","51","80780223"
"chr8","135224432","135224732","chr19","17448176","17448478","43","117776256"
"chr8","135240187","135240263","chr2","135172128","135172211","17","68059"
"chr8","135244531","135244605","chr4","41182827","41182899","9","94061704"
"chr8","135262303","135262594","chr16","54254998","54255270","47","81007305"
"chr8","135278894","135279071","chr9","14473384","14473561","37","120805510"
"chr8","135286745","135287035","chr12","37291389","37291677","49","97995356"
"chr8","135291869","135292163","chr7","85080523","85080815","52","50211346"
"chr8","135329000","135329312","chr2","1940205","1940517","56","133388795"
"chr8","135334159","135334425","chr1","147402149","147402405","51","12067990"
"chr8","135341588","135341677","chr5","1759512","1759601","14","133582076"
"chr8","135384083","135384407","chr2","6639751","6640061","64","128744332"
"chr8","135421808","135421943","chr1","173774620","173774755","17","38352812"
"chr8","135421944","135422251","chr12","16768708","16769014","58","118653236"
"chr8","135483590","135483882","chr3","118139040","118139328","41","17344550"
"chr8","135484782","135485038","chr7","47053043","47053292","46","88431739"
"chr8","135485165","135485469","chr12","102748139","102748432","57","32737026"
"chr8","135515560","135515650","chr2","130459575","130459659","13","5055985"
"chr8","135548252","135548526","chrX","39192560","39192834","48","96355692"
"chr8","135550946","135551115","chr13","26045777","26045941","29","109505169"
"chr8","135551116","135551409","chr16","53955434","53955722","39","81595682"
"chr8","135553249","135553504","chr9","85583535","85583783","47","49969714"
"chr8","135628373","135628661","chr1","175759179","175759474","61","40130806"
"chr8","135657565","135657844","chr16","64689606","64689879","58","70967959"
"chr8","135719287","135719588","chr3","52365996","52366297","53","83353291"
"chr8","135755016","135755319","chr2","39815620","39815927","55","95939396"
"chr8","135771636","135771929","chr13","28362648","28362939","47","107408988"
"chr8","135789754","135790050","chr5","83047784","83048085","49","52741970"
"chr8","135853106","135853267","chr14","14608827","14608981","32","121244279"
"chr8","135865229","135865512","chr1","155481150","155481435","41","19615921"
"chr8","135894165","135894371","chrX","118009227","118009427","48","17884938"
"chr8","136077345","136077643","chr16","53404973","53405277","47","82672372"
"chr8","136086564","136086857","chr5","80121277","80121568","59","55965287"
"chr8","136148242","136148540","chr13","95836072","95836367","44","40312170"
"chr8","136682338","136682666","chr13","8871038","8871361","60","127811300"
"chr8","137106276","137106609","chr16","52361643","52361957","77","84744633"
"chr8","137915210","137915284","chr2","11316817","11316894","15","126598393"
"chr8","138148024","138148336","chr1","170771447","170771746","55","32623423"
"chr8","138307157","138307451","chr12","17714293","17714588","50","120592864"
"chr8","138389658","138389949","chr2","134890220","134890504","53","3499438"
"chr8","138479089","138479396","chr2","17435825","17436127","55","121043264"
"chr8","138485469","138485742","chr9","93737275","93737544","48","44748194"
"chr8","138505500","138505733","chr16","51019564","51019807","47","87485936"
"chr8","138545146","138545484","chr4","132055862","132056190","67","6489284"
"chr8","138546495","138546657","chr16","50962154","50962320","23","87584341"
"chr8","138558251","138558530","chr3","19993966","19994253","52","118564285"
"chr8","138560404","138560702","chr5","136059619","136059920","38","2500785"
"chr8","138626810","138626919","chr7","51198685","51198789","23","87428125"
"chr8","138639069","138639375","chr8","114553260","114553568","46","24085809"
"chr8","138747083","138747393","chr12","10884989","10885294","50","127862094"
"chr8","138779889","138780074","chr6","5699963","5700138","39","133079926"
"chr8","138788924","138789219","chr4","31195106","31195401","47","107593818"
"chr8","138857684","138857974","chr16","50354018","50354312","51","88503666"
"chr8","138860755","138860802","chr7","46724194","46724241","5","92136561"
"chr8","138863034","138863331","chr20","12198433","12198731","48","126664601"
"chr8","138940523","138940611","chr9","86187155","86187244","13","52753368"
"chr8","138955093","138955320","chr9","52054306","52054533","43","86900787"
"chr8","138982826","138983161","chr16","50237276","50237580","70","88745550"
"chr8","139006405","139006696","chr5","144164144","144164432","50","5157739"
"chr8","139052799","139053034","chr9","54287512","54287742","52","84765287"
"chr8","139054731","139054805","chr1","138415765","138415834","19","638966"
"chr8","139055394","139055546","chr4","32101212","32101368","27","106954182"
"chr8","139058660","139058882","chr9","123851969","123852189","42","15206691"
"chr8","139145038","139145315","chr16","50067880","50068171","49","89077158"
"chr8","139261633","139261934","chr11","122686903","122687200","51","16574730"
"chr8","139295693","139295978","chr12","27922791","27923078","46","111372902"
"chr8","139300704","139300946","chr17","65271633","65271871","42","74029071"
"chr8","139329974","139330263","chr2","203225383","203225677","60","63895409"
"chr8","139371151","139371256","chr16","64684736","64684840","20","74686415"
"chr8","139388126","139388404","chr3","106011472","106011765","52","33376654"
"chr8","139391673","139391974","chr11","28125301","28125613","48","111266372"
"chr8","139413898","139414054","chr6","114762508","114762668","25","24651390"
"chr8","139454770","139455066","chr16","49748148","49748447","40","89706622"
"chr8","139457516","139457814","chr4","44576155","44576457","46","94881361"
"chr8","139487713","139487813","chr20","419365","419463","17","139068348"
"chr8","139491065","139491334","chr9","17963025","17963290","39","121528040"
"chr8","139517990","139518288","chr16","49691893","49692189","41","89826097"
"chr8","139596574","139596669","chr15","64360839","64360932","16","75235735"
"chr8","139603687","139603981","chr5","106626420","106626712","51","32977267"
"chr9","7733230","7733365","chr2","193530196","193530332","15","185796966"
"chr9","11140985","11141294","chr7","9345467","9345768","43","1795518"
"chr9","20315897","20316203","chr5","43258967","43259274","54","22943070"
"chr9","38535161","38535434","chr12","32208452","32208713","42","6326709"
"chr9","55967459","55967753","chr18","38605998","38606288","50","17361461"
"chr9","59637623","59637945","chr5","106626420","106626712","64","46988797"
"chr9","44010","44313","chr12","107125942","107126232","67","107081932"
"chr9","49525","49827","chrX","17705039","17705341","63","17655514"
"chr9","55669","55740","chr5","108706975","108707042","14","108651306"
"chr9","58329","58631","chr21","41253758","41254057","54","41195429"
"chr9","86993","87287","chr3","48131319","48131613","43","48044326"
"chr9","95667","95959","chr11","72643464","72643751","57","72547797"
"chr9","97555","97868","chrX","17027155","17027457","53","16929600"
"chr9","110022","110326","chr11","122686903","122687200","54","122576881"
"chr9","111597","111900","chr18","2673991","2674299","52","2562394"
"chr9","186151","186444","chr8","116970076","116970383","60","116783925"
"chr9","314971","315266","chr16","46721249","46721542","49","46406278"
"chr9","440599","440827","chr5","53720573","53720801","46","53279974"
"chr9","487667","487954","chr3","116662147","116662431","53","116174480"
"chr9","535862","536175","chr4","98746325","98746622","59","98210463"
"chr9","569957","570255","chr19","10326259","10326558","64","9756302"
"chr9","626192","626306","chr6","49062364","49062480","23","48436172"
"chr9","657944","658252","chr4","98746325","98746622","54","98088381"
"chr9","726457","726766","chrX","62686328","62686643","58","61959871"
"chr9","848974","849220","chr15","50846639","50846888","44","49997665"
"chr9","934828","935117","chr1","186610138","186610422","53","185675310"
"chr9","948909","949208","chr7","32651","32963","58","916258"
"chr9","959506","959805","chr5","45354632","45354926","49","44395126"
"chr9","966531","966815","chr15","49638162","49638439","46","48671631"
"chr9","971694","971993","chr2","67197269","67197565","57","66225575"
"chr9","999684","999991","chr7","73028","73340","45","926656"
"chr9","1019323","1019644","chr5","55380182","55380490","61","54360859"
"chr9","1021939","1022070","chr13","43433121","43433253","22","42411182"
"chr9","1028150","1028203","chr7","79538857","79538905","14","78510707"
"chr9","1051505","1051810","chr7","74579378","74579682","49","73527873"
"chr9","1059001","1059161","chr4","32101212","32101368","28","31042211"
"chr9","1069027","1069267","chr7","146937","147171","38","922090"
"chr9","1108366","1108668","chr19","12425591","12425876","72","11317225"
"chr9","1153836","1153993","chr16","19407292","19407446","21","18253456"
"chr9","1271325","1271624","chr2","67197269","67197565","52","65925944"
"chr9","1329584","1329906","chr1","202160452","202160759","66","200830868"
"chr9","1824751","1824835","chr5","72615428","72615510","12","70790677"
"chr9","2248245","2248524","chr5","47474799","47475078","59","45226554"
"chr9","2431987","2432100","chr5","84481557","84481668","18","82049570"
"chr9","2942606","2942898","chr1","77745311","77745604","51","74802705"
"chr9","3048473","3048564","chr2","64458730","64458828","15","61410257"
"chr9","3087678","3087969","chr7","1841505","1841781","55","1246173"
"chr9","3122738","3123043","chr7","70375823","70376126","51","67253085"
"chr9","3163481","3163758","chr5","81407010","81407281","55","78243529"
"chr9","3223833","3224119","chr7","39501844","39502137","56","36278011"
"chr9","3347330","3347638","chr7","70375823","70376126","53","67028493"
"chr9","3366774","3367104","chr5","96179767","96180077","71","92812993"
"chr9","3407016","3407257","chr11","120331998","120332232","46","116924982"
"chr9","3436453","3436610","chr9","91537342","91537503","34","88100889"
"chr9","3603739","3604040","chr9","99040905","99041200","57","95437166"
"chr9","3695427","3695549","chr11","39048827","39048951","20","35353400"
"chr9","3707002","3707287","chr9","114412465","114412744","49","110705463"
"chr9","3809209","3809505","chr10","102122892","102123191","54","98313683"
"chr9","4010480","4010791","chr5","124645645","124645952","57","120635165"
"chr9","4019288","4019598","chr16","5681054","5681364","49","1661766"
"chr9","4044851","4045153","chr9","99956407","99956710","57","95911556"
"chr9","4049822","4050141","chrX","64172412","64172721","51","60122590"
"chr9","4075365","4075539","chr13","16898718","16898893","32","12823353"
"chr9","4087311","4087596","chr2","52679343","52679626","47","48592032"
"chr9","4091494","4091742","chr10","41223827","41224092","56","37132333"
"chr9","4191096","4191395","chr12","78919016","78919323","60","74727920"
"chr9","4244972","4245075","chr5","9013155","9013259","21","4768183"
"chr9","4334452","4334738","chr7","155162191","155162474","46","150827739"
"chr9","4562316","4562451","chr6","40412798","40412931","22","35850482"
"chr9","4568917","4569216","chr20","21682578","21682873","48","17113661"
"chr9","4802460","4802771","chr18","2673991","2674299","57","2128469"
"chr9","4998520","4998857","chr11","28125301","28125613","106","23126781"
"chr9","5024380","5024691","chr20","13625673","13625989","56","8601293"
"chr9","5025291","5025591","chr1","15709909","15710212","46","10684618"
"chr9","5105299","5105603","chr7","26124024","26124331","55","21018725"
"chr9","5418747","5418982","chr18","33337534","33337766","64","27918787"
"chr9","5631452","5631680","chr4","107483718","107483947","38","101852266"
"chr9","5643784","5644073","chr4","109047974","109048272","54","103404190"
"chr9","5665606","5665939","chr2","91172114","91172447","66","85506508"
"chr9","5770623","5770908","chr12","16212093","16212391","49","10441470"
"chr9","5836457","5836606","chr5","109099887","109100036","38","103263430"
"chr9","5911459","5911747","chr7","4258562","4258843","42","1652897"
"chr9","5921888","5922188","chr2","17996148","17996446","54","12074260"
"chr9","5923053","5923363","chr9","91473040","91473349","51","85549987"
"chr9","5939833","5940127","chr4","98746325","98746622","43","92806492"
"chr9","5976077","5976363","chr5","158793136","158793424","45","152817059"
"chr9","5993666","5993971","chr8","106549657","106549965","51","100555991"
"chr9","6046033","6046337","chr7","70375823","70376126","43","64329790"
"chr9","6068972","6069269","chr19","35779479","35779770","46","29710507"
"chr9","6094707","6094979","chr7","4436037","4436310","38","1658670"
"chr9","6117090","6117385","chr1","135371826","135372122","48","129254736"
"chr9","6126141","6126452","chr11","17244276","17244580","51","11118135"
"chr9","6133998","6134291","chr13","114422744","114423042","61","108288746"
"chr9","6157983","6158276","chr10","22665922","22666223","51","16507939"
"chr9","6158770","6158901","chr9","44740587","44740719","18","38581817"
"chr9","6174665","6174721","chr7","9140504","9140559","9","2965839"
"chr9","6185467","6185776","chr2","146982644","146982948","46","140797177"
"chr9","6202216","6202535","chr14","1114543","1114848","67","5087673"
"chr9","6206143","6206436","chr21","44694630","44694929","47","38488487"
"chr9","6211558","6211856","chr7","62026646","62026938","53","55815088"
"chr9","6219159","6219474","chr7","87384353","87384653","54","81165194"
"chr9","6234800","6235047","chr6","22652998","22653243","42","16418198"
"chr9","6334600","6334895","chr7","4656957","4657236","53","1677643"
"chr9","6367199","6367503","chr6","136022282","136022577","53","129655083"
"chr9","6407668","6407959","chr17","8620369","8620656","53","2212701"
"chr9","6415217","6415507","chr12","51888773","51889064","33","45473556"
"chr9","6453770","6454077","chrX","18432136","18432433","58","11978366"
"chr9","6478149","6478443","chr1","77745311","77745604","44","71267162"
"chr9","6615110","6615408","chr16","66568637","66568935","46","59953527"
"chr9","6650518","6650653","chr3","182333528","182333663","17","175683010"
"chr9","6743133","6743422","chr2","2218970","2219260","44","4524163"
"chr9","6752376","6752689","chr2","1940205","1940517","61","4812171"
"chr9","6762545","6762838","chr7","5066130","5066430","39","1696415"
"chr9","6772621","6772928","chr9","101210178","101210488","55","94437557"
"chr9","6806449","6806625","chr1","76981580","76981755","39","70175131"
"chr9","6854610","6854919","chr2","1940205","1940517","67","4914405"
"chr9","6964904","6965187","chr7","5276370","5276629","50","1688534"
"chr9","7069815","7070126","chr8","105737673","105737982","45","98667858"
"chr9","7091479","7091781","chr14","83083786","83084089","35","75992307"
"chr9","7113244","7113548","chrX","92800328","92800623","62","85687084"
"chr9","7132306","7132604","chr5","50537784","50538079","35","43405478"
"chr9","7189773","7190090","chr5","73075939","73076252","50","65886166"
"chr9","7357891","7358201","chrX","39183726","39184034","50","31825835"
"chr9","7542234","7542496","chr6","64714407","64714671","53","57172173"
"chr9","7543535","7543810","chr13","97658378","97658641","56","90114843"
"chr9","7591030","7591350","chr2","169129486","169129808","62","161538456"
"chr9","7670334","7670535","chr4","159240199","159240394","34","151569865"
"chr9","7670635","7670909","chr5","2780431","2780704","51","4890204"
"chr9","7692429","7692736","chr1","136803882","136804189","52","129111453"
"chr9","7726123","7726434","chr11","28125301","28125613","45","20399178"
"chr9","7771948","7772255","chrX","39183726","39184034","46","31411778"
"chr9","7793821","7794154","chr21","41025095","41025401","60","33231274"
"chr9","7881718","7882012","chr8","38105332","38105618","52","30223614"
"chr9","7923334","7923630","chr5","109061221","109061518","46","101137887"
"chr9","7944633","7944927","chr12","27162707","27162997","56","19218074"
"chr9","7973628","7973931","chr7","6260938","6261236","41","1712690"
"chr9","8075755","8076001","chr2","46925431","46925653","74","38849676"
"chr9","8220327","8220619","chr4","21602547","21602837","57","13382220"
"chr9","8233553","8233836","chr5","77791465","77791753","47","69557912"
"chr9","8315503","8315793","chr19","38589311","38589602","43","30273808"
"chr9","8348019","8348322","chr7","153038660","153038958","52","144690641"
"chr9","8413483","8413788","chr9","101210178","101210488","52","92796695"
"chr9","8470202","8470457","chr18","5664786","5665051","49","2805416"
"chr9","8525121","8525411","chr1","13162324","13162614","45","4637203"
"chr9","8534235","8534521","chr2","127633105","127633382","50","119098870"
"chr9","8653293","8653604","chr16","93947634","93947941","52","85294341"
"chr9","8654715","8655037","chr2","74361604","74361941","60","65706889"
"chr9","9150559","9150845","chr19","38589311","38589602","43","29438752"
"chr9","9220322","9220437","chr22","7720527","7720646","19","1499795"
"chr9","9486672","9486986","chr7","88697458","88697764","65","79210786"
"chr9","9498687","9498981","chr1","196315390","196315694","53","186816703"
"chr9","9526665","9526949","chr5","139889919","139890213","50","130363254"
"chr9","9529921","9530207","chr1","116618974","116619261","50","107089053"
"chr9","9836383","9836673","chr9","111806239","111806531","50","101969856"
"chr9","9946254","9946564","chr7","20593863","20594174","57","10647609"
"chr9","9980421","9980724","chr9","17943911","17944216","49","7963490"
"chr9","10088105","10088403","chr7","8259906","8260219","50","1828199"
"chr9","10242955","10243237","chr10","100408257","100408540","51","90165302"
"chr9","10316858","10316974","chr5","84481557","84481668","19","74164699"
"chr9","10424649","10424726","chr7","7137012","7137083","12","3287637"
"chr9","10516812","10516989","chr7","129721550","129721729","38","119204738"
"chr9","10552697","10553001","chr9","35405457","35405761","54","24852760"
"chr9","10710746","10711048","chr9","45325979","45326278","51","34615233"
"chr9","10747349","10747636","chr2","34962181","34962466","45","24214832"
"chr9","10786435","10786730","chr22","28143382","28143678","47","17356947"
"chr9","10901717","10901932","chr19","44795567","44795779","37","33893850"
"chr9","10934743","10934794","chr1","209401201","209401251","7","198466458"
"chr9","11098753","11099039","chr5","80121277","80121568","54","69022524"
"chr9","11128388","11128694","chrX","45563978","45564273","57","34435590"
"chr9","11152975","11153271","chr10","1666053","1666355","52","9486922"
"chr9","11329529","11329839","chr5","114223635","114223941","54","102894106"
"chr9","11409351","11409657","chr14","77613723","77614028","51","66204372"
"chr9","11420050","11420341","chr7","16613722","16614012","39","5193672"
"chr9","11452631","11452945","chrX","45155908","45156218","60","33703277"
"chr9","11550574","11550866","chr12","107125942","107126232","41","95575368"
"chr9","11571676","11571965","chrUn_GL286267","16644","16927","46","11555032"
"chr9","11604368","11604680","chr9","70576079","70576384","52","58971711"
"chr9","11628976","11629084","chr14","105619603","105619714","17","93990627"
"chr9","11710898","11711182","chr7","9911350","9911628","48","1799548"
"chr9","11804747","11805049","chr7","10010037","10010324","44","1794710"
"chr9","11807494","11807787","chr10","99483273","99483561","45","87675779"
"chr9","11836402","11836637","chr5","10743356","10743597","50","1093046"
"chr9","11861049","11861129","chr2","6525897","6525977","14","5335152"
"chr9","11862271","11862493","chr10","27834176","27834398","31","15971905"
"chr9","11886899","11887209","chr7","70074333","70074637","56","58187434"
"chr9","11927242","11927546","chr15","71826280","71826577","46","59899038"
"chr9","11957787","11957903","chr2","9983560","9983675","20","1974227"
"chr9","11958258","11958334","chr1","13029693","13029768","14","1071435"
"chr9","12048818","12049059","chr17","64828629","64828874","43","52779811"
"chr9","12144504","12144785","chr7","10312904","10313187","46","1831600"
"chr9","12157269","12157574","chr5","131639490","131639797","50","119482221"
"chr9","12166563","12166861","chr22","41886502","41886799","49","29719939"
"chr9","12267717","12267830","chr16","38142378","38142490","19","25874661"
"chr9","12279845","12280059","chr1","199541886","199542107","33","187262041"
"chr9","12289468","12289706","chr1","193743092","193743311","44","181453624"
"chr9","12311837","12312132","chr5","139889919","139890213","52","127578082"
"chr9","12316467","12316763","chrUn_GL286397","264305","264604","38","12052162"
"chr9","12342874","12342990","chr1","173147329","173147452","20","160804455"
"chr9","12372187","12372492","chr4","161032062","161032360","47","148659875"
"chr9","12384271","12384576","chr7","120468697","120468997","41","108084426"
"chr9","12438576","12438879","chrUn_GL286217","143262","143564","57","12295314"
"chr9","12495512","12495809","chr9","90082487","90082782","52","77586975"
"chr9","12502451","12502690","chr6","35958357","35958595","55","23455906"
"chr9","12520039","12520262","chr9","123851969","123852189","47","111331930"
"chr9","12522462","12522764","chr14","77613723","77614028","39","65091261"
"chr9","12611972","12612185","chr5","109421126","109421332","34","96809154"
"chr9","12631447","12631749","chr19","585261","585554","54","12046186"
"chr9","12701348","12701611","chr7","10555019","10555300","54","2146329"
"chr9","12723506","12723817","chr7","63127257","63127560","44","50403751"
"chr9","12759148","12759427","chr7","78230765","78231034","54","65471617"
"chr9","12762380","12762685","chr21","49806208","49806506","47","37043828"
"chr9","12834152","12834453","chr9","45325979","45326278","41","32491827"
"chr9","12957364","12957675","chr5","55380182","55380490","46","42422818"
"chr9","13028827","13028982","chr13","80570008","80570165","24","67541181"
"chr9","13029880","13030003","chr7","42484948","42485071","24","29455068"
"chr9","13031284","13031585","chr2","71331505","71331809","45","58300221"
"chr9","13036520","13036694","chr13","16898718","16898893","29","3862198"
"chr9","13097462","13097780","chr5","65616565","65616873","58","52519103"
"chr9","13116791","13117105","chrX","64172412","64172721","56","51055621"
"chr9","13205550","13205851","chr1","175759179","175759474","56","162553629"
"chr9","13208888","13209200","chr2","146982644","146982948","53","133773756"
"chr9","13276172","13276314","chr14","71349893","71350037","22","58073721"
"chr9","13314875","13315054","chr20","2042129","2042307","27","11272746"
"chr9","13315572","13315700","chr5","115366774","115366909","27","102051202"
"chr9","13323028","13323324","chr7","11033934","11034222","44","2289094"
"chr9","13368197","13368464","chr5","95043092","95043350","59","81674895"
"chr9","13368811","13368935","chr7","11075027","11075151","15","2293784"
"chr9","13385409","13385656","chr10","11481314","11481561","45","1904095"
"chr9","13393908","13394208","chr2","59445321","59445626","37","46051413"
"chr9","13400737","13400901","chr18","36312570","36312735","22","22911833"
"chr9","13453525","13453800","chr2","169917137","169917406","52","156463612"
"chr9","13466411","13466640","chr8","19144899","19145131","51","5678488"
"chr9","13475393","13475670","chr7","11156159","11156457","60","2319234"
"chr9","13486649","13486872","chr5","129707584","129707812","43","116220935"
"chr9","13526605","13526786","chr11","681353","681538","38","12845252"
"chr9","13541904","13542190","chr7","58917227","58917519","54","45375323"
"chr9","13588326","13588621","chr1","135371826","135372122","56","121783500"
"chr9","13674488","13674643","chr5","29090486","29090646","29","15415998"
"chr9","13681070","13681369","chr9","108561006","108561303","48","94879936"
"chr9","13713220","13713529","chr10","21024965","21025274","49","7311745"
"chr9","13754833","13754899","chr4","134250688","134250758","10","120495855"
"chr9","13765546","13765801","chr7","11410486","11410741","35","2355060"
"chr9","13786189","13786481","chr3","142600603","142600893","48","128814414"
"chr9","13807831","13808125","chr7","11448903","11449193","33","2358928"
"chr9","13840034","13840257","chr7","11475708","11475942","33","2364326"
"chr9","13885359","13885655","chrX","46464393","46464684","48","32579034"
"chr9","13897776","13898067","chr7","11535045","11535326","45","2362731"
"chr9","13916655","13916960","chr10","20863520","20863828","47","6946865"
"chr9","13925126","13925424","chr6","121802757","121803058","48","107877631"
"chr9","13929949","13930240","chr7","25925292","25925587","48","11995343"
"chr9","13957543","13957830","chr4","17932948","17933234","49","3975405"
"chr9","13968522","13968821","chr9","45325979","45326278","41","31357457"
"chr9","13994125","13994414","chr19","17888947","17889242","51","3894822"
"chr9","14007229","14007530","chr5","93075725","93076019","44","79068496"
"chr9","14029453","14029736","chr10","82921268","82921557","45","68891815"
"chr9","14052489","14052812","chr2","11077390","11077699","56","2975099"
"chr9","14143754","14144064","chr10","21024965","21025274","43","6881211"
"chr9","14144780","14145053","chr9","106972265","106972551","46","92827485"
"chr9","14183637","14183926","chr7","11843036","11843317","33","2340601"
"chr9","14366706","14366990","chr4","10702550","10702832","47","3664156"
"chr9","14395565","14395890","chr9","14396117","14396432","54","552"
"chr9","14412491","14412776","chr8","97151075","97151355","47","82738584"
"chr9","14578062","14578245","chr20","3785470","3785644","34","10792592"
"chr9","14598776","14598895","chr17","58252543","58252665","25","43653767"
"chr9","14628454","14628730","chr10","55438752","55439023","46","40810298"
"chr9","14648078","14648382","chr5","11540307","11540609","57","3107771"
"chr9","14741663","14741956","chr2","37952042","37952340","57","23210379"
"chr9","14806555","14806853","chr1","155648769","155649066","52","140842214"
"chr9","14811539","14811817","chr9","39953667","39953955","50","25142128"
"chr9","14885959","14886263","chr5","120225189","120225498","46","105339230"
"chr9","14891486","14891802","chr5","83047784","83048085","54","68156298"
"chr9","14982863","14983157","chr15","33685927","33686218","54","18703064"
"chr9","15006705","15007011","chr7","12678031","12678335","38","2328674"
"chr9","15021093","15021390","chr7","12692819","12693113","37","2328274"
"chr9","15082071","15082394","chr4","126062982","126063287","57","110980911"
"chr9","15108871","15109162","chr10","88439024","88439316","38","73330153"
"chr9","15116837","15117166","chr10","125503014","125503329","60","110386177"
"chr9","15143694","15143978","chr7","12811011","12811279","59","2332683"
"chr9","15154634","15154959","chr3","54859340","54859675","64","39704706"
"chr9","15161834","15161945","chr4","981565","981670","21","14180269"
"chr9","15209265","15209562","chr7","12860234","12860524","44","2349031"
"chr9","15223709","15224015","chr5","122201605","122201907","63","106977896"
"chr9","15224480","15224777","chr11","19304678","19304978","43","4080198"
"chr9","15228881","15229180","chr7","12880987","12881287","40","2347894"
"chr9","15238727","15238842","chr2","183783177","183783291","29","168544450"
"chr9","15251120","15251189","chr3","3561580","3561645","9","11689540"
"chr9","15321419","15321699","chr19","31366058","31366340","50","16044639"
"chr9","15395823","15396113","chr8","110543944","110544225","49","95148121"
"chr9","15428621","15428929","chr7","13093033","13093327","45","2335588"
"chr9","15459821","15460130","chr2","43281105","43281414","43","27821284"
"chr9","15560387","15560461","chr17","23254390","23254464","10","7694003"
"chr9","15625809","15626080","chr5","72712443","72712712","40","57086634"
"chr9","15646962","15647187","chrX","134516481","134516714","43","118869519"
"chr9","15652746","15653045","chr2","67197269","67197565","39","51544523"
"chr9","15679481","15679747","chr19","23618134","23618393","52","7938653"
"chr9","15692699","15692995","chr2","2218970","2219260","52","13473729"
"chr9","15694678","15694793","chr2","9983560","9983675","18","5711118"
"chr9","15745228","15745533","chr7","13403817","13404110","49","2341411"
"chr9","15774057","15774342","chr20","7477077","7477364","47","8296980"
"chr9","15891730","15891907","chr2","131975596","131975772","36","116083866"
"chr9","16210403","16210629","chr2","116295083","116295304","42","100084680"
"chr9","16317292","16317518","chr8","4691812","4692036","45","11625480"
"chr9","16323615","16323715","chr1","64268959","64269060","15","47945344"
"chr9","16385135","16385414","chr4","11024595","11024872","50","5360540"
"chr9","16450961","16451263","chr10","7629807","7630109","53","8821154"
"chr9","16468231","16468541","chr1","181225709","181226017","62","164757478"
"chr9","16490307","16490442","chr1","86741299","86741434","16","70250992"
"chr9","16517580","16517864","chr7","14174892","14175179","41","2342688"
"chr9","16528076","16528378","chr6","8374119","8374424","48","8153957"
"chr9","16543606","16543796","chr17","34389949","34390137","34","17846343"
"chr9","16547680","16547990","chr5","43073647","43073957","58","26525967"
"chr9","16560973","16561284","chr10","7410350","7410658","42","9150623"
"chr9","16567798","16568095","chr7","25925292","25925587","41","9357494"
"chr9","16579763","16580035","chr2","33495117","33495388","47","16915354"
"chr9","16586762","16586840","chr6","147697687","147697775","18","131110925"
"chr9","16608329","16608633","chr6","121802757","121803058","49","105194428"
"chr9","16636682","16637003","chrX","38848777","38849093","67","22212095"
"chr9","16643758","16643890","chr5","10559689","10559821","13","6084069"
"chr9","16645853","16646108","chr5","43373814","43374021","85","26727961"
"chr9","16649439","16649582","chr18","8251190","8251332","28","8398249"
"chr9","16649666","16649792","chr5","12539057","12539185","20","4110609"
"chr9","16661921","16662014","chr3","164296341","164296444","26","147634420"
"chr9","16662016","16662143","chr1","160364946","160365081","23","143702930"
"chr9","16683764","16684060","chr20","26369514","26369801","61","9685750"
"chr9","16698956","16699267","chr10","118578692","118578996","57","101879736"
"chr9","16717563","16717815","chr5","121082090","121082352","60","104364527"
"chr9","16767110","16767413","chr7","70375823","70376126","50","53608713"
"chr9","16776914","16777208","chr1","170771447","170771746","44","153994533"
"chr9","16788669","16788836","chr10","126091805","126091971","29","109303136"
"chr9","16940840","16940893","chr5","115268652","115268705","10","98327812"
"chr9","16940931","16941179","chr14","37561516","37561759","49","20620585"
"chr9","17136980","17137288","chr2","8714186","8714498","47","8422794"
"chr9","17143286","17143609","chr7","15348104","15348417","50","1795182"
"chr9","17175470","17175778","chr5","55380182","55380490","45","38204712"
"chr9","17197958","17198259","chr1","185105558","185105857","40","167907600"
"chr9","17248919","17249202","chr7","15438324","15438607","36","1810595"
"chr9","17291410","17291532","chr7","15458500","15458622","15","1832910"
"chr9","17301119","17301391","chr2","37150632","37150918","61","19849513"
"chr9","17406102","17406416","chr6","151108613","151108922","51","133702511"
"chr9","17451732","17452029","chr2","147728720","147729015","45","130276988"
"chr9","17503975","17504285","chr5","802010","802319","43","16701965"
"chr9","17645374","17645654","chr7","15866570","15866853","40","1778804"
"chr9","17890414","17890750","chr2","11795961","11796289","65","6094453"
"chr9","18000234","18000536","chr1","64703055","64703353","52","46702821"
"chr9","18041137","18041365","chr2","55396252","55396483","45","37355115"
"chr9","18062584","18062879","chrX","16102878","16103172","48","1959706"
"chr9","18269106","18269403","chr13","95836072","95836367","48","77566966"
"chr9","18291549","18291846","chr1","170771447","170771746","44","152479898"
"chr9","18432840","18432936","chr5","1759512","1759601","14","16673328"
"chr9","18807929","18808178","chr7","16933348","16933595","37","1874581"
"chr9","18827137","18827433","chr21","35283943","35284237","42","16456806"
"chr9","18838363","18838646","chr7","85080523","85080815","67","66242160"
"chr9","18909063","18909361","chr18","14370681","14370970","61","4538382"
"chr9","18976127","18976422","chr14","88424147","88424442","49","69448020"
"chr9","19006466","19006761","chr19","38589311","38589602","47","19582845"
"chr9","19088471","19088741","chr1","46007219","46007485","59","26918748"
"chr9","19258388","19258696","chr12","100817634","100817942","48","81559246"
"chr9","19270221","19270527","chr2","150624041","150624344","52","131353820"
"chr9","19295529","19295831","chr9","45325979","45326278","48","26030450"
"chr9","19304450","19304565","chr19","11780816","11780932","15","7523634"
"chr9","19306043","19306349","chr5","73075939","73076252","55","53769896"
"chr9","19367963","19368273","chr5","120225189","120225498","45","100857226"
"chr9","19389421","19389704","chr19","12425591","12425876","55","6963830"
"chr9","19466986","19467297","chr4","68873266","68873577","50","49406280"
"chr9","19747504","19747810","chr5","55380182","55380490","47","35632678"
"chr9","20104296","20104599","chr5","73075939","73076252","45","52971643"
"chr9","20247604","20247914","chr2","36478057","36478360","59","16230453"
"chr9","20248776","20249098","chr2","11077390","11077699","64","9171386"
"chr9","20281700","20281942","chr7","18388175","18388426","56","1893525"
"chr9","20329495","20329787","chr8","841978","842272","55","19487517"
"chr9","20470141","20470428","chr14","81489642","81489927","45","61019501"
"chr9","20504082","20504314","chr9","35386809","35387038","49","14882727"
"chr9","20521384","20521694","chr5","78806417","78806729","47","58285033"
"chr9","20636699","20636869","chr7","18737299","18737466","32","1899400"
"chr9","20648259","20648559","chr7","54534404","54534702","50","33886145"
"chr9","20688047","20688336","chr8","108273322","108273614","52","87585275"
"chr9","20798992","20799287","chr7","18884238","18884536","43","1914754"
"chr9","20824841","20825124","chr2","129078851","129079134","42","108254010"
"chr9","20829137","20829183","chr20","17776029","17776075","6","3053108"
"chr9","20875188","20875250","chr1","117160156","117160211","10","96284968"
"chr9","20878861","20879142","chr10","41223827","41224092","56","20344966"
"chr9","20896346","20896653","chr10","21024965","21025274","53","128619"
"chr9","20906782","20907083","chr5","139889919","139890213","55","118983137"
"chr9","20944041","20944335","chr7","19002392","19002692","34","1941649"
"chr9","20996409","20996711","chr11","14961481","14961790","52","6034928"
"chr9","21029096","21029380","chr18","21873202","21873489","55","844106"
"chr9","21091217","21091504","chrX","69335695","69335988","57","48244478"
"chr9","21096240","21096521","chr2","131885319","131885607","50","110789079"
"chr9","21112320","21112619","chr22","34352998","34353299","52","13240678"
"chr9","21125204","21125514","chrX","45155908","45156218","62","24030704"
"chr9","21148408","21148708","chr1","135371826","135372122","51","114223418"
"chr9","21153595","21153887","chr11","96529104","96529392","56","75375509"
"chr9","21155265","21155577","chr1","135282348","135282656","50","114127083"
"chr9","21175070","21175193","chr4","58147409","58147534","22","36972339"
"chr9","21208187","21208478","chr1","116618974","116619261","45","95410787"
"chr9","21247742","21247955","chr11","44065959","44066163","48","22818217"
"chr9","21257639","21257918","chr7","19332885","19333173","45","1924754"
"chr9","21314555","21314843","chr7","66042324","66042608","54","44727769"
"chr9","21381361","21381669","chr14","32375490","32375800","48","10994129"
"chr9","21389364","21389436","chr11","9334393","9334466","11","12054971"
"chr9","21392266","21392561","chr4","98746325","98746622","37","77354059"
"chr9","21414250","21414521","chr1","77715794","77716063","54","56301544"
"chr9","21425918","21426199","chr11","115294455","115294737","49","93868537"
"chr9","21523849","21524144","chr13","9864047","9864342","44","11659802"
"chr9","21549888","21550189","chr4","88537915","88538212","47","66988027"
"chr9","21793530","21793822","chr7","10555019","10555300","57","11238511"
"chr9","21816264","21816555","chr22","35858140","35858429","61","14041876"
"chr9","21820347","21820634","chr1","156829227","156829517","56","135008880"
"chr9","21822965","21823255","chr1","65119726","65120013","42","43296761"
"chr9","21842715","21842982","chr1","147402149","147402405","48","125559434"
"chr9","21911075","21911378","chr5","85719381","85719673","62","63808306"
"chr9","22062548","22062850","chr5","47468689","47468989","43","25406141"
"chr9","22112924","22113220","chr5","83138079","83138381","58","61025155"
"chr9","22121794","22122098","chr7","20213212","20213512","43","1908582"
"chr9","22122878","22123188","chr4","54370195","54370493","55","32247317"
"chr9","22299925","22300174","chr15","50846639","50846888","44","28546714"
"chr9","22325064","22325367","chr7","20411019","20411305","46","1914045"
"chr9","22334191","22334476","chr2","201679619","201679891","57","179345428"
"chr9","22366394","22366667","chr7","20453863","20454122","54","1912531"
"chr9","22447380","22447432","chr2","69018565","69018614","9","46571185"
"chr9","22526580","22526832","chr7","89996468","89996724","52","67469888"
"chr9","22536522","22536794","chr3","188235049","188235330","60","165698527"
"chr9","22596125","22596434","chr2","146982644","146982948","49","124386519"
"chr9","22605995","22606285","chr22","44747997","44748286","42","22142002"
"chr9","22689112","22689421","chr1","139077712","139078014","49","116388600"
"chr9","22699825","22700098","chr20","32851240","32851521","58","10151415"
"chr9","22868966","22869264","chr9","25525997","25526295","50","2657031"
"chr9","22870606","22870918","chr20","38639419","38639722","58","15768813"
"chr9","22882809","22883124","chr1","170771447","170771746","60","147888638"
"chr9","22889566","22889850","chr2","146135409","146135687","54","123245843"
"chr9","22906347","22906639","chr7","20958274","20958562","49","1948073"
"chr9","22926138","22926262","chr13","89519003","89519127","19","66592865"
"chr9","22953264","22953567","chrX","17022911","17023204","46","5930353"
"chr9","22999726","23000000","chr7","21368849","21369132","48","1630877"
"chr9","23002407","23002692","chr6","135531665","135531946","53","112529258"
"chr9","23031449","23031738","chr1","156829227","156829517","50","133797778"
"chr9","23040181","23040468","chr7","21097811","21098098","52","1942370"
"chr9","23051354","23051494","chr7","21108845","21108985","17","1942509"
"chr9","23101832","23102096","chr1","29160342","29160617","61","6058510"
"chr9","23147599","23147714","chr2","9983560","9983675","23","13164039"
"chr9","23168783","23169091","chr1","13176262","13176573","52","9992521"
"chr9","23175207","23175470","chr11","95629919","95630186","52","72454712"
"chr9","23181186","23181495","chrUn_GL286397","1130596","1130909","57","22050590"
"chr9","23289817","23290143","chr13","44149371","44149675","73","20859554"
"chr9","23313300","23313591","chr7","21368849","21369132","35","1944451"
"chr9","23417582","23417686","chr4","107609191","107609289","20","84191609"
"chr9","23707602","23707904","chrX","85991242","85991544","53","62283640"
"chr9","23740302","23740608","chr5","78565303","78565608","53","54825001"
"chr9","23761788","23762098","chr5","55380182","55380490","45","31618394"
"chr9","23867582","23867874","chr12","107125942","107126232","48","83258360"
"chr9","23880178","23880490","chr5","73075939","73076252","49","49195761"
"chr9","23883458","23883691","chr7","21935234","21935463","31","1948224"
"chr9","23991242","23991558","chr7","22043011","22043322","50","1948231"
"chr9","24016374","24016445","chr3","83724372","83724442","11","59707998"
"chr9","24032971","24033060","chr4","110642008","110642097","13","86609037"
"chr9","24084440","24084710","chr10","32038854","32039122","46","7954414"
"chr9","24162509","24162590","chr2","89918061","89918136","14","65755552"
"chr9","24207587","24207859","chr11","122528868","122529135","50","98321281"
"chr9","24218682","24218989","chr5","78565303","78565608","50","54346621"
"chr9","24228494","24228800","chr2","67761157","67761454","60","43532663"
"chr9","24251206","24251504","chr7","33547338","33547635","49","9296132"
"chr9","24253003","24253296","chr7","25925292","25925587","34","1672289"
"chr9","24305074","24305373","chr7","22349140","22349431","41","1955934"
"chr9","24351162","24351349","chr3","91398887","91399051","58","67047725"
"chr9","24375141","24375451","chr12","106996545","106996851","48","82621404"
"chr9","24378152","24378446","chr20","26369514","26369801","53","1991362"
"chr9","24387943","24388284","chr15","37514276","37514606","59","13126333"
"chr9","24461060","24461365","chr5","55380182","55380490","62","30919122"
"chr9","24506724","24507017","chr7","22537640","22537939","42","1969084"
"chr9","24521129","24521428","chr10","76904858","76905160","50","52383729"
"chr9","24603921","24604237","chr22","7224123","7224426","59","17379798"
"chr9","24628316","24628442","chr5","10559689","10559821","20","14068627"
"chr9","24660396","24660692","chr7","22693125","22693421","37","1967271"
"chr9","24681570","24681880","chr11","117634889","117635198","55","92953319"
"chr9","24797589","24797883","chr11","82134409","82134707","54","57336820"
"chr9","25020059","25020357","chr2","154650890","154651184","50","129630831"
"chr9","25088952","25089080","chr3","164761096","164761211","32","139672144"
"chr9","25099305","25099588","chr7","23198692","23198978","40","1900613"
"chr9","25156031","25156330","chr5","50537784","50538079","46","25381753"
"chr9","25204992","25205215","chr10","18111773","18111994","43","7093219"
"chr9","25299743","25300033","chr22","31312902","31313193","38","6013159"
"chr9","25358228","25358536","chr7","23450846","23451142","47","1907382"
"chr9","25369011","25369312","chr7","23460048","23460353","41","1908963"
"chr9","25370233","25370568","chr4","151238342","151238657","65","125868109"
"chr9","25396267","25396371","chr10","118139021","118139126","16","92742754"
"chr9","25418133","25418330","chr5","84137563","84137750","39","58719430"
"chr9","25512730","25512832","chr3","21001103","21001203","22","4511627"
"chr9","25637916","25638217","chr17","28540483","28540776","58","2902567"
"chr9","25775581","25775877","chr4","161032062","161032360","46","135256481"
"chr9","25809732","25810020","chr5","131079271","131079568","65","105269539"
"chr9","25835786","25836084","chr5","2193404","2193714","58","23642382"
"chr9","25882077","25882331","chr20","32924964","32925214","45","7042887"
"chr9","25920275","25920563","chr4","132263941","132264231","53","106343666"
"chr9","25970504","25970804","chr2","59445321","59445626","52","33474817"
"chr9","25993251","25993550","chr2","6639751","6640061","61","19353500"
"chr9","25995244","25995549","chr9","45325979","45326278","47","19330735"
"chr9","26029217","26029477","chr5","37448979","37449234","55","11419762"
"chr9","26035269","26035562","chr7","41439600","41439886","46","15404331"
"chr9","26065432","26065717","chr3","182482441","182482730","61","156417009"
"chr9","26104716","26105004","chr7","24177986","24178274","31","1926730"
"chr9","26154627","26154938","chr9","101210178","101210488","45","75055551"
"chr9","26166435","26166746","chr10","43561401","43561704","53","17394966"
"chr9","26168615","26168909","chr18","5428750","5429040","42","20739865"
"chr9","26170571","26170877","chr4","68873266","68873577","56","42702695"
"chr9","26186557","26186600","chr9","111792953","111792996","7","85606396"
"chr9","26215161","26215460","chr9","112188618","112188919","50","85973457"
"chr9","26236324","26236615","chr7","24290325","24290609","51","1945999"
"chr9","26240029","26240308","chr20","32851240","32851521","39","6611211"
"chr9","26249195","26249483","chr3","118139040","118139328","53","91889845"
"chr9","26282368","26282679","chr5","108072638","108072943","52","81790270"
"chr9","26320578","26320882","chr7","24386798","24387089","44","1933780"
"chr9","26361745","26362032","chr7","24177986","24178274","39","2183759"
"chr9","26363745","26364039","chrUn_GL286401","184","484","33","26363561"
"chr9","26410193","26410492","chr6","70367906","70368206","54","43957713"
"chr9","26441630","26441934","chr10","20863520","20863828","39","5578110"
"chr9","26467568","26467874","chr9","40113351","40113661","49","13645783"
"chr9","26471546","26471837","chr10","129312631","129312922","51","102841085"
"chr9","26476689","26476978","chr2","151333028","151333320","53","124856339"
"chr9","26507699","26507967","chr2","164683323","164683607","81","138175624"
"chr9","26542693","26543004","chr5","124645645","124645952","48","98102952"
"chr9","26558721","26559006","chr13","95861251","95861532","57","69302530"
"chr9","26572660","26572965","chr5","83138079","83138381","44","56565419"
"chr9","26584176","26584432","chr5","66898942","66899200","40","40314766"
"chr9","26585804","26586101","chr7","24446538","24446828","44","2139266"
"chr9","26611125","26611378","chr5","153287092","153287345","40","126675967"
"chr9","26858138","26858425","chr2","15092836","15093130","52","11765302"
"chr9","27008370","27008670","chr9","40949830","40950127","42","13941460"
"chr9","27058052","27058355","chr1","13807754","13808053","40","13250298"
"chr9","27180645","27180885","chr18","5187600","5187840","58","21993045"
"chr9","27257633","27257937","chr5","55380182","55380490","54","28122549"
"chr9","27299664","27299956","chr7","25203621","25203916","48","2096043"
"chr9","27346372","27346481","chr5","84481557","84481668","15","57135185"
"chr9","27377128","27377419","chr2","2218970","2219260","42","25158158"
"chr9","27379341","27379633","chrX","62040044","62040330","47","34660703"
"chr9","27382798","27382883","chr2","8432847","8432929","17","18949951"
"chr9","27499468","27499779","chr7","25394441","25394749","48","2105027"
"chr9","27506841","27507017","chr12","10216731","10216909","35","17290110"
"chr9","27553513","27553820","chr4","130442043","130442349","56","102888530"
"chr9","27578008","27578310","chr7","40744500","40744801","45","13166492"
"chr9","27585885","27586188","chr4","108266511","108266818","52","80680626"
"chr9","27628297","27628604","chrX","121086028","121086338","52","93457731"
"chr9","27666781","27667058","chr7","97022652","97022933","46","69355871"
"chr9","27697715","27698016","chr5","139889919","139890213","42","112192204"
"chr9","27707332","27707606","chr9","58102610","58102877","51","30395278"
"chr9","27741911","27742218","chr7","70375823","70376126","53","42633912"
"chr9","27776280","27776589","chr8","114553260","114553568","49","86776980"
"chr9","27791884","27792170","chr10","116746267","116746562","50","88954383"
"chr9","27830214","27830524","chr7","58652622","58652923","61","30822408"
"chr9","27870840","27871149","chr10","20863520","20863828","52","7007320"
"chr9","27880610","27880912","chr2","71331505","71331809","44","43450895"
"chr9","27900619","27900918","chr9","107891243","107891541","51","79990624"
"chr9","27903333","27903591","chr9","85583535","85583783","51","57680202"
"chr9","27910703","27911004","chr10","94235006","94235309","50","66324303"
"chr9","27975661","27975755","chr5","1759512","1759601","17","26216149"
"chr9","27977918","27978232","chr6","124129922","124130236","65","96152004"
"chr9","28010114","28010390","chr7","25868652","25868944","51","2141462"
"chr9","28036554","28036840","chr19","36160683","36160975","48","8124129"
"chr9","28045602","28045864","chr7","78230765","78231034","51","50185163"
"chr9","28049069","28049356","chr10","41485100","41485371","53","13436031"
"chr9","28057929","28058092","chr7","25916053","25916215","26","2141876"
"chr9","28060240","28060546","chr7","25918306","25918606","43","2141934"
"chr9","28107382","28107617","chr5","66183763","66183995","48","38076381"
"chr9","28162670","28162969","chr22","13266743","13267039","42","14895927"
"chr9","28195383","28195694","chr2","146982644","146982948","52","118787261"
"chr9","28202674","28202811","chr15","61806714","61806849","19","33604040"
"chr9","28216942","28217263","chr14","41135777","41136098","66","12918835"
"chr9","28240551","28240845","chr16","66568637","66568935","55","38328086"
"chr9","28298153","28298463","chr7","26124024","26124331","35","2174129"
"chr9","28426207","28426489","chr4","106702443","106702725","46","78276236"
"chr9","28461920","28462094","chr19","29836739","29836908","58","1374819"
"chr9","28472180","28472468","chr1","193337980","193338276","62","164865800"
"chr9","28483265","28483562","chr9","111529757","111530048","54","83046492"
"chr9","28576165","28576428","chr6","39984014","39984281","53","11407849"
"chr9","28594826","28595112","chr1","198302428","198302716","49","169707602"
"chr9","28801460","28801503","chr12","30839816","30839858","5","2038356"
"chr9","28809989","28810282","chr9","83573818","83574110","41","54763829"
"chr9","28898020","28898313","chr21","35283943","35284237","37","6385923"
"chr9","29041799","29042099","chr10","14376288","14376587","50","14665511"
"chr9","29047841","29048110","chr7","26800053","26800314","49","2247788"
"chr9","29155246","29155540","chr7","26910437","26910736","29","2244809"
"chr9","29197105","29197414","chr5","73075939","73076252","53","43878834"
"chr9","29296926","29297071","chr14","32065886","32066034","27","2768960"
"chr9","29324106","29324414","chr6","87734962","87735273","62","58410856"
"chr9","29352219","29352511","chr2","8630069","8630362","48","20722150"
"chr9","29362396","29362677","chr10","41485100","41485371","52","12122704"
"chr9","29503088","29503140","chr9","58005342","58005393","5","28502254"
"chr9","29505255","29505537","chr2","69851626","69851890","66","40346371"
"chr9","29517039","29517345","chr9","99101374","99101680","40","69584335"
"chr9","29612327","29612609","chr2","17686816","17687098","44","11925511"
"chr9","29636704","29637009","chr7","70375823","70376126","53","40739119"
"chr9","29650128","29650395","chr5","121741104","121741386","59","92090976"
"chr9","29668987","29669287","chr7","27377829","27378121","44","2291158"
"chr9","29712293","29712518","chr9","100425750","100425972","41","70713457"
"chr9","29748969","29749011","chr4","59849778","59849824","11","30100809"
"chr9","29750409","29750714","chr7","70375823","70376126","50","40625414"
"chr9","29771644","29771938","chr5","93075725","93076019","46","63304081"
"chr9","29777641","29777956","chr14","6471804","6472122","57","23305837"
"chr9","29859981","29860291","chrX","63118288","63118597","47","33258307"
"chr9","29962007","29962324","chr5","120225189","120225498","49","90263182"
"chr9","29968148","29968448","chrX","51259545","51259842","49","21291397"
"chr9","30019875","30020192","chr5","25564881","25565190","56","4454994"
"chr9","30035320","30035630","chr7","27607433","27607740","46","2427887"
"chr9","30062216","30062487","chr5","122438480","122438746","44","92376264"
"chr9","30070302","30070610","chr9","101210178","101210488","43","71139876"
"chr9","30217269","30217588","chr5","95699590","95699890","60","65482321"
"chr9","30315607","30315903","chr7","27808295","27808582","42","2507312"
"chr9","30489818","30489891","chr12","18082179","18082248","11","12407639"
"chr9","31128169","31128466","chrX","10624721","10625025","64","20503448"
"chr9","31194273","31194599","chr10","125503014","125503329","61","94308741"
"chr9","31209365","31209679","chr20","44349204","44349515","53","13139839"
"chr9","31237982","31238047","chrX","16209241","16209301","17","15028741"
"chr9","31272165","31272458","chr7","25925292","25925587","49","5346873"
"chr9","31312000","31312311","chr2","1940205","1940517","45","29371795"
"chr9","31316081","31316339","chr11","63557886","63558141","60","32241805"
"chr9","31340207","31340520","chr12","85900556","85900854","58","54560349"
"chr9","31359835","31360143","chr14","44379656","44379963","60","13019821"
"chr9","31369866","31370156","chr5","65296228","65296517","49","33926362"
"chr9","31372417","31372512","chr5","84691093","84691188","16","53318676"
"chr9","31399311","31399493","chr3","183689850","183690027","34","152290539"
"chr9","31402867","31403176","chr4","151238342","151238657","56","119835475"
"chr9","31465467","31465633","chr12","50187581","50187735","41","18722114"
"chr9","31475970","31476239","chr10","41485100","41485371","48","10009130"
"chr9","31491703","31492019","chr8","106549657","106549965","62","75057954"
"chr9","31541425","31541713","chr8","101891681","101891969","46","70350256"
"chr9","31587755","31587907","chr10","129760983","129761137","25","98173228"
"chr9","31587917","31588154","chr13","61817680","61817928","52","30229763"
"chr9","31592206","31592513","chr10","21024965","21025274","53","10567241"
"chr9","31644644","31644938","chr4","21602547","21602837","62","10042097"
"chr9","31650791","31651079","chr9","107340576","107340874","52","75689785"
"chr9","31665197","31665476","chr19","23703813","23704099","42","7961384"
"chr9","31676096","31676211","chr3","72030386","72030497","19","40354290"
"chr9","31774113","31774281","chr7","29134678","29134848","29","2639435"
"chr9","31893879","31894181","chr9","107891243","107891541","53","75997364"
"chr9","32061822","32062111","chr3","175777419","175777710","48","143715597"
"chr9","32394630","32394941","chr5","65616565","65616873","37","33221935"
"chr9","32408582","32408796","chr12","109544056","109544271","39","77135474"
"chr9","32410296","32410587","chr2","73704522","73704812","43","41294226"
"chr9","32432444","32432747","chr10","80449759","80450058","57","48017315"
"chr9","32464449","32464747","chr15","63239781","63240073","50","30775332"
"chr9","32473799","32474096","chr1","168510460","168510747","64","136036661"
"chr9","32474177","32474285","chr2","94061242","94061349","16","61587065"
"chr9","32496927","32497255","chr2","203225383","203225677","73","170728456"
"chr9","32612874","32613167","chr22","3211763","3212059","48","29401111"
"chr9","32666668","32666942","chr15","5718919","5719193","64","26947749"
"chr9","32787917","32788228","chr2","11077390","11077699","54","21710527"
"chr9","32863981","32864040","chr7","71879017","71879077","8","39015036"
"chr9","32922236","32922517","chr6","47776710","47776988","43","14854474"
"chr9","32945989","32946286","chr7","30337202","30337511","51","2608787"
"chr9","32992862","32993050","chr10","82452255","82452456","44","49459393"
"chr9","33026517","33026797","chr6","17854050","17854340","51","15172467"
"chr9","33075128","33075420","chr7","29042352","29042646","71","4032776"
"chr9","33159510","33159830","chr7","30531259","30531566","56","2628251"
"chr9","33219396","33219712","chr2","39815620","39815927","66","6596224"
"chr9","33245920","33246232","chr1","101902284","101902595","44","68656364"
"chr9","33246332","33246496","chr7","89154887","89155039","34","55908555"
"chr9","33369241","33369542","chr4","117242642","117242941","46","83873401"
"chr9","33374941","33375237","chrX","92800328","92800623","50","59425387"
"chr9","33394129","33394433","chr5","122201605","122201907","52","88807476"
"chr9","33434402","33434704","chr10","14690438","14690745","46","18743964"
"chr9","33468990","33469299","chr7","30842756","30843063","39","2626234"
"chr9","33499873","33500000","chr19","12723784","12723907","19","20776089"
"chr9","33539756","33540042","chr7","30907560","30907847","32","2632196"
"chr9","33711568","33711869","chr14","915738","916038","47","32795830"
"chr9","33811474","33811652","chr13","95908488","95908662","30","62097014"
"chr9","33811944","33812083","chr15","34753016","34753153","27","941072"
"chr9","33841893","33842226","chr2","105282418","105282750","69","71440525"
"chr9","33886602","33886864","chr1","185244843","185245107","51","151358241"
"chr9","33921826","33922131","chr8","106549657","106549965","57","72627831"
"chr9","33954561","33954811","chr20","7074714","7074964","45","26879847"
"chr9","33960113","33960393","chr2","79572103","79572387","50","45611990"
"chr9","33973845","33974149","chr12","79485299","79485587","54","45511454"
"chr9","34038783","34039057","chr7","31410101","31410375","50","2628682"
"chr9","34043592","34043823","chr5","53720573","53720801","44","19676981"
"chr9","34171515","34171872","chr7","61617807","61618152","91","27446292"
"chr9","34180158","34180408","chr5","44606303","44606540","51","10426145"
"chr9","34226334","34226375","chr4","113438098","113438138","7","79211764"
"chr9","34253989","34254270","chr1","148737826","148738107","51","114483837"
"chr9","34316596","34316892","chr10","80449759","80450058","47","46133163"
"chr9","34326549","34326845","chr21","49806208","49806506","39","15479659"
"chr9","34353624","34353709","chr5","1395300","1395386","11","32958324"
"chr9","34366934","34367007","chr9","44507265","44507335","14","10140331"
"chr9","34371104","34371412","chr2","10673170","10673480","55","23697934"
"chr9","34385125","34385214","chr5","72615428","72615510","24","38230303"
"chr9","34394657","34394936","chr22","27834891","27835161","49","6559766"
"chr9","34397130","34397419","chr4","44371451","44371741","45","9974321"
"chr9","34422952","34423254","chr1","54463990","54464289","54","20041038"
"chr9","34447128","34447277","chr7","31835338","31835486","21","2611790"
"chr9","34452443","34452753","chr4","12231749","12232058","58","22220694"
"chr9","34509101","34509340","chr7","31898325","31898568","41","2610776"
"chr9","34539797","34540090","chr13","57884093","57884384","51","23344296"
"chr9","34544341","34544651","chr7","31929855","31930159","43","2614486"
"chr9","34566151","34566462","chr11","66040957","66041261","55","31474806"
"chr9","34594593","34594886","chr4","40160157","40160449","44","5565564"
"chr9","34595318","34595635","chr5","38661010","38661320","56","4065692"
"chr9","34605597","34605761","chr17","43637431","43637588","40","9031834"
"chr9","34650724","34650981","chr9","111169093","111169350","43","76518369"
"chr9","34663779","34664064","chr2","145309447","145309732","50","110645668"
"chr9","34678496","34678787","chrX","57514461","57514749","52","22835965"
"chr9","34681605","34681779","chr3","183689850","183690027","28","149008245"
"chr9","34682343","34682624","chr4","410768","411054","48","34271575"
"chr9","34688600","34688910","chr8","93710494","93710805","57","59021894"
"chr9","34701805","34701879","chr5","31515312","31515386","13","3186493"
"chr9","34703224","34703552","chr7","137342012","137342330","56","102638788"
"chr9","34714647","34714932","chr2","9363059","9363338","47","25351588"
"chr9","34732328","34732609","chr9","112189128","112189403","45","77456800"
"chr9","34735887","34736206","chr5","89395004","89395323","72","54659117"
"chr9","34771707","34771754","chr7","67263103","67263151","5","32491396"
"chr9","35139584","35139883","chr7","66759838","66760136","54","31620254"
"chr9","35279137","35279341","chr7","32604630","32604834","30","2674507"
"chr9","35466409","35466705","chr19","44625119","44625416","37","9158710"
"chr9","35576986","35577314","chr5","73075939","73076252","68","37498953"
"chr9","35853452","35853756","chr9","98911910","98912215","52","63058458"
"chr9","36036243","36036553","chr9","120471604","120471912","62","84435361"
"chr9","36109524","36109827","chr19","17448176","17448478","50","18661348"
"chr9","36157169","36157475","chr22","18958053","18958358","44","17199116"
"chr9","36256158","36256489","chr5","78565303","78565608","77","42309145"
"chr9","36261849","36262165","chr5","79973720","79974028","58","43711871"
"chr9","36304845","36305150","chr20","9216417","9216724","45","27088428"
"chr9","36409369","36409675","chr17","67610664","67610971","55","31201295"
"chr9","36497650","36497958","chr5","120225189","120225498","49","83727539"
"chr9","36546128","36546302","chr5","82210611","82210812","57","45664483"
"chr9","36546987","36547250","chr11","78325612","78325883","73","41778625"
"chr9","36596526","36596814","chr12","31355368","31355659","43","5241158"
"chr9","36598267","36598547","chr6","18121499","18121765","75","18476768"
"chr9","36606041","36606257","chr19","36055335","36055558","42","550706"
"chr9","36695222","36695526","chr1","191854574","191854877","48","155159352"
"chr9","36714688","36714986","chr4","107983039","107983336","52","71268351"
"chr9","36864698","36865000","chr12","55072261","55072571","44","18207563"
"chr9","36866475","36866785","chr9","9679426","9679735","65","27187049"
"chr9","36868329","36868633","chr17","25584681","25584984","53","11283648"
"chr9","36945413","36945547","chr5","63243937","63244072","27","26298524"
"chr9","36995772","36996085","chr2","10940056","10940367","65","26055716"
"chr9","37000001","37000098","chr2","67453704","67453799","15","30453703"
"chr9","37017836","37017977","chr14","71349893","71350037","17","34332057"
"chr9","37307892","37308126","chr1","143330843","143331089","46","106022951"
"chr9","37615119","37615421","chr2","18947725","18948036","52","18667394"
"chr9","37629669","37629973","chr14","34753627","34753931","49","2876042"
"chr9","37667224","37667388","chr7","15678535","15678697","37","21988689"
"chr9","37740254","37740551","chr8","841978","842272","48","36898276"
"chr9","37776891","37777183","chr12","31221278","31221573","42","6555613"
"chr9","37778362","37778459","chr2","152866148","152866244","14","115087786"
"chr9","37778681","37778851","chr13","36180089","36180243","36","1598592"
"chr9","37778868","37778924","chr5","116787524","116787581","15","79008656"
"chr9","37782717","37782986","chr2","18732110","18732376","49","19050607"
"chr9","37791308","37791619","chr5","95128904","95129215","55","57337596"
"chr9","37841711","37842022","chr7","35515798","35516110","53","2325913"
"chr9","37886044","37886345","chrX","17705039","17705341","44","20181005"
"chr9","38108223","38108527","chr7","70375823","70376126","38","32267600"
"chr9","38877034","38877316","chr2","10118606","10118891","60","28758428"
"chr9","38976495","38976802","chrX","108702437","108702748","61","69725942"
"chr9","39097279","39097482","chr14","15780147","15780351","33","23317132"
"chr9","39241042","39241349","chr9","101210178","101210488","56","61969136"
"chr9","39613481","39613776","chr12","31319552","31319842","46","8293929"
"chr9","39665576","39665882","chr14","83083786","83084089","51","43418210"
"chr9","39719876","39720173","chrX","45542380","45542673","47","5822504"
"chr9","39744775","39745079","chr8","114553260","114553568","61","74808485"
"chr9","39863541","39863827","chr7","155162191","155162474","44","115298650"
"chr9","39948782","39948823","chr1","185608395","185608435","9","145659613"
"chr9","39948985","39949018","chr16","48061628","48061661","2","8112643"
"chr9","39949906","39949947","chr8","113035418","113035460","7","73085512"
"chr9","39965876","39966159","chr12","33754687","33754972","36","6211189"
"chr9","39999067","39999358","chr2","67409533","67409804","104","27410466"
"chr9","40021445","40021729","chr7","58917227","58917519","52","18895782"
"chr9","40142213","40142511","chr4","5931510","5931804","61","34210703"
"chr9","40218014","40218293","chr20","24834439","24834716","52","15383575"
"chr9","40368886","40369085","chr1","171220324","171220516","35","130851438"
"chr9","40369141","40369269","chr5","143581541","143581670","16","103212400"
"chr9","40393296","40393606","chr11","28125301","28125613","51","12267995"
"chr9","40432308","40432608","chr7","25918306","25918606","61","14514002"
"chr9","40588167","40588481","chr9","25525997","25526295","54","15062170"
"chr9","40598670","40598969","chrX","125368984","125369285","50","84770314"
"chr9","40694469","40694766","chr12","34578733","34579023","41","6115736"
"chr9","40876895","40877047","chr9","113205770","113205926","35","72328875"
"chr9","41362304","41362375","chr1","47010386","47010457","10","5648082"
"chr9","41397787","41398092","chr12","35298498","35298797","51","6099289"
"chr9","41502418","41502721","chrX","107560088","107560397","57","66057670"
"chr9","41564283","41564455","chr12","35472051","35472216","29","6092232"
"chr9","41665584","41665749","chrX","122753382","122753534","34","81087798"
"chr9","41684689","41684983","chr12","35583041","35583326","52","6101648"
"chr9","41889309","41889614","chr7","70375823","70376126","48","28486514"
"chr9","42179079","42179405","chr1","66795501","66795806","69","24616422"
"chr9","42413538","42413860","chr2","62876057","62876377","75","20462519"
"chr9","42471316","42471479","chr12","36804632","36804794","22","5666684"
"chr9","42496116","42496389","chr3","111446138","111446410","55","68950022"
"chr9","42505346","42505640","chr1","10017123","10017417","50","32488223"
"chr9","42514909","42514965","chr17","19022141","19022197","13","23492768"
"chr9","42524268","42524471","chr4","94826513","94826711","39","52302245"
"chr9","42524765","42525072","chrX","45155908","45156218","50","2631143"
"chr9","42532025","42532239","chr10","129363555","129363770","38","86831530"
"chr9","42545087","42545359","chr9","85941748","85942022","53","43396661"
"chr9","42579321","42579630","chr5","55380182","55380490","47","12800861"
"chr9","42770268","42770566","chr7","79083385","79083683","55","36313117"
"chr9","42846780","42846920","chr5","926618","926763","27","41920162"
"chr9","42877512","42877803","chr12","31319552","31319842","39","11557960"
"chr9","42937019","42937308","chr4","71933212","71933503","44","28996193"
"chr9","43042000","43042238","chr18","5591219","5591454","44","37450781"
"chr9","43059520","43059819","chr7","4271771","4272057","58","38787749"
"chr9","43078733","43079022","chr2","73704522","73704812","45","30625789"
"chr9","43142633","43142913","chr7","155356333","155356616","56","112213700"
"chr9","43146784","43147088","chr2","146982644","146982948","59","103835860"
"chr9","43151822","43152107","chr10","100408257","100408540","41","57256435"
"chr9","43212939","43213220","chr15","48116108","48116392","44","4903169"
"chr9","43241817","43242094","chr6","118075887","118076161","47","74834070"
"chr9","43319484","43319773","chr12","26130148","26130438","42","17189336"
"chr9","43424960","43425274","chr2","140711844","140712153","51","97286884"
"chr9","43440500","43440806","chr12","37297761","37298055","36","6142739"
"chr9","43544839","43545148","chr15","89615352","89615648","58","46070513"
"chr9","43584630","43584900","chr10","41485100","41485371","55","2099530"
"chr9","43589274","43589578","chr2","36478057","36478360","56","7111217"
"chr9","43607888","43608179","chr1","170771447","170771746","48","127163559"
"chr9","43638707","43639022","chr2","146982644","146982948","51","103343937"
"chr9","43652780","43653109","chr19","24478304","24478609","65","19174476"
"chr9","43658628","43658925","chr9","2505816","2506114","59","41152812"
"chr9","43757068","43757370","chr4","6895087","6895380","54","36861981"
"chr9","44146965","44147273","chr5","78565303","78565608","44","34418338"
"chr9","44202495","44202769","chr2","121038693","121038983","66","76836198"
"chr9","44229199","44229492","chr22","5993474","5993770","43","38235725"
"chr9","44450609","44450909","chr2","186043537","186043853","61","141592928"
"chr9","44706432","44706710","chr5","94412402","94412691","63","49705970"
"chr9","44883694","44884013","chr4","98746325","98746622","64","53862631"
"chr9","44962884","44963176","chr5","136672326","136672618","43","91709442"
"chr9","45081743","45082036","chr12","39151124","39151424","53","5930619"
"chr9","45096795","45097049","chr14","68859815","68860079","54","23763020"
"chr9","45122571","45122897","chr14","41135777","41136098","66","3986794"
"chr9","45469307","45469480","chr3","151322790","151322964","34","105853483"
"chr9","45647923","45648232","chr12","39835150","39835466","52","5812773"
"chr9","45743333","45743642","chr6","21930692","21931000","57","23812641"
"chr9","45757210","45757378","chr1","183035987","183036153","32","137278777"
"chr9","45760304","45760589","chr17","26598758","26599040","49","19161546"
"chr9","45967303","45967475","chr12","23929582","23929752","35","22037721"
"chr9","45969385","45969687","chr12","40208566","40208854","58","5760819"
"chr9","46522145","46522457","chr5","78565303","78565608","48","32043158"
"chr9","46602892","46603181","chr5","115208223","115208505","49","68605331"
"chr9","46965879","46966155","chr4","157901410","157901679","80","110935531"
"chr9","47036016","47036100","chr2","7609194","7609284","16","39426822"
"chr9","47196723","47197032","chr1","135645905","135646211","47","88449182"
"chr9","47284651","47284980","chr13","62510231","62510547","60","15225580"
"chr9","47294703","47294996","chr2","147728720","147729015","57","100434017"
"chr9","47343915","47344183","chr12","41629449","41629717","46","5714466"
"chr9","47695025","47695339","chr11","28125301","28125613","54","19569724"
"chr9","48227251","48227548","chr12","42455073","42455368","46","5772178"
"chr9","48407976","48408281","chr12","42661898","42662199","51","5746078"
"chr9","48423235","48423521","chr12","42674423","42674699","53","5748812"
"chr9","48579379","48579670","chr1","91150226","91150511","67","42570847"
"chr9","49034993","49035083","chr4","110642008","110642097","16","61607015"
"chr9","49143435","49143738","chr5","116663888","116664187","44","67520453"
"chr9","49223734","49224017","chr6","96071248","96071537","47","46847514"
"chr9","49423859","49424144","chr11","77842357","77842647","49","28418498"
"chr9","49511601","49511911","chr2","47055452","47055757","62","2456149"
"chr9","49517037","49517126","chr3","90648756","90648842","18","41131719"
"chr9","49550235","49550541","chrX","141612449","141612748","67","92062214"
"chr9","49594663","49594935","chr12","43894321","43894595","51","5700342"
"chr9","49619964","49620255","chr13","27324158","27324436","59","22295806"
"chr9","49671414","49671713","chr12","43970460","43970743","52","5700954"
"chr9","49675142","49675443","chr22","5138073","5138365","54","44537069"
"chr9","49699432","49699735","chr2","146982644","146982948","42","97283212"
"chr9","49718399","49718709","chr5","65120226","65120539","51","15401827"
"chr9","49785619","49785904","chr1","148438931","148439211","54","98653312"
"chr9","49897076","49897209","chr5","78818577","78818705","22","28921501"
"chr9","49902451","49902621","chr12","33911721","33911890","28","15990730"
"chr9","49918615","49918891","chr6","23147709","23147985","46","26770906"
"chr9","50005384","50005696","chr12","44328089","44328397","42","5677295"
"chr9","50020790","50020926","chr1","151075825","151075965","26","101055035"
"chr9","50021490","50021774","chr1","186610138","186610422","45","136588648"
"chr9","50031552","50031845","chr5","55380182","55380490","44","5348630"
"chr9","50040336","50040641","chrX","10624721","10625025","56","39415615"
"chr9","50114752","50115020","chrUn_GL289196","6458","6724","43","50108294"
"chr9","50118000","50118283","chr2","129078851","129079134","47","78960851"
"chr9","50193423","50193717","chr5","139889919","139890213","59","89696496"
"chr9","50295475","50295761","chr12","90146327","90146615","44","39850852"
"chr9","50340663","50340961","chr12","44569431","44569719","40","5771232"
"chr9","50381158","50381464","chr2","146982644","146982948","47","96601486"
"chr9","50496482","50496799","chr12","105081170","105081479","58","54584688"
"chr9","50864219","50864514","chr1","170771447","170771746","45","119907228"
"chr9","50880738","50881040","chr2","203225383","203225677","47","152344645"
"chr9","50917021","50917318","chr4","21633866","21634152","59","29283155"
"chr9","50978144","50978445","chr11","128723099","128723398","48","77744955"
"chr9","51263805","51264079","chr4","158481330","158481605","43","107217525"
"chr9","51431427","51431728","chr2","36478057","36478360","45","14953370"
"chr9","51468321","51468600","chr14","69540774","69541055","50","18072453"
"chr9","51490553","51490852","chr12","45753340","45753642","29","5737213"
"chr9","51525848","51526165","chr11","61791687","61791981","70","10265839"
"chr9","51635989","51636294","chr7","70375823","70376126","55","18739834"
"chr9","51648043","51648348","chr17","69045271","69045580","51","17397228"
"chr9","51734667","51734950","chr3","19993966","19994253","35","31740701"
"chr9","51799778","51800060","chr17","67593125","67593399","57","15793347"
"chr9","51841290","51841499","chr19","48815752","48815956","57","3025538"
"chr9","51873858","51874150","chr4","158769812","158770108","62","106895954"
"chr9","51915911","51916197","chr1","153470615","153470900","54","101554704"
"chr9","51958104","51958412","chr14","83083786","83084089","46","31125682"
"chr9","51993792","51994099","chr5","79303042","79303347","50","27309250"
"chr9","52008321","52008573","chr9","85583535","85583783","47","33575214"
"chr9","52008698","52008977","chr12","46284239","46284517","41","5724459"
"chr9","52059073","52059356","chr12","46321105","46321380","50","5737968"
"chr9","52094672","52094939","chr3","164858470","164858748","61","112763798"
"chr9","52320215","52320522","chr1","169442100","169442411","49","117121885"
"chr9","52482911","52483031","chr7","49303078","49303196","20","3179833"
"chr9","52536436","52536736","chr21","49806208","49806506","51","2730228"
"chr9","52538393","52538694","chr11","28125301","28125613","47","24413092"
"chr9","52669236","52669531","chr12","46946057","46946346","45","5723179"
"chr9","52778929","52779007","chr12","47060180","47060252","11","5718749"
"chr9","52845072","52845389","chr12","47129337","47129642","59","5715735"
"chr9","52995482","52995776","chr4","44371451","44371741","44","8624031"
"chr9","53068551","53068879","chr3","53684226","53684544","63","615675"
"chr9","53143146","53143441","chr1","176345012","176345310","57","123201866"
"chr9","53416363","53416658","chr12","47698792","47699090","40","5717571"
"chr9","53423656","53423788","chr13","59360842","59360973","23","5937186"
"chr9","53444843","53445123","chr5","107761416","107761690","56","54316573"
"chr9","53473689","53473998","chr8","106549657","106549965","44","53075968"
"chr9","53689213","53689475","chr11","128322674","128322935","50","74633461"
"chr9","53959080","53959286","chr12","48252065","48252280","34","5707015"
"chr9","54232126","54232388","chr5","2124648","2124911","42","52107478"
"chr9","54256317","54256609","chr12","48555363","48555661","45","5700954"
"chr9","54351543","54351850","chr5","73075939","73076252","44","18724396"
"chr9","54408806","54408964","chr9","42539956","42540117","36","11868850"
"chr9","54461747","54462026","chr6","45321525","45321811","54","9140222"
"chr9","54544870","54545168","chr10","1666053","1666355","47","52878817"
"chr9","54610044","54610338","chr6","148394152","148394445","48","93784108"
"chr9","54683026","54683337","chr12","48987620","48987923","42","5695406"
"chr9","54773118","54773402","chr12","4220882","4221177","50","50552236"
"chr9","54825515","54825779","chr5","84224125","84224390","51","29398610"
"chr9","54830768","54830966","chr8","97296821","97297024","45","42466053"
"chr9","54906632","54906928","chr14","915738","916038","44","53990894"
"chr9","54919991","54920307","chr2","66989134","66989436","52","12069143"
"chr9","54925718","54925942","chr1","200791022","200791225","54","145865304"
"chr9","54926118","54926150","chr8","97260104","97260146","12","42333986"
"chr9","54926786","54927021","chr1","151318710","151318940","38","96391924"
"chr9","54930694","54930993","chr12","49251215","49251519","30","5679479"
"chr9","54934373","54934504","chr14","37039010","37039125","25","17895363"
"chr9","54934505","54934559","chr7","54819198","54819253","7","115307"
"chr9","54961718","54961890","chr2","133004039","133004203","30","78042321"
"chr9","54978559","54978753","chr7","80357805","80358002","40","25379246"
"chr9","54984010","54984309","chr12","49310428","49310740","49","5673582"
"chr9","54999356","54999659","chr4","139259106","139259407","50","84259750"
"chr9","55011228","55011504","chr8","97925884","97926162","49","42914656"
"chr9","55047511","55047795","chr10","100408257","100408540","42","45360746"
"chr9","55047856","55048037","chr19","15173699","15173885","37","39874157"
"chr9","55055671","55055961","chr7","50803128","50803418","41","4252543"
"chr9","55103374","55103673","chr8","841978","842272","54","54261396"
"chr9","55182234","55182533","chr1","170771447","170771746","49","115589213"
"chr9","55186925","55187230","chr3","111477906","111478203","52","56290981"
"chr9","55189835","55190126","chrX","14757652","14757955","45","40432183"
"chr9","55229722","55229897","chr3","151322790","151322964","29","96093068"
"chr9","55330279","55330591","chr18","28078185","28078496","61","27252094"
"chr9","55388781","55389052","chr17","63262632","63262904","51","7873851"
"chr9","55454661","55454959","chr9","25525997","25526295","43","29928664"
"chr9","55478509","55478833","chr13","20178005","20178325","61","35300504"
"chr9","55494605","55494871","chr22","11939403","11939682","64","43555202"
"chr9","55498263","55498475","chr7","65680750","65680954","41","10182487"
"chr9","55584266","55584508","chr11","106480010","106480237","54","50895744"
"chr9","55667106","55667399","chr12","50068111","50068407","44","5598995"
"chr9","55716927","55717223","chr8","54270766","54271049","69","1446161"
"chr9","55747452","55747603","chr12","50149121","50149266","25","5598331"
"chr9","55793208","55793368","chr13","80570008","80570165","28","24776800"
"chr9","55800019","55800327","chr12","50192301","50192604","49","5607718"
"chr9","55808462","55808769","chr12","50200764","50201072","37","5607698"
"chr9","55812828","55813138","chr1","148525814","148526123","53","92712986"
"chr9","55900330","55900612","chr12","50292794","50293074","27","5607536"
"chr9","55901636","55901777","chr5","10559689","10559821","19","45341947"
"chr9","55978761","55979058","chr12","50375018","50375315","39","5603743"
"chr9","56049921","56050108","chr4","73500001","73500189","41","17450080"
"chr9","56057356","56057529","chr5","110972979","110973149","27","54915623"
"chr9","56064126","56064468","chr2","137055583","137055896","76","80991457"
"chr9","56073719","56074021","chr22","32283805","32284102","43","23789914"
"chr9","56085422","56085732","chr7","153803404","153803707","50","97717982"
"chr9","56091230","56091435","chr10","79621780","79621983","30","23530550"
"chr9","56103812","56103990","chr10","126091805","126091971","28","69987993"
"chr9","56104480","56104593","chr12","50515840","50515956","19","5588640"
"chr9","56117746","56117900","chr10","34685300","34685458","21","21432446"
"chr9","56119455","56119748","chr12","50530673","50530956","41","5588782"
"chr9","56125479","56125773","chr9","100098416","100098714","47","43972937"
"chr9","56132453","56132750","chr12","50543563","50543846","44","5588890"
"chr9","56165562","56165871","chr12","50578009","50578299","55","5587553"
"chr9","56173620","56173714","chr1","128973064","128973156","19","72799444"
"chr9","56187841","56188139","chr12","4068156","4068451","48","52119685"
"chr9","56196613","56196917","chr12","50609393","50609708","45","5587220"
"chr9","56198590","56198899","chr3","148559683","148559994","54","92361093"
"chr9","56202555","56202646","chr2","112082686","112082786","26","55880131"
"chr9","56214802","56215097","chr12","20230563","20230858","43","35984239"
"chr9","56234231","56234436","chr6","6361022","6361241","46","49873209"
"chr9","56245181","56245472","chr6","119011301","119011592","49","62766120"
"chr9","56386051","56386362","chr5","116663888","116664187","52","60277837"
"chr9","56415456","56415740","chr12","50833600","50833885","38","5581856"
"chr9","56441143","56441455","chr5","73075939","73076252","48","16634796"
"chr9","56482557","56482851","chr10","116754785","116755083","45","60272228"
"chr9","56547738","56547873","chr2","31690766","31690900","14","24856972"
"chr9","56565831","56566117","chr2","203225383","203225677","45","146659552"
"chr9","56566567","56566854","chr2","29627554","29627846","48","26939013"
"chr9","56592982","56593275","chr12","10884989","10885294","52","45707993"
"chr9","56593954","56594082","chr9","40018024","40018148","23","16575930"
"chr9","56598197","56598486","chr5","61025909","61026199","38","4427712"
"chr9","56688958","56689255","chr15","38323425","38323729","52","18365533"
"chr9","56748650","56748964","chr18","28078185","28078496","52","28670465"
"chr9","56786212","56786480","chr21","49937596","49937866","41","6848616"
"chr9","56796008","56796300","chr10","78305062","78305352","39","21509054"
"chr9","56796784","56797093","chr5","73075939","73076252","46","16279155"
"chr9","56804778","56805092","chr2","137711750","137712057","49","80906972"
"chr9","56812882","56813229","chr12","51220875","51221248","73","5592007"
"chr9","56903290","56903586","chr12","51315090","51315385","33","5588200"
"chr9","56937364","56937671","chr2","10673170","10673480","51","46264194"
"chr9","56958194","56958322","chr9","40018024","40018148","20","16940170"
"chr9","56986961","56987254","chr16","49507413","49507720","61","7479548"
"chr9","57044154","57044451","chr12","51463486","51463791","47","5580668"
"chr9","57061133","57061394","chr11","95629919","95630186","50","38568786"
"chr9","57108740","57109046","chr12","51531071","51531376","38","5577669"
"chr9","57127341","57127636","chr3","159058000","159058295","60","101930659"
"chr9","57170271","57170581","chr14","35648242","35648548","49","21522029"
"chr9","57197504","57197619","chr5","84481557","84481668","13","27284053"
"chr9","57218344","57218621","chr15","38910043","38910338","47","18308301"
"chr9","57238037","57238119","chr12","90729903","90729986","13","33491866"
"chr9","57240348","57240661","chr12","51652419","51652716","51","5587929"
"chr9","57254855","57255007","chr22","8461501","8461657","28","48793354"
"chr9","57265688","57265971","chr12","51675951","51676232","34","5589737"
"chr9","57290643","57290925","chr11","5274208","5274485","48","52016435"
"chr9","57309488","57309770","chr11","96050574","96050855","50","38741086"
"chr9","57351112","57351415","chr16","92084445","92084750","46","34733333"
"chr9","57425063","57425368","chr2","10673170","10673480","49","46751893"
"chr9","57531990","57532293","chr6","75230350","75230656","44","17698360"
"chr9","57536051","57536345","chrX","92842901","92843192","41","35306850"
"chr9","57540821","57541101","chr12","51934636","51934920","35","5606185"
"chr9","57577442","57577734","chr8","29423957","29424248","47","28153485"
"chr9","57591695","57591976","chr22","38654238","38654519","49","18937457"
"chr9","57618389","57618677","chr4","98746325","98746622","46","41127936"
"chr9","57696857","57697163","chr5","78565303","78565608","51","20868446"
"chr9","57876748","57877071","chr5","126934933","126935247","50","69058185"
"chr9","57930770","57931047","chr1","197465921","197466196","45","139535151"
"chr9","58040852","58041136","chr4","158481330","158481605","47","100440478"
"chr9","58058824","58058989","chr1","193004916","193005079","25","134946092"
"chr9","58075271","58075581","chr10","21024965","21025274","41","37050306"
"chr9","58103698","58103986","chr12","52523745","52524033","47","5579953"
"chr9","58109912","58110187","chr12","46016279","46016557","42","12093633"
"chr9","58281689","58281999","chr10","20863520","20863828","45","37418169"
"chr9","58360133","58360268","chr2","31690766","31690900","18","26669367"
"chr9","58542482","58542765","chr18","22209952","22210230","47","36332530"
"chr9","58543010","58543313","chr6","135531665","135531946","83","76988655"
"chr9","58752829","58753124","chr18","23320616","23320910","59","35432213"
"chr9","58924277","58924567","chr12","53323385","53323678","32","5600892"
"chr9","58945876","58946021","chr11","20996417","20996549","31","37949459"
"chr9","59105009","59105315","chr12","53501570","53501876","32","5603439"
"chr9","59217490","59217808","chr1","157690991","157691302","56","98473501"
"chr9","59226554","59226839","chr12","48724930","48725219","57","10501624"
"chr9","59270653","59270770","chr7","81015338","81015453","19","21744685"
"chr9","59357642","59357773","chr9","44740587","44740719","15","14617055"
"chr9","59358474","59358560","chr10","45048049","45048136","11","14310425"
"chr9","59385469","59385587","chr10","102409963","102410075","21","43024494"
"chr9","59401459","59401761","chr7","58652622","58652923","50","748837"
"chr9","59402022","59402302","chrX","45902603","45902881","45","13499419"
"chr9","59411103","59411391","chr1","155648769","155649066","53","96237666"
"chr9","59460267","59460305","chr17","48032048","48032082","5","11428219"
"chr9","59497470","59497780","chr20","11868686","11868992","43","47628784"
"chr9","59505869","59505974","chr3","41268370","41268479","17","18237499"
"chr9","59510602","59510910","chr2","71331505","71331809","48","11820903"
"chr9","59542364","59542663","chr12","53914306","53914602","48","5628058"
"chr9","59645180","59645478","chr5","65616565","65616873","59","5971385"
"chr9","59652446","59652757","chr10","20863520","20863828","47","38788926"
"chr9","59687964","59688298","chr2","150624041","150624344","67","90936077"
"chr9","59765009","59765300","chr16","45674189","45674487","52","14090820"
"chr9","59996354","59996647","chrX","8219981","8220272","46","51776373"
"chr9","60002124","60002423","chr12","54376935","54377243","47","5625189"
"chr9","60054979","60055288","chr12","54436206","54436508","46","5618773"
"chr9","60057714","60058023","chr9","101210178","101210488","46","41152464"
"chr9","60064826","60065128","chr12","54462293","54462590","48","5602533"
"chr9","60082126","60082392","chr4","46250728","46250984","49","13831398"
"chr9","60179913","60180216","chr12","54563911","54564213","39","5616002"
"chr9","60194109","60194454","chr5","92568894","92569246","85","32374785"
"chr9","60239816","60240121","chr8","106549657","106549965","47","46309841"
"chr9","60432649","60432950","chr12","54818449","54818746","36","5614200"
"chr9","60466194","60466495","chr9","99956407","99956710","48","39490213"
"chr9","60474074","60474364","chr9","108679597","108679892","55","48205523"
"chr9","60558328","60558617","chr12","54966901","54967183","32","5591427"
"chr9","60566546","60566857","chr3","111477906","111478203","56","50911360"
"chr9","60595198","60595512","chr20","13625673","13625989","48","46969525"
"chr9","60598045","60598133","chr17","23096146","23096237","18","37501899"
"chr9","60679646","60679948","chr1","157094647","157094947","49","96415001"
"chr9","60728825","60729110","chr7","70258474","70258767","55","9529649"
"chr9","60733052","60733365","chr5","64592198","64592502","52","3859146"
"chr9","60765478","60765777","chr8","841978","842272","55","59923500"
"chr9","60769987","60770257","chr2","129557438","129557722","57","68787451"
"chr9","60798665","60798973","chr12","55186297","55186600","53","5612368"
"chr9","60807040","60807348","chr2","71298755","71299066","56","10491715"
"chr9","60897364","60897667","chr2","59233468","59233769","46","1663896"
"chr9","60943665","60943954","chr2","59126227","59126521","41","1817438"
"chr9","60976150","60976454","chr12","55345875","55346178","48","5630275"
"chr9","61052508","61052787","chr9","121403512","121403795","59","60351004"
"chr9","61076402","61076710","chr12","55417183","55417485","41","5659219"
"chr9","61088797","61089099","chr7","25925292","25925587","44","35163505"
"chr9","61093501","61093803","chr18","37062415","37062712","49","24031086"
"chr9","61098128","61098241","chr9","42482050","42482162","29","18616078"
"chr9","61113926","61114058","chr14","37569737","37569867","23","23544189"
"chr9","61139200","61139330","chr17","58250524","58250647","28","2888676"
"chr9","61142303","61142572","chr16","49225932","49226206","46","11916371"
"chr9","61159015","61159134","chr13","87293129","87293246","24","26134114"
"chr9","61159237","61159392","chr3","134810410","134810571","35","73651173"
"chr9","61171456","61171682","chrX","120162403","120162628","44","58990947"
"chr9","61239820","61239852","chrX","20296370","20296399","15","40943450"
"chr9","61240131","61240247","chr5","34960432","34960547","22","26279699"
"chr9","61260237","61260465","chr12","55649697","55649925","33","5610540"
"chr9","61260468","61260611","chr12","55649928","55650065","29","5610540"
"chr9","61268226","61268506","chrX","11077007","11077300","67","50191219"
"chr9","61270091","61270400","chr9","315991","316297","52","60954100"
"chr9","61286470","61286769","chr1","157230583","157230881","55","95944113"
"chr9","61300158","61300460","chr12","55692790","55693078","47","5607368"
"chr9","61319863","61320007","chr2","168838038","168838189","34","107518175"
"chr9","61351761","61352065","chr10","10473186","10473493","52","50878575"
"chr9","61358097","61358230","chr2","31690766","31690900","18","29667331"
"chr9","61372517","61372786","chr11","62629843","62630094","59","1257326"
"chr9","61432434","61432561","chr5","112097847","112097981","24","50665413"
"chr9","61440631","61440926","chr12","55834679","55834972","40","5605952"
"chr9","61446484","61446747","chr16","49225932","49226206","51","12220552"
"chr9","61474839","61475162","chr4","17518722","17519032","60","43956117"
"chr9","61484083","61484220","chr11","20996417","20996549","20","40487666"
"chr9","61501124","61501408","chr4","95482837","95483118","41","33981713"
"chr9","61515425","61515716","chrX","23387632","23387922","53","38127793"
"chr9","61574961","61575262","chr10","5304587","5304889","44","56270374"
"chr9","61586932","61587083","chr1","157150821","157150983","32","95563889"
"chr9","61600282","61600580","chr2","55092678","55092985","54","6507604"
"chr9","61614935","61615028","chr12","23909293","23909388","17","37705642"
"chr9","61621933","61622227","chr1","117574490","117574785","46","55952557"
"chr9","61659370","61659681","chr6","75230350","75230656","46","13570980"
"chr9","61689061","61689370","chr5","11439006","11439313","53","50250055"
"chr9","61692185","61692496","chr5","120225189","120225498","50","58533004"
"chr9","61710635","61710805","chr12","18349416","18349582","29","43361219"
"chr9","61732385","61732671","chr10","19925830","19926120","51","41806555"
"chr9","61744995","61745306","chr1","136803882","136804189","45","75058887"
"chr9","61758547","61758841","chr12","56159554","56159848","32","5598993"
"chr9","61790544","61790852","chr6","75230350","75230656","49","13439806"
"chr9","61797425","61797511","chr5","1759512","1759601","6","60037913"
"chr9","61817483","61817788","chr12","56227118","56227436","47","5590365"
"chr9","61830507","61830794","chr4","68933419","68933714","57","7102912"
"chr9","61831120","61831337","chr1","98606452","98606663","69","36775332"
"chr9","61866837","61867151","chr5","91678600","91678912","54","29811763"
"chr9","61893993","61894290","chr16","71491647","71491941","54","9597654"
"chr9","61905328","61905619","chr12","51888773","51889064","47","10016555"
"chr9","61909714","61909947","chr12","56323732","56323966","20","5585982"
"chr9","61928743","61929051","chr12","100817634","100817942","59","38888891"
"chr9","61947073","61947289","chr18","7374949","7375165","34","54572124"
"chr9","61980409","61980692","chr4","10702550","10702832","52","51277859"
"chr9","62019292","62019544","chr4","3699826","3700060","81","58319466"
"chr9","62049498","62049798","chr12","56462774","56463064","42","5586724"
"chr9","62059184","62059462","chr9","46108849","46109127","48","15950335"
"chr9","62359892","62359995","chr3","121180061","121180167","28","58820169"
"chr9","62432693","62432801","chr7","150421898","150422005","20","87989205"
"chr9","62826327","62826610","chr12","57223702","57223984","41","5602625"
"chr9","63087418","63087731","chr12","57469613","57469922","45","5617805"
"chr9","63097839","63098130","chr7","89103800","89104093","45","26005961"
"chr9","63102246","63102301","chr7","21000747","21000802","6","42101499"
"chr9","63252103","63252404","chr3","111477906","111478203","48","48225803"
"chr9","63497657","63497935","chr12","57893283","57893555","39","5604374"
"chr9","63691725","63692041","chr19","17448176","17448478","61","46243549"
"chr9","63762332","63762638","chr12","58147114","58147430","44","5615218"
"chr9","64186260","64186476","chr8","27995813","27996033","44","36190447"
"chr9","64660864","64661151","chr7","155162191","155162474","41","90501327"
"chr9","64726054","64726385","chr4","132055862","132056190","76","67329808"
"chr9","65010131","65010416","chr14","13871396","13871677","55","51138735"
"chr9","65179799","65180074","chr19","30037309","30037579","50","35142490"
"chr9","65295635","65295931","chr10","48321055","48321354","52","16974580"
"chr9","65446231","65446495","chr2","196431839","196432104","58","130985608"
"chr9","65498624","65498923","chr7","85080523","85080815","57","19581899"
"chr9","65521561","65521863","chr9","25525997","25526295","45","39995564"
"chr9","65834345","65834645","chr1","138540632","138540926","50","72706287"
"chr9","65993699","65993992","chr6","119011301","119011592","42","53017602"
"chr9","66109473","66109783","chr6","14745241","14745550","47","51364232"
"chr9","66110923","66111025","chr22","13859479","13859583","12","52251444"
"chr9","66143027","66143337","chr2","1940205","1940517","51","64202822"
"chr9","66195142","66195450","chr7","70852721","70853021","62","4657579"
"chr9","66195721","66196015","chr9","80556998","80557291","41","14361277"
"chr9","66199265","66199557","chr4","25746204","25746495","43","40453061"
"chr9","66229720","66230029","chr5","47331456","47331756","59","18898264"
"chr9","66254456","66254749","chr12","60685964","60686260","33","5568492"
"chr9","66278352","66278650","chr1","170771447","170771746","40","104493095"
"chr9","66330193","66330495","chr1","96664218","96664511","47","30334025"
"chr9","66336291","66336547","chr1","205446082","205446331","54","139109791"
"chr9","66371619","66371782","chr8","62756084","62756248","31","3615535"
"chr9","66378516","66378805","chr12","4068156","4068451","44","62310360"
"chr9","66396370","66396650","chr4","106702443","106702725","36","40306073"
"chr9","66404138","66404424","chr12","27922791","27923078","45","38481347"
"chr9","66443446","66443609","chr12","60899646","60899808","19","5543800"
"chr9","66444614","66444910","chr11","20544880","20545180","54","45899734"
"chr9","66545167","66545436","chrX","29559005","29559271","54","36986162"
"chr9","66580152","66580495","chr10","20863520","20863828","88","45716632"
"chr9","66581364","66581663","chr10","129820901","129821202","44","63239537"
"chr9","66598870","66599163","chr1","168255466","168255766","54","101656596"
"chr9","66603608","66603904","chr2","203225383","203225677","52","136621775"
"chr9","66610656","66610960","chr9","38248909","38249213","57","28361747"
"chr9","66614404","66614660","chr7","63157754","63158014","53","3456650"
"chr9","66626504","66626785","chr4","47729514","47729797","50","18896990"
"chr9","66704308","66704563","chr2","6337545","6337801","47","60366763"
"chr9","66767176","66767461","chrY","2068478","2068762","45","64698698"
"chr9","66778287","66778595","chr1","27962292","27962589","54","38815995"
"chr9","66784214","66784530","chr2","71331505","71331809","58","4547291"
"chr9","66800578","66800886","chr9","101210178","101210488","48","34409600"
"chr9","66804822","66805118","chr5","154084537","154084834","53","87279715"
"chr9","66805460","66805725","chr2","56394848","56395102","50","10410612"
"chr9","66817515","66817804","chr9","104920443","104920729","55","38102928"
"chr9","66847210","66847475","chr12","44179049","44179315","67","22668161"
"chr9","66864043","66864336","chr2","2218970","2219260","48","64645073"
"chr9","66864893","66865187","chr4","82163060","82163362","47","15298167"
"chr9","66866671","66866963","chr17","28540483","28540776","44","38326188"
"chr9","66918406","66918591","chr2","131597618","131597785","34","64679212"
"chr9","67006954","67007262","chr18","10098255","10098564","46","56908699"
"chr9","67139864","67140051","chr10","88729332","88729520","34","21589468"
"chr9","67153304","67153603","chr2","36478057","36478360","47","30675247"
"chr9","67323889","67324205","chr4","132055862","132056190","60","64731973"
"chr9","67453754","67454061","chr12","61918503","61918815","43","5535251"
"chr9","67513858","67514158","chr7","32914267","32914558","55","34599591"
"chr9","67625108","67625411","chr9","105072042","105072344","45","37446934"
"chr9","67839442","67839738","chr12","107125942","107126232","54","39286500"
"chr9","67882182","67882487","chr2","150624041","150624344","44","82741859"
"chr9","67992430","67992642","chr12","62451942","62452153","22","5540488"
"chr9","68040584","68040897","chr10","125503014","125503329","54","57462430"
"chr9","68055832","68056135","chr4","126062982","126063287","54","58007150"
"chr9","68182808","68183089","chr8","25595632","25595906","55","42587176"
"chr9","68757781","68758148","chr2","169129486","169129808","100","100371705"
"chr9","68892128","68892418","chr3","41667122","41667402","62","27225006"
"chr9","68894953","68895253","chr12","63378463","63378735","63","5516490"
"chr9","68936001","68936173","chr2","40790340","40790507","37","28145661"
"chr9","69141856","69142030","chr4","24635839","24636012","32","44506017"
"chr9","69154891","69155196","chr5","93075725","93076019","56","23920834"
"chr9","69156919","69157233","chr5","73075939","73076252","49","3919020"
"chr9","69222169","69222430","chr11","14682506","14682772","42","54539663"
"chr9","69478296","69478621","chr9","14396117","14396432","62","55082179"
"chr9","69572572","69572880","chr7","70074333","70074637","54","501761"
"chr9","69595961","69596221","chr7","141902769","141903026","58","72306808"
"chr9","69634054","69634314","chr12","64103815","64104083","32","5530239"
"chr9","69663061","69663371","chr2","146982644","146982948","54","77319583"
"chr9","69683369","69683677","chr15","96456872","96457177","58","26773503"
"chr9","69780087","69780367","chr3","188235049","188235330","47","118454962"
"chr9","69783406","69783667","chr5","128664686","128664943","45","58881280"
"chr9","70054663","70054938","chr7","97343651","97343910","49","27288988"
"chr9","70065740","70066031","chr18","5071565","5071862","41","64994175"
"chr9","70177188","70177483","chr11","14325732","14326029","51","55851456"
"chr9","70207331","70207498","chr16","91914541","91914712","27","21707210"
"chr9","70252849","70253160","chr12","64709012","64709327","36","5543837"
"chr9","70291683","70291970","chr7","30907560","30907847","41","39384123"
"chr9","70351302","70351618","chr12","64837209","64837514","57","5514093"
"chr9","70412765","70413054","chr9","111529757","111530048","46","41116992"
"chr9","70634846","70635128","chr12","65130801","65131091","44","5504045"
"chr9","70703869","70703981","chr12","82314094","82314209","19","11610225"
"chr9","70980530","70980844","chr12","89693023","89693339","57","18712493"
"chr9","71072791","71072889","chr8","71602620","71602714","15","529829"
"chr9","71158167","71158473","chr12","65626088","65626393","44","5532079"
"chr9","71324550","71324821","chr12","56092815","56093092","47","15231735"
"chr9","71455587","71455890","chr2","71331505","71331809","47","124082"
"chr9","71483917","71484196","chr12","65906864","65907123","63","5577053"
"chr9","71612405","71612699","chr7","44689617","44689912","36","26922788"
"chr9","71634624","71634919","chr4","34087339","34087625","56","37547285"
"chr9","71680482","71680639","chr6","114762508","114762668","32","43082026"
"chr9","71694899","71695185","chr2","1572464","1572757","46","70122435"
"chr9","71739395","71739688","chr12","66155351","66155637","51","5584044"
"chr9","71745146","71745232","chr6","17266531","17266618","14","54478615"
"chr9","71759333","71759613","chr12","107564225","107564507","46","35804892"
"chr9","71803620","71803913","chr12","66216994","66217287","40","5586626"
"chr9","72208474","72208544","chr2","29486737","29486803","13","42721737"
"chr9","73095192","73095481","chr17","28540483","28540776","51","44554709"
"chr9","73201947","73202086","chr5","39827158","39827291","23","33374789"
"chr9","73721091","73721428","chr3","75943509","75943841","76","2222418"
"chr9","73861295","73861466","chrX","90165469","90165629","36","16304174"
"chr9","73869741","73870051","chr6","75230350","75230656","49","1360609"
"chr9","73925456","73925740","chr12","68199153","68199427","60","5726303"
"chr9","74069587","74069884","chrX","17022911","17023204","67","57046676"
"chr9","74176438","74176719","chr12","68428151","68428439","56","5748287"
"chr9","74361907","74361990","chr7","26367477","26367557","23","47994430"
"chr9","74537001","74537300","chr11","77864205","77864502","60","3327204"
"chr9","74670101","74670390","chr1","168510460","168510747","55","93840359"
"chr9","74856455","74856781","chr2","11795961","11796289","73","63060494"
"chr9","75396464","75396721","chr13","60759063","60759326","66","14637401"
"chr9","75451192","75451501","chr10","14690438","14690745","61","60760754"
"chr9","75470867","75471184","chr14","6471804","6472122","59","68999063"
"chr9","75534522","75534701","chr1","13881780","13881959","31","61652742"
"chr9","75976331","75976519","chr8","49341545","49341736","36","26634786"
"chr9","75997009","75997233","chr16","455548","455767","40","75541461"
"chr9","76078588","76078882","chr6","136022282","136022577","50","59943694"
"chr9","76112461","76112783","chr7","87829359","87829672","69","11716898"
"chr9","76332652","76332955","chr14","74527172","74527472","55","1805480"
"chr9","76473125","76473410","chr4","144777807","144778094","54","68304682"
"chr9","76768416","76768710","chr9","52902911","52903208","59","23865505"
"chr9","77093294","77093476","chr1","26292789","26292968","37","50800505"
"chr9","77264217","77264467","chr12","71641041","71641291","38","5623176"
"chr9","77307280","77307607","chr12","71682272","71682583","71","5625008"
"chr9","77339759","77340050","chr12","71718659","71718950","41","5621100"
"chr9","77355597","77355905","chr4","54370195","54370493","48","22985402"
"chr9","77451165","77451388","chr10","105242142","105242359","49","27790977"
"chr9","77534516","77534685","chr16","66965966","66966127","33","10568550"
"chr9","77767979","77768122","chr1","176432269","176432411","39","98664290"
"chr9","77881559","77881844","chr12","72335829","72336111","36","5545730"
"chr9","77933769","77934073","chrX","18432136","18432433","51","59501633"
"chr9","78031126","78031210","chr7","87358359","87358443","15","9327233"
"chr9","78180908","78181219","chr6","75230350","75230656","54","2950558"
"chr9","78210394","78210682","chr7","48973045","48973333","51","29237349"
"chr9","78513385","78513705","chr9","91473040","91473349","53","12959655"
"chr9","78671422","78671699","chr12","73148200","73148462","55","5523222"
"chr9","78703084","78703392","chr4","98746325","98746622","57","20043241"
"chr9","78819702","78820010","chr12","73301539","73301850","46","5518163"
"chr9","78938838","78939136","chr2","203225383","203225677","40","124286545"
"chr9","78967691","78968025","chr2","12283975","12284310","67","66683716"
"chr9","79078273","79078578","chr16","92084445","92084750","49","13006172"
"chr9","79085938","79086202","chr12","53308487","53308750","52","25777451"
"chr9","79207015","79207306","chr12","73677722","73678009","50","5529293"
"chr9","79210954","79211043","chr13","96701680","96701767","20","17490726"
"chr9","79236367","79236649","chr13","61938527","61938805","58","17297840"
"chr9","79331069","79331379","chr12","73821083","73821375","54","5509986"
"chr9","79499471","79499689","chr5","39671520","39671744","43","39827951"
"chr9","79509415","79509697","chrX","45563978","45564273","51","33945437"
"chr9","79570515","79570781","chr3","106564757","106565021","54","26994242"
"chr9","79602428","79602521","chr8","15524192","15524277","17","64078236"
"chr9","79604875","79605071","chr2","1821432","1821628","31","77783443"
"chr9","79633582","79633862","chr12","74122437","74122702","51","5511145"
"chr9","79753510","79753691","chr13","16898718","16898893","31","62854792"
"chr9","79945409","79945683","chr8","106487782","106488053","42","26542373"
"chr9","79949671","79949973","chrX","16102878","16103172","46","63846793"
"chr9","80053217","80053504","chr9","45982723","45983014","53","34070494"
"chr9","80084680","80084969","chr16","72118627","72118905","52","7966053"
"chr9","80113251","80113553","chr12","74612794","74613111","45","5500457"
"chr9","80137087","80137388","chr12","74633144","74633441","44","5503943"
"chr9","80176659","80176969","chr12","37179701","37180010","52","42996958"
"chr9","80233919","80234193","chrX","45902603","45902881","41","34331316"
"chr9","80424081","80424362","chr12","107125942","107126232","51","26701861"
"chr9","81059329","81059626","chr15","38910043","38910338","38","42149286"
"chr9","81264139","81264450","chr1","199360645","199360948","51","118096506"
"chr9","81376665","81376967","chr9","45325979","45326278","44","36050686"
"chr9","81380964","81381231","chr15","49638162","49638439","60","31742802"
"chr9","81414799","81415084","chr6","143963453","143963737","49","62548654"
"chr9","81465713","81466012","chr11","116346925","116347227","44","34881212"
"chr9","81493430","81493731","chrX","5636981","5637273","47","75856449"
"chr9","81570357","81570554","chr7","80357805","80358002","39","1212552"
"chr9","81608016","81608319","chr2","59445321","59445626","53","22162695"
"chr9","81668019","81668308","chr6","57780653","57780942","46","23887366"
"chr9","81734199","81734481","chr7","85080523","85080815","49","3346324"
"chr9","81734482","81734582","chr22","16507435","16507537","16","65227047"
"chr9","81773830","81774134","chr16","71570137","71570438","44","10203693"
"chr9","81785656","81785994","chr1","177159801","177160114","72","95374145"
"chr9","81874413","81874708","chr5","139889919","139890213","53","58015506"
"chr9","81888561","81888856","chr12","76522732","76523030","51","5365829"
"chr9","82643659","82643963","chrUn_GL286217","143262","143564","49","82500397"
"chr9","82686740","82687042","chr12","77413658","77413960","51","5273082"
"chr9","82731678","82731807","chr4","44089309","44089433","19","38642369"
"chr9","82870244","82870512","chr4","12429965","12430236","53","70440279"
"chr9","82943693","82943820","chr12","77714407","77714532","16","5229286"
"chr9","82948162","82948464","chr1","185105558","185105857","41","102157396"
"chr9","83101987","83102286","chr21","49806208","49806506","41","33295779"
"chr9","83326632","83326767","chr5","120040986","120041108","29","36714354"
"chr9","83335996","83336238","chr22","38052824","38053061","44","45283172"
"chr9","83340615","83340924","chr5","73075939","73076252","50","10264676"
"chr9","83360310","83360615","chr12","78191477","78191760","52","5168833"
"chr9","83487052","83487368","chr9","111183280","111183594","57","27696228"
"chr9","83533225","83533516","chr7","49580639","49580931","41","33952586"
"chr9","83638079","83638379","chr22","16790322","16790623","52","66847757"
"chr9","83744574","83744873","chr14","83083786","83084089","46","660788"
"chr9","83777567","83777868","chr4","38367185","38367480","47","45410382"
"chr9","83849982","83850287","chr7","70375823","70376126","50","13474159"
"chr9","83881931","83882247","chr2","150624041","150624344","46","66742110"
"chr9","83892880","83893158","chr1","171067968","171068241","53","87175088"
"chr9","83910798","83911106","chr3","51989230","51989530","57","31921568"
"chr9","83940602","83940895","chr12","78829310","78829605","44","5111292"
"chr9","83964061","83964363","chr2","150624041","150624344","43","66659980"
"chr9","84038645","84038955","chr12","78919016","78919323","46","5119629"
"chr9","84232415","84232511","chr1","108267729","108267824","11","24035314"
"chr9","84248174","84248468","chr6","17854050","17854340","47","66394124"
"chr9","84265104","84265377","chr10","107058701","107058974","62","22793597"
"chr9","84277287","84277595","chr9","9679426","9679735","47","74597861"
"chr9","84280358","84280639","chr4","158481330","158481605","45","74200972"
"chr9","84283941","84284266","chr15","37514276","37514606","63","46769665"
"chr9","84289920","84289988","chr4","88248131","88248203","15","3958211"
"chr9","84312147","84312432","chr3","106011472","106011765","48","21699325"
"chr9","84323856","84324131","chr12","79206483","79206766","30","5117373"
"chr9","84357858","84358161","chr7","70375823","70376126","48","13982035"
"chr9","84367119","84367419","chr4","108018100","108018393","56","23650981"
"chr9","84434417","84434701","chr12","79292811","79293099","39","5141606"
"chr9","84444757","84444941","chr2","31391107","31391304","44","53053650"
"chr9","84457709","84458007","chr3","117540807","117541109","48","33083098"
"chr9","84461003","84461306","chr5","124645645","124645952","44","40184642"
"chr9","84498883","84499149","chr4","25771642","25771902","41","58727241"
"chr9","84523594","84523877","chr16","31897470","31897754","47","52626124"
"chr9","84568810","84569091","chrX","121377455","121377738","49","36808645"
"chr9","84615510","84615823","chr3","140100776","140101069","65","55485266"
"chr9","84630390","84630681","chr12","79497897","79498186","39","5132493"
"chr9","84745674","84745985","chr6","21930692","21931000","56","62814982"
"chr9","84757158","84757442","chr4","35642428","35642711","45","49114730"
"chr9","84797912","84798238","chr10","20863520","20863828","63","63934392"
"chr9","84809037","84809271","chr5","70100112","70100361","52","14708925"
"chr9","84815048","84815353","chr11","17244276","17244580","51","67570772"
"chr9","84887097","84887390","chr19","12404040","12404333","47","72483057"
"chr9","84941166","84941480","chr12","79826887","79827201","55","5114279"
"chr9","84958595","84958881","chr4","71933212","71933503","45","13025383"
"chr9","84975985","84976299","chr1","166601091","166601403","58","81625106"
"chr9","84997126","84997425","chr4","98746325","98746622","53","13749199"
"chr9","85008200","85008507","chr21","35737308","35737611","49","49270892"
"chr9","85100472","85100776","chr9","45325979","45326278","48","39774493"
"chr9","85130161","85130447","chr5","134531602","134531884","47","49401441"
"chr9","85145223","85145488","chr12","80027861","80028112","44","5117362"
"chr9","85274566","85274867","chr3","188437693","188438006","58","103163127"
"chr9","85275853","85276143","chr16","18300636","18300918","55","66975217"
"chr9","85276317","85276627","chr14","92265708","92266001","59","6989391"
"chr9","85279577","85279873","chr5","73075939","73076252","49","12203638"
"chr9","85289085","85289374","chr1","110260245","110260541","49","24971160"
"chr9","85316951","85317244","chr13","95628302","95628594","44","10311351"
"chr9","85361575","85361733","chr4","152480913","152481082","37","67119338"
"chr9","85369093","85369391","chr5","139889919","139890213","47","54520826"
"chr9","85376306","85376605","chrX","92800328","92800623","47","7424022"
"chr9","85378617","85378916","chr2","203225383","203225677","44","117846766"
"chr9","85383206","85383516","chr5","802010","802319","47","84581196"
"chr9","85407079","85407346","chr16","95447751","95448022","45","10040672"
"chr9","85451352","85451657","chr7","25925292","25925587","50","59526060"
"chr9","85476985","85477266","chr11","97213328","97213619","58","11736343"
"chr9","85481192","85481498","chr14","83083786","83084089","45","2397406"
"chr9","85607664","85607956","chr2","39828090","39828388","44","45779574"
"chr9","85751792","85752102","chr6","75230350","75230656","47","10521442"
"chr9","85808958","85809139","chr5","395104","395283","29","85413854"
"chr9","85913509","85913687","chr20","1976364","1976531","29","83937145"
"chr9","85926024","85926314","chr6","119011301","119011592","45","33085277"
"chr9","85979809","85980118","chr12","80876049","80876359","44","5103760"
"chr9","86027628","86027920","chrX","90808213","90808515","54","4780585"
"chr9","86111297","86111589","chrX","18324636","18324926","53","67786661"
"chr9","86157482","86157795","chr2","170825717","170826024","50","84668235"
"chr9","86216391","86216677","chr7","91403090","91403365","52","5186699"
"chr9","86243953","86244251","chr7","125738619","125738915","44","39494666"
"chr9","86360529","86360633","chr3","164296341","164296444","22","77935812"
"chr9","86361638","86361804","chr20","22250740","22250890","75","64110898"
"chr9","86393100","86393376","chr7","146019378","146019652","39","59626278"
"chr9","86456886","86456980","chr13","56999771","56999856","17","29457115"
"chr9","86476925","86477224","chr10","48321055","48321354","44","38155870"
"chr9","86489375","86489679","chr9","100544255","100544554","51","14054880"
"chr9","86495053","86495351","chr10","100757276","100757573","44","14262223"
"chr9","86541593","86541876","chr2","168746494","168746768","57","82204901"
"chr9","86553147","86553429","chr12","81486224","81486500","46","5066923"
"chr9","86555915","86556219","chr4","43531904","43532207","101","43024011"
"chr9","86590383","86590663","chr3","185087659","185087941","57","98497276"
"chr9","86603695","86603981","chr14","81589453","81589747","58","5014242"
"chr9","86680281","86680454","chr7","29006356","29006527","41","57673925"
"chr9","86906551","86906861","chrUn_GL286217","143262","143564","52","86763289"
"chr9","87008829","87009129","chr4","139259106","139259407","32","52250277"
"chr9","87073232","87073520","chr1","96664218","96664511","40","9590986"
"chr9","87087220","87087462","chr4","151631255","151631503","48","64544035"
"chr9","87088088","87088344","chr9","85583535","85583783","42","1504553"
"chr9","87152650","87152947","chr3","106011472","106011765","50","18858822"
"chr9","87193453","87193658","chr7","80357805","80358002","38","6835648"
"chr9","87234686","87234868","chr2","68183717","68183898","38","19050969"
"chr9","87251010","87251305","chr12","82505292","82505590","44","4745718"
"chr9","87298068","87298367","chr12","82553157","82553454","33","4744911"
"chr9","87341568","87341718","chr12","82596678","82596828","17","4744890"
"chr9","87354598","87354894","chr12","82610465","82610753","36","4744133"
"chr9","87372907","87373014","chr7","150421898","150422005","21","63048991"
"chr9","87373850","87374150","chr2","17996148","17996446","40","69377702"
"chr9","87418421","87418680","chr12","82681770","82682033","43","4736651"
"chr9","87523917","87524204","chr4","18194172","18194463","47","69329745"
"chr9","87533214","87533505","chrX","122140594","122140885","40","34607380"
"chr9","87762352","87762642","chr4","71933212","71933503","49","15829140"
"chr9","87838869","87839139","chr12","83088154","83088439","43","4750715"
"chr9","87962053","87962356","chr12","83212923","83213225","40","4749130"
"chr9","87983859","87984155","chr4","139259106","139259407","50","51275247"
"chr9","88131744","88132057","chr12","105081170","105081479","48","16949426"
"chr9","88228055","88228366","chr21","41025095","41025401","48","47202960"
"chr9","88273242","88273529","chr2","14449376","14449663","60","73823866"
"chr9","88280538","88280783","chr12","83547791","83548036","32","4732747"
"chr9","88341303","88341590","chr1","168926697","168926979","56","80585394"
"chr9","88362560","88362855","chr12","83628564","83628861","40","4733996"
"chr9","88389810","88390107","chr2","203225383","203225677","40","114835573"
"chr9","88423123","88423428","chr2","67197269","67197565","49","21225854"
"chr9","88432370","88432677","chr6","47268859","47269163","55","41163511"
"chr9","88527561","88527748","chr15","82312950","82313142","38","6214611"
"chr9","88535503","88535803","chrX","18432136","18432433","44","70103367"
"chr9","88541622","88541731","chr5","44071190","44071300","18","44470432"
"chr9","88544965","88545208","chr22","38052824","38053061","52","50492141"
"chr9","88551779","88552083","chr19","38969237","38969539","48","49582542"
"chr9","88564759","88564893","chr5","127656909","127657042","18","39092150"
"chr9","88635390","88635689","chr20","21484687","21484985","51","67150703"
"chr9","88636130","88636433","chr12","83940804","83941106","44","4695326"
"chr9","88641663","88641918","chr4","26083875","26084132","49","62557788"
"chr9","88669421","88669690","chr12","83969583","83969854","50","4699838"
"chr9","88683861","88684118","chr10","128751616","128751879","55","40067755"
"chr9","88715326","88715614","chr18","33021056","33021339","61","55694270"
"chr9","88718948","88719229","chr15","95128506","95128788","53","6409558"
"chr9","88723455","88723679","chr5","23263349","23263565","44","65460106"
"chr9","88770828","88771151","chr5","116095602","116095921","63","27324774"
"chr9","88832082","88832364","chr6","5717652","5717933","43","83114430"
"chr9","88961672","88961968","chr16","17804112","17804403","41","71157560"
"chr9","88979708","88980002","chr11","122686903","122687200","43","33707195"
"chr9","89030110","89030411","chr12","84363534","84363834","43","4666576"
"chr9","89077119","89077204","chr6","42278431","42278515","13","46798688"
"chr9","89126066","89126369","chr9","99956407","99956710","46","10830341"
"chr9","89140177","89140481","chr7","19002392","19002692","51","70137785"
"chr9","89170481","89170663","chr3","183689850","183690027","32","94519369"
"chr9","89198468","89198747","chr11","72643464","72643751","51","16555004"
"chr9","89200493","89200793","chr7","70375823","70376126","41","18824670"
"chr9","89236811","89237114","chr13","95836072","95836367","60","6599261"
"chr9","89250581","89250632","chr12","84562247","84562298","5","4688334"
"chr9","89272629","89272933","chr21","50218914","50219220","54","39053715"
"chr9","89298877","89299188","chr4","17518722","17519032","50","71780155"
"chr9","89331978","89332289","chr15","33019547","33019857","48","56312431"
"chr9","89386296","89386589","chr12","84696752","84697052","37","4689544"
"chr9","89409434","89409743","chr1","104253890","104254191","51","14844456"
"chr9","89426379","89426673","chr19","38589311","38589602","46","50837068"
"chr9","89436084","89436373","chr9","107670130","107670426","44","18234046"
"chr9","89472960","89473287","chr9","35861462","35861781","64","53611498"
"chr9","89490099","89490403","chr2","150624041","150624344","45","61133942"
"chr9","89508911","89509181","chr16","96491193","96491481","54","6982282"
"chr9","89521817","89522002","chr12","84834836","84835009","37","4686981"
"chr9","89570977","89571112","chr2","193530196","193530332","17","103959219"
"chr9","89588855","89589168","chr12","84906072","84906385","40","4682783"
"chr9","89590871","89591182","chr12","84907754","84908060","42","4683117"
"chr9","89609106","89609396","chr7","112295313","112295608","40","22686207"
"chr9","89624575","89624841","chr13","60759063","60759326","64","28865512"
"chr9","89667862","89668038","chr18","38537661","38537822","42","51130201"
"chr9","89859786","89860092","chr12","97682681","97682983","44","7822895"
"chr9","89906699","89906980","chr12","108797245","108797536","50","18890546"
"chr9","89979290","89979603","chr1","152710610","152710917","53","62731320"
"chr9","90031463","90031796","chr4","132055862","132056190","58","42024399"
"chr9","90083191","90083469","chr12","85415394","85415676","39","4667797"
"chr9","90100511","90100621","chr2","31321985","31322093","18","58778526"
"chr9","90212612","90212704","chr17","32764496","32764590","10","57448116"
"chr9","90337456","90337746","chr9","97563035","97563329","44","7225579"
"chr9","90404717","90404990","chr15","28476630","28476895","55","61928087"
"chr9","90596101","90596334","chr22","38052824","38053061","51","52543277"
"chr9","90721291","90721569","chr4","12429965","12430236","45","78291326"
"chr9","90887824","90888076","chr5","123404244","123404496","38","32516420"
"chr9","91015872","91016167","chr12","86502015","86502313","42","4513857"
"chr9","91069435","91069735","chr12","86578620","86578922","44","4490815"
"chr9","91070202","91070502","chr22","13904196","13904495","50","77166006"
"chr9","91091997","91092116","chrX","63340402","63340525","28","27751595"
"chr9","91157795","91158093","chr11","122686903","122687200","46","31529108"
"chr9","91245356","91245472","chr18","2736228","2736334","26","88509128"
"chr9","91245813","91245973","chr12","106688216","106688371","26","15442403"
"chr9","91288875","91289178","chr19","38969237","38969539","43","52319638"
"chr9","91341133","91341414","chr2","79572103","79572387","48","11769030"
"chr9","91352764","91353067","chr12","86879107","86879402","36","4473657"
"chr9","91378346","91378639","chr15","77085877","77086177","53","14292469"
"chr9","91399471","91399772","chr12","86912221","86912521","45","4487250"
"chr9","91430503","91430790","chr2","79572103","79572387","57","11858400"
"chr9","91471215","91471528","chr2","146982644","146982948","48","55511429"
"chr9","91491748","91492020","chr5","8282348","8282619","50","83209400"
"chr9","91509161","91509259","chr1","185765725","185765817","19","94256564"
"chr9","91515666","91515983","chr2","131733658","131733977","60","40217992"
"chr9","91524803","91525094","chr15","38910043","38910338","43","52614760"
"chr9","91540042","91540327","chr1","186610138","186610422","43","95070096"
"chr9","91609494","91609794","chr22","14367659","14367956","53","77241835"
"chr9","91634155","91634436","chr7","48647299","48647590","48","42986856"
"chr9","91649140","91649194","chr7","138590282","138590335","6","46941142"
"chr9","91650496","91650806","chr12","87162465","87162746","59","4488031"
"chr9","91658704","91658995","chr7","33547338","33547635","44","58111366"
"chr9","91706890","91707178","chr19","31366058","31366340","54","60340832"
"chr9","91710913","91711207","chr12","51888773","51889064","40","39822140"
"chr9","91721530","91721842","chr7","22659031","22659328","75","69062499"
"chr9","91735157","91735432","chr13","9986393","9986670","61","81748764"
"chr9","91756081","91756341","chr12","87284785","87285047","35","4471296"
"chr9","91762039","91762346","chr3","117540807","117541109","48","25778768"
"chr9","91779955","91780250","chr5","116663888","116664187","38","24883933"
"chr9","91829398","91829692","chr15","71322961","71323259","46","20506437"
"chr9","91871858","91872156","chr12","87400084","87400394","39","4471774"
"chr9","91935862","91935951","chr2","130459575","130459659","17","38523713"
"chr9","91936629","91936732","chr12","87463708","87463813","14","4472921"
"chr9","91943860","91944170","chr5","55380182","55380490","56","36563678"
"chr9","92019752","92020051","chr4","160639335","160639621","57","68619583"
"chr9","92024303","92024575","chr12","87565499","87565761","41","4458804"
"chr9","92027404","92027560","chr12","51028376","51028549","35","40999028"
"chr9","92077723","92078018","chr9","99956407","99956710","49","7878684"
"chr9","92128746","92129032","chr15","5666115","5666400","59","86462631"
"chr9","92133893","92134178","chr16","71491647","71491941","59","20642246"
"chr9","92136068","92136365","chr5","94541939","94542229","50","2405871"
"chr9","92183611","92183902","chr16","14061211","14061502","45","78122400"
"chr9","92210921","92211231","chr9","17943911","17944216","43","74267010"
"chr9","92214726","92215024","chr20","28221270","28221568","54","63993456"
"chr9","92251389","92251659","chr3","152914930","152915206","52","60663541"
"chr9","92259948","92260089","chr11","129926389","129926528","21","37666441"
"chr9","92261433","92261714","chr12","87785882","87786164","41","4475551"
"chr9","92269582","92269892","chr2","146982644","146982948","50","54713062"
"chr9","92272146","92272462","chr6","118600755","118601054","81","26328609"
"chr9","92302318","92302596","chr7","30907560","30907847","44","61394758"
"chr9","92315888","92316157","chr1","180589014","180589283","48","88273126"
"chr9","92330375","92330652","chr16","71386251","71386539","54","20944124"
"chr9","92333618","92333908","chr12","87865492","87865785","38","4468126"
"chr9","92338635","92338945","chr9","99956407","99956710","48","7617772"
"chr9","92344073","92344387","chr16","8469657","8469968","60","83874416"
"chr9","92378265","92378568","chr12","87908243","87908553","45","4470022"
"chr9","92671736","92672031","chr2","1572464","1572757","51","91099272"
"chr9","92683049","92683346","chr3","117540807","117541109","49","24857758"
"chr9","92684039","92684089","chr2","68550767","68550819","7","24133272"
"chr9","92692593","92692883","chr3","118139040","118139328","42","25446447"
"chr9","92741841","92741974","chr13","43433121","43433253","20","49308720"
"chr9","92810677","92810977","chr7","58917227","58917519","51","33893450"
"chr9","92820394","92820655","chr9","58102610","58102877","43","34717784"
"chr9","92855692","92855999","chr11","106700773","106701081","47","13845081"
"chr9","92916139","92916450","chr12","88472462","88472758","48","4443677"
"chr9","92921746","92922052","chr8","105737673","105737982","51","12815927"
"chr9","93011167","93011476","chr12","88567402","88567714","36","4443765"
"chr9","93020324","93020628","chr7","15263131","15263424","62","77757193"
"chr9","93021413","93021715","chr2","63180548","63180847","48","29840865"
"chr9","93057632","93057974","chr5","108338844","108339172","77","15281212"
"chr9","93089778","93090024","chr8","93750596","93750840","52","660818"
"chr9","93090456","93090657","chr10","33058356","33058551","44","60032100"
"chr9","93152473","93152767","chr12","88708255","88708546","52","4444218"
"chr9","93246623","93246891","chr2","58933231","58933500","57","34313392"
"chr9","93257618","93257891","chrX","29559005","29559271","52","63698613"
"chr9","93272146","93272447","chr2","36478057","36478360","46","56794089"
"chr9","93388791","93389087","chr3","53266221","53266526","47","40122570"
"chr9","93435251","93435304","chr13","97471240","97471294","8","4035989"
"chr9","93489371","93489672","chr4","139259106","139259407","45","45769735"
"chr9","93509247","93509558","chr5","86811507","86811809","56","6697740"
"chr9","93563091","93563391","chr5","47331456","47331756","58","46231635"
"chr9","93564407","93564647","chr4","171389989","171390239","59","77825582"
"chr9","93591093","93591360","chr14","32863987","32864257","61","60727106"
"chr9","93631501","93631809","chr7","50997082","50997385","41","42634419"
"chr9","93671212","93671488","chr5","109086164","109086432","55","15414952"
"chr9","93672475","93672771","chr7","50803128","50803418","39","42869347"
"chr9","93707873","93708174","chr5","41846454","41846751","48","51861419"
"chr9","93728570","93728754","chr9","14473384","14473561","31","79255186"
"chr9","93785325","93785614","chrX","13077652","13077941","55","80707673"
"chr9","93798582","93798846","chr9","58102610","58102877","42","35695972"
"chr9","93819092","93819233","chr5","87760479","87760621","23","6058613"
"chr9","93833054","93833360","chr12","54376935","54377243","47","39456119"
"chr9","93834130","93834429","chr12","89388171","89388476","46","4445959"
"chr9","93992130","93992427","chr4","161032062","161032360","50","67039932"
"chr9","94011852","94012156","chr12","89594454","89594748","41","4417398"
"chr9","94041758","94041898","chr14","37569737","37569867","29","56472021"
"chr9","94079849","94080154","chr19","27619331","27619631","57","66460518"
"chr9","94087480","94087779","chr3","4761737","4762038","54","89325743"
"chr9","94114318","94114617","chr2","63180548","63180847","44","30933770"
"chr9","94255996","94256288","chr2","71331505","71331809","51","22924491"
"chr9","94261036","94261312","chr12","20840214","20840489","65","73420822"
"chr9","94285511","94285795","chr11","120600441","120600744","52","26314930"
"chr9","94353518","94353805","chr5","85529097","85529385","47","8824421"
"chr9","94373157","94373466","chr2","10940056","10940367","45","83433101"
"chr9","94429146","94429381","chr12","90022502","90022744","46","4406644"
"chr9","94459386","94459692","chr17","70899198","70899506","42","23560188"
"chr9","94480024","94480338","chr7","18874852","18875163","43","75605172"
"chr9","94594296","94594604","chr4","139259106","139259407","49","44664810"
"chr9","94612291","94612616","chrX","64172412","64172721","59","30439879"
"chr9","94617834","94618135","chr6","136022282","136022577","52","41404448"
"chr9","94624720","94624812","chr12","55015800","55015893","11","39608920"
"chr9","94654203","94654514","chr5","11540307","11540609","43","83113896"
"chr9","94705507","94705812","chr2","150624041","150624344","54","55918534"
"chr9","94709425","94709718","chr2","203225383","203225677","47","108515958"
"chr9","94793691","94793868","chr12","84834836","84835009","77","9958855"
"chr9","94804749","94805053","chrX","17705039","17705341","45","77099710"
"chr9","94808476","94808626","chr14","71349893","71350037","25","23458583"
"chr9","94817572","94817882","chr6","75230350","75230656","46","19587222"
"chr9","94901230","94901527","chr12","114854084","114854381","46","19952854"
"chr9","94983055","94983359","chr12","90578774","90579076","40","4404281"
"chr9","95012717","95012993","chr12","90618543","90618818","39","4394174"
"chr9","95013057","95013359","chr12","28744008","28744308","44","66269049"
"chr9","95018682","95018986","chr4","139259106","139259407","53","44240424"
"chr9","95080447","95080768","chrX","62061554","62061862","49","33018893"
"chr9","95089678","95089974","chr2","72481200","72481495","54","22608478"
"chr9","95110667","95110977","chr22","1024519","1024830","51","94086148"
"chr9","95127738","95128036","chr1","121265312","121265615","46","26137574"
"chr9","95172606","95172891","chr12","90768654","90768946","43","4403952"
"chr9","95186925","95187084","chr22","2602482","2602650","62","92584443"
"chr9","95187616","95187853","chr8","19144899","19145131","41","76042717"
"chr9","95204219","95204522","chr2","203225383","203225677","50","108021164"
"chr9","95221813","95222111","chr19","38606278","38606578","57","56615535"
"chr9","95242265","95242576","chr1","153331205","153331512","55","58088940"
"chr9","95261300","95261593","chr9","111460693","111460988","55","16199393"
"chr9","95262196","95262340","chr7","64245318","64245469","26","31016878"
"chr9","95263074","95263348","chr5","133936085","133936367","57","38673011"
"chr9","95268514","95268816","chr2","66989134","66989436","45","28279380"
"chr9","95310415","95310733","chr22","16852952","16853274","70","78457463"
"chr9","95317710","95318011","chr5","116663888","116664187","39","21346178"
"chr9","95323956","95324257","chr15","80055098","80055397","44","15268858"
"chr9","95367160","95367323","chr3","188300067","188300229","35","92932907"
"chr9","95415663","95415978","chrUn_GL286249","69140","69451","65","95346523"
"chr9","95452154","95452454","chr3","173712450","173712748","51","78260296"
"chr9","95459921","95460227","chr7","70074333","70074637","47","25385588"
"chr9","95482212","95482522","chr16","96434332","96434644","48","952120"
"chr9","95498443","95498716","chr19","23703813","23704099","50","71794630"
"chr9","95559848","95560130","chr12","91173597","91173879","41","4386251"
"chr9","95598151","95598461","chr5","55380182","55380490","40","40217969"
"chr9","95632934","95633224","chr9","103680000","103680285","47","8047066"
"chr9","95642058","95642322","chr12","91264208","91264471","30","4377850"
"chr9","95649657","95649914","chr12","91271973","91272251","56","4377684"
"chr9","95670964","95671265","chr6","157953621","157953924","38","62282657"
"chr9","95692056","95692367","chrX","107254468","107254774","49","11562412"
"chr9","95797571","95797879","chrX","39183726","39184034","45","56613845"
"chr9","95811621","95811919","chr8","841978","842272","47","94969643"
"chr9","95817179","95817476","chrX","141612449","141612748","56","45795270"
"chr9","95828161","95828459","chr12","91457034","91457339","44","4371127"
"chr9","95840263","95840576","chr5","73075939","73076252","51","22764324"
"chr9","96040585","96040882","chr1","170771447","170771746","41","74730862"
"chr9","96069765","96070060","chr3","164903712","164904003","54","68833947"
"chr9","96121800","96121917","chr7","25227450","25227567","20","70894350"
"chr9","96180721","96181014","chr2","167044453","167044751","44","70863732"
"chr9","96282093","96282389","chr12","91928994","91929288","39","4353099"
"chr9","96297928","96298210","chr12","91944010","91944306","51","4353918"
"chr9","96349163","96349473","chr9","17943911","17944216","55","78405252"
"chr9","96525875","96526172","chr7","77326917","77327209","49","19198958"
"chr9","96802416","96802488","chr22","7704699","7704768","12","89097717"
"chr9","97074190","97074499","chr9","101210178","101210488","49","4135988"
"chr9","97110314","97110629","chr20","13625673","13625989","60","83484641"
"chr9","97294108","97294207","chr20","27425944","27426040","18","69868164"
"chr9","97422686","97422987","chr14","915738","916038","44","96506948"
"chr9","97431146","97431438","chr19","985689","985983","48","96445457"
"chr9","97664282","97664556","chr5","111818560","111818820","57","14154278"
"chr9","97837973","97838270","chr8","695980","696286","49","97141993"
"chr9","98035872","98035933","chr1","192937716","192937777","8","94901844"
"chr9","98147338","98147649","chr9","101280728","101281039","62","3133390"
"chr9","98186588","98186877","chr12","93863383","93863658","50","4323205"
"chr9","98377646","98377952","chr14","61568989","61569280","60","36808657"
"chr9","98387563","98387825","chr16","10873095","10873362","43","87514468"
"chr9","98477187","98477297","chr5","84481557","84481668","17","13995630"
"chr9","98541420","98541727","chrX","17705039","17705341","48","80836381"
"chr9","98554419","98554715","chr10","14258171","14258466","52","84296248"
"chr9","98593003","98593240","chr5","5042006","5042244","52","93550997"
"chr9","98828606","98828774","chr19","16238814","16238979","32","82589792"
"chr9","98830089","98830260","chr19","16238814","16238979","35","82591275"
"chr9","98849547","98849841","chr4","158769812","158770108","51","59920265"
"chr9","99034792","99035115","chr12","94768164","94768481","62","4266628"
"chr9","99507729","99508026","chr9","48897542","48897838","56","50610187"
"chr9","99629296","99629603","chr12","95374220","95374529","52","4255076"
"chr9","99788264","99788533","chr7","45169353","45169622","51","54618911"
"chr9","100024725","100025038","chr15","61609668","61609978","58","38415057"
"chr9","100666377","100666664","chr1","194234891","194235177","50","93568514"
"chr9","100969424","100969590","chr12","96826483","96826647","24","4142941"
"chr9","101149146","101149420","chr8","6469512","6469784","52","94679634"
"chr9","101253431","101253714","chr14","20496522","20496804","50","80756909"
"chr9","101435981","101436242","chr15","1171970","1172245","54","100264011"
"chr9","101549737","101549876","chr3","87416033","87416170","20","14133704"
"chr9","101699069","101699339","chr12","97540977","97541241","50","4158092"
"chr9","101737638","101737851","chr7","65680750","65680954","41","36056888"
"chr9","101820592","101820714","chr2","65349063","65349187","25","36471529"
"chr9","101850615","101850924","chr7","41193007","41193318","57","60657608"
"chr9","101924616","101924911","chr6","100650122","100650421","48","1274494"
"chr9","101953134","101953415","chrX","40344797","40345081","50","61608337"
"chr9","101971909","101972214","chr20","28221270","28221568","50","73750639"
"chr9","102000877","102001179","chr6","132683407","132683710","52","30682530"
"chr9","102107763","102108066","chr8","29283402","29283703","59","72824361"
"chr9","102155306","102155590","chr12","97997989","97998278","39","4157317"
"chr9","102205771","102206068","chr10","1666053","1666355","52","100539718"
"chr9","102264561","102264676","chr9","18648101","18648220","22","83616460"
"chr9","102279721","102280025","chr5","83138079","83138381","49","19141642"
"chr9","102321431","102321596","chr15","76894005","76894170","29","25427426"
"chr9","102391150","102391457","chr14","32553436","32553738","46","69837714"
"chr9","102575614","102575701","chr4","110642008","110642097","7","8066394"
"chr9","102577599","102577874","chr12","98452490","98452764","46","4125109"
"chr9","102602291","102602575","chrX","57514461","57514749","48","45087830"
"chr9","102627705","102628004","chr6","6174849","6175151","54","96452856"
"chr9","102726851","102727144","chr10","75493264","75493549","54","27233587"
"chr9","102740163","102740470","chr12","98604507","98604803","53","4135656"
"chr9","102768923","102769227","chr10","47367274","47367579","57","55401649"
"chr9","102867102","102867189","chr16","20533530","20533614","16","82333572"
"chr9","102867314","102867474","chr7","12883595","12883744","47","89983719"
"chr9","103162179","103162217","chr8","97260104","97260146","15","5902075"
"chr9","103162864","103162946","chr18","42791079","42791160","22","60371785"
"chr9","103284570","103284718","chr9","101358693","101358838","25","1925877"
"chr9","103313212","103313501","chr12","64546985","64547274","46","38766227"
"chr9","103463521","103463816","chrX","92800328","92800623","52","10663193"
"chr9","103544112","103544419","chr8","110510109","110510411","50","6965997"
"chr9","103746317","103746593","chr6","132679714","132679985","59","28933397"
"chr9","103750960","103751340","chr12","99732602","99732958","64","4018358"
"chr9","103819459","103819768","chr7","70375823","70376126","48","33443636"
"chr9","103888876","103889185","chr2","150553939","150554240","55","46665063"
"chr9","103895286","103895537","chr2","35200760","35201008","50","68694526"
"chr9","103945416","103945711","chr2","2218970","2219260","51","101726446"
"chr9","104001383","104001694","chr12","99980687","99981004","38","4020696"
"chr9","104025665","104025974","chr13","20178005","20178325","58","83847660"
"chr9","104030512","104030812","chrX","69084841","69085134","43","34945671"
"chr9","104104157","104104461","chr12","100085372","100085667","39","4018785"
"chr9","104234076","104234374","chr21","44694630","44694929","45","59539446"
"chr9","104304283","104304415","chr5","10559689","10559821","16","93744594"
"chr9","104333989","104334275","chr19","43685253","43685540","59","60648736"
"chr9","104398609","104398914","chr5","73075939","73076252","45","31322670"
"chr9","104401068","104401364","chr12","100391828","100392124","34","4009240"
"chr9","104514531","104514833","chr4","139259106","139259407","50","34744575"
"chr9","104546630","104546905","chrX","52241701","52241982","54","52304929"
"chr9","104557598","104557904","chr5","83138079","83138381","51","21419519"
"chr9","104576856","104577147","chr4","44371451","44371741","47","60205405"
"chr9","104577250","104577558","chr4","17518722","17519032","45","87058528"
"chr9","104728603","104728915","chr5","55380182","55380490","51","49348421"
"chr9","104738809","104739106","chrX","45540184","45540492","52","59198625"
"chr9","104816616","104816861","chr5","78099242","78099485","41","26717374"
"chr9","105033622","105033872","chr12","101047069","101047315","40","3986553"
"chr9","105091305","105091612","chr2","63180548","63180847","49","41910757"
"chr9","105111458","105111628","chr2","177216590","177216753","40","72105132"
"chr9","105165989","105166298","chr12","105081170","105081479","56","84819"
"chr9","105177714","105178004","chr2","13733063","13733362","59","91444651"
"chr9","105208419","105208721","chr14","83083786","83084089","41","22124633"
"chr9","105282262","105282568","chr12","101299485","101299784","38","3982777"
"chr9","105343811","105344123","chr12","101350935","101351242","33","3992876"
"chr9","105575744","105576034","chr2","72481200","72481495","60","33094544"
"chr9","105695143","105695434","chr5","5511518","5511810","53","100183625"
"chr9","105835804","105836112","chr9","107319568","107319870","54","1483764"
"chr9","105866516","105866820","chr16","71570137","71570438","48","34296379"
"chr9","105952033","105952335","chr12","101994766","101995070","43","3957267"
"chr9","105981993","105982307","chr3","117540807","117541109","56","11558814"
"chr9","106092561","106092872","chr12","102139739","102140045","46","3952822"
"chr9","106135270","106135525","chr12","102180461","102180726","40","3954809"
"chr9","106148532","106148839","chr6","48814191","48814491","55","57334341"
"chr9","106321366","106321661","chr7","103146149","103146448","45","3175217"
"chr9","106339189","106339277","chr12","17926948","17927039","15","88412241"
"chr9","106371479","106371787","chr12","102429902","102430210","34","3941577"
"chr9","106372542","106372839","chr9","20427165","20427460","43","85945377"
"chr9","106377164","106377459","chr6","118600755","118601054","54","12223591"
"chr9","106436740","106437040","chr10","129820901","129821202","42","23384161"
"chr9","106447036","106447312","chr12","102500913","102501195","39","3946123"
"chr9","106627679","106627960","chr7","6919741","6920024","47","99707938"
"chr9","106682913","106683218","chr12","102748139","102748432","43","3934774"
"chr9","106808975","106809066","chr3","86922593","86922697","31","19886382"
"chr9","106851872","106852170","chr12","102959943","102960236","49","3891929"
"chr9","106862709","106863006","chr5","85088060","85088351","69","21774649"
"chr9","106892205","106892497","chr9","14539645","14539946","41","92352560"
"chr9","107045037","107045326","chr19","7123341","7123633","55","99921696"
"chr9","107069449","107069740","chr2","73704522","73704812","44","33364927"
"chr9","107383136","107383215","chr9","100742860","100742937","7","6640276"
"chr9","107495494","107495646","chr12","103598291","103598433","25","3897203"
"chr9","107516688","107517010","chr4","132055862","132056190","67","24539174"
"chr9","107796245","107796399","chr13","15227928","15228085","26","92568317"
"chr9","107888518","107888802","chr11","101020394","101020683","49","6868124"
"chr9","107979543","107979843","chr10","100757276","100757573","43","7222267"
"chr9","108051381","108051646","chr11","14682506","14682772","51","93368875"
"chr9","108212622","108212926","chr12","105081170","105081479","44","3131452"
"chr9","108226360","108226658","chr12","104355618","104355914","53","3870742"
"chr9","108424180","108424490","chr12","104558192","104558512","60","3865988"
"chr9","108462610","108462711","chr4","146858408","146858506","18","38395798"
"chr9","108542171","108542479","chr6","8374119","8374424","54","100168052"
"chr9","108591833","108592130","chr2","15092836","15093130","51","93498997"
"chr9","108710304","108710616","chr20","41078863","41079167","51","67631441"
"chr9","108746969","108747238","chr3","164929173","164929450","41","56182204"
"chr9","108792836","108793151","chr12","104919715","104920017","47","3873121"
"chr9","108794968","108795258","chr12","104922355","104922643","38","3872613"
"chr9","108861031","108861332","chr15","39981685","39981986","44","68879346"
"chr9","108923078","108923365","chr5","136672326","136672618","50","27749248"
"chr9","108934369","108934659","chr13","8302762","8303056","44","100631607"
"chr9","108953632","108953947","chr12","105081170","105081479","51","3872462"
"chr9","108980072","108980382","chrX","63118288","63118597","48","45861784"
"chr9","109220369","109220654","chr16","7477069","7477356","45","101743300"
"chr9","109243284","109243581","chr5","64266316","64266614","43","44976968"
"chr9","109346802","109347116","chr12","105482333","105482647","44","3864469"
"chr9","109373629","109373911","chr7","155162191","155162474","44","45788562"
"chr9","109910464","109910773","chr12","106089162","106089467","54","3821302"
"chr9","109990118","109990282","chr4","97818761","97818920","72","12171357"
"chr9","110167570","110167676","chr2","31664459","31664559","17","78503111"
"chr9","110241329","110241621","chr11","125774551","125774841","50","15533222"
"chr9","110282934","110283237","chr12","106500394","106500681","59","3782540"
"chr9","110344821","110345073","chr2","186704037","186704290","44","76359216"
"chr9","110384085","110384400","chr12","106597435","106597746","53","3786650"
"chr9","110410023","110410329","chr5","11540307","11540609","53","98869716"
"chr9","110429137","110429255","chr12","106627679","106627797","12","3801458"
"chr9","110480260","110480554","chr1","25323331","25323625","40","85156929"
"chr9","110492310","110492473","chr10","74647598","74647760","28","35844712"
"chr9","110547947","110548223","chr5","72712443","72712712","47","37835504"
"chr9","110580805","110581083","chr3","110957419","110957682","55","376614"
"chr9","110599998","110600310","chr15","61609668","61609978","43","48990330"
"chr9","110601718","110601852","chr12","31049982","31050122","22","79551736"
"chr9","110608828","110609103","chr10","41485100","41485371","41","69123728"
"chr9","110615405","110615700","chr12","5225312","5225605","42","105390093"
"chr9","110616848","110617121","chr5","43272103","43272376","47","67344745"
"chr9","110635493","110635796","chr15","75618966","75619268","55","35016527"
"chr9","110640500","110640771","chr6","57780653","57780942","62","52859847"
"chr9","110646924","110647093","chr10","14594704","14594873","44","96052220"
"chr9","110661430","110661712","chr4","410768","411054","52","110250662"
"chr9","110691309","110691599","chr8","115531326","115531617","57","4840017"
"chr9","110738365","110738487","chr17","58250524","58250647","21","52487841"
"chr9","110739271","110739447","chr12","3537365","3537547","34","107201906"
"chr9","110781015","110781306","chr2","67197269","67197565","42","43583746"
"chr9","110783796","110784127","chr6","116215103","116215435","67","5431307"
"chr9","110824510","110824820","chr10","127697989","127698296","56","16873479"
"chr9","110935231","110935549","chr11","28125301","28125613","54","82809930"
"chr9","111011979","111012289","chr5","73075939","73076252","50","37936040"
"chr9","111029100","111029399","chr19","38606278","38606578","48","72422822"
"chr9","111037017","111037176","chr9","108921534","108921695","23","2115483"
"chr9","111127853","111128120","chr5","2124648","2124911","36","109003205"
"chr9","111150397","111150568","chr17","51624214","51624380","28","59526183"
"chr9","111156768","111157056","chr2","2218970","2219260","42","108937798"
"chr9","111157365","111157662","chr5","71686578","71686874","47","39470787"
"chr9","111160521","111160806","chr3","152858583","152858869","47","41698062"
"chr9","111191951","111192247","chr2","203225383","203225677","38","92033432"
"chr9","111193566","111193822","chr14","82399668","82399923","45","28793898"
"chr9","111230932","111231213","chr13","10247200","10247479","38","100983732"
"chr9","111232493","111232790","chr9","88871109","88871410","39","22361384"
"chr9","111240553","111240848","chr1","156644747","156645035","38","45404194"
"chr9","111252251","111252377","chr1","139645672","139645801","25","28393421"
"chr9","111252785","111252963","chr13","16898718","16898893","26","94354067"
"chr9","111254674","111254991","chr21","44694630","44694929","62","66560044"
"chr9","111271924","111272232","chrX","96202007","96202315","48","15069917"
"chr9","111290030","111290322","chr10","103032876","103033172","53","8257154"
"chr9","111310050","111310275","chr16","68699547","68699771","35","42610503"
"chr9","111342058","111342359","chr12","51888773","51889064","47","59453285"
"chr9","111342507","111342788","chr12","64546985","64547274","53","46795522"
"chr9","111355051","111355311","chr2","128316863","128317118","49","16961812"
"chr9","111375494","111375781","chr3","19993966","19994253","48","91381528"
"chr9","111453429","111453735","chr6","116841833","116842136","51","5388404"
"chr9","111467995","111468310","chr14","13430354","13430661","50","98037641"
"chr9","111525705","111525997","chr2","203225383","203225677","47","91699678"
"chr9","111550763","111551067","chr5","59461001","59461310","61","52089762"
"chr9","111565709","111566015","chr22","38966910","38967209","48","72598799"
"chr9","111682737","111683047","chr7","70375823","70376126","48","41306914"
"chr9","111849803","111850064","chr19","23618134","23618393","49","88231669"
"chr9","112361553","112361677","chr12","97503878","97503999","24","14857675"
"chr9","112446499","112446795","chr5","99783216","99783512","58","12663283"
"chr9","112455089","112455384","chr7","25925292","25925587","46","86529797"
"chr9","112585691","112586005","chr10","21024965","21025274","53","91560726"
"chr9","112607656","112607968","chr5","1076646","1076956","50","111531010"
"chr9","112780266","112780462","chr7","150414803","150414997","30","37634537"
"chr9","113024081","113024338","chr16","64689606","64689879","53","48334475"
"chr9","113182752","113183048","chr6","121802757","121803058","51","8620005"
"chr9","113263239","113263452","chr12","109632309","109632527","38","3630930"
"chr9","113292290","113292577","chr6","135531665","135531946","48","22239375"
"chr9","113322554","113322827","chr7","14181724","14181998","48","99140830"
"chr9","113347385","113347683","chr12","20230563","20230858","45","93116822"
"chr9","113377919","113378233","chr2","39815620","39815927","50","73562299"
"chr9","113457275","113457583","chr8","106549657","106549965","49","6907618"
"chr9","113487713","113488027","chr4","139259106","139259407","50","25771393"
"chr9","113605387","113605542","chr5","3162400","3162548","29","110442987"
"chr9","113645823","113646134","chr10","20863520","20863828","44","92782303"
"chr9","113687024","113687324","chrUn_GL286217","143262","143564","48","113543762"
"chr9","113692523","113692811","chr12","110041861","110042155","45","3650662"
"chr9","113754076","113754382","chr12","110101356","110101655","55","3652720"
"chr9","113803901","113804212","chr5","55380182","55380490","45","58423719"
"chr9","113881352","113881652","chrX","46819628","46819925","50","67061724"
"chr9","113890641","113890902","chr3","182152241","182152490","50","68261600"
"chr9","113906706","113907021","chr8","73898415","73898723","59","40008291"
"chr9","113982948","113983261","chr14","32553436","32553738","54","81429512"
"chr9","113999232","113999539","chr11","28125301","28125613","48","85873931"
"chr9","114045624","114045905","chr11","5274208","5274485","48","108771416"
"chr9","114135433","114135547","chrX","46840540","46840653","14","67294893"
"chr9","114317814","114318108","chr12","110721073","110721369","42","3596741"
"chr9","114433941","114434229","chr3","118139040","118139328","42","3705099"
"chr9","114478392","114478697","chr8","115903141","115903445","51","1424749"
"chr9","114494713","114495007","chr22","41886502","41886799","44","72608211"
"chr9","114529546","114529850","chr12","110923051","110923358","41","3606495"
"chr9","114559146","114559441","chr9","109401065","109401359","47","5158081"
"chr9","114560339","114560647","chr5","120225189","120225498","41","5664850"
"chr9","114584226","114584517","chr4","71933212","71933503","42","42651014"
"chr9","114609449","114609746","chr3","189088149","189088441","51","74478700"
"chr9","114658086","114658411","chr5","73075939","73076252","63","41582147"
"chr9","114774228","114774535","chr11","120600441","120600744","60","5826213"
"chr9","114904254","114904542","chr1","77745311","77745604","49","37158943"
"chr9","115137986","115138282","chr4","54184518","54184816","42","60953468"
"chr9","115393199","115393509","chr14","77613723","77614028","46","37779476"
"chr9","115454185","115454490","chrX","117763468","117763772","45","2309283"
"chr9","115594732","115594839","chr5","43996246","43996352","17","71598486"
"chr9","115745147","115745457","chr2","146982644","146982948","44","31237497"
"chr9","115793337","115793637","chr9","107670130","107670426","52","8123207"
"chr9","115894259","115894551","chr2","203225383","203225677","49","87331124"
"chr9","115904181","115904471","chr12","112317117","112317391","58","3587064"
"chr9","115904638","115904764","chr12","112317559","112317692","24","3587079"
"chr9","115980310","115980616","chr12","100817634","100817942","50","15162676"
"chr9","115997252","115997454","chr7","54597231","54597414","51","61400021"
"chr9","116033931","116034237","chr9","25525997","25526295","44","90507934"
"chr9","116079003","116079281","chr4","21602547","21602837","58","94476456"
"chr9","116102054","116102335","chr15","42226718","42226989","51","73875336"
"chr9","116125222","116125506","chr1","171745643","171745929","43","55620421"
"chr9","116224900","116225185","chr17","8620369","8620656","41","107604531"
"chr9","116329285","116329578","chr2","147728720","147729015","47","31399435"
"chr9","116331094","116331388","chr2","147728720","147729015","40","31397626"
"chr9","116352562","116352679","chr7","81015338","81015453","20","35337224"
"chr9","116357619","116357764","chr2","52022448","52022586","21","64335171"
"chr9","116360335","116360634","chr6","118600755","118601054","40","2240420"
"chr9","116379497","116379847","chr12","99732602","99732958","81","16646895"
"chr9","116402817","116403073","chr5","72732773","72733021","51","43670044"
"chr9","116456045","116456209","chr3","150032177","150032343","34","33576132"
"chr9","116470364","116470666","chrX","45698425","45698727","47","70771939"
"chr9","116600649","116600904","chr5","70100112","70100361","51","46500537"
"chr9","116619774","116620073","chr2","13919309","13919605","45","102700465"
"chr9","116623464","116623763","chr22","32283805","32284102","48","84339659"
"chr9","116714690","116714980","chr2","144752518","144752792","110","28037828"
"chr9","116715993","116716219","chr8","4691812","4692036","40","112024181"
"chr9","116756165","116756446","chr12","113143320","113143603","45","3612845"
"chr9","116765056","116765335","chr22","45711887","45712165","50","71053169"
"chr9","116780959","116781092","chr22","48943593","48943724","20","67837366"
"chr9","116815880","116816183","chrUn_GL286217","143262","143564","39","116672618"
"chr9","116818556","116818857","chr12","113215742","113216022","50","3602814"
"chr9","116829981","116830280","chr12","16212093","16212391","38","100617888"
"chr9","116977445","116977751","chr12","113373329","113373625","57","3604116"
"chr9","116982174","116982457","chr20","26369514","26369801","50","90612660"
"chr9","117043863","117044140","chr5","151643902","151644188","49","34600039"
"chr9","117046430","117046723","chr3","140100776","140101069","54","23054346"
"chr9","117056028","117056293","chr10","129718624","129718892","41","12662596"
"chr9","117203521","117203832","chr2","1940205","1940517","47","115263316"
"chr9","117223248","117223523","chr12","113634286","113634558","32","3588962"
"chr9","117251300","117251583","chr3","106011472","106011765","44","11239828"
"chr9","117252921","117253007","chr4","49586409","49586490","15","67666512"
"chr9","117270411","117270658","chr12","113683960","113684199","43","3586451"
"chr9","117273204","117273300","chr5","1759512","1759601","15","115513692"
"chr9","117273485","117273777","chr13","101131223","101131519","54","16142262"
"chr9","117310565","117310874","chr9","101210178","101210488","44","16100387"
"chr9","117340074","117340326","chr2","186704037","186704290","48","69363963"
"chr9","117363521","117363831","chrX","111773459","111773758","56","5590062"
"chr9","117392710","117393022","chr12","113796632","113796943","34","3596078"
"chr9","117404049","117404334","chr12","113808624","113808908","27","3595425"
"chr9","117468630","117468716","chr17","9960491","9960574","13","107508139"
"chr9","117619138","117619431","chr5","65296228","65296517","43","52322910"
"chr9","117722129","117722435","chr2","150624041","150624344","49","32901912"
"chr9","117932065","117932364","chr20","12125048","12125346","44","105807017"
"chr9","117938774","117939089","chr2","146982644","146982948","48","29043870"
"chr9","118017973","118018049","chr14","68686729","68686808","11","49331244"
"chr9","118251151","118251437","chr12","114695135","114695414","47","3556016"
"chr9","118261050","118261348","chr7","70375823","70376126","47","47885227"
"chr9","118355867","118355982","chr6","113318399","113318522","23","5037468"
"chr9","118473384","118473678","chr1","13807754","13808053","44","104665630"
"chr9","118488498","118488798","chr12","28744008","28744308","47","89744490"
"chr9","118645669","118645945","chr12","115102926","115103208","43","3542743"
"chr9","118721893","118722200","chr3","117540807","117541109","52","1181086"
"chr9","118829478","118829694","chr6","6361022","6361241","40","112468456"
"chr9","118921300","118921602","chr9","105072042","105072344","48","13849258"
"chr9","118946150","118946447","chr10","90399593","90399894","54","28546557"
"chr9","118993524","118993819","chr1","41686123","41686409","54","77307401"
"chr9","119085584","119085888","chr10","36435756","36436056","53","82649828"
"chr9","119090153","119090450","chr1","170771447","170771746","42","51681294"
"chr9","119133827","119134138","chr6","75230350","75230656","49","43903477"
"chr9","119299216","119299527","chr4","25331239","25331533","56","93967977"
"chr9","119426968","119427254","chr12","36903935","36904218","49","82523033"
"chr9","119473032","119473320","chr11","65834106","65834397","52","53638926"
"chr9","119592982","119593270","chr1","152570018","152570318","61","32977036"
"chr9","119646373","119646654","chr2","2218970","2219260","46","117427403"
"chr9","119803982","119804290","chr19","41098693","41098995","57","78705289"
"chr9","119845596","119845905","chr7","58254529","58254831","55","61591067"
"chr9","120279165","120279440","chr6","131818517","131818808","62","11539352"
"chr9","120510672","120510966","chr5","51345340","51345626","55","69165332"
"chr9","120660146","120660436","chr6","17854050","17854340","50","102806096"
"chr9","120847996","120848112","chr11","118004500","118004609","18","2843496"
"chr9","120925137","120925445","chrX","17705039","17705341","46","103220098"
"chr9","121223408","121223757","chr5","116095602","116095921","78","5127806"
"chr9","121490654","121490967","chr5","95128904","95129215","51","26361750"
"chr9","121603827","121604127","chr12","118153343","118153641","36","3450484"
"chr9","121666810","121667130","chr2","39168351","39168663","59","82498459"
"chr9","121883248","121883321","chr1","200642764","200642837","10","78759516"
"chr9","122075678","122075975","chr16","46273046","46273344","48","75802632"
"chr9","122078085","122078371","chrX","121377455","121377738","61","700630"
"chr9","122219272","122219512","chr22","27996842","27997093","63","94222430"
"chr9","122225168","122225397","chr17","65271633","65271871","50","56953535"
"chr9","122340918","122341197","chr5","108843290","108843570","60","13497628"
"chr9","122777523","122777819","chr16","46721249","46721542","43","76056274"
"chr9","123069832","123070151","chr20","38639419","38639722","97","84430413"
"chr9","123163916","123164232","chr12","119787278","119787577","60","3376638"
"chr9","123310607","123310703","chr1","128973064","128973156","21","5662457"
"chr9","123374380","123374684","chr6","118242438","118242738","44","5131942"
"chr9","123393057","123393386","chr15","37514276","37514606","55","85878781"
"chr9","123433643","123433897","chr12","120014836","120015099","58","3418807"
"chr9","123801432","123801743","chr14","77613723","77614028","47","46187709"
"chr9","123815560","123815851","chr6","5999163","5999451","56","117816397"
"chr9","123861921","123862215","chr2","29899697","29899980","59","93962224"
"chr9","124275006","124275278","chr7","91334702","91334965","59","32940304"
"chr9","124677632","124677954","chr9","100098416","100098714","72","24579216"
"chr9","124791875","124792077","chr12","121452072","121452283","32","3339803"
"chr9","124870475","124870785","chr2","71331505","71331809","40","53538970"
"chr9","124882726","124882890","chr13","15765263","15765428","31","109117463"
"chr9","124898278","124898563","chr3","107213898","107214190","51","17684380"
"chr9","125096529","125096830","chr8","29283402","29283703","48","95813127"
"chrX","87687034","87687350","chr8","104126129","104126438","53","16439095"
"chrX","96730883","96731192","chr8","105737673","105737982","44","9006790"
"chrX","40412","40711","chr2","59155205","59155495","63","59114793"
"chrX","50334","50637","chr2","72481200","72481495","57","72430866"
"chrX","135952","136245","chr2","1572464","1572757","45","1436512"
"chrX","237343","237649","chr7","70375823","70376126","50","70138480"
"chrX","247339","247535","chr10","105242142","105242359","57","104994803"
"chrX","302258","302547","chr10","82921268","82921557","42","82619010"
"chrX","311348","311651","chr10","89965128","89965435","47","89653780"
"chrX","321044","321189","chrX","889943","890071","26","568899"
"chrX","337413","337693","chr20","218335","218623","63","119078"
"chrX","399706","399988","chr2","12658833","12659120","55","12259127"
"chrX","403301","403396","chr1","79687396","79687492","13","79284095"
"chrX","433293","433599","chr4","98746325","98746622","47","98313032"
"chrX","483477","483745","chr5","122438480","122438746","46","121955003"
"chrX","495090","495375","chr3","19993966","19994253","46","19498876"
"chrX","496216","496524","chr3","48450700","48451011","52","47954484"
"chrX","528779","528998","chrX","1166222","1166449","36","637443"
"chrX","649503","649811","chr5","124645645","124645952","54","123996142"
"chrX","737176","737465","chrX","1394914","1395212","38","657738"
"chrX","780933","781245","chr7","20593863","20594174","49","19812930"
"chrX","998082","998383","chr9","14539289","14539586","50","13541207"
"chrX","1024115","1024485","chr5","134399298","134399623","99","133375183"
"chrX","1035980","1036283","chrX","1610266","1610576","60","574286"
"chrX","1050715","1050917","chr5","43675787","43675981","36","42625072"
"chrX","1051641","1051915","chr19","6492931","6493204","44","5441290"
"chrX","1087948","1088241","chr2","69001665","69001961","48","67913717"
"chrX","1129817","1130122","chr8","115903141","115903445","54","114773324"
"chrX","1150387","1150679","chr3","137108800","137109094","42","135958413"
"chrX","1162748","1163071","chr10","14690438","14690745","58","13527690"
"chrX","1178966","1179259","chr5","116319919","116320212","52","115140953"
"chrX","1180308","1180635","chr12","114379431","114379742","56","113199123"
"chrX","1213568","1213868","chr14","32553436","32553738","59","31339868"
"chrX","1401817","1402111","chr9","46777958","46778230","68","45376141"
"chrX","1518231","1518531","chrX","2102576","2102874","40","584345"
"chrX","1778799","1779080","chr4","158481330","158481605","41","156702531"
"chrX","1785882","1786185","chr6","136242379","136242686","53","134456497"
"chrX","1828347","1828588","chr1","181927736","181927979","42","180099389"
"chrX","1925236","1925518","chr2","10706398","10706685","50","8781162"
"chrX","2004244","2004373","chrX","62816449","62816579","16","60812205"
"chrX","2004438","2004592","chr16","78055008","78055162","33","76050570"
"chrX","2027641","2027911","chr10","41485100","41485371","42","39457459"
"chrX","2052029","2052328","chrX","17705039","17705341","37","15653010"
"chrX","2077071","2077163","chr11","111085623","111085716","17","109008552"
"chrX","2199768","2200079","chr5","55380182","55380490","45","53180414"
"chrX","2234797","2235083","chrUn_GL286373","2039558","2039846","47","195239"
"chrX","2328776","2329076","chr15","20233908","20234212","47","17905132"
"chrX","2452728","2453017","chr1","174457739","174458029","56","172005011"
"chrX","2583364","2583420","chr2","97655048","97655103","5","95071684"
"chrX","2618854","2619165","chr12","78919016","78919323","55","76300162"
"chrX","2630020","2630304","chr15","8589851","8590135","41","5959831"
"chrX","2879393","2879517","chr5","89327101","89327224","18","86447708"
"chrX","2893033","2893305","chr4","158481330","158481605","58","155588297"
"chrX","2970798","2971113","chr14","83083786","83084089","53","80112988"
"chrX","3093702","3094011","chr13","19830187","19830487","57","16736485"
"chrX","3156713","3157029","chr7","70375823","70376126","56","67219110"
"chrX","3244230","3244501","chrX","3747122","3747401","46","502892"
"chrX","3291317","3291630","chr10","20863520","20863828","44","17572203"
"chrX","3334574","3334870","chr5","94139693","94139989","51","90805119"
"chrX","3555186","3555493","chr6","75230350","75230656","42","71675164"
"chrX","3609292","3609620","chr2","18094200","18094522","64","14484908"
"chrX","3786736","3787011","chr1","13309761","13310035","65","9523025"
"chrX","3819763","3820063","chr2","66989134","66989436","49","63169371"
"chrX","3927137","3927201","chrX","124575268","124575331","15","120648131"
"chrX","4051094","4051377","chrX","4561846","4562134","44","510752"
"chrX","4077575","4077882","chr5","55380182","55380490","46","51302607"
"chrX","4098679","4098969","chr4","71933212","71933503","51","67834533"
"chrX","4173612","4173907","chr3","3161578","3161876","47","1012034"
"chrX","4198171","4198448","chr7","24446538","24446828","47","20248367"
"chrX","4202646","4202932","chr7","155162191","155162474","50","150959545"
"chrX","4376148","4376259","chrX","4898629","4898741","16","522481"
"chrX","4415507","4415801","chr5","47309745","47310037","35","42894238"
"chrX","4418018","4418162","chr2","34650368","34650508","21","30232350"
"chrX","4418166","4418400","chr22","35745701","35745925","46","31327535"
"chrX","4425239","4425527","chr12","107125942","107126232","44","102700703"
"chrX","4429762","4430064","chr17","8594153","8594456","51","4164391"
"chrX","4463884","4464127","chr9","99688386","99688624","46","95224502"
"chrX","4831671","4831918","chr18","5790915","5791164","57","959244"
"chrX","5076439","5076736","chrX","5636981","5637273","37","560542"
"chrX","5091832","5092129","chrX","39454622","39454913","42","34362790"
"chrX","5099835","5100130","chr8","89565594","89565886","48","84465759"
"chrX","5225663","5225956","chr7","85080523","85080815","53","79854860"
"chrX","5554587","5554633","chr5","94690104","94690150","4","89135517"
"chrX","5619834","5620140","chr12","22291772","22292077","53","16671938"
"chrX","5670168","5670467","chrX","6270775","6271081","40","600607"
"chrX","5750738","5751043","chr5","55380182","55380490","57","49629444"
"chrX","5869118","5869385","chrX","6465976","6466228","41","596858"
"chrX","5910760","5911066","chr9","14396117","14396432","54","8485357"
"chrX","6037041","6037255","chr7","98332107","98332326","51","92295066"
"chrX","6051507","6051812","chr11","66635820","66636129","59","60584313"
"chrX","6299384","6299491","chr1","206246927","206247036","15","199947543"
"chrX","6357581","6357869","chr6","66745564","66745848","52","60387983"
"chrX","6393303","6393587","chr12","93096942","93097222","60","86703639"
"chrX","6425464","6425764","chr2","147728720","147729015","47","141303256"
"chrX","6487485","6487790","chrX","7146099","7146375","55","658614"
"chrX","6497103","6497373","chrX","7156289","7156554","49","659186"
"chrX","6518680","6518780","chrX","54408485","54408579","17","47889805"
"chrX","6521154","6521465","chr7","70375823","70376126","50","63854669"
"chrX","6547283","6547563","chr2","9267194","9267473","42","2719911"
"chrX","6549741","6550062","chr15","20202240","20202546","53","13652499"
"chrX","6553980","6554279","chr2","8630069","8630362","45","2076089"
"chrX","6582389","6582667","chr1","197465921","197466196","42","190883532"
"chrX","6585001","6585289","chr2","8751364","8751656","48","2166363"
"chrX","6637710","6638019","chr5","55380182","55380490","41","48742472"
"chrX","6850098","6850393","chr5","3254168","3254463","48","3595930"
"chrX","6866201","6866510","chr5","131476716","131477026","45","124610515"
"chrX","6880791","6881092","chrX","7554060","7554365","40","673269"
"chrX","6927959","6928239","chr3","106011472","106011765","51","99083513"
"chrX","6972459","6972754","chrUn_GL286217","143262","143564","53","6829197"
"chrX","6996494","6996796","chr9","69074431","69074735","41","62077937"
"chrX","7019674","7019964","chr17","34522402","34522681","58","27502728"
"chrX","7021737","7022034","chrX","7689022","7689320","40","667285"
"chrX","7129609","7129924","chrX","7797798","7798109","50","668189"
"chrX","7149881","7150201","chrX","7817723","7818029","41","667842"
"chrX","7182898","7183005","chr18","4572030","4572132","18","2610868"
"chrX","7187812","7188112","chr2","81787924","81788225","38","74600112"
"chrX","7197244","7197523","chr14","32863987","32864257","42","25666743"
"chrX","7220196","7220489","chr12","51888773","51889064","42","44668577"
"chrX","7229090","7229399","chr12","49251215","49251519","46","42022125"
"chrX","7290894","7291177","chrX","7950782","7951057","36","659888"
"chrX","7330102","7330391","chr4","71933212","71933503","42","64603110"
"chrX","7336211","7336517","chr4","17518722","17519032","50","10182511"
"chrX","7340290","7340590","chr9","100098416","100098714","44","92758126"
"chrX","7394754","7395046","chr3","3161578","3161876","50","4233176"
"chrX","7416995","7417294","chr6","48814191","48814491","52","41397196"
"chrX","7457061","7457356","chr2","203225383","203225677","34","195768322"
"chrX","7595065","7595375","chrX","63118288","63118597","46","55523223"
"chrX","7607812","7608116","chr9","45325979","45326278","50","37718167"
"chrX","7723917","7724234","chrX","8396907","8397216","38","672990"
"chrX","8210380","8210691","chr5","11439006","11439313","53","3228626"
"chrX","8280351","8280644","chr5","11716562","11716853","44","3436211"
"chrX","8494842","8495134","chr11","97213328","97213619","43","88718486"
"chrX","8752071","8752365","chr4","139259106","139259407","45","130507035"
"chrX","8798212","8798524","chr10","20863520","20863828","50","12065308"
"chrX","8849517","8849800","chr10","118916550","118916829","53","110067033"
"chrX","8953466","8953742","chr6","132408951","132409222","46","123455485"
"chrX","8977939","8978043","chr1","121484515","121484621","14","112506576"
"chrX","9014061","9014368","chr17","4214898","4215196","61","4799163"
"chrX","9076150","9076440","chr19","11821768","11822062","48","2745618"
"chrX","9159417","9159721","chr9","84614143","84614455","51","75454726"
"chrX","9166258","9166567","chr16","26529425","26529732","50","17363167"
"chrX","9576968","9577256","chrX","10266931","10267230","44","689963"
"chrX","9745775","9746071","chr9","14539289","14539586","43","4793514"
"chrX","9793419","9793653","chr9","54287512","54287742","36","44494093"
"chrX","9867340","9867514","chr5","29090486","29090646","38","19223146"
"chrX","9912788","9913089","chr2","137798788","137799086","44","127886000"
"chrX","9923953","9924248","chr8","101891681","101891969","61","91967728"
"chrX","9941214","9941515","chr1","13807754","13808053","41","3866540"
"chrX","10062034","10062332","chr17","56198600","56198897","45","46136566"
"chrX","10225607","10225908","chrX","10912872","10913173","36","687265"
"chrX","10306660","10306992","chr7","137342012","137342330","62","127035352"
"chrX","10341802","10342092","chr3","19993966","19994253","49","9652164"
"chrX","10361529","10361840","chrX","11044054","11044357","47","682525"
"chrX","10396552","10396848","chrX","11077007","11077300","46","680455"
"chrX","10414624","10414891","chrX","11099004","11099287","43","684380"
"chrX","10515483","10515798","chr1","172128345","172128662","51","161612862"
"chrX","10528401","10528679","chr7","66577820","66578104","54","56049419"
"chrX","10558146","10558349","chr8","107789322","107789523","36","97231176"
"chrX","10559312","10559609","chrX","11234970","11235273","49","675658"
"chrX","10567731","10567973","chr10","124164465","124164707","52","113596734"
"chrX","10649043","10649331","chr6","17854050","17854340","50","7205007"
"chrX","10663178","10663482","chr5","55380182","55380490","45","44717004"
"chrX","10863451","10863793","chr13","20178005","20178325","69","9314554"
"chrX","10946712","10947037","chr4","34136774","34137087","77","23190062"
"chrX","10980616","10980938","chr12","78334228","78334543","55","67353612"
"chrX","11024477","11024785","chr4","17919516","17919823","41","6895039"
"chrX","11100088","11100301","chr10","7061310","7061523","43","4038778"
"chrX","11133236","11133541","chr6","75230350","75230656","41","64097114"
"chrX","11164591","11164876","chr4","163363355","163363643","44","152198764"
"chrX","11219446","11219756","chrX","11906798","11907093","39","687352"
"chrX","11252473","11252762","chr1","202436505","202436787","52","191184032"
"chrX","11264037","11264344","chr5","55380182","55380490","46","44116145"
"chrX","11298954","11299182","chr10","96053738","96053955","44","84754784"
"chrX","11477422","11477710","chr2","131501585","131501869","51","120024163"
"chrX","11729597","11729903","chr3","95007776","95008084","55","83278179"
"chrX","12183128","12183380","chr5","25053411","25053658","54","12870283"
"chrX","12309802","12310111","chr8","114553260","114553568","45","102243458"
"chrX","12670790","12671136","chr5","108338844","108339172","78","95668054"
"chrX","12685405","12685706","chrX","13493092","13493393","44","807687"
"chrX","12737587","12737856","chr15","41221842","41222093","69","28484255"
"chrX","12809426","12809672","chrX","13631633","13631872","42","822207"
"chrX","12875334","12875580","chr19","11666964","11667200","86","1208370"
"chrX","12880442","12880759","chr11","66635820","66636129","55","53755378"
"chrX","12907436","12907686","chr2","55390416","55390664","48","42482980"
"chrX","13023155","13023457","chr9","45325979","45326278","46","32302824"
"chrX","13023866","13024172","chr5","55380182","55380490","46","42356316"
"chrX","13053577","13053862","chrX","52241701","52241982","47","39188124"
"chrX","13057019","13057316","chr2","67847090","67847384","51","54790071"
"chrX","13072238","13072378","chr15","61806714","61806849","21","48734476"
"chrX","13072429","13072597","chr5","82634279","82634453","36","69561850"
"chrX","13127709","13128009","chr16","66568637","66568935","40","53440928"
"chrX","13169175","13169476","chr13","74012801","74013097","50","60843626"
"chrX","13430792","13431099","chr12","106996545","106996851","44","93565753"
"chrX","13437517","13437823","chr5","91678600","91678912","61","78241083"
"chrX","13500001","13500074","chr7","107070149","107070233","17","93570148"
"chrX","13508452","13508596","chr2","9352237","9352376","27","4156215"
"chrX","13510423","13510589","chr7","150738655","150738825","28","137228232"
"chrX","13687108","13687388","chr8","3164270","3164554","49","10522838"
"chrX","13748890","13749163","chr7","58917227","58917519","51","45168337"
"chrX","13750185","13750488","chr1","10455735","10456039","44","3294450"
"chrX","13919435","13919739","chr9","25525997","25526295","53","11606562"
"chrX","14011704","14012012","chr7","35515798","35516110","46","21504094"
"chrX","14050473","14050781","chr2","108820112","108820406","67","94769639"
"chrX","14060558","14060867","chr2","57488404","57488709","52","43427846"
"chrX","14101596","14101905","chr7","88697458","88697764","51","74595862"
"chrX","14144122","14144406","chr13","49154086","49154372","44","35009964"
"chrX","14187312","14187624","chr10","7410350","7410658","47","6776962"
"chrX","14223438","14223690","chr12","22664837","22665086","42","8441399"
"chrX","14328351","14328643","chr5","122030237","122030533","49","107701886"
"chrX","14352648","14352948","chr9","45325979","45326278","38","30973331"
"chrX","14443690","14443800","chr5","84481557","84481668","15","70037867"
"chrX","14709286","14709562","chr10","41485100","41485371","55","26775814"
"chrX","15144347","15144622","chr5","57595002","57595278","49","42450655"
"chrX","15251924","15252236","chrX","11945570","11945880","59","3306354"
"chrX","15417835","15418165","chr16","32197733","32198064","69","16779898"
"chrX","15418642","15418937","chr16","6809919","6810217","47","8608723"
"chrX","15445442","15445735","chrX","39454622","39454913","47","24009180"
"chrX","15458780","15459096","chr5","55380182","55380490","53","39921402"
"chrX","15502232","15502521","chrX","46464393","46464684","43","30962161"
"chrX","15509429","15509741","chrX","16523035","16523337","42","1013606"
"chrX","15593852","15593997","chrX","16618789","16618932","30","1024937"
"chrX","15603722","15604039","chr8","106549657","106549965","56","90945935"
"chrX","15624798","15625099","chrX","16644367","16644665","45","1019569"
"chrX","15626067","15626316","chr1","181284860","181285114","45","165658793"
"chrX","15641595","15641895","chrX","51259545","51259842","45","35617950"
"chrX","15659270","15659578","chr9","101210178","101210488","45","85550908"
"chrX","15660533","15660651","chr8","74203698","74203811","16","58543165"
"chrX","15707670","15707868","chr2","130765532","130765734","34","115057862"
"chrX","15708052","15708353","chr5","124645645","124645952","52","108937593"
"chrX","15710095","15710233","chr15","49368766","49368903","34","33658671"
"chrX","15776242","15776484","chr12","80027861","80028112","44","64251619"
"chrX","15777012","15777057","chr15","89330988","89331032","2","73553976"
"chrX","15777058","15777375","chr10","7410350","7410658","52","8366708"
"chrX","15860552","15860664","chr3","72030386","72030497","14","56169834"
"chrX","15912379","15912663","chrX","16922906","16923181","41","1010527"
"chrX","15931554","15931851","chr10","99483273","99483561","51","83551719"
"chrX","15941059","15941360","chr7","148395571","148395870","44","132454512"
"chrX","15995780","15996081","chr4","98746325","98746622","44","82750545"
"chrX","16010788","16011099","chr22","1024519","1024830","42","14986269"
"chrX","16021047","16021366","chr6","70367906","70368206","62","54346859"
"chrX","16026243","16026553","chr10","43561401","43561704","50","27535158"
"chrX","16044080","16044370","chr6","17854050","17854340","46","1809970"
"chrX","16115661","16115954","chr1","154902781","154903066","53","138787120"
"chrX","16124009","16124314","chr5","55380182","55380490","45","39256173"
"chrX","16274896","16275190","chr2","2218970","2219260","46","14055926"
"chrX","16275933","16276249","chr5","95128904","95129215","51","78852971"
"chrX","16294151","16294453","chr1","194407069","194407372","47","178112918"
"chrX","16363622","16363932","chr10","99720711","99721015","43","83357089"
"chrX","16371154","16371476","chrUn_GL289054","9235","9549","53","16361919"
"chrX","16401310","16401593","chrX","53761966","53762246","51","37360656"
"chrX","16404808","16404943","chr5","95432917","95433052","17","79028109"
"chrX","16419619","16419930","chr11","66635820","66636129","41","50216201"
"chrX","16420807","16420947","chrX","17452409","17452539","23","1031602"
"chrX","16431309","16431610","chrX","17462645","17462932","47","1031336"
"chrX","16526725","16526885","chrX","17563006","17563167","18","1036281"
"chrX","16542716","16543010","chr1","156644747","156645035","47","140102031"
"chrX","16630775","16630886","chr16","21159134","21159244","16","4528359"
"chrX","16636301","16636588","chr12","27922791","27923078","37","11286490"
"chrX","16652493","16652790","chrX","17705039","17705341","29","1052546"
"chrX","16675166","16675464","chrX","17737239","17737528","42","1062073"
"chrX","16685737","16686022","chr3","19993966","19994253","43","3308229"
"chrX","16692757","16693061","chr2","146982644","146982948","59","130289887"
"chrX","16755929","16756219","chr12","50119223","50119516","51","33363294"
"chrX","16760578","16760887","chr9","17943911","17944216","53","1183333"
"chrX","16805905","16805994","chr5","1759512","1759601","8","15046393"
"chrX","16858078","16858372","chr19","44625119","44625416","34","27767041"
"chrX","16975265","16975561","chr7","66759838","66760136","43","49784573"
"chrX","17057721","17058026","chr3","117540807","117541109","44","100483086"
"chrX","17059503","17059807","chrX","18158963","18159264","41","1099460"
"chrX","17076194","17076489","chr1","92541295","92541594","41","75465101"
"chrX","17080790","17081060","chr9","53552630","53552898","46","36471840"
"chrX","17123448","17123726","chrX","18235935","18236222","40","1112487"
"chrX","17133880","17134173","chrX","18246949","18247233","43","1113069"
"chrX","17210893","17211173","chr12","101774397","101774689","59","84563504"
"chrX","17211545","17211681","chr5","10559689","10559821","17","6651856"
"chrX","17305161","17305472","chrX","117955769","117956070","51","100650608"
"chrX","17312523","17312808","chr1","201346514","201346805","43","184033991"
"chrX","17336797","17337102","chr10","59014810","59015115","42","41678013"
"chrX","17404138","17404433","chr3","4273229","4273529","49","13130909"
"chrX","17406722","17407000","chr2","33495117","33495388","61","16088395"
"chrX","17697017","17697141","chr17","19735139","19735263","21","2038122"
"chrX","17706424","17706704","chrX","18847987","18848274","39","1141563"
"chrX","17828342","17828630","chr5","64266316","64266614","49","46437974"
"chrX","18006545","18006843","chrX","19114318","19114620","38","1107773"
"chrX","18048171","18048470","chrX","19158631","19158941","39","1110460"
"chrX","18452480","18452769","chr7","137412984","137413261","47","118960504"
"chrX","18849101","18849382","chrX","19965446","19965724","36","1116345"
"chrX","19111974","19112277","chr20","28221270","28221568","42","9109296"
"chrX","19207072","19207366","chr6","118600755","118601054","46","99393683"
"chrX","19243458","19243761","chr19","24478304","24478609","48","5234846"
"chrX","19268335","19268617","chr11","97213328","97213619","47","77944993"
"chrX","19299855","19300152","chr11","19304678","19304978","56","4823"
"chrX","19303428","19303728","chrX","20475661","20475972","45","1172233"
"chrX","19311341","19311515","chrX","20484179","20484342","30","1172838"
"chrX","19339894","19340190","chr2","1572464","1572757","53","17767430"
"chrX","19395474","19395794","chrX","20572662","20572986","51","1177188"
"chrX","19423222","19423528","chr12","78919016","78919323","46","59495794"
"chrX","19438471","19438635","chrX","20615221","20615388","20","1176750"
"chrX","19454550","19454856","chrX","20630958","20631247","44","1176408"
"chrX","19471623","19471928","chrX","20652182","20652490","31","1180559"
"chrX","19481281","19481590","chrX","20661934","20662245","42","1180653"
"chrX","19624939","19625241","chrX","17705039","17705341","45","1919900"
"chrX","19684494","19684817","chr6","116209341","116209648","54","96524847"
"chrX","19716986","19717303","chr7","45596357","45596667","62","25879371"
"chrX","19836418","19836714","chr2","126844179","126844477","69","107007761"
"chrX","19884933","19885097","chr9","55246171","55246334","23","35361238"
"chrX","20097529","20097816","chr12","107125942","107126232","44","87028413"
"chrX","20288630","20288923","chr5","20959063","20959352","51","670433"
"chrX","20559061","20559355","chrX","21781966","21782258","44","1222905"
"chrX","20851779","20852115","chr5","6631621","6631933","63","14220158"
"chrX","20922888","20922960","chr2","6648559","6648630","10","14274329"
"chrX","20986083","20986384","chr1","116007171","116007474","47","95021088"
"chrX","20997672","20997955","chr6","134179992","134180276","53","113182320"
"chrX","21013827","21014118","chr19","46886600","46886885","48","25872773"
"chrX","21017338","21017619","chr16","23461901","23462182","59","2444563"
"chrX","21023935","21024248","chr15","24029162","24029466","47","3005227"
"chrX","21029669","21029963","chr5","139889919","139890213","42","118860250"
"chrX","21038545","21038849","chr12","19378912","19379214","42","1659633"
"chrX","21043167","21043466","chr17","68632450","68632743","47","47589283"
"chrX","21052056","21052356","chrX","45563978","45564273","41","24511922"
"chrX","21072833","21073141","chr14","98836834","98837142","47","77764001"
"chrX","21115456","21115760","chr5","55380182","55380490","49","34264726"
"chrX","21130624","21130919","chr1","155648769","155649066","47","134518145"
"chrX","21151280","21151565","chr7","155162191","155162474","46","134010911"
"chrX","21182802","21182933","chrX","22464573","22464705","14","1281771"
"chrX","21219676","21219951","chr5","95043092","95043350","59","73823416"
"chrX","21221370","21221639","chr1","46007219","46007485","62","24785849"
"chrX","21245430","21245737","chr9","105072042","105072344","41","83826612"
"chrX","21262530","21262805","chrX","62747844","62748125","50","41485314"
"chrX","21299469","21299596","chr11","20996417","20996549","23","303052"
"chrX","21321659","21321861","chr5","109421126","109421332","40","88099467"
"chrX","21327139","21327438","chr2","36478057","36478360","51","15150918"
"chrX","21346381","21346454","chr11","9334393","9334466","10","12011988"
"chrX","21353130","21353195","chr1","173977667","173977727","12","152624537"
"chrX","21371985","21372291","chr5","90286504","90286812","51","68914519"
"chrX","21372555","21372860","chrX","22666193","22666502","40","1293638"
"chrX","21379109","21379425","chr3","53266221","53266526","55","31887112"
"chrX","21386127","21386308","chr1","26292789","26292968","30","4906662"
"chrX","21408578","21408681","chr16","64684736","64684840","17","43276158"
"chrX","21414216","21414315","chr10","92876094","92876194","16","71461878"
"chrX","21486223","21486485","chr1","121195018","121195289","66","99708795"
"chrX","21487559","21487852","chr4","6937392","6937678","57","14550167"
"chrX","21492859","21493148","chrX","51302067","51302358","38","29809208"
"chrX","21559505","21559813","chr4","139259106","139259407","51","117699601"
"chrX","21561395","21561684","chr11","121470693","121470985","47","99909298"
"chrX","21603567","21603854","chr7","10411091","10411381","46","11192476"
"chrX","21604422","21604715","chr9","25525997","25526295","45","3921575"
"chrX","21614747","21615054","chr1","121265312","121265615","58","99650565"
"chrX","21695108","21695412","chr2","71331505","71331809","35","49636397"
"chrX","21763710","21764006","chr14","98609310","98609611","42","76845600"
"chrX","21787429","21787724","chrX","4936706","4937001","46","16850723"
"chrX","21839049","21839358","chr5","523629","523928","41","21315420"
"chrX","21841864","21842168","chr7","70375823","70376126","45","48533959"
"chrX","21917745","21917874","chr11","20996417","20996549","17","921328"
"chrX","21959112","21959433","chr10","94235006","94235309","69","72275894"
"chrX","22069255","22069560","chr2","67197269","67197565","40","45128014"
"chrX","22215392","22215653","chr3","44938918","44939173","54","22723526"
"chrX","22358307","22358604","chrX","45563978","45564273","47","23205671"
"chrX","22369765","22370053","chr11","97213328","97213619","45","74843563"
"chrX","22398086","22398393","chr10","7410350","7410658","48","14987736"
"chrX","22406871","22407166","chrX","23732764","23733054","46","1325893"
"chrX","23146261","23146565","chrX","39183726","39184034","44","16037465"
"chrX","23332168","23332481","chr6","132694921","132695233","44","109362753"
"chrX","23371563","23371883","chr12","78334228","78334543","61","54962665"
"chrX","23560498","23560767","chr3","21213004","21213283","67","2347494"
"chrX","23664428","23664529","chr13","62035859","62035960","17","38371431"
"chrX","24289418","24289728","chr2","146982644","146982948","55","122693226"
"chrX","24436517","24436659","chrX","47506700","47506839","28","23070183"
"chrX","24436820","24436948","chr14","100576024","100576146","26","76139204"
"chrX","24558543","24558803","chr10","18748708","18748968","68","5809835"
"chrX","24679486","24679712","chr1","66853211","66853437","31","42173725"
"chrX","24685878","24686161","chr1","136155032","136155317","46","111469154"
"chrX","24713412","24713721","chr2","11077390","11077699","65","13636022"
"chrX","24832184","24832489","chr17","24186873","24187179","65","645311"
"chrX","25044649","25044938","chrX","26743628","26743920","51","1698979"
"chrX","25355799","25356092","chr12","51888773","51889064","42","26532974"
"chrX","25607000","25607313","chr2","1679121","1679426","52","23927879"
"chrX","25847101","25847178","chr4","13244108","13244185","10","12602993"
"chrX","25997691","25997989","chr2","203225383","203225677","38","177227692"
"chrX","26066330","26066624","chrUn_GL286266","74928","75215","52","25991402"
"chrX","26182962","26183253","chrX","27603353","27603651","37","1420391"
"chrX","26232230","26232535","chr7","70375823","70376126","44","44143593"
"chrX","26358876","26358994","chr3","80019144","80019262","19","53660268"
"chrX","26375708","26375818","chr6","135805211","135805318","18","109429503"
"chrX","26570542","26570849","chr11","97529301","97529595","56","70958759"
"chrX","26606663","26606912","chr8","50773372","50773617","54","24166709"
"chrX","26810160","26810464","chr1","170771447","170771746","48","143961287"
"chrX","26837090","26837392","chr6","48060911","48061207","51","21223821"
"chrX","27038027","27038330","chr6","121802757","121803058","46","94764730"
"chrX","27067658","27067954","chrX","45924991","45925287","43","18857333"
"chrX","27173078","27173180","chrX","28569274","28569367","21","1396196"
"chrX","27240397","27240684","chr11","21070259","21070537","48","6170138"
"chrX","27262639","27262737","chr22","2790806","2790896","13","24471833"
"chrX","27287387","27287456","chr9","66192545","66192622","17","38905158"
"chrX","27365680","27365961","chr11","74173885","74174163","40","46808205"
"chrX","27500252","27500560","chr5","55380182","55380490","47","27879930"
"chrX","27530876","27531045","chr11","54261384","54261535","50","26730508"
"chrX","27738736","27739040","chr20","11116785","11117096","51","16621951"
"chrX","27843287","27843589","chr5","45788683","45788985","54","17945396"
"chrX","27949206","27949285","chr2","63885917","63885999","11","35936711"
"chrX","27976053","27976154","chr2","198796501","198796600","18","170820448"
"chrX","27990645","27990936","chrX","29367582","29367876","40","1376937"
"chrX","28044946","28045246","chr14","69866837","69867141","42","41821891"
"chrX","28046051","28046354","chr7","70375823","70376126","43","42329772"
"chrX","28059325","28059621","chrX","29443155","29443441","46","1383830"
"chrX","28141020","28141338","chr16","91138424","91138735","60","62997404"
"chrX","28163527","28163793","chr9","38553376","38553641","40","10389849"
"chrX","28250895","28251203","chrX","29594334","29594644","34","1343439"
"chrX","28282405","28282702","chr19","27619331","27619631","45","663074"
"chrX","28292783","28292875","chr12","55355179","55355274","9","27062396"
"chrX","28299569","28299610","chr18","14281268","14281309","8","14018301"
"chrX","28366556","28366859","chr5","55380182","55380490","53","27013626"
"chrX","28607801","28608094","chr10","94342101","94342382","61","65734300"
"chrX","28611256","28611538","chr6","5717652","5717933","39","22893604"
"chrX","28970824","28970907","chr5","64924073","64924155","11","35953249"
"chrX","29168628","29168907","chr13","9982043","9982324","43","19186585"
"chrX","29408614","29408899","chr1","148438931","148439211","61","119030317"
"chrX","29496064","29496150","chr14","84162267","84162351","17","54666203"
"chrX","29583361","29583639","chr7","2978676","2978953","60","26604685"
"chrX","29670837","29670921","chr8","15524192","15524277","15","14146645"
"chrX","29892328","29892465","chr12","31049982","31050122","24","1157654"
"chrX","30058019","30058293","chr5","86768130","86768415","55","56710111"
"chrX","30380826","30381108","chr19","31366058","31366340","44","985232"
"chrX","30677302","30677600","chr5","50537784","50538079","57","19860482"
"chrX","31112148","31112437","chr6","117332912","117333211","51","86220764"
"chrX","31313638","31313693","chr7","54819198","54819253","6","23505560"
"chrX","31538615","31538781","chr3","190691428","190691578","51","159152813"
"chrX","31568658","31568696","chr7","79538857","79538905","14","47970199"
"chrX","31687745","31688015","chrX","111500433","111500697","62","79812688"
"chrX","31980698","31980967","chr12","11865246","11865511","50","20115452"
"chrX","31995170","31995469","chr6","75230350","75230656","53","43235180"
"chrX","32091334","32091619","chr5","61025909","61026199","37","28934575"
"chrX","32543067","32543367","chr5","64266316","64266614","39","31723249"
"chrX","32719275","32719461","chr1","13881780","13881959","34","18837495"
"chrX","32786368","32786430","chr9","118256009","118256065","11","85469641"
"chrX","32993351","32993652","chrX","34529419","34529723","39","1536068"
"chrX","33021071","33021351","chr5","158518457","158518746","49","125497386"
"chrX","33088149","33088301","chr5","123466989","123467139","23","90378840"
"chrX","33088694","33088828","chrX","34649488","34649621","13","1560794"
"chrX","33340889","33341169","chr1","200852106","200852397","57","167511217"
"chrX","33362617","33362906","chr2","2218970","2219260","42","31143647"
"chrX","33378046","33378319","chr5","72712443","72712712","49","39334397"
"chrX","33635810","33636059","chr2","186704037","186704290","47","153068227"
"chrX","33654156","33654420","chr4","58315651","58315914","47","24661495"
"chrX","33706227","33706434","chr1","148533416","148533629","32","114827189"
"chrX","33706435","33706468","chr13","52763244","52763277","4","19056809"
"chrX","33890033","33890327","chr7","77326917","77327209","48","43436884"
"chrX","34086549","34086856","chr9","17943911","17944216","52","16142638"
"chrX","34209962","34210273","chrX","35738434","35738732","49","1528472"
"chrX","34323312","34323559","chrX","35858437","35858674","51","1535125"
"chrX","34401653","34401750","chr3","152997829","152997925","19","118596176"
"chrX","34412025","34412324","chr4","71933212","71933503","59","37521187"
"chrX","34625389","34625693","chr12","82715784","82716082","46","48090395"
"chrX","35032691","35032893","chr7","43665861","43666072","43","8633170"
"chrX","35077275","35077564","chr12","107125942","107126232","40","72048667"
"chrX","35080222","35080492","chr17","990201","990470","46","34090021"
"chrX","35495893","35496005","chr6","43701428","43701540","17","8205535"
"chrX","35509032","35509156","chr3","80999884","81000000","25","45490852"
"chrX","35516503","35516814","chr7","70375823","70376126","47","34859320"
"chrX","35545995","35546048","chr2","14681250","14681303","9","20864745"
"chrX","35633438","35633683","chr1","141513493","141513763","52","105880055"
"chrX","35681417","35681725","chrX","37295688","37295992","34","1614271"
"chrX","35717458","35717763","chrX","37333353","37333661","40","1615895"
"chrX","35839581","35839839","chr10","111388748","111389006","41","75549167"
"chrX","35918817","35919082","chrX","37542264","37542540","44","1623447"
"chrX","35983138","35983449","chr1","101902284","101902595","49","65919146"
"chrX","35984943","35985262","chr22","2595211","2595525","59","33389732"
"chrX","36019209","36019495","chr2","71302060","71302351","55","35282851"
"chrX","36076754","36077060","chr1","160479292","160479595","49","124402538"
"chrX","36299781","36299972","chr10","33058356","33058551","49","3241425"
"chrX","36845209","36845500","chr1","186610138","186610422","51","149764929"
"chrX","36856930","36857061","chr4","9872496","9872626","24","26984434"
"chrX","36997153","36997463","chr2","1940205","1940517","47","35056948"
"chrX","37020833","37021116","chr13","59377923","59378212","45","22357090"
"chrX","37106427","37106734","chr9","105072042","105072344","50","67965615"
"chrX","37135842","37135981","chr9","44740587","44740719","26","7604745"
"chrX","37211159","37211468","chr9","25525997","25526295","54","11685162"
"chrX","37301456","37301758","chr1","137317810","137318115","49","100016354"
"chrX","37311761","37312046","chr12","113215742","113216022","49","75903981"
"chrX","37313773","37314059","chr12","90048725","90049015","51","52734952"
"chrX","37347212","37347529","chrX","63118288","63118597","48","25771076"
"chrX","37381998","37382312","chrX","39042491","39042793","52","1660493"
"chrX","37393295","37393506","chr3","76732260","76732467","57","39338965"
"chrX","37407716","37407993","chr5","61618994","61619252","98","24211278"
"chrX","37417449","37417748","chrX","39075614","39075902","50","1658165"
"chrX","37422227","37422507","chr8","3164270","3164554","55","34257957"
"chrX","37504029","37504243","chr20","23096611","23096824","45","14407418"
"chrX","37520645","37520947","chr1","78860175","78860471","51","41339530"
"chrX","37562232","37562544","chr9","122689798","122690105","45","85127566"
"chrX","37612558","37612858","chr5","93075725","93076019","48","55463167"
"chrX","37646772","37647054","chrX","39323092","39323374","36","1676320"
"chrX","37677425","37677730","chr9","99956407","99956710","44","62278982"
"chrX","37751236","37751537","chr4","139259106","139259407","50","101507870"
"chrX","37763862","37764127","chr1","63426366","63426626","42","25662504"
"chrX","37766507","37766808","chr4","139259106","139259407","38","101492599"
"chrX","37772935","37773221","chr7","155162191","155162474","45","117389256"
"chrX","37783784","37784081","chr1","13807754","13808053","46","23976030"
"chrX","37800479","37800786","chr7","19397030","19397335","43","18403449"
"chrX","37852466","37852772","chrX","39518046","39518347","31","1665580"
"chrX","37879128","37879459","chr12","89693023","89693339","54","51813895"
"chrX","37885077","37885378","chr7","70074333","70074637","45","32189256"
"chrX","37932084","37932412","chr11","80544278","80544602","63","42612194"
"chrX","37979574","37979895","chr4","132055862","132056190","53","94076288"
"chrX","38014600","38014895","chr9","83573818","83574110","38","45559218"
"chrX","38031773","38032042","chr17","8204202","8204480","58","29827571"
"chrX","38032854","38033163","chr7","70375823","70376126","41","32342969"
"chrX","38049404","38049700","chr1","13162324","13162614","46","24887080"
"chrX","38121694","38121829","chr1","173774620","173774755","22","135652926"
"chrX","38133835","38134128","chr6","119011301","119011592","45","80877466"
"chrX","38145573","38145872","chr1","168255466","168255766","50","130109893"
"chrX","38222472","38222778","chr5","802010","802319","63","37420462"
"chrX","38230651","38230951","chrX","39928163","39928455","49","1697512"
"chrX","38231687","38231997","chrX","39928848","39929141","45","1697161"
"chrX","38243384","38243694","chr5","55380182","55380490","56","17136798"
"chrX","38339560","38339863","chr7","105830843","105831145","48","67491283"
"chrX","38356063","38356361","chr7","40744500","40744801","49","2388437"
"chrX","38368047","38368309","chr6","151454739","151455004","45","113086692"
"chrX","38473721","38474036","chr4","108464628","108464932","54","69990907"
"chrX","38491595","38491904","chrX","40179673","40179982","37","1688078"
"chrX","38507981","38508269","chr22","40425693","40425977","41","1917712"
"chrX","38534934","38535018","chr11","5411146","5411231","19","33123788"
"chrX","38547288","38547587","chr7","134998084","134998381","54","96450796"
"chrX","38589557","38589872","chr2","1940205","1940517","46","36649352"
"chrX","38598429","38598716","chr3","19924518","19924803","49","18673911"
"chrX","38609817","38610104","chrX","40287192","40287475","28","1677375"
"chrX","38617478","38617789","chr6","75230350","75230656","45","36612872"
"chrX","38630112","38630296","chr2","166281149","166281334","31","127651037"
"chrX","38641658","38641969","chr2","99756788","99757092","57","61115130"
"chrX","38645890","38646189","chr3","5858349","5858646","50","32787541"
"chrX","38662066","38662353","chr11","97213328","97213619","41","58551262"
"chrX","38662437","38662744","chr10","7629807","7630109","46","31032630"
"chrX","38713855","38714163","chr7","153803404","153803707","50","115089549"
"chrX","38740621","38740911","chrX","40414391","40414685","32","1673770"
"chrX","38745604","38745883","chrX","40418986","40419267","28","1673382"
"chrX","38819406","38819695","chr7","77326917","77327209","45","38507511"
"chrX","38845844","38846062","chrX","40515274","40515484","29","1669430"
"chrX","38863642","38863934","chrX","40526856","40527149","36","1663214"
"chrX","38885458","38885760","chr2","150624041","150624344","42","111738583"
"chrX","38888212","38888516","chrX","98294821","98295118","58","59406609"
"chrX","39002897","39003183","chr5","52276617","52276902","37","13273720"
"chrX","39012932","39013213","chr9","83573818","83574110","59","44560886"
"chrX","39038195","39038513","chr9","108638571","108638873","58","69600376"
"chrX","39065950","39066259","chr12","87400084","87400394","50","48334134"
"chrX","39221212","39221340","chr2","12703019","12703151","19","26518193"
"chrX","39898301","39898598","chr2","203225383","203225677","52","163327082"
"chrX","40156431","40156724","chrX","41875685","41875982","52","1719254"
"chrX","40361536","40361832","chrX","42081293","42081571","40","1719757"
"chrX","40393279","40393575","chr3","3161578","3161876","43","37231701"
"chrX","40515712","40515839","chr9","44740587","44740719","19","4224875"
"chrX","40936489","40936789","chr11","23971252","23971543","50","16965237"
"chrX","41165020","41165322","chrX","43109347","43109658","53","1944327"
"chrX","41280860","41281122","chrX","43229953","43230206","39","1949093"
"chrX","41374957","41375241","chrX","43315818","43316105","34","1940861"
"chrX","41411424","41411642","chr11","127485095","127485317","35","86073671"
"chrX","41509378","41509659","chrX","130031339","130031615","51","88521961"
"chrX","41517271","41517490","chr5","42507631","42507858","50","990360"
"chrX","41518205","41518240","chr3","81093948","81093982","4","39575743"
"chrX","41518252","41518397","chr6","154284762","154284910","32","112766510"
"chrX","41538756","41539092","chr4","132055862","132056190","67","90517106"
"chrX","41559633","41559933","chr8","115903141","115903445","39","74343508"
"chrX","41565798","41566104","chrX","64172412","64172721","50","22606614"
"chrX","41577668","41577968","chrX","18432136","18432433","46","23145532"
"chrX","41605592","41605723","chr11","111074259","111074387","20","69468667"
"chrX","41720812","41721112","chr4","126062982","126063287","45","84342170"
"chrX","41788405","41788711","chr11","106700773","106701081","48","64912368"
"chrX","41793929","41794234","chr6","75230350","75230656","41","33436421"
"chrX","41889839","41890127","chr3","175313662","175313949","45","133423823"
"chrX","41909433","41909537","chr5","83106014","83106125","25","41196581"
"chrX","41923729","41924029","chr20","43097513","43097806","42","1173784"
"chrX","41926988","41927291","chr5","1841834","1842126","50","40085154"
"chrX","42028796","42028954","chr10","14594704","14594873","46","27434092"
"chrX","42030047","42030324","chr7","32426442","32426720","52","9603605"
"chrX","42037308","42037604","chrX","43928937","43929230","46","1891629"
"chrX","42044427","42044572","chr3","138398136","138398282","31","96353709"
"chrX","42058137","42058443","chrX","43950412","43950708","42","1892275"
"chrX","42136179","42136442","chr9","58102610","58102877","44","15966431"
"chrX","42501760","42502068","chr7","80704435","80704744","40","38202675"
"chrX","42691446","42691611","chrX","44630782","44630940","29","1939336"
"chrX","42740682","42740973","chrX","44675142","44675440","34","1934460"
"chrX","42833761","42834066","chr16","71570137","71570438","53","28736376"
"chrX","42847051","42847370","chr7","63127257","63127560","63","20280206"
"chrX","42866087","42866230","chrX","44802256","44802375","35","1936169"
"chrX","42885566","42885877","chr5","73075939","73076252","46","30190373"
"chrX","42906702","42907008","chr14","37059682","37059984","53","5847020"
"chrX","43021806","43022085","chr7","71772998","71773275","49","28751192"
"chrX","43254242","43254532","chrX","45157833","45158127","42","1903591"
"chrX","43466267","43466569","chr7","43498263","43498567","36","31996"
"chrX","43521858","43522164","chr9","17943911","17944216","47","25577947"
"chrX","43555652","43555951","chr5","75179342","75179638","52","31623690"
"chrX","43634057","43634360","chrX","45540184","45540492","44","1906127"
"chrX","43663553","43663781","chr1","66853211","66853437","38","23189658"
"chrX","43793567","43793848","chr13","95861251","95861532","42","52067684"
"chrX","43803260","43803547","chrX","45719734","45720030","65","1916474"
"chrX","43822179","43822440","chr1","147402149","147402405","51","103579970"
"chrX","43833530","43833831","chr9","45325979","45326278","42","1492449"
"chrX","43849736","43850011","chr7","92098340","92098615","56","48248604"
"chrX","43859778","43860087","chr6","112210536","112210841","46","68350758"
"chrX","43879447","43879587","chr1","93239077","93239215","22","49359630"
"chrX","43887301","43887605","chrUn_GL286217","143262","143564","45","43744039"
"chrX","43917905","43918213","chr1","199360645","199360948","54","155442740"
"chrX","43930556","43930860","chrX","8082125","8082430","43","35848431"
"chrX","43934293","43934596","chr7","33547338","33547635","44","10386955"
"chrX","43936515","43936813","chr11","122686903","122687200","48","78750388"
"chrX","44003200","44003511","chr11","28125301","28125613","48","15877899"
"chrX","44031079","44031384","chr1","199360645","199360948","52","155329566"
"chrX","44096708","44097002","chr6","119011301","119011592","38","74914593"
"chrX","44132410","44132722","chr20","3758100","3758408","63","40374310"
"chrX","44164344","44164651","chr15","33173768","33174077","47","10990576"
"chrX","44165447","44165752","chrX","46099690","46099995","48","1934243"
"chrX","44269291","44269594","chr1","101902284","101902595","47","57632993"
"chrX","44280987","44281203","chr12","53863049","53863272","42","9582062"
"chrX","44335868","44336178","chr5","78565303","78565608","52","34229435"
"chrX","44369680","44369989","chr6","140581095","140581398","62","96211415"
"chrX","44419374","44419669","chr2","67197269","67197565","46","22777895"
"chrX","44428731","44429030","chr7","74579378","74579682","54","30150647"
"chrX","44443731","44444018","chr1","13807754","13808053","58","30635977"
"chrX","44454458","44454581","chrX","46420196","46420319","18","1965738"
"chrX","44481024","44481127","chr1","20863197","20863299","18","23617827"
"chrX","44482312","44482448","chr5","115366774","115366909","20","70884462"
"chrX","44505389","44505698","chrX","46479580","46479884","47","1974191"
"chrX","44524255","44524543","chr20","7477077","7477364","36","37047178"
"chrX","44557615","44557925","chr5","44786065","44786369","58","228450"
"chrX","44676983","44677285","chr2","64486245","64486545","44","19809262"
"chrX","44689364","44689672","chr12","55345875","55346178","48","10656511"
"chrX","44721934","44722019","chr5","72615428","72615510","7","27893494"
"chrX","44744014","44744149","chr20","38676674","38676813","25","6067340"
"chrX","44745128","44745285","chr9","59189811","59189973","32","14444683"
"chrX","44747901","44748198","chrX","62322798","62323099","44","17574897"
"chrX","44758767","44758886","chrX","46737607","46737726","13","1978840"
"chrX","44879383","44879685","chr4","43531904","43532207","47","1347479"
"chrX","44883372","44883450","chr13","96489269","96489352","17","51605897"
"chrX","44883466","44883769","chr9","8263228","8263524","47","36620238"
"chrX","44893118","44893415","chr2","147728720","147729015","40","102835602"
"chrX","44904030","44904129","chr14","80136866","80136968","17","35232836"
"chrX","45000001","45000130","chr1","205933415","205933532","21","160933414"
"chrX","45024979","45025312","chr2","11077390","11077699","82","33947589"
"chrX","45048484","45048797","chr2","150624041","150624344","42","105575557"
"chrX","45079533","45079793","chrX","46995559","46995827","47","1916026"
"chrX","45084080","45084308","chr14","2794925","2795146","47","42289155"
"chrX","45097035","45097333","chr8","65769668","65769964","41","20672633"
"chrX","45147528","45147732","chr4","9070639","9070837","63","36076889"
"chrX","45166160","45166457","chr17","18548226","18548531","69","26617934"
"chrX","45175799","45176091","chr5","85088060","85088351","64","39912261"
"chrX","45213489","45213790","chr4","139259106","139259407","64","94045617"
"chrX","45226796","45227112","chrX","47064269","47064575","56","1837473"
"chrX","45284620","45284934","chrX","47064269","47064575","50","1779649"
"chrX","45312022","45312335","chrX","47064269","47064575","53","1752247"
"chrX","45336060","45336344","chr1","187320948","187321238","55","141984888"
"chrX","45358023","45358331","chrX","47064269","47064575","49","1706246"
"chrX","45371226","45371527","chr8","65769668","65769964","52","20398442"
"chrX","45452326","45452621","chrX","47064269","47064575","50","1611943"
"chrX","45453529","45453601","chr14","83388331","83388409","15","37934802"
"chrX","45529936","45530071","chr22","36870757","36870892","14","8659179"
"chrX","45597789","45598006","chrX","47208119","47208337","32","1610330"
"chrX","45598009","45598109","chr14","65218849","65218947","12","19620840"
"chrX","45616527","45616822","chr12","28744008","28744308","45","16872519"
"chrX","45619640","45619933","chr6","42352153","42352438","56","3267487"
"chrX","45622438","45622745","chr11","117634889","117635198","51","72012451"
"chrX","45638133","45638292","chr9","113205770","113205926","35","67567637"
"chrX","45640956","45641261","chr2","36478057","36478360","47","9162899"
"chrX","45664419","45664729","chr12","74730739","74731046","50","29066320"
"chrX","45673795","45674074","chr16","5794160","5794435","44","39879635"
"chrX","45693582","45693686","chr22","9524252","9524354","15","36169330"
"chrX","45742680","45742949","chr1","180589014","180589283","43","134846334"
"chrX","45777745","45778053","chr9","99956407","99956710","46","54178662"
"chrX","45781186","45781494","chr14","77613723","77614028","46","31832537"
"chrX","45784116","45784404","chrX","47411515","47411812","55","1627399"
"chrX","45785601","45785892","chr1","77745311","77745604","48","31959710"
"chrX","45799324","45799626","chr2","147728720","147729015","31","101929396"
"chrX","45858415","45858698","chrX","40344797","40345081","47","5513618"
"chrX","45973661","45973956","chr16","6809919","6810217","43","39163742"
"chrX","46021399","46021527","chr7","20344603","20344734","22","25676796"
"chrX","46022930","46023213","chr2","99354800","99355095","56","53331870"
"chrX","46056141","46056444","chr8","65769668","65769964","48","19713527"
"chrX","46056447","46056755","chr21","41025095","41025401","50","5031352"
"chrX","46058051","46058146","chr12","9612526","9612620","10","36445525"
"chrX","46098756","46098866","chr3","21001103","21001203","20","25097653"
"chrX","46102035","46102323","chr4","144716679","144716971","47","98614644"
"chrX","46104073","46104383","chr20","24536428","24536732","49","21567645"
"chrX","46109337","46109515","chr2","150496709","150496881","34","104387372"
"chrX","46118121","46118413","chr7","15866570","15866853","61","30251551"
"chrX","46131385","46131682","chr1","174098167","174098463","50","127966782"
"chrX","46151090","46151391","chr9","36010109","36010400","58","10140981"
"chrX","46200446","46200769","chr15","32495325","32495639","57","13705121"
"chrX","46205654","46205960","chr2","150624041","150624344","43","104418387"
"chrX","46238971","46239280","chr6","14745241","14745550","54","31493730"
"chrX","46294853","46295161","chr11","66635820","66636129","49","20340967"
"chrX","46393588","46393898","chr5","802010","802319","52","45591578"
"chrX","46395221","46395471","chr5","123814840","123815090","47","77419619"
"chrX","46405198","46405502","chr9","44880088","44880390","51","1525110"
"chrX","46418397","46418685","chr7","67333639","67333923","54","20915242"
"chrX","46511837","46512148","chr12","21618493","21618799","49","24893344"
"chrX","46519872","46520180","chrUn_GL288815","12574","12885","42","46507298"
"chrX","46723262","46723556","chr9","82524426","82524720","41","35801164"
"chrX","46737900","46738198","chr2","203225383","203225677","38","156487483"
"chrX","46747595","46747905","chr18","32076394","32076707","45","14671201"
"chrX","46900767","46901081","chrX","48594120","48594443","62","1693353"
"chrX","46904171","46904500","chr5","126056124","126056438","63","79151953"
"chrX","47306871","47307176","chr5","55380182","55380490","41","8073311"
"chrX","47377538","47377855","chr9","14396117","14396432","55","32981421"
"chrX","47379029","47379318","chr19","36901388","36901678","48","10477641"
"chrX","47384184","47384467","chr3","117540807","117541109","56","70156623"
"chrX","47425942","47426260","chr5","95128904","95129215","52","47702962"
"chrX","47691537","47691842","chr1","152570018","152570318","45","104878481"
"chrX","47959537","47959838","chr2","67197269","67197565","42","19237732"
"chrX","48003407","48003715","chr2","140711844","140712153","54","92708437"
"chrX","48099479","48099765","chr7","70375823","70376126","50","22276344"
"chrX","48359597","48359722","chr13","89519003","89519127","19","41159406"
"chrX","48602000","48602298","chr6","119011301","119011592","41","70409301"
"chrX","48606897","48607209","chrX","50113141","50113441","55","1506244"
"chrX","48642784","48643085","chr18","1382649","1382940","57","47260135"
"chrX","48653056","48653155","chr2","191228017","191228113","13","142574961"
"chrX","48693042","48693353","chrX","50192010","50192327","42","1498968"
"chrX","48753546","48753686","chrX","50251872","50252012","18","1498326"
"chrX","48939378","48939495","chr1","134861909","134862024","18","85922531"
"chrX","49260691","49260933","chr12","23771537","23771792","58","25489154"
"chrX","49294092","49294260","chrX","50588045","50588209","35","1293953"
"chrX","49357027","49357302","chr14","63113403","63113677","59","13756376"
"chrX","49514250","49514372","chr7","44839423","44839546","16","4674827"
"chrX","49524693","49525001","chrX","50761108","50761416","39","1236415"
"chrX","49542828","49543141","chrX","50791776","50792085","43","1248948"
"chrX","49558813","49558860","chr7","46724194","46724241","3","2834619"
"chrX","49560281","49560556","chrX","45902603","45902881","46","3657678"
"chrX","49589439","49589565","chr5","156163531","156163658","18","106574092"
"chrX","49603440","49603525","chr17","39904997","39905081","11","9698443"
"chrX","49713166","49713453","chr19","23703813","23704099","44","26009353"
"chrX","49823824","49824128","chrX","51066313","51066606","41","1242489"
"chrX","49839558","49839859","chr5","55380182","55380490","56","5540624"
"chrX","49847775","49848091","chr5","523629","523928","69","49324146"
"chrX","49862030","49862327","chr11","116346925","116347227","38","66484895"
"chrX","49872228","49872529","chrX","51115551","51115844","37","1243323"
"chrX","49987382","49987690","chrX","51243737","51244029","35","1256355"
"chrX","50020532","50020824","chrX","51282480","51282768","35","1261948"
"chrX","50039006","50039314","chr14","32553436","32553738","44","17485570"
"chrX","50047076","50047373","chrX","51307452","51307748","35","1260376"
"chrX","50068646","50068746","chr2","79321984","79322074","20","29253338"
"chrX","50102861","50102947","chr5","1395300","1395386","12","48707561"
"chrX","50104752","50105040","chr7","155162191","155162474","45","105057439"
"chrX","50112584","50112866","chr13","10247200","10247479","46","39865384"
"chrX","50173085","50173381","chrX","51413718","51414022","50","1240633"
"chrX","50196754","50196800","chr9","111792953","111792996","9","61596199"
"chrX","50295261","50295299","chr7","10013289","10013326","3","40281972"
"chrX","50371225","50371525","chr22","15856407","15856702","38","34514818"
"chrX","50455938","50456220","chr11","21274347","21274628","41","29181591"
"chrX","50468684","50468976","chr13","8793439","8793726","49","41675245"
"chrX","50473814","50474023","chr1","66153331","66153535","54","15679517"
"chrX","50491053","50491365","chr5","116663888","116664187","56","66172835"
"chrX","50495947","50496077","chr4","10330266","10330389","24","40165681"
"chrX","50498535","50498842","chr7","70375823","70376126","46","19877288"
"chrX","50559942","50560239","chrX","46464393","46464684","53","4095549"
"chrX","50594327","50594609","chr13","49154086","49154372","39","1440241"
"chrX","50622107","50622403","chr2","67197269","67197565","47","16575162"
"chrX","50630895","50631155","chrX","51950797","51951047","42","1319902"
"chrX","50643870","50643992","chr10","35573769","35573891","23","15070101"
"chrX","50645481","50645741","chr10","124164465","124164707","60","73518984"
"chrX","50665048","50665215","chrX","51980284","51980449","28","1315236"
"chrX","50712378","50712673","chrX","52033895","52034192","36","1321517"
"chrX","50733407","50733658","chr1","108444056","108444302","49","57710649"
"chrX","50789198","50789496","chr2","67197269","67197565","38","16408071"
"chrX","50794607","50794914","chrX","52115761","52116057","47","1321154"
"chrX","50802330","50802629","chrX","52124717","52125015","35","1322387"
"chrX","50815364","50815660","chrX","16102878","16103172","40","34712486"
"chrX","50822873","50823171","chrX","140938668","140938969","54","90115795"
"chrX","50843052","50843357","chr5","26788255","26788551","52","24054797"
"chrX","50850540","50850710","chr2","1536569","1536733","34","49313971"
"chrX","50862318","50862632","chr2","146982644","146982948","45","96120326"
"chrX","50892111","50892408","chr19","38589311","38589602","48","12302800"
"chrX","50893552","50893807","chr12","54664674","54664934","53","3771122"
"chrX","50893936","50893995","chrX","16209241","16209301","12","34684695"
"chrX","50895528","50895690","chrX","52244553","52244717","21","1349025"
"chrX","50945710","50946027","chr4","165505049","165505375","69","114559339"
"chrX","50971409","50971689","chr7","40789702","40789982","54","10181707"
"chrX","50990331","50990464","chr5","10559689","10559821","19","40430642"
"chrX","51021575","51021874","chrX","52379678","52379970","40","1358103"
"chrX","51031063","51031361","chr21","35283943","35284237","38","15747120"
"chrX","51045797","51046108","chr5","25564881","25565190","48","25480916"
"chrX","51047280","51047499","chr7","75448244","75448465","53","24400964"
"chrX","51056736","51057029","chr6","119011301","119011592","45","67954565"
"chrX","51062725","51063035","chrX","52419843","52420142","33","1357118"
"chrX","51284413","51284708","chr17","70341771","70342065","49","19057358"
"chrX","51402968","51403261","chr4","82163060","82163362","62","30760092"
"chrX","51485427","51485719","chr4","71933212","71933503","40","20447785"
"chrX","51672721","51672994","chrX","53078573","53078846","49","1405852"
"chrX","51686615","51686888","chrX","53078573","53078846","56","1391958"
"chrX","51693530","51693801","chrX","53078573","53078846","54","1385043"
"chrX","51696892","51697185","chr9","40949830","40950127","61","10747062"
"chrX","51706513","51706821","chr2","11077390","11077699","60","40629123"
"chrX","51779904","51780204","chr4","54370195","54370493","33","2590291"
"chrX","51821449","51821757","chrX","11044054","11044357","53","40777395"
"chrX","51828091","51828385","chr5","50537784","50538079","47","1290307"
"chrX","51855697","51855987","chr4","40160157","40160449","45","11695540"
"chrX","51893083","51893356","chrX","53078573","53078846","46","1185490"
"chrX","51898524","51898797","chrX","53078573","53078846","45","1180049"
"chrX","51900602","51900890","chr18","4714042","4714334","57","47186560"
"chrX","52136557","52136881","chrX","53592950","53593267","56","1456393"
"chrX","52159692","52159970","chr8","89599781","89600052","49","37440089"
"chrX","52329535","52329832","chr22","32335495","32335787","65","19994040"
"chrX","52424232","52424488","chr13","49797727","49797974","48","2626505"
"chrX","52513986","52514275","chr3","118139040","118139328","51","65625054"
"chrX","52564417","52564763","chr7","14664930","14665285","75","37899487"
"chrX","52592477","52592516","chr1","82482908","82482949","5","29890431"
"chrX","52628244","52628535","chr5","139889919","139890213","41","87261675"
"chrX","53041668","53041978","chr11","28125301","28125613","55","24916367"
"chrX","53130501","53130755","chr5","153287092","153287345","46","100156591"
"chrX","53641322","53641615","chr5","158518457","158518746","58","104877135"
"chrX","53835123","53835442","chr7","4211139","4211452","58","49623984"
"chrX","53960881","53961185","chr19","38606278","38606578","46","15354603"
"chrX","53986537","53986836","chr8","55440554","55440852","53","1454017"
"chrX","54111865","54112131","chr1","155081223","155081494","58","100969358"
"chrX","54897918","54898180","chr2","6337545","6337801","50","48560373"
"chrX","55788412","55788708","chr12","51888773","51889064","42","3899639"
"chrX","56004701","56004997","chr2","126158378","126158673","50","70153677"
"chrX","56119015","56119309","chr1","117540282","117540560","62","61421267"
"chrX","56369192","56369441","chr9","85583535","85583783","57","29214343"
"chrX","56663055","56663359","chr2","71331505","71331809","46","14668450"
"chrX","56673586","56673920","chrX","57476064","57476393","68","802478"
"chrX","56717171","56717469","chr2","164683323","164683607","55","107966152"
"chrX","56730870","56731162","chrX","57514461","57514749","36","783591"
"chrX","56733149","56733420","chr17","44935014","44935287","43","11798135"
"chrX","56752844","56753159","chr2","1940205","1940517","61","54812639"
"chrX","56763406","56763551","chr21","45338800","45338950","24","11424606"
"chrX","56779911","56780220","chrX","57599265","57599557","61","819354"
"chrX","56791571","56791880","chrUn_GL286217","143262","143564","50","56648309"
"chrX","56792762","56792828","chr7","32121903","32121964","12","24670859"
"chrX","56793558","56793632","chr3","3501995","3502059","22","53291563"
"chrX","56823431","56823744","chr5","41268769","41269073","43","15554662"
"chrX","56828260","56828553","chrX","57633391","57633676","39","805131"
"chrX","56851384","56851676","chr12","107125942","107126232","40","50274558"
"chrX","56857025","56857249","chr7","103548958","103549182","42","46691933"
"chrX","56859094","56859384","chrX","57661752","57662036","41","802658"
"chrX","56888436","56888591","chr9","104921086","104921235","38","48032650"
"chrX","57240833","57241144","chr5","73075939","73076252","53","15835106"
"chrX","57333546","57333858","chr9","120468304","120468608","53","63134758"
"chrX","57368355","57368614","chr15","41909535","41909809","52","15458820"
"chrX","57779286","57779585","chr11","74071286","74071581","69","16292000"
"chrX","58439214","58439528","chr12","87400084","87400394","60","28960870"
"chrX","58621006","58621294","chr9","105304532","105304827","44","46683526"
"chrX","59109245","59109504","chrX","59196816","59197094","53","87571"
"chrX","59441111","59441206","chr9","113566379","113566470","16","54125268"
"chrX","59551538","59551818","chrUn_GL288815","1957","2225","63","59549581"
"chrX","59646262","59646578","chr11","66042661","66042971","50","6396399"
"chrX","59923731","59924024","chr19","11821768","11822062","49","48101963"
"chrX","59926165","59926464","chr15","77085877","77086177","43","17159712"
"chrX","59931875","59932182","chr11","65700168","65700463","53","5768293"
"chrX","59949143","59949429","chr7","155162191","155162474","43","95213048"
"chrX","59994505","59994814","chrX","60174550","60174851","52","180045"
"chrX","59997345","59997633","chr5","150118536","150118819","46","90121191"
"chrX","60036819","60037105","chrX","40300031","40300316","55","19736788"
"chrX","60060966","60061252","chr7","155162191","155162474","48","95101225"
"chrX","60071897","60072190","chr9","85473609","85473899","48","25401712"
"chrX","60074876","60075195","chr9","101210178","101210488","55","41135302"
"chrX","60185466","60185702","chr13","39199596","39199830","42","20985870"
"chrX","60861600","60861899","chr1","168510460","168510747","58","107648860"
"chrX","61259128","61259426","chrX","61569656","61569954","32","310528"
"chrX","61630179","61630473","chr16","46721249","46721542","45","14908930"
"chrX","61635233","61635527","chr5","83138079","83138381","42","21502846"
"chrX","61657864","61658165","chr6","121802757","121803058","41","60144893"
"chrX","61695447","61695753","chrX","62061554","62061862","48","366107"
"chrX","61723688","61723974","chr15","5666115","5666400","39","56057573"
"chrX","61769945","61770141","chr5","118745776","118745961","50","56975831"
"chrX","61883427","61883724","chrX","62250654","62250955","49","367227"
"chrX","61950631","61950942","chrX","62323649","62323961","38","373018"
"chrX","61966781","61967047","chr8","105549929","105550192","42","43583148"
"chrX","61977826","61978134","chr2","150624041","150624344","50","88646215"
"chrX","62028851","62028962","chr8","35060828","35060933","21","26968023"
"chrX","62095800","62096114","chr14","6471804","6472122","49","55623996"
"chrX","62122855","62123185","chr8","94433473","94433795","65","32310618"
"chrX","62148217","62148518","chrX","62531292","62531590","40","383075"
"chrX","62183243","62183540","chr7","87384353","87384653","46","25201110"
"chrX","62187973","62188294","chr14","83083786","83084089","60","20895813"
"chrX","62232712","62233002","chr9","65441359","65441649","49","3208647"
"chrX","62278967","62279275","chrX","62648979","62649285","44","370012"
"chrX","62333459","62333628","chrX","62715727","62715898","30","382268"
"chrX","62350232","62350533","chr10","22665922","22666223","39","39684310"
"chrX","62351685","62351989","chr9","112188618","112188919","44","49836933"
"chrX","62352894","62353014","chr9","59190391","59190517","20","3162503"
"chrX","62361740","62362054","chrX","62758478","62758787","47","396738"
"chrX","62385230","62385537","chr1","185300277","185300585","53","122915047"
"chrX","62389384","62389686","chrX","62786622","62786913","48","397238"
"chrX","62393996","62394301","chr5","1076646","1076956","52","61317350"
"chrX","62411708","62412006","chr6","132555899","132556186","59","70144191"
"chrX","62472915","62473030","chr4","87256478","87256594","20","24783563"
"chrX","62483167","62483347","chr14","97230756","97230934","33","34747589"
"chrX","62509402","62509713","chr2","10673170","10673480","46","51836232"
"chrX","62512182","62512496","chr5","73075939","73076252","49","10563757"
"chrX","62548260","62548557","chr3","3161578","3161876","44","59386682"
"chrX","62590346","62590641","chrX","62960708","62960999","38","370362"
"chrX","62598406","62598729","chr11","122686903","122687200","60","60088497"
"chrX","62601833","62602131","chr2","17996148","17996446","41","44605685"
"chrX","62602319","62602584","chr5","2229054","2229316","47","60373265"
"chrX","62627795","62627999","chrX","62998047","62998247","22","370252"
"chrX","62629576","62629861","chr13","36587006","36587288","68","26042570"
"chrX","62713934","62714228","chr12","105081170","105081479","55","42367236"
"chrX","62767799","62767917","chr9","108671454","108671572","16","45903655"
"chrX","62775341","62775630","chrX","63296237","63296526","54","520896"
"chrX","62781073","62781283","chr1","139772684","139772901","45","76991611"
"chrX","62785633","62785923","chr9","103757616","103757907","47","40971983"
"chrX","62794746","62795041","chrX","63322059","63322353","38","527313"
"chrX","62800995","62801289","chrX","63328207","63328493","45","527212"
"chrX","62803052","62803220","chr1","183035987","183036153","31","120232935"
"chrX","62803562","62803870","chr10","15187317","15187618","55","47616245"
"chrX","62806540","62806675","chr5","10559689","10559821","21","52246851"
"chrX","62811339","62811645","chr18","2673991","2674299","49","60137348"
"chrX","62814858","62814970","chr5","134501335","134501449","14","71686477"
"chrX","62825664","62825968","chrX","63342900","63343218","48","517236"
"chrX","62847786","62848087","chr22","32283805","32284102","38","30563981"
"chrX","62853555","62853860","chr17","70899198","70899506","45","8045643"
"chrX","62882660","62882942","chrX","63404851","63405122","46","522191"
"chrX","62888869","62889007","chr8","35196689","35196820","18","27692180"
"chrX","62898961","62899107","chr5","926618","926763","26","61972343"
"chrX","62913571","62913843","chr5","108398058","108398331","48","45484487"
"chrX","62918183","62918299","chrX","63444988","63445106","13","526805"
"chrX","62963098","62963386","chr16","54868926","54869218","47","8094172"
"chrX","62963781","62964088","chr2","11077390","11077699","50","51886391"
"chrX","62969018","62969312","chrX","63495799","63496098","36","526781"
"chrX","62975817","62976110","chr1","150693133","150693426","50","87717316"
"chrX","62994719","62995021","chr5","153535285","153535587","47","90540566"
"chrX","62998112","62998422","chrX","63530309","63530627","46","532197"
"chrX","63053714","63053988","chr9","46777958","46778230","47","16275756"
"chrX","63116971","63117248","chrX","63622872","63623185","63","505901"
"chrX","63214977","63215283","chrX","63622872","63623185","61","407895"
"chrX","63268625","63268909","chr20","7477077","7477364","48","55791548"
"chrX","63339319","63339626","chrX","63765215","63765522","46","425896"
"chrX","63627407","63627618","chr7","65680750","65680954","35","2053343"
"chrX","63663534","63663823","chr19","11713191","11713490","46","51950343"
"chrX","63685499","63685801","chr8","115903141","115903445","45","52217642"
"chrX","63693027","63693281","chr1","147402149","147402405","57","83709122"
"chrX","63693536","63693618","chr16","20533530","20533614","13","43160006"
"chrX","63758572","63758882","chrX","64172412","64172721","29","413840"
"chrX","63776186","63776501","chr11","28125301","28125613","44","35650885"
"chrX","63833697","63833995","chr10","100757276","100757573","42","36923579"
"chrX","63843392","63843695","chrX","64279516","64279813","50","436124"
"chrX","63878255","63878550","chrX","64309191","64309479","37","430936"
"chrX","64026767","64026991","chrX","64497058","64497270","37","470291"
"chrX","64117211","64117410","chr5","43675787","43675981","39","20441424"
"chrX","64119488","64119687","chr5","43675787","43675981","39","20443701"
"chrX","64255514","64255580","chr2","29486737","29486803","7","34768777"
"chrX","64452827","64453133","chr2","29646327","29646632","50","34806500"
"chrX","64536912","64537218","chr9","17943911","17944216","48","46593001"
"chrX","65020739","65020837","chr2","13209783","13209876","13","51810956"
"chrX","65069377","65069686","chr11","6834792","6835094","51","58234585"
"chrX","65156980","65157261","chrX","65615247","65615524","40","458267"
"chrX","65421157","65421452","chrX","65993537","65993832","45","572380"
"chrX","65451509","65451805","chrX","66020550","66020850","41","569041"
"chrX","65498520","65498642","chr8","4457406","4457531","26","61041114"
"chrX","65529788","65530093","chr1","157094647","157094947","50","91564859"
"chrX","65567195","65567486","chr14","52349903","52350195","44","13217292"
"chrX","65617482","65617791","chr6","48814191","48814491","48","16803291"
"chrX","65664452","65664754","chrX","66247609","66247913","49","583157"
"chrX","65675141","65675451","chr7","70375823","70376126","54","4700682"
"chrX","65705385","65705699","chr2","43281105","43281414","52","22424280"
"chrX","65790033","65790226","chr7","43665861","43666072","43","22124172"
"chrX","65889195","65889470","chr9","46777958","46778230","56","19111237"
"chrX","65963821","65963954","chr4","9872496","9872626","21","56091325"
"chrX","66184505","66184795","chrX","66824416","66824713","42","639911"
"chrX","66326295","66326603","chrX","63118288","63118597","40","3208007"
"chrX","66544925","66545226","chr7","88697458","88697764","54","22152533"
"chrX","66548888","66549121","chr9","54287512","54287742","47","12261376"
"chrX","67009390","67009665","chr8","97925884","97926162","62","30916494"
"chrX","67102474","67102765","chrX","67705329","67705611","38","602855"
"chrX","67472153","67472460","chr2","39815620","39815927","59","27656533"
"chrX","67779701","67779975","chr1","167116975","167117247","47","99337274"
"chrX","67918118","67918424","chr2","146982644","146982948","46","79064526"
"chrX","67998790","67999003","chr12","31414265","31414478","42","36584525"
"chrX","68076049","68076085","chr17","48032048","48032082","6","20044001"
"chrX","68110917","68111216","chr2","71331505","71331809","48","3220588"
"chrX","68135072","68135380","chrX","68737022","68737330","44","601950"
"chrX","68239195","68239488","chr4","31195106","31195401","49","37044089"
"chrX","68283812","68284122","chr8","123373167","123373474","45","55089355"
"chrX","68307957","68308265","chrX","68926421","68926723","43","618464"
"chrX","68319484","68319782","chr4","98746325","98746622","41","30426841"
"chrX","68320538","68320846","chr7","25472160","25472466","52","42848378"
"chrX","68332217","68332510","chr1","13162324","13162614","47","55169893"
"chrX","68332535","68332823","chr2","134890220","134890504","51","66557685"
"chrX","68353770","68353952","chrX","39552069","39552256","29","28801701"
"chrX","68367577","68367883","chr7","54715110","54715403","63","13652467"
"chrX","68383081","68383389","chr19","44063335","44063641","47","24319746"
"chrX","68400459","68400771","chr7","70375823","70376126","51","1975364"
"chrX","68404233","68404560","chr9","36221607","36221938","75","32182626"
"chrX","68406542","68406703","chr20","28605374","28605532","29","39801168"
"chrX","68418104","68418292","chr4","18436932","18437123","41","49981172"
"chrX","68498515","68498804","chrX","69142152","69142441","43","643637"
"chrX","68508321","68508600","chr2","35387360","35387629","42","33120961"
"chrX","68590855","68591205","chr7","90602727","90603071","88","22011872"
"chrX","68621924","68622224","chr6","75230350","75230656","47","6608426"
"chrX","68682706","68682986","chrX","69335695","69335988","40","652989"
"chrX","68688318","68688614","chr2","203225383","203225677","52","134537065"
"chrX","69137369","69137446","chr10","129354375","129354451","13","60217006"
"chrX","69447978","69448096","chrX","70233414","70233532","17","785436"
"chrX","70248542","70248840","chr8","29283402","29283703","51","40965140"
"chrX","70371884","70371992","chr1","97178298","97178402","18","26806414"
"chrX","70946512","70946798","chr5","106626420","106626712","63","35679908"
"chrX","71090277","71090594","chr14","77613723","77614028","62","6523446"
"chrX","71114449","71114756","chr10","33308225","33308522","49","37806224"
"chrX","71465463","71465739","chr11","74173885","74174163","47","2708422"
"chrX","71746475","71746748","chr9","53846779","53847056","51","17899696"
"chrX","72019809","72020067","chr17","63794420","63794686","53","8225389"
"chrX","72111977","72112294","chr11","26898280","26898592","55","45213697"
"chrX","72165427","72165739","chrX","72575944","72576245","67","410517"
"chrX","72213132","72213435","chrX","72610488","72610792","48","397356"
"chrX","72451405","72451704","chr1","13807754","13808053","49","58643651"
"chrX","73045056","73045348","chrX","73443699","73443986","44","398643"
"chrX","73057148","73057471","chr4","132055862","132056190","59","58998714"
"chrX","73229332","73229552","chr11","110236340","110236562","47","37007008"
"chrX","73377458","73377624","chrX","73842767","73842929","22","465309"
"chrX","73591421","73591663","chr4","87873109","87873319","84","14281688"
"chrX","73769825","73770097","chrX","74337164","74337456","59","567339"
"chrX","73771530","73771777","chr6","22844843","22845094","48","50926687"
"chrX","74316207","74316359","chr15","61778003","61778155","29","12538204"
"chrX","74586930","74587244","chr6","75230350","75230656","57","643420"
"chrX","74591940","74592227","chr8","97925884","97926162","45","23333944"
"chrX","75043995","75044265","chr5","32225193","32225469","64","42818802"
"chrX","75123362","75123687","chr7","20593863","20594174","63","54529499"
"chrX","75366093","75366389","chrX","75604777","75605068","42","238684"
"chrX","76339529","76339645","chr20","10493105","10493221","22","65846424"
"chrX","76417401","76417674","chr17","63262632","63262904","49","13154769"
"chrX","76420633","76420947","chrX","76590867","76591176","44","170234"
"chrX","76578803","76579132","chrUn_GL289054","9235","9549","61","76569568"
"chrX","76660036","76660311","chr1","171067968","171068241","48","94407932"
"chrX","76740078","76740385","chr22","32965750","32966056","48","43774328"
"chrX","76817586","76817861","chrX","76987417","76987703","50","169831"
"chrX","76886942","76887260","chr1","193985439","193985750","61","117098497"
"chrX","77143504","77143811","chr10","14690438","14690745","59","62453066"
"chrX","77435549","77435703","chrX","77577007","77577159","22","141458"
"chrX","77643934","77644055","chr7","25086029","25086150","23","52557905"
"chrX","77704255","77704501","chr8","32639878","32640127","54","45064377"
"chrX","77813873","77814155","chr8","6469512","6469784","56","71344361"
"chrX","78208236","78208486","chr13","49797727","49797974","52","28410509"
"chrX","78597770","78598062","chrX","18432136","18432433","47","60165634"
"chrX","78630122","78630388","chr9","107284610","107284879","42","28654488"
"chrX","78747858","78748124","chr8","33623200","33623465","48","45124658"
"chrX","78907319","78907583","chrUn_GL286325","8941","9220","55","78898378"
"chrX","79062834","79062884","chr8","97260104","97260146","14","18197270"
"chrX","79062912","79063038","chr3","67234793","67234923","33","11828119"
"chrX","79244998","79245084","chr2","63885917","63885999","13","15359081"
"chrX","79606927","79607222","chrX","79530354","79530654","46","76573"
"chrX","79655254","79655565","chr10","76904858","76905160","54","2750396"
"chrX","79786921","79787217","chr1","77745311","77745604","87","2041610"
"chrX","79813320","79813629","chr7","88697458","88697764","49","8884138"
"chrX","79823880","79824101","chr1","199541886","199542107","45","119718006"
"chrX","80241441","80241702","chr6","4295134","4295408","56","75946307"
"chrX","80514664","80514965","chr9","14539645","14539946","52","65975019"
"chrX","81532840","81533146","chr7","70074333","70074637","54","11458507"
"chrX","81548844","81549155","chr5","120225189","120225498","50","38676345"
"chrX","81590099","81590393","chr6","121802757","121803058","54","40212658"
"chrX","81624951","81625244","chr20","3048403","3048696","52","78576548"
"chrX","81675986","81676284","chr5","32848649","32848951","53","48827337"
"chrX","81919551","81919836","chr2","136541690","136541970","46","54622139"
"chrX","82122062","82122375","chrX","81604371","81604658","61","517691"
"chrX","82172720","82173006","chr11","8590821","8591107","45","73581899"
"chrX","82300617","82300915","chr4","21734065","21734361","54","60566552"
"chrX","83018568","83018729","chr7","12902130","12902295","32","70116438"
"chrX","83385334","83385647","chr2","18094200","18094522","62","65291134"
"chrX","83826872","83826911","chr18","13682913","13682954","5","70143959"
"chrX","84161468","84161728","chr10","35357250","35357506","55","48804218"
"chrX","84425760","84426050","chr9","83573818","83574110","55","851942"
"chrX","84560890","84561179","chr6","53265880","53266171","51","31295010"
"chrX","84853655","84853956","chr6","121802757","121803058","50","36949102"
"chrX","85228767","85228917","chr22","30041481","30041634","26","55187286"
"chrX","85230437","85230746","chr7","63127257","63127560","58","22103180"
"chrX","85711814","85711955","chr6","125147603","125147747","34","39435789"
"chrX","86130553","86130839","chr1","186610138","186610422","44","100479585"
"chrX","86186765","86186854","chr7","10993400","10993489","11","75193365"
"chrX","86293007","86293302","chr16","6809919","6810217","39","79483088"
"chrX","86533652","86533999","chr16","64742261","64742584","93","21791391"
"chrX","86584318","86584623","chr8","114553260","114553568","49","27968942"
"chrX","86646422","86646735","chr9","92955669","92955979","50","6309247"
"chrX","86706849","86707150","chr7","58254529","58254831","45","28452320"
"chrX","86801344","86801639","chr4","61762579","61762878","55","25038765"
"chrX","86846980","86847027","chr12","87707451","87707500","8","860471"
"chrX","86877035","86877194","chr9","42539956","42540117","43","44337079"
"chrX","86986082","86986392","chrX","86266102","86266407","51","719980"
"chrX","87048282","87048587","chr5","43202615","43202920","60","43845667"
"chrX","87287459","87287755","chr12","94624697","94624994","45","7337238"
"chrX","87385383","87385548","chr7","70072760","70072920","32","17312623"
"chrX","87552763","87553006","chr9","54287512","54287742","38","33265251"
"chrX","87620988","87621285","chr11","122686903","122687200","44","35065915"
"chrX","87868447","87868769","chr7","67355562","67355869","57","20512885"
"chrX","87888468","87888682","chr7","62269901","62270097","46","25618567"
"chrX","88126744","88126802","chr2","97655048","97655103","9","9528304"
"chrX","88127362","88127607","chr5","51291747","51291989","43","36835615"
"chrX","88129675","88129986","chr12","78919016","78919323","54","9210659"
"chrX","88337647","88337743","chr17","32764496","32764590","18","55573151"
"chrX","88360163","88360412","chr5","144921835","144922072","49","56561672"
"chrX","88643214","88643509","chrX","87899281","87899572","43","743933"
"chrX","88644315","88644560","chr4","157661778","157662024","54","69017463"
"chrX","88732861","88733163","chr17","8594153","8594456","59","80138708"
"chrX","89232661","89232924","chr7","92864065","92864312","56","3631404"
"chrX","89590681","89590978","chr4","54370195","54370493","50","35220486"
"chrX","89719756","89720064","chrX","89112334","89112642","47","607422"
"chrX","89894216","89894513","chr7","15263131","15263424","49","74631085"
"chrX","90025856","90026165","chr7","61655492","61655797","52","28370364"
"chrX","90290668","90290979","chr4","139259106","139259407","50","48968438"
"chrX","90512573","90512873","chrX","89908167","89908460","41","604406"
"chrX","90602079","90602355","chr22","11939403","11939682","53","78662676"
"chrX","90613534","90613817","chrX","90007974","90008258","39","605560"
"chrX","90728293","90728589","chr2","203225383","203225677","47","112497090"
"chrX","90730470","90730772","chrX","90114142","90114440","42","616328"
"chrX","90737912","90737986","chr4","134250688","134250758","10","43512776"
"chrX","90771075","90771269","chr1","138070758","138070934","46","47299683"
"chrX","90775069","90775362","chr17","10820685","10820986","55","79954384"
"chrX","90816009","90816122","chr2","23168745","23168868","30","67647264"
"chrX","90875258","90875421","chr7","12902130","12902295","26","77973128"
"chrX","90880148","90880348","chr5","58157837","58158025","39","32722311"
"chrX","90884362","90884674","chrX","17705039","17705341","48","73179323"
"chrX","90914028","90914321","chr5","5039320","5039616","48","85874708"
"chrX","90942621","90942934","chr12","81083697","81084010","60","9858924"
"chrX","90967101","90967150","chr2","87366744","87366790","5","3600357"
"chrX","90990582","90990679","chr5","84691093","84691188","16","6299489"
"chrX","90990868","90991081","chr19","44795567","44795779","35","46195301"
"chrX","91005568","91005691","chr6","151330809","151330928","18","60325241"
"chrX","91014520","91014640","chrX","90415711","90415824","21","598809"
"chrX","91087734","91087890","chrX","47506700","47506839","37","43581034"
"chrX","91141340","91141673","chr5","108338844","108339172","59","17197504"
"chrX","91168393","91168702","chrX","90561386","90561697","45","607007"
"chrX","91212934","91213047","chr3","72030386","72030497","26","19182548"
"chrX","91240235","91240538","chr5","80121277","80121568","53","11118958"
"chrX","91248867","91249111","chr7","18902067","18902285","73","72346800"
"chrX","91271461","91271763","chr8","115903141","115903445","40","24631680"
"chrX","91315390","91315699","chr5","44786065","44786369","49","46529325"
"chrX","91324100","91324393","chr8","74033305","74033599","47","17290795"
"chrX","91332232","91332523","chrX","90712415","90712708","39","619817"
"chrX","91335411","91335729","chr9","92955669","92955979","57","1620258"
"chrX","91445768","91446061","chrX","90808213","90808515","41","637555"
"chrX","91540886","91541197","chrX","90889443","90889744","43","651443"
"chrX","91843266","91843511","chr7","80104824","80105080","56","11738442"
"chrX","91907301","91907505","chr3","84181800","84182014","47","7725501"
"chrX","91986960","91987242","chr2","11473797","11474071","60","80513163"
"chrX","92049293","92049554","chr11","110182062","110182320","47","18132769"
"chrX","92099810","92100114","chr10","46983560","46983855","61","45116250"
"chrX","92104752","92105037","chrX","91639286","91639574","50","465466"
"chrX","92185486","92185780","chrX","91709114","91709404","36","476372"
"chrX","92196241","92196375","chr13","43433121","43433253","20","48763120"
"chrX","92248308","92248610","chr2","150624041","150624344","45","58375733"
"chrX","92299152","92299415","chrX","91829385","91829667","49","469767"
"chrX","92549970","92550278","chr2","71331505","71331809","48","21218465"
"chrX","92757952","92758254","chr7","35515798","35516110","61","57242154"
"chrX","92782919","92783227","chr5","55380182","55380490","43","37402737"
"chrX","92827575","92827882","chr1","157094647","157094947","50","64267072"
"chrX","92995208","92995515","chrX","16694308","16694617","49","76300900"
"chrX","93087339","93087604","chr5","107761416","107761690","62","14674077"
"chrX","93293063","93293174","chr8","74203698","74203811","18","19089365"
"chrX","93354638","93354947","chr5","4594332","4594638","52","88760306"
"chrX","93369519","93369833","chr14","77613723","77614028","47","15755796"
"chrX","93405841","93406163","chr22","24222761","24223086","57","69183080"
"chrX","93418055","93418355","chr9","40725344","40725637","70","52692711"
"chrX","93424698","93424997","chr1","104253890","104254191","41","10829192"
"chrX","93448819","93448949","chr3","90717712","90717845","18","2731107"
"chrX","93468706","93468991","chr11","17263919","17264210","54","76204787"
"chrX","93802570","93802677","chr9","18665790","18665897","16","75136780"
"chrX","94228051","94228364","chr10","128408382","128408696","77","34180331"
"chrX","94266599","94266895","chr6","75230350","75230656","57","19036249"
"chrX","94394636","94394951","chr1","172687648","172687936","55","78293012"
"chrX","94418530","94418691","chr1","54566958","54567119","33","39851572"
"chrX","95350663","95350978","chr5","79303042","79303347","55","16047621"
"chrX","95435320","95435619","chr1","117030088","117030382","52","21594768"
"chrX","95439544","95439740","chr4","43457626","43457821","41","51981918"
"chrX","95484871","95485165","chr6","119011301","119011592","42","23526430"
"chrX","95727668","95727966","chr9","40949830","40950127","54","54777838"
"chrX","95987605","95987909","chr9","25525997","25526295","45","70461608"
"chrX","96038896","96039197","chrUn_GL286217","143262","143564","45","95895634"
"chrX","96110013","96110302","chr3","51989230","51989530","59","44120783"
"chrX","96117599","96117888","chr1","13162324","13162614","47","82955275"
"chrX","96160558","96160885","chrX","95681406","95681725","66","479152"
"chrX","96216754","96217081","chrX","95740722","95741053","45","476032"
"chrX","96345904","96346198","chr5","93356221","93356515","64","2989683"
"chrX","96378630","96378931","chr9","107891243","107891541","47","11512613"
"chrX","96379123","96379424","chr6","117332912","117333211","41","20953789"
"chrX","96424840","96425117","chr5","36401104","36401394","56","60023736"
"chrX","96472046","96472348","chr7","70375823","70376126","43","26096223"
"chrX","96528276","96528557","chrX","96053393","96053686","44","474883"
"chrX","96579107","96579409","chr1","100918877","100919179","49","4339770"
"chrX","96617256","96617358","chr12","113015855","113015960","20","16398599"
"chrX","96636618","96636926","chrX","64172412","64172721","46","32464206"
"chrX","96646528","96646840","chr21","49806208","49806506","50","46840320"
"chrX","96649780","96650074","chr7","33547338","33547635","43","63102442"
"chrX","96693426","96693729","chrX","96202007","96202315","38","491419"
"chrX","96748468","96748746","chr9","108470235","108470512","41","11721767"
"chrX","96759477","96759776","chrX","16102878","16103172","39","80656599"
"chrX","96761803","96761999","chr5","84137563","84137750","37","12624240"
"chrX","96774441","96774748","chr2","146982644","146982948","51","50208203"
"chrX","96910350","96910627","chr22","38654238","38654519","45","58256112"
"chrX","97212121","97212431","chr11","28125301","28125613","45","69086820"
"chrX","97436610","97436878","chr6","132679714","132679985","51","35243104"
"chrX","97676212","97676497","chrX","97194590","97194875","46","481622"
"chrX","97770978","97771257","chrX","97285965","97286239","44","485013"
"chrX","97820392","97820692","chr4","44576155","44576457","59","53244237"
"chrX","97865798","97865849","chr11","122073337","122073387","4","24207539"
"chrX","97899593","97899900","chr4","139259106","139259407","67","41359513"
"chrX","98036295","98036585","chr5","62702711","62703007","50","35333584"
"chrX","98849503","98849790","chr22","40425693","40425977","35","58423810"
"chrX","98867088","98867394","chrX","98294821","98295118","35","572267"
"chrX","98889666","98889790","chr17","19735139","19735263","26","79154527"
"chrX","98889874","98890053","chr9","39394599","39394778","33","59495275"
"chrX","98896945","98897108","chr7","12902130","12902295","25","85994815"
"chrX","99057828","99058085","chr12","27159992","27160249","48","71897836"
"chrX","99063904","99064204","chr6","118242438","118242738","47","19178534"
"chrX","99254561","99254877","chrX","107561323","107561629","84","8306762"
"chrX","99275752","99276053","chr4","54370195","54370493","51","44905557"
"chrX","99583347","99583666","chr1","191749137","191749448","58","92165790"
"chrX","99842040","99842327","chrX","99302325","99302617","34","539715"
"chrX","100272401","100272699","chr9","99956407","99956710","38","315994"
"chrX","100276699","100277008","chr17","25584681","25584984","51","74692018"
"chrX","100601996","100602287","chr13","112047849","112048135","44","11445853"
"chrX","100672937","100673126","chr3","29925733","29925917","45","70747204"
"chrX","100740939","100741277","chr15","37514276","37514606","63","63226663"
"chrX","100748959","100749329","chrUn_GL286397","114275","114648","99","100634684"
"chrX","100903739","100904057","chr5","73075939","73076252","51","27827800"
"chrX","101086448","101086726","chr4","158481330","158481605","40","57394882"
"chrX","101303101","101303428","chr2","169129486","169129808","62","67826385"
"chrX","101333507","101333810","chr4","98746325","98746622","52","2587182"
"chrX","101475505","101475782","chr8","97925884","97926162","48","3549621"
"chrX","101807220","101807503","chr10","100408257","100408540","58","1398963"
"chrX","101932470","101932779","chrX","101357242","101357546","43","575228"
"chrX","101937105","101937383","chr4","133173987","133174267","54","31236882"
"chrX","101955467","101955786","chr6","60340782","60341104","59","41614685"
"chrX","101956938","101957216","chr7","91403090","91403365","46","10553848"
"chrX","101983290","101983570","chr15","1171970","1172245","48","100811320"
"chrX","102003287","102003562","chr14","71196831","71197109","58","30806456"
"chrX","102050160","102050376","chr1","199541886","199542107","37","97491726"
"chrX","102087732","102088018","chr17","40059498","40059774","55","62028234"
"chrX","102088265","102088580","chr5","71779353","71779661","53","30308912"
"chrX","102183161","102183496","chr14","41135777","41136098","79","61047384"
"chrX","102271156","102271458","chr16","45674189","45674487","58","56596967"
"chrX","102294049","102294160","chr9","42482050","42482162","22","59811999"
"chrX","102730721","102731010","chr7","39501844","39502137","46","63228877"
"chrX","102753667","102753955","chr2","10706398","10706685","44","92047269"
"chrX","102861097","102861407","chr5","55380182","55380490","48","47480915"
"chrX","102879388","102879691","chr5","65616565","65616873","50","37262823"
"chrX","102976774","102977093","chr4","139259106","139259407","59","36282332"
"chrX","102994865","102995168","chr7","88697458","88697764","50","14297407"
"chrX","103005918","103006220","chrX","102567580","102567888","40","438338"
"chrX","103009650","103009940","chrX","102570576","102570859","41","439074"
"chrX","103059411","103059714","chr1","194407069","194407372","49","91347658"
"chrX","103221185","103221441","chr12","54664674","54664934","59","48556511"
"chrX","103348847","103349169","chr3","188437693","188438006","65","85088846"
"chrX","103354854","103355150","chr2","66989134","66989436","52","36365720"
"chrX","103409004","103409239","chr2","21530661","21530876","59","81878343"
"chrX","103419146","103419434","chr12","41621215","41621505","45","61797931"
"chrX","103486512","103486810","chr2","146982644","146982948","63","43496132"
"chrX","103639861","103639955","chrX","103199337","103199433","15","440524"
"chrX","103748123","103748404","chrX","103305519","103305805","43","442604"
"chrX","103970989","103971246","chr13","57209391","57209660","47","46761598"
"chrX","104004063","104004119","chr7","54819198","54819253","5","49184865"
"chrX","104012174","104012462","chrX","103596602","103596890","40","415572"
"chrX","104042318","104042616","chr17","23811331","23811638","50","80230987"
"chrX","104113820","104114127","chr9","105072042","105072344","40","958222"
"chrX","104330897","104331191","chr22","15856407","15856702","50","88474490"
"chrX","104338218","104338527","chr2","59309203","59309514","58","45029015"
"chrX","104377589","104377885","chr12","114854084","114854381","46","10476495"
"chrX","104382379","104382679","chr10","17231552","17231845","54","87150827"
"chrX","104399185","104399488","chr5","116663888","116664187","44","12264703"
"chrX","104400913","104401139","chr3","118812740","118812956","52","14411827"
"chrX","104401954","104402260","chr12","105081170","105081479","51","679216"
"chrX","104407908","104408200","chrX","104019359","104019643","44","388549"
"chrX","104448026","104448255","chr4","21595882","21596080","79","82852144"
"chrX","104456231","104456538","chr5","73075939","73076252","47","31380292"
"chrX","104485762","104486054","chr7","46614511","46614801","45","57871251"
"chrX","104501099","104501415","chr2","171731703","171732013","52","67230604"
"chrX","104531504","104531816","chr3","117540807","117541109","57","13009303"
"chrX","104735635","104735922","chr20","7477077","7477364","52","97258558"
"chrX","104982791","104982881","chr10","20746162","20746257","15","84236629"
"chrX","105359222","105359477","chr13","60759063","60759326","61","44600159"
"chrX","105675647","105675913","chrX","105248063","105248337","41","427584"
"chrX","105677015","105677281","chr18","5664786","5665051","40","100012229"
"chrX","105716973","105717253","chr10","100408257","100408540","58","5308716"
"chrX","106028046","106028357","chr12","84261915","84262225","56","21766131"
"chrX","106375415","106375689","chr5","107761416","107761690","44","1386001"
"chrX","106378823","106379097","chr13","8793439","8793726","61","97585384"
"chrX","106496596","106496914","chr5","802010","802319","52","105694586"
"chrX","106544070","106544382","chr15","21185958","21186269","58","85358112"
"chrX","106592586","106592866","chrX","106128566","106128849","41","464020"
"chrX","106600268","106600558","chr5","86888568","86888844","66","19711700"
"chrX","106651573","106651884","chr5","73075939","73076252","51","33575634"
"chrX","106666253","106666556","chr11","28125301","28125613","44","78540952"
"chrX","106731856","106732170","chrX","63118288","63118597","49","43613568"
"chrX","106841042","106841333","chr1","116618974","116619261","48","9777932"
"chrX","106878688","106878738","chr9","58005342","58005393","3","48873346"
"chrX","106971525","106971808","chrX","106525012","106525299","38","446513"
"chrX","106976041","106976341","chr5","55380182","55380490","43","51595859"
"chrX","106978033","106978315","chrX","92842901","92843192","41","14135132"
"chrX","106988173","106988496","chrX","64172412","64172721","56","42815761"
"chrX","107018566","107018853","chr11","60574273","60574555","47","46444293"
"chrX","107114544","107114666","chr10","102409963","102410075","21","4704581"
"chrX","107160722","107161020","chr5","93075725","93076019","46","14084997"
"chrX","107184501","107184818","chr3","188437693","188438006","48","81253192"
"chrX","107204646","107204944","chr7","70375823","70376126","45","36828823"
"chrX","107228840","107229129","chr6","119011301","119011592","47","11782461"
"chrX","107233768","107234073","chrX","106790421","106790718","45","443347"
"chrX","107237037","107237341","chrX","106793559","106793867","47","443478"
"chrX","107242581","107242890","chrX","106799215","106799534","48","443366"
"chrX","107246990","107247287","chr7","70375823","70376126","48","36871167"
"chrX","107307143","107307453","chr5","2193404","2193714","41","105113739"
"chrX","107335009","107335318","chr9","40113351","40113661","52","67221658"
"chrX","107381339","107381625","chrX","106941697","106941986","42","439642"
"chrX","107407036","107407199","chr6","42829292","42829452","28","64577744"
"chrX","107419166","107419468","chr16","71570137","71570438","50","35849029"
"chrX","107482060","107482317","chr14","18952252","18952515","52","88529808"
"chrX","107714397","107714699","chrX","64172412","64172721","48","43541985"
"chrX","107744423","107744657","chr8","33607016","33607246","64","74137407"
"chrX","107773287","107773592","chrX","107311171","107311473","42","462116"
"chrX","107783930","107784210","chr12","5016127","5016403","49","102767803"
"chrX","107826680","107826971","chr11","65834106","65834397","53","41992574"
"chrX","107870302","107870440","chrX","107405788","107405929","19","464514"
"chrX","107898543","107898852","chr9","25525997","25526295","43","82372546"
"chrX","107919135","107919429","chrX","117955769","117956070","46","10036634"
"chrX","107941273","107941563","chr1","116618974","116619261","47","8677701"
"chrX","107952326","107952634","chrUn_GL286217","143262","143564","40","107809064"
"chrX","107963625","107963740","chr9","88341181","88341289","19","19622444"
"chrX","107972031","107972121","chr3","152891346","152891433","12","44919315"
"chrX","107997321","107997629","chr5","78001565","78001865","48","29995756"
"chrX","108003607","108003898","chr22","28491541","28491832","44","79512066"
"chrX","108011641","108011935","chr21","35283943","35284237","42","72727698"
"chrX","108013463","108013790","chr2","11795961","11796289","59","96217502"
"chrX","108029324","108029629","chr7","70375823","70376126","37","37653501"
"chrX","108034518","108034816","chr21","41025095","41025401","46","67009423"
"chrX","108057773","108058078","chr12","51888773","51889064","55","56169000"
"chrX","108072895","108072945","chr8","97260104","97260146","16","10812791"
"chrX","108072948","108073065","chr1","134861909","134862024","14","26788961"
"chrX","108111513","108111818","chr9","99956407","99956710","48","8155106"
"chrX","108122205","108122510","chr7","70375823","70376126","40","37746382"
"chrX","108140490","108140586","chr1","160251075","160251170","15","52110585"
"chrX","108149991","108150093","chr1","104388374","104388475","18","3761617"
"chrX","108177789","108177901","chrX","107751639","107751751","10","426150"
"chrX","108237420","108237653","chrX","107815991","107816227","38","421429"
"chrX","108244378","108244668","chr1","201346514","201346805","48","93102136"
"chrX","108270132","108270411","chr1","202266464","202266738","47","93996332"
"chrX","108271415","108271725","chr18","28078185","28078496","62","80193230"
"chrX","108290349","108290659","chr7","88697458","88697764","43","19592891"
"chrX","108365428","108365740","chr5","120225189","120225498","59","11859761"
"chrX","108378063","108378375","chr10","90264202","90264508","41","18113861"
"chrX","108393088","108393193","chr1","20863197","20863299","15","87529891"
"chrX","108470636","108470908","chr1","121195018","121195289","48","12724382"
"chrX","108486709","108486769","chr4","169181413","169181470","12","60694704"
"chrX","108502428","108502728","chr4","139259106","139259407","52","30756678"
"chrX","108526759","108527065","chr5","124645645","124645952","57","16118886"
"chrX","108556056","108556361","chr9","108638571","108638873","53","82515"
"chrX","108660099","108660406","chr2","146982644","146982948","48","38322545"
"chrX","108876538","108876875","chr3","53266221","53266526","71","55610317"
"chrX","108921519","108921813","chr6","17854050","17854340","51","91067469"
"chrX","108938627","108938947","chr7","127153948","127154275","102","18215321"
"chrX","108938948","108938997","chr6","110976300","110976351","5","2037352"
"chrX","108940287","108940597","chrX","108515220","108515525","49","425067"
"chrX","109002263","109002544","chr5","87738420","87738697","50","21263843"
"chrX","109004417","109004723","chr2","71331505","71331809","43","37672912"
"chrX","109018177","109018227","chr7","10054243","10054291","4","98963934"
"chrX","109018404","109018456","chr9","58005342","58005393","6","51013062"
"chrX","109026056","109026203","chrX","124363897","124364041","25","15337841"
"chrX","109059012","109059320","chrX","108630313","108630610","41","428699"
"chrX","109157121","109157406","chr7","155162191","155162474","44","46005070"
"chrX","109193598","109193897","chrX","108779326","108779624","45","414272"
"chrX","109308424","109308599","chr7","62250683","62250858","27","47057741"
"chrX","109308896","109308973","chr4","105510508","105510584","15","3798388"
"chrX","109369312","109369413","chr17","32764496","32764590","20","76604816"
"chrX","109647415","109647681","chr22","35375481","35375753","48","74271934"
"chrX","109677590","109677869","chrX","109177573","109177854","40","500017"
"chrX","110139061","110139329","chr5","128664686","128664943","51","18525625"
"chrX","110394984","110395293","chr5","91833836","91834146","43","18561148"
"chrX","110872494","110872785","chr14","47989140","47989429","56","62883354"
"chrX","111091532","111091834","chr4","69055872","69056171","41","42035660"
"chrX","111792509","111792791","chrX","111161200","111161486","40","631309"
"chrX","111821494","111821789","chrX","111193440","111193733","37","628054"
"chrX","112061006","112061298","chr12","31284675","31284966","45","80776331"
"chrX","112062327","112062624","chr8","70021437","70021736","43","42040890"
"chrX","112063641","112063950","chrX","63118288","63118597","48","48945353"
"chrX","112104339","112104507","chr22","31908682","31908851","33","80195657"
"chrX","112137549","112137845","chr4","38367185","38367480","50","73770364"
"chrX","112144177","112144432","chrX","111500433","111500697","41","643744"
"chrX","112173473","112173767","chrX","111529209","111529504","40","644264"
"chrX","112207533","112207836","chrX","111583697","111583998","54","623836"
"chrX","112238105","112238402","chr5","93075725","93076019","47","19162380"
"chrX","112257770","112258025","chr17","74418892","74419143","52","37838878"
"chrX","112291951","112292211","chr9","107284610","107284879","47","5007341"
"chrX","112293289","112293421","chr13","43433121","43433253","15","68860168"
"chrX","112304923","112305207","chr7","97022652","97022933","46","15282271"
"chrX","112324455","112324761","chr7","70375823","70376126","53","41948632"
"chrX","112328349","112328600","chr6","22652998","22653243","41","89675351"
"chrX","112385326","112385623","chr3","5858349","5858646","46","106526977"
"chrX","112540801","112541100","chr5","38842722","38843017","44","73698079"
"chrX","112561507","112561712","chrX","86518560","86518763","38","26042947"
"chrX","112583200","112583346","chrX","111977169","111977315","19","606031"
"chrX","112585310","112585593","chr7","155162191","155162474","41","42576881"
"chrX","112593839","112594138","chr10","20863520","20863828","63","91730319"
"chrX","112608015","112608290","chrX","112004339","112004616","37","603676"
"chrX","112675466","112675738","chrX","112069642","112069937","52","605824"
"chrX","112693125","112693376","chr16","21331753","21332009","51","91361372"
"chrX","112694108","112694253","chr17","27762453","27762602","23","84931655"
"chrX","112727098","112727387","chr6","94868863","94869160","50","17858235"
"chrX","112730584","112730748","chr1","193004916","193005079","30","80274332"
"chrX","112762331","112762638","chrX","112141104","112141408","45","621227"
"chrX","112769718","112770029","chr15","71482128","71482437","44","41287590"
"chrX","112798918","112799234","chr11","83476981","83477292","66","29321937"
"chrX","112809464","112809751","chr3","152858583","152858869","45","40049119"
"chrX","112814474","112814747","chrX","112219426","112219689","56","595048"
"chrX","112816045","112816214","chr5","110972979","110973149","25","1843066"
"chrX","112853613","112853938","chr16","71570137","71570438","62","41283476"
"chrX","112854649","112854962","chrX","112252359","112252656","46","602290"
"chrX","112944563","112944852","chr2","2218970","2219260","46","110725593"
"chrX","113511078","113511380","chr15","72516887","72517186","41","40994191"
"chrX","113531593","113531891","chrX","112903427","112903711","44","628166"
"chrX","113699929","113700233","chrX","113070625","113070923","36","629304"
"chrX","113789949","113790229","chr8","97151075","97151355","40","16638874"
"chrX","114191026","114191406","chr3","88407637","88407981","105","25783389"
"chrX","114336770","114337063","chr1","156858832","156859126","58","42522062"
"chrX","114727332","114727637","chr7","70375823","70376126","56","44351509"
"chrX","115060222","115060528","chrX","114431811","114432104","50","628411"
"chrX","115143809","115144120","chr9","45325979","45326278","53","69817830"
"chrX","115516660","115516934","chr3","111446138","111446410","44","4070522"
"chrX","115781542","115781827","chrX","115111955","115112241","41","669587"
"chrX","115857175","115857441","chr16","82469714","82469983","59","33387461"
"chrX","116379303","116379577","chr3","4724517","4724795","61","111654786"
"chrX","117234346","117234621","chr5","107761416","107761690","44","9472930"
"chrX","117514579","117514877","chr2","66989134","66989436","46","50525445"
"chrX","117687781","117688075","chr3","45852202","45852492","62","71835579"
"chrX","117717636","117717952","chrX","117258166","117258474","34","459470"
"chrX","117959880","117960154","chr15","34304425","34304697","45","83655455"
"chrX","118031381","118031672","chr5","147303241","147303531","46","29271860"
"chrX","118032353","118032648","chr2","1572464","1572757","40","116459889"
"chrX","118033172","118033475","chr7","89404336","89404645","50","28628836"
"chrX","118048628","118048913","chr5","96695154","96695436","51","21353474"
"chrX","118137031","118137329","chr2","17996148","17996446","43","100140883"
"chrX","118155894","118156202","chr7","61014196","61014501","58","57141698"
"chrX","118212208","118212519","chr20","11116785","11117096","42","107095423"
"chrX","118218236","118218516","chr6","5717652","5717933","43","112500584"
"chrX","118244354","118244654","chr13","95836072","95836367","39","22408282"
"chrX","118249196","118249491","chr2","203225383","203225677","37","84976187"
"chrX","118258927","118259033","chr13","70106119","70106221","15","48152808"
"chrX","118271904","118272205","chr2","67847090","67847384","40","50424814"
"chrX","118274264","118274304","chr16","60325171","60325208","4","57949093"
"chrX","118293161","118293464","chr14","77613723","77614028","55","40679438"
"chrX","118297332","118297615","chr1","41686123","41686409","43","76611209"
"chrX","118302492","118302802","chr9","101210178","101210488","45","17092314"
"chrX","118325976","118326275","chr7","85080523","85080815","62","33245453"
"chrX","118368422","118368655","chrX","117947301","117947527","29","421121"
"chrX","118369113","118369149","chr12","4865367","4865403","7","113503746"
"chrX","118373145","118373319","chr15","23033765","23033932","30","95339380"
"chrX","118389432","118389709","chr10","99483273","99483561","51","18906159"
"chrX","118426668","118426939","chr6","134864546","134864828","48","16437878"
"chrX","118478993","118479297","chr6","121802757","121803058","52","3323764"
"chrX","118495871","118495947","chr5","18934948","18935022","9","99560923"
"chrX","118526591","118526902","chr3","118139040","118139328","57","387551"
"chrX","118534481","118534768","chr15","4370856","4371142","40","114163625"
"chrX","118536804","118536843","chrX","134988207","134988249","6","16451403"
"chrX","118546178","118546477","chr2","151333028","151333320","49","32786850"
"chrX","118562771","118563087","chr5","2193404","2193714","50","116369367"
"chrX","118572702","118572984","chr6","47776710","47776988","47","70795992"
"chrX","118578741","118579050","chr10","115586657","115586959","56","2992084"
"chrX","118582243","118582522","chr5","8282348","8282619","58","110299895"
"chrX","118583252","118583550","chr3","151868207","151868509","57","33284955"
"chrX","118772122","118772193","chr3","36217937","36218004","16","82554185"
"chrX","118782192","118782494","chr6","118600755","118601054","49","181437"
"chrX","118787847","118788151","chr2","170825717","170826024","55","52037870"
"chrX","118831501","118831781","chr8","91418355","91418645","57","27413146"
"chrX","118844596","118844894","chr1","78860175","78860471","52","39984421"
"chrX","118909535","118909717","chrX","118466496","118466695","38","443039"
"chrX","118922309","118922634","chr1","195548002","195548305","62","76625693"
"chrX","119039784","119040011","chr7","28888528","28888768","49","90151256"
"chrX","119041160","119041459","chr1","2809097","2809397","49","116232063"
"chrX","119071801","119071978","chr15","41892555","41892730","25","77179246"
"chrX","119181841","119181928","chr6","42278431","42278515","16","76903410"
"chrX","119200793","119201079","chr7","48973045","48973333","44","70227748"
"chrX","119270332","119270609","chr7","45169353","45169622","53","74100979"
"chrX","119743551","119743859","chr14","60249507","60249808","53","59494044"
"chrX","119755585","119755872","chr22","6924836","6925127","44","112830749"
"chrX","119886960","119887267","chr3","95007776","95008084","45","24879184"
"chrX","119943939","119944248","chr16","5681054","5681364","55","114262885"
"chrX","120213943","120214232","chr3","118139040","118139328","47","2074903"
"chrX","120428426","120428714","chr20","7477077","7477364","39","112951349"
"chrX","120505405","120505658","chr2","56394848","56395102","39","64110557"
"chrX","120515865","120515932","chr3","175065083","175065145","15","54549218"
"chrX","120618949","120619207","chr12","23771537","23771792","43","96847412"
"chrX","120719576","120719877","chrX","120304329","120304630","36","415247"
"chrX","120805440","120805740","chr19","27619331","27619631","44","93186109"
"chrX","120845315","120845616","chrX","51259545","51259842","48","69585770"
"chrX","120872012","120872308","chr9","25525997","25526295","49","95346015"
"chrX","121062466","121062739","chr2","16187668","16187943","44","104874798"
"chrX","121080015","121080315","chr7","70375823","70376126","41","50704192"
"chrX","121091679","121091848","chrX","123906942","123907104","31","2815263"
"chrX","121208621","121208913","chrX","120797488","120797781","48","411133"
"chrX","121284041","121284319","chr1","116618974","116619261","51","4665067"
"chrX","121302581","121302875","chr6","119011301","119011592","41","2291280"
"chrX","121386470","121386627","chr22","38816936","38817091","24","82569534"
"chrX","121547685","121547817","chr7","155432887","155433020","18","33885202"
"chrX","121575130","121575406","chr1","186610138","186610422","47","65035008"
"chrX","121583438","121583498","chr6","121987936","121988000","16","404498"
"chrX","121602962","121603061","chr4","34092746","34092842","17","87510216"
"chrX","121665047","121665328","chr13","10247200","10247479","41","111417847"
"chrX","121686933","121687217","chrX","121302120","121302393","50","384813"
"chrX","121691001","121691291","chr2","29627554","29627846","42","92063447"
"chrX","121707284","121707609","chrX","121323507","121323802","57","383777"
"chrX","121748937","121749238","chrX","121366445","121366732","37","382492"
"chrX","121751904","121752193","chr2","2218970","2219260","43","119532934"
"chrX","121752905","121753203","chr3","64781256","64781560","52","56971649"
"chrX","121755318","121755606","chr11","77965713","77965999","49","43789605"
"chrX","121758072","121758350","chr7","79794746","79795031","58","41963326"
"chrX","121761794","121762104","chrX","63118288","63118597","42","58643506"
"chrX","121809629","121809931","chr12","21373930","21374228","51","100435699"
"chrX","121814658","121814792","chr11","61680766","61680900","17","60133892"
"chrX","121826430","121826492","chr22","8043523","8043576","22","113782907"
"chrX","121843500","121843608","chr2","31321985","31322093","17","90521515"
"chrX","121867512","121867786","chr16","49225932","49226206","43","72641580"
"chrX","121868613","121868910","chrX","121488459","121488747","48","380154"
"chrX","121879314","121879635","chr12","37179701","37180010","51","84699613"
"chrX","121912814","121913100","chrX","121536343","121536636","48","376471"
"chrX","121925291","121925595","chr7","70375823","70376126","47","51549468"
"chrX","121976872","121977185","chr10","37840813","37841123","54","84136059"
"chrX","121981641","121981740","chr14","80136866","80136968","23","41844775"
"chrX","122009238","122009546","chrUn_GL286435","69026","69328","55","121940212"
"chrX","122041021","122041329","chrX","121664663","121664951","52","376358"
"chrX","122084736","122084995","chr9","17963025","17963290","49","104121711"
"chrX","122090121","122090429","chrX","121716395","121716704","45","373726"
"chrX","122197864","122198146","chr6","132408951","132409222","54","10211087"
"chrX","122220757","122220856","chrX","121851360","121851459","12","369397"
"chrX","122255313","122255527","chr14","81807277","81807489","34","40448036"
"chrX","122273680","122273995","chr9","8917016","8917322","54","113356664"
"chrX","122467569","122467819","chrX","122108885","122109124","36","358684"
"chrX","122519229","122519531","chrX","122157191","122157479","54","362038"
"chrX","122535705","122536011","chr9","101210178","101210488","42","21325527"
"chrX","122733298","122733340","chr12","3241087","3241131","11","119492211"
"chrX","122806730","122807035","chr1","74240690","74240994","42","48566040"
"chrX","122884760","122884887","chr2","121940755","121940876","21","944005"
"chrX","122954782","122955085","chrX","17705039","17705341","62","105249743"
"chrX","123058576","123058865","chr16","19561365","19561669","52","103497211"
"chrX","123073991","123074296","chr10","22665922","22666223","48","100408069"
"chrX","123125141","123125239","chr1","206246927","206247036","27","83121786"
"chrX","123137272","123137417","chrX","122753382","122753534","24","383890"
"chrX","123146957","123147249","chr20","43097513","43097806","37","80049444"
"chrX","123147915","123148195","chrX","121377455","121377738","45","1770460"
"chrX","123156426","123156735","chr5","43073647","43073957","55","80082779"
"chrX","123183392","123183555","chr7","30361938","30362106","25","92821454"
"chrX","123203879","123204169","chr7","58917227","58917519","48","64286652"
"chrX","123212340","123212646","chr17","62830726","62831031","46","60381614"
"chrX","123239418","123239715","chr5","139889919","139890213","43","16650501"
"chrX","123288397","123288471","chr9","90274754","90274831","13","33013643"
"chrX","123420376","123420634","chr16","88318376","88318636","39","35102000"
"chrX","123567866","123568157","chrX","123178122","123178415","46","389744"
"chrX","123594402","123594690","chr1","156644747","156645035","49","33050345"
"chrX","123606607","123606900","chrX","123178122","123178415","43","428485"
"chrX","123902551","123902840","chr1","155481150","155481435","54","31578599"
"chrX","123961532","123961708","chr13","19726465","19726640","42","104235067"
"chrX","123987430","123987747","chr7","50717111","50717413","65","73270319"
"chrX","124046645","124046949","chr10","1666053","1666355","54","122380592"
"chrX","124171162","124171464","chrX","18432136","18432433","50","105739026"
"chrX","124192335","124192625","chr6","118101228","118101518","44","6091107"
"chrX","124239418","124239727","chr7","66415134","66415432","58","57824284"
"chrX","124258864","124259151","chr8","93934039","93934332","47","30324825"
"chrX","124281948","124282241","chrX","125368984","125369285","49","1087036"
"chrX","124282248","124282551","chr20","20348077","20348385","47","103934171"
"chrX","124285123","124285406","chr5","76172590","76172876","46","48112533"
"chrX","124303360","124303666","chr5","25564881","25565190","48","98738479"
"chrX","124333913","124334082","chrX","123906942","123907104","28","426971"
"chrX","124424200","124424504","chr3","71082107","71082409","49","53342093"
"chrX","124456754","124457042","chr7","70075416","70075707","52","54381338"
"chrX","124462407","124462715","chr9","101210178","101210488","58","23252229"
"chrX","124561866","124562159","chr6","119011301","119011592","44","5550565"
"chrX","124579138","124579451","chr5","116663888","116664187","47","7915250"
"chrX","124605398","124605704","chr5","91678600","91678912","49","32926798"
"chrX","124623590","124623884","chr1","77745311","77745604","42","46878279"
"chrX","124649206","124649381","chr4","24635839","24636012","27","100013367"
"chrX","124766662","124766810","chrX","39844112","39844261","21","84922550"
"chrX","124822685","124822964","chr6","121861912","121862198","50","2960773"
"chrX","124921055","124921359","chrX","124514574","124514873","38","406481"
"chrX","124924478","124924779","chr15","64735618","64735919","58","60188860"
"chrX","124955210","124955509","chr5","50537784","50538079","45","74417426"
"chrX","124962659","124962771","chr7","57247597","57247703","30","67715062"
"chrX","124988742","124988972","chr2","97744853","97745083","60","27243889"
"chrX","125002296","125002604","chrX","96202007","96202315","43","28800289"
"chrX","125010231","125010540","chr10","20863520","20863828","49","104146711"
"chrX","125043268","125043555","chr1","186610138","186610422","41","61566870"
"chrX","125076294","125076603","chr9","101210178","101210488","49","23866116"
"chrX","125077347","125077629","chr8","110543944","110544225","47","14533403"
"chrX","125077737","125078062","chr6","75230350","75230656","56","49847387"
"chrX","125084395","125084686","chr8","4573522","4573807","36","120510873"
"chrX","125121911","125122039","chr5","10559689","10559821","21","114562222"
"chrX","125123085","125123254","chrX","124642951","124643118","18","480134"
"chrX","125143922","125144230","chr3","53266221","53266526","51","71877701"
"chrX","125156900","125157179","chrX","124670557","124670835","47","486343"
"chrX","125164296","125164603","chr6","75230350","75230656","45","49933946"
"chrX","125180478","125180768","chr4","71933212","71933503","41","53247266"
"chrX","125304886","125305181","chr2","39828090","39828388","46","85476796"
"chrX","125365830","125366187","chrX","38848777","38849093","85","86517053"
"chrX","125390028","125390066","chr7","10013289","10013326","3","115376739"
"chrX","125508489","125508749","chrX","58291778","58292028","50","67216711"
"chrX","125674406","125674486","chr3","142360995","142361079","14","16686589"
"chrX","125811487","125811780","chrX","125302327","125302630","53","509160"
"chrX","125821547","125821867","chr14","6471804","6472122","59","119349743"
"chrX","125883674","125883950","chr9","35323793","35324067","47","90559881"
"chrX","125887933","125888239","chrX","14757652","14757955","53","111130281"
"chrX","125888973","125889251","chr12","50852343","50852625","56","75036630"
"chrX","126327368","126327667","chr20","1814642","1814939","45","124512726"
"chrX","126361343","126361644","chr2","11077390","11077699","46","115283953"
"chrX","126462346","126462656","chrX","125953205","125953499","50","509141"
"chrX","126500991","126501044","chr1","116679303","116679352","10","9821688"
"chrX","126678770","126679071","chr11","7572013","7572309","52","119106757"
"chrX","126867644","126867770","chr2","7725117","7725239","25","119142527"
"chrX","126867779","126867824","chrX","126378304","126378349","6","489475"
"chrX","126939052","126939338","chrX","126469638","126469925","48","469414"
"chrX","127151866","127152177","chr9","110062644","110062956","57","17089222"
"chrX","127467493","127467802","chrX","126976940","126977231","55","490553"
"chrX","127688062","127688423","chr1","77745311","77745604","102","49942751"
"chrX","127866538","127866836","chr1","135371826","135372122","47","7505288"
"chrX","127895939","127896246","chr6","121802757","121803058","51","6093182"
"chrX","127916899","127917082","chrX","127449132","127449312","27","467767"
"chrX","127927014","127927275","chr7","80271706","80271969","66","47655308"
"chrX","127951422","127951727","chr9","40949830","40950127","49","87001592"
"chrX","128015408","128015720","chrX","127550523","127550839","45","464885"
"chrX","128053220","128053450","chr9","58607743","58607968","46","69445477"
"chrX","128102661","128102950","chr8","28132970","28133257","56","99969691"
"chrX","128142461","128142767","chr7","70852721","70853021","54","57289740"
"chrX","128145997","128146294","chrX","127694654","127694940","54","451343"
"chrX","128178282","128178583","chr1","173094626","173094924","53","44916344"
"chrX","128194178","128194490","chr5","73075939","73076252","46","55118239"
"chrX","128467158","128467470","chr9","14396117","14396432","52","114071041"
"chrX","128628207","128628505","chr2","147728720","147729015","49","19100513"
"chrX","128659623","128659689","chr4","74090492","74090558","12","54569131"
"chrX","128808723","128809011","chr3","107213898","107214190","50","21594825"
"chrX","128831440","128831744","chrX","107560088","107560397","53","21271352"
"chrX","128873626","128873910","chrX","128566751","128567049","42","306875"
"chrX","128990730","128991035","chrX","128696063","128696363","41","294667"
"chrX","129461972","129462275","chr2","150624041","150624344","50","21162069"
"chrX","129957691","129957946","chr6","22652998","22653243","46","107304693"
"chrX","130273706","130274017","chr2","39815620","39815927","48","90458086"
"chrX","130303770","130304088","chr1","191854574","191854877","65","61550804"
"chrX","130390536","130390800","chrX","129882344","129882601","50","508192"
"chrX","130753956","130754231","chr11","115294455","115294737","41","15459501"
"chrX","131170873","131171185","chr13","97623739","97624047","57","33547134"
"chrX","131287879","131288171","chr5","94541939","94542229","51","36745940"
"chrX","131603945","131604251","chr14","83071264","83071565","55","48532681"
"chrX","132134011","132134123","chr5","43376895","43376998","25","88757116"
"chrX","132162311","132162609","chr5","47414002","47414303","55","84748309"
"chrX","132291731","132291795","chr9","18235185","18235249","11","114056546"
"chrX","132593273","132593552","chr3","140429580","140429860","62","7836307"
"chrX","132683926","132684224","chrX","14284112","14284395","59","118399814"
"chrX","133046007","133046314","chr4","5114628","5114934","51","127931379"
"chrX","133244860","133245155","chr13","95836072","95836367","48","37408788"
"chrX","133523021","133523318","chr14","31636637","31636929","67","101886384"
"chrX","133523921","133524212","chr5","139889919","139890213","42","6365998"
"chrX","133771590","133771904","chr5","73075939","73076252","58","60695651"
"chrX","133906839","133907139","chr2","67197269","67197565","48","66709570"
"chrX","134055878","134056188","chr2","47375824","47376137","55","86680054"
"chrX","134402923","134403236","chr19","31863283","31863592","63","102539640"
"chrX","134547205","134547497","chr4","40160157","40160449","45","94387048"
"chrX","134562690","134563002","chr9","93846579","93846891","49","40716111"
"chrX","134577524","134577818","chr2","1572464","1572757","53","133005060"
"chrX","134702248","134702525","chr11","74173885","74174163","42","60528363"
"chrX","134888338","134888629","chr20","7477077","7477364","42","127411261"
"chrX","135013607","135013936","chr22","12508767","12509085","88","122504840"
"chrX","135022387","135022695","chrX","45155908","45156218","58","89866479"
"chrX","135123444","135123750","chr2","71331505","71331809","54","63791939"
"chrX","135167892","135168196","chr2","37952042","37952340","52","97215850"
"chrX","135235318","135235447","chr10","98966281","98966407","24","36269037"
"chrX","135268449","135268554","chr9","11580319","11580424","15","123688130"
"chrX","135270056","135270232","chr1","76981580","76981755","34","58288476"
"chrX","135272732","135273022","chr12","107125942","107126232","42","28146790"
"chrX","135429337","135429375","chr2","34931064","34931102","1","100498273"
"chrX","135704633","135704938","chr1","199360645","199360948","52","63656012"
"chrX","135795275","135795584","chr7","92221825","92222134","51","43573450"
"chrX","136943550","136943613","chr1","192937716","192937777","7","55994166"
"chrX","137239016","137239289","chr11","74173885","74174163","42","63065131"
"chrX","137276744","137276926","chr2","40790340","40790507","34","96486404"
"chrX","137475411","137475711","chr9","25525997","25526295","51","111949414"
"chrX","137631292","137631566","chr5","72712443","72712712","50","64918849"
"chrX","137634512","137634802","chr12","26130148","26130438","43","111504364"
"chrX","137952186","137952320","chr3","86420730","86420862","18","51531456"
"chrX","137952809","137952931","chr17","58250524","58250647","17","79702285"
"chrX","138058526","138058840","chr2","1940205","1940517","49","136118321"
"chrX","138215243","138215482","chr1","151318710","151318940","43","13103467"
"chrX","138263167","138263455","chr9","35459621","35459909","44","102803546"
"chrX","138297715","138298018","chr14","77613723","77614028","43","60683992"
"chrX","138327649","138327961","chrX","137614267","137614565","45","713382"
"chrX","138560319","138560614","chrX","137888530","137888822","42","671789"
"chrX","138561183","138561474","chr10","117080076","117080365","55","21481107"
"chrX","138580426","138580732","chrX","45155908","45156218","41","93424518"
"chrX","138598625","138598926","chr15","64739618","64739920","46","73859007"
"chrX","138627917","138628180","chr10","32038854","32039122","51","106589063"
"chrX","138644258","138644574","chrX","137959654","137959949","52","684604"
"chrX","138671438","138671718","chrX","137987429","137987708","29","684009"
"chrX","138682048","138682166","chr1","205933415","205933532","20","67251367"
"chrX","138737504","138737784","chr4","106702443","106702725","46","32035061"
"chrX","138747597","138747706","chr12","54623864","54623969","24","84123733"
"chrX","138903161","138903484","chr4","86624045","86624357","61","52279116"
"chrX","139003207","139003355","chr1","100916252","100916397","28","38086955"
"chrX","139004241","139004366","chr13","89519003","89519127","27","49485238"
"chrX","139010999","139011283","chr2","36988574","36988869","45","102022425"
"chrX","139096143","139096464","chr5","5354042","5354352","56","133742101"
"chrX","139362716","139362823","chr9","102425226","102425329","18","36937490"
"chrX","139702199","139702411","chr2","8035047","8035258","38","131667152"
"chrX","140201404","140201675","chr2","68382318","68382587","52","71819086"
"chrX","140799098","140799400","chr9","40949830","40950127","45","99849268"
"chrX","140805672","140805972","chr5","141618531","141618824","43","812859"
"chrX","141174292","141174599","chr4","151238342","151238657","48","10064050"
"chrX","141219749","141219950","chr1","173639780","173639980","33","32420031"
"chrX","141227232","141227498","chr12","106811306","106811553","61","34415926"
"chrX","141291029","141291330","chr7","24906412","24906703","56","116384617"
"chrX","141313252","141313557","chrX","17705039","17705341","47","123608213"
"chrX","141327893","141327974","chr6","140444791","140444875","16","883102"
"chrX","141516957","141517251","chr21","35283943","35284237","50","106233014"
"chrX","141534190","141534493","chr4","98746325","98746622","46","42787865"
"chrX","141544660","141544919","chr5","37448979","37449234","42","104095681"
"chrX","141546334","141546652","chr5","73075939","73076252","51","68470395"
"chrX","141585844","141586153","chr2","71331505","71331809","44","70254339"
"chrX","141599222","141599524","chrX","140669524","140669824","49","929698"
"chrX","141611420","141611717","chr1","140333436","140333732","51","1277984"
"chrX","141649221","141649269","chr12","56000792","56000839","7","85648429"
"chrX","141649270","141649386","chr3","84875338","84875455","15","56773932"
"chrX","141871220","141871526","chr6","2571571","2571874","61","139299649"
"chrX","142093422","142093677","chr5","4968801","4969053","47","137124621"
"chrX","142101203","142101503","chr1","206060001","206060297","41","63958798"
"chrX","142232218","142232538","chrX","51770091","51770403","57","90462127"
"chrX","142257237","142257540","chrX","141294010","141294319","45","963227"
"chrX","142350910","142351192","chrX","141385533","141385817","38","965377"
"chrX","142368661","142368965","chr21","41253758","41254057","50","101114903"
"chrX","142549666","142549965","chr1","199360645","199360948","49","56810979"
"chrX","142800094","142800376","chr2","59445321","59445626","66","83354773"
"chrX","142926696","142926970","chr11","60574273","60574555","47","82352423"
"chrX","143106248","143106558","chr2","71331505","71331809","54","71774743"
"chr10","53477362","53477667","chr9","99565047","99565352","53","46087685"
"chr10","15466425","15466729","chr22","42274761","42275058","48","26808336"
"chr10","27000740","27001045","chr6","75230350","75230656","48","48229610"
"chr10","28049200","28049512","chrX","122463244","122463548","52","94414044"
"chr10","41549709","41550013","chr9","99956407","99956710","52","58406698"
"chr10","51249089","51249388","chr7","70375823","70376126","45","19126734"
"chr10","76808131","76808431","chr2","39828090","39828388","41","36980041"
"chr10","86376417","86376532","chr7","84667714","84667825","21","1708703"
"chr10","225157","225329","chr10","126091805","126091971","33","125866648"
"chr10","284787","285096","chr9","93846579","93846891","51","93561792"
"chr10","285922","286095","chr3","189072814","189072983","27","188786892"
"chr10","362530","362826","chr1","170771447","170771746","52","170408917"
"chr10","364488","364805","chr2","146982644","146982948","58","146618156"
"chr10","368701","368993","chr4","25746204","25746495","56","25377503"
"chr10","380166","380384","chr10","88536755","88536975","40","88156589"
"chr10","455436","455758","chr1","10349654","10349962","60","9894218"
"chr10","517861","518161","chrUn_GL286435","69026","69328","48","448835"
"chr10","522756","522943","chr10","92618672","92618859","35","92095916"
"chr10","553534","553773","chr1","169496052","169496298","62","168942518"
"chr10","556018","556071","chr2","14681250","14681303","9","14125232"
"chr10","648389","648514","chr9","40018024","40018148","33","39369635"
"chr10","887322","887618","chr1","170771447","170771746","42","169884125"
"chr10","941927","942038","chr2","13430369","13430476","22","12488442"
"chr10","1021620","1021707","chr14","68686729","68686808","19","67665109"
"chr10","1292483","1292802","chr4","151238342","151238657","55","149945859"
"chr10","2027507","2027812","chrX","8396907","8397216","48","6369400"
"chr10","2040739","2041050","chr11","28125301","28125613","49","26084562"
"chr10","2047904","2048226","chr17","34273791","34274105","65","32225887"
"chr10","2069037","2069329","chr3","20091177","20091469","50","18022140"
"chr10","2086462","2086746","chr5","56266182","56266475","40","54179720"
"chr10","2165084","2165374","chr8","11204657","11204940","51","9039573"
"chr10","2219427","2219715","chr2","71302060","71302351","60","69082633"
"chr10","2251378","2251672","chr5","56089103","56089407","50","53837725"
"chr10","2255161","2255435","chr14","20630664","20630929","67","18375503"
"chr10","2292043","2292333","chr3","19993966","19994253","48","17701923"
"chr10","2325216","2325503","chr17","26598758","26599040","58","24273542"
"chr10","2355447","2355713","chr4","21116949","21117214","50","18761502"
"chr10","2380263","2380561","chr5","116663888","116664187","45","114283625"
"chr10","2485920","2486219","chr5","55858862","55859162","48","53372942"
"chr10","2730498","2730780","chr5","55617246","55617528","42","52886748"
"chr10","2786376","2786696","chr3","136899810","136900119","50","134113434"
"chr10","2852047","2852347","chr2","13919309","13919605","55","11067262"
"chr10","2901082","2901375","chr6","119011301","119011592","43","116110219"
"chr10","3070707","3070989","chr7","25925292","25925587","48","22854585"
"chr10","3158705","3158986","chr5","26340268","26340554","42","23181563"
"chr10","3292278","3292559","chr9","85206727","85207002","50","81914449"
"chr10","3311216","3311512","chr2","203225383","203225677","39","199914167"
"chr10","3458841","3459149","chr1","185105558","185105857","50","181646717"
"chr10","3968463","3968763","chr5","54331540","54331847","47","50363077"
"chr10","4581477","4581772","chr2","203225383","203225677","47","198643906"
"chr10","4769854","4770157","chr7","74579378","74579682","52","69809524"
"chr10","4797444","4797768","chr7","59181738","59182047","60","54384294"
"chr10","4814299","4814625","chr1","193985439","193985750","67","189171140"
"chr10","4925796","4926080","chr2","146570178","146570467","47","141644382"
"chr10","5090186","5090496","chr16","77845717","77846027","57","72755531"
"chr10","5098394","5098558","chr3","134810410","134810571","29","129712016"
"chr10","5303463","5303677","chr1","98606452","98606663","44","93302989"
"chr10","5334694","5334996","chr5","4594332","4594638","51","740362"
"chr10","5346428","5346720","chr3","106011472","106011765","54","100665044"
"chr10","5350914","5351215","chr7","88697458","88697764","44","83346544"
"chr10","5368411","5368544","chr10","100429814","100429943","20","95061403"
"chr10","5374826","5375126","chr5","52911049","52911342","44","47536223"
"chr10","5479134","5479429","chr2","67197269","67197565","48","61718135"
"chr10","5602885","5603190","chr1","154178819","154179123","53","148575934"
"chr10","5628261","5628587","chr14","96106541","96106857","62","90478280"
"chr10","5690393","5690685","chr11","82134409","82134707","54","76444016"
"chr10","5850595","5850904","chr15","38910043","38910338","69","33059448"
"chr10","5854067","5854361","chr5","93577447","93577743","43","87723380"
"chr10","5867078","5867377","chr4","98746325","98746622","52","92879247"
"chr10","5876736","5877033","chr1","51977972","51978271","49","46101236"
"chr10","5930118","5930404","chr7","66759838","66760136","48","60829720"
"chr10","6219467","6219732","chr14","68859815","68860079","64","62640348"
"chr10","6269609","6269911","chr11","107864365","107864676","46","101594756"
"chr10","6546007","6546296","chr15","48916481","48916774","37","42370474"
"chr10","6633942","6634256","chr11","51720768","51721077","57","45086826"
"chr10","6905134","6905383","chr6","46814366","46814604","51","39909232"
"chr10","6944391","6944701","chr17","62830726","62831031","48","55886335"
"chr10","7041116","7041392","chrX","106761488","106761761","46","99720372"
"chr10","7160896","7161193","chr5","11716562","11716853","58","4555666"
"chr10","7337343","7337459","chr6","49062364","49062480","18","41725021"
"chr10","7365191","7365487","chr3","105647095","105647389","50","98281904"
"chr10","7377276","7377584","chr2","146982644","146982948","47","139605368"
"chr10","7412780","7413079","chr2","203225383","203225677","52","195812603"
"chr10","7477956","7478309","chr2","91172114","91172447","71","83694158"
"chr10","7507352","7507620","chr8","105549929","105550192","47","98042577"
"chr10","7517807","7518025","chr5","50748512","50748721","36","43230705"
"chr10","7545845","7545954","chr11","13889614","13889722","15","6343769"
"chr10","7552843","7552932","chr2","67741430","67741516","15","60188587"
"chr10","7558902","7559141","chr2","6525042","6525280","43","1033860"
"chr10","7561811","7562055","chr5","50704557","50704791","46","43142746"
"chr10","7589748","7590066","chr5","50673605","50673909","53","43083857"
"chr10","7607749","7608040","chr19","38589311","38589602","47","30981562"
"chr10","7610081","7610388","chr4","152013452","152013750","60","144403371"
"chr10","7620252","7620304","chr2","127840830","127840880","7","120220578"
"chr10","7639033","7639326","chr5","50634267","50634546","45","42995234"
"chr10","7707425","7707736","chr9","101210178","101210488","58","93502753"
"chr10","7745607","7745699","chr7","131706066","131706158","12","123960459"
"chr10","7867872","7868186","chr6","21930692","21931000","46","14062820"
"chr10","7872248","7872521","chr11","78325612","78325883","53","70453364"
"chr10","7873354","7873637","chr5","50406137","50406424","54","42532783"
"chr10","7984826","7985112","chr1","170771447","170771746","44","162786621"
"chr10","8025521","8025816","chr12","107125942","107126232","45","99100421"
"chr10","8119061","8119358","chr5","50156782","50157066","53","42037721"
"chr10","8152256","8152563","chr7","89340675","89340981","53","81188419"
"chr10","8361213","8361508","chr15","61826239","61826536","55","53465026"
"chr10","8395768","8396051","chr5","49849808","49850093","45","41454040"
"chr10","8567436","8567718","chr14","78705130","78705411","53","70137694"
"chr10","8629190","8629470","chr11","115294455","115294737","43","106665265"
"chr10","8746398","8746697","chr6","121868410","121868708","55","113122012"
"chr10","8775679","8775968","chr1","156890249","156890536","52","148114570"
"chr10","8797245","8797404","chr1","118846625","118846788","29","110049380"
"chr10","9068738","9068789","chr4","147159395","147159446","6","138090657"
"chr10","9159335","9159510","chr5","2641271","2641451","33","6518064"
"chr10","9259797","9260106","chr5","120225189","120225498","54","110965392"
"chr10","9533849","9533983","chr6","16800721","16800855","27","7266872"
"chr10","9654978","9655283","chrX","17705039","17705341","57","8050061"
"chr10","9682615","9682922","chr2","39828090","39828388","45","30145475"
"chr10","9788409","9788690","chr7","45169353","45169622","63","35380944"
"chr10","9806159","9806482","chr2","153267314","153267618","58","143461155"
"chr10","10041602","10041898","chr7","98694343","98694635","46","88652741"
"chr10","10161805","10162110","chr7","88697458","88697764","45","78535653"
"chr10","10382505","10382785","chr15","3505925","3506201","57","6876580"
"chr10","10404546","10404645","chr1","108267729","108267824","16","97863183"
"chr10","10422851","10423156","chr10","5304587","5304889","50","5118264"
"chr10","10433226","10433515","chr12","11962853","11963141","47","1529627"
"chr10","10474485","10474780","chr2","203225383","203225677","43","192750898"
"chr10","10495651","10495939","chr5","47629399","47629697","48","37133748"
"chr10","10497647","10497957","chr2","71331505","71331809","51","60833858"
"chr10","10498651","10498944","chr5","47626607","47626886","45","37127956"
"chr10","10505310","10505611","chr10","29508947","29509244","51","19003637"
"chr10","10506437","10506737","chr10","48321055","48321354","41","37814618"
"chr10","10519749","10520034","chr20","32851240","32851521","49","22331491"
"chr10","10536780","10537080","chr6","104934626","104934925","50","94397846"
"chr10","10543617","10543928","chr20","28249908","28250209","62","17706291"
"chr10","10563664","10563944","chr11","5274208","5274485","51","5289456"
"chr10","10653471","10653826","chr12","20230563","20230858","105","9577092"
"chr10","10660700","10660987","chr10","99483273","99483561","50","88822573"
"chr10","10664037","10664317","chr5","92763403","92763679","45","82099366"
"chr10","10669889","10670028","chrX","107405788","107405929","21","96735899"
"chr10","10671138","10671497","chr3","88407637","88407981","97","77736499"
"chr10","10694165","10694469","chr3","165770119","165770426","49","155075954"
"chr10","10732740","10733047","chr2","150624041","150624344","41","139891301"
"chr10","10742699","10743023","chr10","125503014","125503329","61","114760315"
"chr10","10848136","10848436","chrX","45698425","45698727","47","34850289"
"chr10","10861483","10861777","chr2","2218970","2219260","49","8642513"
"chr10","11030367","11030668","chr17","18711211","18711501","61","7680844"
"chr10","11045886","11046195","chr4","135574288","135574591","51","124528402"
"chr10","11051403","11051703","chr5","47097737","47098035","45","36046334"
"chr10","11081104","11081393","chr3","152858583","152858869","46","141777479"
"chr10","11248620","11248918","chr2","67197269","67197565","52","55948649"
"chr10","11304686","11304719","chr18","14281268","14281309","12","2976582"
"chr10","11684533","11684835","chr10","1666053","1666355","47","10018480"
"chr10","11725182","11725487","chr3","98129428","98129736","61","86404246"
"chr10","11908576","11908882","chr7","74579378","74579682","54","62670802"
"chr10","11923171","11923400","chr9","1108516","1108745","33","10814655"
"chr10","11930660","11930771","chr11","118004500","118004609","15","106073840"
"chr10","11930822","11930864","chr8","97260104","97260146","14","85329282"
"chr10","12012152","12012462","chr1","141894434","141894743","52","129882282"
"chr10","12055273","12055546","chr10","55315779","55316056","48","43260506"
"chr10","12055551","12055683","chr5","10559689","10559821","14","1495862"
"chr10","12126921","12127212","chr5","46011946","46012234","36","33885025"
"chr10","12153671","12153836","chr2","14667117","14667268","36","2513446"
"chr10","12172930","12173236","chr12","37179701","37180010","51","25006771"
"chr10","12226715","12227017","chr11","19304678","19304978","40","7077963"
"chr10","12227694","12227982","chr10","99483273","99483561","45","87255579"
"chr10","12255427","12255720","chr6","9310083","9310377","42","2945344"
"chr10","12303724","12304018","chr12","27245583","27245874","47","14941859"
"chr10","12390018","12390166","chr22","8461501","8461657","30","3928517"
"chr10","12433281","12433582","chr4","151588300","151588596","50","139155019"
"chr10","12499781","12500000","chr8","4691812","4692036","41","7807969"
"chr10","12549004","12549271","chr5","45587918","45588185","42","33038914"
"chr10","12579557","12579846","chr5","45557348","45557644","42","32977791"
"chr10","12596468","12596759","chr5","45537932","45538223","41","32941464"
"chr10","12654500","12654832","chr22","44583446","44583761","58","31928946"
"chr10","12660905","12661205","chr5","55380182","55380490","44","42719277"
"chr10","12680662","12680955","chr1","173326950","173327240","44","160646288"
"chr10","12693346","12693616","chr11","110376879","110377138","57","97683533"
"chr10","12822028","12822326","chr2","1940205","1940517","55","10881823"
"chr10","12828964","12829274","chr19","6495844","6496151","49","6333120"
"chr10","12829504","12829563","chr3","175065083","175065145","10","162235579"
"chr10","12898282","12898564","chr2","134890220","134890504","42","121991938"
"chr10","12990633","12990933","chr12","20230563","20230858","48","7239930"
"chr10","13071943","13072238","chr2","151333028","151333320","49","138261085"
"chr10","13163113","13163399","chr5","44935142","44935435","39","31772029"
"chr10","13167462","13167533","chr13","5578486","5578550","17","7588976"
"chr10","13167722","13168020","chr5","44930152","44930437","39","31762430"
"chr10","13185213","13185521","chr4","139259106","139259407","51","126073893"
"chr10","13189334","13189631","chr5","80121277","80121568","49","66931943"
"chr10","13211609","13211710","chr1","108267729","108267824","20","95056120"
"chr10","13258662","13258957","chr1","103493366","103493665","52","90234704"
"chr10","13290503","13290810","chr5","44806162","44806455","44","31515659"
"chr10","13296717","13297026","chr11","110164069","110164381","53","96867352"
"chr10","13310058","13310352","chr20","26369514","26369801","48","13059456"
"chr10","13341268","13341545","chr3","41532623","41532904","52","28191355"
"chr10","13353156","13353466","chrX","17705039","17705341","43","4351883"
"chr10","13360755","13361052","chr8","108273322","108273614","44","94912567"
"chr10","13370641","13370946","chr6","121802757","121803058","47","108432116"
"chr10","13373738","13374030","chr3","180128426","180128712","61","166754688"
"chr10","13386146","13386449","chr4","164145603","164145901","44","150759457"
"chr10","13388069","13388346","chr3","160134716","160134998","62","146746647"
"chr10","13390866","13391155","chr7","85667225","85667519","48","72276359"
"chr10","13392666","13392919","chr10","41572043","41572297","43","28179377"
"chr10","13392964","13393015","chr21","47444336","47444387","7","34051372"
"chr10","13406578","13406649","chr2","6648559","6648630","6","6758019"
"chr10","13425249","13425540","chr9","25525997","25526295","52","12100748"
"chr10","13432536","13432664","chr5","50606686","50606813","24","37174150"
"chr10","13502948","13503242","chr9","25525997","25526295","37","12023049"
"chr10","13504604","13504901","chr7","19002392","19002692","47","5497788"
"chr10","13514157","13514468","chr3","148559683","148559994","44","135045526"
"chr10","13518002","13518262","chr5","111818560","111818820","54","98300558"
"chr10","13555193","13555302","chr4","137257310","137257420","21","123702117"
"chr10","13571555","13571850","chr22","14367659","14367956","46","796104"
"chr10","13640657","13640917","chr3","78889990","78890246","50","65249333"
"chr10","13653177","13653493","chr3","83931923","83932228","61","70278746"
"chr10","13682212","13682514","chr19","17448176","17448478","55","3765964"
"chr10","13730559","13730754","chr1","137316066","137316261","30","123585507"
"chr10","13737565","13737850","chr2","2218970","2219260","45","11518595"
"chr10","13839365","13839658","chr5","71686578","71686874","47","57847213"
"chr10","13910096","13910392","chrX","122140594","122140885","48","108230498"
"chr10","13939848","13940155","chr2","71331505","71331809","48","57391657"
"chr10","13945918","13946226","chr7","70375823","70376126","42","56429905"
"chr10","13954736","13955034","chr1","13807754","13808053","47","146982"
"chr10","13960920","13961250","chr12","78547557","78547860","69","64586637"
"chr10","14002296","14002596","chr7","73267233","73267534","50","59264937"
"chr10","14054754","14055061","chr9","25525997","25526295","46","11471243"
"chr10","14068031","14068312","chr5","43998457","43998727","46","29930426"
"chr10","14102605","14102800","chr1","172067426","172067622","33","157964821"
"chr10","14102851","14102940","chr3","184500001","184500088","15","170397150"
"chr10","14103287","14103593","chr11","116346925","116347227","51","102243638"
"chr10","14127342","14127628","chr5","43939507","43939797","46","29812165"
"chr10","14138400","14138696","chr7","77326917","77327209","49","63188517"
"chr10","14141726","14141946","chr8","27995813","27996033","33","13854087"
"chr10","14182565","14182864","chr8","29283402","29283703","51","15100837"
"chr10","14186925","14187203","chr2","129078851","129079134","41","114891926"
"chr10","14187519","14187797","chrX","51282480","51282768","46","37094961"
"chr10","14333906","14334214","chr3","139467381","139467679","50","125133475"
"chr10","14361176","14361478","chr11","65700168","65700463","47","51338992"
"chr10","14377552","14377833","chr1","168926697","168926979","53","154549145"
"chr10","14427248","14427525","chr19","31850383","31850657","49","17423135"
"chr10","14434053","14434360","chr5","43646030","43646335","46","29211977"
"chr10","14436850","14437161","chr10","5304587","5304889","49","9132263"
"chr10","14449242","14449554","chr11","87580347","87580651","53","73131105"
"chr10","14451858","14451932","chr1","47010386","47010457","18","32558528"
"chr10","14452330","14452616","chr5","80121277","80121568","45","65668947"
"chr10","14456465","14456755","chr17","56198600","56198897","54","41742135"
"chr10","14465734","14465802","chr13","5578486","5578550","17","8887248"
"chr10","14466405","14466689","chrX","121428429","121428717","57","106962024"
"chr10","14529394","14529610","chr3","165593859","165594079","34","151064465"
"chr10","14583111","14583402","chr2","203225383","203225677","42","188642272"
"chr10","14615814","14616124","chr12","78762116","78762425","51","64146302"
"chr10","14744310","14744621","chr12","90860286","90860594","42","76115976"
"chr10","14757168","14757466","chr11","122681076","122681374","45","107923908"
"chr10","14815299","14815593","chr12","8795573","8795863","48","6019726"
"chr10","14835639","14835937","chr15","94890771","94891070","42","80055132"
"chr10","14895808","14895924","chr17","62957551","62957668","22","48061743"
"chr10","14931462","14931770","chr7","35515798","35516110","38","20584336"
"chr10","14963135","14963433","chr1","170771447","170771746","45","155808312"
"chr10","14973711","14974018","chr19","17448176","17448478","51","2474465"
"chr10","14975159","14975320","chr14","5066742","5066904","26","9908417"
"chr10","14989665","14989948","chr13","9986393","9986670","46","5003272"
"chr10","14993832","14994141","chrX","8082125","8082430","48","6911707"
"chr10","14998628","14998793","chr14","1187059","1187217","34","13811569"
"chr10","15000001","15000107","chr1","20863197","20863299","15","5863196"
"chr10","15004676","15004985","chr5","124645645","124645952","45","109640969"
"chr10","15122507","15122792","chr10","106292672","106292959","45","91170165"
"chr10","15129647","15129921","chr10","41485100","41485371","47","26355453"
"chr10","15132869","15133165","chr15","75618966","75619268","51","60486097"
"chr10","15160838","15160931","chr11","111085623","111085716","17","95924785"
"chr10","15166407","15166698","chr7","74698952","74699241","45","59532545"
"chr10","15174427","15174723","chrX","29367582","29367876","45","14193155"
"chr10","15197730","15197825","chr5","43037924","43038015","20","27840194"
"chr10","15236692","15236985","chr13","59518280","59518572","45","44281588"
"chr10","15245117","15245425","chr14","77613723","77614028","41","62368606"
"chr10","15250321","15250391","chr4","38901814","38901884","15","23651493"
"chr10","15271038","15271090","chr2","129157755","129157808","9","113886717"
"chr10","15272573","15272864","chr2","40338439","40338734","47","25065866"
"chr10","15278191","15278500","chr5","55380182","55380490","39","40101991"
"chr10","15294268","15294559","chr7","27626090","27626385","40","12331822"
"chr10","15300290","15300596","chr16","19278860","19279164","52","3978570"
"chr10","15303783","15304103","chr5","2193404","2193714","49","13110379"
"chr10","15315807","15315905","chr13","69133685","69133780","19","53817878"
"chr10","15342694","15343006","chrUn_GL286435","69026","69328","48","15273668"
"chr10","15349833","15349900","chr14","65247469","65247534","10","49897636"
"chr10","15406982","15407278","chrX","18432136","18432433","49","3025154"
"chr10","15435501","15435806","chrX","122463244","122463548","46","107027743"
"chr10","15440188","15440486","chr10","98968205","98968502","61","83528017"
"chr10","15521708","15522007","chr7","120468697","120468997","47","104946989"
"chr10","15610235","15610528","chr1","13807754","13808053","58","1802481"
"chr10","15661138","15661448","chr1","188571057","188571372","44","172909919"
"chr10","15704131","15704431","chr2","72481200","72481495","67","56777069"
"chr10","15762196","15762502","chrX","10624721","10625025","48","5137475"
"chr10","15762912","15763204","chr6","119011301","119011592","43","103248389"
"chr10","15886032","15886310","chr12","23404093","23404378","53","7518061"
"chr10","15960912","15961241","chr15","37514276","37514606","59","21553364"
"chr10","16070686","16070853","chr4","69689471","69689629","30","53618785"
"chr10","16137295","16137585","chr2","18967756","18968049","52","2830461"
"chr10","16174707","16174829","chr6","151330809","151330928","24","135156102"
"chr10","16243180","16243495","chr5","42017946","42018246","44","25774766"
"chr10","16314889","16315202","chr5","73075939","73076252","52","56761050"
"chr10","16363753","16364054","chr2","72481200","72481495","66","56117447"
"chr10","16379720","16379808","chr4","1225577","1225665","15","15154143"
"chr10","16380197","16380520","chr4","100205748","100206072","62","83825551"
"chr10","16383447","16383746","chr1","13807754","13808053","56","2575693"
"chr10","16385946","16386268","chr12","37179701","37180010","54","20793755"
"chr10","16424415","16424674","chr6","8719333","8719597","56","7705082"
"chr10","16424911","16425212","chr22","27181613","27181911","46","10756702"
"chr10","16470088","16470389","chrX","17705039","17705341","45","1234951"
"chr10","16497828","16498136","chr19","23351999","23352309","53","6854171"
"chr10","16564169","16564335","chr20","1976364","1976531","31","14587805"
"chr10","16628138","16628425","chr4","23129234","23129535","54","6501096"
"chr10","16630403","16630691","chr4","71933212","71933503","42","55302809"
"chr10","16643961","16644262","chr6","100650122","100650421","52","84006161"
"chr10","16679228","16679312","chr5","41627317","41627402","10","24948089"
"chr10","16682685","16682832","chr18","3785106","3785256","49","12897579"
"chr10","16683790","16683919","chr2","70636116","70636235","34","53952326"
"chr10","16689233","16689515","chr3","88018588","88018878","55","71329355"
"chr10","16702295","16702600","chr5","41605347","41605631","59","24903052"
"chr10","16703788","16704073","chr15","45634836","45635125","57","28931048"
"chr10","16704719","16705038","chr7","88697458","88697764","58","71992739"
"chr10","16730115","16730410","chr14","915738","916038","50","15814377"
"chr10","16736201","16736493","chr7","85080523","85080815","49","68344322"
"chr10","16742847","16742892","chr2","47023538","47023584","5","30280691"
"chr10","16759888","16759967","chr18","3423884","3423961","11","13336004"
"chr10","16764221","16764512","chr13","16417824","16418126","60","346397"
"chr10","16814812","16815101","chr19","43659630","43659919","42","26844818"
"chr10","16862830","16863139","chr6","151108613","151108922","61","134245783"
"chr10","16868420","16868471","chr14","105421462","105421516","9","88553042"
"chr10","16869414","16869707","chrX","45563978","45564273","42","28694564"
"chr10","16881038","16881187","chr14","71349893","71350037","24","54468855"
"chr10","16881832","16882119","chr6","119011301","119011592","40","102129469"
"chr10","16899024","16899154","chr9","44740587","44740719","20","27841563"
"chr10","16901070","16901372","chr20","38069112","38069412","54","21168042"
"chr10","16928578","16928871","chr1","175759179","175759474","52","158830601"
"chr10","16966260","16966551","chr4","158769812","158770108","49","141803552"
"chr10","16986060","16986361","chr5","41353330","41353623","40","24367270"
"chr10","16988656","16988948","chr5","47309745","47310037","47","30321089"
"chr10","16992751","16993047","chr7","77326917","77327209","51","60334166"
"chr10","17069154","17069463","chr15","24029162","24029466","54","6960008"
"chr10","17072088","17072397","chr3","173712450","173712748","52","156640362"
"chr10","17085951","17086252","chr10","5304587","5304889","42","11781364"
"chr10","17104402","17104714","chr5","73075939","73076252","46","55971537"
"chr10","17105586","17105858","chr12","108797245","108797536","62","91691659"
"chr10","17119452","17119551","chr6","31893763","31893853","17","14774311"
"chr10","17165352","17165650","chr4","156221142","156221436","46","139055790"
"chr10","17167858","17168160","chr5","124645645","124645952","44","107477787"
"chr10","17250571","17250872","chr10","94235006","94235309","50","76984435"
"chr10","17442933","17443229","chr2","137530552","137530841","59","120087619"
"chr10","17535635","17535943","chr2","146982644","146982948","50","129447009"
"chr10","17546785","17547076","chr19","35779479","35779770","42","18232694"
"chr10","17549841","17550115","chr5","40807884","40808171","50","23258043"
"chr10","17593315","17593445","chr9","59190391","59190517","20","41597076"
"chr10","17614335","17614497","chr5","40733675","40733834","25","23119340"
"chr10","17614624","17614666","chr7","61811918","61811964","7","44197294"
"chr10","17658214","17658523","chr5","40692094","40692403","47","23033880"
"chr10","17702461","17702711","chr5","40646823","40647076","35","22944362"
"chr10","17716139","17716256","chr5","115265779","115265893","17","97549640"
"chr10","17729605","17729877","chr9","13171482","13171754","53","4558123"
"chr10","17733444","17733713","chr3","55219505","55219764","55","37486061"
"chr10","17822288","17822564","chr18","28384958","28385239","64","10562670"
"chr10","17931054","17931363","chr2","146982644","146982948","41","129051590"
"chr10","18054106","18054414","chr5","55380182","55380490","48","37326076"
"chr10","18075290","18075585","chr5","40258133","40258438","43","22182843"
"chr10","18225669","18225968","chr13","95836072","95836367","55","77610403"
"chr10","18282366","18282683","chr5","40048648","40048954","52","21766282"
"chr10","18367328","18367618","chr7","46614511","46614801","38","28247183"
"chr10","18388050","18388360","chr5","39944382","39944683","47","21556332"
"chr10","18435094","18435390","chr15","71689652","71689946","55","53254558"
"chr10","18450226","18450476","chr20","32924964","32925214","57","14474738"
"chr10","18469426","18469696","chr5","72712443","72712712","43","54243017"
"chr10","18487347","18487438","chr2","9154740","9154829","27","9332607"
"chr10","18487584","18487877","chr7","46614511","46614801","46","28126927"
"chr10","18490501","18490805","chr9","107747528","107747830","49","89257027"
"chr10","18499929","18500000","chr3","17086851","17086927","11","1413078"
"chr10","18500001","18500227","chr11","16907039","16907264","36","1592962"
"chr10","18512617","18512743","chr5","39827158","39827291","25","21314541"
"chr10","18518702","18518987","chr9","76118191","76118484","55","57599489"
"chr10","18519252","18519533","chr20","32851240","32851521","52","14331988"
"chr10","18521746","18522043","chr4","44371451","44371741","45","25849705"
"chr10","18539770","18540078","chr4","126062982","126063287","49","107523212"
"chr10","18570102","18570391","chr1","196561743","196562036","51","177991641"
"chr10","18608196","18608472","chr16","26738174","26738447","51","8129978"
"chr10","18625979","18626293","chr6","75230350","75230656","41","56604371"
"chr10","18631550","18631830","chr10","117390948","117391236","49","98759398"
"chr10","18654347","18654622","chr5","39748909","39749172","49","21094562"
"chr10","18674228","18674524","chr5","39737776","39738077","33","21063548"
"chr10","18676098","18676405","chr1","104253890","104254191","55","85577792"
"chr10","18696943","18697245","chr5","39715766","39716070","45","21018823"
"chr10","18749488","18749791","chr5","116663888","116664187","49","97914400"
"chr10","18757049","18757353","chr7","92221825","92222134","57","73464776"
"chr10","18801797","18801905","chr22","38623425","38623536","19","19821628"
"chr10","18850504","18850801","chrUn_GL286217","143262","143564","47","18707242"
"chr10","18889598","18889915","chr8","55667304","55667614","53","36777706"
"chr10","18906464","18906746","chr10","129611575","129611858","59","110705111"
"chr10","19143481","19143780","chr7","18384707","18385006","40","758774"
"chr10","19294533","19294838","chrX","17705039","17705341","43","1589494"
"chr10","19388406","19388700","chr5","39005567","39005860","50","19617161"
"chr10","19425869","19426160","chr5","38961993","38962289","43","19536124"
"chr10","19480560","19480871","chr10","14690438","14690745","53","4790122"
"chr10","19503175","19503486","chr5","96179767","96180077","44","76676592"
"chr10","19516426","19516683","chr2","89909709","89909968","47","70393283"
"chr10","19560322","19560530","chr19","44795567","44795779","42","25235245"
"chr10","19678923","19678994","chr12","4865432","4865507","13","14813491"
"chr10","19691140","19691447","chrX","69084841","69085134","50","49393701"
"chr10","19713887","19714194","chr5","38664271","38664583","41","18950384"
"chr10","19718640","19718940","chrX","39518046","39518347","43","19799406"
"chr10","19723298","19723430","chr5","10559689","10559821","19","9163609"
"chr10","19723433","19723495","chr2","7491806","7491874","18","12231627"
"chr10","19724060","19724182","chr14","82352957","82353074","25","62628897"
"chr10","19783967","19784268","chr4","150555920","150556212","54","130771953"
"chr10","19822451","19822749","chr2","203225383","203225677","49","183402932"
"chr10","19880379","19880688","chr4","44576155","44576457","48","24695776"
"chr10","19885883","19886164","chr5","38480795","38481077","39","18594912"
"chr10","19891132","19891450","chr1","140083591","140083907","50","120192459"
"chr10","19896788","19897109","chr5","38468300","38468593","58","18571512"
"chr10","19920123","19920420","chr9","85600159","85600457","39","65680036"
"chr10","19924154","19924322","chr22","2146111","2146278","30","17778043"
"chr10","19926528","19926834","chr7","88697458","88697764","43","68770930"
"chr10","19928766","19928895","chr17","58250524","58250647","17","38321758"
"chr10","20004276","20004556","chr13","60211304","60211588","58","40207028"
"chr10","20026735","20027034","chr5","38346950","38347243","52","18320215"
"chr10","20027742","20027924","chr5","38345761","38345938","17","18318019"
"chr10","20049111","20049403","chr12","51888773","51889064","45","31839662"
"chr10","20076836","20077144","chr5","55380182","55380490","48","35303346"
"chr10","20089709","20090018","chr21","41253758","41254057","55","21164049"
"chr10","20095765","20096058","chr6","70872416","70872710","39","50776651"
"chr10","20148473","20148598","chr9","113238141","113238265","19","93089668"
"chr10","20156648","20156778","chr5","44811301","44811428","28","24654653"
"chr10","20241365","20241660","chr5","38117168","38117453","42","17875803"
"chr10","20380150","20380234","chr15","24920485","24920562","25","4540335"
"chr10","20426656","20426949","chr5","37926491","37926783","50","17499835"
"chr10","20451431","20451729","chr5","37902121","37902416","33","17450690"
"chr10","20460942","20461124","chr10","48552161","48552342","42","28091219"
"chr10","20488812","20489084","chr1","148546519","148546798","51","128057707"
"chr10","20551602","20551888","chr22","35858140","35858429","52","15306538"
"chr10","20553183","20553412","chr9","100425750","100425972","63","79872567"
"chr10","20556337","20556625","chr5","158518457","158518746","47","137962120"
"chr10","20591217","20591495","chrX","121377455","121377738","52","100786238"
"chr10","20619740","20619903","chr9","36057756","36057915","34","15438016"
"chr10","20644710","20645028","chr5","55380182","55380490","56","34735472"
"chr10","20671075","20671358","chr17","16847896","16848175","53","3823179"
"chr10","20683858","20684143","chr5","37690889","37691186","51","17007031"
"chr10","20697256","20697549","chr22","31312902","31313193","49","10615646"
"chr10","20762607","20762899","chr12","82715784","82716082","47","61953177"
"chr10","20792575","20792881","chr7","67355562","67355869","53","46562987"
"chr10","20833826","20834056","chr5","37525013","37525240","46","16691187"
"chr10","20834383","20834426","chr8","97260104","97260146","11","76425721"
"chr10","20844238","20844543","chr2","71331505","71331809","47","50487267"
"chr10","20870762","20871078","chr1","66795501","66795806","86","45924739"
"chr10","20920674","20920992","chr5","37424260","37424561","57","16503586"
"chr10","20952763","20953077","chr7","41509643","41509945","65","20556880"
"chr10","20958520","20958801","chr6","134864546","134864828","42","113906026"
"chr10","21041735","21041965","chr7","53715225","53715442","42","32673490"
"chr10","21044819","21045116","chr2","1572464","1572757","40","19472355"
"chr10","21059112","21059408","chr3","125727711","125728005","54","104668599"
"chr10","21319534","21319853","chr5","36992852","36993173","44","15673318"
"chr10","21359595","21359902","chr2","146982644","146982948","49","125623049"
"chr10","21385651","21385960","chr10","21024965","21025274","49","360686"
"chr10","21614011","21614299","chr14","915738","916038","55","20698273"
"chr10","21807778","21808098","chr11","28125301","28125613","58","6317523"
"chr10","22058410","22058702","chr2","18568166","18568442","60","3490244"
"chr10","22320428","22320728","chr7","92221825","92222134","52","69901397"
"chr10","22439958","22440261","chr4","139259106","139259407","45","116819148"
"chr10","22449509","22449819","chr5","35808238","35808548","44","13358729"
"chr10","22717646","22717953","chr5","35544346","35544648","39","12826700"
"chr10","22796491","22796777","chr5","35463088","35463374","36","12666597"
"chr10","22843552","22843653","chr10","118139021","118139126","16","95295469"
"chr10","22855072","22855373","chr8","12495051","12495338","51","10360021"
"chr10","22861447","22861756","chr2","146982644","146982948","51","124121197"
"chr10","22950901","22951209","chr5","35307808","35308110","38","12356907"
"chr10","22956841","22957141","chr1","140713382","140713685","61","117756541"
"chr10","22985133","22985241","chr2","94061242","94061349","17","71076109"
"chr10","23117145","23117288","chr6","118376492","118376635","34","95259347"
"chr10","23119562","23119856","chr5","141618531","141618824","53","118498969"
"chr10","23124049","23124332","chr1","36168996","36169298","57","13044947"
"chr10","23132290","23132591","chr12","28744008","28744308","45","5611718"
"chr10","23133350","23133654","chr5","113941851","113942164","56","90808501"
"chr10","23137857","23138145","chr5","35103940","35104236","41","11966083"
"chr10","23138380","23138688","chr11","116346925","116347227","45","93208545"
"chr10","23184178","23184456","chr5","35055547","35055822","41","11871369"
"chr10","23187085","23187366","chrX","53761966","53762246","48","30574881"
"chr10","23226025","23226329","chrX","141612449","141612748","58","118386424"
"chr10","23232300","23232598","chr5","141618531","141618824","48","118386231"
"chr10","23275108","23275372","chr5","34927350","34927632","50","11652242"
"chr10","23286642","23286943","chr15","61826239","61826536","46","38539597"
"chr10","23502102","23502403","chr7","70074333","70074637","50","46572231"
"chr10","23537391","23537682","chr6","119011301","119011592","41","95473910"
"chr10","23670625","23670916","chr12","51315090","51315385","42","27644465"
"chr10","24032670","24032967","chr5","34174958","34175255","39","10142288"
"chr10","24247716","24248012","chr10","99483273","99483561","52","75235557"
"chr10","24249367","24249645","chr4","106702443","106702725","41","82453076"
"chr10","24311516","24311815","chr15","80055098","80055397","50","55743582"
"chr10","24468845","24469135","chr5","33763542","33763814","53","9294697"
"chr10","24578538","24578849","chr5","55380182","55380490","53","30801644"
"chr10","24760197","24760512","chr9","101210178","101210488","55","76449981"
"chr10","24797963","24798275","chr2","146982644","146982948","58","122184681"
"chr10","24824571","24824866","chr14","81589453","81589747","45","56764882"
"chr10","24956704","24956818","chr1","205933415","205933532","20","180976711"
"chr10","25034266","25034565","chr1","172219779","172220075","53","147185513"
"chr10","25098273","25098558","chrX","40344797","40345081","44","15246524"
"chr10","25172566","25172837","chr1","200518150","200518420","51","175345584"
"chr10","25173732","25174035","chr10","7410350","7410658","55","17763382"
"chr10","25394316","25394619","chrX","102567580","102567888","39","77173264"
"chr10","25401083","25401142","chr7","91862590","91862650","13","66461507"
"chr10","25401199","25401498","chr5","32794725","32795024","38","7393526"
"chr10","25414245","25414554","chr7","70375823","70376126","57","44961578"
"chr10","25446466","25446764","chr17","9171207","9171505","43","16275259"
"chr10","25595608","25595915","chr19","17448176","17448478","46","8147432"
"chr10","25679542","25679858","chr5","41846454","41846751","60","16166912"
"chr10","25680701","25680908","chr5","32525293","32525480","45","6844592"
"chr10","25706396","25706564","chr7","82210501","82210665","21","56504105"
"chr10","25721266","25721548","chr5","122214099","122214380","38","96492833"
"chr10","25726574","25726865","chr5","32486093","32486375","39","6759519"
"chr10","25741952","25742267","chr7","18874852","18875163","67","6867100"
"chr10","25749708","25750007","chr5","93075725","93076019","50","67326017"
"chr10","25763536","25763842","chr3","117540807","117541109","54","91777271"
"chr10","25794330","25794427","chr5","32410060","32410155","12","6615730"
"chr10","25795289","25795421","chr5","32409087","32409211","23","6613798"
"chr10","25807203","25807525","chr7","70375823","70376126","66","44568620"
"chr10","25841537","25841842","chr14","52044721","52045023","46","26203184"
"chr10","25902219","25902497","chr11","115294455","115294737","42","89392236"
"chr10","25932919","25933187","chr2","36962442","36962702","50","11029523"
"chr10","25957077","25957401","chr15","37932298","37932608","56","11975221"
"chr10","25981227","25981504","chr5","32225193","32225469","40","6243966"
"chr10","25997688","25998006","chr20","20348077","20348385","44","5649611"
"chr10","26111810","26112095","chr5","121931995","121932269","58","95820185"
"chr10","26230848","26230905","chr7","54819198","54819253","7","28588350"
"chr10","26240972","26241270","chr19","23703813","23704099","91","2537159"
"chr10","26339674","26339938","chr3","106564757","106565021","50","80225083"
"chr10","26389835","26389996","chr5","31803076","31803242","25","5413241"
"chr10","26446741","26446984","chr15","28545597","28545868","61","2098856"
"chr10","26461254","26461562","chr18","2673991","2674299","48","23787263"
"chr10","26498218","26498520","chr2","203225383","203225677","47","176727165"
"chr10","26527911","26528002","chr5","110777858","110777949","14","84249947"
"chr10","26572121","26572407","chrX","40344797","40345081","46","13772676"
"chr10","26573393","26573693","chr9","99689476","99689778","50","73116083"
"chr10","26597314","26597519","chr5","31569940","31570154","34","4972626"
"chr10","26603288","26603581","chr7","25925292","25925587","46","677996"
"chr10","26625374","26625678","chr21","44694630","44694929","44","18069256"
"chr10","26649042","26649115","chr5","31515312","31515386","12","4866270"
"chr10","26670332","26670638","chrX","63118288","63118597","45","36447956"
"chr10","26691207","26691522","chr4","17518722","17519032","53","9172485"
"chr10","26960197","26960484","chr8","91418355","91418645","51","64458158"
"chr10","26960569","26960874","chr7","88697458","88697764","40","61736889"
"chr10","26968637","26968921","chr8","11597419","11597690","53","15371218"
"chr10","26984656","26984941","chr1","153470615","153470900","46","126485959"
"chr10","27003631","27003729","chr9","35721769","35721865","15","8718138"
"chr10","27015948","27016238","chr7","25925292","25925587","41","1090656"
"chr10","27028225","27028519","chr10","13670605","13670898","43","13357620"
"chr10","27067293","27067607","chr2","1940205","1940517","52","25127088"
"chr10","27073352","27073650","chr13","95836072","95836367","39","68762720"
"chr10","27076267","27076535","chr6","53215535","53215806","59","26139268"
"chr10","27080167","27080453","chr12","64546985","64547274","35","37466818"
"chr10","27086148","27086379","chr1","167087506","167087729","51","140001358"
"chr10","27161507","27161819","chr5","182084","182389","48","26979423"
"chr10","27164470","27164762","chr2","203225383","203225677","43","176060913"
"chr10","27187632","27187917","chr1","77745311","77745604","53","50557679"
"chr10","27190485","27190615","chr13","43433121","43433253","19","16242636"
"chr10","27201983","27202305","chr15","20430399","20430696","74","6771584"
"chr10","27240173","27240275","chr6","111464143","111464250","23","84223970"
"chr10","27242582","27242877","chr6","21900972","21901278","58","5341610"
"chr10","27257376","27257676","chr22","38966910","38967209","40","11709534"
"chr10","27287873","27288175","chr5","290564","290856","43","26997309"
"chr10","27295045","27295336","chr12","49192241","49192521","53","21897196"
"chr10","27344101","27344402","chr4","30648483","30648788","53","3304382"
"chr10","27350234","27350545","chrX","64172412","64172721","42","36822178"
"chr10","27356026","27356330","chr4","139259106","139259407","59","111903080"
"chr10","27356652","27356894","chr4","132194279","132194518","48","104837627"
"chr10","27365888","27366139","chr5","123404244","123404496","44","96038356"
"chr10","27380383","27380668","chr5","392905","393191","43","26987478"
"chr10","27401936","27402167","chr5","422562","422791","40","26979374"
"chr10","27410102","27410371","chr5","114230311","114230585","48","86820209"
"chr10","27441541","27441843","chr5","82336326","82336611","62","54894785"
"chr10","27539848","27540024","chr5","561001","561171","27","26978847"
"chr10","27568636","27568950","chr5","88675295","88675605","47","61106659"
"chr10","27589878","27590165","chr6","57780653","57780942","63","30190775"
"chr10","27592040","27592114","chr5","5036034","5036111","10","22556006"
"chr10","27616154","27616416","chr2","33495117","33495388","62","5878963"
"chr10","27620762","27620927","chr18","1300553","1300716","28","26320209"
"chr10","27662611","27662900","chr14","83420159","83420454","47","55757548"
"chr10","27737717","27738016","chr5","116663888","116664187","48","88926171"
"chr10","27760545","27760860","chr7","70375823","70376126","54","42615278"
"chr10","27777061","27777355","chr5","807773","808065","42","26969288"
"chr10","27787388","27787710","chr5","818102","818428","37","26969286"
"chr10","27830403","27830590","chr5","859793","859976","29","26970610"
"chr10","27940218","27940474","chr2","71323976","71324219","49","43383758"
"chr10","28004973","28005278","chrX","63118288","63118597","41","35113315"
"chr10","28054005","28054319","chr5","1076646","1076956","44","26977359"
"chr10","28079597","28079905","chr5","1102865","1103166","50","26976732"
"chr10","28117052","28117349","chr5","116663888","116664187","44","88546836"
"chr10","28119772","28120070","chr7","43410099","43410387","54","15290327"
"chr10","28131304","28131588","chr2","134890220","134890504","41","106758916"
"chr10","28190068","28190236","chr9","40994459","40994619","38","12804391"
"chr10","28194781","28195072","chr5","5511518","5511810","36","22683263"
"chr10","28216879","28217182","chr14","32553436","32553738","43","4336557"
"chr10","28261970","28262268","chr5","50537784","50538079","49","22275814"
"chr10","28290895","28291144","chr5","1299902","1300140","37","26990993"
"chr10","28346942","28347229","chr18","1961735","1962018","56","26385207"
"chr10","28351730","28351966","chr5","44606303","44606540","40","16254573"
"chr10","28452660","28452927","chr5","156873406","156873667","69","128420746"
"chr10","28460068","28460366","chr20","13064867","13065155","59","15395201"
"chr10","28494270","28494318","chr9","103757385","103757432","9","75263115"
"chr10","28505240","28505526","chr5","81510499","81510782","67","53005259"
"chr10","28505529","28505664","chr5","10559689","10559821","16","17945840"
"chr10","28617841","28618125","chr3","19993966","19994253","50","8623875"
"chr10","28671275","28671565","chr2","8751364","8751656","40","19919911"
"chr10","28675850","28676133","chr1","107171448","107171731","62","78495598"
"chr10","28701829","28702121","chr1","156644747","156645035","40","127942918"
"chr10","28713036","28713182","chr7","10811943","10812091","21","17901093"
"chr10","28763377","28763660","chr6","119828722","119829002","48","91065345"
"chr10","28784181","28784481","chr5","116663888","116664187","46","87879707"
"chr10","28787599","28787844","chr20","23251694","23251945","51","5535905"
"chr10","28792951","28793033","chr20","42185116","42185193","19","13392165"
"chr10","28797402","28797701","chr5","1841834","1842126","39","26955568"
"chr10","28800379","28800642","chr22","10884292","10884554","43","17916087"
"chr10","28802864","28803156","chr5","47230366","47230657","36","18427502"
"chr10","28805285","28805582","chr6","17854050","17854340","46","10951235"
"chr10","28813111","28813285","chr10","102146068","102146237","29","73332957"
"chr10","28823585","28823892","chr1","175759179","175759474","60","146935594"
"chr10","28834161","28834455","chr22","31312902","31313193","49","2478741"
"chr10","28837561","28837879","chr5","1889814","1890115","49","26947747"
"chr10","28982638","28982858","chr12","10019722","10019950","46","18962916"
"chr10","28991344","28991644","chr8","29283402","29283703","48","292058"
"chr10","29000783","29001076","chr6","119011301","119011592","48","90010518"
"chr10","29003419","29003534","chr5","94051577","94051692","15","65048158"
"chr10","29080038","29080309","chr2","145079608","145079884","50","115999570"
"chr10","29083018","29083314","chr7","33547338","33547635","39","4464320"
"chr10","29095912","29096198","chr7","48973045","48973333","48","19877133"
"chr10","29149465","29149773","chr5","2193404","2193714","39","26956061"
"chr10","29168010","29168306","chr5","139889919","139890213","50","110721909"
"chr10","29175482","29175783","chr4","30648483","30648788","43","1473001"
"chr10","29181649","29181909","chr5","2229054","2229316","45","26952595"
"chr10","29184588","29184711","chr2","65349063","65349187","19","36164475"
"chr10","29200325","29200572","chr5","25053411","25053658","53","4146914"
"chr10","29258946","29259236","chr6","119011301","119011592","53","89752355"
"chr10","29308328","29308611","chr2","137499546","137499827","51","108191218"
"chr10","29314712","29315016","chr22","42274761","42275058","45","12960049"
"chr10","29333776","29333944","chr5","2385763","2385926","26","26948013"
"chr10","29345347","29345636","chr5","2399396","2399688","42","26945951"
"chr10","29382871","29383177","chr7","87384353","87384653","50","58001482"
"chr10","29412177","29412474","chr5","2468877","2469177","38","26943300"
"chr10","29420636","29420768","chr2","31690766","31690900","21","2270130"
"chr10","29428577","29428704","chr9","44740587","44740719","15","15312010"
"chr10","29437872","29438159","chr5","65296228","65296517","52","35858356"
"chr10","29482977","29483281","chr6","118242438","118242738","59","88759461"
"chr10","29486820","29487104","chr5","139889919","139890213","44","110403099"
"chr10","29526292","29526563","chr6","47776710","47776988","66","18250418"
"chr10","29548168","29548248","chr14","68686729","68686808","16","39138561"
"chr10","29548987","29549173","chr7","30361938","30362106","48","812951"
"chr10","29575456","29575590","chr15","14269537","14269658","31","15305919"
"chr10","29630084","29630398","chr5","2688790","2689081","56","26941294"
"chr10","29643227","29643554","chr5","4594332","4594638","61","25048895"
"chr10","29651365","29651656","chr19","43659630","43659919","48","14008265"
"chr10","29664116","29664391","chr2","67188298","67188565","45","37524182"
"chr10","29665273","29665571","chr3","112538165","112538465","50","82872892"
"chr10","29719689","29719967","chr5","2780431","2780704","41","26939258"
"chr10","29756131","29756210","chr15","81323782","81323865","19","51567651"
"chr10","29779905","29780192","chr12","100817634","100817942","54","71037729"
"chr10","29781581","29781875","chr21","44694630","44694929","51","14913049"
"chr10","29784646","29784942","chr7","136610494","136610788","58","106825848"
"chr10","29785540","29785840","chr22","5265518","5265816","43","24520022"
"chr10","29813663","29813915","chr22","48665240","48665492","57","18851577"
"chr10","29820277","29820547","chr5","2879264","2879533","50","26941013"
"chr10","29837142","29837433","chr12","79497897","79498186","48","49660755"
"chr10","29846439","29846605","chr5","2903511","2903678","22","26942928"
"chr10","29857480","29857791","chr19","31863283","31863592","56","2005803"
"chr10","29875324","29875525","chr22","2602482","2602650","67","27272842"
"chr10","29881422","29881721","chr10","22665922","22666223","47","7215500"
"chr10","29885104","29885408","chr7","85080523","85080815","57","55195419"
"chr10","29915954","29916033","chr17","9960491","9960574","12","19955463"
"chr10","29938373","29938628","chr4","109741555","109741810","45","79803182"
"chr10","29952117","29952463","chr5","3008035","3008346","89","26944082"
"chr10","29970564","29970863","chr13","63475135","63475429","63","33504571"
"chr10","30025568","30025854","chr1","186610138","186610422","48","156584570"
"chr10","30048822","30048971","chr5","81141332","81141480","24","51092510"
"chr10","30062023","30062176","chr7","89154887","89155039","36","59092864"
"chr10","30085360","30085537","chr9","14473384","14473561","29","15611976"
"chr10","30190273","30190559","chr12","15538273","15538557","51","14652000"
"chr10","30222093","30222408","chr5","78565303","78565608","43","48343210"
"chr10","30272524","30272824","chr5","3340938","3341243","41","26931586"
"chr10","30288601","30288883","chr12","4272354","4272635","50","26016247"
"chr10","30298888","30299198","chr6","21900972","21901278","57","8397916"
"chr10","30353973","30354090","chr20","11258022","11258131","20","19095951"
"chr10","30360220","30360505","chrX","40344797","40345081","39","9984577"
"chr10","30435358","30435647","chr5","3493901","3494181","41","26941457"
"chr10","30448281","30448474","chrX","139246899","139247072","41","108798618"
"chr10","30455543","30455853","chr11","28125301","28125613","54","2330242"
"chr10","30456816","30457119","chr2","172222503","172222805","66","141765687"
"chr10","30478707","30479005","chr5","93075725","93076019","43","62597018"
"chr10","30542513","30542810","chr5","3621708","3621997","42","26920805"
"chr10","30585065","30585213","chr5","3662794","3662955","27","26922271"
"chr10","30586861","30587087","chr8","47857603","47857841","52","17270742"
"chr10","30595159","30595471","chr15","24475802","24476110","52","6119357"
"chr10","30596350","30596628","chr22","38654238","38654519","49","8057888"
"chr10","30641025","30641318","chr9","10921587","10921886","61","19719438"
"chr10","30649681","30649977","chr7","33547338","33547635","46","2897657"
"chr10","30649979","30650099","chr9","108671454","108671572","22","78021475"
"chr10","30654650","30654681","chr3","81093948","81093982","6","50439298"
"chr10","30666441","30666714","chr4","61878900","61879168","53","31212459"
"chr10","30679904","30680198","chrX","46464393","46464684","52","15784489"
"chr10","30759466","30759767","chr3","52365996","52366297","42","21606530"
"chr10","30794829","30794991","chr18","36312570","36312735","25","5517741"
"chr10","30840669","30840801","chr11","120625719","120625851","16","89785050"
"chr10","30868510","30868768","chr2","36962442","36962702","57","6093932"
"chr10","30887766","30888071","chr5","83138079","83138381","44","52250313"
"chr10","30911630","30911927","chr5","64266316","64266614","50","33354686"
"chr10","30916087","30916392","chr5","136059619","136059920","51","105143532"
"chr10","30942935","30943234","chrX","45563978","45564273","43","14621043"
"chr10","31024840","31025137","chr5","65296228","65296517","45","34271388"
"chr10","31163635","31163949","chr16","73125874","73126190","56","41962239"
"chr10","31170249","31170374","chr16","85417681","85417804","27","54247432"
"chr10","31178537","31178659","chr7","107505166","107505289","19","76326629"
"chr10","31187621","31187925","chr2","59626990","59627287","55","28439369"
"chr10","31210540","31210845","chrX","16621339","16621640","51","14589201"
"chr10","31234465","31234596","chr5","10559689","10559821","19","20674776"
"chr10","31244487","31244787","chr7","40744500","40744801","45","9500013"
"chr10","31287270","31287588","chr20","3758100","3758408","51","27529170"
"chr10","31287610","31287795","chr10","34797936","34798120","34","3510326"
"chr10","31301953","31302122","chr9","36057756","36057915","37","4755803"
"chr10","31302268","31302558","chr5","4417402","4417704","49","26884866"
"chr10","31310276","31310476","chr5","82210611","82210812","51","50900335"
"chr10","31395355","31395457","chr3","21001103","21001203","21","10394252"
"chr10","31398786","31399093","chr15","24029162","24029466","51","7369624"
"chr10","31446917","31447205","chr2","18967756","18968049","38","12479161"
"chr10","31454890","31455168","chr13","10247200","10247479","38","21207690"
"chr10","31469224","31469515","chr11","61791687","61791981","51","30322463"
"chr10","31503619","31503939","chr7","45596357","45596667","59","14092738"
"chr10","31505421","31505660","chr2","128565544","128565781","42","97060123"
"chr10","31509461","31509747","chr9","25525997","25526295","47","5983464"
"chr10","31511188","31511499","chr5","116663888","116664187","62","85152700"
"chr10","31528861","31529155","chr6","140581095","140581398","48","109052234"
"chr10","31638739","31639039","chr4","109688568","109688861","43","78049829"
"chr10","31680745","31681021","chr5","4806367","4806628","48","26874378"
"chr10","31770778","31771065","chr6","57780653","57780942","42","26009875"
"chr10","31779913","31780198","chr5","4912676","4912966","44","26867237"
"chr10","31787058","31787164","chr2","94061242","94061349","19","62274184"
"chr10","31853687","31853991","chr5","4980628","4980945","53","26873059"
"chr10","31861723","31861985","chr11","21257745","21258010","55","10603978"
"chr10","31878909","31879217","chr9","110062644","110062956","48","78183735"
"chr10","31884814","31885119","chrX","17705039","17705341","48","14179775"
"chr10","31893243","31893427","chr9","30592969","30593152","26","1300274"
"chr10","31894476","31894685","chr5","109421126","109421332","36","77526650"
"chr10","31901740","31902042","chrUn_GL286217","143262","143564","43","31758478"
"chr10","31903555","31903755","chr8","11528826","11529026","36","20374729"
"chr10","31908982","31909289","chr10","100757276","100757573","50","68848294"
"chr10","31932232","31932524","chr7","54715110","54715403","41","22782878"
"chr10","31941546","31941853","chr5","5080102","5080414","53","26861444"
"chr10","31953775","31954074","chr5","37902121","37902416","44","5948346"
"chr10","32035840","32036144","chrUn_GL286217","143262","143564","46","31892578"
"chr10","32043862","32044170","chr7","120468697","120468997","44","88424835"
"chr10","32057421","32057723","chr15","39981685","39981986","46","7924264"
"chr10","32123918","32124201","chr11","21274347","21274628","47","10849571"
"chr10","32166935","32167231","chr7","25925292","25925587","43","6241643"
"chr10","32199763","32200044","chr14","13871396","13871677","34","18328367"
"chr10","32218515","32218815","chr7","74579378","74579682","44","42360863"
"chr10","32369476","32369770","chr5","5528850","5529153","51","26840626"
"chr10","32418444","32418728","chr16","6722403","6722693","56","25696041"
"chr10","32455487","32455645","chr12","86676122","86676282","30","54220635"
"chr10","32467105","32467413","chr5","5631032","5631330","55","26836073"
"chr10","32478264","32478553","chr12","27162707","27162997","55","5315557"
"chr10","32496115","32496382","chr8","6469512","6469784","50","26026603"
"chr10","32500161","32500452","chr12","51888773","51889064","45","19388612"
"chr10","32523848","32524012","chr1","157150821","157150983","30","124626973"
"chr10","32524868","32524955","chr16","8731789","8731881","19","23793079"
"chr10","32561498","32561797","chr2","71331505","71331809","42","38770007"
"chr10","32599275","32599559","chr5","121931995","121932269","56","89332720"
"chr10","32693377","32693671","chr4","20208139","20208426","58","12485238"
"chr10","32706167","32706472","chr2","71331505","71331809","54","38625338"
"chr10","32738882","32739181","chr5","50537784","50538079","54","17798902"
"chr10","32767082","32767335","chr6","22652998","22653243","47","10114084"
"chr10","32767452","32767493","chr8","97260104","97260146","9","64492652"
"chr10","32791726","32792037","chr15","96456872","96457177","51","63665146"
"chr10","32821001","32821135","chr6","40412798","40412931","22","7591797"
"chr10","32897180","32897322","chr7","106031716","106031860","25","73134536"
"chr10","32942451","32942503","chr9","58005342","58005393","3","25062891"
"chr10","33036722","33037023","chr5","2048028","2048328","47","30988694"
"chr10","33154034","33154333","chr19","42859948","42860247","45","9705914"
"chr10","33193799","33194107","chr5","78441297","78441601","45","45247498"
"chr10","33215992","33216297","chr5","59461001","59461310","45","26245009"
"chr10","33343660","33343949","chr14","96507520","96507814","50","63163860"
"chr10","33378948","33379114","chr3","188300067","188300229","25","154921119"
"chr10","33393349","33393413","chr9","65316074","65316143","14","31922725"
"chr10","33406321","33406644","chr10","100757276","100757573","60","67350955"
"chr10","33424037","33424329","chr2","147728720","147729015","47","114304683"
"chr10","33430171","33430467","chr7","130411963","130412259","49","96981792"
"chr10","33470592","33470866","chr7","137412984","137413261","51","103942392"
"chr10","33528504","33528811","chr5","6639787","6640088","43","26888717"
"chr10","33569330","33569629","chr21","41287096","41287394","47","7717766"
"chr10","33585436","33585625","chr10","34797936","34798120","31","1212500"
"chr10","33595718","33596011","chr8","841978","842272","52","32753740"
"chr10","33605902","33606186","chr5","72172398","72172669","57","38566496"
"chr10","33641750","33641982","chr22","16305959","16306179","46","17335791"
"chr10","33651778","33652083","chr5","6750754","6751060","36","26901024"
"chr10","33656513","33656767","chr11","116161081","116161338","43","82504568"
"chr10","33689119","33689410","chr12","107125942","107126232","39","73436823"
"chr10","33759750","33760055","chr8","110783252","110783554","50","77023502"
"chr10","33766574","33766864","chr2","18967756","18968049","53","14798818"
"chr10","33859329","33859634","chr16","69161611","69161921","58","35302282"
"chr10","33880789","33881132","chr5","6182454","6182750","80","27698335"
"chr10","33901078","33901373","chr10","13670605","13670898","44","20230473"
"chr10","33970276","33970581","chrX","17705039","17705341","45","16265237"
"chr10","34074203","34074525","chr5","7163341","7163655","38","26910862"
"chr10","34102280","34102584","chr9","108561006","108561303","44","74458726"
"chr10","34207290","34207596","chr5","7334023","7334319","49","26873267"
"chr10","34235637","34235811","chr13","94538769","94538947","32","60303132"
"chr10","34296358","34296656","chr15","76692381","76692681","42","42396023"
"chr10","34488158","34488465","chr19","11713191","11713490","63","22774967"
"chr10","34593580","34593794","chr5","7610943","7611157","28","26982637"
"chr10","34745400","34745707","chr5","7765508","7765833","57","26979892"
"chr10","34747298","34747607","chr9","101210178","101210488","46","66462880"
"chr10","34778271","34778568","chr5","7799063","7799364","43","26979208"
"chr10","34809399","34809720","chr10","26788124","26788422","57","8021275"
"chr10","34835343","34835647","chr5","7858940","7859239","49","26976403"
"chr10","34931767","34932011","chr18","9047636","9047885","54","25884131"
"chr10","34993034","34993314","chr3","138105261","138105559","55","103112227"
"chr10","35010527","35010632","chr12","101629664","101629768","13","66619137"
"chr10","35048116","35048408","chr7","137412984","137413261","52","102364868"
"chr10","35056906","35057213","chr5","8093455","8093756","39","26963451"
"chr10","35070370","35070654","chr3","160134716","160134998","63","125064346"
"chr10","35085951","35086242","chr2","2218970","2219260","48","32866981"
"chr10","35090108","35090408","chr2","13494397","13494696","43","21595711"
"chr10","35097010","35097072","chr7","4980071","4980133","10","30116939"
"chr10","35104894","35105200","chr8","86418171","86418472","62","51313277"
"chr10","35189191","35189495","chr2","12763386","12763696","52","22425805"
"chr10","35214875","35215160","chr12","88708255","88708546","61","53493380"
"chr10","35295917","35296160","chr2","127594115","127594351","56","92298198"
"chr10","35307818","35308150","chr9","110062644","110062956","68","74754826"
"chr10","35338485","35338646","chr11","71165013","71165175","29","35826528"
"chr10","35378216","35378503","chr11","77965713","77965999","48","42587497"
"chr10","35411978","35412256","chr13","10247200","10247479","48","25164778"
"chr10","35514089","35514369","chr19","31366058","31366340","44","4148031"
"chr10","35538831","35539118","chr7","30907560","30907847","58","4631271"
"chr10","35622077","35622434","chr9","43244134","43244473","80","7622057"
"chr10","35639093","35639284","chr9","98999410","98999593","47","63360317"
"chr10","35713886","35713938","chr18","41967662","41967715","7","6253776"
"chr10","35755441","35755702","chr9","110829243","110829512","57","75073802"
"chr10","35798118","35798417","chrUn_GL286217","143262","143564","48","35654856"
"chr10","35802709","35802990","chr9","91515263","91515545","55","55712554"
"chr10","35857753","35858056","chr2","203225383","203225677","57","167367630"
"chr10","35861154","35861217","chr1","37273886","37273949","11","1412732"
"chr10","35872606","35872834","chr8","25894458","25894686","40","9978148"
"chr10","35886123","35886419","chr15","38910043","38910338","32","3023920"
"chr10","35910672","35910983","chr4","17919516","17919823","46","17991156"
"chr10","35918386","35918499","chr7","84667714","84667825","18","48749328"
"chr10","35927594","35927885","chr5","116663888","116664187","55","80736294"
"chr10","35943201","35943504","chr7","58652622","58652923","51","22709421"
"chr10","35957195","35957496","chr16","71570137","71570438","48","35612942"
"chr10","35963662","35963953","chr12","1917717","1918009","47","34045945"
"chr10","36006211","36006313","chr9","45482992","45483094","15","9476781"
"chr10","36051601","36051906","chr7","62486081","62486384","49","26434480"
"chr10","36076471","36076764","chr13","57884093","57884384","44","21807622"
"chr10","36095295","36095599","chr5","9096585","9096885","48","26998710"
"chr10","36128683","36128977","chr1","77745311","77745604","37","41616628"
"chr10","36132098","36132397","chr18","38605998","38606288","43","2473900"
"chr10","36135890","36136189","chr19","43659630","43659919","51","7523740"
"chr10","36157343","36157644","chrX","16621339","16621640","41","19536004"
"chr10","36208223","36208525","chr10","5304587","5304889","45","30903636"
"chr10","36213151","36213454","chrUn_GL286409","375410","375711","58","35837741"
"chr10","36228942","36229077","chr19","3976115","3976245","16","32252827"
"chr10","36245490","36245773","chr14","90818497","90818784","52","54573007"
"chr10","36293264","36293573","chr14","69866837","69867141","49","33573573"
"chr10","36311910","36312207","chr5","52354369","52354662","45","16042459"
"chr10","36318057","36318362","chr7","66759838","66760136","46","30441781"
"chr10","36362580","36362881","chr2","13919309","13919605","46","22443271"
"chr10","36419172","36419467","chr5","9400888","9401170","48","27018284"
"chr10","36495585","36495921","chr5","8695255","8695585","67","27800330"
"chr10","36518980","36519266","chr12","107125942","107126232","47","70606962"
"chr10","36572815","36572995","chr5","9588908","9589091","26","26983907"
"chr10","36573959","36574258","chr18","5071565","5071862","41","31502394"
"chr10","36574627","36574907","chr12","26527847","26528114","51","10046780"
"chr10","36633894","36634007","chr3","121180061","121180167","20","84546167"
"chr10","36685482","36685773","chr5","9708419","9708692","46","26977063"
"chr10","36708352","36708654","chr7","120468697","120468997","57","83760345"
"chr10","36859328","36859361","chr22","1847799","1847831","3","35011529"
"chr10","36976066","36976154","chr2","130459575","130459659","14","93483509"
"chr10","36991154","36991374","chr2","21530661","21530876","32","15460493"
"chr10","37036753","37037046","chr20","32254809","32255104","52","4781944"
"chr10","37078212","37078420","chr5","10091496","10091703","34","26986716"
"chr10","37113264","37113569","chr5","10127218","10127520","46","26986046"
"chr10","37154176","37154478","chr6","117332912","117333211","45","80178736"
"chr10","37238117","37238423","chr5","114223635","114223941","55","76985518"
"chr10","37242956","37243239","chr5","10228297","10228584","32","27014659"
"chr10","37386997","37387303","chr9","45325979","45326278","48","7938982"
"chr10","37497153","37497435","chr2","36042210","36042508","73","1454943"
"chr10","37601444","37601708","chrX","21519148","21519414","52","16082296"
"chr10","37719072","37719176","chr1","164376802","164376909","21","126657730"
"chr10","37773134","37773449","chr5","802010","802319","47","36971124"
"chr10","37798024","37798332","chr9","69074431","69074735","54","31276407"
"chr10","37826367","37826407","chr16","95147987","95148025","6","57321620"
"chr10","37830460","37830516","chr19","37724532","37724585","10","105928"
"chr10","37831788","37832097","chr13","97504784","97505088","43","59672996"
"chr10","37874868","37875156","chr10","35328937","35329229","42","2545931"
"chr10","37877522","37877827","chr5","10836382","10836675","47","27041140"
"chr10","37883260","37883327","chr9","122835192","122835265","19","84951932"
"chr10","37883651","37883828","chr12","51028376","51028549","41","13144725"
"chr10","37901707","37901963","chr6","139927334","139927588","44","102025627"
"chr10","37913754","37914035","chr2","17686816","17687098","46","20226938"
"chr10","37914431","37914696","chr5","84224125","84224390","49","46309694"
"chr10","37959363","37959456","chr4","110642008","110642097","15","72682645"
"chr10","37989268","37989554","chrX","121428429","121428717","48","83439161"
"chr10","38013649","38013943","chr5","523629","523928","56","37490020"
"chr10","38014478","38014595","chr2","9983560","9983675","18","28030918"
"chr10","38017394","38017689","chr2","150624041","150624344","53","112606647"
"chr10","38024123","38024441","chr5","6631621","6631933","52","31392502"
"chr10","38031107","38031405","chr1","13807754","13808053","39","24223353"
"chr10","38034529","38034845","chr4","139259106","139259407","54","101224577"
"chr10","38040192","38040524","chr13","43874834","43875162","69","5834642"
"chr10","38126630","38126910","chr2","2218970","2219260","50","35907660"
"chr10","38236515","38236791","chr1","180589014","180589283","68","142352499"
"chr10","38298331","38298398","chr13","5578486","5578550","15","32719845"
"chr10","38331545","38331831","chr5","11233382","11233674","44","27098163"
"chr10","38388808","38389115","chr5","11295178","11295484","45","27093630"
"chr10","38397562","38397873","chr12","105081170","105081479","62","66683608"
"chr10","38406024","38406246","chr19","24041247","24041463","44","14364777"
"chr10","38416429","38416734","chr9","98911910","98912215","57","60495481"
"chr10","38426556","38426858","chr18","9940912","9941208","44","28485644"
"chr10","38436536","38436618","chr5","11341940","11342021","7","27094596"
"chr10","38441113","38441162","chr6","22108963","22109011","3","16332150"
"chr10","38441163","38441260","chr4","110642008","110642097","18","72200845"
"chr10","38459184","38459480","chr12","27245583","27245874","47","11213601"
"chr10","38482909","38483211","chr5","11384575","11384864","51","27098334"
"chr10","38506313","38506617","chr2","54692894","54693183","56","16186581"
"chr10","38526926","38527049","chr9","40018024","40018148","21","1491098"
"chr10","38530857","38531011","chr7","103034772","103034920","32","64503915"
"chr10","38531550","38531631","chr5","11341940","11342021","18","27189610"
"chr10","38532242","38532276","chr8","97260104","97260146","12","58727862"
"chr10","38534740","38535022","chr8","117171139","117171420","55","78636399"
"chr10","38545179","38545270","chr10","98329054","98329150","12","59783875"
"chr10","38550573","38550668","chr7","97668711","97668790","26","59118138"
"chr10","38553174","38553483","chr5","11439006","11439313","39","27114168"
"chr10","38557072","38557386","chr4","152138638","152138953","49","113581566"
"chr10","38574293","38574528","chr5","11452695","11452929","28","27121598"
"chr10","38592694","38592810","chr9","120467837","120467949","30","81875143"
"chr10","38619985","38620197","chr21","29710061","29710269","45","8909924"
"chr10","38626904","38627200","chr2","167044453","167044751","49","128417549"
"chr10","38675448","38675744","chr9","78923236","78923530","44","40247788"
"chr10","38750050","38750350","chr12","107125942","107126232","42","68375892"
"chr10","38754229","38754531","chr5","11607783","11608080","40","27146446"
"chr10","38756272","38756545","chr5","11609809","11610075","40","27146463"
"chr10","38793308","38793601","chr12","28027046","28027347","62","10766262"
"chr10","38802598","38802916","chr12","87400084","87400394","57","48597486"
"chr10","38837055","38837112","chr10","128535005","128535062","6","89697950"
"chr10","38837228","38837467","chr5","78099242","78099485","44","39262014"
"chr10","38855507","38855565","chr7","40874870","40874927","6","2019363"
"chr10","38870184","38870490","chr3","71082107","71082409","52","32211923"
"chr10","38887219","38887521","chr5","3057174","3057476","47","35830045"
"chr10","39426766","39427088","chr11","113275978","113276290","57","73849212"
"chr10","39611028","39611330","chr8","115903141","115903445","58","76292113"
"chr10","39708721","39709019","chr9","25525997","25526295","42","14182724"
"chr10","40060568","40060868","chr15","71925156","71925456","47","31864588"
"chr10","40405564","40405691","chr11","41834859","41834982","27","1429295"
"chr10","40452597","40452776","chr5","395104","395283","36","40057493"
"chr10","40458059","40458312","chr5","13309862","13310100","63","27148197"
"chr10","40564982","40565266","chr16","41689154","41689445","46","1124172"
"chr10","40567955","40568253","chr9","113160799","113161104","53","72592844"
"chr10","40710299","40710568","chr10","58711416","58711682","52","18001117"
"chr10","40928105","40928402","chr6","119011301","119011592","46","78083196"
"chr10","40989949","40990239","chr6","144170408","144170699","53","103180459"
"chr10","41167673","41167985","chr4","126062982","126063287","57","84895309"
"chr10","41229357","41229665","chr5","14017872","14018157","72","27211485"
"chr10","41341080","41341289","chr13","93457167","93457402","56","52116087"
"chr10","41389364","41389656","chr5","14186271","14186569","42","27203093"
"chr10","41404174","41404493","chr9","35861462","35861781","60","5542712"
"chr10","41490520","41490794","chr8","97925884","97926162","53","56435364"
"chr10","41551505","41551790","chr2","154650890","154651184","46","113099385"
"chr10","41644605","41644873","chr3","106564757","106565021","46","64920152"
"chr10","41693032","41693321","chr5","14502548","14502823","50","27190484"
"chr10","41731853","41731946","chr1","206506573","206506667","13","164774720"
"chr10","41751448","41751732","chr5","62869608","62869907","50","21118160"
"chr10","41752962","41753275","chr5","73075939","73076252","45","31322977"
"chr10","41842476","41842755","chr19","31366058","31366340","53","10476418"
"chr10","41907889","41908147","chr9","44968603","44968868","51","3060714"
"chr10","41993568","41993666","chr20","39110908","39110999","12","2882660"
"chr10","42033249","42033551","chrUn_GL288487","9167","9465","40","42024082"
"chr10","42043975","42044270","chr5","14857429","14857735","45","27186546"
"chr10","42072363","42072402","chr18","13682913","13682954","6","28389450"
"chr10","42093355","42093659","chr5","14907122","14907423","49","27186233"
"chr10","42128443","42128742","chr15","71689652","71689946","49","29561209"
"chr10","42163965","42164237","chr1","144529020","144529286","50","102365055"
"chr10","42411383","42411666","chr4","155605212","155605495","45","113193829"
"chr10","42550688","42551028","chr2","105168087","105168422","61","62617399"
"chr10","42553900","42554201","chr12","82715784","82716082","59","40161884"
"chr10","42588448","42588775","chr1","166601091","166601403","59","124012643"
"chr10","42616191","42616448","chr8","93750596","93750840","53","51134405"
"chr10","42635607","42635753","chr5","15423231","15423384","24","27212376"
"chr10","42768505","42768789","chr5","15548983","15549271","39","27219522"
"chr10","42802079","42802340","chr12","10448291","10448548","47","32353788"
"chr10","43074843","43075155","chr9","122689798","122690105","51","79614955"
"chr10","43086644","43086883","chr5","107736340","107736585","43","64649696"
"chr10","43149140","43149432","chr5","85719381","85719673","66","42570241"
"chr10","43150108","43150414","chr5","15917975","15918281","38","27232133"
"chr10","43181937","43182214","chr5","52276617","52276902","56","9094680"
"chr10","43195050","43195381","chr6","61196580","61196917","90","18001530"
"chr10","43212798","43213091","chr1","150693133","150693426","46","107480335"
"chr10","43242160","43242245","chr15","49302518","49302603","16","6060358"
"chr10","43242935","43243233","chr1","196326596","196326897","56","153083661"
"chr10","43511871","43512188","chr5","16290938","16291247","54","27220933"
"chr10","44421210","44421509","chr3","111477906","111478203","49","67056696"
"chr10","44589818","44590092","chr6","135531665","135531946","52","90941847"
"chr10","44844286","44844552","chr2","171621870","171622138","43","126777584"
"chr10","45196752","45197033","chr17","26598758","26599040","53","18597994"
"chr10","45801275","45801586","chr17","69045271","69045580","57","23243996"
"chr10","45951598","45951748","chr7","86026176","86026325","24","40074578"
"chr10","46106309","46106603","chr5","18938570","18938864","40","27167739"
"chr10","46267924","46268226","chr5","19115665","19115974","48","27152259"
"chr10","46370975","46371061","chr17","27819019","27819104","11","18551956"
"chr10","46371173","46371269","chr9","96555817","96555913","19","50184644"
"chr10","46378981","46379292","chr5","19213571","19213878","48","27165410"
"chr10","46389292","46389493","chr19","39811848","39812044","40","6577444"
"chr10","46401907","46402143","chr19","44917964","44918205","46","1483943"
"chr10","46414759","46415064","chr5","19252717","19253008","49","27162042"
"chr10","46418242","46418538","chr9","101464415","101464709","46","55046173"
"chr10","46496832","46497137","chr12","53501570","53501876","52","7004738"
"chr10","46519539","46519838","chr14","915738","916038","56","45603801"
"chr10","46529093","46529379","chr15","1171970","1172245","53","45357123"
"chr10","46546409","46546709","chr4","54370195","54370493","44","7823786"
"chr10","46560943","46561097","chr9","108921534","108921695","35","62360591"
"chr10","46604967","46605263","chr1","148374165","148374460","44","101769198"
"chr10","46671958","46672242","chr14","101560336","101560618","62","54888378"
"chr10","46703657","46703953","chrUn_GL286435","69026","69328","42","46634631"
"chr10","46711386","46711672","chr11","21274347","21274628","53","25437039"
"chr10","46729942","46730251","chr2","146982644","146982948","48","100252702"
"chr10","46764450","46764744","chr10","48321055","48321354","53","1556605"
"chr10","46847101","46847399","chr5","19671957","19672242","55","27175144"
"chr10","46988325","46988614","chr6","114766941","114767228","59","67778616"
"chr10","47016723","47016995","chr19","23001597","23001870","41","24015126"
"chr10","47247838","47248125","chr8","110543944","110544225","48","63296106"
"chr10","47266637","47266929","chr5","20062349","20062642","44","27204288"
"chr10","47556771","47557081","chr6","21900972","21901278","52","25655799"
"chr10","47674484","47674791","chr18","2673991","2674299","43","45000493"
"chr10","47705988","47706147","chr6","4643155","4643313","25","43062833"
"chr10","47707911","47708205","chr2","181544497","181544783","58","133836586"
"chr10","47724181","47724459","chr16","26738174","26738447","58","20986007"
"chr10","48146049","48146335","chr5","20959063","20959352","38","27186986"
"chr10","48362859","48363161","chr5","21179530","21179825","49","27183329"
"chr10","48387299","48387586","chr11","118091417","118091705","52","69704118"
"chr10","48491609","48491904","chr2","147728720","147729015","40","99237111"
"chr10","48849244","48849531","chr11","64288790","64289076","49","15439546"
"chr10","48930843","48931132","chr2","2218970","2219260","49","46711873"
"chr10","48942514","48942805","chrX","40344797","40345081","53","8597717"
"chr10","49037782","49038083","chr5","21870801","21871103","46","27166981"
"chr10","49337969","49338059","chr18","5230928","5231024","19","44107041"
"chr10","49346149","49346464","chr5","73075939","73076252","52","23729790"
"chr10","49354542","49354676","chr4","9872496","9872626","17","39482046"
"chr10","49368962","49369204","chr5","73405432","73405675","45","24036470"
"chr10","49506396","49506695","chr1","170771447","170771746","43","121265051"
"chr10","49701513","49701832","chr3","98129428","98129736","60","48427915"
"chr10","50165643","50165701","chr7","53740117","53740172","12","3574474"
"chr10","50278020","50278333","chr6","118600755","118601054","49","68322735"
"chr10","50330938","50330999","chr9","102710992","102711054","12","52380054"
"chr10","50349177","50349477","chr7","18384707","18385006","45","31964470"
"chr10","50538579","50538868","chr7","58917227","58917519","45","8378648"
"chr10","50567334","50567584","chr5","23381173","23381429","45","27186161"
"chr10","50572989","50573283","chr11","125774551","125774841","53","75201562"
"chr10","50615703","50615972","chr9","108470235","108470512","44","57854532"
"chr10","50701064","50701214","chr5","87760479","87760621","33","37059415"
"chr10","50701473","50701773","chr17","70899198","70899506","48","20197725"
"chr10","50709387","50709693","chr4","71933212","71933503","57","21223825"
"chr10","50748783","50749061","chr15","42787915","42788180","68","7960868"
"chr10","50782121","50782369","chr22","17413312","17413560","65","33368809"
"chr10","50795729","50796012","chr7","130922775","130923070","45","80127046"
"chr10","50805499","50805801","chr7","70074333","70074637","40","19268834"
"chr10","50853249","50853555","chr5","25564881","25565190","58","25288368"
"chr10","50904357","50904548","chr4","94826513","94826711","30","43922156"
"chr10","50905139","50905236","chr20","27425944","27426040","17","23479195"
"chr10","50911299","50911597","chr3","106011472","106011765","57","55100173"
"chr10","50918369","50918671","chr7","128825382","128825681","59","77907013"
"chr10","50936725","50937021","chr5","23749604","23749897","41","27187121"
"chr10","50961109","50961383","chr7","40558392","40558668","62","10402717"
"chr10","50969377","50969667","chr5","158518457","158518746","45","107549080"
"chr10","51027124","51027418","chr5","23828529","23828821","45","27198595"
"chr10","51029381","51029495","chr2","31321985","31322093","25","19707396"
"chr10","51055656","51055977","chr5","23851762","23852072","53","27203894"
"chr10","51151239","51151541","chr9","25525997","25526295","45","25625242"
"chr10","51155449","51155750","chr5","24008740","24009027","45","27146709"
"chr10","51214825","51215130","chr5","116663888","116664187","50","65449063"
"chr10","51232639","51232931","chr12","107125942","107126232","47","55893303"
"chr10","51239590","51239832","chr12","77912843","77913096","58","26673253"
"chr10","51319522","51319814","chr12","79555977","79556269","46","28236455"
"chr10","51344378","51344667","chr11","72643464","72643751","42","21299086"
"chr10","51357365","51357662","chr22","3211763","3212059","50","48145602"
"chr10","51434947","51435244","chr10","13670605","13670898","40","37764342"
"chr10","51493408","51493708","chr1","170771447","170771746","46","119278039"
"chr10","51696212","51696507","chr8","29283402","29283703","44","22412810"
"chr10","51841089","51841201","chr22","40931234","40931346","19","10909855"
"chr10","51859908","51860190","chr5","24732249","24732537","49","27127659"
"chr10","51986754","51987033","chr3","152914930","152915206","47","100928176"
"chr10","52281883","52281931","chr12","56000792","56000839","5","3718909"
"chr10","52400286","52400566","chr5","25280212","25280492","51","27120074"
"chr10","52528325","52528629","chr1","175092801","175093094","47","122564476"
"chr10","52588624","52588929","chr5","25458435","25458736","50","27130189"
"chr10","52596473","52596780","chr5","113941851","113942164","51","61345378"
"chr10","52601616","52601915","chr5","25478684","25478978","38","27122932"
"chr10","52606650","52606962","chr5","73075939","73076252","55","20469289"
"chr10","52664132","52664428","chr5","25542884","25543183","44","27121248"
"chr10","52672063","52672369","chr4","139259106","139259407","54","86587043"
"chr10","52716419","52716728","chr5","25596108","25596412","48","27120311"
"chr10","52741495","52741798","chr22","10803397","10803696","48","41938098"
"chr10","52763651","52763916","chr5","25641123","25641384","33","27122528"
"chr10","52787165","52787462","chr5","25664925","25665227","50","27122240"
"chr10","52823883","52824193","chr5","124645645","124645952","46","71821762"
"chr10","52852252","52852568","chr1","136803882","136804189","54","83951630"
"chr10","52883581","52883855","chr5","25761212","25761488","41","27122369"
"chr10","52909424","52909722","chr18","11204017","11204306","53","41705407"
"chr10","53097972","53098273","chrX","107561323","107561629","61","54463351"
"chr10","53190099","53190403","chr1","168255466","168255766","51","115065367"
"chr10","53197293","53197594","chr5","64266316","64266614","51","11069023"
"chr10","53378747","53379044","chr5","26337639","26337937","54","27041108"
"chr10","53381586","53381869","chr5","26340268","26340554","42","27041318"
"chr10","53415940","53416033","chr2","7103280","7103374","13","46312660"
"chr10","53420567","53420863","chr1","110260245","110260541","53","56839678"
"chr10","53436399","53436516","chr2","138886603","138886720","20","85450204"
"chr10","53467175","53467468","chr4","71933212","71933503","43","18466037"
"chr10","53476323","53476632","chr10","86691925","86692232","53","33215602"
"chr10","53484810","53485117","chr2","150624041","150624344","37","97139231"
"chr10","53494923","53495198","chr5","26465835","26466109","53","27029088"
"chr10","53500201","53500510","chr11","120961220","120961524","53","67461019"
"chr10","53600005","53600308","chr2","71298755","71299066","55","17698750"
"chr10","53605594","53605869","chr5","26594288","26594575","46","27011306"
"chr10","53808437","53808730","chr11","117354372","117354663","61","63545935"
"chr10","53845608","53845894","chr12","51888773","51889064","41","1956835"
"chr10","53899170","53899472","chr6","45990919","45991220","49","7908251"
"chr10","53923276","53923524","chr4","139201911","139202167","44","85278635"
"chr10","53934613","53934922","chr5","55380182","55380490","51","1445569"
"chr10","53971088","53971381","chr1","174970853","174971146","62","120999765"
"chr10","53989632","53989947","chr9","101210178","101210488","52","47220546"
"chr10","54013637","54013765","chr2","193530196","193530332","26","139516559"
"chr10","54085356","54085648","chr5","110562767","110563058","42","56477411"
"chr10","54092899","54093216","chr4","137635739","137636049","65","83542840"
"chr10","54129981","54130253","chr5","27132162","27132431","41","26997819"
"chr10","54155275","54155523","chr5","123365254","123365489","63","69209979"
"chr10","54168657","54168902","chr2","51903692","51903942","56","2264965"
"chr10","54291068","54291251","chr14","33311408","33311581","35","20979660"
"chr10","55218690","55218995","chr12","20767031","20767333","59","34451659"
"chr10","55474661","55474950","chr14","92265708","92266001","52","36791047"
"chr10","55615936","55616247","chr8","106549657","106549965","51","50933721"
"chr10","56050633","56050941","chr13","61782474","61782778","50","5731841"
"chr10","56064493","56064679","chr5","110926377","110926556","35","54861884"
"chr10","56095504","56095812","chr2","164878629","164878927","49","108783125"
"chr10","56181984","56182277","chr4","83952656","83952952","51","27770672"
"chr10","56445913","56446207","chr2","14648558","14648841","56","41797355"
"chr10","56853755","56854005","chr5","29803926","29804164","49","27049829"
"chr10","56881514","56881824","chr9","91473040","91473349","52","34591526"
"chr10","57021530","57021826","chr8","93953260","93953558","52","36931730"
"chr10","57503979","57504274","chr2","37952042","37952340","49","19551937"
"chr10","57779596","57779857","chr5","30600500","30600766","35","27179096"
"chr10","57908317","57908603","chr10","100408257","100408540","45","42499940"
"chr10","57961484","57961577","chr5","30785272","30785363","16","27176212"
"chr10","58025919","58026230","chr6","87734962","87735273","50","29709043"
"chr10","58026234","58026528","chr12","26130148","26130438","52","31896086"
"chr10","58071521","58071626","chr7","26862538","26862645","18","31208983"
"chr10","58156121","58156440","chr19","31863283","31863592","61","26292838"
"chr10","58207654","58207914","chr5","108398058","108398331","52","50190404"
"chr10","58483493","58483785","chr8","841978","842272","53","57641515"
"chr10","58521893","58522168","chr16","71474085","71474366","61","12952192"
"chr10","58525790","58525854","chr15","82054045","82054094","23","23528255"
"chr10","58578014","58578058","chr1","182463440","182463482","6","123885426"
"chr10","58580583","58580682","chr6","116992566","116992666","17","58411983"
"chr10","58581950","58582076","chr22","10937463","10937596","25","47644487"
"chr10","58590579","58590842","chr5","72712443","72712712","52","14121864"
"chr10","58607713","58608009","chr5","93075725","93076019","56","34468012"
"chr10","58608156","58608453","chr5","154117425","154117728","33","95509269"
"chr10","58637194","58637489","chr2","18967756","18968049","46","39669438"
"chr10","58712296","58712522","chr9","35386809","35387038","67","23325487"
"chr10","58713423","58713576","chr6","67503750","67503894","36","8790327"
"chr10","58974884","58975172","chr19","32914893","32915177","42","26059991"
"chr10","59073687","59073997","chr16","77845717","77846027","56","18772030"
"chr10","59078419","59078506","chr5","1759512","1759601","11","57318907"
"chr10","59129871","59130154","chr4","44371451","44371741","51","14758420"
"chr10","59178476","59178525","chr11","94005467","94005514","5","34826991"
"chr10","59225037","59225347","chr5","78565303","78565608","59","19340266"
"chr10","59234242","59234341","chr9","36025796","36025894","16","23208446"
"chr10","59259059","59259357","chr19","27619331","27619631","54","31639728"
"chr10","59313204","59313482","chr13","10247200","10247479","47","49066004"
"chr10","59335054","59335186","chr5","10559689","10559821","16","48775365"
"chr10","59350922","59351178","chr18","27648623","27648880","49","31702299"
"chr10","59374212","59374347","chr2","31690766","31690900","18","27683446"
"chr10","59384805","59385053","chr5","73274355","73274598","53","13889550"
"chr10","59394532","59394797","chr1","195166007","195166276","56","135771475"
"chr10","59416303","59416612","chr2","146982644","146982948","52","87566341"
"chr10","59440172","59440473","chr21","35283943","35284237","49","24156229"
"chr10","59441211","59441531","chr16","5681054","5681364","60","53760157"
"chr10","59442180","59442213","chr18","9394485","9394518","5","50047695"
"chr10","59513814","59514131","chr16","73125874","73126190","67","13612060"
"chr10","59561747","59562045","chr7","33547338","33547635","45","26014409"
"chr10","59573763","59573969","chr4","31052883","31053086","40","28520880"
"chr10","59575289","59575464","chr10","126091805","126091971","36","66516516"
"chr10","59576055","59576335","chr11","74173885","74174163","52","14597830"
"chr10","59588854","59588921","chr15","16073973","16074038","13","43514881"
"chr10","59610764","59610899","chr1","185491849","185491983","22","125881085"
"chr10","59616410","59616747","chr6","116215103","116215435","60","56598693"
"chr10","59731359","59731494","chr2","193530196","193530332","16","133798837"
"chr10","59872361","59872657","chr10","80449759","80450058","52","20577398"
"chr10","59921221","59921532","chr7","147514919","147515225","51","87593698"
"chr10","59936505","59936793","chr5","127735249","127735545","50","67798744"
"chr10","59943715","59944009","chr8","110833753","110834046","56","50890038"
"chr10","59948655","59948785","chr5","10559689","10559821","24","49388966"
"chr10","59963683","59963748","chr7","71879017","71879077","9","11915334"
"chr10","60008514","60008809","chr2","1572464","1572757","52","58436050"
"chr10","60009917","60010163","chr1","183290581","183290819","32","123280664"
"chr10","60118713","60118971","chr7","72824980","72825237","51","12706267"
"chr10","60225053","60225312","chr2","33495117","33495388","56","26729936"
"chr10","60239442","60239529","chr5","1395300","1395386","13","58844142"
"chr10","60301823","60302025","chr6","21910209","21910413","34","38391614"
"chr10","60302026","60302199","chr20","3785470","3785644","25","56516556"
"chr10","60326029","60326337","chrUn_GL289054","9235","9549","51","60316794"
"chr10","60336581","60336880","chr1","183497195","183497486","41","123160614"
"chr10","60348913","60349226","chr8","27187328","27187641","60","33161585"
"chr10","60350720","60351027","chr9","111806239","111806531","67","51455519"
"chr10","60533230","60533518","chr1","183703998","183704293","46","123170768"
"chr10","60570157","60570314","chr22","8461501","8461657","26","52108656"
"chr10","60578219","60578515","chr3","106011472","106011765","42","45433253"
"chr10","60613341","60613642","chr1","155648769","155649066","57","95035428"
"chr10","60738242","60738495","chr5","107502901","107503140","67","46764659"
"chr10","60783961","60784235","chr7","82192114","82192380","55","21408153"
"chr10","60909139","60909436","chr12","100008763","100009057","45","39099624"
"chr10","60916543","60916852","chr11","107864365","107864676","54","46947822"
"chr10","60942383","60942678","chr1","167807938","167808235","46","106865555"
"chr10","60946731","60947040","chr20","21330715","21331025","51","39616016"
"chr10","61117863","61117912","chr7","10054243","10054291","3","51063620"
"chr10","61209736","61209836","chr4","135411079","135411179","27","74201343"
"chr10","61225196","61225280","chr5","72615428","72615510","14","11390232"
"chr10","61270407","61270706","chr7","120468697","120468997","45","59198290"
"chr10","61281380","61281684","chr4","69055872","69056171","48","7774492"
"chr10","61594367","61594680","chr2","6639751","6640061","62","54954616"
"chr10","61624501","61624801","chr1","13807754","13808053","49","47816747"
"chr10","61645870","61646128","chr15","5682625","5682885","52","55963245"
"chr10","61699683","61699734","chr11","119443764","119443806","19","57744081"
"chr10","61729743","61729904","chr5","29090486","29090646","26","32639257"
"chr10","61756871","61757179","chr16","5681054","5681364","59","56075817"
"chr10","61763871","61764172","chrX","10737832","10738131","55","51026039"
"chr10","61811049","61811094","chr1","181972035","181972081","11","120160986"
"chr10","61862121","61862429","chrX","8396907","8397216","51","53465214"
"chr10","61915636","61915945","chr2","11077390","11077699","71","50838246"
"chr10","61955744","61956053","chr5","109061221","109061518","58","47105477"
"chr10","62041085","62041394","chr12","78919016","78919323","53","16877931"
"chr10","62043022","62043352","chr13","28983434","28983761","83","33059588"
"chr10","62110953","62111261","chr5","78565303","78565608","46","16454350"
"chr10","62113493","62113805","chr7","88697458","88697764","46","26583965"
"chr10","62145330","62145454","chr19","46402053","46402174","23","15743277"
"chr10","62150617","62150909","chr6","119011301","119011592","45","56860684"
"chr10","62155642","62155821","chr12","10216731","10216909","38","51938911"
"chr10","62157272","62157574","chr14","915738","916038","43","61241534"
"chr10","62182287","62182393","chr22","16253908","16254014","22","45928379"
"chr10","62183365","62183617","chr15","50846639","50846888","46","11336726"
"chr10","62235102","62235245","chr1","185237566","185237721","32","123002464"
"chr10","62241964","62242260","chr5","11662865","11663166","49","50579099"
"chr10","62253284","62253591","chr1","185265651","185265963","51","123012367"
"chr10","62254376","62254664","chr1","186610138","186610422","47","124355762"
"chr10","62289890","62290188","chr21","49806208","49806506","47","12483682"
"chr10","62291269","62291579","chr20","20348077","20348385","53","41943192"
"chr10","62323078","62323387","chr1","185335928","185336232","44","123012850"
"chr10","62387781","62388044","chr12","46064975","46065257","61","16322806"
"chr10","62395887","62396171","chr1","81791834","81792125","63","19395947"
"chr10","62452011","62452317","chr9","40072917","40073224","46","22379094"
"chr10","62457003","62457297","chr19","35779479","35779770","61","26677524"
"chr10","62471827","62472141","chr3","152190934","152191237","63","89719107"
"chr10","62495332","62495629","chr9","85675690","85675984","54","23180358"
"chr10","62499358","62499624","chr1","185530727","185530987","45","123031369"
"chr10","62501462","62501767","chr4","54370195","54370493","47","8131267"
"chr10","62556731","62557034","chr2","71331505","71331809","57","8774774"
"chr10","62558830","62559065","chr2","97744853","97745083","53","35186023"
"chr10","62576399","62576699","chr2","67197269","67197565","41","4620870"
"chr10","62632603","62632895","chr1","185675060","185675352","51","123042457"
"chr10","62692813","62693110","chr1","27962292","27962589","48","34730521"
"chr10","62724664","62724956","chr19","15585463","15585749","49","47139201"
"chr10","62727045","62727182","chr9","73596181","73596316","36","10869136"
"chr10","62727897","62727976","chr10","122302348","122302427","11","59574451"
"chr10","62766437","62766737","chr5","61409167","61409457","44","1357270"
"chr10","62798782","62799103","chr4","151238342","151238657","50","88439560"
"chr10","62803546","62803723","chr6","5699963","5700138","28","57103583"
"chr10","62824240","62824291","chr2","59211560","59211613","7","3612680"
"chr10","62922057","62922329","chr1","185945204","185945464","45","123023147"
"chr10","62941401","62941666","chr5","8282348","8282619","47","54659053"
"chr10","62950995","62951291","chr1","185962254","185962547","42","123011259"
"chr10","62973250","62973605","chr1","186005000","186005309","90","123031750"
"chr10","62977655","62977935","chr5","89463812","89464089","67","26486157"
"chr10","63033801","63034031","chr18","26079325","26079568","65","36954476"
"chr10","63174027","63174195","chr1","84887295","84887460","30","21713268"
"chr10","63240923","63241196","chr10","100408257","100408540","58","37167334"
"chr10","63241377","63241680","chr13","63990237","63990533","63","748860"
"chr10","63308203","63308489","chr11","113184554","113184843","57","49876351"
"chr10","63333139","63333448","chr4","14566004","14566313","63","48767135"
"chr10","63383603","63383899","chr1","186050370","186050659","60","122666767"
"chr10","63393737","63393981","chr7","71804412","71804642","51","8410675"
"chr10","63529854","63530059","chr1","173639780","173639980","39","110109926"
"chr10","63581713","63581787","chr3","83724372","83724442","17","20142659"
"chr10","63616054","63616347","chr7","25925292","25925587","42","37690762"
"chr10","63632917","63632956","chrX","15428193","15428233","2","48204724"
"chr10","63747978","63748292","chr20","38639419","38639722","56","25108559"
"chr10","64173622","64173909","chr1","186610138","186610422","30","122436516"
"chr10","64255148","64255442","chr5","139889919","139890213","46","75634771"
"chr10","64380093","64380262","chr1","186815089","186815257","27","122434996"
"chr10","64412938","64413243","chr1","186880374","186880681","34","122467436"
"chr10","64499548","64499597","chr7","10054243","10054291","5","54445305"
"chr10","64556600","64556910","chr4","17518722","17519032","44","47037878"
"chr10","64611295","64611595","chr11","93106703","93106993","64","28495408"
"chr10","64611916","64612199","chr22","38654238","38654519","55","25957678"
"chr10","64661768","64661930","chr7","64245318","64245469","33","416450"
"chr10","64671567","64671869","chr9","85600159","85600457","47","20928592"
"chr10","64719977","64720029","chr16","17966411","17966461","8","46753566"
"chr10","64731091","64731381","chr7","50803128","50803418","44","13927963"
"chr10","64753325","64753627","chr6","18751450","18751744","48","46001875"
"chr10","64839162","64839474","chrX","141294010","141294319","67","76454848"
"chr10","64881110","64881387","chr4","12429965","12430236","47","52451145"
"chr10","64883679","64883823","chr22","10937463","10937596","29","53946216"
"chr10","64889704","64889965","chr10","100312404","100312657","57","35422700"
"chr10","64930045","64930346","chr8","21869477","21869777","56","43060568"
"chr10","64991789","64992108","chr7","25925292","25925587","65","39066497"
"chr10","64995755","64995880","chr5","50606686","50606813","24","14389069"
"chr10","64996478","64996766","chr19","7123341","7123633","52","57873137"
"chr10","65026560","65026856","chr1","15104686","15104981","49","49921874"
"chr10","65062250","65062359","chr11","118328657","118328762","25","53266407"
"chr10","65065177","65065329","chr19","13247670","13247824","29","51817507"
"chr10","65117615","65117926","chr10","21024965","21025274","56","44092650"
"chr10","65148410","65148459","chr12","56000792","56000839","5","9147618"
"chr10","65204167","65204476","chr5","114223635","114223941","45","49019468"
"chr10","65228119","65228278","chr1","164720550","164720706","35","99492431"
"chr10","65307995","65308302","chr3","117540807","117541109","58","52232812"
"chr10","65371618","65371905","chr11","9362225","9362513","52","56009393"
"chr10","65421035","65421342","chr21","50218914","50219220","49","15202121"
"chr10","65435120","65435416","chr1","188334661","188334945","50","122899541"
"chr10","65471260","65471364","chr11","64928533","64928638","19","542727"
"chr10","65477192","65477275","chr1","171824880","171824957","15","106347688"
"chr10","65529108","65529369","chr1","188234145","188234398","44","122705037"
"chr10","65529385","65529680","chr9","107245625","107245908","53","41716240"
"chr10","65578790","65579073","chr2","17686816","17687098","44","47891974"
"chr10","65606815","65607122","chr15","37932298","37932608","56","27674517"
"chr10","65629114","65629395","chr3","150134498","150134774","48","84505384"
"chr10","65664017","65664192","chr20","3785470","3785644","32","61878547"
"chr10","65768889","65769191","chr1","187985320","187985615","57","122216431"
"chr10","65924764","65925041","chr1","187746915","187747194","33","121822151"
"chr10","65938919","65939180","chr6","17518137","17518382","65","48420782"
"chr10","65957017","65957315","chr11","20385409","20385702","44","45571608"
"chr10","65979514","65979817","chrX","10737832","10738131","56","55241682"
"chr10","65994391","65994693","chrX","17705039","17705341","46","48289352"
"chr10","66000513","66000750","chr1","14304552","14304777","45","51695961"
"chr10","66001842","66002111","chr2","33495117","33495388","54","32506725"
"chr10","66100797","66101033","chr7","46460788","46461020","50","19640009"
"chr10","66116024","66116323","chr1","168255466","168255766","48","102139442"
"chr10","66148732","66149030","chr13","49154086","49154372","48","16994646"
"chr10","66151576","66151879","chr2","36478057","36478360","50","29673519"
"chr10","66271327","66271627","chr7","70375823","70376126","42","4104496"
"chr10","66296566","66296863","chr2","203225383","203225677","40","136928817"
"chr10","66375962","66376132","chr1","181966844","181967013","28","115590882"
"chr10","66528540","66528858","chr1","188842151","188842454","59","122313611"
"chr10","66654861","66655156","chr1","188973133","188973425","30","122318272"
"chr10","66660911","66661215","chr1","192757436","192757740","56","126096525"
"chr10","67061842","67062075","chr1","189398409","189398639","37","122336567"
"chr10","67073925","67074208","chr1","189411036","189411324","41","122337111"
"chr10","67075673","67076009","chr2","105282418","105282750","62","38206745"
"chr10","67080178","67080233","chr3","143262170","143262221","11","76181992"
"chr10","67080240","67080286","chr13","73828435","73828479","8","6748195"
"chr10","67160330","67160441","chr7","26862538","26862645","26","40297792"
"chr10","67178700","67178797","chr2","112082686","112082786","24","44903986"
"chr10","67204433","67204534","chr16","21159134","21159244","19","46045299"
"chr10","67223003","67223312","chr2","39815620","39815927","53","27407383"
"chr10","67227483","67227777","chr7","70852721","70853021","51","3625238"
"chr10","67457753","67457827","chr3","143887172","143887242","16","76429419"
"chr10","67593536","67593846","chr4","134206035","134206337","63","66612499"
"chr10","67865047","67865355","chr5","25564881","25565190","49","42300166"
"chr10","67962742","67962971","chr18","7374949","7375165","47","60587793"
"chr10","68037012","68037322","chr12","100817634","100817942","54","32780622"
"chr10","68122181","68122356","chr7","42511090","42511266","27","25611091"
"chr10","68147874","68148166","chr3","19993966","19994253","52","48153908"
"chr10","68198819","68199133","chrX","63118288","63118597","48","5080531"
"chr10","68259035","68259327","chr2","69001665","69001961","48","742630"
"chr10","68489875","68490156","chr9","33781633","33781909","49","34708242"
"chr10","68491204","68491497","chr9","103757616","103757907","45","35266412"
"chr10","68507057","68507217","chr9","40994459","40994619","26","27512598"
"chr10","68512576","68512871","chr9","69686292","69686586","47","1173716"
"chr10","68536036","68536310","chr13","97658378","97658641","56","29122342"
"chr10","68623895","68624048","chr10","59026416","59026572","30","9597479"
"chr10","68809839","68810137","chrUn_GL286217","143262","143564","38","68666577"
"chr10","68927993","68928301","chr1","191304830","191305133","45","122376837"
"chr10","68992611","68992923","chr1","191357569","191357864","56","122364958"
"chr10","69065056","69065343","chr3","19993966","19994253","52","49071090"
"chr10","69118825","69119126","chr1","147810389","147810689","55","78691564"
"chr10","69128098","69128358","chr6","126290176","126290410","71","57162078"
"chr10","69142873","69143176","chr18","33021056","33021339","71","36121817"
"chr10","69143307","69143552","chr1","191505511","191505753","36","122362204"
"chr10","69146309","69146632","chr7","137342012","137342330","60","68195703"
"chr10","69208291","69208374","chr7","137796939","137797019","19","68588648"
"chr10","69209034","69209325","chr12","51888773","51889064","48","17320261"
"chr10","69210053","69210348","chr19","11713191","11713490","39","57496862"
"chr10","69220936","69221218","chr11","96050574","96050855","53","26829638"
"chr10","69232882","69233173","chr14","99166809","99167105","58","29933927"
"chr10","69243965","69244265","chr7","18384707","18385006","49","50859258"
"chr10","69257804","69258102","chr1","191626945","191627242","47","122369141"
"chr10","69258870","69259106","chr12","56323732","56323966","39","12935138"
"chr10","69270412","69270706","chr13","95836072","95836367","41","26565660"
"chr10","69284323","69284610","chr2","16264908","16265191","64","53019415"
"chr10","69288818","69289005","chr1","160857122","160857307","32","91568304"
"chr10","69294687","69294988","chr2","147728720","147729015","42","78434033"
"chr10","69348314","69348597","chr13","70428413","70428708","60","1080099"
"chr10","69381392","69381701","chr5","55380182","55380490","51","14001210"
"chr10","69383869","69383946","chr2","6648559","6648630","14","62735310"
"chr10","69397146","69397440","chr1","156890249","156890536","46","87493103"
"chr10","69430325","69430633","chr15","72516887","72517186","48","3086562"
"chr10","69491077","69491367","chr1","191854574","191854877","36","122363497"
"chr10","69530015","69530097","chr6","116586631","116586713","10","47056616"
"chr10","69544143","69544415","chr1","191905718","191906003","41","122361575"
"chr10","69604545","69604901","chr1","200523169","200523510","93","130918624"
"chr10","69616547","69616815","chr5","72712443","72712712","47","3095896"
"chr10","69653860","69654166","chr10","69340674","69340975","52","313186"
"chr10","69676699","69676792","chr3","152891346","152891433","12","83214647"
"chr10","69712703","69713002","chr15","72516887","72517186","44","2804184"
"chr10","69718857","69719136","chr20","7477077","7477364","43","62241780"
"chr10","69777841","69778139","chr1","192123304","192123598","39","122345463"
"chr10","69792245","69792602","chr12","22190082","22190454","87","47602163"
"chr10","69795221","69795524","chr1","192144517","192144832","49","122349296"
"chr10","69841569","69841707","chr12","31049982","31050122","35","38791587"
"chr10","69843971","69844201","chr3","84181800","84182014","52","14337829"
"chr10","69902862","69903163","chr5","139889919","139890213","49","69987057"
"chr10","69940617","69940882","chrX","52241701","52241982","51","17698916"
"chr10","69967806","69968102","chr10","48321055","48321354","41","21646751"
"chr10","69972521","69972807","chr6","57780653","57780942","55","12191868"
"chr10","70018894","70019193","chr5","109061221","109061518","44","39042327"
"chr10","70021217","70021519","chr10","7410350","7410658","54","62610867"
"chr10","70033487","70033689","chr1","201578178","201578378","43","131544691"
"chr10","70045189","70045503","chr21","50218914","50219220","52","19826275"
"chr10","70061582","70061820","chr3","182152241","182152490","56","112090659"
"chr10","70106804","70107117","chr5","124645645","124645952","53","54538841"
"chr10","70108946","70109253","chrX","63118288","63118597","48","6990658"
"chr10","70132671","70132909","chr2","55396252","55396483","42","14736419"
"chr10","70140348","70140515","chr19","11600332","11600500","37","58540016"
"chr10","70158083","70158364","chr2","44583509","44583790","64","25574574"
"chr10","70194507","70194808","chr1","170771447","170771746","48","100576940"
"chr10","70223316","70223638","chr9","78447237","78447554","67","8223921"
"chr10","70226734","70227044","chr1","192554991","192555295","36","122328257"
"chr10","70306363","70306523","chr12","60899646","60899808","33","9406717"
"chr10","70306966","70307162","chr12","4317028","4317209","49","65989938"
"chr10","70308704","70309000","chr5","83138079","83138381","53","12829375"
"chr10","70339457","70339759","chr9","107670130","107670426","42","37330673"
"chr10","70350793","70351052","chr5","87015109","87015369","50","16664316"
"chr10","70410928","70411210","chr4","43398079","43398355","57","27012849"
"chr10","70422901","70423167","chr7","38119098","38119367","56","32303803"
"chr10","70452566","70452838","chr1","11236905","11237177","51","59215661"
"chr10","70458904","70459076","chr15","67897290","67897468","40","2561614"
"chr10","70481753","70481924","chr7","15678535","15678697","35","54803218"
"chr10","70514366","70514666","chr18","32054499","32054799","44","38459867"
"chr10","70514853","70515156","chr9","101936901","101937198","51","31422048"
"chr10","70522356","70522440","chr1","192821570","192821652","8","122299214"
"chr10","70523981","70524257","chr19","16456358","16456644","50","54067623"
"chr10","70531083","70531374","chr1","192828584","192828863","45","122297501"
"chr10","70536332","70536663","chr2","72481200","72481495","77","1944868"
"chr10","70548355","70548659","chr1","27962292","27962589","51","42586063"
"chr10","70556129","70556414","chr1","192855483","192855762","38","122299354"
"chr10","70595528","70595833","chr4","17919516","17919823","50","52676012"
"chr10","70628435","70628751","chr5","2746240","2746547","53","67882195"
"chr10","70695818","70695987","chr1","193004916","193005079","25","122309098"
"chr10","70717193","70717505","chr7","70375823","70376126","58","341370"
"chr10","70753855","70753986","chr11","20996417","20996549","16","49757438"
"chr10","70756822","70757108","chr20","32851240","32851521","46","37905582"
"chr10","70789063","70789369","chr5","137429989","137430298","45","66640926"
"chr10","70833080","70833358","chr1","193140547","193140823","30","122307467"
"chr10","70870453","70870605","chr2","18756085","18756234","32","52114368"
"chr10","70892021","70892241","chr1","193206767","193206984","43","122314746"
"chr10","70910824","70911095","chr1","193226445","193226727","42","122315621"
"chr10","70956467","70956510","chr2","11934690","11934730","6","59021777"
"chr10","70962014","70962331","chr1","193279057","193279363","47","122317043"
"chr10","70965177","70965411","chr1","193282454","193282686","34","122317277"
"chr10","71008021","71008189","chr3","189072814","189072983","28","118064793"
"chr10","71011791","71012045","chr13","107825973","107826231","48","36814182"
"chr10","71053665","71053850","chr17","34389949","34390137","36","36663716"
"chr10","71054432","71054712","chr7","79946105","79946392","54","8891673"
"chr10","71058383","71058670","chr2","73704522","73704812","44","2646139"
"chr10","71100378","71100671","chr4","150555920","150556212","53","79455542"
"chr10","71107673","71107976","chr1","104253890","104254191","50","33146217"
"chr10","71108866","71109176","chr1","100255801","100256111","48","29146935"
"chr10","71153649","71153937","chr1","193423769","193424070","45","122270120"
"chr10","71184935","71185163","chr14","90674670","90674922","61","19489735"
"chr10","71191358","71191486","chrX","62816449","62816579","25","8374909"
"chr10","71211088","71211394","chr1","193477055","193477355","50","122265967"
"chr10","71214827","71215153","chr14","915738","916038","57","70299089"
"chr10","71267519","71267827","chr1","153331205","153331512","50","82063686"
"chr10","71273987","71274294","chr1","193524437","193524743","54","122250450"
"chr10","71300393","71300662","chrX","47790264","47790529","46","23510129"
"chr10","71306360","71306650","chr7","25925292","25925587","39","45381068"
"chr10","71330592","71330904","chr13","69044776","69045087","55","2285816"
"chr10","71361954","71362255","chr2","67197269","67197565","48","4164685"
"chr10","71400245","71400429","chr10","88729332","88729520","34","17329087"
"chr10","71445239","71445550","chr9","14396117","14396432","45","57049122"
"chr10","71496069","71496312","chr2","186704037","186704290","45","115207968"
"chr10","71503640","71503928","chr1","193753257","193753540","38","122249617"
"chr10","71597083","71597265","chr3","183689850","183690027","32","112092767"
"chr10","71603392","71603687","chr2","147728720","147729015","49","76125328"
"chr10","71615470","71615737","chr1","168266231","168266495","50","96650761"
"chr10","71640653","71640944","chr12","8795573","8795863","45","62845080"
"chr10","71654468","71654764","chr9","45325979","45326278","56","26328489"
"chr10","71700329","71700456","chr1","193936360","193936489","19","122236031"
"chr10","71707007","71707290","chr2","134890220","134890504","43","63183213"
"chr10","71719528","71719836","chr7","70375823","70376126","47","1343705"
"chr10","71758542","71758852","chr11","28125301","28125613","42","43633241"
"chr10","71759818","71760121","chr12","16212093","16212391","47","55547725"
"chr10","71784258","71784583","chr10","125503014","125503329","61","53718756"
"chr10","71851860","71852165","chr1","103493366","103493665","53","31641506"
"chr10","71855411","71855743","chr1","86728701","86729028","71","14873290"
"chr10","71903576","71903885","chrX","45685678","45685985","48","26217898"
"chr10","71908856","71909145","chr4","87059516","87059805","48","15150660"
"chr10","71914746","71915001","chr4","71388450","71388710","54","526296"
"chr10","71950776","71951090","chr2","11077390","11077699","57","60873386"
"chr10","71957854","71958163","chr7","80704435","80704744","54","8746581"
"chr10","71960359","71960669","chrX","64172412","64172721","51","7787947"
"chr10","71980927","71981211","chr8","1909263","1909538","48","70071664"
"chr10","71981821","71981998","chr5","125765250","125765427","30","53783429"
"chr10","71984087","71984221","chr2","3082007","3082140","27","68902080"
"chr10","72011613","72011873","chr3","43118849","43119121","64","28892764"
"chr10","72041438","72041744","chr16","90160190","90160499","55","18118752"
"chr10","72056232","72056533","chr9","25525997","25526295","49","46530235"
"chr10","72078258","72078433","chr16","19752551","19752729","33","52325707"
"chr10","72118518","72118817","chr7","66759838","66760136","54","5358680"
"chr10","72138965","72139264","chr12","100817634","100817942","56","28678669"
"chr10","72140762","72141033","chr22","11939403","11939682","49","60201359"
"chr10","72183224","72183404","chrX","122753382","122753534","45","50570158"
"chr10","72199495","72199750","chr1","194425674","194425928","34","122226179"
"chr10","72235336","72235394","chr12","62490498","62490545","15","9744838"
"chr10","72247184","72247532","chr3","88407637","88407981","89","16160453"
"chr10","72249136","72249298","chrX","64638376","64638538","39","7610760"
"chr10","72269150","72269454","chr1","185105558","185105857","63","112836408"
"chr10","72271217","72271416","chr1","194495965","194496161","33","122224748"
"chr10","72310700","72310863","chr9","107746256","107746411","49","35435556"
"chr10","72311169","72311468","chr9","44880088","44880390","52","27431081"
"chr10","72320018","72320324","chr16","71570137","71570438","46","749881"
"chr10","72388218","72388511","chr3","41441630","41441916","56","30946588"
"chr10","72413670","72413978","chr2","150624041","150624344","44","78210371"
"chr10","72423211","72423511","chr2","66989134","66989436","41","5434077"
"chr10","72435437","72435672","chr1","194662378","194662643","70","122226941"
"chr10","72470474","72470561","chr1","128973064","128973156","13","56502590"
"chr10","72510597","72510886","chrY","609280","609564","41","71901317"
"chr10","72513138","72513429","chr2","7421612","7421902","47","65091526"
"chr10","72552793","72553089","chr9","14539289","14539586","45","58013504"
"chr10","72586354","72586432","chr5","114074215","114074296","9","41487861"
"chr10","72588930","72589036","chr1","194826474","194826580","13","122237544"
"chr10","72615803","72615938","chr9","99223980","99224096","41","26608177"
"chr10","72617074","72617347","chr1","197465921","197466196","41","124848847"
"chr10","72670883","72670959","chr5","35414238","35414310","16","37256645"
"chr10","72778710","72778987","chr7","23794966","23795240","52","48983744"
"chr10","72788636","72788891","chr7","47053043","47053292","52","25735593"
"chr10","72981482","72981539","chr7","40874870","40874927","9","32106612"
"chr10","73166035","73166330","chr4","25746204","25746495","43","47419831"
"chr10","73222768","73223063","chr1","195228482","195228773","44","122005714"
"chr10","73354357","73354711","chr4","110557546","110557871","97","37203189"
"chr10","73438202","73438518","chr1","195426651","195426966","51","121988449"
"chr10","73490180","73490412","chr9","83564541","83564775","40","10074361"
"chr10","73502411","73502710","chr1","195490541","195490838","45","121988130"
"chr10","73521136","73521438","chr1","195516018","195516322","47","121994882"
"chr10","73557620","73557930","chr1","195548002","195548305","36","121990382"
"chr10","73566762","73567086","chr2","11795961","11796289","67","61770801"
"chr10","73657464","73657517","chr2","59211560","59211613","8","14445904"
"chr10","73807494","73807805","chr1","195703067","195703369","42","121895573"
"chr10","73837036","73837345","chr6","151108613","151108922","53","77271577"
"chr10","73886500","73886570","chr4","88248131","88248203","14","14361631"
"chr10","73923379","73923687","chrX","96202007","96202315","52","22278628"
"chr10","73952508","73952811","chr4","139259106","139259407","42","65306598"
"chr10","74023068","74023370","chr19","41098693","41098995","52","32924375"
"chr10","74161003","74161300","chr1","86742621","86742919","54","12581618"
"chr10","74202742","74202874","chr2","12703019","12703151","17","61499723"
"chr10","74240192","74240504","chr14","83083786","83084089","55","8843594"
"chr10","74387719","74388008","chr1","196294096","196294364","49","121906377"
"chr10","74415540","74415827","chr9","85675690","85675984","50","11260150"
"chr10","74677023","74677322","chr11","65700168","65700463","52","8976855"
"chr10","74745436","74745697","chr9","107284610","107284879","43","32539174"
"chr10","74770443","74770730","chr6","116833090","116833381","48","42062647"
"chr10","74975980","74976289","chr1","196671410","196671713","43","121695430"
"chr10","75152842","75152963","chr17","32124610","32124726","24","43028232"
"chr10","75259455","75259582","chr19","912252","912387","31","74347203"
"chr10","75391112","75391421","chr9","98911910","98912215","52","23520798"
"chr10","75506918","75507228","chr1","197452585","197452893","53","121945667"
"chr10","75519778","75520076","chr3","142600603","142600893","45","67080825"
"chr10","75569775","75570064","chr1","116618974","116619261","51","41049199"
"chr10","75653422","75653790","chr10","336098","336444","93","75317324"
"chr10","75687369","75687526","chr4","150271555","150271713","28","74584186"
"chr10","75714261","75714572","chrX","64172412","64172721","52","11541849"
"chr10","75769198","75769487","chr3","188235049","188235330","55","112465851"
"chr10","75815643","75815956","chr1","197757276","197757571","49","121941633"
"chr10","75893338","75893489","chr7","10811943","10812091","23","65081395"
"chr10","75923757","75924033","chr9","46777958","46778230","52","29145799"
"chr10","75925799","75926096","chr1","134842106","134842410","59","58916307"
"chr10","75963371","75963672","chr5","38961993","38962289","51","37001378"
"chr10","76059370","76059683","chr9","11059883","11060192","75","64999487"
"chr10","76085619","76085892","chr4","31095524","31095798","49","44990095"
"chr10","76171230","76171518","chr4","137135438","137135728","41","60964208"
"chr10","76172743","76172827","chr4","10403753","10403838","10","65768990"
"chr10","76262672","76262967","chr22","13266743","13267039","48","62995929"
"chr10","76275501","76275810","chr9","110062644","110062956","46","33787143"
"chr10","76287977","76288270","chr1","198258707","198258991","50","121970730"
"chr10","76343136","76343253","chr2","190808609","190808723","21","114465473"
"chr10","76375306","76375589","chr1","198347283","198347570","57","121971977"
"chr10","76375870","76376125","chr1","198347846","198348121","53","121971976"
"chr10","76418069","76418353","chr1","186610138","186610422","48","110192069"
"chr10","76432666","76432969","chr10","76904858","76905160","49","472192"
"chr10","76472026","76472324","chr2","1572464","1572757","51","74899562"
"chr10","76484640","76484930","chr2","67847090","67847384","46","8637550"
"chr10","76499922","76499998","chr14","68686729","68686808","15","7813193"
"chr10","76500001","76500208","chr3","111522733","111522938","41","35022732"
"chr10","76512475","76512783","chr2","146982644","146982948","54","70470169"
"chr10","76538379","76538674","chr1","13807754","13808053","46","62730625"
"chr10","76558894","76559189","chrX","39775240","39775514","98","36783654"
"chr10","76564312","76564610","chr15","5666115","5666400","55","70898197"
"chr10","76568784","76569064","chr11","21070259","21070537","45","55498525"
"chr10","76576366","76576649","chr6","147439768","147440045","58","70863402"
"chr10","76638091","76638398","chrX","17705039","17705341","52","58933052"
"chr10","76748450","76748754","chr9","101210178","101210488","45","24461728"
"chr10","76883431","76883747","chr3","48450700","48451011","55","28432731"
"chr10","76919217","76919361","chrX","116820853","116820991","29","39901636"
"chr10","76989181","76989475","chr9","101464415","101464709","45","24475234"
"chr10","77084576","77084878","chr7","49425340","49425646","56","27659236"
"chr10","77104797","77105034","chr2","128565544","128565781","47","51460747"
"chr10","77172404","77172641","chrX","44437368","44437597","42","32735036"
"chr10","77193149","77193463","chr2","31518835","31519148","55","45674314"
"chr10","77252197","77252508","chr2","146982644","146982948","42","69730447"
"chr10","77451371","77451513","chr14","71349893","71350037","21","6101478"
"chr10","77452801","77453105","chr4","44576155","44576457","47","32876646"
"chr10","77457307","77457534","chr1","199541886","199542107","29","122084579"
"chr10","77514257","77514510","chr1","181284860","181285114","51","103770603"
"chr10","77620313","77620618","chr4","108789268","108789567","61","31168955"
"chr10","77706560","77706858","chr2","147728720","147729015","38","70022160"
"chr10","77724082","77724339","chr6","46075200","46075463","52","31648882"
"chr10","77762839","77763144","chr9","108638571","108638873","53","30875732"
"chr10","77795666","77795931","chr14","14597357","14597625","44","63198309"
"chr10","77891926","77892222","chr11","381530","381828","48","77510396"
"chr10","77896763","77897070","chr11","122686903","122687200","49","44790140"
"chr10","77898964","77899247","chr16","25250324","25250609","61","52648640"
"chr10","77918694","77918978","chr12","17160626","17160908","53","60758068"
"chr10","77921940","77922221","chr4","25746204","25746495","40","52175736"
"chr10","77946894","77946979","chr13","86514925","86515011","10","8568031"
"chr10","77949890","77950138","chr13","14552915","14553145","46","63396975"
"chr10","77954855","77954986","chr5","63243937","63244072","22","14710918"
"chr10","78061032","78061192","chr5","78438507","78438669","35","377475"
"chr10","78071859","78072164","chrX","63118288","63118597","46","14953571"
"chr10","78072755","78073021","chr5","46831038","46831292","52","31241717"
"chr10","78103711","78103883","chr11","100423951","100424114","52","22320240"
"chr10","78144306","78144595","chrX","5636981","5637273","51","72507325"
"chr10","78150698","78151004","chr7","70375823","70376126","54","7774875"
"chr10","78164141","78164424","chr13","88491783","88492066","49","10327642"
"chr10","78216755","78217065","chr2","71331505","71331809","47","6885250"
"chr10","78220450","78220746","chr1","200411120","200411417","51","122190670"
"chr10","78273283","78273592","chr1","200464287","200464587","37","122191004"
"chr10","78328877","78329177","chr14","83083786","83084089","41","4754909"
"chr10","78363716","78364013","chr11","110301672","110301966","54","31937956"
"chr10","78408201","78408512","chr5","2193404","2193714","43","76214797"
"chr10","78416715","78416796","chr5","133208563","133208644","13","54791848"
"chr10","78461527","78461648","chr12","82314094","82314209","21","3852567"
"chr10","78467127","78467425","chr11","116346925","116347227","46","37879798"
"chr10","78523006","78523312","chr3","117540807","117541109","46","39017801"
"chr10","78524369","78524666","chr4","17800131","17800429","41","60724238"
"chr10","78546191","78546487","chr1","200732338","200732623","45","122186147"
"chr10","78581920","78582230","chr2","146982644","146982948","51","68400724"
"chr10","78603053","78603359","chr4","54370195","54370493","44","24232858"
"chr10","78662385","78662677","chr12","107125942","107126232","41","28463557"
"chr10","78708313","78708478","chrX","90165469","90165629","35","11457156"
"chr10","78812642","78812939","chr21","49806208","49806506","49","29006434"
"chr10","78835453","78835744","chr12","51888773","51889064","42","26946680"
"chr10","78840825","78841030","chr1","200984293","200984497","30","122143468"
"chr10","78849989","78850202","chr1","200989341","200989555","36","122139352"
"chr10","78855760","78856063","chr1","200994006","200994301","40","122138246"
"chr10","78858269","78858393","chr8","26066343","26066475","20","52791926"
"chr10","78894262","78894561","chr7","85080523","85080815","46","6186261"
"chr10","78896197","78896508","chr13","49154086","49154372","65","29742111"
"chr10","78928977","78929068","chr2","132322447","132322539","14","53393470"
"chr10","79047820","79048125","chr9","99956407","99956710","51","20908587"
"chr10","79075418","79075704","chr3","152858583","152858869","44","73783165"
"chr10","79077138","79077239","chr5","92964095","92964193","10","13886957"
"chr10","79137851","79138099","chr5","44606303","44606540","55","34531548"
"chr10","79145860","79146163","chr15","23510227","23510531","45","55635633"
"chr10","79247498","79247717","chr10","27834176","27834398","37","51413322"
"chr10","79267338","79267537","chr9","94118761","94118972","39","14851423"
"chr10","79409708","79410018","chr5","79973720","79974028","50","564012"
"chr10","79436754","79437041","chr13","57884093","57884384","43","21552661"
"chr10","79494836","79495105","chr7","72824980","72825237","54","6669856"
"chr10","79496780","79497073","chr2","203225383","203225677","44","123728603"
"chr10","79548037","79548335","chr2","66989134","66989436","45","12558903"
"chr10","79561578","79561785","chr17","34389949","34390137","49","45171629"
"chr10","79575321","79575623","chr2","17996148","17996446","51","61579173"
"chr10","79618510","79618762","chr2","136810782","136811026","54","57192272"
"chr10","79620016","79620182","chr18","36312570","36312735","36","43307446"
"chr10","79630817","79631096","chr4","133173987","133174267","45","53543170"
"chr10","79642905","79643205","chr13","63990237","63990533","43","15652668"
"chr10","79673706","79673820","chr13","36399239","36399354","23","43274467"
"chr10","79674625","79674820","chr5","43675787","43675981","40","35998838"
"chr10","79677012","79677305","chr8","38105332","38105618","54","41571680"
"chr10","79686834","79687144","chr5","43073647","43073957","51","36613187"
"chr10","80085743","80086042","chr12","108797245","108797536","58","28711502"
"chr10","80125991","80126256","chr5","72712443","72712712","53","7413548"
"chr10","80138958","80139262","chrUn_GL286373","1249140","1249444","40","78889818"
"chr10","80206501","80206796","chr7","128121409","128121707","40","47914908"
"chr10","80217221","80217537","chr20","20195420","20195722","63","60021801"
"chr10","80314758","80314973","chrX","47930923","47931126","64","32383835"
"chr10","80359366","80359633","chr11","20088953","20089218","48","60270413"
"chr10","80409692","80409852","chr3","134810410","134810571","24","54400718"
"chr10","80476066","80476345","chrUn_GL286373","1580569","1580846","40","78895497"
"chr10","80479801","80479918","chr12","82314094","82314209","21","1834293"
"chr10","80490738","80490842","chr15","22954456","22954563","25","57536282"
"chr10","80558921","80559224","chr9","25525997","25526295","53","55032924"
"chr10","80619930","80620233","chr6","6524327","6524632","47","74095603"
"chr10","80711618","80711936","chrUn_GL286373","1836874","1837174","60","78874744"
"chr10","80712813","80712879","chr12","27496320","27496382","13","53216493"
"chr10","80755614","80755779","chr6","42829292","42829452","37","37926322"
"chr10","80768149","80768365","chr10","58355367","58355583","41","22412782"
"chr10","80772919","80773213","chr7","75325634","75325930","56","5447285"
"chr10","80805035","80805341","chr5","55380182","55380490","56","25424853"
"chr10","80887255","80887300","chr11","122904697","122904742","6","42017442"
"chr10","80926454","80926574","chr9","40121515","40121639","27","40804939"
"chr10","80927455","80927756","chrUn_GL286373","2046953","2047261","39","78880502"
"chr10","80975520","80975840","chr14","6471804","6472122","55","74503716"
"chr10","80981357","80981664","chr7","70375823","70376126","49","10605534"
"chr10","80992250","80992543","chr7","63127257","63127560","45","17864993"
"chr10","81038148","81038253","chr22","13859479","13859583","16","67178669"
"chr10","81074236","81074538","chr10","80449759","80450058","59","624477"
"chr10","81109549","81109667","chr3","165521879","165521997","19","84412330"
"chr10","81119267","81119575","chr21","44694630","44694929","53","36424637"
"chr10","81127823","81128104","chr12","79485299","79485587","45","1642524"
"chr10","81142127","81142391","chr1","201609608","201609871","32","120467481"
"chr10","81153096","81153396","chr14","76157685","76157986","46","4995411"
"chr10","81170815","81171117","chr2","150624041","150624344","49","69453226"
"chr10","81189418","81189511","chr2","150796779","150796867","20","69607361"
"chr10","81189513","81189774","chr2","91123304","91123566","52","9933791"
"chr10","81208012","81208308","chr6","17854050","17854340","50","63353962"
"chr10","81324811","81325109","chrX","51259545","51259842","45","30065266"
"chr10","81339126","81339417","chr2","147728720","147729015","46","66389594"
"chr10","81340629","81340923","chr14","81002978","81003275","48","337651"
"chr10","81395146","81395322","chr9","14473384","14473561","28","66921762"
"chr10","81400582","81400910","chr5","141380585","141380885","84","59980003"
"chr10","81423229","81423523","chr13","112047849","112048135","48","30624620"
"chr10","81525742","81526041","chr9","25525997","25526295","43","55999745"
"chr10","81535042","81535304","chr6","151454739","151455004","52","69919697"
"chr10","81561235","81561371","chr22","10042538","10042670","22","71518697"
"chr10","81654827","81655046","chr9","18594171","18594384","36","63060656"
"chr10","81677844","81677904","chr7","138579359","138579422","10","56901515"
"chr10","81679540","81679770","chr21","32830784","32831019","38","48848756"
"chr10","81680931","81681238","chr5","55380182","55380490","43","26300749"
"chr10","81683858","81684150","chr1","168510460","168510747","49","86826602"
"chr10","81700039","81700338","chr4","98746325","98746622","41","17046286"
"chr10","81720457","81720574","chr5","43376895","43376998","33","38343562"
"chr10","81769771","81770062","chr2","26778783","26779076","48","54990988"
"chr10","81781487","81781797","chr10","118578692","118578996","51","36797205"
"chr10","81823589","81823886","chr7","70375823","70376126","54","11447766"
"chr10","81845314","81845623","chr2","17996148","17996446","55","63849166"
"chr10","81852203","81852332","chr4","9872496","9872626","18","71979707"
"chr10","81878004","81878283","chr1","202266464","202266738","40","120388460"
"chr10","81878576","81878872","chr1","202267330","202267626","50","120388754"
"chr10","81882291","81882582","chr5","93075725","93076019","41","11193434"
"chr10","81895600","81895883","chrX","40379526","40379818","52","41516074"
"chr10","82048083","82048391","chr4","31195106","31195401","50","50852977"
"chr10","82054765","82055061","chr14","81589453","81589747","53","465312"
"chr10","82062398","82062704","chr5","83047784","83048085","49","985386"
"chr10","82069282","82069592","chr9","91914844","91915147","53","9845562"
"chr10","82259687","82259973","chr6","47025183","47025470","47","35234504"
"chr10","82267116","82267388","chr5","57595002","57595278","55","24672114"
"chr10","82281147","82281439","chr16","14061211","14061502","50","68219936"
"chr10","82285010","82285294","chr6","119011301","119011592","51","36726291"
"chr10","82310985","82311280","chrUn_GL286373","313748","314047","48","81997237"
"chr10","82323643","82323917","chr1","171067968","171068241","43","88744325"
"chr10","82343461","82343747","chr6","57780653","57780942","49","24562808"
"chr10","82397795","82398097","chr10","82921268","82921557","53","523473"
"chr10","82426485","82426785","chr1","77745311","77745604","53","4681174"
"chr10","82434222","82434492","chr11","21951794","21952071","52","60482428"
"chr10","82454237","82454537","chr9","14539289","14539586","49","67914948"
"chr10","82499467","82499749","chr9","39953667","39953955","50","42545800"
"chr10","82503122","82503407","chr6","17854050","17854340","56","64649072"
"chr10","82514193","82514492","chrUn_GL286373","98065","98363","52","82416128"
"chr10","82516947","82517151","chr10","105242142","105242359","58","22725195"
"chr10","82517764","82518063","chr6","48229685","48229986","52","34288079"
"chr10","82523965","82524273","chr6","75230350","75230656","44","7293615"
"chr10","82681858","82682150","chr4","12937650","12937944","49","69744208"
"chr10","82728000","82728234","chr21","6441624","6441871","60","76286376"
"chr10","82763033","82763335","chrX","17705039","17705341","52","65057994"
"chr10","82772626","82772965","chr22","16852952","16853274","88","65919674"
"chr10","82780184","82780432","chr8","93750596","93750840","53","10970412"
"chr10","82798100","82798264","chr2","111325762","111325930","30","28527662"
"chr10","82806322","82806629","chr10","1666053","1666355","50","81140269"
"chr10","82825926","82826025","chr2","15984857","15984951","15","66841069"
"chr10","82856731","82857054","chr4","139259106","139259407","80","56402375"
"chr10","82885336","82885441","chr6","150563184","150563284","24","67677848"
"chr10","82901208","82901540","chr5","11337910","11338209","71","71563298"
"chr10","82929197","82929502","chr3","173712450","173712748","52","90783253"
"chr10","82991799","82992102","chr7","53796525","53796824","47","29195274"
"chr10","83002364","83002624","chr5","72732773","72733021","49","10269591"
"chr10","83024308","83024603","chr1","202728835","202729124","36","119704527"
"chr10","83032658","83032960","chr1","202737430","202737718","40","119704772"
"chr10","83049643","83049933","chr6","17854050","17854340","47","65195593"
"chr10","83058685","83058972","chr8","47779737","47780030","57","35278948"
"chr10","83063969","83064227","chr1","202768788","202769054","50","119704819"
"chr10","83082652","83082963","chr1","202793396","202793698","47","119710744"
"chr10","83093530","83093824","chr2","47381389","47381672","54","35712141"
"chr10","83146622","83146918","chr1","202852083","202852380","42","119705461"
"chr10","83181590","83181893","chr1","202884619","202884918","50","119703029"
"chr10","83227488","83227774","chr19","17888947","17889242","50","65338541"
"chr10","83230517","83230641","chr2","62072589","62072713","23","21157928"
"chr10","83242002","83242294","chr9","76118191","76118484","49","7123811"
"chr10","83270165","83270477","chr9","93846579","93846891","44","10576414"
"chr10","83288807","83289121","chr2","146982644","146982948","50","63693837"
"chr10","83312321","83312631","chrX","117763468","117763772","48","34451147"
"chr10","83316808","83316958","chr6","67503750","67503894","31","15813058"
"chr10","83363748","83364058","chr9","17840993","17841300","54","65522755"
"chr10","83408543","83408841","chr17","68632450","68632743","50","14776093"
"chr10","83412439","83412739","chr7","66759838","66760136","47","16652601"
"chr10","83423727","83423904","chr13","95908488","95908662","32","12484761"
"chr10","83601004","83601312","chrX","107560088","107560397","53","23959084"
"chr10","83676430","83676728","chr2","203225383","203225677","41","119548953"
"chr10","83679002","83679314","chr7","85080523","85080815","57","1401521"
"chr10","83952605","83952891","chr22","41886502","41886799","51","42066103"
"chr10","83965897","83966191","chr1","203724407","203724697","42","119758510"
"chr10","84005149","84005453","chr3","117540807","117541109","41","33535658"
"chr10","84014324","84014617","chr1","138540632","138540926","45","54526308"
"chr10","84026663","84026942","chr1","203823621","203823890","46","119796958"
"chr10","84044074","84044356","chr13","9982043","9982324","41","74062031"
"chr10","84173668","84173975","chr5","4594332","4594638","45","79579336"
"chr10","84199809","84200107","chr11","122686903","122687200","43","38487094"
"chr10","84250519","84250829","chr16","77845717","77846027","49","6404802"
"chr10","84274481","84274789","chrUn_GL286435","69026","69328","41","84205455"
"chr10","84321535","84321835","chrUn_GL286217","143262","143564","57","84178273"
"chr10","84373084","84373386","chr14","14434290","14434590","53","69938794"
"chr10","84390528","84390840","chr1","140083591","140083907","71","55693063"
"chr10","84401607","84401907","chr1","204199996","204200285","70","119798389"
"chr10","84465262","84465460","chr5","43675787","43675981","49","40789475"
"chr10","84556006","84556219","chr19","1146888","1147100","40","83409118"
"chr10","84602517","84602827","chr14","69866837","69867141","45","14735680"
"chr10","84655426","84655610","chr9","30592969","30593152","39","54062457"
"chr10","84659155","84659465","chr2","146982644","146982948","45","62323489"
"chr10","84684412","84684719","chr1","156703649","156703940","69","72019237"
"chr10","84727677","84727982","chrUn_GL286451","187800","188098","52","84539877"
"chr10","84801408","84801586","chr16","54228015","54228193","30","30573393"
"chr10","84801837","84801966","chr8","74203698","74203811","30","10598139"
"chr10","84838500","84838639","chr1","205279024","205279168","29","120440524"
"chr10","84846319","84846614","chr10","120333925","120334218","49","35487606"
"chr10","84915787","84915899","chr1","204944890","204945007","24","120029103"
"chr10","84962044","84962337","chr7","67652785","67653077","46","17309259"
"chr10","84971332","84971442","chr1","198758294","198758403","22","113786962"
"chr10","84972830","84973139","chr1","204398899","204399208","36","119426069"
"chr10","85155822","85156124","chr3","3161578","3161876","52","81994244"
"chr10","85262915","85262986","chr4","41182827","41182899","8","44080088"
"chr10","85340920","85340964","chrX","134988207","134988249","6","49647287"
"chr10","85438061","85438159","chr4","146858408","146858506","10","61420347"
"chr10","85473076","85473261","chr8","11085421","11085611","51","74387655"
"chr10","85500226","85500527","chr9","45325979","45326278","42","40174247"
"chr10","85517698","85517998","chr2","2402526","2402827","44","83115172"
"chr10","85634659","85634945","chr9","115857714","115858000","50","30223055"
"chr10","85659992","85660302","chr2","146982644","146982948","50","61322652"
"chr10","85824527","85824768","chr2","94141972","94142208","42","8317445"
"chr10","85845369","85845502","chr2","31690766","31690900","15","54154603"
"chr10","85884459","85884724","chr1","205446082","205446331","43","119561623"
"chr10","85900824","85901139","chr1","103493366","103493665","65","17592542"
"chr10","85907814","85908114","chrX","111773459","111773758","49","25865645"
"chr10","86222378","86222563","chr20","41612237","41612414","46","44610141"
"chr10","86308684","86308993","chrX","16694308","16694617","51","69614376"
"chr10","86372561","86372872","chr6","75230350","75230656","43","11142211"
"chr10","86406534","86406845","chr4","54370195","54370493","53","32036339"
"chr10","86478762","86479070","chr7","35515798","35516110","43","50962964"
"chr10","86511359","86511655","chr2","203225383","203225677","42","116714024"
"chr10","86597602","86597905","chr11","82134409","82134707","57","4463193"
"chr10","86647143","86647446","chr5","55380182","55380490","49","31266961"
"chr10","86662944","86663229","chr12","36903935","36904218","43","49759009"
"chr10","86686510","86686660","chr7","64245318","64245469","30","22441192"
"chr10","86689917","86690208","chr20","43097513","43097806","42","43592404"
"chr10","86793540","86793830","chr2","8630069","8630362","42","78163471"
"chr10","86800241","86800540","chr10","48321055","48321354","44","38479186"
"chr10","86828867","86829179","chr8","93710494","93710805","42","6881627"
"chr10","86867020","86867113","chr1","206353604","206353702","15","119486584"
"chr10","86920262","86920568","chr5","83138079","83138381","53","3782183"
"chr10","86947473","86947794","chr2","146982644","146982948","52","60035171"
"chr10","86972237","86972284","chr17","16994904","16994951","3","69977333"
"chr10","86994349","86994453","chr2","36125913","36126012","17","50868436"
"chr10","87026967","87027258","chr2","66989134","66989436","48","20037833"
"chr10","87100845","87101148","chrUn_GL286435","69026","69328","55","87031819"
"chr10","87272732","87273025","chr7","4277527","4277821","50","82995205"
"chr10","87308353","87308662","chr9","101210178","101210488","43","13901825"
"chr10","87440149","87440461","chr5","73075939","73076252","51","14364210"
"chr10","87521439","87521739","chr4","18261007","18261304","48","69260432"
"chr10","87655617","87655923","chr20","28760507","28760811","40","58895110"
"chr10","87730093","87730379","chr10","80449759","80450058","47","7280334"
"chr10","87757948","87757987","chrX","16917007","16917045","4","70840941"
"chr10","88102645","88102958","chr9","101210178","101210488","50","13107533"
"chr10","88199006","88199308","chr6","140581095","140581398","49","52382089"
"chr10","88391436","88391742","chr2","132639198","132639501","48","44247762"
"chr10","89428462","89428567","chr2","47202637","47202741","12","42225825"
"chr10","89649897","89650185","chr2","74473045","74473331","48","15176852"
"chr10","89917594","89917777","chr9","14473384","14473561","32","75444210"
"chr10","90033819","90033856","chr5","41435434","41435471","6","48598385"
"chr10","90138143","90138443","chr3","52365996","52366297","69","37772147"
"chr10","90162420","90162677","chr12","115020509","115020763","47","24858089"
"chr10","90231249","90231351","chr13","62035859","62035960","19","28195390"
"chr10","90239992","90240088","chr2","182494710","182494797","19","92254718"
"chr10","90310431","90310619","chr18","38115757","38115943","36","52194674"
"chr10","90383816","90384122","chr11","19304678","19304978","41","71079138"
"chr10","90392057","90392227","chr22","34544447","34544626","35","55847610"
"chr10","90397496","90397667","chr10","126091805","126091971","29","35694309"
"chr10","90521194","90521468","chr2","168567784","168568060","58","78046590"
"chr10","90550787","90551084","chr5","116663888","116664187","39","26113101"
"chr10","90554211","90554343","chr3","165261865","165261986","28","74707654"
"chr10","90554901","90555030","chr2","193530196","193530332","23","102975295"
"chr10","90627206","90627546","chr7","81088180","81088507","75","9539026"
"chr10","90793085","90793229","chr12","7387062","7387206","35","83406023"
"chr10","90929618","90929929","chr1","157690991","157691302","49","66761373"
"chr11","111542258","111542568","chr6","21930692","21931000","49","89611566"
"chr11","115474166","115474456","chr7","85080523","85080815","45","30393643"
"chr11","131727329","131727623","chr9","123713945","123714241","42","8013384"
"chr11","60350","60404","chr10","128535005","128535062","4","128474655"
"chr11","200841","201062","chr10","27834176","27834398","37","27633335"
"chr11","275004","275134","chr2","104486328","104486458","13","104211324"
"chr11","295444","295690","chr9","114704790","114705040","49","114409346"
"chr11","333047","333330","chr9","102543021","102543299","45","102209974"
"chr11","337985","338276","chr7","46495583","46495869","54","46157598"
"chr11","382425","382716","chr10","125783518","125783814","49","125401093"
"chr11","391686","391988","chrUn_GL286254","22966","23263","34","368720"
"chr11","431848","432082","chr9","11902232","11902472","35","11470384"
"chr11","434709","434994","chr9","11904860","11905155","48","11470151"
"chr11","467639","467925","chr9","11946494","11946792","40","11478855"
"chr11","584287","584577","chr5","93075725","93076019","43","92491438"
"chr11","633713","633769","chr7","31775082","31775137","4","31141369"
"chr11","650282","650574","chr9","20427165","20427460","45","19776883"
"chr11","669185","669267","chr13","36975400","36975485","12","36306215"
"chr11","706991","707231","chr9","12213666","12213888","41","11506675"
"chr11","747095","747399","chr12","18797074","18797381","53","18049979"
"chr11","781204","781506","chrX","63118288","63118597","57","62337084"
"chr11","843737","844038","chr11","19304678","19304978","47","18460941"
"chr11","851164","851447","chr7","67333639","67333923","54","66482475"
"chr11","910623","910843","chr14","2794925","2795146","40","1884302"
"chr11","928109","928447","chr9","12427302","12427639","65","11499193"
"chr11","929948","930246","chr2","36988574","36988869","54","36058626"
"chr11","969805","970105","chr4","98746325","98746622","44","97776520"
"chr11","977221","977524","chr2","203225383","203225677","53","202248162"
"chr11","995551","995724","chr12","27994970","27995140","29","26999419"
"chr11","1001556","1001888","chr6","60340782","60341104","72","59339226"
"chr11","1014500","1014803","chr9","12528243","12528549","42","11513743"
"chr11","1016290","1016584","chr2","67197269","67197565","46","66180979"
"chr11","1032445","1032742","chr12","51888773","51889064","47","50856328"
"chr11","1086281","1086542","chr3","173064199","173064453","51","171977918"
"chr11","1087285","1087552","chr5","134531602","134531884","54","133444317"
"chr11","1099458","1099742","chr2","34962181","34962466","53","33862723"
"chr11","1167752","1168066","chr9","107288805","107289117","52","106121053"
"chr11","1184876","1185171","chr5","5039320","5039616","50","3854444"
"chr11","1190891","1191188","chr5","139889919","139890213","52","138699028"
"chr11","1201050","1201334","chr1","186610138","186610422","44","185409088"
"chr11","1216809","1217153","chr1","28466163","28466487","79","27249354"
"chr11","1225224","1225531","chr9","12764826","12765131","51","11539602"
"chr11","1233127","1233400","chr5","8282348","8282619","47","7049221"
"chr11","1238749","1239050","chr18","39208581","39208879","47","37969832"
"chr11","1249642","1249940","chr6","46911984","46912277","55","45662342"
"chr11","1299066","1299099","chr10","81291794","81291829","15","79992728"
"chr11","1299223","1299308","chr6","140444791","140444875","13","139145568"
"chr11","1299582","1299855","chr4","10702550","10702832","47","9402968"
"chr11","1380947","1381266","chr19","36137458","36137772","59","34756511"
"chr11","1450932","1451228","chr9","108679597","108679892","51","107228665"
"chr11","1498573","1498854","chr4","158481330","158481605","56","156982757"
"chr11","1571974","1572244","chrX","31479346","31479606","57","29907372"
"chr11","1735701","1735993","chr16","46721249","46721542","48","44985548"
"chr11","1749936","1750217","chr9","13289415","13289684","65","11539479"
"chr11","1755461","1755758","chr16","6809919","6810217","36","5054458"
"chr11","1928776","1929063","chr12","107125942","107126232","46","105197166"
"chr11","2154548","2154861","chr10","21024965","21025274","59","18870417"
"chr11","2468600","2468849","chr15","44251668","44251915","50","41783068"
"chr11","2686250","2686508","chr9","14230256","14230512","35","11544006"
"chr11","2744427","2744735","chr11","28170536","28170843","47","25426109"
"chr11","2880940","2881194","chr15","5555115","5555377","61","2674175"
"chr11","2896735","2897029","chr8","47779737","47780030","49","44883002"
"chr11","2897563","2897739","chr2","17329296","17329467","38","14431733"
"chr11","2913539","2913818","chr5","72172398","72172669","62","69258859"
"chr11","2952451","2952758","chr20","41078863","41079167","54","38126412"
"chr11","2972549","2972837","chrUn_GL286373","374269","374561","54","2598280"
"chr11","2995436","2995522","chr5","72615428","72615510","15","69619992"
"chr11","3004843","3005137","chr12","17470462","17470756","40","14465619"
"chr11","3023834","3024134","chr5","65296228","65296517","49","62272394"
"chr11","3031328","3031622","chr17","28540483","28540776","44","25509155"
"chr11","3037006","3037135","chr22","10937463","10937596","22","7900457"
"chr11","3039866","3040023","chrX","52244553","52244717","37","49204687"
"chr11","3119759","3120074","chr3","48450700","48451011","55","45330941"
"chr11","3121889","3122180","chr9","14654279","14654569","41","11532390"
"chr11","3122944","3123243","chr7","18384707","18385006","44","15261763"
"chr11","3859580","3859698","chr1","173147329","173147452","25","169287749"
"chr11","3942549","3942681","chr11","119124926","119125055","21","115182377"
"chr11","3943990","3944292","chr9","107670130","107670426","47","103726140"
"chr11","3954581","3954672","chr1","206506573","206506667","13","202551992"
"chr11","3972750","3972915","chr12","55885431","55885605","41","51912681"
"chr11","3985134","3985442","chr4","126062982","126063287","47","122077848"
"chr11","4167755","4168052","chrX","17705039","17705341","40","13537284"
"chr11","4248478","4248718","chr19","35527275","35527516","40","31278797"
"chr11","4419264","4419552","chr4","137455427","137455719","53","133036163"
"chr11","4454177","4454499","chr13","29011466","29011786","60","24557289"
"chr11","4487872","4488159","chr4","111795287","111795580","46","107307415"
"chr11","4492209","4492349","chr5","154536914","154537051","26","150044705"
"chr11","4498589","4498864","chr6","53972061","53972341","54","49473472"
"chr11","4535763","4536051","chr4","152245494","152245783","47","147709731"
"chr11","4575340","4575647","chr9","16167999","16168308","39","11592659"
"chr11","4681671","4681959","chr3","118139040","118139328","41","113457369"
"chr11","4716821","4717025","chr11","50895039","50895243","34","46178218"
"chr11","4770430","4770722","chr8","110833753","110834046","61","106063323"
"chr11","4808262","4808567","chr7","25925292","25925587","51","21117030"
"chr11","5264667","5264973","chr5","11439006","11439313","63","6174339"
"chr11","5386739","5387052","chr9","17019120","17019432","36","11632381"
"chr11","5408812","5409119","chr10","7410350","7410658","54","2001538"
"chr11","5512913","5513234","chr5","30889070","30889394","65","25376157"
"chr11","5716133","5716442","chr2","1940205","1940517","56","3775928"
"chr11","5783436","5783738","chr6","121802757","121803058","47","116019321"
"chr11","6138543","6138832","chr19","43685253","43685540","51","37546710"
"chr11","6196433","6196727","chr7","44689617","44689912","51","38493184"
"chr11","6351603","6351907","chr5","86811507","86811809","58","80459904"
"chr11","6360607","6360909","chr4","139259106","139259407","47","132898499"
"chr11","6383894","6384185","chr9","91913169","91913469","50","85529275"
"chr11","6474519","6474830","chr9","18126706","18127014","51","11652187"
"chr11","6524308","6524602","chr2","203225383","203225677","53","196701075"
"chr11","6531680","6531960","chrX","47790264","47790529","54","41258584"
"chr11","6531961","6532050","chr1","171824880","171824957","25","165292919"
"chr11","6540128","6540383","chr2","94141972","94142208","59","87601844"
"chr11","6548970","6549281","chr6","75230350","75230656","51","68681380"
"chr11","6549637","6549902","chr2","9703446","9703704","57","3153809"
"chr11","6580968","6581258","chr5","64266316","64266614","50","57685348"
"chr11","6604202","6604509","chr4","54370195","54370493","48","47765993"
"chr11","6621555","6621842","chr9","18285581","18285870","33","11664026"
"chr11","6660273","6660578","chr9","18325506","18325805","53","11665233"
"chr11","6675856","6676143","chr12","107125942","107126232","48","100450086"
"chr11","6679688","6679859","chr1","157150821","157150983","33","150471133"
"chr11","6726385","6726666","chr9","107726989","107727269","48","101000604"
"chr11","6761353","6761663","chr5","124645645","124645952","47","117884292"
"chr11","6918833","6919142","chr5","90286504","90286812","41","83367671"
"chr11","6993811","6994105","chr6","26822330","26822617","54","19828519"
"chr11","7009451","7009579","chr5","157861381","157861515","20","150851930"
"chr11","7014716","7015028","chr12","110923051","110923358","55","103908335"
"chr11","7016405","7016710","chr2","146982644","146982948","48","139966239"
"chr11","7021049","7021214","chr10","128506483","128506646","27","121485434"
"chr11","7030066","7030376","chr5","11439006","11439313","60","4408940"
"chr11","7054767","7055077","chr5","55380182","55380490","47","48325415"
"chr11","7096241","7096541","chr1","170771447","170771746","48","163675206"
"chr11","7144495","7144781","chr12","107125942","107126232","46","99981447"
"chr11","7187916","7188217","chr4","54370195","54370493","49","47182279"
"chr11","7219574","7219848","chr2","62013365","62013647","55","54793791"
"chr11","7221436","7221752","chr9","18964614","18964926","44","11743178"
"chr11","7244509","7244740","chr22","28693340","28693557","51","21448831"
"chr11","7248039","7248361","chr9","18964614","18964926","57","11716575"
"chr11","7311865","7312005","chrX","112083622","112083759","28","104771757"
"chr11","7312089","7312193","chr6","40438614","40438709","20","33126525"
"chr11","7344490","7344800","chrX","125368984","125369285","50","118024494"
"chr11","7388691","7388979","chr7","155162191","155162474","49","147773500"
"chr11","7392822","7393124","chr19","11713191","11713490","53","4320369"
"chr11","7432550","7432858","chr1","185100833","185101135","63","177668283"
"chr11","7577824","7577911","chr1","181466360","181466437","27","173888536"
"chr11","7718167","7718496","chr10","6094557","6094896","95","1623610"
"chr11","7784353","7784637","chr6","17854050","17854340","47","10069697"
"chr11","7822420","7822728","chr2","46650721","46651027","53","38828301"
"chr11","7837321","7837606","chr21","43283824","43284113","53","35446503"
"chr11","7852544","7852785","chr7","74582274","74582487","71","66729730"
"chr11","7852983","7853041","chr7","40874870","40874927","12","33021887"
"chr11","7879255","7879547","chr1","77745311","77745604","46","69866056"
"chr11","7886371","7886661","chr7","46337695","46337981","57","38451324"
"chr11","7887568","7887854","chrX","107658888","107659173","50","99771320"
"chr11","7902244","7902554","chr2","165490030","165490337","53","157587786"
"chr11","7905668","7905876","chr6","81037848","81038061","54","73132180"
"chr11","7906848","7907161","chrX","11945570","11945880","63","4038722"
"chr11","7911033","7911338","chr9","99956407","99956710","54","92045374"
"chr11","7975331","7975648","chr5","83043086","83043395","55","75067755"
"chr11","8019599","8019910","chr6","21930692","21931000","51","13911093"
"chr11","8047750","8047950","chrX","1126297","1126492","40","6921453"
"chr11","8056378","8056458","chr12","22139416","22139493","12","14083038"
"chr11","8091178","8091472","chr4","71933212","71933503","44","63842034"
"chr11","8099552","8099783","chr6","17317536","17317758","57","9217984"
"chr11","8139530","8139836","chr9","20420270","20420576","40","12280740"
"chr11","8156963","8157272","chr5","120225189","120225498","57","112068226"
"chr11","8184403","8184688","chrX","121377455","121377738","51","113193052"
"chr11","8200344","8200634","chr7","49580639","49580931","38","41380295"
"chr11","8208425","8208511","chr3","152891346","152891433","13","144682921"
"chr11","8222635","8222907","chr9","20511250","20511522","41","12288615"
"chr11","8270363","8270657","chr3","42689850","42690142","52","34419487"
"chr11","8477229","8477529","chr13","95853421","95853719","46","87376192"
"chr11","8496790","8497062","chr5","23713764","23714043","47","15216974"
"chr11","8514367","8514525","chr5","29090486","29090646","26","20576119"
"chr11","8585312","8585399","chr5","72615428","72615510","12","64030116"
"chr11","8625704","8625997","chr12","107125942","107126232","44","98500238"
"chr11","8676749","8676911","chr9","21034541","21034701","29","12357792"
"chr11","8677213","8677231","chr5","133174100","133174116","5","124496887"
"chr11","8677449","8677518","chr17","58253344","58253412","9","49575895"
"chr11","8687860","8688163","chrX","63118288","63118597","47","54430428"
"chr11","8691274","8691585","chr12","78919016","78919323","52","70227742"
"chr11","8701371","8701684","chr1","141894434","141894743","46","133193063"
"chr11","8724530","8724831","chr9","21087828","21088131","36","12363298"
"chr11","8728092","8728406","chr9","21091618","21091925","52","12363526"
"chr11","8738631","8738930","chr9","45325979","45326278","44","36587348"
"chr11","8765072","8765362","chr9","21127522","21127823","47","12362450"
"chr11","8765872","8765935","chr2","59294296","59294359","12","50528424"
"chr11","8854709","8855011","chr5","83138079","83138381","42","74283370"
"chr11","8866093","8866406","chr5","50537784","50538079","61","41671691"
"chr11","8876166","8876485","chr5","2193404","2193714","57","6682762"
"chr11","8922187","8922232","chr12","78019221","78019266","4","69097034"
"chr11","8946734","8947036","chr7","70375823","70376126","43","61429089"
"chr11","9104696","9104972","chr9","19636744","19637018","40","10532048"
"chr11","9289098","9289379","chr2","127177045","127177318","56","117887947"
"chr11","9341012","9341313","chr9","92955669","92955979","46","83614657"
"chr11","9433998","9434308","chr9","19805362","19805658","52","10371364"
"chr11","9484827","9485136","chr9","99360376","99360678","59","89875549"
"chr11","9577196","9577495","chr11","381530","381828","49","9195666"
"chr11","9650566","9650872","chr11","116497189","116497499","68","106846623"
"chr11","9737423","9737518","chr17","32764496","32764590","13","23027073"
"chr11","9740261","9740307","chr5","94690104","94690150","6","84949843"
"chr11","9941887","9942169","chr19","37835927","37836214","59","27894040"
"chr11","9987200","9987489","chrX","40344797","40345081","45","30357597"
"chr11","10018443","10018745","chr2","150624041","150624344","40","140605598"
"chr11","10030375","10030527","chr2","176189669","176189829","33","166159294"
"chr11","10045032","10045343","chr5","78442568","78442876","59","68397536"
"chr11","10075049","10075359","chrX","63118288","63118597","59","53043239"
"chr11","10104652","10104962","chr2","11077390","11077699","49","972738"
"chr11","10141624","10141829","chr9","11020525","11020720","40","878901"
"chr11","10222839","10223131","chr7","88697458","88697764","55","78474619"
"chr11","10224673","10224970","chr12","107125942","107126232","48","96901269"
"chr11","10231488","10231773","chr7","155356333","155356616","46","145124845"
"chr11","10268033","10268068","chr7","10013289","10013326","3","254744"
"chr11","10429466","10429546","chr14","14425150","14425232","18","3995684"
"chr11","10542056","10542135","chr7","131493848","131493929","10","120951792"
"chr11","10794803","10794865","chr22","41597781","41597842","11","30802978"
"chr11","10873282","10873582","chr9","10259202","10259503","50","614080"
"chr11","10904239","10904552","chr5","108184196","108184507","69","97279957"
"chr11","11124797","11125085","chr5","93075725","93076019","43","81950928"
"chr11","11256096","11256387","chr2","203225383","203225677","52","191969287"
"chr11","11275214","11275515","chr3","173712450","173712748","38","162437236"
"chr11","11500711","11501023","chr1","83536268","83536570","58","72035557"
"chr11","11540853","11540906","chr10","45720106","45720157","5","34179253"
"chr11","11549079","11549255","chr9","9694160","9694315","29","1854919"
"chr11","11552818","11553120","chr8","106549657","106549965","45","94996839"
"chr11","11568344","11568663","chr9","9674370","9674691","39","1893974"
"chr11","11633675","11633973","chr14","915738","916038","43","10717937"
"chr11","11636790","11636925","chr22","36870757","36870892","16","25233967"
"chr11","11669703","11670006","chrX","92800328","92800623","59","81130625"
"chr11","11694517","11694818","chr9","9529945","9530248","47","2164572"
"chr11","11756081","11756355","chr4","158481330","158481605","40","146725249"
"chr11","11826379","11826685","chr9","108638571","108638873","46","96812192"
"chr11","11835890","11836184","chr12","20230563","20230858","52","8394673"
"chr11","11848125","11848397","chr9","88651190","88651469","58","76803065"
"chr11","11905347","11905500","chr5","149306367","149306522","27","137401020"
"chr11","11917879","11918159","chrX","23685308","23685596","46","11767429"
"chr11","11931145","11931320","chr3","183689850","183690027","31","171758705"
"chr11","11968124","11968424","chr22","15856407","15856702","45","3888283"
"chr11","11988004","11988299","chr1","156644747","156645035","56","144656743"
"chr11","12021193","12021487","chrX","51259545","51259842","50","39238352"
"chr11","12040685","12041015","chr15","37514276","37514606","76","25473591"
"chr11","12048304","12048614","chr12","90860286","90860594","47","78811982"
"chr11","12210308","12210588","chr9","9008652","9008911","55","3201656"
"chr11","12274892","12275181","chr12","26130148","26130438","43","13855256"
"chr11","12316874","12317164","chr4","98746325","98746622","50","86429451"
"chr11","12337240","12337608","chr5","108338844","108339172","90","96001604"
"chr11","12469112","12469256","chr5","10559689","10559821","28","1909423"
"chr11","12511663","12511787","chr9","40018024","40018148","19","27506361"
"chr11","12513783","12514096","chr5","73075939","73076252","53","60562156"
"chr11","12514983","12515293","chr5","73075939","73076252","47","60560956"
"chr11","12575384","12575688","chr8","110783252","110783554","47","98207868"
"chr11","12623758","12624069","chrX","39183726","39184034","49","26559968"
"chr11","12638883","12639183","chr14","76157685","76157986","46","63518802"
"chr11","12645366","12645659","chr8","22254669","22254955","48","9609303"
"chr11","12687229","12687547","chr4","18194172","18194463","65","5506943"
"chr11","12730739","12731030","chr7","54715110","54715403","46","41984371"
"chr11","12839675","12839966","chr1","138955688","138955983","57","126116013"
"chr11","12922748","12923033","chr9","8263228","8263524","41","4659520"
"chr11","12965226","12965544","chr11","19304678","19304978","58","6339452"
"chr11","13025111","13025264","chr11","100423951","100424114","43","87398840"
"chr11","13152176","13152471","chr2","203225383","203225677","54","190073207"
"chr11","13157564","13157762","chr5","124178001","124178201","55","111020437"
"chr11","13185692","13186001","chr2","71331505","71331809","51","58145813"
"chr11","13245309","13245621","chr12","87181267","87181572","58","73935958"
"chr11","13476474","13476604","chr9","7671395","7671529","17","5805079"
"chr11","13588002","13588275","chr7","11535045","11535326","59","2052957"
"chr11","13778235","13778525","chr9","7349723","7350017","45","6428512"
"chr11","13795285","13795584","chr2","203225383","203225677","57","189430098"
"chr11","13809886","13810104","chr5","108229934","108230140","58","94420048"
"chr11","13836332","13836455","chr3","1530448","1530564","30","12305884"
"chr11","13857322","13857632","chr5","2193404","2193714","49","11663918"
"chr11","13898406","13898700","chr12","26860508","26860805","49","12962102"
"chr11","13909396","13909698","chr9","7205580","7205882","43","6703816"
"chr11","13912570","13912866","chr1","77745311","77745604","55","63832741"
"chr11","13935993","13936106","chr5","84481557","84481668","12","70545564"
"chr11","13990463","13990786","chr9","120471604","120471912","53","106481141"
"chr11","14005651","14005952","chr4","54370195","54370493","51","40364544"
"chr11","14028513","14028704","chr13","95908488","95908662","35","81879975"
"chr11","14032920","14033221","chr13","97504784","97505088","48","83471864"
"chr11","14050810","14051105","chr1","170771447","170771746","53","156720637"
"chr11","14058284","14058559","chr10","32038854","32039122","47","17980570"
"chr11","14109660","14109951","chr5","139889919","139890213","49","125780259"
"chr11","14124926","14125209","chr4","71933212","71933503","43","57808286"
"chr11","14139051","14139338","chr10","95850295","95850593","56","81711244"
"chr11","14177403","14177704","chr9","6954970","6955266","53","7222433"
"chr11","14185434","14185724","chr4","71933212","71933503","48","57747778"
"chr11","14224428","14224723","chr7","4965464","4965763","50","9258964"
"chr11","14241285","14241578","chr9","6906898","6907190","46","7334387"
"chr11","14263946","14264243","chr2","39828090","39828388","54","25564144"
"chr11","14288796","14288961","chr15","78299752","78299912","27","64010956"
"chr11","14289627","14289724","chr5","87036308","87036410","18","72746681"
"chr11","14296285","14296592","chr7","58381579","58381882","51","44085294"
"chr11","14312107","14312412","chr15","24029162","24029466","51","9717055"
"chr11","14352188","14352491","chr5","139889919","139890213","45","125537731"
"chr11","14411433","14411725","chr12","107125942","107126232","41","92714509"
"chr11","14416349","14416624","chr7","137412984","137413261","46","122996635"
"chr11","14498732","14499018","chr9","6677734","6678016","45","7820998"
"chr11","14536563","14536835","chr1","64689223","64689500","50","50152660"
"chr11","14559388","14559508","chr6","113318399","113318522","40","98759011"
"chr11","14617465","14617749","chr9","6554875","6555156","55","8062590"
"chr11","14799377","14799647","chr11","115294455","115294737","49","100495078"
"chr11","15093584","15093883","chr5","50537784","50538079","44","35444200"
"chr11","15107068","15107352","chr2","38560407","38560692","55","23453339"
"chr11","15375950","15376125","chr1","76981580","76981755","34","61605630"
"chr11","15485653","15485938","chr9","5675107","5675392","49","9810546"
"chr11","15492648","15492927","chr11","115294455","115294737","45","99801807"
"chr11","15518340","15518608","chr2","33495117","33495388","48","17976777"
"chr11","15597120","15597410","chrX","47407382","47407676","45","31810262"
"chr11","15626471","15626776","chr9","5555731","5556022","46","10070740"
"chr11","15961100","15961411","chr6","132694921","132695233","52","116733821"
"chr11","16151368","16151635","chr5","76785899","76786176","54","60634531"
"chr11","16262321","16262608","chr4","10702550","10702832","61","5559771"
"chr11","16348169","16348444","chr2","4984699","4984970","54","11363470"
"chr11","16387018","16387310","chr7","85080523","85080815","55","68693505"
"chr11","16389594","16389835","chr2","128565544","128565781","47","112175950"
"chr11","16492440","16492737","chr7","25925292","25925587","53","9432852"
"chr11","16537898","16538205","chr4","4326042","4326346","42","12211856"
"chr11","17003548","17003849","chr2","17996148","17996446","49","992600"
"chr11","17157745","17158055","chr11","28125301","28125613","44","10967556"
"chr11","17312319","17312585","chr9","3887933","3888203","37","13424386"
"chr11","17546743","17547050","chr9","3583269","3583570","57","13963474"
"chr11","17818727","17819022","chr8","26883216","26883508","60","9064489"
"chr11","17862892","17862986","chr1","206506573","206506667","8","188643681"
"chr11","18093702","18094011","chr5","73075939","73076252","50","54982237"
"chr11","18382772","18383049","chr3","115657864","115658148","56","97275092"
"chr11","18482128","18482434","chrX","25721983","25722284","41","7239855"
"chr11","18567143","18567459","chr1","173988262","173988576","51","155421119"
"chr11","18640501","18640801","chr9","2505816","2506114","39","16134685"
"chr11","18668313","18668615","chr9","25525997","25526295","45","6857684"
"chr11","18745699","18746009","chr7","23702059","23702362","51","4956360"
"chr11","18763039","18763344","chr9","2382132","2382435","51","16380907"
"chr11","18828371","18828622","chr5","123814840","123815090","50","104986469"
"chr11","18831191","18831503","chr5","124645645","124645952","49","105814454"
"chr11","18848345","18848620","chr15","34304425","34304697","55","15456080"
"chr11","18850815","18851102","chr4","11516138","11516428","40","7334677"
"chr11","18904274","18904602","chr1","168255466","168255766","70","149351192"
"chr11","18918576","18918704","chr11","123167073","123167197","24","104248497"
"chr11","18969931","18970199","chr1","180589014","180589283","48","161619083"
"chr11","18973554","18973719","chr22","6660273","6660438","24","12313281"
"chr11","19022668","19022762","chr17","42907043","42907135","12","23884375"
"chr11","19062998","19063289","chr21","39923210","39923479","75","20860212"
"chr11","19069806","19069974","chr14","24765808","24765978","39","5696002"
"chr11","19072830","19073122","chr4","11284826","11285123","46","7788004"
"chr11","19077424","19077733","chr9","2079548","2079859","53","16997876"
"chr11","19079612","19079910","chr7","33547338","33547635","47","14467726"
"chr11","19082457","19082747","chr4","71933212","71933503","47","52850755"
"chr11","19086441","19086733","chr17","6560271","6560556","51","12526170"
"chr11","19094282","19094585","chr9","2062128","2062427","51","17032154"
"chr11","19096999","19097306","chr5","124645645","124645952","48","105548646"
"chr11","19119207","19119361","chr5","133147997","133148143","51","114028790"
"chr11","19155693","19156002","chr15","39981685","39981986","56","20825992"
"chr11","19172712","19173006","chr22","36166225","36166522","41","16993513"
"chr11","19195835","19196132","chr1","104253890","104254191","51","85058055"
"chr11","19257777","19258071","chr4","38367185","38367480","43","19109408"
"chr11","19258731","19258889","chr2","131596102","131596261","25","112337371"
"chr11","19380303","19380608","chr5","73075939","73076252","50","53695636"
"chr11","19457504","19457796","chr12","51888773","51889064","44","32431269"
"chr11","19467737","19467984","chr16","78417785","78418022","58","58950048"
"chr11","19647132","19647423","chr4","71933212","71933503","48","52286080"
"chr11","19994371","19994666","chr16","71229692","71229976","58","51235321"
"chr11","20242889","20243187","chr9","843645","843939","50","19399244"
"chr11","20331586","20331901","chr1","177887745","177888052","55","157556159"
"chr11","20507727","20508013","chr4","6895087","6895380","54","13612640"
"chr11","20641747","20642036","chr8","39375009","39375306","66","18733262"
"chr11","20665503","20665545","chr1","182463440","182463482","3","161797937"
"chr11","20714495","20714794","chr2","154120302","154120598","51","133405807"
"chr11","20834485","20834861","chr5","115506749","115507105","103","94672264"
"chr11","21033530","21033822","chr4","144716679","144716971","49","123683149"
"chr11","21040901","21041198","chr4","71933212","71933503","55","50892311"
"chr11","21044003","21044298","chr1","65610632","65610933","45","44566629"
"chr11","21087564","21087846","chr17","27726116","27726405","50","6638552"
"chr11","21275656","21275968","chr2","150624041","150624344","46","129348385"
"chr11","21352946","21353233","chr4","109688568","109688861","46","88335622"
"chr11","21440270","21440554","chr20","588286","588566","58","20851984"
"chr11","21585459","21585745","chr5","76172590","76172876","52","54587131"
"chr11","21589000","21589095","chr5","88467647","88467739","14","66878647"
"chr11","21607998","21608296","chr11","77864205","77864502","56","56256207"
"chr11","21701575","21701861","chr11","20385409","20385702","50","1316166"
"chr11","21701864","21702152","chr17","56211521","56211811","48","34509657"
"chr11","21864361","21864654","chr5","139889919","139890213","47","118025558"
"chr11","21900925","21901219","chr12","114854084","114854381","50","92953159"
"chr11","21924201","21924474","chr10","41485100","41485371","42","19560899"
"chr11","22042365","22042671","chr7","66759838","66760136","52","44717473"
"chr11","22170147","22170449","chr5","64266316","64266614","41","42096169"
"chr11","22342592","22342884","chr22","35858140","35858429","48","13515548"
"chr11","22383233","22383411","chr3","183689850","183690027","30","161306617"
"chr11","22756893","22757184","chr15","38910043","38910338","55","16153150"
"chr11","22840736","22840860","chr11","123167073","123167197","22","100326337"
"chr11","23133251","23133565","chr17","67610664","67610971","61","44477413"
"chr11","23351210","23351274","chr14","81643439","81643510","10","58292229"
"chr11","23387245","23387524","chr12","51888773","51889064","45","28501528"
"chr11","23413401","23413491","chr4","110642008","110642097","18","87228607"
"chr11","23417597","23417890","chr2","186486811","186487100","59","163069214"
"chr11","23637556","23637842","chr1","186610138","186610422","54","162972582"
"chr11","23798268","23798584","chr9","101210178","101210488","57","77411910"
"chr11","23925757","23925889","chr2","8435393","8435522","29","15490364"
"chr11","23966777","23967073","chr10","80449759","80450058","47","56482982"
"chr11","24207514","24207821","chr2","150624041","150624344","47","126416527"
"chr11","24222894","24223043","chr22","38816936","38817091","24","14594042"
"chr11","24223044","24223081","chr12","4865367","4865403","5","19357677"
"chr11","24275588","24275870","chr12","50852343","50852625","56","26576755"
"chr11","24329483","24329783","chr5","154084537","154084834","52","129755054"
"chr11","24349634","24349928","chr9","100098416","100098714","43","75748782"
"chr11","24350692","24350990","chr5","10836382","10836675","41","13514310"
"chr11","24354249","24354535","chr7","97022652","97022933","46","72668403"
"chr11","24395884","24396163","chr18","4172731","4173009","58","20223153"
"chr11","24418922","24419229","chr7","74579378","74579682","48","50160456"
"chr11","24471771","24472082","chrUn_GL286217","143262","143564","63","24328509"
"chr11","24494352","24494635","chr5","87206621","87206875","79","62712269"
"chr11","24514198","24514487","chr2","131392530","131392812","49","106878332"
"chr11","24520247","24520557","chr6","151108613","151108922","49","126588366"
"chr11","24667911","24668212","chr1","110260245","110260541","44","85592334"
"chr11","24730189","24730482","chr3","74904577","74904866","56","50174388"
"chr11","24765561","24765840","chr4","15703542","15703820","47","9062019"
"chr11","24765846","24765944","chr12","9612526","9612620","18","15153320"
"chr11","24824852","24825174","chr4","163417212","163417515","62","138592360"
"chr11","24829093","24829369","chr11","90392541","90392816","53","65563448"
"chr11","24855584","24855881","chrX","17705039","17705341","40","7150545"
"chr11","24859808","24860113","chr12","90578774","90579076","51","65718966"
"chr11","24867022","24867318","chr5","76657634","76657940","57","51790612"
"chr11","24963850","24964148","chr10","13670605","13670898","45","11293245"
"chr11","25087914","25088217","chr2","1940205","1940517","66","23147709"
"chr11","25139830","25140130","chr7","62486081","62486384","61","37346251"
"chr11","25213465","25213764","chr3","53998644","53998936","51","28785179"
"chr11","25308448","25308693","chr12","12802070","12802312","59","12506378"
"chr11","25320291","25320584","chr10","99483273","99483561","43","74162982"
"chr11","25357032","25357336","chr2","63180548","63180847","44","37823516"
"chr11","25368290","25368599","chr2","39219560","39219863","66","13851270"
"chr11","25380070","25380210","chr2","141292969","141293110","21","115912899"
"chr11","25405310","25405604","chr9","113154871","113155174","61","87749561"
"chr11","25626811","25626935","chr15","69503904","69504028","23","43877093"
"chr11","25641643","25641798","chr5","117708441","117708596","31","92066798"
"chr11","25919349","25919640","chrX","18432136","18432433","45","7487213"
"chr11","26154047","26154323","chrX","63218584","63218867","57","37064537"
"chr11","26163433","26163477","chr22","44569677","44569721","4","18406244"
"chr11","26247600","26247899","chr4","139259106","139259407","39","113011506"
"chr11","26255453","26255713","chr3","106564757","106565021","49","80309304"
"chr11","26260621","26260925","chr7","18384707","18385006","52","7875914"
"chr11","26296274","26296544","chr16","73451047","73451314","65","47154773"
"chr11","26299065","26299381","chr2","146982644","146982948","52","120683579"
"chr11","26354439","26354756","chr7","60204006","60204315","54","33849567"
"chr11","26386285","26386588","chr5","116663888","116664187","42","90277603"
"chr11","26428312","26428508","chr11","95628544","95628735","36","69200232"
"chr11","26495351","26495511","chr4","32101212","32101368","29","5605861"
"chr11","26496575","26496859","chrUn_GL286373","2039558","2039846","41","24457017"
"chr11","26520917","26521147","chr1","151318710","151318940","48","124797793"
"chr11","26646371","26646666","chr6","135569977","135570275","57","108923606"
"chr11","26673082","26673378","chr9","111529757","111530048","45","84856675"
"chr11","26706513","26706825","chr20","12849585","12849903","70","13856928"
"chr11","26730136","26730432","chr2","31677356","31677652","42","4947220"
"chr11","26770861","26771170","chr1","100217257","100217559","54","73446396"
"chr11","26783205","26783521","chr4","17518722","17519032","60","9264483"
"chr11","26795011","26795100","chr12","9588965","9589056","14","17206046"
"chr11","26819818","26820106","chr1","13162324","13162614","49","13657494"
"chr11","26859399","26859478","chr2","63885917","63885999","14","37026518"
"chr11","26915156","26915457","chr5","83047784","83048085","43","56132628"
"chr11","26956690","26957010","chr4","152138638","152138953","52","125181948"
"chr11","27013854","27014150","chr15","40483828","40484119","49","13469974"
"chr11","27052698","27052991","chr8","21869477","21869777","50","5183221"
"chr11","27098913","27099214","chr5","116663888","116664187","42","89564975"
"chr11","27173007","27173139","chr13","43433121","43433253","20","16260114"
"chr11","27176933","27177017","chr3","3421766","3421849","19","23755167"
"chr11","27196639","27196947","chr13","16769800","16770106","46","10426839"
"chr11","27205111","27205355","chr16","71341041","71341287","68","44135930"
"chr11","27237683","27237973","chr5","158518457","158518746","45","131280774"
"chr11","27247352","27247646","chr12","110133238","110133536","60","82885886"
"chr11","27344402","27344711","chr5","73075939","73076252","51","45731537"
"chr11","27471340","27471634","chr2","203225383","203225677","49","175754043"
"chr11","27927969","27928249","chrX","53078573","53078846","57","25150604"
"chr11","28170218","28170513","chr4","54370195","54370493","55","26199977"
"chr11","28311124","28311431","chr9","42059585","42059893","68","13748461"
"chr11","28447562","28447845","chr15","45143505","45143793","58","16695943"
"chr11","28469307","28469613","chr17","23811331","23811638","55","4657976"
"chr11","28669648","28669951","chr5","55380182","55380490","50","26710534"
"chr11","28790971","28791271","chr2","71331505","71331809","49","42540534"
"chr11","28965286","28965595","chr6","21930692","21931000","51","7034594"
"chr11","28998913","28999063","chr18","23438146","23438296","34","5560767"
"chr11","29002500","29002804","chr2","39815620","39815927","54","10813120"
"chr11","29132478","29132533","chr7","54819198","54819253","6","25686720"
"chr11","29417448","29417754","chr12","6474878","6475174","59","22942570"
"chr11","29545841","29546151","chr8","114553260","114553568","44","85007419"
"chr11","29823740","29823973","chrUn_GL286409","1152149","1152367","54","28671591"
"chr11","29854954","29855249","chr3","106011472","106011765","54","76156518"
"chr11","29928067","29928363","chr2","9038123","9038416","44","20889944"
"chr11","30044423","30044569","chr5","99988159","99988305","20","69943736"
"chr11","30223787","30224088","chr2","59155205","59155495","48","28931418"
"chr11","30227674","30227960","chr12","107125942","107126232","44","76898268"
"chr11","30295443","30295747","chr10","22665922","22666223","55","7629521"
"chr11","30315217","30315536","chr2","123755200","123755498","69","93439983"
"chr11","30438896","30439036","chr22","10937463","10937596","32","19501433"
"chr11","30448687","30449016","chr4","132055862","132056190","49","101607175"
"chr11","30462178","30462485","chr1","77745311","77745604","58","47283133"
"chr11","30475007","30475095","chr5","1759512","1759601","12","28715495"
"chr11","30491278","30491553","chr2","33495117","33495388","47","3003839"
"chr11","30556176","30556348","chr3","151658588","151658763","32","121102412"
"chr11","30565755","30565920","chr9","36057756","36057915","25","5492001"
"chr11","30571559","30571608","chr16","17966411","17966461","3","12605148"
"chr11","30589655","30589928","chr2","145078220","145078494","59","114488565"
"chr11","30599079","30599191","chr5","84481557","84481668","22","53882478"
"chr11","30606237","30606475","chr9","36019814","36020052","38","5413577"
"chr11","30611344","30611459","chr9","36014255","36014367","19","5402911"
"chr11","30621064","30621385","chr6","75230350","75230656","66","44609286"
"chr11","30627442","30627734","chr3","124015561","124015853","44","93388119"
"chr11","30646305","30646594","chr3","125727711","125728005","53","95081406"
"chr11","30649756","30649984","chr1","148533416","148533629","50","117883660"
"chr11","30671393","30671683","chr7","85080523","85080815","50","54409130"
"chr11","30672940","30673231","chr9","99360376","99360678","54","68687436"
"chr11","30682066","30682373","chr21","41025095","41025401","46","10343029"
"chr11","30697563","30697808","chr9","114704790","114705040","51","84007227"
"chr11","30699782","30699914","chr13","43433121","43433253","16","12733339"
"chr11","30730014","30730312","chr5","116663888","116664187","49","85933874"
"chr11","30752215","30752496","chr3","131905784","131906066","49","101153569"
"chr11","30771580","30771666","chr4","110642008","110642097","11","79870428"
"chr11","30778320","30778624","chrUn_GL286373","1815102","1815404","51","28963218"
"chr11","30779691","30780001","chr9","35832291","35832590","55","5052600"
"chr11","30782252","30782565","chr5","43202615","43202920","62","12420363"
"chr11","30826329","30826637","chr7","70375823","70376126","52","39549494"
"chr11","30854127","30854286","chr9","35768293","35768450","27","4914166"
"chr11","30856531","30856662","chr8","87780059","87780191","17","56923528"
"chr11","30863187","30863477","chr4","108789268","108789567","58","77926081"
"chr11","30882442","30882755","chrX","63118288","63118597","47","32235846"
"chr11","30914673","30914963","chr1","185696435","185696730","50","154781762"
"chr11","30945130","30945264","chr9","35681997","35682123","18","4736867"
"chr11","31043935","31043991","chr2","97655048","97655103","9","66611113"
"chr11","31059329","31059646","chr9","120468304","120468608","59","89408975"
"chr11","31064654","31064727","chr2","148280896","148280969","14","117216242"
"chr11","31068577","31068653","chr1","200228016","200228094","11","169159439"
"chr11","31135716","31136009","chr6","57780653","57780942","42","26644937"
"chr11","31158965","31159085","chr1","205933415","205933532","21","174774450"
"chr11","31199348","31199654","chr9","35497043","35497327","65","4297695"
"chr11","31218063","31218367","chr2","79287020","79287321","54","48068957"
"chr11","31229587","31229790","chr1","201578178","201578378","57","170348591"
"chr11","31241526","31241831","chr4","71933212","71933503","56","40691686"
"chr11","31255950","31256251","chr4","152013452","152013750","42","120757502"
"chr11","31256816","31257066","chr2","186704037","186704290","52","155447221"
"chr11","31314665","31314749","chr2","63885917","63885999","15","32571252"
"chr11","31360706","31361003","chr15","38910043","38910338","49","7549337"
"chr11","31375436","31375738","chr10","115586657","115586959","49","84211221"
"chr11","31450931","31451250","chr11","28125301","28125613","56","3325630"
"chr11","31466855","31467159","chr4","139259106","139259407","51","107792251"
"chr11","31525562","31525871","chr12","87400084","87400394","45","55874522"
"chr11","31534325","31534604","chr9","35093102","35093375","44","3558777"
"chr11","31564251","31564562","chrX","96202007","96202315","48","64637756"
"chr11","31581517","31581812","chr5","85088060","85088351","62","53506543"
"chr11","31607681","31607714","chr10","40981104","40981139","4","9373423"
"chr11","31628409","31628542","chr2","65349063","65349187","28","33720654"
"chr11","31628626","31628664","chr12","88511023","88511060","9","56882397"
"chr11","31653058","31653274","chr16","74362328","74362540","37","42709270"
"chr11","31667828","31668123","chr9","34964561","34964855","40","3296733"
"chr11","31688379","31688655","chr9","34946063","34946353","51","3257684"
"chr11","31694290","31694593","chrX","111773459","111773758","48","80079169"
"chr11","31702233","31702467","chr11","106480010","106480237","45","74777777"
"chr11","31726328","31726610","chr7","81233577","81233859","53","49507249"
"chr11","31848129","31848429","chr7","33547338","33547635","41","1699209"
"chr11","31866603","31866799","chrX","123829082","123829284","44","91962479"
"chr11","31882398","31882711","chr9","34749009","34749321","58","2866611"
"chr11","31890394","31890656","chr10","75382094","75382357","46","43491700"
"chr11","31900821","31901117","chr5","50537784","50538079","48","18636963"
"chr11","31901919","31902220","chr19","1194364","1194672","53","30707555"
"chr11","31908048","31908339","chr5","120225189","120225498","60","88317141"
"chr11","31913379","31913652","chr4","158481330","158481605","44","126567951"
"chr11","31930166","31930445","chr11","22994754","22995044","54","8935412"
"chr11","31930735","31931030","chr22","9283889","9284180","52","22646846"
"chr11","31992828","31993129","chrX","46464393","46464684","54","14471565"
"chr11","32001241","32001498","chr4","155262110","155262362","52","123260869"
"chr11","32030228","32030426","chr9","34603151","34603351","40","2572923"
"chr11","32053891","32054187","chr9","34576065","34576359","44","2522174"
"chr11","32113254","32113552","chr11","97957291","97957592","47","65844037"
"chr11","32149126","32149402","chr2","18012566","18012843","54","14136560"
"chr11","32149562","32149832","chr8","110543944","110544225","54","78394382"
"chr11","32179596","32179784","chr5","58157837","58158025","40","25978241"
"chr11","32180310","32180483","chr11","100423951","100424114","48","68243641"
"chr11","32192002","32192164","chr5","29090486","29090646","32","3101516"
"chr11","32202302","32202565","chr1","184909617","184909891","83","152707315"
"chr11","32232284","32232565","chr1","108575749","108576031","50","76343465"
"chr11","32237842","32238131","chrX","92800328","92800623","44","60562486"
"chr11","32247023","32247170","chr14","71349893","71350037","23","39102870"
"chr11","32307886","32308097","chr9","34303118","34303326","36","1995232"
"chr11","32409536","32409827","chr3","48131319","48131613","55","15721783"
"chr11","32684633","32684768","chr9","34030933","34031069","22","1346300"
"chr11","32994324","32994590","chr4","61661484","61661746","52","28667160"
"chr11","33450130","33450387","chr9","33354965","33355229","40","95165"
"chr11","33551010","33551051","chr2","10579150","10579191","5","22971860"
"chr11","33681148","33681440","chr9","33122338","33122635","50","558810"
"chr11","33747753","33748044","chr17","68632450","68632743","40","34884697"
"chr11","33757808","33758105","chr6","70367906","70368206","52","36610098"
"chr11","33786787","33787079","chr1","193337980","193338276","63","159551193"
"chr11","33805005","33805307","chr5","101977054","101977356","69","68172049"
"chr11","33911622","33911917","chr9","32880706","32880992","48","1030916"
"chr11","34205939","34206249","chr5","88675295","88675605","54","54469356"
"chr11","34784531","34784837","chr9","32418916","32419217","37","2365615"
"chr11","34878958","34879237","chr9","32321033","32321317","45","2557925"
"chr11","34982781","34982830","chr5","9693350","9693399","4","25289431"
"chr11","35011349","35011640","chr1","77745311","77745604","45","42733962"
"chr11","35115659","35115845","chr9","30592969","30593152","51","4522690"
"chr11","35130675","35130998","chr15","77085877","77086177","66","41955202"
"chr11","35143094","35143386","chr20","26369514","26369801","56","8773580"
"chr11","35173331","35173596","chr9","31992722","31992972","55","3180609"
"chr11","35188960","35189248","chr1","61716542","61716830","56","26527582"
"chr11","35502818","35503118","chr12","107125942","107126232","49","71623124"
"chr11","35678058","35678341","chr9","31492404","31492688","49","4185654"
"chr11","35837124","35837420","chr5","139889919","139890213","51","104052795"
"chr11","35907842","35908140","chr5","139889919","139890213","44","103982077"
"chr11","36546737","36546926","chr9","30592969","30593152","25","5953768"
"chr11","36558237","36558374","chr5","111600548","111600688","31","75042311"
"chr11","36620920","36621052","chr2","31690766","31690900","18","4930154"
"chr11","36737684","36738003","chr5","73075939","73076252","57","36338255"
"chr11","36916359","36916662","chr11","66635820","66636129","49","29719461"
"chr11","37020393","37020689","chr1","103493366","103493665","55","66472973"
"chr11","37087685","37087975","chr7","33547338","33547635","47","3540347"
"chr11","37091665","37091833","chr2","111325762","111325930","28","74234097"
"chr11","37229379","37229706","chr1","171683432","171683747","66","134454053"
"chr11","37316866","37317157","chr8","27973324","27973613","48","9343542"
"chr11","37394952","37395235","chr1","186610138","186610422","35","149215186"
"chr11","37618631","37618703","chr9","116458069","116458139","12","78839438"
"chr11","37706673","37706729","chr18","41967662","41967715","5","4260989"
"chr11","37753836","37754123","chr5","47309745","47310037","41","9555909"
"chr11","37777975","37778235","chr13","60759063","60759326","44","22981088"
"chr11","37782707","37782987","chr7","33420121","33420399","46","4362586"
"chr11","37791204","37791503","chr9","29325751","29326052","44","8465453"
"chr11","37801066","37801339","chr2","33495117","33495388","54","4305949"
"chr11","37813843","37814149","chr4","54370195","54370493","49","16556352"
"chr11","37860914","37861216","chr14","83083786","83084089","46","45222872"
"chr11","37871997","37872291","chr9","29240981","29241281","45","8631016"
"chr11","37873717","37873851","chr5","115366774","115366909","16","77493057"
"chr11","37903492","37903550","chr10","93012650","93012707","10","55109158"
"chr11","37921350","37921651","chr15","71322961","71323259","48","33401611"
"chr11","37926084","37926369","chr7","40789702","40789982","59","2863618"
"chr11","37976821","37977113","chr5","106739595","106739889","43","68762774"
"chr11","37977611","37977884","chr5","1411519","1411794","55","36566092"
"chr11","38027369","38027522","chr4","48868307","48868462","23","10840938"
"chr11","38039507","38039591","chr7","97668711","97668790","21","59629204"
"chr11","38039703","38039818","chr5","22298299","22298412","25","15741404"
"chr11","38057855","38058039","chr7","51170784","51170961","37","13112929"
"chr11","38068419","38068701","chr3","19993966","19994253","54","18074453"
"chr11","38125887","38126060","chr15","76894005","76894170","30","38768118"
"chr11","38142779","38143062","chrX","17687979","17688258","43","20454800"
"chr11","38370228","38370534","chr10","21024965","21025274","49","17345263"
"chr11","38447746","38448032","chr1","186610138","186610422","43","148162392"
"chr11","38452740","38453035","chr15","38910043","38910338","38","457303"
"chr11","38457084","38457384","chr2","203225383","203225677","52","164768299"
"chr11","38501393","38501705","chrX","14757652","14757955","52","23743741"
"chr11","38653191","38653462","chrUn_GL286435","410528","410811","54","38242663"
"chr11","39090368","39090613","chr5","76272340","76272578","52","37181972"
"chr11","39194383","39194469","chr7","52778236","52778321","15","13583853"
"chr11","39246231","39246532","chr6","121802757","121803058","47","82556526"
"chr11","39261654","39261918","chr9","27691604","27691868","36","11570050"
"chr11","39285698","39285811","chr1","206246927","206247036","21","166961229"
"chr11","39292519","39292784","chr21","37469624","37469894","62","1822895"
"chr11","39525591","39525889","chr2","63180548","63180847","51","23654957"
"chr11","39628090","39628387","chr5","85719381","85719673","65","46091291"
"chr11","39884402","39884706","chr2","71331505","71331809","58","31447103"
"chr11","39894339","39894443","chr13","5410734","5410830","15","34483605"
"chr11","40411091","40411357","chr1","180589014","180589283","52","140177923"
"chr11","40494457","40494721","chr4","106278140","106278404","51","65783683"
"chr11","40747341","40747642","chr7","70375823","70376126","49","29628482"
"chr11","40874791","40875079","chr19","17448176","17448478","45","23426615"
"chr11","40909773","40909999","chrX","46057824","46058049","51","5148051"
"chr11","40925615","40925743","chr1","13087376","13087504","25","27838239"
"chr11","40976694","40976944","chr7","47053043","47053292","50","6076349"
"chr11","41094430","41094735","chr1","166036321","166036626","45","124941891"
"chr11","41096274","41096572","chr9","25832860","25833164","40","15263414"
"chr11","41113693","41113798","chr1","97178298","97178402","19","56064605"
"chr11","41197917","41198184","chr9","25701315","25701577","45","15496602"
"chr11","41293178","41293475","chr7","46614511","46614801","54","5321333"
"chr11","41397199","41397509","chrX","45155908","45156218","57","3758709"
"chr11","41441630","41441906","chr9","25381898","25382193","47","16059732"
"chr11","41452302","41452606","chr9","25370370","25370680","50","16081932"
"chr11","41472429","41472776","chr7","90602727","90603071","78","49130298"
"chr11","41513763","41514050","chr9","25307803","25308099","50","16205960"
"chr11","41524078","41524388","chr17","23811331","23811638","57","17712747"
"chr11","41572272","41572571","chr19","11821768","11822062","46","29750504"
"chr11","41665312","41665587","chr9","33781633","33781909","53","7883679"
"chr11","41690803","41691089","chr4","25746204","25746495","41","15944599"
"chr11","41695109","41695403","chr1","70306837","70307130","42","28611728"
"chr11","41702778","41703011","chr9","35386809","35387038","57","6315969"
"chr11","41842613","41842773","chr4","88878149","88878301","27","47035536"
"chr11","41900923","41901260","chr13","20178005","20178325","57","21722918"
"chr11","41962009","41962255","chr9","24787687","24787931","38","17174322"
"chr11","42098262","42098425","chr6","114762508","114762668","32","72664246"
"chr11","42175521","42175806","chr9","24546035","24546328","46","17629486"
"chr11","42355408","42355690","chr16","96491193","96491481","44","54135785"
"chr11","42632576","42632868","chr7","33547338","33547635","53","9085238"
"chr11","42807759","42808061","chr7","25925292","25925587","51","16882467"
"chr11","42928802","42928870","chr9","65316074","65316143","24","22387272"
"chr11","42950434","42950723","chr9","313539","313832","54","42636895"
"chr11","42967379","42967673","chr19","33857908","33858196","53","9109471"
"chr11","43003065","43003364","chr12","16529738","16530045","43","26473327"
"chr11","43014884","43015176","chr3","106011472","106011765","59","62996588"
"chr11","43114407","43114706","chr14","74527172","74527472","43","31412765"
"chr11","43121467","43121726","chr14","45451214","45451475","49","2329747"
"chr11","43277476","43277766","chr12","26130148","26130438","46","17147328"
"chr11","43295853","43296145","chr12","51888773","51889064","56","8592920"
"chr11","43296524","43296807","chr2","73704522","73704812","43","30407998"
"chr11","43383355","43383643","chr5","11716562","11716853","50","31666793"
"chr11","43422070","43422358","chr7","128716091","128716385","53","85294021"
"chr11","43432456","43432574","chr5","52807355","52807473","27","9374899"
"chr11","43499531","43499810","chr8","110543944","110544225","40","67044413"
"chr11","43547962","43548217","chr11","110182062","110182320","54","66634100"
"chr11","43652464","43652747","chr4","21633866","21634152","56","22018598"
"chr11","43668583","43668874","chr1","175759179","175759474","46","132090596"
"chr11","43671091","43671407","chr9","315991","316297","64","43355100"
"chr11","43728448","43728755","chr2","71331505","71331809","54","27603057"
"chr11","43842951","43843217","chr9","498985","499256","46","43343966"
"chr11","44055132","44055417","chr9","37124852","37125142","33","6930280"
"chr11","44192482","44192788","chr6","149679127","149679437","66","105486645"
"chr11","44287518","44287792","chr1","148438931","148439211","60","104151413"
"chr11","44351292","44351568","chr11","64170951","64171225","73","19819659"
"chr11","44385833","44386062","chr7","21935234","21935463","57","22450599"
"chr11","44449876","44450156","chr2","168567784","168568060","45","124117908"
"chr11","44450946","44451239","chr9","37399915","37400212","44","7051031"
"chr11","44466636","44466943","chr2","150624041","150624344","52","106157405"
"chr11","44489198","44489487","chr5","143527765","143528052","51","99038567"
"chr11","44489609","44489910","chr10","60607843","60608138","43","16118234"
"chr11","44525413","44525502","chr4","162630711","162630802","12","118105298"
"chr11","44636282","44636581","chr9","37593064","37593361","37","7043218"
"chr11","44651480","44651782","chr9","45325979","45326278","46","674499"
"chr11","44682023","44682191","chr2","9302081","9302246","25","35379942"
"chr11","44728423","44728584","chr5","29090486","29090646","33","15637937"
"chr11","44759446","44759773","chr9","37735334","37735648","59","7024112"
"chr11","44788440","44788743","chr5","55380182","55380490","63","10591742"
"chr11","44810127","44810424","chr21","41287096","41287394","48","3523031"
"chr11","44823712","44824025","chr9","37802881","37803192","39","7020831"
"chr11","44864029","44864371","chr21","43271965","43272296","83","1592064"
"chr11","44864425","44864726","chr4","88537915","88538212","49","43673490"
"chr11","44867619","44867757","chr1","93239077","93239215","23","48371458"
"chr11","44874894","44875068","chr5","80082333","80082514","40","35207439"
"chr11","44892503","44892809","chr1","185105558","185105857","55","140213055"
"chr11","44895378","44895710","chr13","64517031","64517338","66","19621653"
"chr11","44933424","44933733","chr9","37918633","37918925","56","7014791"
"chr11","44935897","44936186","chr9","37921075","37921376","43","7014822"
"chr11","44951930","44952189","chr5","2124648","2124911","48","42827282"
"chr11","45105315","45105468","chr5","123466989","123467139","20","78361674"
"chr11","45107950","45108248","chrX","92800328","92800623","48","47692378"
"chr11","45124477","45124763","chr15","41909535","41909809","50","3214942"
"chr11","45231542","45231850","chr1","15709909","15710212","41","29521633"
"chr11","45304812","45305081","chr20","7477077","7477364","51","37827735"
"chr11","45305504","45305798","chr1","77745311","77745604","40","32439807"
"chr11","45310921","45311211","chr2","2218970","2219260","43","43091951"
"chr11","45323235","45323599","chr1","13807754","13808053","113","31515481"
"chr11","45332981","45333261","chr1","28604368","28604662","63","16728613"
"chr11","45418593","45418905","chr21","50218914","50219220","46","4800321"
"chr11","45488847","45489154","chr9","38438462","38438749","62","7050385"
"chr11","45494419","45494730","chr9","38444047","38444360","48","7050372"
"chr11","45503379","45503679","chr7","25925292","25925587","50","19578087"
"chr11","45517344","45517602","chr10","35357250","35357506","53","10160094"
"chr11","45539726","45540035","chr5","73075939","73076252","46","27536213"
"chr11","45542959","45543067","chr13","48746210","48746327","31","3203251"
"chr11","45551563","45551868","chr1","104253890","104254191","53","58702327"
"chr11","45558750","45559019","chr14","10348834","10349112","53","35209916"
"chr11","45560938","45561244","chr2","150624041","150624344","38","105063103"
"chr11","45575779","45576077","chr1","155648769","155649066","48","110072990"
"chr11","45576776","45577089","chr9","17943911","17944216","52","27632865"
"chr11","45603893","45604204","chr4","54370195","54370493","48","8766302"
"chr11","45663562","45663671","chr11","96939245","96939356","17","51275683"
"chr11","45664653","45664963","chr9","101210178","101210488","52","55545525"
"chr11","45806083","45806390","chr3","117540807","117541109","53","71734724"
"chr11","45828909","45829034","chr4","110598415","110598536","24","64769506"
"chr11","45880519","45880846","chr4","132055862","132056190","58","86175343"
"chr11","45904080","45904338","chr9","38886588","38886850","59","7017492"
"chr11","45954056","45954351","chr4","57816210","57816506","48","11862154"
"chr11","45972063","45972351","chrX","79274827","79275092","102","33302764"
"chr11","45973516","45973824","chr2","146982644","146982948","44","101009128"
"chr11","45975398","45975697","chr12","107125942","107126232","45","61150544"
"chr11","45981931","45982215","chr13","57884093","57884384","48","11902162"
"chr11","46025681","46026000","chr5","11662865","11663166","56","34362816"
"chr11","46081133","46081272","chr13","36257159","36257296","18","9823974"
"chr11","46082404","46082712","chr2","66989134","66989436","59","20906730"
"chr11","46096670","46096969","chr9","39101231","39101520","44","6995439"
"chr11","46127089","46127364","chr9","43416740","43417011","63","2710349"
"chr11","46147864","46148169","chr20","10160789","10161092","45","35987075"
"chr11","46159775","46159823","chr4","2144675","2144724","4","44015100"
"chr11","46173852","46174162","chrUn_GL286217","143262","143564","45","46030590"
"chr11","46208540","46208693","chr9","108921534","108921695","31","62712994"
"chr11","46214424","46214608","chr2","111325762","111325930","39","65111338"
"chr11","46225547","46225814","chr5","23519377","23519655","59","22706170"
"chr11","46269679","46269894","chr12","31414265","31414478","43","14855414"
"chr11","46292533","46292818","chr12","100446405","100446694","49","54153872"
"chr11","46303524","46303817","chr7","11378557","11378860","53","34924967"
"chr11","46306697","46306982","chr5","85892770","85893056","68","39586073"
"chr11","46332368","46332760","chr4","44001060","44001434","121","2331308"
"chr11","46360210","46360512","chr1","188842151","188842454","47","142481941"
"chr11","46374976","46375263","chr3","106011472","106011765","61","59636496"
"chr11","46383159","46383505","chr13","57359420","57359758","81","10976261"
"chr11","46384731","46384984","chr12","27159992","27160249","52","19224739"
"chr11","46403221","46403502","chr12","51888773","51889064","49","5485552"
"chr11","46415637","46415947","chr13","36155844","36156159","73","10259793"
"chr11","46423500","46423803","chr2","203225383","203225677","57","156801883"
"chr11","46503537","46503809","chr4","12429965","12430236","44","34073572"
"chr11","46554072","46554362","chr8","101891681","101891969","49","55337609"
"chr11","46635016","46635309","chr14","68977031","68977330","49","22342015"
"chr11","46688184","46688492","chr9","39717698","39717996","45","6970486"
"chr11","46712194","46712358","chr16","50962154","50962320","30","4249960"
"chr11","46715750","46716060","chr9","25525997","25526295","53","21189753"
"chr11","46771753","46772034","chr7","32426442","32426720","47","14345311"
"chr11","46772923","46773206","chr5","523629","523928","57","46249294"
"chr11","46806242","46806360","chr3","72030386","72030497","24","25224144"
"chr11","46866690","46866850","chr5","125765250","125765427","33","78898560"
"chr11","46880816","46881126","chr5","802010","802319","53","46078806"
"chr11","46883311","46883607","chr18","1558100","1558396","54","45325211"
"chr11","46891739","46892054","chr1","152570018","152570318","58","105678279"
"chr11","46897917","46898204","chr19","27619331","27619631","50","19278586"
"chr11","46905518","46905805","chr9","39953667","39953955","32","6951851"
"chr11","46935589","46935872","chr1","206210603","206210888","57","159275014"
"chr11","46956611","46956931","chr5","65120226","65120539","57","18163615"
"chr11","46964672","46964983","chr5","55380182","55380490","50","8415510"
"chr11","46971779","46972072","chr3","139963629","139963912","65","92991850"
"chr11","47026661","47026866","chr8","3065607","3065810","34","43961054"
"chr11","47027515","47027601","chr9","40067265","40067348","13","6960250"
"chr11","47031887","47032230","chr5","55380182","55380490","90","8348295"
"chr11","47035100","47035329","chr12","87396417","87396644","61","40361317"
"chr11","47046003","47046304","chr9","40088266","40088564","65","6957737"
"chr11","47090182","47090492","chr9","40134975","40135281","52","6955207"
"chr11","47099049","47099353","chr9","40142516","40142813","40","6956533"
"chr11","47128605","47128914","chr3","116660901","116661212","62","69532296"
"chr11","47146966","47147253","chr3","118139040","118139328","50","70992074"
"chr11","47174535","47174835","chr5","139889919","139890213","46","92715384"
"chr11","47205576","47205877","chr2","147728720","147729015","53","100523144"
"chr11","47214227","47214535","chr21","35737308","35737611","51","11476919"
"chr11","47257082","47257381","chr9","40335816","40336119","61","6921266"
"chr11","47358877","47359119","chr9","40439945","40440188","33","6918932"
"chr11","47433908","47434213","chr9","40545591","40545888","45","6888317"
"chr11","47505498","47505810","chr12","44328089","44328397","51","3177409"
"chr11","47519045","47519125","chr9","40627572","40627651","13","6891473"
"chr11","47519224","47519520","chr7","25925292","25925587","50","21593932"
"chr11","47540025","47540324","chr7","25925292","25925587","50","21614733"
"chr11","47559432","47559733","chr1","13807754","13808053","45","33751678"
"chr11","47568884","47569195","chr4","151238342","151238657","49","103669458"
"chr11","47580199","47580493","chr4","44371451","44371741","44","3208748"
"chr11","47581551","47581846","chr9","40686499","40686800","43","6895052"
"chr11","47602725","47602857","chr4","9872496","9872626","21","37730229"
"chr11","47619240","47619539","chr7","85080523","85080815","45","37461283"
"chr11","47774270","47774485","chr8","12383225","12383425","46","35391045"
"chr11","47879919","47880210","chr2","8717285","8717578","45","39162634"
"chr11","47885259","47885563","chr5","136059619","136059920","40","88174360"
"chr11","48191850","48192149","chr15","77085877","77086177","60","28894027"
"chr11","48444030","48444097","chrUn_GL286373","792617","792691","19","47651413"
"chr11","48445515","48445677","chr4","14853396","14853576","44","33592119"
"chr11","48622633","48622932","chr5","116663888","116664187","40","68041255"
"chr11","48645319","48645630","chr17","69045271","69045580","49","20399952"
"chr11","48663675","48663962","chr5","93075725","93076019","51","44412050"
"chr11","48664957","48665235","chr9","88651190","88651469","59","39986233"
"chr11","48685107","48685293","chr6","119008386","119008575","44","70323279"
"chr11","48852641","48852872","chr2","94141972","94142208","54","45289331"
"chr11","48868210","48868251","chr12","70427","70473","12","48797783"
"chr11","48868253","48868389","chr5","157861381","157861515","20","108993128"
"chr11","48886536","48886847","chr9","42009311","42009612","43","6877225"
"chr11","48889138","48889397","chr1","121001735","121002005","51","72112597"
"chr11","48895976","48896069","chr12","9612526","9612620","10","39283450"
"chr11","48929386","48929686","chrUn_GL286435","69026","69328","49","48860360"
"chr11","48933130","48933418","chr13","58300490","58300790","55","9367360"
"chr11","48994031","48994301","chr6","118577430","118577701","51","69583399"
"chr11","48995668","48995951","chr1","210134180","210134465","61","161138512"
"chr11","48996635","48996907","chr16","95447751","95448022","45","46451116"
"chr11","49049336","49049623","chrX","45902603","45902881","53","3146733"
"chr11","49084820","49084895","chr11","69044236","69044312","16","19959416"
"chr11","49118109","49118396","chr2","1572464","1572757","47","47545645"
"chr11","49118415","49118715","chr7","18384707","18385006","47","30733708"
"chr11","49163367","49163472","chr1","160251075","160251170","22","111087708"
"chr11","49258833","49259027","chr7","50710204","50710388","34","1451371"
"chr11","49267255","49267541","chr19","27619331","27619631","56","21647924"
"chr11","49276142","49276309","chr9","42427245","42427413","19","6848897"
"chr11","49280887","49281203","chr5","25564881","25565190","58","23716006"
"chr11","49303451","49303520","chr3","143887172","143887242","12","94583721"
"chr11","49306913","49307198","chrX","40344797","40345081","43","8962116"
"chr11","49316163","49316455","chr9","80556998","80557291","42","31240835"
"chr11","49356357","49356660","chr7","46717689","46717990","45","2638668"
"chr11","49357522","49357823","chr9","25525997","25526295","52","23831525"
"chr11","49376247","49376408","chr10","44968256","44968416","38","4407991"
"chr11","49379937","49380237","chr21","49806208","49806506","48","426271"
"chr11","49382292","49382586","chr12","16514453","16514746","48","32867839"
"chr11","49384822","49384947","chr19","47888722","47888846","30","1496100"
"chr11","49390450","49390596","chr8","80033230","80033373","32","30642780"
"chr11","49402425","49402705","chrX","121377455","121377738","47","71975030"
"chr11","49410664","49410965","chrX","51259545","51259842","44","1848881"
"chr11","49416546","49416835","chr3","5815728","5816020","49","43600818"
"chr11","49474398","49474680","chr9","107284610","107284879","48","57810212"
"chr11","49510412","49510720","chr5","55380182","55380490","40","5869770"
"chr11","49609292","49609592","chrX","16102878","16103172","49","33506414"
"chr11","49627170","49627464","chr19","35779479","35779770","46","13847691"
"chr11","49674481","49674750","chr11","95629919","95630186","52","45955438"
"chr11","49867150","49867447","chr2","150624041","150624344","53","100756891"
"chr11","49879455","49879768","chr5","2193404","2193714","53","47686051"
"chr11","50022256","50022384","chr5","143581541","143581670","21","93559285"
"chr11","50066822","50067120","chr7","25925292","25925587","42","24141530"
"chr11","50083340","50083641","chr5","87850779","87851065","61","37767439"
"chr11","50140406","50140455","chr21","43193127","43193178","5","6947279"
"chr11","50171680","50171977","chr5","65296228","65296517","46","15124548"
"chr11","50181113","50181411","chr1","170771447","170771746","42","120590334"
"chr11","50196418","50196569","chr21","45338800","45338950","24","4857618"
"chr11","50216087","50216381","chr6","16483926","16484219","52","33732161"
"chr11","50229306","50229446","chr15","95313243","95313379","23","45083937"
"chr11","50230924","50231212","chr9","43478855","43479136","40","6752069"
"chr11","50267478","50267744","chr13","14552915","14553145","71","35714563"
"chr11","50296305","50296554","chr5","72732773","72733021","52","22436468"
"chr11","50573964","50574229","chr4","151608264","151608546","67","101034300"
"chr11","50872393","50872701","chr16","91138424","91138735","58","40266031"
"chr11","51007184","51007495","chr17","62830726","62831031","56","11823542"
"chr11","51007891","51008037","chr9","46751809","46751954","26","4256082"
"chr11","51233279","51233375","chr12","9612526","9612620","17","41620753"
"chr11","51234126","51234441","chr5","1076646","1076956","44","50157480"
"chr11","51254383","51254460","chr14","83388331","83388409","15","32133948"
"chr11","51393310","51393602","chr9","44619880","44620174","45","6773430"
"chr11","51434837","51435138","chr4","25746204","25746495","55","25688633"
"chr11","51440724","51441017","chr9","44663383","44663680","37","6777341"
"chr11","51454622","51454742","chr12","106627679","106627797","32","55173057"
"chr11","51516747","51517061","chr14","915738","916038","55","50601009"
"chr11","51521512","51521646","chr22","36870757","36870892","18","14650755"
"chr11","51549358","51549418","chr4","150687619","150687679","8","99138261"
"chr11","51562148","51562453","chr9","25525997","25526295","44","26036151"
"chr11","51575080","51575315","chr2","166239621","166239856","42","114664541"
"chr11","51624527","51624833","chr5","37290665","37290961","54","14333862"
"chr11","51634170","51634400","chr7","61663530","61663767","48","10029360"
"chr11","51634499","51634785","chr5","139889919","139890213","56","88255420"
"chr11","51652547","51652716","chr21","45338800","45338950","45","6313747"
"chr11","51728059","51728374","chr2","63180548","63180847","56","11452489"
"chr11","51782486","51782559","chr17","23254390","23254464","13","28528096"
"chr11","51786675","51786852","chr9","39394599","39394778","36","12392076"
"chr11","51889004","51889162","chr22","8461501","8461657","34","43427503"
"chr11","51889814","51889943","chr22","32172609","32172739","22","19717205"
"chr11","51901489","51901736","chr9","45087575","45087831","47","6813914"
"chr11","51944331","51944635","chr19","31863283","31863592","44","20081048"
"chr11","51944914","51944983","chr2","148280896","148280969","14","96335982"
"chr11","51957521","51957700","chr20","3785470","3785644","31","48172051"
"chr11","51984905","51985044","chr19","912252","912387","26","51072653"
"chr11","51989444","51989740","chr12","16212093","16212391","38","35777351"
"chr11","51993056","51993357","chr1","135371826","135372122","51","83378770"
"chr11","52024819","52025127","chr2","141631665","141631964","51","89606846"
"chr11","52037599","52037949","chr11","111005625","111005964","83","58968026"
"chr11","52038079","52038368","chr5","141618531","141618824","45","89580452"
"chr11","52045197","52045495","chr9","45254104","45254400","39","6791093"
"chr11","52068302","52068557","chr9","45276644","45276906","47","6791658"
"chr11","52074800","52075097","chr22","30337656","30337951","36","21737144"
"chr11","52113356","52113644","chr9","83573818","83574110","43","31460462"
"chr11","52115936","52116022","chr16","54177415","54177497","16","2061479"
"chr11","52122706","52123005","chr9","45342894","45343187","51","6779812"
"chr11","52141666","52141894","chrX","44437368","44437597","38","7704298"
"chr11","52142226","52142317","chr7","131706066","131706158","13","79563840"
"chr11","52143851","52144140","chr9","109961439","109961739","57","57817588"
"chr11","52188757","52188888","chr5","10559689","10559821","14","41629068"
"chr11","52230657","52230953","chr16","6809919","6810217","49","45420738"
"chr11","52271133","52271410","chr2","62114154","62114432","59","9843021"
"chr11","52285693","52285988","chrX","51282480","51282768","52","1003213"
"chr11","52295010","52295112","chrX","103199337","103199433","24","50904327"
"chr11","52312428","52312720","chr9","45546679","45546963","49","6765749"
"chr11","52336911","52336972","chr9","56957881","56957939","8","4620970"
"chr11","52363990","52364203","chr12","31414265","31414478","36","20949725"
"chr11","52369182","52369478","chr9","45612300","45612590","39","6756882"
"chr11","52395698","52395829","chr2","170735466","170735593","29","118339768"
"chr11","52396686","52396965","chr17","16847896","16848175","44","35548790"
"chr11","52429992","52430143","chr14","80704281","80704440","39","28274289"
"chr11","52444782","52444958","chr3","151322790","151322964","31","98878008"
"chr11","52477965","52478179","chr9","45705581","45705792","29","6772384"
"chr11","52609932","52610219","chr9","45829484","45829775","46","6780448"
"chr11","52633404","52633613","chrX","40515274","40515484","40","12118130"
"chr11","52647409","52647670","chr8","105549929","105550192","48","52902520"
"chr11","52676047","52676080","chr7","19146088","19146122","5","33529959"
"chr11","52693789","52694088","chr13","63475135","63475429","67","10781346"
"chr11","52832470","52832773","chr5","37902121","37902416","46","14930349"
"chr11","52835110","52835390","chr9","46076517","46076799","44","6758593"
"chr11","52846923","52847233","chr4","126062982","126063287","49","73216059"
"chr11","52851026","52851318","chr4","111795287","111795580","45","58944261"
"chr11","52866300","52866576","chr9","46108849","46109127","40","6757451"
"chr11","52872099","52872388","chr21","49806208","49806506","49","3065891"
"chr11","52885506","52885754","chr5","110852260","110852502","69","57966754"
"chr11","52932224","52932525","chr16","66568637","66568935","47","13636413"
"chr11","52941422","52941722","chr20","28221270","28221568","47","24720152"
"chr11","52968625","52968916","chr6","17854050","17854340","45","35114575"
"chr11","52979995","52980219","chr9","46224928","46225148","34","6755067"
"chr11","52980436","52980509","chr9","46225358","46225434","5","6755078"
"chr11","53058057","53058356","chr2","37952042","37952340","47","15106015"
"chr11","53135084","53135377","chr5","75977301","75977596","41","22842217"
"chr11","53170774","53171085","chrX","85991242","85991544","43","32820468"
"chr11","53211596","53211787","chr9","46467102","46467276","38","6744494"
"chr11","53222341","53222649","chr2","137711750","137712057","55","84489409"
"chr11","53239283","53239611","chr2","67170322","67170619","92","13931039"
"chr11","53305337","53305509","chr17","28328813","28328985","31","24976524"
"chr11","53355046","53355254","chr9","46599790","46600000","29","6755256"
"chr11","53360063","53360367","chr4","54001400","54001704","50","641337"
"chr11","53371176","53371307","chr15","74586980","74587109","28","21215804"
"chr11","53494768","53494986","chr20","23270162","23270387","32","30224606"
"chr11","53506368","53506665","chr9","46765091","46765384","42","6741277"
"chr11","53512882","53513189","chr6","75230350","75230656","44","21717468"
"chr11","53529738","53530024","chr1","155481150","155481435","41","101951412"
"chr11","53792502","53792805","chr9","47143739","47144017","55","6648763"
"chr11","53984851","53985038","chr14","34046246","34046434","26","19938605"
"chr11","54277482","54277761","chr2","136541690","136541970","46","82264208"
"chr11","54298465","54298800","chr2","105282418","105282750","59","50983953"
"chr11","54586425","54586717","chr9","48024852","48025150","44","6561573"
"chr11","54596146","54596448","chr14","19054626","19054929","71","35541520"
"chr11","54596664","54596985","chr7","70375823","70376126","64","15779159"
"chr11","54690010","54690319","chr9","48129404","48129716","55","6560606"
"chr11","55096686","55096963","chr20","32851240","32851521","54","22245446"
"chr11","55122735","55123028","chr4","137135438","137135728","47","82012703"
"chr11","55197569","55197876","chr1","139847840","139848147","54","84650271"
"chr11","55532325","55532475","chr5","81471713","81471855","36","25939388"
"chr11","55748071","55748268","chr1","172127347","172127548","50","116379276"
"chr11","55822263","55822532","chr10","94342101","94342382","59","38519838"
"chr11","56230757","56230897","chr9","49687385","49687525","19","6543372"
"chr11","56397535","56397834","chr2","67197269","67197565","47","10799734"
"chr11","56429518","56429817","chr9","49879947","49880245","49","6549571"
"chr11","56455810","56456121","chr2","153267314","153267618","60","96811504"
"chr11","56493970","56494276","chr5","73075939","73076252","52","16581969"
"chr11","56899711","56900012","chr1","185100833","185101135","56","128201122"
"chr11","56949563","56949841","chr12","113634286","113634558","59","56684723"
"chr11","57195346","57195664","chr15","32495325","32495639","69","24700021"
"chr11","57334048","57334337","chr13","74012801","74013097","48","16678753"
"chr11","57494011","57494293","chr9","51047043","51047323","41","6446968"
"chr11","57592132","57592267","chr4","44797533","44797669","18","12794599"
"chr11","57667686","57667893","chr3","12061251","12061458","39","45606435"
"chr11","57683601","57683895","chr19","33857908","33858196","46","23825693"
"chr11","57813870","57814165","chr2","203225383","203225677","47","145411513"
"chr11","57884651","57884958","chr5","124645645","124645952","47","66760994"
"chr11","57886959","57887254","chr2","147728720","147729015","53","89841761"
"chr11","58000244","58000564","chrX","11945570","11945880","64","46054674"
"chr11","58052738","58052919","chr5","125765250","125765427","32","67712512"
"chr11","58061880","58062165","chr4","106749058","106749336","44","48687178"
"chr11","58101881","58102195","chr16","96434332","96434644","52","38332451"
"chr11","58127610","58127912","chr7","53393585","53393889","46","4734025"
"chr11","58270914","58271203","chr21","35283943","35284237","49","22986971"
"chr11","58275644","58275823","chr13","95908488","95908662","33","37632844"
"chr11","58287101","58287397","chr9","51870812","51871110","45","6416289"
"chr11","58336650","58336949","chr17","70341771","70342065","42","12005121"
"chr11","58404171","58404466","chr9","51991769","51992064","45","6412402"
"chr11","58450693","58450999","chr10","125503014","125503329","51","67052321"
"chr11","58530857","58531152","chr9","52101955","52102251","51","6428902"
"chr11","58531395","58531685","chr9","52102572","52102852","43","6428823"
"chr11","58595413","58595725","chr1","154178819","154179123","68","95583406"
"chr11","58899558","58899870","chr12","27541092","27541402","50","31358466"
"chr11","59130959","59131258","chr7","63127257","63127560","49","3996298"
"chr11","59155912","59156212","chr9","52758205","52758501","43","6397707"
"chr11","59214064","59214348","chr12","79292811","79293099","49","20078747"
"chr11","59228527","59228827","chr1","199360645","199360948","45","140132118"
"chr11","59237987","59238131","chr9","113205770","113205926","27","53967783"
"chr11","59268994","59269274","chr5","80098086","80098375","46","20829092"
"chr11","59290990","59291180","chr22","13599132","13599310","37","45691858"
"chr11","59297917","59298225","chr11","19304678","19304978","53","39993239"
"chr11","59301657","59301964","chr20","11452092","11452405","68","47849565"
"chr11","59307071","59307373","chr9","52902911","52903208","45","6404160"
"chr11","59340486","59340792","chr1","192757436","192757740","58","133416950"
"chr11","59348093","59348386","chr9","52950156","52950453","46","6397937"
"chr11","59401821","59402122","chr7","25925292","25925587","44","33476529"
"chr11","59438379","59438684","chr9","17943911","17944216","50","41494468"
"chr11","59464683","59464989","chr7","70074333","70074637","51","10609650"
"chr11","59467915","59468221","chr18","23784042","23784347","47","35683873"
"chr11","59498981","59499280","chr9","53114238","53114519","54","6384743"
"chr11","59555474","59555722","chr1","181284860","181285114","47","121729386"
"chr11","59562648","59562950","chr6","121802757","121803058","53","62240109"
"chr11","59642133","59642349","chr6","131511764","131511980","34","71869631"
"chr11","59698408","59698710","chr3","117540807","117541109","43","57842399"
"chr11","59706238","59706535","chr9","53326911","53327210","39","6379327"
"chr11","59719256","59719439","chr4","1616768","1616944","36","58102488"
"chr11","59735760","59736001","chr9","53363457","53363691","53","6372303"
"chr11","59737358","59737641","chrX","8219981","8220272","56","51517377"
"chr11","59752668","59752961","chr1","157094647","157094947","50","97341979"
"chr11","59768388","59768694","chr13","63795202","63795505","53","4026814"
"chr11","59804482","59804770","chr4","71933212","71933503","41","12128730"
"chr11","59810518","59810594","chr9","65316074","65316143","15","5505556"
"chr11","59847364","59847657","chr5","93075725","93076019","39","33228361"
"chr11","59854851","59855151","chrX","46819628","46819925","52","13035223"
"chr11","59882021","59882147","chr12","15386416","15386540","23","44495605"
"chr11","59896114","59896299","chr9","53519561","53519733","39","6376553"
"chr11","59908437","59908716","chr2","11473797","11474071","46","48434640"
"chr11","59921839","59922137","chr11","3503006","3503301","44","56418833"
"chr11","59923914","59924212","chr6","149746694","149746991","45","89822780"
"chr11","59943209","59943486","chr4","158481330","158481605","52","98538121"
"chr11","59952444","59952716","chr6","132408951","132409222","47","72456507"
"chr11","59978557","59978712","chr16","26510925","26511082","22","33467632"
"chr11","59987043","59987353","chr16","77878727","77879028","60","17891684"
"chr11","60017778","60018059","chr9","53660671","53660951","40","6357107"
"chr11","60032176","60032267","chr7","47337010","47337098","13","12695166"
"chr11","60034237","60034326","chr5","133208563","133208644","15","73174326"
"chr11","60041602","60041907","chr9","53680102","53680415","52","6361500"
"chr11","60065302","60065617","chr5","73075939","73076252","51","13010637"
"chr11","60111803","60111887","chr5","72615428","72615510","10","12503625"
"chr11","60123274","60123567","chr1","106181395","106181691","53","46058121"
"chr11","60126971","60127262","chr15","45651516","45651801","56","14475455"
"chr11","60136987","60137249","chr9","111169093","111169350","37","51032106"
"chr11","60146796","60147083","chr2","2218970","2219260","49","57927826"
"chr11","60184441","60184729","chr10","29508947","29509244","52","30675494"
"chr11","60201384","60201677","chr9","53843887","53844179","29","6357497"
"chr11","60204918","60205195","chr9","53846779","53847056","33","6358139"
"chr11","60254145","60254445","chr9","53884228","53884517","39","6369917"
"chr11","60306758","60306974","chr7","83012804","83013011","41","22706046"
"chr11","60323361","60323444","chr10","75311753","75311834","12","14988392"
"chr11","60339505","60339576","chr5","35414238","35414310","7","24925267"
"chr11","60403663","60403946","chr2","79572103","79572387","40","19168440"
"chr11","60483140","60483449","chr6","75230350","75230656","45","14747210"
"chr11","60523146","60523239","chr11","120745152","120745246","12","60222006"
"chr11","60984162","60984462","chrUn_GL286435","69026","69328","47","60915136"
"chr11","61062587","61062892","chr5","55380182","55380490","56","5682405"
"chr11","61117497","61117721","chr1","199541886","199542107","37","138424389"
"chr11","61326176","61326473","chr4","98746325","98746622","47","37420149"
"chr11","61422213","61422524","chr10","20863520","20863828","47","40558693"
"chr11","61423275","61423407","chr19","3976115","3976245","21","57447160"
"chr11","61488440","61488609","chr9","55246171","55246334","22","6242269"
"chr11","61513465","61513782","chr5","73075939","73076252","64","11562474"
"chr11","61532184","61532466","chr6","67356747","67357038","52","5824563"
"chr11","61796072","61796228","chr17","43637431","43637588","32","18158641"
"chr11","61800303","61800579","chr10","100408257","100408540","48","38607954"
"chr11","62034963","62035246","chr9","103757616","103757907","54","41722653"
"chr11","62129239","62129507","chr6","135531665","135531946","55","73402426"
"chr11","62301723","62302011","chr20","35377695","35377984","52","26924028"
"chr11","62359411","62359719","chr3","117540807","117541109","54","55181396"
"chr11","62471959","62472257","chr10","99549243","99549540","51","37077284"
"chr11","62578191","62578340","chr9","40995099","40995250","27","21583092"
"chr11","62702090","62702378","chrX","17687979","17688258","55","45014111"
"chr11","62726645","62726925","chr4","106278140","106278404","60","43551495"
"chr11","62745432","62745484","chr3","30979334","30979387","6","31766098"
"chr11","62888524","62888829","chr10","29508947","29509244","47","33379577"
"chr11","62907760","62907949","chr1","172067426","172067622","48","109159666"
"chr11","63280524","63280652","chr7","72501851","72501979","21","9221327"
"chr11","63513098","63513391","chr5","147303241","147303531","57","83790143"
"chr11","63599376","63599697","chr5","108184196","108184507","64","44584820"
"chr11","63605257","63605549","chr9","57531555","57531845","40","6073702"
"chr11","63690903","63691188","chr9","57617405","57617706","51","6073498"
"chr11","63694503","63694653","chr20","42041370","42041520","24","21653133"
"chr11","63734829","63735126","chr4","161032062","161032360","50","97297233"
"chr11","63808822","63809129","chr9","57736338","57736646","48","6072484"
"chr11","63810791","63811099","chrX","47393224","47393529","50","16417567"
"chr11","63818200","63818505","chr6","132694921","132695233","52","68876721"
"chr11","63863810","63864129","chr9","57801440","57801756","42","6062370"
"chr11","63868748","63869041","chr3","3315808","3316101","52","60552940"
"chr11","63891590","63891879","chrX","20630958","20631247","46","43260632"
"chr11","63979983","63980299","chr13","8871038","8871361","68","55108945"
"chr11","63984015","63984217","chrX","46537116","46537321","38","17446899"
"chr11","64020376","64020663","chr9","57943424","57943717","52","6076952"
"chr11","64035925","64036126","chr4","159240199","159240394","40","95204274"
"chr11","64036258","64036310","chr5","143516957","143517012","14","79480699"
"chr11","64075062","64075140","chr22","7704699","7704768","17","56370363"
"chr11","64112777","64113074","chr7","44689617","44689912","45","19423160"
"chr11","64115465","64115756","chrX","46464393","46464684","49","17651072"
"chr11","64140837","64141131","chr3","106011472","106011765","60","41870635"
"chr11","64162258","64162586","chr2","67197269","67197565","69","3035011"
"chr11","64168409","64168711","chr7","18384707","18385006","49","45783702"
"chr11","64174462","64174610","chr14","32065886","32066034","21","32108576"
"chr11","64184235","64184334","chr3","80944350","80944450","16","16760115"
"chr11","64185329","64185469","chr15","27660893","27661035","24","36524436"
"chr11","64187620","64187928","chr9","76118191","76118484","52","11930571"
"chr11","64202562","64202712","chr14","32065886","32066034","23","32136676"
"chr11","64207914","64208068","chr5","80103764","80103915","22","15895850"
"chr11","64224294","64224558","chr12","89881356","89881627","48","25657062"
"chr11","64233425","64233714","chrX","111773459","111773758","52","47540034"
"chr11","64327053","64327357","chr9","58372885","58373185","48","5954168"
"chr11","64340196","64340523","chr19","31863283","31863592","71","32476913"
"chr11","64424118","64424378","chr9","58486112","58486371","28","5938006"
"chr11","64485735","64486045","chr2","150624041","150624344","44","86138306"
"chr11","64536172","64536380","chr9","58607743","58607968","38","5928429"
"chr11","64555243","64555542","chr9","58620732","58621027","40","5934511"
"chr11","64647272","64647398","chr1","182637715","182637844","21","117990443"
"chr11","64678849","64679113","chr16","49350408","49350679","93","15328441"
"chr11","64711540","64711781","chr5","5042006","5042244","42","59669534"
"chr11","64771475","64771770","chr9","58831028","58831309","43","5940447"
"chr11","64797678","64797816","chr9","34030933","34031069","26","30766745"
"chr11","64798308","64798586","chr1","148438931","148439211","50","83640623"
"chr11","64827189","64827401","chr3","111522733","111522938","43","46695544"
"chr11","64951906","64952204","chr19","44719392","44719692","49","20232514"
"chr11","64952206","64952339","chr1","173774620","173774755","19","108822414"
"chr11","65009447","65009486","chr1","197966598","197966633","6","132957151"
"chr11","65026055","65026356","chr11","19304678","19304978","49","45721377"
"chr11","65056285","65056563","chr4","106749058","106749336","45","41692773"
"chr11","65064314","65064600","chr4","152245494","152245783","43","87181180"
"chr11","65100245","65100554","chr14","83083786","83084089","51","17983541"
"chr11","65116732","65116996","chr7","29185317","29185581","45","35931415"
"chr11","65380256","65380574","chr7","86231545","86231863","50","20851289"
"chr11","65480733","65481017","chr10","21421380","21421659","51","44059353"
"chr11","65496337","65496630","chr11","3503006","3503301","46","61993331"
"chr11","65571680","65571966","chr12","56194707","56194993","54","9376973"
"chr11","65861331","65861639","chrX","16102878","16103172","53","49758453"
"chr11","65944303","65944592","chr11","22994754","22995044","52","42949549"
"chr11","65947148","65947430","chr7","155162191","155162474","41","89215043"
"chr11","65948092","65948408","chr5","73075939","73076252","50","7127847"
"chr11","66109655","66109949","chr3","106011472","106011765","48","39901817"
"chr11","66177933","66178169","chr5","131462395","131462632","54","65284462"
"chr11","66337794","66338060","chr10","1749382","1749654","57","64588412"
"chr11","66419933","66420235","chr11","116346925","116347227","61","49926992"
"chr11","66446778","66447065","chr3","135368615","135368897","60","68921837"
"chr11","66485419","66485717","chr9","108561006","108561303","55","42075587"
"chr11","66905311","66905606","chr9","100693063","100693366","43","33787752"
"chr11","66981611","66981901","chr9","61158381","61158681","37","5823230"
"chr11","67011841","67011926","chr2","130459575","130459659","13","63447734"
"chr11","67036120","67036409","chrUn_GL286266","74928","75215","45","66961192"
"chr11","67062035","67062332","chr9","61242129","61242419","48","5819906"
"chr11","67074077","67074364","chr9","61254028","61254312","36","5820049"
"chr11","67171006","67171280","chr5","147402122","147402395","49","80231116"
"chr11","67275186","67275492","chr1","172219779","172220075","49","104944593"
"chr11","67359079","67359375","chr6","118600755","118601054","46","51241676"
"chr11","67407661","67407968","chr5","50537784","50538079","52","16869877"
"chr11","67409690","67410001","chr9","110722601","110722899","67","43312911"
"chr11","67602067","67602157","chr12","9612526","9612620","10","57989541"
"chr11","67764360","67764676","chr9","61947614","61947934","59","5816746"
"chr11","68376636","68376925","chr17","28540483","28540776","50","39836153"
"chr11","68675343","68675605","chr6","21853442","21853698","56","46821901"
"chr11","68956308","68956602","chr1","156644747","156645035","50","87688439"
"chr11","68962585","68962890","chr9","63219574","63219873","51","5743011"
"chr11","69616992","69617281","chr2","146982644","146982948","70","77365652"
"chr11","69717517","69717770","chr1","121195018","121195289","57","51477501"
"chr11","69966993","69967087","chr16","18295895","18295979","23","51671098"
"chr11","70045954","70046062","chr5","61488662","61488776","24","8557292"
"chr11","70103962","70104277","chr16","5681054","5681364","48","64422908"
"chr11","70186975","70187260","chr3","149981130","149981412","57","79794155"
"chr11","70213761","70213827","chr18","28034167","28034234","6","42179594"
"chr11","70389494","70389764","chr8","38390659","38390935","52","31998835"
"chr11","70656716","70656918","chr1","201578178","201578378","39","130921462"
"chr11","70729079","70729372","chr6","119011301","119011592","47","48282222"
"chr11","70991697","70992006","chr12","75111086","75111395","53","4119389"
"chr11","71177599","71177900","chr5","55380182","55380490","50","15797417"
"chr11","71416625","71416900","chr7","14181724","14181998","49","57234901"
"chr11","71449168","71449438","chr10","10026953","10027220","53","61422215"
"chr11","71692342","71692640","chr4","71933212","71933503","47","240870"
"chr11","71715554","71715859","chr4","139259106","139259407","47","67543552"
"chr11","71737857","71738146","chr5","158518457","158518746","48","86780600"
"chr11","71746076","71746386","chr8","106549657","106549965","51","34803581"
"chr11","71753611","71753765","chr9","66037544","66037683","27","5716067"
"chr11","71787394","71787687","chr4","108789268","108789567","51","37001874"
"chr11","71887327","71887636","chr11","26898280","26898592","57","44989047"
"chr11","71945711","71946013","chr2","36478057","36478360","51","35467654"
"chr11","71962382","71962676","chr5","83047784","83048085","44","11085402"
"chr11","71981096","71981392","chr5","65296228","65296517","43","6684868"
"chr11","71984630","71984921","chr4","71933212","71933503","47","51418"
"chr11","72157823","72158044","chr11","106480010","106480237","46","34322187"
"chr11","72178341","72178501","chr9","12004129","12004288","39","60174212"
"chr11","72239455","72239647","chr5","756723","756913","37","71482732"
"chr11","72258383","72258639","chr9","66550639","66550900","37","5707744"
"chr11","72284566","72284845","chr9","66576385","66576667","35","5708181"
"chr11","72296085","72296372","chr5","85892770","85893056","49","13596685"
"chr11","72308176","72308348","chr3","151322790","151322964","33","79014614"
"chr11","72353856","72354146","chr4","170614224","170614525","58","98260368"
"chr11","72384909","72384976","chr9","21128018","21128086","12","51256891"
"chr11","72431294","72431609","chr5","90286504","90286812","52","17855210"
"chr11","72619104","72619224","chr21","34489551","34489669","21","38129553"
"chr11","72705125","72705436","chr10","20863520","20863828","48","51841605"
"chr11","72788642","72788917","chr5","3023450","3023724","50","69765192"
"chr11","72811525","72811820","chr12","88217479","88217771","62","15405954"
"chr11","73191804","73191919","chr12","82314094","82314209","15","9122290"
"chr11","73209169","73209450","chr22","38654238","38654519","41","34554931"
"chr11","73303879","73303960","chrX","82478649","82478729","12","9174770"
"chr11","73397859","73398160","chr4","139259106","139259407","45","65861247"
"chr11","73691570","73691695","chr10","73840862","73840985","28","149292"
"chr11","73763173","73763446","chr9","68119249","68119531","54","5643924"
"chr11","73805057","73805354","chr12","48644281","48644592","65","25160776"
"chr11","74049621","74049922","chr2","18568166","18568442","84","55481455"
"chr11","74086043","74086342","chr5","93075725","93076019","47","18989682"
"chr11","74243451","74243743","chr9","68651024","68651320","37","5592427"
"chr11","74447330","74447466","chr9","7671395","7671529","27","66775935"
"chr11","74999914","75000000","chr5","4081439","4081525","13","70918475"
"chr11","75000001","75000220","chr18","8334141","8334361","42","66665860"
"chr11","75014954","75015260","chr2","150624041","150624344","45","75609087"
"chr11","75048842","75049102","chr18","8154326","8154586","61","66894516"
"chr11","75105393","75105681","chr19","23495887","23496177","59","51609506"
"chr11","75117173","75117472","chr4","44576155","44576457","43","30541018"
"chr11","75261559","75261842","chr9","69686292","69686586","46","5575267"
"chr11","75299915","75300218","chr2","1940205","1940517","48","73359710"
"chr11","75307305","75307607","chr9","69736813","69737109","48","5570492"
"chr11","75599490","75599801","chr10","14690438","14690745","52","60909052"
"chr11","75654853","75655170","chr1","140083591","140083907","48","64428738"
"chr11","75681363","75681666","chr10","117111097","117111400","45","41429734"
"chr11","75729849","75730100","chr1","181284860","181285114","55","105555011"
"chr11","75861407","75861713","chr9","70358486","70358801","49","5502921"
"chr11","75876146","75876446","chr4","98746325","98746622","42","22870179"
"chr11","75886456","75886759","chr13","97504784","97505088","39","21618328"
"chr11","75984345","75984443","chr16","50638532","50638619","27","25345813"
"chr11","76065647","76065914","chr6","115960769","115961041","56","39895122"
"chr11","76132344","76132652","chr3","98129428","98129736","56","21997084"
"chr11","76144084","76144385","chr10","90399593","90399894","58","14255509"
"chr11","76232571","76232860","chr19","12425591","12425876","49","63806980"
"chr11","76827203","76827494","chr2","2218970","2219260","54","74608233"
"chr11","77413272","77413504","chr10","6272406","6272639","52","71140866"
"chr11","77438134","77438421","chr5","26340268","26340554","55","51097866"
"chr11","77461723","77461998","chr9","71957814","71958090","43","5503909"
"chr11","77465701","77466004","chr3","152190934","152191237","48","74725233"
"chr11","78060661","78060940","chr19","31366058","31366340","52","46694603"
"chr11","78083989","78084294","chr9","113160799","113161104","46","35076810"
"chr11","78257448","78257764","chr9","72742022","72742343","54","5515426"
"chr11","78345061","78345351","chr9","72822505","72822784","48","5522556"
"chr11","78372769","78373089","chr9","72849662","72849971","55","5523107"
"chr11","79715167","79715439","chr6","115960769","115961041","51","36245602"
"chr11","79805062","79805346","chr3","105848034","105848319","50","26042972"
"chr11","79957843","79958135","chr2","203225383","203225677","44","123267540"
"chr11","79974687","79974978","chr22","15718133","15718424","66","64256554"
"chr11","80017946","80018237","chr12","91457034","91457339","61","11439088"
"chr11","80203874","80204161","chr18","4174068","4174357","63","76029806"
"chr11","80253440","80253554","chr1","205933415","205933532","21","125679975"
"chr11","80563902","80564191","chr19","38589311","38589602","50","41974591"
"chr11","80874230","80874483","chr2","128316863","128317118","68","47442633"
"chr11","81405431","81405720","chr9","82375697","82375992","60","970266"
"chr11","81463816","81464109","chr1","77745311","77745604","55","3718505"
"chr11","81965091","81965392","chr5","64266316","64266614","43","17698775"
"chr11","81968727","81969038","chr17","69045271","69045580","47","12923456"
"chr11","81978217","81978278","chr17","34867409","34867471","14","47110808"
"chr11","82027352","82027655","chr4","161032062","161032360","48","79004710"
"chr11","82041772","82042076","chr1","140083591","140083907","54","58041819"
"chr11","82049253","82049530","chr5","121931995","121932269","55","39882742"
"chr11","82049545","82049740","chr13","63784741","63784932","39","18264804"
"chr11","82183833","82184115","chr12","115102926","115103208","45","32919093"
"chr11","82361768","82362022","chr15","66232484","66232738","33","16129284"
"chr11","82369617","82369806","chr5","84137563","84137750","31","1767946"
"chr11","82452108","82452420","chr20","20348077","20348385","48","62104031"
"chr11","82460543","82460845","chr15","66340702","66341024","47","16119841"
"chr11","82465865","82466170","chr2","71331505","71331809","57","11134360"
"chr11","82661465","82661586","chr7","49303078","49303196","21","33358387"
"chr11","82673907","82674080","chr9","98569330","98569502","38","15895423"
"chr11","82680316","82680605","chr1","13807754","13808053","50","68872562"
"chr11","82788675","82788987","chr5","59461001","59461310","50","23327674"
"chr11","82875699","82875991","chr1","202266464","202266738","67","119390765"
"chr11","83013824","83014128","chr12","53501570","53501876","44","29512254"
"chr11","83022640","83022941","chr15","66936802","66937097","41","16085838"
"chr11","83028864","83029162","chr7","66759838","66760136","51","16269026"
"chr11","83029333","83029620","chr1","116618974","116619261","45","33589641"
"chr11","83051860","83052158","chr15","66972109","66972402","48","16079751"
"chr11","83053093","83053271","chr7","42484349","42484531","33","40568744"
"chr11","83053393","83053493","chr22","16507435","16507537","13","66545958"
"chr11","83077317","83077597","chr5","2451618","2451896","62","80625699"
"chr11","83077934","83078214","chr5","2451618","2451896","63","80626316"
"chr11","83114495","83114805","chr9","99956407","99956710","42","16841912"
"chr11","83122979","83123268","chr2","2218970","2219260","52","80904009"
"chr11","83125506","83125807","chr5","673158","673457","54","82452348"
"chr11","83152438","83152589","chr10","129760983","129761137","25","46608545"
"chr11","83170759","83170983","chr6","43981844","43982082","50","39188915"
"chr11","83183959","83184060","chr12","52380235","52380336","18","30803724"
"chr11","83228845","83229141","chr4","71933212","71933503","51","11295633"
"chr11","83267952","83267994","chrX","15428193","15428233","2","67839759"
"chr11","83282022","83282326","chr18","4666096","4666389","52","78615926"
"chr11","83318946","83319265","chr15","67245341","67245654","50","16073605"
"chr11","83330172","83330455","chr8","27973324","27973613","49","55356848"
"chr11","83338382","83338682","chr15","67263959","67264251","42","16074423"
"chr11","83377296","83377387","chr2","13209783","13209876","18","70167513"
"chr11","83391806","83392093","chr19","35779479","35779770","43","47612327"
"chr11","83408083","83408245","chr2","131596102","131596261","30","48188019"
"chr11","83431252","83431523","chr5","111818560","111818820","56","28387308"
"chr11","83532870","83533176","chr1","196315390","196315694","53","112782520"
"chr11","83546765","83547051","chr1","116618974","116619261","51","33072209"
"chr11","83739954","83740210","chr5","78099242","78099485","58","5640712"
"chr11","83899692","83899923","chr15","67797460","67797689","37","16102232"
"chr11","83931390","83931686","chr2","39147956","39148247","49","44783434"
"chr11","83932631","83932975","chr20","21410052","21410387","75","62522579"
"chr11","83953647","83953942","chr4","98746325","98746622","40","14792678"
"chr11","83960471","83960771","chrX","107311171","107311473","46","23350700"
"chr11","83961436","83961738","chr20","21484687","21484985","50","62476749"
"chr11","84004518","84004801","chr7","53189934","53190210","57","30814584"
"chr11","84029456","84029770","chr12","110923051","110923358","57","26893595"
"chr11","84033348","84033628","chr1","168255466","168255766","55","84222118"
"chr11","84036396","84036627","chr7","46460788","46461020","44","37575608"
"chr11","84052505","84052805","chr10","1666053","1666355","46","82386452"
"chr11","84061971","84062286","chr15","61609668","61609978","60","22452303"
"chr11","84167827","84167959","chr13","43433121","43433253","16","40734706"
"chr11","84212796","84213081","chr4","98746325","98746622","56","14533529"
"chr11","84325880","84326177","chr1","54463990","54464289","48","29861890"
"chr11","84344916","84345189","chr9","35323793","35324067","52","49021123"
"chr11","84374924","84375198","chr15","68324766","68325041","47","16050158"
"chr11","84399257","84399538","chr15","68347745","68348012","39","16051512"
"chr11","84423899","84424134","chr17","25043524","25043760","43","59380375"
"chr11","84456863","84457152","chr14","13503786","13504068","45","70953077"
"chr11","84498276","84498566","chr2","108820112","108820406","46","24321836"
"chr11","84508912","84509181","chr10","114676687","114676939","65","30167775"
"chr11","84512579","84512889","chr5","55380182","55380490","53","29132397"
"chr11","84592291","84592596","chr3","51989230","51989530","52","32603061"
"chr11","84789793","84790124","chr15","68727067","68727374","55","16062726"
"chr11","84814260","84814312","chr1","170703737","170703784","8","85889477"
"chr11","84814380","84814630","chr4","155262110","155262362","46","70447730"
"chr11","84882717","84883003","chr1","210134180","210134465","55","125251463"
"chr11","84956830","84957132","chr6","121802757","121803058","46","36845927"
"chr11","85002388","85002513","chr15","68943747","68943871","23","16058641"
"chr11","85021693","85021877","chr15","68961570","68961749","20","16060123"
"chr11","85059385","85059527","chr15","95313243","95313379","24","10253858"
"chr11","85072162","85072455","chr2","1572464","1572757","39","83499698"
"chr11","85088807","85089114","chr2","150624041","150624344","47","65535234"
"chr11","85234210","85234476","chr7","14181724","14181998","48","71052486"
"chr11","85236069","85236364","chr2","203225383","203225677","47","117989314"
"chr11","85239190","85239470","chr6","17419263","17419544","62","67819927"
"chr11","85295817","85296112","chr10","48321055","48321354","45","36974762"
"chr11","85304319","85304428","chr3","121180061","121180167","32","35875742"
"chr11","85315538","85315792","chr6","62669991","62670256","66","22645547"
"chr11","85462373","85462682","chr4","17919516","17919823","54","67542857"
"chr11","85514974","85515284","chr9","45325979","45326278","53","40188995"
"chr11","85561115","85561220","chr11","72862729","72862816","31","12698386"
"chr11","85584781","85585089","chr2","71331505","71331809","48","14253276"
"chr11","85588280","85588563","chr12","64546985","64547274","49","21041295"
"chr11","86403526","86403821","chr2","18072200","18072496","53","68331326"
"chr11","86643839","86644130","chr9","81120894","81121195","63","5522945"
"chr11","86741842","86742150","chr5","11439006","11439313","46","75302836"
"chr11","87131611","87131743","chr18","28936391","28936527","23","58195220"
"chr11","87450733","87451011","chr6","132408951","132409222","51","44958218"
"chr11","87453765","87454060","chr21","49806208","49806506","57","37647557"
"chr11","87471382","87471669","chr9","80198105","80198382","44","7273277"
"chr11","87521356","87521667","chr16","26529425","26529732","49","60991931"
"chr11","87535980","87536253","chr4","12429965","12430236","46","75106015"
"chr11","87546199","87546497","chr11","62126692","62126987","49","25419507"
"chr11","87590599","87590901","chr19","27619331","27619631","55","59971268"
"chr11","87808732","87808863","chr5","39554908","39555035","33","48253824"
"chr11","87874225","87874513","chr9","79760886","79761169","52","8113339"
"chr11","88005582","88005724","chr6","106064476","106064617","23","18058894"
"chr11","88032275","88032509","chr15","9389834","9390061","44","78642441"
"chr11","88034766","88035046","chr4","106702443","106702725","50","18667677"
"chr11","88044604","88044900","chr9","14539289","14539586","41","73505315"
"chr11","88145617","88145915","chr2","203225383","203225677","45","115079766"
"chr11","88219894","88220196","chrX","17705039","17705341","61","70514855"
"chr11","88538185","88538317","chr3","86420730","86420862","18","2117455"
"chr11","88700293","88700581","chr4","18194172","18194463","57","70506121"
"chr11","88721971","88722262","chr9","78923236","78923530","37","9798735"
"chr11","88791172","88791477","chr16","5681054","5681364","48","83110118"
"chr11","88842469","88842756","chr19","31366058","31366340","52","57476411"
"chr11","88844762","88845025","chr13","96724086","96724356","56","7879324"
"chr11","88868709","88869000","chrX","52229341","52229630","46","36639368"
"chr11","88896896","88897205","chr9","99101374","99101680","55","10204478"
"chr11","88973802","88974089","chr9","78677468","78677774","61","10296334"
"chr11","89046620","89046782","chr17","67507130","67507290","22","21539490"
"chr11","89169468","89169767","chr7","25925292","25925587","53","63244176"
"chr11","89379701","89379989","chr3","142600603","142600893","52","53220902"
"chr11","89770410","89770694","chr13","97793409","97793699","59","8022999"
"chr11","90038477","90038771","chr9","77595816","77596110","50","12442661"
"chr11","90043580","90043897","chr7","79040423","79040732","61","11003157"
"chr11","90111621","90111908","chr5","77102385","77102680","67","13009236"
"chr11","90320939","90321234","chr2","2218970","2219260","51","88101969"
"chr11","90690416","90690643","chr8","106723527","106723746","55","16033111"
"chr11","90774305","90774607","chr4","148706460","148706764","65","57932155"
"chr11","90927010","90927288","chr14","68859815","68860079","57","22067195"
"chr11","91011805","91012083","chr1","92257912","92258194","60","1246107"
"chr11","91084724","91084884","chr5","39901179","39901335","32","51183545"
"chr11","91121039","91121323","chr9","76524754","76525041","49","14596285"
"chr11","91230917","91231240","chr9","76421301","76421625","69","14809616"
"chr11","91477464","91477740","chr2","145078220","145078494","51","53600756"
"chr11","91623850","91623982","chr5","111968927","111969057","42","20345077"
"chr11","91634973","91635110","chr9","44740587","44740719","24","46894386"
"chr11","91767074","91767357","chr9","75872764","75873058","42","15894310"
"chr11","92129591","92129765","chr5","395104","395283","38","91734487"
"chr11","92267174","92267446","chr11","74173885","74174163","50","18093289"
"chr11","92272012","92272325","chr9","75386369","75386683","57","16885643"
"chr11","92314307","92314550","chr3","106564757","106565021","56","14250450"
"chr11","92315259","92315316","chr1","117160156","117160211","8","24844897"
"chr11","92333658","92333964","chr17","67610664","67610971","41","24722994"
"chr11","92363704","92364012","chr6","8374119","8374424","49","83989585"
"chr11","92389001","92389298","chr9","25525997","25526295","52","66863004"
"chr11","92445059","92445357","chr9","83017995","83018288","42","9427064"
"chr11","92461074","92461204","chr13","43433121","43433253","19","49027953"
"chr11","92485131","92485409","chr22","31312902","31313193","55","61172229"
"chr11","92516339","92516622","chr9","83078526","83078808","39","9437813"
"chr11","92629299","92629595","chr12","51888773","51889064","43","40740526"
"chr11","92637426","92637725","chr5","523629","523928","53","92113797"
"chr11","92676717","92677020","chr2","150624041","150624344","44","57947324"
"chr11","92679056","92679354","chr5","23128027","23128331","48","69551029"
"chr11","92697047","92697329","chr2","31114394","31114671","48","61582653"
"chr11","92725925","92726236","chr6","119454843","119455151","51","26728918"
"chr11","92772080","92772249","chr13","95908488","95908662","31","3136408"
"chr11","92797843","92797883","chrX","15428193","15428233","3","77369650"
"chr11","92852892","92852940","chr12","56000792","56000839","3","36852100"
"chr11","92866456","92866634","chr6","5699963","5700138","27","87166493"
"chr11","92888477","92888776","chrX","14757652","14757955","50","78130825"
"chr11","92920425","92920620","chr5","43675787","43675981","28","49244638"
"chr11","92926792","92927103","chr8","106549657","106549965","53","13622865"
"chr11","92947560","92947875","chr5","73075939","73076252","49","19871621"
"chr11","92989514","92989823","chrX","107560088","107560397","49","14570574"
"chr11","92999147","92999431","chr9","83573818","83574110","39","9425329"
"chr11","93009308","93009609","chr9","83585427","83585728","41","9423881"
"chr11","93051628","93051809","chr9","39394599","39394778","30","53657029"
"chr11","93085790","93086093","chr2","59309203","59309514","49","33776587"
"chr11","93183930","93184236","chr9","83772364","83772674","34","9411566"
"chr11","93299168","93299471","chr5","2193404","2193714","54","91105764"
"chr11","93299631","93299926","chr1","170771447","170771746","47","77471816"
"chr11","93316474","93316774","chr9","83903076","83903373","57","9413398"
"chr11","93318366","93318665","chr4","152013452","152013750","51","58695086"
"chr11","93353628","93353799","chr9","83939233","83939402","22","9414395"
"chr11","93397474","93397770","chr5","139889919","139890213","43","46492445"
"chr11","93611972","93612265","chr5","3254168","3254463","50","90357804"
"chr11","93658975","93659271","chr10","41371866","41372162","51","52287109"
"chr11","93795400","93795711","chr13","35722511","35722820","47","58072889"
"chr11","93870847","93871146","chr5","83047784","83048085","47","10823063"
"chr11","94007036","94007321","chr12","28115667","28115956","50","65891369"
"chr11","94036783","94037098","chr5","65296228","65296517","59","28740555"
"chr11","94059951","94060256","chr2","10673170","10673480","46","83386781"
"chr11","94067727","94068028","chr5","116663888","116664187","53","22596161"
"chr11","94068648","94068941","chr17","70341771","70342065","48","23726877"
"chr11","94074090","94074412","chr19","17448176","17448478","71","76625914"
"chr11","94091425","94091472","chr2","47023538","47023584","7","47067887"
"chr11","94139600","94139867","chr9","84751154","84751420","42","9388446"
"chr11","94220668","94220819","chr10","78455759","78455910","28","15764909"
"chr11","94343724","94343853","chr13","43433121","43433253","18","50910603"
"chr11","94381339","94381633","chr11","65834106","65834397","46","28547233"
"chr11","94392596","94392904","chr10","101903752","101904064","52","7511156"
"chr11","94427316","94427621","chr9","107340576","107340874","56","12913260"
"chr11","94461677","94461973","chr2","63180548","63180847","55","31281129"
"chr11","94483359","94483501","chr3","142500002","142500144","29","48016643"
"chr11","94528412","94528702","chr2","2218970","2219260","42","92309442"
"chr11","94557601","94557859","chr9","123778317","123778575","41","29220716"
"chr11","94574613","94574894","chr9","85206727","85207002","47","9367886"
"chr11","94587487","94587833","chr5","83113516","83113861","89","11473971"
"chr11","94628462","94628736","chr5","112420913","112421191","45","17792451"
"chr11","94670833","94671092","chr22","48665240","48665492","60","46005593"
"chr11","94685187","94685476","chr6","17854050","17854340","41","76831137"
"chr11","94757276","94757584","chr5","81498354","81498668","59","13258922"
"chr11","94775024","94775243","chr10","140231","140440","49","94634793"
"chr11","94802942","94803252","chr7","70375823","70376126","46","24427119"
"chr11","94820566","94820794","chrX","120162403","120162628","47","25341837"
"chr11","94840919","94841202","chr1","155477964","155478248","53","60637045"
"chr11","94874764","94874930","chr5","110972979","110973149","26","16098215"
"chr11","94892244","94892557","chr15","61609668","61609978","47","33282576"
"chr11","94901574","94901871","chr17","9516933","9517233","52","85384641"
"chr11","94926432","94926727","chr5","139889919","139890213","49","44963487"
"chr11","94942305","94942615","chr20","23531081","23531379","59","71411224"
"chr11","94966562","94966650","chr9","79106341","79106424","17","15860221"
"chr11","94999751","94999877","chr7","43477232","43477360","17","51522519"
"chr11","95000964","95001115","chr1","102118914","102119068","27","7117950"
"chr11","95019347","95019479","chr22","4554960","4555095","31","90464387"
"chr11","95028189","95028448","chr11","116161081","116161338","43","21132892"
"chr11","95042107","95042303","chr11","95628544","95628735","38","586437"
"chr11","95061395","95061491","chr2","15984857","15984951","15","79076538"
"chr11","95104474","95104769","chr6","144170408","144170699","50","49065934"
"chr11","95128619","95128927","chr11","6154351","6154666","58","88974268"
"chr11","95149986","95150273","chr2","2218970","2219260","35","92931016"
"chr11","95152124","95152435","chr6","132694921","132695233","46","37542797"
"chr11","95163702","95163787","chr2","130459575","130459659","6","35295873"
"chr11","95203295","95203495","chr12","13379859","13380051","36","81823436"
"chr11","95260364","95260667","chr3","19993966","19994253","55","75266398"
"chr11","95318056","95318100","chr8","97260104","97260146","8","1942048"
"chr11","95318331","95318606","chr9","53552630","53552898","49","41765701"
"chr11","95355214","95355516","chr13","18338963","18339269","47","77016251"
"chr11","95368618","95368888","chr13","33871992","33872257","43","61496626"
"chr11","95372951","95373264","chr3","148559683","148559994","58","53186732"
"chr11","95380095","95380361","chr11","128079254","128079509","42","32699159"
"chr11","95381702","95382002","chrX","17705039","17705341","48","77676663"
"chr11","95406058","95406306","chr7","47053043","47053292","48","48353015"
"chr11","95593929","95594212","chr14","43953739","43954020","47","51640190"
"chr11","95649462","95649754","chr9","86301648","86301944","33","9347814"
"chr11","95657367","95657655","chr10","82921268","82921557","47","12736099"
"chr11","95687127","95687424","chr9","86347964","86348267","45","9339163"
"chr11","95702096","95702374","chr22","38654238","38654519","44","57047858"
"chr11","95724039","95724337","chr2","39092505","39092804","53","56631534"
"chr11","95746456","95746752","chr9","86417038","86417335","33","9329418"
"chr11","95832338","95832645","chr14","77613723","77614028","38","18218615"
"chr11","95844405","95844573","chr6","141514750","141514919","35","45670345"
"chr11","95892016","95892332","chr9","86562785","86563101","48","9329231"
"chr11","95906481","95906780","chrX","63118288","63118597","53","32788193"
"chr11","95909054","95909366","chr9","86579491","86579808","45","9329563"
"chr11","95933644","95933952","chr6","135756619","135756912","65","39822975"
"chr11","95934122","95934426","chr9","86606962","86607246","60","9327160"
"chr11","95947476","95947748","chr3","164929173","164929450","46","68981697"
"chr11","95983770","95984069","chr9","86649975","86650269","40","9333795"
"chr11","96100905","96101202","chr7","33547338","33547635","48","62553567"
"chr11","96142759","96143064","chr9","101210178","101210488","45","5067419"
"chr11","96165638","96165720","chr1","155360262","155360344","8","59194624"
"chr11","96170346","96170651","chr9","86824965","86825264","47","9345381"
"chr11","96379924","96380227","chr2","43475786","43476086","52","52904138"
"chr11","96420362","96420633","chr22","13342199","13342468","51","83078163"
"chr11","96485613","96485903","chr9","42064931","42065231","56","54420682"
"chr11","96783977","96784282","chr9","87490346","87490647","48","9293631"
"chr11","96790228","96790536","chr22","32343584","32343893","55","64446644"
"chr11","96817959","96818252","chr9","90082487","90082782","45","6735472"
"chr11","96819984","96820295","chr12","18797074","18797381","46","78022910"
"chr11","96830882","96831162","chr10","30059390","30059686","56","66771492"
"chr11","97132899","97133193","chrX","10624721","10625025","57","86508178"
"chr11","97192172","97192313","chr5","111600548","111600688","41","14408376"
"chr11","97373759","97374050","chr7","77326917","77327209","45","20046842"
"chr11","97602314","97602605","chr9","88336309","88336598","40","9266005"
"chr11","97619309","97619629","chrX","61607149","61607473","60","36012160"
"chr11","97734985","97735280","chr16","46721249","46721542","43","51013736"
"chr11","97815306","97815606","chr1","121265312","121265615","51","23450006"
"chr11","97835978","97836276","chr9","44880088","44880390","42","52955890"
"chr11","97926752","97927050","chr16","32274417","32274717","42","65652335"
"chr11","97929586","97929861","chr4","158481330","158481605","42","60551744"
"chr11","97996529","97996642","chr5","84481557","84481668","17","13514972"
"chr11","98033533","98033837","chr9","88757599","88757902","44","9275934"
"chr11","98038435","98038730","chr9","88762489","88762783","40","9275946"
"chr11","98042971","98043258","chr12","64546985","64547274","41","33495986"
"chr11","98045496","98045591","chr2","152866148","152866244","16","54820652"
"chr11","98046438","98046563","chr1","201750673","201750794","28","103704235"
"chr11","98084075","98084378","chr17","42991131","42991434","52","55092944"
"chr11","98133465","98133668","chr5","82210611","82210812","35","15922854"
"chr11","98145994","98146119","chr11","123167073","123167197","25","25021079"
"chr11","98168925","98169193","chr9","88904825","88905087","34","9264100"
"chr11","98172567","98172867","chr9","40072917","40073224","52","58099650"
"chr11","98177911","98178201","chr8","38105332","38105618","45","60072579"
"chr11","98234636","98234715","chr6","87821737","87821814","16","10412899"
"chr11","98244537","98244818","chr9","88981764","88982047","39","9262773"
"chr11","98321249","98321556","chr5","124645645","124645952","44","26324396"
"chr11","98352327","98352627","chr9","89088833","89089122","38","9263494"
"chr11","98460961","98461264","chrUn_GL286217","143262","143564","48","98317699"
"chr11","98604605","98604900","chr15","72516887","72517186","51","26087718"
"chr11","98754116","98754407","chrX","45924991","45925287","55","52829125"
"chr11","98756871","98757156","chr7","10130585","10130869","43","88626286"
"chr11","98845432","98845735","chr17","9171207","9171505","50","89674225"
"chr11","98986073","98986344","chr19","30037309","30037579","41","68948764"
"chr11","99048391","99048696","chr18","23784042","23784347","61","75264349"
"chr11","99184780","99185088","chrX","16694308","16694617","57","82490472"
"chr11","99195083","99195356","chr20","29384795","29385070","51","69810288"
"chr11","99237954","99238251","chr8","29283402","29283703","52","69954552"
"chr11","99288253","99288544","chr9","90082487","90082782","40","9205766"
"chr11","99383403","99383686","chr9","90571036","90571329","53","8812367"
"chr11","99384032","99384358","chr16","86316810","86317132","58","13067222"
"chr11","99452684","99452978","chr11","97213328","97213619","48","2239356"
"chr11","99455731","99456024","chr6","123857644","123857938","51","24401913"
"chr11","99457538","99457811","chr9","90248696","90248993","54","9208842"
"chr11","99476024","99476321","chr5","2721752","2722048","58","96754272"
"chr11","99480098","99480392","chr19","31168814","31169108","55","68311284"
"chr11","99485286","99485597","chr9","93846579","93846891","58","5638707"
"chr11","99520659","99520958","chr14","97870491","97870788","58","1650168"
"chr11","99537592","99537677","chr4","10403753","10403838","18","89133839"
"chr11","99597343","99597646","chr3","51989230","51989530","43","47608113"
"chr11","99615343","99615647","chr10","127697989","127698296","49","28082646"
"chr11","99644946","99645192","chr16","74362328","74362540","68","25282618"
"chr11","99664206","99664456","chr9","90451771","90452025","42","9212435"
"chr11","99700630","99700807","chr14","68474159","68474333","38","31226471"
"chr11","99757905","99758212","chr2","71331505","71331809","42","28426400"
"chr11","99779329","99779633","chr13","63990237","63990533","49","35789092"
"chr11","99784780","99785075","chr12","3664468","3664760","40","96120312"
"chr11","99912415","99912529","chr11","13889614","13889722","22","86022801"
"chr11","99925119","99925427","chr9","90716363","90716671","44","9208756"
"chr11","99925437","99925742","chr7","56296910","56297210","52","43628527"
"chr11","100110846","100111151","chr8","114553260","114553568","48","14442414"
"chr11","100142072","100142406","chr13","100594297","100594623","55","452225"
"chr11","100175693","100175918","chr1","5749156","5749364","60","94426537"
"chr11","100205137","100205255","chr3","72030386","72030497","21","28174751"
"chr11","100238406","100238705","chr9","108638571","108638873","42","8400165"
"chr11","100389484","100389779","chr5","139889919","139890213","36","39500435"
"chr11","100435788","100435864","chr4","105510508","105510584","13","5074720"
"chr11","100435913","100436138","chr11","106480010","106480237","31","6044097"
"chr11","100696409","100696715","chr5","11439006","11439313","50","89257403"
"chr11","100701498","100701545","chr1","81922323","81922372","7","18779175"
"chr11","100706025","100706316","chr9","91515263","91515545","38","9190762"
"chr11","100725170","100725473","chr4","151238342","151238657","62","50513172"
"chr11","100725608","100725907","chr3","3161578","3161876","45","97564030"
"chr11","100755981","100756272","chrX","107972971","107973268","48","7216990"
"chr11","100772263","100772372","chr8","35060828","35060933","18","65711435"
"chr11","100784111","100784415","chr9","83585427","83585728","49","17198684"
"chr11","100785555","100785849","chr4","158769812","158770108","45","57984257"
"chr11","100829095","100829386","chr10","81463952","81464250","55","19365143"
"chr11","100832284","100832548","chr9","11437101","11437364","58","89395183"
"chr11","100844331","100844623","chr12","16212093","16212391","52","84632238"
"chr11","100859604","100859898","chrX","17315139","17315434","47","83544465"
"chr11","100876248","100876548","chrX","117877413","117877714","51","17001165"
"chr11","100877719","100878016","chr9","85600159","85600457","42","15277560"
"chr11","100894274","100894576","chr1","121265312","121265615","40","20371038"
"chr11","100902532","100902769","chr2","97744853","97745083","55","3157679"
"chr11","100947701","100948002","chr9","91913169","91913469","42","9034532"
"chr11","100957331","100957640","chr19","27619331","27619631","57","73338000"
"chr11","100969437","100969741","chr2","150624041","150624344","49","49654604"
"chr11","100981960","100982246","chr4","158481330","158481605","53","57499370"
"chr11","100989329","100989631","chr9","91827182","91827482","50","9162147"
"chr11","100990192","100990492","chr2","146982644","146982948","50","45992452"
"chr11","100995024","100995318","chr9","91832986","91833290","53","9162038"
"chr11","101002360","101002652","chr19","43659630","43659919","53","57342730"
"chr11","101008371","101008664","chr9","65441359","65441649","47","35567012"
"chr11","101008916","101009207","chr9","91847398","91847696","46","9161518"
"chr11","101070649","101070954","chr9","91913169","91913469","43","9157480"
"chr11","101158499","101158795","chr17","67610664","67610971","51","33547835"
"chr11","101203725","101203926","chr6","119008386","119008575","35","17804661"
"chr11","101226126","101226262","chr15","95313243","95313379","26","5912883"
"chr11","101235529","101235824","chr9","92021787","92022093","49","9213742"
"chr11","101263373","101263666","chrX","45563978","45564273","46","55699395"
"chr11","101293374","101293667","chr6","95444593","95444888","41","5848781"
"chr11","101299299","101299590","chr6","144170408","144170699","52","42871109"
"chr11","101460952","101461249","chr9","92255195","92255489","47","9205757"
"chr11","101609166","101609445","chr9","92404651","92404933","39","9204515"
"chr11","101690603","101690895","chr2","147728720","147729015","42","46038117"
"chr11","101699860","101700159","chr18","5071565","5071862","45","96628295"
"chr11","101990992","101991088","chr4","110642008","110642097","13","8651016"
"chr11","102012127","102012434","chr9","108638571","108638873","56","6626444"
"chr11","102171800","102172078","chr3","188235049","188235330","47","86063249"
"chr11","102173835","102174116","chr6","39494333","39494622","48","62679502"
"chr11","102366368","102366415","chrX","111847816","111847859","5","9481448"
"chr11","102722655","102722963","chr1","200054590","200054896","46","97331935"
"chr11","102866669","102866965","chr8","116926243","116926538","63","14059574"
"chr11","102952419","102952642","chr9","93739512","93739759","50","9212907"
"chr11","102983739","102984032","chr4","71933212","71933503","45","31050527"
"chr11","102998417","102998723","chr2","71331505","71331809","45","31666912"
"chr11","103104786","103105081","chr1","155425229","155425519","42","52320443"
"chr11","103148735","103148954","chr5","105357395","105357614","40","2208660"
"chr11","103203962","103204261","chr9","45325979","45326278","47","57877983"
"chr11","103206074","103206388","chr9","93991512","93991819","54","9214562"
"chr11","103242832","103243121","chr9","94027567","94027862","41","9215265"
"chr11","103243466","103243767","chr2","71298755","71299066","52","31944711"
"chr11","103246999","103247301","chr11","23484066","23484369","47","79762933"
"chr11","103253453","103253753","chr5","79303042","79303347","49","23950411"
"chr11","103344013","103344190","chr1","191817382","191817565","36","88473369"
"chr11","103384791","103385073","chrX","40344797","40345081","48","63039994"
"chr11","103390297","103390433","chr11","20996417","20996549","14","82393880"
"chr11","103424789","103425100","chr5","79303042","79303347","56","24121747"
"chr11","103437798","103438103","chrX","117955769","117956070","37","14517971"
"chr11","103475668","103475758","chr7","51444843","51444923","18","52030825"
"chr11","103484714","103485016","chr9","94258781","94259086","47","9225933"
"chr11","103512620","103512923","chr5","124645645","124645952","56","21133025"
"chr11","103532076","103532291","chr11","109778064","109778275","60","6245988"
"chr11","103548031","103548320","chr8","97151075","97151355","55","6396956"
"chr11","103556199","103556472","chr9","94336807","94337057","56","9219392"
"chr11","103573059","103573367","chrX","64172412","64172721","59","39400647"
"chr11","103573369","103573674","chr10","118578692","118578996","59","15005323"
"chr11","103689386","103689697","chr9","94459367","94459680","48","9230019"
"chr11","103729762","103730077","chr11","116346925","116347227","54","12617163"
"chr11","103763637","103763924","chr9","94532796","94533077","49","9230841"
"chr11","103796467","103796786","chr11","66635820","66636129","59","37160647"
"chr11","103814598","103814900","chrX","17705039","17705341","46","86109559"
"chr11","103933411","103933700","chr9","94714435","94714727","45","9218976"
"chr11","104100632","104100815","chr12","25912418","25912606","32","78188214"
"chr11","104149983","104150288","chr12","91457034","91457339","50","12692949"
"chr11","104192674","104192964","chr5","52276617","52276902","51","51916057"
"chr11","104270353","104270443","chr5","72615428","72615510","12","31654925"
"chr11","104307977","104308268","chr4","109688568","109688861","42","5380591"
"chr11","104470912","104471168","chrY","2059490","2059753","57","102411422"
"chr11","104776157","104776431","chr10","33147665","33147939","50","71628492"
"chr11","104799904","104800178","chr7","91403090","91403365","48","13396814"
"chr11","104836724","104837021","chr3","152858583","152858869","71","48021859"
"chr11","105034400","105034712","chr9","95862447","95862758","41","9171953"
"chr11","105150847","105151152","chr5","99783216","99783512","61","5367631"
"chr11","105181066","105181198","chr18","142500","142632","19","105038566"
"chr11","105296274","105296581","chr9","96120267","96120567","49","9176007"
"chr11","105312805","105313084","chr1","29160342","29160617","50","76152463"
"chr11","105542029","105542315","chr5","11414318","11414599","85","94127711"
"chr11","105545241","105545549","chr7","63127257","63127560","46","42417984"
"chr11","105581033","105581343","chr13","16769800","16770106","55","88811233"
"chr11","105607214","105607514","chr3","165915545","165915845","40","60308331"
"chr11","105614926","105615221","chr9","96442213","96442507","45","9172713"
"chr11","105620870","105621190","chr21","49806208","49806506","61","55814662"
"chr11","105637179","105637482","chr7","70258474","70258767","53","35378705"
"chr11","105722926","105723222","chr1","179022035","179022319","51","73299109"
"chr11","105749866","105750089","chr9","96579918","96580130","32","9169948"
"chr11","105803352","105803529","chr7","42511090","42511266","35","63292262"
"chr11","105809782","105810084","chr12","56033924","56034224","50","49775858"
"chr11","105850564","105850868","chr2","66989134","66989436","42","38861430"
"chr11","105879517","105879822","chr5","79303042","79303347","44","26576475"
"chr11","105883565","105883854","chr7","79794746","79795031","42","26088819"
"chr11","105908163","105908448","chr4","35642428","35642711","45","70265735"
"chr11","105917323","105917417","chr9","96756857","96756953","11","9160466"
"chr11","106003320","106003603","chr9","96842625","96842895","45","9160695"
"chr11","106192922","106193242","chr9","97046411","97046727","49","9146511"
"chr11","106221526","106221705","chr3","183689850","183690027","26","77468324"
"chr11","106222308","106222423","chr1","108503255","108503372","19","2280947"
"chr11","106227145","106227304","chr6","114762508","114762668","27","8535363"
"chr11","106243092","106243286","chr5","125765250","125765427","49","19522158"
"chr11","106244828","106245140","chr9","122689798","122690105","48","16444970"
"chr11","106267120","106267442","chr9","110062644","110062956","55","3795524"
"chr11","106268106","106268392","chr11","62840235","62840521","53","43427871"
"chr11","106359679","106359964","chr8","97925884","97926162","50","8433795"
"chr11","106411620","106411750","chr3","19736885","19737016","29","86674735"
"chr11","106464428","106464717","chr1","116618974","116619261","42","10154546"
"chr11","106587342","106587643","chr10","20863520","20863828","50","85723822"
"chr11","106590748","106591034","chr19","23703813","23704099","42","82886935"
"chr11","106668035","106668312","chr9","97555094","97555378","49","9112941"
"chr11","106683198","106683512","chr10","90399593","90399894","62","16283605"
"chr11","106724533","106724814","chr4","158481330","158481605","45","51756797"
"chr11","106950660","106950966","chr9","97870408","97870708","44","9080252"
"chr11","106957334","106957643","chr18","2673991","2674299","44","104283343"
"chr11","107002979","107003118","chr12","31049982","31050122","26","75952997"
"chr11","107169935","107170108","chr3","183689850","183690027","40","76519915"
"chr11","107229426","107229739","chr9","17943911","17944216","57","89285515"
"chr11","107409968","107410282","chr10","7410350","7410658","55","99999618"
"chr11","107473044","107473351","chr6","100650122","100650421","53","6822922"
"chr11","107567818","107568121","chr9","17943911","17944216","44","89623907"
"chr11","107569576","107569853","chr17","27714276","27714560","48","79855300"
"chr11","107621776","107621949","chr8","62756084","62756248","35","44865692"
"chr11","107649947","107650249","chr10","76904858","76905160","42","30745089"
"chr11","107667997","107668295","chr9","98625667","98625959","43","9042330"
"chr11","107668306","107668594","chr9","98625969","98626254","45","9042337"
"chr11","107692753","107693063","chr19","38969237","38969539","48","68723516"
"chr11","107733482","107733767","chr19","23703813","23704099","43","84029669"
"chr11","107741908","107741976","chr12","83990502","83990574","20","23751406"
"chr11","107762640","107762947","chr2","57488404","57488709","45","50274236"
"chr11","107863055","107863211","chr6","114762508","114762668","20","6899453"
"chr11","107881849","107882154","chr7","70375823","70376126","47","37506026"
"chr11","107891406","107891800","chr19","31863283","31863592","123","76028123"
"chr11","107946922","107947206","chr1","186610138","186610422","44","78663216"
"chr11","107958844","107959046","chr10","81526931","81527140","37","26431913"
"chr11","107964982","107965146","chr7","70436186","70436362","39","37528796"
"chr11","107966479","107966776","chr5","140961860","140962155","52","32995381"
"chr11","107994490","107994791","chr7","70375823","70376126","47","37618667"
"chr11","107996544","107996828","chr12","4214537","4214819","50","103782007"
"chr11","107997297","107997576","chr11","9566946","9567225","46","98430351"
"chr11","108000001","108000111","chr11","96939245","96939356","19","11060756"
"chr11","108004250","108004543","chr15","71689652","71689946","43","36314598"
"chr11","108036601","108036782","chr9","98999410","98999593","25","9037191"
"chr11","108069162","108069255","chr9","99035942","99036036","13","9033220"
"chr11","108081797","108082100","chr14","83083786","83084089","40","24998011"
"chr11","108093347","108093675","chrX","63118288","63118597","62","44975059"
"chr11","108121681","108121980","chr22","5993474","5993770","46","102128207"
"chr11","108133781","108134070","chr11","62671980","62672270","47","45461801"
"chr11","108138485","108138788","chr9","99101374","99101680","35","9037111"
"chr11","108141059","108141329","chr1","29160342","29160617","55","78980717"
"chr11","108148784","108149069","chr7","155162191","155162474","45","47013407"
"chr11","108255909","108256199","chr4","71933212","71933503","42","36322697"
"chr11","108270394","108270480","chr12","16042243","16042327","16","92228151"
"chr11","108272118","108272367","chr5","23160219","23160476","48","85111899"
"chr11","108297447","108297746","chr3","117540807","117541109","55","9243360"
"chr11","108315368","108315664","chr9","99266057","99266345","39","9049311"
"chr11","108338509","108338807","chr3","5858349","5858646","43","102480160"
"chr11","108349284","108349589","chrUn_GL286217","143262","143564","48","108206022"
"chr11","108349873","108350083","chr21","40112156","40112354","45","68237717"
"chr11","108364209","108364479","chr6","68314193","68314474","62","40050016"
"chr11","108368866","108369177","chr2","71331505","71331809","55","37037361"
"chr11","108392629","108392928","chrUn_GL288503","3143","3442","57","108389486"
"chr11","108406095","108406400","chr9","99360376","99360678","40","9045719"
"chr11","108414917","108415225","chr10","118578692","118578996","44","10163775"
"chr11","108422630","108422934","chr16","71570137","71570438","43","36852493"
"chr11","108448711","108449014","chr5","117609240","117609536","55","9160529"
"chr11","108519627","108519938","chr12","105081170","105081479","55","3438457"
"chr11","108557182","108557480","chr5","127735249","127735545","40","19178067"
"chr11","108698453","108698761","chr9","9679426","9679735","47","99019027"
"chr11","108715587","108715874","chr2","133721271","133721559","53","25005684"
"chr11","108716618","108716915","chr9","99689476","99689778","42","9027142"
"chr11","108740306","108740606","chr4","98746325","98746622","45","9993981"
"chr11","108797637","108797945","chr4","17919516","17919823","45","90878121"
"chr11","108829790","108830101","chr9","99810979","99811285","48","9018811"
"chr11","108856653","108856798","chr4","1014899","1015044","22","107841754"
"chr11","108899767","108899848","chrX","32616824","32616903","12","76282943"
"chr11","108941462","108941763","chr2","203225383","203225677","42","94283921"
"chr11","108971812","108972102","chr11","97213328","97213619","42","11758484"
"chr11","108989263","108989568","chr2","146982644","146982948","52","37993381"
"chr11","109007908","109008156","chr7","47053043","47053292","40","61954865"
"chr11","109016578","109016747","chr5","137430867","137431028","31","28414289"
"chr11","109017351","109017469","chr2","171604505","171604622","20","62587154"
"chr11","109027727","109028032","chr14","34753627","34753931","54","74274100"
"chr11","109071819","109072118","chr1","170771447","170771746","46","61699628"
"chr11","109077198","109077490","chr20","12198433","12198731","47","96878765"
"chr11","109091664","109091960","chr3","117540807","117541109","52","8449143"
"chr11","109117742","109117977","chr12","18669855","18670086","49","90447887"
"chr11","109127167","109127470","chr2","78584109","78584405","50","30543058"
"chr11","109158186","109158489","chr9","45325979","45326278","46","63832207"
"chr11","109175858","109176157","chr9","100172231","100172528","34","9003627"
"chr11","109177368","109177680","chr14","69866837","69867141","53","39310531"
"chr11","109186928","109187214","chr11","5274208","5274485","48","103912720"
"chr11","109208473","109208785","chr5","78442568","78442876","52","30765905"
"chr11","109215762","109216057","chr9","101936901","101937198","46","7278861"
"chr11","109230959","109231207","chr19","44917964","44918205","50","64312995"
"chr11","109240355","109240444","chr5","83776947","83777037","13","25463408"
"chr11","109240580","109240917","chr2","105168087","105168422","59","4072493"
"chr11","109251745","109252040","chr6","17854050","17854340","43","91397695"
"chr11","109266727","109267021","chr2","66384839","66385129","46","42881888"
"chr11","109354740","109355027","chr9","100366924","100367211","42","8987816"
"chr11","109356303","109356486","chr11","22438035","22438212","39","86918268"
"chr11","109367054","109367341","chr1","156644747","156645035","44","47277693"
"chr11","109373346","109373654","chr4","68873266","68873577","57","40500080"
"chr11","109374816","109375127","chr9","100389524","100389834","48","8985292"
"chr11","109402785","109402943","chr12","80509403","80509545","68","28893382"
"chr11","109407617","109407882","chr5","70687646","70687916","51","38719971"
"chr11","109424382","109424683","chr3","136899810","136900119","49","27475428"
"chr11","109464423","109464720","chr7","67355562","67355869","54","42108861"
"chr11","109474013","109474254","chr9","100482374","100482611","36","8991639"
"chr11","109478049","109478346","chrX","46814655","46814956","63","62663394"
"chr11","109535490","109535789","chr7","33547338","33547635","47","75988152"
"chr11","109544059","109544356","chrX","47407382","47407676","46","62136677"
"chr11","109589797","109590075","chr4","118798055","118798336","48","9208258"
"chr11","109608968","109609246","chr10","58140996","58141257","49","51467972"
"chr11","109658555","109658842","chr12","56194707","56194993","41","53463848"
"chr11","109665186","109665493","chr9","99956407","99956710","50","9708779"
"chr11","109707920","109708222","chr9","100696704","100697000","52","9011216"
"chr11","109714495","109714778","chr4","71933212","71933503","49","37781283"
"chr11","109733955","109734254","chr19","31168814","31169108","58","78565141"
"chr11","109738361","109738655","chr4","11516138","11516428","45","98222223"
"chr11","109761363","109761673","chr13","97147605","97147915","53","12613758"
"chr11","109823221","109823527","chr12","24658666","24658967","55","85164555"
"chr11","109828721","109829018","chr5","50537784","50538079","46","59290937"
"chr11","109836297","109836604","chr5","106626420","106626712","49","3209877"
"chr11","109841304","109841603","chr9","100847914","100848206","49","8993390"
"chr11","109908926","109909181","chr22","10884292","10884554","56","99024634"
"chr11","109951469","109951755","chr1","194234891","194235177","41","84283422"
"chr11","109972054","109972349","chr3","125727711","125728005","41","15755657"
"chr11","109998626","109998928","chr9","101003637","101003949","47","8994989"
"chr11","110016687","110016991","chrX","90808213","90808515","47","19208474"
"chr11","110030038","110030335","chr12","91928994","91929288","45","18101044"
"chr11","110054043","110054274","chrUn_GL286234","75266","75499","44","109978777"
"chr11","110054644","110054933","chr2","49688235","49688540","61","60366409"
"chr11","110070531","110070821","chr6","17854050","17854340","51","92216481"
"chr11","110135274","110135572","chr7","70375823","70376126","42","39759451"
"chr11","110178067","110178364","chr7","13771643","13771942","45","96406424"
"chr11","110278477","110278773","chr9","101277209","101277509","47","9001268"
"chr11","110280297","110280595","chr2","203225383","203225677","42","92945086"
"chr11","110282310","110282610","chr5","55380182","55380490","48","54902128"
"chr11","110356400","110356696","chr7","54534404","54534702","43","55821996"
"chr11","110384071","110384325","chr9","101391770","101392024","38","8992301"
"chr11","110392748","110393059","chr2","150624041","150624344","49","40231293"
"chr11","110397093","110397396","chr4","21221989","21222294","49","89175104"
"chr11","110462231","110462542","chr9","101464415","101464709","50","8997816"
"chr11","110462558","110462856","chr2","203225383","203225677","54","92762825"
"chr11","110485104","110485149","chr6","74223857","74223903","8","36261247"
"chr11","110558659","110558997","chrX","38957463","38957787","73","71601196"
"chr11","110619330","110619630","chr6","5707220","5707518","43","104912110"
"chr11","110623039","110623322","chr9","101636088","101636373","36","8986951"
"chr11","110668276","110668577","chr9","101678913","101679204","57","8989363"
"chr11","110696566","110696864","chr13","95836072","95836367","56","14860494"
"chr11","110753452","110753724","chr9","101761495","101761794","67","8991957"
"chr11","110787082","110787401","chr5","65120226","65120539","70","45666856"
"chr11","110804770","110804900","chr5","10559689","10559821","21","100245081"
"chr11","110804920","110805228","chr19","17448176","17448478","43","93356744"
"chr11","110829494","110829776","chrX","40344797","40345081","42","70484697"
"chr11","110841255","110841548","chr12","107125942","107126232","48","3715313"
"chr11","110849473","110849767","chr4","139345030","139345325","43","28495557"
"chr11","110865261","110865484","chr11","127485095","127485317","40","16619834"
"chr11","110924362","110924657","chr9","20427165","20427460","52","90497197"
"chr11","111008624","111008923","chr2","66989134","66989436","43","44019490"
"chr11","111073509","111073799","chr22","31884861","31885140","45","79188648"
"chr11","111094526","111094629","chr9","102074793","102074888","14","9019733"
"chr11","111095364","111095658","chr9","102075636","102075917","51","9019728"
"chr11","111145333","111145611","chr6","151131282","151131564","49","39985949"
"chr11","111177435","111177746","chr5","25564881","25565190","48","85612554"
"chr11","111207237","111207539","chr22","32283805","32284102","45","78923432"
"chr11","111243520","111243814","chr21","41287096","41287394","45","69956424"
"chr11","111246849","111247122","chr9","102338704","102338979","30","8908145"
"chr11","111249227","111249540","chr8","26699415","26699723","51","84549812"
"chr11","111254418","111254714","chr5","50537784","50538079","37","60716634"
"chr11","111258855","111259112","chr7","46460788","46461020","62","64798067"
"chr11","111273223","111273514","chr6","80770616","80770907","45","30502607"
"chr11","111292590","111292634","chr8","97260104","97260146","7","14032486"
"chr11","111292635","111292775","chr6","16871737","16871878","33","94420898"
"chr11","111325401","111325648","chr3","182152241","182152490","67","70826840"
"chr11","111327700","111327857","chr14","1187059","1187217","29","110140641"
"chr11","111372240","111372536","chr3","19915557","19915850","57","91456683"
"chr11","111378633","111378944","chr9","99360376","99360678","58","12018257"
"chr11","111399122","111399459","chr5","30889070","30889394","64","80510052"
"chr11","111412136","111412186","chr7","20470547","20470598","7","90941589"
"chr11","111414852","111415157","chr11","96192355","96192651","45","15222497"
"chr11","111456201","111456488","chr1","116618974","116619261","47","5162773"
"chr11","111522255","111522559","chr1","203450583","203450890","54","91928328"
"chr11","111554493","111554790","chr12","20230563","20230858","44","91323930"
"chr11","111584080","111584389","chr1","174457739","174458029","58","62873659"
"chr11","111587391","111587710","chr14","32553436","32553738","58","79033955"
"chr11","111590832","111590956","chr22","28568641","28568765","17","83022191"
"chr11","111620692","111620981","chr3","142600603","142600893","47","30979911"
"chr11","111647417","111647467","chr9","58005342","58005393","4","53642075"
"chr11","111676026","111676294","chr1","180589014","180589283","56","68912988"
"chr11","111679844","111680135","chr9","102783843","102784130","45","8896001"
"chr11","111680383","111680677","chr10","88439024","88439316","49","23241359"
"chr11","111682433","111682728","chr4","71933212","71933503","42","39749221"
"chr11","111688659","111688953","chr7","92655724","92656015","51","19032935"
"chr11","111691407","111691694","chr9","102797026","102797312","42","8894381"
"chr11","111704805","111705102","chr9","25525997","25526295","37","86178808"
"chr11","111714930","111715228","chr6","21930692","21931000","47","89784238"
"chr11","111716767","111717053","chr5","76172590","76172876","50","35544177"
"chr11","111718975","111719276","chr3","151198431","151198726","56","39479456"
"chr11","111719691","111719992","chr1","13807754","13808053","50","97911937"
"chr11","111740815","111741110","chr16","32274417","32274717","55","79466398"
"chr11","111769345","111769655","chr1","199360645","199360948","52","87591300"
"chr11","111845630","111845926","chr5","117609240","117609536","50","5763610"
"chr11","111854313","111854469","chr22","39506936","39507092","28","72347377"
"chr11","111884880","111885210","chr16","77845717","77846027","70","34039163"
"chr11","111992675","111992967","chr9","103141462","103141759","45","8851213"
"chr11","112062118","112062425","chr7","70375823","70376126","46","41686295"
"chr11","112152810","112153109","chr21","49806208","49806506","52","62346602"
"chr11","112222682","112222969","chr1","174970853","174971146","48","62748171"
"chr11","112231250","112231343","chr1","98658383","98658476","20","13572867"
"chr11","112236570","112236849","chr11","16870301","16870572","52","95366269"
"chr11","112265588","112265883","chr9","25525997","25526295","53","86739591"
"chr11","112344470","112344777","chr9","103499496","103499804","40","8844974"
"chr11","112347541","112347625","chr5","72615428","72615510","12","39732113"
"chr11","112399990","112400302","chr4","17919516","17919823","53","94480474"
"chr11","112404294","112404600","chr5","11540307","11540609","44","100863987"
"chr11","112410481","112410772","chr5","52276617","52276902","48","60133864"
"chr11","112430967","112431260","chr11","374305","374598","49","112056662"
"chr11","112441979","112442080","chr9","103620581","103620681","11","8821398"
"chr11","112534968","112535191","chr12","11388030","11388240","43","101146938"
"chr11","112536053","112536311","chr9","103721954","103722207","32","8814099"
"chr11","112545047","112545341","chr12","20230563","20230858","49","92314484"
"chr11","112567503","112567651","chr12","50187581","50187735","31","62379922"
"chr11","112567652","112567751","chr1","202926890","202926988","16","90359238"
"chr11","112570441","112570743","chr7","79083385","79083683","52","33487056"
"chr11","112576546","112576846","chrX","17705039","17705341","38","94871507"
"chr11","112578364","112578658","chr5","139889919","139890213","43","27311555"
"chr11","112582911","112583056","chrX","122753382","122753534","29","10170471"
"chr11","112600600","112600719","chr16","38636257","38636377","20","73964343"
"chr11","112655739","112656042","chr1","10455735","10456039","43","102200004"
"chr11","112659078","112659381","chr9","103855476","103855781","49","8803602"
"chr11","112736241","112736430","chr3","173650116","173650299","39","60913875"
"chr11","112743738","112744049","chr5","43258967","43259274","52","69484771"
"chr11","112980413","112980682","chr11","95629919","95630186","51","17350494"
"chr11","113022453","113022741","chr9","104256176","104256470","42","8766277"
"chr11","113168312","113168623","chr2","140711844","140712153","48","27543532"
"chr11","113190361","113190668","chr16","74823463","74823775","48","38366898"
"chr11","113456217","113456290","chr2","92340022","92340095","11","21116195"
"chr11","113521639","113521984","chr2","184785301","184785614","79","71263662"
"chr11","113569889","113570185","chr21","49806208","49806506","49","63763681"
"chr11","113682174","113682484","chr5","91833836","91834146","53","21848338"
"chr11","113735281","113735559","chr9","104976548","104976841","53","8758733"
"chr11","113766011","113766124","chr11","118656139","118656256","20","4890128"
"chr11","113766129","113766186","chr21","34226198","34226252","12","79539931"
"chr11","113782571","113782863","chr9","105038592","105038891","52","8743979"
"chr11","113815409","113815708","chr7","35515798","35516110","54","78299611"
"chr11","113851574","113851873","chr9","25525997","25526295","46","88325577"
"chr11","113858423","113858690","chr12","21053045","21053319","46","92805378"
"chr11","113861310","113861607","chrX","17705039","17705341","40","96156271"
"chr11","113879156","113879448","chr11","374305","374598","44","113504851"
"chr11","113928199","113928502","chr9","53846779","53847056","70","60081420"
"chr11","113933878","113934187","chr2","150624041","150624344","51","36690163"
"chr11","113935029","113935316","chr11","126080810","126081095","52","12145781"
"chr11","113938298","113938578","chr2","6438895","6439175","51","107499403"
"chr11","113941562","113941851","chr11","83340156","83340440","49","30601406"
"chr11","113942779","113942885","chr9","11580319","11580424","20","102362460"
"chr11","113946750","113947061","chr5","73075939","73076252","45","40870811"
"chr11","113949536","113949810","chr22","35375481","35375753","43","78574055"
"chr11","113957790","113958074","chr14","13503786","13504068","44","100454004"
"chr11","113974875","113975166","chrX","40344797","40345081","52","73630078"
"chr11","113981812","113982111","chr9","99956407","99956710","45","14025405"
"chr11","113993667","113993933","chr13","60759063","60759326","47","53234604"
"chr11","114009566","114009856","chr5","61025909","61026199","43","52983657"
"chr11","114010981","114011273","chr15","80635997","80636282","66","33374984"
"chr11","114023548","114023841","chr8","72960841","72961131","55","41062707"
"chr11","114027235","114027522","chr9","105291343","105291639","56","8735892"
"chr11","114029320","114029619","chr3","112538165","112538465","43","1491155"
"chr11","114036341","114036645","chr9","14539289","14539586","56","99497052"
"chr11","114039729","114040043","chr4","151238342","151238657","45","37198613"
"chr11","114094242","114094561","chrX","69002372","69002677","56","45091870"
"chr11","114099736","114100041","chr3","112538165","112538465","46","1561571"
"chr11","114107928","114108225","chr5","144164144","144164432","56","30056216"
"chr11","114109439","114109726","chr15","69290177","69290464","41","44819262"
"chr11","114118852","114119144","chr5","107761416","107761690","50","6357436"
"chr11","114155139","114155422","chr17","68632450","68632743","52","45522689"
"chr11","114185572","114185650","chr1","164463706","164463779","15","50278134"
"chr11","114198046","114198357","chr9","110062644","110062956","48","4135402"
"chr11","114206112","114206419","chr13","61782474","61782778","48","52423638"
"chr11","114220670","114220979","chr11","66635820","66636129","57","47584850"
"chr11","114311113","114311411","chr7","66759838","66760136","51","47551275"
"chr11","114412141","114412431","chr10","99483273","99483561","39","14928868"
"chr11","114429069","114429365","chr2","203225383","203225677","48","88796314"
"chr11","114455948","114456259","chr7","20593863","20594174","51","93862085"
"chr11","114651944","114652253","chr15","32495325","32495639","49","82156619"
"chr11","114699623","114699933","chrX","10624721","10625025","49","104074902"
"chr11","114806563","114806744","chr2","166281149","166281334","35","51474586"
"chr11","114918127","114918400","chr9","106245820","106246085","51","8672307"
"chr11","115019135","115019435","chr4","10061166","10061466","40","104957969"
"chr11","115041685","115041972","chr18","26515690","26515989","53","88525995"
"chr11","115130093","115130420","chrX","43690851","43691163","65","71439242"
"chr11","115219737","115220026","chr9","106558454","106558742","46","8661283"
"chr11","115221500","115221770","chr9","106560159","106560435","42","8661341"
"chr11","115297210","115297508","chr7","77326917","77327209","46","37970293"
"chr11","115300667","115300975","chr10","115586657","115586959","47","285990"
"chr11","115305466","115305763","chr11","381530","381828","54","114923936"
"chr11","115317137","115317449","chr9","106654819","106655131","48","8662318"
"chr11","115355726","115356006","chr13","73572414","73572691","45","41783312"
"chr11","115369689","115369957","chr4","21116949","21117214","54","94252740"
"chr11","115388440","115388550","chr1","206246927","206247036","17","90858487"
"chr11","115388774","115388939","chr1","76981580","76981755","35","38407194"
"chr11","115513986","115514314","chr9","106846842","106847150","72","8667144"
"chr11","115559990","115560268","chr15","49638162","49638439","43","65921828"
"chr11","115562902","115563195","chr9","106896718","106897010","44","8666184"
"chr11","115612198","115612506","chr5","73075939","73076252","56","42536259"
"chr11","115617512","115617819","chr5","1030125","1030433","48","114587387"
"chr11","115648279","115648584","chr2","147728720","147729015","48","32080441"
"chr11","115657053","115657414","chr7","90602727","90603071","91","25054326"
"chr11","115659709","115660011","chr5","523629","523928","67","115136080"
"chr11","115723385","115723684","chr15","73510510","73510812","49","42212875"
"chr11","115723727","115724032","chr1","13807754","13808053","48","101915973"
"chr11","115738024","115738142","chr2","170969682","170969806","26","55231658"
"chr11","115738155","115738461","chr7","70375823","70376126","51","45362332"
"chr11","115747986","115748269","chr9","107081493","107081774","29","8666493"
"chr11","115768303","115768586","chr9","107108049","107108342","42","8660254"
"chr11","115775477","115775752","chr9","107115510","107115791","42","8659967"
"chr11","115776853","115776926","chrUn_GL286574","16824","16900","17","115760029"
"chr11","115777024","115777271","chr2","186704037","186704290","54","70927013"
"chr11","115792169","115792468","chr7","44689617","44689912","49","71102552"
"chr11","115806146","115806279","chr5","10559689","10559821","13","105246457"
"chr11","115810079","115810362","chr7","6919741","6920024","51","108890338"
"chr11","115843754","115844036","chr9","107190159","107190438","40","8653595"
"chr11","115858294","115858581","chr6","17854050","17854340","43","98004244"
"chr11","115899331","115899467","chr22","10074855","10074990","25","105824476"
"chr11","115899878","115900152","chr11","9566946","9567225","50","106332932"
"chr11","115906340","115906437","chrX","103199337","103199433","15","12707003"
"chr11","115935520","115935823","chr5","116663888","116664187","42","728368"
"chr11","115938694","115938990","chr8","117814130","117814426","49","1875436"
"chr11","115939055","115939360","chr9","105072042","105072344","44","10867013"
"chr11","115970210","115970497","chr2","2218970","2219260","38","113751240"
"chr11","115982441","115982740","chr15","72516887","72517186","40","43465554"
"chr11","115998841","115999029","chr5","94619245","94619411","45","21379596"
"chr11","116030058","116030372","chr9","101210178","101210488","54","14819880"
"chr11","116041334","116041643","chr9","14396117","14396432","52","101645217"
"chr11","116041967","116042260","chr2","2218970","2219260","40","113822997"
"chr11","116047198","116047497","chr9","14539289","14539586","53","101507909"
"chr11","116075231","116075554","chr13","8871038","8871361","57","107204193"
"chr11","116088522","116088807","chr11","117354372","117354663","60","1265850"
"chr11","116091466","116091772","chr11","119398784","119399089","46","3307318"
"chr11","116096326","116096629","chr10","90264202","90264508","48","25832124"
"chr11","116098367","116098665","chr9","107452254","107452540","34","8646113"
"chr11","116118630","116118927","chr3","19993966","19994253","55","96124664"
"chr11","116130657","116130961","chr19","38606278","38606578","59","77524379"
"chr11","116151007","116151290","chr2","7421612","7421902","53","108729395"
"chr11","116156790","116157089","chr9","107524052","107524349","41","8632738"
"chr11","116184405","116184687","chr9","107559178","107559460","40","8625227"
"chr11","116190901","116191209","chr9","107566849","107567154","43","8624052"
"chr11","116317465","116317762","chr18","38605998","38606288","37","77711467"
"chr11","116349993","116350303","chr2","146982644","146982948","49","30632651"
"chr11","116364110","116364414","chr7","70375823","70376126","43","45988287"
"chr11","116415788","116416075","chr1","41686123","41686409","51","74729665"
"chr11","116435849","116436126","chr4","158481330","158481605","45","42045481"
"chr11","116443226","116443518","chr2","1572464","1572757","47","114870762"
"chr11","116448246","116448582","chr5","108338844","108339172","69","8109402"
"chr11","116470750","116471077","chr4","132055862","132056190","50","15585112"
"chr11","116476889","116477181","chr13","70428413","70428708","47","46048476"
"chr11","116514535","116514834","chr9","107891243","107891541","26","8623292"
"chr11","116550352","116550662","chr8","73898415","73898723","59","42651937"
"chr11","116560971","116561274","chr5","95128904","95129215","43","21432067"
"chr11","116573007","116573322","chr9","101210178","101210488","46","15362829"
"chr11","116600085","116600388","chr17","40212360","40212662","52","76387725"
"chr11","116669179","116669471","chr17","56211521","56211811","44","60457658"
"chr11","116722749","116722865","chr5","43996246","43996352","24","72726503"
"chr11","116818845","116819100","chr2","186704037","186704290","48","69885192"
"chr11","116992484","116992688","chr9","108411989","108412192","41","8580495"
"chr11","117025467","117025788","chr5","43073647","43073957","62","73951820"
"chr11","117030084","117030387","chr2","39168351","39168663","48","77861733"
"chr11","117106298","117106344","chr3","10610623","10610669","4","106495675"
"chr11","117139494","117139802","chr5","124645645","124645952","44","7506151"
"chr11","117143282","117143324","chr18","4189446","4189490","11","112953836"
"chr11","117155648","117155937","chr1","186610138","186610422","45","69454490"
"chr11","117211620","117211926","chr9","108638571","108638873","38","8573049"
"chr11","117217329","117217612","chr13","9982043","9982324","49","107235286"
"chr11","117220701","117220976","chr16","49225932","49226206","45","67994769"
"chr11","117223402","117223704","chr7","46353259","46353548","69","70870143"
"chr11","117246264","117246563","chr22","32340312","32340608","61","84905952"
"chr11","117249501","117249788","chr22","5265518","5265816","46","111983983"
"chr11","117262303","117262574","chr9","108691799","108692092","56","8570504"
"chr11","117265407","117265572","chr9","40994459","40994619","36","76270948"
"chr11","117281301","117281608","chr9","17943911","17944216","49","99337390"
"chr11","117306461","117306593","chr10","122739697","122739830","24","5433236"
"chr11","117315692","117315865","chr12","3987681","3987842","33","113328011"
"chr11","117330438","117330744","chr7","125738619","125738915","54","8408181"
"chr11","117378126","117378400","chr7","75608296","75608571","49","41769830"
"chr11","117459419","117459715","chr2","67197269","67197565","47","50262150"
"chr11","117469508","117469667","chr9","108921534","108921695","22","8547974"
"chr11","117495115","117495421","chr22","15856407","15856702","55","101638708"
"chr11","117524624","117524806","chr1","191817382","191817565","36","74292758"
"chr11","117530136","117530179","chr1","182463440","182463482","5","64933304"
"chr11","117561651","117561961","chr16","5681054","5681364","49","111880597"
"chr11","117580391","117580692","chr19","39401001","39401292","52","78179390"
"chr11","117678275","117678594","chr20","38639419","38639722","68","79038856"
"chr11","117723264","117723334","chr9","31332177","31332240","15","86391087"
"chr11","117740545","117740870","chr12","48644281","48644592","81","69096264"
"chr11","117749974","117750249","chr8","101720682","101720961","46","16029292"
"chr11","117764012","117764322","chr20","38639419","38639722","40","79124593"
"chr11","117823223","117823486","chr9","109298407","109298662","38","8524816"
"chr11","117853674","117853984","chr5","59461001","59461310","41","58392673"
"chr11","117918937","117919247","chr17","69045271","69045580","47","48873666"
"chr11","117990846","117991133","chr13","61026131","61026415","40","56964715"
"chr11","117991716","117991818","chr19","41351332","41351432","19","76640384"
"chr11","118146023","118146318","chr1","170771447","170771746","44","52625424"
"chr11","118250369","118250662","chr4","25746204","25746495","48","92504165"
"chr11","118314061","118314380","chr12","15497553","15497864","71","102816508"
"chr11","118428175","118428489","chr5","55380182","55380490","60","63047993"
"chr11","118489474","118489776","chr4","139259106","139259407","39","20769632"
"chr11","118545910","118546198","chr12","27922791","27923078","52","90623119"
"chr11","118647410","118647508","chr5","92964095","92964193","12","25683315"
"chr11","118677546","118677670","chr17","73927807","73927929","15","44749739"
"chr11","118714072","118714356","chr16","96491193","96491481","42","22222879"
"chr11","118902729","118903008","chr6","143586176","143586452","54","24683447"
"chr11","118937784","118938067","chr2","54692894","54693183","53","64244890"
"chr11","118998721","118999014","chr2","67197269","67197565","50","51801452"
"chr11","119071311","119071584","chr1","167116975","167117247","43","48045664"
"chr11","119100591","119100805","chr12","11388030","11388240","45","107712561"
"chr11","119132830","119133104","chr1","141513493","141513763","61","22380663"
"chr11","119135253","119135546","chr7","58917227","58917519","53","60218026"
"chr11","119165910","119166213","chr12","51929066","51929365","50","67236844"
"chr11","119169269","119169380","chr8","74203698","74203811","23","44965571"
"chr11","119169605","119169905","chr9","110722601","110722899","46","8447004"
"chr11","119182254","119182376","chr2","65349063","65349187","22","53833191"
"chr11","119183053","119183343","chr12","108797245","108797536","49","10385808"
"chr11","119183344","119183501","chr9","36057756","36057915","24","83125588"
"chr11","119192931","119193219","chr9","42661920","42662203","40","76531011"
"chr11","119203397","119203701","chr5","55380182","55380490","47","63823215"
"chr11","119219877","119219913","chr2","34931064","34931102","5","84288813"
"chr11","119228115","119228259","chr1","151075825","151075965","17","31847710"
"chr11","119248833","119249149","chr14","83083786","83084089","50","36165047"
"chr11","119257903","119258206","chrX","46455708","46456007","46","72802195"
"chr11","119265814","119266097","chr12","79485299","79485587","50","39780515"
"chr11","119270776","119271069","chrX","16102878","16103172","42","103167898"
"chr11","119286592","119286894","chrX","47393224","47393529","47","71893368"
"chr11","119298468","119298770","chr1","27962292","27962589","45","91336176"
"chr11","119301978","119302291","chr7","88697458","88697764","48","30604520"
"chr11","119321396","119321698","chr2","67197269","67197565","52","52124127"
"chr11","119331112","119331401","chr12","19339193","19339485","54","99991919"
"chr11","119388423","119388731","chr9","110967036","110967331","54","8421387"
"chr11","119422735","119423020","chr9","111004423","111004700","36","8418312"
"chr11","119442010","119442309","chr2","67197269","67197565","45","52244741"
"chr11","119446851","119446933","chr3","142360995","142361079","12","22914144"
"chr11","119497979","119498259","chr9","42661920","42662203","49","76836059"
"chr11","119536128","119536309","chr17","28328813","28328985","37","91207315"
"chr11","119540053","119540149","chr9","50124496","50124593","16","69415557"
"chr11","119568005","119568176","chr7","60248289","60248460","32","59319716"
"chr11","119568610","119568714","chr1","20863197","20863299","15","98705413"
"chr11","119569291","119569561","chr7","61030978","61031258","62","58538313"
"chr11","119575800","119576102","chr10","1666053","1666355","40","117909747"
"chr11","119587457","119587714","chr9","111169093","111169350","32","8418364"
"chr11","119597493","119597805","chr8","115903141","115903445","48","3694352"
"chr11","119646491","119646789","chr7","53393585","53393889","53","66252906"
"chr11","119661048","119661363","chr6","75230350","75230656","49","44430698"
"chr11","119669708","119670002","chr2","203225383","203225677","45","83555675"
"chr11","119674217","119674527","chr18","28078185","28078496","43","91596032"
"chr11","119703610","119703882","chr1","41489023","41489293","47","78214587"
"chr11","119732003","119732311","chrX","40501156","40501455","52","79230847"
"chr11","119734454","119734745","chr7","85080523","85080815","48","34653931"
"chr11","119775771","119775944","chr12","33911721","33911890","34","85864050"
"chr11","119777147","119777446","chr1","83869409","83869704","53","35907738"
"chr11","119785114","119785399","chr9","111377047","111377336","40","8408067"
"chr11","119808474","119808765","chr10","82921268","82921557","38","36887206"
"chr11","119823924","119824218","chr1","172319356","172319654","55","52495432"
"chr11","119828093","119828131","chr2","34931064","34931102","1","84897029"
"chr11","119838249","119838549","chr4","139259106","139259407","44","19420857"
"chr11","119847907","119848195","chr1","14109433","14109722","40","105738474"
"chr11","119863665","119863825","chr9","42427245","42427413","36","77436420"
"chr11","119889729","119890015","chr8","91418355","91418645","44","28471374"
"chr11","119921255","119921557","chr20","28221270","28221568","43","91699985"
"chr11","119922574","119922886","chr5","11439006","11439313","47","108483568"
"chr11","119930930","119931225","chr15","38910043","38910338","47","81020887"
"chr11","119943513","119943820","chr15","24029162","24029466","46","95914351"
"chr11","119944283","119944506","chr5","73175265","73175483","39","46769018"
"chr11","119968591","119968633","chr1","96434147","96434190","3","23534444"
"chr11","120148257","120148351","chr2","15984857","15984951","15","104163400"
"chr11","120169422","120169716","chr13","114422744","114423042","50","5746678"
"chr11","120201606","120201906","chr9","111816709","111817010","35","8384897"
"chr11","120206473","120206694","chr7","150414803","150414997","56","30208330"
"chr11","120207822","120207953","chr5","32409087","32409211","25","87798735"
"chr11","120208125","120208316","chr11","95628544","95628735","46","24579581"
"chr11","120233040","120233339","chr5","153535285","153535587","44","33302245"
"chr11","120266576","120266874","chr10","48321055","48321354","37","71945521"
"chr11","120284334","120284644","chr5","95128904","95129215","47","25155430"
"chr11","120439676","120439977","chr11","120961220","120961524","50","521544"
"chr11","120518288","120518607","chr9","101210178","101210488","56","19308110"
"chr11","120519015","120519319","chrX","14757652","14757955","50","105761363"
"chr11","120552027","120552316","chrX","11382069","11382356","39","109169958"
"chr11","120564535","120564699","chr5","78438507","78438669","28","42126028"
"chr11","120565834","120566136","chr15","64720657","64720956","42","55845177"
"chr11","120610706","120611012","chr9","112188618","112188919","46","8422088"
"chr11","120617741","120618049","chr16","71570137","71570438","55","49047604"
"chr11","120622313","120622600","chr5","94541939","94542229","48","26080374"
"chr11","120661943","120662179","chr8","19144899","19145131","37","101517044"
"chr11","120665945","120666244","chr1","135371826","135372122","45","14705881"
"chr11","120676166","120676465","chr5","55380182","55380490","58","65295984"
"chr11","120704604","120704894","chr9","112284358","112284637","56","8420246"
"chr11","120710756","120710881","chr2","65349063","65349187","18","55361693"
"chr11","120721870","120722019","chr6","147088470","147088611","31","26366600"
"chr11","120765110","120765408","chr7","70375823","70376126","36","50389287"
"chr11","120776670","120776969","chr6","57780653","57780942","45","62996017"
"chr11","120801899","120802195","chr2","147728720","147729015","43","26926821"
"chr11","120834758","120835069","chr3","48450700","48451011","51","72384058"
"chr11","120836118","120836414","chr22","34092182","34092479","48","86743936"
"chr11","120838246","120838520","chr5","107761416","107761690","39","13076830"
"chr11","120846487","120846771","chr3","117879912","117880209","61","2966575"
"chr11","120865044","120865173","chr2","8435393","8435522","22","112429651"
"chr11","120904244","120904540","chr22","24512948","24513234","58","96391296"
"chr11","120928775","120928974","chr19","39811848","39812044","47","81116927"
"chr11","120976126","120976416","chr12","51888773","51889064","42","69087353"
"chr11","120977942","120977981","chr2","34931064","34931102","2","86046878"
"chr11","120981929","120982018","chr4","110642008","110642097","16","10339921"
"chr11","120995781","120995925","chr3","152988672","152988819","21","31992891"
"chr11","121022977","121023172","chr5","121341313","121341501","63","318336"
"chr11","121037003","121037114","chr9","112650537","112650647","14","8386466"
"chr11","121040979","121041229","chrUn_GL286234","75266","75499","47","120965713"
"chr11","121043792","121044089","chr5","116663888","116664187","42","4379904"
"chr11","121049330","121049622","chr12","44248113","44248404","42","76801217"
"chr11","121135640","121135934","chr6","119011301","119011592","43","2124339"
"chr11","121147950","121148128","chr12","56708253","56708433","36","64439697"
"chr11","121174662","121174951","chr3","106011472","106011765","52","15163190"
"chr11","121178665","121178959","chr2","203225383","203225677","46","82046718"
"chr11","121192875","121193049","chr2","131597618","131597785","29","10404743"
"chr11","121196642","121196724","chr9","112809845","112809926","13","8386797"
"chr11","121205519","121205618","chr4","107609191","107609289","13","13596328"
"chr11","121223260","121223554","chr12","107125942","107126232","44","14097318"
"chr11","121231886","121232174","chr2","74473045","74473331","42","46758841"
"chr11","121260309","121260412","chr2","43948654","43948762","17","77311655"
"chr11","121269144","121269429","chr10","115997344","115997634","44","5271800"
"chr11","121301848","121301900","chr9","112923813","112923868","8","8378035"
"chr11","121309328","121309507","chrX","124642951","124643118","33","3333623"
"chr11","121357004","121357312","chrX","25721983","25722284","52","95635021"
"chr11","121380523","121380669","chr22","32398046","32398178","32","88982477"
"chr11","121390459","121390761","chr6","70367906","70368206","43","51022553"
"chr11","121414116","121414273","chr4","43973828","43973977","26","77440288"
"chr11","121414277","121414388","chr9","113020342","113020451","22","8393935"
"chr11","121423676","121423983","chr8","15006524","15006833","44","106417152"
"chr11","121453963","121454258","chr2","203225383","203225677","48","81771420"
"chr11","121456980","121457263","chrX","36464278","36464560","48","84992702"
"chr11","121475205","121475516","chr9","113078728","113079030","49","8396477"
"chr11","121481220","121481424","chr5","63923740","63923943","33","57557480"
"chr11","121543934","121544224","chr12","107125942","107126232","47","14417992"
"chr11","121595184","121595478","chr5","77102385","77102680","53","44492799"
"chr11","121615068","121615370","chr9","113225947","113226258","43","8389121"
"chr11","121660876","121661057","chr1","171525999","171526171","31","49865123"
"chr11","121667279","121667568","chr1","148374165","148374460","45","26706886"
"chr11","121667811","121668114","chr7","70375823","70376126","47","51291988"
"chr11","121674247","121674549","chr11","19304678","19304978","40","102369569"
"chr11","121693836","121694150","chr5","5039320","5039616","56","116654516"
"chr11","121716586","121716769","chr12","84834836","84835009","35","36881750"
"chr11","121730782","121731082","chrX","10624721","10625025","50","111106061"
"chr11","121743788","121744091","chr20","12198433","12198731","54","109545355"
"chr11","121793582","121793874","chr9","113393378","113393657","53","8400204"
"chr11","121804911","121805009","chr4","98943501","98943595","16","22861410"
"chr11","121810355","121810411","chr9","78707001","78707056","11","43103354"
"chr11","121810558","121810781","chr10","99558906","99559120","66","22251652"
"chr11","121815656","121815994","chr2","74361604","74361941","82","47454052"
"chr11","121824875","121825024","chr9","75873482","75873636","32","45951393"
"chr11","121833055","121833356","chr7","70375823","70376126","42","51457232"
"chr11","121833884","121834174","chr7","70258474","70258767","59","51575410"
"chr11","121857753","121858041","chr2","67197269","67197565","50","54660484"
"chr11","121858508","121858804","chr9","14539289","14539586","50","107319219"
"chr11","121879126","121879183","chrY","1230447","1230503","6","120648679"
"chr11","121883532","121883837","chr14","32553436","32553738","50","89330096"
"chr11","121920994","121921281","chr2","2218970","2219260","43","119702024"
"chr11","121982227","121982540","chr5","65120226","65120539","61","56862001"
"chr11","121996032","121996328","chr1","200994006","200994301","62","78997974"
"chr11","122036908","122036978","chr2","69350405","69350477","15","52686503"
"chr11","122095856","122096155","chr3","138105261","138105559","62","16009405"
"chr11","122102675","122102971","chr1","13807754","13808053","48","108294921"
"chr11","122133946","122134005","chr13","64014341","64014401","6","58119605"
"chr11","122139121","122139299","chrX","122737121","122737299","25","598000"
"chr11","122142088","122142383","chr19","11821768","11822062","43","110320320"
"chr11","122186963","122187254","chr12","102364060","102364353","57","19822903"
"chr11","122207622","122207917","chr5","33114079","33114374","50","89093543"
"chr11","122235868","122236190","chr6","124129922","124130236","56","1894054"
"chr11","122256633","122256939","chr9","113858383","113858682","44","8398250"
"chr11","122313391","122313702","chr5","91678600","91678912","48","30634791"
"chr11","122330654","122330936","chr14","13871396","13871677","43","108459258"
"chr11","122333118","122333428","chr5","78442568","78442876","49","43890550"
"chr11","122333605","122333915","chr2","146982644","146982948","50","24649039"
"chr11","122438429","122438727","chr9","114046949","114047238","35","8391480"
"chr11","122453642","122453946","chr13","63795202","63795505","46","58658440"
"chr11","122503178","122503489","chr3","48450700","48451011","51","74052478"
"chr11","122510553","122510855","chr22","11976526","11976827","50","110534027"
"chr11","122614691","122614831","chr3","87416033","87416170","22","35198658"
"chr11","122623392","122623669","chr5","72712443","72712712","51","49910949"
"chr11","122655682","122655971","chrX","18432136","18432433","44","104223546"
"chr11","122707027","122707337","chr11","28125301","28125613","52","94581726"
"chr11","122747282","122747364","chr5","72615428","72615510","13","50131854"
"chr11","122751957","122752255","chr13","95836072","95836367","53","26915885"
"chr11","122760031","122760330","chr9","116707001","116707296","42","6053030"
"chr11","122766743","122767042","chr13","19438054","19438349","50","103328689"
"chr11","122772958","122773092","chr6","134728957","134729091","16","11955999"
"chr11","122782036","122782334","chr7","62486081","62486384","51","60295955"
"chr11","122821413","122821719","chr7","70375823","70376126","47","52445590"
"chr11","122848324","122848628","chrX","90721471","90721774","42","32126853"
"chr11","122858577","122858775","chr13","41003650","41003851","37","81854927"
"chr11","122896604","122896844","chr9","114485347","114485595","43","8411257"
"chr11","123003251","123003565","chr7","88697458","88697764","55","34305793"
"chr11","123031330","123031610","chr9","114617975","114618269","51","8413355"
"chr11","123040759","123041044","chr8","117814130","117814426","48","5226629"
"chr11","123074080","123074275","chr7","69098578","69098774","29","53975502"
"chr11","123120288","123120587","chr2","146356942","146357240","46","23236654"
"chr11","123123190","123123432","chr9","114704790","114705040","43","8418400"
"chr11","123154455","123154588","chr14","21930361","21930492","17","101224094"
"chr11","123154594","123154903","chr5","124645645","124645952","47","1491051"
"chr11","123227938","123228233","chr9","114810508","114810805","41","8417430"
"chr11","123254748","123254842","chrX","7022202","7022296","16","116232546"
"chr11","123290356","123290659","chr14","83083786","83084089","46","40206570"
"chr11","123383018","123383321","chr17","67610664","67610971","42","55772354"
"chr11","123511104","123511412","chr6","132694921","132695233","47","9183817"
"chr11","123595943","123596084","chr3","90717712","90717845","32","32878231"
"chr11","123849907","123850179","chr5","92763403","92763679","49","31086504"
"chr11","123857151","123857387","chr15","15908514","15908749","45","107948637"
"chr11","123870152","123870446","chr17","28540483","28540776","35","95329669"
"chr11","123926407","123926604","chr9","14473384","14473561","51","109453023"
"chr11","123933005","123933313","chrX","8396907","8397216","56","115536098"
"chr11","123953707","123953799","chr1","157925443","157925531","15","33971736"
"chr11","124059134","124059441","chr18","2673991","2674299","45","121385143"
"chr11","124104491","124104795","chr5","4594332","4594638","46","119510159"
"chr11","124179946","124180050","chr1","104388374","104388475","15","19791572"
"chr11","124218763","124219069","chr11","120600441","120600744","41","3618322"
"chr11","124219328","124219521","chr2","68183717","68183898","41","56035611"
"chr11","124261455","124261745","chr5","15548983","15549271","43","108712472"
"chr11","124286687","124286972","chr2","66989134","66989436","56","57297553"
"chr11","124449181","124449483","chr4","30648483","30648788","56","93800698"
"chr11","124469828","124470144","chr5","59461001","59461310","50","65008827"
"chr11","124478246","124478538","chr19","23703813","23704099","47","100774433"
"chr11","124520502","124520801","chr5","139889919","139890213","44","15369417"
"chr11","124521662","124521971","chr5","59461001","59461310","36","65060661"
"chr11","124581440","124581737","chr5","150054821","150055118","50","25473381"
"chr11","125088455","125088722","chr11","96168208","96168474","51","28920247"
"chr11","125190319","125190612","chr9","105304532","105304827","52","19885787"
"chr11","125600006","125600252","chr2","71323976","71324219","46","54276030"
"chr11","125607554","125607865","chr9","117291508","117291814","45","8316046"
"chr11","125608470","125608785","chr2","9810214","9810523","61","115798256"
"chr11","125685673","125685946","chr5","25053411","25053658","66","100632262"
"chr11","125910365","125910544","chr9","117592065","117592244","33","8318300"
"chr11","125932771","125933059","chr9","117624898","117625192","49","8307873"
"chr11","126018883","126019180","chr1","185105558","185105857","51","59086675"
"chr11","126180138","126180443","chr4","139259106","139259407","50","13078968"
"chr11","126250570","126250886","chr22","17878932","17879237","51","108371638"
"chr11","126393822","126394103","chr1","84564019","84564288","52","41829803"
"chr11","126466637","126466923","chr13","61026131","61026415","54","65440506"
"chr11","126563248","126563485","chr2","39216214","39216456","63","87347034"
"chr11","126572746","126573028","chrUn_GL286373","2039558","2039846","48","124533188"
"chr11","126886636","126886956","chr11","110164069","110164381","69","16722567"
"chr11","126912573","126912861","chr12","27922791","27923078","45","98989782"
"chr11","127000536","127000782","chr5","92287716","92287976","56","34712820"
"chr11","127001344","127001404","chr3","81021016","81021074","13","45980328"
"chr11","127053499","127053607","chr5","35409951","35410049","23","91643548"
"chr11","127189199","127189495","chr5","139889919","139890213","45","12700720"
"chr11","127303538","127303824","chr8","841978","842272","47","126461560"
"chr11","127374294","127374333","chr10","6653182","6653221","2","120721112"
"chr11","127455742","127455869","chr9","7140047","7140177","18","120315695"
"chr11","127571605","127571892","chr15","6923239","6923528","47","120648366"
"chr11","127812643","127812927","chr10","100408257","100408540","43","27404386"
"chr11","127842939","127843219","chr14","69540774","69541055","56","58302165"
"chr11","128027743","128027895","chr17","27762453","27762602","31","100265290"
"chr11","128030376","128030683","chr13","61782474","61782778","44","66247902"
"chr11","128065088","128065378","chr19","43659630","43659919","43","84405458"
"chr11","128092447","128092739","chr2","8412288","8412580","50","119680159"
"chr11","128122845","128123151","chr6","121802757","121803058","47","6320088"
"chr11","128196093","128196425","chr1","172093320","172093628","79","43897227"
"chr11","128207463","128207775","chr9","101210178","101210488","44","26997285"
"chr11","128217181","128217491","chr2","71331505","71331809","51","56885676"
"chr11","128219033","128219344","chr11","28125301","28125613","43","100093732"
"chr11","128230992","128231287","chr7","92655724","92656015","42","35575268"
"chr11","128239000","128239254","chr9","108649185","108649451","52","19589815"
"chr11","128348425","128348736","chr11","28125301","28125613","52","100223124"
"chr11","128355763","128356072","chrX","11945570","11945880","53","116410193"
"chr11","128415208","128415420","chr1","148533416","148533629","41","20118208"
"chr11","128475880","128476190","chrX","39183726","39184034","49","89292154"
"chr11","128493998","128494248","chr7","80271706","80271969","49","48222292"
"chr11","128519728","128520034","chr11","66635820","66636129","51","61883908"
"chr11","128525613","128525865","chr9","120309919","120310165","31","8215694"
"chr11","128672905","128673200","chr9","120468304","120468608","39","8204601"
"chr11","128675806","128676106","chr6","140488037","140488339","43","11812231"
"chr11","128715608","128715917","chr12","90860286","90860594","49","37855322"
"chr11","128728775","128729057","chr5","122214099","122214380","52","6514676"
"chr11","128808916","128809173","chr9","123778317","123778575","64","5030599"
"chr11","129298850","129299140","chrX","10737832","10738131","51","118561018"
"chr11","129336335","129336492","chrX","39892913","39893075","37","89443422"
"chr11","129561896","129562182","chr9","121403512","121403795","39","8158384"
"chr11","129597116","129597401","chr11","65834106","65834397","51","63763010"
"chr11","129701554","129701862","chr9","122689798","122690105","43","7011756"
"chr11","130009841","130010145","chr9","121897512","121897803","49","8112329"
"chr11","130068165","130068311","chr11","67397416","67397570","35","62670749"
"chr11","130144191","130144473","chr7","14181724","14181998","47","115962467"
"chr11","130148881","130149185","chr9","122035742","122036059","46","8113139"
"chr11","130452320","130452632","chr11","28125301","28125613","44","102327019"
"chr11","130847117","130847414","chr2","203225383","203225677","43","72378266"
"chr11","130898193","130898505","chr8","18313174","18313471","58","112585019"
"chr11","130913640","130913921","chr8","11597419","11597690","48","119316221"
"chr11","131051954","131052259","chr2","103917623","103917924","57","27134331"
"chr11","131062520","131062803","chr1","148737826","148738107","56","17675306"
"chr11","131102417","131102699","chr5","86888568","86888844","51","44213849"
"chr11","131106153","131106291","chr7","40926476","40926622","35","90179677"
"chr11","131118080","131118278","chr5","43675787","43675981","41","87442293"
"chr11","131118418","131118552","chr9","44740587","44740719","23","86377831"
"chr11","131220834","131221100","chr21","10536955","10537211","56","120683879"
"chr11","131231443","131231750","chr13","69044776","69045087","48","62186667"
"chr11","131238887","131239199","chr2","8714186","8714498","41","122524701"
"chr11","131622886","131623021","chr2","193530196","193530332","16","61907310"
"chr11","131684486","131684784","chr16","46721249","46721542","52","84963237"
"chr11","131750460","131750761","chr7","18614629","18614926","45","113135831"
"chr11","131768254","131768561","chr14","77613723","77614028","54","54154531"
"chr11","131877090","131877399","chr9","123873520","123873819","55","8003570"
"chr11","131903346","131903555","chr22","2602482","2602650","71","129300864"
"chr11","131904007","131904299","chr15","75360506","75360788","50","56543501"
"chr11","131932055","131932277","chr8","97677973","97678198","51","34254082"
"chr11","131956499","131956783","chr3","53991995","53992275","72","77964504"
"chr11","131996925","131996966","chr16","95147987","95148025","5","36848938"
"chr11","131997429","131997672","chr13","69528624","69528865","51","62468805"
"chr11","132032636","132032941","chr6","41278132","41278434","48","90754504"
"chr11","132069481","132069576","chr9","52414885","52414979","17","79654596"
"chr11","132122842","132122991","chr15","27660893","27661035","30","104461949"
"chr12","21495655","21495953","chr1","156858832","156859126","55","135363177"
"chr12","93716222","93716516","chr1","86742621","86742919","45","6973601"
"chr12","99876797","99877081","chr6","154595182","154595471","49","54718385"
"chr12","6012","6191","chr5","9803786","9803964","33","9797774"
"chr12","192352","192646","chr9","121564005","121564298","57","121371653"
"chr12","194588","194873","chr6","81704146","81704439","48","81509558"
"chr12","373393","373704","chr2","15443141","15443447","59","15069748"
"chr12","407906","408200","chr5","116663888","116664187","46","116255982"
"chr12","812863","813042","chr1","191817382","191817565","38","191004519"
"chr12","861711","862018","chr4","98746325","98746622","52","97884614"
"chr12","907410","907689","chr1","197465921","197466196","54","196558511"
"chr12","1249400","1249705","chr1","148525814","148526123","60","147276414"
"chr12","1271343","1271545","chr10","88407290","88407482","64","87135947"
"chr12","1478552","1478859","chr7","147514919","147515225","55","146036367"
"chr12","1500209","1500334","chr10","22189133","22189257","31","20688924"
"chr12","1595920","1596199","chr1","151065590","151065891","64","149469670"
"chr12","1769243","1769524","chr6","80103737","80104016","45","78334494"
"chr12","2093785","2094070","chr6","79809483","79809764","43","77715698"
"chr12","2391178","2391489","chr2","146982644","146982948","45","144591466"
"chr12","2747119","2747430","chr20","20348077","20348385","57","17600958"
"chr12","2754002","2754090","chr7","87358359","87358443","15","84604357"
"chr12","2776578","2776871","chr7","33547338","33547635","44","30770760"
"chr12","2875956","2876264","chr7","75031305","75031608","54","72155349"
"chr12","2991389","2991655","chr19","13676162","13676439","53","10684773"
"chr12","3048574","3048876","chr4","31546107","31546406","49","28497533"
"chr12","3053774","3054071","chr7","58235256","58235549","50","55181482"
"chr12","3066668","3066963","chr10","20863520","20863828","64","17796852"
"chr12","3113403","3113712","chr1","13807754","13808053","52","10694351"
"chr12","3114740","3115023","chr1","191783659","191783943","57","188668919"
"chr12","3185907","3186198","chr1","175577033","175577326","52","172391126"
"chr12","3255722","3256014","chr6","78662777","78663057","52","75407055"
"chr12","3277243","3277541","chr1","13807754","13808053","57","10530511"
"chr12","3286138","3286445","chrX","45155908","45156218","55","41869770"
"chr12","3547813","3547983","chr17","51624214","51624380","40","48076401"
"chr12","3778976","3779256","chr2","134890220","134890504","63","131111244"
"chr12","3950233","3950311","chrX","82478649","82478729","10","78528416"
"chr12","4462623","4462916","chr6","77419956","77420265","43","72957333"
"chr12","4479657","4479958","chr10","7629807","7630109","59","3150150"
"chr12","4697830","4698141","chr4","87932032","87932333","55","83234202"
"chr12","4980414","4980714","chr7","70375823","70376126","56","65395409"
"chr12","5081395","5081697","chr19","23703813","23704099","53","18622418"
"chr12","5176009","5176306","chr9","100098416","100098714","49","94922407"
"chr12","5208115","5208336","chr1","154634578","154634785","72","149426463"
"chr12","5369502","5369575","chr6","76534177","76534250","7","71164675"
"chr12","5686556","5686805","chr6","76216375","76216630","42","70529819"
"chr12","5688034","5688332","chr5","38842722","38843017","55","33154688"
"chr12","5812278","5812567","chr4","158481330","158481605","50","152669052"
"chr12","5917979","5918287","chr1","204164957","204165280","59","198246978"
"chr12","6064153","6064442","chr1","174903852","174904158","58","168839699"
"chr12","6533266","6533575","chr10","89965128","89965435","54","83431862"
"chr12","6629080","6629371","chr10","20937655","20937942","60","14308575"
"chr12","6656272","6656579","chr6","140488037","140488339","53","133831765"
"chr12","7297314","7297485","chr6","74482567","74482730","28","67185253"
"chr12","7329104","7329371","chr5","82326946","82327219","54","74997842"
"chr12","7359003","7359304","chr6","123186265","123186568","48","115827262"
"chr12","8011747","8012054","chr4","10770834","10771144","50","2759087"
"chr12","8313852","8314161","chr6","73479849","73480155","54","65165997"
"chr12","8470799","8471036","chr1","99715047","99715292","46","91244248"
"chr12","8471218","8471267","chr8","97260104","97260146","12","88788886"
"chr12","8471445","8471739","chr6","135282715","135283011","52","126811270"
"chr12","8647102","8647408","chr11","28125301","28125613","58","19478199"
"chr12","8827918","8828228","chr7","74579378","74579682","67","65751460"
"chr12","8916410","8916533","chr1","200858997","200859122","23","191942587"
"chr12","9050850","9051156","chr6","72787287","72787586","48","63736437"
"chr12","9076328","9076638","chr8","106549657","106549965","49","97473329"
"chr12","9236530","9236659","chr13","43433121","43433253","17","34196591"
"chr12","9652568","9652879","chr10","21024965","21025274","59","11372397"
"chr12","9822116","9822298","chr12","10216731","10216909","32","394615"
"chr12","10434325","10434608","chr2","52679343","52679626","47","42245018"
"chr12","10499070","10499376","chr6","71332956","71333274","55","60833886"
"chr12","10607810","10608116","chr21","50218914","50219220","53","39611104"
"chr12","10634737","10635025","chr6","71209322","71209603","48","60574585"
"chr12","10975542","10975830","chrX","45563978","45564273","58","34588436"
"chr12","11080686","11080974","chr4","18194172","18194463","57","7113486"
"chr12","11088292","11088577","chr3","103611939","103612220","44","92523647"
"chr12","11106533","11106794","chr1","202897086","202897343","44","191790553"
"chr12","11288410","11288722","chr6","70533173","70533454","63","59244763"
"chr12","11301333","11301646","chrUn_GL286373","870619","870922","55","10430714"
"chr12","11391275","11391526","chr9","114704790","114705040","49","103313515"
"chr12","11440617","11440924","chr5","83138079","83138381","57","71697462"
"chr12","11890772","11890946","chr18","10426120","10426297","32","1464652"
"chr12","12010194","12010488","chr4","98746325","98746622","51","86736131"
"chr12","12260513","12260816","chr4","139259106","139259407","46","126998593"
"chr12","12359089","12359388","chr2","146982644","146982948","42","134623555"
"chr12","12472466","12472848","chrUn_GL286397","114275","114648","108","12358191"
"chr12","12717023","12717323","chr5","31560164","31560465","51","18843141"
"chr12","12868559","12868826","chr1","168266231","168266495","59","155397672"
"chr12","12922288","12922371","chr15","34005880","34005958","18","21083592"
"chr12","12955612","12955899","chr6","68773423","68773714","46","55817811"
"chr12","12966099","12966220","chr5","89327101","89327224","23","76361002"
"chr12","12986880","12987168","chr3","83968747","83969029","49","70981867"
"chr12","13187821","13187886","chr9","51536064","51536133","13","38348243"
"chr12","13309636","13309920","chr1","156890249","156890536","46","143580613"
"chr12","13384000","13384300","chr2","83765198","83765508","66","70381198"
"chr12","13494233","13494554","chr6","68204499","68204797","55","54710266"
"chr12","13569341","13569412","chr3","36217937","36218004","17","22648596"
"chr12","13614346","13614639","chr5","523629","523928","53","13090717"
"chr12","13620783","13620876","chr9","115876122","115876213","15","102255339"
"chr12","13687309","13687593","chr12","100446405","100446694","51","86759096"
"chr12","13705697","13706008","chr6","151090684","151090994","56","137384987"
"chr12","13742006","13742251","chr14","46490628","46490868","63","32748622"
"chr12","13748250","13748539","chr22","5138073","5138365","49","8610177"
"chr12","13794591","13794882","chr19","43659630","43659919","44","29865039"
"chr12","13794883","13795018","chr22","36870757","36870892","15","23075874"
"chr12","13838182","13838457","chr12","56092815","56093092","47","42254633"
"chr12","13866705","13866993","chr6","67836368","67836652","59","53969663"
"chr12","13891228","13891501","chr17","34522402","34522681","45","20631174"
"chr12","14035161","14035262","chr22","16507435","16507537","18","2472274"
"chr12","14051805","14052106","chr6","67647463","67647761","46","53595658"
"chr12","14064501","14064795","chr16","14061211","14061502","39","3290"
"chr12","14100362","14100664","chr8","38105332","38105618","61","24004970"
"chr12","14137354","14137655","chr6","67558539","67558835","55","53421185"
"chr12","14148369","14148676","chr2","120862632","120862925","49","106714263"
"chr12","14175565","14175770","chr5","23263349","23263565","42","9087784"
"chr12","14250244","14250343","chr14","45585630","45585728","12","31335386"
"chr12","14256258","14256566","chr5","25564881","25565190","44","11308623"
"chr12","14293020","14293295","chr5","108398058","108398331","40","94105038"
"chr12","14296671","14296962","chr4","71933212","71933503","42","57636541"
"chr12","14352964","14353251","chr6","67295807","67296106","46","52942843"
"chr12","14410627","14410915","chr12","107125942","107126232","36","92715315"
"chr12","14416963","14417255","chr6","67227979","67228275","37","52811016"
"chr12","14453643","14453953","chr3","117540807","117541109","44","103087164"
"chr12","14454171","14454399","chr7","46460788","46461020","43","32006617"
"chr12","14517847","14518088","chr9","123778317","123778575","60","109260470"
"chr12","14540421","14540716","chr7","74579378","74579682","61","60038957"
"chr12","14595222","14595520","chr1","156890249","156890536","54","142295027"
"chr12","14694313","14694587","chr5","107761416","107761690","48","93067103"
"chr12","14695865","14696169","chr7","58146430","58146736","45","43450565"
"chr12","14708819","14709122","chr7","66415134","66415432","46","51706315"
"chr12","14725533","14725829","chr9","37593064","37593361","52","22867531"
"chr12","14819636","14819922","chr22","28491541","28491832","47","13671905"
"chr12","14822716","14822998","chr7","97022652","97022933","37","82199936"
"chr12","14874501","14874786","chr12","82635978","82636270","60","67761477"
"chr12","14914510","14914805","chr15","1266073","1266369","50","13648437"
"chr12","14935029","14935299","chr13","114584195","114584465","65","99649166"
"chr12","14959215","14959517","chr17","67610664","67610971","51","52651449"
"chr12","15009376","15009628","chr1","201609608","201609871","53","186600232"
"chr12","15041713","15042019","chr6","66518212","66518513","42","51476499"
"chr12","15055720","15056056","chr12","81083697","81084010","79","66027977"
"chr12","15060878","15061170","chr1","170771447","170771746","51","155710569"
"chr12","15303339","15303558","chr3","20048669","20048887","35","4745330"
"chr12","15478409","15478545","chr6","66001216","66001355","26","50522807"
"chr12","15534432","15534621","chr7","150738655","150738825","60","135204223"
"chr12","15584570","15584858","chr6","57780653","57780942","52","42196083"
"chr12","15657238","15657430","chr16","31241648","31241832","38","15584410"
"chr12","15670034","15670326","chr11","9362225","9362513","47","6307809"
"chr12","15712391","15712697","chr17","62830726","62831031","53","47118335"
"chr12","15908594","15908875","chr1","186610138","186610422","47","170701544"
"chr12","16113080","16113373","chr6","65383176","65383481","49","49270096"
"chr12","16494338","16494545","chr3","47480697","47480906","41","30986359"
"chr12","16810335","16810621","chr1","116618974","116619261","46","99808639"
"chr12","16988698","16989002","chr15","5568050","5568355","50","11420648"
"chr12","17139621","17139920","chrX","90721471","90721774","54","73581850"
"chr12","17164453","17164766","chr9","84614143","84614455","70","67449690"
"chr12","17324986","17325296","chr9","93846579","93846891","54","76521593"
"chr12","17463422","17463722","chr3","51989230","51989530","59","34525808"
"chr12","18194308","18194601","chr2","8751364","8751656","45","9442944"
"chr12","18387149","18387428","chr6","62744209","62744496","48","44357060"
"chr12","18393996","18394313","chr14","6471804","6472122","55","11922192"
"chr12","18424013","18424150","chr12","31049982","31050122","27","12625969"
"chr12","18424876","18424941","chr12","27496320","27496382","12","9071444"
"chr12","18520936","18520982","chr5","94690104","94690150","2","76169168"
"chr12","18682175","18682454","chr7","155162191","155162474","44","136480016"
"chr12","18777048","18777353","chr6","136242379","136242686","58","117465331"
"chr12","18851957","18852128","chr10","126091805","126091971","31","107239848"
"chr12","19417204","19417504","chr1","138653228","138653528","63","119236024"
"chr12","19548932","19549047","chr9","95002626","95002740","29","75453694"
"chr12","19637974","19638280","chr7","70074333","70074637","52","50436359"
"chr12","19804884","19805088","chr5","82210611","82210812","33","62405727"
"chr12","19913241","19913549","chr1","153331205","153331512","47","133417964"
"chr12","20334348","20334607","chr9","8899767","8900031","60","11434581"
"chr12","20393770","20394046","chr16","95447751","95448022","46","75053981"
"chr12","20612786","20613095","chr4","130442043","130442349","50","109829257"
"chr12","20615972","20616258","chr5","3254168","3254463","52","17361804"
"chr12","20673182","20673487","chr3","165915545","165915845","48","145242363"
"chr12","20678356","20678660","chr11","19304678","19304978","48","1373678"
"chr12","20770851","20771140","chr6","60173599","60173887","34","39402748"
"chr12","20803073","20803377","chr5","523629","523928","55","20279444"
"chr12","20876717","20876871","chr2","2293595","2293747","40","18583122"
"chr12","20983740","20983838","chr11","119952253","119952351","14","98968513"
"chr12","20984109","20984218","chr12","3088661","3088776","18","17895448"
"chr12","21045540","21045742","chr5","63923740","63923943","38","42878200"
"chr12","21084643","21084922","chr6","59852602","59852895","41","38767959"
"chr12","21099718","21099951","chr5","10743356","10743597","41","10356362"
"chr12","21103300","21103596","chr5","80121277","80121568","53","59017977"
"chr12","21170460","21170742","chr16","23461901","23462182","43","2291441"
"chr12","21187257","21187563","chr2","130993805","130994105","45","109806548"
"chr12","21204654","21204946","chr12","27162707","27162997","53","5958053"
"chr12","21228364","21228650","chr6","59711107","59711395","44","38482743"
"chr12","21313376","21313658","chr17","67593125","67593399","56","46279749"
"chr12","21427279","21427577","chrX","17022911","17023204","44","4404368"
"chr12","21446210","21446259","chr10","6606435","6606485","5","14839775"
"chr12","21523044","21523353","chr15","63224419","63224726","54","41701375"
"chr12","21529748","21529984","chr13","14552915","14553145","45","6976833"
"chr12","21583406","21583705","chr15","24029162","24029466","51","2445756"
"chr12","21616871","21617133","chr4","46250728","46250984","48","24633857"
"chr12","21617135","21617279","chr12","15322427","15322565","23","6294708"
"chr12","21633588","21633812","chr6","59245279","59245504","38","37611691"
"chr12","21698502","21698792","chr6","59144359","59144658","43","37445857"
"chr12","21856178","21856485","chr2","71331505","71331809","48","49475327"
"chr12","21858561","21858865","chr11","28125301","28125613","55","6266740"
"chr12","21890267","21890510","chr6","58914909","58915157","54","37024642"
"chr12","21944888","21944994","chr1","164376802","164376909","18","142431914"
"chr12","22003612","22003905","chr6","80770616","80770907","47","58767004"
"chr12","22104535","22104831","chr22","35858140","35858429","46","13753605"
"chr12","22157173","22157473","chr2","67197269","67197565","44","45040096"
                                                                                                                                                                                                                                                                                                                                                                                                                                                                                                                                                                                                                                                                                                                                                                                                                                                                                                                                                                                                                                                                                                                                                                                                                                                                                                                                                                                                                                                                                                                                                                                                                                                                                                                                                                                                                                                                                                                                                                                                                                                                                                                                                                                                                                                                                                                                                                                                                                                                                                                                                                                                                                                                                                                                                                                                                                                                                                                                                                                                                                                                                                                                                                                                                                                                                                                                                                                                                                                                                                                                                                                                                                                                                                                                                                                                                                                                                                                                                                                                                                                                                                                                                                                                                                                                                                                                                                                                                                                                                                                                                                                                                                                                                                                                                                                                                                                                                                                                                                                                                                                                                                                                                                                                                                                                                                                                                                                                                                                                                                                                                                                                                                                                                                                                                                                                                                                                                                                                                                                                                                                                                                                                                                                                                                                                                                                                                                                                                                                                                                                                                                                                                                                                                                                                                                                                                                                                                                                                                                                                                                                                                                                                                                                                                                                                                                                                                                                                                                                                                                                                                                                                                                                                                                                                                                                                                                                                                                                                                                                      "chr12","28525624","28525886","chr11","116161081","116161338","48","87635457"
"chr12","29268258","29268539","chrX","40344797","40345081","40","11076539"
"chr12","29642021","29642314","chr3","106011472","106011765","54","76369451"
"chr12","29690015","29690176","chr6","50927713","50927879","21","21237698"
"chr12","29701829","29701917","chr5","37761156","37761240","18","8059327"
"chr12","29722907","29723205","chr19","11713191","11713490","44","18009716"
"chr12","29820695","29821003","chr1","191854574","191854877","59","162033879"
"chr12","29828166","29828458","chr20","11637859","11638151","48","18190307"
"chr12","29922929","29923233","chrUn_GL286217","143262","143564","41","29779667"
"chr12","29968327","29968632","chr6","50627578","50627884","41","20659251"
"chr12","29978034","29978327","chr6","50618408","50618703","39","20640374"
"chr12","30011958","30012268","chr2","146982644","146982948","44","116970686"
"chr12","30113571","30113854","chr3","152914930","152915206","56","122801359"
"chr12","30183525","30183842","chr5","95128904","95129215","59","64945379"
"chr12","30198328","30198639","chr1","199360645","199360948","48","169162317"
"chr12","30206243","30206549","chr15","24029162","24029466","52","6177081"
"chr12","30513890","30514164","chr5","138302816","138303098","55","107788926"
"chr12","30797973","30798269","chr2","17996148","17996446","46","12801825"
"chr12","31281572","31281871","chr1","13807754","13808053","50","17473818"
"chr12","31307853","31308146","chr7","87384353","87384653","59","56076500"
"chr12","31323974","31324271","chr19","23703813","23704099","46","7620161"
"chr12","31332173","31332454","chr6","49151414","49151696","47","17819241"
"chr12","31344904","31345204","chr22","5265518","5265816","51","26079386"
"chr12","31356210","31356497","chr5","35445673","35445955","50","4089463"
"chr12","31378736","31378862","chr3","166034266","166034390","20","134655530"
"chr12","31380614","31380912","chr9","14539289","14539586","51","16841325"
"chr12","31426480","31426533","chr4","147159395","147159446","7","115732915"
"chr12","31474553","31474883","chr12","89693023","89693339","54","58218470"
"chr12","31513261","31513575","chr5","42467771","42468072","56","10954510"
"chr12","31577487","31577798","chr2","39815620","39815927","52","8238133"
"chr12","31674400","31674700","chr21","29646094","29646384","70","2028306"
"chr12","31676289","31676596","chr6","153387369","153387654","78","121711080"
"chr12","31698587","31698883","chr4","111795287","111795580","46","80096700"
"chr12","31700436","31700741","chr9","5461603","5461909","45","26238833"
"chr12","31718445","31718754","chr2","71331505","71331809","46","39613060"
"chr12","31733752","31734064","chr6","48778713","48779019","47","17044961"
"chr12","31779212","31779527","chr6","48739134","48739439","65","16959922"
"chr12","31800528","31800742","chrX","51311515","51311731","44","19510987"
"chr12","31802706","31802755","chr15","43407891","43407940","7","11605185"
"chr12","31804824","31805099","chr4","10702550","10702832","56","21102274"
"chr12","31836759","31837049","chrX","40344797","40345081","49","8508038"
"chr12","31924802","31925087","chr1","186610138","186610422","41","154685336"
"chr12","31939048","31939198","chr5","99988159","99988305","18","68049111"
"chr12","31974740","31974991","chr12","80027861","80028112","45","48053121"
"chr12","31997209","31997465","chr6","48504219","48504495","52","16507010"
"chr12","32099087","32099386","chr4","98746325","98746622","42","66647238"
"chr12","32164552","32164858","chr6","8374119","8374424","43","23790433"
"chr12","32172461","32172676","chr10","105242142","105242359","44","73069681"
"chr12","32292314","32292438","chr2","67173622","67173751","28","34881308"
"chr12","32294293","32294548","chr6","48217890","48218143","37","15923597"
"chr12","32442861","32443140","chr4","13710727","13711000","47","18732134"
"chr12","32502970","32503265","chr6","47998036","47998342","48","15495066"
"chr12","32613084","32613388","chrX","17705039","17705341","46","14908045"
"chr12","32715685","32715960","chr6","47801117","47801410","41","15085432"
"chr12","32733665","32733945","chr11","21274347","21274628","41","11459318"
"chr12","32740886","32741174","chr6","47776710","47776988","45","15035824"
"chr12","32750874","32751182","chr8","106549657","106549965","43","73798783"
"chr12","32769456","32769745","chr6","47750438","47750737","48","14980982"
"chr12","32860321","32860401","chr5","67001803","67001883","14","34141482"
"chr12","32861170","32861302","chr11","116167894","116168024","26","83306724"
"chr12","32868776","32869085","chr5","91678600","91678912","53","58809824"
"chr12","32886656","32886935","chr6","47641879","47642153","48","14755223"
"chr12","32908894","32909200","chr2","164878629","164878927","47","131969735"
"chr12","32910065","32910366","chr2","67197269","67197565","51","34287204"
"chr12","32986354","32986654","chr16","18693386","18693689","56","14292968"
"chr12","32988136","32988411","chr11","74173885","74174163","49","41185749"
"chr12","33059291","33059563","chr15","23149309","23149577","56","9909982"
"chr12","33098580","33098752","chr6","114762508","114762668","31","81663928"
"chr12","33144535","33144614","chr10","118870992","118871065","11","85726457"
"chr12","33175611","33175916","chr6","8374119","8374424","48","24801492"
"chr12","33225945","33226021","chr9","100742860","100742937","8","67516915"
"chr12","33252591","33252890","chr1","206060001","206060297","45","172807410"
"chr12","33314732","33315042","chrUn_GL286217","143262","143564","44","33171470"
"chr12","33337510","33337822","chr14","6471804","6472122","53","26865706"
"chr12","33407745","33408036","chr6","47106069","47106356","34","13698324"
"chr12","33411308","33411436","chr2","67173622","67173751","21","33762314"
"chr12","33451327","33451616","chr4","8654882","8655171","53","24796445"
"chr12","33472737","33472948","chr13","41003650","41003851","41","7530913"
"chr12","33516462","33516746","chrX","62040044","62040330","47","28523582"
"chr12","33521951","33522282","chr1","102444008","102444327","61","68922057"
"chr12","33549279","33549592","chr13","16760883","16761188","47","16788396"
"chr12","33567961","33568016","chr5","45959381","45959436","9","12391420"
"chr12","33598382","33598687","chr5","141618531","141618824","49","108020149"
"chr12","33656172","33656439","chr5","72712443","72712712","53","39056271"
"chr12","33758282","33758566","chr22","14059986","14060274","49","19698296"
"chr12","33841564","33841851","chr6","46629414","46629692","41","12787850"
"chr12","33850565","33850862","chr6","46616740","46617043","47","12766175"
"chr12","33888132","33888429","chr6","46574374","46574656","50","12686242"
"chr12","33893731","33893993","chr9","17963025","17963290","49","15930706"
"chr12","34050824","34051130","chr5","131639490","131639797","48","97588666"
"chr12","34100215","34100258","chr5","11370972","11371016","2","22729243"
"chr12","34102211","34102511","chr4","152013452","152013750","46","117911241"
"chr12","34105103","34105314","chr6","46356932","46357113","49","12251829"
"chr12","34105555","34105672","chr6","46356547","46356661","13","12250992"
"chr12","34127009","34127284","chr1","170033923","170034204","46","135906914"
"chr12","34129642","34129947","chr7","70375823","70376126","45","36246181"
"chr12","34142641","34142945","chr6","75230350","75230656","40","41087709"
"chr12","34315987","34316320","chr4","132055862","132056190","62","97739875"
"chr12","34369471","34369712","chr6","17518137","17518382","53","16851334"
"chr12","34381765","34382046","chr5","144164144","144164432","52","109782379"
"chr12","34394561","34394848","chr1","102364089","102364377","51","67969528"
"chr12","34457998","34458285","chr6","45990919","45991220","52","11532921"
"chr12","34496801","34497110","chr6","45928764","45929061","53","11431963"
"chr12","34531766","34532058","chr10","88439024","88439316","49","53907258"
"chr12","34532881","34533026","chrX","90794543","90794687","21","56261662"
"chr12","34533502","34533613","chr7","81015338","81015453","20","46481836"
"chr12","34541170","34541479","chr14","77613723","77614028","52","43072553"
"chr12","34545275","34545557","chr1","148438931","148439211","42","113893656"
"chr12","34563091","34563231","chr13","43433121","43433253","23","8870030"
"chr12","34673185","34673468","chr6","45754589","45754867","39","11081404"
"chr12","34675204","34675480","chr5","2451618","2451896","50","32223586"
"chr12","34766614","34766924","chr6","45647882","45648187","43","10881268"
"chr12","34790199","34790480","chr11","74173885","74174163","41","39383686"
"chr12","34966517","34966812","chr5","134385717","134386004","57","99419200"
"chr12","35047744","35047798","chr2","59211560","59211613","7","24163816"
"chr12","35083550","35083841","chr6","45315070","45315370","46","10231520"
"chr12","35178632","35178928","chr16","46759470","46759762","55","11580838"
"chr12","35181487","35181787","chr2","203225383","203225677","44","168043896"
"chr12","35205745","35205957","chr6","45165891","45166101","30","9960146"
"chr12","35235322","35235635","chr3","117540807","117541109","42","82305485"
"chr12","35256229","35256542","chr10","120365607","120365918","47","85109378"
"chr12","35260846","35260991","chr1","151075825","151075965","29","115814979"
"chr12","35274874","35275166","chr2","67197269","67197565","44","31922395"
"chr12","35370238","35370570","chr2","91172114","91172447","65","55801876"
"chr12","35648427","35648706","chr9","107245625","107245908","53","71597198"
"chr12","35659911","35660205","chrUn_GL286373","374269","374561","56","35285642"
"chr12","35683399","35683702","chr11","122686903","122687200","53","87003504"
"chr12","35689511","35689815","chr9","40949830","40950127","46","5260319"
"chr12","35703846","35704141","chrX","17705039","17705341","43","17998807"
"chr12","35710658","35710947","chr13","70428413","70428708","54","34717755"
"chr12","35737919","35738176","chr6","44628828","44629084","39","8890909"
"chr12","35763172","35763478","chr1","174635126","174635428","48","138871954"
"chr12","35849037","35849314","chr5","155454803","155455074","54","119605766"
"chr12","35950875","35950923","chr6","74223857","74223903","7","38272982"
"chr12","35966650","35966932","chrX","57469642","57469927","58","21502992"
"chr12","36006040","36006263","chr5","140447625","140447857","47","104441585"
"chr12","36041143","36041424","chr4","38042708","38042993","53","2001565"
"chr12","36054976","36055231","chr6","44302363","44302618","30","8247387"
"chr12","36104912","36105197","chr13","34988093","34988378","47","1116819"
"chr12","36120618","36120918","chrX","18432136","18432433","43","17688482"
"chr12","36139911","36140203","chr12","51888773","51889064","42","15748862"
"chr12","36152972","36153273","chr1","148374165","148374460","64","112221193"
"chr12","36170863","36171163","chr7","58917227","58917519","55","22746364"
"chr12","36202501","36202789","chr7","24906412","24906703","52","11296089"
"chr12","36215765","36216062","chr1","135371826","135372122","47","99156061"
"chr12","36315839","36316124","chr16","31990758","31991043","57","4325081"
"chr12","36323734","36324024","chr6","44015061","44015348","44","7691327"
"chr12","36334251","36334553","chr13","74012801","74013097","46","37678550"
"chr12","36343772","36344074","chr13","63990237","63990533","52","27646465"
"chr12","36359477","36359767","chr6","43988183","43988471","35","7628706"
"chr12","36364334","36364613","chr18","8965239","8965520","48","27399095"
"chr12","36364854","36365138","chr1","106991675","106991963","58","70626821"
"chr12","36476011","36476304","chr6","43867849","43868143","33","7391838"
"chr12","36496180","36496471","chr4","98746325","98746622","50","62250145"
"chr12","36534866","36535146","chrX","40344797","40345081","47","3809931"
"chr12","36612823","36613104","chr6","43717977","43718263","50","7105154"
"chr12","36796983","36797238","chr13","111846679","111846925","65","75049696"
"chr12","36933293","36933604","chr2","146982644","146982948","62","110049351"
"chr12","37077874","37078178","chr7","88697458","88697764","50","51619584"
"chr12","37586903","37587191","chr4","144715736","144716021","50","107128833"
"chr12","37756839","37756906","chr12","54240837","54240897","12","16483998"
"chr12","37824522","37824816","chr13","95853421","95853719","42","58028899"
"chr12","37891453","37891728","chr22","36780011","36780281","38","1111442"
"chr12","37904947","37905243","chr6","42369103","42369411","51","4464156"
"chr12","37912223","37912546","chr11","106700773","106701081","71","68788550"
"chr12","37919815","37920117","chr7","18384707","18385006","49","19535108"
"chr12","37955945","37956238","chr1","210193116","210193409","48","172237171"
"chr12","37957265","37957561","chr2","203225383","203225677","43","165268118"
"chr12","37981881","37982067","chr12","5402035","5402228","42","32579846"
"chr12","37987132","37987429","chr2","147728720","147729015","49","109741588"
"chr12","38116174","38116309","chr11","120625719","120625851","20","82509545"
"chr12","38116925","38117201","chr6","42150016","42150288","41","4033091"
"chr12","38135637","38135843","chr13","41003650","41003851","39","2868013"
"chr12","38243875","38244172","chr5","117609240","117609536","48","79365365"
"chr12","38249876","38249961","chr6","42034861","42034947","10","3784985"
"chr12","38307791","38308079","chr22","38654238","38654519","39","346447"
"chr12","38389274","38389578","chr2","150624041","150624344","45","112234767"
"chr12","38526757","38527049","chr6","41725196","41725490","34","3198439"
"chr12","38844624","38844894","chr1","11236905","11237177","50","27607719"
"chr12","39079342","39079510","chr19","16238814","16238979","24","22840528"
"chr12","39113480","39113639","chr5","29090486","29090646","29","10022994"
"chr12","39183945","39184256","chr6","41031987","41032291","52","1848042"
"chr12","39280808","39281103","chr1","77745311","77745604","41","38464503"
"chr12","39284675","39284766","chr5","40279234","40279320","15","994559"
"chr12","39343662","39343924","chr6","40389633","40389891","47","1045971"
"chr12","39371098","39371412","chr5","45972310","45972612","51","6601212"
"chr12","39393719","39393925","chr5","82210611","82210812","39","42816892"
"chr12","39491922","39492226","chr3","173712450","173712748","46","134220528"
"chr12","39877997","39878072","chr17","23254390","23254464","12","16623607"
"chr12","39985823","39986117","chr12","94624697","94624994","44","54638874"
"chr12","40038459","40038757","chr3","83931923","83932228","54","43893464"
"chr12","40098112","40098426","chr7","20593863","20594174","53","19504249"
"chr12","40159087","40159390","chr1","168255466","168255766","59","128096379"
"chr12","40201685","40201963","chr5","72712443","72712712","49","32510758"
"chr12","40274434","40274738","chr1","121265312","121265615","47","80990878"
"chr12","40305010","40305313","chrX","17705039","17705341","52","22599971"
"chr12","40322813","40323040","chr6","39861949","39862174","36","460864"
"chr12","40354406","40354684","chr5","43272103","43272376","44","2917697"
"chr12","40380228","40380532","chr19","27619331","27619631","43","12760897"
"chr12","40391135","40391425","chr12","20409326","20409611","50","19981809"
"chr12","40504120","40504409","chr8","27692084","27692362","56","12812036"
"chr12","40769809","40770100","chr4","61945423","61945719","52","21175614"
"chr12","40783677","40783979","chr2","150624041","150624344","52","109840364"
"chr12","40864779","40865069","chr5","47309745","47310037","48","6444966"
"chr12","41073062","41073109","chr10","80274733","80274778","8","39201671"
"chr12","41157953","41158244","chr4","25746204","25746495","44","15411749"
"chr12","41175166","41175457","chr6","39042040","39042345","53","2133126"
"chr12","41265927","41266227","chr5","86811507","86811809","53","45545580"
"chr12","41284416","41284456","chr1","155894574","155894615","4","114610158"
"chr12","41369747","41370048","chr4","158769812","158770108","47","117400065"
"chr12","41418925","41419224","chr12","51470006","51470313","51","10051081"
"chr12","41894408","41894476","chr9","116458069","116458139","10","74563661"
"chr12","41923586","41923663","chr5","92459876","92459946","19","50536290"
"chr12","42140748","42141044","chr7","79946105","79946392","64","37805357"
"chr12","43432517","43432772","chr4","28107597","28107853","56","15324920"
"chr12","43444843","43445128","chr2","5015242","5015526","50","38429601"
"chr12","43550260","43550564","chr10","21024965","21025274","52","22525295"
"chr12","43599283","43599561","chr3","175313662","175313949","49","131714379"
"chr12","43736752","43736818","chr3","175488661","175488722","14","131751909"
"chr12","43846091","43846391","chr7","88697458","88697764","41","44851367"
"chr12","44356993","44357242","chr22","17413312","17413560","50","26943681"
"chr12","44425140","44425441","chr7","79083385","79083683","59","34658245"
"chr12","44448817","44449042","chr7","122114212","122114429","46","77665395"
"chr12","44520208","44520483","chr2","16187668","16187943","48","28332540"
"chr12","44579941","44580213","chr5","72712443","72712712","48","28132502"
"chr12","44632020","44632279","chr13","97658378","97658641","58","53026358"
"chr12","44697948","44698211","chr10","35357250","35357506","46","9340698"
"chr12","44787613","44787922","chr16","18974585","18974894","54","25813028"
"chr12","44915007","44915196","chr18","38115757","38115943","42","6799250"
"chr12","44938628","44938939","chrUn_GL288815","12574","12885","51","44926054"
"chr12","44955971","44956250","chr4","160761986","160762273","50","115806015"
"chr12","45021373","45021634","chr6","132408951","132409222","57","87387578"
"chr12","45111916","45112216","chr6","35268545","35268843","50","9843371"
"chr12","45125191","45125493","chr6","75230350","75230656","56","30105159"
"chr12","45358742","45358858","chr7","60712685","60712798","15","15353943"
"chr12","46093079","46093207","chr12","19510211","19510345","31","26582868"
"chr12","46297234","46297551","chr5","145499607","145499910","57","99202373"
"chr12","46594157","46594429","chrX","39192560","39192834","50","7401597"
"chr12","46837842","46838002","chr8","27667957","27668107","35","19169885"
"chr12","47050529","47050789","chr2","35841194","35841454","71","11209335"
"chr12","47242090","47242138","chr3","10610623","10610669","5","36631467"
"chr12","47341807","47342116","chrX","63118288","63118597","48","15776481"
"chr12","47725276","47725397","chr7","81015338","81015453","19","33290062"
"chr12","47825236","47825509","chr6","32617610","32617872","33","15207626"
"chr12","48359556","48359839","chr3","19993966","19994253","48","28365590"
"chr12","48360826","48361109","chr3","19993966","19994253","48","28366860"
"chr12","48362912","48363220","chr8","106549657","106549965","51","58186745"
"chr12","48390051","48390350","chr2","1572464","1572757","58","46817587"
"chr12","48427709","48427993","chr6","101591961","101592237","52","53164252"
"chr12","48431546","48431828","chr7","75662990","75663265","49","27231444"
"chr12","48433480","48433781","chr6","101597902","101598190","57","53164422"
"chr12","48484140","48484294","chr6","101648165","101648315","26","53164025"
"chr12","48509021","48509321","chr8","115903141","115903445","52","67394120"
"chr12","48561414","48561691","chr4","15703542","15703820","56","32857872"
"chr12","48561769","48562052","chr5","140191827","140192110","55","91630058"
"chr12","48612114","48612278","chr9","113205770","113205926","32","64593656"
"chr12","48858956","48859262","chr2","11077390","11077699","63","37781566"
"chr12","49024103","49024397","chr5","45788683","45788985","57","3235420"
"chr12","49461717","49461826","chr2","7103280","7103374","27","42358437"
"chr12","49531525","49531809","chr15","73348044","73348331","53","23816519"
"chr12","49536500","49536769","chr14","68859815","68860079","60","19323315"
"chr12","49814658","49814904","chr15","21391104","21391348","50","28423554"
"chr12","49875171","49875465","chr1","174098167","174098463","50","124222996"
"chr12","50271672","50271957","chr4","106702443","106702725","52","56430771"
"chr12","50329892","50330194","chr10","5304587","5304889","50","45025305"
"chr12","50340857","50341157","chr5","116663888","116664187","53","66323031"
"chr12","50635655","50635767","chr14","83866931","83867032","24","33231276"
"chr12","50761938","50762225","chr4","158481330","158481605","64","107719392"
"chr12","50797582","50797892","chr5","124645645","124645952","53","73848063"
"chr12","51024679","51024837","chr10","34685300","34685458","38","16339379"
"chr12","51089299","51089591","chr1","13807754","13808053","47","37281545"
"chr12","51192614","51192913","chr6","104534245","104534535","48","53341631"
"chr12","51283983","51284284","chrX","125368984","125369285","58","74085001"
"chr12","51321295","51321597","chr7","70375823","70376126","60","19054528"
"chr12","51372902","51373200","chr11","65700168","65700463","57","14327266"
"chr12","51385828","51386114","chr4","155605212","155605495","40","104219384"
"chr12","51437675","51437972","chr7","58889256","58889546","52","7451581"
"chr12","51537349","51537646","chr4","139259106","139259407","43","87721757"
"chr12","51544743","51545022","chr16","78311945","78312221","63","26767202"
"chr12","51580337","51580640","chr2","71331505","71331809","44","19751168"
"chr12","51593087","51593378","chr19","43685253","43685540","48","7907834"
"chr12","51612317","51612605","chr3","106011472","106011765","52","54399155"
"chr12","51639033","51639339","chr6","125195792","125196093","45","73556759"
"chr12","51694336","51694367","chr9","91427403","91427433","4","39733067"
"chr12","51694382","51694671","chr6","104930968","104931250","40","53236586"
"chr12","51794586","51794889","chr2","147728720","147729015","46","95934134"
"chr12","51885818","51886098","chr6","132408951","132409222","56","80523133"
"chr12","52046224","52046506","chr8","25848398","25848684","49","26197826"
"chr12","52180856","52181151","chr3","173712450","173712748","48","121531594"
"chr12","52443727","52444014","chr6","105922428","105922716","45","53478701"
"chr12","52589311","52589389","chr6","106072400","106072480","11","53483089"
"chr12","52692495","52692778","chr5","52276617","52276902","48","415878"
"chr12","52748693","52748973","chr6","106221063","106221336","41","53472370"
"chr12","52791420","52791629","chr12","31414265","31414478","32","21377155"
"chr12","52961311","52961404","chr5","1759512","1759601","16","51201799"
"chr12","53077896","53078197","chr1","83536268","83536570","51","30458372"
"chr12","53104652","53104956","chr7","88697458","88697764","49","35592806"
"chr12","53156661","53156954","chr6","106721456","106721748","48","53564795"
"chr12","53232284","53232577","chr1","13807754","13808053","50","39424530"
"chr12","53257486","53257770","chr10","130892828","130893115","44","77635342"
"chr12","53287047","53287288","chr22","38052824","38053061","59","15234223"
"chr12","53355221","53355502","chr12","36903935","36904218","41","16451286"
"chr12","53452844","53452928","chr5","133208563","133208644","18","79755719"
"chr12","53647037","53647268","chr9","54287512","54287742","41","640475"
"chr12","53655950","53656246","chr9","76118191","76118484","55","22462241"
"chr12","53715927","53716226","chr7","70375823","70376126","52","16659896"
"chr12","53728167","53728462","chr12","73821083","73821375","61","20092916"
"chr12","54040474","54040766","chr1","156644747","156645035","50","102604273"
"chr12","54267886","54268176","chr5","94896037","94896335","58","40628151"
"chr12","54707756","54708062","chr10","29508947","29509244","45","25198809"
"chr12","54886654","54886953","chr4","98746325","98746622","55","43859671"
"chr12","55755234","55755545","chrX","51259545","51259842","62","4495689"
"chr12","56155520","56155831","chr6","109709804","109710100","73","53554284"
"chr12","56280980","56281279","chr1","77761553","77761848","48","21480573"
"chr12","56328575","56328671","chr6","59554048","59554147","21","3225473"
"chr12","56407649","56407964","chr9","93846579","93846891","60","37438930"
"chr12","56543999","56544277","chr15","6833374","6833663","53","49710625"
"chr12","56648211","56648246","chr15","19845939","19845974","2","36802272"
"chr12","56903467","56903773","chr11","66635820","66636129","51","9732353"
"chr12","57199011","57199309","chr5","93075725","93076019","48","35876714"
"chr12","57274481","57274762","chr6","110827987","110828267","46","53553506"
"chr12","57393546","57393819","chr8","97925884","97926162","60","40532338"
"chr12","57399153","57399435","chr1","168926697","168926979","53","111527544"
"chr12","57450513","57450601","chr4","110642008","110642097","8","53191495"
"chr12","57487018","57487196","chr13","59247167","59247341","36","1760149"
"chr12","57740458","57740755","chr6","75230350","75230656","61","17489892"
"chr12","57954394","57954499","chr4","18185518","18185623","20","39768876"
"chr12","58133360","58133651","chr2","2218970","2219260","41","55914390"
"chr12","58165384","58165696","chr12","87400084","87400394","61","29234700"
"chr12","58186665","58186796","chr6","111788796","111788927","14","53602131"
"chr12","58204499","58204705","chr6","111810947","111811153","24","53606448"
"chr12","58267191","58267499","chr3","117540807","117541109","47","59273616"
"chr12","58364513","58364803","chr1","197465921","197466196","42","139101408"
"chr12","58418592","58418903","chr5","116046595","116046904","48","57628003"
"chr12","58460179","58460442","chr10","58140996","58141257","47","319183"
"chr12","58475575","58475877","chr9","99360376","99360678","48","40884801"
"chr12","58536366","58536665","chr1","83869409","83869704","46","25333043"
"chr12","58582468","58582787","chr2","71331505","71331809","58","12749037"
"chr12","58584395","58584682","chr7","55495887","55496177","41","3088508"
"chr12","58642072","58642237","chr4","48642084","48642241","36","9999988"
"chr12","58642868","58643169","chr2","71331505","71331809","49","12688637"
"chr12","58734686","58734987","chr6","121802757","121803058","54","63068071"
"chr12","58880146","58880447","chrX","106785435","106785739","48","47905289"
"chr12","58970793","58971107","chr8","841978","842272","57","58128815"
"chr12","59044924","59045159","chrX","107815991","107816227","46","48771067"
"chr12","59060663","59060830","chr2","111325762","111325930","24","52265099"
"chr12","59061392","59061482","chr12","52245392","52245480","28","6816000"
"chr12","59079359","59079666","chr4","54370195","54370493","48","4709164"
"chr12","59081015","59081304","chr2","1667885","1668167","56","57413130"
"chr12","59156140","59156433","chr3","74904577","74904866","51","15748437"
"chr12","59159262","59159370","chr11","60184186","60184294","32","1024924"
"chr12","59167740","59167843","chr14","60979762","60979861","18","1812022"
"chr12","59205057","59205184","chr12","15386416","15386540","34","43818641"
"chr12","59223200","59223510","chr5","65616565","65616873","56","6393365"
"chr12","59240432","59240703","chr15","28142141","28142420","60","31098291"
"chr12","59251089","59251242","chr5","109099887","109100036","41","49848798"
"chr12","59251292","59251334","chr8","97260104","97260146","14","38008812"
"chr12","59274180","59274470","chr4","54370195","54370493","47","4903985"
"chr12","59319456","59319579","chr10","128823476","128823600","20","69504020"
"chr12","59341540","59341820","chr10","94342101","94342382","53","35000561"
"chr12","59347336","59347625","chr13","8793439","8793726","50","50553897"
"chr12","59386360","59386654","chr13","16536463","16536755","42","42849897"
"chr12","59391244","59391551","chrX","16102878","16103172","51","43288366"
"chr12","59650283","59650353","chr1","200642764","200642837","5","140992481"
"chr12","59654923","59655051","chr17","58250524","58250647","19","1404399"
"chr12","59963662","59963770","chr22","13859479","13859583","20","46104183"
"chr12","59963997","59964158","chr16","19407292","19407446","24","40556705"
"chr12","60054469","60054779","chr6","113734676","113734970","51","53680207"
"chr12","60100684","60100805","chr5","156163531","156163658","19","96062847"
"chr12","60322053","60322337","chr6","135531665","135531946","47","75209612"
"chr12","60550958","60551278","chr20","11868686","11868992","55","48682272"
"chr12","60869437","60869709","chr5","8282348","8282619","47","52587089"
"chr12","60881774","60882084","chr8","65769668","65769964","64","4887894"
"chr12","61085934","61085973","chr7","10013289","10013326","2","51072645"
"chr12","61118567","61118848","chr7","61030978","61031258","45","87589"
"chr12","61132510","61132812","chr4","30648483","30648788","41","30484027"
"chr12","61152101","61152194","chr15","29791407","29791499","14","31360694"
"chr12","61158439","61158522","chr9","105600029","105600112","11","44441590"
"chr12","61159370","61159473","chr14","60979762","60979861","20","179608"
"chr12","61159601","61159860","chr20","11729288","11729543","53","49430313"
"chr12","61170004","61170290","chr1","83930984","83931267","64","22760980"
"chr12","61475908","61476218","chr14","69866837","69867141","55","8390929"
"chr12","61495421","61495722","chr7","117579613","117579898","55","56084192"
"chr12","61498707","61499017","chr4","44576155","44576457","51","16922552"
"chr12","61512499","61512840","chr15","37514276","37514606","70","23998223"
"chr12","61593699","61593987","chrX","23685308","23685596","52","37908391"
"chr12","61617138","61617444","chr6","115261725","115262026","44","53644587"
"chr12","61687001","61687279","chr2","74473045","74473331","47","12786044"
"chr12","61760550","61760635","chr1","117502770","117502852","12","55742220"
"chr12","61765518","61765807","chr11","21274347","21274628","45","40491171"
"chr12","61919557","61919851","chr10","33308225","33308522","42","28611332"
"chr12","62222094","62222381","chr16","93560681","93560971","49","31338587"
"chr12","62247308","62247449","chr21","35123248","35123380","24","27124060"
"chr12","62275862","62276149","chr19","38589311","38589602","48","23686551"
"chr12","62277383","62277670","chr6","57780653","57780942","47","4496730"
"chr12","62312327","62312628","chr7","70375823","70376126","48","8063496"
"chr12","62332310","62332609","chr20","29226310","29226607","42","33106000"
"chr12","62365119","62365415","chr13","39988031","39988324","54","22377088"
"chr12","62453703","62454014","chr10","14690438","14690745","49","47763265"
"chr12","62505180","62505463","chr6","116202743","116203026","34","53697563"
"chr12","62521667","62521989","chr6","116215103","116215435","46","53693436"
"chr12","62593804","62594093","chr6","116293422","116293714","34","53699618"
"chr12","62596188","62596455","chr2","47506221","47506493","50","15089967"
"chr12","62620709","62620981","chr5","12486456","12486731","51","50134253"
"chr12","62659483","62659699","chr1","167087506","167087729","56","104428023"
"chr12","62661111","62661415","chr11","122686903","122687200","68","60025792"
"chr12","62723599","62723893","chr12","107125942","107126232","45","44402343"
"chr12","62733586","62733878","chr6","116441231","116441532","38","53707645"
"chr12","62786334","62786618","chr2","72481200","72481495","55","9694866"
"chr12","62824365","62824658","chr12","51888773","51889064","53","10935592"
"chr12","62881401","62881519","chr6","113318399","113318522","20","50436998"
"chr12","62903569","62903877","chrX","10624721","10625025","50","52278848"
"chr12","62908094","62908403","chr5","55380182","55380490","56","7527912"
"chr12","62925943","62926207","chr4","10702550","10702832","48","52223393"
"chr12","62932290","62932582","chr6","116641225","116641528","40","53708935"
"chr12","63000055","63000355","chr6","116710341","116710632","45","53710286"
"chr12","63011396","63011685","chr2","129078851","129079134","44","66067455"
"chr12","63039788","63040088","chr15","72516887","72517186","49","9477099"
"chr12","63062657","63062788","chr7","20344603","20344734","24","42718054"
"chr12","63066217","63066507","chr8","89472023","89472314","62","26405806"
"chr12","63088572","63088872","chr14","915738","916038","35","62172834"
"chr12","63121689","63121886","chr12","79339902","79340100","50","16218213"
"chr12","63123312","63123611","chr7","59480517","59480814","57","3642795"
"chr12","63126905","63127216","chr3","119046733","119047044","46","55919828"
"chr12","63151181","63151496","chrX","17705039","17705341","58","45446142"
"chr12","63152614","63152919","chr5","73075939","73076252","46","9923325"
"chr12","63162336","63162625","chr14","84123394","84123684","49","20961058"
"chr12","63287480","63287793","chrX","64172412","64172721","51","884932"
"chr12","63294013","63294319","chrX","8082125","8082430","43","55211888"
"chr12","63357624","63357670","chr12","28855585","28855630","6","34502039"
"chr12","63357672","63357718","chr12","28855585","28855630","6","34502087"
"chr12","63483630","63483938","chr2","71331505","71331809","40","7847875"
"chr12","63492171","63492487","chr10","21024965","21025274","50","42467206"
"chr12","63506549","63506787","chr5","144921835","144922072","42","81415286"
"chr12","63535175","63535488","chr7","137342012","137342330","55","73806837"
"chr12","63553228","63553399","chr20","1976364","1976531","30","61576864"
"chr12","63553538","63553828","chr2","2218970","2219260","40","61334568"
"chr12","63571251","63571553","chr6","117314187","117314483","33","53742936"
"chr12","63589628","63589936","chr6","117332912","117333211","38","53743284"
"chr12","63648693","63648998","chr14","83083786","83084089","54","19435093"
"chr12","63695737","63695972","chr9","18197010","18197245","58","45498727"
"chr12","63697058","63697362","chrX","18792074","18792375","51","44904984"
"chr12","63736757","63737029","chr6","117470151","117470410","35","53733394"
"chr12","63779742","63780021","chr10","97310608","97310889","50","33530866"
"chr12","63814262","63814557","chr9","108561006","108561303","40","44746744"
"chr12","63817546","63817846","chrUn_GL286217","143262","143564","51","63674284"
"chr12","63860638","63860906","chr4","134894149","134894416","52","71033511"
"chr12","63884335","63884640","chr2","71331505","71331809","51","7447170"
"chr12","63978216","63978522","chr5","2193404","2193714","51","61784812"
"chr12","64006497","64006652","chr12","50187581","50187735","22","13818916"
"chr12","64020660","64020958","chr6","117764630","117764934","48","53743970"
"chr12","64052014","64052308","chr5","83138079","83138381","56","19086065"
"chr12","64094223","64094531","chr4","54370195","54370493","56","9724028"
"chr12","64097988","64098213","chr7","41590979","41591212","46","22507009"
"chr12","64106216","64106426","chr12","48609930","48610140","47","15496286"
"chr12","64113194","64113456","chr5","122438480","122438746","53","58325286"
"chr12","64160317","64160480","chr5","137430867","137431028","32","73270550"
"chr12","64197962","64198270","chr11","97213328","97213619","58","33015366"
"chr12","64228109","64228201","chr4","110774871","110774964","19","46546762"
"chr12","64295625","64295800","chr22","18250724","18250903","45","46044901"
"chr12","64301650","64301936","chr4","144777807","144778094","49","80476157"
"chr12","64303626","64303675","chr7","79538857","79538905","14","15235231"
"chr12","64308213","64308457","chrX","120162403","120162628","56","55854190"
"chr12","64316204","64316366","chr6","118022892","118023052","24","53706688"
"chr12","64322363","64322672","chr1","175092801","175093094","64","110770438"
"chr12","64341157","64341448","chr7","79656422","79656711","56","15315265"
"chr12","64355856","64356166","chr7","88697458","88697764","50","24341602"
"chr12","64402596","64402697","chr12","52380235","52380336","14","12022361"
"chr12","64421675","64421983","chrX","8396907","8397216","54","56024768"
"chr12","64429562","64429811","chr7","47053043","47053292","42","17376519"
"chr12","64503974","64504265","chr6","119011301","119011592","36","54507327"
"chr12","64532713","64532964","chr9","111169093","111169350","40","46636380"
"chr12","64534158","64534426","chr1","116618974","116619261","60","52084816"
"chr12","64546219","64546522","chr10","14690438","14690745","44","49855781"
"chr12","64635211","64635521","chr2","95020402","95020707","54","30385191"
"chr12","64707535","64707819","chr12","20230563","20230858","53","44476972"
"chr12","64709329","64709616","chr14","53310215","53310500","40","11399114"
"chr12","64817494","64817802","chr6","118479529","118479837","47","53662035"
"chr12","64834084","64834375","chr11","67659569","67659865","49","2825485"
"chr12","64847297","64847591","chr10","60607843","60608138","52","4239454"
"chr12","64855529","64855855","chr15","82860407","82860726","72","18004878"
"chr12","64928340","64928642","chr6","118600755","118601054","44","53672415"
"chr12","64946899","64947184","chr3","19993966","19994253","45","44952933"
"chr12","65033200","65033498","chr5","116663888","116664187","57","51630688"
"chr12","65039546","65039856","chr6","118694930","118695238","45","53655384"
"chr12","65071162","65071467","chr1","152570018","152570318","45","87498856"
"chr12","65072055","65072197","chr15","95313243","95313379","21","30241188"
"chr12","65094877","65095122","chr8","50773372","50773617","60","14321505"
"chr12","65096981","65097284","chr9","45325979","45326278","50","19771002"
"chr12","65136468","65136756","chr1","148438931","148439211","49","83302463"
"chr12","65148257","65148561","chr22","32283805","32284102","46","32864452"
"chr12","65154563","65154875","chrX","85991242","85991544","53","20836679"
"chr12","65165019","65165324","chr2","150624041","150624344","49","85459022"
"chr12","65168432","65168726","chr6","119011301","119011592","35","53842869"
"chr12","65187377","65187677","chr5","65296228","65296517","42","108851"
"chr12","65207778","65208075","chr22","41886502","41886799","49","23321276"
"chr12","65238872","65239175","chr4","139259106","139259407","41","74020234"
"chr12","65241929","65242110","chr6","119079826","119080002","32","53837897"
"chr12","65274451","65274737","chr1","41686123","41686409","49","23588328"
"chr12","65279951","65280260","chr21","30094511","30094805","73","35185440"
"chr12","65335717","65336024","chr5","55380182","55380490","47","9955535"
"chr12","65385754","65386046","chr4","44576155","44576457","52","20809599"
"chr12","65419012","65419314","chr6","119263062","119263365","43","53844050"
"chr12","65445004","65445298","chr15","71322961","71323259","49","5877957"
"chr12","65490170","65490464","chr6","119316386","119316681","53","53826216"
"chr12","65494841","65495014","chr3","183689850","183690027","28","118195009"
"chr12","65514130","65514350","chr7","53715225","53715442","56","11798905"
"chr12","65527316","65527599","chr1","4470943","4471220","49","61056373"
"chr12","65532040","65532325","chr15","2416259","2416547","42","63115781"
"chr12","65567286","65567578","chr2","133141758","133142053","48","67574472"
"chr12","65604571","65604675","chr22","40931234","40931346","18","24673337"
"chr12","65632136","65632438","chr14","76157685","76157986","45","10525549"
"chr12","65710897","65711208","chr5","73075939","73076252","51","7365042"
"chr12","65749548","65749838","chr7","48973045","48973333","43","16776503"
"chr12","65837537","65837836","chr6","119011301","119011592","44","53173764"
"chr12","65864783","65865079","chr17","28540483","28540776","42","37324300"
"chr12","65972730","65973031","chr4","139259106","139259407","47","73286376"
"chr12","66271515","66271817","chr10","90399593","90399894","50","24128078"
"chr12","66649928","66650099","chr1","186815089","186815257","32","120165161"
"chr12","67356617","67356926","chr9","101210178","101210488","53","33853561"
"chr12","67399666","67399938","chr11","74173885","74174163","48","6774219"
"chr12","67583666","67583976","chr6","121519703","121520011","47","53936037"
"chr12","67689002","67689308","chr7","4411558","4411862","45","63277444"
"chr12","67821342","67821635","chr13","95853421","95853719","46","28032079"
"chr12","67857924","67858234","chr8","106549657","106549965","48","38691733"
"chr12","67912526","67912819","chr6","121868410","121868708","40","53955884"
"chr12","67924365","67924644","chr7","58917227","58917519","48","9007138"
"chr12","67928223","67928522","chrX","10737832","10738131","40","57190391"
"chr12","67931445","67931736","chr2","67197269","67197565","51","734176"
"chr12","67938648","67938820","chr13","16898718","16898893","30","51039930"
"chr12","67951892","67952198","chr20","10160789","10161092","44","57791103"
"chr12","67954938","67955251","chr6","121913449","121913787","66","53958511"
"chr12","67974891","67975185","chr13","57884093","57884384","40","10090798"
"chr12","67975665","67975976","chr5","120225189","120225498","40","52249524"
"chr12","68003375","68003672","chr2","71331505","71331809","56","3328130"
"chr12","68035423","68035725","chr10","115586657","115586959","45","47551234"
"chr12","68044255","68044323","chrX","124575268","124575331","12","56531013"
"chr12","68102332","68102608","chr5","43272103","43272376","43","24830229"
"chr12","68136483","68136785","chr7","70375823","70376126","50","2239340"
"chr12","68159595","68159929","chr6","85448275","85448576","76","17288680"
"chr12","68165238","68165511","chr6","122114765","122115037","37","53949527"
"chr12","68170543","68170841","chr9","101464415","101464709","50","33293872"
"chr12","68181891","68182181","chr7","70262679","70262964","45","2080788"
"chr12","68230153","68230463","chr6","122177189","122177500","43","53947036"
"chr12","68342295","68342585","chr2","127177045","127177318","66","58834750"
"chr12","68353582","68353861","chr9","104925474","104925752","47","36571892"
"chr12","68511882","68512047","chr6","122448194","122448361","22","53936312"
"chr12","68610861","68611157","chr11","120575111","120575389","67","51964250"
"chr12","68868135","68868425","chr20","13023485","13023768","48","55844650"
"chr12","68966038","68966347","chr5","59461001","59461310","48","9505037"
"chr12","69039035","69039346","chr6","132694921","132695233","45","63655886"
"chr12","69252542","69252826","chr7","84954640","84954925","47","15702098"
"chr12","69277525","69277807","chr8","75280125","75280408","49","6002600"
"chr12","69301182","69301454","chr10","129718624","129718892","49","60417442"
"chr12","69312513","69312641","chr5","39554908","39555035","26","29757605"
"chr12","69328590","69328909","chr6","123270265","123270574","48","53941675"
"chr12","69456427","69456733","chr1","152570018","152570318","44","83113591"
"chr12","69463952","69464240","chr5","93719639","93719929","54","24255687"
"chr12","69468664","69468946","chr11","28111830","28112115","45","41356834"
"chr12","69471849","69472001","chr2","93802927","93803075","21","24331078"
"chr12","69546630","69546854","chr7","103548958","103549182","42","34002328"
"chr12","69578671","69578972","chr12","51888773","51889064","42","17689898"
"chr12","69632114","69632411","chr12","102748139","102748432","50","33116025"
"chr12","69642679","69642967","chr5","50537784","50538079","46","19104895"
"chr12","69668274","69668450","chr3","166425993","166426165","43","96757719"
"chr12","69669738","69669942","chrX","135564895","135565093","47","65895157"
"chr12","69710774","69711082","chr3","5820703","5820995","63","63890071"
"chr12","69728309","69728348","chr7","10013289","10013326","4","59715020"
"chr12","69733161","69733328","chr2","111325762","111325930","30","41592601"
"chr12","69733538","69733809","chr5","44706933","44707209","59","25026605"
"chr12","69753088","69753402","chr12","37179701","37180010","57","32573387"
"chr12","69838177","69838476","chr5","116663888","116664187","44","46825711"
"chr12","69848037","69848334","chr2","150624041","150624344","49","80776004"
"chr12","69868550","69868841","chr4","71933212","71933503","45","2064662"
"chr12","69993000","69993275","chr22","14641253","14641543","50","55351747"
"chr12","70023510","70023645","chr2","183130784","183130918","21","113107274"
"chr12","70023646","70023944","chr10","48283501","48283804","47","21740145"
"chr12","70024858","70025165","chr2","150624041","150624344","50","80599183"
"chr12","70086871","70087029","chr10","129760983","129761137","25","59674112"
"chr12","70131352","70131648","chr9","91473040","91473349","58","21341688"
"chr12","70181320","70181632","chr9","101210178","101210488","49","31028858"
"chr12","70188308","70188596","chr14","90818497","90818784","46","20630189"
"chr12","70231273","70231575","chr6","124220729","124221031","48","53989456"
"chr12","70257744","70257881","chr20","38676674","38676813","31","31581070"
"chr12","70258366","70258504","chr11","111073885","111074014","28","40815519"
"chr12","70278002","70278294","chr6","124273713","124274007","49","53995711"
"chr12","70297479","70297756","chr1","184079257","184079543","61","113781778"
"chr12","70338324","70338603","chr6","124329018","124329284","46","53990694"
"chr12","70441484","70441800","chr4","54370195","54370493","60","16071289"
"chr12","70466376","70466670","chr7","85667225","85667519","37","15200849"
"chr12","70501023","70501313","chr6","149090709","149091000","49","78589686"
"chr12","70501762","70502021","chr9","114704790","114705040","50","44203028"
"chr12","70542012","70542312","chr6","48814191","48814491","45","21727821"
"chr12","70768565","70768837","chr4","12429965","12430236","52","58338600"
"chr12","70820351","70820651","chr7","70375823","70376126","47","444528"
"chr12","70984614","70984937","chr1","140083591","140083907","62","69098977"
"chr12","71272489","71272650","chr13","15227928","15228085","31","56044561"
"chr12","71740126","71740425","chr2","147728720","147729015","49","75988594"
"chr12","71801342","71801644","chr3","149706946","149707243","48","77905604"
"chr12","71829775","71830055","chr6","126099633","126099912","45","54269858"
"chr12","71862694","71863019","chr14","6471804","6472122","60","65390890"
"chr12","71927583","71927881","chr2","147728720","147729015","52","75801137"
"chr12","71934609","71934699","chr17","39904997","39905081","12","32029612"
"chr12","71950972","71951283","chr1","148525814","148526123","39","76574842"
"chr12","71963257","71963526","chr9","58102610","58102877","46","13860647"
"chr12","71966950","71967224","chr5","68540557","68540826","54","3426393"
"chr12","71974911","71975201","chr6","126244066","126244353","30","54269155"
"chr12","71985450","71985733","chr6","126264202","126264475","46","54278752"
"chr12","71990617","71990914","chr5","64266316","64266614","46","7724301"
"chr12","72050925","72051231","chr2","146982644","146982948","51","74931719"
"chr12","72052243","72052560","chr6","126333425","126333723","59","54281182"
"chr12","72113355","72113650","chrX","62040044","62040330","56","10073311"
"chr12","72214407","72214700","chr8","72960841","72961131","52","746434"
"chr12","72245237","72245553","chr14","77613723","77614028","53","5368486"
"chr12","72593458","72593617","chr7","89154887","89155039","36","16561429"
"chr12","72914947","72915236","chr2","203225383","203225677","51","130310436"
"chr12","72924034","72924316","chr11","374305","374598","55","72549729"
"chr12","73257530","73257617","chr16","50638532","50638619","16","22618998"
"chr12","73517203","73517513","chr2","39815620","39815927","51","33701583"
"chr12","73892259","73892571","chr6","128174671","128174968","51","54282412"
"chr12","73991556","73991809","chr20","11729288","11729543","45","62262268"
"chr12","74027722","74028034","chr2","71298755","71299066","56","2728967"
"chr12","74047680","74047978","chr5","93075725","93076019","63","19028045"
"chr12","74732620","74732791","chr4","42830827","42830995","37","31901793"
"chr12","74785378","74785416","chr7","10013289","10013326","2","64772089"
"chr12","74822783","74822842","chr2","97655048","97655103","6","22832265"
"chr12","74866814","74867109","chr6","129145728","129146019","34","54278914"
"chr12","75211044","75211345","chr6","129526730","129527025","50","54315686"
"chr12","75306897","75307194","chr1","156644747","156645035","50","81337850"
"chr12","75930040","75930182","chr11","129926389","129926528","27","53996349"
"chr12","76168031","76168349","chr3","48450700","48451011","60","27717331"
"chr12","76683937","76684233","chr8","841978","842272","52","75841959"
"chr12","76684236","76684402","chr6","150917180","150917350","31","74232944"
"chr12","76724161","76724455","chr2","2218970","2219260","42","74505191"
"chr12","76807110","76807418","chr12","5180956","5181267","48","71626154"
"chr12","76865186","76865487","chr3","111477906","111478203","58","34612720"
"chr12","76904731","76905024","chr6","131342249","131342541","38","54437518"
"chr12","76938735","76939051","chr13","16769800","16770106","58","60168935"
"chr12","77028995","77029292","chr19","42859948","42860247","45","34169047"
"chr12","77053098","77053306","chr1","200791022","200791225","30","123737924"
"chr12","77110425","77110704","chr12","36903935","36904218","46","40206490"
"chr12","77156509","77156795","chr2","187846154","187846445","52","110689645"
"chr12","77181357","77181658","chr19","27619331","27619631","54","49562026"
"chr12","77188348","77188644","chr4","150555920","150556212","53","73367572"
"chr12","77189037","77189304","chr7","92152354","92152624","49","14963317"
"chr12","77278777","77278875","chr4","110642008","110642097","16","33363231"
"chr12","77279174","77279448","chr10","107058701","107058974","51","29779527"
"chr12","77329747","77329842","chrX","107839234","107839329","20","30509487"
"chr12","77353765","77354071","chr7","49425340","49425646","45","27928425"
"chr12","77358016","77358307","chr6","131818517","131818808","41","54460501"
"chr12","77580315","77580480","chr15","61805258","61805414","28","15775057"
"chr12","77725256","77725435","chr16","19752551","19752729","27","57972705"
"chr12","77737517","77737659","chr12","31049982","31050122","22","46687535"
"chr12","77892157","77892221","chr7","71879017","71879077","11","6013140"
"chr12","77962129","77962422","chr1","13807754","13808053","51","64154375"
"chr12","77981202","77981497","chr11","113400461","113400758","44","35419259"
"chr12","78003125","78003281","chr7","131306304","131306461","27","53303179"
"chr12","78005826","78006117","chr9","83573818","83574110","53","5567992"
"chr12","78015675","78015933","chr2","97467584","97467836","53","19451909"
"chr12","78043710","78044016","chr10","20863520","20863828","46","57180190"
"chr12","78053125","78053421","chr5","41846454","41846751","51","36206671"
"chr12","78060698","78060985","chr3","152858583","152858869","45","74797885"
"chr12","78077922","78078200","chr1","37267371","37267646","51","40810551"
"chr12","78193338","78193635","chr12","107125942","107126232","47","28932604"
"chr12","78204441","78204753","chr6","132694921","132695233","39","54490480"
"chr12","78264429","78264729","chr12","107125942","107126232","53","28861513"
"chr12","78279696","78280014","chr6","132768806","132769124","56","54489110"
"chr12","78298361","78298488","chr10","54380936","54381064","22","23917425"
"chr12","78299409","78299578","chr6","132791342","132791512","25","54491933"
"chr12","78322886","78323048","chr6","114762508","114762668","20","36439622"
"chr12","78324047","78324348","chr4","31195106","31195401","41","47128941"
"chr12","78337311","78337594","chr3","187867987","187868264","49","109530676"
"chr12","78338449","78338761","chr5","83138079","83138381","62","4799630"
"chr12","78340736","78341032","chr5","35103940","35104236","48","43236796"
"chr12","78353789","78353980","chr5","43675787","43675981","31","34678002"
"chr12","78361674","78361755","chr16","54177415","54177497","12","24184259"
"chr12","78372653","78372937","chr20","36212534","36212821","53","42160119"
"chr12","78402003","78402313","chr6","132892402","132892703","46","54490399"
"chr12","78441724","78442015","chr6","132934563","132934855","40","54492839"
"chr12","78464331","78464636","chr3","173712450","173712748","50","95248119"
"chr12","78484488","78484652","chr5","29090486","29090646","30","49394002"
"chr12","78517376","78517688","chr16","71570137","71570438","50","6947239"
"chr12","79011476","79011774","chr3","173712450","173712748","50","94700974"
"chr12","79117247","79117523","chr1","102585222","102585490","62","23467975"
"chr12","79178124","79178442","chr5","78806417","78806729","59","371707"
"chr12","79287085","79287237","chr6","133788720","133788876","25","54501635"
"chr12","79501660","79501971","chr6","134007344","134007652","46","54505684"
"chr12","79940482","79940777","chr13","101131223","101131519","51","21190741"
"chr12","80014797","80015006","chr3","178398687","178398894","36","98383890"
"chr12","80018266","80018562","chr7","87384353","87384653","56","7366087"
"chr12","80024093","80024395","chr3","4761737","4762038","44","75262356"
"chr12","80087960","80088081","chr7","58532175","58532299","17","21555785"
"chr12","80088985","80089142","chr4","150271555","150271713","45","70182570"
"chr12","80129171","80129341","chr2","111325762","111325930","24","31196591"
"chr12","80133006","80133188","chr16","50539139","50539322","31","29593867"
"chr12","80133439","80133545","chr7","150421898","150422005","17","70288459"
"chr12","80166032","80166352","chr13","97504784","97505088","67","17338752"
"chr12","80215283","80215586","chr10","48321055","48321354","41","31894228"
"chr12","80295221","80295525","chrX","63330173","63330474","63","16965048"
"chr12","80316737","80316899","chr11","11443578","11443739","33","68873159"
"chr12","80320599","80320908","chr1","153562586","153562895","53","73241987"
"chr12","80325183","80325487","chr11","28125301","28125613","55","52199882"
"chr12","80350554","80350864","chr18","2673991","2674299","44","77676563"
"chr12","80365891","80366143","chr21","37152567","37152815","44","43213324"
"chr12","80368209","80368475","chr2","127177045","127177318","48","46808836"
"chr12","80369759","80370062","chr10","1666053","1666355","49","78703706"
"chr12","80371402","80371659","chr5","107162126","107162385","47","26790724"
"chr12","80382535","80382836","chr5","25564881","25565190","58","54817654"
"chr12","80393862","80394162","chr6","134867434","134867732","53","54473572"
"chr12","80485798","80485950","chr12","50187581","50187735","26","30298217"
"chr12","80497856","80498130","chr6","134962123","134962379","49","54464267"
"chr12","80506261","80506556","chr2","203225383","203225677","48","122719122"
"chr12","80522788","80522887","chr9","50124496","50124593","10","30398292"
"chr12","80554063","80554357","chr6","135017926","135018221","42","54463863"
"chr12","80614909","80615162","chr5","3018050","3018300","46","77596859"
"chr12","80634725","80635019","chr4","144716679","144716971","47","64081954"
"chr12","80635581","80635890","chr5","124645645","124645952","44","44010064"
"chr12","80645403","80645700","chr8","74033305","74033599","53","6612098"
"chr12","80650203","80650509","chr22","32283805","32284102","43","48366398"
"chr12","80703310","80703538","chr11","127485095","127485317","41","46781785"
"chr12","80714007","80714316","chr20","12198433","12198731","60","68515574"
"chr12","80764947","80765242","chr1","156858832","156859126","57","76093885"
"chr12","80817972","80818279","chr5","73075939","73076252","47","7742033"
"chr12","80844577","80844897","chr2","59626990","59627287","58","21217587"
"chr12","80917145","80917449","chr2","150624041","150624344","46","69706896"
"chr12","80943012","80943306","chr10","82921268","82921557","45","1978256"
"chr12","80965214","80965517","chr10","1666053","1666355","47","79299161"
"chr12","80979631","80979941","chr2","1940205","1940517","52","79039426"
"chr12","81013703","81014011","chr1","170703829","170704129","59","89690126"
"chr12","81014487","81014791","chr7","18384707","18385006","45","62629780"
"chr12","81059232","81059491","chr14","20619930","20620186","43","60439302"
"chr12","81080415","81080725","chr2","71331505","71331809","46","9748910"
"chr12","81088006","81088300","chrX","45924991","45925287","42","35163015"
"chr12","81092738","81093038","chr5","73075939","73076252","53","8016799"
"chr12","81106817","81106979","chr15","61715136","61715301","26","19391681"
"chr12","81139964","81140146","chr1","26292789","26292968","26","54847175"
"chr12","81203545","81203875","chr14","6471804","6472122","64","74731741"
"chr12","81228518","81228849","chrX","92115522","92115825","72","10887004"
"chr12","81229813","81230117","chr5","65296228","65296517","50","15933585"
"chr12","81232274","81232439","chr13","87141200","87141363","35","5908926"
"chr12","81275387","81275426","chr2","34931064","34931102","4","46344323"
"chr12","81309041","81309177","chr5","39827158","39827291","25","41481883"
"chr12","81309396","81309568","chr6","135805552","135805715","23","54496156"
"chr12","81374320","81374613","chr5","5511518","5511810","47","75862802"
"chr12","81386368","81386666","chr6","135888018","135888305","47","54501650"
"chr12","81647550","81647674","chr7","25086029","25086150","18","56561521"
"chr12","81654715","81655024","chr4","68873266","68873577","56","12781449"
"chr12","81664345","81664631","chr21","46444502","46444788","45","35219843"
"chr12","81731292","81731557","chr9","17963025","17963290","45","63768267"
"chr12","81747782","81748003","chr1","199541886","199542107","37","117794104"
"chr12","81752249","81752545","chr7","48647299","48647590","47","33104950"
"chr12","81803589","81803860","chr6","136300374","136300665","51","54496785"
"chr12","82003163","82003471","chr17","62830726","62831031","45","19172437"
"chr12","82009376","82009682","chr9","91473040","91473349","51","9463664"
"chr12","82230588","82230886","chr1","13807754","13808053","49","68422834"
"chr12","82437400","82437676","chr13","95861251","95861532","45","13423851"
"chr12","82758032","82758098","chr7","149156173","149156235","15","66398141"
"chr12","82758149","82758373","chr3","20048669","20048887","43","62709480"
"chr12","83103669","83103975","chr6","137652060","137652360","56","54548391"
"chr12","83211483","83211785","chr5","124645645","124645952","46","41434162"
"chr12","83288196","83288477","chr7","79794746","79795031","51","3493450"
"chr12","83357828","83358119","chr1","10520804","10521093","49","72837024"
"chr12","83387923","83388206","chr10","100408257","100408540","52","17020334"
"chr12","83388991","83389233","chr2","94141972","94142208","48","10752981"
"chr12","83412144","83412453","chr11","77864205","77864502","64","5547939"
"chr12","83500001","83500095","chr9","99035942","99036036","10","15535941"
"chr12","83543202","83543512","chr12","87400084","87400394","48","3856882"
"chr12","83591290","83591550","chr1","63426366","63426626","54","20164924"
"chr12","83703436","83703739","chr2","150624041","150624344","58","66920605"
"chr12","83760777","83761039","chr16","49350408","49350679","58","34410369"
"chr12","83821078","83821373","chr5","65296228","65296517","46","18524850"
"chr12","83827422","83827731","chr12","78762116","78762425","59","5065306"
"chr12","83934101","83934414","chr10","88056547","88056856","49","4122446"
"chr12","83978288","83978594","chr15","80055098","80055397","61","3923190"
"chr12","83979570","83979696","chr6","70520346","70520470","14","13459224"
"chr12","84093670","84093993","chr7","15348104","15348417","72","68745566"
"chr12","84164810","84165119","chr6","138728592","138728891","50","54563782"
"chr12","84246050","84246346","chr7","59480517","59480814","45","24765533"
"chr12","84274089","84274367","chr12","5016127","5016403","43","79257962"
"chr12","84442179","84442475","chr6","139027378","139027682","40","54585199"
"chr12","84450017","84450070","chr4","44844890","44844942","9","39605127"
"chr12","84484795","84485085","chr1","186610138","186610422","54","102125343"
"chr12","84531584","84531890","chr6","139131016","139131319","50","54599432"
"chr12","84534857","84535139","chr2","137499546","137499827","55","52964689"
"chr12","84684668","84684958","chr1","156644747","156645035","44","71960079"
"chr12","84708044","84708348","chrX","101357242","101357546","44","16649198"
"chr12","84807462","84807773","chr9","122689798","122690105","53","37882336"
"chr12","84900255","84900300","chr1","100548811","100548855","9","15648556"
"chr12","84951488","84951759","chr17","68904754","68905020","49","16046734"
"chr12","84953123","84953196","chr2","69350405","69350477","12","15602718"
"chr12","84964218","84964519","chrUn_GL286217","143262","143564","42","84820956"
"chr12","85048115","85048444","chr15","37514276","37514606","62","47533839"
"chr12","85061720","85061860","chr11","129926389","129926528","26","44864669"
"chr12","85206727","85207056","chr4","132055862","132056190","57","46849135"
"chr12","85306625","85306706","chr6","116586631","116586713","12","31280006"
"chr12","85537360","85537643","chr11","21495589","21495874","44","64041771"
"chr12","85601466","85601769","chr3","105647422","105647723","53","20045956"
"chr12","85619031","85619312","chr12","541966","542247","51","85077065"
"chr12","85627977","85628285","chr20","35116461","35116764","51","50511516"
"chr12","85643833","85644118","chr12","107125942","107126232","41","21482109"
"chr12","85700848","85701170","chr6","140352734","140353048","48","54651886"
"chr12","85730908","85731208","chr7","33547338","33547635","44","52183570"
"chr12","85732301","85732604","chr5","116663888","116664187","54","30931587"
"chr12","85746631","85746666","chr5","37575057","37575094","3","48171574"
"chr12","85780294","85780521","chr14","2794925","2795146","42","82985369"
"chr12","85789354","85789661","chr14","87264807","87265102","59","1475453"
"chr12","85814902","85815204","chr11","122686903","122687200","46","36872001"
"chr12","85817610","85817894","chr6","140483121","140483393","45","54665511"
"chr12","85826948","85827245","chr10","5645869","5646166","49","80181079"
"chr12","85830331","85830518","chr9","86509833","86510016","35","679502"
"chr12","85840239","85840538","chr6","140503975","140504269","49","54663736"
"chr12","85854867","85855157","chr7","30907560","30907847","50","54947307"
"chr12","85902479","85902773","chr6","119011301","119011592","48","33108822"
"chr12","85923263","85923563","chr1","104253890","104254191","51","18330627"
"chr12","85977676","85978006","chr16","32197733","32198064","70","53779943"
"chr12","86272310","86272586","chr4","12429965","12430236","45","73842345"
"chr12","86272887","86273177","chr20","43097513","43097806","47","43175374"
"chr12","86277496","86277804","chr6","117599838","117600137","62","31322342"
"chr12","86423589","86423882","chr2","203225383","203225677","59","116801794"
"chr12","86437906","86438218","chr20","38639419","38639722","61","47798487"
"chr12","86455546","86455844","chr2","203225383","203225677","47","116769837"
"chr12","86456657","86456947","chr10","120619156","120619452","60","34162499"
"chr12","86500189","86500285","chr12","9612526","9612620","11","76887663"
"chr12","86516866","86517181","chr9","45325979","45326278","59","41190887"
"chr12","86544427","86544729","chr6","141215436","141215746","41","54671009"
"chr12","86546724","86547022","chr6","141217090","141217390","55","54670366"
"chr12","86551493","86551764","chr11","8319002","8319278","56","78232491"
"chr12","86556137","86556441","chr1","170771447","170771746","53","84215310"
"chr12","86589440","86589742","chr7","70375823","70376126","45","16213617"
"chr12","86647611","86647895","chr6","141299868","141300150","46","54652257"
"chr12","86683591","86683874","chr5","63838857","63839144","54","22844734"
"chr12","86758925","86759210","chr6","141413582","141413862","55","54654657"
"chr12","86845990","86846154","chr9","124037228","124037394","23","37191238"
"chr12","86886220","86886531","chr6","141555033","141555343","46","54668813"
"chr12","86890714","86891014","chr6","141559818","141560117","44","54669104"
"chr12","86961318","86961621","chr3","173712450","173712748","52","86751132"
"chr12","86987430","86987733","chr10","1666053","1666355","54","85321377"
"chr12","87097582","87097866","chr4","106702443","106702725","43","19604861"
"chr12","87353306","87353618","chr6","21930692","21931000","45","65422614"
"chr12","87391801","87392124","chr10","3288053","3288373","61","84103748"
"chr12","87463698","87463813","chr12","82314094","82314209","23","5149604"
"chr12","87596540","87596828","chr7","77326917","77327209","51","10269623"
"chr12","87639353","87639613","chr7","59948325","59948581","50","27691028"
"chr12","87755066","87755378","chr1","24048877","24049185","64","63706189"
"chr12","88179983","88180208","chr5","11371770","11371993","40","76808213"
"chr12","88245091","88245408","chr3","149325428","149325723","72","61080337"
"chr12","88256289","88256590","chr6","142918733","142919033","40","54662444"
"chr12","88273496","88273785","chr1","77745311","77745604","47","10528185"
"chr12","88407237","88407530","chr10","13670605","13670898","46","74736632"
"chr12","88469709","88470021","chrX","39183726","39184034","47","49285983"
"chr12","88482134","88482410","chr6","132408951","132409222","56","43926817"
"chr12","88558616","88558915","chr5","80121277","80121568","53","8437339"
"chr12","88625086","88625389","chr10","76904858","76905160","45","11720228"
"chr12","88669824","88670119","chr10","13670605","13670898","41","74999219"
"chr12","88941851","88942138","chr11","62443694","62443986","46","26498157"
"chr12","88963484","88963735","chr6","143629384","143629625","44","54665900"
"chr12","89269877","89270185","chr1","166036321","166036626","61","76766444"
"chr12","89272398","89272701","chr7","70375823","70376126","45","18896575"
"chr12","89350597","89350883","chr15","69290177","69290464","44","20060420"
"chr12","89356583","89356891","chr2","11077390","11077699","65","78279193"
"chr12","89360198","89360498","chr5","114460794","114461096","41","25100596"
"chr12","89362959","89363219","chr14","20619930","20620186","49","68743029"
"chr12","89400132","89400437","chrX","96202007","96202315","45","6801875"
"chr12","89479507","89479784","chr2","134890220","134890504","41","45410713"
"chr12","89497650","89497938","chr3","164929173","164929450","57","75431523"
"chr12","89502897","89503053","chr9","113205770","113205926","32","23702873"
"chr12","89516095","89516394","chr9","25525997","25526295","48","63990098"
"chr12","89545204","89545545","chr6","77944441","77944785","60","11600763"
"chr12","89583041","89583167","chrX","122813075","122813205","18","33230034"
"chr12","89591653","89591890","chr6","144250762","144250985","41","54659109"
"chr12","89608177","89608439","chr2","118819715","118819980","53","29211538"
"chr12","89627812","89628112","chr1","135371826","135372122","51","45744014"
"chr12","89635492","89635592","chr5","38459892","38459992","20","51175600"
"chr12","89659160","89659449","chr22","14367659","14367956","54","75291501"
"chr12","89673763","89673824","chr15","5670837","5670894","10","84002926"
"chr12","89816075","89816376","chr9","108638571","108638873","57","18822496"
"chr12","89853398","89853695","chr6","46911984","46912277","54","42941414"
"chr12","90054900","90055210","chrX","114838296","114838602","46","24783396"
"chr12","90173637","90173930","chr2","203225383","203225677","56","113051746"
"chr12","90174919","90175260","chr6","144830406","144830720","72","54655487"
"chr12","90492569","90492700","chr9","113205980","113206111","25","22713411"
"chr12","90508053","90508318","chr21","43222822","43223088","51","47285231"
"chr12","90923307","90923603","chr18","5071565","5071862","46","85851742"
"chr12","91154265","91154543","chr8","4347382","4347655","43","86806883"
"chr12","91169774","91170059","chr6","145785306","145785600","49","54615532"
"chr12","91187856","91188151","chr3","45296508","45296803","54","45891348"
"chr12","91293877","91294177","chr13","18936662","18936969","43","72357215"
"chr12","91299128","91299432","chr6","145934695","145935003","43","54635567"
"chr12","91365171","91365466","chr2","39828090","39828388","43","51537081"
"chr12","91371302","91371603","chr7","70375823","70376126","43","20995479"
"chr12","91375340","91375662","chr2","169129486","169129808","62","77754146"
"chr12","91535116","91535422","chr6","146167119","146167406","55","54632003"
"chr12","91541345","91541648","chr11","118062999","118063293","61","26521654"
"chr12","91594040","91594338","chr9","45325979","45326278","43","46268061"
"chr12","91725049","91725270","chrX","44437368","44437597","51","47287681"
"chr12","91762492","91762773","chr12","49192241","49192521","42","42570251"
"chr12","91799852","91800067","chr1","210084574","210084794","45","118284722"
"chr12","91813969","91814297","chr5","73075939","73076252","65","18738030"
"chr12","91848774","91848910","chr6","146488224","146488361","12","54639450"
"chr12","91876938","91877243","chr9","85322495","85322793","48","6554443"
"chr12","91898529","91898829","chr6","146519203","146519488","47","54620674"
"chr12","91912351","91912644","chr7","77326917","77327209","42","14585434"
"chr12","91924481","91924784","chr5","139889919","139890213","51","47965438"
"chr12","91947240","91947547","chr6","146564319","146564636","50","54617079"
"chr12","92053331","92053616","chr4","137135438","137135728","52","45082107"
"chr12","92076650","92076959","chr3","149706946","149707243","50","57630296"
"chr12","92148599","92148893","chr6","146765788","146766092","48","54617189"
"chr12","92195497","92195614","chr12","82314094","82314209","15","9881403"
"chr12","92350651","92350963","chr8","52942256","52942571","52","39408395"
"chr12","92432886","92433198","chr6","147050484","147050785","50","54617598"
"chr12","92536109","92536423","chr1","121265312","121265615","52","28729203"
"chr12","92538196","92538504","chr2","10940056","10940367","46","81598140"
"chr12","92544503","92544769","chr17","45265467","45265743","48","47279036"
"chr12","92548841","92549150","chr8","115903141","115903445","50","23354300"
"chr12","92573071","92573301","chr19","11666964","11667200","43","80906107"
"chr12","92575217","92575387","chr6","67503750","67503894","61","25071467"
"chr12","92595006","92595314","chr6","75230350","75230656","47","17364656"
"chr12","92609906","92610204","chr7","87384353","87384653","52","5225553"
"chr12","92628880","92629189","chr5","111577439","111577748","61","18948559"
"chr12","92642106","92642402","chr6","87987579","87987881","43","4654527"
"chr12","92699853","92700128","chr1","167116975","167117247","47","74417122"
"chr12","92724235","92724536","chr5","4987663","4987964","45","87736572"
"chr12","92822650","92822825","chr11","21050176","21050351","26","71772474"
"chr12","92868644","92868918","chr9","13171482","13171754","44","79697162"
"chr12","92906903","92907187","chr6","147515098","147515396","52","54608195"
"chr12","92949893","92950189","chr5","50537784","50538079","48","42412109"
"chr12","93033286","93033574","chr1","116618974","116619261","46","23585688"
"chr12","93079720","93080016","chr6","147681037","147681322","45","54601317"
"chr12","93081033","93081340","chr6","147683242","147683558","46","54602209"
"chr12","93097874","93097973","chr1","79687396","79687492","13","13410478"
"chr12","93136425","93136733","chr5","139889919","139890213","54","46753494"
"chr12","93136832","93137113","chr3","105848034","105848319","59","12711202"
"chr12","93179001","93179312","chr2","146982644","146982948","49","53803643"
"chr12","93222829","93223131","chr9","25525997","25526295","41","67696832"
"chr12","93264765","93265081","chr2","38504841","38505149","53","54759924"
"chr12","93313577","93313615","chr2","34931064","34931102","2","58382513"
"chr12","93344045","93344336","chr2","203225383","203225677","43","109881338"
"chr12","93346284","93346552","chr14","68859815","68860079","55","24486469"
"chr12","93350837","93351122","chr2","203225383","203225677","58","109874546"
"chr12","93396688","93396999","chr5","78806417","78806729","54","14590271"
"chr12","93425036","93425239","chr9","46599790","46600000","43","46825246"
"chr12","93459889","93460149","chr2","114734270","114734530","51","21274381"
"chr12","93460480","93460773","chr12","51888773","51889064","52","41571707"
"chr12","93473569","93473871","chr6","17854050","17854340","49","75619519"
"chr12","93490993","93491286","chr11","82134409","82134707","48","11356584"
"chr12","93501912","93502214","chr6","118600755","118601054","48","25098843"
"chr12","93538772","93538866","chr1","173050036","173050125","18","79511264"
"chr12","93619042","93619210","chr6","115334670","115334823","44","21715628"
"chr12","93623109","93623399","chr6","57780653","57780942","47","35842456"
"chr12","93667720","93667813","chr13","69133685","69133780","17","24534035"
"chr12","93755459","93755784","chr4","38171488","38171798","70","55583971"
"chr12","93758834","93759131","chr6","148394152","148394445","32","54635318"
"chr12","93772116","93772214","chr1","206506573","206506667","15","112734457"
"chr12","93797252","93797563","chr2","146982644","146982948","67","53185392"
"chr12","93833173","93833459","chr7","148479781","148480070","48","54646608"
"chr12","93903553","93903609","chr7","54819198","54819253","5","39084355"
"chr12","93939781","93940066","chr6","148556934","148557232","47","54617153"
"chr12","93979037","93979334","chr5","93075725","93076019","60","903312"
"chr12","94006969","94007245","chr7","14181724","14181998","46","79825245"
"chr12","94043002","94043286","chr9","115476369","115476657","49","21433367"
"chr12","94055129","94055437","chr4","139259106","139259407","47","45203977"
"chr12","94194305","94194611","chrX","107560088","107560397","67","13365783"
"chr12","94198808","94199102","chr6","136022282","136022577","57","41823474"
"chr12","94199545","94199842","chr19","33016337","33016633","48","61183208"
"chr12","94210288","94210351","chr21","26173655","26173715","12","68036633"
"chr12","94217015","94217296","chr16","72118627","72118905","49","22098388"
"chr12","94238008","94238341","chr2","46834389","46834687","111","47403619"
"chr12","94239082","94239378","chr6","148858942","148859234","41","54619860"
"chr12","94278313","94278596","chr20","26369514","26369801","69","67908799"
"chr12","94281519","94281817","chr9","17943911","17944216","53","76337608"
"chr12","94346473","94346776","chrX","63118288","63118597","44","31228185"
"chr12","94440390","94440677","chr5","74695514","74695798","48","19744876"
"chr12","94476168","94476341","chr9","18501585","18501751","29","75974583"
"chr12","94478510","94478786","chr7","6919741","6920024","55","87558769"
"chr12","94479757","94480055","chr6","47750438","47750737","49","46729319"
"chr12","94484759","94484860","chr22","13859479","13859583","15","80625280"
"chr12","94487272","94487562","chrX","46464393","46464684","38","48022879"
"chr12","94501628","94501927","chr5","78441297","78441601","55","16060331"
"chr12","94504343","94504644","chr4","88537915","88538212","54","5966428"
"chr12","94508635","94508930","chr9","14539289","14539586","43","79969346"
"chr12","94521046","94521305","chr6","94132572","94132842","52","388474"
"chr12","94532975","94533278","chr12","49251215","49251519","55","45281760"
"chr12","94537722","94538019","chr3","125727711","125728005","46","31189989"
"chr12","94544308","94544606","chr6","149161363","149161674","44","54617055"
"chr12","94566544","94566838","chr6","149184130","149184427","44","54617586"
"chr12","94571601","94571732","chr5","10559689","10559821","12","84011912"
"chr12","94616729","94617023","chrX","40526856","40527149","47","54089873"
"chr12","94619980","94620320","chr6","149241337","149241646","68","54621357"
"chr12","94630400","94630705","chr6","149251461","149251753","46","54621061"
"chr12","94639216","94639269","chr10","45720106","45720157","6","48919110"
"chr12","94641410","94641699","chr6","149262732","149263020","37","54621322"
"chr12","94657321","94657589","chr10","118740901","118741175","49","24083580"
"chr12","94675153","94675407","chr6","149298475","149298740","55","54623322"
"chr12","94721152","94721446","chr2","147728720","147729015","46","53007568"
"chr12","94739507","94739812","chr12","105081170","105081479","57","10341663"
"chr12","94792982","94793257","chr11","95629919","95630186","47","836937"
"chr12","94822900","94823099","chr6","149437614","149437811","27","54614714"
"chr12","94831127","94831436","chr14","32553436","32553738","47","62277691"
"chr12","94834346","94834644","chrUn_GL286217","143262","143564","48","94691084"
"chr12","95001528","95001822","chrX","18847987","18848274","48","76153541"
"chr12","95004919","95005227","chr9","101210178","101210488","46","6205259"
"chr12","95055176","95055469","chr19","38589311","38589602","46","56465865"
"chr12","95061359","95061676","chr6","149679127","149679437","46","54617768"
"chr12","95062729","95062831","chr15","2438462","2438561","15","92624267"
"chr12","95063601","95063808","chr14","37016517","37016724","33","58047084"
"chr12","95136976","95137259","chr6","149746694","149746991","42","54609718"
"chr12","95190688","95190803","chr18","26653376","26653485","27","68537312"
"chr12","95363392","95363701","chr7","70375823","70376126","48","24987569"
"chr12","95373788","95374030","chr19","44917964","44918205","56","50455824"
"chr12","95488102","95488366","chr4","36793167","36793444","58","58694935"
"chr12","95494530","95494785","chr15","42787915","42788180","50","52706615"
"chr12","95540529","95540840","chrUn_GL286217","143262","143564","52","95397267"
"chr12","95623016","95623313","chr2","94014925","94015217","54","1608091"
"chr12","95756752","95757037","chr11","74173885","74174163","46","21582867"
"chr12","95903936","95904231","chr6","150433093","150433386","49","54529157"
"chr12","96019908","96020015","chr13","62035859","62035960","18","33984049"
"chr12","96171475","96171790","chr6","150714265","150714572","50","54542790"
"chr12","96265145","96265438","chr7","25925292","25925587","41","70339853"
"chr12","96274541","96274843","chr3","95007776","95008084","59","1266765"
"chr12","96363108","96363425","chr1","13807754","13808053","66","82555354"
"chr12","96406015","96406315","chr2","67197269","67197565","53","29208746"
"chr12","96527892","96528186","chr1","150693133","150693426","54","54165241"
"chr12","96628931","96629212","chr19","5268783","5269060","47","91360148"
"chr12","96658859","96658929","chr6","151227074","151227144","9","54568215"
"chr12","96661628","96661903","chr10","89764451","89764729","54","6897177"
"chr12","96741164","96741469","chr19","24478304","24478609","49","72262860"
"chr12","96773397","96773708","chr2","71331505","71331809","48","25441892"
"chr12","97087954","97088268","chr19","31863283","31863592","54","65224671"
"chr12","97100325","97100632","chr6","151655193","151655503","41","54554868"
"chr12","97110185","97110471","chr15","45651516","45651801","44","51458669"
"chr12","97130594","97130860","chr4","140448856","140449121","49","43318262"
"chr12","97131052","97131281","chr11","106480010","106480237","33","9348958"
"chr12","97138791","97139083","chr13","25919673","25919970","57","71219118"
"chr12","97151763","97152063","chr4","139259106","139259407","47","42107343"
"chr12","97252273","97252332","chr2","58844456","58844515","15","38407817"
"chr12","97370934","97371245","chr14","14356650","14356957","47","83014284"
"chr12","97378149","97378284","chr1","173774620","173774755","19","76396471"
"chr12","97420278","97420590","chr5","95128904","95129215","49","2291374"
"chr12","97535806","97536116","chr4","152138638","152138953","52","54602832"
"chr12","97582376","97582663","chr6","152147890","152148170","49","54565514"
"chr12","97641249","97641535","chr6","152214038","152214328","53","54572789"
"chr12","97643724","97644019","chr12","51888773","51889064","58","45754951"
"chr12","97725458","97725712","chr6","152296213","152296466","39","54570755"
"chr12","97829670","97829950","chr19","31366058","31366340","44","66463612"
"chr12","97839125","97839382","chr14","68859815","68860079","51","28979310"
"chr12","97849004","97849325","chr14","77613723","77614028","59","20235281"
"chr12","97979597","97979735","chr12","31049982","31050122","22","66929615"
"chr12","98107340","98107644","chr12","100817634","100817942","44","2710294"
"chr12","98152455","98152612","chr16","26510925","26511082","19","71641530"
"chr12","98152844","98153129","chr16","93802673","93802970","50","4350171"
"chr12","98166107","98166396","chr6","152770841","152771117","47","54604734"
"chr12","98251642","98251934","chr2","168567784","168568060","51","70316142"
"chr12","98457123","98457408","chr1","37267371","37267646","46","61189752"
"chr12","98457756","98457871","chr6","153104514","153104629","10","54646758"
"chr12","98507886","98508179","chr11","122686903","122687200","53","24179017"
"chr12","98779701","98780005","chr15","72516887","72517186","50","26262814"
"chr12","98802202","98802510","chr2","146982644","146982948","45","48180442"
"chr12","98820447","98820738","chr2","151333028","151333320","52","52512581"
"chr12","98864506","98864674","chr8","94247162","94247332","31","4617344"
"chr12","98880376","98880685","chrX","107311171","107311473","46","8430795"
"chr12","98906606","98906916","chr2","39828090","39828388","54","59078516"
"chr12","99116194","99116237","chr6","149310260","149310303","5","50194066"
"chr12","99142436","99142724","chr11","96529104","96529392","49","2613332"
"chr12","99238807","99239103","chr4","98746325","98746622","41","492482"
"chr12","99471275","99471581","chr6","154168651","154168959","40","54697376"
"chr12","99483201","99483514","chr17","69045271","69045580","54","30437930"
"chr12","99515752","99516048","chr6","154215225","154215523","45","54699473"
"chr12","99584907","99585007","chr10","118139021","118139126","13","18554114"
"chr12","99589828","99590115","chr3","189794013","189794310","50","90204185"
"chr12","99693380","99693619","chr7","46460788","46461020","38","53232592"
"chr12","99700772","99701083","chr12","90860286","90860594","52","8840486"
"chr12","99727855","99728043","chr13","40501546","40501742","39","59226309"
"chr12","99734021","99734324","chr9","18424178","18424479","67","81309843"
"chr12","99734823","99735121","chr17","4214898","4215196","45","95519925"
"chr12","99737776","99738034","chr11","116161081","116161338","46","16423305"
"chr12","99765529","99765824","chr9","25525997","25526295","48","74239532"
"chr12","99790388","99790643","chr1","141513493","141513763","47","41723105"
"chr12","99801138","99801436","chr6","121802757","121803058","51","22001619"
"chr12","99839665","99839949","chr9","53552630","53552898","63","46287035"
"chr12","99879210","99879506","chr7","67907454","67907751","44","31971756"
"chr12","99887943","99888075","chr8","25243802","25243932","26","74644141"
"chr12","100008481","100008794","chr1","94313628","94313939","48","5694853"
"chr12","100009071","100009348","chr5","97337838","97338116","50","2671233"
"chr12","100097697","100098004","chr10","20863520","20863828","46","79234177"
"chr12","100158678","100158964","chr1","155255189","155255475","52","55096511"
"chr12","100214544","100214836","chr6","154952020","154952313","36","54737476"
"chr12","100245142","100245450","chr10","101815315","101815616","55","1570173"
"chr12","100303219","100303499","chr4","158481330","158481605","42","58178111"
"chr12","100437259","100437543","chr7","97022652","97022933","49","3414607"
"chr12","100645264","100645422","chr7","40926476","40926622","34","59718788"
"chr12","100990594","100990899","chr6","155695722","155696027","33","54705128"
"chr12","101079947","101080225","chr6","155806827","155807107","44","54726880"
"chr12","101346644","101346961","chr5","73075939","73076252","64","28270705"
"chr12","101410924","101411219","chr7","44689617","44689912","46","56721307"
"chr12","101418149","101418439","chr6","17854050","17854340","59","83564099"
"chr12","101779137","101779425","chr5","141142421","141142719","56","39363284"
"chr12","102261992","102262255","chr19","19413716","19413972","60","82848276"
"chr12","102449254","102449524","chr5","158903931","158904187","62","56454677"
"chr12","102667848","102668152","chrUn_GL286435","69026","69328","45","102598822"
"chr12","102810056","102810374","chr2","171731703","171732013","45","68921647"
"chr12","102852154","102852447","chr12","108797245","108797536","48","5945091"
"chr12","102877249","102877548","chr9","25525997","25526295","43","77351252"
"chr12","103022057","103022217","chr5","78438507","78438669","33","24583550"
"chr12","103034544","103034804","chr14","84164185","84164436","97","18870359"
"chr12","103067860","103068006","chr14","46131908","46132061","41","56935952"
"chr12","103121710","103121994","chr1","179022035","179022319","56","75900325"
"chr12","103247680","103247967","chr6","158006663","158006951","47","54758983"
"chr12","103250409","103250693","chr3","152858583","152858869","35","49608174"
"chr12","103373003","103373291","chr10","100369031","100369323","50","3003972"
"chr12","103388961","103389280","chr11","20773318","20773636","71","82615643"
"chr12","103463001","103463300","chr5","50537784","50538079","42","52925217"
"chr12","103482240","103482537","chr12","52549051","52549339","65","50933189"
"chr12","103496539","103496850","chr2","11077390","11077699","47","92419149"
"chr12","103497643","103497954","chr4","139259106","139259407","52","35761463"
"chr12","103535697","103535754","chr9","36240552","36240607","8","67295145"
"chr12","103994439","103994721","chr15","1171970","1172245","49","102822469"
"chr13","26476440","26476744","chr2","150624041","150624344","46","124147601"
"chr13","46923732","46923961","chr10","27834176","27834398","39","19089556"
"chr13","64618238","64618527","chr4","47803833","47804120","49","16814405"
"chr13","39123","39435","chr6","75230350","75230656","53","75191227"
"chr13","117699","117999","chr3","111477906","111478203","57","111360207"
"chr13","413995","414049","chr12","102138787","102138841","6","101724792"
"chr13","707175","707471","chr2","147728720","147729015","47","147021545"
"chr13","1187624","1187922","chr14","107600014","107600312","45","106412390"
"chr13","1281848","1282135","chr4","71933212","71933503","47","70651364"
"chr13","1375452","1375757","chr14","107423809","107424105","52","106048357"
"chr13","1717559","1717854","chr2","39828090","39828388","44","38110531"
"chr13","1780196","1780501","chr5","116663888","116664187","60","114883692"
"chr13","1792830","1793128","chr2","147728720","147729015","43","145935890"
"chr13","1836840","1837138","chr14","106974077","106974373","40","105137237"
"chr13","1840195","1840339","chr14","106970882","106971026","17","105130687"
"chr13","1907458","1907756","chr5","80121277","80121568","52","78213819"
"chr13","2543808","2544106","chr22","9418419","9418717","46","6874611"
"chr13","2574949","2575268","chr12","89693023","89693339","49","87118074"
"chr13","2798464","2798740","chr14","105928331","105928618","56","103129867"
"chr13","2810582","2810877","chr14","105915527","105915820","42","103104945"
"chr13","2956297","2956593","chr2","63180548","63180847","50","60224251"
"chr13","2958221","2958301","chr4","57575707","57575784","12","54617486"
"chr13","2958380","2958631","chr14","105229749","105230007","51","102271369"
"chr13","3189066","3189367","chr6","85448275","85448576","42","82259209"
"chr13","3305580","3305622","chr5","11370972","11371016","3","8065392"
"chr13","3371950","3372242","chr1","186610138","186610422","61","183238188"
"chr13","3459442","3459759","chr5","11448384","11448690","90","7988942"
"chr13","3496190","3496504","chr11","28125301","28125613","48","24629111"
"chr13","3601212","3601520","chr2","9810214","9810523","57","6209002"
"chr13","3649484","3649792","chr1","135645905","135646211","46","131996421"
"chr13","3668439","3668553","chr5","134501335","134501449","13","130832896"
"chr13","4108015","4108301","chr12","107125942","107126232","58","103017927"
"chr13","4295858","4296179","chr5","43202615","43202920","68","38906757"
"chr13","4351803","4352110","chr3","53266221","53266526","52","48914418"
"chr13","4369857","4370020","chr4","10280561","10280722","23","5910704"
"chr13","4597732","4598042","chr4","151238342","151238657","50","146640610"
"chr13","4621928","4622234","chr12","45753340","45753642","48","41131412"
"chr13","4622273","4622583","chr4","54370195","54370493","57","49747922"
"chr13","4853496","4853780","chr14","103194631","103194909","49","98341135"
"chr13","4921656","4921965","chr11","28125301","28125613","50","23203645"
"chr13","5805643","5805798","chr6","133788720","133788876","28","127983077"
"chr13","5899302","5899404","chr14","102113636","102113735","18","96214334"
"chr13","5947250","5947303","chr7","10054243","10054291","8","4106993"
"chr13","5985262","5985553","chr1","172687648","172687936","49","166702386"
"chr13","6310321","6310411","chr5","72615428","72615510","11","66305107"
"chr13","6383218","6383491","chr14","101605160","101605432","36","95221942"
"chr13","6424303","6424609","chr12","19378912","19379214","41","12954609"
"chr13","6444452","6444759","chr2","10940056","10940367","51","4495604"
"chr13","6960015","6960303","chr14","98127511","98127806","50","91167496"
"chr13","7172555","7172841","chr14","100789341","100789630","50","93616786"
"chr13","7344693","7344996","chr17","8594153","8594456","48","1249460"
"chr13","7380581","7380810","chr7","122114212","122114429","69","114733631"
"chr13","7664402","7664563","chr1","121331276","121331435","23","113666874"
"chr13","7696117","7696419","chr14","100254028","100254330","49","92557911"
"chr13","7763455","7763748","chr4","12937650","12937944","44","5174195"
"chr13","7878257","7878567","chr22","40579059","40579368","48","32700802"
"chr13","7886658","7886958","chr7","87384353","87384653","40","79497695"
"chr13","8035220","8035267","chr20","17776029","17776075","6","9740809"
"chr13","8097101","8097389","chr14","99855382","99855667","38","91758281"
"chr13","8110580","8110869","chr4","137135438","137135728","47","129024858"
"chr13","8189366","8189668","chr1","121265312","121265615","55","113075946"
"chr13","8355686","8355992","chr5","93075725","93076019","58","84720039"
"chr13","8469097","8469411","chr14","99474311","99474620","55","91005214"
"chr13","8498221","8498507","chr2","131501585","131501869","40","123003364"
"chr13","8533876","8534139","chr3","117389219","117389480","62","108855343"
"chr13","8539140","8539190","chr5","110845897","110845946","9","102306757"
"chr13","8548136","8548424","chr6","16483926","16484219","48","7935790"
"chr13","8570574","8570897","chr14","99371472","99371777","53","90800898"
"chr13","8582559","8582855","chr1","148374165","148374460","46","139791606"
"chr13","8614178","8614481","chr14","99327537","99327816","69","90713359"
"chr13","8679909","8680202","chr12","51888773","51889064","36","43208864"
"chr13","8693001","8693285","chr15","47744164","47744448","55","39051163"
"chr13","8717056","8717351","chr5","25910991","25911284","50","17193935"
"chr13","8720108","8720403","chr6","17854050","17854340","52","9133942"
"chr13","8741709","8741821","chr1","172471380","172471492","19","163729671"
"chr13","8780607","8780900","chr2","17996148","17996446","47","9215541"
"chr13","8827141","8827429","chr10","99483273","99483561","40","90656132"
"chr13","8828072","8828374","chr14","99121284","99121589","43","90293212"
"chr13","8847232","8847525","chr14","99104419","99104708","38","90257187"
"chr13","8854717","8854839","chr14","99095780","99095903","12","90241063"
"chr13","8902090","8902380","chr14","99049273","99049550","41","90147183"
"chr13","8909843","8909950","chr1","121484515","121484621","19","112574672"
"chr13","8933578","8933888","chr2","146982644","146982948","49","138049066"
"chr13","8945526","8945843","chr14","99007781","99008081","55","90062255"
"chr13","8947165","8947446","chr2","137555211","137555491","55","128608046"
"chr13","8986853","8987157","chr5","55380182","55380490","52","46393329"
"chr13","9039814","9040097","chr5","74695514","74695798","54","65655700"
"chr13","9088881","9089173","chr5","144164144","144164432","57","135075263"
"chr13","9120901","9121196","chr7","50803128","50803418","57","41682227"
"chr13","9134484","9134769","chr6","17854050","17854340","40","8719566"
"chr13","9270640","9270940","chr5","64266316","64266614","43","54995676"
"chr13","9272332","9272507","chr11","18243796","18243968","28","8971464"
"chr13","9281710","9282018","chr2","71331505","71331809","46","62049795"
"chr13","9390624","9390712","chr5","37761156","37761240","11","28370532"
"chr13","9480261","9480470","chr14","98401590","98401804","28","88921329"
"chr13","9555616","9555818","chr17","8103604","8103801","39","1452012"
"chr13","9633223","9633559","chr3","88407637","88407981","73","78774414"
"chr13","9677272","9677557","chr5","122214099","122214380","45","112536827"
"chr13","9744372","9744676","chr7","25925292","25925587","46","16180920"
"chr13","9799778","9800006","chr1","176264972","176265191","41","166465194"
"chr13","9850287","9850414","chr11","119124926","119125055","20","109274639"
"chr13","9902401","9902700","chr20","38639419","38639722","49","28737018"
"chr13","9906900","9907202","chr6","140581095","140581398","56","130674195"
"chr13","9921297","9921595","chr10","48321055","48321354","50","38399758"
"chr13","9922303","9922602","chr14","97934355","97934665","60","88012052"
"chr13","9962308","9962606","chr5","80121277","80121568","46","70158969"
"chr13","9975406","9975684","chr12","56092815","56093092","47","46117409"
"chr13","9986062","9986359","chr4","144716679","144716971","42","134730617"
"chr13","10033636","10033936","chr12","28744008","28744308","40","18710372"
"chr13","10050084","10050385","chr7","70375823","70376126","49","60325739"
"chr13","10067620","10067778","chr2","14146147","14146304","30","4078527"
"chr13","10073847","10074153","chr14","97769187","97769489","48","87695340"
"chr13","10240231","10240547","chr14","77613723","77614028","59","67373492"
"chr13","10258440","10258736","chr2","2218970","2219260","53","8039470"
"chr13","10353734","10354032","chr14","97486281","97486586","40","87132547"
"chr13","10427324","10427631","chr8","21869477","21869777","45","11442153"
"chr13","10428727","10429012","chr14","97415257","97415550","51","86986530"
"chr13","10470314","10470620","chr14","104065397","104065699","58","93595083"
"chr13","10495134","10495438","chr14","97354104","97354405","29","86858970"
"chr13","10542864","10543171","chr14","33666014","33666321","61","23123150"
"chr13","10562271","10562407","chrX","11408768","11408905","23","846497"
"chr13","10631758","10631961","chr9","108411989","108412192","56","97780231"
"chr13","10677010","10677322","chr7","67355562","67355869","49","56678552"
"chr13","10682641","10682744","chr9","45482992","45483094","13","34800351"
"chr13","10698805","10699105","chr12","94624697","94624994","40","83925892"
"chr13","10740039","10740337","chr12","108797245","108797536","50","98057206"
"chr13","10923997","10924312","chr7","20593863","20594174","54","9669866"
"chr13","10926836","10927109","chr14","96906455","96906730","42","85979619"
"chr13","11015035","11015265","chr1","151340449","151340676","44","140325414"
"chr13","11050811","11051020","chr14","96757871","96758080","33","85707060"
"chr13","11153885","11154185","chr14","60100315","60100614","51","48946430"
"chr13","11175240","11175540","chr14","96628028","96628329","48","85452788"
"chr13","11475148","11475447","chr2","63180548","63180847","51","51705400"
"chr13","11506824","11507124","chr14","96294596","96294891","51","84787772"
"chr13","11514826","11515115","chr2","52800094","52800377","49","41285268"
"chr13","11870190","11870455","chr11","14682506","14682772","45","2812316"
"chr13","12199273","12199592","chr1","147810389","147810689","58","135611116"
"chr13","12236080","12236366","chr4","46420542","46420815","58","34184462"
"chr13","12534725","12535044","chr5","73075939","73076252","68","60541214"
"chr13","12766919","12766994","chr12","4865432","4865507","16","7901487"
"chr13","13010335","13010648","chr14","94679345","94679645","50","81669010"
"chr13","13079051","13079359","chr1","199360645","199360948","58","186281594"
"chr13","13362445","13362755","chr5","82250286","82250593","55","68887841"
"chr13","13535723","13536023","chr2","66989134","66989436","51","53453411"
"chr13","13683625","13683935","chr1","136803882","136804189","51","123120257"
"chr13","13839118","13839251","chr11","110720088","110720242","43","96880970"
"chr13","14279986","14280284","chr14","69866837","69867141","45","55586851"
"chr13","14402020","14402321","chr14","93268069","93268374","43","78866049"
"chr13","14425692","14425989","chr9","40725344","40725637","62","26299652"
"chr13","14441722","14442019","chr2","147728720","147729015","44","133286998"
"chr13","14492619","14492916","chrX","90287726","90288021","50","75795107"
"chr13","14565032","14565326","chr14","93093781","93094083","52","78528749"
"chr13","14590813","14591099","chr1","186610138","186610422","50","172019325"
"chr13","14671512","14671768","chr5","99416617","99416862","50","84745105"
"chr13","14816886","14817163","chr10","124970853","124971136","61","110153967"
"chr13","14855911","14856193","chr7","66752568","66752849","67","51896657"
"chr13","14872759","14873044","chr17","6560271","6560556","45","8312488"
"chr13","14922235","14922533","chr4","107437630","107437918","51","92515395"
"chr13","14974906","14975199","chr19","31168814","31169108","49","16193908"
"chr13","14983017","14983326","chr16","77458136","77458438","52","62475119"
"chr13","15006161","15006406","chr4","39510586","39510819","58","24504425"
"chr13","15023681","15023969","chr20","20558172","20558449","57","5534491"
"chr13","15026439","15026568","chr5","92411615","92411750","28","77385176"
"chr13","15052571","15052876","chr21","35737308","35737611","45","20684737"
"chr13","15054302","15054587","chr8","108273322","108273614","44","93219020"
"chr13","15219433","15219725","chr14","92419385","92419665","41","77199952"
"chr13","15258147","15258455","chr10","58860669","58860979","48","43602522"
"chr13","15379150","15379202","chr3","30979334","30979387","8","15600184"
"chr13","15538464","15538696","chr18","5591219","5591454","43","9947245"
"chr13","15567566","15567847","chr3","188235049","188235330","41","172667483"
"chr13","15864973","15865262","chr7","66759838","66760136","58","50894865"
"chr13","16291411","16291769","chrX","107024273","107024596","105","90732862"
"chr13","16678142","16678256","chr9","12696555","12696670","23","3981587"
"chr13","16678596","16678790","chr16","91054031","91054221","33","74375435"
"chr13","16712400","16712711","chr11","66635820","66636129","54","49923420"
"chr13","16748624","16748914","chr1","182874754","182875050","54","166126130"
"chr13","16769420","16769719","chr2","71331505","71331809","56","54562085"
"chr13","16780111","16780406","chr11","82134409","82134707","50","65354298"
"chr13","16821365","16821641","chr10","41485100","41485371","53","24663735"
"chr13","16827779","16828086","chrX","45155908","45156218","49","28328129"
"chr13","16830309","16830583","chr14","90818497","90818784","42","73988188"
"chr13","16858082","16858339","chr11","72973657","72973914","45","56115575"
"chr13","16880832","16881112","chr11","9566946","9567225","52","7313886"
"chr13","16918306","16918608","chr16","93802673","93802970","45","76884367"
"chr13","16969591","16969870","chr14","90674670","90674922","55","73705079"
"chr13","16981136","16981436","chr9","45325979","45326278","41","28344843"
"chr13","17240165","17240453","chr2","73704522","73704812","46","56464357"
"chr13","17285634","17285918","chr16","90475253","90475536","59","73189619"
"chr13","18124874","18125183","chr5","55380182","55380490","60","37255308"
"chr13","18341939","18342042","chr22","13859479","13859583","13","4482460"
"chr13","18427216","18427357","chr8","117844476","117844611","32","99417260"
"chr13","18551787","18552065","chr14","89084942","89085221","26","70533155"
"chr13","18788995","18789293","chr2","147728720","147729015","45","128939725"
"chr13","18898603","18898900","chr1","185300277","185300585","66","166401674"
"chr13","19038491","19038621","chr2","38461997","38462128","20","19423506"
"chr13","19065936","19066237","chr14","88537928","88538228","37","69471992"
"chr13","19159229","19159522","chr14","88424147","88424442","34","69264918"
"chr13","19180825","19181102","chr2","1703923","1704194","58","17476902"
"chr13","19202097","19202396","chr8","71462525","71462819","49","52260428"
"chr13","19237406","19237654","chr5","153287092","153287345","45","134049686"
"chr13","19256575","19256706","chr13","116005923","116006055","25","96749348"
"chr13","19265189","19265461","chr5","43272103","43272376","47","24006914"
"chr13","19274549","19274844","chr11","22994754","22995044","49","3720205"
"chr13","19310606","19310885","chrX","40344797","40345081","43","21034191"
"chr13","19396132","19396426","chr7","62486081","62486384","51","43089949"
"chr13","19414050","19414341","chr14","88176201","88176494","51","68762151"
"chr13","19459348","19459569","chr12","56323732","56323966","46","36864384"
"chr13","19474955","19475265","chrUn_GL286217","143262","143564","52","19331693"
"chr13","19517504","19517809","chr10","5304587","5304889","56","14212917"
"chr13","19620701","19620978","chr1","186610138","186610422","45","166989437"
"chr13","19621283","19621381","chr14","87967481","87967582","19","68346198"
"chr13","19660389","19660738","chr7","75009409","75009724","97","55349020"
"chr13","19836386","19836560","chr7","150738655","150738825","30","130902269"
"chr13","20010293","20010602","chr5","78442568","78442876","50","58432275"
"chr13","20145859","20146166","chr5","116663888","116664187","41","96518029"
"chr13","20337605","20337905","chr14","87264807","87265102","37","66927202"
"chr13","20491931","20492239","chr14","87107009","87107306","48","66615078"
"chr13","20554382","20554681","chr14","87049448","87049758","51","66495066"
"chr13","20757748","20758050","chr14","86842933","86843223","46","66085185"
"chr13","21918282","21918394","chr14","85676126","85676238","17","63757844"
"chr13","21931582","21931882","chr5","38842722","38843017","47","16911140"
"chr13","22111615","22111659","chr5","11370972","11371016","2","10740643"
"chr13","22299580","22299718","chr12","15322427","15322565","19","6977153"
"chr13","22396674","22396962","chr14","85181823","85182106","41","62785149"
"chr13","22470630","22470764","chr7","20344603","20344734","18","2126027"
"chr13","22574168","22574473","chr18","37062415","37062712","60","14488247"
"chr13","22673542","22673845","chr2","147728720","147729015","44","125055178"
"chr13","22795045","22795352","chr13","16769800","16770106","51","6025245"
"chr13","22869182","22869475","chr21","35283943","35284237","42","12414761"
"chr13","22870027","22870086","chr11","35882630","35882690","8","13012603"
"chr13","22940244","22940555","chr19","27619331","27619631","51","4679087"
"chr13","22957203","22957485","chrY","1693592","1693877","52","21263611"
"chr13","22986369","22986674","chr14","69866837","69867141","44","46880468"
"chr13","23044600","23044926","chr4","132055862","132056190","69","109011262"
"chr13","23067584","23067800","chr20","32893812","32894035","35","9826228"
"chr13","23072319","23072612","chr8","29283402","29283703","57","6211083"
"chr13","23075154","23075423","chr4","10702550","10702832","48","12372604"
"chr13","23080120","23080412","chr1","103493366","103493665","54","80413246"
"chr13","23081556","23081689","chr22","10074855","10074990","23","13006701"
"chr13","23084140","23084187","chr7","67276549","67276595","11","44192409"
"chr13","23106176","23106287","chr4","151720793","151720896","17","128614617"
"chr13","23169111","23169418","chr7","19397030","19397335","51","3772081"
"chr13","23184435","23184744","chr2","153267314","153267618","49","130082879"
"chr13","23185868","23186179","chr2","153267314","153267618","49","130081446"
"chr13","23205769","23205821","chr1","190874967","190875019","13","167669198"
"chr13","23205895","23206141","chr5","44606303","44606540","43","21400408"
"chr13","23261437","23261720","chr2","129078851","129079134","39","105817414"
"chr13","23285169","23285462","chr6","17854050","17854340","44","5431119"
"chr13","23320760","23321064","chr6","148673760","148674058","52","125353000"
"chr13","23359300","23359592","chr2","203225383","203225677","46","179866083"
"chr13","23365529","23365601","chr14","23295931","23296007","14","69598"
"chr13","23394765","23395072","chr10","97355993","97356286","57","73961228"
"chr13","23404629","23404932","chr9","25525997","25526295","46","2121368"
"chr13","23410280","23410529","chr14","84164185","84164436","35","60753905"
"chr13","23413024","23413093","chr2","69350405","69350477","18","45937381"
"chr13","23415694","23415996","chr16","71570137","71570438","47","48154443"
"chr13","23416133","23416264","chr14","84159484","84159619","19","60743351"
"chr13","23421593","23421910","chr2","1940205","1940517","55","21481388"
"chr13","23427600","23427901","chr2","169846205","169846509","56","146418605"
"chr13","23498876","23499172","chr6","135531665","135531946","63","112032789"
"chr13","23644815","23644980","chr10","126091805","126091971","29","102446990"
"chr13","23700398","23700687","chr5","138326480","138326768","48","114626082"
"chr13","23740806","23741100","chr4","139259106","139259407","51","115518300"
"chr13","23762636","23762689","chrX","14862104","14862157","6","8900532"
"chr13","23800487","23800541","chr9","58005342","58005393","4","34204855"
"chr13","23802673","23802984","chr2","29786463","29786779","41","5983790"
"chr13","23945195","23945475","chr14","35603139","35603423","44","11657944"
"chr13","23975948","23976248","chr2","146982644","146982948","45","123006696"
"chr13","24007025","24007319","chr5","60439020","60439310","49","36431995"
"chr13","24013307","24013630","chr14","83526416","83526746","40","59513109"
"chr13","24104646","24104956","chrUn_GL286217","143262","143564","59","23961384"
"chr13","24119309","24119588","chr12","5016127","5016403","41","19103182"
"chr13","24137470","24137777","chr10","14690438","14690745","49","9447032"
"chr13","24149343","24149639","chr7","19002392","19002692","51","5146951"
"chr13","24152241","24152534","chr14","83384623","83384910","41","59232382"
"chr13","24155580","24155688","chr10","8845544","8845652","16","15310036"
"chr13","24155754","24156058","chr21","41025095","41025401","39","16869341"
"chr13","24189981","24190278","chr7","33547338","33547635","41","9357357"
"chr13","24209394","24209697","chr1","170771447","170771746","48","146562053"
"chr13","24227911","24228198","chr5","116623855","116624133","48","92395944"
"chr13","24232027","24232162","chr22","36870757","36870892","17","12638730"
"chr13","24235985","24236272","chr5","3254168","3254463","41","20981817"
"chr13","24259523","24259813","chr12","26130148","26130438","46","1870625"
"chr13","24297446","24297740","chr8","841978","842272","42","23455468"
"chr13","24303011","24303315","chr5","139889919","139890213","55","115586908"
"chr13","24325883","24326174","chr14","83205092","83205388","44","58879209"
"chr13","24433871","24434158","chr14","83089001","83089297","39","58655130"
"chr13","24438544","24438845","chr2","63180548","63180847","42","38742004"
"chr13","24457085","24457376","chr7","57487529","57487823","44","33030444"
"chr13","24558138","24558432","chrX","47407382","47407676","43","22849244"
"chr13","24608337","24608634","chr3","80705091","80705380","46","56096754"
"chr13","24648621","24648907","chr7","58917227","58917519","59","34268606"
"chr13","24653604","24653874","chr7","97783372","97783638","39","73129768"
"chr13","24664902","24665211","chr9","9679426","9679735","57","14985476"
"chr13","24688780","24689037","chr20","11729288","11729543","39","12959492"
"chr13","24712492","24712794","chr9","45325979","45326278","41","20613487"
"chr13","24751086","24751337","chr8","93750596","93750840","54","68999510"
"chr13","24778235","24778559","chr14","82753741","82754038","60","57975506"
"chr13","24785296","24785571","chr12","4272354","4272635","56","20512942"
"chr13","24826254","24826544","chr12","118158408","118158693","60","93332154"
"chr13","24876691","24876770","chr9","90274754","90274831","8","65398063"
"chr13","24876927","24876964","chr8","33861487","33861523","3","8984560"
"chr13","24881160","24881246","chr5","146941010","146941097","17","122059850"
"chr13","24885965","24886290","chr9","100098416","100098714","70","75212451"
"chr13","24893449","24893638","chr13","95908488","95908662","81","71015039"
"chr13","24903065","24903365","chr8","14044800","14045099","52","10858265"
"chr13","24933728","24934019","chr4","71933212","71933503","44","46999484"
"chr13","24939951","24940238","chr6","14465001","14465290","45","10474950"
"chr13","24942017","24942321","chr14","82576523","82576811","53","57634506"
"chr13","24945261","24945563","chrX","18432136","18432433","50","6513125"
"chr13","24962090","24962385","chr14","92265708","92266001","53","67303618"
"chr13","24979228","24979473","chr9","18197010","18197245","47","6782218"
"chr13","24985918","24986100","chr20","3785470","3785644","28","21200448"
"chr13","25002483","25002761","chr1","192828584","192828863","51","167826101"
"chr13","25003600","25003892","chr14","82535443","82535725","47","57531843"
"chr13","25009611","25009903","chr14","82528318","82528608","39","57518707"
"chr13","25033426","25033560","chr5","157861381","157861515","19","132827955"
"chr13","25039095","25039386","chr10","128719210","128719499","46","103680115"
"chr13","25078760","25078856","chr12","55355179","55355274","13","30276419"
"chr13","25096098","25096408","chr4","161315972","161316282","52","136219874"
"chr13","25118391","25118540","chr6","47544588","47544736","31","22426197"
"chr13","25118598","25118771","chr10","73981921","73982094","33","48863323"
"chr13","25150660","25150949","chr4","140162567","140162859","52","115011907"
"chr13","25164833","25165134","chr1","155481150","155481435","56","130316317"
"chr13","25189302","25189413","chr2","36314248","36314355","16","11124946"
"chr13","25262998","25263282","chr14","82271764","82272040","46","57008766"
"chr13","25315996","25316305","chrX","39183726","39184034","55","13867730"
"chr13","25357283","25357604","chr14","82111997","82112307","47","56754714"
"chr13","25371141","25371433","chr19","24469699","24469989","47","901442"
"chr13","25425475","25425776","chr7","70375823","70376126","51","44950348"
"chr13","25516072","25516379","chr14","81965877","81966179","44","56449805"
"chr13","25661952","25662166","chr14","81807277","81807489","40","56145325"
"chr13","25715272","25715530","chr14","81752095","81752346","44","56036823"
"chr13","25752151","25752427","chr2","165124948","165125217","59","139372797"
"chr13","25832939","25833064","chr1","173147329","173147452","23","147314390"
"chr13","25846317","25846643","chr13","20178005","20178325","54","5668312"
"chr13","25858226","25858412","chr12","4317028","4317209","37","21541198"
"chr13","25893662","25893784","chr1","171740201","171740320","16","145846539"
"chr13","25979454","25979751","chr9","25525997","25526295","42","453457"
"chr13","26042199","26042488","chr1","175759179","175759474","47","149716980"
"chr13","26188251","26188538","chr2","1572464","1572757","50","24615787"
"chr13","26313408","26313654","chr8","7513383","7513624","55","18800025"
"chr13","26336444","26336691","chr2","67010232","67010497","65","40673788"
"chr13","26386586","26386858","chr14","81095459","81095737","52","54708873"
"chr13","26438942","26439247","chr4","139259106","139259407","45","112820164"
"chr13","26455605","26455904","chr5","71686578","71686874","57","45230973"
"chr13","26466894","26467184","chr14","81013237","81013515","59","54546343"
"chr13","26483084","26483383","chr2","17996148","17996446","44","8486936"
"chr13","26499164","26499469","chr14","80979937","80980240","50","54480773"
"chr13","26502822","26503122","chr6","70367906","70368206","51","43865084"
"chr13","26575908","26576219","chr9","92955669","92955979","39","66379761"
"chr13","26579268","26579544","chr12","48724930","48725219","62","22145662"
"chr13","26623469","26623757","chrX","62040044","62040330","53","35416575"
"chr13","26628803","26629098","chr7","29042352","29042646","52","2413549"
"chr13","26663363","26663650","chr14","80787430","80787719","33","54124067"
"chr13","26679505","26679772","chr2","7518427","7518693","64","19161078"
"chr13","26746712","26747019","chr15","96456872","96457177","48","69710160"
"chr13","26769411","26769719","chr14","80684364","80684673","40","53914953"
"chr13","26777471","26777577","chr4","151720793","151720896","19","124943322"
"chr13","26786086","26786212","chr17","73927807","73927929","20","47141721"
"chr13","27194270","27194533","chr12","27159992","27160249","42","34278"
"chr13","27205421","27205722","chr7","88697458","88697764","49","61492037"
"chr13","27222891","27223014","chr22","28568641","28568765","19","1345750"
"chr13","27226072","27226379","chr9","101210178","101210488","54","73984106"
"chr13","27275175","27275389","chr3","175792597","175792820","51","148517422"
"chr13","27335602","27335910","chr9","101210178","101210488","40","73874576"
"chr13","27399653","27399946","chrX","106568761","106569053","50","79169108"
"chr13","27556678","27556956","chr1","170771447","170771746","54","143214769"
"chr13","27562138","27562277","chr14","79894306","79894442","20","52332168"
"chr13","27618703","27619014","chr5","11540307","11540609","47","16078396"
"chr13","27646230","27646546","chr12","84261915","84262225","64","56615685"
"chr13","27669932","27670214","chr1","148438931","148439211","50","120768999"
"chr13","27704508","27704673","chr6","114762508","114762668","28","87058000"
"chr13","27705055","27705336","chr10","41485100","41485371","46","13780045"
"chr13","27749923","27750214","chr5","523629","523928","56","27226294"
"chr13","27760251","27760533","chr14","79674038","79674323","38","51913787"
"chr13","27763418","27763738","chr6","151108613","151108922","54","123345195"
"chr13","27795006","27795300","chr12","20230563","20230858","51","7564443"
"chr13","27798007","27798259","chr11","108598998","108599249","52","80800991"
"chr13","27818043","27818349","chr14","83083786","83084089","47","55265743"
"chr13","27845334","27845413","chr22","17990951","17991035","23","9854383"
"chr13","27873683","27873981","chr3","111477906","111478203","51","83604223"
"chr13","27902859","27903186","chr17","62830726","62831031","74","34927867"
"chr13","27938891","27939171","chr1","148438931","148439211","38","120500040"
"chr13","27955238","27955511","chr22","35375481","35375753","48","7420243"
"chr13","27955524","27955812","chr4","71933212","71933503","43","43977688"
"chr13","28006275","28006552","chr14","79441613","79441872","52","51435338"
"chr13","28019042","28019345","chr7","85080523","85080815","47","57061481"
"chr13","28183450","28183726","chr14","32863987","32864257","53","4680537"
"chr13","28276413","28276685","chr5","15548983","15549271","50","12727430"
"chr13","28310611","28310919","chr11","28125301","28125613","41","185310"
"chr13","28331199","28331500","chr14","79104268","79104574","44","50773069"
"chr13","28520324","28520537","chr3","117745126","117745334","48","89224802"
"chr13","28548256","28548560","chr9","120468304","120468608","54","91920048"
"chr13","28628327","28628615","chr22","6924836","6925127","45","21703491"
"chr13","28631196","28631489","chr2","17996148","17996446","53","10635048"
"chr13","28651557","28651849","chr9","78923236","78923530","52","50271679"
"chr13","28696977","28697248","chr14","78705130","78705411","36","50008153"
"chr13","28787969","28788235","chr14","78608868","78609141","44","49820899"
"chr13","28797617","28797914","chr10","101208784","101209089","53","72411167"
"chr13","28916588","28916882","chr16","6809919","6810217","39","22106669"
"chr13","29102471","29102749","chr4","158481330","158481605","46","129378859"
"chr13","29118334","29118623","chr4","137135438","137135728","47","108017104"
"chr13","29134039","29134171","chr5","10559689","10559821","13","18574350"
"chr13","29350633","29350796","chr9","42539956","42540117","37","13189323"
"chr13","29372256","29372536","chr14","76729292","76729572","39","47357036"
"chr13","29470324","29470382","chr4","80755769","80755825","9","51285445"
"chr13","29555802","29556091","chr10","29508947","29509244","52","46855"
"chr13","29629445","29629672","chr10","27834176","27834398","41","1795269"
"chr13","29711445","29711725","chr2","10591091","10591384","55","19120354"
"chr13","29738882","29738928","chr5","94690104","94690150","3","64951222"
"chr13","29911129","29911424","chr2","203225383","203225677","48","173314254"
"chr13","30049522","30049825","chr14","83083786","83084089","51","53034264"
"chr13","30086915","30087217","chr20","20348077","20348385","47","9738838"
"chr13","30152203","30152479","chr15","3505925","3506201","41","26646278"
"chr13","30169745","30169842","chr9","45671312","45671408","14","15501567"
"chr13","30361530","30361839","chr11","28125301","28125613","50","2236229"
"chr13","30394075","30394207","chr4","9872496","9872626","18","20521579"
"chr13","30831726","30832030","chr4","36385616","36385920","62","5553890"
"chr13","30840361","30840509","chr3","188410652","188410802","26","157570291"
"chr13","30850008","30850142","chr2","63878183","63878318","18","33028175"
"chr13","30850143","30850477","chr5","80766651","80766973","75","49916508"
"chr13","30877348","30877679","chr11","94662492","94662816","73","63785144"
"chr13","30893899","30894164","chr3","188235049","188235330","57","157341150"
"chr13","30900517","30900804","chr5","38842722","38843017","61","7942205"
"chr13","30902538","30902808","chr14","76454629","76454898","49","45552091"
"chr13","30918618","30918960","chr2","66989134","66989436","100","36070516"
"chr13","30992535","30992683","chr4","43973828","43973977","27","12981293"
"chr13","31002893","31003177","chr8","105258792","105259071","69","74255899"
"chr13","31084541","31084637","chr17","71213616","71213711","25","40129075"
"chr13","31088809","31089111","chr22","5265518","5265816","57","25823291"
"chr13","31121116","31121220","chr16","19179839","19179942","18","11941277"
"chr13","31124731","31124960","chr21","50315649","50315880","40","19190918"
"chr13","31141399","31141702","chr10","80449759","80450058","39","49308360"
"chr13","31166363","31166670","chr9","99956407","99956710","45","68790044"
"chr13","31175032","31175331","chr6","48814191","48814491","40","17639159"
"chr13","31185433","31185687","chr1","147402149","147402405","52","116216716"
"chr13","31185697","31185821","chr14","76205201","76205309","27","45019504"
"chr13","31193110","31193423","chr12","5180956","5181267","47","26012154"
"chr13","31204272","31204547","chr7","32426442","32426720","50","1222170"
"chr13","31214893","31215150","chr7","12811011","12811279","54","18403882"
"chr13","31230596","31230823","chr14","76155120","76155349","32","44924524"
"chr13","31258964","31259250","chr7","30907560","30907847","47","351404"
"chr13","31311441","31311732","chr4","155553198","155553496","61","124241757"
"chr13","31314360","31314647","chr6","17854050","17854340","42","13460310"
"chr13","31315386","31315711","chr10","99168777","99169096","67","67853391"
"chr13","31324784","31325073","chr1","148737826","148738107","49","117413042"
"chr13","31332079","31332387","chr10","1666053","1666355","58","29666026"
"chr13","31342093","31342395","chr2","63180548","63180847","48","31838455"
"chr13","31373393","31373566","chr15","41892555","41892730","25","10519162"
"chr13","31491173","31491476","chr2","150624041","150624344","61","119132868"
"chr13","31495521","31495808","chr14","75889904","75890187","36","44394383"
"chr13","31529084","31529374","chr5","10836382","10836675","46","20692702"
"chr13","31531430","31531727","chr10","1666053","1666355","69","29865377"
"chr13","31539961","31540260","chr2","67197269","67197565","52","35657308"
"chr13","31555349","31555615","chr9","58102610","58102877","50","26547261"
"chr13","31610773","31611062","chr2","2218970","2219260","44","29391803"
"chr13","31619862","31620151","chr5","133170458","133170739","51","101550596"
"chr13","31650705","31651000","chr14","75749729","75750033","54","44099024"
"chr13","31658689","31658858","chr15","19705142","19705304","28","11953547"
"chr13","31687984","31688022","chr14","59407747","59407789","5","27719763"
"chr13","31721641","31721921","chr22","34429510","34429793","62","2707869"
"chr13","31728595","31728887","chr3","7402907","7403199","42","24325688"
"chr13","31776911","31777097","chr20","1976364","1976531","41","29800547"
"chr13","31964278","31964557","chr1","179022035","179022319","47","147057757"
"chr13","32013096","32013390","chr9","313539","313832","45","31699557"
"chr13","32187009","32187316","chr9","35405457","35405761","52","3218448"
"chr13","32284822","32285123","chr14","75067894","75068195","33","42783072"
"chr13","32356315","32356609","chr14","74992957","74993234","48","42636642"
"chr13","32360051","32360320","chr4","158481330","158481605","50","126121279"
"chr13","32395764","32395843","chr14","74951872","74951946","9","42556108"
"chr13","32485274","32485584","chr5","55380182","55380490","39","22894908"
"chr13","32546259","32546555","chr4","61762579","61762878","40","29216320"
"chr13","32594687","32594979","chr14","74725391","74725693","45","42130704"
"chr13","32799390","32799680","chr5","158518457","158518746","40","125719067"
"chr13","32811836","32812057","chr11","62886234","62886454","39","30074398"
"chr13","32925437","32925662","chr2","152459165","152459377","45","119533728"
"chr13","32958368","32958633","chr11","14682506","14682772","45","18275862"
"chr13","33096699","33096988","chr9","115857714","115858000","68","82761015"
"chr13","33443802","33444105","chr2","146982644","146982948","58","113538842"
"chr13","33501067","33501382","chr13","35826703","35827014","55","2325636"
"chr13","33602799","33602969","chr5","111200469","111200639","29","77597670"
"chr13","33674905","33675173","chr16","94403080","94403345","66","60728175"
"chr13","33840955","33841227","chr11","78325612","78325883","61","44484657"
"chr13","34371859","34372123","chr1","192828584","192828863","55","158456725"
"chr13","34570227","34570507","chr17","53795277","53795559","48","19225050"
"chr13","34618576","34618853","chr2","9267194","9267473","66","25351382"
"chr13","34637038","34637090","chr13","83916261","83916312","10","49279223"
"chr13","34664612","34664909","chr14","72718437","72718737","53","38053825"
"chr13","34833233","34833494","chr8","105153403","105153673","57","70320170"
"chr13","34913171","34913475","chrX","62686328","62686643","67","27773157"
"chr13","35083860","35084180","chr14","72234257","72234575","55","37150397"
"chr13","35309077","35309200","chr5","92918032","92918149","28","57608955"
"chr13","35481883","35481933","chr9","69334480","69334530","3","33852597"
"chr13","35550221","35550489","chrX","46210451","46210697","50","10660230"
"chr13","35576769","35577047","chr20","20341615","20341899","54","15235154"
"chr13","35791987","35792275","chr9","65441359","65441649","44","29649372"
"chr13","35798522","35798806","chr14","71475159","71475449","44","35676637"
"chr13","35845827","35845940","chr4","100333106","100333207","30","64487279"
"chr13","35859845","35860130","chr9","20427165","20427460","46","15432680"
"chr13","35892070","35892395","chr2","61829074","61829376","73","25937004"
"chr13","35920730","35921036","chr10","118578692","118578996","53","82657962"
"chr13","35938413","35938710","chr6","117332912","117333211","47","81394499"
"chr13","35949276","35949353","chr10","60337725","60337801","14","24388449"
"chr13","35949769","35949982","chr11","120797357","120797579","40","84847588"
"chr13","35956312","35956576","chr1","180589014","180589283","51","144632702"
"chr13","36081479","36081771","chr9","39953667","39953955","38","3872188"
"chr13","36104705","36105002","chr1","140333436","140333732","53","104228731"
"chr13","36148126","36148420","chr7","24906412","24906703","46","11241714"
"chr13","36155741","36155978","chr4","150132414","150132668","66","113976673"
"chr13","36206391","36206658","chr9","123778317","123778575","59","87571926"
"chr13","36220800","36221104","chr5","22343077","22343375","50","13877723"
"chr13","36225493","36225789","chr14","71043088","71043389","46","34817595"
"chr13","36246346","36246646","chr13","10599970","10600273","47","25646376"
"chr13","36270500","36270653","chr20","42041370","42041520","28","5770870"
"chr13","36374127","36374416","chr20","7477077","7477364","43","28897050"
"chr13","36397111","36397410","chr4","98746325","98746622","47","62349214"
"chr13","36461629","36461960","chr22","11103693","11104016","76","25357936"
"chr13","36491581","36491878","chr14","70742210","70742507","48","34250629"
"chr13","36722770","36722985","chr3","12061251","12061458","42","24661519"
"chr13","36811824","36812122","chr8","841978","842272","45","35969846"
"chr13","36875362","36875667","chr13","107907116","107907421","50","71031754"
"chr13","36883308","36883609","chr9","25525997","25526295","44","11357311"
"chr13","36903682","36903977","chrX","45924991","45925287","50","9021309"
"chr13","36970175","36970494","chr5","73075939","73076252","45","36105764"
"chr13","37187924","37188226","chr8","115903141","115903445","47","78715217"
"chr13","37285801","37286107","chr14","69965546","69965842","55","32679745"
"chr13","37346367","37346402","chr10","40981104","40981139","4","3634737"
"chr13","37349995","37350308","chr5","120225189","120225498","44","82875194"
"chr13","37363235","37363520","chr14","69889749","69890042","51","32526514"
"chr13","37437219","37437492","chr9","108649185","108649451","51","71211966"
"chr13","37501371","37501493","chr17","58252543","58252665","17","20751172"
"chr13","37568494","37568791","chr14","69686935","69687211","46","32118441"
"chr13","37598209","37598253","chr19","44295961","44296003","4","6697752"
"chr13","37609585","37609882","chr4","139259106","139259407","52","101649521"
"chr13","37628477","37628791","chr9","101210178","101210488","46","63581701"
"chr13","37636385","37636443","chr5","47678674","47678734","14","10042289"
"chr13","37652108","37652399","chr1","155648769","155649066","46","117996661"
"chr13","37671105","37671394","chr8","26807553","26807845","49","10863552"
"chr13","37714456","37714758","chr7","19002392","19002692","47","18712064"
"chr13","37714827","37715119","chr10","100757276","100757573","48","63042449"
"chr13","37736928","37737251","chr3","53684226","53684544","73","15947298"
"chr13","37742550","37742858","chr10","14690438","14690745","48","23052112"
"chr13","37753854","37754145","chr1","77745311","77745604","57","39991457"
"chr13","37760999","37761282","chr1","185545257","185545555","59","147784258"
"chr13","37780641","37780947","chr17","19497342","19497644","46","18283299"
"chr13","37796138","37796443","chr11","66040957","66041261","47","28244819"
"chr13","37834179","37834458","chr14","69415159","69415427","41","31580980"
"chr13","37864679","37864980","chr14","69385855","69386134","53","31521176"
"chr13","37890541","37890838","chr5","62458928","62459225","56","24568387"
"chr13","37977879","37978165","chr7","137412984","137413261","41","99435105"
"chr13","38021474","38021705","chr8","33235536","33235771","47","4785938"
"chr13","38089415","38089526","chr20","22928756","22928862","15","15160659"
"chr13","38092233","38092534","chr5","116663888","116664187","56","78571655"
"chr13","38102025","38102320","chr19","22653412","22653706","49","15448613"
"chr13","38106836","38107017","chr3","151322790","151322964","36","113215954"
"chr13","38172421","38172721","chr14","68977031","68977330","28","30804610"
"chr13","38198209","38198515","chr5","83138079","83138381","49","44939870"
"chr13","38224885","38225190","chr7","153803404","153803707","57","115578519"
"chr13","38284757","38285020","chrX","52241701","52241982","59","13956944"
"chr13","38297757","38297802","chr5","94690104","94690150","5","56392347"
"chr13","38370003","38370291","chr5","93075725","93076019","44","54705722"
"chr13","38437668","38437937","chr16","32450877","32451155","57","5986791"
"chr13","38445560","38445856","chr18","5071565","5071862","48","33373995"
"chr13","38452248","38452582","chr6","116215103","116215435","63","77762855"
"chr13","38476589","38476729","chr2","10077638","10077769","23","28398951"
"chr13","38598021","38598303","chr14","68524684","68524964","48","29926663"
"chr13","38702672","38702734","chr2","74336765","74336823","13","35634093"
"chr13","38702895","38703180","chr5","85529097","85529385","50","46826202"
"chr13","38714307","38714623","chr3","136899810","136900119","59","98185503"
"chr13","38736812","38737127","chr7","35515798","35516110","51","3221014"
"chr13","39084538","39084798","chrX","22853779","22854027","54","16230759"
"chr13","39683528","39683776","chr9","18197010","18197245","55","21486518"
"chr13","39767299","39767605","chr15","24029162","24029466","46","15738137"
"chr13","39781254","39781556","chr14","67338131","67338430","41","27556877"
"chr13","39943304","39943403","chr9","50124496","50124593","17","10181192"
"chr13","39978781","39979107","chr13","20178005","20178325","64","19800776"
"chr13","40204433","40204709","chrX","27640913","27641191","54","12563520"
"chr13","40496236","40496546","chr2","81787924","81788225","59","41291688"
"chr13","40697072","40697402","chr7","125445819","125446131","72","84748747"
"chr13","40703078","40703372","chr8","841978","842272","47","39861100"
"chr13","40732513","40732582","chr3","3501995","3502059","16","37230518"
"chr13","40743288","40743585","chr5","50537784","50538079","49","9794496"
"chr13","40874638","40874803","chr13","36180089","36180243","41","4694549"
"chr13","40958471","40958834","chr7","62347469","62347816","94","21388998"
"chr13","40966617","40966890","chr14","66109606","66109879","44","25142989"
"chr13","40997733","40998036","chr2","39815620","39815927","54","1182113"
"chr13","41045017","41045310","chr6","136022282","136022577","55","94977265"
"chr13","41066764","41067113","chr14","66010111","66010460","60","24943347"
"chr13","41094980","41095288","chr4","139259106","139259407","54","98164126"
"chr13","41148202","41148489","chr17","45299208","45299493","46","4151006"
"chr13","41157065","41157373","chr14","65919451","65919745","54","24762386"
"chr13","41193656","41193968","chr22","4634301","4634614","51","36559355"
"chr13","41247986","41248286","chr4","151969651","151969945","68","110721665"
"chr13","41395756","41396064","chr10","10473186","10473493","44","30922570"
"chr13","41400005","41400056","chr18","41967662","41967715","5","567657"
"chr13","41414131","41414432","chr6","132694921","132695233","54","91280790"
"chr13","41422641","41422928","chr4","71933212","71933503","46","30510571"
"chr13","41437517","41437807","chr4","12429965","12430236","60","29007552"
"chr13","41459680","41459987","chr2","71331505","71331809","44","29871825"
"chr13","41463280","41463569","chr14","65572092","65572370","42","24108812"
"chr13","41466418","41466731","chr2","71331505","71331809","49","29865087"
"chr13","41467463","41467749","chr12","51888773","51889064","41","10421310"
"chr13","41530710","41530996","chr14","65500294","65500579","38","23969584"
"chr13","41541308","41541490","chr5","110926377","110926556","25","69385069"
"chr13","41574276","41574337","chr10","117090688","117090741","20","75516412"
"chr13","41575032","41575315","chr1","106181395","106181691","55","64606363"
"chr13","41577363","41577652","chr4","150555920","150556212","50","108978557"
"chr13","41578760","41579052","chr14","65447091","65447363","62","23868331"
"chr13","41597753","41598035","chr5","4306758","4307044","55","37290995"
"chr13","41602108","41602390","chr7","12076438","12076729","52","29525670"
"chr13","41617605","41617916","chr14","61642775","61643081","66","20025170"
"chr13","41630000","41630295","chr22","36166225","36166522","54","5463775"
"chr13","41630821","41630999","chr2","193643088","193643257","38","152012267"
"chr13","41637296","41637572","chr14","5386369","5386647","47","36250927"
"chr13","41645668","41645975","chr1","160479292","160479595","52","118833624"
"chr13","41663034","41663277","chr5","78099242","78099485","38","36436208"
"chr13","41678391","41678687","chr12","51652419","51652716","39","9974028"
"chr13","41683963","41684266","chr10","100757276","100757573","45","59073313"
"chr13","41728132","41728176","chr12","36804099","36804143","10","4924033"
"chr13","41859059","41859347","chr4","71933212","71933503","42","30074153"
"chr13","41882760","41883088","chr14","46589162","46589470","61","4706402"
"chr13","41961688","41961825","chr7","67519756","67519888","29","25558068"
"chr13","42005887","42006178","chr19","13206354","13206649","51","28799533"
"chr13","42007125","42007359","chr15","17924913","17925143","52","24082212"
"chr13","42028070","42028343","chr12","22439271","22439557","55","19588799"
"chr13","42036209","42036506","chr2","17996148","17996446","51","24040061"
"chr13","42322514","42322589","chr9","113363356","113363435","21","71040842"
"chr13","42330067","42330354","chr7","61879901","61880186","43","19549834"
"chr13","42363350","42363588","chr14","64653828","64654062","42","22290478"
"chr13","42385848","42386137","chr9","107189736","107190026","52","64803888"
"chr13","42561294","42561618","chr14","64441558","64441868","59","21880264"
"chr13","42632872","42633196","chr4","34136774","34137087","75","8496098"
"chr13","42635363","42635670","chr4","139259106","139259407","52","96623743"
"chr13","42665060","42665372","chr12","26860508","26860805","60","15804552"
"chr13","42677680","42677968","chr14","64302377","64302672","46","21624697"
"chr13","42704504","42704812","chr5","73075939","73076252","40","30371435"
"chr13","42752917","42753223","chrUn_GL286217","143262","143564","44","42609655"
"chr13","42785146","42785439","chr13","95836072","95836367","39","53050926"
"chr13","42789547","42789845","chr14","64175374","64175670","37","21385827"
"chr13","42792009","42792294","chr13","73572414","73572691","48","30780405"
"chr13","42818851","42819139","chr15","30758763","30759050","51","12060088"
"chr13","42842967","42843255","chr5","94744931","94745213","56","51901964"
"chr13","42947840","42948129","chr3","137448346","137448639","48","94500506"
"chr13","42986409","42986525","chr9","12696555","12696670","15","30289854"
"chr13","42990269","42990383","chr7","19911100","19911203","18","23079169"
"chr13","43024021","43024309","chr14","63929364","63929652","28","20905343"
"chr13","43025027","43025297","chr15","46861933","46862202","63","3836906"
"chr13","43029487","43029795","chr7","128001461","128001761","47","84971974"
"chr13","43096305","43096596","chr14","63849779","63850081","46","20753474"
"chr13","43118815","43119119","chrX","10737832","10738131","49","32380983"
"chr13","43133788","43133923","chr15","1001561","1001685","32","42132227"
"chr13","43140546","43140645","chr9","65342001","65342094","17","22201455"
"chr13","43263568","43263867","chr6","75230350","75230656","43","31966782"
"chr13","43264367","43264661","chr5","93075725","93076019","49","49811358"
"chr13","43273865","43274157","chr2","203225383","203225677","44","159951518"
"chr13","43285593","43285894","chr1","100217257","100217559","48","56931664"
"chr13","43338381","43338670","chr14","63591184","63591479","49","20252803"
"chr13","43352387","43352675","chr14","63579711","63579999","40","20227324"
"chr13","43354856","43355147","chr14","63577827","63578135","52","20222971"
"chr13","43360100","43360434","chr9","105387651","105387958","85","62027551"
"chr13","43428032","43428165","chr16","7864285","7864412","24","35563747"
"chr13","43435736","43436029","chr2","203225383","203225677","39","159789647"
"chr13","43450912","43451219","chr9","9679426","9679735","48","33771486"
"chr13","43462251","43462502","chr8","93750596","93750840","54","50288345"
"chr13","43547315","43547615","chr14","63389827","63390121","38","19842512"
"chr13","43567145","43567455","chr7","53393585","53393889","48","9826440"
"chr13","43645318","43645621","chr2","63180548","63180847","50","19535230"
"chr13","43680681","43680945","chr1","136189460","136189722","57","92508779"
"chr13","43719049","43719357","chr3","111477906","111478203","44","67758857"
"chr13","43771844","43772128","chr14","53310215","53310500","56","9538371"
"chr13","43820297","43820600","chr15","24029162","24029466","54","19791135"
"chr13","43849760","43850058","chr9","67581333","67581631","54","23731573"
"chr13","43907036","43907352","chr2","1679121","1679426","61","42227915"
"chr13","44023099","44023411","chr2","71298755","71299066","51","27275656"
"chr13","44078689","44078907","chr18","7374949","7375165","44","36703740"
"chr13","44127823","44128095","chr11","5274208","5274485","47","38853615"
"chr13","44168121","44168412","chr2","1572464","1572757","40","42595657"
"chr13","44256708","44256972","chr4","155262110","155262362","59","111005402"
"chr13","44404481","44404785","chr1","156829227","156829517","60","112424746"
"chr13","44576086","44576389","chr9","120468304","120468608","46","75892218"
"chr13","44595165","44595467","chr14","62317443","62317745","37","17722278"
"chr13","44662941","44663252","chr15","61609668","61609978","46","16946727"
"chr13","44722876","44723184","chr12","78919016","78919323","51","34196140"
"chr13","44883300","44883571","chr17","19806751","19807028","49","25076549"
"chr13","44896586","44896855","chr5","30600500","30600766","53","14296086"
"chr13","44921244","44921562","chr4","151238342","151238657","53","106317098"
"chr13","44964987","44965271","chr14","61913269","61913554","34","16948282"
"chr13","44985803","44986114","chr5","55380182","55380490","45","10394379"
"chr13","45035431","45035745","chr2","150624041","150624344","48","105588610"
"chr13","45050549","45050655","chr17","5313903","5314007","17","39736646"
"chr13","45052222","45052481","chr12","44179049","44179315","55","873173"
"chr13","45073206","45073521","chr5","55380182","55380490","45","10306976"
"chr13","45113639","45113920","chr11","63151517","63151772","54","18037878"
"chr13","45234138","45234430","chr2","2218970","2219260","45","43015168"
"chr13","45279531","45279829","chr4","18261007","18261304","45","27018524"
"chr13","45284302","45284599","chr5","37902121","37902416","42","7382181"
"chr13","45306541","45306832","chr14","61568989","61569280","43","16262448"
"chr13","45556308","45556635","chr3","53684226","53684544","67","8127918"
"chr13","45625952","45626252","chr14","61216910","61217216","45","15590958"
"chr13","45634665","45634964","chr1","182741578","182741860","64","137106913"
"chr13","45675926","45676225","chr4","164480653","164480950","52","118804727"
"chr13","45684292","45684605","chr5","73075939","73076252","45","27391647"
"chr13","45769009","45769303","chr2","203225383","203225677","41","157456374"
"chr13","45839305","45839617","chr14","60996189","60996500","43","15156884"
"chr13","45887044","45887345","chr5","45557348","45557644","51","329696"
"chr13","45924015","45924107","chr22","2790806","2790896","13","43133209"
"chr13","45929530","45929834","chr4","71933212","71933503","63","26003682"
"chr13","45942825","45943103","chr12","56462774","56463064","51","10519949"
"chr13","45944615","45944915","chr7","67355562","67355869","48","21410947"
"chr13","46014103","46014410","chr3","117540807","117541109","49","71526704"
"chr13","46056270","46056548","chr14","60769066","60769344","32","14712796"
"chr13","46085457","46085630","chr3","183689850","183690027","30","137604393"
"chr13","46115994","46116297","chr9","122689798","122690105","41","76573804"
"chr13","46120622","46120931","chr12","37179701","37180010","48","8940921"
"chr13","46135563","46135860","chr14","60699091","60699382","42","14563528"
"chr13","46140580","46140897","chr14","52349903","52350195","64","6209323"
"chr13","46186186","46186493","chr2","71331505","71331809","45","25145319"
"chr13","46188336","46188617","chr1","186610138","186610422","39","140421802"
"chr13","46228379","46228661","chr11","72408791","72409072","42","26180412"
"chr13","46230780","46231073","chr4","55150618","55150907","45","8919838"
"chr13","46248746","46249044","chr14","60581717","60582016","40","14332971"
"chr13","46260507","46260805","chrX","64172412","64172721","55","17911905"
"chr13","46274405","46274712","chr4","24642107","24642416","49","21632298"
"chr13","46286863","46287149","chr12","107125942","107126232","44","60839079"
"chr13","46295412","46295718","chr11","28125301","28125613","47","18170111"
"chr13","46346764","46347059","chr14","60468614","60468893","49","14121850"
"chr13","46350010","46350305","chr2","108820112","108820406","49","62470102"
"chr13","46368802","46369105","chr6","8374119","8374424","57","37994683"
"chr13","46425009","46425310","chr2","64076460","64076764","53","17651451"
"chr13","46431189","46431360","chr12","33911721","33911890","28","12519468"
"chr13","46453714","46454019","chr14","60330168","60330486","65","13876454"
"chr13","46480903","46481211","chr14","60302171","60302479","46","13821268"
"chr13","46505667","46505937","chr7","22422256","22422540","70","24083411"
"chr13","46532066","46532382","chr14","60249507","60249808","44","13717441"
"chr13","46595802","46596022","chr2","59097793","59098013","40","12501991"
"chr13","46609072","46609355","chr15","49638162","49638439","49","3029090"
"chr13","46636804","46637106","chr10","129372635","129372937","48","82735831"
"chr13","46646198","46646515","chr14","60143670","60143961","55","13497472"
"chr13","46695859","46696183","chrX","39183726","39184034","67","7512133"
"chr13","46700158","46700477","chr14","60100315","60100614","54","13400157"
"chr13","46728367","46728661","chr15","23510227","23510531","56","23218140"
"chr13","46741508","46741804","chr14","60065255","60065558","51","13323747"
"chr13","46772645","46772935","chr2","145042206","145042495","46","98269561"
"chr13","46797697","46797946","chr11","120331998","120332232","42","73534301"
"chr13","46800936","46801233","chr1","77745311","77745604","38","30944375"
"chr13","46816946","46817242","chr5","36401104","36401394","48","10415842"
"chr13","46850047","46850335","chr1","197465921","197466196","52","150615874"
"chr13","46855977","46856265","chr21","35283943","35284237","47","11572034"
"chr13","46857778","46858056","chr10","103345075","103345343","59","56487297"
"chr13","46863613","46863904","chr9","83573818","83574110","44","36710205"
"chr13","46873987","46874276","chr14","59934581","59934886","58","13060594"
"chr13","46910519","46910761","chr2","16537224","16537485","75","30373295"
"chr13","46912265","46912571","chr7","70375823","70376126","45","23463558"
"chr13","46915809","46916098","chr1","151065590","151065891","58","104149781"
"chr13","46983837","46984066","chr14","534603","534814","64","46449234"
"chr13","46985371","46985657","chr3","170772436","170772722","46","123787065"
"chr13","47018507","47018813","chr3","51989230","51989530","43","4970723"
"chr13","47032432","47032734","chr6","75230350","75230656","48","28197918"
"chr13","47064387","47064679","chr1","37319818","37320111","65","9744569"
"chr13","47070048","47070313","chr11","122528868","122529135","55","75458820"
"chr13","47075521","47075706","chr9","86509833","86510016","30","39434312"
"chr13","47137245","47137516","chr9","13171482","13171754","47","33965763"
"chr13","47138306","47138498","chr14","59684163","59684362","32","12545857"
"chr13","47196290","47196584","chr9","76118191","76118484","41","28921901"
"chr13","47244662","47244955","chr14","59568658","59568950","40","12323996"
"chr13","47252799","47253095","chr1","170771447","170771746","33","123518648"
"chr13","47258703","47258772","chr1","180912692","180912762","12","133653989"
"chr13","47276391","47276682","chr7","28792443","28792734","49","18483948"
"chr13","47362269","47362553","chr4","37427055","37427338","56","9935214"
"chr13","47378985","47379283","chr14","59434178","59434472","45","12055193"
"chr13","47400341","47400648","chr2","141631665","141631964","59","94231324"
"chr13","47402263","47402328","chr8","37778009","37778074","13","9624254"
"chr13","47402345","47402634","chrX","46680136","46680417","52","722209"
"chr13","47403609","47403904","chrUn_GL286217","143262","143564","55","47260347"
"chr13","47403921","47403986","chr6","110843656","110843713","11","63439735"
"chr13","47408945","47409124","chr14","59400778","59400950","29","11991833"
"chr13","47424685","47424973","chr5","85529097","85529385","46","38104412"
"chr13","47475657","47475757","chr13","62035859","62035960","17","14560202"
"chr13","47487921","47488172","chr1","143330843","143331089","54","95842922"
"chr13","47505340","47505636","chr1","206060001","206060297","45","158554661"
"chr13","47518455","47518773","chr13","36155844","36156159","65","11362611"
"chr13","47536668","47536974","chr10","20863520","20863828","46","26673148"
"chr13","47572012","47572140","chr7","100664229","100664355","18","53092217"
"chr13","47574189","47574503","chr14","53505859","53506168","69","5931670"
"chr13","47587153","47587451","chr8","841978","842272","51","46745175"
"chr13","47591492","47591772","chr2","71302060","71302351","55","23710568"
"chr13","47606903","47607197","chr9","39599802","39600097","38","8007101"
"chr13","47615279","47615574","chr7","66759838","66760136","50","19144559"
"chr13","47653321","47653619","chr10","41816754","41817052","55","5836567"
"chr13","47706708","47706972","chr3","110957419","110957682","48","63250711"
"chr13","47717385","47717692","chr14","82111997","82112307","50","34394612"
"chr13","47729311","47729600","chr19","31226826","31227120","51","16502485"
"chr13","48157581","48157865","chr2","9363059","9363338","49","38794522"
"chr13","48232174","48232490","chr12","97682681","97682983","57","49450507"
"chr13","48837572","48837871","chr18","2673991","2674299","65","46163581"
"chr13","49263526","49263811","chr3","164929173","164929450","58","115665647"
"chr13","49313941","49314231","chr2","67761157","67761454","56","18447216"
"chr13","49452653","49452704","chr9","58005342","58005393","4","8552689"
"chr13","49481862","49482160","chr4","108464628","108464932","51","58982766"
"chr13","49497988","49498079","chr14","101685848","101685940","11","52187860"
"chr13","49592481","49592788","chr15","71482128","71482437","55","21889647"
"chr13","49766231","49766567","chr12","9281028","9281289","120","40485203"
"chr13","49860286","49860574","chr3","153104990","153105280","63","103244704"
"chr13","50012127","50012400","chr5","107761416","107761690","48","57749289"
"chr13","50106984","50107261","chr14","3533089","3533371","53","46573895"
"chr13","50530501","50530801","chr2","151333028","151333320","52","100802527"
"chr13","50599410","50599590","chr14","56100458","56100637","26","5501048"
"chr13","50626612","50626918","chr22","32965750","32966056","56","17660862"
"chr13","50768299","50768606","chr20","38639419","38639722","51","12128880"
"chr13","50932103","50932418","chr7","130157691","130158004","54","79225588"
"chr13","51258009","51258310","chr1","193329779","193330078","51","142071770"
"chr13","51791634","51791917","chr5","38842722","38843017","52","12948912"
"chr13","52072106","52072402","chr12","51315090","51315385","54","757016"
"chr13","52247517","52247815","chr19","11947351","11947655","50","40300166"
"chr13","52472788","52473084","chr12","86932322","86932617","50","34459534"
"chr13","52603474","52603762","chr6","39494333","39494622","40","13109141"
"chr13","52815250","52815549","chr10","1666053","1666355","45","51149197"
"chr13","52824600","52824715","chr18","4542062","4542187","21","48282538"
"chr13","52839881","52840189","chr4","5114628","5114934","49","47725253"
"chr13","52902503","52902803","chr3","111477906","111478203","51","58575403"
"chr13","52910474","52910723","chr15","50846639","50846888","47","2063835"
"chr13","52917219","52917522","chr9","107848268","107848552","72","54931049"
"chr13","52920407","52920551","chr20","8710488","8710631","21","44209919"
"chr13","53010921","53011208","chr14","53657489","53657775","42","646568"
"chr13","53038610","53038834","chr20","10419638","10419868","63","42618972"
"chr13","53061627","53061921","chr15","38910043","38910338","45","14151584"
"chr13","53072885","53073240","chr11","111005625","111005964","91","57932740"
"chr13","53090401","53090503","chr5","76264502","76264604","20","23174101"
"chr13","53213791","53214115","chr2","169129486","169129808","55","115915695"
"chr13","53268320","53268439","chr9","108671454","108671572","16","55403134"
"chr13","53349156","53349453","chr3","142891494","142891793","56","89542338"
"chr13","53354853","53355147","chr6","119011301","119011592","44","65656448"
"chr13","53625829","53626116","chr2","203225383","203225677","46","149599554"
"chr13","53629868","53630146","chr22","38654238","38654519","46","14975630"
"chr13","53780788","53781061","chr5","23519377","23519655","51","30261411"
"chr13","53815194","53815495","chr15","77085877","77086177","49","23270683"
"chr13","53849447","53849722","chr1","148438931","148439211","50","94589484"
"chr13","53875123","53875209","chr14","52789177","52789262","8","1085946"
"chr13","53921768","53922069","chr5","93075725","93076019","52","39153957"
"chr13","53968981","53969281","chr8","29283402","29283703","48","24685579"
"chr13","53983723","53984030","chr2","9810214","9810523","51","44173509"
"chr13","54027418","54027727","chr11","19304678","19304978","42","34722740"
"chr13","54077541","54077839","chr7","33547338","33547635","50","20530203"
"chr13","54182731","54183028","chr5","139889919","139890213","46","85707188"
"chr13","54236632","54236943","chr2","59309203","59309514","55","5072571"
"chr13","54260185","54260458","chrX","121377455","121377738","51","67117270"
"chr13","54288111","54288322","chr10","99558906","99559120","48","45270795"
"chr13","54291477","54291762","chr12","107125942","107126232","46","52834465"
"chr13","54359495","54359796","chr2","81787924","81788225","46","27428429"
"chr13","54386274","54386586","chr12","78762116","78762425","55","24375842"
"chr13","54428399","54428530","chr5","133090766","133090898","16","78662367"
"chr13","54447563","54447863","chr9","101210178","101210488","53","46762615"
"chr13","54497482","54497791","chr9","99565047","99565352","42","45067565"
"chr13","54520938","54521233","chr11","20385409","20385702","46","34135529"
"chr13","54554223","54554559","chr4","132055862","132056190","60","77501639"
"chr13","54577339","54577640","chr12","16212093","16212391","48","38365246"
"chr13","54598373","54598669","chr9","82524426","82524720","50","27926053"
"chr13","54610236","54610542","chr1","170771447","170771746","54","116161211"
"chr13","54613460","54613768","chr6","140581095","140581398","62","85967635"
"chr13","54669861","54670166","chrUn_GL286217","143262","143564","44","54526599"
"chr13","54702656","54702950","chr2","147728720","147729015","52","93026064"
"chr13","54702968","54703055","chr6","17266531","17266618","11","37436437"
"chr13","54718479","54718740","chrX","92551588","92551839","56","37833109"
"chr13","54755592","54755891","chr7","70375823","70376126","44","15620231"
"chr13","54817267","54817555","chr21","38630769","38631048","58","16186498"
"chr13","54846847","54847150","chr4","126062982","126063287","51","71216135"
"chr13","54874926","54875228","chr5","73075939","73076252","49","18201013"
"chr13","55082224","55082490","chr1","136189983","136190251","47","81107759"
"chr13","55195326","55195636","chr4","68873266","68873577","45","13677940"
"chr13","55198434","55198719","chr14","51337476","51337762","34","3860958"
"chr13","55233377","55233634","chr2","36962442","36962702","52","18270935"
"chr13","55316037","55316344","chr14","51202010","51202323","46","4114027"
"chr13","55959730","55960056","chr14","50494267","50494613","70","5465463"
"chr13","56067072","56067372","chr14","50408157","50408459","52","5658915"
"chr13","56116285","56116594","chr11","28125301","28125613","57","27990984"
"chr13","56850849","56851130","chr11","32284948","32285220","57","24565901"
"chr13","56927977","56928086","chr1","160251075","160251170","22","103323098"
"chr13","57234291","57234600","chr2","39815620","39815927","43","17418671"
"chr13","57250350","57250439","chr7","15282612","15282696","14","41967738"
"chr13","57262935","57262977","chr2","34931064","34931102","5","22331871"
"chr13","57457446","57457722","chr1","180589014","180589283","54","123131568"
"chr13","57634865","57635169","chrX","45563978","45564273","55","12070887"
"chr13","57639709","57640025","chr16","64742261","64742584","74","7102552"
"chr13","57812651","57812966","chr17","1355792","1356104","50","56456859"
"chr13","58097970","58098260","chr18","45502480","45502767","44","12595490"
"chr13","58141007","58141042","chr2","34931064","34931102","4","23209943"
"chr13","58228768","58229062","chr14","47989140","47989429","50","10239628"
"chr13","58240625","58240910","chr1","156644747","156645035","44","98404122"
"chr13","58278465","58278649","chr7","50710204","50710388","41","7568261"
"chr13","58622527","58622646","chr6","113318399","113318522","18","54695872"
"chr13","58660734","58661040","chrX","63118288","63118597","36","4457554"
"chr13","58745785","58746072","chr10","100369031","100369323","45","41623246"
"chr13","58951035","58951105","chr10","56479032","56479100","18","2472003"
"chr13","59175719","59176018","chr1","170771447","170771746","47","111595728"
"chr13","59356411","59356718","chr6","75230350","75230656","44","15873939"
"chr13","59498137","59498440","chr2","67197269","67197565","41","7699132"
"chr13","59566532","59566828","chr2","203225383","203225677","43","143658851"
"chr13","59587358","59587512","chr2","131596102","131596261","31","72008744"
"chr13","59587559","59587865","chr5","55380182","55380490","39","4207377"
"chr13","59601732","59601819","chr4","162630711","162630802","13","103028979"
"chr13","59622362","59622669","chr10","116445035","116445332","56","56822673"
"chr13","59624020","59624305","chr13","60759063","60759326","60","1135043"
"chr13","59660043","59660213","chr11","23813828","23813991","33","35846215"
"chr13","59673788","59674071","chrX","45941510","45941799","55","13732278"
"chr13","59676417","59676552","chr14","46487323","46487445","23","13189094"
"chr13","59684905","59685034","chr19","632725","632863","31","59052180"
"chr13","59705620","59705678","chr4","151909497","151909560","11","92203877"
"chr13","59711353","59711485","chr7","61885484","61885614","24","2174131"
"chr13","59778579","59778858","chr14","46370218","46370494","47","13408361"
"chr13","59789356","59789653","chr10","100757276","100757573","39","40967920"
"chr13","59842462","59842763","chr17","63741103","63741412","59","3898641"
"chr13","59845014","59845316","chr10","115586657","115586959","42","55741643"
"chr13","59910526","59910768","chr5","10743356","10743597","45","49167170"
"chr13","59913327","59913628","chr14","46247644","46247938","42","13665683"
"chr13","59919878","59920178","chr1","156644747","156645035","49","96724869"
"chr13","59959659","59959934","chr5","43272103","43272376","49","16687556"
"chr13","60017720","60018005","chr12","51888773","51889064","42","8128947"
"chr13","60053389","60053566","chr3","173650116","173650299","36","113596727"
"chr13","60053687","60053828","chr1","204591414","204591558","29","144537727"
"chr13","60071426","60071739","chr7","4211139","4211452","47","55860287"
"chr13","60191061","60191349","chr7","27808295","27808582","52","32382766"
"chr13","60193314","60193578","chr13","60759063","60759326","57","565749"
"chr13","60225321","60225588","chr14","45944964","45945232","41","14280357"
"chr13","60230790","60230953","chr12","23928785","23928949","27","36302005"
"chr13","60247987","60248135","chr5","31198215","31198362","27","29049772"
"chr13","60318991","60319296","chr20","38639419","38639722","54","21679572"
"chr13","60326561","60326862","chr2","203225383","203225677","64","142898822"
"chr13","60349565","60349855","chr2","147728720","147729015","51","87379155"
"chr13","60377390","60377618","chr1","200791022","200791225","72","140413632"
"chr13","60404187","60404473","chrX","121428429","121428717","48","61024242"
"chr13","60431582","60431676","chr12","58853872","58853965","24","1577710"
"chr13","60432529","60432674","chrX","22354256","22354404","29","38078273"
"chr13","60440767","60441052","chrX","40344797","40345081","51","20095970"
"chr13","60460075","60460337","chr14","18952252","18952515","49","41507823"
"chr13","60475886","60476094","chr5","82210611","82210812","39","21734725"
"chr13","60509140","60509455","chr10","14690438","14690745","48","45818702"
"chr13","60518721","60519006","chr1","116618974","116619261","44","56100253"
"chr13","60525686","60525985","chr11","22994754","22995044","46","37530932"
"chr13","60545524","60545835","chr5","77102385","77102680","62","16556861"
"chr13","60548753","60549020","chr10","129718624","129718892","46","69169871"
"chr13","60559296","60559428","chr14","45604185","45604316","14","14955111"
"chr13","60571927","60572037","chr4","137257310","137257420","22","76685383"
"chr13","60583194","60583504","chr14","45577432","45577724","59","15005762"
"chr13","60606687","60606999","chr7","70375823","70376126","51","9769136"
"chr13","60632464","60632751","chr8","65449085","65449370","44","4816621"
"chr13","60693013","60693076","chr7","50741303","50741364","10","9951710"
"chr13","60695415","60695656","chr14","45462861","45463109","48","15232554"
"chr13","60706805","60707065","chr14","45451214","45451475","38","15255591"
"chr13","60745806","60746101","chr14","45424576","45424873","44","15321230"
"chr13","60812893","60813003","chr18","4572030","4572132","19","56240863"
"chr13","60849058","60849140","chr4","144573647","144573730","13","83724589"
"chr13","60876179","60876464","chr5","80121277","80121568","53","19245098"
"chr13","60888477","60888764","chr3","19993966","19994253","53","40894511"
"chr13","60915504","60915803","chr14","83083786","83084089","50","22168282"
"chr13","60948050","60948210","chr14","1187059","1187217","28","59760991"
"chr13","60949473","60949784","chr10","94235006","94235309","45","33285533"
"chr13","60996192","60996477","chr11","113184554","113184843","49","52188362"
"chr13","61024364","61024662","chr12","82364304","82364606","46","21339940"
"chr13","61034138","61034440","chr14","76157685","76157986","42","15123547"
"chr13","61071546","61071655","chr5","61488662","61488776","28","417116"
"chr13","61080326","61080586","chr14","45083109","45083365","27","15997217"
"chr13","61111640","61111951","chr7","35515798","35516110","43","25595842"
"chr13","61131164","61131475","chr14","45030956","45031262","44","16100208"
"chr13","61177495","61177756","chr14","44978874","44979127","46","16198621"
"chr13","61187838","61188144","chr6","57780653","57780942","55","3407185"
"chr13","61251956","61252188","chr14","44897051","44897278","31","16354905"
"chr13","61269278","61269420","chr12","103682916","103683054","22","42413638"
"chr13","61270164","61270277","chr1","206246927","206247036","21","144976763"
"chr13","61306687","61306992","chr5","55380182","55380490","44","5926505"
"chr13","61321445","61321727","chr10","41485100","41485371","46","19836345"
"chr13","61458190","61458481","chr12","51652419","51652716","43","9805771"
"chr13","61545638","61545922","chr14","44584024","44584307","42","16961614"
"chr13","61654166","61654445","chr7","38119098","38119367","47","23535068"
"chr13","61841908","61842201","chr4","6895087","6895380","45","54946821"
"chr13","61843441","61843735","chr19","22056417","22056707","44","39787024"
"chr13","61887105","61887411","chr3","117540807","117541109","52","55653702"
"chr13","61947693","61947978","chr11","8590821","8591107","51","53356872"
"chr13","62068999","62069293","chr9","40725344","40725637","67","21343655"
"chr13","62079176","62079481","chr5","116663888","116664187","50","54584712"
"chr13","62093274","62093546","chr12","23771537","23771792","62","38321737"
"chr13","62106517","62106712","chr4","43457626","43457821","44","18648891"
"chr13","62398497","62398802","chr14","83083786","83084089","48","20685289"
"chr13","62433530","62433827","chr10","48321055","48321354","38","14112475"
"chr13","62471176","62471473","chr2","164878629","164878927","58","102407453"
"chr13","62473887","62474177","chr12","108797245","108797536","52","46323358"
"chr13","62475461","62475751","chr1","41686123","41686409","50","20789338"
"chr13","62607423","62607708","chr2","73704522","73704812","45","11097099"
"chr13","62609630","62609805","chr5","8719482","8719652","35","53890148"
"chr13","62686198","62686501","chr5","73075939","73076252","40","10389741"
"chr13","62732907","62733208","chr14","43196643","43196948","49","19536264"
"chr13","62822679","62822967","chr4","100165586","100165873","51","37342907"
"chr13","62846042","62846307","chr4","144715736","144716021","58","81869694"
"chr13","62901064","62901374","chr21","24152280","24152591","52","38748784"
"chr13","62916002","62916312","chr14","77613723","77614028","56","14697721"
"chr13","63007482","63007539","chrX","14862104","14862157","8","48145378"
"chr13","63189755","63190039","chr19","31366058","31366340","48","31823697"
"chr13","63338667","63338986","chr14","42579114","42579426","60","20759553"
"chr13","63371517","63371798","chr14","42536614","42536883","39","20834903"
"chr13","63461666","63461965","chr13","69044776","69045087","57","5583110"
"chr13","63616573","63616842","chrX","47790264","47790529","47","15826309"
"chr13","63662701","63663011","chr9","105072042","105072344","48","41409341"
"chr13","63673084","63673395","chr5","73075939","73076252","49","9402855"
"chr13","63773741","63774052","chrX","39183726","39184034","47","24590015"
"chr13","63982505","63982832","chr5","78565303","78565608","54","14582798"
"chr13","64016419","64016719","chrX","17705039","17705341","50","46311380"
"chr13","64054147","64054447","chr5","11662865","11663166","51","52391282"
"chr13","64111912","64112013","chr1","177053893","177053990","20","112941981"
"chr13","64177623","64177930","chr15","64739618","64739920","58","561995"
"chr13","64199003","64199128","chr7","57712853","57712983","24","6486150"
"chr13","64199947","64200133","chr18","38115757","38115943","35","26084190"
"chr13","64210865","64211163","chr7","24906412","24906703","48","39304453"
"chr13","64221964","64222257","chr19","36160683","36160975","43","28061281"
"chr13","64268412","64268723","chr18","13957780","13958085","52","50310632"
"chr13","64288072","64288364","chr8","108273322","108273614","40","43985250"
"chr13","64371279","64371514","chr1","144624642","144624877","45","80253363"
"chr13","64440943","64441234","chr14","41444330","41444615","40","22996613"
"chr13","64562639","64562955","chr1","191749137","191749448","54","127186498"
"chr13","64569021","64569153","chr2","34650368","34650508","22","29918653"
"chr13","64644249","64644551","chr6","117332912","117333211","48","52688663"
"chr13","64656994","64657282","chr14","41234190","41234478","35","23422804"
"chr13","64695732","64695928","chr6","149437614","149437811","40","84741882"
"chr13","65069465","65069765","chr12","94624697","94624994","45","29555232"
"chr13","65162877","65162948","chr2","6648559","6648630","8","58514318"
"chr13","65182066","65182357","chr14","40681044","40681341","49","24501022"
"chr13","65379803","65379971","chr2","142034987","142035151","30","76655184"
"chr13","65455915","65456212","chrX","14757652","14757955","40","50698263"
"chr13","65809958","65810243","chr3","152858583","152858869","42","87048625"
"chr13","66165701","66165985","chr14","39716669","39716967","50","26449032"
"chr13","66303284","66303624","chr14","39571706","39572018","79","26731578"
"chr13","66316651","66316959","chr14","39553581","39553893","40","26763070"
"chr13","66801484","66801758","chr5","87015109","87015369","57","20213625"
"chr13","66864996","66865313","chrX","10624721","10625025","64","56240275"
"chr13","66948408","66948688","chr14","38919502","38919773","57","28028906"
"chr13","66954386","66954688","chr14","38913874","38914177","52","28040512"
"chr13","67049030","67049205","chr22","46430689","46430855","39","20618341"
"chr13","67059705","67059998","chr5","139889919","139890213","53","72830214"
"chr13","67077203","67077505","chr11","122686903","122687200","44","55609700"
"chr13","67125100","67125386","chr14","38742426","38742719","42","28382674"
"chr13","67248084","67248404","chrX","38848777","38849093","66","28399307"
"chr13","67395820","67395944","chr14","38494088","38494212","12","28901732"
"chr13","67410778","67411075","chr22","41521291","41521592","45","25889487"
"chr13","67943743","67944038","chr12","51888773","51889064","45","16054970"
"chr13","68017586","68017883","chr1","150781467","150781765","59","82763881"
"chr13","68102253","68102548","chr5","71686578","71686874","46","3584325"
"chr13","68171429","68171723","chr14","37645060","37645343","53","30526369"
"chr13","68203985","68204295","chr9","91473040","91473349","49","23269055"
"chr13","68252533","68252830","chr4","38367185","38367480","51","29885348"
"chr13","68286155","68286463","chrX","45698425","45698727","57","22587730"
"chr13","68298439","68298747","chr6","157953621","157953924","49","89655182"
"chr13","68302362","68302658","chrX","46819628","46819925","51","21482734"
"chr13","68320845","68321138","chr11","374305","374598","52","67946540"
"chr13","68436669","68436965","chr12","16212093","16212391","40","52224576"
"chr13","68555163","68555463","chr20","12735517","12735818","61","55819646"
"chr13","68569359","68569645","chrY","609280","609564","46","67960079"
"chr13","68571308","68571488","chr18","10426120","10426297","39","58145188"
"chr13","68597270","68597578","chr1","166036321","166036626","48","97439051"
"chr13","68688029","68688323","chr8","65769668","65769964","44","2918361"
"chr13","68753517","68753824","chr9","101210178","101210488","46","32456661"
"chr13","68775990","68776046","chr7","54819198","54819253","4","13956792"
"chr13","68829640","68829938","chr2","17996148","17996446","41","50833492"
"chr13","68878260","68878527","chr2","9703446","9703704","54","59174814"
"chr13","68938432","68938597","chr3","20834747","20834911","24","48103685"
"chr13","68961901","68962123","chr1","17218029","17218233","57","51743872"
"chr13","68982245","68982529","chr4","158481330","158481605","67","89499085"
"chr13","68995552","68995856","chr15","5568050","5568355","50","63427502"
"chr13","69040574","69040874","chr7","66759838","66760136","43","2280736"
"chr13","69063182","69063371","chr8","816753","816942","37","68246429"
"chr13","69091190","69091334","chrX","90794543","90794687","20","21703353"
"chr13","69101816","69102091","chr14","36706464","36706736","43","32395352"
"chr13","69104672","69104937","chr14","36704307","36704571","37","32400365"
"chr13","69107352","69107483","chr9","44740587","44740719","20","24366765"
"chr13","69118087","69118325","chr16","64941263","64941507","43","4176824"
"chr13","69119338","69119617","chr14","36688582","36688872","44","32430756"
"chr13","69124542","69124591","chr12","56000792","56000839","8","13123750"
"chr13","69131463","69131712","chr8","93750596","93750840","47","24619133"
"chr13","69131717","69132022","chr21","40121398","40121697","55","29010319"
"chr13","69134315","69134618","chr13","95836072","95836367","43","26701757"
"chr13","69165323","69165639","chr16","96434332","96434644","66","27269009"
"chr13","69225158","69225459","chr19","13206354","13206649","54","56018804"
"chr13","69228443","69228747","chr4","107983039","107983336","52","38754596"
"chr13","69241750","69242069","chr8","114553260","114553568","58","45311510"
"chr13","69253673","69253970","chr7","85080523","85080815","50","15826850"
"chr13","69255885","69256179","chr11","19304678","19304978","46","49951207"
"chr13","69264545","69264600","chr8","93995466","93995521","7","24730921"
"chr13","69295140","69295426","chr14","18637585","18637873","42","50657555"
"chr13","69298732","69299047","chr14","36514487","36514793","56","32784245"
"chr13","69331489","69331773","chr1","168926697","168926979","46","99595208"
"chr13","69355584","69355688","chr1","140179643","140179749","19","70824059"
"chr13","69392559","69392852","chr14","36405140","36405432","40","32987419"
"chr13","69459416","69459698","chr7","155162191","155162474","53","85702775"
"chr13","69531825","69532126","chr2","17996148","17996446","48","51535677"
"chr13","69546622","69546891","chr6","132408951","132409222","45","62862329"
"chr13","69685179","69685492","chr11","117354372","117354663","62","47669193"
"chr13","69710440","69710734","chr1","155477964","155478248","57","85767524"
"chr13","69720545","69720836","chr7","70258474","70258767","55","537929"
"chr13","69752467","69752764","chr3","71082107","71082409","52","1329640"
"chr13","69975321","69975647","chr14","35812157","35812463","57","34163164"
"chr13","69991812","69991995","chr12","56708253","56708433","28","13283559"
"chr13","70063494","70063815","chr13","29011466","29011786","45","41052028"
"chr13","70107272","70107579","chrX","96202007","96202315","51","26094735"
"chr13","70108175","70108483","chr16","59793484","59793789","47","10314691"
"chr13","70173535","70173825","chr6","119011301","119011592","52","48837766"
"chr13","70209216","70209504","chr14","35603139","35603423","31","34606077"
"chr13","70228712","70229011","chr1","185696435","185696730","42","115467723"
"chr13","70293313","70293601","chrX","117955769","117956070","52","47662456"
"chr13","70307337","70307457","chr9","45333174","45333299","24","24974163"
"chr13","70338077","70338330","chr9","114704790","114705040","47","44366713"
"chr13","70372281","70372568","chr4","835938","836223","47","69536343"
"chr13","70386029","70386132","chr19","45003716","45003815","16","25382313"
"chr13","70435601","70435891","chr12","113800907","113801197","49","43365306"
"chr13","70818131","70818190","chr9","35998861","35998921","6","34819270"
"chr13","70907020","70907330","chr5","73075939","73076252","51","2168919"
"chr13","70961565","70961871","chrX","117763468","117763772","47","46801903"
"chr13","70987840","70987894","chr18","41967662","41967715","8","29020178"
"chr13","70997926","70998206","chr5","119334106","119334386","37","48336180"
"chr13","71166253","71166562","chr14","34569805","34570112","45","36596448"
"chr13","71252954","71253260","chr19","27619331","27619631","52","43633623"
"chr13","71281145","71281433","chr12","106749211","106749501","63","35468066"
"chr13","71293342","71293647","chr4","15678129","15678430","50","55615213"
"chr13","71393132","71393416","chr14","34342000","34342294","45","37051132"
"chr13","71523773","71524075","chrX","96202007","96202315","49","24678234"
"chr13","71524704","71525043","chr2","47285070","47285420","70","24239634"
"chr13","71554248","71554549","chr14","34143068","34143363","40","37411180"
"chr13","71571655","71571956","chr2","36478057","36478360","47","35093598"
"chr13","71606629","71606906","chr4","43398079","43398355","54","28208550"
"chr13","71642281","71642584","chr14","34085832","34086140","42","37556449"
"chr13","71649116","71649420","chr3","173712450","173712748","55","102063334"
"chr13","71655529","71655841","chr14","31636637","31636929","71","40018892"
"chr13","71664926","71665114","chr14","34046246","34046434","17","37618680"
"chr13","71723057","71723332","chr9","108470235","108470512","49","36747178"
"chr13","71738366","71738649","chr9","14608989","14609266","61","57129377"
"chr13","71788667","71788969","chr9","108638571","108638873","50","36849904"
"chr13","71803788","71803895","chrX","50889194","50889301","18","20914594"
"chr13","71940482","71940788","chr14","83083786","83084089","49","11143304"
"chr13","71960579","71960855","chr2","151333028","151333320","48","79372449"
"chr13","71988152","71988453","chr2","146982644","146982948","46","74994492"
"chr13","71990780","71991076","chr9","91913169","91913469","43","19922389"
"chr13","72030281","72030572","chr5","80121277","80121568","42","8090996"
"chr13","72055020","72055319","chr20","4148041","4148338","57","67906979"
"chr13","72083652","72083963","chr8","123373167","123373474","49","51289515"
"chr13","72115962","72116282","chr2","71331505","71331809","65","784457"
"chr13","72118174","72118415","chr14","33575222","33575453","45","38542952"
"chr13","72151020","72151324","chr2","17996148","17996446","54","54154872"
"chr13","72223142","72223259","chr14","33470659","33470775","13","38752483"
"chr13","72330305","72330588","chr14","33353592","33353880","41","38976713"
"chr13","72341756","72342052","chr9","91913169","91913469","47","19571413"
"chr13","72343185","72343483","chr13","97504784","97505088","53","25161599"
"chr13","72425224","72425430","chr7","65680750","65680954","38","6744474"
"chr13","72595474","72595739","chr14","33067328","33067588","38","39528146"
"chr13","72620494","72620789","chr4","38367185","38367480","43","34253309"
"chr13","72660902","72661201","chr5","116663888","116664187","51","44002986"
"chr13","72772065","72772357","chrX","22871560","22871854","46","49900505"
"chr13","72788915","72789213","chr14","32919793","32920077","50","39869122"
"chr13","72798697","72798993","chr3","137448346","137448639","45","64649649"
"chr13","72818829","72818907","chr2","6648559","6648630","16","66170270"
"chr13","72825841","72826139","chr5","42611802","42612098","59","30214039"
"chr13","72866007","72866064","chr7","31775082","31775137","7","41090925"
"chr13","72930296","72930337","chr7","47677882","47677921","6","25252414"
"chr13","72940336","72940634","chr1","77745311","77745604","44","4804975"
"chr13","73014670","73014937","chr22","35375481","35375753","53","37639189"
"chr13","73022040","73022334","chr4","31195106","31195401","47","41826934"
"chr13","73024709","73025000","chrX","46680136","46680417","51","26344573"
"chr13","73039049","73039169","chr16","64504902","64505020","19","8534147"
"chr13","73040955","73041174","chr16","74362328","74362540","32","1321373"
"chr13","73067737","73068030","chr4","38367185","38367480","53","34700552"
"chr13","73098899","73099044","chr14","32609409","32609557","23","40489490"
"chr13","73100299","73100566","chr9","58102610","58102877","44","14997689"
"chr13","73115478","73115753","chr8","6469512","6469784","46","66645966"
"chr13","73152480","73152781","chr1","155940458","155940757","49","82787978"
"chr13","73171861","73172157","chr7","80671846","80672145","45","7499985"
"chr13","73178597","73178870","chr4","106702443","106702725","50","33523846"
"chr13","73200155","73200466","chr14","32505492","32505794","54","40694663"
"chr13","73208389","73208690","chr14","32497253","32497554","44","40711136"
"chr13","73244203","73244499","chr14","32462194","32462479","42","40782009"
"chr13","73264719","73264999","chr5","80121277","80121568","51","6856558"
"chr13","73316084","73316367","chr12","107125942","107126232","42","33809858"
"chr13","73353342","73353667","chr22","24222761","24223086","49","49130581"
"chr13","73438706","73438991","chr14","32265687","32265969","44","41173019"
"chr13","73458986","73459301","chr5","55380182","55380490","56","18078804"
"chr13","73570043","73570344","chr6","121802757","121803058","44","48232714"
"chr13","73608962","73609268","chrUn_GL286217","143262","143564","52","73465700"
"chr13","73803674","73803922","chr5","148012618","148012860","44","74208944"
"chr13","73832673","73832965","chr2","146982644","146982948","59","73149971"
"chr13","74162067","74162379","chr14","31585846","31586142","54","42576221"
"chr13","74341711","74342013","chr2","63180548","63180847","43","11161163"
"chr13","74449133","74449437","chr14","31286245","31286552","39","43162888"
"chr13","74562122","74562417","chr1","41686123","41686409","49","32875999"
"chr13","74562985","74563294","chr7","70375823","70376126","55","4187162"
"chr13","74565698","74566009","chr5","84579370","84579672","64","10013672"
"chr13","74606179","74606492","chr11","28125301","28125613","47","46480878"
"chr13","74626988","74627307","chr16","90197047","90197353","56","15570059"
"chr13","74982655","74982954","chr21","49460008","49460303","52","25522647"
"chr13","75005701","75005926","chr10","58355367","58355583","41","16650334"
"chr13","75293809","75294060","chr5","123814840","123815090","53","48521031"
"chr13","75299205","75299497","chr14","30499702","30499992","55","44799503"
"chr13","75372177","75372479","chr6","149746694","149746991","45","74374517"
"chr13","75450064","75450333","chr5","107761416","107761690","59","32311352"
"chr13","75569916","75570217","chr2","161510671","161510977","52","85940755"
"chr13","75643207","75643510","chr4","139259106","139259407","52","63615899"
"chr13","75784739","75784976","chr14","30044354","30044597","47","45740385"
"chr13","75857189","75857499","chr7","41193007","41193318","63","34664182"
"chr13","76037627","76037924","chr14","5463108","5463405","48","70574519"
"chr13","76140992","76141296","chr11","120961220","120961524","50","44820228"
"chr13","76255220","76255528","chr10","21024965","21025274","61","55230255"
"chr13","76528292","76528585","chr5","93075725","93076019","55","16547433"
"chr13","76562551","76562848","chr14","82580666","82580964","52","6018115"
"chr13","76742040","76742335","chr7","66042324","66042608","65","10699716"
"chr13","76859424","76859665","chr18","23861838","23862090","59","52997586"
"chr13","77132854","77133156","chr2","67761157","67761454","65","9371697"
"chr13","77420494","77420614","chr10","88477171","88477289","23","11056677"
"chr13","77764998","77765299","chr11","116346925","116347227","66","38581927"
"chr13","78353845","78354140","chr14","27187854","27188154","43","51165991"
"chr13","78385435","78385695","chr14","45083109","45083365","51","33302326"
"chr13","78640949","78641018","chrX","90568267","90568341","16","11927318"
"chr13","78732705","78733007","chr13","8793439","8793726","61","69939266"
"chr13","79313687","79313993","chr14","26211976","26212270","50","53101711"
"chr13","79387665","79387961","chr14","26130812","26131096","43","53256853"
"chr13","79681615","79681905","chr7","25925292","25925587","43","53756323"
"chr13","79790444","79790695","chr13","49797727","49797974","45","29992717"
"chr13","79811270","79811382","chr19","11780816","11780932","27","68030454"
"chr13","79896523","79896804","chr14","25615648","25615929","25","54280875"
"chr13","80357327","80357631","chr7","74579378","74579682","60","5777949"
"chr13","80398002","80398258","chr18","23861838","23862090","58","56536164"
"chr13","80473628","80473937","chr11","66635820","66636129","50","13837808"
"chr13","80602777","80603067","chr14","24921104","24921394","47","55681673"
"chr13","80768834","80769008","chr14","24765808","24765978","38","56003026"
"chr13","80840049","80840141","chr4","110642008","110642097","10","29801959"
"chr13","81066502","81066776","chr5","136509827","136510109","66","55443325"
"chr13","81271507","81271800","chrX","111773459","111773758","58","30501952"
"chr13","81674529","81674651","chr3","139161161","139161276","22","57486632"
"chr13","81897383","81897683","chr19","31168814","31169108","61","50728569"
"chr13","81905874","81906137","chr6","148627180","148627440","56","66721306"
"chr13","81951389","81951678","chr11","77965713","77965999","63","3985676"
"chr13","81956788","81956916","chr14","23497210","23497341","24","58459578"
"chr13","81972260","81972334","chr10","20917469","20917551","15","61054791"
"chr13","82149547","82149853","chr2","147728720","147729015","63","65579173"
"chr13","82412613","82412685","chr4","134250688","134250758","10","51838075"
"chr13","82633994","82634285","chr14","24648085","24648378","37","57985909"
"chr13","82777953","82778236","chr3","152858583","152858869","48","70080630"
"chr13","82932644","82932948","chr7","24906412","24906703","54","58026232"
"chr13","83497927","83498224","chr7","85080523","85080815","53","1582596"
"chr13","83611339","83611648","chr8","106549657","106549965","46","22938318"
"chr13","83653852","83653982","chr2","8435393","8435522","23","75218459"
"chr13","83781415","83781695","chr10","129461024","129461308","54","45679609"
"chr13","83933780","83933973","chr5","84137563","84137750","29","203783"
"chr13","83990226","83990521","chr2","1572464","1572757","41","82417762"
"chr13","84032674","84032941","chr21","43222822","43223088","49","40809852"
"chr13","84037948","84038194","chr1","173268414","173268666","59","89230466"
"chr13","84076223","84076275","chrX","16613337","16613389","7","67462886"
"chr13","84079685","84079979","chr1","77745311","77745604","36","6334374"
"chr13","84095084","84095345","chr7","32426442","32426720","62","51668642"
"chr13","84102325","84102625","chr2","150624041","150624344","48","66521716"
"chr13","84123812","84123920","chr1","206246927","206247036","15","122123115"
"chr13","84188168","84188248","chr5","102501106","102501184","9","18312938"
"chr13","84231994","84232296","chr1","170771447","170771746","54","86539453"
"chr13","84234201","84234493","chr14","21076578","21076875","36","63157623"
"chr13","84258274","84258551","chr1","116618974","116619261","51","32360700"
"chr13","84265573","84265882","chr14","21049972","21050262","49","63215601"
"chr13","84295614","84295908","chr21","35283943","35284237","46","49011671"
"chr13","84372919","84373039","chr3","80019144","80019262","22","4353775"
"chr13","84409611","84409869","chr3","173064199","173064453","48","88654588"
"chr13","84597613","84597854","chr3","182152241","182152490","44","97554628"
"chr13","84661695","84661861","chr17","33787259","33787427","26","50874436"
"chr13","84700506","84700800","chr14","20573595","20573903","40","64126911"
"chr13","84712456","84712777","chr5","73075939","73076252","54","11636517"
"chr13","84731033","84731171","chr3","124184393","124184530","23","39453360"
"chr13","84760427","84760514","chr9","66763072","66763159","13","17997355"
"chr13","84771807","84772100","chr18","38605998","38606288","38","46165809"
"chr13","84809101","84809399","chr13","95836072","95836367","49","11026971"
"chr13","84842998","84843293","chr10","100757276","100757573","45","15914278"
"chr13","84843998","84844284","chr10","100408257","100408540","55","15564259"
"chr13","84849479","84849801","chr2","11077390","11077699","65","73772089"
"chr13","84897039","84897330","chr14","20370895","20371185","39","64526144"
"chr13","84899552","84899857","chr12","16529738","16530045","51","68369814"
"chr13","84902471","84902776","chr2","71331505","71331809","47","13570966"
"chr13","84932134","84932419","chrX","29498667","29498948","64","55433467"
"chr13","85051478","85051771","chr9","46088121","46088411","45","38963357"
"chr13","85067741","85068045","chr7","67355562","67355869","48","17712179"
"chr13","85107993","85108279","chr1","186610138","186610422","42","101502145"
"chr13","85112222","85112526","chr14","20149921","20150227","49","64962301"
"chr13","85131213","85131411","chr5","43675787","43675981","31","41455426"
"chr13","85204959","85205261","chr14","20042228","20042538","47","65162731"
"chr13","85347196","85347438","chr5","51291747","51291989","41","34055449"
"chr13","85358632","85358902","chr14","19875465","19875740","37","65483167"
"chr13","85380938","85381229","chr4","98746325","98746622","51","13365387"
"chr13","85761081","85761399","chr15","32495325","32495639","55","53265756"
"chr13","85784207","85784503","chr14","19773006","19773309","45","66011201"
"chr13","85862159","85862479","chr14","19695842","19696158","38","66166317"
"chr13","85866143","85866444","chrUn_GL286217","143262","143564","46","85722881"
"chr13","85891890","85892177","chr14","19666654","19666929","46","66225236"
"chr13","85908580","85908879","chr16","71570137","71570438","44","14338443"
"chr13","85976457","85976762","chr14","19586357","19586654","45","66390100"
"chr13","85998177","85998480","chr9","45325979","45326278","40","40672198"
"chr13","85999871","86000000","chr7","102968404","102968532","19","16968533"
"chr13","86233463","86233775","chr14","19347312","19347637","51","66886151"
"chr13","86254339","86254394","chr4","80755769","80755825","9","5498570"
"chr13","86295111","86295412","chr5","55380182","55380490","52","30914929"
"chr13","86319166","86319473","chr14","19256539","19256836","40","67062627"
"chr13","86341764","86342053","chr3","117540807","117541109","59","31199043"
"chr13","86362459","86362556","chr16","94141230","94141322","14","7778771"
"chr13","86424227","86424520","chr7","155162191","155162474","67","68737964"
"chr13","86506688","86506931","chr6","47461068","47461287","68","39045620"
"chr13","86516729","86516848","chr7","106127868","106128002","27","19611139"
"chr13","86517380","86517538","chr9","40994459","40994619","25","45522921"
"chr13","86548377","86548464","chr5","72615428","72615510","8","13932949"
"chr13","86557572","86557805","chr11","111160144","111160365","54","24602572"
"chr13","86564934","86565254","chr10","21024965","21025274","55","65539969"
"chr13","86576042","86576324","chr3","164929173","164929450","52","78353131"
"chr13","86576742","86577059","chr14","19003997","19004281","65","67572745"
"chr13","86628016","86628311","chr1","204671440","204671734","50","118043424"
"chr13","86632809","86633096","chr7","85080523","85080815","50","1552286"
"chr13","86657374","86657686","chr14","18930043","18930372","61","67727331"
"chr13","87050668","87050960","chr14","18635890","18636191","51","68414778"
"chr13","87119485","87119771","chr12","50833600","50833885","56","36285885"
"chr13","87235340","87235644","chr15","71322961","71323259","59","15912379"
"chr13","87492197","87492488","chr10","88341519","88341814","60","849322"
"chr13","87673761","87673876","chr3","72030386","72030497","24","15643375"
"chr13","87924810","87925040","chr10","27834176","27834398","39","60090634"
"chr13","88097051","88097339","chrX","57514461","57514749","55","30582590"
"chr13","88174918","88175217","chr5","154074547","154074842","54","65899629"
"chr13","88190082","88190367","chr14","633400","633688","42","87556682"
"chr13","88194113","88194354","chr6","135489679","135489918","55","47295566"
"chr13","88219498","88219662","chr14","677233","677408","25","87542265"
"chr13","88245443","88245723","chr1","135912675","135912962","59","47667232"
"chr13","88318361","88318433","chr1","204879632","204879704","10","116561271"
"chr13","88322267","88322487","chr3","165593859","165594079","36","77271592"
"chr13","88348553","88348814","chr1","181284860","181285114","43","92936307"
"chr13","88359637","88359923","chr2","47381389","47381672","48","40978248"
"chr13","88395254","88395554","chr2","147728720","147729015","50","59333466"
"chr13","88453924","88454227","chr2","36478057","36478360","52","51975867"
"chr13","88509368","88509673","chr5","139889919","139890213","52","51380551"
"chr13","88594232","88594544","chr14","60249507","60249808","52","28344725"
"chr13","88630534","88630828","chr14","1282351","1282643","39","87348183"
"chr13","88699630","88699929","chrX","17705039","17705341","57","70994591"
"chr13","88852487","88852578","chr17","32764496","32764590","9","56087991"
"chr13","88901293","88901427","chr13","89519003","89519127","24","617710"
"chr13","88989790","88990071","chr11","122186613","122186891","49","33196823"
"chr13","89174336","89174638","chr8","110664569","110664867","47","21490233"
"chr13","89258638","89258740","chr12","101629664","101629768","18","12371026"
"chr13","89513381","89513685","chr2","63180548","63180847","44","26332833"
"chr13","89633134","89633422","chr7","24446538","24446828","46","65186596"
"chr13","89673073","89673359","chrX","107658888","107659173","47","17985815"
"chr13","89794930","89795205","chr1","155477964","155478248","54","65683034"
"chr13","89986031","89986238","chr14","2794925","2795146","34","87191106"
"chr13","90063988","90064292","chr16","6809919","6810217","52","83254069"
"chr13","90095506","90095669","chr10","45140475","45140639","31","44955031"
"chr13","90106614","90106923","chr5","55380182","55380490","54","34726432"
"chr13","90156160","90156294","chr9","59190391","59190517","16","30965769"
"chr13","90233810","90234108","chr14","3051164","3051453","39","87182646"
"chr13","90296606","90296909","chr2","203225383","203225677","53","112928777"
"chr13","90403601","90403886","chr5","80121277","80121568","55","10282324"
"chr13","90411051","90411128","chrX","103654148","103654226","13","13243097"
"chr13","90480164","90480463","chr7","70375823","70376126","45","20104341"
"chr13","90487650","90487926","chr1","186610138","186610422","45","96122488"
"chr13","90517120","90517430","chr2","52057155","52057458","54","38459965"
"chr13","90534591","90534897","chr5","73075939","73076252","50","17458652"
"chr13","90676896","90677180","chr14","3453119","3453403","41","87223777"
"chr13","90713120","90713407","chr1","186610138","186610422","51","95897018"
"chr13","90741703","90741975","chr11","64170951","64171225","52","26570752"
"chr13","90748556","90748803","chr8","64511345","64511595","59","26237211"
"chr13","90771034","90771331","chr12","20230563","20230858","51","70540471"
"chr13","90814438","90814754","chr7","92221825","92222134","52","1407387"
"chr13","90854693","90854994","chr4","117242642","117242941","51","26387949"
"chr13","90890711","90891009","chr7","97706424","97706716","56","6815713"
"chr13","90901869","90901930","chr7","71879017","71879077","7","19022852"
"chr13","90902058","90902236","chr11","66947844","66948021","34","23954214"
"chr13","90913373","90913668","chr1","135371826","135372122","51","44458453"
"chr13","90918861","90919152","chr19","11821768","11822062","39","79097093"
"chr13","90940397","90940691","chr1","205067846","205068133","51","114127449"
"chr13","90946439","90946608","chr4","24635839","24636012","27","66310600"
"chr13","90955875","90956037","chr9","36057756","36057915","29","54898119"
"chr13","91130390","91130672","chr14","3890232","3890515","31","87240158"
"chr13","91413887","91414170","chr11","115294455","115294737","43","23880568"
"chr13","91559837","91560166","chr4","132055862","132056190","59","40496025"
"chr13","91708434","91708732","chr2","66989134","66989436","52","24719300"
"chr13","91743952","91744238","chr4","155605212","155605495","45","63861260"
"chr13","91825244","91825538","chr2","9038123","9038416","42","82787121"
"chr13","91836277","91836582","chr14","4729783","4730090","48","87106494"
"chr13","91891312","91891610","chr5","74833855","74834146","53","17057457"
"chr13","92200462","92200717","chr5","887049","887297","43","91313413"
"chr13","92241127","92241424","chr20","22335437","22335736","49","69905690"
"chr13","92299459","92299769","chr12","105081170","105081479","44","12781711"
"chr13","92312023","92312310","chr15","32806015","32806308","57","59506008"
"chr13","92325144","92325443","chr3","71082107","71082409","45","21243037"
"chr13","92333807","92334117","chr10","80449759","80450058","59","11884048"
"chr13","92416714","92416963","chr4","151631255","151631503","44","59214541"
"chr13","92427829","92428117","chr2","8717285","8717578","55","83710544"
"chr13","92476847","92477153","chr7","70375823","70376126","52","22101024"
"chr13","92478056","92478351","chr1","201346514","201346805","43","108868458"
"chr13","92517412","92517709","chr22","35858140","35858429","58","56659272"
"chr13","92599281","92599537","chr3","65631509","65631761","48","26967772"
"chr13","92625912","92626134","chr1","199541886","199542107","24","106915974"
"chr13","92636432","92636597","chr14","5644674","5644837","16","86991758"
"chr13","92643223","92643503","chr14","5651521","5651802","39","86991702"
"chr13","92665236","92665526","chr14","80898912","80899197","46","11766324"
"chr13","92675786","92676080","chrX","85991242","85991544","65","6684544"
"chr13","92678266","92678345","chr12","29017387","29017457","21","63660879"
"chr13","92681753","92682046","chr14","5690968","5691260","50","86990785"
"chr13","92687295","92687550","chr8","8084951","8085209","55","84602344"
"chr13","92693863","92694148","chr2","7463912","7464201","55","85229951"
"chr13","92715370","92715646","chr14","5716548","5716831","50","86998822"
"chr13","92727487","92727775","chr14","5736689","5736969","43","86990798"
"chr13","92842364","92842493","chr14","5853343","5853474","25","86989021"
"chr13","92857433","92857738","chr6","75230350","75230656","49","17627083"
"chr13","92895472","92895774","chr18","32076394","32076707","54","60819078"
"chr13","92947199","92947476","chr5","23713764","23714043","52","69233435"
"chr13","93015511","93015818","chr1","174789033","174789330","64","81773522"
"chr13","93028308","93028601","chrX","16102878","16103172","47","76925430"
"chr13","93049516","93049826","chr2","148496678","148496985","47","55447162"
"chr13","93063683","93063965","chr3","182152241","182152490","79","89088558"
"chr13","93083098","93083201","chr21","30225891","30225991","15","62857207"
"chr13","93256499","93256775","chr11","66458205","66458480","66","26798294"
"chr13","93313944","93314016","chr4","41182827","41182899","7","52131117"
"chr13","93414011","93414243","chrX","44437368","44437597","45","48976643"
"chr13","93526513","93526800","chr19","22056417","22056707","49","71470096"
"chr13","93664095","93664309","chr5","23263349","23263565","33","70400746"
"chr13","93687748","93688041","chr1","110260245","110260541","46","16572497"
"chr13","93839143","93839463","chr6","84779987","84780288","62","9059156"
"chr13","93922505","93922810","chr5","55380182","55380490","48","38542323"
"chr13","94021459","94021765","chr14","7250811","7251104","42","86770648"
"chr13","94034955","94035265","chr2","146982644","146982948","43","52947689"
"chr13","94213167","94213440","chr14","7445913","7446200","56","86767254"
"chr13","94280632","94280880","chr14","7514493","7514735","46","86766139"
"chr13","94316817","94317104","chr3","19993966","19994253","48","74322851"
"chr13","94911334","94911630","chr22","32335495","32335787","57","62575839"
"chr13","95177624","95177755","chr13","43433121","43433253","16","51744503"
"chr13","95227782","95228081","chr7","79083385","79083683","57","16144397"
"chr13","95436424","95436726","chr14","8666588","8666883","46","86769836"
"chr13","95470343","95470638","chr10","7410350","7410658","52","88059993"
"chr13","96049498","96049793","chr5","116663888","116664187","43","20614390"
"chr13","96089421","96089718","chr2","17996148","17996446","48","78093273"
"chr13","96557481","96557761","chr14","71196831","71197109","41","25360650"
"chr13","96707917","96708218","chr9","25525997","25526295","43","71181920"
"chr13","96709852","96710158","chr7","117448571","117448870","47","20738719"
"chr13","96739452","96739733","chr5","61025909","61026199","45","35713543"
"chr13","96825305","96825625","chr4","132055862","132056190","61","35230557"
"chr13","96845179","96845487","chr9","122689798","122690105","50","25844619"
"chr13","96997020","96997304","chr7","57536648","57536939","69","39460372"
"chr13","97014586","97014878","chr5","45557348","45557644","53","51457238"
"chr13","97022422","97022585","chr20","3785470","3785644","31","93236952"
"chr13","97062815","97062970","chr3","165500902","165501056","26","68438087"
"chr13","97218986","97219287","chr4","139259106","139259407","40","42040120"
"chr13","97245254","97245554","chr4","98746325","98746622","49","1501071"
"chr13","97260929","97261094","chr9","4827409","4827575","35","92433520"
"chr13","97325422","97325704","chr6","119011301","119011592","47","21685879"
"chr13","97331043","97331352","chr17","9171207","9171505","57","88159836"
"chr13","97354521","97354825","chr5","83138079","83138381","41","14216442"
"chr13","97551150","97551249","chr17","32764496","32764590","13","64786654"
"chr13","97735311","97735618","chr14","2389340","2389653","48","95345971"
"chr13","97893912","97893984","chr2","6648559","6648630","8","91245353"
"chr13","97903345","97903624","chr16","49225932","49226206","52","48677413"
"chr13","97905151","97905430","chr16","49225932","49226206","52","48679219"
"chr13","98080884","98081016","chr14","11595300","11595431","27","86485584"
"chr13","98101694","98102004","chrX","64172412","64172721","42","33929282"
"chr13","98230644","98230952","chr21","49806208","49806506","49","48424436"
"chr13","98276398","98276727","chr15","37932298","37932608","66","60344100"
"chr13","98328909","98329176","chr14","11867574","11867859","53","86461335"
"chr13","98862093","98862187","chr12","55355179","55355274","15","43506914"
"chr13","98935712","98936017","chr6","48814191","48814491","50","50121521"
"chr13","99165876","99166184","chr4","108266511","108266818","52","9100635"
"chr13","99626896","99627185","chr8","38105332","38105618","49","61521564"
"chr13","99671477","99671556","chrX","82478649","82478729","15","17192828"
"chr13","99697024","99697282","chr14","13251469","13251720","36","86445555"
"chr13","99742560","99742865","chr5","11540307","11540609","55","88202253"
"chr13","99835152","99835438","chr4","2783025","2783308","51","97052127"
"chr13","99914456","99914610","chr9","113205770","113205926","29","13291314"
"chr13","99915032","99915167","chr6","134728957","134729091","15","34813925"
"chr13","99915761","99915793","chrX","20296370","20296399","13","79619391"
"chr13","99915794","99916073","chr2","33495117","33495388","50","66420677"
"chr13","99920008","99920317","chr5","114223635","114223941","50","14303627"
"chr13","99934003","99934290","chr5","94744931","94745213","55","5189072"
"chr13","99935625","99935906","chr14","13503786","13504068","43","86431839"
"chr13","99975400","99975544","chr7","10811943","10812091","31","89163457"
"chr13","100051251","100051533","chrUn_GL286420","850008","850291","48","99201243"
"chr13","100052872","100053172","chr16","68590079","68590370","51","31462793"
"chr13","100442656","100442963","chr9","101210178","101210488","51","767522"
"chr13","100584846","100585150","chr14","14161239","14161552","48","86423607"
"chr13","100643186","100643507","chr2","1679121","1679426","60","98964065"
"chr13","100713820","100714131","chr12","100817634","100817942","45","103814"
"chr13","100742801","100742886","chr10","28810307","28810393","14","71932494"
"chr13","100744305","100744540","chr22","9957768","9958001","42","90786537"
"chr13","100757421","100757720","chr2","17996148","17996446","49","82761273"
"chr13","100799289","100799575","chr10","17715391","17715677","52","83083898"
"chr13","100806058","100806369","chr20","35139455","35139759","56","65666603"
"chr13","100808385","100808691","chr1","170771447","170771746","52","69963062"
"chr13","100808975","100809291","chr9","40113351","40113661","55","60695624"
"chr13","100838413","100838708","chr9","25525997","25526295","45","75312416"
"chr13","100956751","100957045","chr14","84123394","84123684","54","16833357"
"chr13","100965014","100965065","chr4","44844890","44844942","6","56120124"
"chr13","100968090","100968373","chr13","103596402","103596684","52","2628312"
"chr13","101017337","101017639","chr2","63180548","63180847","45","37836789"
"chr13","101354652","101354948","chr10","78893688","78893978","44","22460964"
"chr13","101577039","101577291","chr12","23771537","23771792","47","77805502"
"chr13","101615836","101616117","chr14","15372788","15373067","35","86243048"
"chr13","101643787","101644083","chr1","174098167","174098463","49","72454380"
"chr13","101776807","101777106","chr5","136059619","136059920","43","34282812"
"chr13","101781852","101782146","chr2","147728720","147729015","48","45946868"
"chr13","101869892","101870206","chr1","141254322","141254631","56","39384430"
"chr13","101876411","101876709","chr14","15638572","15638868","38","86237839"
"chr13","101980686","101980991","chr2","66989134","66989436","53","34991552"
"chr13","102012854","102013058","chr14","15780147","15780351","25","86232707"
"chr13","102235403","102235704","chr6","70367906","70368206","45","31867497"
"chr13","102615822","102616114","chr12","79497897","79498186","42","23117925"
"chr13","102715945","102716233","chr17","17917209","17917497","48","84798736"
"chr13","102733075","102733272","chr14","83465050","83465243","37","19268025"
"chr13","102769269","102769375","chr1","172859768","172859871","16","70090499"
"chr13","102775717","102775810","chr5","1759512","1759601","12","101016205"
"chr13","102781626","102781838","chr2","164877080","164877295","37","62095454"
"chr13","102863176","102863466","chr14","16751528","16751815","33","86111648"
"chr13","102864410","102864696","chr7","155162191","155162474","43","52297781"
"chr13","102919577","102919618","chr1","165173419","165173460","5","62253842"
"chr13","102923176","102923255","chr14","76257349","76257422","25","26665827"
"chr13","102981133","102981434","chr2","67197269","67197565","39","35783864"
"chr13","102998054","102998251","chr5","82210611","82210812","45","20787443"
"chr13","103024006","103024315","chr2","9810214","9810523","56","93213792"
"chr13","103038260","103038545","chrUn_GL286373","2039558","2039846","57","100998702"
"chr13","103061786","103062097","chr5","84219145","84219448","59","18842641"
"chr13","103076607","103076880","chr5","150118536","150118819","63","47041929"
"chr13","103118217","103118518","chr13","62510231","62510547","60","40607986"
"chr13","103170802","103171111","chr11","83476981","83477292","58","19693821"
"chr13","103205889","103206177","chr3","118139040","118139328","45","14933151"
"chr13","103252617","103252906","chr14","17205874","17206164","53","86046743"
"chr13","103258247","103258555","chr7","70375823","70376126","47","32882424"
"chr13","103296737","103297013","chr1","148546519","148546798","59","45249782"
"chr13","103312286","103312585","chr14","17267890","17268184","52","86044396"
"chr13","103347862","103347962","chr9","80296866","80296969","17","23050996"
"chr13","103354932","103355085","chrUn_GL286484","1717","1861","23","103353215"
"chr13","103373411","103373708","chr5","38882932","38883222","53","64490479"
"chr13","103385157","103385247","chr21","45342931","45343022","12","58042226"
"chr13","103448113","103448419","chrX","64172412","64172721","46","39275701"
"chr13","103622715","103622931","chr14","17597574","17597793","35","86025141"
"chr13","103789481","103789738","chrX","44437368","44437597","66","59352113"
"chr13","103870402","103870707","chr8","29283402","29283703","55","74587000"
"chr13","103882090","103882378","chr21","35283943","35284237","45","68598147"
"chr13","104131410","104131698","chr5","143627695","143627982","72","39496285"
"chr13","104877822","104878107","chr1","10520804","10521093","54","94357018"
"chr13","105028288","105028406","chr16","64504902","64505020","20","40523386"
"chr13","105128912","105129201","chr10","82921268","82921557","44","22207644"
"chr13","105227667","105227769","chr5","35409951","35410049","15","69817716"
"chr13","105475258","105475527","chr1","167116975","167117247","50","61641717"
"chr13","105608217","105608513","chr9","96353310","96353605","51","9254907"
"chr13","106102872","106103174","chr1","199360645","199360948","52","93257773"
"chr13","106415270","106415332","chrX","69053353","69053417","9","37361917"
"chr13","106445020","106445142","chr2","65349063","65349187","27","41095957"
"chr13","106647629","106647906","chr11","74173885","74174163","39","32473744"
"chr13","106677130","106677433","chr1","152570018","152570318","52","45892888"
"chr13","106686706","106686834","chr6","83481925","83482050","21","23204781"
"chr13","106693144","106693423","chr6","83490166","83490448","46","23202978"
"chr13","106905925","106906230","chr12","20230563","20230858","50","86675362"
"chr13","107005154","107005467","chr6","83782614","83782911","50","23222540"
"chr13","107026954","107027142","chr4","88141428","88141611","36","18885526"
"chr13","107072784","107073091","chr6","83850513","83850812","49","23222271"
"chr13","107138685","107138823","chr2","194754260","194754399","25","87615575"
"chr13","107186612","107186796","chr3","173650116","173650299","32","66463504"
"chr13","107190284","107190590","chr6","83974016","83974324","39","23216268"
"chr13","107227300","107227592","chr7","7754420","7754714","62","99472880"
"chr13","107282997","107283293","chr2","39828090","39828388","45","67454907"
"chr13","107284207","107284497","chr6","84099263","84099549","43","23184944"
"chr13","107293629","107293926","chr4","139259106","139259407","44","31965477"
"chr13","107361500","107361793","chr1","77745311","77745604","48","29616189"
"chr13","107390589","107390636","chr7","129098913","129098957","8","21708324"
"chr13","107459193","107459491","chr6","84368237","84368537","42","23090956"
"chr13","107469601","107469902","chr5","41782102","41782399","48","65687499"
"chr13","107518307","107518584","chr10","129718624","129718892","51","22200317"
"chr13","107672372","107672630","chr5","92287716","92287976","46","15384656"
"chr13","107674004","107674301","chr5","131639490","131639797","50","23965486"
"chr13","107688854","107688967","chr5","111259155","111259269","21","3570301"
"chr13","107689206","107689340","chr15","14269537","14269658","38","93419669"
"chr13","107698105","107698415","chr7","88697458","88697764","46","19000647"
"chr13","107723421","107723713","chr4","38367185","38367480","44","69356236"
"chr13","107795238","107795376","chr6","84727190","84727328","17","23068048"
"chr13","107824799","107825026","chr1","75654164","75654388","54","32170635"
"chr13","107828231","107828546","chr8","29283402","29283703","50","78544829"
"chr13","107858472","107858784","chr14","60996189","60996500","53","46862283"
"chr13","107907782","107908075","chr12","107125942","107126232","49","781840"
"chr13","107966997","107967277","chr6","5717652","5717933","56","102249345"
"chr13","107985872","107986008","chr2","193530196","193530332","15","85544324"
"chr13","107987256","107987536","chr21","46444502","46444788","55","61542754"
"chr13","108080415","108080546","chr5","10559689","10559821","16","97520726"
"chr13","108099237","108099492","chr1","198861429","198861691","59","90762192"
"chr13","108132213","108132497","chr10","100408257","100408540","54","7723956"
"chr13","108185901","108186179","chr16","49225932","49226206","48","58959969"
"chr13","108189900","108190189","chr2","2218970","2219260","51","105970930"
"chr13","108289712","108290026","chr9","92955669","92955979","49","15334043"
"chr13","108292204","108292513","chr6","119454843","119455151","38","11162639"
"chr13","108501406","108501707","chr6","85455752","85456056","48","23045654"
"chr13","108606813","108607117","chrUn_GL286217","143262","143564","49","108463551"
"chr13","108612639","108612927","chr1","138626202","138626492","49","30013563"
"chr13","108710948","108711201","chr15","33901410","33901664","57","74809538"
"chr13","109015361","109015651","chrX","62040044","62040330","49","46975317"
"chr13","109064893","109065198","chr4","119154507","119154808","52","10089614"
"chr13","109294324","109294461","chr12","16662465","16662595","26","92631859"
"chr13","109298154","109298474","chr5","523629","523928","83","108774525"
"chr13","109430157","109430316","chr9","40994459","40994619","29","68435698"
"chr13","109660891","109661190","chr2","111709968","111710270","56","2049077"
"chr13","109933848","109934155","chr6","86885751","86886053","52","23048097"
"chr13","110005001","110005311","chr10","94235006","94235309","52","15769995"
"chr13","110167481","110167693","chr6","87132367","87132583","49","23035114"
"chr13","110184724","110185013","chr4","54370195","54370493","51","55814529"
"chr13","110462006","110462282","chr8","11597419","11597690","53","98864587"
"chr13","110464224","110464518","chr2","131885319","131885607","50","21421095"
"chr13","110485137","110485424","chr7","79794746","79795031","44","30690391"
"chr13","110784391","110784691","chr6","87793559","87793869","48","22990832"
"chr13","110793397","110793699","chr5","116663888","116664187","54","5870491"
"chr13","110810156","110810479","chr15","57178677","57178991","58","53631479"
"chr13","110827762","110828071","chr9","122689798","122690105","49","11862036"
"chr13","110911246","110911559","chr5","73075939","73076252","47","37835307"
"chr13","110956634","110956800","chr17","73404882","73405049","36","37551752"
"chr13","110982876","110983163","chr5","158518457","158518746","48","47535581"
"chr13","110990019","110990311","chr15","21263264","21263556","47","89726755"
"chr13","111329621","111329932","chr6","88340407","88340696","58","22989214"
"chr13","111361005","111361291","chr5","93075725","93076019","41","18285280"
"chr13","111408601","111408788","chr1","157332441","157332633","40","45923840"
"chr13","111489861","111490167","chr21","41025095","41025401","55","70464766"
"chr13","111517591","111517882","chr11","73107434","73107732","62","38410157"
"chr13","111792277","111792437","chr7","31521571","31521726","38","80270706"
"chr13","111901424","111901471","chr7","10054243","10054291","7","101847181"
"chr13","111951437","111951750","chr11","107864365","107864676","53","4087072"
"chr13","111970410","111970717","chr2","59445321","59445626","41","52525089"
"chr13","112056579","112056880","chr10","116746267","116746562","41","4689688"
"chr13","112073092","112073388","chr15","72516887","72517186","50","39556205"
"chr13","112173385","112173685","chr11","22994754","22995044","52","89178631"
"chr13","112414143","112414459","chr22","44583446","44583761","56","67830697"
"chr13","112732998","112733274","chr6","143963453","143963737","48","31230455"
"chr13","112776846","112776979","chr11","20996417","20996549","24","91780429"
"chr13","112931889","112932218","chr6","18648007","18648318","65","94283882"
"chr13","112986107","112986170","chr2","97655048","97655103","13","15331059"
"chr13","113058802","113059078","chr16","31897470","31897754","56","81161332"
"chr13","113481123","113481438","chr5","2193404","2193714","60","111287719"
"chr13","113516295","113516609","chr1","192757436","192757740","59","79241141"
"chr13","114324945","114325241","chr5","3254168","3254463","57","111070777"
"chr13","114896747","114897063","chr6","91811128","91811433","55","23085619"
"chr13","114955847","114956150","chr1","13807754","13808053","57","101148093"
"chr13","114962187","114962467","chr6","91885828","91886095","46","23076359"
"chr13","115077436","115077742","chr6","92001856","92002155","44","23075580"
"chr13","115107043","115107328","chr1","116618974","116619261","45","1511931"
"chr13","115107340","115107650","chr6","92033139","92033442","47","23074201"
"chr13","115110064","115110227","chr1","183035987","183036153","31","67925923"
"chr13","115265541","115265858","chr6","139206884","139207185","62","23941343"
"chr13","115411183","115411494","chr6","118600755","118601054","55","3189572"
"chr13","115461434","115461723","chr7","33547338","33547635","47","81914096"
"chr13","115889225","115889475","chr6","92839777","92840045","51","23049448"
"chr13","115991251","115991561","chr8","54270766","54271049","73","61720485"
"chr13","116012883","116013073","chr6","92984604","92984798","35","23028279"
"chr13","116217111","116217409","chrX","16102878","16103172","44","100114233"
"chr13","116498423","116498720","chr14","17041133","17041431","53","99457290"
"chr13","116710895","116711013","chr4","87256478","87256594","22","29454417"
"chr13","117041986","117042258","chr6","93982916","93983208","58","23059070"
"chr13","117119392","117119664","chr5","72712443","72712712","50","44406949"
"chr13","117133359","117133664","chr14","83083786","83084089","49","34049573"
"chr13","117167793","117168084","chr6","94107982","94108256","57","23059811"
"chr13","117172524","117172825","chr11","116346925","116347227","45","825599"
"chr13","117200371","117200644","chr5","43880905","43881176","53","73319466"
"chr13","117212767","117213053","chr6","94154225","94154504","49","23058542"
"chr13","117238039","117238327","chr6","94178926","94179197","45","23059113"
"chr13","117259267","117259441","chr5","71742798","71742968","27","45516469"
"chr13","117279825","117280113","chr12","107125942","107126232","51","10153883"
"chr13","117598877","117599183","chr22","38966910","38967209","51","78631967"
"chr13","117627422","117627713","chr7","85080523","85080815","54","32546899"
"chr13","117917629","117917936","chr12","18797074","18797381","43","99120555"
"chr13","118422913","118423228","chrUn_GL286217","143262","143564","58","118279651"
"chr13","118430943","118431083","chr6","95413982","95414122","17","23016961"
"chr13","118469464","118469768","chr5","38882932","38883222","66","79586532"
"chr13","118559512","118559801","chr16","14061211","14061502","52","104498301"
"chr13","118571422","118571723","chr15","72516887","72517186","45","46054535"
"chr13","118572632","118572745","chr4","47746706","47746818","20","70825926"
"chr13","118647818","118648106","chr10","82921268","82921557","52","35726550"
"chr13","118660157","118660467","chr15","71322961","71323259","49","47337196"
"chr13","118671362","118671683","chr2","1940205","1940517","69","116731157"
"chr13","118691214","118691495","chr6","17854050","17854340","51","100837164"
"chr13","118692885","118692993","chr1","164376802","164376909","19","45683917"
"chr13","118693069","118693169","chr11","123599197","123599298","19","4906128"
"chr13","118735052","118735350","chr1","77745311","77745604","48","40989741"
"chr13","118790391","118790522","chr1","13087376","13087504","33","105703015"
"chr13","118921345","118921649","chrUn_GL286217","143262","143564","49","118778083"
"chr13","119212534","119212625","chr1","155360262","155360344","15","36147728"
"chr13","119437575","119437630","chr5","149531914","149531971","6","30094339"
"chr13","119527995","119528293","chr5","116663888","116664187","44","2864107"
"chr13","119624112","119624418","chr9","101210178","101210488","44","18413934"
"chr13","119661696","119661797","chr19","46687946","46688049","11","72973750"
"chr13","119797710","119797995","chr7","28792443","28792734","49","91005267"
"chr13","119831665","119831970","chr6","96772829","96773129","61","23058836"
"chr13","120008878","120009171","chr5","64986849","64987143","49","55022029"
"chr13","120131845","120132143","chr22","14367659","14367956","50","105764186"
"chr13","120151025","120151174","chr6","97089050","97089195","30","23061975"
"chr13","120375225","120375510","chr12","108797245","108797536","46","11577980"
"chr13","120435647","120435918","chr7","155162191","155162474","65","34726544"
"chr13","120603752","120604065","chr5","73075939","73076252","52","47527813"
"chr13","121157731","121157995","chr2","165124948","165125217","58","43967217"
"chr13","121206239","121206334","chr5","1759512","1759601","21","119446727"
"chr13","121287536","121287821","chr22","39856563","39856853","50","81430973"
"chr13","121703418","121703678","chr5","72712443","72712712","50","48990975"
"chr13","121810856","121811146","chr5","65296228","65296517","53","56514628"
"chr13","121815862","121816021","chr15","21761876","21762029","27","100053986"
"chr13","122201899","122202186","chr9","110584023","110584310","49","11617876"
"chr13","122259489","122259788","chr5","116663888","116664187","46","5595601"
"chr13","122329278","122329566","chr6","99253184","99253471","42","23076094"
"chr13","122975151","122975448","chr6","99932876","99933168","46","23042275"
"chr13","123260991","123261108","chr5","137646919","137647031","27","14385928"
"chr13","123320081","123320121","chr4","110631349","110631389","2","12688732"
"chr13","123670036","123670345","chr5","55380182","55380490","46","68289854"
"chr13","123717394","123717705","chr6","100650122","100650421","54","23067272"
"chr13","123798885","123799181","chr20","22335437","22335736","64","101463448"
"chr13","123969674","123969943","chr5","8282348","8282619","50","115687326"
"chr13","124126081","124126142","chr5","134672138","134672199","12","10546057"
"chr13","124189204","124189482","chr1","197465921","197466196","48","73276717"
"chr13","124198008","124198275","chr6","32425867","32426113","55","91772141"
"chr13","124236887","124237191","chr15","38910043","38910338","46","85326844"
"chr13","124252278","124252568","chr12","27922791","27923078","47","96329487"
"chr13","124378981","124379283","chr6","32156999","32157307","42","92221982"
"chr13","124438708","124438864","chr14","1187059","1187217","27","123251649"
"chr13","124451728","124452032","chr10","20863520","20863828","56","103588208"
"chr13","124616104","124616288","chr16","78430364","78430544","32","46185740"
"chr13","124661577","124661910","chr5","116095602","116095921","67","8565975"
"chr13","124776119","124776398","chr8","93633064","93633356","50","31143055"
"chr13","124799266","124799579","chr4","5114628","5114934","58","119684638"
"chr13","124934215","124934478","chr7","82192114","82192380","56","42742101"
"chr13","124937686","124937990","chrX","17705039","17705341","52","107232647"
"chr13","125014709","125014988","chr2","79572103","79572387","48","45442606"
"chr13","125028394","125028681","chr6","31450492","31450772","40","93577902"
"chr13","125061086","125061390","chr4","139259106","139259407","52","14198020"
"chr13","125076738","125076999","chr6","136008301","136008560","48","10931563"
"chr13","125131655","125131993","chr14","6471804","6472122","66","118659851"
"chr13","125154682","125154974","chr4","98746325","98746622","52","26408357"
"chr13","125167257","125167502","chr8","93750596","93750840","55","31416661"
"chr13","125186820","125187129","chr7","70074333","70074637","60","55112487"
"chr13","125187628","125187929","chr7","70375823","70376126","54","54811805"
"chr13","125233593","125233881","chr6","75230350","75230656","51","50003243"
"chr13","125239885","125240110","chr6","31212812","31213017","42","94027073"
"chr13","125246851","125247175","chr7","137342012","137342330","56","12095161"
"chr13","125257415","125257720","chrX","14757652","14757955","49","110499763"
"chr13","125309124","125309424","chr2","147728720","147729015","44","22419596"
"chr13","125340510","125340803","chr19","35779479","35779770","45","89561031"
"chr13","125345223","125345334","chr2","94061242","94061349","16","31283981"
"chr13","125365397","125365723","chr6","31072601","31072923","50","94292796"
"chr13","125379853","125379936","chr5","37761156","37761240","8","87618697"
"chr13","125385884","125386177","chr4","144716679","144716971","52","19330795"
"chr13","125454055","125454097","chr1","182463440","182463482","6","57009385"
"chr13","125464065","125464369","chr1","193088628","193088933","58","67624563"
"chr13","125498369","125498671","chr3","41454873","41455170","67","84043496"
"chr13","126048664","126048962","chr4","31195106","31195401","52","94853558"
"chr13","126556335","126556646","chr11","126545825","126546136","52","10510"
"chr13","126713367","126713663","chr7","40558392","40558668","60","86154975"
"chr13","126852623","126852737","chr3","72030386","72030497","16","54822237"
"chr13","126968510","126968816","chr10","20863520","20863828","46","106104990"
"chr13","127030081","127030374","chr6","29199142","29199433","44","97830939"
"chr13","127033076","127033220","chr15","91335202","91335350","27","35697874"
"chr13","127036003","127036308","chr7","70375823","70376126","54","56660180"
"chr13","127151491","127151783","chrUn_GL286267","16644","16927","38","127134847"
"chr13","127224547","127224590","chr7","89660559","89660602","7","37563988"
"chr13","127381728","127382026","chr6","125378114","125378392","59","2003614"
"chr13","127390990","127391298","chr12","114379431","114379742","46","13011559"
"chr13","127405138","127405422","chr5","82336326","82336611","49","45068812"
"chr13","127510429","127510519","chr1","171824880","171824957","20","44314451"
"chr13","127587906","127588009","chr1","206506573","206506667","15","78918667"
"chr13","127588024","127588078","chr18","41967662","41967715","7","85620362"
"chr13","127819011","127819304","chr2","12588191","12588476","38","115230820"
"chr13","127912381","127912680","chr6","28870113","28870407","40","99042268"
"chr13","127921419","127921708","chr12","51888773","51889064","41","76032646"
"chr13","127976769","127977061","chr5","80121277","80121568","55","47855492"
"chr14","119537500","119537806","chr4","71933212","71933503","50","47604288"
"chr14","19398418","19398722","chr20","38639419","38639722","49","19241001"
"chr14","115212087","115212394","chr10","115586657","115586959","44","374570"
"chr14","38106","38406","chr14","76157685","76157986","52","76119579"
"chr14","152480","152585","chr3","138036510","138036608","27","137884030"
"chr14","298518","298634","chr9","120467837","120467949","20","120169319"
"chr14","322195","322430","chr12","10019722","10019950","46","9697527"
"chr14","363019","363327","chr7","120468697","120468997","53","120105678"
"chr14","435210","435541","chr5","73075939","73076252","63","72640729"
"chr14","440123","440428","chr8","93710494","93710805","55","93270371"
"chr14","440531","440664","chr5","39827158","39827291","25","39386627"
"chr14","489125","489445","chr14","77613723","77614028","61","77124598"
"chr14","493181","493262","chr5","1395300","1395386","9","902119"
"chr14","493907","494204","chr1","41686123","41686409","44","41192216"
"chr14","495967","496207","chr16","64941263","64941507","58","64445296"
"chr14","512230","512511","chr2","134890220","134890504","50","134377990"
"chr14","529152","529448","chr9","25525997","25526295","49","24996845"
"chr14","582741","582955","chr2","116189134","116189343","36","115606393"
"chr14","748125","748388","chr20","16713691","16713949","46","15965566"
"chr14","774278","774555","chr14","20630664","20630929","58","19856386"
"chr14","783279","783576","chr16","6809919","6810217","44","6026640"
"chr14","852299","852579","chr8","97925884","97926162","47","97073585"
"chr14","991385","991655","chr6","46812079","46812346","54","45820694"
"chr14","1322886","1323187","chrUn_GL286596","1626","1922","51","1321260"
"chr14","1399352","1399472","chr14","105232082","105232214","27","103832730"
"chr14","1598030","1598329","chr3","151868207","151868509","50","150270177"
"chr14","1605388","1605708","chr11","128523634","128523937","62","126918246"
"chr14","2169279","2169590","chr11","127939578","127939883","47","125770299"
"chr14","2554744","2555023","chr11","127537853","127538137","43","124983109"
"chr14","2752928","2753035","chr22","13859479","13859583","11","11106551"
"chr14","2838040","2838329","chr9","108561006","108561303","42","105722966"
"chr14","2917591","2917672","chr1","78041919","78041998","14","75124328"
"chr14","2933848","2934122","chr11","127146772","127147059","46","124212924"
"chr14","3408368","3408668","chr11","126511184","126511480","53","123102816"
"chr14","3485354","3485460","chr6","135805211","135805318","14","132319857"
"chr14","3498780","3499097","chr14","41135777","41136098","59","37636997"
"chr14","3611108","3611414","chr11","126301048","126301350","56","122689940"
"chr14","3688058","3688365","chr9","25525997","25526295","62","21837939"
"chr14","3713871","3714170","chr13","73713828","73714128","41","69999957"
"chr14","3796169","3796466","chrX","17705039","17705341","44","13908870"
"chr14","3838831","3839132","chr22","3060037","3060333","46","778794"
"chr14","3942911","3943169","chr12","80027861","80028112","46","76084950"
"chr14","3985362","3985612","chr6","139927334","139927588","49","135941972"
"chr14","4005934","4005990","chrUn_GL286373","1643319","1643374","6","2362615"
"chr14","4017032","4017278","chr5","44606303","44606540","44","40589271"
"chr14","4030102","4030324","chr8","4691812","4692036","34","661710"
"chr14","4066317","4066613","chr11","5291641","5291930","53","1225324"
"chr14","4086671","4086965","chr3","107213898","107214190","51","103127227"
"chr14","4108997","4109287","chr20","28910159","28910452","45","24801162"
"chr14","4125369","4125617","chr15","21391104","21391348","46","17265735"
"chr14","4151358","4151660","chr17","62830726","62831031","47","58679368"
"chr14","4155028","4155313","chr1","172687648","172687936","53","168532620"
"chr14","4209408","4209709","chr5","93597617","93597921","41","89388209"
"chr14","4211125","4211421","chr11","125661154","125661449","42","121450029"
"chr14","4350275","4350500","chr9","54287512","54287742","44","49937237"
"chr14","4358339","4358638","chr20","12198433","12198731","47","7840094"
"chr14","4466244","4466358","chr5","34960432","34960547","18","30494188"
"chr14","4479059","4479363","chr22","5756365","5756669","50","1277306"
"chr14","4481850","4482147","chr4","18194172","18194463","56","13712322"
"chr14","4526633","4526811","chr9","14473384","14473561","28","9946751"
"chr14","4537444","4537714","chr13","57209391","57209660","41","52671947"
"chr14","4593180","4593472","chr8","91418355","91418645","61","86825175"
"chr14","4621657","4621706","chr3","10610623","10610669","5","5988966"
"chr14","4721201","4721508","chr2","10940056","10940367","57","6218855"
"chr14","4802828","4803133","chr7","70375823","70376126","50","65572995"
"chr14","4940874","4941154","chr10","32690788","32691071","46","27749914"
"chr14","5207275","5207586","chr4","17518722","17519032","50","12311447"
"chr14","5237537","5237660","chr5","61488662","61488776","25","56251125"
"chr14","5357429","5357744","chr9","101210178","101210488","51","95852749"
"chr14","5390136","5390430","chr1","170771447","170771746","47","165381311"
"chr14","5410841","5410962","chr2","166242651","166242766","32","160831810"
"chr14","5485701","5486013","chr5","43258967","43259274","54","37773266"
"chr14","5502432","5502744","chr2","203225383","203225677","65","197722951"
"chr14","5552876","5553182","chr9","9679426","9679735","48","4126550"
"chr14","5585559","5585613","chr7","31775082","31775137","8","26189523"
"chr14","5679448","5679508","chr7","46372085","46372143","8","40692637"
"chr14","5707397","5707696","chr15","7203040","7203331","47","1495643"
"chr14","5710000","5710287","chr6","21465698","21465986","53","15755698"
"chr14","5720486","5720781","chr6","57780653","57780942","41","52060167"
"chr14","5723859","5724147","chr1","186610138","186610422","46","180886279"
"chr14","5754664","5754948","chr11","124123720","124124004","34","118369056"
"chr14","5806162","5806458","chr1","77745311","77745604","49","71939149"
"chr14","5826986","5827286","chr9","40949830","40950127","45","35122844"
"chr14","5853113","5853386","chr10","103366661","103366946","51","97513548"
"chr14","5877990","5878047","chr17","40019619","40019670","13","34141629"
"chr14","5897455","5897766","chr5","120225189","120225498","52","114327734"
"chr14","5907797","5908081","chr2","159859641","159859927","55","153951844"
"chr14","6035752","6036037","chr5","139889919","139890213","48","133854167"
"chr14","6052190","6052481","chr22","36043321","36043622","55","29991131"
"chr14","6090511","6090781","chr7","155162191","155162474","53","149071680"
"chr14","6123508","6123786","chr22","16550653","16550912","72","10427145"
"chr14","6225208","6225491","chr14","81489642","81489927","44","75264434"
"chr14","6240590","6240742","chr10","74647598","74647760","34","68407008"
"chr14","6242250","6242550","chr2","39828090","39828388","45","33585840"
"chr14","6252937","6253241","chr16","71570137","71570438","51","65317200"
"chr14","6273437","6273745","chr3","117540807","117541109","51","111267370"
"chr14","6337148","6337437","chr12","14112088","14112375","63","7774940"
"chr14","6341537","6341838","chr19","33857908","33858196","45","27516371"
"chr14","6399546","6399837","chr17","43745016","43745307","54","37345470"
"chr14","6453972","6454271","chr3","51989230","51989530","44","45535258"
"chr14","6488184","6488493","chr5","91833836","91834146","52","85345652"
"chr14","6525279","6525571","chr1","175092801","175093094","48","168567522"
"chr14","6538102","6538398","chr19","13206354","13206649","41","6668252"
"chr14","6561833","6562090","chr1","175152102","175152357","45","168590269"
"chr14","6605023","6605279","chr5","80497301","80497555","44","73892278"
"chr14","6610790","6611080","chr5","61025909","61026199","43","54415119"
"chr14","6616192","6616338","chr20","38676674","38676813","35","32060482"
"chr14","6617000","6617101","chr16","94172591","94172690","20","87555591"
"chr14","6702693","6703000","chr14","83083786","83084089","47","76381093"
"chr14","6705775","6706043","chr19","31366058","31366340","52","24660283"
"chr14","6750826","6751112","chr2","10706398","10706685","49","3955572"
"chr14","6770787","6771111","chr1","199360645","199360948","64","192589858"
"chr14","6858771","6859081","chr5","3057174","3057476","57","3801597"
"chr14","6885949","6886251","chr3","117540807","117541109","52","110654858"
"chr14","6902422","6902556","chr5","39827158","39827291","24","32924736"
"chr14","6902724","6902818","chr10","20746162","20746257","15","13843438"
"chr14","6919801","6919930","chr13","43433121","43433253","19","36513320"
"chr14","6934605","6934913","chr11","28125301","28125613","52","21190696"
"chr14","6945148","6945454","chr20","27716329","27716628","63","20771181"
"chr14","6989010","6989318","chr20","21015052","21015358","65","14026042"
"chr14","6995830","6996122","chr12","51888773","51889064","47","44892943"
"chr14","6999007","6999164","chr5","38213831","38213975","41","31214824"
"chr14","7014174","7014463","chr3","125727711","125728005","57","118713537"
"chr14","7017404","7017714","chrX","39183726","39184034","43","32166322"
"chr14","7037321","7037584","chr2","46997086","46997352","55","39959765"
"chr14","7072974","7073071","chr5","1759512","1759601","21","5313462"
"chr14","7105287","7105568","chr1","65363740","65364024","48","58258453"
"chr14","7120807","7121098","chr3","51989230","51989530","57","44868423"
"chr14","7166973","7167300","chrX","141294010","141294319","62","134127037"
"chr14","7193793","7194088","chr16","7136152","7136447","53","57641"
"chr14","7237782","7238050","chr2","144752518","144752792","52","137514736"
"chr14","7245796","7245878","chr2","85406867","85406951","14","78161071"
"chr14","7258596","7258902","chr2","71331505","71331809","51","64072909"
"chr14","7288809","7289114","chr6","75230350","75230656","49","67941541"
"chr14","7294936","7295240","chr5","124645645","124645952","51","117350709"
"chr14","7297099","7297398","chr1","54463990","54464289","48","47166891"
"chr14","7308160","7308319","chr13","15227928","15228085","25","7919768"
"chr14","7313658","7313939","chr3","188235049","188235330","46","180921391"
"chr14","7356935","7357121","chr10","63802477","63802648","44","56445542"
"chr14","7454981","7455269","chr3","118139040","118139328","47","110684059"
"chr14","7462077","7462247","chrX","20484179","20484342","37","13022102"
"chr14","7525425","7525512","chr16","50638532","50638619","16","43113107"
"chr14","7526600","7526895","chr11","122324254","122324549","57","114797654"
"chr14","7533308","7533350","chr7","89660559","89660602","5","82127251"
"chr14","7539475","7539585","chr13","48746210","48746327","28","41206735"
"chr14","7562129","7562430","chr14","83083786","83084089","49","75521657"
"chr14","7591050","7591218","chr6","150917180","150917350","31","143326130"
"chr14","7595542","7595804","chr6","118577430","118577701","72","110981888"
"chr14","7638326","7638636","chr18","2673991","2674299","47","4964335"
"chr14","7650320","7650452","chr10","10089507","10089637","13","2439187"
"chr14","7699179","7699481","chr5","116663888","116664187","52","108964709"
"chr14","7703758","7704069","chr5","55380182","55380490","46","47676424"
"chr14","7704476","7704803","chr6","21930692","21931000","62","14226216"
"chr14","7789694","7789980","chr19","38589311","38589602","47","30799617"
"chr14","7790934","7791112","chr13","94538769","94538947","38","86747835"
"chr14","7815482","7815790","chr11","122006343","122006653","51","114190861"
"chr14","7901310","7901426","chr6","49062364","49062480","16","41161054"
"chr14","7960355","7960650","chr11","121843934","121844226","42","113883579"
"chr14","7993190","7993497","chr2","10673170","10673480","55","2679980"
"chr14","8072973","8073297","chr2","34728500","34728814","66","26655527"
"chr14","8107314","8107622","chr10","118578692","118578996","50","110471378"
"chr14","8107623","8107758","chr1","173774620","173774755","20","165666997"
"chr14","8124850","8125156","chr1","172093320","172093628","78","163968470"
"chr14","8133897","8133982","chr5","1759512","1759601","18","6374385"
"chr14","8160829","8161138","chr21","41025095","41025401","48","32864266"
"chr14","8215973","8216267","chr1","156644747","156645035","47","148428774"
"chr14","8222997","8223294","chr16","33050386","33050680","42","24827389"
"chr14","8260434","8260495","chr7","71879017","71879077","8","63618583"
"chr14","8281427","8281610","chr5","125765250","125765427","33","117483823"
"chr14","8345369","8345674","chr10","10473186","10473493","50","2127817"
"chr14","8376047","8376350","chr6","135282715","135283011","50","126906668"
"chr14","8397812","8397944","chr4","9872496","9872626","18","1474684"
"chr14","8408108","8408228","chr13","48746210","48746327","28","40338102"
"chr14","8482015","8482316","chr12","78762116","78762425","46","70280101"
"chr14","8497125","8497264","chr11","77869050","77869188","28","69371925"
"chr14","8512724","8513033","chrX","64172412","64172721","49","55659688"
"chr14","8562953","8563238","chr11","121174172","121174468","53","112611219"
"chr14","8563247","8563516","chr2","196431839","196432104","55","187868592"
"chr14","8581500","8581736","chr7","66633840","66634076","48","58052340"
"chr14","8628123","8628404","chrX","17332571","17332842","61","8704448"
"chr14","8676275","8676579","chr11","121069652","121069946","50","112393377"
"chr14","8686146","8686452","chr5","43258967","43259274","40","34572821"
"chr14","8730372","8730679","chr2","1940205","1940517","71","6790167"
"chr14","8731028","8731348","chr3","39867139","39867445","61","31136111"
"chr14","8783859","8784147","chr11","120961220","120961524","57","112177361"
"chr14","8823530","8823566","chr7","116780008","116780044","6","107956478"
"chr14","8851171","8851485","chr1","140083591","140083907","46","131232420"
"chr14","8914719","8914883","chr1","183035987","183036153","29","174121268"
"chr14","9018488","9018805","chr3","117540807","117541109","56","108522319"
"chr14","9073596","9073912","chr5","78442568","78442876","60","69368972"
"chr14","9090324","9090617","chr1","210193116","210193409","49","201102792"
"chr14","9098776","9099092","chrX","45155908","45156218","48","36057132"
"chr14","9119716","9120010","chr11","108450755","108451038","72","99331039"
"chr14","9127906","9128071","chr9","103774503","103774673","35","94646597"
"chr14","9132759","9133060","chr11","381530","381828","50","8751229"
"chr14","9269841","9269916","chr4","26787989","26788067","16","17518148"
"chr14","9276175","9276315","chr5","157197283","157197419","30","147921108"
"chr14","9276418","9276577","chrX","52244553","52244717","31","42968135"
"chr14","9360732","9361041","chr5","41268769","41269073","50","31908037"
"chr14","9361156","9361255","chr5","32410060","32410155","11","23048904"
"chr14","9503706","9504020","chr10","100377225","100377531","50","90873519"
"chr14","9506004","9506309","chr7","70074333","70074637","43","60568329"
"chr14","9597268","9597571","chr14","83083786","83084089","37","73486518"
"chr14","9634938","9635231","chr12","51888773","51889064","42","42253835"
"chr14","9718546","9718838","chr2","146982644","146982948","52","137264098"
"chr14","9811105","9811226","chr7","124920843","124920971","25","115109738"
"chr14","9819778","9819912","chr1","204387854","204387984","21","194568076"
"chr14","9831512","9831680","chr5","137430867","137431028","34","127599355"
"chr14","9864201","9864324","chr4","10330266","10330389","22","466065"
"chr14","9878114","9878413","chr12","13313763","13314057","54","3435649"
"chr14","10172762","10173134","chr7","45835586","45835929","111","35662824"
"chr14","10176005","10176304","chr5","65296228","65296517","55","55120223"
"chr14","10212607","10212904","chr11","19304678","19304978","40","9092071"
"chr14","10243089","10243373","chr11","119370877","119371169","38","109127788"
"chr14","10244866","10245162","chr7","97072023","97072313","63","86827157"
"chr14","10252764","10253058","chr1","10504024","10504317","46","251260"
"chr14","10269956","10270256","chr1","13807754","13808053","42","3537798"
"chr14","10300129","10300420","chr2","2218970","2219260","39","8081159"
"chr14","10308981","10309265","chr5","72712443","72712712","50","62403462"
"chr14","10347601","10347904","chr5","55380182","55380490","48","45032581"
"chr14","10360914","10361213","chr2","147728720","147729015","54","137367806"
"chr14","10377169","10377413","chr7","12613506","12613747","43","2236337"
"chr14","10388965","10389130","chr6","53296406","53296565","31","42907441"
"chr14","10402551","10402828","chr5","143452343","143452622","47","133049792"
"chr14","10428112","10428405","chr11","119137326","119137624","46","108709214"
"chr14","10454720","10455004","chr5","61025909","61026199","45","50571189"
"chr14","10493470","10493629","chr2","131597618","131597785","28","121104148"
"chr14","10514766","10514885","chr8","74203698","74203811","15","63688932"
"chr14","10527307","10527624","chr15","61609668","61609978","51","51082361"
"chr14","10540025","10540328","chrUn_GL286217","143262","143564","48","10396763"
"chr14","10623990","10624302","chr6","22626079","22626390","55","12002089"
"chr14","10759940","10760018","chrX","803924","803997","21","9956016"
"chr14","10780562","10780728","chr16","26510925","26511082","32","15730363"
"chr14","10782463","10782758","chrX","92800328","92800623","55","82017865"
"chr14","10787676","10787976","chr14","99371472","99371777","59","88583796"
"chr14","10847985","10848309","chr13","43419385","43419690","84","32571400"
"chr14","10903993","10904300","chr11","118517197","118517503","38","107613204"
"chr14","10905925","10905997","chr5","92528200","92528272","9","81622275"
"chr14","10932118","10932248","chr8","91710532","91710666","20","80778414"
"chr14","10957033","10957326","chr21","37473399","37473693","51","26516366"
"chr14","10964446","10964758","chr11","126545825","126546136","47","115581379"
"chr14","11089825","11089883","chr3","180911652","180911708","11","169821827"
"chr14","11091166","11091339","chr2","111325762","111325930","30","100234596"
"chr14","11099660","11099949","chr12","18853428","18853723","64","7753768"
"chr14","11101466","11101610","chr5","81141332","81141480","30","70039866"
"chr14","11102153","11102293","chrX","107405788","107405929","24","96303635"
"chr14","11157682","11157994","chr2","39815620","39815927","45","28657938"
"chr14","11170849","11171044","chr8","12050553","12050735","41","879704"
"chr14","11222885","11223145","chr11","118181977","118182232","45","106959092"
"chr14","11275024","11275188","chr2","7068362","7068522","25","4206662"
"chr14","11300557","11300690","chrX","17662089","17662223","23","6361532"
"chr14","11322542","11322830","chr11","118091417","118091705","41","106768875"
"chr14","11364362","11364655","chr4","158769812","158770108","40","147405450"
"chr14","11371305","11371577","chr1","121001735","121002005","52","109630430"
"chr14","11397959","11398211","chr12","26527847","26528114","63","15129888"
"chr14","11537384","11537695","chr11","117634889","117635198","45","106097505"
"chr14","11566324","11566632","chr4","98746325","98746622","52","87180001"
"chr14","11590273","11590575","chr11","28125301","28125613","51","16535028"
"chr14","11676591","11676888","chr10","116695834","116696136","41","105019243"
"chr14","11714686","11714969","chr12","48724930","48725219","48","37010244"
"chr14","11759000","11759317","chr1","13176262","13176573","56","1417262"
"chr14","11759689","11759962","chr9","53552630","53552898","46","41792941"
"chr14","11822939","11823240","chr5","73075939","73076252","52","61253000"
"chr14","11828851","11829158","chr21","41025095","41025401","42","29196244"
"chr14","11932514","11932825","chr5","55380182","55380490","48","43447668"
"chr14","11973095","11973391","chr9","17943911","17944216","45","5970816"
"chr14","12069898","12070052","chr10","44804693","44804842","28","32734795"
"chr14","12088983","12089120","chr3","124184393","124184530","21","112095410"
"chr14","12099654","12099956","chr5","11361507","11361807","46","738147"
"chr14","12122362","12122649","chr2","129078851","129079134","41","116956489"
"chr14","12209981","12210281","chr7","128716091","128716385","52","116506110"
"chr14","12253801","12254092","chr7","58917227","58917519","52","46663426"
"chr14","12262681","12262997","chr11","116810546","116810854","60","104547865"
"chr14","12274835","12275127","chr5","65296228","65296517","44","53021393"
"chr14","12280361","12280664","chr2","203225383","203225677","49","190945022"
"chr14","12282718","12282826","chr14","34260373","34260482","15","21977655"
"chr14","12335513","12335823","chr22","28143382","28143678","55","15807869"
"chr14","12364238","12364348","chr10","118139021","118139126","19","105774783"
"chr14","12365298","12365605","chr11","116706588","116706884","51","104341290"
"chr14","12444655","12444819","chr6","141514750","141514919","39","129070095"
"chr14","12455436","12455533","chr5","25538436","25538532","19","13083000"
"chr14","12539385","12539684","chr7","85080523","85080815","54","72541138"
"chr14","12544902","12545198","chr19","11821768","11822062","43","723134"
"chr14","12554473","12554760","chr3","118139040","118139328","49","105584567"
"chr14","12572870","12573177","chr5","2193404","2193714","59","10379466"
"chr14","12718780","12719073","chr11","116334904","116335194","45","103616124"
"chr14","12760094","12760383","chr11","116281553","116281855","44","103521459"
"chr14","12810766","12810889","chr1","159340630","159340746","23","146529864"
"chr14","12861933","12862215","chr2","21608619","21608896","53","8746686"
"chr14","12871483","12871818","chr14","6471804","6472122","67","6399679"
"chr14","12879112","12879423","chr2","146982644","146982948","42","134103532"
"chr14","12880483","12880579","chr13","69133685","69133780","16","56253202"
"chr14","12992579","12992873","chrX","45563978","45564273","50","32571399"
"chr14","13016832","13017141","chr9","25370370","25370680","50","12353538"
"chr14","13102007","13102123","chr3","139161161","139161276","17","126059154"
"chr14","13148513","13148824","chr2","8714186","8714498","59","4434327"
"chr14","13255816","13255999","chr3","183689850","183690027","32","170434034"
"chr14","13650898","13651189","chr11","115469661","115469951","43","101818763"
"chr14","13736216","13736447","chr11","115354764","115354992","40","101618548"
"chr14","13755834","13756135","chr19","27619331","27619631","52","13863497"
"chr14","13792236","13792527","chr4","71933212","71933503","51","58140976"
"chr14","13794367","13794652","chr9","42661920","42662203","38","28867553"
"chr14","13842156","13842461","chr11","115175788","115176098","44","101333632"
"chr14","13855819","13856124","chrX","101357242","101357546","51","87501423"
"chr14","13872658","13872958","chr16","71570137","71570438","49","57697479"
"chr14","13906519","13906831","chr2","146982644","146982948","48","133076125"
"chr14","14648521","14648597","chr9","79106341","79106424","20","64457820"
"chr14","14682125","14682412","chrX","8219981","8220272","47","6462144"
"chr14","14770630","14770915","chr3","152914930","152915206","61","138144300"
"chr14","14961571","14961845","chr11","113975384","113975667","50","99013813"
"chr14","14965402","14965704","chr4","54370195","54370493","44","39404793"
"chr14","15048702","15048994","chr12","91928994","91929288","51","76880292"
"chr14","15105507","15105804","chr7","120468697","120468997","48","105363190"
"chr14","15136097","15136391","chr7","70375823","70376126","42","55239726"
"chr14","15168038","15168330","chr1","170771447","170771746","42","155603409"
"chr14","15171220","15171266","chr1","77402005","77402050","6","62230785"
"chr14","15200541","15200830","chr11","113738857","113739142","42","98538316"
"chr14","15210800","15211086","chr11","113728484","113728782","50","98517684"
"chr14","15214453","15214761","chr12","37179701","37180010","58","21965248"
"chr14","15275455","15275701","chr22","40651805","40652042","48","25376350"
"chr14","15302831","15303112","chr7","81233577","81233859","58","65930746"
"chr14","15341344","15341635","chr14","61568989","61569280","44","46227645"
"chr14","15367881","15368052","chr17","33787259","33787427","32","18419378"
"chr14","15383861","15384035","chr9","105071491","105071669","30","89687630"
"chr14","15417979","15418284","chr7","19397030","19397335","45","3979051"
"chr14","15425664","15425802","chr11","113521145","113521277","23","98095481"
"chr14","15445400","15445674","chr15","80635997","80636282","58","65190597"
"chr14","15472891","15473185","chr7","15263131","15263424","51","209760"
"chr14","15521202","15521463","chr11","113409543","113409812","57","97888341"
"chr14","15530708","15531009","chrUn_GL286217","143262","143564","34","15387446"
"chr14","15562219","15562529","chr3","48450700","48451011","50","32888481"
"chr14","15567013","15567317","chr10","5304587","5304889","47","10262426"
"chr14","15568588","15568905","chr11","113361137","113361454","49","97792549"
"chr14","15570085","15570269","chr22","34544447","34544626","38","18974362"
"chr14","15579316","15579410","chr11","111085623","111085716","16","95506307"
"chr14","15680170","15680474","chr11","113247406","113247703","44","97567236"
"chr14","15744336","15744625","chr11","113184554","113184843","32","97440218"
"chr14","15754876","15755187","chr20","11116785","11117096","61","4638091"
"chr14","15788921","15789224","chr4","34136774","34137087","62","18347853"
"chr14","15838669","15838991","chr5","11439006","11439313","57","4399663"
"chr14","15973646","15973921","chr10","55315779","55316056","51","39342133"
"chr14","16196440","16196752","chr11","112703213","112703512","51","96506773"
"chr14","16373529","16373807","chr10","94342101","94342382","52","77968572"
"chr14","16413578","16413866","chr1","186610138","186610422","48","170196560"
"chr14","16544350","16544627","chr8","6469512","6469784","53","10074838"
"chr14","16780670","16780748","chr10","73794863","73794942","12","57014193"
"chr14","16808555","16808726","chr8","58834323","58834492","34","42025768"
"chr14","16840480","16840791","chr16","96434332","96434644","57","79593852"
"chr14","16848141","16848403","chr6","151454739","151455004","42","134606598"
"chr14","16901711","16902010","chr6","95444593","95444888","49","78542882"
"chr14","16961379","16961672","chrX","22365378","22365670","46","5403999"
"chr14","17041023","17041312","chr11","111435381","111435666","34","94394358"
"chr14","17057879","17058048","chr5","125765250","125765427","34","108707371"
"chr14","17119797","17120102","chr11","111353470","111353781","52","94233673"
"chr14","17124436","17124668","chr1","192389578","192389804","45","175265142"
"chr14","17163745","17164049","chr11","126866449","126866735","75","109702704"
"chr14","17169858","17170166","chr14","33666014","33666321","55","16496156"
"chr14","17178898","17179068","chrX","90165469","90165629","29","72986571"
"chr14","17212935","17213199","chr14","32545802","32546066","46","15332867"
"chr14","17243824","17244113","chr11","111225608","111225889","42","93981784"
"chr14","17251939","17252240","chr20","28221270","28221568","51","10969331"
"chr14","17280604","17280915","chr5","73075939","73076252","47","55795335"
"chr14","17295177","17295350","chr1","86741931","86742095","35","69446754"
"chr14","17313054","17313346","chr2","147728720","147729015","41","130415666"
"chr14","17332827","17333112","chr11","96529104","96529392","48","79196277"
"chr14","17342275","17342563","chr8","841978","842272","55","16500297"
"chr14","17358056","17358352","chr2","147728720","147729015","47","130370664"
"chr14","17382457","17382744","chr6","46911984","46912277","57","29529527"
"chr14","17428800","17429111","chr14","6471804","6472122","67","10956996"
"chr14","17446593","17446879","chr11","74173885","74174163","57","56727292"
"chr14","17458400","17458690","chr12","51888773","51889064","45","34430373"
"chr14","17470335","17470632","chr1","66795501","66795806","63","49325166"
"chr14","17501149","17501435","chr17","59145539","59145820","58","41644390"
"chr14","17502214","17502519","chr10","20863520","20863828","47","3361306"
"chr14","17517358","17517625","chr8","4347382","4347655","47","13169976"
"chr14","17557223","17557493","chr7","96349164","96349431","61","78791941"
"chr14","17630113","17630419","chr11","28125301","28125613","51","10495188"
"chr14","17637176","17637307","chr5","10559689","10559821","20","7077487"
"chr14","17657218","17657319","chr1","165345068","165345163","18","147687850"
"chr14","17660664","17660808","chr5","99988159","99988305","24","82327495"
"chr14","17684789","17685085","chr11","110777528","110777812","43","93092739"
"chr14","17689543","17689845","chr9","91913169","91913469","47","74223626"
"chr14","17714796","17715092","chr12","5109497","5109786","58","12605299"
"chr14","17741796","17742090","chr1","41686123","41686409","57","23944327"
"chr14","17759153","17759438","chr9","111004423","111004700","50","93245270"
"chr14","17793575","17793877","chr11","110668061","110668361","42","92874486"
"chr14","17866363","17866661","chr4","152013452","152013750","52","134147089"
"chr14","17872470","17872666","chr17","8103604","8103801","37","9768866"
"chr14","17878969","17879259","chr19","12404040","12404333","40","5474929"
"chr14","17907748","17908032","chr6","95088521","95088821","55","77180773"
"chr14","17970556","17970865","chr5","95128904","95129215","54","77158348"
"chr14","18014196","18014501","chr11","97158963","97159255","50","79144767"
"chr14","18019070","18019373","chr4","54370195","54370493","42","36351125"
"chr14","18063419","18063707","chr2","2218970","2219260","43","15844449"
"chr14","18080877","18081143","chr11","110376879","110377138","29","92296002"
"chr14","18081875","18081924","chr1","190874967","190875019","12","172793092"
"chr14","18086310","18086601","chr11","110370125","110370417","35","92283815"
"chr14","18112220","18112528","chr2","146982644","146982948","48","128870424"
"chr14","18159747","18160050","chr11","110301672","110301966","44","92141925"
"chr14","18167462","18167759","chr10","35850021","35850317","47","17682559"
"chr14","18173140","18173443","chr19","27619331","27619631","44","9446191"
"chr14","18219857","18220156","chr13","97504784","97505088","50","79284927"
"chr14","18234829","18235126","chr5","65296228","65296517","43","47061399"
"chr14","18239162","18239451","chr1","168926697","168926979","49","150687535"
"chr14","18260470","18260693","chr11","127485095","127485317","32","109224625"
"chr14","18270674","18270925","chr10","101844108","101844355","55","83573434"
"chr14","18322236","18322561","chr11","110142472","110142787","36","91820236"
"chr14","18365209","18365513","chr11","110095223","110095518","42","91730014"
"chr14","18374381","18374703","chr5","73075939","73076252","49","54701558"
"chr14","18447904","18447955","chr9","58005342","58005393","4","39557438"
"chr14","18471144","18471442","chrX","18432136","18432433","43","39008"
"chr14","18473483","18473791","chr6","8374119","8374424","52","10099364"
"chr14","18519472","18519783","chr5","43258967","43259274","56","24739495"
"chr14","18532943","18533218","chr1","192828584","192828863","49","174295641"
"chr14","18538285","18538603","chr5","73075939","73076252","52","54537654"
"chr14","18548666","18548967","chr5","83047784","83048085","52","64499118"
"chr14","18558937","18559064","chr2","104486328","104486458","22","85927391"
"chr14","18602277","18602558","chr11","109829604","109829865","51","91227327"
"chr14","18616415","18616522","chr2","36314248","36314355","19","17697833"
"chr14","18638804","18639094","chr13","49154086","49154372","47","30515282"
"chr14","18651333","18651548","chr11","109778064","109778275","33","91126731"
"chr14","18656991","18657294","chr11","109766381","109766682","45","91109390"
"chr14","18664536","18664834","chr1","152570018","152570318","44","133905482"
"chr14","18716145","18716278","chr5","10559689","10559821","17","8156456"
"chr14","18744620","18744920","chr9","37593064","37593361","57","18848444"
"chr14","18846766","18847051","chrX","40344797","40345081","43","21498031"
"chr14","18874915","18875226","chrX","64172412","64172721","46","45297497"
"chr14","18925343","18925648","chr1","137317810","137318115","49","118392467"
"chr14","19206431","19206732","chr6","117332912","117333211","50","98126481"
"chr14","19218096","19218391","chr13","95836072","95836367","38","76617976"
"chr14","19333056","19333129","chrUn_GL286574","16824","16900","22","19316232"
"chr14","19374394","19374445","chr9","9367068","9367119","14","10007326"
"chr14","19376657","19376961","chr2","71331505","71331809","52","51954848"
"chr14","19381179","19381442","chr11","109014412","109014669","45","89633233"
"chr14","19405143","19405353","chr11","108991495","108991701","38","89586352"
"chr14","19416609","19416908","chr8","89565594","89565886","47","70148985"
"chr14","19418321","19418394","chr9","44507265","44507335","10","25088944"
"chr14","19419697","19419987","chr5","82336326","82336611","44","62916629"
"chr14","19441764","19442080","chr5","37902121","37902416","56","18460357"
"chr14","19448612","19448899","chr9","76118191","76118484","52","56669579"
"chr14","19565808","19566103","chr11","108817418","108817719","46","89251610"
"chr14","19834925","19835226","chr14","76157685","76157986","39","56322760"
"chr14","20166187","20166501","chr11","108208672","108208968","52","88042485"
"chr14","20380219","20380308","chr7","97668711","97668790","26","77288492"
"chr14","20390374","20390671","chr20","28221270","28221568","45","7830896"
"chr14","20425410","20425702","chr5","113178663","113178945","48","92753253"
"chr14","20488124","20488422","chr6","132555899","132556186","53","112067775"
"chr14","20556520","20556819","chr1","13807754","13808053","51","6748766"
"chr14","20599526","20599823","chr1","185532534","185532830","51","164933008"
"chr14","20622241","20622284","chr12","3241087","3241131","6","17381154"
"chr14","20658246","20658556","chr5","44786065","44786369","51","24127819"
"chr14","20709431","20709728","chr19","11713191","11713490","48","8996240"
"chr14","20724504","20724800","chr5","139889919","139890213","47","119165415"
"chr14","20764034","20764321","chr3","152858583","152858869","60","132094549"
"chr14","20877800","20878087","chr1","156644747","156645035","46","135766947"
"chr14","20888785","20889093","chr2","147728720","147729015","49","126839935"
"chr14","21035092","21035386","chr2","13919309","13919605","43","7115783"
"chr14","21073461","21073755","chr2","203225383","203225677","47","182151922"
"chr14","21085443","21085743","chr4","71933212","71933503","50","50847769"
"chr14","21113815","21114088","chr11","107216248","107216518","44","86102433"
"chr14","21135718","21136052","chr15","37514276","37514606","63","16378558"
"chr14","21239293","21239605","chr9","101210178","101210488","61","79970885"
"chr14","21256530","21256835","chr9","105072042","105072344","39","83815512"
"chr14","21300921","21301224","chr2","67197269","67197565","62","45896348"
"chr14","21325161","21325468","chr7","129367672","129367976","59","108042511"
"chr14","21338506","21338801","chr12","8795573","8795863","53","12542933"
"chr14","21407022","21407330","chr10","100757276","100757573","55","79350254"
"chr14","21449862","21450165","chr11","106872357","106872655","41","85422495"
"chr14","21477794","21478095","chr11","106845536","106845838","43","85367742"
"chr14","21539052","21539361","chrX","14757652","14757955","54","6781400"
"chr14","21741806","21742107","chr4","39241569","39241869","60","17499763"
"chr14","21793337","21793650","chr7","77392485","77392770","74","55599148"
"chr14","21826392","21826702","chr15","37932298","37932608","56","16105906"
"chr14","21853944","21854175","chr11","106480010","106480237","34","84626066"
"chr14","21896341","21896662","chr11","106423114","106423420","58","84526773"
"chr14","21910758","21911068","chr8","106549657","106549965","45","84638899"
"chr14","22091310","22091594","chr11","106226659","106226946","48","84135349"
"chr14","22174912","22175090","chr9","14473384","14473561","34","7701528"
"chr14","22415634","22415824","chr5","97473164","97473339","43","75057530"
"chr14","22621338","22621435","chr1","79687396","79687492","11","57066058"
"chr14","22704810","22705103","chr11","105602189","105602487","58","82897379"
"chr14","22767082","22767366","chr7","128096429","128096707","48","105329347"
"chr14","22784494","22784800","chr3","51989230","51989530","63","29204736"
"chr14","22812287","22812402","chr9","12696555","12696670","17","10115732"
"chr14","22900868","22901186","chr6","75230350","75230656","57","52329482"
"chr14","22950019","22950320","chr1","185532534","185532830","56","162582515"
"chr14","23367313","23367591","chr7","113539628","113539912","54","90172315"
"chr14","23552773","23553087","chr5","120225189","120225498","55","96672416"
"chr14","23941551","23941808","chr7","79965856","79966117","58","56024305"
"chr14","24248433","24248704","chr7","45169353","45169622","48","20920920"
"chr14","24458740","24459037","chr15","61609668","61609978","59","37150928"
"chr14","24528928","24529249","chr13","73715400","73715710","66","49186472"
"chr14","24546021","24546305","chr3","88018588","88018878","56","63472567"
"chr14","24554630","24554909","chr13","96582220","96582500","60","72027590"
"chr14","24641577","24641860","chr19","31366058","31366340","47","6724481"
"chr14","24989204","24989514","chr4","54370195","54370493","60","29380991"
"chr14","25724123","25724436","chr11","102507338","102507640","43","76783215"
"chr14","26071746","26072022","chr11","95629919","95630186","50","69558173"
"chr14","26113635","26113924","chrX","107561323","107561629","76","81447688"
"chr14","26501004","26501148","chr21","45338800","45338950","31","18837796"
"chr14","26951634","26951924","chr12","94624697","94624994","52","67673063"
"chr14","26966345","26966460","chr7","113559724","113559833","20","86593379"
"chr14","27023703","27023987","chr12","78799834","78800112","55","51776131"
"chr14","27147437","27147723","chr11","101020394","101020683","47","73872957"
"chr14","27236573","27236893","chr2","39168351","39168663","56","11931778"
"chr14","27790982","27791273","chr7","44521535","44521825","46","16730553"
"chr14","28015592","28015842","chr15","71708384","71708642","52","43692792"
"chr14","28383573","28383854","chr1","186610138","186610422","49","158226565"
"chr14","28463785","28464080","chr2","72481200","72481495","62","44017415"
"chr14","28513181","28513453","chr13","68512088","68512376","47","39998907"
"chr14","28731126","28731383","chr11","64170951","64171225","56","35439825"
"chr14","28743150","28743416","chr11","99390887","99391157","49","70647737"
"chr14","28779219","28779545","chr7","81088180","81088507","80","52308961"
"chr14","28828933","28829222","chr13","49154086","49154372","47","20325153"
"chr14","28854684","28854981","chr9","99956407","99956710","56","71101723"
"chr14","28881525","28881823","chr6","44478126","44478430","55","15596601"
"chr14","28917027","28917315","chr7","22422256","22422540","53","6494771"
"chr14","29015487","29015799","chr2","1679121","1679426","78","27336366"
"chr14","29030533","29030821","chr11","99099369","99099663","37","70068836"
"chr14","29054113","29054395","chr10","32690788","32691071","39","3636675"
"chr14","29059926","29060251","chr9","66766373","66766689","61","37706447"
"chr14","29123773","29124065","chr11","99009009","99009295","44","69885236"
"chr14","29182894","29183163","chr11","98931723","98932003","38","69748829"
"chr14","29200965","29201256","chr2","8412288","8412580","43","20788677"
"chr14","29248008","29248311","chr11","98859783","98860066","66","69611775"
"chr14","29430049","29430350","chr6","59538373","59538652","67","30108324"
"chr14","29534919","29535051","chr5","157861381","157861515","19","128326462"
"chr14","29536763","29537074","chr13","16760883","16761188","53","12775880"
"chr14","29628360","29628656","chr5","131388123","131388415","57","101759763"
"chr14","29878300","29878604","chr7","70375823","70376126","50","40497523"
"chr14","29896706","29897011","chr2","10673170","10673480","52","19223536"
"chr14","29929898","29930145","chr11","98153188","98153441","41","68223290"
"chr14","29983493","29983803","chr11","66635820","66636129","50","36652327"
"chr14","29987547","29987702","chr2","52081094","52081244","29","22093547"
"chr14","30086648","30086968","chr4","109809829","109810146","57","79723181"
"chr14","30298289","30298560","chr12","113634286","113634558","48","83335997"
"chr14","30330678","30330975","chr11","97746507","97746808","52","67415829"
"chr14","30337768","30338052","chr11","97739033","97739319","45","67401265"
"chr14","30349820","30350103","chr7","79794746","79795031","42","49444926"
"chr14","30481902","30482196","chr12","107125942","107126232","45","76644040"
"chr14","30529011","30529300","chr10","22565423","22565715","46","7963588"
"chr14","30555255","30555521","chr12","8728301","8728569","52","21826954"
"chr14","30599214","30599514","chr5","47468689","47468989","53","16869475"
"chr14","30667063","30667326","chr11","14682506","14682772","41","15984557"
"chr14","30790826","30790913","chr3","184125142","184125229","12","153334316"
"chr14","30791734","30791908","chr19","16238814","16238979","37","14552920"
"chr14","30799414","30799615","chr2","31391107","31391304","39","591693"
"chr14","30808817","30809099","chr20","2049107","2049398","61","28759710"
"chr14","30832262","30832574","chr1","153508515","153508825","50","122676253"
"chr14","30846584","30846887","chr2","39815620","39815927","52","8969036"
"chr14","30871701","30872003","chr11","97213328","97213619","33","66341627"
"chr14","30887169","30887476","chr6","14745241","14745550","54","16141928"
"chr14","30904536","30904688","chrX","39844112","39844261","23","8939576"
"chr14","31032857","31033137","chr5","32225193","32225469","49","1192336"
"chr14","31131447","31131735","chr11","20385409","20385702","52","10746038"
"chr14","31148523","31148798","chr10","41485100","41485371","47","10336577"
"chr14","31152638","31152931","chr5","73075939","73076252","59","41923301"
"chr14","31296406","31296713","chr19","11726113","11726424","43","19570293"
"chr14","31448631","31448936","chr7","20593863","20594174","54","10854768"
"chr14","31466194","31466491","chr10","100757276","100757573","43","69291082"
"chr14","31550777","31551065","chr11","96529104","96529392","35","64978327"
"chr14","31557306","31557585","chr17","6560271","6560556","53","24997035"
"chr14","31589305","31589612","chr2","66989134","66989436","57","35399829"
"chr14","31606264","31606533","chr13","61026131","61026415","48","29419867"
"chr14","31619390","31619661","chr1","200518150","200518420","49","168898760"
"chr14","31621178","31621248","chr13","5578486","5578550","16","26042692"
"chr14","31655628","31655927","chr4","24826535","24826833","46","6829093"
"chr14","31658538","31658791","chr6","112750868","112751119","69","81092330"
"chr14","31677722","31678036","chr11","96392022","96392329","44","64714300"
"chr14","31718927","31719198","chr9","1992967","1993234","51","29725960"
"chr14","31811780","31811980","chr4","87873109","87873319","58","56061329"
"chr14","31861878","31862173","chr7","55364704","55364996","41","23502826"
"chr14","31877286","31877594","chr3","117540807","117541109","52","85663521"
"chr14","31898769","31899066","chr11","96159299","96159600","44","64260530"
"chr14","31940408","31940706","chr11","96115316","96115612","40","64174908"
"chr14","31943719","31944017","chrUn_GL286217","143262","143564","49","31800457"
"chr14","32004141","32004434","chr1","182874754","182875050","47","150870613"
"chr14","32005629","32005927","chr4","71933212","71933503","46","39927583"
"chr14","32068953","32069283","chr11","95992175","95992465","66","63923222"
"chr14","32091890","32092194","chr2","161510671","161510977","46","129418781"
"chr14","32125913","32126212","chr9","108561006","108561303","43","76435093"
"chr14","32275654","32275958","chr9","99101374","99101680","52","66825720"
"chr14","32303322","32303436","chr3","72030386","72030497","15","39727064"
"chr14","32315506","32315795","chr6","135888018","135888305","52","103572512"
"chr14","32368718","32369026","chr5","55380182","55380490","43","23011464"
"chr14","32370016","32370214","chr11","95628544","95628735","29","63258528"
"chr14","32470454","32470743","chr12","90146327","90146615","46","57675873"
"chr14","32544336","32544609","chr10","103345075","103345343","73","70800739"
"chr14","32623741","32624046","chr3","95007776","95008084","51","62384035"
"chr14","32667046","32667339","chr4","71933212","71933503","47","39266166"
"chr14","32706846","32707124","chr7","42545605","42545884","46","9838759"
"chr14","32845685","32845976","chr6","24071976","24072261","46","8773709"
"chr14","32871896","32872064","chr11","95136099","95136279","32","62264203"
"chr14","33306670","33306945","chr3","94785105","94785376","54","61478435"
"chr14","33360058","33360348","chr7","30907560","30907847","55","2452498"
"chr14","33678999","33679272","chr11","94290583","94290835","54","60611584"
"chr14","33766092","33766401","chr1","101902284","101902595","59","68136192"
"chr14","34124390","34124522","chr5","10559689","10559821","15","23564701"
"chr14","34504615","34504889","chr7","32426442","32426720","54","2078173"
"chr14","34551526","34551854","chr7","89998712","89999032","58","55447186"
"chr14","34566955","34567256","chr2","146982644","146982948","57","112415689"
"chr14","34611886","34612180","chr1","156890249","156890536","55","122278363"
"chr14","34710777","34711098","chr11","93205256","93205575","62","58494479"
"chr14","35194363","35194670","chr3","117540807","117541109","52","82346444"
"chr14","35500001","35500122","chr15","76799696","76799813","21","41299695"
"chr14","35728750","35729024","chr5","32225193","32225469","50","3503557"
"chr14","35886317","35886617","chr7","120468697","120468997","53","84582380"
"chr14","35937009","35937316","chr11","92001040","92001347","44","56064031"
"chr14","36105328","36105638","chr4","24714987","24715298","52","11390341"
"chr14","36336652","36336945","chr10","100757276","100757573","54","64420624"
"chr14","36517517","36517818","chr9","48129404","48129716","46","11611887"
"chr14","36918500","36918823","chrX","63342900","63343218","55","26424400"
"chr14","36987429","36987723","chr11","28125301","28125613","44","8862128"
"chr14","37017642","37017946","chr2","71331505","71331809","52","34313863"
"chr14","37037859","37038164","chr6","46088611","46088916","50","9050752"
"chr14","37045794","37046090","chr1","170771447","170771746","47","133725653"
"chr14","37121954","37122257","chr8","110783252","110783554","49","73661298"
"chr14","37133713","37134021","chr11","90821370","90821677","39","53687657"
"chr14","37148560","37148843","chr2","150624041","150624344","57","113475481"
"chr14","37148938","37149236","chr9","25525997","25526295","46","11622941"
"chr14","37230151","37230431","chr1","148438931","148439211","52","111208780"
"chr14","37381176","37381463","chr5","26340268","26340554","45","11040908"
"chr14","37521707","37521937","chr11","90436972","90437211","36","52915265"
"chr14","37573799","37574086","chr13","26334915","26335201","57","11238884"
"chr14","37586096","37586423","chr11","90377899","90378215","65","52791803"
"chr14","37636739","37637039","chr5","116663888","116664187","54","79027149"
"chr14","37654829","37655122","chr6","11099594","11099878","76","26555235"
"chr14","37735943","37736256","chr3","117540807","117541109","62","79804864"
"chr14","37865829","37866128","chr2","147728720","147729015","42","109862891"
"chr14","38086562","38086617","chr1","95482072","95482128","7","57395510"
"chr14","38090164","38090482","chr11","89866370","89866687","47","51776206"
"chr14","38145890","38146196","chr11","89802669","89802957","62","51656779"
"chr14","38426541","38426852","chr7","89404336","89404645","50","50977795"
"chr14","38439535","38439839","chr13","28096476","28096757","78","10343059"
"chr14","38900521","38900783","chr5","72712443","72712712","55","33811922"
"chr14","39247361","39247522","chr4","32101212","32101368","40","7146149"
"chr14","39247614","39247753","chr22","38616438","38616569","20","631176"
"chr14","39286557","39286751","chr10","74440982","74441174","46","35154425"
"chr14","39565011","39565094","chr13","36975400","36975485","19","2589611"
"chr14","39795968","39796162","chr8","1001756","1001945","38","38794212"
"chr14","39796938","39797052","chr1","205933415","205933532","15","166136477"
"chr14","39844817","39845121","chr2","1679121","1679426","56","38165696"
"chr14","40043698","40043998","chr6","70367906","70368206","48","30324208"
"chr14","40359109","40359149","chr1","185608395","185608435","7","145249286"
"chr14","40410928","40411238","chr9","99360376","99360678","49","58949448"
"chr14","40582153","40582461","chr5","122201605","122201907","64","81619452"
"chr14","40724064","40724319","chr17","74263289","74263538","50","33539225"
"chr14","40732056","40732322","chr12","23502581","23502850","54","17229475"
"chr14","40733177","40733226","chr7","147068321","147068369","7","106335144"
"chr14","40988898","40989030","chr6","69218466","69218598","22","28229568"
"chr14","41038663","41039001","chr11","87117612","87117929","63","46078949"
"chr14","41135028","41135304","chrX","45902603","45902881","54","4767575"
"chr14","41217302","41217484","chr7","80357805","80358002","45","39140503"
"chr14","41397824","41398124","chr21","19993204","19993505","49","21404620"
"chr14","41918166","41918481","chr11","86312092","86312397","50","44393926"
"chr14","41970490","41970756","chr12","18880279","18880546","49","23090211"
"chr14","42085098","42085369","chr4","78660176","78660436","60","36575078"
"chr14","42477426","42477701","chr6","71394303","71394576","49","28916877"
"chr14","42696054","42696381","chr5","73075939","73076252","71","30379885"
"chr14","42811846","42812146","chr11","116346925","116347227","59","73535079"
"chr14","42937096","42937349","chr2","95218174","95218434","59","52281078"
"chr14","43088437","43088703","chr12","27159992","27160249","51","15928445"
"chr14","43134633","43134947","chr7","92221825","92222134","60","49087192"
"chr14","43435692","43435775","chr2","63885917","63885999","15","20450225"
"chr14","43512006","43512271","chr8","105549929","105550192","47","62037923"
"chr14","43575483","43575618","chr8","74453932","74454071","34","30878449"
"chr14","43604896","43605017","chr5","108375490","108375612","23","64770594"
"chr14","43723565","43723856","chr1","150691684","150691975","50","106968119"
"chr14","44187145","44187442","chr5","116663888","116664187","51","72476743"
"chr14","44289417","44289706","chr11","83996779","83997053","46","39707362"
"chr14","44413271","44413352","chr13","26888294","26888389","27","17524977"
"chr14","44462606","44462835","chr18","5187600","5187840","51","39275006"
"chr14","44523387","44523688","chrUn_GL286217","143262","143564","50","44380125"
"chr14","44539535","44539813","chr3","164858470","164858748","48","120318935"
"chr14","44584543","44584675","chr20","38654179","38654311","19","5930364"
"chr14","44585779","44586079","chr7","120468697","120468997","43","75882918"
"chr14","44773091","44773370","chr2","134890220","134890504","46","90117129"
"chr14","44776795","44777087","chr4","39585539","39585826","44","5191256"
"chr14","44779017","44779313","chr12","82553157","82553454","42","37774140"
"chr14","44793209","44793372","chr6","53296406","53296565","27","8503197"
"chr14","44822786","44823082","chr3","111477906","111478203","44","66655120"
"chr14","44847856","44848168","chr6","75230350","75230656","47","30382494"
"chr14","45059208","45059507","chr11","83199229","83199533","38","38140021"
"chr14","45751156","45751268","chr22","37375392","37375502","16","8375764"
"chr14","45831960","45832233","chr14","34447912","34448185","53","11384048"
"chr14","46173171","46173473","chr7","18384707","18385006","47","27788464"
"chr14","46213254","46213435","chr3","183689850","183690027","37","137476596"
"chr14","46258104","46258399","chr9","110760805","110761097","44","64502701"
"chr14","46282385","46282659","chr5","22215223","22215494","48","24067162"
"chr14","46293675","46293940","chr1","180589014","180589283","38","134295339"
"chr14","46310269","46310552","chr19","31366058","31366340","45","14944211"
"chr14","46337453","46337728","chr11","122029380","122029662","65","75691927"
"chr14","46340905","46341081","chr2","150496709","150496881","33","104155804"
"chr14","46342015","46342182","chr12","18349416","18349582","26","27992599"
"chr14","46349361","46349650","chr11","82078629","82078916","41","35729268"
"chr14","46386375","46386693","chr11","82032048","82032339","58","35645673"
"chr14","46431962","46432274","chr4","139161294","139161606","53","92729332"
"chr14","46433273","46433558","chr1","170771447","170771746","43","124338174"
"chr14","46451865","46451916","chr5","9007643","9007695","7","37444222"
"chr14","46455190","46455469","chr8","110543944","110544225","50","64088754"
"chr14","46465113","46465213","chr8","116344612","116344706","29","69879499"
"chr14","46471854","46472109","chr2","7870495","7870735","53","38601359"
"chr14","46486239","46486374","chr16","44442384","44442512","24","2043855"
"chr14","46503802","46504108","chr1","170771447","170771746","66","124267645"
"chr14","46504381","46504512","chr8","32582267","32582399","22","13922114"
"chr14","46544408","46544721","chr7","20593863","20594174","46","25950545"
"chr14","46551259","46551559","chr6","118600755","118601054","49","72049496"
"chr14","46566318","46566608","chr5","139889919","139890213","52","93323601"
"chr14","46573373","46573672","chr7","33547338","33547635","35","13026035"
"chr14","46606873","46607167","chr20","21484687","21484985","45","25122186"
"chr14","46609941","46610207","chr9","17963025","17963290","47","28646916"
"chr14","46627122","46627409","chr3","152858583","152858869","43","106231461"
"chr14","46634734","46635043","chr5","43258967","43259274","51","3375767"
"chr14","46658238","46658494","chr7","56348206","56348456","53","9689968"
"chr14","46676640","46676862","chr13","36261401","36261599","59","10415239"
"chr14","46694086","46694402","chr9","97865498","97865809","56","51171412"
"chr14","46710853","46711118","chr11","81721068","81721327","34","35010215"
"chr14","46892278","46892402","chr9","59190391","59190517","17","12298113"
"chr14","46960934","46961031","chr12","9612526","9612620","12","37348408"
"chr14","47039649","47039891","chr13","110312774","110313038","73","63273125"
"chr14","47411077","47411373","chr22","34352998","34353299","60","13058079"
"chr14","47620738","47621038","chr11","80916528","80916822","45","33295790"
"chr14","47653339","47653621","chr4","106702443","106702725","52","59049104"
"chr14","47655955","47656254","chr7","79082583","79082878","39","31426628"
"chr14","47682552","47682876","chr7","85991106","85991417","66","38308554"
"chr14","47718974","47719288","chr17","38406601","38406937","84","9312373"
"chr14","47719983","47720029","chr22","44569677","44569721","5","3150306"
"chr14","47728528","47728591","chr13","5578486","5578550","13","42150042"
"chr14","47836700","47837009","chr11","80700686","80700994","48","32863986"
"chr14","47853831","47854136","chr9","108638571","108638873","42","60784740"
"chr14","47871955","47872256","chr21","49806208","49806506","48","1934253"
"chr14","47873779","47874077","chr1","13807754","13808053","48","34066025"
"chr14","47879389","47879680","chr1","174970853","174971146","52","127091464"
"chr14","47882031","47882327","chr2","203225383","203225677","48","155343352"
"chr14","47884122","47884411","chr2","9363059","9363338","60","38521063"
"chr14","47904116","47904404","chr9","20179931","20180227","48","27724185"
"chr14","47916117","47916416","chr7","78135655","78135948","46","30219538"
"chr14","47923987","47924288","chrUn_GL286217","143262","143564","42","47780725"
"chr14","47942592","47942906","chr11","80606796","80607081","56","32664204"
"chr14","47991582","47991891","chr2","150624041","150624344","49","102632459"
"chr14","47998791","47999112","chr5","81498354","81498668","68","33499563"
"chr14","48147141","48147438","chr11","80372340","80372637","49","32225199"
"chr14","48165596","48165855","chr3","110957419","110957682","43","62791823"
"chr14","48208599","48208905","chr9","100098416","100098714","49","51889817"
"chr14","48211397","48211680","chr6","20510060","20510351","53","27701337"
"chr14","48267752","48268062","chr5","89395004","89395323","69","41127252"
"chr14","48285872","48285973","chr1","172859768","172859871","15","124573896"
"chr14","48386255","48386550","chr2","146570178","146570467","42","98183923"
"chr14","48478198","48478494","chr10","41371866","41372162","39","7106332"
"chr14","48658033","48658342","chrX","63118288","63118597","50","14460255"
"chr14","49309802","49310095","chr7","56296910","56297210","61","6987108"
"chr14","49554862","49555164","chr2","66989134","66989436","53","17434272"
"chr14","49878189","49878504","chr1","185300277","185300585","46","135422088"
"chr14","50234601","50234908","chr6","75230350","75230656","47","24995749"
"chr14","50299825","50300114","chr22","38654238","38654519","58","11645587"
"chr14","50423680","50423986","chr21","41025095","41025401","41","9398585"
"chr14","50565219","50565506","chr11","77965713","77965999","29","27400494"
"chr14","50598067","50598364","chr5","150054821","150055118","43","99456754"
"chr14","50602466","50602728","chr12","27159992","27160249","58","23442474"
"chr14","50623223","50623513","chr4","158481330","158481605","51","107858107"
"chr14","50764253","50764523","chr11","77748101","77748366","45","26983848"
"chr14","50768012","50768298","chr6","57780653","57780942","50","7012641"
"chr14","50797944","50798253","chr1","103493366","103493665","51","52695422"
"chr14","51020011","51020205","chrUn_GL286479","62719","62906","36","50957292"
"chr14","51020975","51021087","chr4","88141979","88142091","18","37121004"
"chr14","51029293","51029428","chr20","38654179","38654311","15","12375114"
"chr14","51083764","51084060","chr5","117609240","117609536","50","66525476"
"chr14","51166325","51166430","chr5","124464623","124464718","34","73298298"
"chr14","51166432","51166561","chr5","57919124","57919256","20","6752692"
"chr14","51324466","51324716","chr8","53624189","53624446","57","2299723"
"chr14","51362191","51362356","chr3","151322790","151322964","44","99960599"
"chr14","51480410","51480697","chr9","45325979","45326278","51","6154431"
"chr14","51487250","51487545","chr10","116746267","116746562","49","65259017"
"chr14","51500530","51500830","chr11","116346925","116347227","56","64846395"
"chr14","51550860","51551163","chr6","121802757","121803058","39","70251897"
"chr14","51564389","51564707","chr11","76971388","76971705","37","25406999"
"chr14","51657767","51658091","chr2","37419304","37419621","67","14238463"
"chr14","51675050","51675180","chr3","86420730","86420862","20","34745680"
"chr14","51675754","51675953","chr10","82452255","82452456","34","30776501"
"chr14","51743227","51743532","chr6","132683407","132683710","56","80940180"
"chr14","51921811","51922092","chr2","38877656","38877939","54","13044155"
"chr14","51923227","51923367","chr7","122161683","122161817","24","70238456"
"chr14","52019743","52020033","chr2","71331505","71331809","53","19311762"
"chr14","52108043","52108285","chr9","18197010","18197245","56","33911033"
"chr14","52212283","52212596","chr5","73075939","73076252","48","20863656"
"chr14","52491735","52492056","chrX","51770091","51770403","57","721644"
"chr14","52626478","52626512","chr13","116319064","116319102","4","63692586"
"chr14","52645785","52646076","chr10","115939175","115939464","47","63293390"
"chr14","52673318","52673619","chr11","75782349","75782665","47","23109031"
"chr14","52675096","52675389","chr20","21484687","21484985","39","31190409"
"chr14","52708681","52708985","chr11","75746868","75747169","39","23038187"
"chr14","52842556","52842867","chr11","75605065","75605359","45","22762509"
"chr14","52849590","52849666","chr7","107070149","107070233","15","54220559"
"chr14","52873698","52874005","chr11","75571140","75571441","47","22697442"
"chr14","53025767","53025807","chr4","110631349","110631389","2","57605582"
"chr14","53062467","53062767","chr2","150624041","150624344","55","97561574"
"chr14","53078278","53078522","chr6","25638557","25638809","50","27439721"
"chr14","53134561","53134855","chr4","31195106","31195401","54","21939455"
"chr14","53145499","53145805","chr7","70375823","70376126","53","17230324"
"chr14","53755377","53755670","chr11","74646931","74647201","63","20891554"
"chr14","54033016","54033317","chr5","122201605","122201907","47","68168589"
"chr14","54099603","54099783","chr11","74302744","74302913","30","20203141"
"chr14","54100502","54100558","chr1","117160156","117160211","14","63059654"
"chr14","54154554","54154869","chr12","23758744","23759049","50","30395810"
"chr14","54195389","54195693","chr21","49806208","49806506","45","4389181"
"chr14","54198477","54198767","chr11","74204782","74205078","32","20006305"
"chr14","54232459","54232492","chr16","48061628","48061661","3","6170831"
"chr14","54241571","54241820","chrX","35858437","35858674","40","18383134"
"chr14","54273968","54274245","chr11","74114696","74114970","40","19840728"
"chr14","54290260","54290548","chr10","83229860","83230147","43","28939600"
"chr14","54291872","54292157","chr5","32225193","32225469","45","22066679"
"chr14","54314903","54315193","chr6","129145728","129146019","41","74830825"
"chr14","54490481","54490749","chr11","73881366","73881634","25","19390885"
"chr14","54602411","54602711","chr19","17448176","17448478","42","37154235"
"chr14","54734433","54734709","chr11","73663058","73663320","49","18928625"
"chr14","54789078","54789367","chr4","11516138","11516428","42","43272940"
"chr14","54795168","54795462","chr1","83536268","83536570","47","28741100"
"chr14","54869591","54869898","chr2","146982644","146982948","49","92113053"
"chr14","55105826","55106048","chr3","26209300","26209520","38","28896526"
"chr14","55132176","55132473","chr5","38842722","38843017","49","16289454"
"chr14","55180579","55180863","chrX","62784695","62784975","50","7604116"
"chr14","55204351","55204651","chr8","70783063","70783362","49","15578712"
"chr14","55249218","55249507","chr4","10702550","10702832","54","44546668"
"chr14","55250447","55250752","chr14","69866837","69867141","50","14616390"
"chr14","55268587","55268889","chr4","20103976","20104277","46","35164611"
"chr14","55289590","55289907","chr4","105785405","105785727","60","50495815"
"chr14","55312390","55312683","chr11","73107434","73107732","38","17795044"
"chr14","55325729","55325859","chr5","10559689","10559821","18","44766040"
"chr14","55333054","55333358","chr11","73082932","73083231","28","17749878"
"chr14","55369192","55369467","chr5","61618994","61619252","61","6249802"
"chr14","55369844","55370159","chr1","204164957","204165280","58","148795113"
"chr14","55384364","55384643","chr11","73017142","73017428","50","17632778"
"chr14","55385285","55385597","chr4","17518722","17519032","43","37866563"
"chr14","55404371","55404547","chr9","52892460","52892634","26","2511911"
"chr14","55406085","55406393","chr5","55380182","55380490","52","25903"
"chr14","55410996","55411290","chr5","3703965","3704256","46","51707031"
"chr14","55416141","55416438","chr5","64266316","64266614","41","8850175"
"chr14","55417767","55418088","chr5","73075939","73076252","57","17658172"
"chr14","55428169","55428426","chr11","72973657","72973914","37","17545488"
"chr14","55432637","55432924","chr22","37054882","37055164","45","18377755"
"chr14","55473699","55473859","chr1","11874603","11874755","37","43599096"
"chr14","55475925","55476221","chr16","92084445","92084750","53","36608520"
"chr14","55559094","55559396","chr11","72836365","72836675","55","17277271"
"chr14","55559842","55560135","chr12","17470462","17470756","44","38089380"
"chr14","55568230","55568530","chr6","46911984","46912277","51","8656246"
"chr14","55571628","55571907","chr1","116618974","116619261","56","61047346"
"chr14","55597077","55597315","chr2","97744853","97745083","61","42147776"
"chr14","55602736","55603047","chr19","23351999","23352309","51","32250737"
"chr14","55612826","55612989","chr22","8461501","8461657","26","47151325"
"chr14","55622148","55622375","chr20","38953104","38953345","47","16669044"
"chr14","55633072","55633167","chr20","27425944","27426040","14","28207128"
"chr14","55665152","55665261","chr11","72743871","72743980","14","17078719"
"chr14","55665857","55666175","chr2","71331505","71331809","73","15665648"
"chr14","55666181","55666488","chr4","139259106","139259407","49","83592925"
"chr14","55672072","55672365","chr13","63990237","63990533","54","8318165"
"chr14","55685538","55685726","chr4","43457626","43457821","44","12227912"
"chr14","55770263","55770550","chr4","87059516","87059805","47","31289253"
"chr14","55777615","55777890","chr11","72643464","72643751","45","16865849"
"chr14","55778502","55778763","chr3","173064199","173064453","55","117285697"
"chr14","55789584","55789885","chr1","13807754","13808053","49","41981830"
"chr14","55864171","55864357","chr22","2602482","2602650","63","53261689"
"chr14","55907264","55907583","chr2","11077390","11077699","58","44829874"
"chr14","55912662","55912985","chrX","107560088","107560397","59","51647426"
"chr14","55939746","55940030","chr1","194234891","194235177","43","138295145"
"chr14","55978253","55978579","chrX","17427268","17427582","57","38550985"
"chr14","55997076","55997363","chr5","80121277","80121568","36","24124201"
"chr14","56006760","56007070","chrX","63118288","63118597","45","7111528"
"chr14","56042847","56043132","chr1","107171448","107171731","67","51128601"
"chr14","56104542","56104795","chr1","181284860","181285114","42","125180318"
"chr14","56124579","56124871","chr2","35588728","35589023","52","20535851"
"chr14","56188369","56188648","chr6","17419263","17419544","55","38769106"
"chr14","56205928","56206222","chr2","147728720","147729015","45","91522792"
"chr14","56468040","56468344","chr8","115903141","115903445","52","59435101"
"chr14","56785769","56786069","chr12","20230563","20230858","51","36555206"
"chr14","57190208","57190517","chr1","104253890","104254191","46","47063682"
"chr14","57289965","57290234","chr17","54382448","54382721","47","2907517"
"chr14","57636702","57637005","chr2","37277219","37277523","52","20359483"
"chr14","57701297","57701613","chr15","34581463","34581771","55","23119834"
"chr14","57738348","57738580","chr7","21935234","21935463","57","35803114"
"chr14","57837242","57837334","chr6","31893763","31893853","14","25943479"
"chr14","57914556","57914866","chr8","94433473","94433795","61","36518917"
"chr14","57940616","57940917","chr20","24536428","24536732","50","33404188"
"chr14","58485190","58485480","chr1","78860175","78860471","46","20374985"
"chr14","58616921","58617229","chr2","150624041","150624344","51","92007120"
"chr14","58651170","58651244","chr12","102340268","102340340","14","43689098"
"chr14","58662572","58662880","chr9","101210178","101210488","51","42547606"
"chr14","58667527","58667830","chr3","71082107","71082409","68","12414580"
"chr14","58684424","58684734","chr7","49425340","49425646","45","9259084"
"chr14","58704817","58705105","chr9","82524426","82524720","59","23819609"
"chr14","58820522","58820813","chr6","17854050","17854340","47","40966472"
"chr14","58877421","58877666","chr5","38716996","38717227","49","20160425"
"chr14","59312879","59312962","chr11","110316345","110316436","22","51003466"
"chr14","59435230","59435509","chr4","133173987","133174267","45","73738757"
"chr14","59549668","59549985","chr3","188437693","188438006","66","128888025"
"chr14","59630522","59630614","chr1","173050036","173050125","14","113419514"
"chr14","59652633","59652934","chr19","38969237","38969539","54","20683396"
"chr14","60722240","60722516","chr12","44303324","44303598","45","16418916"
"chr14","61066645","61066943","chr8","841978","842272","49","60224667"
"chr14","61144307","61144616","chr4","17919516","17919823","46","43224791"
"chr14","61148189","61148478","chr11","67499311","67499610","41","6351122"
"chr14","61154733","61154891","chr5","79007533","79007692","25","17852800"
"chr14","61157413","61157698","chr11","67488882","67489169","42","6331469"
"chr14","61159682","61159974","chr21","35283943","35284237","44","25875739"
"chr14","61185575","61185815","chr11","67461789","67462044","46","6276214"
"chr14","61224149","61224454","chr22","36166225","36166522","45","25057924"
"chr14","61245545","61245840","chr9","107670130","107670426","46","46424585"
"chr14","61255299","61255587","chr7","15866570","15866853","41","45388729"
"chr14","61280190","61280453","chr11","67356008","67356271","56","6075818"
"chr14","61282542","61282822","chr6","15778074","15778356","51","45504468"
"chr14","61375520","61375620","chr14","64768514","64768617","19","3392994"
"chr14","61450535","61450703","chr9","18501585","18501751","30","42948950"
"chr14","61471884","61472021","chr16","26461015","26461151","40","35010869"
"chr14","61475980","61476270","chrX","10737832","10738131","50","50738148"
"chr14","61484257","61484559","chr11","67114765","67115055","42","5630508"
"chr14","61496262","61496425","chr9","18501585","18501751","28","42994677"
"chr14","61537081","61537239","chr11","67068618","67068780","20","5531537"
"chr14","61550425","61550530","chr2","94061242","94061349","18","32510817"
"chr14","61554729","61555004","chr2","12588191","12588476","54","48966538"
"chr14","61558968","61559239","chr15","30904933","30905201","55","30654035"
"chr14","61582461","61582769","chr5","55380182","55380490","37","6202279"
"chr14","61605397","61605703","chr2","150624041","150624344","41","89018644"
"chr14","61665623","61665920","chr11","23485743","23486033","45","38179880"
"chr14","61808019","61808189","chr11","18243796","18243968","32","43564223"
"chr14","61917128","61917360","chr7","21935234","21935463","38","39981894"
"chr14","61935215","61935381","chr10","15935118","15935277","32","46000097"
"chr14","61962045","61962205","chr22","6660273","6660438","31","55301772"
"chr14","61970146","61970433","chr9","46076517","46076799","60","15893629"
"chr14","61977890","61978184","chr11","66648129","66648424","43","4670239"
"chr14","62044456","62044774","chr17","69045271","69045580","54","7000815"
"chr14","62062322","62062619","chr3","106011472","106011765","69","43949150"
"chr14","62078146","62078437","chr1","37808141","37808437","53","24270005"
"chr14","62079019","62079345","chr5","1071186","1071494","61","61007833"
"chr14","62122772","62123077","chr12","106978892","106979197","61","44856120"
"chr14","62157749","62158038","chr5","15548983","15549271","49","46608766"
"chr14","62167268","62167564","chr1","77745311","77745604","40","15578043"
"chr14","62235971","62236079","chr2","94061242","94061349","15","31825271"
"chr14","62239222","62239524","chr7","70375823","70376126","48","8136601"
"chr14","62258181","62258495","chr9","91914844","91915147","51","29656663"
"chr14","62300349","62300667","chr4","24642107","24642416","52","37658242"
"chr14","62472585","62472900","chr5","79303042","79303347","51","16830457"
"chr14","62535279","62535591","chr3","48450700","48451011","49","14084579"
"chr14","62572635","62572927","chr19","22056417","22056707","46","40516218"
"chr14","62645934","62646238","chr2","187502578","187502887","48","124856644"
"chr14","62654076","62654339","chr1","185244843","185245107","52","122590767"
"chr14","62695831","62696142","chr2","146982644","146982948","43","84286813"
"chr14","62696512","62696592","chr5","72615428","72615510","13","9918916"
"chr14","62714986","62715283","chr15","71322961","71323259","49","8607975"
"chr14","62730928","62731213","chr5","116663888","116664187","59","53932960"
"chr14","62747129","62747433","chrUn_GL286217","143262","143564","38","62603867"
"chr14","62807743","62808038","chr1","206479202","206479499","49","143671459"
"chr14","62808898","62809192","chr4","25746204","25746495","51","37062694"
"chr14","62880834","62881040","chr13","36261401","36261599","36","26619433"
"chr14","62891384","62891691","chrX","106785435","106785739","52","43894051"
"chr14","62898705","62899023","chr13","31405619","31405930","57","31493086"
"chr14","62909708","62910001","chr12","20230563","20230858","47","42679145"
"chr14","62937593","62937894","chr11","65671387","65671673","48","2733794"
"chr14","63029217","63029516","chr11","122686903","122687200","49","59657686"
"chr14","63030901","63031201","chr2","47425745","47426045","51","15605156"
"chr14","63035482","63035782","chr2","39092505","39092804","47","23942977"
"chr14","63122728","63123056","chr11","65484802","65485110","60","2362074"
"chr14","63285623","63285658","chr7","10013289","10013326","4","53272334"
"chr14","63288052","63288344","chr6","70872416","70872710","47","7584364"
"chr14","63348150","63348434","chr2","14449376","14449663","49","48898774"
"chr14","63382719","63383028","chr1","136075782","136076086","54","72693063"
"chr14","63434980","63435293","chr12","87181267","87181572","51","23746287"
"chr14","63438052","63438370","chr4","126062982","126063287","53","62624930"
"chr14","63452813","63453118","chr13","97504784","97505088","43","34051971"
"chr14","63469532","63469843","chr15","96355814","96356120","46","32886282"
"chr14","63536373","63536684","chr11","65088518","65088830","35","1552145"
"chr14","63543984","63544270","chr8","29283402","29283703","49","34260582"
"chr14","63579360","63579617","chr11","116161081","116161338","48","52581721"
"chr14","63589662","63589876","chr8","27995813","27996033","35","35593849"
"chr14","63671681","63671981","chr9","20427165","20427460","48","43244516"
"chr14","63681135","63681297","chr11","64907274","64907446","34","1226139"
"chr14","63696150","63696293","chr15","27660893","27661035","26","36035257"
"chr14","63731540","63731820","chr17","44935014","44935287","51","18796526"
"chr14","63745728","63746028","chr4","15678129","15678430","48","48067599"
"chr14","63750649","63750935","chr13","35494166","35494454","55","28256483"
"chr14","63755513","63755812","chr9","25525997","25526295","49","38229516"
"chr14","63798383","63798649","chr10","10026953","10027220","37","53771430"
"chr14","63803859","63804091","chr17","16881492","16881711","61","46922367"
"chr14","63824195","63824494","chr1","170771447","170771746","41","106947252"
"chr14","63826551","63826832","chr9","115476369","115476657","53","51649818"
"chr14","63841664","63841964","chr3","111498783","111499075","56","47657119"
"chr14","63880049","63880207","chr3","53849572","53849729","27","10030477"
"chr14","63886131","63886421","chr6","57780653","57780942","50","6105478"
"chr14","63894812","63895121","chr14","77613723","77614028","53","13718911"
"chr14","63955348","63955645","chr11","64608740","64609032","41","653392"
"chr14","64016625","64016940","chr7","70375823","70376126","57","6359198"
"chr14","64040061","64040360","chr2","147728720","147729015","46","83688659"
"chr14","64119791","64120061","chr20","13652550","13652814","70","50467241"
"chr14","64163025","64163307","chr1","174789033","174789330","66","110626008"
"chr14","64183477","64183748","chr11","64379382","64379665","44","195905"
"chr14","64216603","64216898","chr12","108797245","108797536","52","44580642"
"chr14","64233912","64234006","chrX","7022202","7022296","18","57211710"
"chr14","64276025","64276189","chr14","24765808","24765978","28","39510217"
"chr14","64277043","64277155","chr1","198758294","198758403","22","134481251"
"chr14","64277797","64278072","chr12","93515019","93515296","51","29237222"
"chr14","64318343","64318600","chr11","64246274","64246536","33","72069"
"chr14","64352132","64352410","chr11","64220198","64220477","29","131934"
"chr14","64375867","64376159","chr1","156829227","156829517","49","92453360"
"chr14","64428738","64429038","chr11","64158879","64159194","52","269859"
"chr14","64436975","64437271","chr11","64153670","64153975","51","283305"
"chr14","64564962","64565244","chr22","44747997","44748286","48","19816965"
"chr14","64598884","64599184","chr2","150624041","150624344","50","86025157"
"chr14","64602530","64602815","chr15","45539743","45540019","52","19062787"
"chr14","64649319","64649616","chr5","78442568","78442876","44","13793249"
"chr14","64724790","64725067","chrX","40344797","40345081","49","24379993"
"chr14","64795128","64795439","chr11","63758499","63758799","49","1036629"
"chr14","64809334","64809593","chr11","63745104","63745368","42","1064230"
"chr14","64817054","64817340","chr1","41686123","41686409","55","23130931"
"chr14","64925884","64926193","chr9","101280728","101281039","55","36354844"
"chr14","64943098","64943224","chr1","148430337","148430453","26","83487239"
"chr14","65023476","65023738","chr10","29038536","29038803","52","35984940"
"chr14","65035632","65035891","chr5","23160219","23160476","43","41875413"
"chr14","65100705","65100850","chr11","73336970","73337107","37","8236265"
"chr14","65138184","65138514","chr5","73075939","73076252","49","7937755"
"chr14","65216001","65216299","chr2","63180548","63180847","45","2035453"
"chr14","65245720","65246004","chrX","40379526","40379818","45","24866194"
"chr14","65262645","65262941","chr5","106626420","106626712","50","41363775"
"chr14","65330082","65330374","chr17","28540483","28540776","44","36789599"
"chr14","65391348","65391499","chr6","154284762","154284910","36","88893414"
"chr14","65395247","65395333","chr17","39904997","39905081","11","25490250"
"chr14","65400133","65400231","chr5","35409951","35410049","11","29990182"
"chr14","65415946","65416249","chr5","116663888","116664187","43","51247942"
"chr14","65523128","65523372","chrX","120162403","120162628","52","54639275"
"chr14","65670212","65670512","chr2","147728720","147729015","49","82058508"
"chr14","65690616","65690687","chr2","6648559","6648630","6","59042057"
"chr14","65897557","65897820","chr6","136008301","136008560","55","70110744"
"chr14","65909267","65909578","chrX","63118288","63118597","44","2790979"
"chr14","66077001","66077281","chr1","210134180","210134465","51","144057179"
"chr14","66139640","66139952","chr21","41025095","41025401","53","25114545"
"chr14","66154223","66154435","chr4","104725488","104725698","35","38571265"
"chr14","66178386","66178697","chr5","73075939","73076252","55","6897553"
"chr14","66265043","66265347","chr2","57488404","57488709","49","8776639"
"chr14","66320080","66320372","chr11","62270961","62271248","45","4049119"
"chr14","66379946","66380242","chr5","116663888","116664187","44","50283942"
"chr14","66382295","66382603","chr11","62196644","62196949","46","4185651"
"chr14","66451855","66452147","chr7","136177181","136177467","67","69725326"
"chr14","66479523","66479831","chr2","71331505","71331809","48","4851982"
"chr14","66490841","66491140","chrX","17705039","17705341","33","48785802"
"chr14","66537751","66538061","chr9","122689798","122690105","50","56152047"
"chr14","66647712","66648010","chr7","58917227","58917519","54","7730485"
"chr14","66656532","66656624","chr11","61908215","61908307","10","4748317"
"chr14","66671010","66671292","chr5","106626420","106626712","65","39955410"
"chr14","66734158","66734425","chr11","61823642","61823909","36","4910516"
"chr14","66738293","66738585","chr12","100008763","100009057","46","33270470"
"chr14","66745158","66745457","chr11","61791687","61791981","37","4953471"
"chr14","66769319","66769514","chr1","76878838","76879022","42","10109519"
"chr14","66955411","66955638","chr11","61523175","61523363","60","5432236"
"chr14","66981221","66981282","chr3","175065083","175065145","10","108083862"
"chr14","67104028","67104340","chr12","105081170","105081479","44","37977142"
"chr14","67297493","67297766","chr5","72712443","72712712","55","5414950"
"chr14","67365459","67365761","chr8","112330109","112330407","53","44964650"
"chr14","67404503","67404835","chr14","6471804","6472122","59","60932699"
"chr14","67406425","67406690","chr12","114044707","114044989","76","46638282"
"chr14","67417181","67417404","chr5","83682899","83683121","56","16265718"
"chr14","67461566","67461867","chr15","38910043","38910338","43","28551523"
"chr14","67518497","67518672","chr9","14473384","14473561","28","53045113"
"chr14","67547734","67548020","chr9","111529757","111530048","47","43982023"
"chr14","67549816","67550104","chr5","122404661","122404952","59","54854845"
"chr14","67554259","67554542","chr2","73835190","73835475","43","6280931"
"chr14","67673252","67673558","chr11","60437660","60437969","43","7235592"
"chr14","67693904","67694184","chr6","154377858","154378131","51","86683954"
"chr14","67714481","67714804","chr14","46459154","46459459","72","21255327"
"chr14","67745591","67745642","chr4","8744496","8744548","4","59001095"
"chr14","67755782","67756090","chr6","21930692","21931000","48","45825090"
"chr14","67794334","67794596","chr11","60282193","60282457","41","7512141"
"chr14","67795283","67795572","chr11","60281227","60281522","44","7514056"
"chr14","67806396","67806707","chr5","43073647","43073957","55","24732749"
"chr14","67814218","67814516","chrX","8623810","8624109","53","59190408"
"chr14","67819828","67820058","chr10","27834176","27834398","52","39985652"
"chr14","67826219","67826517","chr12","102748139","102748432","51","34921920"
"chr14","67844282","67844571","chr2","147728720","147729015","39","79884438"
"chr14","67845779","67845960","chr21","35850021","35850192","49","31995758"
"chr14","67845992","67846286","chr2","170889338","170889635","57","103043346"
"chr14","67876391","67876685","chr1","170771447","170771746","42","102895056"
"chr14","67916170","67916463","chr2","147728720","147729015","37","79812550"
"chr14","67954212","67954518","chr9","120468304","120468608","53","52514092"
"chr14","67959422","67959697","chr16","94371430","94371694","64","26412008"
"chr14","67968882","67969192","chr11","60126029","60126328","42","7842853"
"chr14","67983383","67983684","chr11","60112450","60112751","49","7870933"
"chr14","67999648","67999958","chr19","38606278","38606578","51","29393370"
"chr14","68044703","68044834","chr11","60053600","60053727","15","7991103"
"chr14","68086192","68086458","chr1","168266231","168266495","51","100180039"
"chr14","68150736","68150986","chr8","93750596","93750840","40","25599860"
"chr14","68152121","68152236","chr12","12621470","12621587","19","55530651"
"chr14","68203755","68204049","chr12","107125942","107126232","46","38922187"
"chr14","68252657","68252952","chr2","170945482","170945775","59","102692825"
"chr14","68265314","68265612","chr11","59810906","59811212","44","8454408"
"chr14","68360131","68360432","chr4","139259106","139259407","53","70898975"
"chr14","68366832","68367105","chr5","60636906","60637186","65","7729926"
"chr14","68367724","68367810","chr6","87821737","87821814","22","19454013"
"chr14","68404403","68404711","chr10","22665922","22666223","52","45738481"
"chr14","68432926","68433277","chr5","154084537","154084834","96","85651611"
"chr14","68443194","68443480","chr5","57595002","57595278","67","10848192"
"chr14","68624752","68625061","chr5","73075939","73076252","46","4451187"
"chr14","68630440","68630726","chr1","186610138","186610422","56","117979698"
"chr14","68645896","68646152","chr18","27648623","27648880","55","40997273"
"chr14","68877551","68877823","chr14","32863987","32864257","56","36013564"
"chr14","68981625","68981933","chr6","117332912","117333211","55","48351287"
"chr14","69176193","69176495","chr7","56296910","56297210","50","12879283"
"chr14","69360198","69360355","chr11","58634800","58634958","22","10725398"
"chr14","69390878","69391176","chr5","153535285","153535587","56","84144407"
"chr14","69408677","69408848","chr12","18349416","18349582","35","51059261"
"chr14","69604873","69605155","chr9","10014085","10014350","63","59590788"
"chr14","69683256","69683560","chr4","137135438","137135728","60","67452182"
"chr14","69718903","69719171","chr11","58255940","58256217","51","11462963"
"chr14","70000900","70001224","chr16","8469657","8469968","75","61531243"
"chr14","70035465","70035769","chr4","153971941","153972236","54","83936476"
"chr14","70161324","70161631","chr9","122689798","122690105","52","52528474"
"chr14","70848417","70848719","chr11","57214141","57214437","51","13634276"
"chr14","71317877","71318085","chr8","87730247","87730464","60","16412370"
"chr14","71323349","71323643","chr10","100757276","100757573","56","29433927"
"chr14","71488095","71488180","chr2","9154740","9154829","12","62333355"
"chr14","72094818","72094956","chr9","7671395","7671529","23","64423423"
"chr14","72400485","72400797","chrX","62322798","62323099","60","10077687"
"chr14","72543391","72543658","chr19","30037309","30037579","53","42506082"
"chr14","72618419","72618713","chr5","106626420","106626712","53","34008001"
"chr14","72708663","72708927","chr7","14181724","14181998","56","58526939"
"chr14","72730907","72731211","chr11","15561808","15562111","49","57169099"
"chr14","72779321","72779620","chr22","35858140","35858429","52","36921181"
"chr14","72856380","72856685","chr11","55136927","55137227","47","17719453"
"chr14","72858829","72859128","chr11","19304678","19304978","45","53554151"
"chr14","72981729","72981909","chr9","105071491","105071669","32","32089762"
"chr14","72996793","72997102","chr4","30648483","30648788","39","42348310"
"chr14","73001280","73001588","chr2","150624041","150624344","45","77622761"
"chr14","73027212","73027494","chr13","26185489","26185772","52","46841723"
"chr14","73084212","73084397","chr5","125765250","125765427","34","52681038"
"chr14","73088940","73089259","chr2","153267314","153267618","48","80178374"
"chr14","73095953","73096238","chr11","54902066","54902333","57","18193887"
"chr14","73098906","73099199","chr7","50803128","50803418","50","22295778"
"chr14","73099394","73099705","chr12","55072261","55072571","51","18027133"
"chr14","73099946","73100236","chr11","54898334","54898631","44","18201612"
"chr14","73102756","73102968","chr1","199541886","199542107","34","126439130"
"chr14","73114049","73114343","chr11","54892453","54892749","45","18221596"
"chr14","73162667","73162802","chr2","137914276","137914406","22","64751609"
"chr14","73209437","73209736","chr7","70375823","70376126","49","2833614"
"chr14","73250347","73250635","chr16","93560681","93560971","44","20310334"
"chr14","73275055","73275331","chr1","137279824","137280110","63","64004769"
"chr14","73606046","73606308","chr11","54330039","54330317","48","19276007"
"chr14","73712874","73713185","chr5","23128027","23128331","45","50584847"
"chr14","73840452","73840773","chr6","21930692","21931000","57","51909760"
"chr14","73940375","73940540","chr2","131597618","131597785","34","57657243"
"chr14","74104749","74104994","chr8","110712747","110712993","76","36607998"
"chr14","74266102","74266357","chr17","39733513","39733762","65","34532589"
"chr14","74297333","74297637","chr22","11976526","11976827","49","62320807"
"chr14","74420565","74420846","chr11","53489558","53489841","42","20931007"
"chr14","74656616","74656723","chr10","8845544","8845652","15","65811072"
"chr14","74738457","74738580","chr9","99830079","99830203","27","25091622"
"chr14","74745444","74745763","chr13","43553243","43553554","56","31192201"
"chr14","74769299","74769614","chr5","73075939","73076252","62","1693360"
"chr14","75090479","75090719","chr11","52814584","52814821","34","22275895"
"chr14","75429828","75429945","chr1","121392334","121392446","26","45962506"
"chr14","75548994","75549265","chr11","52360310","52360555","67","23188684"
"chr14","75653964","75654246","chr5","121741104","121741386","48","46087140"
"chr14","75671920","75672189","chr8","97925884","97926162","47","22253964"
"chr14","75687978","75688294","chr11","52205464","52205783","45","23482514"
"chr14","75719434","75719557","chr11","52168849","52168971","13","23550585"
"chr14","75735344","75735638","chr6","7755539","7755830","51","67979805"
"chr14","75784482","75784769","chr3","152858583","152858869","48","77074101"
"chr14","75890294","75890541","chr9","85583535","85583783","44","9693241"
"chr14","75924683","75924974","chr8","123394938","123395230","58","47470255"
"chr14","75927142","75927476","chr11","90277998","90278322","57","14350856"
"chr14","75976485","75976793","chr5","96179767","96180077","45","20203282"
"chr14","75997465","75997732","chr1","148438931","148439211","60","72441466"
"chr14","76021898","76022194","chr12","51315090","51315385","49","24706808"
"chr14","76075451","76075751","chr8","102966630","102966943","59","26891179"
"chr14","76076008","76076058","chr13","108521722","108521772","7","32445714"
"chr14","76105003","76105177","chr8","75478049","75478221","29","626954"
"chr14","76148103","76148389","chr11","59123751","59124035","47","17024352"
"chr14","76157198","76157509","chr11","51720768","51721077","42","24436430"
"chr14","76182016","76182318","chr5","59461001","59461310","52","16721015"
"chr14","76228723","76229017","chr11","51646386","51646686","35","24582337"
"chr14","76296524","76296672","chr6","154284762","154284910","29","77988238"
"chr14","76311192","76311486","chr3","88018588","88018878","51","11707396"
"chr14","76327346","76327428","chrX","32616824","32616903","12","43710522"
"chr14","76344905","76344992","chr5","72615428","72615510","14","3729477"
"chr14","76442880","76443176","chr9","25525997","25526295","55","50916883"
"chr14","76443675","76443842","chr9","110503091","110503258","33","34059416"
"chr14","76511324","76511628","chr2","81574623","81574926","49","5063299"
"chr14","76633832","76634109","chr11","51213156","51213455","49","25420676"
"chr14","76850131","76850437","chr8","105737673","105737982","55","28887542"
"chr14","76957453","76957683","chr2","52577103","52577332","41","24380350"
"chr14","76984094","76984276","chr10","126091805","126091971","40","49107711"
"chr14","77040572","77040699","chr10","22189133","22189257","30","54851439"
"chr14","77041154","77041478","chr13","31405619","31405930","58","45635535"
"chr14","77095645","77095943","chr11","50720687","50720978","38","26374958"
"chr14","77206235","77206540","chr20","44349204","44349515","54","32857031"
"chr14","77391762","77392058","chr22","42274761","42275058","48","35117001"
"chr14","77451447","77451662","chr11","50349612","50349824","32","27101835"
"chr14","77559100","77559386","chr4","105560626","105560914","36","28001526"
"chr14","77680164","77680465","chr7","25925292","25925587","49","51754872"
"chr14","78012279","78012579","chr2","1611654","1611950","59","76400625"
"chr14","78146736","78146840","chr11","64928533","64928638","18","13218203"
"chr14","78457829","78458101","chr12","36903935","36904218","56","41553894"
"chr14","78718210","78718517","chr9","122689798","122690105","56","43971588"
"chr14","78725631","78725936","chr5","11540307","11540609","58","67185324"
"chr14","78818866","78819144","chr5","107761416","107761690","62","28942550"
"chr14","79231157","79231460","chr5","73075939","73076252","48","6155218"
"chr14","79498073","79498357","chr3","170772436","170772722","55","91274363"
"chr14","79715152","79715460","chr2","39815620","39815927","58","39899532"
"chr14","79982279","79982409","chrX","22464573","22464705","27","57517706"
"chr14","80277933","80278237","chr10","100757276","100757573","48","20479343"
"chr14","80692053","80692354","chrX","14757652","14757955","56","65934401"
"chr14","80713308","80713585","chrX","40344797","40345081","50","40368511"
"chr14","80731887","80732189","chr2","21221110","21221412","52","59510777"
"chr14","81333699","81333996","chr3","125727711","125728005","52","44394012"
"chr14","81706538","81706843","chr1","199360645","199360948","58","117654107"
"chr14","81747105","81747384","chr5","119334106","119334386","55","37587001"
"chr14","81981075","81981382","chr11","45682277","45682584","51","36298798"
"chr14","82014060","82014367","chr11","45648974","45649277","48","36365086"
"chr14","82184890","82185185","chr6","119011301","119011592","48","36826411"
"chr14","82398321","82398405","chr16","54177415","54177497","20","28220906"
"chr14","82408218","82408487","chr11","45268896","45269169","39","37139322"
"chr14","82471014","82471298","chr11","45207634","45207922","49","37263380"
"chr14","82757253","82757546","chr1","140333436","140333732","63","57576183"
"chr14","82889155","82889445","chr7","155162191","155162474","42","72273036"
"chr14","83348414","83348719","chr2","36478057","36478360","49","46870357"
"chr14","83356032","83356167","chr5","10559689","10559821","21","72796343"
"chr14","83363347","83363658","chr15","24029162","24029466","48","59334185"
"chr14","83408562","83408861","chr2","146982644","146982948","57","63574082"
"chr14","83469697","83469992","chr11","44135601","44135901","56","39334096"
"chr14","83495288","83495597","chr13","99873551","99873861","56","16378263"
"chr14","83511100","83511249","chr20","7904209","7904363","35","75606891"
"chr14","83519621","83519922","chr9","25525997","25526295","49","57993624"
"chr14","83530111","83530412","chr1","10455735","10456039","45","73074376"
"chr14","83543735","83543792","chr3","7415029","7415083","9","76128706"
"chr14","83556606","83556904","chrX","17315139","17315434","44","66241467"
"chr14","83584689","83584967","chr13","95861251","95861532","43","12276562"
"chr14","83608338","83608633","chr7","74009338","74009645","61","9599000"
"chr14","83643865","83643934","chr9","51536064","51536133","13","32107801"
"chr14","83647642","83647929","chr11","43914705","43914993","40","39732937"
"chr14","83692427","83692726","chr11","43865428","43865723","43","39826999"
"chr14","83881715","83882036","chr11","43655001","43655337","64","40226714"
"chr14","83998416","83998705","chr6","118101228","118101518","41","34102812"
"chr14","84211167","84211463","chr7","44689617","44689912","48","39521550"
"chr14","84238238","84238546","chr11","43278921","43279229","42","40959317"
"chr14","84249933","84250201","chr11","43265205","43265473","41","40984728"
"chr14","84269239","84269500","chr6","148627180","148627440","50","64357941"
"chr14","84308078","84308380","chr11","43207383","43207677","43","41100695"
"chr14","84337610","84337723","chr12","90962165","90962284","20","6624555"
"chr14","84555955","84556235","chr20","26369514","26369801","62","58186441"
"chr14","84682258","84682567","chr10","10473186","10473493","49","74209072"
"chr14","84725649","84725739","chr5","50653388","50653477","21","34072261"
"chr14","84884815","84885113","chr5","139889919","139890213","43","55005104"
"chr14","85152828","85153072","chr5","78099242","78099485","46","7053586"
"chr14","85257746","85258003","chr2","97467584","97467836","58","12209838"
"chr14","85469296","85469471","chr20","3785470","3785644","29","81683826"
"chr14","85501914","85502186","chr9","108649185","108649451","41","23147271"
"chr14","85565286","85565574","chr11","115294455","115294737","54","29729169"
"chr14","85635457","85635766","chr18","2673991","2674299","49","82961466"
"chr14","85652222","85652518","chr6","119011301","119011592","41","33359079"
"chr14","85666550","85666726","chr17","28328813","28328985","29","57337737"
"chr14","85667020","85667148","chr9","7140047","7140177","20","78526973"
"chr14","85688548","85688854","chr7","70375823","70376126","52","15312725"
"chr14","85807234","85807460","chr2","21530661","21530876","37","64276573"
"chr14","86179705","86179985","chr2","137499546","137499827","50","51319841"
"chr14","86291200","86291492","chr3","170772436","170772722","48","84481236"
"chr14","86406423","86406723","chr12","51315090","51315385","50","35091333"
"chr14","86490082","86490353","chrX","39192560","39192834","49","47297522"
"chr14","86731248","86731550","chr12","78762116","78762425","48","7969132"
"chr14","87201535","87201848","chr11","66042661","66042971","60","21158874"
"chr14","87241050","87241319","chr11","40036238","40036537","63","47204812"
"chr14","87386249","87386528","chr2","39969951","39970236","50","47416298"
"chr14","87418938","87419076","chr1","76974389","76974524","34","10444549"
"chr14","87445600","87445910","chr5","73075939","73076252","56","14369661"
"chr14","87513437","87513727","chr12","51888773","51889064","45","35624664"
"chr14","87659775","87659819","chr6","119089915","119089957","5","31430140"
"chr14","87717536","87717860","chr1","115546298","115546611","70","27828762"
"chr14","87901174","87901482","chr11","39333788","39334095","57","48567386"
"chr14","88050138","88050200","chr22","17000001","17000064","11","71050137"
"chr14","88051752","88051996","chr9","2206733","2206981","45","85845019"
"chr14","88200272","88200562","chr3","19993966","19994253","44","68206306"
"chr14","88501439","88501749","chr1","172008061","172008371","55","83506622"
"chr14","88508428","88508724","chr10","99483273","99483561","57","10974845"
"chr14","88696997","88697289","chr11","38459113","38459405","44","50237884"
"chr14","88753539","88753648","chr1","194826474","194826580","20","106072935"
"chr14","89017760","89018060","chr9","25525997","25526295","49","63491763"
"chr14","89178268","89178577","chr3","137448346","137448639","63","48270078"
"chr14","89252502","89252781","chr7","119842356","119842636","66","30589854"
"chr14","89363013","89363304","chr11","37738100","37738392","57","51624913"
"chr14","89398140","89398440","chr7","70375823","70376126","48","19022317"
"chr14","89479873","89480150","chr19","23703813","23704099","59","65776060"
"chr14","89768827","89768918","chr7","56694164","56694251","19","33074663"
"chr14","89937878","89938144","chr4","71859217","71859480","62","18078661"
"chr14","90146326","90146619","chr1","139356973","139357268","58","49210647"
"chr14","90198243","90198533","chr9","111529757","111530048","49","21331514"
"chr14","90253309","90253570","chr1","166471625","166471897","56","76218316"
"chr14","90318405","90318697","chr12","20230563","20230858","52","70087842"
"chr14","90433837","90434141","chr7","117579613","117579898","58","27145776"
"chr14","90538915","90539179","chr11","36382852","36383115","45","54156063"
"chr14","90988470","90988785","chr11","35970723","35971031","50","55017747"
"chr14","91164480","91164755","chr1","171067968","171068241","42","79903488"
"chr14","91371253","91371295","chr5","11370972","11371016","5","80000281"
"chr14","91438637","91438924","chr1","186610138","186610422","41","95171501"
"chr14","91443714","91444024","chr11","35523333","35523644","55","55920381"
"chr14","91580505","91580805","chr9","96353310","96353605","45","4772805"
"chr14","91626515","91626823","chr4","68873266","68873577","47","22753249"
"chr14","91634117","91634421","chrX","17705039","17705341","43","73929078"
"chr14","91729470","91729799","chr7","137342012","137342330","64","45612542"
"chr14","91737863","91738135","chr5","43272103","43272376","51","48465760"
"chr14","91799728","91800035","chr5","120225189","120225498","50","28425461"
"chr14","91815982","91816274","chr11","35068605","35068894","37","56747377"
"chr14","91861133","91861205","chr3","83724372","83724442","14","8136761"
"chr14","91868818","91869111","chr1","168926697","168926979","55","77057879"
"chr14","91870289","91870585","chrX","46819628","46819925","47","45050661"
"chr14","91871672","91871975","chr6","75230350","75230656","45","16641322"
"chr14","91872434","91872726","chr4","161032062","161032360","47","69159628"
"chr14","91881984","91882288","chr13","74012801","74013097","46","17869183"
"chr14","91885884","91886085","chr7","98231077","98231279","56","6345193"
"chr14","91930148","91930453","chr5","99783216","99783512","66","7853068"
"chr14","91937268","91937560","chrX","45924991","45925287","47","46012277"
"chr14","91944532","91944827","chr9","91473040","91473349","56","471492"
"chr14","91951084","91951303","chr14","2794925","2795146","40","89156159"
"chr14","91992426","91992725","chrX","69084841","69085134","49","22907585"
"chr14","92026651","92026951","chr5","116663888","116664187","45","24637237"
"chr14","92028897","92029202","chr1","135282348","135282656","53","43253451"
"chr14","92097117","92097335","chr17","34809389","34809609","34","57287728"
"chr14","92101130","92101437","chr12","53501570","53501876","56","38599560"
"chr14","92113493","92113531","chr9","111286648","111286684","6","19173155"
"chr14","92113543","92113744","chr3","111522733","111522938","37","19409190"
"chr14","92120466","92120775","chr17","69045271","69045580","44","23075195"
"chr14","92124561","92124853","chr11","208532","208822","33","91916029"
"chr14","92135825","92136119","chr18","44372548","44372840","49","47763277"
"chr14","92284233","92284537","chr11","372667","372973","54","91911566"
"chr14","92292224","92292513","chr5","20959063","20959352","50","71333161"
"chr14","92292868","92293170","chrX","64172412","64172721","55","28120456"
"chr14","92376057","92376305","chr7","56348206","56348456","52","36027851"
"chr14","92451926","92452233","chr5","106626420","106626712","53","14174494"
"chr14","92505714","92505837","chr9","59190391","59190517","26","33315323"
"chr14","92511820","92512118","chr9","25525997","25526295","50","66985823"
"chr14","92513095","92513388","chr6","57780653","57780942","40","34732442"
"chr14","92517861","92518169","chr5","55380182","55380490","51","37137679"
"chr14","92537268","92537589","chr5","5631032","5631330","71","86906236"
"chr14","92539979","92540276","chr10","30059390","30059686","67","62480589"
"chr14","92578343","92578528","chr11","681353","681538","27","91896990"
"chr14","92648562","92648868","chr7","85080523","85080815","59","7568039"
"chr14","92656194","92656489","chr4","71933212","71933503","40","20722982"
"chr14","92688110","92688399","chr11","776287","776568","34","91911823"
"chr14","92690263","92690354","chr5","146941010","146941097","17","54250747"
"chr14","92750547","92750800","chr5","123404244","123404496","45","30653697"
"chr14","92889009","92889311","chr9","44880088","44880390","53","48008921"
"chr14","93040262","93040329","chr7","138579359","138579422","6","45539097"
"chr14","93103082","93103386","chr5","91678600","91678912","57","1424482"
"chr14","93132162","93132442","chrX","39454622","39454913","55","53677540"
"chr14","93198111","93198298","chr5","58157837","58158025","32","35040274"
"chr14","93213372","93213680","chr2","63276116","63276427","49","29937256"
"chr14","93638639","93638947","chr2","146982644","146982948","53","53344005"
"chr14","93895009","93895299","chr1","186610138","186610422","50","92715129"
"chr14","94130851","94131114","chr11","62322403","62322665","48","31808448"
"chr14","94131695","94131840","chr9","39155351","39155496","27","54976344"
"chr14","94155435","94155634","chr9","109493847","109494043","47","15338412"
"chr14","94353933","94354085","chr9","40995099","40995250","33","53358834"
"chr14","94425859","94426079","chr5","10091496","10091703","46","84334363"
"chr14","94504378","94504666","chr14","65351671","65351968","67","29152707"
"chr14","95150301","95150369","chr21","43342673","43342743","18","51807628"
"chr14","95579471","95579773","chr4","54370195","54370493","42","41209276"
"chr14","96134285","96134553","chr5","107761416","107761690","46","11627131"
"chr14","96332411","96332744","chr11","4413878","4414201","60","91918533"
"chr14","96419586","96419764","chr9","14473384","14473561","36","81946202"
"chr14","96523375","96523611","chr5","140447625","140447857","60","43924250"
"chr14","96591888","96592189","chr11","4763546","4763840","46","91828342"
"chr14","96782927","96783091","chr3","26368557","26368719","23","70414370"
"chr14","96796780","96797071","chr12","89210802","89211096","48","7585978"
"chr14","96879979","96880246","chr5","72712443","72712712","47","24167536"
"chr14","96892202","96892507","chr9","99101374","99101680","48","2209172"
"chr14","96896012","96896322","chr7","60204006","60204315","57","36692006"
"chr14","96896420","96896673","chr7","66633840","66634076","52","30262580"
"chr14","96903176","96903473","chr6","16483926","16484219","48","80419250"
"chr14","96935599","96935864","chr8","105549929","105550192","48","8614330"
"chr14","96938581","96938901","chr2","3733544","3733853","62","93205037"
"chr14","97043259","97043333","chr9","90274754","90274831","13","6768505"
"chr14","97066281","97066575","chr11","5236459","5236753","48","91829822"
"chr14","97067642","97067771","chr12","16662465","16662595","26","80405177"
"chr14","97106664","97106910","chr8","93750596","93750840","46","3356068"
"chr14","97120718","97121008","chr1","41686123","41686409","52","55434595"
"chr14","97131471","97131763","chr13","50048062","50048357","54","47083409"
"chr14","97184627","97184924","chrX","45924991","45925287","45","51259636"
"chr14","97187503","97187805","chr14","83083786","83084089","52","14103717"
"chr14","97200820","97201131","chr12","37179701","37180010","56","60021119"
"chr14","97205228","97205520","chr5","116663888","116664187","46","19458660"
"chr14","97246358","97246631","chr7","8743700","8743970","56","88502658"
"chr14","97277369","97277453","chr1","84409375","84409459","11","12867994"
"chr14","97284710","97284854","chr21","45338800","45338950","24","51945910"
"chr14","97288608","97288894","chr11","5448560","5448864","54","91840048"
"chr14","97315988","97316277","chr6","119011301","119011592","50","21695313"
"chr14","97325545","97325857","chr5","124645645","124645952","53","27320100"
"chr14","97336367","97336614","chr2","97744853","97745083","67","408486"
"chr14","97394600","97394843","chr7","145422407","145422661","59","48027807"
"chr14","97436136","97436426","chr5","150054821","150055118","54","52618685"
"chr14","97449906","97450196","chr2","40804021","40804312","45","56645885"
"chr14","97467999","97468299","chr2","13919309","13919605","46","83548690"
"chr14","97469221","97469473","chr5","4211180","4211434","60","93258041"
"chr14","97489532","97489813","chr8","96587465","96587749","50","902067"
"chr14","97513791","97514088","chr11","5709079","5709384","49","91804712"
"chr14","97524710","97525021","chr9","101280728","101281039","49","3756018"
"chr14","97570869","97571160","chr1","77745311","77745604","45","19825558"
"chr14","97583857","97584162","chr7","70074333","70074637","49","27509524"
"chr14","97595248","97595279","chr20","11382274","11382304","2","86212974"
"chr14","97614108","97614402","chr2","1572464","1572757","49","96041644"
"chr14","97673387","97673439","chr1","170703737","170703784","6","73030350"
"chr14","97685766","97686067","chr5","141142421","141142719","51","43456655"
"chr14","97764309","97764621","chr17","69045271","69045580","52","28719038"
"chr14","97815640","97815933","chr2","150624041","150624344","43","52808401"
"chr14","97818039","97818350","chr4","54370195","54370493","46","43447844"
"chr14","97818765","97818840","chr1","171824880","171824957","19","74006115"
"chr14","97818972","97819212","chr13","97701429","97701665","42","117543"
"chr14","97845838","97845970","chr11","6083722","6083856","16","91762116"
"chr14","97848288","97848572","chr8","65449085","65449370","52","32399203"
"chr14","97876616","97876903","chr22","34904194","34904486","47","62972422"
"chr14","97885555","97885866","chr9","120468304","120468608","49","22582749"
"chr14","97903347","97903454","chr22","9954820","9954924","22","87948527"
"chr14","97903715","97904006","chr2","2218970","2219260","56","95684745"
"chr14","97917994","97918072","chr1","200228016","200228094","11","102310022"
"chr14","97975233","97975500","chr1","121001735","121002005","51","23026502"
"chr14","97985076","97985381","chr14","180341","180641","48","97804735"
"chr14","98099003","98099320","chr5","73075939","73076252","54","25023064"
"chr14","98123891","98124256","chr9","25525997","25526295","116","72597894"
"chr14","98307939","98308260","chr11","6554530","6554842","42","91753409"
"chr14","98462518","98462810","chr7","96394798","96395086","44","2067720"
"chr14","98581882","98582161","chr13","10247200","10247479","37","88334682"
"chr14","98794977","98795270","chr4","158769812","158770108","48","59974835"
"chr14","99142596","99142890","chr2","36988574","36988869","48","62154022"
"chr14","99240749","99241048","chr9","37593064","37593361","50","61647685"
"chr14","99243526","99243754","chr11","106480010","106480237","45","7236484"
"chr14","99322674","99322922","chr7","47053043","47053292","43","52269631"
"chr14","99333607","99333904","chr2","18967756","18968049","53","80365851"
"chr14","99357436","99357739","chr4","54370195","54370493","47","44987241"
"chr14","99358834","99359108","chr4","155605212","155605495","56","56246378"
"chr14","99376728","99377000","chr11","95629919","95630186","50","3746809"
"chr14","99382986","99383289","chr7","87384353","87384653","51","11998633"
"chr14","99444380","99444676","chr11","7726415","7726710","34","91717965"
"chr14","99454872","99455146","chr12","16160305","16160587","54","83294567"
"chr14","99472172","99472324","chr3","65585318","65585466","30","33886854"
"chr14","99501251","99501553","chr2","13919309","13919605","57","85581942"
"chr14","99506014","99506285","chr4","158481330","158481605","43","58975316"
"chr14","99576672","99576972","chr2","71331505","71331809","48","28245167"
"chr14","99593161","99593462","chr3","150126326","150126623","66","50533165"
"chr14","99641235","99641484","chr21","4245033","4245286","49","95396202"
"chr14","99647454","99647734","chr4","158481330","158481605","47","58833876"
"chr14","99654408","99654464","chr7","54819198","54819253","11","44835210"
"chr14","99675616","99675917","chr11","7965377","7965672","40","91710239"
"chr14","99701326","99701671","chr11","7997246","7997585","49","91704080"
"chr14","99844243","99844540","chr5","153535285","153535587","42","53691042"
"chr14","99854088","99854378","chr21","40209113","40209403","43","59644975"
"chr14","99950592","99950902","chr10","14690438","14690745","52","85260154"
"chr14","99970995","99971280","chr11","8489301","8489594","45","91481694"
"chr14","100030700","100031017","chr5","73075939","73076252","46","26954761"
"chr14","100077289","100077600","chr9","5461603","5461909","52","94615686"
"chr14","100111675","100111995","chrX","38848777","38849093","60","61262898"
"chr14","100156635","100156939","chr7","70375823","70376126","52","29780812"
"chr14","100196729","100197031","chr6","140581095","140581398","49","40384366"
"chr14","100243231","100243405","chr6","112280193","112280359","32","12036962"
"chr14","100243558","100243689","chr3","86420730","86420862","23","13822828"
"chr14","100432369","100432662","chr10","91500686","91500984","39","8931683"
"chr14","100486084","100486390","chr5","802010","802319","54","99684074"
"chr14","100566538","100566711","chr10","91656325","91656497","31","8910213"
"chr14","101019682","101019791","chr18","6012452","6012555","21","95007230"
"chr14","101113589","101113891","chr2","34962181","34962466","66","66151408"
"chr14","101265551","101265870","chr11","9314010","9314305","45","91951541"
"chr14","101310427","101310725","chr1","86742621","86742919","42","14567806"
"chr14","101324754","101325061","chr5","90286504","90286812","47","11038250"
"chr14","101333593","101333862","chr2","73114355","73114612","60","28219238"
"chr14","101381146","101381410","chr8","53624189","53624446","63","47756957"
"chr14","101411117","101411253","chr5","154536914","154537051","20","53125797"
"chr14","101449819","101450097","chr11","9500180","9500453","37","91949639"
"chr14","101500059","101500357","chr9","115857714","115858000","61","14357655"
"chr14","101514118","101514359","chr13","49797727","49797974","42","51716391"
"chr14","101518834","101518989","chr2","111325762","111325930","28","9806928"
"chr14","101542707","101542907","chr12","13379859","13380051","33","88162848"
"chr14","101564375","101564673","chr6","149746694","149746991","46","48182319"
"chr14","101589902","101590206","chr5","55380182","55380490","41","46209720"
"chr14","101640080","101640382","chrX","17705039","17705341","42","83935041"
"chr14","101728341","101728650","chr9","105072042","105072344","52","3343701"
"chr14","101767409","101767712","chr5","55380182","55380490","45","46387227"
"chr14","101836865","101837190","chr9","35861462","35861781","65","65975403"
"chr14","102018024","102018278","chr6","92417879","92418143","55","9600145"
"chr14","102124284","102124592","chr2","137798788","137799086","63","35674504"
"chr14","102244839","102245137","chr2","203225383","203225677","50","100980544"
"chr14","102259426","102259707","chr2","35565636","35565912","66","66693790"
"chr14","102448375","102448668","chr1","170771447","170771746","52","68323072"
"chr14","102471894","102472170","chr6","57780653","57780942","54","44691241"
"chr14","102727827","102728128","chr7","79083385","79083683","49","23644442"
"chr14","102915099","102915399","chr7","88697458","88697764","52","14217641"
"chr14","103010054","103010364","chr8","125702378","125702687","62","22692324"
"chr14","103013007","103013298","chr9","111529757","111530048","51","8516750"
"chr14","103133404","103133716","chr7","120468697","120468997","59","17335293"
"chr14","103142200","103142487","chr4","10702550","10702832","47","92439650"
"chr14","103249554","103249856","chr7","70074333","70074637","52","33175221"
"chr14","103262149","103262440","chr7","24446538","24446828","41","78815611"
"chr14","103271294","103271587","chr2","147728720","147729015","44","44457426"
"chr14","103347900","103348200","chrX","63118288","63118597","52","40229612"
"chr14","103349563","103349875","chr5","137429989","137430298","51","34080426"
"chr14","103387163","103387442","chr12","27417462","27417744","47","75969701"
"chr14","103426391","103426533","chrX","90794543","90794687","29","12631848"
"chr14","103426573","103426859","chr14","41234190","41234478","48","62192383"
"chr14","103534415","103534722","chr5","82250286","82250593","46","21284129"
"chr14","103662040","103662258","chr1","199541886","199542107","35","95879846"
"chr14","103761524","103761821","chr13","8792579","8792878","60","94968945"
"chr14","104512412","104512695","chr1","186610138","186610422","48","82097726"
"chr14","104717168","104717458","chr2","150624041","150624344","59","45906873"
"chr14","104750093","104750389","chr3","173712450","173712748","43","68962357"
"chr14","104831686","104831941","chr20","32924964","32925214","42","71906722"
"chr14","104920814","104920895","chr11","13112710","13112790","10","91808104"
"chr14","104929420","104929693","chr4","10702550","10702832","66","94226870"
"chr14","104937737","104938033","chr2","203225383","203225677","44","98287646"
"chr14","104981712","104981996","chr5","82973225","82973507","51","22008487"
"chr14","105617702","105617988","chr7","89076989","89077271","47","16540713"
"chr14","105741944","105742252","chrX","63118288","63118597","41","42623656"
"chr14","105765394","105765691","chr6","149746694","149746991","56","43981300"
"chr14","105821480","105821778","chr11","14006579","14006871","35","91814901"
"chr14","105824267","105824577","chr2","146982644","146982948","41","41158377"
"chr14","105859827","105860100","chr7","31750809","31751083","63","74109018"
"chr14","105880386","105880665","chr11","14072057","14072340","44","91808329"
"chr14","105882842","105883131","chr11","14074620","14074922","52","91808222"
"chr14","105885228","105885510","chr1","59183077","59183346","69","46702151"
"chr14","105986378","105986630","chr1","168266231","168266495","58","62279853"
"chr14","106108261","106108544","chr11","14320627","14320898","47","91787634"
"chr14","106119064","106119369","chr20","11868686","11868992","47","94250378"
"chr14","106146441","106146617","chr5","110926377","110926556","30","4779936"
"chr14","106149239","106149548","chr8","106549657","106549965","46","400418"
"chr14","106180915","106181202","chr10","80449759","80450058","49","25731156"
"chr14","106200480","106200741","chr11","14411147","14411391","45","91789333"
"chr14","106233623","106233916","chr6","17854050","17854340","40","88379573"
"chr14","106241046","106241312","chr2","36962442","36962702","46","69278604"
"chr14","106267608","106267726","chr5","84481557","84481668","16","21786051"
"chr14","106279518","106279773","chr11","14487102","14487374","55","91792416"
"chr14","106294219","106294526","chr2","10673170","10673480","45","95621049"
"chr14","106340654","106340947","chrX","10737832","10738131","45","95602822"
"chr14","106348937","106349234","chr6","116000566","116000861","47","9651629"
"chr14","106373508","106373819","chr2","39168351","39168663","45","67205157"
"chr14","106381060","106381355","chr16","6809919","6810217","49","99571141"
"chr14","106420191","106420495","chr5","116663888","116664187","53","10243697"
"chr14","106434134","106434281","chr7","10811943","10812091","33","95622191"
"chr14","106456904","106457200","chr6","17854050","17854340","52","88602854"
"chr14","106463416","106463734","chr9","91473040","91473349","56","14990376"
"chr14","106515709","106516000","chr1","193337980","193338276","73","86822271"
"chr14","106528582","106528875","chr12","27245583","27245874","55","79282999"
"chr14","106567990","106568298","chr10","90399593","90399894","53","16168397"
"chr14","106581688","106581732","chr4","7919095","7919142","8","98662593"
"chr14","106599016","106599305","chr11","14826813","14827101","49","91772203"
"chr14","106601495","106601785","chr7","131739682","131739976","48","25138187"
"chr14","106619243","106619514","chr1","197465921","197466196","46","90846678"
"chr14","106653130","106653436","chr13","61782474","61782778","41","44870656"
"chr14","106713930","106714240","chr11","14948187","14948504","51","91765743"
"chr14","106714256","106714562","chr6","8374119","8374424","47","98340137"
"chr14","106727938","106728240","chrUn_GL286217","143262","143564","44","106584676"
"chr14","106787294","106787555","chr10","34601800","34602060","46","72185494"
"chr14","106887436","106887697","chrX","22434886","22435150","56","84452550"
"chr14","106981859","106982158","chr8","18313174","18313471","44","88668685"
"chr14","107025191","107025481","chr6","119011301","119011592","47","11986110"
"chr14","107133232","107133294","chr8","4316354","4316414","12","102816878"
"chr14","107306237","107306537","chr11","15550511","15550809","50","91755726"
"chr14","107393626","107393934","chr9","83772364","83772674","53","23621262"
"chr14","107416201","107416512","chr3","105647422","105647723","52","1768779"
"chr14","107512967","107513128","chr11","15771194","15771354","22","91741773"
"chr14","107519399","107519696","chr11","122686903","122687200","56","15167504"
"chr14","107531949","107532254","chr11","15786866","15787167","47","91745083"
"chr14","107558313","107558606","chr6","17854050","17854340","39","89704263"
"chr14","107642198","107642488","chr12","107125942","107126232","39","516256"
"chr14","107700640","107700773","chr5","10559689","10559821","17","97140951"
"chr14","107706186","107706480","chr11","15965099","15965390","43","91741087"
"chr14","107739606","107739890","chr11","16002879","16003161","30","91736727"
"chr14","107748207","107748348","chr15","95313243","95313379","22","12434964"
"chr14","107764698","107764916","chr11","123846108","123846335","50","16081410"
"chr14","107768104","107768413","chr12","105081170","105081479","51","2686934"
"chr14","107796101","107796397","chr12","55345875","55346178","51","52450226"
"chr14","107799298","107799616","chr5","55380182","55380490","64","52419116"
"chr14","107808509","107808556","chr6","149310260","149310303","7","41501751"
"chr14","107840048","107840355","chr11","16106669","16106980","45","91733379"
"chr14","107883419","107883700","chr8","97925884","97926162","49","9957535"
"chr14","107925383","107925683","chr5","139889919","139890213","47","31964536"
"chr14","107930703","107930992","chr11","16192786","16193070","39","91737917"
"chr14","107936776","107937090","chr11","16198562","16198869","48","91738214"
"chr14","107977979","107978274","chr9","92955669","92955979","51","15022310"
"chr14","108001784","108002097","chrX","45155908","45156218","48","62845876"
"chr14","108004005","108004289","chr7","10010037","10010324","48","97993968"
"chr14","108073116","108073427","chr9","101210178","101210488","39","6862938"
"chr14","108078781","108079074","chr10","57509997","57510293","51","50568784"
"chr14","108103374","108103665","chr11","16371321","16371613","38","91732053"
"chr14","108125720","108125996","chr1","13159221","13159503","68","94966499"
"chr14","108147558","108147872","chr1","152570018","152570318","62","44422460"
"chr14","108156194","108156422","chr11","16438982","16439222","41","91717212"
"chr14","108179749","108180041","chr2","7421612","7421902","46","100758137"
"chr14","108274080","108274174","chr7","84809421","84809512","15","23464659"
"chr14","108277991","108278211","chr10","105242142","105242359","43","3035849"
"chr14","108298242","108298425","chr1","13080292","13080473","33","95217950"
"chr14","108323642","108323937","chr1","156644747","156645035","53","48321105"
"chr14","108336823","108336910","chr5","72615428","72615510","12","35721395"
"chr14","108367539","108367838","chr9","25525997","25526295","55","82841542"
"chr14","108400539","108400838","chr1","166021480","166021775","60","57620941"
"chr14","108402666","108402945","chr1","136787688","136787952","57","28385022"
"chr14","108460973","108461268","chr5","61409167","61409457","53","47051806"
"chr14","108482228","108482529","chr1","150691684","150691975","64","42209456"
"chr14","108487520","108487805","chr7","46614511","46614801","52","61873009"
"chr14","108553398","108553699","chr9","45325979","45326278","47","63227419"
"chr14","108588822","108589101","chr2","9363059","9363338","60","99225763"
"chr14","108635444","108635495","chr22","3958828","3958879","10","104676616"
"chr14","108672437","108672758","chr2","1679121","1679426","73","106993316"
"chr14","108680696","108680999","chr14","32553436","32553738","44","76127260"
"chr14","108747244","108747561","chr9","101210178","101210488","57","7537066"
"chr14","108894548","108894648","chr9","50124496","50124593","14","58770052"
"chr14","108917931","108918233","chr10","1666053","1666355","42","107251878"
"chr14","108922282","108922577","chr6","150277012","150277302","49","41354730"
"chr14","108929565","108929875","chr14","20149921","20150227","46","88779644"
"chr14","108937494","108937819","chr4","132055862","132056190","56","23118368"
"chr14","109038504","109038634","chr11","17370415","17370529","21","91668089"
"chr14","109260367","109260522","chr11","17597967","17598113","29","91662400"
"chr14","109623295","109623595","chr11","17980568","17980861","43","91642727"
"chr14","109628182","109628489","chr12","78762116","78762425","51","30866066"
"chr14","109646480","109646774","chr1","138540632","138540926","45","28894152"
"chr14","109702733","109703021","chr11","18064622","18064908","42","91638111"
"chr14","109739768","109740062","chr11","18100117","18100413","38","91639651"
"chr14","109791711","109791998","chr11","18155795","18156083","32","91635916"
"chr14","109840047","109840345","chr5","116663888","116664187","44","6823841"
"chr14","109875708","109876015","chr9","101210178","101210488","45","8665530"
"chr14","109892936","109893214","chr8","3164270","3164554","45","106728666"
"chr14","109925861","109926035","chr11","21050176","21050351","32","88875685"
"chr14","110001413","110001707","chr5","50537784","50538079","51","59463629"
"chr14","110035397","110035676","chr4","106702443","106702725","43","3332954"
"chr14","110143327","110143516","chr15","39655347","39655528","37","70487980"
"chr14","110148700","110148997","chr2","150624041","150624344","42","40475341"
"chr14","110270567","110270875","chr9","101210178","101210488","43","9060389"
"chr14","110764047","110764348","chr1","13807754","13808053","42","96956293"
"chr14","110809635","110809933","chr11","19244594","19244883","46","91565041"
"chr14","110873651","110873959","chr11","19304678","19304978","34","91568973"
"chr14","110920981","110921207","chr12","12337063","12337288","50","98583918"
"chr14","111245035","111245323","chr11","19681225","19681522","42","91563810"
"chr14","111545224","111545506","chr15","28142141","28142420","48","83403083"
"chr14","111623045","111623354","chr7","67355562","67355869","50","44267483"
"chr14","111623553","111623854","chrX","51282480","51282768","57","60341073"
"chr14","111779144","111779440","chr11","20209436","20209736","60","91569708"
"chr14","112020401","112020682","chr2","129078851","129079134","48","17058450"
"chr14","112066190","112066484","chr11","20544880","20545180","48","91521310"
"chr14","112112257","112112549","chr5","139889919","139890213","45","27777662"
"chr14","112164167","112164463","chr5","38882932","38883222","58","73281235"
"chr14","112167624","112167928","chr11","20660382","20660686","42","91507242"
"chr14","112180205","112180492","chr1","186610138","186610422","46","74429933"
"chr14","112216105","112216379","chr2","67188298","67188565","45","45027807"
"chr14","112263969","112264012","chrX","134988207","134988249","5","22724238"
"chr14","112264550","112264862","chr6","21930692","21931000","50","90333858"
"chr14","112276063","112276385","chr5","116095602","116095921","56","3819539"
"chr14","112290988","112291215","chr5","41584316","41584539","42","70706672"
"chr14","112293124","112293422","chr2","39969951","39970236","64","72323173"
"chr14","112302424","112302718","chrX","39454622","39454913","49","72847802"
"chr14","112303212","112303486","chr5","111818560","111818820","62","484652"
"chr14","112307356","112307616","chr6","23147709","23147985","69","89159647"
"chr14","112329914","112330207","chr17","28540483","28540776","44","83789431"
"chr14","112337254","112337558","chr9","96749017","96749318","43","15588237"
"chr14","112373437","112373738","chr11","20888043","20888343","39","91485394"
"chr14","112378019","112378314","chr1","78860175","78860471","45","33517844"
"chr14","112384146","112384431","chr11","15101","15387","42","112369045"
"chr14","112459185","112459493","chr7","70375823","70376126","49","42083362"
"chr14","112500195","112500370","chr12","18349416","18349582","35","94150779"
"chr14","112506675","112506904","chr6","5983516","5983728","59","106523159"
"chr14","112523625","112523929","chr11","21053120","21053416","40","91470505"
"chr14","112527829","112528112","chr4","132436842","132437133","55","19909013"
"chr14","112546208","112546475","chrUn_GL286469","108690","108950","44","112437518"
"chr14","112552860","112552976","chr3","72030386","72030497","17","40522474"
"chr14","112608573","112608870","chr11","21126594","21126892","38","91481979"
"chr14","112620669","112620971","chr7","62486081","62486384","51","50134588"
"chr14","112621841","112622172","chrX","20475661","20475972","75","92146180"
"chr14","112624908","112625207","chrUn_GL286435","69026","69328","47","112555882"
"chr14","112642061","112642352","chr1","148438931","148439211","53","35796870"
"chr14","112687987","112688283","chr19","23703813","23704099","53","88984174"
"chr14","112700035","112700297","chr11","21225171","21225432","38","91474864"
"chr14","112724638","112724942","chr6","14745241","14745550","46","97979397"
"chr14","112735128","112735415","chr6","119011301","119011592","54","6276173"
"chr14","112739467","112739646","chr15","68961570","68961749","32","43777897"
"chr14","112739865","112740153","chr4","8654882","8655171","53","104084983"
"chr14","112752572","112752892","chr5","98217506","98217811","56","14535066"
"chr14","112936500","112936803","chr2","39828090","39828388","50","73108410"
"chr14","112939087","112939398","chr5","73075939","73076252","55","39863148"
"chr14","112967983","112968270","chr11","21495589","21495874","42","91472394"
"chr14","112973159","112973463","chr1","140083591","140083907","60","27110432"
"chr14","113031864","113032157","chr9","76118191","76118484","48","36913673"
"chr14","113377575","113377877","chr12","114854084","114854381","47","1476509"
"chr14","113427702","113427794","chr5","110777858","110777949","11","2649844"
"chr14","113591895","113592159","chr5","42987304","42987559","50","70604591"
"chr14","113749000","113749314","chr11","22485506","22485815","39","91263494"
"chr14","113773215","113773520","chr4","167292673","167292976","50","53519458"
"chr14","113808646","113808891","chr7","92864065","92864312","57","20944581"
"chr14","113820484","113820794","chr11","22560646","22560955","38","91259838"
"chr14","113861546","113861731","chr6","141514750","141514919","37","27653204"
"chr14","113952657","113952968","chr2","150624041","150624344","50","36671384"
"chr14","114023448","114023750","chrX","17705039","17705341","46","96318409"
"chr14","114025349","114025659","chr2","161510671","161510977","50","47485322"
"chr14","114027749","114028037","chr8","97925884","97926162","45","16101865"
"chr14","114038709","114039002","chr7","128001461","128001761","55","13962752"
"chr14","114077217","114077502","chr18","7874626","7874915","49","106202591"
"chr14","114156459","114156758","chr5","83047784","83048085","46","31108675"
"chr14","114175712","114176007","chr4","98746325","98746622","44","15429387"
"chr14","114260895","114261184","chr16","14061211","14061502","48","100199684"
"chr14","114349690","114349791","chr22","4378453","4378552","16","109971237"
"chr14","114475456","114475737","chr7","42557226","42557511","44","71918230"
"chr14","114498843","114499124","chr12","13915706","13915992","43","100583137"
"chr14","114558265","114558600","chr15","37514276","37514606","60","77043989"
"chr14","114562517","114562817","chr11","23396954","23397259","40","91165563"
"chr14","114570064","114570187","chr7","25722211","25722332","19","88847853"
"chr14","114585183","114585396","chr3","12061251","12061458","28","102523932"
"chr14","114636297","114636584","chr11","23485743","23486033","47","91150554"
"chr14","114643263","114643554","chr4","44371451","44371741","47","70271812"
"chr14","114675181","114675472","chr11","23522633","23522929","33","91152548"
"chr14","114683892","114684186","chr22","32335495","32335787","45","82348397"
"chr14","114808945","114809233","chr4","88679786","88680069","60","26129159"
"chr14","114989524","114989823","chr1","170771447","170771746","49","55781923"
"chr14","115020559","115020848","chr11","23922669","23922959","35","91097890"
"chr14","115103501","115103558","chr3","64713701","64713752","13","50389800"
"chr14","115108376","115108662","chr11","24020734","24021031","48","91087642"
"chr14","115123546","115123838","chr4","161032062","161032360","56","45908516"
"chr14","115151876","115152183","chr11","24066133","24066424","53","91085743"
"chr14","115256803","115257096","chr2","2218970","2219260","41","113037833"
"chr14","115271739","115272045","chr6","140581095","140581398","52","25309356"
"chr14","115319686","115319973","chr18","38605998","38606288","46","76713688"
"chr14","115355326","115355501","chr20","2042129","2042307","31","113313197"
"chr14","115388691","115389001","chr11","24313847","24314143","46","91074844"
"chr14","115417830","115418126","chr11","24342230","24342522","47","91075600"
"chr14","115447145","115447429","chr12","5109497","5109786","45","110337648"
"chr14","115456426","115456727","chr8","115903141","115903445","45","446715"
"chr14","115523115","115523247","chr11","24451586","24451716","14","91071529"
"chr14","115546160","115546246","chr11","24473995","24474079","10","91072165"
"chr14","115622350","115622641","chr11","24547410","24547700","48","91074940"
"chr14","115668771","115669083","chr7","89404336","89404645","67","26264435"
"chr14","115758259","115758299","chrX","15428193","15428233","2","100330066"
"chr14","115894391","115894678","chr2","2218970","2219260","44","113675421"
"chr14","115986677","115986712","chr16","18814155","18814191","4","97172522"
"chr14","116224160","116224230","chr10","7486713","7486782","17","108737447"
"chr14","116241177","116241462","chr10","104747025","104747301","61","11494152"
"chr14","116691942","116692043","chr11","72862850","72862950","16","43829092"
"chr14","116938348","116938656","chr4","111601564","111601877","63","5336784"
"chr14","117341706","117342034","chr11","26384767","26385071","75","90956939"
"chr14","117750287","117750577","chr2","11368530","11368820","43","106381757"
"chr14","117873226","117873391","chr11","26967862","26968028","33","90905364"
"chr14","117918644","117918940","chr17","28540483","28540776","37","89378161"
"chr14","117954895","117955183","chr6","17854050","17854340","49","100100845"
"chr14","117956098","117956384","chr11","27056490","27056781","69","90899608"
"chr14","118254539","118254706","chr2","133004039","133004203","29","14749500"
"chr14","118257993","118258301","chrX","17705039","17705341","54","100552954"
"chr14","118343364","118343668","chr11","27429823","27430128","37","90913541"
"chr14","118379775","118380039","chr11","95629919","95630186","43","22749856"
"chr14","118433794","118434066","chr13","60759063","60759326","50","57674731"
"chr14","118453060","118453361","chr4","71933212","71933503","44","46519848"
"chr14","118659670","118659963","chr11","22994754","22995044","57","95664916"
"chr14","118689178","118689233","chr2","97655048","97655103","5","21034130"
"chr14","118804114","118804416","chr9","25525997","25526295","38","93278117"
"chr14","118853351","118853634","chrX","100614276","100614554","45","18239075"
"chr14","118884213","118884492","chr11","28090212","28090511","52","90794001"
"chr14","118895613","118895905","chr4","44371451","44371741","53","74524162"
"chr14","118908390","118908691","chr11","28111830","28112115","39","90796560"
"chr14","118941042","118941298","chr10","10026953","10027220","49","108914089"
"chr14","118944136","118944183","chr7","67276549","67276595","8","51667587"
"chr14","118948689","118948982","chr1","137280247","137280549","54","18331558"
"chr14","118991430","118991570","chr6","106064476","106064617","21","12926954"
"chr14","119173187","119173492","chr11","96115316","96115612","47","23057871"
"chr14","119178601","119178877","chr15","28142141","28142420","54","91036460"
"chr14","119338011","119338302","chr2","1572464","1572757","40","117765547"
"chr14","119426769","119427062","chr11","28659713","28660008","36","90767056"
"chr14","119831155","119831463","chrX","125368984","125369285","52","5537829"
"chr14","120598995","120599316","chr1","153331205","153331512","60","32732210"
"chr14","120601415","120601555","chr5","157861381","157861515","19","37259966"
"chr14","120619290","120619527","chrX","50022799","50023034","49","70596491"
"chr14","120740236","120740535","chr3","4761737","4762038","47","115978499"
"chr14","120953595","120953895","chr11","30195181","30195479","44","90758414"
"chr14","120956911","120957203","chr11","30195181","30195479","41","90761730"
"chr14","121568141","121568451","chr11","107864365","107864676","59","13703776"
"chr14","122206375","122206676","chrX","51259545","51259842","43","70946830"
"chr14","122525509","122525778","chr11","66458205","66458480","58","56067304"
"chr14","122630039","122630338","chr2","3554069","3554371","47","119075970"
"chr14","122661869","122662142","chr5","109370564","109370848","65","13291305"
"chr14","122870095","122870338","chr5","73478543","73478789","60","49391552"
"chr14","122903569","122903842","chr11","32284948","32285220","45","90618621"
"chr14","122960975","122961259","chr7","97022652","97022933","50","25938323"
"chr14","122967170","122967424","chr11","32353498","32353744","41","90613672"
"chr14","123027163","123027442","chr20","32851240","32851521","49","90175923"
"chr14","123054337","123054655","chr5","30889070","30889394","62","92165267"
"chr14","123110402","123110534","chr13","43433121","43433253","14","79677281"
"chr14","123112290","123112614","chr2","10940056","10940367","59","112172234"
"chr14","123398892","123399170","chr2","29899697","29899980","60","93499195"
"chr14","123446114","123446404","chr6","46137207","46137497","55","77308907"
"chr14","123507003","123507302","chr13","19438054","19438349","49","104068949"
"chr14","123670957","123671049","chr1","84409375","84409459","17","39261582"
"chr15","22806400","22806657","chrUn_GL286223","34718","34982","50","22771682"
"chr15","29097681","29097991","chr5","73075939","73076252","49","43978258"
"chr15","36830971","36831286","chr15","32495325","32495639","60","4335646"
"chr15","49020928","49021237","chr9","101210178","101210488","47","52189250"
"chr15","99090394","99090664","chr10","75382094","75382357","61","23708300"
"chr15","24787","24871","chr1","171824880","171824957","17","171800093"
"chr15","29592","29630","chr7","106028837","106028875","1","105999245"
"chr15","55532","55827","chr12","107125942","107126232","60","107070410"
"chr15","67569","67857","chr3","118139040","118139328","54","118071471"
"chr15","81894","82211","chr7","70375823","70376126","50","70293929"
"chr15","121218","121512","chr1","182219653","182219930","55","182098435"
"chr15","208146","208447","chr10","22665922","22666223","50","22457776"
"chr15","291489","291783","chr1","77745311","77745604","39","77453822"
"chr15","356551","356849","chr5","106626420","106626712","44","106269869"
"chr15","511880","512173","chr2","10815344","10815628","49","10303464"
"chr15","544049","544337","chr2","134890220","134890504","55","134346171"
"chr15","578427","578734","chr2","71331505","71331809","51","70753078"
"chr15","629482","629738","chr2","9471536","9471787","39","8842054"
"chr15","660558","660626","chr19","44900080","44900148","14","44239522"
"chr15","679586","679830","chr9","99688386","99688624","54","99008800"
"chr15","742375","742673","chr1","201967395","201967694","50","201225020"
"chr15","795693","795942","chr1","181284860","181285114","55","180489167"
"chr15","1059475","1059783","chr5","73075939","73076252","44","72016464"
"chr15","1077736","1077770","chr17","48032048","48032082","3","46954312"
"chr15","1115745","1116032","chr12","27922791","27923078","47","26807046"
"chr15","1143382","1143695","chr9","101210178","101210488","47","100066796"
"chr15","1164882","1165016","chr6","134728957","134729091","18","133564075"
"chr15","1315844","1316130","chr8","26807553","26807845","49","25491709"
"chr15","1349964","1350101","chr7","72501851","72501979","24","71151887"
"chr15","1540042","1540350","chr11","16106669","16106980","53","14566627"
"chr15","1598943","1599103","chr2","176189669","176189829","32","174590726"
"chr15","1614082","1614394","chr10","118578692","118578996","60","116964610"
"chr15","1742244","1742544","chr13","112047849","112048135","53","110305605"
"chr15","1797816","1798113","chr8","74033305","74033599","54","72235489"
"chr15","1806656","1806954","chr7","44772593","44772889","51","42965937"
"chr15","1874427","1874702","chr12","26527847","26528114","49","24653420"
"chr15","1960502","1960590","chr9","118699779","118699869","16","116739277"
"chr15","2118333","2118648","chr5","55380182","55380490","52","53261849"
"chr15","2300952","2301260","chrX","63118288","63118597","46","60817336"
"chr15","2310459","2310670","chr2","154897537","154897744","44","152587078"
"chr15","2340401","2340543","chr10","1320969","1321115","31","1019432"
"chr15","2408518","2408807","chrX","4936706","4937001","50","2528188"
"chr15","2455302","2455613","chr15","32495325","32495639","50","30040023"
"chr15","2719079","2719238","chr9","35768293","35768450","34","33049214"
"chr15","2768385","2768686","chr12","114854084","114854381","45","112085699"
"chr15","2781474","2781698","chr1","66853211","66853437","43","64071737"
"chr15","2879065","2879370","chr2","37277219","37277523","45","34398154"
"chr15","2889149","2889439","chr17","68632450","68632743","48","65743301"
"chr15","3263948","3264222","chr2","154321335","154321614","50","151057387"
"chr15","3277859","3278189","chr9","17812380","17812699","78","14534521"
"chr15","3366551","3366846","chr11","374305","374598","48","2992246"
"chr15","3682858","3683151","chr1","186610138","186610422","47","182927280"
"chr15","4057171","4057230","chr5","78603875","78603928","12","74546704"
"chr15","4070155","4070421","chr10","35357250","35357506","61","31287095"
"chr15","4106575","4106881","chr16","71570137","71570438","43","67463562"
"chr15","4122136","4122436","chr5","65296228","65296517","53","61174092"
"chr15","4230095","4230303","chr4","104725488","104725698","50","100495393"
"chr15","4293704","4294016","chr4","139259106","139259407","56","134965402"
"chr15","4542274","4542567","chr13","93589548","93589840","47","89047274"
"chr15","4730788","4731086","chr10","48321055","48321354","47","43590267"
"chr15","4775394","4775656","chr1","177557556","177557837","50","172782162"
"chr15","4870792","4870975","chr3","29925733","29925917","64","25054941"
"chr15","4946397","4946451","chr7","54819198","54819253","7","49872801"
"chr15","4948018","4948204","chr12","51020006","51020190","45","46071988"
"chr15","5015560","5015863","chr1","177015170","177015464","50","171999610"
"chr15","5081003","5081281","chr1","197465921","197466196","45","192384918"
"chr15","5172054","5172357","chr5","45788683","45788985","48","40616629"
"chr15","5172659","5172947","chr14","82011278","82011577","54","76838619"
"chr15","5218073","5218345","chr2","47506221","47506493","46","42288148"
"chr15","5267662","5267794","chr12","19510211","19510345","29","14242549"
"chr15","5471818","5472071","chr1","176556832","176557088","42","171085014"
"chr15","5521863","5522012","chr2","9352237","9352376","26","3830374"
"chr15","5560129","5560423","chr14","99166809","99167105","57","93606680"
"chr15","5633408","5633576","chr7","59361415","59361582","41","53728007"
"chr15","5664396","5664716","chr1","90358930","90359241","52","84694534"
"chr15","5683175","5683334","chr1","176367440","176367598","26","170684265"
"chr15","5703864","5704154","chr17","67593125","67593399","54","61889261"
"chr15","5744508","5744596","chr13","86514925","86515011","14","80770417"
"chr15","5832784","5833084","chr4","106216668","106216959","58","100383884"
"chr15","5916552","5916831","chr19","23703813","23704099","65","17787261"
"chr15","6033329","6033408","chr20","15043513","15043589","12","9010184"
"chr15","6047952","6048247","chr20","21484687","21484985","44","15436735"
"chr15","6116504","6116606","chr15","2438462","2438561","17","3678042"
"chr15","6140586","6140884","chr10","5645869","5646166","63","494717"
"chr15","6181825","6182070","chr1","181284860","181285114","52","175103035"
"chr15","6283661","6283958","chr4","61796901","61797197","67","55513240"
"chr15","6286192","6286466","chr1","175759179","175759474","56","169472987"
"chr15","6431398","6431710","chr1","175632515","175632824","43","169201117"
"chr15","6446913","6447198","chr5","121886594","121886891","42","115439681"
"chr15","6542117","6542289","chr5","10852691","10852865","33","4310574"
"chr15","6547037","6547081","chr19","16476436","16476479","7","9929399"
"chr15","6547108","6547399","chr6","17854050","17854340","47","11306942"
"chr15","6549214","6549534","chr15","37932298","37932608","67","31383084"
"chr15","6586485","6586779","chr1","64689223","64689500","64","58102738"
"chr15","6593191","6593461","chr7","78230765","78231034","53","71637574"
"chr15","6621601","6621890","chr12","113800907","113801197","53","107179306"
"chr15","6646344","6646647","chr1","13807754","13808053","50","7161410"
"chr15","6664964","6665240","chr5","31307802","31308083","48","24642838"
"chr15","6669676","6669992","chr4","108266511","108266818","60","101596835"
"chr15","6675489","6675790","chr4","161032062","161032360","52","154356573"
"chr15","6676233","6676543","chr7","44689617","44689912","52","38013384"
"chr15","6736908","6737201","chr2","2218970","2219260","58","4517938"
"chr15","6739146","6739329","chr5","137807421","137807592","37","131068275"
"chr15","6792136","6792446","chr3","136899810","136900119","56","130107674"
"chr15","6852225","6852526","chr1","193337980","193338276","64","186485755"
"chr15","6905343","6905655","chr5","73075939","73076252","51","66170596"
"chr15","6919486","6919528","chr6","130994612","130994654","7","124075126"
"chr15","6928578","6928634","chr7","1994646","1994700","9","4933932"
"chr15","6987214","6987523","chr12","78919016","78919323","49","71931802"
"chr15","7106670","7106976","chr15","20202240","20202546","48","13095570"
"chr15","7109867","7110182","chr2","71331505","71331809","61","64221638"
"chr15","7140883","7141173","chr12","51888773","51889064","49","44747890"
"chr15","7146382","7146686","chr12","107125942","107126232","49","99979560"
"chr15","7204948","7205225","chr12","115102926","115103208","42","107897978"
"chr15","7213083","7213224","chr1","174860442","174860582","24","167647359"
"chr15","7228040","7228342","chrUn_GL286217","143262","143564","45","7084778"
"chr15","7281720","7282044","chr1","174789033","174789330","52","167507313"
"chr15","7301632","7301933","chr7","63127257","63127560","56","55825625"
"chr15","7387944","7388301","chr1","77745311","77745604","108","70357367"
"chr15","7398116","7398394","chr4","61764854","61765131","61","54366738"
"chr15","7401598","7401832","chr14","60923534","60923772","42","53521936"
"chr15","7418320","7418501","chr9","98966686","98966856","38","91548366"
"chr15","7437029","7437331","chr13","19438054","19438349","49","12001025"
"chr15","7452554","7452847","chr13","93589548","93589840","45","86136994"
"chr15","7454771","7454854","chr1","90154290","90154378","17","82699519"
"chr15","7456293","7456536","chr18","9047636","9047885","49","1591343"
"chr15","7458464","7458741","chr1","174629511","174629790","52","167171047"
"chr15","7519701","7519994","chr4","71933212","71933503","42","64413511"
"chr15","7526993","7527314","chr16","45097994","45098292","76","37571001"
"chr15","7529230","7529277","chr2","62264374","62264420","7","54735144"
"chr15","7549300","7549607","chr5","95128904","95129215","59","87579604"
"chr15","7555674","7555975","chr9","14396117","14396432","62","6840443"
"chr15","7629356","7629651","chr1","174435030","174435329","46","166805674"
"chr15","7653316","7653417","chr5","32410060","32410155","17","24756744"
"chr15","7661875","7662184","chrX","45155908","45156218","60","37494033"
"chr15","7689529","7689804","chr1","174377445","174377720","40","166687916"
"chr15","7751623","7751892","chr5","72712443","72712712","46","64960820"
"chr15","7779144","7779442","chr9","98911910","98912215","54","91132766"
"chr15","7794712","7794996","chr1","116618974","116619261","46","108824262"
"chr15","7810223","7810353","chr11","119816412","119816540","31","112006189"
"chr15","7814014","7814028","chr7","72277647","72277659","2","64463633"
"chr15","7814207","7814255","chr13","108521722","108521772","11","100707515"
"chr15","7814574","7814754","chr7","50710204","50710388","29","42895630"
"chr15","7956495","7956550","chr2","69018565","69018614","10","61062070"
"chr15","7969171","7969452","chr12","46064975","46065257","47","38095804"
"chr15","7973424","7973733","chr9","122689798","122690105","55","114716374"
"chr15","7978211","7978522","chr1","173988262","173988576","45","166010051"
"chr15","7991727","7992073","chr9","36221607","36221938","82","28229880"
"chr15","8004346","8004396","chr10","117090688","117090741","13","109086342"
"chr15","8004686","8004861","chr3","183689850","183690027","25","175685164"
"chr15","8032747","8033058","chrX","107560088","107560397","53","99527341"
"chr15","8052570","8052873","chr7","70375823","70376126","43","62323253"
"chr15","8065797","8066072","chrX","46210451","46210697","93","38144654"
"chr15","8073109","8073248","chr3","124184393","124184530","18","116111284"
"chr15","8084105","8084419","chr14","83083786","83084089","52","74999681"
"chr15","8137860","8137999","chr2","141292969","141293110","21","133155109"
"chr15","8174734","8174890","chr15","69563409","69563572","28","61388675"
"chr15","8191190","8191481","chrX","40526856","40527149","41","32335666"
"chr15","8193409","8193693","chr5","59215180","59215478","59","51021771"
"chr15","8207874","8208101","chr1","173775789","173776001","45","165567915"
"chr15","8209163","8209417","chr11","128079254","128079509","51","119870091"
"chr15","8225742","8226037","chr5","139889919","139890213","51","131664177"
"chr15","8253279","8253604","chr14","6471804","6472122","58","1781475"
"chr15","8262533","8262674","chr5","115366774","115366909","22","107104241"
"chr15","8279650","8279966","chr5","110614350","110614659","63","102334700"
"chr15","8302638","8302926","chr20","8807824","8808115","43","505186"
"chr15","8427787","8427921","chr2","193530196","193530332","20","185102409"
"chr15","8451333","8451623","chr12","94624697","94624994","52","86173364"
"chr15","8462160","8462450","chr12","107125942","107126232","45","98663782"
"chr15","8470122","8470422","chr5","6182454","6182750","48","2287668"
"chr15","8484250","8484570","chr1","173493127","173493432","57","165008877"
"chr15","8485083","8485364","chr8","38105332","38105618","58","29620249"
"chr15","8523232","8523507","chr8","106487782","106488053","39","97964550"
"chr15","8526929","8527228","chr2","67197269","67197565","42","58670340"
"chr15","8560835","8561143","chr2","203225383","203225677","59","194664548"
"chr15","8620405","8620624","chr1","75654164","75654388","48","67033759"
"chr15","8648435","8648635","chr12","5402035","5402228","33","3246400"
"chr15","8648641","8648672","chr9","91427403","91427433","15","82778762"
"chr15","8666837","8666960","chr7","25086029","25086150","19","16419192"
"chr15","8666990","8667007","chr11","74302937","74302950","5","65635947"
"chr15","8667136","8667306","chr11","74288813","74288977","33","65621677"
"chr15","8750796","8751107","chr5","59461001","59461310","45","50710205"
"chr15","8754372","8754676","chr16","91274757","91275054","59","82520385"
"chr15","8789607","8789936","chr1","131659737","131660064","37","122870130"
"chr15","8807085","8807380","chr1","63523063","63523359","66","54715978"
"chr15","8832974","8833285","chr1","60315593","60315907","53","51482619"
"chr15","8910300","8910378","chr14","83387158","83387237","13","74476858"
"chr15","8911078","8911379","chr3","74904577","74904866","59","65993499"
"chr15","8951994","8952048","chr2","59211560","59211613","7","50259566"
"chr15","8955625","8955671","chr6","151330763","151330807","5","142375138"
"chr15","8956359","8956413","chr12","102138787","102138841","4","93182428"
"chr15","9047831","9048110","chr5","144164144","144164432","48","135116313"
"chr15","9055854","9056119","chr10","44799707","44799969","60","35743853"
"chr15","9085054","9085367","chr8","65769668","65769964","68","56684614"
"chr15","9133257","9133565","chr18","10787364","10787667","49","1654107"
"chr15","9143913","9144206","chr7","46614511","46614801","44","37470598"
"chr15","9160179","9160472","chrX","43950412","43950708","48","34790233"
"chr15","9174668","9174978","chr17","67610664","67610971","48","58435996"
"chr15","9182356","9182651","chr5","47468689","47468989","52","38286333"
"chr15","9183345","9183653","chr5","55380182","55380490","54","46196837"
"chr15","9184017","9184294","chr2","136541690","136541970","50","127357673"
"chr15","9239555","9239721","chr20","1976364","1976531","34","7263191"
"chr15","9260130","9260221","chr3","169375518","169375608","17","160115388"
"chr15","9295677","9295947","chr2","91123304","91123566","50","81827627"
"chr15","9296763","9297064","chr7","12818218","12818517","50","3521455"
"chr15","9326322","9326628","chr5","73075939","73076252","55","63749617"
"chr15","9397317","9397601","chr4","155605212","155605495","47","146207895"
"chr15","9422977","9423143","chr17","33787259","33787427","38","24364282"
"chr15","9442705","9442809","chr3","32875466","32875573","23","23432761"
"chr15","9452088","9452398","chr5","59461001","59461310","54","50008913"
"chr15","9454154","9454413","chr1","181284860","181285114","48","171830706"
"chr15","9478882","9479170","chr1","186610138","186610422","51","177131256"
"chr15","9527679","9527798","chr1","172471380","172471492","18","162943701"
"chr15","9577952","9578212","chr5","109379980","109380235","56","99802028"
"chr15","9591517","9591802","chr2","71302060","71302351","52","61710543"
"chr15","9683330","9683627","chr1","172319356","172319654","53","162636026"
"chr15","9692813","9693113","chr4","139259106","139259407","51","129566293"
"chr15","9711294","9711589","chr5","93075725","93076019","37","83364431"
"chr15","9739164","9739450","chr6","119011301","119011592","45","109272137"
"chr15","9743176","9743470","chr3","117540807","117541109","54","107797631"
"chr15","9760486","9760789","chr1","172237583","172237891","54","162477097"
"chr15","9769685","9769968","chrUn_GL286267","16644","16927","37","9753041"
"chr15","9771903","9772208","chr4","155679862","155680162","48","145907959"
"chr15","9779033","9779333","chr1","172219779","172220075","51","162440746"
"chr15","9793817","9794121","chr1","172207140","172207451","53","162413323"
"chr15","9866587","9866903","chr2","146982644","146982948","58","137116057"
"chr15","9882583","9882875","chr19","43659630","43659919","57","33777047"
"chr15","9883727","9884030","chr14","83083786","83084089","39","73200059"
"chr15","9919611","9919912","chr7","85080523","85080815","62","75160912"
"chr15","9991950","9992262","chr1","168534776","168535083","47","158542826"
"chr15","9996488","9996785","chrX","117955769","117956070","48","107959281"
"chr15","10008864","10009167","chr5","64266316","64266614","55","54257452"
"chr15","10013316","10013627","chr1","168510460","168510747","54","158497144"
"chr15","10275069","10275337","chr1","168266231","168266495","24","157991162"
"chr15","10283982","10284281","chr1","168255466","168255766","37","157971484"
"chr15","10409239","10409529","chr1","168133981","168134271","39","157724742"
"chr15","10437769","10437972","chr8","89829057","89829251","37","79391288"
"chr15","10458072","10458378","chr10","1666053","1666355","41","8792019"
"chr15","10474426","10474758","chr4","132055862","132056190","65","121581436"
"chr15","10475935","10476268","chr12","36903935","36904218","94","26428000"
"chr15","10490263","10490562","chr1","168046791","168047087","39","157556528"
"chr15","10512395","10512696","chr7","128001461","128001761","52","117489066"
"chr15","10512847","10513147","chr20","12381777","12382077","52","1868930"
"chr15","10553770","10554084","chr9","20420270","20420576","56","9866500"
"chr15","10564789","10565096","chr4","35156400","35156709","50","24591611"
"chr15","10586606","10586885","chr4","106702443","106702725","43","96115837"
"chr15","10600400","10600716","chr11","66635820","66636129","57","56035420"
"chr15","10613815","10613981","chr22","46430689","46430855","35","35816874"
"chr15","10737203","10737506","chr9","17943911","17944216","44","7206708"
"chr15","10777916","10778223","chr1","167756496","167756806","52","156978580"
"chr15","10873652","10873919","chr1","167116975","167117247","48","156243323"
"chr15","10959498","10959780","chr4","87059516","87059805","44","76100018"
"chr15","11017918","11018217","chr4","98746325","98746622","43","87728407"
"chr15","11066762","11067048","chr2","146570178","146570467","51","135503416"
"chr15","11096502","11096769","chr1","136189983","136190251","57","125093481"
"chr15","11195995","11196280","chr1","167322283","167322541","60","156126288"
"chr15","11232294","11232369","chr11","123489948","123490018","14","112257654"
"chr15","11232370","11232691","chr15","32495325","32495639","54","21262955"
"chr15","11239117","11239413","chr2","203225383","203225677","31","191986266"
"chr15","11285088","11285397","chr5","73075939","73076252","55","61790851"
"chr15","11327199","11327500","chr14","76157685","76157986","43","64830486"
"chr15","11348498","11348810","chr3","164231478","164231791","45","152882980"
"chr15","11411703","11411963","chr1","167116975","167117247","44","155705272"
"chr15","11413781","11413844","chr2","1892816","1892879","11","9520965"
"chr15","11413876","11413938","chr2","1892816","1892879","9","9521060"
"chr15","11425688","11425888","chr1","167104192","167104391","30","155678504"
"chr15","11446291","11446540","chr2","33495117","33495388","58","22048826"
"chr15","11475292","11475584","chrX","46464393","46464684","38","34989101"
"chr15","11478942","11479049","chr4","146858408","146858506","18","135379466"
"chr15","11479989","11480117","chr9","7140047","7140177","23","4339942"
"chr15","11545080","11545383","chr1","166973243","166973547","38","155428163"
"chr15","11547741","11548043","chr1","166970591","166970883","52","155422850"
"chr15","11561028","11561334","chr2","146982644","146982948","47","135421616"
"chr15","11636096","11636401","chr6","75230350","75230656","48","63594254"
"chr15","11653270","11653565","chr14","61568989","61569280","53","49915719"
"chr15","11661788","11662094","chr8","21869477","21869777","56","10207689"
"chr15","11691937","11692242","chr1","166821572","166821877","41","155129635"
"chr15","11706556","11706830","chr7","128001461","128001761","69","116294905"
"chr15","11722635","11722937","chr1","166790286","166790591","46","155067651"
"chr15","11734012","11734324","chrUn_GL286217","143262","143564","56","11590750"
"chr15","11738325","11738598","chr2","165124948","165125217","49","153386623"
"chr15","11747175","11747473","chr1","166765533","166765830","58","155018358"
"chr15","11788744","11788935","chr8","101366031","101366201","46","89577287"
"chr15","11815361","11815679","chr11","26898280","26898592","63","15082919"
"chr15","11831861","11832174","chr2","13689643","13689955","43","1857782"
"chr15","11860326","11860645","chrX","64172412","64172721","50","52312086"
"chr15","11896666","11896987","chr1","166601091","166601403","60","154704425"
"chr15","11939489","11939773","chr1","141613381","141613669","44","129673892"
"chr15","11988787","11989113","chr5","818102","818428","64","11170685"
"chr15","11995882","11996184","chr21","41253758","41254057","59","29257876"
"chr15","12061276","12061502","chr22","35745701","35745925","32","23684425"
"chr15","12085180","12085454","chr2","68382318","68382587","52","56297138"
"chr15","12134888","12135131","chr8","50773372","50773617","51","38638484"
"chr15","12280631","12280931","chr1","199360645","199360948","52","187080014"
"chr15","12481242","12481545","chr2","11077390","11077699","55","1403852"
"chr15","12588614","12588919","chr1","165963120","165963425","36","153374506"
"chr15","12642154","12642451","chr5","100172393","100172693","40","87530239"
"chr15","12652079","12652381","chr1","168255466","168255766","49","155603387"
"chr15","12687939","12688238","chr1","165861158","165861454","41","153173219"
"chr15","12700092","12700213","chr8","101933334","101933453","17","89233242"
"chr15","12772328","12772635","chr2","71331505","71331809","48","58559177"
"chr15","12778447","12778738","chr13","35566271","35566560","49","22787824"
"chr15","12830075","12830380","chr5","83138079","83138381","50","70308004"
"chr15","12909746","12910057","chr9","101824101","101824404","46","88914355"
"chr15","12993854","12993985","chr5","10559689","10559821","21","2434165"
"chr15","13104205","13104524","chr14","83083786","83084089","56","69979581"
"chr15","13104857","13105169","chr9","40113351","40113661","65","27008494"
"chr15","13147499","13147832","chr12","101350935","101351242","70","88203436"
"chr15","13153910","13154197","chr7","155162191","155162474","48","142008281"
"chr15","13181050","13181331","chr2","127177045","127177318","51","113995995"
"chr15","13184672","13184984","chr5","1076646","1076956","58","12108026"
"chr15","13188914","13189213","chr1","86742621","86742919","52","73553707"
"chr15","13210692","13210972","chr5","106626420","106626712","57","93415728"
"chr15","13245280","13245581","chr9","108679597","108679892","48","95434317"
"chr15","13285647","13285958","chr1","165202753","165203060","52","151917106"
"chr15","13300917","13301100","chr20","3785470","3785644","32","9515447"
"chr15","13365370","13365537","chr3","182282770","182282939","31","168917400"
"chr15","13378050","13378343","chr9","85600159","85600457","44","72222109"
"chr15","13400298","13400599","chr1","84560114","84560408","54","71159816"
"chr15","13431231","13431538","chr6","21930692","21931000","46","8499461"
"chr15","13435471","13435765","chr21","41287096","41287394","46","27851625"
"chr15","13446123","13446408","chrUn_GL286217","143262","143564","57","13302861"
"chr15","13466127","13466358","chrX","120162403","120162628","61","106696276"
"chr15","13480762","13481058","chr12","8795573","8795863","46","4685189"
"chr15","13563149","13563432","chr14","41234190","41234478","44","27671041"
"chr15","13568533","13568866","chr15","37514276","37514606","60","23945743"
"chr15","13701431","13701588","chr1","164720550","164720706","16","151019119"
"chr15","13709883","13710192","chr10","102268794","102269104","62","88558911"
"chr15","13762567","13762866","chr4","137135438","137135728","41","123372871"
"chr15","13815381","13815682","chr9","99360376","99360678","40","85544995"
"chr15","13875425","13875722","chrX","4936706","4937001","51","8938719"
"chr15","13900144","13900457","chr2","3733544","3733853","58","10166600"
"chr15","13953729","13954017","chr4","71933212","71933503","39","57979483"
"chr15","13965229","13965531","chr11","66040957","66041261","47","52075728"
"chr15","13999878","14000000","chr17","58250524","58250647","23","44250646"
"chr15","14004386","14004594","chr5","4088568","4088777","42","9915818"
"chr15","14032057","14032235","chr7","30361938","30362106","51","16329881"
"chr15","14106254","14106545","chr20","16044679","16044974","49","1938425"
"chr15","14117319","14117617","chr12","100907645","100907942","38","86790326"
"chr15","14155909","14156202","chr1","164264548","164264841","42","150108639"
"chr15","14191045","14191363","chr14","64181590","64181902","52","49990545"
"chr15","14195568","14195864","chr2","17996148","17996446","52","3800580"
"chr15","14208085","14208381","chr1","164207047","164207340","42","149998962"
"chr15","14235580","14235885","chrX","107560088","107560397","56","93324508"
"chr15","14589976","14590263","chr7","155162191","155162474","51","140572215"
"chr15","14735694","14735952","chr15","61547653","61547922","69","46811959"
"chr15","14764078","14764393","chr5","95128904","95129215","53","80364826"
"chr15","15037113","15037426","chr1","169442100","169442411","59","154404987"
"chr15","15276460","15276772","chr9","45325979","45326278","54","30049519"
"chr15","15414484","15414783","chr2","203225383","203225677","44","187810899"
"chr15","15531886","15532172","chr12","107125942","107126232","41","91594056"
"chr15","16209728","16210038","chr11","17288480","17288777","55","1078752"
"chr15","16388449","16388751","chr1","161938742","161939031","43","145550293"
"chr15","16406301","16406566","chr5","2124648","2124911","51","14281653"
"chr15","16529863","16530155","chrX","45563978","45564273","53","29034115"
"chr15","16722513","16722828","chr13","62510231","62510547","52","45787718"
"chr15","17075643","17075945","chr15","77252932","77253233","51","60177289"
"chr15","17169795","17170103","chr12","55072261","55072571","51","37902466"
"chr15","17392308","17392625","chr8","73898415","73898723","57","56506107"
"chr15","17530408","17530696","chr1","197465921","197466196","56","179935513"
"chr15","17555321","17555605","chrX","119349577","119349857","55","101794256"
"chr15","17646675","17646985","chr2","29786463","29786779","54","12139788"
"chr15","17753509","17753817","chr9","100693063","100693366","46","82939554"
"chr15","17853892","17854170","chr15","49638162","49638439","45","31784270"
"chr15","17933005","17933294","chr5","5511518","5511810","55","12421487"
"chr15","18199141","18199436","chr5","65296228","65296517","51","47097087"
"chr15","18321413","18321722","chr13","97115227","97115539","51","78793814"
"chr15","18421317","18421606","chr12","37291389","37291677","59","18870072"
"chr15","18433911","18434217","chr1","159860910","159861214","39","141426999"
"chr15","18718251","18718538","chr4","38367185","38367480","56","19648934"
"chr15","18944225","18944530","chrUn_GL286217","143262","143564","55","18800963"
"chr15","19050546","19050714","chr1","159168667","159168822","33","140118121"
"chr15","19050866","19050989","chr17","73927807","73927929","20","54876941"
"chr15","19244861","19245077","chr11","127485095","127485317","34","108240234"
"chr15","19546749","19546937","chr1","158699614","158699802","28","139152865"
"chr15","19568560","19568857","chr4","71933212","71933503","55","52364652"
"chr15","19595548","19595824","chr5","43272103","43272376","46","23676555"
"chr15","19771374","19771669","chr1","158366370","158366661","42","138594996"
"chr15","19779079","19779381","chr2","203225383","203225677","45","183446304"
"chr15","19812626","19812924","chr16","69239583","69239880","47","49426957"
"chr15","19845231","19845534","chr4","5114628","5114934","57","14730603"
"chr15","20002179","20002472","chr1","158147119","158147403","42","138144940"
"chr15","20087989","20088298","chr6","22626079","22626390","61","2538090"
"chr15","20102358","20102636","chr2","16187668","16187943","51","3914690"
"chr15","20150653","20150954","chr4","61762579","61762878","48","41611926"
"chr15","20152227","20152522","chr5","93075725","93076019","42","72923498"
"chr15","20166746","20167043","chr9","99956407","99956710","51","79789661"
"chr15","20184174","20184479","chr22","32340312","32340608","54","12156138"
"chr15","20206836","20207146","chr1","157954824","157955121","51","137747988"
"chr15","20208772","20209056","chrX","52229341","52229630","50","32020569"
"chr15","20244422","20244518","chr12","9612526","9612620","12","10631896"
"chr15","20260564","20260875","chr1","157902123","157902425","47","137641559"
"chr15","20310915","20311077","chr9","36057756","36057915","26","15746841"
"chr15","20359567","20359864","chr6","17854050","17854340","48","2505517"
"chr15","20396390","20396513","chr7","81015338","81015453","22","60618948"
"chr15","20404700","20404826","chr5","107187173","107187297","15","86782473"
"chr15","20432721","20433021","chr5","153535285","153535587","58","133102564"
"chr15","20501623","20501924","chr1","156858832","156859126","48","136357209"
"chr15","20527811","20527960","chr14","63999278","63999425","30","43471467"
"chr15","20528640","20528918","chr7","58917227","58917519","65","38388587"
"chr15","20557000","20557252","chr5","10743356","10743597","68","9813644"
"chr15","20560880","20561181","chr6","140581095","140581398","41","120020215"
"chr15","20636586","20636872","chr1","186610138","186610422","37","165973552"
"chr15","20835629","20835926","chr1","157376453","157376752","45","136540824"
"chr15","20981317","20981631","chr1","157230583","157230881","59","136249266"
"chr15","21050366","21050659","chr2","203225383","203225677","44","182175017"
"chr15","21064915","21065206","chr7","42426071","42426356","50","21361156"
"chr15","21066035","21066285","chr1","157146677","157146921","32","136080642"
"chr15","21138995","21139194","chr16","76734573","76734767","39","55595578"
"chr15","21190284","21190571","chr5","93075725","93076019","48","71885441"
"chr15","21220031","21220344","chr9","17943911","17944216","44","3276120"
"chr15","21332376","21332672","chr1","156883193","156883493","48","135550817"
"chr15","21443683","21443970","chr7","79794746","79795031","46","58351063"
"chr15","21446122","21446351","chr5","83964311","83964551","54","62518189"
"chr15","21448821","21449134","chr7","88697458","88697764","49","67248637"
"chr15","21521805","21522113","chr11","107864365","107864676","55","86342560"
"chr15","21532125","21532399","chr1","183265758","183266022","40","161733633"
"chr15","21553168","21553461","chr12","51888773","51889064","43","30335605"
"chr15","21560040","21560183","chr6","147088470","147088611","27","125528430"
"chr15","21643385","21643641","chr11","20088953","20089218","51","1554432"
"chr15","21647264","21647574","chr2","39815620","39815927","53","18168356"
"chr15","21651414","21651713","chr15","80055098","80055397","62","58403684"
"chr15","21764683","21764960","chr2","146570178","146570467","49","124805495"
"chr15","21828500","21828785","chr22","24512948","24513234","51","2684448"
"chr15","21931495","21931787","chr8","74033305","74033599","43","52101810"
"chr15","21964020","21964306","chr1","156221651","156221939","43","134257631"
"chr15","21975278","21975576","chr1","156209567","156209865","46","134234289"
"chr15","21977571","21977865","chr19","23703813","23704099","42","1726242"
"chr15","21988953","21989265","chr4","68873266","68873577","49","46884313"
"chr15","22023231","22023542","chr2","150624041","150624344","48","128600810"
"chr15","22033002","22033292","chr7","28792443","28792734","45","6759441"
"chr15","22037574","22037884","chr2","189333312","189333612","52","167295738"
"chr15","22104305","22104582","chr1","206210603","206210888","49","184106298"
"chr15","22190006","22190289","chr4","134798640","134798913","51","112608634"
"chr15","22213281","22213563","chr19","43659630","43659919","40","21446349"
"chr15","22229618","22229927","chr5","65616565","65616873","52","43386947"
"chr15","22237822","22238123","chr5","83138079","83138381","48","60900257"
"chr15","22247713","22248003","chr19","23703813","23704099","42","1456100"
"chr15","22249173","22249476","chr1","155940458","155940757","39","133691285"
"chr15","22293967","22294260","chr2","31677356","31677652","47","9383389"
"chr15","22311741","22312045","chr4","44576155","44576457","49","22264414"
"chr15","22336054","22336362","chr9","101210178","101210488","44","78874124"
"chr15","22396159","22396435","chr1","155813162","155813427","52","133417003"
"chr15","22428425","22428740","chrX","63118288","63118597","60","40689863"
"chr15","22467811","22468117","chr6","117332912","117333211","46","94865101"
"chr15","22479726","22480049","chr14","33666014","33666321","58","11186288"
"chr15","22500483","22500737","chr7","89996468","89996724","46","67495985"
"chr15","22587222","22587522","chr1","155620899","155621192","43","133033677"
"chr15","22592013","22592148","chr19","3976115","3976245","13","18615898"
"chr15","22597470","22597757","chr12","27922791","27923078","41","5325321"
"chr15","22603426","22603725","chr1","155600498","155600797","50","132997072"
"chr15","22607138","22607284","chr3","138398136","138398282","26","115790998"
"chr15","22609449","22609595","chr3","138398136","138398282","25","115788687"
"chr15","22610612","22610901","chr1","155594792","155595074","58","132984180"
"chr15","22713832","22714126","chr1","103493366","103493665","47","80779534"
"chr15","22721862","22722022","chr10","34685300","34685458","27","11963438"
"chr15","22745086","22745268","chr5","80082333","80082514","32","57337247"
"chr15","22747053","22747365","chr9","101210178","101210488","47","78463125"
"chr15","22764471","22764783","chr16","74823463","74823775","50","52058992"
"chr15","22775213","22775522","chr8","108251316","108251622","48","85476103"
"chr15","22785860","22786159","chr13","57884093","57884384","46","35098233"
"chr15","22812542","22812852","chr2","39815620","39815927","52","17003078"
"chr15","22824547","22824620","chr5","92845141","92845222","15","70020594"
"chr15","22828540","22828825","chr9","100952751","100953020","76","78124211"
"chr15","22844814","22845121","chr17","24186873","24187179","45","1342059"
"chr15","22916874","22917051","chr3","189072814","189072983","33","166155940"
"chr15","22923456","22923705","chr1","115552061","115552315","52","92628605"
"chr15","22924001","22924037","chr1","197966598","197966633","16","175042597"
"chr15","22932974","22933226","chr12","27159992","27160249","44","4227018"
"chr15","22948280","22948587","chr4","51724482","51724786","53","28776202"
"chr15","22965869","22966168","chr4","98746325","98746622","49","75780456"
"chr15","22973338","22973518","chr3","183689850","183690027","36","160716512"
"chr15","23084474","23084703","chr11","120797357","120797579","46","97712883"
"chr15","23097609","23097919","chr2","146982644","146982948","45","123885035"
"chr15","23110786","23111089","chr4","54370195","54370493","44","31259409"
"chr15","23136323","23136623","chr1","155065865","155066159","44","131929542"
"chr15","23231114","23231396","chr5","93075725","93076019","49","69844611"
"chr15","23279494","23279798","chr4","152013452","152013750","47","128733958"
"chr15","23286505","23286785","chr1","154989706","154989968","49","131703201"
"chr15","23353589","23353893","chrX","17027155","17027457","52","6326434"
"chr15","23353894","23354196","chr5","34919065","34919372","43","11565171"
"chr15","23486957","23487258","chr1","138653228","138653528","58","115166271"
"chr15","23558242","23558462","chr9","100425750","100425972","40","76867508"
"chr15","23629028","23629222","chr16","31241648","31241832","43","7612620"
"chr15","23672985","23673281","chr1","15070438","15070741","58","8602547"
"chr15","23722064","23722363","chr13","36232484","36232778","48","12510420"
"chr15","23725931","23726232","chr1","154537654","154537947","43","130811723"
"chr15","23746926","23747214","chr1","154513279","154513583","59","130766353"
"chr15","23754992","23755278","chr4","31195106","31195401","44","7440114"
"chr15","23766162","23766457","chr1","154494574","154494861","57","130728412"
"chr15","23801334","23801462","chr13","89519003","89519127","21","65717669"
"chr15","23847246","23847560","chr1","154409712","154410019","47","130562466"
"chr15","23952685","23952981","chr5","80121277","80121568","47","56168592"
"chr15","24041827","24042018","chr21","40112156","40112354","44","16070329"
"chr15","24234606","24234838","chr1","154047016","154047241","31","129812410"
"chr15","24325286","24325570","chr1","153959949","153960236","44","129634663"
"chr15","24373042","24373357","chr1","153917284","153917593","53","129544242"
"chr15","24422244","24422404","chr3","188300067","188300229","30","163877823"
"chr15","24425649","24425944","chr2","147728720","147729015","42","123303071"
"chr15","24448720","24449018","chr6","154952020","154952313","56","130503300"
"chr15","24468687","24468995","chrX","51259545","51259842","44","26790858"
"chr15","24498473","24498737","chr12","90709824","90710081","62","66211351"
"chr15","24518032","24518334","chr6","149746694","149746991","44","125228662"
"chr15","24534628","24534928","chr2","203225383","203225677","53","178690755"
"chr15","24537950","24538114","chr7","138101889","138102052","36","113563939"
"chr15","24558442","24558698","chr11","128079254","128079509","59","103520812"
"chr15","24569343","24569604","chr5","111818560","111818820","47","87249217"
"chr15","24693480","24693773","chr4","71933212","71933503","37","47239732"
"chr15","24785158","24785444","chr1","153504111","153504406","38","128718953"
"chr15","24797788","24798074","chr7","155162191","155162474","43","130364403"
"chr15","24813373","24813645","chr2","168746494","168746768","55","143933121"
"chr15","24819561","24819869","chr5","2193404","2193714","43","22626157"
"chr15","25057771","25058072","chr10","90399593","90399894","48","65341822"
"chr15","25106863","25107169","chr3","52365996","52366297","55","27259133"
"chr15","25204867","25205177","chr9","9679426","9679735","57","15525441"
"chr15","25213527","25213841","chr1","153055518","153055817","44","127841991"
"chr15","25233786","25233950","chr6","114762508","114762668","36","89528722"
"chr15","25268856","25269152","chr2","37952042","37952340","52","12683186"
"chr15","25277452","25277745","chr1","152570018","152570318","48","127292566"
"chr15","25279929","25280227","chr6","17603905","17604193","49","7676024"
"chr15","25381837","25382142","chr1","152875268","152875578","36","127493431"
"chr15","25407662","25407940","chr6","144202248","144202528","56","118794586"
"chr15","25409763","25410080","chr5","55380182","55380490","52","29970419"
"chr15","25440025","25440297","chr1","152819615","152819892","42","127379590"
"chr15","25463362","25463653","chrX","11382069","11382356","50","14081293"
"chr15","25600301","25600597","chr1","152646410","152646713","59","127046109"
"chr15","25603650","25603948","chr5","117609240","117609536","52","92005590"
"chr15","25607264","25607575","chr3","48450700","48451011","50","22843436"
"chr15","25666845","25667150","chr12","100521197","100521494","63","74854352"
"chr15","25676860","25677163","chr1","152570018","152570318","45","126893158"
"chr15","25696997","25697304","chr1","152555017","152555312","49","126858020"
"chr15","25740082","25740384","chr2","203225383","203225677","50","177485301"
"chr15","25745845","25746124","chr1","152503844","152504099","62","126757999"
"chr15","25748042","25748326","chr1","152500554","152500828","48","126752512"
"chr15","25760286","25760591","chrX","8396907","8397216","58","17363379"
"chr15","25827335","25827630","chr7","155162191","155162474","42","129334856"
"chr15","25855258","25855428","chr5","137430867","137431028","26","111575609"
"chr15","25976303","25976603","chr1","152282254","152282560","49","126305951"
"chr15","26084034","26084312","chr1","152159248","152159540","57","126075214"
"chr15","26191433","26191738","chr4","54370195","54370493","44","28178762"
"chr15","26286421","26286692","chr1","151931337","151931617","42","125644916"
"chr15","26539560","26539855","chr10","88439024","88439316","45","61899464"
"chr15","26704987","26705048","chr2","97655048","97655103","13","70950061"
"chr15","26888215","26888518","chr9","45325979","45326278","39","18437764"
"chr15","26901976","26902262","chr1","186610138","186610422","39","159708162"
"chr15","26911358","26911656","chr7","120468697","120468997","47","93557339"
"chr15","27023431","27023725","chr2","146982644","146982948","50","119959213"
"chr15","27119757","27119989","chr11","64194401","64194623","44","37074644"
"chr15","27130984","27131294","chr1","151057851","151058148","50","123926867"
"chr15","27153766","27154064","chr14","14434290","14434590","54","12719476"
"chr15","27173279","27173421","chr3","87416033","87416170","26","60242754"
"chr15","27173426","27173706","chr2","134890220","134890504","55","107716794"
"chr15","27207376","27207657","chr8","32921300","32921576","62","5713924"
"chr15","27231697","27231955","chr14","20619930","20620186","36","6611767"
"chr15","27234604","27234696","chr11","59696965","59697057","14","32462361"
"chr15","27283488","27283535","chr7","10054243","10054291","2","17229245"
"chr15","27339837","27340126","chr3","19993966","19994253","45","7345871"
"chr15","27403483","27403743","chr12","10448291","10448548","42","16955192"
"chr15","27405231","27405536","chr16","74823463","74823775","50","47418232"
"chr15","27460563","27460809","chr8","93750596","93750840","40","66290033"
"chr15","27494217","27494491","chr1","78087517","78087781","45","50593300"
"chr15","27509734","27509792","chr7","22393730","22393790","13","5116004"
"chr15","27559515","27559825","chr1","150639712","150640028","37","123080197"
"chr15","27620784","27621068","chr1","150561232","150561514","41","122940448"
"chr15","28411050","28411132","chr11","51523819","51523902","9","23112769"
"chr15","28459926","28460213","chr19","35779479","35779770","44","7319553"
"chr15","28919370","28919670","chr1","149195645","149195947","40","120276275"
"chr15","29024565","29024853","chrUn_GL286267","16644","16927","50","29007921"
"chr15","29042577","29042640","chr7","71879017","71879077","7","42836440"
"chr15","29094877","29095171","chr20","21484687","21484985","45","7610190"
"chr15","29123126","29123424","chr5","139889919","139890213","50","110766793"
"chr15","29133336","29133618","chr6","135531665","135531946","47","106398329"
"chr15","29166610","29166916","chr2","151954744","151955042","51","122788134"
"chr15","29171133","29171440","chr7","70375823","70376126","43","41204690"
"chr15","29174585","29174881","chr2","147728720","147729015","48","118554135"
"chr15","29177461","29177741","chr1","148438931","148439211","46","119261470"
"chr15","29193560","29193866","chr18","2673991","2674299","47","26519569"
"chr15","29324809","29325091","chrX","40379526","40379818","53","11054717"
"chr15","29426588","29426897","chr1","148725735","148726036","50","119299147"
"chr15","29549502","29549585","chr7","97668711","97668790","19","68119209"
"chr15","29599292","29599585","chrX","69084841","69085134","44","39485549"
"chr15","29600231","29600305","chr14","83388331","83388409","14","53788100"
"chr15","29615221","29615519","chr4","139259106","139259407","51","109643885"
"chr15","29633924","29634206","chr10","101777377","101777654","48","72143453"
"chr15","29638753","29638916","chrX","90165469","90165629","31","60526716"
"chr15","29659730","29660014","chr20","26369514","26369801","52","3290216"
"chr15","29761504","29761807","chr1","148292582","148292881","49","118531078"
"chr15","29764567","29764872","chr5","73075939","73076252","58","43311372"
"chr15","29773420","29773734","chr10","21024965","21025274","52","8748455"
"chr15","29849754","29850049","chr6","21465698","21465986","49","8384056"
"chr15","29943674","29943964","chr10","34940186","34940477","51","4996512"
"chr15","30345349","30345661","chr5","83043086","83043395","50","52697737"
"chr15","30588918","30589207","chr7","28792443","28792734","38","1796475"
"chr15","30644080","30644166","chr2","182494710","182494797","26","151850630"
"chr15","30644272","30644426","chr12","15442403","15442551","44","15201869"
"chr15","30689786","30690085","chr1","147395718","147396011","35","116705932"
"chr15","30758625","30758926","chr9","84614143","84614455","51","53855518"
"chr15","30954228","30954438","chr5","109421126","109421332","30","78466898"
"chr15","30999592","30999899","chr4","139259106","139259407","57","108259514"
"chr15","31098086","31098365","chr6","5999163","5999451","57","25098923"
"chr15","31180549","31180836","chr1","146876874","146877159","44","115696325"
"chr15","31737962","31738238","chr1","146339106","146339396","70","114601144"
"chr15","31864551","31864839","chr19","14357233","14357523","55","17507318"
"chr15","31946656","31946944","chr1","116618974","116619261","42","84672318"
"chr15","32011144","32011436","chr1","146048052","146048348","56","114036908"
"chr15","32088541","32088833","chr11","23971252","23971543","49","8117289"
"chr15","32345297","32345486","chr6","50583004","50583192","42","18237707"
"chr15","32516366","32516670","chr9","108638571","108638873","54","76122205"
"chr15","32930755","32931023","chr19","23618134","23618393","49","9312621"
"chr15","33003609","33003905","chr1","155600498","155600797","53","122596889"
"chr15","33066078","33066371","chr1","170771447","170771746","45","137705369"
"chr15","33223610","33223713","chr1","144800463","144800566","14","111576853"
"chr15","33389255","33389555","chr3","184897019","184897316","49","151507764"
"chr15","33404168","33404436","chr1","144529020","144529286","48","111124852"
"chr15","33411676","33411942","chr9","85941748","85942022","58","52530072"
"chr15","33616740","33617045","chr1","75056471","75056776","49","41439731"
"chr15","33623341","33623659","chr1","75036699","75037012","48","41413358"
"chr15","33757173","33757482","chr1","144197754","144198053","52","110440581"
"chr15","33884769","33885067","chr6","144116783","144117089","47","110232014"
"chr15","33942008","33942318","chr18","2673991","2674299","52","31268017"
"chr15","34189964","34190257","chr12","51888773","51889064","42","17698809"
"chr15","34239896","34240071","chr13","95908488","95908662","32","61668592"
"chr15","34258668","34258978","chr16","45674189","45674487","54","11415521"
"chr15","34262449","34262735","chr2","12588191","12588476","48","21674258"
"chr15","34322693","34322863","chr11","16597855","16598025","31","17724838"
"chr15","34354211","34354504","chr7","85080523","85080815","52","50726312"
"chr15","34503134","34503404","chr2","137389646","137389923","57","102886512"
"chr15","34516805","34516969","chr7","12902130","12902295","28","21614675"
"chr15","34517659","34517946","chr12","107125942","107126232","43","72608283"
"chr15","34576904","34577202","chr8","108251316","108251622","52","73674412"
"chr15","34625636","34625929","chrX","11077007","11077300","56","23548629"
"chr15","34635890","34636178","chrX","2704691","2704967","74","31931199"
"chr15","34662518","34662588","chr5","47678674","47678734","19","13016156"
"chr15","34670312","34670617","chr1","143232093","143232411","43","108561781"
"chr15","34763858","34764158","chr7","88697458","88697764","48","53933600"
"chr15","35021498","35021793","chr1","142897444","142897741","52","107875946"
"chr15","35028932","35029229","chr9","45325979","45326278","40","10297047"
"chr15","35437903","35438158","chr18","5790915","5791164","58","29646988"
"chr15","35456728","35457026","chr1","142455639","142455934","49","106998911"
"chr15","35548292","35548456","chr2","142034987","142035151","29","106486695"
"chr15","35614446","35614491","chr1","77402005","77402050","3","41787559"
"chr15","35660382","35660675","chr2","36988574","36988869","43","1328192"
"chr15","35916898","35917175","chr9","43545668","43545956","56","7628770"
"chr15","35947293","35947591","chr3","55674417","55674709","56","19727124"
"chr15","35950780","35951081","chr4","40290993","40291286","52","4340213"
"chr15","35973462","35973713","chr2","186704037","186704290","46","150730575"
"chr15","35993311","35993622","chr11","83476981","83477292","61","47483670"
"chr15","36008302","36008585","chrX","5636981","5637273","42","30371321"
"chr15","36013389","36013685","chr5","45788683","45788985","43","9775294"
"chr15","36235397","36235665","chr3","38764537","38764803","48","2529140"
"chr15","36366849","36367153","chr5","64266316","64266614","52","27899467"
"chr15","36578292","36578583","chr6","57780653","57780942","45","21202361"
"chr15","36584517","36584807","chr14","915738","916038","64","35668779"
"chr15","36601362","36601674","chrX","63118288","63118597","50","26516926"
"chr15","36606201","36606488","chr11","5274208","5274485","48","31331993"
"chr15","36660669","36660971","chr13","97504784","97505088","49","60844115"
"chr15","36670252","36670557","chr1","141254322","141254631","39","104584070"
"chr15","36687061","36687289","chr13","28685405","28685642","51","8001656"
"chr15","36702673","36702858","chr5","110926377","110926556","29","74223704"
"chr15","36776163","36776445","chr11","77965713","77965999","45","41189550"
"chr15","36793466","36793766","chr4","163363355","163363643","49","126569889"
"chr15","36833604","36833660","chr10","86432039","86432097","10","49598435"
"chr15","36854761","36855046","chr1","186610138","186610422","44","149755377"
"chr15","36870962","36871253","chr8","5847906","5848189","63","31023056"
"chr15","36907269","36907565","chr5","802010","802319","51","36105259"
"chr15","37159468","37159744","chr10","90133874","90134155","56","52974406"
"chr15","37178317","37178615","chr5","134335779","134336071","49","97157462"
"chr15","37359528","37359821","chr6","119011301","119011592","39","81651773"
"chr15","37383970","37384074","chr6","150563184","150563284","20","113179214"
"chr15","37592760","37593056","chr1","140333436","140333732","39","102740676"
"chr15","37658960","37659082","chr19","36416332","36416449","21","1242628"
"chr15","37661702","37662006","chr5","116663888","116664187","51","79002186"
"chr15","37742852","37743073","chr1","140188780","140189001","29","102445928"
"chr15","37790192","37790526","chr20","3758100","3758408","66","34032092"
"chr15","37852447","37852756","chr1","140083591","140083907","41","102231144"
"chr15","37884021","37884324","chr1","140052271","140052571","41","102168250"
"chr15","37918183","37918469","chr19","23703813","23704099","52","14214370"
"chr15","37996868","37997179","chr22","32343584","32343893","53","5653284"
"chr15","38057454","38057739","chr2","137499546","137499827","61","99442092"
"chr15","38060295","38060583","chr6","67836368","67836652","48","29776073"
"chr15","38077257","38077527","chr1","139846082","139846343","46","101768825"
"chr15","38201848","38202125","chr2","47506221","47506493","45","9304373"
"chr15","38212557","38212854","chr2","203225383","203225677","49","165012826"
"chr15","38238765","38238817","chr16","17966411","17966461","7","20272354"
"chr15","38243887","38244022","chr1","160364946","160365081","20","122121059"
"chr15","38245139","38245232","chr14","36192966","36193058","14","2052173"
"chr15","38249494","38249793","chrX","52447418","52447719","40","14197924"
"chr15","38261653","38261911","chr4","171389989","171390239","50","133128336"
"chr15","38288807","38289121","chr4","24714987","24715298","53","13573820"
"chr15","38304204","38304425","chr1","157269562","157269781","58","118965358"
"chr15","38386110","38386394","chr18","38605998","38606288","52","219888"
"chr15","38422610","38422923","chr5","62649627","62649924","59","24227017"
"chr15","38448398","38448685","chr1","139436946","139437217","54","100988548"
"chr15","38509346","38509635","chr7","155162191","155162474","53","116652845"
"chr15","38529985","38530278","chr1","139356973","139357268","36","100826988"
"chr15","38535458","38535761","chr1","139351241","139351544","49","100815783"
"chr15","38607192","38607356","chr22","34544447","34544626","32","4062745"
"chr15","38634991","38635284","chr16","46721249","46721542","57","8086258"
"chr15","38670886","38671186","chr1","139210695","139211000","49","100539809"
"chr15","38690361","38690662","chr3","106011472","106011765","60","67321111"
"chr15","38706342","38706423","chr9","99209833","99209914","13","60503491"
"chr15","38752404","38752713","chr1","139133390","139133702","49","100380986"
"chr15","38802299","38802622","chr6","119011301","119011592","71","80209002"
"chr15","38813809","38814095","chr2","168567784","168568060","46","129753975"
"chr15","38858566","38858656","chr11","110316345","110316436","16","71457779"
"chr15","38896357","38896455","chr1","138990735","138990832","14","100094378"
"chr15","38933055","38933356","chr1","15709909","15710212","45","23223146"
"chr15","38975571","38975706","chr5","10559689","10559821","22","28415882"
"chr15","39049568","39049869","chr16","46721249","46721542","40","7671681"
"chr15","39079327","39079658","chr13","20178005","20178325","58","18901322"
"chr15","39214766","39215067","chr6","141405267","141405573","49","102190501"
"chr15","39275314","39275613","chr1","138580355","138580656","34","99305041"
"chr15","39298077","39298375","chr9","100098416","100098714","39","60800339"
"chr15","39338734","39339041","chrX","17705039","17705341","49","21633695"
"chr15","39345733","39345827","chrUn_GL286456","281849","281948","18","39063884"
"chr15","39361494","39361791","chr1","13807754","13808053","45","25553740"
"chr15","39378815","39379005","chr5","45638989","45639171","40","6260174"
"chr15","39390069","39390195","chr15","95313243","95313379","26","55923174"
"chr15","39451230","39451342","chr6","111464143","111464250","25","72012913"
"chr15","39457500","39457805","chr10","55288625","55288928","49","15831125"
"chr15","39462007","39462309","chr1","138392254","138392560","38","98930247"
"chr15","39505087","39505390","chr21","49806208","49806506","45","10301121"
"chr15","39507237","39507494","chr7","59948325","59948581","41","20441088"
"chr15","39528216","39528522","chr9","105072042","105072344","55","65543826"
"chr15","39532631","39532913","chr9","113096720","113097009","56","73564089"
"chr15","39540502","39540685","chr7","50710204","50710388","34","11169702"
"chr15","39601429","39601710","chr14","84660215","84660497","59","45058786"
"chr15","39686703","39686853","chr6","32434391","32434543","26","7252312"
"chr15","39690330","39690651","chr8","52942256","52942571","47","13251926"
"chr15","39754859","39755118","chr3","150826402","150826664","44","111071543"
"chr15","39764488","39764775","chr19","7123341","7123633","51","32641147"
"chr15","39783836","39784133","chr2","17996148","17996446","39","21787688"
"chr15","39808524","39808835","chr5","78565303","78565608","57","38756779"
"chr15","39911556","39911856","chr1","89218671","89218973","57","49307115"
"chr15","39980800","39981103","chr2","99756788","99757092","51","59775988"
"chr15","40047097","40047244","chr1","137753994","137754147","21","97706897"
"chr15","40054553","40054857","chr1","140083591","140083907","50","100029038"
"chr15","40172408","40172698","chr1","137621535","137621828","40","97449127"
"chr15","40235127","40235302","chr9","103774503","103774673","29","63539376"
"chr15","40293323","40293429","chr22","34275656","34275762","21","6017667"
"chr15","40318314","40318463","chr10","44804693","44804842","29","4486379"
"chr15","40319738","40320062","chr7","45835586","45835929","111","5515848"
"chr15","40359790","40360106","chr2","146356942","146357240","56","105997152"
"chr15","40430570","40430700","chr5","157861381","157861515","16","117430811"
"chr15","40437764","40437917","chr1","27923890","27924048","27","12513874"
"chr15","40453933","40454223","chr2","10591091","10591384","43","29862842"
"chr15","40468735","40469046","chr5","55380182","55380490","39","14911447"
"chr15","40494179","40494433","chr20","11729288","11729543","44","28764891"
"chr15","40504129","40504438","chr1","137297937","137298242","46","96793808"
"chr15","40516234","40516545","chr2","146982644","146982948","45","106466410"
"chr15","40520410","40520713","chr8","29283402","29283703","52","11237008"
"chr15","40569555","40569845","chrX","40300031","40300316","51","269524"
"chr15","40570419","40570728","chr5","73075939","73076252","49","32505520"
"chr15","40639859","40639952","chr15","64360839","64360932","15","23720980"
"chr15","40640077","40640212","chr10","122739697","122739830","20","82099620"
"chr15","40640227","40640254","chr16","48061628","48061661","14","7421401"
"chr15","40640275","40640400","chr5","156163531","156163658","21","115523256"
"chr15","40817508","40817783","chr1","136943452","136943724","27","96125944"
"chr15","40822738","40823035","chr7","87384353","87384653","47","46561615"
"chr15","40841237","40841530","chr5","47309745","47310037","56","6468508"
"chr15","40842994","40843283","chr1","77745311","77745604","41","36902317"
"chr15","40869215","40869496","chr9","83573818","83574110","54","42704603"
"chr15","40872936","40873214","chr1","180589014","180589283","64","139716078"
"chr15","40881446","40881733","chr10","88439024","88439316","52","47557578"
"chr15","40889017","40889311","chr1","136875382","136875671","51","95986365"
"chr15","40965705","40966011","chr14","32375490","32375800","50","8590215"
"chr15","40982120","40982368","chr1","136787688","136787952","46","95805568"
"chr15","41000573","41000865","chr1","136769275","136769572","46","95768702"
"chr15","41037692","41037998","chr1","136745935","136746245","42","95708243"
"chr15","41040423","41040732","chr1","136743158","136743465","44","95702735"
"chr15","41041380","41041693","chr19","36137458","36137772","52","4903922"
"chr15","41041865","41042158","chr1","136741411","136741693","40","95699546"
"chr15","41272089","41272353","chr13","49797727","49797974","58","8525638"
"chr15","41491630","41491937","chr9","17943911","17944216","49","23547719"
"chr15","41609292","41609568","chr1","136189983","136190251","41","94580691"
"chr15","41609826","41610094","chr1","136189460","136189722","33","94579634"
"chr15","41645483","41645766","chr2","17686816","17687098","51","23958667"
"chr15","41646402","41646710","chr13","62857482","62857793","48","21211080"
"chr15","41695014","41695322","chr1","136105894","136106194","46","94410880"
"chr15","41720079","41720359","chr7","14181724","14181998","53","27538355"
"chr15","41722195","41722256","chr1","96437581","96437640","11","54715386"
"chr15","41728568","41728863","chr1","136075782","136076086","47","94347214"
"chr15","41805557","41805821","chrX","94104452","94104721","56","52298895"
"chr15","41806858","41806973","chr5","6687481","6687595","23","35119377"
"chr15","41832768","41833077","chr5","25564881","25565190","45","16267887"
"chr15","41836602","41836708","chr8","52889743","52889842","21","11053141"
"chr15","41868081","41868376","chrX","69084841","69085134","43","27216760"
"chr15","41875403","41875695","chr1","135912675","135912962","41","94037272"
"chr15","41914641","41914922","chr12","51888773","51889064","49","9974132"
"chr15","41949214","41949517","chrX","12001871","12002171","46","29947343"
"chr15","41951179","41951218","chrX","51327784","51327821","7","9376605"
"chr15","41959620","41959756","chr5","157861381","157861515","19","115901761"
"chr15","41975326","41975597","chr9","46777958","46778230","58","4802632"
"chr15","41985080","41985246","chr9","110503091","110503258","28","68518011"
"chr15","41993290","41993480","chr7","129721550","129721729","40","87728260"
"chr15","41999538","41999748","chr1","199541886","199542107","45","157542348"
"chr15","42011373","42011662","chr19","23703813","23704099","54","18307560"
"chr15","42022805","42023075","chr9","85941748","85942022","52","43918943"
"chr15","42052274","42052408","chr5","10559689","10559821","26","31492585"
"chr15","42075053","42075352","chr1","135704271","135704575","54","93629218"
"chr15","42093622","42093756","chr2","104486328","104486458","23","62392706"
"chr15","42126530","42126820","chr6","57780653","57780942","43","15654123"
"chr15","42145000","42145281","chr12","89295583","89295865","52","47150583"
"chr15","42147168","42147474","chr9","14539289","14539586","47","27607879"
"chr15","42150962","42151249","chr10","88426561","88426847","52","46275599"
"chr15","42188463","42188778","chr6","149184130","149184427","75","106995667"
"chr15","42228114","42228420","chr4","108464628","108464932","46","66236514"
"chr15","42303233","42303528","chr6","119011301","119011592","46","76708068"
"chr15","42328922","42329251","chr2","11077390","11077699","62","31251532"
"chr15","42330135","42330429","chr5","50537784","50538079","48","8207649"
"chr15","42366683","42366979","chr21","49806208","49806506","53","7439525"
"chr15","42401777","42402089","chr9","110134059","110134367","58","67732282"
"chr15","42412210","42412490","chr13","9982043","9982324","50","32430167"
"chr15","42451431","42451717","chr5","134531602","134531884","49","92080171"
"chr15","42480026","42480325","chr1","175092801","175093094","51","132612775"
"chr15","42540131","42540403","chr1","135242495","135242766","39","92702364"
"chr15","42583812","42584102","chrX","45563978","45564273","48","2980166"
"chr15","42666200","42666489","chrX","51259545","51259842","51","8593345"
"chr15","42753206","42753513","chr2","150624041","150624344","48","107870835"
"chr15","42765244","42765536","chr17","43302727","43303002","69","537483"
"chr15","42821206","42821250","chr1","77402005","77402050","6","34580799"
"chr15","42821593","42821723","chr9","7140047","7140177","21","35681546"
"chr15","42905386","42905699","chrX","62061554","62061862","50","19156168"
"chr15","42909648","42909764","chr1","134861909","134862024","10","91952261"
"chr15","42927895","42928206","chr1","134842106","134842410","44","91914211"
"chr15","43101377","43101687","chr1","101902284","101902595","44","58800907"
"chr15","43182019","43182312","chr5","144164144","144164432","63","100982125"
"chr15","43182318","43182611","chr1","134596720","134597023","46","91414402"
"chr15","43220521","43220815","chr20","26369514","26369801","56","16851007"
"chr15","43261533","43261830","chr10","99483273","99483561","46","56221740"
"chr15","43269995","43270293","chr1","134508410","134508706","41","91238415"
"chr15","43277937","43278220","chr1","180589014","180589283","61","137311077"
"chr15","43365246","43365520","chr2","72437369","72437649","51","29072123"
"chr15","43378333","43378632","chrX","18432136","18432433","48","24946197"
"chr15","43393550","43393834","chr1","134388608","134388887","44","90995058"
"chr15","43516271","43516561","chr1","170771447","170771746","48","127255176"
"chr15","43788341","43788626","chr1","133907639","133907922","41","90119298"
"chr15","43970708","43970996","chr4","2052866","2053155","62","41917842"
"chr15","44400598","44400839","chr2","114264645","114264876","75","69864047"
"chr15","44582815","44583108","chr3","71082107","71082409","55","26499292"
"chr15","44723364","44723648","chr19","33857908","33858196","46","10865456"
"chr15","45057562","45057870","chr2","1679121","1679426","71","43378441"
"chr15","45063486","45063776","chrX","106568761","106569053","58","61505275"
"chr15","45728936","45729238","chr22","34352998","34353299","56","11375938"
"chr15","46425828","46426101","chr12","113634286","113634558","49","67208458"
"chr15","47036480","47036768","chr5","158518457","158518746","48","111481977"
"chr15","47053690","47053994","chr6","75230350","75230656","47","28176660"
"chr15","47072259","47072557","chr15","94890771","94891070","55","47818512"
"chr15","47312726","47312976","chr22","15572896","15573148","51","31739830"
"chr15","47824359","47824643","chr1","129341975","129342254","43","81517616"
"chr15","47939276","47939569","chr12","64546985","64547274","53","16607709"
"chr15","48241508","48241808","chr2","64486245","64486545","49","16244737"
"chr15","48280315","48280468","chr1","97373015","97373166","33","49092700"
"chr15","48466291","48466603","chr4","126062982","126063287","46","77596691"
"chr15","48541434","48541741","chr5","59461001","59461310","47","10919567"
"chr15","48605625","48605915","chr4","410768","411054","45","48194857"
"chr15","49458424","49458731","chr9","9679426","9679735","53","39778998"
"chr15","49640036","49640326","chr13","53731623","53731916","51","4091587"
"chr15","49954770","49955071","chr6","116641225","116641528","57","66686455"
"chr15","49962828","49963133","chr8","26699415","26699723","51","23263413"
"chr15","49984612","49984717","chr17","37728813","37728917","23","12255799"
"chr15","50008917","50009171","chr2","144740529","144740778","73","94731612"
"chr15","51048879","51049180","chr4","139259106","139259407","45","88210227"
"chr15","51196076","51196211","chr6","117749350","117749491","38","66553274"
"chr15","51204636","51204939","chr1","125747708","125748010","40","74543072"
"chr15","51221994","51222300","chr1","125724562","125724858","50","74502568"
"chr15","51937939","51938176","chr14","84140203","84140451","68","32202264"
"chr15","52385054","52385158","chr12","21004997","21005099","16","31380057"
"chr15","52456677","52456976","chr4","139259106","139259407","54","86802429"
"chr15","52607856","52608162","chr1","124431888","124432172","65","71824032"
"chr15","52642775","52643116","chr2","170648063","170648389","89","118005288"
"chr15","52762861","52763155","chr9","83496653","83496947","74","30733792"
"chr15","53152449","53152591","chr8","97714406","97714548","25","44561957"
"chr15","53152754","53152882","chr22","28568641","28568765","24","24584113"
"chr15","53167159","53167477","chr5","73075939","73076252","55","19908780"
"chr15","53371464","53371751","chr1","116618974","116619261","45","63247510"
"chr15","53395284","53395588","chr1","123601272","123601572","57","70205988"
"chr15","53570349","53570467","chr2","116698128","116698252","26","63127779"
"chr15","53621184","53621497","chr5","73075939","73076252","56","19454755"
"chr15","53628999","53629312","chr21","41025095","41025401","55","12603904"
"chr15","53699740","53700032","chr7","89103800","89104093","57","35404060"
"chr15","53701040","53701349","chr16","59793484","59793789","57","6092444"
"chr15","53789449","53789746","chr15","38910043","38910338","42","14879406"
"chr15","53945682","53945783","chr5","92964095","92964193","14","39018413"
"chr15","54018670","54018984","chr2","36478057","36478360","56","17540613"
"chr15","54116502","54116738","chr6","126196681","126196923","61","72080179"
"chr15","54243601","54243888","chr2","10706398","10706685","49","43537203"
"chr15","54255685","54255977","chr1","122835298","122835579","54","68579613"
"chr15","54283708","54283806","chr4","150406201","150406302","25","96122493"
"chr15","54330692","54330815","chr4","10330266","10330389","24","44000426"
"chr15","54336998","54337292","chrX","122477327","122477613","54","68140329"
"chr15","54354304","54354587","chr4","106749058","106749336","60","52394754"
"chr15","54393563","54393732","chr15","78299752","78299912","37","23906189"
"chr15","54763034","54763324","chr14","87768363","87768652","56","33005329"
"chr15","55031090","55031233","chr1","122042456","122042600","26","67011366"
"chr15","55219788","55220090","chr16","19561365","19561669","47","35658423"
"chr15","55581027","55581339","chr6","75230350","75230656","64","19649323"
"chr15","55685649","55685776","chr4","88076570","88076699","20","32390921"
"chr15","55704357","55704665","chr5","108184196","108184507","64","52479839"
"chr15","55723312","55723427","chr3","84875338","84875455","18","29152026"
"chr15","55741913","55742224","chr6","74443203","74443515","55","18701290"
"chr15","55743792","55744091","chr1","121265312","121265615","39","65521520"
"chr15","55771019","55771302","chr1","156825958","156826241","52","101054939"
"chr15","55775796","55775970","chr2","131597618","131597785","36","75821822"
"chr15","55820165","55820243","chr2","133062201","133062283","12","77242036"
"chr15","55828508","55828811","chrX","125368984","125369285","49","69540476"
"chr15","55841022","55841144","chr14","82352957","82353074","22","26511935"
"chr15","55847268","55847583","chr7","70375823","70376126","64","14528555"
"chr15","55848459","55848752","chr2","67197269","67197565","45","11348810"
"chr15","55855779","55855943","chr6","114762508","114762668","28","58906729"
"chr15","55875291","55875569","chr12","79894368","79894648","54","24019077"
"chr15","55884871","55885032","chr11","16597855","16598025","34","39287016"
"chr15","55922238","55922397","chr6","114762508","114762668","34","58840270"
"chr15","55933544","55933834","chr5","47309745","47310037","58","8623799"
"chr15","55944792","55945098","chr9","8905382","8905677","57","47039410"
"chr15","55988376","55988649","chr1","121001735","121002005","36","65013359"
"chr15","56048410","56048717","chr1","120947062","120947374","57","64898652"
"chr15","56124541","56124832","chrX","52124717","52125015","53","3999824"
"chr15","56193285","56193575","chr1","120759776","120760065","40","64566491"
"chr15","56209740","56210051","chr5","36466546","36466844","56","19743194"
"chr15","56359615","56359915","chr1","185105558","185105857","39","128745943"
"chr15","56385414","56385719","chr22","5265518","5265816","58","51119896"
"chr15","57036627","57036911","chr12","113215742","113216022","50","56179115"
"chr15","57065829","57066108","chr9","56639221","56639501","50","426608"
"chr15","57179782","57180088","chr9","101210178","101210488","44","44030396"
"chr15","57218482","57218782","chr12","20496488","20496786","45","36721994"
"chr15","57320402","57320666","chr1","201609608","201609871","51","144289206"
"chr15","57384659","57384968","chr6","6174849","6175151","52","51209810"
"chr15","57385348","57385654","chr11","106700773","106701081","51","49315425"
"chr15","57478041","57478316","chr4","12429965","12430236","49","45048076"
"chr15","57563973","57564277","chr1","119363909","119364217","44","61799936"
"chr15","57588745","57589050","chr6","70367906","70368206","46","12779161"
"chr15","57642202","57642502","chr14","37490086","37490383","65","20152116"
"chr15","57732422","57732648","chr15","9389834","9390061","42","48342588"
"chr15","57922246","57922549","chr4","54370195","54370493","45","3552051"
"chr15","57989945","57990234","chr3","137448346","137448639","46","79458401"
"chr15","57996620","57996927","chr1","153331205","153331512","47","95334585"
"chr15","58048374","58048461","chr17","64087322","64087411","10","6038948"
"chr15","58067951","58068106","chr4","32101212","32101368","24","25966739"
"chr15","58128134","58128437","chr10","118578692","118578996","48","60450558"
"chr15","58175536","58175843","chr5","65296228","65296517","65","7120692"
"chr15","58192458","58192765","chr10","14690438","14690745","58","43502020"
"chr15","58195553","58195845","chr12","107125942","107126232","41","48930389"
"chr15","58219578","58219890","chr1","118690053","118690361","43","60470475"
"chr15","58292614","58292918","chr1","118616902","118617224","49","60324288"
"chr15","58403677","58403806","chr5","115366774","115366909","25","56963097"
"chr15","58454993","58455304","chr1","121265312","121265615","66","62810319"
"chr15","58502150","58502453","chr7","70375823","70376126","46","11873673"
"chr15","58539505","58539674","chr14","71098769","71098932","30","12559264"
"chr15","59183589","59183866","chr10","41485100","41485371","43","17698489"
"chr15","59258517","59258813","chr5","141618531","141618824","45","82360014"
"chr15","59285191","59285494","chr3","106011472","106011765","47","46726281"
"chr15","59297953","59298258","chr9","104034265","104034566","56","44736312"
"chr15","59332014","59332314","chr15","38910043","38910338","50","20421971"
"chr15","59355208","59355495","chr10","98643052","98643338","56","39287844"
"chr15","59420317","59420631","chr4","44576155","44576457","53","14844162"
"chr15","59457304","59457542","chr5","5657711","5657956","52","53799593"
"chr15","59501552","59501846","chr22","6924836","6925127","45","52576716"
"chr15","59549116","59549402","chr12","3664468","3664760","54","55884648"
"chr15","59566220","59566281","chr7","54819198","54819253","8","4747022"
"chr15","59609778","59610071","chr22","27052893","27053192","53","32556885"
"chr15","59671327","59671638","chr5","1076646","1076956","46","58594681"
"chr15","59818695","59818977","chr4","106702443","106702725","45","46883748"
"chr15","59850925","59851212","chr14","103469935","103470221","41","43619010"
"chr15","59863025","59863331","chr1","116891807","116892100","50","57028782"
"chr15","59897081","59897376","chr1","116866164","116866459","58","56969083"
"chr15","59906614","59906745","chr1","185491849","185491983","24","125585235"
"chr15","59909376","59909624","chr3","20015213","20015458","40","39894163"
"chr15","59912268","59912329","chr9","100123985","100124046","11","40211717"
"chr15","59912347","59912599","chr3","20013537","20013801","48","39898810"
"chr15","59941205","59941472","chr7","145221375","145221643","55","85280170"
"chr15","59948255","59948561","chr2","29786463","29786779","42","30161792"
"chr15","60085189","60085490","chr5","127735249","127735545","51","67650060"
"chr15","60136118","60136419","chr9","45325979","45326278","40","14810139"
"chr15","60152591","60152879","chr1","116618974","116619261","38","56466383"
"chr15","60222887","60223055","chr12","25512828","25512995","29","34710059"
"chr15","60266958","60267253","chr2","1572464","1572757","47","58694494"
"chr15","60311139","60311250","chr1","116464055","116464175","21","56152916"
"chr15","60518367","60518675","chr1","136803882","136804189","49","76285515"
"chr15","60702516","60702809","chr5","61025909","61026199","49","323393"
"chr15","60765638","60765934","chr10","17231552","17231845","44","43534086"
"chr15","60781776","60782059","chr5","3678107","3678386","61","57103669"
"chr15","60843606","60843898","chr4","88537915","88538212","53","27694309"
"chr15","60877637","60877912","chr2","16187668","16187943","47","44689969"
"chr15","60949560","60949846","chr10","100408257","100408540","45","39458697"
"chr15","61159864","61160138","chr12","22533312","22533580","65","38626552"
"chr15","61161637","61161892","chr1","115614555","115614829","45","54452918"
"chr15","61201797","61202094","chr4","98746325","98746622","44","37544528"
"chr15","61363264","61363563","chr1","115400051","115400340","62","54036787"
"chr15","61508831","61509129","chr1","140333436","140333732","45","78824605"
"chr15","61520651","61520979","chr19","6495844","6496151","70","55024807"
"chr15","61603163","61603396","chr5","106738756","106738989","48","45135593"
"chr15","61704266","61704487","chr7","61663530","61663767","52","40736"
"chr15","61730988","61731104","chr3","165521879","165521997","10","103790891"
"chr15","61812856","61813150","chr16","66568637","66568935","48","4755781"
"chr15","61939407","61939702","chr5","139889919","139890213","34","77950512"
"chr15","62034411","62034703","chr7","25925292","25925587","44","36109119"
"chr15","62052228","62052306","chr11","115398848","115398922","15","53346620"
"chr15","62054690","62054998","chr9","113160799","113161104","67","51106109"
"chr15","62083291","62083408","chr2","171604505","171604622","16","109521214"
"chr15","62093135","62093412","chr4","158481330","158481605","44","96388195"
"chr15","62244034","62244335","chr5","139889919","139890213","64","77645885"
"chr15","62860576","62860884","chr5","108072638","108072943","56","45212062"
"chr15","62868160","62868445","chr12","79485299","79485587","46","16617139"
"chr15","63184898","63185087","chr7","50710204","50710388","39","12474694"
"chr15","63189780","63190063","chrX","40344797","40345081","54","22844983"
"chr15","63294453","63294535","chr15","64476558","64476633","17","1182105"
"chr15","63668093","63668273","chr1","113148839","113149015","29","49480746"
"chr15","63758673","63758976","chr1","170703829","170704129","67","106945156"
"chr15","64295374","64295644","chr4","53710683","53710965","57","10584691"
"chr15","64316034","64316136","chr20","10726239","10726335","18","53589795"
"chr15","64857981","64858268","chr1","111961961","111962252","45","47103980"
"chr15","65257175","65257424","chr5","10743356","10743597","64","54513819"
"chr15","65490845","65491125","chr13","61026131","61026415","43","4464714"
"chr15","65690387","65690676","chr1","111121786","111122070","47","45431399"
"chr15","66241080","66241365","chr3","105848034","105848319","43","39606954"
"chr15","66319315","66319442","chr7","107505166","107505289","26","41185851"
"chr15","66363162","66363473","chr2","150624041","150624344","51","84260879"
"chr15","66389652","66389943","chr4","160761986","160762273","54","94372334"
"chr15","66394230","66394500","chr1","110426172","110426436","46","44031942"
"chr15","66568073","66568373","chr9","25525997","25526295","58","41042076"
"chr15","66902483","66902787","chr9","40725344","40725637","53","26177139"
"chr15","67250464","67250774","chr6","18728252","18728558","54","48522212"
"chr15","67477933","67478206","chr5","134080045","134080325","72","66602112"
"chr15","67795956","67796214","chr5","5657711","5657956","51","62138245"
"chr15","67807149","67807447","chr1","108919560","108919861","47","41112411"
"chr15","68133304","68133598","chr7","77326917","77327209","43","9193613"
"chr15","68186810","68187078","chr1","108575749","108576031","45","40388939"
"chr15","68254755","68255015","chr4","24420888","24421151","51","43833867"
"chr15","68262254","68262537","chr6","75304953","75305233","51","7042699"
"chr15","68268420","68268724","chr5","45788683","45788985","48","22479737"
"chr15","68278250","68278547","chr5","11540307","11540609","59","56737943"
"chr15","68314036","68314346","chrX","39183726","39184034","50","29130310"
"chr15","68322607","68322897","chr8","65769668","65769964","49","2552939"
"chr15","68382058","68382343","chr15","7059353","7059639","54","61322705"
"chr15","68386432","68386731","chr12","27245583","27245874","50","41140849"
"chr15","68400381","68400691","chr2","71331505","71331809","53","2931124"
"chr15","68407677","68407948","chr1","197465921","197466196","51","129058244"
"chr15","68423139","68423172","chr16","76802810","76802843","14","8379671"
"chr15","68423226","68423259","chr13","73828435","73828479","15","5405209"
"chr15","68426337","68426637","chr15","77085877","77086177","51","8659540"
"chr15","68433062","68433169","chr5","74060281","74060390","30","5627219"
"chr15","68439245","68439517","chr1","108354658","108354946","49","39915413"
"chr15","68449333","68449423","chr5","1759512","1759601","13","66689821"
"chr15","68473359","68473407","chr4","31038680","31038729","5","37434679"
"chr15","68477703","68477994","chr16","93917943","93918236","53","25440240"
"chr15","68488742","68489019","chr1","141513493","141513763","58","73024751"
"chr15","68555328","68555389","chr15","39649787","39649849","16","28905541"
"chr15","68567257","68567537","chr1","148438931","148439211","39","79871674"
"chr15","68588364","68588598","chr5","5042006","5042244","52","63546358"
"chr15","68604781","68604954","chr9","39394599","39394778","31","29210182"
"chr15","68630329","68630612","chr1","108141061","108141348","45","39510732"
"chr15","68700365","68700576","chr9","123851969","123852189","46","55151604"
"chr15","68723357","68723459","chr22","9278280","9278383","22","59445077"
"chr15","68809404","68809707","chr13","50048062","50048357","49","18761342"
"chr15","68813523","68813832","chr12","105081170","105081479","53","36267647"
"chr15","68830898","68831196","chr12","107125942","107126232","48","38295044"
"chr15","68862129","68862186","chr2","4966349","4966407","8","63895780"
"chr15","69132508","69132781","chr4","134894149","134894416","57","65761641"
"chr15","69259427","69259811","chr1","183463870","183464229","110","114204443"
"chr15","69277740","69278024","chr21","37272816","37273104","49","32004924"
"chr15","69288668","69288963","chr20","38639419","38639722","53","30649249"
"chr15","69295799","69296087","chr5","50537784","50538079","72","18758015"
"chr15","69326180","69326462","chr2","16187668","16187943","51","53138512"
"chr15","69391762","69392050","chr1","186610138","186610422","45","117218376"
"chr15","69442330","69442604","chr8","45390608","45390878","54","24051722"
"chr15","69469567","69469856","chr17","17917209","17917497","46","51552358"
"chr15","69521813","69522108","chr9","14539289","14539586","53","54982524"
"chr15","69776129","69776407","chr5","93075725","93076019","54","23299596"
"chr15","69785798","69785961","chr6","154501595","154501757","34","84715797"
"chr15","69838051","69838358","chr14","83083786","83084089","50","13245735"
"chr15","69935699","69935976","chr1","193941100","193941382","51","124005401"
"chr15","70235307","70235607","chr2","63180548","63180847","46","7054759"
"chr15","70239772","70240062","chr8","97925884","97926162","56","27686112"
"chr15","70255685","70255788","chr2","61934932","61935034","24","8320753"
"chr15","70267404","70267702","chr1","106716372","106716668","44","36448968"
"chr15","70343418","70343522","chr16","95886496","95886610","27","25543078"
"chr15","70416846","70416976","chr1","200908890","200909022","30","130492044"
"chr15","70454410","70454727","chr2","146982644","146982948","55","76528234"
"chr15","70486948","70487234","chr21","35283943","35284237","39","35203005"
"chr15","70525309","70525494","chr7","50710204","50710388","30","19815105"
"chr15","70584873","70585179","chr1","106349579","106349886","44","35764706"
"chr15","70700258","70700567","chr9","20314817","20315127","53","50385441"
"chr15","70765065","70765367","chr1","106181395","106181691","44","35416330"
"chr15","70784010","70784298","chrX","52229341","52229630","51","18554669"
"chr15","70891560","70891853","chr12","4068156","4068451","41","66823404"
"chr15","70892670","70892957","chr2","52800094","52800377","42","18092576"
"chr15","70961512","70961824","chr10","1666053","1666355","53","69295459"
"chr15","71100033","71100353","chr5","26925255","26925577","64","44174778"
"chr15","71309220","71309263","chr14","82597770","82597814","2","11288550"
"chr15","71425677","71425918","chr3","141974241","141974483","51","70548564"
"chr15","71665918","71666041","chr1","105301467","105301589","13","33635549"
"chr15","71757174","71757259","chr2","130459575","130459659","16","58702401"
"chr15","71774830","71775138","chr7","87384353","87384653","49","15609523"
"chr15","72379993","72380303","chr1","104557660","104557968","46","32177667"
"chr15","72459364","72459623","chr1","104480234","104480478","45","32020870"
"chr15","72464891","72465198","chr10","20863520","20863828","44","51601371"
"chr15","72533782","72534082","chr3","117540807","117541109","57","45007025"
"chr15","72547790","72548090","chr12","37174279","37174578","44","35373511"
"chr15","72550544","72550841","chr7","70074333","70074637","50","2476211"
"chr15","72671203","72671503","chr1","104253890","104254191","38","31582687"
"chr15","72807233","72807437","chr10","74440982","74441174","39","1633749"
"chr15","73099394","73099679","chr7","155162191","155162474","46","82062797"
"chr15","73436040","73436317","chr1","103465438","103465726","44","30029398"
"chr15","73918077","73918388","chr5","55380182","55380490","57","18537895"
"chr15","73944417","73944704","chr10","82921268","82921557","40","8976851"
"chr15","74136172","74136466","chr7","146349445","146349737","44","72213273"
"chr15","74263317","74263413","chr5","1759512","1759601","15","72503805"
"chr15","74281840","74282108","chr9","58102610","58102877","49","16179230"
"chr15","74297794","74298094","chr5","138326480","138326768","58","64028686"
"chr15","74314213","74314523","chr11","28125301","28125613","47","46188912"
"chr15","74358026","74358239","chrX","51311515","51311731","36","23046511"
"chr15","74378519","74378655","chr7","72501851","72501979","22","1876668"
"chr15","74402123","74402447","chr1","102444008","102444327","63","28041885"
"chr15","74439351","74439638","chr10","24581089","24581370","63","49858262"
"chr15","74540209","74540501","chr22","6924836","6925127","54","67615373"
"chr15","74541857","74542135","chr1","148737826","148738107","50","74195969"
"chr15","74578443","74578751","chr1","102271734","102272036","40","27693291"
"chr15","74586896","74587197","chr20","28072061","28072363","52","46514835"
"chr15","74618048","74618346","chr1","78860175","78860471","44","4242127"
"chr15","74648125","74648170","chr10","125794724","125794767","8","51146599"
"chr15","74673315","74673446","chr1","102182168","102182297","17","27508853"
"chr15","74794350","74794643","chr1","102068588","102068878","51","27274238"
"chr15","74806113","74806412","chr17","62830726","62831031","52","11975387"
"chr15","74807382","74807668","chr1","102055060","102055336","57","27247678"
"chr15","74817401","74817692","chr1","102045095","102045379","47","27227694"
"chr15","74842966","74843266","chr1","13807754","13808053","52","61035212"
"chr15","74886304","74886614","chr11","116497189","116497499","46","41610885"
"chr15","74923911","74924114","chr13","41003650","41003851","36","33920261"
"chr15","74941740","74942012","chr7","137412984","137413261","54","62471244"
"chr15","74952459","74952761","chr21","36308788","36309087","46","38643671"
"chr15","75073190","75073468","chr16","23461901","23462182","50","51611289"
"chr15","75077718","75078024","chr5","113590158","113590466","68","38512440"
"chr15","75082559","75082875","chr17","62830726","62831031","54","12251833"
"chr15","75203464","75203771","chr20","12712318","12712617","58","62491146"
"chr15","75230098","75230367","chr5","121741104","121741386","61","46511006"
"chr15","75270478","75270762","chrX","40344797","40345081","46","34925681"
"chr15","75369110","75369405","chr12","87927699","87927990","42","12558589"
"chr15","75386068","75386361","chr1","156644747","156645035","49","81258679"
"chr15","75500116","75500428","chr1","100509090","100509396","48","25008974"
"chr15","75552453","75552755","chr13","97504784","97505088","43","21952331"
"chr15","75563343","75563612","chr1","100435142","100435402","40","24871799"
"chr15","75584107","75584413","chr9","45325979","45326278","39","30258128"
"chr15","75624210","75624508","chr9","45325979","45326278","50","30298231"
"chr15","75679702","75680015","chrX","64172412","64172721","41","11507290"
"chr15","75745277","75745581","chr17","62830726","62831031","54","12914551"
"chr15","75778788","75779085","chr9","85600159","85600457","45","9821371"
"chr15","75815204","75815499","chr1","100151906","100152202","40","24336702"
"chr15","75824106","75824404","chr19","27619331","27619631","44","48204775"
"chr15","75876253","75876397","chr14","82303760","82303887","40","6427507"
"chr15","75877088","75877175","chr9","86187155","86187244","10","10310067"
"chr15","75887869","75888091","chr10","105242142","105242359","53","29354273"
"chr15","75911862","75912162","chr11","122686903","122687200","48","46775041"
"chr15","75933944","75934073","chr9","7140047","7140177","23","68793897"
"chr15","75936902","75937209","chr6","17992902","17993201","50","57944000"
"chr15","75943925","75943991","chr19","46478891","46478952","24","29465034"
"chr15","75944356","75944484","chr4","9872496","9872626","25","66071860"
"chr15","75966139","75966280","chr1","151075825","151075965","22","75109686"
"chr15","75983013","75983305","chr14","61568989","61569280","50","14414024"
"chr15","75986094","75986371","chr9","12777005","12777285","43","63209089"
"chr15","75997341","75997657","chr1","99992864","99993175","43","23995523"
"chr15","76076878","76077131","chr1","100072047","100072303","40","23995169"
"chr15","76107074","76107384","chr7","20593863","20594174","50","55513211"
"chr15","76112301","76112614","chr19","31863283","31863592","52","44249018"
"chr15","76228200","76228380","chr20","3785470","3785644","23","72442730"
"chr15","76244650","76244909","chr9","114704790","114705040","50","38460140"
"chr15","76463850","76464110","chr1","99479191","99479451","35","23015341"
"chr15","76491984","76492282","chr3","112538165","112538465","54","36046181"
"chr15","76494151","76494464","chr2","146982644","146982948","48","70488493"
"chr15","76633123","76633392","chr12","18880279","18880546","53","57752844"
"chr15","76673134","76673429","chr10","100757276","100757573","46","24084142"
"chr15","76692640","76692792","chr1","99250758","99250909","16","22558118"
"chr15","76753321","76753635","chr7","31664473","31664784","46","45088848"
"chr15","76831379","76831655","chr5","122214099","122214380","46","45382720"
"chr15","76955185","76955489","chr1","98945898","98946197","45","21990713"
"chr15","77037118","77037406","chr1","98863317","98863612","43","21826199"
"chr15","77090999","77091197","chr3","111522733","111522938","43","34431734"
"chr15","77104198","77104488","chr9","107670130","107670426","50","30565932"
"chr15","77141861","77142153","chr16","46721249","46721542","48","30420612"
"chr15","77144513","77144826","chr1","137317810","137318115","65","60173297"
"chr15","77182730","77182911","chr1","138070758","138070934","40","60888028"
"chr15","77216263","77216569","chr2","57488404","57488709","46","19727859"
"chr15","77243017","77243323","chr13","73713828","73714128","58","3529189"
"chr15","77249597","77249873","chr4","47729514","47729797","44","29520083"
"chr15","77258285","77258573","chr7","148479781","148480070","45","71221496"
"chr15","77285386","77285681","chr1","98610106","98610399","46","21324720"
"chr15","77289443","77289647","chr1","98606452","98606663","38","21317009"
"chr15","77299858","77300155","chr1","98595396","98595693","40","21295538"
"chr15","77305093","77305385","chr7","103146149","103146448","47","25841056"
"chr15","77406990","77407257","chr10","100408257","100408540","46","23001267"
"chr15","77684963","77685118","chr9","46751809","46751954","28","30933154"
"chr15","77768203","77768498","chr11","65700168","65700463","57","12068035"
"chr15","77944846","77945142","chr6","46911984","46912277","49","31032862"
"chr15","78034435","78034634","chr1","97853899","97854101","41","19819464"
"chr15","78406020","78406316","chr11","23522633","23522929","54","54883387"
"chr15","78469176","78469449","chr17","63769379","63769659","56","14699797"
"chr15","78581466","78581756","chr14","3890232","3890515","53","74691234"
"chr15","78583519","78583816","chr1","97283163","97283464","47","18699644"
"chr15","78587825","78588098","chr5","8282348","8282619","49","70305477"
"chr15","78601923","78602233","chrX","64172412","64172721","53","14429511"
"chr15","78653826","78654124","chr19","13215051","13215341","69","65438775"
"chr15","78669099","78669396","chr1","138955688","138955983","40","60286589"
"chr15","78745188","78745479","chr10","24971745","24972041","45","53773443"
"chr15","78836410","78836707","chr2","203225383","203225677","42","124388973"
"chr15","78858005","78858301","chr8","96453388","96453680","52","17595383"
"chr15","78941778","78942055","chr6","132408951","132409222","55","53467173"
"chr15","79049647","79049940","chr4","25746204","25746495","42","53303443"
"chr15","79095219","79095531","chr15","7519817","7520113","65","71575402"
"chr15","79152720","79153024","chr7","70375823","70376126","55","8776897"
"chr15","79207650","79207938","chr7","66042324","66042608","47","13165326"
"chr15","79211826","79212127","chr2","71331505","71331809","45","7880321"
"chr15","79286679","79286979","chr1","96576279","96576577","60","17289600"
"chr15","79309350","79309680","chr2","105282418","105282750","65","25973068"
"chr15","79348425","79348725","chrX","17705039","17705341","34","61643386"
"chr15","79357093","79357233","chr2","34650368","34650508","18","44706725"
"chr15","79377139","79377442","chr19","38606278","38606578","46","40770861"
"chr15","79385012","79385312","chr1","170771447","170771746","45","91386435"
"chr15","79437020","79437068","chr7","46724194","46724241","4","32712826"
"chr15","79438383","79438660","chr10","89764451","89764729","47","10326068"
"chr15","79872748","79873055","chr1","95989590","95989897","45","16116842"
"chr15","80245228","80245348","chr17","19735139","19735263","18","60510089"
"chr15","80254313","80254571","chr21","37152567","37152815","50","43101746"
"chr15","80340987","80341041","chr5","110845897","110845946","6","30504910"
"chr15","80640758","80640872","chr7","41264593","41264704","25","39376165"
"chr15","80666253","80666375","chr14","82218307","82218428","19","1552054"
"chr15","80712799","80713088","chr7","40789702","40789982","49","39923097"
"chr15","80984362","80984661","chr12","108797245","108797536","57","27812883"
"chr15","81148508","81148562","chr2","97655048","97655103","5","16506540"
"chr15","81354745","81355041","chr15","62406327","62406621","57","18948418"
"chr15","81448102","81448439","chr2","105168087","105168422","72","23719985"
"chr15","81489618","81489843","chr1","94381346","94381574","46","12891728"
"chr15","81494954","81495081","chr3","83894054","83894184","38","2399100"
"chr15","81498805","81499118","chr3","136673944","136674260","51","55175139"
"chr15","81550686","81550961","chr6","118577430","118577701","45","37026744"
"chr15","81562898","81563206","chrX","18432136","18432433","50","63130762"
"chr15","81605350","81605619","chr12","23502581","23502850","54","58102769"
"chr15","81609924","81610234","chr21","41025095","41025401","56","40584829"
"chr15","81637724","81638024","chr1","94240401","94240699","50","12602677"
"chr15","81654376","81654649","chr7","24217474","24217757","50","57436902"
"chr15","81688921","81689110","chr5","125765250","125765427","49","44076329"
"chr15","81699726","81699994","chr1","148438931","148439211","54","66739205"
"chr15","81702961","81703246","chrX","121377455","121377738","58","39674494"
"chr15","81717896","81718173","chr3","33671294","33671571","56","48046602"
"chr15","81726307","81726627","chr1","101902284","101902595","64","20175977"
"chr15","81807206","81807337","chr5","84282089","84282228","35","2474883"
"chr15","81840376","81840666","chr7","55451290","55451583","49","26389086"
"chr15","81843046","81843354","chr1","93751920","93752230","43","11908874"
"chr15","81905438","81905742","chrX","17705039","17705341","42","64200399"
"chr15","82301185","82301504","chr10","21024965","21025274","64","61276220"
"chr15","82337673","82337974","chr2","67197269","67197565","53","15140404"
"chr15","82463032","82463335","chr1","13807754","13808053","63","68655278"
"chr15","82952646","82952920","chr1","92526140","92526433","53","9573494"
"chr15","83057022","83057256","chrUn_GL286327","2286","2516","39","83054736"
"chr15","83062966","83063280","chr2","63180548","63180847","59","19882418"
"chr15","83070176","83070464","chr9","101678913","101679204","56","18608737"
"chr15","83111976","83112263","chr5","158518457","158518746","55","75406481"
"chr15","83137738","83138034","chr7","28792443","28792734","50","54345295"
"chr15","83159452","83159753","chr8","14923296","14923595","50","68236156"
"chr15","83161522","83161821","chr7","18384707","18385006","48","64776815"
"chr15","83164097","83164373","chr4","12429965","12430236","47","70734132"
"chr15","83175692","83176002","chr16","94422110","94422414","58","11246418"
"chr15","83182270","83182560","chr13","8793439","8793726","53","74388831"
"chr15","83203164","83203472","chrX","63118288","63118597","48","20084876"
"chr15","83233375","83233674","chr2","147728720","147729015","47","64495345"
"chr15","83268629","83268935","chr1","92306041","92306343","45","9037412"
"chr15","83300809","83301111","chr1","92277963","92278270","46","8977154"
"chr15","83311998","83312301","chr3","152190934","152191237","62","68878936"
"chr15","83315023","83315294","chr2","168567784","168568060","54","85252761"
"chr15","83373025","83373317","chr1","92206292","92206583","35","8833267"
"chr15","83506463","83506768","chr1","13807754","13808053","47","69698709"
"chr15","83513912","83514209","chr10","48321055","48321354","39","35192857"
"chr15","83572161","83572460","chr7","87384353","87384653","42","3812192"
"chr15","83601073","83601363","chr1","91966254","91966544","41","8365181"
"chr15","83752221","83752522","chr1","13807754","13808053","56","69944467"
"chr15","83803670","83803977","chr5","73075939","73076252","51","10727731"
"chr15","83807830","83808135","chr2","150624041","150624344","40","66816211"
"chr15","83862487","83862597","chr3","21001103","21001203","24","62861384"
"chr15","83863769","83864069","chr3","136899810","136900119","60","53036041"
"chr15","83890879","83891057","chr5","9803786","9803964","25","74087093"
"chr15","83891650","83891964","chr1","91630198","91630509","41","7738548"
"chr15","83906684","83906964","chr5","115208223","115208505","46","31301539"
"chr15","83938387","83938678","chr7","7754420","7754714","60","76183967"
"chr15","84005953","84006182","chr7","61663530","61663767","41","22342423"
"chr15","84023646","84023955","chr2","71331505","71331809","51","12692141"
"chr15","84082370","84082537","chr1","91165760","91165922","31","7083390"
"chr15","84104437","84104730","chr1","91133829","91134108","55","7029392"
"chr15","84190954","84191129","chr11","22438035","22438212","37","61752919"
"chr15","84208695","84209002","chr2","39168351","39168663","69","45040344"
"chr15","84270173","84270443","chr14","32863987","32864257","54","51406186"
"chr15","84293322","84293618","chr3","49537351","49537638","48","34755971"
"chr15","84294220","84294532","chrX","64172412","64172721","51","20121808"
"chr15","84294928","84295225","chr5","41846454","41846751","41","42448474"
"chr15","84380614","84380752","chr10","2426109","2426251","20","81954505"
"chr15","84423177","84423472","chr20","21484687","21484985","40","62938490"
"chr15","84477195","84477342","chr1","122804702","122804842","33","38327507"
"chr15","84502976","84503275","chr1","90666932","90667221","43","6163956"
"chr15","84687380","84687671","chr21","35283943","35284237","42","49403437"
"chr15","84711815","84712115","chr1","90457359","90457652","46","5745544"
"chr15","84760823","84761117","chr1","156829227","156829517","55","72068404"
"chr15","84783517","84783633","chrX","63490841","63490951","16","21292676"
"chr15","84812621","84812937","chrX","69084841","69085134","64","15727780"
"chr15","84817611","84817908","chr1","90358930","90359241","46","5541319"
"chr15","84848650","84848956","chr2","36478057","36478360","38","48370593"
"chr15","85103538","85103813","chr9","105286013","105286291","50","20182475"
"chr15","85559236","85559343","chr1","164376802","164376909","22","78817566"
"chr15","85676264","85676575","chr7","70074333","70074637","52","15601931"
"chr15","85734456","85734767","chr1","89386428","89386733","56","3651972"
"chr15","85900960","85901264","chr9","25525997","25526295","45","60374963"
"chr15","85910396","85910701","chr1","89208829","89209131","42","3298433"
"chr15","86036117","86036402","chr3","139963629","139963912","59","53927512"
"chr15","86047978","86048287","chr7","88697458","88697764","45","2649480"
"chr15","86066463","86066754","chr7","25925292","25925587","57","60141171"
"chr15","86243578","86243877","chr1","88900357","88900662","38","2656779"
"chr15","86422614","86422910","chr1","88726078","88726374","44","2303464"
"chr15","86705335","86705647","chr20","38639419","38639722","56","48065916"
"chr15","86881120","86881177","chr2","97655048","97655103","9","10773928"
"chr15","87560515","87560814","chr13","74012801","74013097","46","13547714"
"chr15","87837266","87837560","chr1","87308702","87309010","63","528564"
"chr15","87862749","87863054","chr16","92084445","92084750","40","4221696"
"chr15","88070745","88070826","chr4","110613280","110613363","13","22542535"
"chr15","88109345","88109617","chr14","78705130","78705411","45","9404215"
"chr15","88139077","88139332","chr12","17440007","17440272","57","70699070"
"chr15","88148063","88148364","chr13","57884093","57884384","45","30263970"
"chr15","88196781","88197070","chr12","52523745","52524033","55","35673036"
"chr15","88213127","88213426","chr1","86922719","86923029","53","1290408"
"chr15","88262294","88262592","chr7","70375823","70376126","47","17886471"
"chr15","88302055","88302342","chr9","115857714","115858000","42","27555659"
"chr15","88324234","88324401","chr22","46430689","46430855","30","41893545"
"chr15","88324452","88324557","chr4","18185518","18185623","13","70138934"
"chr15","88352655","88352930","chrX","46814655","46814956","68","41538000"
"chr15","88385529","88385807","chr2","168746494","168746768","57","80360965"
"chr15","88397111","88397260","chr4","150271555","150271713","26","61874444"
"chr15","88430224","88430499","chr7","14181724","14181998","54","74248500"
"chr15","88437542","88437821","chr4","158481330","158481605","56","70043788"
"chr15","88442646","88442942","chr14","60581717","60582016","55","27860929"
"chr15","88454213","88454492","chr19","31366058","31366340","40","57088155"
"chr15","88490086","88490394","chr2","146982644","146982948","48","58492558"
"chr15","88569128","88569431","chr4","54370195","54370493","44","34198933"
"chr15","88761613","88761788","chr5","41810098","41810270","34","46951515"
"chr15","88954658","88954881","chr7","122114212","122114429","47","33159554"
"chr15","88967025","88967303","chr1","86185819","86186092","48","2781206"
"chr15","89079736","89080046","chr2","1940205","1940517","50","87139531"
"chr15","89381448","89381752","chr2","203225383","203225677","50","113843935"
"chr15","89973890","89974042","chr20","7904209","7904363","29","82069681"
"chr15","90050994","90051273","chr2","195514287","195514543","59","105463293"
"chr15","90058321","90058631","chr7","74579378","74579682","51","15478943"
"chr15","90069900","90070203","chr2","63180548","63180847","46","26889352"
"chr15","90090087","90090389","chrUn_GL286217","143262","143564","49","89946825"
"chr15","90244435","90244751","chr12","31284675","31284966","67","58959760"
"chr15","90309905","90310184","chr10","7896400","7896647","96","82413505"
"chr15","90356108","90356198","chr6","57699677","57699763","20","32656431"
"chr15","90368800","90369096","chr1","135371826","135372122","39","45003026"
"chr15","90379051","90379348","chr2","150837332","150837633","51","60458281"
"chr15","90387665","90387814","chr21","45338800","45338950","29","45048865"
"chr15","90405107","90405390","chr1","84523022","84523301","39","5882085"
"chr15","90418084","90418393","chr7","67355562","67355869","55","23062522"
"chr15","90448610","90448898","chr1","84475422","84475706","36","5973188"
"chr15","90505763","90505833","chr2","61594699","61594768","13","28911064"
"chr15","90545630","90545925","chr2","1572464","1572757","48","88973166"
"chr15","90550372","90550658","chr1","187320948","187321238","46","96770576"
"chr15","90557685","90557979","chr6","150985530","150985829","55","60427845"
"chr15","90580081","90580146","chr14","76257349","76257422","20","14322732"
"chr15","90646534","90646824","chr8","26807553","26807845","49","63838981"
"chr15","90655711","90656026","chr1","84260126","84260438","49","6395585"
"chr15","90662971","90663268","chr4","7153348","7153642","63","83509623"
"chr15","90797792","90798075","chr1","84120891","84121174","39","6676901"
"chr15","90805692","90805975","chr7","21081899","21082190","49","69723793"
"chr15","90864027","90864327","chrUn_GL286435","69026","69328","52","90795001"
"chr15","90939736","90940041","chr1","83983748","83984036","44","6955988"
"chr15","90959060","90959350","chr6","119011301","119011592","48","28052241"
"chr15","90967405","90967446","chr12","65779190","65779230","4","25188215"
"chr15","90980038","90980349","chr5","26982913","26983216","55","63997125"
"chr15","90989219","90989542","chr14","1114543","1114848","70","89874676"
"chr15","90994995","90995086","chr5","110777858","110777949","13","19782863"
"chr15","91025519","91025804","chr18","11204017","11204306","44","79821502"
"chr15","91067336","91067646","chr12","105081170","105081479","53","14013834"
"chr15","91256540","91256847","chr5","78441297","78441601","53","12815243"
"chr15","91289606","91289925","chr20","13625673","13625989","85","77663933"
"chr15","91355830","91356150","chr16","70583287","70583610","51","20772543"
"chr15","91375247","91375537","chr20","43097513","43097806","46","48277734"
"chr15","91407527","91407794","chr1","83540178","83540431","43","7867349"
"chr15","91411498","91411811","chr6","132694921","132695233","47","41283423"
"chr15","91542864","91543175","chr12","117166033","117166342","53","25623169"
"chr15","91594498","91594817","chr4","132055862","132056190","44","40461364"
"chr15","91775245","91775496","chr1","83188630","83188881","30","8586615"
"chr15","91958058","91958348","chr1","82966341","82966636","40","8991717"
"chr15","92074816","92075049","chr2","128565544","128565781","56","36490728"
"chr15","92184984","92185293","chr12","89362819","89363118","45","2822165"
"chr15","92275487","92275788","chr4","139259106","139259407","37","46983619"
"chr15","92321006","92321294","chr9","107699071","107699366","47","15378065"
"chr15","92397893","92398217","chr2","146982644","146982948","57","54584751"
"chr15","92418008","92418168","chr5","137430867","137431028","25","45012859"
"chr15","92426775","92427060","chr7","155162191","155162474","42","62735416"
"chr15","92579717","92580014","chr9","99956407","99956710","43","7376690"
"chr15","92602229","92602387","chr7","16978","17127","39","92585251"
"chr15","92670793","92670977","chr6","5699963","5700138","33","86970830"
"chr15","92802618","92802722","chr1","20863197","20863299","10","71939421"
"chr15","92837540","92837840","chr7","70375823","70376126","40","22461717"
"chr15","92874068","92874295","chr10","27834176","27834398","38","65039892"
"chr15","92948619","92948929","chr12","37179701","37180010","49","55768918"
"chr15","93042645","93042951","chr22","41521291","41521592","56","51521354"
"chr15","93074154","93074447","chr16","46721249","46721542","39","46352905"
"chr15","93117090","93117307","chr1","199541886","199542107","36","106424796"
"chr15","93150993","93151153","chr1","164720550","164720706","30","71569557"
"chr15","93154164","93154317","chr7","86026176","86026325","29","7127988"
"chr15","93307115","93307422","chr14","32553436","32553738","46","60753679"
"chr15","93345584","93345867","chr7","155162191","155162474","53","61816607"
"chr15","93376080","93376113","chr8","8946292","8946323","4","84429788"
"chr15","93539956","93540129","chr3","183689850","183690027","30","90149894"
"chr15","93686060","93686355","chr9","42661920","42662203","61","51024140"
"chr15","93692451","93692702","chr4","54813870","54814128","44","38878581"
"chr15","93708505","93708563","chr2","108179757","108179814","11","14471252"
"chr15","93749581","93749879","chr4","68933419","68933714","62","24816162"
"chr15","93810069","93810354","chr7","155162191","155162474","59","61352122"
"chr15","93966654","93966934","chr1","70418867","70419156","48","23547787"
"chr15","94142139","94142434","chr1","140333436","140333732","35","46191297"
"chr15","94335676","94335918","chr15","44251668","44251915","50","50084008"
"chr15","94336941","94337037","chr2","15984857","15984951","10","78352084"
"chr15","94378542","94378832","chrX","52241701","52241982","45","42136841"
"chr15","94404002","94404307","chr1","92541295","92541594","48","1862707"
"chr15","94499888","94500000","chr22","45680445","45680565","27","48819443"
"chr15","94522570","94522693","chr12","25756575","25756690","24","68765995"
"chr15","94582775","94583094","chr10","14690438","14690745","62","79892337"
"chr15","94586450","94586745","chr7","81491300","81491596","45","13095150"
"chr15","94636189","94636277","chr10","6905031","6905117","21","87731158"
"chr15","94636448","94636478","chr8","97260104","97260146","15","2623656"
"chr15","94658974","94659277","chr1","15709909","15710212","55","78949065"
"chr15","94672658","94672949","chr5","26340268","26340554","55","68332390"
"chr15","94746106","94746400","chr1","77379434","77379720","39","17366672"
"chr15","94750944","94751218","chr1","180589014","180589283","57","85838070"
"chr15","94866809","94867050","chr7","46460788","46461020","41","48406021"
"chr15","94879607","94879916","chr1","72657544","72657849","46","22222063"
"chr15","94987295","94987604","chr1","72735062","72735370","55","22252233"
"chr15","95073072","95073358","chr2","39828090","39828388","46","55244982"
"chr15","95210087","95210379","chr12","107125942","107126232","43","11915855"
"chr15","95575132","95575436","chr2","71331505","71331809","47","24243627"
"chr15","95578528","95578820","chr7","79082583","79082878","51","16495945"
"chr15","95583226","95583532","chr2","1679121","1679426","46","93904105"
"chr15","95861393","95861699","chr9","110062644","110062956","52","14201251"
"chr15","95882220","95882514","chr5","1841834","1842126","52","94040386"
"chr15","96002756","96003040","chr13","89870675","89870958","48","6132081"
"chr15","96184846","96185108","chr5","61618994","61619252","52","34565852"
"chr15","96206465","96206771","chr9","17943911","17944216","50","78262554"
"chr15","96405713","96405969","chr18","8119738","8120009","49","88285975"
"chr15","96432646","96432882","chr1","148657005","148657203","69","52224359"
"chr15","96479317","96479478","chr6","114762508","114762668","29","18283191"
"chr15","96500513","96500605","chr13","56999771","56999856","15","39500742"
"chr15","96530645","96530896","chr13","49797727","49797974","57","46732918"
"chr15","96564296","96564593","chr4","98746325","98746622","49","2182029"
"chr15","96594259","96594341","chr1","171918704","171918779","13","75324445"
"chr15","96599660","96599828","chr19","16238814","16238979","31","80360846"
"chr15","96621091","96621311","chr5","38716996","38717227","39","57904095"
"chr15","96622119","96622419","chrUn_GL286373","313748","314047","45","96308371"
"chr15","96626455","96626754","chr1","171887519","171887823","46","75261064"
"chr15","96646687","96646818","chr7","40544949","40545090","28","56101738"
"chr15","96690818","96691050","chr22","16305959","16306179","49","80384859"
"chr15","96719106","96719176","chr9","44507265","44507335","9","52211841"
"chr15","96736798","96737056","chr1","171780896","171781156","41","75044098"
"chr15","96762342","96762619","chr5","26465835","26466109","46","70296507"
"chr15","96809258","96809350","chr3","184125142","184125229","14","87315884"
"chr15","96947652","96947782","chr1","173147329","173147452","24","76199677"
"chr15","96948002","96948112","chr16","62819755","62819866","17","34128247"
"chr15","96978040","96978121","chr12","54624192","54624274","14","42353848"
"chr15","96979196","96979490","chr4","158769812","158770108","44","61790616"
"chr15","97078540","97078713","chr16","54228015","54228193","28","42850525"
"chr15","97090098","97090382","chr2","131501585","131501869","44","34411487"
"chr15","97092435","97092601","chr14","53754968","53755136","27","43337467"
"chr15","97098027","97098280","chr9","90451771","90452025","51","6646256"
"chr15","97115862","97116161","chr7","85080523","85080815","50","12035339"
"chr15","97120852","97121147","chr22","35858140","35858429","51","61262712"
"chr15","97161545","97161838","chr2","146570178","146570467","43","49408633"
"chr15","97202189","97202453","chr19","6185857","6186131","62","91016332"
"chr15","97272621","97272931","chr1","101902284","101902595","49","4629663"
"chr15","97392972","97393301","chr1","181225709","181226017","78","83832737"
"chr15","97399643","97399809","chr22","37810538","37810691","44","59589105"
"chr15","97407636","97407924","chr9","42661920","42662203","42","54745716"
"chr15","97652642","97652957","chr1","170797864","170798161","67","73145222"
"chr15","97688890","97689189","chr4","108789268","108789567","45","11100378"
"chr15","97718705","97718997","chr9","106359791","106360084","52","8641086"
"chr15","97738175","97738466","chr11","62443694","62443986","50","35294481"
"chr15","97814182","97814470","chr3","6434374","6434664","46","91379808"
"chr15","97820023","97820293","chr3","6438295","6438595","56","91381728"
"chr15","97981331","97981604","chr10","103345075","103345343","58","5363744"
"chr15","97990974","97991286","chr5","116663888","116664187","54","18672914"
"chr15","98489589","98489889","chr2","67047152","67047456","52","31442437"
"chr15","98490703","98490981","chr4","158481330","158481605","39","59990627"
"chr15","98503720","98504021","chr22","30337656","30337951","50","68166064"
"chr15","98613644","98613955","chr5","55380182","55380490","47","43233462"
"chr15","98790885","98791206","chr5","79303042","79303347","62","19487843"
"chr15","98812808","98813095","chr5","52276617","52276902","51","46536191"
"chr15","98816898","98817201","chr2","149505567","149505866","53","50688669"
"chr15","98817212","98817283","chr12","53880159","53880233","12","44937053"
"chr15","98850993","98851064","chr1","169570987","169571063","10","70719994"
"chr15","98876240","98876383","chr13","96212984","96213133","27","2663256"
"chr15","98893343","98893611","chr4","44936216","44936480","52","53957127"
"chr15","98930454","98930691","chr1","169496052","169496298","36","70565598"
"chr15","98932427","98932744","chr1","169491617","169491934","58","70559190"
"chr15","99001780","99002073","chr5","41239723","41240017","44","57762057"
"chr15","99142117","99142356","chr2","37345278","37345516","45","61796839"
"chr15","99167673","99167841","chr12","18349416","18349582","28","80818257"
"chr15","99192128","99192426","chr13","73713828","73714128","46","25478300"
"chr15","99244921","99245226","chr7","66759838","66760136","51","32485083"
"chr15","99249981","99250021","chrX","15428193","15428233","2","83821788"
"chr15","99250502","99250689","chr2","68183717","68183898","38","31066785"
"chr15","99264118","99264423","chr7","117186517","117186824","54","17922399"
"chr15","99282249","99282551","chr11","97213328","97213619","52","2068921"
"chr15","99310568","99310874","chr5","82250286","82250593","48","17060282"
"chr15","99374431","99374730","chr17","70341771","70342065","38","29032660"
"chr15","99375618","99375908","chr3","117540807","117541109","46","18165189"
"chr15","99415262","99415571","chr5","47331456","47331756","48","52083806"
"chr15","99417695","99418004","chr7","88697458","88697764","50","10720237"
"chr15","99439330","99439363","chr12","88511023","88511060","13","10928307"
"chr15","99439444","99439553","chr3","110833253","110833369","24","11393809"
"chr15","99448502","99448779","chrX","124670557","124670835","41","25222055"
"chr15","99455068","99455370","chr22","38966910","38967209","49","60488158"
"chr15","99487339","99487638","chr6","112749444","112749737","54","13262105"
"chr15","99529879","99530176","chr1","168915317","168915627","60","69385438"
"chr15","99551674","99551991","chr10","94342101","94342382","82","5209573"
"chr15","99660108","99660390","chr7","155162191","155162474","43","55502083"
"chr15","100078926","100079023","chr5","154086307","154086406","13","54007381"
"chr15","100238245","100238554","chr1","71455483","71455789","54","28782762"
"chr15","100344933","100345238","chr1","71556022","71556324","40","28788911"
"chr15","100356373","100356454","chr7","131493848","131493929","14","31137475"
"chr15","100505678","100505930","chr12","27159992","27160249","44","73345686"
"chr15","100638976","100639257","chr1","71889608","71889894","50","28749368"
"chr15","100672783","100673087","chr1","199360645","199360948","59","98687862"
"chr15","100696379","100696686","chr6","87954648","87954947","54","12741731"
"chr15","100743333","100743630","chr5","86888568","86888844","58","13854765"
"chr15","100753126","100753427","chr5","139889919","139890213","55","39136793"
"chr15","100760469","100760762","chr1","72015525","72015808","44","28744944"
"chr15","100849277","100849352","chr7","47500904","47500984","14","53348373"
"chr15","100963825","100963972","chr21","45338800","45338950","26","55625025"
"chr15","100964064","100964221","chr22","38816936","38817091","26","62147128"
"chr15","100965782","100966054","chr10","41485100","41485371","46","59480682"
"chr15","100987248","100987567","chr2","1940205","1940517","51","99047043"
"chr15","101070425","101070718","chr6","17854050","17854340","45","83216375"
"chr15","101188651","101188955","chr14","83083786","83084089","48","18104865"
"chr15","101360810","101361123","chr4","7015956","7016265","62","94344854"
"chr15","101369424","101369737","chr2","11077390","11077699","72","90292034"
"chr15","101478174","101478454","chr4","158356390","158356667","48","56878216"
"chr15","101543700","101543998","chr19","31863283","31863592","54","69680417"
"chr15","101568238","101568525","chr6","17854050","17854340","47","83714188"
"chr15","101679228","101679513","chr10","43352421","43352704","63","58326807"
"chr15","101786280","101786576","chr4","71933212","71933503","48","29853068"
"chr15","101813465","101813765","chr4","98746325","98746622","44","3067140"
"chr15","101816758","101817097","chr1","200401290","200401645","101","98584532"
"chr15","101817813","101818108","chr5","41846454","41846751","45","59971359"
"chr15","101832209","101832310","chr22","16507435","16507537","12","85324774"
"chr15","101836389","101836691","chr5","55380182","55380490","53","46456207"
"chr15","101859796","101860047","chr1","74359723","74359970","40","27500073"
"chr15","101874775","101875069","chr10","94235006","94235309","43","7639769"
"chr15","101906115","101906355","chr11","120331998","120332232","47","18425883"
"chr15","101934067","101934363","chr5","109061221","109061518","46","7127154"
"chr15","101953481","101953788","chr7","19898311","19898613","48","82055170"
"chr15","101960211","101960395","chr1","74458791","74458975","26","27501420"
"chr15","101968726","101969020","chr2","6831908","6832201","64","95136818"
"chr15","101985700","101985991","chr11","72643464","72643751","63","29342236"
"chr15","102015008","102015304","chr5","6460439","6460731","42","95554569"
"chr15","102071522","102071629","chr2","137767732","137767839","18","35696210"
"chr15","102184880","102185193","chr10","1666053","1666355","50","100518827"
"chr15","102311891","102312049","chr3","53849572","53849729","23","48462319"
"chr15","102342201","102342306","chr9","101034495","101034600","16","1307706"
"chr15","102376221","102376533","chr13","16769800","16770106","51","85606421"
"chr15","102404014","102404143","chr19","3976115","3976245","18","98427899"
"chr15","102405579","102405881","chr1","75758824","75759123","36","26646755"
"chr15","102424755","102424936","chr3","183689850","183690027","46","81265095"
"chr15","102599634","102599933","chr9","14539289","14539586","46","88060345"
"chr15","102634976","102635255","chr2","129496352","129496635","51","26861376"
"chr15","102636555","102636877","chr1","76000735","76001055","55","26635820"
"chr15","102681510","102681816","chr5","39944382","39944683","52","62737128"
"chr15","102747019","102747337","chr2","59445321","59445626","62","43301698"
"chr15","102899623","102899917","chr1","76265717","76266008","49","26633906"
"chr15","102957183","102957486","chr10","21906665","21906967","50","81050518"
"chr15","102962791","102963093","chr2","57577590","57577887","47","45385201"
"chr15","103028353","103028652","chrX","62868404","62868686","70","40159949"
"chr15","103294541","103294802","chrX","47790264","47790529","47","55504277"
"chr15","103339421","103339731","chr1","153331205","153331512","43","49991784"
"chr15","103354356","103354661","chr19","27619331","27619631","46","75735025"
"chr15","103368763","103369059","chr2","203225383","203225677","38","99856620"
"chr15","103420340","103420659","chr1","76850783","76851097","40","26569557"
"chr15","103422824","103422857","chr9","91427403","91427433","14","11995421"
"chr15","103423402","103423678","chr7","14181724","14181998","59","89241678"
"chr15","103471992","103472066","chr2","69350405","69350477","10","34121587"
"chr15","103474673","103474717","chr5","11370972","11371016","4","92103701"
"chr15","103502826","103503140","chr5","55380182","55380490","59","48122644"
"chr15","103547550","103547847","chr1","76733900","76734199","42","26813650"
"chr15","103622302","103622583","chr1","17221177","17221471","54","86401125"
"chr15","103623102","103623243","chr1","202667606","202667740","23","99044504"
"chr15","103626607","103626810","chr1","17218029","17218233","26","86408578"
"chr15","103666266","103666584","chr4","34136774","34137087","66","69529492"
"chr15","103740870","103741155","chr1","77715794","77716063","45","26025076"
"chr15","103744040","103744347","chr6","117332912","117333211","44","13588872"
"chr15","103786655","103786955","chrX","85991242","85991544","53","17795413"
"chr15","104000625","104000938","chrX","107560088","107560397","64","3559463"
"chr15","104069627","104069895","chr9","46777958","46778230","48","57291669"
"chr15","104113374","104113476","chr9","113300190","113300290","16","9186816"
"chr15","104147474","104147744","chr2","33495117","33495388","50","70652357"
"chr15","104272594","104272888","chrX","4936706","4937001","52","99335888"
"chr15","104451944","104452251","chr4","54370195","54370493","55","50081749"
"chr15","104474904","104475221","chr16","91537105","91537413","58","12937799"
"chr15","104478984","104479066","chr7","55262509","55262590","14","49216475"
"chr15","104492349","104492529","chr2","131597618","131597785","38","27105269"
"chr15","104552529","104552636","chr1","121484515","121484621","22","16931986"
"chr15","104552637","104552877","chr5","51291747","51291989","41","53260890"
"chr15","104594975","104595259","chrX","29367582","29367876","53","75227393"
"chr15","104610650","104610939","chr6","17854050","17854340","45","86756600"
"chr15","105154313","105154603","chr1","156644747","156645035","49","51490434"
"chr15","105300302","105300602","chr2","8935177","8935477","42","96365125"
"chr15","105350663","105350962","chr10","48321055","48321354","44","57029608"
"chr15","105427986","105428115","chr1","79507453","79507586","14","25920533"
"chr15","105462709","105462806","chrX","121851360","121851459","14","16388651"
"chr15","105503182","105503284","chr2","67453704","67453799","19","38049478"
"chr15","105510281","105510484","chr9","58031651","58031846","43","47478630"
"chr15","105524326","105524467","chr5","157861381","157861515","19","52337055"
"chr15","105562361","105562676","chr5","73075939","73076252","47","32486422"
"chr15","105741609","105741908","chr1","79969303","79969598","34","25772306"
"chr15","105780374","105780470","chr1","69126761","69126852","13","36653613"
"chr15","105788836","105789135","chr5","116663888","116664187","48","10875052"
"chr15","105836424","105836720","chr19","27619331","27619631","39","78217093"
"chr15","105841816","105841995","chr13","16898718","16898893","29","88943098"
"chr15","105847882","105847986","chr12","9612526","9612620","16","96235356"
"chr15","105854160","105854450","chrX","40526856","40527149","44","65327304"
"chr15","105948195","105948497","chr1","77501570","77501862","50","28446625"
"chr15","105978479","105978817","chr2","105168087","105168422","76","810392"
"chr15","106623193","106623504","chr5","55380182","55380490","65","51243011"
"chr15","106715965","106716262","chr22","9484749","9485043","48","97231216"
"chr15","106836107","106836413","chr1","81697501","81697812","41","25138606"
"chr15","106868720","106869027","chr1","75612935","75613234","43","31255785"
"chr15","106931081","106931383","chr5","59215180","59215478","46","47715901"
"chr15","106981037","106981282","chr4","44378054","44378304","47","62602983"
"chr15","106988303","106988605","chr12","105081170","105081479","49","1907133"
"chr15","106990625","106990723","chr19","26441752","26441861","26","80548873"
"chr15","106991668","106991959","chr3","173712450","173712748","46","66720782"
"chr15","107039307","107039621","chr1","81845641","81845962","64","25193666"
"chr15","107240227","107240286","chr7","47757967","47758024","11","59482260"
"chr15","107427875","107428038","chr5","137430867","137431028","28","30002992"
"chr16","40501099","40501395","chr5","84279031","84279321","49","43777932"
"chr16","41287415","41287723","chr5","85068372","85068684","41","43780957"
"chr16","37621","37919","chr4","36145571","36145855","65","36107950"
"chr16","125243","125338","chr20","27425944","27426040","18","27300701"
"chr16","248710","248799","chr7","90485477","90485566","11","90236767"
"chr16","295183","295511","chr19","42380479","42380792","66","42085296"
"chr16","337727","338026","chr5","83047784","83048085","46","82710057"
"chr16","360209","360357","chr8","97291270","97291415","27","96931061"
"chr16","382065","382277","chr2","129607224","129607441","50","129225159"
"chr16","430404","430712","chr5","55380182","55380490","47","54949778"
"chr16","441921","442212","chrX","17022911","17023204","54","16580990"
"chr16","470061","470353","chr5","59215180","59215478","45","58745119"
"chr16","688601","688754","chr22","24380477","24380629","31","23691876"
"chr16","689312","689612","chr2","203225383","203225677","45","202536071"
"chr16","728028","728167","chr5","88929106","88929246","24","88201078"
"chr16","729019","729127","chr17","5313903","5314007","20","4584884"
"chr16","849387","849657","chr7","155162191","155162474","46","154312804"
"chr16","883022","883321","chr7","66759838","66760136","51","65876816"
"chr16","906343","906430","chr5","1759512","1759601","11","853169"
"chr16","986440","986735","chr8","112081624","112081920","54","111095184"
"chr16","1063157","1063452","chr9","108561006","108561303","52","107497849"
"chr16","1120338","1120598","chr10","111388748","111389006","56","110268410"
"chr16","1201233","1201555","chr1","86728701","86729028","60","85527468"
"chr16","1442839","1443142","chr3","112538165","112538465","40","111095326"
"chr16","1446069","1446151","chr17","74164392","74164472","12","72718323"
"chr16","1535564","1535793","chr17","9095151","9095365","81","7559587"
"chr16","1544690","1544819","chr13","59360842","59360973","23","57816152"
"chr16","1562435","1562726","chr1","154902781","154903066","43","153340346"
"chr16","1571851","1572142","chr7","46337695","46337981","50","44765844"
"chr16","1574462","1574537","chr12","78747296","78747363","15","77172834"
"chr16","1577440","1577713","chr7","67138307","67138582","61","65560867"
"chr16","1577831","1578082","chr20","11729288","11729543","50","10151457"
"chr16","1599291","1599391","chr22","16507435","16507537","14","14908144"
"chr16","1600643","1600937","chrX","108709597","108709898","45","107108954"
"chr16","1616738","1617035","chr1","77745311","77745604","47","76128573"
"chr16","1620621","1620939","chr5","11439006","11439313","58","9818385"
"chr16","1643971","1644263","chr9","313539","313832","49","1330432"
"chr16","1649083","1649384","chr2","17996148","17996446","48","16347065"
"chr16","1718193","1718283","chr2","9154740","9154829","15","7436547"
"chr16","1744213","1744518","chrX","107311171","107311473","59","105566958"
"chr16","1840391","1840688","chr5","61389137","61389433","43","59548746"
"chr16","1848834","1849124","chrX","17705039","17705341","56","15856205"
"chr16","1849733","1850026","chr2","63180548","63180847","42","61330815"
"chr16","1865466","1865763","chr7","79082583","79082878","55","77217117"
"chr16","1876250","1876533","chr4","137135438","137135728","48","135259188"
"chr16","1880344","1880590","chr9","123778317","123778575","51","121897973"
"chr16","1888452","1888750","chr7","93308006","93308300","49","91419554"
"chr16","1944757","1945036","chr5","61301636","61301916","52","59356879"
"chr16","1946213","1946514","chr3","52365996","52366297","55","50419783"
"chr16","1947670","1947991","chr5","61298581","61298901","60","59350911"
"chr16","1987523","1987814","chr9","76118191","76118484","40","74130668"
"chr16","1995443","1995741","chr9","115579081","115579375","49","113583638"
"chr16","2012041","2012178","chr7","106127868","106128002","28","104115827"
"chr16","2032115","2032400","chr2","14449376","14449663","42","12417261"
"chr16","2057342","2057635","chr7","33547338","33547635","45","31489996"
"chr16","2152671","2152989","chr5","78565303","78565608","63","76412632"
"chr16","2170579","2170861","chr3","105848034","105848319","50","103677455"
"chr16","2203464","2203717","chr5","61018176","61018427","31","58814712"
"chr16","2228984","2229295","chrX","8396907","8397216","59","6167923"
"chr16","2229940","2230215","chr5","60941735","60942010","33","58711795"
"chr16","2244345","2244458","chr20","25080424","25080536","20","22836079"
"chr16","2279976","2280030","chr14","26292656","26292709","8","24012680"
"chr16","2287519","2287717","chr11","95628544","95628735","43","93341025"
"chr16","2321063","2321324","chr11","128322674","128322935","58","126001611"
"chr16","2332302","2332586","chr5","60819306","60819596","48","58487004"
"chr16","2456249","2456295","chrX","925295","925342","4","1530954"
"chr16","2519239","2519527","chr4","25746204","25746495","39","23226965"
"chr16","2558640","2558698","chr6","131014474","131014530","8","128455834"
"chr16","2559949","2560254","chr13","63795202","63795505","53","61235253"
"chr16","2602564","2602859","chr5","93075725","93076019","52","90473161"
"chr16","2617355","2617663","chr2","150624041","150624344","52","148006686"
"chr16","2618377","2618562","chr10","16092525","16092704","31","13474148"
"chr16","2634292","2634577","chr17","20349166","20349464","58","17714874"
"chr16","2651525","2651817","chr1","116618974","116619261","44","113967449"
"chr16","2667993","2668033","chr22","48394712","48394751","4","45726719"
"chr16","2668967","2669064","chr9","45482992","45483094","17","42814025"
"chr16","2797968","2798103","chr7","15564416","15564553","36","12766448"
"chr16","3195182","3195460","chr9","46777958","46778230","53","43582776"
"chr16","3231817","3232111","chrX","92800328","92800623","55","89568511"
"chr16","3262069","3262380","chr3","136899810","136900119","51","133637741"
"chr16","3272566","3272653","chr7","15282612","15282696","11","12010046"
"chr16","3375704","3375860","chr2","131596102","131596261","26","128220398"
"chr16","3420077","3420374","chr9","101210178","101210488","56","97790101"
"chr16","3431081","3431373","chr2","67197269","67197565","44","63766188"
"chr16","3520400","3520527","chr1","182637715","182637844","24","179117315"
"chr16","3637033","3637190","chr7","89154887","89155039","41","85517854"
"chr16","3652473","3652794","chr7","137342012","137342330","55","133689539"
"chr16","3699759","3700059","chr5","62869608","62869907","50","59169849"
"chr16","3784816","3785114","chr13","57884093","57884384","55","54099277"
"chr16","3791467","3791754","chr22","14059986","14060274","54","10268519"
"chr16","3798299","3798587","chr2","29899697","29899980","58","26101398"
"chr16","3808428","3808710","chr1","182741578","182741860","51","178933150"
"chr16","3813580","3813882","chr7","85080523","85080815","54","81266943"
"chr16","3853219","3853516","chr5","32794725","32795024","48","28941506"
"chr16","3865538","3865819","chr5","11414318","11414599","47","7548780"
"chr16","3883783","3884029","chr22","27761069","27761313","45","23877286"
"chr16","3902071","3902369","chr1","155648769","155649066","41","151746698"
"chr16","3906047","3906345","chr10","115044182","115044473","43","111138135"
"chr16","3922167","3922425","chr2","6337545","6337801","46","2415378"
"chr16","3936213","3936475","chrX","16922906","16923181","62","12986693"
"chr16","3939634","3939790","chr9","36057756","36057915","25","32118122"
"chr16","3946635","3946922","chr18","38605998","38606288","41","34659363"
"chr16","3977771","3977812","chrX","15428193","15428233","3","11450422"
"chr16","4027707","4028011","chr2","29773125","29773427","45","25745418"
"chr16","4095208","4095325","chr9","108671454","108671572","13","104576246"
"chr16","4123735","4123911","chr7","86159212","86159382","30","82035477"
"chr16","4176401","4176454","chr7","44116383","44116437","8","39939982"
"chr16","4206518","4206810","chr5","74192493","74192784","43","69985975"
"chr16","4320332","4320515","chr7","129721550","129721729","37","125401218"
"chr16","4371852","4372173","chr8","51359781","51360072","73","46987929"
"chr16","4374221","4374516","chr9","83573818","83574110","48","79199597"
"chr16","4383167","4383210","chr7","74179150","74179194","2","69795983"
"chr16","4383585","4383743","chr20","42041370","42041520","30","37657785"
"chr16","4538874","4538969","chr1","173050036","173050125","21","168511162"
"chr16","4597972","4598078","chr7","51198685","51198789","18","46600713"
"chr16","4609615","4609923","chr5","55380182","55380490","49","50770567"
"chr16","4621376","4621667","chr2","164683323","164683607","58","160061947"
"chr16","4673697","4674005","chrX","64172412","64172721","53","59498715"
"chr16","4711952","4712269","chr5","55380182","55380490","51","50668230"
"chr16","4756250","4756548","chr16","93802673","93802970","48","89046423"
"chr16","4765623","4765716","chr5","1759512","1759601","17","3006111"
"chr16","4765782","4766086","chr9","17943911","17944216","43","13178129"
"chr16","4912306","4912603","chr2","36478057","36478360","42","31565751"
"chr16","4954813","4955100","chr5","97411576","97411860","48","92456763"
"chr16","4955845","4956125","chr13","68512088","68512376","53","63556243"
"chr16","4967042","4967346","chr2","161510671","161510977","56","156543629"
"chr16","4974799","4974960","chr2","131597618","131597785","23","126622819"
"chr16","4985933","4986231","chr22","32335495","32335787","45","27349562"
"chr16","5008469","5008735","chr5","123366510","123366772","55","118358041"
"chr16","5009099","5009274","chr2","131597618","131597785","35","126588519"
"chr16","5021548","5021751","chr1","200791022","200791225","38","195769474"
"chr16","5055461","5055765","chr5","108072638","108072943","46","103017177"
"chr16","5076432","5076511","chrX","82478649","82478729","9","77402217"
"chr16","5107524","5107803","chr5","97575520","97575797","40","92467996"
"chr16","5117243","5117540","chr5","93075725","93076019","49","87958482"
"chr16","5121050","5121357","chr1","153331205","153331512","52","148210155"
"chr16","5167085","5167238","chr5","97633435","97633594","29","92466350"
"chr16","5179618","5179904","chrX","107658888","107659173","43","102479270"
"chr16","5187590","5187823","chr1","192389578","192389804","42","187201988"
"chr16","5220139","5220219","chr5","72615428","72615510","11","67395289"
"chr16","5226968","5227268","chr5","97703095","97703397","40","92476127"
"chr16","5234645","5234930","chr16","72118627","72118905","49","66883982"
"chr16","5297143","5297208","chr6","81615631","81615693","13","76318488"
"chr16","5350141","5350205","chr5","76264296","76264360","10","70914155"
"chr16","5490543","5490602","chr7","40874870","40874927","10","35384327"
"chr16","5684504","5684798","chr5","55380182","55380490","55","49695678"
"chr16","5710801","5710918","chr8","74203698","74203811","17","68492897"
"chr16","5721024","5721317","chr12","107125942","107126232","35","101404918"
"chr16","6218789","6218860","chr1","171824880","171824957","21","165606091"
"chr16","6246595","6246871","chr2","149139071","149139346","58","142892476"
"chr16","6280570","6280847","chr2","137555211","137555491","49","131274641"
"chr16","6284731","6284963","chr11","106480010","106480237","45","100195279"
"chr16","6378537","6378796","chr2","33495117","33495388","46","27116580"
"chr16","6647121","6647423","chr3","19993966","19994253","57","13346845"
"chr16","6655475","6655770","chr2","203225383","203225677","49","196569908"
"chr16","6738772","6739073","chr10","15187317","15187618","49","8448545"
"chr16","6819223","6819511","chr14","83535483","83535768","66","76716260"
"chr16","6821268","6821497","chr1","114360384","114360620","50","107539116"
"chr16","6837202","6837402","chr10","99120124","99120317","42","92282922"
"chr16","6838338","6838676","chr20","21410052","21410387","73","14571714"
"chr16","6942421","6942808","chr12","99732602","99732958","116","92790181"
"chr16","7220008","7220241","chr7","21935234","21935463","52","14715226"
"chr16","7222601","7222816","chr2","59097793","59098013","35","51875192"
"chr16","7223135","7223231","chr2","152866148","152866244","20","145643013"
"chr16","7286519","7286817","chr7","25925292","25925587","46","18638773"
"chr16","7297359","7297486","chr1","198758294","198758403","32","191460935"
"chr16","7297539","7297637","chr12","64064805","64064893","33","56767266"
"chr16","7298838","7299147","chr5","74225931","74226229","46","66927093"
"chr16","7310404","7310691","chr11","22994754","22995044","68","15684350"
"chr16","7334580","7334872","chr5","74192493","74192784","30","66857913"
"chr16","7349592","7349906","chr7","18990408","18990717","50","11640816"
"chr16","7383503","7383754","chr5","74147330","74147587","37","66763827"
"chr16","7390697","7390995","chr4","109688568","109688861","47","102297871"
"chr16","7413674","7413848","chr3","151322790","151322964","27","143909116"
"chr16","7417697","7418003","chr2","64486245","64486545","60","57068548"
"chr16","7424669","7424805","chr3","90717712","90717845","30","83293043"
"chr16","7464768","7465074","chr1","165934284","165934587","54","158469516"
"chr16","7652129","7652426","chr14","81589453","81589747","44","73937324"
"chr16","7656552","7656877","chr5","95128904","95129215","67","87472352"
"chr16","7674589","7674905","chr5","73861915","73862219","57","66187326"
"chr16","7681623","7681755","chr15","76405374","76405507","22","68723751"
"chr16","7749733","7750035","chr9","107319568","107319870","66","99569835"
"chr16","7755560","7755867","chr22","13887239","13887540","51","6131679"
"chr16","7835139","7835452","chr5","55380182","55380490","47","47545043"
"chr16","7904062","7904340","chr22","7675115","7675381","54","228947"
"chr16","8034443","8034608","chr22","38816936","38817091","30","30782493"
"chr16","8061809","8062104","chr2","203225383","203225677","44","195163574"
"chr16","8074878","8075185","chr2","150624041","150624344","44","142549163"
"chr16","8091865","8092173","chr5","73428257","73428563","39","65336392"
"chr16","8100354","8100643","chr12","50119223","50119516","56","42018869"
"chr16","8102321","8102373","chr2","129157755","129157808","6","121055434"
"chr16","8116917","8117227","chr9","25525997","25526295","48","17409080"
"chr16","8129116","8129427","chr2","10940056","10940367","60","2810940"
"chr16","8144129","8144417","chr7","15443384","15443675","53","7299255"
"chr16","8187399","8187649","chr5","111818560","111818820","47","103631161"
"chr16","8247889","8248187","chr7","77326917","77327209","48","69079028"
"chr16","8448321","8448632","chr5","73075939","73076252","37","64627618"
"chr16","8518602","8518900","chr8","117814130","117814426","51","109295528"
"chr16","8559265","8559550","chr7","155162191","155162474","34","146602926"
"chr16","8654205","8654517","chr10","76904858","76905160","69","68250653"
"chr16","8708262","8708453","chr5","756723","756913","29","7951539"
"chr16","8741934","8742192","chr13","49797727","49797974","51","41055793"
"chr16","8768298","8768575","chr5","72704962","72705236","47","63936664"
"chr16","8869338","8869648","chr22","41521291","41521592","50","32651953"
"chr16","8881940","8882207","chr10","32038854","32039122","37","23156914"
"chr16","9034122","9034411","chr5","72460347","72460637","51","63426225"
"chr16","9159075","9159379","chr5","72337530","72337840","45","63178455"
"chr16","9245948","9246260","chr2","146982644","146982948","48","137736696"
"chr16","9246357","9246650","chr11","23485743","23486033","46","14239386"
"chr16","9315116","9315359","chr5","72191429","72191669","39","62876313"
"chr16","9432616","9432684","chr4","10765678","10765740","8","1333062"
"chr16","9603096","9603391","chr8","114553260","114553568","51","104950164"
"chr16","9649652","9649960","chr10","115586657","115586959","48","105937005"
"chr16","9727460","9727592","chr5","10559689","10559821","18","832229"
"chr16","9727717","9727893","chr1","181966844","181967013","33","172239127"
"chr16","9752024","9752226","chr2","130765532","130765734","32","121013508"
"chr16","9782144","9782442","chr22","27181613","27181911","47","17399469"
"chr16","9794130","9794431","chr12","114854084","114854381","42","105059954"
"chr16","9795606","9795881","chr3","45009045","45009328","64","35213439"
"chr16","9871117","9871239","chr22","40723410","40723532","34","30852293"
"chr16","9872959","9873266","chr5","71595041","71595338","50","61722082"
"chr16","9881549","9881854","chr5","71586828","71587135","53","61705279"
"chr16","9918949","9919060","chr12","11864766","11864875","19","1945817"
"chr16","9948050","9948357","chr5","71524972","71525274","52","61576922"
"chr16","9952646","9952774","chr22","15466478","15466608","35","5513832"
"chr16","10016950","10017262","chrX","64172412","64172721","40","54155462"
"chr16","10049651","10049955","chr5","71415901","71416198","45","61366250"
"chr16","10236121","10236427","chr8","29283402","29283703","48","19047281"
"chr16","10279856","10280154","chr2","203225383","203225677","47","192945527"
"chr16","10317079","10317389","chr5","71148864","71149171","41","60831785"
"chr16","10547278","10547578","chr5","70913449","70913742","39","60366171"
"chr16","10624308","10624596","chr12","108797245","108797536","56","98172937"
"chr16","10969270","10969576","chrX","45155908","45156218","49","34186638"
"chr16","10985201","10985482","chr2","72437369","72437649","49","61452168"
"chr16","10999604","10999901","chr9","45325979","45326278","42","34326375"
"chr16","11141332","11141615","chr3","152858583","152858869","48","141717251"
"chr16","11254641","11254868","chr5","70168993","70169223","36","58914352"
"chr16","11296212","11296532","chrX","38848777","38849093","53","27552565"
"chr16","11321017","11321312","chr9","103757616","103757907","43","92436599"
"chr16","11353598","11353911","chr5","70057131","70057430","53","58703533"
"chr16","11453282","11453589","chr8","108251316","108251622","47","96798034"
"chr16","11466383","11466666","chr5","69931771","69932054","32","58465388"
"chr16","11506201","11506502","chr12","50658126","50658432","48","39151925"
"chr16","11618681","11618781","chr12","52380235","52380336","13","40761554"
"chr16","11618833","11618894","chr7","46372085","46372143","7","34753252"
"chr16","11685701","11685753","chr9","58005342","58005393","5","46319641"
"chr16","11737979","11738277","chr5","69618769","69619064","44","57880790"
"chr16","11791145","11791480","chr5","26925255","26925577","69","15134110"
"chr16","11825764","11826058","chr4","38367185","38367480","48","26541421"
"chr16","11851454","11851763","chr1","153331205","153331512","48","141479751"
"chr16","12025430","12025734","chrX","117955769","117956070","54","105930339"
"chr16","12183282","12183594","chr5","69108352","69108668","43","56925070"
"chr16","12283823","12284118","chr17","28540483","28540776","41","16256660"
"chr16","12358848","12359152","chr4","17518722","17519032","46","5159874"
"chr16","12525705","12526003","chr5","68754171","68754479","44","56228466"
"chr16","12526004","12526140","chr1","86741299","86741434","23","74215295"
"chr16","12618303","12618612","chr4","43531904","43532207","53","30913601"
"chr16","12625227","12625506","chr17","17591005","17591277","50","4965778"
"chr16","12744560","12744795","chr22","38052824","38053061","39","25308264"
"chr16","12844927","12844979","chr4","44844890","44844942","5","31999963"
"chr16","12845527","12845807","chr7","146019378","146019652","53","133173851"
"chr16","12887383","12887679","chr6","17854050","17854340","57","4966667"
"chr16","13118943","13119245","chr3","139467381","139467679","52","126348438"
"chr16","13209957","13210250","chr4","71933212","71933503","45","58723255"
"chr16","13228085","13228392","chr5","11439006","11439313","48","1789079"
"chr16","13245646","13245902","chr20","16713691","16713949","42","3468045"
"chr16","13255139","13255451","chr5","68009027","68009331","49","54753888"
"chr16","13541878","13542178","chr7","33547338","33547635","43","20005460"
"chr16","13830161","13830468","chr7","88697458","88697764","41","74867297"
"chr16","14543829","14544158","chr5","65120226","65120539","65","50576397"
"chr16","14731314","14731621","chr7","70375823","70376126","48","55644509"
"chr16","14876745","14877006","chr5","66355023","66355287","39","51478278"
"chr16","15027622","15027904","chr5","66201386","66201672","38","51173764"
"chr16","15155598","15155706","chr21","5832012","5832125","19","9323586"
"chr16","15241713","15242011","chr7","66759838","66760136","47","51518125"
"chr16","15401379","15401672","chr13","42372139","42372433","40","26970760"
"chr16","15451894","15452176","chrUn_GL288481","12524","12808","44","15439370"
"chr16","15493711","15493876","chr19","16238814","16238979","25","745103"
"chr16","15532843","15533038","chr21","35850021","35850192","58","20317178"
"chr16","15534628","15534930","chr5","77541356","77541652","49","62006728"
"chr16","15536909","15537057","chr9","46169985","46170136","51","30633076"
"chr16","15538650","15538955","chr5","77541356","77541652","42","62002706"
"chr16","15596313","15596556","chr14","5786464","5786706","43","9809849"
"chr16","15606085","15606375","chr5","77614068","77614362","39","62007983"
"chr16","15639056","15639372","chr1","191854574","191854877","53","176215518"
"chr16","15750049","15750138","chr7","10993400","10993489","14","4756649"
"chr16","15784882","15784968","chr7","93821832","93821917","12","78036950"
"chr16","15793577","15793863","chr12","51888773","51889064","59","36095196"
"chr16","15801281","15801383","chr22","16507435","16507537","14","706154"
"chr16","15820387","15820663","chr5","77825969","77826241","39","62005582"
"chr16","15848836","15848997","chr3","134810410","134810571","30","118961574"
"chr16","15851199","15851485","chr2","203225383","203225677","48","187374184"
"chr16","15924500","15924801","chr20","9435045","9435351","62","6489455"
"chr16","15935473","15935607","chr2","31690766","31690900","16","15755293"
"chr16","15952389","15952692","chrUn_GL286217","143262","143564","46","15809127"
"chr16","15969679","15969984","chr6","75230350","75230656","44","59260671"
"chr16","15978074","15978360","chr6","119011301","119011592","47","103033227"
"chr16","15993362","15993649","chr7","155162191","155162474","49","139168829"
"chr16","15997071","15997368","chr5","77998088","77998385","39","62001017"
"chr16","16027709","16028018","chr9","101210178","101210488","52","85182469"
"chr16","16172020","16172289","chr5","78173485","78173768","47","62001465"
"chr16","16216504","16216563","chr15","4399381","4399437","8","11817123"
"chr16","16224503","16224805","chr1","15709909","15710212","41","514594"
"chr16","16233760","16234050","chr4","111795287","111795580","49","95561527"
"chr16","16333551","16333896","chrX","12001871","12002171","88","4331680"
"chr16","16350789","16350922","chr3","86420730","86420862","18","70069941"
"chr16","16415269","16415431","chr9","55246171","55246334","25","38830902"
"chr16","16449898","16450058","chr17","69504591","69504747","29","53054693"
"chr16","16456254","16456428","chrUn_GL286355","13388","13563","23","16442866"
"chr16","16478088","16478409","chr2","11077390","11077699","58","5400698"
"chr16","16646632","16646927","chr7","78006942","78007220","53","61360310"
"chr16","16895482","16895615","chr5","127656909","127657042","18","110761427"
"chr16","16906878","16907171","chr15","71322961","71323259","52","54416083"
"chr16","17224568","17224877","chr1","157690991","157691302","52","140466423"
"chr16","17228576","17228862","chr5","80121277","80121568","52","62892701"
"chr16","17245766","17246059","chr15","63174140","63174419","68","45928374"
"chr16","17285540","17285771","chr8","4691812","4692036","42","12593728"
"chr16","17295158","17295454","chr5","65296228","65296517","30","48001070"
"chr16","17372797","17373092","chr2","146982644","146982948","55","129609847"
"chr16","17445969","17446293","chr22","44583446","44583761","59","27137477"
"chr16","17461892","17462210","chr5","65120226","65120539","41","47658334"
"chr16","17590908","17591203","chr4","18194172","18194463","56","603264"
"chr16","17595456","17595755","chr5","64986849","64987143","46","47391393"
"chr16","17602271","17602572","chr1","135919244","135919538","56","118316973"
"chr16","17604151","17604443","chr12","107125942","107126232","39","89521791"
"chr16","17613761","17614114","chr2","134880027","134880343","94","117266266"
"chr16","17632969","17633243","chr5","64953523","64953798","33","47320554"
"chr16","17669672","17669961","chr4","144716679","144716971","43","127047007"
"chr16","17725098","17725390","chr5","64860550","64860842","51","47135452"
"chr16","17726175","17726462","chr21","48186059","48186355","52","30459884"
"chr16","17729626","17729927","chr5","65296228","65296517","47","47566602"
"chr16","17779401","17779700","chr5","64807338","64807623","42","47027937"
"chr16","17792020","17792318","chr11","28125301","28125613","57","10333281"
"chr16","17811938","17812233","chr11","117354372","117354663","66","99542434"
"chr16","17838454","17838532","chrX","32616824","32616903","11","14778370"
"chr16","17951987","17952117","chr4","9872496","9872626","17","8079491"
"chr16","18009114","18009427","chr15","44344971","44345281","50","26335857"
"chr16","18158913","18159200","chr9","100098416","100098714","51","81939503"
"chr16","18187857","18188164","chr14","32553436","32553738","60","14365579"
"chr16","18188212","18188284","chr2","69350405","69350477","8","51162193"
"chr16","18211158","18211450","chr5","64462112","64462405","44","46250954"
"chr16","18218457","18218755","chr11","7572013","7572309","49","10646444"
"chr16","18254898","18255200","chr5","64414669","64414957","40","46159771"
"chr16","18258193","18258279","chr7","49469943","49470028","18","31211750"
"chr16","18258508","18258798","chr22","38686330","38686615","67","20427822"
"chr16","18272658","18272921","chr4","46250728","46250984","55","27978070"
"chr16","18311596","18311896","chr5","139889919","139890213","38","121578323"
"chr16","18324805","18325112","chr5","124645645","124645952","49","106320840"
"chr16","18368827","18369128","chr4","18194172","18194463","58","174655"
"chr16","18378230","18378533","chr12","27541092","27541402","55","9162862"
"chr16","18379837","18380141","chr5","64592198","64592502","38","46212361"
"chr16","18386427","18386714","chr1","110260245","110260541","51","91873818"
"chr16","18400308","18400588","chr22","14059986","14060274","54","4340322"
"chr16","18445816","18446106","chr19","35779479","35779770","45","17333663"
"chr16","18450322","18450621","chr5","64169801","64170100","28","45719479"
