"chr1","24117215","24117541","chr1","22746040","22746350","37","1371175","GCTGGGTGCGGTGGCTCACGCCTGTAAATCCCAGCACTTTGGGAGGCCAAGGCGGGCAGATCACCTGAGGTCAGGAGTTCAAGATCAGCCTGGTCAACATGGTGAAAACCCGTCTCCACTAAAAATAAAAAAAAATAAAATAAATAAAAAATTAGCTGGGCGTGGTGGCTCACGCCCGTAATTCCAGCTACTCAGGAGGCTGAGACAGAAGAATCGCTTGAACCCTGAAGGTGGAGGTTGCAGTGAGCCAAGATCATGTCACTGCACTCCAGCCTGGGTGACAGAGTGAGACTCTGTCTGGAAAAAAGAAAAAAATAAAGAAAGAAA","GCTGGGTGCGGTGGCTCATGCCTGTAAATCCCAGCACTTTGGGAGGCTGAGGCGGGGGGATCACCTGAGGTCAGGAGTTCAAGACCAGCCTGGTCAACATGGTGAAAGCCCATCTCTACTAAAAAAAAAAAAAAAAAAATTAGCTGGGCGTGGTGGCTTACGCCTGTAATTCCAGCTACTCCAGAGGCTGAGACAGGAGAATCGCTTGAACCCTGAAGGCGGAGGTTCCAGTGAGCCAAGATCATGTAACTGCACTTCAGCCTGGGTGACAGAGCGAGACTCTGTCTGAAAAAAAACAAAAAGGAAAGAAA"
"chr1","97517546","97517849","chr3","166261548","166261846","41","68744002","GGCCAGGCATGGTGACTCATGCCTGTACTCCCAGCACTTTGGGAGGCCAAAGCAGGTGGATCACCTGAGGTCAGGAGATCGAGACCAGCCTGGCAAACATGGTGAAACCCCGTCTCTATTAAAAATACAAAAAATTTGCCGGATATGGTGGCACATGCCTGTAAAATTCCAGCTACTCAGGAGGCTGAGGGAGGAGAATTGCTTGAACCCGGGAGGCGCAGGGTACACTGAGCTGAGATCGCACCATTGCATTCCAGCCTGGGTGGCAAGACCAAGACTCCATCTCAAAAAAAAAAAAAAAAAA","GCCAGGCACGGTGGCTCACACCTGTAATCCCAGCACTTTGGGAGGCCAAGGCAGGCAGATGACCTGAGGTCAGGAGTTCCAGACCAGCCTGGCCAACATGGTGAAATCCTGTCTCTACTAAAAGTACAAAAATTAGCCATGTATGGTGACACATGCCTGTAATCCCAGCTACTCAGGAGGCTGAGGCAGGAGAATCGCTTGAACCCGGGAGGTGGAGGTTGCAGTGAGCTGAGATCACACCACTGCACTCCAGCCTGGGTGGCAGAGCAAAACTCTGTCTCAAAAAAAAAAAAAAAAAA"
"chr1","124780303","124780597","chrX","52560249","52560544","37","72220054","GGCCAGGCGCAGTGGCTCACACCTGTAATCCCAGCACTCTGGGAGGCAGAGGTAGGTGGATCACCTGAGGTCAGGAGTTCGAGACCAACCTTATCAGTATGGTGAAACCCCATTTCTACTAAAAATACAAAAATTAGCCAGGTATGGTGGCATGCGACTGTAGTCCCAACTACTAGGGAGGCTCAGATAGGAGAATCCTTGAACCCGGGAGGCGGAGGTTGCAGTGAGCCGGGATCATGCCACTGCACTCCAGTCTGGGCGACAGAGTAATACTCTGTCTCAAAAAAAAAAAAAA","GGCCGGGCGCAGTGGCTCACGCCTGTAATCCCAGCACTTTGGGAGGCCGAGGCAGGTGAATCACCTGAGGTCAGGAGTTTGAGACCAGCCTGGTCAACATGGTGAAACCCCATCTCTACTAAAAATACAAAAATTAGCTGGGTGTGGTGGTGCATACCTGTAGTCCCAGCTACTCGGGAGGCTGAGGCAGGAGAATCACTTGAACCTGGGAGACGGAGGTTGCAGTGAGCCGAGATCACACCACTGCGCTCCAACCTGGGCGACAGAGCAAGACTCTGTCTCAAAAAAAAAAAAAA"
"chr1","144703475","144703768","chr10","31235387","31235677","46","113468088","GGCGCAGTGGCTCACACCTGTAATTCCAGCACTTTGGGAGGCCATGGCCGGTGGATTGCCTGAGCCCAGGAGTTTGAGACCAGCCTGGGCAACATGGCGAAAACCTGTTTCTACTAAAAATACAAAAAGTTAGCCAGGTGTGGTGGCACAATCCTGTAATCCCAGCTACTCTGGAGCCTGAGGCAGGAGAATCGCTTGAACTGGGAAGGCAGAGGTTGCAGTGAGCTGGGATCCCTCCAGCTGCACTCCAGCCTGGGTGACAGAGTGAGGAGAAAGAAAGAAAAAAGAAAGAAA","GCATGGTGGCTCACACCTGTAATCCTAGCACTTTGCGAGGCCGAGGTCGGTGGGTCACCTGAGGTCAGGAGTTTGAGACCATCCTGGCCAACATGGTGAAACCCTGTCTCTACTAAAAATACAAAAATTAGCTGGGTGTGGTGGCACAAGCCTGTAATCCCAGCTACTCAGGAGGCTGAGGCAGAAGAATCGCTTAAACCCGGGAGGCAGAGGTGCAGTGAGCTGAGATGGTGCCACTGCACTCCAGCCTGGGTGACAGAGCGAGACTCAAAAAAAAAAAAAAAAAAGAAA"
"chr1","15335374","15335648","chr1","14031631","14031904","22","1303743","GGCTGGGTGCGGTGGCTCATGCCTGTAATCCCAGCACTTTGGGAGGCCGAGGCGGATGGATCACCTGAGGTCAGGAGTTTAAGACTAGCCTGGCCAGCGTGGTGAAACCTTGTCTCTACTAAAAATACAAAAATTAGCCGGGTGTGGTGGCGCACGCATGTAATCCCAGCTAGTTGGGAGGCTGAGTCAAGGAGAATCACTTGAACCTGGAAGGCAGAGGTTGCAGTGAGCCAAGACCGCGCCACTGCACTCCAGCCTGGGTGAGAGAGCGAGAC","GGCTGGGTGTGGTGACTCATGCCTGTAATCTCAGCACTTTGGGAGGCCGAGGCGGATGGATCACCTGAGGTCGGGAGTTCAAGACCAGCCTGGCCAACATGGTGAAACCCCGTCTCTACTAAAAATACAAAAATTAGCCGGGTGTGGTGGCGCACGTTTGTAATCCCAGCTACTTGGGAGGCTGAGGCAGGAGAATCACTTGAACCCGGAAGGCAGATGCTGCAGCGAGCCAAGATCACGCCACTGCACTCCAGCCTGGATGAGAGAGCGAGAC"
"chr1","16383810","16384087","chr1","15182882","15183154","33","1200928","TCACACCTGTAATCCCAGCATTTTGGGAGGCCAAGGTGAGTGGATCACCTGAGGTCAGGAGTTTGTGACCAGCATGGCGAACATGGCGAAGCCCCATCTCTACTAAAAATACAAAAATTAGCCGGGCATGGTGGCACACACCTGTAGTCCCAGTTACTTGGGAGACTAAGGCAGGAGAATCGCTTGAACCTGGGAAGTGGCGATTGCAGTGAGCCAAGATCACCCCATTGCATTCCAGCCTGGGCAACAGATCGAGACTCTTAAGGAGAAAAAAAAAA","TCACACCTGTAATCCCAGCATTTGGGGAGGCCAAGGTGGGTGGATCACCTGAGGTCAGGAGTTCGTGACCAGCATGGCAAACATGGTGAAGCCCCATCTCTACTAAAAATAGAAAAATTAGCCGGGCGTGGTGGCACACACCTGTAGTCCCAGTTACTCGGAGGCTATGGCAGGAGAATCGCTTGAACCTGGGAAGTGGCGGTTACAGTGAGCCAGGATCGTGCCATTGCCTGAGCAACAGATCGAGACTTTCAAGGAAAAAAAAAAAAAAAA"
"chr1","19398405","19398687","chr1","18178292","18178583","26","1220113","GGCCAGGCGTGGTGGCTCATGCCTGTAATCCCAGCACTTTGAGAGGGCAAGGAGGACGGATCACCTGAGACCAGCCTGGCCAACATGGTGAAACCCCATCTCTATAAAAATATAAAAATTAGCTGGGCATGGTGGTGCACACTTATAATCCCAGCTACTCGTGAGGCTGAGGCAGGAGAATCGCTTGAACCTGGGAGGCAGAGGTTGCAGTGAGCCGAGATCGCGCCACTGCACTCCAGCCTGGGCAACAGAGCGAGACTTCGTCTCAAAAACAACAAAAAAA","GGCCAGGCAAGGTGATTCATGCCTGTAATCCCAGCAGTTTGGGAGGCCAAGGCGGACGGATCACCTGAGACCAGCCTGGCCAACATGGTGAAACCCCATCTCTATTAAAAATATAAAAACTAGCTGGGCATGGTGGTGCACACTTATAATCCCAGCTACTTGTGAGGCTGAGGCAGGAGAATCGCTTAAACCTGGCAGGCGGAGGTTGCAGTGAGCTGAGATCGCGCCACTGCACTCCAGCCTGGGCAACAGAGTGAGACTCCATCTCAAAAACAAAACAACAAAAAAATAA"
"chr1","19660534","19660850","chr1","18445538","18445834","39","1214996","GGCCGGGCGCAGTGGCTCACGCCTGTAATCCCAACACTTTGGGAGGCCAAGGCAGGCAGATCACCTGAGGTCAGGAGTTCGAGACCAGCCTGGTCAATATGATGAAACCCTGTCTCTACTAAAAATACAAAATTAGCCAGGTGTAGTGATGCACACCCATAATCCCAGCTACTCAGGAGGCTGAGGCAGGAGAATCACTTGAACCCACAAGGCAGAGGTTGCAGTGAGCTGAGATCACACCACTGCACTCTAGCCTGGGCAAAAACAGCGAANNNNNNNNNNNNNNNNNNNNACANCTAATAAAAAAAAAAAAAAAA","GGCCAGGCGCGGTGGCTCACGCCTGTAATCCCAACACTTTGGGAGGCCAAGGCGGGCAGATCACCTGAGGTCAGGAGTTCGAGACCAGCCGGGCCAACATGATGAAACCTCGTCTCTACTAAAAATACAAAATTAGCCAGGTGTGGTGACGCACACCCATAATCCCAGCTACTCAGGAGGCTGAGGCAGGAGGATCACTTGAACCCACGAGGCAGAGGTTGCAGTGAGCTGAGATCACGCCACTGCACTCTAGCCTGGGCAAAAACAGCGAAACTCCATCTGAAAAAAAAAAAAAAA"
"chr1","25427903","25428012","chr1","24082292","24082404","12","1345611","GGTGTGGTGGCTCATGCCTGTAATCCCAGCAGTTTGGGAAGCCAAAGTGGACAGATCCCCTGAAGTCAAGAGGTCGAGACCAGCCTGGCCAACATGGTGAAACCCCTTCT","CCAGATGCAGTGGCTCACGCCTGTAATCCCAGCAGTTTGGGAAGCCGAAGTGGGCAGATCCCCTGAAGTCAAGAGGTTGAGACCAGCCTGGCCAACATGGTAAAACCCCGTCT"
"chr1","33029975","33030274","chr14","15756054","15756351","35","17273921","GGCTGGGCATAGTGGTTCACGCCTGTAATCCCAGCACTTTGGGAGGCCAAGGTGGGTGGATTACCCAAGGTCAGGAGTTTTGAGACTAGCCTGGCCAACATGGCGAAACCCCATCTCTACTAAAAATACAAAAATTAGCCAGGTGTGGTGGTGTGTGCCTATATTCCTAGCTGCTCAGGAGGCTGAGACATGAGAATCACTTGAACCCAGGAGGCGGAGGTTGCAGTAAGGTGAGATCACGCCACTGTACTCCAGCCTGGGTAACAGAGTGAGACTCTGTCTCAAAAAAAGAAAAAAAAA","GGCCGGGCGCAATGGCTCACACCTGTAATCCCAGCACTTTGGGAGGCCGAGGTGGGCGGATCACCTGAGGTCAGGAGTTCAAGCCAGCCTGGCCAACATGGTGAAACCCCATCTCTACTAAAAATACAAAAATTAGCCAGGCGTGGTAGCGCATGCCTGTAATCCCAGCTACTCAGGAGGCTGAGGCAGGAGAATCACTTGAATCCAGGAGGCGGAGGTTGCAGTGAGCCGAGATCACGCCACTGCACTCCAGCCTGGGCAACAGAGTGAGACTCTGTCTCAAAAAAAAAAAAAAAAA"
"chr1","36306818","36307116","chr1","35049137","35049433","27","1257681","CTGGGTGTGGTGGCTCAACTTGTAATTCCAGCACTTTGGGAGGCCAAGGCGGGTGGAACACCTGAGGTCAGGAGTTTGAGACTAGCCTGGCCAACATGGTGAAACTCTGTCTCTACTAAAAATACAAAATTAGCCGGGTGTAGTGGCGCACAGCACACACCTGTAGTCCCAGCTACTCGGGAGGCTGAGGCAGGAGAACCTCTTGAACCTGGGAAGTGGAGGTTGCAGTGAGCCGAGACTGTGCCACTGCACTCCAGCCTGGGTGACAAGAGTGAAACTCCGTCTACAAAAAAAAAAAA","CTGGGAGCGGTGGCTCAACTTGTAATTCCAGCACTTTGGGAGGCCGAGGCGGGCGGAACACCTGAGATCAGGAGTTTGAGACTAGCCTGGCCAACACGGTGAAACTCTGTCTCTACTAAAAGTACAAAAAAGCCGGGTGTAGTGGTGCACAGTGCACACCTGTAGTCCCAGCTACTTGGGAGGCTGAGGCAGAACCTCTTGAATCTGGGAATTGGAGGTTGCAATGAGTTGAGATTGTGCCACTGCACTCCAGCCTGGGTGACAAGAGTGAAACTTTGTCTCAAAAAAAAAAAAAAA"
"chr1","44302259","44302521","chr1","43118748","43119010","22","1183511","GGCCGGGCACGGTGGCTCACGCCTGTAATCCCAATACTGTGGGAGGCCAAGGTGGGTGGATCACCTGAGGCCAGGAGTTCGAGACCAGCCTGGACAACAGGGTGAAACCTCATCTCTGCTAAAAAATACAAAAACTAGCTGAGCATGGTGGTGCACGCCTGTAATCCCAACTACTTAGGAGGCGGAGGCTGCAGTGAGCTGAAATCACGCCACAGCACTCCAGCCTGGGCAACAGAGCAAGACTGTCTCAAAAAAAAAAAAAA","GGCTGGGCATGGTGGCTCACACCTGTAATCCCAGTACTGTGGGAGGCCAAGGTGGGTGGATCACCTGAGGCCAGGTGTTCGAGACCAGCCTGGACAACAGGGTGAAACCTTGTCTCTACTCAAAAATACAAAAACTAGCTGAACGTGGTGGCGCACACCTGTAATCCCAACTACTCAGGAGGCAGAGGCTGCAGTGAGCTGAAATCACACCACTGCACTCCAGCGTGGGTGACAGAGCAAGACTGTCAAAAAAAAAAAAAAAA"
"chr1","53608370","53608679","chr7","123614361","123614671","35","70005991","GCTGGGCGGGGTGGCTCATGCCTGTAATCCCAGCACTTTGGGAGGCTGAGGCGGGTGGATCACCTGAGGTCAGGAGTTCGAGATCAGTCTGGCCAACATGGTGAAACCCCATCTCTACTAAAAATACAAAAAGTAGCCAGGTGTGGTGGCATGCACCTGTAATCCCAGCTACTCGAGAGGCTAAGGCAGGAGTATTGCTTGAATCCAAGAGGCAGAGGTTGCAGTGAGTCGAGATTGCACCATTGCACTCCAGCCTGGGGCAAAAGAGTGAGACTTCGTCTCAAAAAAAAAAAAAAAAAAGAAAAGAAAA","GGCCAGGCGCAGTGGCTCACACCTGTAATCCCAGCATTTTGGGAGGCTGAGGCGGGCAGATCACCTGAGGTCAGGAGTTCGAGACCAGCCTGGCCAACATGGTGAAACCCCGTCTCTACTAAAAATACAAAAATTAGCCAGGTATGGTGGCACACACCTGTAATCCCAGCTACTCCAGAGGCTGAGGCAGGAGAATTGCTTGAACCCAGGAGGCAGAGGTTGCAGTGAGCTGAGATTGCACCATTGCACTCCAGCCTGGTCAACAGAGCCAGACTCCGTCTCGAAAAAAAAAAAAAAGAAGAAGAAAGAAA"
"chr1","62259005","62259230","chr7","137253037","137253265","42","74994032","ACCAGGCTGGCCAACACAGCGAAATCCCATCTCTACCAAAAATACAAAAATTAGCTGGCGTGGGGGCACGCACCTGTGGTCCCAGTTACTCGGGGGCTGAGGCAGGAGAATCCCTTGAACCCAGGAGGCGGAGGGTGCAGTGAGCCGAGATCGCACCACTGCACTCCAGCCTGGGTGACAGAGCGAGACTCTGTCTCAACAAAAACAAAAAACAAAAACAAACAAA","CCAACATGGCCAACATGGTGAAACCCCATCTCTATTAAAAATACAAAAAATTATCTGGGCGTGGTGGCATGCACCTGTAGTCCCAGCAACTCGGGAGGCTGAGGCAGGAGAATTACTTGAACCTGGGAGGCAGAGGTTGCAGTGAGCCGAGATTGTACCATTGCGTTCTAGCCTGGGCAACAGAGTGAAACTCTGTCTTAAAAATAAAAAAAAAAGAAAAAGAAAAAAA"
"chr1","134872810","134873095","chr6","174059675","174059966","51","39186865","CTGGGTGCGGTGGCTCACGCCTGTAATCCCTTTGGGAGGCTGAGGTGGGAGGATCACCTGAGGTCAGGAGTTCAAGACCAGCCTGGCCAACATGGTGAAACCCCGTTTCTACTACAAGTACAAAAATTAGCTGGACGTGGTGGTGTATGCCTGTAGTCCCAGCCATTTAGGCAGCTGAGGCAGGAGAATCGCTTGAGCCCGGGGAGGCAAGGTTCCAGTGAACTCCAGCTTGGGTGACAGAGCAAGACTTCATCGCAAAATAAATAAATAAATAAAATAAAATAAA","GGCTGGGCGTGGTGGCTCACGCCTGTAATACTGGCGCTTTGGGAGGCTGAAGCGGTGGACCACCTAAGGTCAGGAGTTTGAGACCAGCCTGGCCAACATGGTGAAACCCCATCTCTACTAAAAATACAAAAATTAGCTGGGAGTGGTGGTGCATGCCTGTAATCCCAGCTGCTCGGGAGGCTGAAGCAGGAGAATCGCTTGAACCTGGGAGGCAGAGGTTGCAGTGCACTCCAGCCTGGGTGGCAGAGCCAGACTCCATCTCCAAAAAAAAAAAAAAAAAAAAAAAAAAAAA"
"chr1","162004722","162005031","chr5","8289100","8289402","39","153715622","GACCAGGTGTGGTGGTTCATGCCTGTAATCCCAGCACTTTGGGAGGCCAAGGCAGGTGGATCACCTGAGGTCAGGAATTTGAGACCAGCCTGGCCAACATGGCAAAACGCTGTCTGTACTAAAAATACAAAAATTAGCCGGGCAAGGTGGCGTGTGCCTGTAATCCTAGCTACTTGGGAGGCTGAGGCAGGAGAATTGCTTGAACCTGGAGGGAGGAGGGGCAGAAGTTGCAGCGAGCTCAGATCGTCCCACTGCACTCCAGCCTGGGTGACAGAGTGAGACTCCATCTCAAAATAAGTAAATAAATAAA","GACCAGGTGCAGTGGCTCACGCCTGTAATCCCAGCACTTCGGGAGGCCAAGGCAGGTGGATCACCTGAGGTCAGGAGTTTGAGACCAGCCTGGCCAACATGGCAAAACCCCATCTCTACTAAAAATACAAAAATTAGCCTGGCATGGTGGTGCATGCCTGTAATCCCAGCTACTTGGGAGGCTGAGGCAGGAGAATTGCTTGAACCCAGGAGGCAGAAGTTGCAGTGAGCTGAGATCGCACCACTGCACTCCAGCCTGGGCAACAGAGTAAGACTCCGTCTCAAAAAAAAAAAAGAAAAGAAA"
"chr1","203292496","203292806","chr7","139825104","139825409","44","63467392","GCAGTGGCTCACGCCTGTAATCCCAGCACTTTGGGAGGCTGAGGTGGGTGGATCACCCAAGGTCAAGAGTTGGAGACCAGCCTGGCCAACATGGTGAAACCCCGTCTCTACTAAAAATACAAAAATTAGCCAGGCGTGGTGGCACACACCTGTAGTCCCAGCTACTTGGGAGGCCGAGGCAGGAGAATAGCTTGAACCCAGGAGACAGAGGTTGCAGTGAGCCAAGACCGCACCACACAACTGCAATTCAGACTGGGTGACAGAGCAAGACTCCATCTAAAAAAAAAAAGCAAGAAAAAGAAAAAGAAAAA","GGGTGCGGTGGCTCACGCCTGTAATCCCAACACTTTGGGAGGCTGAGGTGGGCAGATCACCTGAAGTCAAAAGTTCGAGACCAGCCTGGCCAACATTGTGAAACCCCATCTCTACTAAAAATACAAAAATTAGCCAGGCGTGGTGGTGCACACCTGTAGTCCCAGCTACTCAGGAGGCTGAGGCAGGAGAATTGCTTGAACCTAGGAGGCAGAGGTTGCAGTGAGCCGAGATCGCGCCACTGCACTCCAGCCTGGGAGACACAGCAAGACTCCATCTCAAAAAAAAAAAAAGAAAGAAAGAAAGAA"
"chr1","216661871","216662173","chr1","212377737","212378037","26","4284134","GGCCAGGCACAGTGGCTCACGCCTGTAATCCCAACACTTTGGGAGGCTGAGGCGGGTGGATCATCTGAGGTCAGGAGTTCGAGATCAGCCTGGCCAACATGGCAACACCCTGTCTCTATTAAAAATACGAAAATTAGCCGGGCGTGGTGGCACATACCTGTAATCCCAGCTACTAGAGAGGCTGAGGCTGGAGAATCGCTTGCACCCCATAGGCGGATATTGAGTGAGCCAAGATTGTGCCACTGCACTCCAGCCTGGGTGACAGAGTTAGACTCCATCTCAAAAAAAAAAAAGAAAAAAAAA","GGCCAGGCGCAGTGACTCATGCCTGTAATCCCAGCACTTTGGGAGGCTGTGGCGGGTGGATCACGTGAGGTCAGGAGTTCGAGACCAGCCTGGCCAACATGGCAACACCCCGACTCTACTAAAAATACAAAAATTAGCCGGGAGTCATGGCACATGCCTGTAATCCCAGCTACTCGAGAGGCTGAGGCTAGAGAATCGCTTGAACCCCATAGGCAGACGTTGAGTGAGCCAAGATTGTGCCACTGCACTCCAGCCTGGGCGACAGAGTGAGACTCCATCTCAAAAAAAAAAAAAAAAAAAA"
"chr1","224132877","224133161","chr1","225464231","225464516","35","1331354","GCTGGGCGGGGTGGCTCACGCCTGTAATCCCAGCACTTGGGAGGCCAAGGCAGGCGGATCACCTGAGGTCAGGAGTTGGAGACCAGCCTGGGTAACATGGTGAAACCCCGTCTCTACTAAAAATACAAAAATTAGCCGGGTGTGATGGCATGCACCTGTAATCCCAGCTACTCGGGTGGCTGAGGCAGGAGAATCGTTGAAACTTGGGAAGCGGAGGTTGCAGTGAGCCGAGATCGCGCCACTGCACTCCAGCCAGGGTGACAGAGCGAGATTCTGTCTGAAAAA","GGCTGGGCGCGGTGGCTCACGCCTGTAATCCCAGCACTTTGGGAGGCCGAGGCAGGCAGATCACCTGAGGTCAGGAGTTCGAGAGCAGCCTGAGCAACATGGTGAAACCCCGTCTCTACTAAAAATACAAAAATTAGCTGGGCGTGGCAGCGTGCACCTTTAGTCCCAGCTACTCAGGAGGCTGAGGCAGGAGAATCACTTGAACCTGGGAGGCAGAGGCTGCAGGGAGCCGAGATCGCGCAACTGCACTCCAGCCTGGGCGACACAGCGAGACTGTCTAAAAAAA"
"chr1","224657147","224657438","chr10","37556074","37556363","40","187101073","GGCTGGATGTAGTGGCTCACGCCTGTAATCCTAGCACTTTGGAAAATGGAGGCGGGCTGATCACCTGAGGTCAGGAGTTTGAGACCAGCCTGGCTAACATGGTGAAACCCCGTCTCTACTAAAAATACAAAAAATTAGCTGGGCGTGGTAGTATGCGCCTGTAATCCCAGTTACTCAGGAGGCTGAGGCAGGAGAATGGAGTGAGCCCAGGAGGCAGAGGTTGCAGTGAGCCGAGATTGTGCCACTGCACTCCATCATGGATGACAAAGCAAGGCTCCATCTCAAAAAAAAA","GGCCGGGTGCAGTGGCTCACGCCTATAATCCCAGCACATTGGGAGGCTGAAGCGGGTGGATCACCTGAGGTCAAGAGTTCGAGACCAGCCTGGCCAACATGGTGAAACCCCGTCTCTACTAAAAATACAAAAATTAGCTGGGCATGGTGGTACGCACCTGTAATCCCAGCTGCTTGGGAGGCTGAGGCAGGAGAATCACTTGAACCCAGGAGGCAGAGGTTGCAGTGAGCCAACACTGTGCCACTGCACTCCAGCCTGGGTGACAGAGCAAGACTCCATCTCAAAAAAAA"
"chr1","856531","856841","chr16","58035622","58035931","41","57179091","GGCTGGGCTCGGTGGCTCACGCCTGTAATGCCAGCACTTTGGGAGGCCGAGGCGGGCAGATTACCTGAGGTCAGGAATTCGAGACCAGCCTGACCAACACGGAAAAATCATGTCTCTACTAAAAATATAAAAATTAGCCGGGCGTGGTGCGCACCTGTAATCCCAACTACTCGGGAGGCTGAGGCAGGAGAATCGCTTGAACTTGGGAGGCGGAGGTTGCAGTGAGCCGAGATGGCACCATTGCATTCCAGCCTGGGTGAGAGAGTGAGACTCCATCTCAAAAAGAAAAGAAGAACCAAAGATACAAAAAA","GGCTGGGCACGGTGGCTCACGCCTGTAATCCCTGCACTTTGGGAGGCTGAGGCGGGCGGACCACCTGAGGTCAGGAGTTTGAGACCAGCCTGACCAACACGAAAAACCCTGTCTCTACCAAAAATACAAAATTAGCCAGGCGTGGTGGCACACGCCTGTAATCCCAGCTACTTGGGAGGCTGAGGCAGGAGAATTGCTTGAACCCAGGAGGCAGAGGTTGCAGTGAGCCGCGATTGCACCATTGCAGTCCAGCCTGGGTGACAGAGTAAGACTCCATCTCAAAACAAACAAGAACAACAAAAAGAAAGAA"
"chr1","922738","922749","chr20","53711580","53711590","1","52788842","CAAAACAAACAA","CAAAACAAAAA"
"chr1","924949","925095","chr11","54998127","54998272","19","54073178","GGCCAGGTACAGTGGCTCACGCCTGTAATCCCAGCACTTTGGGAGGCCGAGGCAGGCAGATCACCTGAGGTCAGGAGTTCAAGACCAGCCTGGCCAATATGGTGAAATTCTGTCCCTACTAAAAATGCGAACAATTAGCTGGGCATG","GGCCAGGTGCAGTGGCTCACACCTGTAATCCCAGCACTTGAGAGGCCCTGGCAGGTGGATCACCTGAGGTCAGGAGTTCTAGACCAACCTGGCCAACATGGTGAAACCCTGTCTCTACTAAAAATACAAAAATTAGCTGGGGATGA"
"chr1","925106","925218","chr1","128607504","128607619","20","127682398","GCCTGTAATGCCGGCATTTCAGGAGGCTGAGGCGGGAGGATCATTTGAGATCAGGAGTTCGAGACCAGCCTGACCTACATGGCGAAACCCCATCTCTACTAAAAATACAACAA","GCCTGTAATCCAAGCACTTTGGGAGGCTGAGGCGGGTGGATCACCTGAGGTCAGGTGTTCGAGACCAGCCTGGCCAACGTGGTGAAACCCCAACTCTACTAAAAATACAAAAATTA"
"chr1","925978","926288","chrX","95124717","95125020","42","94198739","GGCCGGGTGCGGTGGCTCATGCCTGCAATCCCAACACTTTGGGAGGCTGAGGCGGGCGGATCATCTAAGGTCAGGAGTTTGAGACCAGCCTGGCCAACACTTTTAGTAGAAACCCCATCTCTACTAAAAATACAAAAATCAGCTGGGCGTGGTGGTGCACGCCTGTAATCCCAGCTACTTGGGAGGCTGAGGCGGGAGAATCCCTTGAACCCAGGAGGCAGAGATTGTGGTGAGCCAAGATTGCACCAATGCACTCCAGCCTGGGCAGCAGAGCAAGACAGTCTCAAAAAATAATATAAAATAAACAAAAA","GGCCTGGCGTGGTGGCTCACGCCTGTAATCCTAACACTTTGGGAAGCCAAGGCGGGTGATCACCTGAGGTCAAGAGTTCGAGACCAGCCTGGCCAACATATAGTGAAACCCCATCTCTACTAAAAATACAAAAATTAGCTGGGCAGGGTGGTGCACGCCTATAATCCCAGCTACTTGGGAGGCTGAGGCAGGAGAATTGCTTGAACCCAGGAGGCAGAGGTTGCAGTGAGCCAAGATTGCGCCATTGCACTCCAGCCTGGGCGACAGAGCCAGACTCTGTCTCAAAAAAAAAAAAAAAAAAAAA"
"chr1","1016939","1016985","chr1","140366987","140367030","11","139350048","TTAGTTGGGTGTGATGGCACATGCCCCTAATCCCAGCTATTCTGGAG","TTAGCTGGGCTTGGTGGCACATGCCTGTAATTCCAGCTACTCGG"
"chr1","1019549","1019678","chr19","13856646","13856781","18","12837097","GGCCAAGCACAGTGGCTCATGCCTGTAATCCCAGCACCTTGAGAGGCTGAGGTAGGTGGCTCACCTGAGGTCAGTTCAAGACAAGCCTGGCCAACATAGTGAAACCCTGTCTCTACTAAAAAAAAAAAAA","GGCCAGGCCCAGTGGCTCATGCCTTTAATCCCAGCAGTTTGGGAGGCCGAGGTAGGTGGATCACCTGATGTCAGGAGTTCAAGACCAGCCTGGCCAACATGGTGAAACCCTGTCTCTACTAAAAATATAAAAATTA"
"chr1","1072667","1072887","chr6","56511093","56511315","48","55438426","CCATCCTGGCCAACATGGCGAAACCCCGTCTCCACTAAAAAGACAAAAAAGAGCAGGGCACAGTGGTGCACGCCTGTGATCTCAGCTACTTGGGAGGCCAAGGCTGGAGAACTGCTTGAACCCAGGAGGTGGACGTTGCGATGAACCGAGGTTGCACCACTGCACTCCAGCCTGGGCGACGGACGGCAACTCCATCTCAAATAAATAAATAAACATATAAA","GACCAGCCTGGCCAAAATGGTAAAACCCTGTCTCTACTAAAAATACAAAAATTAGCCGGGCGTGGTGGTACACGCCTATAATCCCAGCTACTTGGGAGGCTGAGGCAGGAGAATCACTTGAACCCGGGAGGTGGAGGTTGCAGTGAGCTGAGATCGTGCCACTGTACTGCCACTTGGGCAACGGAGGGAAACTCCATCTCAAAAAAAAAAAAAAAAAAAAAAA"
"chr1","1097599","1097894","chr5","15334601","15334897","27","14237002","GGCTGGGTGCGGTGGCTCACGTCTGTCATCCCAGCACTTTGGGAGGCCGAGGCAGGTGATCACCTGAGGTCAGGAGTTCAAAACCAGCCTGGCCAACATGGTGAAACCCCATCTCTACTAAAAATACAAAAATTAGCCGGGTGTGGTGGCACATGCCTGTAATCCCAGCTACTGGGGAGGCTGAGGCAGGAGAATTGCTTGAATCTGGGAGGCAGAGGTTGCAGTGAGCTGAGATCACACCACTGCACTCCAGCCTGGGCGACAGAGTGAGACTTCATCTACAAAAAAAAAAAAAA","GACTGGGTGTGATGGCTCATGCCTGTAATCCCAGCACTTTGGGAGGCCGAGGTAGGTAGATCACCTGAGGTCAGGAGTTCAAGACCAGCCTGGCCAACATGGTGAAACCCCATCTCTACTAAAAATACAAAAATTAGCTGGGTGGGGTGGCACATGCCTGTAATCCCAGCTACTTGGGATGCTGAGGCATGAGAATTGCTTGAACCTGGGAGGCAGAGGTTGCAGTGAGCTGAGATCATGCCACTGCACTCCAACCTGGGCAACAGCGCAAGACTCCATATCAAAAGAAAAAAAGAA"
"chr1","1116512","1116804","chr3","41096118","41096410","38","39979606","GGCCGGGCCTGGTGGCTCATGCCTGTAATCCTGGCACTTTTGGAGGCCAAGGCAGGCGGATCACCTGAGGTCAGGAGTTCGAGACTAGCCTGGCCAACACGGTAAAACCCCTGTCTCTACTAAAAATACAAAAATTAGCTGGGCATGGTAGTGCACACCTGTAGTCCCAGCTACTCTGATGGCTGAGACAGGAGAATCACTTGAACCCGGGAGGTGATGGCTGCAGTGAGCCGAGATCGCACCACTGCACTCCAGCCTGGGCAACAGAGCCAGACTCCGTTTAAAAAAGAAAA","GGCCAAGCACGGTGGCTCATGCCTATAATCCCAGCACTTGGGGAGGCCAAGACAGGTGGGTCACCTGAGGTCAGGAGTTCGAGACCAGCCTGGCCAACATGGTGAAACCCCGTCTCTACTAAAAATACAAAAATTAGCTGGGTGTGGTGGTGCACACCTGTAATCCCAGCTACTCTGGAGGCTGAGGCACAAGAATCACTTGAACCCGTCAGGTGGAGGCTGCAGTGAGCTGAGATGGTACCACTGCACTCCAGCCTGGGCAACAGAGCGAGACTCTGTCTCAAAAAAAAGAA"
"chr1","1130090","1130199","chr3","170473190","170473299","12","169343100","GGCCAGGCGCAGTGACTCACGCCTGTAATCCCAGCACTTTGGGAGGCCGAGGCGGGCGGATCACCTGAGGTCAGGAGTTCGAGAGCAGCCTGGCCAACATGATGAAACCC","GGCCGGGCGCAGTGGCTCATGCCTGTAATCCCAGCACTTTGGGAAACCAAGGTGGGCAGATCACCTGAGGTCAGGAGTTCGAGACCAGCTTGGTCAACATGGTGAAACCC"
"chr1","1144427","1144676","chr1","41686550","41686797","36","40542123","CTGAGACAGGTGGATCATCTGAGGTCAGGAGTTTGAGACCAGCCTGGCCAATGTGGAGAAACCCCATCTCTACTAAAAATACAAAAATTAGCTGGGTGTGGTGGCGTGCACCTGTAGTCGCAGCTACTCAAGAGGCTGAGGCAAGAGAATCACTTGAACCTGGGAGGCAGAGGTTGCAGTGAGTGGAGATCGCACTGCTGCACTCCAGCCTGGGTGATAGAGCAAGACTCCATACCCAAAAAAAAAAAAA","CTGAGGCGGATGGATCACCTGAGGTCAGGAGTTTGAGACCAGCCTGGCCAACATGGCGAAACCCGTCTCTACTAAAAATACAAAAAGTAGCTGGGTGTGGTGGCACGTGCCTGTAGTCCCAGCTACTTGGGAGGCTGAGGCAGGAGAATTGTTTGAACCTGGGAGGCAGTGGTTGCAGTGAGCCAAGATTGCGCCACTGCACTCCAGCCTGGGTGACAGAGTGAAACTCCATCTCAAAAAAAAAAAAA"
"chr1","1152314","1152354","chrX","41233833","41233871","13","40081519","CGAAGTATGGGCCGGGCACAGTGGCTCACGTCTGTAATCCC","AAATCAGCCGGGTGTGGTGGCTCACGCCTGTAATCCCAG"
"chr1","1152648","1152697","chr13","26677414","26677463","6","25524766","CAGCCTGGCCAACATGGTGAGACCCCATCTCTACTAAAAATACACAAATT","CAGCCTGGCCAACATGGTGAAACCCCGTCTTTACTAGAAATACAAAAGTT"
"chr1","1165212","1165503","chr1","41691570","41691860","38","40526358","CAGTGGCTCACGCCCGTAATCCCAGCATTTTGGGAGGCCGAGGTGGGCCTCGGATCACCTGAGGTCAGGGGTTCGAGACCAGCCTGACCAACATGGAGAAACCCCGTCTCTACTAAAAATACAAAAAAAATTAGCCAGGCGTGGTGGCGCACGCCTGTAATCCCAGCTACTCGGGAGGCTGAGGCAGGAGAATTGCTTGAACCCAGGAGGCAGAGGTTGCGGCGAACCGAGATGGCGCCATTGCACTCCAGCCTGGGTGACAGAGTGAGACTCCATCACAAAAAATAAAGAA","CGGGCGTGATGACTCAAGCCTGTAATCCCAGCACTCTGGGAGGCCGAGGTGGGCGGATCACCTGAGGTCAGGAGTTCGAGACCAGCCTGACCAACATGGTGAAACCCTGTCTCTACTAAAAATACAAAAATTAGCCAGGCGTGGTGGCACACGCCTGTAATCCCAGCTACTCGGGAGGCTGAGGCAGGAGAATTGTTTGAACCCAGGAGGCGGAGGTTACAGTGAGCTAAGATCATGCCACTGCACTCCAGCCTGGGTGACAGAGCAAGACTCCATCTCAAAAAAAAAAAA"
"chr1","1208887","1209181","chr5","51540643","51540938","30","50331756","GGCCGGGCGCGGTGGCTCACTCCTGTAATCCCAGCGCTTTGGGAGGCTGAGGTGGGCAGATTACCTGAGGTCAGGAGTTCGAGACCAGCCTGGCCAACATGGTGAAACCCTGTCTCTACTGAAAATACAAAATTAGCTGGGCATGGTGGCATATGCTTGTAATCCCAGCTACTCAGGAGGCTGAGGCAGGAGAATCACTCGAGTCCAGGAGGTGGAGGTTGCAGTGAGCCAAGATCGTGCCACTGATCTCCAGCCTGGCTGACAGACTGAGACTCTGTCTAAAAAAAAAAAAAAA","GGCCAGGCACGGTGGCTCATGCCTGTAATCCCAGCACTTTGGGAGGCTGAGGTGGGCAGATCACCTGAGGTCAGGAGTTTGAGACCAGCCTAGCCAACATGGTGAAATCCTGTCTCTACTAAAAATACAAAAATTAGCTGTGCATGGTGGCACATGGCTGTAGTCCCAGCTACTCAGGAGGCTGAGGCAGGAGAATCACTTGAACCCAGGAGGCGGAGGTTGCAGTGAGTCAAGATCGCACCACTGCACTCCAGCCTGGGTGACAGAGTGAGACTCCATCTCAAAAAAAAAAAAAA"
"chr1","1222096","1222231","chr12","121124958","121125092","12","119902862","GGCTGGGCTCGGTGGCTCATGCCCGTGATCCCAGCACTCTGGGAGGCCAAGGTGGGTAGATCACCTGAAGTCAGGAATTCGAGACCAGCCTGGTCAACATGGTGAAACTCCGTCTCTACTAAAAATACAAAAATTA","GGCTGGGCTCAGTGGCTCATGCCTGTAATCCCAGCACTTTAGGAGGCCAAGGTGGGCAGATCACCTGAGGTCAGGAGTTCGAGACCAGCCTGGCCAACATGGTGAAACCCCATCTCTACTAAAAATACAAAAATT"
"chr1","1222232","1222498","chr8","127225775","127226038","32","126003543","GGCCGGGTGCGGTGGCTCACACCTGTAATCCCAGCACTTTGGGAGGCTGAGGCAGGTGGATTGCCTGAGGTCAGGAGTTCAACACCAGCCTGGGCAACACGGTGAAACCCTGTCTCTATTAAAAATACAAAAATTAGCCAGCCATGGTGGCGCACAGCTGTAATCCCAGCTACTCAGGAGGCTGAGGCAGGAGAATCGCTTGAACCTGGAAGACGGAGGTTGCAGTGAGCCGAGATCACACCGCTGCACTCCAGCCTGAGTGACAGA","GGCCGAGTGTGGTGGCTCACACCTGTAATCCCAGCACTTTGGGAGTAGGAGGTGGGTGGATCACCTGAGGTCAGGAGTTCAAGACCAGCCTGGGCAACATGATGAAACTCCGTCTCTACTAAAAATACAAAAATTAGCCGGGCATGGTGTTGCATGCCTGTAATCCCAGCTACTCAGGAGGCTGAGGCAGGAGAATCGCTTGAACCTGGGAGGCGGAGGCTGCAGTGAGCCGAGATTACACCATTGCACTCCAGCCTGGGTGAC"
"chr1","1223865","1224095","chr1","359301","359533","18","864564","GGCCAGGCATGGTGGCTCAAGCCTGTAATCCCAGCACTTTGGGAGGCTGAGGCAGGCAGATCACCTGAGATAAGGAGTTCGAGACCAGCCTGACCAATATGGTGAAACCCCATCTCTAAGGCAGGAGAATTGCTTGAACCAGGGAGGCGGAGGTCACAGTGAGCCGAGATCACGCCATTGCACTCCAGCCTGGGCGACAGAGCAAGACTCTGTCTACAAAAAAATAAATAA","GGCCAGGCATGGTGGCTCATGCCTGTAATCCCAGCACCTTAGGAGGCTGAGGCAGGCAGATCACCTGGGATAAGGAGTTTGAGACCAGCCTGACCAATGTGGTGAAACCGCATCTCTACTAAGACAGGAGAATTGCTTGAACCTGGGAGGCAGAGATCACAGTGAGCCGAGATCATGCCATTGCACTCCAGCCTGGGCAACAGAGCAAGACTGTGTCTCAAAAAAATAAATAA"
"chr1","1235039","1235330","chr1","370222","370517","31","864817","GGCCAGGCATGGGGACTCACACCTGTAATCCCAGAACTTTGGGAGGCCGAGGCAGGTAGATCACCTGAGATCAGGAATTTGAGACCAGCCTGGCCGACATGGCAAAACCCCGTCTCTACTGAAAAATACAAAAATTAGCCAGGTGTGGTAGCTCATGCCTGTAATCCCAGCTACTTGGGAAGCTGAGGCAGGAGAATCACTTGAACCTGGGAGGAGGAGGTTGCAGTGAGCCGAGATTGTGCCATCGCACTCCAGCCTGGGCGACAGAGTGAGACTCCATCTAAAAAAAAAA","GCCACGCATGGTGGCTCACGCCTGTAATCCCAGAACTTCGGGAGGCCGAGGCAGATAGATCACCTGAGATCAGGAGTTTGAGACCAGTCTGGCCAACATGGCAAAACCCCATCTCTACTGAAAAATACAAAAATTAGCCAGGTGTGGTAGCGCATGCCTGTACTCCCAGCTACTCAGGAAGCTGAGGCAGGAGAATCACTTGAACCTGGAAAGGGGAGGTTGCAGTGAGCTGAGATCGAGCCACTGCACTCCAGCGTGGGCAACAGAGTGAGACTGCATCTAAAAAAAAAAAAAAA"
"chr1","1236041","1236336","chr1","371229","371529","37","864812","GGTCAGGCACGGTGGCTCACAACTGTAATCCCAGCACTTTGGGAGGCCAAGGCGAGTGGATTGCCTCAGGCCAGGAGTTCAAGACCAGCCTGGCCAACATGGTGAAACCACGTCTCTACTAAATTTACAAAAACTAGCCAGGCATGGTGGTGCACACCTGTAATCCTGGCTACTTGGAAGGCTGAGGCAGGAGAATCGTTTGAACCCAGGAGGCAGAGGTTGCAGTGCGCCGAGATCGCACCACTGCACTCCAGCCTGGGCAACACAGTGAGACTCTAACCTAAAAAAACCAAAAA","GGTCAGGCACAGTGGCTCACACCTGTCATCCTGGCATTTTGGTAGGCCAAGGCGAGCAGATTGCCTGAGGCCAGGAGTTCAAGACCAGCTTAGCCAACACGGTGAAACCACGTCTCTACTAAATTTACAAAAATTAGCCAGGCATGGTGGCGCACACTTGTAATCCCGGCTACGGCTACTTGGGAGTCTGAGGCAGGAGAATCGCTTGAACCCGGGAGGCAGAGGTTGCAGTGAGCCGAGATCACACCACTGCACTCCATCCTGGGCGACACGGTGAGACTCTGTCTGAAAAAAGAAAAAA"
"chr1","1271653","1271954","chr1","30694818","30695123","33","29423165","GCCGGGCATGGTGGCTCATGCCTGTAATCCCAGCACTTTGGGAGGCTGAGGCGGGTGGATCACCTGAGGTTGGGAGTTCAAGACCAGCCTGACCAACACGGAAAAAGCCCGTCTCTACTAAAAATACAAAATTAGCCAGATGTGGTGGTGTGCGCCTGTAATCCCAGCTACTCGGGAGGCTGAGGCAGGAGAACTGCTTGAACCCGGGAGGCGGAGGTTGCAGTGAGCCGAGATCGCGCCACTGCACTCCAGCCTGGGCGACAGAGCGAGACTGTGTCTCAAAAATAAATAAATAAATAAAA","CCAGGCATGGTGGCTCATGCCTGTAATCCCAGCACTTTGGGAGGCTGAGGCAGGTGGATCACCTGAGGTCAGGAGTTTGAGACCAACCTGGCCAACATGGCGAAACCCCATCTCTACTAAAAATACAAAAAAAATCAGCCAGGTGTGGTGGCGTGCGCCTGTAATTCCAGCTACTTGGGAAGCTGAGGCAGGAGAACTGCTTGAACCCGGGAGGCAGAGGTTGCAGTGAGCCAAGATTGTGCCACTGCATTCCAGCCTGGGCGACAAAGCGAGACTCTGTTTCAAAAATAAATAAATAAATAAAAA"
"chr1","1321549","1321742","chr6","124254397","124254590","32","122932848","GGCTCAGCCCTATAATCCCAGCATTTTGGGAGGCCAAGGCAGGCAAATCACCTGAGGTCAGGAGTTCGAGACCAGTCTGGCCAACATGGTGAAACCCCCATCTCTACTAAAAATACAAAAATTAGCTGGGAATGGTGGCATATTCCTGTAATCCCACCTATTCAAGAGACTGAGGCAGGATAATCTCTTGAACC","TGGCTCATGCCTATAATCCCCGAACTGTGAGAGGCCGAGGCAGGCAGATCACCTGAGGTCAGGAGTTTGAGACCAGCCTGACCAACATGGTAAAACCCCGTCTCTACTAAAAATACAAAAATTAGCCAGACATGGTGGCACGTGCCTGTAATCCCAGCTACTCAGGAGGCTGGAGCATGAGAATCGCTTGAACC"
"chr1","1325257","1325491","chr9","93284979","93285214","24","91959722","GGCTGGGCGTGGTGGCTCACGCCTGTAATCCCAGCACTTTGGGAGGCCGAGGCGGGCAGATCACCTGAGGTCAGGCATTTGAGACCAGCCTGGCCAACATGGTGAAACCCTGTCTCTAATAAAAACACAAAAATTAGCCGGGCGTGGTGGTGCATGCCTGTAGTCCCAGCTAGCAGGGAGGCTGAGGCAGGAGAATTGCTTGAACCTGGGAGGTGGAGGCTGCAGTGAGCTGAAA","GGCTGGACATGGTGGCTCATGCCTATAATCCCAGCACTTTGGGAGGCCAAGGTGGGCAGATCACCTGAGGTCAGGATTTTGAGACCAGCCTGGCCAACACGGTGAAATCCTGTCTCTACTAAAAATACAAAACTTAGCTGGGTGTGGTGGTGCATGCCTGTAATCCCAGCTACTCAGGAGGCTGAGGCAGGAAAATTGCTTGAACCTGGGAGGCGGAGGTTGCAGTGAGCTGAGAT"
"chr1","1333049","1333357","chr1","473784","474075","41","859265","GGTCGGGCAGAGTGGTTCACACCTGCCTGTAATCCCAGCAGTCTGAGAGGTCGAGGCGGGCATACTGTCTGAAGTCAGGAGTTCGAGACCAGCCTGGCCAACATGGCAAAACCCCGTCTCTACTAAAAATACCAAAAAAAAAAAAAAAAAAATTAAGTTGGGTGTGGTGGTGCACACCTGTAGTCCCAGCTACTCCGGAAGCTGAGGCAGGAGAATCTTTTGAACCTGTGAGGTGGAGGTTGCAGTGAGCCGAGATCGTGCCAATGCACTCCAGCCTGAGTGATAGAGCGAGACTCTGACTCAAAAAAA","GGTCGGGCGCAGTGGTTCACGCCTGTAATCCCAGCACTTTGGGAGGTCGAGGCGGGCACATTGTCTGAAGTCAGGAGTTTGAGACCAGCCTGGCCAACATGGCACCCCGTCTCTACTAAAAATACCAAAAAAAATTAGTTGGGTGTGGTGGCGCACACCTGTAGTCCCAGCTACTCTGGAGGCTGAGGCAGGATAATCTTTGGAACCTGGGAATTGGAGGTTGCAGTGAGCCGAGATCGTGCCATTGCACTCCAGCCTGAGTGACAGAGCAAGACTCCGACTCAAAAAAAAA"
"chr1","1333876","1334188","chr1","474596","474901","46","859280","GTCGGGCGTGGTGGCTCATGCCTGTAATCCTAGCACTTGGAAAGGCCGAAGCAGGTGGATTGCCTGAACTCAAGAGCTCGAGACCAGCCTGGGCAACACAGTGAAACCGTCTCTACTAAAGTGCAAAAAATTAGCCAGGTGTGGCGGCGTGCGCCTGTATTCCTAGCTACTCTGGAGGCTGAGGAAGGAGAATTGCTAGAACCCGGGAGGCAGAAGTTGCAGAAGTTACAGTGAGCGCCGAGATCACGGCACTCCAGGCTGGGTGACAGAGCAAGATGACTCTGTCTGTTTAAAAAAAAAAAAGAAATAGAAA","GGCCAGGCGTGGTGGCTCACACCTATAATCCTAGCACTTGGAAAGGCCGAAGCAGGTGGATTGCCTGAACTCAAGAGCTCAAGACCAGCCTGGGCAACACAGTGAAACCCCGTCTCTACTAAAATACAAAAAATTAGCCGGGTGTGGCGGCATGCTGTATTCCCAGCTACTCCGGGGGCTGAGGAAGGAGAATTGCTAGAAACCGGGAGGCGGAAGTTGCCGTGAGCCGAGATCACGCCACGGCACTCCAGGCTGAGTGACAGAGCGAGACTCCATCTATTTAAAAAAAAAAAAGAAGGAAAGAAA"
"chr1","1335409","1335666","chr3","166742231","166742486","47","165406822","AATCCCAGCACTCTGGGAGGCCAAGGCGGGCAGATCACCTGAGGTCAGGAGTTCGAGACCAGCCTGGCCAACGTGGTGAAACCCCATCTCTAATAAAAAATCAAAAAATTTAGCCGGGCGCCTGTAATCGCAGCTACTTGGGAGGCTGAGGCAGGAGAACTGCTTGAACCTGGGAGGTGGAGGTTGCTGTGAGCCAAAATCGCACCACTGCAGTCCAGCCTGGGCAACAGAGCGAGACTCTGTCTCAGATAAATAAAA","TAATCCCAGCACTCTGGGAGGCCGAGGCAGGTGGATCACCTGAGATTAGGAGTTCAAGACCAGCCTGGCCAACATGGTGAAACCTCGTCTCTACTAAAAATACAAAAATTAGCCGGGCATGGTGGCACCTCAGCTATTTGGGAGGCTGAGGCAGGACAATCCCTTGAACCTGGGAGGAGGAGGTTGCGGTGAGCTGAGATCGCACCACTGTACTTCAGCCTGGGTGACAGAGCAAAACTCCATTTCAAAAAAAAAA"
"chr1","1350680","1350978","chr1","142214846","142215140","37","140864166","GGCCAGGCACGCTGGCTCACGCCTGTAATCCCAGCACTTTGGGAGGCTGAGGCAGGCAGATCACCTGAGGTCAGGAGTTCGAGAACAGCCTGACCAATATGGAGAAACCCAGTCTCTACTAAAAATACAAAATTAGTCGGGCATGGTGGTGCACGCCTGTAATCCCAAGTACTCAGGAGGCTGAGGCAGGAGAATCGCTTGAACCCAGGAGGCGGAGGCTGCATGAGCTGAGGCTGCGCCATTGCACTCCAGCCTGGACAACAGAGCGAGATTCCGTCTCCAAAAAAAAAAAAAAAAAA","GGCCAGGTGCGGTGGCTCACCCCTGTAATTCCAGCACTTTGGGAGGCTGAGGCAGGCGGATCACCTGAGGTCAGGAGTTAGAGACCAGCCTGACCAACATGGTGAAACCCATCTCTACTAAAAATACAAAAATTAGCTGGGTGTGGTGGCATGCGCCTGTAATCCCAACTACTCAGGAGGCTGAGGCAGGAGAATCACTTGAACCCAGGAGGCGGAGGTTGCAGTGAGCTGAGGTCGTGCCACTGCACTCCAGCCTGGGCAACAGAGCGAGACTCTGCCTCAAAAAAAAAAAAAA"
"chr1","1351306","1351423","chr13","86722914","86723028","15","85371608","GGCTGGGTGCAGTGGCTCACACTTGTAATCCCAGAACTTTGGGAGGCCGAGGCAGGTGCATCACCTGAGATCAGGAGTTTGAGACCAGCCCGGCCAACATGACGAAACCCCATCTCTA","GGCTGGGTGCAGTGGCTGACACCTGTAATCCCAGCACTTTGGGAGGCCGAGGCGGGTGGATCACCTGAGGTCAGGAGTTCAAGACCAGCCTGACCAACATGGAGAAACCCCATCT"
"chr1","1360089","1360377","chr19","33742345","33742643","54","32382256","GGCTGGGTGCGGTGGCTCACACTTGTAATCCCAGTATGTTGAGAGGCAGAGGCGGGCTGATCACCTGACGTCAGGAGTTCGACACCAGCCTGGCCAATGTGGTAAAACTCTGTCTCTTCAAAATACAAAATTAGCCAGGCGTGGTGGTGGCATGCGCCTGTATGCTACTCGGGAGGCTGAGGCAGGAGATTGGCTTGAATCCAGAAGGCAGAAGTTGCAGTGGGCTGAGATCACACCAGTGTACTCCAGCCTGGGCGAGTGTGTGACTGTGTCTCAACAACAACAAAAA","GGCTGGGCGCGGTGGCTCACACCTGTAATCCCAGCACTTTGGGAGGCCAAGGTGGGAGAATCACCTGAGGTCAGGAGTTCGAGACCAGCCTGGCCAATATGGTGAAACCCTGTGTCTCCTAAAAATACAAAAATTAGCCAGACGTGGTGGTGCATGCCTGTTATCCCAGCTACTTGGGAGGCTGAGGCAGGAGACTCGCTTGAACCCGGGAGGCAGAGGTTGCAGTGAGCCGAGATCATACCACTGTACTCCAGCCTGGGCAACAGAGTGAGACTCTGTCTCAAAAAAAAAAAAAAAAA"
"chr1","1403722","1404027","chr3","156186156","156186456","38","154782434","GGCCAGGTGCAGTGGCTCATGCCTGTAATCCCAGCACTTTGGGAGGCCGAGGCGGGTGGATTGCCTGAGCTCAGGAGTTTGCAATCAGCCTTGGCAACATGGTGAAACCCTGTCTCTACTAAAATACACAAAATTAGCCGGGTGTGTCAGCCTGTGCCTATAGTCCCAGCTACTCGGGAGACTGAGGCAGGAGAATCACTTGAACCCAGGAGGCGGAGGTTGCAGTGAGACAAGATCGTGCCACTGGACTCCAGCCTCGGTGACAGAGCAAGACTCCGTCTCAAAAAATAAAAAAATAAAAAAAAA","GCCAGGTGCGGTGGCTCACGCCTGTAATCCCAGCACTTTGGGAGGCCAAGGCAGGTGGATTGCCTGAGCTCAAGAGTTCGAGACCAGCCTGGGCAACATGGTAAAACCCTGTCTCTACTAAAATACAAAAAATTAGCGGGGCGTGGCAGCGTGCGCCTGTAATCCCAGCTACTGGGGAGGCTGAGACAGAAGAATCACTTGAACCCAGGAGGCGGAGGTTGCAGTGAGCCAAGATCGTGCCACTGCACTCCAGCCTGGGTGACAGAGTGAGATTCCATCTCAAAAAACATAAATAAATAAA"
"chr1","1409900","1410195","chr16","3820416","3820710","48","2410516","GGCCGGGCATGGTGGTACACACCTGTAATCATAGCACTTTCTGAGGCCAAGGCAGGTGGATCACCTGAGATCAAGAGTTCGAGACCATCCAGGCCAACAGGGTGAAACCCTGTCTCCACCAAAATAGAAAAATTAGCCGGGCATGGTGACCTGCACTTGTAATCCTGGCAACACGAGAGGCTGAGGCAGGAGAATCGCTTGAACCCGGGAGGCGCAGGTTGCAGTGAGCCGAGGTGGCGCCACTGCACTCCATCCTGGAAGACAGAGTGAGACCCTGTCTCTAAATACAAACAAAA","GGCTGGGCGTGGTGGCTCACACCTGTAATCCCAGCACTTTGGGAGGCCAAGGCGGGTGGATCACCTGAGGTCAGGAGTTAGGGACCAGCCAGGCCAACATGGTGAAACCCTGTCTCTACTAAAATACAAACATTAGCCAGGCATGGTGGCATGTGCTTGTAATCCCAGCTGCTTGGGAGGCTGAGGCAGAAGAATGGCTTGAACCCGGGAGGCAGAGGTTGCAGTGAGCCGAGATTGTGCCACTGCACTCCAGCCTGGGCGACAGAGCGAGACTCTGTCATAAAAAAAAAAAAAA"
"chr1","1415388","1415677","chr10","67303946","67304249","39","65888558","GGCCAGGGGCGGTGGCTCACGAATGTAACCTGGATTTTGGGAGGCTGAGGCGGGCAGATCACACGAGGGTGGGAGTTTGAGACCATCCTGGCCAACATGGTGAGACCCCGTCTCTACTAAAAATACAAAAATTAGCCAGGCGTGGTGGCACACCTGTGGTCCCAGCTACGTGGGAGGCTGAGGCACGAGAATCACTTAAACCTGGGAGGCAGAGGTTGCAGTGAGCTGAAATTGCACCGCTGCACTCCAGCGTGGGCGACAGAGTGAGACTGTCTCAAAAAAAAAAAAAA","GGCCAGGGGCGGCGGCTCATGCATGTAACCCAGCATTTGGGGAGCCTGAGGCGGGCAGATCACCTGAGGTAGGGAGTTTGAGGCCATCCTGGCCAACATGGTGAGACCCCGTCTCTACTAAAAATACAAAAATCAGCCAGGCGCGGTGGCACACCTGTGGTCTCAGCTACGTGGGAGGCTGAAGCAGGAGAATCACTTCAACCCGGGAGGCAGAGGTTGTAGCGAGCCGAAATCGCACCACTGCACTCCAGCATGGGCGACAGAGTGAGACTCTGTCTCAAAAACAAAAACAAAAACAAAAAAA"
"chr1","1422432","1422691","chr3","155645632","155645891","32","154223200","GCTGGGCACAGTGGCTCACGCCTGTAATCCCAGCACTTTGGGAAGCTGAGGTGGGTGGATTGCCTGAGGTCAGGAGTTCAAGACCAGCCTGGCCAACATGGTGAAACCCCGTCTCTACTAAAAATACAAAACTTAGCCCGGCATGGTGGTGTGTGACTGTAATCCCAGCTACTCAGGAGGCTGAGGCATGAGAATCACTTGAACCCTGGAGGCGGAGGTTCCAGTGAGCTGAGATGGTGCCATTGAACTCCAGTCTGGGC","GCTGAGCACAGTGGCTCATGCCTGTAATCCCAGCACTTTGGGAGGCTGAGGCAGGTGGATCACCTGAGGTCAGGAGTTCAAGACCAGCCTGGCCAGCATGGTGAAACCCCATCTCTACTAAAAATACAAAAATTATCTGGGTGTGGTGGCATGCGCCTGTAATCCCAGCTACTCAGGAGGCTGAGGCAGGAGAATCACTTGAACCCAGGAGGCAGAGGTTGCAGTAAGCTGAGATCACTCCACAGCACTCCAGCCTGGGC"
"chr1","1422826","1423125","chr12","82660952","82661251","36","81238126","GGCCGGGCTCCGTGGCCCACACCTGAATCCCAGCACTTTGGGAGGCTGAGGCGGGCAGATCACCTCATGTCAGGAGACCGAGACCAGCCTGGCCAACATGGTGAAACCCCGTCTCTACTAAAAATACAAGAATTAGCCGGGCATGTTGGCGCGTGCCTGTAATCCCAGCTACTCAGGAGGCTGAGTCAGGAGAATCACTTTAACCCGGGAGGCGGAGGTTGCAGTGAGTTAAGATCGCAACACTGCACTCCAGCCTGGGCGACAGAGCGAGACTCCGTCTCAAAAAGACAAAAAAGAAAA","GGCTGGGCTCAGTGGCTCACACCTGTAATCCCAGCACTTTGGGAGGCTGAGGCGGGCAGATCACCTGAGGTCAGGAGTTCAAGCCCAGCCTGGCCAAAATGGTGAAACCCCGTCTCTACTAAAAATACAAAAATTAGTCAGGTGTAGTGGCACGCCCCTGTAGTCCTAGCTACTCAGGAGGCTGAGGCAGGAGAATCACTTGAACCCGGGAGGTGGAGGTTGCAGTGAGACAACATTGCAACACTACACTCCAGCCTGGGCAACAGAGTGAGACTCTGTCTCAAAAAAAAAAAAAGAAAA"
"chr1","1426730","1426821","chr11","111876709","111876806","21","110449979","GCCTGACACCCTGAAGGTGGAGGTTGCAGTGAGCTGAGATCACACCACTGCACTCCACCCTGGGCGAGCAAGACTCTATTGCCAAAAAAAAA","GCCTGAACCTGGGAGGCGGAGGTTGCAGTGAGCTGAGATCATGCCAACGCACTCTACCCTGGGCGACAGACCAAGACTCTGTCTCAAAAAAAAAAAGA"
"chr1","1427276","1427483","chr16","48976473","48976683","37","47549197","GCCAGGCACAATGGCTCACACCCATAATCCCAGCACTTTGGGAGGCCGAGGTGGGCAGATCACCTGAAAACAGGAGTTTGAGACCAGCCTGGCCAACATAGTGAAACCCCCGTCTCTGCCAAAAATACAAAAATTAACCTGGGCATGGTGGCGTGCGCCTGTAATCCCAGCTACTCCAGACGTTTAGGCATGAAAATTGCTTGAACCC","GGCCAGGCACAGTGGCTCACACCTGTAATCCCAGCACTCTGGGTGGCCGAGGTGGGTGGATCACCTGAGGTCAGGAGTTTGAGACCAGCCTGGCCAACATGATGAAACCCCGTCTCTACTAAAAATACAAAAATTAGCTGGGCATGGTGGCGCATGCCTGTAATCCCAGCTACTAGAGGGGCTGAGGCAGGAGGACTGCTTCCAACCTGGG"
"chr1","1433846","1434043","chr1","25987435","25987643","51","24553589","AGCCTGGCCAACATGGTGAAACCCAACCTCTACTAAAAATACAAAAACCTAGTGGGAAGTGGTGGTTCACGCCTGTAATCCCAGCAACTCTGAGGCTGAGATGGGAGGATGGCTTGAACCCCGGAGGCAGAGGCTACAGTCACCCAGATCACACTGCTGCACTCCAGCTGGACAGAGTGAGACTTAAGAAAAATAAAA","AACTTGGCCAACATGATGAAACCACACCTCTACTAAAAAATACAAAAATTAGCCGGGTGTGATGGTGCATGCCTGTAATCCCAGCTGCTGGGGAGGCTGGGGCATGAGAATCGCTTGAACCCGGGAGATGGAGGTTGCAGTGAGCTGAGATCACACCACTGCACTCCAGCCTGGGCAACAGAGTGAGACTCCATCTCAAAAAAAGAAAA"
"chr1","1447126","1447323","chr3","12719728","12719927","33","11272602","GGCCAGGGGCGGTGGCTCACGCATGTAACCCAGCATTCTGGGAGGCCGAGGCAGGCGGATCACCTGAGGTAGGGAGTTTGAGACCAGCCTGGCCAACATGGTGAGACCCCGTCTGTACTAGAAATACAAAAATTAGCCATGCATGGTGGCACACCTGTAATCTCAAGCCACTTGGGACGCTGAGGCATGAGAATTGCT","GGCAAGGTGCGTGGCTCACGCCTATAATCCTAGCACTTTGGGAGGCTGAGGCAGGTGGATCACCTGAGGTCAGGAGTTTGAGACCAGCCCGGCCAACATGGTGAAACCCCATCTCTACTAAAAATACAAAAATTAGCCGGGTATGGTGGCGCACGCCTGTAATCCCAGCTACTCGGGAGGCTGAGGCACGAGAATCACTT"
"chr1","1453211","1453353","chr6","124570723","124570854","29","123117512","CAAGTGCAGTGGCTCACTCCTGTAATCCCAGCACGTTGGGAGGCTGAAGTGAGAGTATCATACACCTGAGGTCAGGAGTTTGAGAGCAGCCTGGCCAACAAGGCCAATCTCACCTCTACTAAAAATACAAAAATTACCCCGGC","GGGTGCGGTGGCTCACGCCTGTAATCCCAGCACTTTGGGAGGCCGAGGTGGACGAATCACCTGAAGTCAGGAGTTTGAGACCAGCCTGGCCAATATGGCAAAACCTCATCTCTACTAAAAATACAAAAATTA"
"chr1","1465885","1466189","chr10","36894912","36895216","33","35429027","GACCTGGCGCGGTGGCTCTCGCCTGTGATCCCAGCACTTTGGGAGTCCGAGGCGGGCGGATCACCTGAGTTCAGGAGTTCGAGACCAGCCTGGCCAACATGGTGAAACCCCGTCTCTACTAAAAATACAAAAATCAGCTGGACGTGGTGGCACACACCTGTAGTCCCAGCTACTCGGGAGGCTGAGGCAGGAGAATCACTTGAACCCGGGAGGCGGTGGTTGCAGTGAGCCCAGATTGTACCACTGCACTCCAGCCTGGCGACAGAGCACGACTCTGTCTCAAAAAACAAAACAAAACAAAACAA","GGCCGGGCGCAGTGGCTCAGGCCTGTAATCCCAACACTTTGGGAGGCCGAGTCGGGTGGATCACCTGAGGTCAGGAGTTCCAGACCAGCCTGACCAACGTGGAGAAACCCCCGTCTCTACTAAAAATACAAAATTAGCTGGGCGTGGTGGCGCATGCCTGTAATCCCAGCTACTCGGGAGGCTGAGGCAGGAGAATCACTTGAACCCGGGGGGCGGAGGTTGCAGTGAGCCGAGATCACACCACTGCACTCCAGCCTGGGCGACAGAGCAAGACTCCGTCTCAAAAACAAAACAAAACAAAACAA"
"chr1","1468070","1468334","chr10","20251697","20251955","46","18783627","GGCCGGGCGTGGCGGCTCACGCCTGTCATCCCAGCACACTGAGAGGCCAAGGCGGGTGGATCACCTGAGGTCATGTGTTCGAGACCAGCCTGGCCAAGATGGTGAAACCCCATCTCTACTAAAAATACAAAAATTAGCCAGGTGGGGCGGCACACACCTGTAATCTCAGCTATAGCTACTCAGGAGGCTGAGGCACGAGAGTTGCTTCAACCCGGGCGGCAGAGGTTGCAGTGAGCCGAGATCACACCACGGCACTTCGGCCTGG","GGCCAGGTGTGGTGGCTCACGCCTGTAATCCCAGCACTCTGGGAGGCTGAAGCAGGTGGATCACCTGAAGTCAGGAGTTTGAGACCAGCCTGGCCAATATGTTGAAAACCCATCTCTACTAAAAATACAAAAATTAGCCAGATATGGTGGCGCACGCCTTAATCTCAGCTACTCGGGAGGCTGAGGCAGGAGAATCACTTGAACCCGGGAGGTAGAAGTTGCAGTGAGCCGAGATCGCACCACTGTATTCCAGCCTGAG"
"chr1","1474672","1474791","chr1","7373118","7373239","14","5898446","GGTTGGTTGCGGTGGCTCACACCTGTAATCCCAGCACTTTGGGAGGCCGAGGTGGGCAGGTCACCTGACGTCAGGAGTTCGAGACCAGCCTGCCCAACATGGTGAAACCCTGTCTCTACT","GGCCGGGTGCGGTGGCTCACGCCTGTAATCCCAGCACTTTGGGAAGCCGAGGCGGGCGGATCACCTGAGGTCAGGAGTTAGAGACCAGCCTGGCCAACATGGTGAAACCCCGTCTCTACTAA"
"chr1","1478909","1479203","chr3","42101864","42102152","50","40622955","GGCTGGACACAGTGGCTCACATCTGTAATCTCAAAACTTTGGAAGGCCAAAACAGGTGGTTCACCGGAGGTCAGGAGTTTTGAGACATGTCTGGCCAACGTGGTGAAACCCCATCTCTACTAAAAATACCAAAATTAGCCAGGCGTGGTAGTACACCGCACCTATAATCCCAGCTACTCAGGATGCTGAGGCAGGAGAATCGCTTGAACCCGGGAGACAAAGATTGCAGTGAGCCGAGATCACGCCACTGCACTCCAGCAGGGGCGACAGACTGAGACTCCATCTCAAAAAAGAA","GGCCTGGCATGGTGGCTCATGTCTGTAATCCCAGCACTTGGGGAGGCCAAAGCGGGTGGATCACCTGAGGTCAAGAGTTAGAGAACAGCTTGACCAACATGGTGAAACCCCATCTCTACTAAAAATACAAAAATTAGCCAGGTGTGGTGGCACATGCCTGTAATCCCAGCTACTCGGGAGGCTGAGGCAGGAGAATCACTTGAACCCAGGAGGCAGGGGTTGCAGTGAGCCGAGATTGCACCACTGCACTCCAGCCTGGCGACAGACCTAGACTCCATCTCAAAAAAAA"
"chr1","1479326","1479623","chr1","166387645","166387949","45","164908319","GGCCAGGTGCAGTGGCAACCCCTATAATCCCAGAGCTTTGGGAGGCCAAGGCGGGCTCATCACATGAGGTCAGGACCAGCTTGGCCAACATGGTGAAACCCCATCTCTACTAAAAGTACAAAAATTAGCCAGGTGTGGTGGCACATGCCTGAAATCCCAGCTACTCGGGAGGCTGAGGCAGGAAAATCGCTTGAACCCAGGGTCGGAGGTTGCAGTGAGCCAAGATCGTGCCATTGCACTCCAGCCTGGGCAACAGAGTGAGACTCTGTCTCAATTAAAAAAAACAAAAAAAAAAAGA","GGTCAGGTGCAGTGGCTCACACCTGTAATCCCAGTACTTTGGGAGGCCAAGGTGGGCGGATCACCTGAGGTCAGGAGTTAGAGACCAGCCTGGCCAACATGGAGAAACCCCGTCTCTACTAAAAATACAAAAATTAGCTGGGTGGGGTGGCGCATGCCTGTAATCCCAGCTACTTGGGAGGCTGAGGCAGGAGAATCGCTTGAACCCTAGGAGGTGGAGGTTGCAGTGAGCCGAGATTGTGCCGCTGCACTCTAGCCTGGGCGACAGAGCGAGACTCTGTCTCAAAAAAAAAAAAAAAAAAAAAA"
"chr1","1480958","1481108","chr1","619160","619308","19","861798","GTAGCTGGGTGTGGTGGCGTGTGCTTGTAATCCCAGCTGCTCGGGTGGCTGAGGCGGGAGGGTCACTTGAACCCAGGAGGCAGAGGCTGCAGCGAGCTGAGATTGTGCTGTTGGACTCCAGCCAGGGTGACAGAATGAGACTCTGTCTCAA","GTAGCTGGGTGTGGTGGCATACACTTGTAATCCCAGCTACTCGGGTGGTTGAGGCAGGAGGGTCACTGGAACCCAGGAGGCAGAGGCTGCAGTGAGCTGAGATTGCCCCAGGACTCCAGCCAGGGCCACAGAGTGAGACTGTGTCTCAA"
"chr1","1481410","1481537","chr1","619607","619735","16","861803","GGCTGGATGCAGTGGCTCACACCTGGAATCCCAATACTGGGAGACCGAGACAGATGGATCACCTGAGTTGAGTTTGAGACCAACCTAGCCAACAGGGTAAAACCCTGTCTCTACTAAAAGTACAAAAC","GACTGGATGCAGTGGCTTACACCTGTAATCCCAATGCTGGAGACCAAGGCAGGTGGATCACCGGAGTTCAGGAGTTTGAGACTAACCTGGCCAACAGGGTAAACCCTGTCTCTACTAAAAGTACAAAAA"
"chr1","1484539","1484681","chr10","59906585","59906730","25","58422046","GGCCAGGCATGGTGGCTCTCGCCTGTAATCCCAACACTCTGAGAGGCTGAGGCAGCTGGATCACGAGGTCAAAAGTTCAAGACCAGTTTGGTCAAGATGGTGAAACCCCGTCTCTACTAAAAATACAAAATTTGCCGGGCATG","GGCCAGGCATGGTGGCTCACGCCTGTAATCCCAGCACTTTGGGAGGCCGAGGCAGGTGGATCACTTGAGGTCAGGAGTTCAAGACCAGCCCACCCAGCATGGTAAAACCCCGTCTCTACTAAAGATACAAAAATTAGCCAGGTGTG"
"chr1","1484861","1484959","chr11","86655990","86656090","19","85171129","GAGGGGGAGGCTGCAGTGAGCTGAGACCAAGCCGCTACACTCCACCTTGGGCAACAGCGTGAGACTCCATCTCAAAAAAAAATAAAATAAAATACAAGA","GAAGGTGGAGGCTGCAGTGAGTTGAGATTGCACCACTGAACTCCAGCTTGGGCAACAGAGTGAGACTCCATCTCAAAAGAAAAAAAAAAAAAAAAAAAAAA"
"chr1","1484964","1485253","chr1","623166","623453","32","861798","GGCTGAGCATGGTGGCTCACGCCTGTAATCCCAGCACTTTGGGAGGACGAGGAGGGTGGATCACCTGAAGTCAGGAGTTTAAGACCAGCTTGGCCAACATGGTGAAACCCTGTGACTACTAAAAATACAAAAATTAGCCGGGTGTGGTGGCACGTGCCTGTAATCCCAGCTACCCGGGAGGCTGAAGCAGGAGAATCACTGGAACCCGGGAGGCGGATGTTGCAGTGAGTCTGCAGTGAGCCAAGATCTCGCCACTGCACTCCAGCCAGGGTGACACAGTGAGACTCTGT","GGCCAAGCACGGTGGCTCACGCCTGTAATCTCAGCACTTTGGGAGGCTGAGAAGGGTGGATCACCTGAAGTCAGGAGTTCAAGACCAGCCTGGCCAACATGGTGAAACCCCGTCTCTATTAAAAATACAAAAACTAGCCAGGTGTGGTGGCACGCACCTGTAATCCCAGCTACCTGAGAGGCTGAGGCAGGAAAATTGCTGGAACCTGGGAGGCGAATGCTGCAGTGAGTCTGCAGTGAGCCAAGATCTCGCCACTGCACTCCAGCTGGGGTGAGAGTGAGACCCTGT"
"chr1","1493248","1493380","chr3","40768859","40768991","15","39275611","GGCCGGATGCGGTGGCTGACGCCTGTAATCCCAGCACTTTGGGAGGCCGAGGCGGGCAGATCACCTGAGGTCGGGAGTTTGAGATTAGCGTGGCCAGCATGGTGAAACTCCGTCTCTACTAAAAATGCAAAAA","GGCCGGATGCAGTGCCTCACACCTGTAATCCCAGCACTTTGGGAGGCCGAGGCAGGCGGATCACCTGAGGTCAGGAGTTTGAGAGCAGCCTGGCCAACATGGTGAAACCCCACCTCTACTAAAAATACAAAAA"
"chr1","1509155","1509422","chr4","17496445","17496716","43","15987290","GGCAGGGCGCGGTGGCTCACGTCTGTAATCCCAGCACTTTAGGAGGCAGAGGCGGGCGGATCACCAGTCAGGAGTTCAAGGCCAGCCTGACCAACACGGAGAAACCCCGTCTCTACTAAAAATACAAAATTAGCTGGGTGTGGTAGACGCCTGTAATCCCAGCTACTCGGGAGACTGAGACAGGAGAATGACGTGAACCCGGGAGCTGGAGGTTGCAGTGAGCCAAGATCACACCACTGCACTCCAGCTTGAGTGACAGAGCGAGACT","GCCAGGTGCACTGGCTCACGCCTCTAATCCCAGCACTTTGGGAGGCCGAGGTGGGTGGATCACCTGAGGTCAGCAGTTCAAGACCATCCTGGCCAACATGGCGAAACCCCATCTCTACTAAAAATACAAAAATTAGCTGGGCGTGGTGGCACGTGCCTGTAATCCCAGCTACACAGGAGGCTGAGACAGGAGAATTGCTTGAACCCAGGAGGTGGAGGTTGCAGTGAGCTGAGATCGTACCACTGCACTCCAGCCTGGGTGACAGAGCGAGA"
"chr1","1511555","1511850","chr16","5048763","5049058","30","3537208","GGCCGGGCGCGGTGGCTAACGCCTGTGATCCCAGCACTTCGGGAGACCAAGGTGGGCGGATCACCTGAGGTCAGGAGTTGGAGACCAGCCTGGCCAACATGGTGAAACCCCGTCTCTACTAAAAATACAAAAATTAGCCGGGCGTGGTGGTGTGCACCTGTAGTCCCAGCTACTCTGGAGGCTGAGGCAAGAGAATCACTTGAACCCGGGAGGCAGAGGTTGCAGTGAGCCGAGATCACGCCATTGCACTCCAGCCTGGGTGACCAAGTGAGACTCTGTCTTAAAAAAAAAAAAAA","GGCCGGGCGCGGTGGCTCACACCTGTAATCCTAGCACTTTGGGAGGCCGAGGTGGGCGGATCACCTGAGGTCGGGAGTTCAAGACCAGCCTGGCCAACATGGTGAAACCCCGTCTCTACTAAAAATACAAAAATTAGCTGGGCGTGGTGGCGTATACCTGTAATCCCAGCTACTCGGGAGGCTGAGGCAGGAGAATCACTTGAACCCGGGAGGCAGATGTCGCAGTGAGCCAAGATCGCACCATTGCACTCCAGCCTGGGCAACAGAGCGAGACTCCGTCTCAAAAGAAAAAAAAA"
"chr1","1512529","1512811","chr15","103655749","103656029","31","102143220","GGCCGGGCGCGGCGGCTCACGCCTGTAATCCCAGCACTTTGGGAGACCGAGGTGGGTGGATCACCTGAAGTCAGGAGTTGGAGACCAGCCTGGCCAACATGGTGAAACCCCGTCTCTACTAAAAATACAAAAATTAGCCAGCTGTGGTGGTGCATGCCTGTAATCCTAGCTACTCGGGAGGCTGAGGCAGGAGAATCACATGAACCCAGAAGGTGAAGGTTGCAGTGAGCCAAGATCACACCATTGCACTCCAGCCTGGGTGACAGAGTGATACTCTGTCCCA","GGCCGGGCGCAGTGGCTCATACCTGTAATCCCAGCACTTTGGGAGGCCGAGGTGGGTGGATCACCTGAAATCAGGAGTTTGAGACCAGCCTGGCCAAGATGGTGAAACCCCGTCTCTACTAAAAATACAAAAATCAGCCGGGCGTGGTGGTGCATGCCTATAATCCCAGCTACTTGGGAGGCTGAGGCAGGAGAATTGCTTGAACAGAGGAGGCGGAGGTTGCGGTGAGCCAAGATCACACCAGTGCACTCCAGCCTGGGTGACAGAGTGTGACTCCGTCT"
"chr1","1512837","1512853","chr3","5100586","5100601","3","3587749","CATGAAAATGAAACAAA","CAGAAAAAGAAAAAAA"
"chr1","1563872","1564173","chr1","697393","697693","26","866479","GGCCGGGCGCGGTGGCTCACGCCTGTAATCCCAGCGCTTTGGGAGGCCGAGGCGGGTGGATCACCTGAGGTCAGGAGTTCGAGACCATCCTGGCCAACGTGGTGAAACTCCGTCTCGACTAAAAATACAAAAATTATCCGGGCGTGGTGGCGCACACCTGTAGTCCCAGCTACTTGGGAGGCTGAGGCGGGAGGATCACTTGAACCCGGGAGGCAGAGGTTGCAGTGAGCCGAGATCATGCCACTGCACTCCAGCCTGGGCAACAGATCAAGATTCCATCTCAAAAAAACAAACAAAAAGAA","GGCCGGACGCGGTGGCTCACACCTGTAATCCCAGCACTTTGGGAGGCCGAGGCGGGTGGATCACCTGAGGTCAGGAGTTCGAGACCAGCCTAGCCAACATGGTGAAACCCTGACTCGACTAAAAATATAAAAATTAGCCGGGTATGGTGGCCCACGCCTGTAGTCCCAGCTACTTGGGAGGATGAGGCAGGAGGGATCACTTGAACCCGAGAGGCGGAGGTTGCAGTGAGCCGAGATCGTGCCATTGCACTCCAGCCTGGGCAACAGAGCAAGATTCCGTCTCAAAAAACAAACAAAAGAA"
"chr1","1569122","1569293","chr1","45139652","45139830","36","43570530","TTAGAAACCAGCCTGGCCAACATGGTGAAACCCCGTCTCTACTAAAAATACAAAAATCACCTGGGTGTGGTGGCGCACACCTGTAATCCCAGCTACTCGGGAGGCTCAGGTATGAGAATCACTTGAACTCGTGAGATGGAGGTTGCAGTGAGCCGAGATTGCGCCACTGCAC","GAGTTCAAGACCAGCTGGGCCAACATGGTGAAACCCCATCTCTACTAAAAATACAAAAATTATCGGGGCATGGTGGCACACACCTGCAGTCCCAGCTACTCGCGGGGCTGAGGCACAAGAATCACTTGAACCTGGGAGGGGGAGGTTGCAGTGAGCAGAGATCATGCCACTGCACTCTA"
"chr1","1575336","1575633","chr6","35367989","35368287","42","33792653","GCTGGGTGCAGTAGCTCGCGCCTGTAATCCCAGCACTTTGAGAGACTGAGGCAGGTGGATCACCTGAGGTCAGGAGTTCAAGATCAGCCTGGCCAACATGGTGAAAGCCCGTCTCTACTACAAATACAAAAATTAGCCTGGCATGGTGGTGTACACCTGTAGTCACAGCTACTCAGGAGGCTGAGGCAGGAGAATTGCTTGAACCTGGGAGGCAAAGGTTGCAATGAGCCAAGATTGTGCCTCTGCACTCTAGGCCGGGGGAAAGAGCGAGATTCTATCTGAAAAAAATAAAAATAAA","GGGTGCGGTGGCTCACGCCTATAATCCCAGCACTTTGGGAGGCCAAGGCAGGCGGATCACCTGAGGTCAGGAGTTCAAGACCAGCCTGGCCAACATGGTGAAACCCCGTTTCTACTAAAAATACAAAAATTAGCTGGGCTTGATGGTGCACACCTGTAATCCCAGCTACTCAGGAGGCTGAGGCAGGAGAATTGCTTGCACCTGGGGAGGCAGAGGTTGCAGTGAGCCAAGATTGTGCCACTGCACTCGAGCCTGGGCGACAGAGCAAGACTCTGTCTCAAAAAAAAAAAAAAAAAAAA"
"chr1","1575713","1575837","chr1","34316226","34316351","19","32740513","GGCTGGGTGCAGTGGCTCACGCCAGTAATCCCAGCACTTTGGGAGGCTGAGGCAAGTAGATCACCTGAGGTTAGGAGTTCAAGACCAGTGTGACCACACAGTGAAATCCGTCTCTACTAAAAAAT","GGCCAGGCGCGGTGGCTCATGCCTGTAATCCCAGCACTTTGGGAAGCTGAGGTAGGTAGATCACATGAGGTCAGGAGTTCAAGACCAGCCTGGCCAACACAGTGAAACCCCGTCTCTACTAAAAGT"
"chr1","1575867","1576039","chrX","49106487","49106662","29","47530620","ACCGAGCATGGTGGCGCATGCCTGTAATCCCAGCTACTCAGGAGTCTGAGGCAGGAGACTCACTTGAACCCGGGAGCTGGAGGTGGCAGTGAGCCAAGATCATGCCAGTGCACTCCAGCCTGGGCGACAGGGTAAGACTCTGTGTCAAAGCAACAACAACAACAACAAAACAA","TTAGCCGGGCATGGTGGCCCATGCCTGTAGTCCCAGCTACTCAGGAGGCTGAGGCAGGAGAATCGATTAAACCCGGGAGGTGGAGGTTGCAGTGAGCCAAGATCGTACCACTGCACTCCAGCCTGGATGACAGAGCAAGACCCTGTCTCCAAAAAACAAAACAAAACAAAACAAAA"
"chr1","1576451","1576653","chr7","7584089","7584243","75","6007638","TTTTGCACAAATAAAGTAGAATGCTGAAAGATACCTGAGGAGGGCCGCTGATGAGAAACGTTCATATTGGCCGGACGCGGCGGCTTACGCCTGTAATCCCAGCACTTTGGGAGCCGAGGCAGGCAGATCACTTCAGCCCAGGAGTTCAAGACCAGCCTGGGCAACACAGGGAGACCTCGTCTCTACACAAAATAAAAAAAAGA","ACAGAAAATAAAGAAAATCAACAGCTGGGGATGGTAGCTCATGCCTGTAATCCCAGCATTTTGAGAGGCCAAGGCAGGCACATCATTTGATGCCAGGAGTTTGAGACCAGCCTGGCCAACATGTTGAAACCCCATCTCAAAAAAAAAAAAAAAAA"
"chr1","1576957","1577085","chr9","19020492","19020623","20","17443535","GGCCAGGTGTGGTGGCTCACACTTGTAATCTCAGCACTTTCGGAGGCCAAGGCGGGCTGATCAGCTGAGGTCAGGAGTTCGAGACCAGTCTAGCCAACATGGTGAAACCCCGTCTTAAAAGGAAAAAAA","GGCCAGGTGTGGTGGCTCACACCTATAATCTCAGCACTTTGGGAGGCCAAGGCAGGCAGATCACCTGAGGTCGGGAGTTCCAGACCAGCCTGACCAACATGGAGAAACCCCATGTCTACTAAAAATACAAAA"
"chr1","1607339","1607609","chr20","16006765","16007033","45","14399426","GGCTGGGCACGGTGACTCACGCCTGTGATCCCAGCACTTTGGGAGGCCGAGGCGGGTGGATCACCTGAGGTCAGGAGTTCATGGTGAAACCCCATCCCTAGTAAAAATACAAAAGTTAGCTGGGTGCAGTGGCATGCGCCTGTAATCCCAGCTACTCGGGAGGCTGAGGCAGAAGAATCACTTGAATCTAGAAGACGGAGGTCGCAGTGAGCCGAGATCGGGCCACCACACTCCAGCCTGGGTGACAGAGACTCTGTCTCAAAAAATAAAA","GGCTGGGCGCGGTGGCTCACACCTGTAATCCCAGCACTTTGGGAGGCTGAGGCGGGTGGATCACCTGAGGCCTATATGGTAAAACTCCATCTCTACTAAAATACAAAAGTTAGCCAGGGGTCGTGGCACACGCCTGCAATCCCAGCTACTCGGGAGGCTGAGGCAGGAGAATTGCTTGAACCCAGGAGGCGGAGGCTGCAGTGAGCCGAGATCATGCCACTGCACTCCAGCCTGGGTGACAAAGCAAGACTCTGTCTCCAAAACAAAAA"
"chr1","1611341","1611635","chr17","91103688","91103988","44","89492347","GGCGGGGCATGGTGGCTCATGCTTGTAATCCCAGCACTTTGGGAGGCCAAGGCGGGCAGATCACCTGAGGTCAGGAGTTCGAGACCAGCCTGGCCAACATGATGAAACCCCGTCTCTACCAAAAATACGAAAATTAGCCAGGCGCCTGTAATCCCAGCCACGCAGGAGGCTGAGGCAGCAGAATCACTTGAACCTGGGAGGCGGAGGTTGCCGTGAGCTGAGACTGCGCCTGCTCCAGCCTGGGTGACACAGCAAGACTCCGTCTCAAAAAGAATAGAAAAAAAAAAAACCAAAA","GGCTGGGCATGGTGGCTCATGCCTGTAATCCCAGCACTTTGGGAGGCTAAGGTGGGCAGATTGCCTGAGCTCAGGAGTTCAAGACCAGCCTGGGCAACATGGTGAAACCCCGTCTCTACTAAAAATACAAAAATTAGCCAGGTGCACCTGTAGTCCCTGCAACTCAGGAGGCTGAGGCAGAAGAATTGCTTGAACCCAGGAGGCGGAGGTTGCGGCGAGCTGAGATCGCACCACTGCACTCCAGCCTGGGTGACAGAGCAAGACTCCATCTCCAAAGGAAAGAAAGAAAGAAAGAAAGAAA"
"chr1","1614868","1615159","chr3","165070813","165071094","53","163455945","GGCCGGGCGAGGTGGCTCACGTCTGTAATCCCAGCATTTTGAGAGGCTGAGGCGGGCGGATCGCCTGAGGTCAGGAGTTCGAGACCAGCCTGGCCAACCTAGTGAACCCCCACCCCATCTCTACTAAAAATGCAAAAAAAAATTAACCCGGGTCTCGTGGCGCGTGCCTGTGGTCCCCGCTACTCGGGAGGTTGAGGCAGGAGAATCGCTTGAACCTTGGAGTCGAAGGTTGCAGTGAGGCGAGATAGCGCCGCTGCTCTCCGACCTGGGCGACAGTGAGAGACTCCATCTC","GGCCGGGTGTGGTGGCTCACACCTGTAATCCCAGCATTGTGGGAGGCCGAGGCGGGCAGATCGCCTGAGGTGAGGAGTTGGAGACCATCCTGGCCAACATGGTGAAACCCTGTCTCTACTAAAAATACAAAAATTACCTGGCTGTGGTGGTGAATGCCTGTGGTCTCAGCTACTCAGGAGGCTGAGGCAGGAGAATCGCTTGAACCCAGGAGATGGAGGTTGCAGTGAGCCAAGATGGTGCCACTGCACTCCAGCCTGGGTGACAGAGCGAGACTCCATCTC"
"chr1","1616104","1616254","chr17","30707769","30707930","32","29091665","NNNNNNNNNNNNNNNNNNNNATCCCAGCTACTCAGGAGGCTGAGGCAGGAGAATCACTTGAACCCAGGAGGCAGAGGTTGCAGTGAGCCGAGATCGTGCCACTGCACTCCAACCTGGGCGATGAGAGCAAAACTCCATCTCAAAAAAAAAA","GGNNNNNNNNNNNNNNNNNNNNAATCCCAGCTACTCGGGAGCTGAGGCAGGAGAATCACTTGAACCCGGGAGGCAGAGGTGGCAGTGAGCCAAGACTGTGTCACTGCACTCCAGCTTGGGCAACAGAGTGAGAGTTCGCCTCAAAAAAAAAAAAAAAAAAAA"
"chr1","1631188","1631495","chr10","12541086","12541391","31","10909898","GCCGGGCGTTGTGGCTCACGCCTGTAATCCCAGCACTTTGGGAGGCTGAGGTGGGCGGGTCACCTCAAGTCAGGTGTTCGAGACCAGCCTGGCCAACATGGTGAAATCCCATCTCTACTAAAAATACAAAAATTAGCCAGGTGTGGTGGCACATGCCTGTAATCCCAGCTACTCAGGAGGCTGAGGCAGGAGAATCACTTGAACTTGGGAGGCAGAGCTTGCAGTGAGCCTAGATCACACCACTGCACTCCAGCCTGGGCACAGAGCAAGACTCCATCTCAAAAAAAAAAAAAAAAAGAAAAACGAAA","GCTGGGTGTGGTGGCTCACTCCTGTAATCCCAGCACTTTGGGAGGCCGAGGCGGGTGGATCACCTGAGGTCAGGAGTTCAAGACCAGCCTGGCCAATATGGTGAAACCCCATCTCTACTAAAAATACAAAAATTAACCAGGTGTGATGGCACACAGCTGTAATCCCAGCTACTTGGGAGGCTGAGGCAGGAGAATCACTTGAACCTGGGAGGCAGAGGTTGCAGTGAGCCGAGATCGCGCCACTGCACTCCAGCCTGGGCGACAGAGCAAGACTCTATCTCAAAAAAAAAAAAAAAAAAAAAAAAA"
"chr1","1632461","1632749","chr10","37556074","37556363","33","35923613","GGCCAGGCACAGTGGCTTGCACCGGTAATCCCAGCACTTTGGGAGGCTGAGACGGGCAGATCACCTGACGTCAGGGGTTCAAGACCAGCCTGGCCAACATGGTGAAACCCCGTCTCTACAAAAATACAAAAATTAGCCGGGCATGGTGGTGCACGCCTGTAATCCCAGCTTCTTGGGAGGATGAGGCAGGAGAATCACTTGAACCCGGGAGGCGGAGGTTGCAGTGAGCCAAGATTGCGCCACTGCACTCCAGCTTGGGGGACAGAGCGAGACTCCGTCTCAAAAAAAA","GGCCGGGTGCAGTGGCTCACGCCTATAATCCCAGCACATTGGGAGGCTGAAGCGGGTGGATCACCTGAGGTCAAGAGTTCGAGACCAGCCTGGCCAACATGGTGAAACCCCGTCTCTACTAAAAATACAAAAATTAGCTGGGCATGGTGGTACGCACCTGTAATCCCAGCTGCTTGGGAGGCTGAGGCAGGAGAATCACTTGAACCCAGGAGGCAGAGGTTGCAGTGAGCCAACACTGTGCCACTGCACTCCAGCCTGGGTGACAGAGCAAGACTCCATCTCAAAAAAAA"
"chr1","1643886","1644165","chr7","68687687","68687968","40","67043801","GGCCGGGCGCTGTGGCTCACGCCTGTAATCCCAGCACTTTGGGAGGCCGAGGTGGATGGATTACCTGAGATCAGGAGTTCAAGACCAGCCTGGCCAACATGATGAAACCCCGTCTCTGCTAAAAATACAAAAAATGAGCCGGGTTCAGTGGTGTGCGCCTGTAACTCCAGCTCTGGAGGCTGAGGCAGGAGAATGGCTTGAACCCGGGAGGCGGAGCTTGCAGTGAGCTGAGATCACGCCACTACACTCCAGCCTGAGCTACAGAGTGAGACTTCGTCTC","GGCCGGGTGCAGTGGCTCACACCTGTAATCCCAGCACTTTGGGAGGCCGAGGCAGGTGGATTACCTGAGGTCAGGAGTTCAAGACCAGCCTGGCCAACATGGTGAAACCCTGTCTCTACTAAAAATACAAAAATTAGCTGGGCATGGTGGTGTGTGCCTGTAATCCCAGCTGCTTGGGAGGCTGAGGCAGGAGAATTGCTTGAGTCCGGGAGGTGGAGGTTGCAGTGAGCTGAGATTGCGCCATTGTGCTCCAGCCTGGGTGACAGAGCGAGACTCCTTCTC"
"chr1","1646875","1647011","chr8","98050124","98050252","20","96403249","AATCCCAGCTACTTGGGAGGCTGAGGCAGGAGAATCACTTGAACCCAGAAGGCAGAAGTTGCAGTGAGCTGAGATAGCGCCACTGCACTCCAGCCTGGGCCACAGAGCGAGACTCCACCTCAAGGGAAAAAAAAAAA","CAGCTACTTGGGAGGCTGAGGCAGGAGGATTGCTTGAACCCAGAAGGCGGAGGTTGTAGTGAGCTGAGATTGAGCACTGCACTCCAGCCTGGGTGACAGAGCGAGACTCCGCCTCAAAAAAAAAAAAAA"
"chr1","1663671","1663963","chr7","96880673","96880966","39","95217002","GGTTGGGCATGGTTGGCTCACGCCTGTAATCCCAGCACTTTGGGAGGCCGAGGCAAGCAGATCACCTGAGGCCAGGAGTTTGAGATCAGCCTAGCCAACAGGACGAAACCCCGTGTCTACTAAAAATAAAAAAATTAGCCGAGCATGTTGGCATGCGCTTGTAGTCCCAGCTGCTCAGGAGGCTGAAGCAGGAGAATTACTTGAACTGAAGCGGAGGTTGCAGTGAGCTGAGATCACGCCACTGCACTCCAGCCTGGGTAACAGAGTGAGACTCCGTCTCAAAGAGAAAAGAA","GGCTGGGCATGGTGGCTCATACCTGTAATCTCAGCACTTTGGGAAGCTGAGGCAGGCAGATCACCTGAGGCCAGGAATTTGAGATCAGCCTGGCCAACATGGTGAAACCCCGTCTCTACTAAAAATACAAAAAATAGCCTGGCATGGTGGCACATGCCTATAATCCTAGCTACTCTGGAGGCTGAGGCAGGAGAATCGCTTGAACCTAGGAGGCAGAGGTTGCAGTGAGCTGAGATCACGCCACTGCACTCCAGCCTGGGTGACAGAGTGAGACTCCGTCTCAAAAAAAAAGAA"
"chr1","1667960","1668256","chr1","826334","826624","31","841626","GGCCGGGTGCGGTCACTCACGCCTGTAATCCCAGCACTTTGGGAGGCTAAGTCGGGCAGATCACCTGAGGTCAGGAGTTCAAGACCAGCCTAGCCAACATGGTGAAACCCCATGTCTCTACTAAATATACCAAAATTAGCTGGGCGTGATGGCGCATGCCTGTAGTTTCAGCTACTTGAGTGACTGGGGCAGGAGAATCACTTGAACCCGGGAGGCGGAGGTTGCAGTGAGCTGAGATCACGCCACTGCACTCCAGCCTGGGCAACAGAGCGAGACTCCGTCTCAAAAGAAAACAAA","GGGTGCGGTCATTCACACCAGTAATCCCAGCACTTTGGGAGGCTAAATTGGGCAGATCACCTGAAGTCAGGAGTTCAAAACCAGCCTAGCCAACATGATGAAACTCCGTCTCTACTAAATATATCAAAATTAGCCGGGCATGATGGCGCCTGCCTGTAGTCCCAGCTATTCGGGTGGCTGAGGCAGGAGAATCACTTGAACCTGGGAGGCAGAGGTTGCAGTGAGCTGAGATCATGTCACTGCACTCCAGCCTGGGCAACAGAGCGAGACTCCGTCTCACAAGAAAACAAA"
"chr1","1669869","1670149","chr14","50426870","50427150","38","48757001","GGTCGGGCACAGTTGCTCACGTTTGTAATCCCAGCACTTTGGGAGGCTGAGGAGGGCAGATCACATGAGGTCAGGAGTTCAAGACCAGCCTGGCCAACATGGCGAAACCCTGTCTCTATTAAAAATACAAAAATTAGCCGGGCATGTAGTGCGTCTCTGTAATCCCAGCTACTCGGGAGGCTGAGGCAGAAGAATCGCTTGAACCTAGGAGGCGGAGGTTACAGTGAGCCAAAATCATGCCACTGGACACCAGCCTGGGCAACAGAGTGAGACTCTGTTTC","GGCTGGGCACAGTGGCTCACGCCTGTAATCCCAGCACTTTGGGAGGCTGAGGCAGGCAGATAACCTGAGGTCAGGAGTTCAAGACCAGCCTGGCCAACATGGTGAAACCCCGACTCTGCTAAAAATACAAAAAAATTAGCCAGGTGTAGTGGTGTGCACCTGTAACCCCAGCTACTTGGGAGGCTGAGGTAGGAGAATCGCTTGAACCTGGGAGGCAGAGGTTGCAGTGAGGCAAAATCATGCCACTGCACTCCAGCCTGGGCAATAGAGTGAGACTCTGT"
"chr1","1681603","1681911","chr1","841353","841664","29","840250","GGCTGGGTGCGGTGGCTCACACCTATAATCCCAGCACTTTGGTAGGCCGAGGTGGGTGGATCACCTGAGGTCAGGAGTTCGAGACCAGCCTGGCCAACGTGGTGAAACCCCATCTCTACTAAAAATACAAAAAATAGCTGGGTGTGGTGGCGCACGCCTGTAATCCCAGCTACTCAGGAGGCTGAGGCAGGAGAATCACTTGAACCCGGGAGGCGGAGGTTGCAGGGAGCCGAGACCGCGCCACTGCACTCCAGTCTGGGAAACAGAGCAAGACTCCATCTCAAAAAAAAAACAAAAATAATAATAAAA","GGCTGGACGCGATGACTCACACTTATAATCCCAGCACTTTGGGAGGCCGAGGTGGGTGGATCACCTGAGGTCAGGAGTCCGAGACCAGCCTGGCCAACATGGTGAAACCCCGTCTCTTCTAAAAATACAAAAATTAGCCGGGTATGGTGGCGCATGCCTGTAATCCCAGCTACTCAAGAGGCTGAGGCAGAAGAATCGCTTGAACCCAGGAGGCGGAGGTTGCAGGGAGCCGAGACCCCACCACAGCACTCCAGTCTGGGCAATAGAGCAAGACTCCATCTCAAAAAAAAAATAATAACAATAATAAATAAA"
"chr1","1687665","1687958","chr7","122016416","122016713","44","120328751","GGCCGGGTGTGGGGGGCTCATGCCTGGAATCCCAGCAGTTTGGGTGGCCGAGGCGGGTGGATCACCTGAGGTCAGGAGTTCGAGACCAGCCAGGGCAACATAGTGAAACCCCATCTCTACAAAAAATATAAAAATTAGCTGGGTGTGGTGGTGTGTGCCTGTATTCCCAGCTACTCAGGAGGCTAAGGTCAGAGAATCCCTTGAACCCGGGAGGCAGAGGATCCAGTGAGCCAAGATTGTGCCACTGCACTCCAACCTGGGCGTCAGAGTGAGACCCTGAAAAATAAAAAAAAA","GGCCAGGCATGGTGGCTCATGCCTGTAATCTCAGCACTTTGGGAGGCCAAGGAGGGTGGATCACCTGAGGTCAGGAGTTCGAGACCAGCCTGGCCAACATGGTGAAACCTGTCTCTACTAAAAATACAAAAATTAGCTGGGTATGGTGGTTTTGCCTGTAATCCCAGCTACTCAGGAGGCTGAGGCAGGAGAATCACTTGAACCCAGGAGGTGGAGGTTGCAGTGAGCCAAGATTGTGCCACTGCACTCCAGCCTAGGTGACAGAGTGAGACTCTGTCTCGAATAAAATAAAATAAAA"
"chr1","1693590","1693879","chr1","853160","853444","30","840430","GCCAGGTGCAATGGCTCAAGCCTATAATCCCAGCACTTTGAGAGGCTGAGGCAGGTGGATCACCTGAGGTTAGGAGTTCGAGACCAGCCTGGCCAACGTGGTGAAACTCCGTTTCTACTAAAAAATACAAAAATTAGCCAGGTGTGGTGATGCGTGCCTGTAATCCCACATACTCGGGAGGCTTAGGTGGGAGAACGGCTTGAACCTGGGAGGCGGAGGCTGCAGTGAGCAGAGATCGTGCCACTGCACTCCAGCCTGGGTGACAGAATGAGGCTCCATCTCAAAAAAAA","GCCAGGTGCAATGGCTCATACCTGTAATCCCAGCACTTTGAAAGGCTCAGGCAGGTGGATCACCTGAGGTTAGGAGTTCGAGACCAGCCTGGCCAACGTGGCAAAACCCCATTTCTACTAAAAAATACAAAAATTAGCCAGGTGTGGTGACGTGTAATCCCAGCTACTCGGGAGGCTGAGGTGGGAGAATGACTTGAACCCGGGAGGCGGAGGCTGCAGTGAGTGGAGATCATGCTACTGCACTCCAGCCTGGGTGACAGAGCGAGACTTCATCTCAAACAAAAA"
"chr1","1701937","1702241","chr1","863983","864306","48","837954","GGCCGGGCCCAGTGGCTAACCCCTGCAATCCCAGCACTTTGGGAAGCTGAGGCAGGCAAATCACCTGAGGTCAGGAATTGGAGACCAGCATGGTCAACATGGTGAAACCCCATCTCCACTAAAAATAAAAATAAAAAAATTAGCCAGGCATGGTGTCACAAGCCTGTAATCCCGGTTACTCAGGAGGCTTAGACAGGAGAATCGCTTAAACCCGGGAGGTGGAGGTTGCAGTGAACCGACATCATTCCACTGCATTCCAGCCTAGGTGACAGAGCAAGATTCTGTCTCAAAACAAAAACACAAAA","GGCCGGGCCCAGTGGCTAACCCCTGTAATCCCAGCACTCTGGGAAGCTGAGGCAGGCAAATCACCTGAGGTCAGGAATTGGAGACCAGCATGGCCAACATGGTGAAATCCTACCTCCACTAAAAATACAAAAAAAAAAAAAAAAATTAGCCAGACGTGGTGTCACAAGCCTGTAATGCCAGTTCCTCAGGAGGCTTAGACAGGAGAATCGCTTGAACTTGGGAAGCGGAGGTTGCAGTGAGCTGAGATCACACCACTGCACTCCAGCCTGGCTGACAGAGCAAGACTCTGTCTCAAAAAAAAAAAAAAAAAAAAAAAAAACAAA"
"chr1","1704747","1705026","chr16","10710589","10710878","39","9005842","GGCCAGGCTCAGTGGCTCAGGCCTGTAATCCCAACACTTTCGGAGGCTGAAACAGGCGGATTACCTGAGGTCAGGAGTTTGAGACCAGCCTGGCCAACATAGTGAAACCCCATCTCTACTAATAAATAATAAAAGGCATGGCGCGTGCCTGTAATCCCAGCTACTCAGGAGGCTGAGGCAGGAGAATCGCTGGAACCTGGGATGCAGAGGTTGCAGTGAGCCAAGATCATGCCACTGCACTCCAGCCAGGGTGACAGAGTGAGAATCTGTCTCAAAAAAA","GGCCAGGTGCAGTGGCTCACGCCTGTAATCCCAGCACTTTGGGAGGCCAAGGCAGGTGGATCACCTGAGGTCAGGAGTTTGAGACCAGCCTGACCAACATAGTGAAACCCCGTCTCTACTAAGAATACAAAAATTAGCTGGGCGTGGTGGCATGCATCTTTAATCCCAGCTACTCAGGAGGCTGAGGCAGGAGAATCGCTTGAACCTGGGAGGCAGAGGTTGCAGTGAGCCAAGATCGTGCCATTGCACTCCAGCCTGGGTGACAGAGTAAGACTCTGTCTAAAAAAAAA"
"chr1","1705573","1705697","chr5","48394329","48394446","21","46688756","GGCGGAGCGTGGTGGCTCACGCCTGTAATCCCAGCACTTTGGGAAGGTGAGGCGGGTGGATCACCTGGGGTCAGGAGTTTCAAGACCAACCTGGCCACCTTGTCTCTATTAAAAATACAAAAATT","GGCTGGGTGCAGTGGCTCATGCCTGTAATCCCAGCACTTTGGGAGGTCAAGGCGGGTGGATCACCTGAGGTCAGGAGTTCAAGACCAGCCTGGCCAACATCTCTACTAAAAATACAAA"
"chr1","1707354","1707459","chr13","43952738","43952844","16","42245384","TCCCAGTGCTTTGGGAGGCCGAGGCGGGTGGATCACCTGAGGTCATGAGTTCGAGACCAGCCTGGCCAACATGGTGAAACCCTCTCCACCAAAAATACAAAAATTA","CCCAGCACTTTGAGAGGCCGAGGCGGGTGGACCACCTGAGGTCAGGAGTTCGAGACCAGCCTTGCCAACATGGCAAAGCCCCGTCTCTACTAAAAATACAAAAAATT"
"chr1","1715896","1716018","chr13","92115891","92116014","18","90399995","GTGCAGTGGCTCACACCCGTAATCCCCGCACTTTGGGAAGCCGAGGTGGATGGATCACCTGAAGCCAGGAGTTCAAGATCAGCCTGGCCAACACGGTGAAACCCCATCTCTACTAAAAATACA","GGGGGCAGTGGCTCACGCCTGTAATCCCAGCACTCTGGGAAGCCAAGGCAGGTGGATCACCTGAGGTCAGGAGTTCAAGACCAGCCTGGCCAACATGGTGAAACCCCGTCTCTACTAAAAATGC"
"chr1","1732016","1732288","chr5","140003061","140003335","31","138271045","ATTTTAGCACTTTGGGAGGCAGAGGTGAGTGGATTACCTGAGGTCAGGAGTTCGAGACCAGCCTGGCCAACACGGTGAAACCCCGTCTCTACTAAAAATACAAAAATTAGCCGGGCATGGTGGCACACGCCTGTAGTCCCAGCTACTTGGGAGGCTGAGGCAGGAGAATCACTTGAACCCGGGAGGCAGAGGTTGCAGTGAGCCAAGATTGCACCACTGCACTCCAGCCTGGGTGACAGAGCGAGACTCTGTCTCGACAAAAAAAAAAAAAAA","TATAATCCTAGCACTTTGGGAGGCCAAGGCGGGTGGATCACCTGAGGTCAGGAGTTCGAGACCAGCCTGGCCAACATGGCGAAACCCCGTCTCTACTAAAAATACAAAAATTAGCCAGGCCTGGTGGCACGTGACTGTAATCCCAGCTACTCGGGAGGCTGAGGCAGGAGAATCACTGGAACCTGGGAGGCAGGGGCTGCAGTGAGCCGAGATCGCGCCACTGCACTCCAGCCTGGGCAACAGAGCGAGACTCAGTCTCAAAAAAAAAAAAAAAA"
"chr1","1735984","1736118","chr7","67248169","67248300","20","65512185","CACCTGTAATCCCAGCTACTCAGGAGGCTGAGGCAGAAGAATTGCTTGAACCCCAGAGGCAGAGGTTACAGTGAGCCAAGATGGTGCCACTGCACTCCAGCCTGGGCGACAGAGCAAGACTCCATCTTAAATAAA","TGTAATCCCAGCTACTCAGGAGGCTGAAGCAGGAGAATTGCTTGAACCCAGGAGGCGGAGGTTGCAGTGAGCTGAGATCATGCCATTGCATTCCAGCCTGGGTGACAGAGCAAAACTCCATCTTAAAAAAAA"
"chr1","1736617","1736922","chr1","901108","901414","36","835509","GGCCGGGCGTGGTGGCTCACGCGTGTCTGTAATCCTAGCACTTTGGGAGGCTGAGGCGGGCGGACTGCCTAAGCTCAGGAGTTGGAGACCAGCCTGGGCAACACGGTGAAACCCCGTCTCTACCAAAGTACAGAGAAAGCCGGGCGTGGCAGTGTGCACCTGTAGTCCCAGCTACTCGGGAGGCTGAGGCAGGAGAACTGCTTGAACCTTGGAGGCAGAGGTTGCAGTGAGACGAGACTGCACCACTGCACTCCAGCCTGGGAAGCAGAGCAAGACTCCATCTAAAAAAAAAAAAAAAGTCAAAAA","GGCCGGGCTTGGTGGCTCATGTCTGTCTGTAATCCTAGCACTTTGGGAGACTGAGGCGGGCAGATTGCCTGAGCTGAGGAATCGGAGACCAGCCTGGGCAACACAGTGAAACCTCGTCTCTACTAAAGCACCGGGAAAGCCAGGCGTGGTGGCATGCACCTGTAGTCCCAGTTACTTGGGAGGCTGAGGCAGGAGAACTGCTTGAACCTGGGAGGCAGAGGTTGCAGTGAGATGAGATTGCACCACTGCACTCCAGCCTAGGCAACAGAGCAAGACTCCATCTCTTAAAAAAAAAAAAAAAAAAAAA"
"chr1","1749241","1749375","chr5","47669988","47670124","24","45920747","CCTATAATCCCAGCTACTCGGGAGGCTGAGACTGGAGAATCACTTGAACCCGTGAGATGGTGGTTGCAGTGAGCCGAGATTGCGCCACTGCACTCCAGACTGGGTGGCTGAGTGGGACTCTGTCTCAAAAAAAAA","CTGTAATCCCAGCTACTCTGAAGGCTGAGGCAGAAGAATCACTTGAACCCAGAAGGCGGAGGTTGCAGTGAGCCAAGATGGCGCCACTGCACTCTAGCATGGGTGACAGAGTGGGACTGTGTCTCAAATAAAAAGAA"
"chr1","1767523","1767790","chr1","139650554","139650817","40","137883031","GGCCAGGTGCGGTGACTCACGCCTGTAATCCCAGCACTTTGGGAGGCCGAGGCGGACAGATCCCCTGAAGTCAGGAATTCAAGACCACCCTGGCCAACATGGCAGAACCCTGCCTCTACTGAAAATACAAATATTAGCCGGGCATGGTGGCACGCGCCTGTAATCCCAGCTACTCGGGAGGCTGAGGCAGGAGAATCACTCGAACCTGGGAGGCAGAGGTTACAGTGAGCTGAGACTGCGCCACTGCACTGCAGCCTGACGACAGAGC","GGCCGGGCGCGGTGGCTCATGCCTGTAATCCCAGCACTTTGGGAGGCCGAGGTGGGTGGATCACCTGAGGTCAGGAGTTTGAGACCAGCCTGGCCAACGTGGTGAAAACCCCGTCTCTACTAAAAATGCAAAAATTAGCCGGGCGTGGTGGTGCGCGCCTGTAATCCCAGCTACTCGGGAGGCTGAGGCAGGAGAATCACTTGAACCCGGGAGGCAGAGGTTGCAGTGAGCCGAGACCATGCCACTGCACTCCAGCCTGGGCAA"
"chr1","1797957","1798202","chr3","43311153","43311399","34","41513196","GGCCGGGAGCGGTGGCTCACGCCTGTAATCCCAGCACTTTGGGAGGCCAAGGTGGGCAGATCACCTGAGGTCAGGAGTTTGAGACCAGCCTGGCTAATATGGTGAAACCCTGTCTCTACTAAAAATGCAAAAATTAGCCAGGTAAGGTGGTGCACACCTGTAATCCCAGCTACTCTCCTGAAGCAGGAGAGTCGCTTGAACCCAGGAGGCAGAGCTTGCAGTGAGCCGAGATTGCACCACTGCACT","GGCCAGGTGCAGTGACTCACGCCTGTAATCCCAGCACTTTGGGAGGCCGAGGTGGGCAGATCACCTGAGATCGGGAGTTCGAGACCAGCCTGGCCAACCTGGTGAAACTGTCTCTACTAAAAACACAAAATTAGCCAGGCATGGTGGTGCGTGCCTGTAATCCCAGCTACTCAGGAGGCTGAGGCAGGAGAATCGCTTGAACCCAGGAGGCGGAGGTTACAGTGAGCCAAGATCGCACCACTGCACT"
"chr1","1837887","1838186","chr9","12540416","12540718","39","10702529","GGCTGGGTGCAGTGGCTCACGTATGTAATCCCGGCACTTTGGGAGGCTGAGGCGGGCAGATCATCACCTGAGGTCAGGAGTTCAAGACCAGCCTGGTCAACATGGTGAAACCCCATCTCTACTAAAAATACAAAAATTAGCCGGGCATGGTGGCGCATGCCTGTAAACCCAGCTACTCAGGAGGCTCAGGCAGGAGAATCGCTTGAACCCGGGAGGCGGAGCAGTGAGCCGAGATCGCGCCACGGCACCCCAGCCTGGGCGACAGAGCAAGGCTCCATCTTAAATAAATAAATAATAAAA","GGCCGGGCGCAGTGGCTCATGCCTGTAATCCCAGCACTTTGGGAGGCCGAGGCGGGTAGATCATCTGAGGTCAGGAGTTCAAGACCAGCCCGGTCAACATGGTGAAACCCCATCTCTACTAAAAATACTGAAATTAGCTAGGCGGGGTGGCGCATGCCTGTAATCCCAGCTACTCAGGAGGCTGATGCAGGAGAATCGCTTGTACCCAGGAGGCGGAGGTTACAGTGTGCCGAGATCGCGTCACTGTACTCCAGCCTGGGTGACAGAGCAAGACTCCATCTCAAAAAATAAAATAAAATAAAA"
"chr1","1841917","1842164","chr10","84559895","84560138","39","82717978","CCTGAGGTCAGGAGTTTGAGACCAGCCCGGCCAACATGGTGAAACCCCGTCTCTACTAAAAATACAAAAACTAGCTGGGCGTGGTGGCGCATGCCTGTAATCCCAGCTATTCAAGAGGCTGAGGCGGGAGAATCGCTTGAACCCGGGAGGTGGAGTTTGCAGTGAGCTGAAATCATGCCACTGCACTGGCATGAGAGAGCGGAGAGAGCGAGACTCATTTTAAAAGAAATAAAAATAAGAAGAAAAGA","CCTGAGGTCAGGAGTTTGAGACCAGCCTGGCCAACATGGTGAAACCCTGCCTCTACTAAAAATACAAAAACTAGCTGGGTGTGGTGGCACACGCCTATAATCCCAGCAACTCAGGAGGCTGAGGCAGGAGAATCACTTGAACCTGGGAGTCAGAGATTGCAGTGAGCTGAGATCATGCCACTGCATTCCAGCCTGGGCAAAAAGGCGAGACTCCATCTCAAAAAAAAAAAAAAAAAAAAAAAAA"
"chr1","1849277","1849483","chr13","19997932","19998136","27","18148655","GGCTGGGCCCAGTGGCTCATGCCTATAATCCCAACACTTTGGGAGGCCAAGGCCGGTGGATCACCTGAGGTCAGGAGTTCAAGACCAGCCCAGGCAACATAGCGAAACCCTGTCTCTACTAAAAATACAAAAATTAACTGGGCGTGGTGGTGCATGCCTGTAATCCCAGCTACTCGGGAGGCTGAGGCAGGAGAATCGCTGGAGCCC","GGCCAGGCTCAGTGGCTCATGCCTGTAATCCCAGCACTTTGTGAGGCCAAGGCGGGAGGATCACCTGAGGTCAGTAGTTCAAGACCAGCTCGGCCAACATGGTGAAACCTTGTCTCTACAAAAATACAAAAATTAACTGGGCATGATGGCGGGTGCCTGTAATCCCAGCTACTCAGGAGGCTGAGGCAGGATAATTGCTTGAACC"
"chr1","1861372","1861679","chr13","65670526","65670833","46","63809154","GGGCAGGCACAGTGGTTCACACCTGTAATCCCAGCACTTCGGAAGGCTGAGGCGGGCGGATTACCCGAGGTCTTGAGTTTGAAACCAGCCTGGCCAACATGATGAAACTCCGTCTCTATTAAAAATACAAAAATTAGCCAGGCGTGGTGGCCTGTGCCTGTAATCCCAGCTGCCCAGGAGGCTGGGGTACAAGAATTGCCTGACCCCGGGAGGCAGAGGTTGCAGTGAGCCGAGATCGTACCTCTGCACTCCAGCGTGGGCGGCAGAGTGAGACTCTGCCTCAAAAAAACAAAAACAAATCAAAAAAA","GGCCAGGCACGGTGGCTCACACCTATAATCCCAGCACTTTGGGAGGCAGAGGCTGGCGGATCACCTGAGGTCAGGAGTTCGAGACCAGCCTGGCCAACATGGTGAAACTCCGCCTCTACTAAAAACACAAAAATGAGCCAGGCGTGGTGGCTTGCGCCTGTAATCCCAGCTACTCAGGAGGCTGAGGCAGGAGGATTACTTGAACCCTGGAGGCAGAGGTTGCAGTGAGCTGAGATCATGCCACTGCACGCCAGCCTGGGCAACAGAGCGAGACTCTGTCTCAAAAACAAAACAAACAAACAAAAAAA"
"chr1","1875519","1875845","chr1","36811370","36811680","68","34935851","GCCGGGCGTGGTGGTGCCAGCCTGTAATCCCAGCTACTCAGGAGGCTGAGGCAGGAGAATCANNNNNNNNNNNNNNNNNNNNAGGTCAGGAGTTCGAGACTATCCTGTCAACATCGGTGAAACCCTGTCTACTACTAAAAAATACAAAAATCAGCCGGGTGTGGTGGCGCACACCTGCAGTCCCAGCTACCCCAGAGGCTGAGGCAGGAGAATCGTTTGAACCCGGGAGGTGGAGGTTGCAGTGAGCCAAGATTGCGCCACTGCACTCCAGCCTGAACAACAGAGCGAGACTCTGTCTCAAGACAAACAAGCAAACAAAAAACAAAA","GCTGGGCGTGGTGGCTCACACCTGTAATCCCAGCACTTTGGGAGGCTGAGGCGGGCGGATCACCTGAGGTCAGGAGTTCGAGACCAGCCTGGCCAACATGGTGAAACCCCATCTCTACTAAAAATACAAAAATTAGCCAGGCATGGTGGCGCACGTCTGTAATCCCAGTTACTCTAGAGGCTGAGGCAGGAGAATCGTTTGAACCTGGGAGGCGGAGGTTGCAGTGAGCTGAGATTGTGCCACTGCACTCCAGCCTAGATGACAGAGCAAGACTCTGTCTCAAAAAACAAACAAACAAACAAAAAAGAGAA"
"chr1","1876492","1876760","chr8","142242840","142243113","31","140366348","GGCCGGGCGCGGTGGCTCACGCCTATAATCACAGCACTTTGGGAGGCCAAGGCAGGTGGATCACCTGAGGTCAGGAGTTCGAGACCAGCCTGGCCAACATGGTGAAACCCCTGTCTACTAAAATACAAAAACTAGCTGGGCGTGGTGGCGCATGCCTGTAATCCCAGCTACTCGAGAGGCTGACACAGGAGAATCACTTGAACCTAGGAAGCAGAGTTTGCAGTGAGCCAAGATCACACTACTGCACTCCAGCCTGGGCAACAGAGCGA","GGCCGGGCGCTGTGGCTCACGACTGTAATCCCAGCACTTTGGGAGGCCAAGGCAGGTGGATCACCTGAGGTCAGGAGTTCGAGACCAGCCTGGCCAACATGGTGAAACCCCGTGTCTACTAAAAATACAAAAATTAGCCAGGCGTGGTGGCATGCGCCTGTAATCCCAGCTACTCGGGAAGCTGAGGCAGGAGAATCGCTTGAACCCAGGAAGCGGAGGTTGCAGTGAGCCGAGATTGCGCCGCTGCACTCCAGCCTGGGCGACAGAGCGAGAC"
"chr1","1905513","1905731","chr1","85926312","85926528","27","84020799","GGCCGGGCACACTGGCTCACGCCTGTAATCCCAGCACTTTGGGAGGCCGAGGCAGGTGGATCACCTGAGGTCAGGAGTTTGAGACCAGCCTGGCCAACATGGCGAAACCCTGTCTCTACTAAAAATAACAAAAATTAGGCAGGCGTAGTGGCATGCGCCTGTAATCCCAGCTACTCAGGAGGCTGAGGCTGGAGAATTGCTTAAAACTCTGAAGTGGAG","CCGGGCACGGTGGCTCACGCCTGTAATCCCAGCACTTTGCGAGGCCAAAGCGGGTGGATTACCTGAGGTCAGGAGTTCAAGACCAGCCTGGCCAACATGGTGAAACCCTGCCTCTAGTAAAAATACAAAAATTAGCCAAGTGTGGTGGCATGCACCTGTAATCCCAGCTACTCAGGAGGCTGAGGCAGGAGAATTGCTTGAACCTGGGAGGTGGAGG"
"chr1","1930808","1931057","chr1","1101257","1101506","26","829551","GGCCGGGAGCAGCAGCTCATGCCTGAAATCCCCACACGTTGGGAAGCCAAGGTGGGTGGATCATCTGAGGTCAGGAGTTCGGGACCAGCCTGGCCAACATGTGAAACCACATCTCTACTAAAATTACAAAAATCAGCTGGGTGTGATGGCATGTGCCTGTAATGCCAGCTACTCAGGAGGCTGAGGCAGGAGAATCACTTGAACCCAGGAGGCAGAGGTTGACATGAGCTGAGATCGAGCCACTGTACTC","GGCCAGGTGCGGTGGCTCACGCCTGTAATCCCCACACTTTGGGAGGCCAAGGTAGGTAGATCATCTGAGGTCAGGAGTTCGGAACCAGCCTGGCCAACACGCAAAACCACGTCTCTACTAAAAGTACAAAAATCAGCTGGGCATGATGGCGCATGCCTGTAATGCCAGCTACTCAGGAGACTGAGGCAGGAGAATCACTTGAACCCAGGAGGCAGAGGGTGACATAAGCTGAGATCGAGCCACTGCACTC"
"chr1","1941048","1941343","chr14","15756054","15756351","37","13815006","GGCCAGGCACAGTGGCTCACGCCTGTATTACCAGCACTTTGGGAGAGGTGGGGGATCACCTGAGGTCAGGAGTTCAAGACCAGCCTGGCCAACATGGAGAAACCCCGGCTCTACTAAAAATACAAAAATTAGCTGGGCGTGGTGGTGCGCGCCTGTAATCCCAGCCATTCAGGGGGCTGAGGCAGGAGAATCGCTTGAATCCGGGAGGCAGAGGTCACAGTGAGTCGAGATTGCGCCACTGCACTCCAGCCTGGGCAACAGAGTGAGACTCCATCTCGAAAAAAAAAAAAAGGAAA","GGCCGGGCGCAATGGCTCACACCTGTAATCCCAGCACTTTGGGAGGCCGAGGTGGGCGGATCACCTGAGGTCAGGAGTTCAAGCCAGCCTGGCCAACATGGTGAAACCCCATCTCTACTAAAAATACAAAAATTAGCCAGGCGTGGTAGCGCATGCCTGTAATCCCAGCTACTCAGGAGGCTGAGGCAGGAGAATCACTTGAATCCAGGAGGCGGAGGTTGCAGTGAGCCGAGATCACGCCACTGCACTCCAGCCTGGGCAACAGAGTGAGACTCTGTCTCAAAAAAAAAAAAAAAAA"
"chr1","1982315","1982612","chr1","1159625","1159918","29","822690","GGCCAGGCATGGTGGCTCACACCTGTAATCCCAGCACTTTGGGAGGCCAAGGCGGGCGGATCACCTAAGGTCAGGGGTTCAAGACCAGCTTGGCCAACATGGTGAAACCCTGTCTCTACTAAAAATACAAAAATTAATCAGGCGTGGTGGCACACATCTGTAATCCCAACTACTCAGGAGGCTCAGGCAGGAGAATCGCTTGAACCAGGGAGGCAGAGGTTGCAGTGAGCCCAGATCGGGCCACTGAACTCCACTCCAGCCTGGGTGACAGAGTGAGACTCCAAAAAAAAAGGAATAA","GGCCAGGCATGGTGGCTCACACCTGTAATCCTAGCACTTTGGGAGGCTAAGACGGGCGGATCACCTAAGGTCAGGGGTTCAAGACTAGCGTGGCCAACATAGTGAAACCCCGTCTCTACTATAAATACAAAAATTAATTGGGCTTGGTGGCGCACACCTGTAATCCCAGCTACTCAGGAAGCTGAGGCAGGAGAATCACTTGAACCAGAGAGGCGGAGGTTGCAGTGAGCCGAGATCCTGCCACTGTACTCCAGCCTGGGTGACAGAGTGAGACTCCAAAAAAAAGGGAAATAA"
"chr1","1985108","1985369","chr1","1162004","1162257","24","823104","GCCAGGCGCAGTGGCTCACGCCTGTAATCCCAACACTTTGGGAGGCTGAGGCAAGCGGATCACCCAAGGTCAGGAGTTCGAGACCAGCCTGGCCAACGTGGCAAAACCCCGTCTCTAATAAAAACATAAAAATTAGTGGGGCGTGGTAGTGTGACCCTGTAATCCCAGCTGCTTGGGAGGCTGAGGCAGGAATATTGCTTGAACCTGGGAGGCGGAGGTTGCAGTGAGCCGAGAGCGTGCCATTGCCATCCTGGGCAATAAA","GCCAGGCGCAGTGGCTCATGCCTGTGATCCCAACACTGTGGGAGGCTCAGGCAACCGGATCACCCGAGGTCAGGAGTTCGAGACCAGCCTGGCCAACATGGCAAAACCCTGTAATAAAAATATAAAAATTAGCGGGGTGTGGTGGTGTGAGCCTGTACTCCCAGCTACTTGGGAGGCTGAGGCAGGAAAATTGCTTGAACCTGGGAGGCGGAGGTTGCAGTGAGCCGAGAGCGTGCCATTGCCATCCTGGGCAA"
"chr1","1993339","1993476","chr5","57402354","57402485","26","55409015","GGCCGGGCACAGTGGCTCATACCTGTAATCTCAGCACTTTGGGAGGCCGAGGTGGGCATATCGCCTGAGGTCAGGCGTTGGAGACCAGCCTGGGCAACACAGGTTGGGGCAACTCCCTTCCCTAATAAAAGTTCAAAA","GGCCAGGCACAGTAGCTCACACCTGTAATTCCAGCACTTTGGGAACCTGAGGTGGGCAGATCACCTGAGGTCGGGAGTTTGAGACCAGCCTGGCCAACAAGGGGAAACCCCATCTCTACTAAAAATACAAAA"
"chr1","2012817","2013112","chr1","1196629","1196938","31","816188","GGCCGGGCGCAGTGGCTCACACCTATAATCCCAGCACTTTGGGAGGCCGAGACAGGTGGATTACCTGAGGTCAGGAGTTCAAGACCAGCCTGAACAATATGGTGAAACCCCAACTCTACTAAAAATACAAAAATTAGCCAGGTGTGGTGGCGCACACCTCTAATCCCAGCTACTCAGAGGCTGAGACAGGAGAATCGCTTGAACCAGGGAGGCGGAGATTGCAGTGAGCCGAGATCACGCTACTGCACTCCAGTCTGGGTGACCAAATGAGACTCTGTCTTTAAAAAATAATAAAA","GGCCAGGCATGGTGGCTCACACCTATAATCCCAGCACTTTGGGAGGCCAAGACGGGTGGATTACCTGAGGTCAGGAGTTCAAGACCAGCCTGACCAATATATGGTGAAAACCCAACTATACTAAAAATACAAAAATTAGCCAGGTGTGGTGGCGCACACCTCTAATCCCAGCTACTCAGAGGCTGAGACGGGAGAATCACTTGAACCTGGGAGGCGGAGATTGCAGTGAGCCGAGATCACACTACTGCACTCCAGCATGGGTGACCGAATGAGACTCTGTCTTAAAAAAGGAATAAAATATACAAATAAA"
"chr1","2028098","2028403","chr1","1217420","1217730","28","810678","CTGGGCGCGGTGGCTCACGCCTGTAATCCCAGCATTCTGGGAGGCCAAGGCAAGCAGATCACCTGAGGTCAGGAGTTCGAGACCATCCTGGCCAACATGGTGAAACCTCATCTCTACTAAAGATACAAAAATTACCCAGGGCTGGTGGTGTGCACCTGTAATCTCAGCTACTCGGGAGGCTGAGGGCAGGAGAATCGCCCGAACCCAGGAGGCACAGGCTGCAGTGAGCTGAGATTGTGCCACTGCACTCCAGCCTGGGCGACAGAGGAAGACTCCGTCTCAAAGAATAAAATAAAAATACAAAAA","CTGGGTGCGGTGGCTCACGCCTGTAATCCCAGCATTCTGGGAGGCCAAGGCTGGAGCAGACCACCTGAGGTTAGGAATTCAAGACCATCCTGGCCAACATGGTGAAATCCCGGTCTCTACTAAAGATACAAAAATTACCCAGGGCTGGTGGTGTGCACCTGTAATCCCAGCTACTCGGGAGGCTGAGGGATGGAGAATCGCCTGAACCCAGGAGGTGGAGGCTGCAGTGAGCTGAGACTGCGCCACTGCACTCCAGCCTGGGCAACAGAGCAAGACTCCGTCGCAAAGAATAGAACAAAAATACAAAAAAA"
"chr1","2052745","2053034","chr16","5048763","5049058","30","2996018","GCCGGGCGCGGTGGCTCACACCTGTAATCCCAGCACTTTGGGAGGCCAAGACGGGCGGATCACCTGAGATCAGTTCAAGACCAGCCTGACCAACATGGTGAAACCCTGTCTCTACTAAAAATACAAAAATTAGCCGGGTGTGGTGGCGCCTGTAATCCCAGCTACTCGGGAGACTGAGGCAGGAGAATCGCTTGAACCCGGGAGGCAGATGTTGCAGTGAGCCGAGATCATGCCACTGCACTCCAGCCTGGGCGACAGAGCGAGACACCGTCTCGAAAAAAAAAAAAAAA","GGCCGGGCGCGGTGGCTCACACCTGTAATCCTAGCACTTTGGGAGGCCGAGGTGGGCGGATCACCTGAGGTCGGGAGTTCAAGACCAGCCTGGCCAACATGGTGAAACCCCGTCTCTACTAAAAATACAAAAATTAGCTGGGCGTGGTGGCGTATACCTGTAATCCCAGCTACTCGGGAGGCTGAGGCAGGAGAATCACTTGAACCCGGGAGGCAGATGTCGCAGTGAGCCAAGATCGCACCATTGCACTCCAGCCTGGGCAACAGAGCGAGACTCCGTCTCAAAAGAAAAAAAAA"
"chr1","2062919","2063218","chr20","42256252","42256545","37","40193333","GGCTGGGCACGGTGGCTCACACCTGTCAAATCTCAGCACTTTGGAAGGCCAAGGCGGGTGTATCACCTGAAGCCAGAAGTTCAAGACCAGCCTGACCAACATGGTGAAACCCCATCTCTAACTAAAAATACAAAATTTAGCCGGGCGTGGTGCCGTGCGCCCATAGTCCCAGTTATTTGGGAGGCTGAGACAGGAGAATTGCTTGAACCTGGGAGGCGGAGGTTGCAGTGAGCCAAGATTGTGCCACTGCACTCCAGCCTGGGTGACAGAGCAAAAACTCCAACTCAAAAAAAACAAAAA","GACCAGGCACAGTGGCTCACGCCTGTAATCCCAGCACTTTGGGAGGCTAAGGCCGGTGGATCACCTGAGGTCAGGAGTTCAAGACCAGCCTGACCAACATGGTGAAACCCCATCTCTACTAAAAATACAAAATTAGCCGGGTGTGGTGGCGTGTGCCTGTAGTCCCAGCTACTCAGGAGGCTGAGGCAGGAGAATCCCTTGAACCTGGGAGGCGGAGGTTGCAGTGAGCCAAGATCGTGCCACTGTACTCCAACCTGGGTGACAGAGCAAGACTCCATCTCAAAAAAAAAAGAA"
"chr1","2079902","2080202","chr1","1270348","1270648","27","809554","GGCTGAGGGCAGTGGCTCACACCTGTAATCCCAGCACTTTGGTAGGCTGAGGTGGGCGGATCACCTGAGGGCAGGAGTTTGAGACCAGCCTGGTGAAACCCTGTCTCTACTAAAAATACACAAATTAGCCAGGTATGGTGGCATGTGCCTACAGTCCCAGCTACTCAGGAGGCTGAGGCAGGAGAATCACTTGTACCCAGGAAGCAGAGGTTGCAGTGAGCTGAGATCGCGCCACTGCACTTCAGCCTGGGTGACAGCGAGACTCCATCTCAAAAAAATAAATAAAAATAAATAACAAAGA","GGCTGGGGGCAGTGGCTCACACCTGTAATCCCAGCACTTTGGTAGGCTGAGGCGGGCGGATCACCTGAGGGCAGGAGTTCGAGACCAGCCTGGTGAAACCCCATCTACTAAAAATACAAAAATTAGCCGGGTATGGTAGCATGTGCCTATAGTCCCAGCTACTCGGGAGGCTGAGGCAGGAGAATCACTTGTACTCAGGAAGTGGAGGTTGCAGTGAGCTGAGATTGCGCTAGTGCACTTCAGCCTGGGCAATAAAGCAAGACTTCATCTCAAAAAATAAAATAAAAATAAATAACAAAGA"
"chr1","2083923","2084210","chr4","46517171","46517466","38","44433248","GGCCGGGCGCGGTGGCTCACGCCTGTAATCCCAGCACTTTGGGAGGCTATGGCGGGCGAATCACCTGAGGTTGGGAGTTCAAGACCAGCCTGGCCAACATGGTGAAACCCCGTCTCCTACTAAAATACAAAACTTAGCCGGGTGTGGTGGTACATGCCTGTAATCCCAGCTACTCAGGAGGCTGAGGCAGGAGAATCACTTGAACCTGGGAGGCAGAGGTTGCGGTGAGCCGAGATCATGCCATGCACTCTAGCCTGGGCACAGAGAANCNCTAAAAAAAAAAAGAGA","GGCTGGGTTCAGTGGCTCACGCTTGTAATCCCAGTACTTTGGGAGGCTGAGGCGGGCGGATCACCTGAGGTCAGGGGTTCAAGACCAGCCTGGCCAACATGGTGAAACCCCTTCTCTACTAAACATACAAAAATTAGCCGGGTGTGGTGGTGCATGCCTGTAATCCCAGCTACTCAGGAGGCTGAGGCAGGAGAATCACTTGAACTTGGGAGGTGGAGGTTGCAGTGAGCCGAGATCATGCCACTGTACTCTAACCTGGGTGATAGAGTGAGACTCCATCTCAAAAAAAAAAAAAA"
"chr1","2085203","2085511","chr10","63477993","63478300","36","61392790","GGCCAGGCACAGTGGCTCACGCCTGTAATCTCAGCACTTTGGAAGGCCAAGGCGGGCGGATCACCTGAGGTCAGGAGTTTGAGACCAGCCTGGCCAACATGGTGAAACCCCGTCTCTACTAAAAATACAAAAATCAGCCTGGTGTGATGGCGCATGTCTGTAATCCCAGCTACTCGGGAGGCTGAGGCATGAGAATCACTTGAATGCAGGAGGCTGAGGCTGCAGTGAGCCGAGATCGTGCCATTGCACTCTAGCCTGGATGACAAAGCGAGACTCTGTCTCAAAAATAAAGTAATAAAATAAAATAAA","GGACAGGCACAGTGGCTCATACCTGTAATCCCAGCACTTTGGGAGGCTGAGGCAGGCGGATCACCTGAGGTCAGGAGTTTGAGACCAGCCTGGCCAACATGGTGAAACCCCATCTCTACTGAAAGTATAAAAATTAGCCAGGAGTGGTGGCGCATGCCTGTAATCCCAGCTAGTCGGGAGGCTGAGGCATCAGAATCACCTGAATGCAGGAGGCAGAGGTCGCAGTGAGCCGAGATTGTGCCACTGCACTCCAGCCTGGGTGACAGAGTGAGACTCTGTCTCAAAAAACAAACAAACAAAAAAATAAA"
"chr1","2108151","2108456","chr1","1299641","1299936","34","808510","GACCAGGTGCAGTGGCTGACGCTTGTAATCCCAGCACTTTAGGAGGCCAAGGCAGGCAGGTCACATAAGTTCAAGAGTTCAAGACTAGCCTGGCCAACATGGTGAAACCCCATCTCTACTAAAAATACAAAAATCAGCCGGGCGTGGTGGCACATGCCTTTAGTCCCAGCTACTTGGGAGGCTGAGACAGGAGAATCGCTTGAGCCCAGGTGATGGAGGCTGCAGTGAGCTGAGATCGTGCCACTGCACTCCAGCCTGGGCGACAGAGCGAGAGGCTATCTCAAAAATAAATGAATAAAAATAGAA","GGCCAGGTGCAGTGGCTGATGCTTATAATCCCAGCACTTTAGGAGGCCAAGGTGGGTAGGTCACATAAGGTCAAGAGTTCAAGACTAGCCTGGCCAACATGGTGAAACCCTGTCTCTACAAAAAATACAAAAATTAGCCGGGCGGGGTGGCACATGCCTTTAGTCCCAGCTACTTGGGAGGCTCAGACAGGAGAATCACTTGAGTCCAGGAGGTGGAGGCTGCAGTGAGCCAAGATCGTGCCACTGCACTCCAGCCTGGGTGATAGAGCAAGATGCTGTCTCAAAAATAAATAAAA"
"chr1","2120953","2121244","chr3","176257352","176257651","41","174136399","GCCAGGCACGGTGGCTCACGCCTGTAATCCCAGCACTTTGGGAGGCCAAGGTGGGTAGCTCACAAGGTCAGGAGTTCAAGATCAGCCTGACCAACAAACCCTGTCTCTACTAAAAATTAAAAAATTAGCCGGGCATGGTGGCAGCCGCCTATAATCCCAGCTACTCAGGAGGCTGAGGCAGGAGAATCCCTTGAACCTGGGAGGCAGAGGTTGCAGTGAGCCAAGACCACGTCACTGCACTCCAGCCTGGGTGACAGACCGAGACTCTGACTCAAAAACAAAAACAAAAAAA","GGCCAGGCACAGTGGCTCATGCCTGTAATCCCAGCACTTTGGGAGGCCAAGGTGGGTAGGTCACCTGAGATCAGGAGTTCAAGACCAGCCTGGCCAACATGGTGAAACCCTGTCACTACTAAAAATACAAAAATTAGCTGGGCATGGTGGCGCATGCCTGTAATCCCAGCTACTCAGCAGGCTGAGGCAGGAGAATCACTTAAACCCAGGAGGCGGAGGTTGCAGTGAACCGAGACCATGCCACTGCACTTCAGCCTGGGTGACAGATTGAGACTGTGTCTCAAAAAAAAAAAAAAAAAA"
"chr1","2224442","2224755","chr8","129162500","129162803","47","126938058","GGCCAGATGTGGTGGCTCACCCCTGTCATCCCAGCACTTTGGGAGGCCGAGGCGGGTGGATCTCCTGAGGTCAGGAGTTTGAGACCAGCCTGGCCAACATGGCGAAACCCCATCTCTACTAAAAATACAAAAAGTAGTCAAGTGTGGTGGCAGCACCTGTAATCATCCCAGCTCCTTGGGAGGTTGAGGCAAGAGAATCGCTTGAACCCAGGAGGCGCAAGCTGCAGTGAACCAGGATCATGCCACTGCACTCCAGCCAGGGTGACAGAGAGAGACTCCGTCTCAAAAAAAAAAAGGGAAACAAAAGAAGAAGA","GGCCAGGTGCGGTGGCCCACACCTGTAATCCCAGCACTTTGGGAGGCCGAGGTGGGTGGATCACCTGAGGTCAGGAGTTTGAGACCAGCCTGGCCAACATGGTGAAACCCCATCTCTACTAAAAATACAAAAAATTAGTTGGGTGTGGTGCTGCATGCCTGTAATCCCAGCTACTCAGGAGGCTGAGGCAGGAGAATCGCTTGAACCCAGAATGTGGAGGATGCAGTGAGCCAAGATCATGCCATTGCACTCCAGCCTGGGTGACAAGAGTGAGACTCCGTCTCAAAAAAAAAAAAAAAAAAAA"
"chr1","2226123","2226407","chr12","101488838","101489123","35","99262715","GCTGGGCGCAGTGGCTCACACCCGTAATCCCAGCACTTTGGGAGGCCAAGGTTGGCAGATCACCTGAGGTTAGGAGTTTGAGACCAGCCTGGCCAACATGTCAAAACCCCATCTCTACTAAAAATACAAAAAATTAGCTGGGTGTGGTGGCATGTGTCAGTCATCCCAGCTACTTGGGAGGCTGAGGCAGGAGAATCATTTGAACCTGGGAGGTGGAGGTTGCAGTGAGCCGAGATTGTACTACTGCACTCCAGCCTAGGAGACAGAGCGAGACTCTGTCTCAAA","GGCTGGGCACAGTGGCTCCCGCCTGTAATCCCAGCACTTTGGGAGGCCGAGGCGGGCAGATCACCTGAGGTCAGGAGTTGGAGACCAGCCTGGCCAACATGGTGAAACCCCATCTCTACTAAAAATACAAAAATTAGCTGGGTGTGGTGGCACGTGCCTGTGATTCTAGCTACTAGGGAGGCTGAGGCAGGAGAATCGCTTGAACCCAGGAGGTGGAGGTTGCAGTGAGCTGAGATCGCACCACTGCACTCCAGCCTGAGTGACAGAGCAAGACTGTGTCTCAAAA"
"chr1","2251805","2252116","chr1","1440911","1441222","23","810894","GGCCAGGCATGGTAGCTCACGCTTGTAATCCCAGCACTTTGGGAGGCCAAGGCAGGCGGATCACCTGAGATGAGGAGTTTGAGACCAGCCTTGGCAAAATGGTGAAACTCCATCTCTACTAAAAATACAAAAATGGCTGGGCATGGTGGCACACACCTGTAATCCCAGCTACTCAGGAGGCTGAGGCAAGAGAATCACTTGAACCCAGGAGGCAGAGGTTGTAGTGAGCCGAGATCGTGCCACTGCACTCCAGCCTGGCGACAGAGCGGGACTCCGTCTCAAAAGCAAAGCAACAACAACAAAAAAACAAAA","GGCCAGGCATAGTGGCTCATGCTTGTAATCCCAGCACTTTGGGAGGCTGAGGCAGTCGGATCACCTGAGGTCAGGAGTTTGAGACCAGCCTGGGCAAAATGGTGAAACTCTATCTCTACTAAAAATACAAAAATGGCTGGGCATGGTGGCACACGCCTGTAATCCCAGCTACTCAGGAGACTGAGGCAGGAGAATCACTTGAACCTGGGAGGCAGAGGTTACAGTGAGCTGAGATCATGCCACTGCACTCCAGCCTGGCGACAGAGCGGGACTCCGTCTCAAAAACAAAGCAACAACAACAACAACAAAAAA"
"chr1","2256032","2256303","chr1","1446330","1446615","28","809702","GCCTGTACTTCCAGCACTTTGGGAGGCCGAGGCGGGTGGATCACCTGAGGTCAGGAGTTCGAGACCAGTGTGGCCAACATGGCGAAACCCCGTCTCTACTAAAAAATACAAAAATTGGCCGGGGGTGGTGCCTCCTGTAGTTCCAGCTACTCGGGAGGCTGAGGCAGGAGAATCGCTTGAACCCAGGAAGCGGAGGTTGCAGTGAGCCGAGATCGCGCCGCTGCACCCCAGCCTGGGCGACAGAGCAAGACTCAGTCTCAAAAAAAAAAAGA","GCCTGTCACTCCCAGCACTTTGGGAGGCCGAGGCGGGCGGATCACCTGAAGTCAGGAGTTCGAGACCAGTCTGGCCAACATGGCGAAACCCCGTCTCTACTAAAAAAATACAAAAATTAGCCGAGCGTGGTGCCGCCTGTAGTTCCAGCTACTCAGGAGGCTGAGGCAGGAGAATCCCTTGAACCCAGGAAGCGGAGGTTGCAGTGAGCCGAGATCGCGCCACTGCATCCCAGCCTGGGCGACAGAGCAAGACTCCGTCTCAAAAAAAGAAAAAAAAAAAAAAAAA"
"chr1","2264273","2264576","chr1","1455121","1455416","28","809152","GTCGGGTGTGGTGGCTCACGCCTGCAATCCCAGCACTTTGGGAGGCCAAGGCGGGTGGATCACCTGAGGTCAGGAGTTCAAGACCAGCCTGGCCAACATGGTGAAACCTCGTCTCTACTGAAAATACAAAAATTAGCCAGGCATGGTGGCACATGCCTGTGATCCCAGCTGCTCGGGAAGCTGAAGTAAGAGAATCACTTGAACCCGGGAGGTGGAGGTTGCAGTGAGCCAAGATCAGGCCACTGCACTCCAGCCTGGGCGACAGAGTGAGACCCCATCTCAAAACAATAAATAAAAATATAAA","GTCGGGTGTGGTGGCTCATACCTGTAATCCCAGAATTTTGGGAGGCCAAGGTGGGTGGATCACCTGAGGTCAGGAGTTCAAGACGAGCCTGGCCAACATGGTGAAACCCCGTCTCTACTAAAAATACAAAAATTAGCCAGGCGTGGTGGCGCATGCCTGTGATCCCAGCTGCTCGGGAAGCTGAGGTAAGAGAATCGCTTGACCCCGGGAAGTGGAGGTTGCAGTGAGCCGAGATCACGCCACTGCACTCCAGCCTGGGTAACAGTGAGACCCCGTCTCAAAAAAATAAATATAAA"
"chr1","2286741","2287027","chr1","1476749","1477052","35","809992","GGCCAGATGCAGTGGCTCACGTCTGTAACCCCAGCACTTTGGGAGGCCAAGGAGGGTGGATCATCTGATGTCAGGAGTTCGAGACCAGCCTGGCCAACATGGTGAAATTCCGTCTCTACTAAAAATACAAAAATTAGCCAGGCGTGGTGGCGCATGCCTGTAATCTCAGCTACTCAGGAGGCTGAGGCAGGAAAACTGATTGAACCCGGGAAGCAGAGGTTGCAGTGAGCCGAGATCGCACCACTGCACTCCAGCCTGGGTGAGACTCTGTCTCAAAAAAAAAAAAA","GGCCAGATGCAGTGGCTCACACCTGTAATCCCAGTACTTTGGGAGGCCAAGGAGGGTGGATCATCTGATGTCAGGAGTTCGAGACCAGCCTGGCCAACATGGTGAAACCCCGTCTCTACAAAAAATACAAAAATTAGCCGGGCGTGGTGGCGCATGCCTGTAATCTCAGCTACTCAGGAAGCTGAGGCAGAAGAATCGATTGAACCCAGGAGGCAGAGGCTGCAGTGAGCCAAGATCGCACCACTGCACTCCAGCCTGGGCGACAGAGTCAGACTCTGTCTCAAAAAAAAAAAAAAAAAAAAAA"
"chr1","2287475","2287775","chr1","1477549","1477852","28","809926","GGCCAGGCGCAGTGGTTCACGCCTATAATCCCAGCACTTTGGGAGGTCAAGGCAGGAGGATCACCTGAGGCCAGGAGTTTGAGACCAGCCTGGCCAACATGGTGAAACCCCGTCTCTACTAAAAATACAAAAATTAGCTGGGCGTGGTGGCGCATGCCTGTAATCTCAGCTACACAGGAGGCTGAGGCGGGAGAATTGCTTGAACCTGGGAAGCAGAGGCTGCAGTGAGCCAAGATCATGCCACTACACTCCAGCCCAGGCGATGGAGCAAGACTTTATCTCAAAAAAGAAGAAAAGAAAA","GGCCAGGCATGGTGGTTCACACCTGTAATGCCAGCACTTTGGGAGGTTGAAGCAGGAGGATCACCTGAGGCCAGGAGTTTGAGACCAGCCTGGCCAACATGGTGAAACCCCGTCTCTACTAAAAATACAAAAATGAGCTGGGCATGGTGGCGCATGCCTGTAATCTCAGCCACTCAGGAAGCTGAGGCAGGAGAATTGCTTGAACCTGGGAAGCAGAGGCTGCAGTGAGCCGAGATCATGCCACTACACTCCAGCCTGGGCAACGAAGCAAGACTTCATCTCAAAAAAAAAAAAAGAAAAAAAA"
"chr1","2443952","2444250","chrX","134977768","134978064","30","132533816","GGCCAGGCAAGGTGGCTCACGCCTGTAATCCCAGCACTCTGGAAGGCCAAGGTGGGTGGATCACCTGAGGTCAGGAATTCGAGACCAGCCTGGCCAACATGGTGAAACCCCATCTCTACTAAAAATACAAAAATTAGCCAGGCATGGTGGTGCACACCTGTAATCACAGCTACATGGGAGGCTGACGCAGGAGAATCCCTTGAACCCAGGAGGCAGACGTTGCAGTGAGCCAAGATGGCACAACTGCACTCCAGCCTGGAGAAAGAGTGAGACTCCATCTCAAAAAAAAAAAAGAACAA","GGCCGGGCACGGTGGCTCACGCCTGTAATCCCAGCACTTTGGGAGGCCGAGGTGGGTGGATCATCTGAGGTCAAGAGTTCGAGACCAGCCTGGCCAACATGGTGAAACCCCATCTCTACTAATAATACAAAAATTAGCCTGGTCTGGTAGTGCACACCTGTAATCCCAGCTACTCGGAGGCTGAGGCAGGAGAATCACTTGAACCCAGGAGGCAGAGGTTGCAGTCAGCTGAGATCACACCACTGCACTCCAGCCTGGGTGACAGAGTGAGACTCCATCTCAAAAAAAAAAAAAAAA"
"chr1","2453165","2453472","chr1","1657814","1658118","35","795351","GGCCAGGTGTGGTGGCTCATGCCTATAATTCCAGCACTTTAGGAGGCTGTGGTGGGTGGATCACCTGAGGTCAGGAGTTCAACACCAGCCTGGCCAACATGGTGAAACCCCGTCTCTACTAAAAATACAAAAATTAGCCAGGTGTGGTGGTGCGCGCTTGTAGTCCTACTTGGGAGGCTGAGGCAGGAGAATCGCTTGAACCTGGGAGGTGGAGGTTGCAGTGAGCTGATACTGTGCCACTGCACTCCAGCCTAGGCGACAGAGCAAGAATCCGTCTCAAAAAAAAAAAAAAAAAAAAAGAAAAAGAA","GGCCAGGCACGGTGGCTCACGCCTGTAATCCCAGCACTTTAGGAGGCCGTGGAGGGTGGATCACCTGAGGTCAGGAGTTCAATACCAGCCTGGCCAACACGGTGAAACCCTGTCTCTACTAAAAATACAAAAATTAGCCGGGTGTGGTGGTGCGTGCCTGTGGTCCCAGCTACTTGGGAGGCTGAGGCAGGAGAATCGCTTGAACCTGAGAGGCGGAGGTTGCAGTGACTGAGACTGTGCCACTGCATGCCAGCCTGGTGACAGAGCAAGAATCCATCTCAAAAAAATAAAAAATAAAAAGAAAA"
"chr1","2454899","2455203","chr19","4795768","4796069","38","2340869","GGCCGGGCGCGTTGGCTCACGTCTGTAATCCCAGCACTTTGGGAGGCCGAGATGGGCGGATCACCTGTAGTCAGGAGTTCGAGACCAGCCTGGCTAACATGGTGAAACCTTATCTCTACTAAAGATACAAAAATTAGCTGGACGTGGTGGAGCATGCCTGTAATCCCAGCTACTCGGGAGGCTGAGGCAGGAGAATCACTTGAACTTGGGAGGCAGAGGTTGCAATGAGCCAAGATCATGCCACTGCCTTCCAGCCTAGGCGACAGAGTGAGACTTCGTCTCAAAATAAAATAAAATAAATAAAA","GGCCGGGCACGGTGGATCATGCCTGTAATCCCATCACTTTGGGAGGCCAAATTGGGAGGATCACCTGTGGTCAGGAGTTCGAGACCAGCTAGCTAACATGGTTAAACTCCCTCTCTACTAAAAATACAAAAATTAGCTGGGCATGGTGGTGCATGCCTGTAATCCCAGCTACTCGGGAGGCTGAGGCAGGAGAATCACTTGAACTTAGGAGGCAGAGGCTGCAATGAGCCAAGATCACGCCACTGCACTCCAGCCTGGGCGACAGAGTGAGACTCCATCTCAAAAAACAACAACAACAAGAA"
"chr1","2471831","2472143","chr6","169714085","169714396","40","167242254","GGTCAGCCACAGTGGCTCACGCCTGTAATCCCAACACTTTGGGAGGTCGAGGCGGGCAGATCACCTGAGGCCAGGAGTTCAAGGCCATGCTGGCCAACATGGTGAAACTCTGTGTCTACTAAAAATGCAAAAATTAGCTGGGTGTGGTGGCGCATGCCTGTAGTCCCAGCTACTTGGGAGGCTGAGGCATGAGAATCGCTTGAACCTGGGAGGCAGAGGTTATGGTGAGCTGAGATCACTCCACTGCACTCCAGCCTGGGCAACAGAGCAAGACTTTGTCTACAAAAAAAAAAAAAAAAAAAAAAGAATAAAA","GGCCAGGCACAGTGACTCACGCCTGTAATCCCAACACTTTGGGAGGCCGAGGTGGGTGGATGACCTGAGGTCAGGAGTTCGAGACCAGCCTGGCCAACATGGTGAAACCCTGTCTCTACTAAAAATACAAAAATGACCTGGATATGGTGGTGCACGCCTGTAATCACAGCTACTTGGGAGGCTGAGGCAGGAGAATTGCTTGAACCCAGGAGATAGAGGTTGCAGTGAGCCGAGATCACACCACTGCACTCCAGCCTGGGCAACAGAGCAAGACTCTGTCTCAAAAAAAAAAAAAAAAAAAAAGAAAAAGAA"
"chr1","2472232","2472533","chr1","213733726","213734025","41","211261494","GGCCAGGCATGGTGGCTCATGTCTGTAATCCCAGCACTTTGGGAGGCCGAGGCAGGTGGATCACCTGAGGTCAGGAGCTTGAGACCAGCCTGGCCAACATGGTGAAACCCTGTCTCTACTAAAAATACAAAAACTAGCTAGGTGTGTTAGCACATGCCTGTAATCTCAGCTACTAGGGAGGCTGAGGCAGCAGAATTGCTTGAACCCAGGGGTCAGAGGTTGCAGTGACCCAAGATTGCGCTGCTGCACTTGAACCTGGGCAACAAAGCGAGACTCTGTCTCAAAAATAAATTTTAAAAAAA","GGCCAGGCGTGGTGCCTTATGCCTGTAATCCCAGCACTTTGGGAGGCCGAGGCGGGCGGATCACCTGAGGTCAGGAGTTCGAGACCAACCCGGCCAACATGGCAAAACCCTGTCTCTATTAAAAATACAAAAATTAGCTGGGTGTGGTGGCACATGCCTGTAATCTCAGCTACTCAGGAGGCTGAGGCAGGATAATTGCTTGAACCCGGGAGGCGGAGGTTGCAGTGAGCTGAGATTGCACCACTGCACTCCAGCCTGGGCAACAGAGCAAGACTCTGTCTCAATAAATAAATAAATAAA"
"chr1","2671178","2671467","chr1","1826688","1826988","33","844490","GGCCAGGCGCAGTGGCTCATGCCTGTAATCCCAGCACTTTGGGAGGCCAAGGCGGGTGCATCACCTGAGGTCAGGAGTTCAAGACCAGCTTGACCAACGTGGTGAAACCCCATCTCTACTAAAAATACAAAAAATTAGCTGGGCGTGGTGGTGCATGCCTGTAATCCCAGCTACTCGGGAGGCTGAGGCAGGAGAATAACTTCAACTCAGAAGGCAAAGGTTGCAGTAAGCCAAGATTGCACCACTGCACTCCAGCCTGGGCGACAGAGCAAAACTACGTCAAAAAAAAA","GACCAGGGGCAGTGGCTCTCGCCTGTAATCCCAACACTTTGGGAGGCCAAGGTGGGTGCATCACCTGAGGTCAGGAGTTCAAGACCAGCTTGACCAACATGGTGAAACCCCATCTCTACTAAAAATGCAAAAAATTAGCTGGGCATGGTGGTGCACGCCTGTAATCCCAGCTACTCGGGAGGGTGAGGCAGGAGAGTCACTTCAACTCGGAAGGCAGAGGTTGCAGTGAGCCAGGATTGCACCACTGCACTCCAGCCTGGGTGACAGAGCAAAACTCAAAAAAAAAAAAAAAAAAAAAAAA"
"chr1","2755970","2756257","chr1","1912616","1912913","30","843354","GGCCAGTCATGGTGGCTCATGCCTGTAATCCTAGCACTTTGGGAGGCCGAGGCAGGTGGATTACCTGAGGTCAGGAGTTCAAGACCAACCTGGCCAACATGGCAAAACCCAATCTCTACAAAAATACAAAAATTAGCTGGGCATGGTGGCACACACCTGTAATCCCAGCTACTCAGGAGGCTGAGGTGGGAGAATCACTTGAACCCCAGAGGCAGAGGTTACTGTAAGCCGATATCACACCACTGCACTCCAGCCTGGGCAACAGAGTGAGATTCTGTCTCAAACAAA","GGCCAGGCATGGTGGCTTATGTCTGTAATCCCAGCACTTTGGGAGGCCAAGGCAGGTGGATTACCTGAGGTCAGGAGTTCAAGACCAACCTGGCCAACATGGCCAAACCCCATCTCTACAAAAATACAAAAATTAGCTGGGCATGGTGGCACACACCTGTAATCCCAGCTACTCAGGAGGCTGAGGTGGGAGAATCACTTGAACCCAGAAGGCAGAGGTTACTGTGAGCCAAGATCATACCACTGCATTTCCAGCCTGGGTGACAGAGTGAGATTCTATATTAAAAAAAAATAGAGAA"
"chr1","2806268","2806440","chr15","1194324","1194491","23","1611944","GGCTGGGCGCGGTGGCTCACGCCTGTAATCCCAGCACTTTGGGAGGCAGAGGCGGGCAGATCACCTGAGCTCAGGAGTTCAAGACCAGCCTGGCCAACATGGTGAAACCCCATACTCTAACTAAAAACACAAAAATTAAGGGCTAGGGCACGGGGCTCATGCCTGTAATCCCA","GGCTGGGCACGGTGGCTCACGCCTGTAATCCCAGCACTTTGGGAGGCTGAGGCAGGTGGATCACCTGAGGTCAGGAGTTCAAGACCAACCTGGCCAACATGGTGAAACACCATCTCTACTCAAAGTACAAAAAATTAGCCAGGCATGGTGGCGCATGCCTGTAATCCC"
"chr1","2807255","2807413","chr13","25597519","25597673","25","22790264","GCTGGGCTTGGTGGCACAGTGCCTGTAATCCCAGCCACTCAGGAGGCTGAGGCAGGAGAATCGCTTGAACCCAGGAGGTGGAGGCTGCAGGGAGCTGAGATCACGCCACTGCACCTCAGCCTGGGCAACAGAGAGAGACTCTTTACAAAAAAAAAGAAA","GCCAGGCATAATGGCACACGCCTATAATCCCAGCTACTCAGGAGAATGAGGTGGGAGAATCGCTTGAACCCAGGAGGTGGAGGTTGCAGTGAGCTGAGATCACACCACTGCACCAACCTGGGCAACACAGAGAGACTCCATTTAAAAAAAAAGAA"
"chr1","2886388","2886674","chr3","166005666","166005965","37","163119278","GGCACGGTGGCTCATGCCTGTAATCCCAGCACTTTGGGAGGCCAAGGTGGGTGGATCACCTGAGGTCAGAAGTTCAAGACCAGCCTGGCCAACATGGTGAAACCCCATCTCTACTAAAAATACAAAAATTAGCTGGGTGCGGTGGCATGTGCCTGTAACCCCAGCTACTCAGGAGGCTGAGGCAAAAGAATCGCTTGCACCTGGGAGGCAGAGATTGCAGTGAGATTGCGCCATTCCACTCCAGCCTGGGTGACAGAGTGAGACCCCATCTCCAAAAAATAAATAAA","GGCCAGGCATGGTGGCTCACACCTGTAATCCCAGCACTTTGGGAGGCCAAGGTGGGTGGATCACCTGAAGTCAGGAGATCGAGACCAGCCTGGCCAACATGGTGAAACCCCATCTCTACTAAAAATACAAAAATTAGCTGGGTGTGGTGGCATGCACCTGTAATCCCAGCTACTTAGGAAGCTGAGGCAAGAGAATCGCTTGAACCCAGGAGGCGGAGATTGCAGTGAGCCAAGATCGCGCCATTGCACTCCAGCCTGGGCGACAGAGTGAGACTCCATCTCAAAAAAAAAAAAAAAAAA"
"chr1","2942714","2943000","chr4","129330527","129330815","35","126387813","GCCGGACGCGGTGGCTCAAGCCTGTGATCCCAGCACTTTTGGAGGCCGAGGCAGGAGGATCACCTGAGGTCAGGAGTTCGAGACTGGCCTGACCACAGTGATGAAACCCCGTCTCTACTAAAAATACAAAAATTAGCTGGGCGTGGTGGTGCACACCTGTAATCCCAGCTACTCAGGAGGCTGAGGCAGGAGAATCCTTGAACCCGGGAGGTAGAGACTGCAGTGAGCGGAGATTGCGCCACTGCACTCCAGCCTGGGTGACAGAGCAAGACTCCATCTCACAAAAA","GGCCGGGAGCAGTGGCTCACACCTGTAATCCCAGCACTTTTGGAGGCCAAGGCAGGTGGATCATCTGAGGTCAGGAGTTTGAGACCAGCCTGGCCAGCATGGTGAAATCCTGTCTCTACTAAAAATACAAAAATTAGCTGGGCGTGGGGTGCACACCTGTAATCTCAGCTACTCGGGAGGCTGAGGCACGAGAATCGCTTGAACCTGGGAGGTGGAGGTTGCAGTGAGCCGAGATTGCACCACTGCACTCCAGCCTGGGTGACAGAACAAGACTCAGTCTCAAAAAAAA"
"chr1","3149385","3149692","chr2","150947481","150947785","33","147798096","GGCTGGGTGTGGCGGCTCAGGCCTGTAATCCTAGCACTTTGGCAGGCCGAGGTGGGTGGATCACCTGAGGTCAGGAGTTTGAGACCAGCCTGGCCAACTTAGGGGAAACCCCGTCTCTACTAAAAATACAAAAATTAGCCAGGCGTGGTGTTGCGTGCCTGTAATCTCAGCTACTCAGGAGGCTGAGGCAGGAGAATCGCTTGAATCCAGGAGGCAGAGGTTTCAGTGAGCCGAGATTGCACCACTGCACTCCAGCCTGGGTGACAGGGCGAGACTCTGCCTCAAAAAAAAAAACAAACAAAAAAAAA","GGCTGGGAGCAGTGGCTCCCGCCTGTAATCCCAGCACTTTGGCAGGCCAAGGTGGGTGGATCACGTGAGGTTAGGAGTTCGAGACCAGCCTGGCCAACATGGTGAAACCCTGTCTCTACTAAAAATACAAAAATTAGCCAGGCGTGGTGGTGCGTGCCTGTAGTCCCAGCTACTCAGGAGGCTGAGGCAGGAGAATTCTTTGAACCCAGGAGGCAGAGGTTGCAGTGAGCCGAGATTGTACCACTCCACTCCAGTCTGGGTGACAGAGGGAGATTCAGTCTCAAAAAAAAAAAAAAAAAAAAAAA"
"chr1","3176407","3176704","chr1","2331497","2331784","42","844910","GTCGGGCACGGTGGCTCATGCCTATAATCCCAGCACTTTGAGAGGCTGAGGCGGGTGGATCACCTGAGGTCAGGAGTTCAAGACCAGGCTGGCCAACATGGGGAAACCCCGTCTCTACTAAAAATACAAAAGTTAGCTGGGTGTGGTGGTATGCAGCTACTTGGGAGGCTGAGGCACAAGAATTGCTTGTACCTGGGAGGAAGAGGCTATAGTGAGCCGAGATTGCGCCACTGCACTCCAGCCTGGGAGACAGAGTGAGAGACTGTCTCAAAAAAAAAAACACACACACAAAAAACAA","GTCGGGCGTGGTGGCTCACGCCTGTAATCCCAGCACTTTGAGCGGCCGAGGCGGGCGGATCACCTGAGGTCAGGAGTTCAAGACCAGCCTGGCCAACATGGGGAAACCCTGTCTCTACTAAAAATACAAAAGTTAGCTGGGCATGGTGGTGTGCAGCTACTTGGGAGGCTGAGACGCAAGAATCACTCGTACCCAGGAGGCAGTGGCTATAGTGAGCCGAGATTGTGCCACTGCATACCAGCCTGGGTAACAGAATGAGAGACTCTGTTTCAAAAAAAAAAAAAAAAA"
"chr1","3238897","3239194","chr1","2395060","2395364","32","843837","GGCCGGGTGGGGTGGCTCACGCCTGTAATCCCAGCACTTTGGGAGGCCGAGGCAGGTGGATCACCTGAGGTTGGGAGTTCGAGACCAGCCTGACCAACGTGGTGAAACCCCATCTCTGCTAAAAATACAAAAATTAGCCAGGCATGGTGGAGCACGCCTGCAATCCCAGCTACCCAGGAGGCTGAGGCAGGAGAATCACTGGAACCTGGGAAGCAGAGGCTGCAGTGAGCTGAGATCACCCCACTGCACTCCAGCCTGGGCCACAGAGCGAGACTCCCTCAAAAAAAGAAAAATAAAA","GGCCGGGTGCAGTGGCTCACACCTGTAATCCCAGCACTTTGGGAGGCCGAGGTGGGAGGATCACCTGAGGTCGGGAGTTCGAGACCAGCCTGATCAACATGGTGAAACCCCATCTCTACTAAAAATACAAAAATTAGCCAGGCGGGGTGGAGCGTGCCTGTAATCCCAGCTACCCAGGAAGCTGAGGCAGGAGAATTACTGGAACCCGGGAAGCAGAGGCTGCAGTGAGCCGAGATTACGCCACTGCACTCCAGCCTGGGCCACAGAGAGAGACTCTGTCTCAGAAAAAGAAAAGGAAAAGAAAA"
"chr1","3453860","3454169","chr19","5831566","5831872","57","2377706","GGCTGGGCACAGTGGCTCACGTCTGTAATCCTAGCACTTTGGGAGGCCGAAGTGGGTGGATCCCGTGAGGTCAGGAGTTCAAGACCAGCCTGGCTAACATGGCAAAACCCTGTCTCTACTAAAAAAAGTAATAATAATACAAAAATTAGCTGGACGTGGTGGTGCATGCCTGTAACTCCAGGAGGCTGAGGCAGGAGAATCACTTGAACCCGGGAGGCAGAGTTTGCAGTGAGTCGAGATCGTGCCACTACACTCTAGCCTTGAGCGACGGAGTGGAACTCTGTCTCAAAAATAATAATAATAATAATAA","GGCTGGGCGGGTGGCCCACGCCTGCAATCCCAGCACTTTGGGAGGCCGAGATGGGTGGATCACCTGAGGTCAGGAGTTCAAGACCAGCCTGCCCAACATGGCAGAACCCCGTCTCTACTAAAAAAAAAATACAAAAATTAGCCGGGCGTGGTGGCACATGCCTGCAGTCCCAGCTACTCGGGAGGCTGAAGCAGGAGAATCACTTGAACCTGGGAGGCGGAGGTTGCAGTGAGCCGAGATTGCGCCACTGCACTCCAGCCTGGGTGACAGAGCGAGACTTCATCTCAAAAATAAATAATAATAATAA"
"chr1","3459906","3460096","chr7","95851055","95851245","35","92391149","AAAAAAAAAAAAAAGGACCGGGCACGGTGGTTCATGCCTGTAATCCCAGCCACTCAGGAGGCTGAGGCAGGAGAATCGCTTGAACCTGGGAGGTGGAGGTTTCAGTGAGCCAAGATCATGCCACTGCACTCCAGCCTGGGTGACAGAGAGAGACTTTGTACTAAAAAAAAAGAAAAGAAAAGAGAGACAAA","AAAAAGAAAAAATTAGCTGGGCATGGTGGCACATGCCTGTGATTCCAGCTGCTCGGGAGGCTGAAGCAGAGGAATTGCTTGAACCTGGGAGGTGGAGTTTGCAGTGAGCCAAGATCGTGCCATTGCACTCCAGCCTGGTTGACAGAGCAAGACACTGTCTCAAAAAAAAAACAAAAAAAAAGAAAAAAAAA"
"chr1","3464667","3464977","chr1","2626986","2627293","33","837681","GGCCAGGCGTGGTGGCTCACATCTGTAATCCCAGCACTCTGGGAGGCTGAGGCGGGTGGATCAGCAGAGGTCAGGAGTTCGAGAGCAACCTGGCCAACATGGTGAACCCTGTCTCTACTAAAAATACAAAAATTAGCTGGGCGTGGTGGTGCAGACAGCTGTAATCCCAGCTACTGGGGAGGCTGAGTCAGAAGAATCATTTGAACCTGGAAGGCGGAGGTTGCAGTGAGCTGAGATCGTACCACTGCACTCCAGCCTGGGTGACAGAGCGAGACTCTATCTACAAAAAATAAAAAATAAAATAAAAAAGA","GGCCAGGTGTGGTGGCTCACATCGGTAATCCTAGCACTCTGGGAGGCCGAGGTGGGCGGATCACCTGAGGTCAGGAGTTCGAGAGCAACCTGGCCAACACGGTGAAACCCTGTTTCTACTAAAAATACAAAAATTAGCTGGGCGTGATGGCGCCCAGCTGTAATCCCAGCTACTGGGGAGGCCGAGTCAGGAGAATCATTTGAACCTGGAGAGCGGAGTTTACAGTGAGCTGAGATCGTACCATTGCACTCCAGCCTGGGGGACAGAGTGAGACGCTATCTCAAAAAAAAAAAAAATGAAAAAGAAAA"
"chr1","3493313","3493578","chr11","51986924","51987196","46","48493611","TGCCCCACGCCTGTAATCCCAGCACTTTGGGAGGCTGAGGTGGGCAGATCACCTGAGGTCAGGAGTTCGAGACCAGCCTGGCCAACGTGGTGAAACCCCCATCTCTACTAAAAATACAAAAGTTAGCGTCTGTAATCCCAGCTACTGGGGAGGCTGAGGCAAGATAATCGCTTGAACCCAGGAGGTGGAAGTTGCAGTGAGCCGAGATCCCACCACTGCACTCCAGCCTGGGCGACACAGTGAGACTTCGTCTCAAAAAAAAAAAA","GGCCGGGTGGTAGCTCACATCTGTAATCCCAGCACTTTGGGAGGCCGAGGTGGGTGGATAACCTAAGGTCAGGAGTTCGAGACCAGCCTGTCCAACATAGTGAAACCCCATCTCTACTAAAAACACAAAAATTAGCCTGTAGTCCCAGCTACTCGGGAGGCTGAGGCAAGAGAATTGCTTGAACCCAGGAGGTGGAGGTTGCAGTGAGCTGAGATCATGCCACTGCACTCCAACCTGGGTGACAGAGCAAGACTCCATCTAGAAAAAGGAAAA"
"chr1","3587746","3588042","chr8","28147529","28147829","38","24559783","GGCCAGGCGCGGTGGCTCACACCTGTAATCCTAGCACTTTGGAAGGCCGAGACAGGTGGATCACGTGAGGTCAGGAGTTCGAGACCAGCCTGACCAACACAGTGAAACCCGTCTCTACTAAAAACACAAAAATTAGCTGGGCGTGGTGTTGTGCGCCTGTAAGCCCAGCTACTCAGGAGGCTGAGGCAGAAGAACCGCTCGAACCTGGGAGGCGGAGGTTGAAGTGAGCCAAGATCGCGCCACTGCACTCCAGCCTGGGTGACAGGGCCAGACTCCATCTCAAAAAAAAAAAGAGAA","GGCCAGGCGCGGTGGCTCACACCTGTAATCCCAGCACTTTGGGAGGCTGGGGCAGGCGAATCACCTGAGGTCAGGAGTTCGAGACCAGCCTGGCCAACATGGTGAAACCCCGTCTCTACCAAAAATACAAAAATTAGCTGGATGTGGTGGTGCGTGCCTATAATCCCAGCTATTCAGGAGGCTGAGGCACAAGAATCGCTTGAACACAGGAGGCGGAGGTTGCAGTGAGCCAAGATCTCGCCACTGCACTCCAGCCTGGGCGACAGAGCGAGACTCCGTCTCAAAAGAAAAAAAAAGAAAA"
"chr1","3590542","3590850","chr7","139509153","139509451","61","135918611","GGCTGGGTGCGGTGGCTTGTGCCTGTGAGCCCAGCACTTTGGGGGGCTGAGGCGAGCAGATCACCCGAGGTCAGGTGTTCAAGACCAGCCTGGCCAACATGGTGAAAACCGGTTAATATAAAAATTATACTAACACAGTTAATATAAAAATTAACCGGCCACGGTGGCATGCACCTGTAGTTCCAGCGGGAGGCTGAGGCAGGAGAATTGCTTGAACCCAGGAGGCGGAGGTTGCAGTGAACCAAGATAGCATCACTGCACTCCAGCCTGGGTGACAGAGCGAGACTCCGTCTCAAGAAAAAAAAAGAA","GGCCGGGCGCGGTGGCTCACGTTGTAATCCCAACACTTTGGGAGGCCGAGGCGGGCGGATCACCTGAGGTCAGGAGTTCAAGACCAGCCTGGCCAACATGGTGAAACCCCGTCACTATTAAAAATACAAAAAAAAAGTAGCTGGGCGTGGTGGCGCACACCTGTAGTCCCAGCTACTCGGGAGGCTGAGGCAGGAGAATCGCTTGAACCTGGGAGGGGGAGGTTGCAGTGAACCGAGATTGCGCCGCTGCACTCCAGCCTGGGTGACAGAGTGAGACTCCGTCTCAAAAAAAAAAAAAA"
"chr1","3606205","3606481","chr11","12463145","12463418","46","8856940","CACTTTGGGAGGCCGAGGCGGGCGGACCACCTGAGGTCAGGAGTTCGAGACCAGCCTGGCCAACATGGTGAAACCCCATCTCTACTAAAAAATACAAAAAATGAGCCAGGCGTGGTGGCCTGTAGTCCCAGCTACTTGAGAGGCTGAGGCAGGAAAATTGCTTGAACCCGGGAGGTGGAGGTTGCATTGAGCCCACATCATGCCATTGCACTCCAGCCAGCCCAGGCGACAGAGCGAGACTCCGTCTCAAAAAAAAAAAAAAGTATAAGGAGAGAAA","TTTGGGAGGCCAGGCAGGTGGATCACCTGAGGTCAGGAGTTCGAGACCAGCCTGACCAACATGGTGAAACCCCATCTCTACTAAAAATACAAAAATTAGCCAGGCGTGGTGGCACATGCCTGTCATCCCAGCTACTCAGGAGGCTGAGGCAGGAGAATCACTTGAACCCAGGAGGTGGAGGTTGCAGTGAGCATAGATCGTGTCACTGCACTCCAGCCTGGGAGACAGAGCGAGACTCCATCTCAAAAAAAAAAAAAAAAAAAAAGAGAAAGAA"
"chr1","3610203","3610507","chr4","7573461","7573754","47","3963258","GGCTGGGCGCGGTGGCTCACGCCTGTAATCCCAACACTTTGGGAGGCAGAGGTGGGTGGATCACCTGAGGTCAGGATTTTGAGACCAGCCTGGCCAGCTTGGTGAAACCCCGTCTCTACTAAAAACACAAAATTAGCTGGGTGTGGTGGCGCATCTCGTGTCCCCAACAGCTAATCCCAGCTACTCTGGAGGATGAGGCAGGAGAATTGCTTGAACGTGGGAGGCGGAGGTTGCAGTGAGCCAAGATCACATCAGTGCACTCCAGCCCGGGCGACAGGGTGAGACTCCATCTCAAAAACAAACAA","GGCAGGGCGCGGTGGCTCAAGCCTGTAATCCCAGCACTTTGGGAGGCTGAGGTGGGTGGATCACCTGAGGTCAGGAGTTCAAGACCACGCTGGCCAACATGGTGAAACCCCATCTCTACTAAAAATACAAAAATTAGCTGGGTGTGGTGGCACGTTCCTGTAATTCCAGCTACTCAGGAGGCTGAGGCAGGAGAATTGCTTGAACCTGGGAGGCGGAGGTTGCAGTGAGCTGAGATCGCGCCACTGCACACCAGCCTGGGTGACACAGTGAAACTCCAACTCAAAAAGACAAAA"
"chr1","3668053","3668354","chrX","134977768","134978064","39","131309715","GGCCAGGCACAGTGGCTCATGCCTATAATCTCGGCACTTTGGAAAGCCGAGGTGGGCAGATCACCTGAGGTCAGAGTTTGAGACCAGCCTGGCCAACATGGCAAAACCCCATCTCTACTAAAAAAACGCAAAAATTAGCCGGGTGTGGTGGTGCACACCTGTAGTCCCAGCTACTCGGGAAGCTGAGGCAGGAGAATCGCTTGAATCTAGGAGGTGGAGGTGGCAGTGAGCCGAAATCACACAACTGCACTCCAGCCTGGGCGACAGAGTGAGACTCCATCTCAAAAAATAAATAAATAAAA","GGCCGGGCACGGTGGCTCACGCCTGTAATCCCAGCACTTTGGGAGGCCGAGGTGGGTGGATCATCTGAGGTCAAGAGTTCGAGACCAGCCTGGCCAACATGGTGAAACCCCATCTCTACTAATAATACAAAAATTAGCCTGGTCTGGTAGTGCACACCTGTAATCCCAGCTACTCGGAGGCTGAGGCAGGAGAATCACTTGAACCCAGGAGGCAGAGGTTGCAGTCAGCTGAGATCACACCACTGCACTCCAGCCTGGGTGACAGAGTGAGACTCCATCTCAAAAAAAAAAAAAAAA"
"chr1","3670460","3670556","chr13","9396220","9396315","20","5725760","TCACTTGAACCCAGGAGGCGGAGGTTGCAGTCAGAGGAGATTGCGCCACTGGACTCTAGCCCGGGCGACACAGCAAGACTCCGTCTCAAAAAAAAGA","TCACTTGAACCCAGGAGGCAGAGGTTGCACCGAGCTGAGATCATGCCACTGCACTACAGCCTGGGCGACAGAGTGAGACTCTGTCTCAGAAATAAA"
"chr1","3670875","3671077","chr8","6961245","6961455","31","3290370","GCGTGGTGTCTCACGCCTGTAACCCCAGCGCTTTGGGAGGCTGAGGTGGGCAGATCACTTGAGGTCAGGAGCTCGAGACCAGCCTGGCCAACACAGTGAAACCCTGTCTCTATTAAAAATACAAAAATTAGCCAGGCATGGTGGCAGGTGCCTGTGATCCCAGCTACTCTGGAGGCTGAGGCACAAGAATCACTTGAGCCGGG","GGCCAGGTGCGGTGTCTCACGCCTGTAATCCCAGCACTTTGGGAGGCTGAGGTGGGCGGACCACCTGAGGTCAGGAGTTCGAGACCAGCCTGGCCAACATGGTGAAACCCTGTCTCTACTAAAAATACAGAAATTAGCTGGGCATGGTGGTGCCTACCTGTAATCCCAGCTACTCGGGAGGCTGAGGCAGGAGGATCACTTGAACCTGGGA"
"chr1","3673805","3674106","chr1","2855276","2855576","15","818529","GGCCAGGCGCAGCGGCTCACACCTGTAATCCCAGCACTTTGGGAGGCTGAGGCGGGCGGATCACCTGAGGTCAGGAGTTCAAGACCAGCCTGGCCAAGATGGCAAAACCTCATCTCTACTAAAAATACAAAAATTAGCTGGGCATGGTGATGCATGCCTGTAATCCCAGCTGCCCAGGAGGCTGAAGCAGGAGAACTGCTTGAACCCTGGAGGCAGAGGTTGCAGAGAGAAAGATTGTGCCACCGCACTCCAGCCTGGGCAACAGAGTGAGATTCTGTCTGTAAAAAAAAGAAAACAAAAAA","GGCCAGGCACAGTGGCTCACACCTGTAATCCCAGCACTTTGGGAGGCTGAGGCAGGCGGATCACCTGAGGTCAGGAGTTCAAGACCAGCCTGGCCAAGATGGCAAAACGTCATCTCTACTAAAAATACAAAAATTAGCTGGGCATGCTAATGTGTGCCTGTAATCCCAGCTGCCCAGGAGGCTGAAGCAGGAGAACTGCTTGAACCCTGGAGGCAGACGTTGCAGAGAGCAGTGATTGTGCCACCACACTCCAGCCTGGGCAACAGAGTGAGATTCTGTCTGAAAAAAAGAAAACAAAAAA"
"chr1","3675451","3675637","chr3","77623703","77623888","18","73948252","GGCTGGGCGCAGTGGCTCACACCTGTCATCCCAGCACTTTGGGAGGCTGAGGTGGGCGGATCACCTGAGGTCAGGAGTTCGAGACCAGCCTGACCAACATGGTGAAACCCCCGTCTCTACTAAAAATACAAACATTAGCCGGGCGTGGTGGCACATGCCTGTAATCCCAGCTACTCGGGAGGCTGAG","GGCTGGGAGCAGTGGCTCACGCCTGTAATCCCAGCACTTTGGGAGACTGAGGTGGGTGGATCACCTGAGGTCAGGAGTTCGAGACCAGCCTCGCCAACATGTTGAAACCCCGTCTCTAATAAAAATACAAAAATTAGCCTCGCGTGGTGGCACATGCCTGTAATCCTAGCTACTCAAGTGGCTCAG"
"chr1","3681755","3682055","chr1","2862087","2862379","30","819668","GCCGGGCGCGGTGGCTCACGCCTGTCATCCCAGCACTGTGGGAGGCAGAGGCAGGCGGATCACCTGAGGCCAGGAGTTCGAGACCAGCCTGGCCAACATGGTGAAACCCCGGCTCTACTAAAAATACGAAAAATTAGCCAGGCATGGTGGTACATGCCTGTAATTCCAGCTACCTGGGAGGCTGAGCCTGGAGAATCGCTTGAACCTGGGAGGCAGAGGTTGCAGTGAGCCGAGATTGTGCCACTGCACTCCAGCCTGGGCAACAGAGTGAGACTCAGTCTCAGAAAAAAAAAAAAAAAGA","GCCAGGCGCAGTGGCTCACGCCTGTCATCCCAACACTGTGGGAGGCCAAGGCGGGCGGATCACCTGAGGTCAGGAGTTCGAGACCAGCCTGGCCAACATGGTGAAACCCCGTCTCTACTAAAAATATGAAACATTAGCCAGGCATGGTGGTGCATGCCTGTAATCCCAGCTACTTGAGAGGCTGAGGCCGGAGAATCGCTTGAACCCGGGAGGCAGAGTTTACAGTGAGCCGAGATCGCGCCACTGCACTCCAGCCTGGGCAACAGAGACTCAGTCTCAAAAAAAAAAAGAGA"
"chr1","3725025","3725207","chr20","28489519","28489696","28","24764494","AAAAATTAGTCAGGCATGGTGGTATGTGCCTGTAATCCCAGCTGCTCAGGAGGCTGAGGTGAGAGAATCACTTGAACCTGGGAGGTGGAAGTTGTAGTGAGCCGAGATCGCGCCACTGCACTTCAGCCTGGGCGACAGAGCAGGACTCCGTCTCAAAACAAAATAAAAAACAAAACAAAAAAA","TTAGTCAGGTATGATGGTGTGTGCCTGTATTCCCAGCTGCTCCGGAGGCTGAGGTGGGAGAATCACTTGAACCTGGGAGGTGGAGGTTGCAGTGAGGCGGGATTGCGCCACTGCACTCCTGCCTGGGCGACAGAGCAAGACTCCATCTCAAAGTAAATAAATAAATAAATAAATAAAA"
"chr1","3725693","3725988","chr3","43024886","43025192","42","39299193","GCTGGGTGCGGTGGTTCACGCTGGTAATCCCAGCACTTTGGGAGGCCGAGGCAGGCGGATCACCTGAGGTCAGGAGATCAAGACCAGCCTGGCCAACATGGTGAAACCCCATCTCTACTAAAAATACAAAAGAAATAGCCGGGCATGGTGGCGCATGCAGCTACTTGGGAGGCTGAGGCAGAGAATCACTTGAACCTGGGAGGTGGAGGCTGCAGTGAGCTGAGATCGTGCCACTGCACTCCAGCCTGGGTNACAGAGCAAGCTCCGTNTCAAAAAAAAAAAAAAAGNGAAAGAAA","GGCCGGGCGCGGTGGTTCACGCCTGTAATCCCAGCATTTTGGGAGGCCAAGGAGGGTGGATCACCTGAGGTCAGGAGTTCGAGACCAGCCTGGCCAACATGGTGAAACCCCATCTCTACTAAAAATACAAAAATTAGCTGGGTGTGGTGGCTCATGCCCATGATCCCAGCTACTTGGGAGGCTGAGGCAGGAGAATCGCTTGAACCCGGGAGGTAGAGGTTGCAGTGAGCTGAGATCGTGCCACTGCACTCCAGCCTGGGTGACAGAGCAAGACTCCGCCTCAAAAACAAAACAAAACAAAAAGAAA"
"chr1","3750815","3751122","chr1","3109699","3110004","26","641116","GGCGGGACGTGGTGGCTCATGCCTGTAATCCCAGCACTTTGAGAGAGGGAGGCAGAGTTCAGGAGCTCAGCAGTTCACCTGAGGTCAGGAGTTCGCGACCAGCCTGGCCAACATGGTGAAACCCCGTCTCTACTAAAAATGCAAAAATTAGCCGGGTGGGGTGGGGTGTACCTATGGTCCCAGCTACTTGGGTGGCTGAGGGACGAGAATCGCTTGAACCCAGGAGGCAGAGGTGGCAGTGAGCCGAGATAGCACCACTGCACTCCAGCCTGGGTGACAGAGTGAGACCCTGTCTCAAAAAACAAAGA","GGCGGGACGTGGTGGCTCATGCCTGTGATCCCAGCACTTTGAGAGGCCAAGGCAGACTTCAGGAGTTCAGCAATTCACCTGAGGTCAGGAGGTCGCGACCAGCCTGGCCAACATGGTAAAACCCCATCTCTACTAAAAATACAAAAATCAGCCTGGTGGGGTGGGGTGTGCCTGTGGTCCCAGCTACTTGGGAGGCTGAGGCACGAGAATCGCTTGAACCCAGGAGGCAGAGGTGGCAGTGAGCCGAGATAGCACCACTGCACTCCAGCCTAGGTGACAGAGACCCCGTCTCAAAAAACAAAGAGA"
"chr1","3751942","3752224","chr7","75261722","75262006","34","71509780","GGCCAAGTGCTATGGCTCAGGCCTGTAATCCCAGAATTTTGGGAGGCCAAGCTGGGTGGATCACCTGAGGTCAGGAGTTTGAGATCAGCCTGGCCAACATGGTGAAACCCTGTCTCTACTAAAACTACAAAAATTAGCCAGGTGTGTTGGCAGCACCTGTAGTCCCAGCCACTCAGGAGGCTGAGGGAGGAGAATCGCTTGAACCTGGGAGGCGGAGGTTGCAGTGAGCTGAGATCGCGCCACTGCACTCCAGCCTGGGCAACAGGGTGAGACTCGGTCTCAA","GGCCAGGTGTGGTGGCTCAAACCTATAATCCCAGCACTTTGGGAGGCCAAGGTGGGTGGATCACCTGAGGTCAGGAGTTTGAGACCAGCCTGGCCAACATGGTGAAACCCTGTTTCTACTAAAACTACAAAAATCAGCCGGGCATGGTGGCATGTGCCTATAGTCCCAGCTGCTCCAGAGGCTAAGGCAGGAGAATCGCTTGAACCTGGGAGGCAGAGGTTGCAGTGAGCTGAGATCGAGCCACTGCACTCCAGCCTGTGCATCAGAGTGAGACTCTGTCTCAAA"
"chr1","3754388","3754704","chr1","3113235","3113558","48","641153","GGCCAGACGCAGTGGCTCACACATGTAATCCCAGCACTTTAGGAGGCTGATGTGGGCAGATCACCTGAAGTCAGGAGTTTGAGACCAGCCTGGCCAATATGGACCAAAACCCCCATCTCTACTAAAAATACCAAAAAAAAAAAAAAAAAAAAAAAATTAGCCAAGCGGTAGTGTACACCTGTAATCCCAGCTACTTATAAAGCTAGAGACTAGAGAATCGCTTGAACCCAGGAGACAGAGGTTACAATGAGCTGAGATTGCATCACTGCACTCCAGCGTGGGCGACAGGGTGAGACTGTCTACAAAAAAAAAAAAAA","GGCCAGACGCAGTGGCTCACACGTGTAATCCCAGCACTTTGGGAGGCTGACGTGGGCAGATCACCTGAGGTCAGGAGTTTGAGATCAGCCTGGCCAACATGGTGAAACCCCATCTCTCCTAAAAATACCAAAAAAAAAAAAAAAACAAAAAAAACAACAACAAACAATTAGCCAAGCAGTGGGGTGCACCTGTAATCCCAGCTACTCGTGAGGCTGAGAATAGAGATCACTTGAACCCAGGAGGCAAAGGTGACAATGAGCTGAGATTGCATCACTGCACTCCAGCCCAGGCGACAGAGTGAGACTGTCTCAAGAAAAAAAAAA"
"chr1","3790970","3791282","chr10","17320058","17320366","27","13529088","GGTCGGGCGCAGTGGCTCACATCTGTAATCCCAGCACTTTGGGAGGCCAAGGCAGGCAGATCACCTGAGTTCAGGAGTTCCGAGACCACCCTGGCCAACATGGTGAAACCCTGTCTCTACTGAAAATACAAAAATCAGCCAGGTATGATGGTGTATGCCTGTGATGCCAGCTACTAGGAGGCTCAGGCAGGAGAATCACTTGAACCCGGGAGGCTGAGGCTACAGTGAGCCGATGGTGCCACTGCACTCCAGCCTGAGTGACAGAGTGAGTCTCTGTCTCAAAAATTTAAAAAATAAAATAAAATAAAATAAA","GGCCGGGCACAGTGGCTCACATCTGTAATCCCAGCACTTTGGGAGGCCAAGGCACACGGATCACCTGAGGTCAGGAGTTCGAGACCAGCCTGGCCAACATGGTGAATCCCTGTCTCTACTGAAAATACAAAAATTAGCCGGGCATGATGGTGCGTGCCTGTAATCCCAGCTCCTGGGAGGTTCAGGCAGGAGAATCACTTGAACCCGGGAGGCGGAGGCTACAGTGGGCCGATGGTGCCACTGCACTCCAGCCTGAGTAACAGAGTGAGTCTCTGTCTCAAAAATTTTAAAAATAAAACAAAAAATAAA"
"chr1","3808509","3808768","chr10","12560934","12561194","52","8752425","GGTTAGGCATTGTGGCTCACACCTGTAATCTTAGCACTTTGGGAAAACCAAGTTGGGCAGATCACCTGAGCTCAGGAGTTTGAGACCAGCCTGGGCAACACAGTGAAACCCCATCTTCACCAAAACAATAAAAATTAGCTGGGTGTGGTAGAGCACACCTGTGGTCCTGGCTACTCCAGAAGCTGAGATGGGAGGATCACGTGACCCAGGAGGCAGAGGTTGCAGTGATCTGAGATTGTGCCACTGCACTCCAGCCTGGG","GGCCAGGCGTGGTGGCTCACACCTGTAATCCCAGCACTTTGGGAGGCCAAGGTGGGCTGATCACCTAAGGTCAGGAGTTTGAGACCAGCCTGGACAACACGACGAAACCCCATCTCTACCAAAAACACAAAAATTATCTGGGTATGGCGGTGCAGGCCTGTAGTCCCAGCTACTGGGGAGGCTGAGGCAGGAGAATCACTTGAACCCAGGAGGCAGAGGTTACAATGAGATGAGATCATGCCGCTACGCTCCAGCCTGGGC"
"chr1","3808824","3809120","chr1","3170839","3171137","28","637985","GGCTGGGCGCAGTGGCTCACACCTGTAATCCCAGCACTTTGGGAGGCTGAGGTGGGCGGATCACCTGAGGTCAGGAGTTTGAGACCAACCTGGCCAACATGGAGAAACCCTGTCTCTACTAAAAATACAAAAATGAGCCAGGCATGGTGGCATATGCCTGTAGTCCCAGCTACTCGGGAGGCTGAGGCAGGAAAATCACTTGAACCTGGAAGGCAGAGGTTGCAGTGAGCCAAGACCATGCCACTGCACTCCAGCCTGGGCAACAGAGCAAGATTCTGTCAAAAAAAGAAAAAAAAA","GGCCGGGCATGGTAGCTCACACCTATAATCCCAGCACTCTGGGAGGCCGAGGCAGGCGGATCATCTGAGGTCAGGAATTTGAGACCAACCTGGCCAACATGGAGAAACTGTCTCTAGTAAAAGCACAAAAATGGGCCGGGCATGGTGGCACATGCCTGTAGTCCCAGCTACTCAGGAGGCTGAGGCAGGAAAATCACTTGAACCTGGGAGGCAGAGGTTGCAGTGAGCTAAGACCATGCCAGTGCACTCCAGCCTGGGCAACAGAGCAAGATTCTGTCAAAAAAAAAGGAAAAATAAAA"
"chr1","3886774","3887052","chr1","25675317","25675602","45","21788543","GGCTGGGTGCAGTAGCTCATATCTGTAATCCTAGCACTTTGGGAGGATCACCTGAAGTCAGGAGTTCAAGACCAGCCTGGCCAACATGGTAAAACCCTGTCTCTACTAAAAATACAAAAATTAGCTGGGCATGGTGCACCTGTAATTCCAGCTACTCGGGAGGCTGAGGCAGAATTGCTTGAACCCAGGAGGCAGAGGCTGCAGTGAGCCGAGAACGTGCCACTGCACTCCAGTCTGGATGACAGAGTGAGACTCCGTCTTAAAAAAAAAAAAAAAAAA","GGTTGGGTGCTGTAGCTCACGCTTGTAATCCCAGCACTTTGGAAGGCTCACCTGAGGTCAGGAGTTCGAGACCAGCCTGGCCAACCTGGTGAAACCTCATCTATACTAAAAATACAAAAATTAGCTGAGCATGGTGGCGCATGCCTGTAATCCCAGCTACTTGGGAGGCTGAGGCAGGAGAATCGCTTGAACCCAGGAAGCAGAGATTGCTGTGAGCCGAGATCATGCCACTGCTTTCTAGCCTGGATGACAGAGCAAGACTCCATCTCAAAAAAAAAAAAAAGAA"
"chr1","3891815","3892126","chr1","3245015","3245327","31","646800","GGCCAGGTGCCGTGGCTCACTCCCGTAATGCCAGCACTTTGGGAGGCCTAGGTGGGCAGATCACCTGAGGTCAGGAGTTCCAGACCAGTATGGCCAACCGTGGTGAAACCCTGTCTGTACTAAAAGTACAAAAATTAGGCAGGCCTGGTGGTGCACATCTGTAATCCCAGCTACTTGGGAGGCTGAGGCAGGAGAATGGCTTGAACTCAGAAGGCGGAAGTTGCAGTGAGCCGAGATCGTGCCACTGCACTCCAGCCTGGGAAACAGAGTGAGACTCTGTCTCAAAAAAATAAAATAATAATAATAAAAAAA","GGCCAGGCGTGGTGGCTCTCTCCTGTAATGCCAGCACTTTGGGAGGCCTAGGCGGGCAGATCACCTGAGGTCAGGAGTTCAAGACCAGTATGGCCAACCTTGGTGAAACCCCGTCTCTACTAAAAATACAAAAATTAGGCAGGCGTCATGGTGCACATCTGTAATCCCAGCTACTTGGGAGGCTGAGGCAGGAGAACGGCTTGAACTCGGAAGGTGGATGTTGCAGTGAGCCCAGATCGTGCCACTACACTCCAGCCTGGGTGAAAGAGTGAGACTCTATCTCAAAAAGTAAAAAATAAATAAAAAAAAGGAA"
"chr1","3923369","3923578","chr16","668407","668615","34","3254962","GGCCAACATAGTGAAACCCCGTCTCTACTAAAAACACAAAAATTAGCTGGGCGTGGTGGCACACACCTGTAATCCAACCACTCAGGAGGCTGAGGCAGGAGAATCACTTGAATCCAGGAGGCAGAGGTTGCAGTGAGCCAAGATCACGCCATTGCACTGTAGCCTGGGCAACAGAGTGAGAGTCCGTCTCAAAAAATAAAAAACAAAAAA","CCAACACGATGAAATCCCATCTCTACTAAAAATACAAAAATTAGCCAGGGGTGGTGGTGCACGCCTGTAATTCCAGCTACTCGGGAGGCTGAGACAGGAGAATCGCTTGAACCCGGGAGGCGGAGGTTGCAGTGAGCCGAGATCGCGCCATTGCACTCCAGCCTGGGCGACACAGCGAGACTCTGTCTCAAAAAAAAAAAAAAAAAAAA"
"chr1","4019117","4019423","chr1","3368082","3368386","25","651035","GGCTGGGCGAGGTGGCTCACGTCTGTAATCCCTGCACTTTGGGAGGCTGAGGTGGGCAGATCACCTGAGGTCAGGAATTTGAGACCAGCCTGGCCAACATGGCAAAACCCCATCTCTACTAAAAATACAAAAATTAGCCGAGCGTGGTGGTGTGTGCCTGTAGTCCCAGCTATTCTGGATGCTGAGACAGGAGAATTGCTTGAACACGGGAGGTGGAGGCTGCAGTGAGCCGAGATGGTGCCACTGCACTCCAGCCTGGGTGACAGAGTGAGACTCCAATTTAAAAAAAAAAAAAAAAAAAAAAAAA","GGCTGGGCGAGGTGGCTCACGTCTGTAATCCCTGCACTTTGGGAGGCCGAGGTGGGCAGATCAGCTGAGATCAGGAATTTGAGACCAGTCTGGTCAACGTGGCGAAGCCCCATCTCTACCGAAAATACAAAAGTTAGCCACGTGTGGTGGTGCATGCCTGTAGTCCCAGCTACTCTGGATGCTGAGACAGGAGAATTGCTTGAACACGGGAGGTGGAGGCTGCAGTGAGCTGAGATGGTGCCACTGCACTCCAGCCTGGGTGATAGTGAGACTCCATCTCAAAAAAAAAAAAAAAAAAAAAAGAA"
"chr1","4038187","4038497","chr5","109045885","109046188","42","105007698","GGCTGGGCATGGTGGCTCACACCTATAATCCCAGCACTTTGGGAGGCCAAGGTGGGCGGTTCACCTGAGGTCAGGAGTTTGAGACCAGCCTGGACAACATGGCGAAACCCCATCTCTACTAAAAATACAAAAATTAGTTGGAGACGGTGGGGCACATCTGTAATCCCAGCTACTCAGGAGGCTGAAGCAATGACAATTGCTTGAACCTGGGAGGCAGAGGTTGCAGTGAGTCGTTATCACGCCACTGCATTCCAGCCCGGGTGACAGACCGAGACTCCATCTCAAAAAAAACAAAACAAAACAAAACAAAA","GGCCAGGCACGGTGGCTCACACCTATAATCCCAGCACTTTGGGAGGCCGAGGTGGACGGATCACCTGAGGTCAGGAGTTTGAGAACAGCCTGGCCAACATGGTGAAACCCCATCTCTACTAAAAATACAAAAATTAGCCAGACATGGTGGCACATGCCTGTAGTCCCAGCTACGCAGGAGGCTGAGGCAGGAAAATTGCTTGAACCTGGGAGGCGGAGGTTGCAGTGAGCCAAGATCGTGCCACTGCACTCCAGCCTGGGTGACAGAGACTACTCCATCTCAAAAAAAAAAAAAAAAAAAAAAA"
"chr1","4071071","4071368","chr1","200028486","200028781","38","195957415","GGCCAGGTGTGGTGGTTCACGCCTGTAATCCCAGCACCTTGGGAGGCCGAGGTGGGCAGATCACCTGAGGTTAGGAGTTGGAGAAAAGCCTGGCCAACGTGGTGAAACCCCGTCTCTACTAAAAATACAACAATTTGCCAGGCGTGGTAGGGCACACCTGTAATCCTAGCTACTCCGGAGGCTGAGACAGGAGAAACGCTTGAACCCGGGAGGCAGAGGTTGCAGTAAGCTGAGATCATGCCAATGCACTCCAGCCTGGGTGAGAAAGCAAGACTCTGTCAAAAAAAAAAAGAAGAAA","GGCCAGGTGTGGTGGCTCACACCTGTAATCCCAGCACTTTGGGAGGCTGAGGTGCGCAGATCACCTGAGGCCAGGAGTTCGAGACCATCCTGGCCAACATGGTGAAACCCTGTCTCTACTAAAAATACAAAAATTAGCCGGGTGTGGTGGTGCACGCCTGTAATCCCAGCTACTCAGGAGGCTGAGGCAGGAGAATCACTTGAACCCGGGTGGCAAAGATTGCAGTGAGCTGAGATCGTGCCACTGCACTCCAGCCTGGGTGACAGAGCAAGACTCTATCTCAAAAAAAAAAAAAA"
"chr1","4122690","4122977","chr15","79894939","79895223","30","75772249","GCCGGGCACGATGGCTCACGCCTGCAATCCCAGCACTTTGGGAGGCCGAGGCGGGTGGATCACCTGAGGCCAGGAGTTTGAGACCAGCCTGACCAACATGGTGAAACCCCGTCTCTACTAAAACTACAAAAAATTAGCCAGGCATGGTCATGCACGCCTGTAATCCCAGATACTCGGGAGGCTGAGGCAGGAGAATCGCTTGAACCCAGAAGGCAGAGGTTGCAGTGAGCCAAGATCACAGCACTGCACTCCAGCCTGGGCAACAGAACGAGACTCTGTCTCGAAAAA","GCCAGGGACGGTGGCTCACGCCTGTAATCCCAGCACTTTGGGAGGCCGAGGCAGGCAGATCACCTGAGGTCAGGAGTTTGAGACCAGCCTGGCCAACATGGCGAAACCCTGTCTCTACCAAAAATACAAAAATTAGCTGGGCATGGTGGTGCACGCCTGTAATCCCAGCTACTCGGGAGGCTGAGGCAGGAGAATCACTTGAACCCAGGAGGCAGAGGTTGCAGTGAACCAAGATCGCAGCACTGCACTCCAGCCTCGGTGACAGAGTGAGACTCTGTCTCAAAA"
"chr1","4214687","4214979","chr1","3543280","3543572","33","671407","CCTGTAATCCCAGCACTTTGGGAGGCCAAGGAGGGTGGATCACAGGAGGTCAGGAGTTCAAGACCATCCTGGGCAATTTGGGGAAAACCCGTCTCTATGAAAAATAGAAAAATTAGCTGGATGTGGTGGTGTATGCTTGTAATCCTAGCTGCTTGGGAGGCTGAGGCTGGAGTATCACTTAAACCTGGGAGACAGATGTTTCAGTGAGGCAAGATCACGCTACTGAACTCTAGCCTGGGTGTCAGAGCAGGACTCGGTCTCAAAAACAAGTAAAAAAAAATTAAAAAAACAAA","CCTGTAATCCCAGCACTTTGGGAGGCCGAAGAGGGTGGATCACACGAGGTCAGGACTTCAAGACCATCCTGGGCGATTTGGTGCAAACCTGTCTCTATGAAAAACAGAAAAATTAGATGGGTGTAGTGGTGCATGCTTGTAATCCTAGCTGCTTGGGAGGCTGAGGCTGGAGGATCACTTAAACCTGGGAGGCAGAGGTTGTAGTGAGCCAAGATCATGCCACTGAACCCTAGCCTGGGTGTCAGAAGAAGACTCAGTCTCAAAAACAAGCAAAAAAGTTAAAAAATAAAAAA"
"chr1","4265432","4265743","chr1","3600841","3601138","38","664591","GGCCTGGTGTGGTGGCTCACGCCTGTAATCCTAACATTTTGGGAGGTCTAGGTGGGTGAATCACCTGAGGTCAGGAGTTCGAGACCAGCCTGGCCAACATGGTGAAACCCTGTCTCTACTAAAAATACAAAAATTATCCAGGCGTGCTGGCGCACACCTATTATGCCAGCTACCCAGGAGGCTGAGGCAGGAGAATCGCTTGAACCCAGGAGGTGGAGGTTGCAGTGAGCCGAGATCACGCCACTGCACTCCAGACTGGGTGGCAGAGTGAGACTCCATCTCAAAAAAAATAAAATAAAATAAAATAAAAAA","GGTCAGGTGCAGTGGCTCACACCTGTAATCCCAACACTTTGGGAGGTTGAGGTGGGTGGATCACCTGAGGTCAGGAGTTCAAGACCAGCCTGGCCAACATGGTGAAACCCCGTCTCTACTAAAAATACAAAAATTAACCAGGCATGGTGGTGCACACCTATAATCCCAGCTACCCAGGAGTCTGAGGCAGGAGACTTGAACCCAGGAGGTGGAGGTTGCAGTGAGCTGAGATCATGCCACTGCACTCCAGCCTGGGTGGCCGAGTGAGACTCCATCTCAAAAAAATAAAATGAAATAA"
"chr1","4327410","4327740","chr1","3666777","3667094","44","660633","GGCTGGGCACGGTGGCTCATGCTTGTCATCCCAGCACTTTGGGAGGCCAAGGCAGGTGGATCATCTGAGGTCAGGAGTTAGAGATCAGCCAGGCCAACATGGCGAAATCCCATCTCTATTAAAATACAAAAAAAAAAAAAAAAAAAATTAGCCAGGCGTGGTGACGTGCGCCTGTAATCCCAGCTACTTGGGAGGCTGAGACGTGAGAATTGCTTGCACCAGGAGGCAGAAGATGCAGTGAGCTGAGAATGCACCACTGCACTCCAGCCTGGCTGGATGACAGAGTGAGACTCTCTCTCAAAAAAAAATTAATGAAATAAAAATAAATAAA","GGCTAGGCACAGTGGCTCATGCCTGTCATCCCAGCACTTTGGGAGGCTGAAGCGGGTGGATCATCTGAGGTCAGGAGTTAGAGACCAGCCTGGCCAACATGGTGAAATCCCATCTCTATTAAAATACCAAAAAAAAAAAAAAATTAGCCAGGCTTGGCGTGTGCCTGTAATCCCAGCTATGTGGAAGGCTGAGACATGAGAATCTCTTACACCGGGAGGCGGAGGTTGCAGTGAGCTGCGAATGCGTCACTACACTCCAGCCTGGCTGGGTGACAGAGTGAGACTCTCTCTCAAAAAAAAAAAAATTAATAAAAATAA"
"chr1","4418163","4418477","chr1","3754910","3755218","40","663253","GGCCAGGTGCAGTGGCTCACACCTGTAATCCTAGCACTTTGGGAGGCCAAGGCGGGCAGATCACCTGAGGTCAGGAGTTCGAGACCAGCCTGGCCAACATGGTGAAACTCTGTCTCTACTGAAAATACAAAAATGAGCCAGGTGTAGTGGTACATGCCTATAATCCCAGCTACTCGGGAGACTGAGACAGGAGAATCACTCAAACCTGGGAGGCGGAGGTTGCAGTAAGACGAGATTGCGCCACCGCATGCCAGCCTGGGGGACAAGAGGAAAACTCCGTCTCAAAAAAAAATAAAATTAAATAAAATAAATAAA","GGCCAGGTGCGGCGGTTCACACCTATAATCCCAGCACTTTGGGAGGCCAAGGCGGGCAGATCCCGTGAGGTCAGGAGTTCGACACCAGCCTGGCCAACATGGTGAAACCCTGTCTCTACTAAAAATACAAAAATTAGCCAGGTGTAGTGCACGCCTGTAATCCCAGCTACTTGGGAAGCTGACACAGGAGAATCACTTGAACCCAGGAGGCGGAGGTTGCAGTGAGATGAGATTGCGCCACTGCACTCCAGTCTAGGGGACAAGAGTAAAACTCTGTCTCAAAAAAAAAAAAAAAAAAAAAAGACAAAA"
"chr1","4419159","4419245","chr17","13636074","13636156","16","9216915","GCCTGCCATCCCAGCATTTTGGGAGGCCGAGGAAGGTGGATCACCTGAGGTCAGGGAGTTCAAGACAAGCCTGGCCAACATGGTGAA","CTGTAATCCCAGCACTTTGAGAGGCCAAGGCGGGTGGATCATTTGAGGTCAGGAGTTCAAGACCAGCCTCGCCAACATGATGA"
"chr1","4435883","4436005","chr9","16249665","16249787","23","11813782","TGTAATCCCAGCTACTTAGGAGGCTGAGAATCACTTGAACCTGGAGGCAGAGGCTGCAGTGAGCCAAGATAGTGCTACTGCACTCCAGCCTGGGCAACAGAGCTAGACTCTGTCTCAAAAAAA","CTGTAGTCCCAGCTACATCTGAGGCTAGAGAATCACTTGAGCCTGGGAGGCAGAGTTTGCAGTGAGCCAAGATCTGTGTACTCCAGCCTGGGTGACAGAGCAAGACTCTGTCTTGAAAAAAAA"
"chr1","4436593","4436719","chr3","40768859","40768991","19","36332266","GGCACAGTGGTTTACACCTGTATTCCCAGCACTTTGGGAGGCCGAGGCAGGCAGATCACTTGAGGTCGGGAGTTGAAGATCAGCCTGGCCAACATGGCGAAACCTCGCCTCTACTAAAAATACAAAA","GGCCGGATGCAGTGCCTCACACCTGTAATCCCAGCACTTTGGGAGGCCGAGGCAGGCGGATCACCTGAGGTCAGGAGTTTGAGAGCAGCCTGGCCAACATGGTGAAACCCCACCTCTACTAAAAATACAAAAA"
"chr1","4442522","4442813","chr8","38791119","38791413","32","34348597","CCAGGGATGGTGACTCACGCCTGTAATCTCAGCACTTTGGAAGCCCAGGCAGGTGGATCACCTGAGGTCAGGAGTTCAAGACCAGCCTGGCCAACGTGGTGAAACCCCATCTCTACTAAAAATACAAAAATTAGCCAGGCATGATGGTGCATGCCTGTAGTCCCACCTACTCAGGAGGCTGAGTCAGGAGAATAGCTTGACCCAGGAGGCAGAGGTTGCAGTGAGCCAAGATCGCACCACTGCACTCCAGCCTGGGCGACAGAGCAAGACTCTGTCTCAAAAAAAAAAAAAA","GGCCAGGTGTGGTGGTTCACGCCTGTAATCCCAGCACTTTGGGAGGCCGAGGCAGGTGGATCACCTGAGGTCAGGAGTTCGAGACCAGCCTGGCCAACGTGGTGAAACCCCGTCTGTACTGAAAATACAAAAATTAGCCGGGCATGATGGTGCGTGCCTGTAGTCCCAGCTACTCAGGAAGCTGAGGAAGGAGAATTGCTTGAATCCAGGTGGTGGAGGTTGCAGTGAGCCGAGATCACACCACTGCACTCCAGCCTGGGTGACAGAGCAAGACTCCATCTCAAAAAAAAAAAAA"
"chr1","4448361","4448641","chr18","49418161","49418444","38","44969800","GCTGGGCGCGGTGGTTCAGGCCTACAATCCCAGCACTTTGGGAGGCCAAGGTGGGTGGATAATCTGAGGTCAGGAGTTCGAGACCAGCCTGACCAACATGGTGAAACCTTGTCTCTATTAAAAATACAAAAATTAGCCGGGCGTGATGGTGCACACCTGTAATCCCAGGTACTCGAGAGGCTGAGACGGGAGAATTGCTTGAACCTGGGAGGCAGAGGTTGCAGTGAGCTGAGATCATGCCATTGCACTCCAGCCCAGGTGACAGAGTGAGACTCCATCTC","GCTGGGCGTGGTGGCTTACGCCTATAATCCCAAAACTTTGGGAGGCTGAGGTGGGTGGATCACCTGAGGTCAGGAGTTTGAGACTAGCCTGGCCAACATGGTGAAACCCTGTCTCTACTGAAAATACAAAAATTAGCCAGGCATGGTGGTGCTACACCTGTGGTCCCAGCTACTCGGGAGGCTGAGGAAGGAGAATTGCTTGAACCTGGGAGGCGGAGGTTGCAGTGAGCTGAGATCATGCCACTGCACTCCAGCCTGGGTGACAGAGAGATAGTTCATCTCAA"
"chr1","4474029","4474327","chr3","2986573","2986865","34","1487456","GGCCAGGGGCCGTGGCTCACGCCTGTAATCCCAGCACTTTGGGAGGCCGAGGCAGGTGGATCACCTGAGGTCTGGAGTTCGAGACCAGCCTGGTCAACATGGTGAAACCCCGTCTCTACTAAAAATACAAAAGTTAGCTGGGTGTGGTGGTGTGTGCCTGTAATCTCAGGTACTTGGGAGGCTGAGGCAGGAGAATTGCTTGAACCCGGGAGGCGGAGGTTGCGGTGAGCTGAGATCGTGCCACCGCACTTCAGCCTGGGCGACAAAAGTGAGAATCCGTCTCAAAAAATAAAAGAAAA","GGCCTGGCGCGGTGGCTCACGCCTGTAATCCCAGCACTTTGGGAGGCCGAGGCAGGTGGATCACCTGAGGTCAGGAGTTCAAGACCAGCCTGGCCAACATGGTGAAACCCCATCTCTACTAAAAATACAAAAATTAGCCAGGTCTGGTGGCGTGCACCTGTAATCTCAGCTACTTTGGAGGCTGAGGCAGGAGAATTGCTTGAACCTGGGAGGCGGAGGTTGCAGTGAGCCGAGATCATGCCACTGCACTCCAGTTTGGGTGACAGAATGAGACTCTGTCTCAAAAAAAAAAA"
"chr1","4485524","4485822","chr1","3823686","3823994","25","661838","GGCCAGGCGCAGTGGCTCACACCTGTAATCCTGGCACTTTGGGAGGCCGAGGCAGGCGGATCACCTAAGGTCAGGAGTTCGAGACCAGCCTGGCCAATATGGTGAAACCCCATCTCTACTAAAATAAAAATATTAGCCGAGCGTGGTGGCGTGCACCTGCAATCCCAGCTACTCAGGAGGTTGAGACAGGAGAATTGCTTGAACCCGGGAGGCAGAGGTTGCCGTGAGCTGAGATCGTGCCACTGCACTCCAGCCTAGGTGACAGAGTGAGACTCCGTCTCAAAAAAACAAAAAAGAAA","GGCCGGGCGCGGCGGCTCACGCCTGTAATCCTGGCACTTTGGGAGGCCGAGGCGGGCAGATCACCTAAGGTCAGGAGTTTGAGACCAGCCTGGCCAATATGGTGAAACCCCATCTCTATTAAAAATAAAAAAAATTAGCTGAGCGTGGTGGCGTGCACTTGCAATCCCAGCTACTCAGGAGGTTGAGACAGGAGAATTGCTTGAACCCGGGAGGCAGAGGTTGCAGTGAGCTGAGATCGTGCCACTGCACTCCAGCCTGGGTGACAGAGTGAGACTCCATCTCAAAAAAGAAAAAAAGAATGAAAGAAA"
"chr1","4528333","4528644","chr3","164494607","164494917","33","159966274","GGCCAGGCACAGTGGCTCACGCCTGTAATCCTAGCACTTTGGGAGGCTGAGGCAGGTGGATCACCTGAGTTCAAGAGTTCGAGACCAGCCTGGCCAACATGGTGAAACTCCGTCTCTACTAAAAATACAAAAATTAGCCGGGCATGGTGGTGCATGCCTGTAATCCCAGCTACTCAGGAGGCTGAGGCAAGAGAATCGCTTGAACCCGGAAGGCGGAGGTTGCAGTGAGCCAAGATTGTGCCATTGCACTCTAGCCTGGGCGACAGAGCAAGACTCTGTCTCAAAACAGAACAAAACAAAACAAACAAACAA","GGCCAGGCACAGTGGCTCACGCCTGTAATCCCAGCACTTTGGGAGGCTGAGGCAGGCAGATCACCTGAGGTCAGGAGTTTGAGACCAGCCTGGCCAACATGGTGAAACTCCATCTCTACTAAAAATACAAAAATTAGCCGGGCATGGTGGTGCATGCCTGTAATCCCAGCCACTCGGGAGACTGAGGGAGGAGAATCACTTGAACCAGGGAGGTGGAGGTTGCAGTGGGCTAAGATCACGCCACTGCACTCCAGCCTGGGTGACGGAGCAAGACTCTGTCACAAAAAAAAAAAAAAAAAAAAAAAAAAAAA"
"chr1","4546156","4546462","chr1","3882097","3882394","26","664059","GGCCGGGCATGATGGCTCACACCTGTAATCCCAGCACTTTGGGAAGCTGGGGCAGGCAGATCACCTGAGGTCAGGAGTTTGAGACCAGCCTGGTCAACATGGCGAAACCTTGTCTCTACTAAAAATACAAAAATGTGCCGGGCGTGGTGGCACACACCTGTAATCAATCCCAGCTACTTGGGAGGCTGAGGCACGAGAATCACTTGAGCCCCGGAGGCCAAGGTTTCAGTGAGCCAAGATCATGCCACTGCACACCAGCCTGGGTGACAGAGCCAGACTCTGTCTACAAAAAAAAAAAAAAAAAAAA","GGCCGGGCATGATGGCTCACACCTGTAATCCCAGCACTTTGGGAGTCTGGGGCAGGCAGATCACCTGAGGTCAAGAGTTTGAGACCAGCCTGGTCAACATGGCGAAACCCTGTCTCTACTAAAAATACAAAAATTTGCCGGGCGTGGTGCAACCTGTTAATCCCAGCTACTTTGGGAGGCTGAGACACGAGAATCTCTTGAGCCGGGAGGCCAAGGTTTCAGTGGAGCAAGATCATGCCACTGCACCAGCCTGGGTGACAGAGCAAGACTCTCTCCAAAAAAAAAAAAAAAACAAAAA"
"chr1","4546911","4547215","chr1","3882971","3883274","33","663940","GGCTGGGTGTGGTGGCTCACGCCTGTAATCCCAGCACTTTGGGAGGCTGAGGTGGACAGATGACCTGAGGTCAGGAGTTTGAAACCAGCCTGGCCAATATGGTAAAACCCTGTCTCTACTAAAAATGCAAAAGTTAGCCAGGCATGATGGCGTGTGCCTGTAATCCCAGCAACTCAGGAGGCTGAGGCAGGAGAATCACTTAAACTGGGGAGGCTGAGGTTGCAGTTAGCCTAGATTGTGCCACTGCACCCCAGCCTGGGTGACAGAGTGAGACTCTGTCTCAAAAAAAAAAAAAAAAAAAGAAA","GCTGGGCATGGTGGCTCATGCTTTTCTGTAATCCCAGCACTTTGGGAGGCTGAGACGGCCAGATCACCTGAGATCAGGAGTTTGAGACCAGCCTAGCCAATATGGTGAAACCCCGTCTCTACTAAAAATGCAAAAATTAGCTGGACGTGATGGCGTGTGCCTGTAATCCCAGCGACTCAGGAGGCTGAGGCAGGAGAATCGCTTAAACTGGGGAGGCGGAGGTTGCAGTGAGCCGAGATCATGCCACTGCACCCCAGCCTGGGTGACAGAGTGAGACTCTGTCTCAAAAAAAAAAAAAAAAAAA"
"chr1","4578584","4578866","chr1","142214846","142215140","36","137636262","GGCCAGGCACGGTGGCTCACACCTGTAATCCCAGCACTTTGGGAGGCTGAGGCCGGCGGATCACCTGAAGTCAGGAGTTTGAGACCAGTCTGACCAACATGGCGAAACCCCATCTCTACTAAAAATACAAAAATTAGACGGGTGTGTGGTGTGCGCCTATAATCCCAGCCACCAGGGAGGCTGAGGCAGGAGAATCGCTTGAACCCAGGAGGCGGAGGTTGCAGTGAGCTGAGATCATGCCACTGCACTCCAGCCTGGGTGACAGTCTCAAAAAAAAAAAAAA","GGCCAGGTGCGGTGGCTCACCCCTGTAATTCCAGCACTTTGGGAGGCTGAGGCAGGCGGATCACCTGAGGTCAGGAGTTAGAGACCAGCCTGACCAACATGGTGAAACCCATCTCTACTAAAAATACAAAAATTAGCTGGGTGTGGTGGCATGCGCCTGTAATCCCAACTACTCAGGAGGCTGAGGCAGGAGAATCACTTGAACCCAGGAGGCGGAGGTTGCAGTGAGCTGAGGTCGTGCCACTGCACTCCAGCCTGGGCAACAGAGCGAGACTCTGCCTCAAAAAAAAAAAAAA"
"chr1","4579312","4579535","chr16","9675962","9676190","40","5096650","GAGACATCCTAGCCAACATGGTGAAACCCCATCTCTAGTGAAAATACAAAAATTAGGCATGGGGGCGCACACCTGTAATCCCAGCTACCTGGGAGGTTGAGGCAGAGAATTACTTGAACCCGGGAGGCAGAGGTTGCAGTGAGCCGAGATGGCACCACTACACTCCAGCCTGGGCAACAGAGTGAAGCTGTGTCCCAACAAAAAAAAAGAAAGAAAAAGAAAAA","GAGACCAGCCTGGCCAACATGGTGAAACCCTCTCTACTAAAAATACAAAAATTAGCCGGGCATGGTGGCACATGCCTGTAATCCCAGCTACTCAGGAGGCTGAGGCAGGAGAATCGCTTGAACCTGGGAGGCAGAGGCTGCAGTGAGCCGAGATTGGGCCACTGCACTCCAGCCTGGGCAACAGAGCCAGGCTCCATCTCAAAAAAAAAAAAAAAGGAAAAAAAAAAAA"
"chr1","4631740","4632027","chr1","210885185","210885469","30","206253445","GGCTGGGTGCAGTGGCTCATGCCTTGAATTTTAGCAATTTGGGAGGCCAAGATGGGTGGATCACCTAAGGTCAGGAGTTTGAGACCAGCCTGGCCAACATGGCAAAACCCCATCTCTACTAAAAATACAAAAATTAGCTGGGTGTGGTAATGCCTGCCTGTAATCCCAGCTACTCAGGAGGCTGAGGCAGGAGAATTGCTTGAACCTGGGAGGTGGAGGTTGCAGTGAGCTGAGATCACACCACTGTACTCCAGCCTGGGTCACAGAGTAAGACTCTGTCTCAAAAAA","GGCCGGGTGCGGTGGCTCACGCCTATAATCCCAGCACTTTGGGAGGCCGAGGTGGGAGGATCATCTAAGGTCAGGAGTTTGAGATCAGCCTGGTCAACATGGCGAAACCCAGTCTCTACTAAAAATACAAAAATTAGCTGGGTGTGGTGGTGCGAGCCTGTAATCCCAGCTACTCAGGAGGCTGAGGCAGGAGAGTTGCTTGAACCTGGGAGGCGGAGGTTGCAGTGAGCTGAGATCACACCACTGTACTCCAGCCTGGGCGACAGAGGAAGACTCTGTCTCAAA"
"chr1","4868872","4869167","chr11","117178011","117178304","36","112309139","TTATGCCTGTAATCCCAGCATTTTGGGAGCCCGAGGCAGGTGGATCACCTGAGGTCAGGAGTTCAAGACAAGCCTGGCCAACATGGTGAAACCCTGTCTCTACTAAAAATACAAAAATTAGCTGTGCATGGTGGCACATGCCTGTAGTCCCAGCTACTTGGGAGGCTGAGGCAGAAGAATTGCTTGAACCTGGGAGGCGGAGGTTGCAGTGAGCCGAGATTGTACCGTTGCACTCCAGCCTGGGTGACAGAGTGAGACTCTGTCTCAAAAATAAAAATAAGTAAAAGAAGAAAAAA","CTCACGCCTGTAATCTCAGCACTTTGGGAGGCCGAGGCAGGTGGATCACCTGAGGTCAGGCGTTCAAGACCAGCCTGGGCAACAGGGTGAAACCCTGTCTCTACTAAAAATACAAAAATTAGCTGGGTACGGTGGTGCCTGCCTGTAATCCCAGCTACTTGGGAGGCTGAGGCAGGAGAATTGCTTGAGCCTGGGAGGCAAAGGTTGCAGCGAGCCAAGATTGCACCACTGCACTCCAGCCTGGGGGACAGTGAGATTCTGTCTCAAAAAAAAAAAAAAAAAAAAAAAAAAAAA"
"chr1","4879186","4879498","chr12","21381036","21381346","37","16501850","GGCCTGGTGCCGTGGCTTACGCCTGTAATCCCAGCACTTTGGGAGGCCGAGGCGGGCAGATCGCCTGAGGTCAGGAGTTCGAGACCAGCCTGGTCAACATGGAGAAACCCCGTCTCTACTAAAAATACAAAAACTAGCCGGGCATGGTGGTGCGTGCCTGTAATCCTGGCTACTCAAGGGGCTGAGGCAGGAGAATCACTTGAACCCGGCAGTGGAGGTTGCAGTGAGCCGAGATCGTGCCACTGCGCTCCAGCCTGGGCGACAGAGGGAGACTGCGTCTCAGAAAAAAAAAAAAAAAAAAGTAAAAAGAAAA","GGCCGGGTGCGGTGGCTCACGCCTGTAATCCCAGCACTTTGGGAGGCCGAGGCGGGTGGATCACCTGAGGTCAGCAGTTCGAGACCAGCCTGGCCAACTTGGAGAAACCCCGTCTCTCCTGAAAATACAAAAAGTAGCCGGGCGTGGTGGTGCACGCCTGTAATCCCAGCTACTCAGGTGGCCGACTCAGGAGAATCGCTTGAACCCGGGAGGAGGAGGTTGCAGTGAGCCGAGATCGTGCCACTGCACTCCAGCCTGGGCAACAGAGTGTGACTCCGTCTCAAAAAAAAAAAAAAAGAAAAAAAGAAAAA"
"chr1","4901028","4901245","chr1","4224328","4224546","18","676700","GGCCAGGCGCAGTGGCTTATGCCTGTAATCCCGGCATTTTGGGAGGCTGAAGCAGGTGGATCACCTGAGGTCAGGAGTTCGAGGCCAGCCTGACCAACATGGTGAAACCCCGTCTCTACTAGTAATACAAAAAAATTAGCTGGGTGTGCTGGCACGTGCCTGTAATCCCAGCTACTCAGGAGGCTGATGCAGGATAATCACTTGAACCCAGGAGGTGG","GGCCAGGCACAGTGGCTCATGCCTGTAATCCCAGCACTTTGGGAGGCTGAAGCAGGTGGATCACCTGAGGTCAGGAGTTTGAGGCCAGACTGGCCAACATGGTGAAACCCTGTCTCTACTAGTAATACAAAAGAATTAGCCAGGTGTGGTGGCACATGCCTGTAATCCCAGCTACTCAGGAGGCTGAGGCAGGAGAATCGCTTGAACCCGGGAGGTGGA"
"chr1","4930383","4930643","chr1","4241784","4242044","22","688599","GGCCAGGGGGAGTCGCTTATGCCTGTAATCCCAGCACTTTGGGAGGCCGAGGCCGGCAGATCACCTGTAGTCAGGAGTTCAAAACTAGCCTGGCCAACGTGGCGAATCCCCATCTCTACTAAAAATACAAAAATTAGCTGGCTGTGGTGATGCGTGCCTGTAGTCCCAGCTACTCGGGGAGGCTGAGGCAGGAGAATCACTTGAACTCTGCATTCCAGCCTGGGTGACAGAGAGAGACCCCATCTCAAAACAAAATAAAAA","GGCTGGGTGGGGTCACTCATGCCTGTAATCCCAGCACTTTGGGAGGCCAAGGCAGGCAGATCACCTGCAGTCAGGAGTTCGAAACCAGCCTGGCCAACATGGTGAAACCCCGTCTCTACTAAAAATACAAAAATTATTTGGCTGTGATGGTGTGTGCCTGTAGTCCCAGCTACTCGGGGAGGCTGAGGCAGGAGAATCACTTGAACTCTGCATTCCAGACTGGGTGACAGAGAGAGACCCCGTCTCAAAACAAAATAAAAA"
"chr1","4933570","4933872","chr8","94510144","94510444","36","89576574","GGCCGGGCATGGTGGCTCATGCCTGTAATCCCAGCACTTTGGGAGTTCGAGGCAGGAGGATCACCTGAGGTCAGGAGATTGAGACCAGCCTGGCTAACATGGTGGAACCCCATGTTTACTAAAGATACAAAAATTAGTTAGGCATGGTGATGCATGCCTGTAATCCCAGCTACTTGGGAGGCTGAGGCAGGAGAATGGCTTGAACCTGGGAGGCGGAGCCTGTAGTGAACTGAGATCACGCCACTGCATTCCTGCCTGGGTGACAGAGTGAGACTCTGTCTCTAAAAATAAAAACAAACAAAA","GGCCGGGCACAGTGGCTCATGCCTGTAATCCCAGCACTTTGGGAGGCCGAGGTGGGTGGATCACCTGAGGTCAGGAATTTGAGACCAGCCTGGCCAACATGGCGAAACCCCATCTCTACTAAAAATACAAAAATTAGCTGGGCATGGTGGCATGTGCCTGTAATCCCAGCTACTTGGGAGGCTGAGGCAGGAGAATCGCTTGAACCTGGGAGGCGGAGGTTGCAGTAAGTTGAGACCACGCCACTGCACTCCTGCCTGGGTGACAGAGTGAGGCTCCGTCTCAAAAAAAAAAAAAAAAAAA"
"chr1","5003138","5003439","chr1","4315592","4315885","25","687546","GGCTTGGCACCGTGGCTCACACCTGTAATCCTAGAACTTCAGGAGGCTGAGGCTGGCAGATTGCCTGAGCTCAGGAGTTTGAGATCAGCCTGGGCAACATGGTGAAACCCCATCTCCACTAAAATACAAATAATTAGCCAGGCTTGGTTGTGCATGTCTGTAATTCCAGCTACTCGGGAGGCTGAGGCATGAGAGTTGCTTGGACCTGGGAGGCTAAGGTTGCAGGGAGCCAAGATCATGCCACTGCACTCCAGCCTGGGTGACAGAGCAAAACTCTGTCCTACAAAAAAAAAAAAAAAGAA","GGCTTAGCACCGTGGCTCACACCTGTAATCCTAGAACTTTGGGAGGCTGAGGTGGGCAGATTGCCTGAGTTCAGGAGTTTGAGACCAGCCTGGGCAGTATGGTGACACCCCATCTCCACTAAAATACAAAAAATTAGCCAGGCTTGGTTGTACATGTCTGTAATTCCAGATACTCAGGAGGCTGAGGCATGAGAGTTGCTTGGACCTGGAAGGCTAAGGTTGCAGGGAGCTAAGATCGTGCCACTGCACTCCAGCCTGGGTGACAGAGCAAAACTCTGTCTCAAAAAAAAAAAA"
"chr1","5079883","5080191","chr1","4395272","4395583","42","684611","GGCTGTGGGCAGTGCCTCATGCCTGGAATCCTAGCACTTTGGGAGGCCAAGATGGGTGGATTACCTGAGGTCAGGAGTTCGAATCCATCCTGGTCAACATGGCGAATTCCCATTTGTAAAAATACAAAAATTAGCCAGGTGTGGTGGTGCGCACTTGTAATCCCAGCTACTTGGGAGGCTGAGGCAGGAGAATCACTTGAATCCAGGAGGCGGAGGTTGCAGTGAGCAGAGATCGTGCCACCGCACTCCAGCCTGGGCTACAGAGGGAGACTCTGTCTCAAAAAAACAAAACAAAACAACAACAAAAAA","GGCTGGGGGCAGTGCCTCACGCCTATAATCCCTGCACTCTGGGAGGCCAAGGTGGGCGCATCATCTGAGGTCAGGAGTTTGAGACCATCCTGGTCAACATGGAGAACTCCTGTCTCTACTAAAAATACAAAAATTAGCCAGTCGTGGTGGTGCATGGCTGTAATCCTAGCTACTTGGGAGGCTGAGGCAGGAGAATCACTTGAACCCAGGAGGCGGAGGTTGCAGTAAGCAGAGATCATGCCACTGCACTCCAGCCTGGGCAAGAGAGTGAGACTGTGTCTCAAAAAACAAAACAAAACAAAAACAAAAAAA"
"chr1","5107707","5108011","chr6","129934590","129934892","39","124826883","GCCAGGCGCAATGGCTCACCCCTGTAATTGTAGCACTTTGGCAGGCCAAGGTGGGCGGATTGCCTGAGCTCAGGAGTTTGAAACCAGCCTGGACAACATGGTGAAACCCCATGTCTACTAAAAATACAAAAAAATTACCCCGGCATGGCGACGTGTGCCTGTAGTCCCAGCTGCTTGGGAGGCTGAGGCAGGAGAATCGCTTGAACCCCAGAGGCGGAGGTTGCAGTGAGCTGAGATCGCACCACTGCATTCCAGCCTGGGTGACAGAGTGAGACTCCATCTCAAAAAAAAAGAAAAAGAAAAAA","GCTGGGCGCAGTGGCTCACGCCTGTAATCCTAGCACTTTGGGAAGCCAAGGAGGGCGGATTGCCTGAGCTCAGGAGTTCGAGACCAGCCTGGGCAACACGGTGAAACCCTGTCTCTACTAAAATACAAAAGAAATTAGCCGGGTGTGGTGGCGTGCGCCTGTAGTCCCAGCTACTCGGGAGGCTGAGGCAGGAGAATTGCTTGAACCTGGGAGGCGGAGGTTGCAGTGAGCCGAGGTCACGCCACTGCACTCCAGCCTGGGTGACAGAGTGAGACTCCATCTCTAAAAAAAAAAAAAAAAAAA"
"chr1","5109164","5109456","chr3","178976330","178976618","41","173867166","GGCTGGGTGCAGTGGCACACACCTGTAATCCTAGCACTTTGGTAGGCCGAGGTGAGTGGATAACCTGAGGTCAGGAGTTTGAGACTAGCCTGGCCAACATAGTGAAACCCAGTCTGTACTTAAAATGCAAAAATTAGCTGGGCATGGTGGTGCGTGCCTGTAGTCCCAACTACTCGGGAGGCCAAGGCAGGAGAATTGCTTGAACCTGGGAGGTGGAGGTTGTTGTGAGCAGAGATCACACCACTGTACTGGAGCCTGGGTGACAGAGTGAGACTCTGTGTCAAAAAAAAAAA","GGCTGGGCGCAGTGGCTCATGCCTGTAATCCCAGCACTTTGGGAGGCCAAGGTGGTGGATCACCTGAGGTCAGGAGTTTGAGATCAGCCTGGCCAACATGGTGAAATCCCGTCTCTACTAAAAATACAAAAATTAGCTGGGCTTGGTGGTGTATGCCTGTAGTCCCAGCTACTTGGGAGGCTGAGACAGGAGAATTGCTTGAACCTGGGAGGCGGAGGTTGCAGTGAGCCAAGATCGGGCCACTGTATTCCAGCCTGGGCGACAGAGTGAGACTCTGTCTCAAAAAAAA"
"chr1","5152499","5152649","chr2","66905039","66905190","27","61752540","TAATCCCAGCTACAGAGAGAGGCGCTGAGGCAAGAGAATCACTTGAACCTGGGTGGTGGAGGTTGCAGTGAGCCGAGTGCCACTGCACTCCAGCCTGGGTGACAGAGAGAGACTCTGTATCAAAAAAACAAAAAACATAAACAAAAACAAA","TAATCCCAGCTACTCAGGAGGCTGAGGCAAGAGAATCGCTTGAACCCTGGAGGCGGAGGTTGCAGTGAGCTGAGATCATGCCATTGCATTCCAGCCTGCGTGACAGAGTGAGACCCTATCTCAAAAAAAAAAAAAAAAAAAAAAAAAAAAAA"
"chr1","5183753","5184058","chr4","39634856","39635158","43","34451103","GGCCAGGGGCAGTGGCTCACGTCTGTAATCCCAGCACTTTGGGGGGCCGAGGCAGGTGGATCACCTGAGGTGAGGATTTCGAGACCAAGCTGGCCAAGATGGTGAGACCCCGTCTCTACTAAAAATATAAAAAATTAGCCTGGCAGAGTGGTGCAGGCCTGTAATCCCAGCTACTCAGGAGGCTGAGGCAGGAGAATCACTTGAACCCGGGAGGTAGAGGTTGCAGTGAGCTGAGATCGAGCCACTGCACTCCAGCCTGGGTGACAGAGTGAGACTCCATTGCCCAGGCTGAAAAAAAAAAGCAAA","GGCCGGACGCAGTGGCTCACGCCTGTAATCCCAGCACTTTGGGAGGCCAAGGAGGGCAGTCACCTGAGCTCAGGAGTTCAAGACCAGCCTGGACAACATGGTGAAACCCCGTCTCTACTAAAAATACAAAAAATTAGCCAGGCATGGTGGTGCATTCCTGTAACCCAGCTACTCAGGAGGCTGAGGCAGGAGAATCGCTTGAACCCGGGAGGCAGAGGTTGCAGTGAGCCGAGATCGCGCCACTGTACTCCAGCCTGGGTGACAGAGTGAGACTTTGTCTCAAAAAAGAAAAAAAAAAAAAAA"
"chr1","5216427","5216724","chr1","4528844","4529147","35","687583","GGCCAGGCACCAGAGCTCACACCTGTAATCCCAGCACTTTGAAAGGCCGAGGCCCGAGGATCACCTAAGGTCAGGAGTTCGAGACCAGCCTGGCCAACACGGTGAAACCCCATCTCTACTAAAAATACAAAAATTATCTGGGCATGGTGGCACTCCTGTAATCCCAGCTACTCGGGAGGCTGAGACAGGAGAATCATTTGAACCCAGGAGGCAGGGTTTGCAGTGAGCTAAGATTGTGCCACTGCACTCCAGCCTGGGCAATAGAGCAAGATTCTGTCTCAGAAAAAAAAAAAAACAA","GGCCAGGCACAGTGGCTTATGCTTGTAATCCCAGCACTTCGGAAGGCTGAGGCGGGAGCATCACCTAAGGTCAGGAGTTTGAGACCAGCCTGGCCAACATGGTGAAACCCCATCTGTACTAAAAATAAAAAAATTATCTGGGCTTGGTGGCACACCTTTAATCCCAGCTACTCAGGAGGCTGAGACAGGAGAATCACTTGAACCCAGGAGGCAGAGTTTGCAGTGAGCTGAGATTGCACCACTGCACTCCAGCCTGGGCAATAGAGCAAGACTCTGTCTCTGTAAAAAAAAAAAAAAAAAAAAA"
"chr1","5220930","5221227","chr1","4533899","4534202","35","687031","GGCCAGGCATGTGGCTCATGCCTGTAATCTCAGCACTTTGGGAGGCTGAGGCAGGCAGATCACCTGAAGTCAGGAGTTCAAGACCAGCCTGACCAACATGGCGAAACCCCATCTCTACTAAAATACAAAAATTAGCCAGGCGTGATGGCATGCACCTGTAGTCCCAGCTATTTGGGAGGCTGAGGCAGGAGGATCACTTGAACCCGGGAGGTGGAGGTTGCAGTGAGCCAAAATTGCACCACTGTATTCCAGACTGGGTGACAGAACAAGACTCTGTCTCCAAAAAAAAAAAAAAGAA","GGCCAGGCGTGTGGCTCATGCCTGTAATCCCAGCACTTTGGGAGGCTGAGGCAGGCGGATCACCTGAAGTCAGGAATTCTAGACCAGCCTGACCAACATGGCTACACCCTGTCTCTACGAAAGTACAAAAATTAGCCAGGTGTGATGGCACGCACCTGTAGTCCCAGCTATTTGGGAGGCTGAGGCAGGAGGATCACTGGAACCCAGGAGGCGGAGGTTACAATGACCCAAAATCACGCCACTGCATTCCAGACTGGGTGGCAGAGTGAGACTCTGTCTCAAAAAAAAAAAAAAAAAAAAAAAA"
"chr1","5230066","5230403","chrX","135197869","135198180","66","129967803","GGCCGGGTGGGGTGGCTCACACCTGTAATCCCAGCACTTTGGGAGGCCGAGGCGGGTGGATCACCTGGGGTCGGGAGTTCGAGACCAGTCTGACCCACATAGTGAGATCCTGTCTCTACTTAAAACACAAAAATTAGTTGAGCATGTTGGCACATGACTGTAATCCCAGCTATTGGCACATGACTGTAATCCCGGTTACTCAGCAGGCTGAGGCAGGAGAATCACTTGAATCCAGGAGGCAGAGTTCGCAGTGAGCCAAGATCACACGATAGCACTCCGGCCTGGGCAACACAGTGACACTCCGTCTCAAAAAAAAAAAAAAAAAAAAAAGAAAGAAA","GGCCGAGCACGGTGGCTCACGCCTGTAATCCCAGCACTTTGGAAGGCCGAGGTGGGTGGATCACCTGAGGTCAGGAGTTCAAGACCAGCCTGGCCAACATGGTGAAACTCCCGTCTCTACTAAAAATACAAAAATTAGCCAGACATGGTAACACATGCCTGCAATCCCAGCTACTCTGGAGGCTGAGGCAGGAGAATCACTTGAATCTGGGAGGTGGAAGTTGCAGTGAGCCAAGATCACGCCATTGCACTCCAGCCTGGGTAACAGAGTGAGACTCCACCTCAAAAAAAAAAAAAAAAAAAAAAGAAGAAA"
"chr1","5490807","5491099","chr1","4590538","4590838","22","900269","GGCCAGGCGCAGTGGCTCATGCCTGTAATCCCAGCACTTTGGGAGGCCGAGGCGGGTGGATCACATGAGGTCAGGAGTTCGAGACCAGCCTGGCCAACATGGTGAAACACTGTCTCTACTAAAAATACAAAATTAGCTGGGCGTGGTGGCACGTGCCTGTAGTCCCAGCTACTTGGGAGGCTGAGGCAGGAGAATTGTTTAAAATCAGGAGGCGGAGGTTGCAATGAGCTGAGACGGTGCCCCTACACTCCAGCCTGGGCAACAAGAGTGAGACTCTGTTTCAAAAATAAAAA","GGCCGGGCGCAGTGGCTCACGCCTGTAATCCCAGCACTTTGGGAGGCCGAGGCGGGTGGATCACATGAGGTCAGGAGTTCGAGACCAGCCTGGCCAACATGGTGAAACACCGTGTCTACTGAAAATACAAAATTCGCGAATTAGCTGGGCGTGGTGGCTCGTGCCTGTAGTCCAAGCTACTTGGGAGGCTGAGGCAGGAGAATTGTTTAAAAATCAGGAGGCAGAGGTTGCAATGAGCCGAGATGGTGCCCCTGCACTCCAGCCTGGGCAACAAGAGTGAGACTCCGTTTCAAAAATAAAA"
"chr1","5609586","5609892","chr1","4707328","4707639","36","902258","GGCTGGATGCGGTGGCTCACACCTGTAATTTAAAGCAATTTGGGAGGCTGAGGCGGGTGGATCACCTGAGGTCAGGAGTTCGAGACCAGCCTGGCCAACATGGTGAAACCCCATCTCTACTAAAAATACAAAATTAGCTGGGCATGGTGGCACGTGCCTGTAATCCCAGCTACTTGAGAGACTGAGGCAGGAGAATCACTTGAACCTGGGAGGCGGAGGTTGCAGTGAGCCAAGATCTTGCCATTACACCCCAGCCTGGGCAACAGAGTGAGACTCTGTCTCAAAAGCAGGAAAAGGAAAAAAGAAA","GGCCAGGTGTGGTGACTCACACCTGTAATCCCAAGCACTTTGGGAGACTGAGGCAGGTGGATCACCTGAGGTTAGGAGTTCGAGACCAGCCTGGCCAACATGGAGAAACCCCATCTCTACTAAAAATACGAAATTAGCTGGGCATGGTGGCACGTGCCTGTAATCCCAGCTACTTGGGAGACTGAGGCAGGAGAATCATTTGAATGCAGAAGGCAGAGTTTGCAGTGAGCCAAGATTGTGCCATTGCACTCCAGCCTGGGCAACAGAATGAGACTCTGTCTCAAAAAAAGAAAAAAAGGAAGAAAAAAGAAA"
"chr1","5627376","5627665","chr1","4727252","4727548","25","900124","GCCTAGTGCAATGGCACATGCATGTAATCCCAGCACTTTAGGAGGCTGAGGCAGGCAGGTCACCTGAGGTCAGCAATTTGAGACCAAACTGGCCAACATGGTGAAACCCTGTCTCTACCAAAAATACAAAAATTAGCCAGGCATGGTGGTACTTGCCTGTAATCCCAGCTACTCAGGAGGCTGAGGCTGGAGAATTGCTGGAACCCAGGAGGTGGAGGTTGCATTGAGTCAAGATTGCATCACTGCACTCCAACCTGAGCAACAGAGCAAGACTCCATCTCAAAAAAAAA","GCCTAGTGCAGTGGCTCATGCCTGTAATTCCAGCACTTTAGGAGGCTGAAGCAGGCAGATCACCTGAGGTCAGCAATTTGAGACCAACATGGCCAACATGGTGAAACCCTGTCTCTACAAAAAATACAAAAATTAGCCAGGCATGGTGGTACTTGCCTGCAATCCCAGCTACTCAGGAGGCTGAAGCAGAAGAATTGCTTGAACTCAGGAGGTGGAGGTTGCAATGAGCCAAGATTGCATCACTGCACTCCAACCTGAGCAACAGAGCAAGATTCCATCTCAAAAAAAAAAAAAAAA"
"chr1","5631797","5632107","chr1","4731654","4731965","35","900143","GGCTGGGCACAGTAGCTCAAGCCTGTAATCTCAGCACTTTGGGAGGCCGAGGTGGGCAGATCACCTGAGGTCAGGAGTACAAGACCAGCTTGGCCAATATGGAGAAACCCCATCTCCCCTAAAAATGCAAAAATTAGCAGGGTGTGGTGGCACGAACCTATGGTCCCAGCTACTCAGGAGGCTGAGGCAGGAGAATCGCTTAAACCCAGGAGGCAGAGGTTGCAGTGAGCTGAGATCGCACCACTACACTCCAGCCTGGGTGACAAAGTGAGACTCCATCTCAAAAACAAAAACAAAAACAAACAAAAAAA","GGCCGGGCATGGTGGCTCACACCTGTAATCCCAGCACTTTGGGAGGCCGAGGTGGGCGGATCACCTGAGGTCAGGAGTTCAAGACCAACCTGGCCAACATGGTGAAACCCCATCTCCACTAAAAATACAAAAATTAGCCAGGTGTGGTGGCTTACACCTGTAGTCCCAGCTACTCAGGAGGCTGAGGCAGGAGAATCGCTTAAACCCAGGAGGCGGAGGTTGCAGTGAGCTGAGATCACACCACTGCACTCCAGCCTGGGTGATAAAGAGAGACTCTGTCTCAAAAAAAAAAAAAAAAAAAAAAAAAAAAAA"
"chr1","5638736","5638983","chr3","43311153","43311399","33","37672417","GCCAGGCAAGGTGGCTCACGCCTGTAATCCCAGCACTTTGGGCGGCCGAGGTGGGCAGATCACCTGAGGTCAGGAGTTCAAGACCAGCCTGACCAACATGGTCAAACCTCGTCTCTACTAAAAATACAAAAATTAACCGGGCATGGTGGCACCCACCTGTAATCCCAGCTACTCAGGAGGCTGAGGCAGGAAAATCACTTGAACCCAGAAGGTGGAGGTTGCAGTGAGCCAAGATCACGTCACTGCAC","GGCCAGGTGCAGTGACTCACGCCTGTAATCCCAGCACTTTGGGAGGCCGAGGTGGGCAGATCACCTGAGATCGGGAGTTCGAGACCAGCCTGGCCAACCTGGTGAAACTGTCTCTACTAAAAACACAAAATTAGCCAGGCATGGTGGTGCGTGCCTGTAATCCCAGCTACTCAGGAGGCTGAGGCAGGAGAATCGCTTGAACCCAGGAGGCGGAGGTTACAGTGAGCCAAGATCGCACCACTGCACT"
"chr1","5657587","5657899","chr7","25088554","25088855","44","19430967","GACCAGGCGCGGTGGCTCATGCCTGTAATCCCAGCAATTTGGGAGGCCAAGGAGGGCAGATCTCCTGAGGTCAGGAGTTCGAGACCAGCCTGGTAAACATGGGGAAACCCCGTTGTCTCTACTGAAAATACAAAAATTAGCTGGGTGTGGTGGCATATGCTTGTTGTCCCAGCTACTTAGGAGGCTGAGGCAAGAGAATCACTAGAACCCAGGAGGCGGAGGTTGCAGTGAGCCGAGATCACTCCACTGCACTCCAGCCTTGAGGACAGAGCAAGACTCCATCTCAAAATGAATAAATAAATAATAAAAGAAA","GGCCAGGCGCAGTGGCTCATGCCTGTAATCCCAGCATTTTGGGAGGCCGTGGCGGGTGGATCACCTGAGGTCAGGAGTTCAAGACCAGCCTGGCCAACATGGTGAAACCCCATCTCTACTAAAAATATAAAAATTAGCTGGGCGTGGTGGCACTTGCCTGTAATCCCAGCTACTTAGGATGCTGAGGCAGGAGAATCACTTAAACCCGGGAGGCGGAGGTTGCAGTGAGCCGAGATCACACCACTGCACTCCAGCCTGGAGACAGAGCAAGGCTCCGTCTCAAAAAAGGAAAAAAAAAAAAA"
"chr1","5683524","5683822","chr1","4785356","4785664","36","898168","GCCGGGCACAGTTCACATCTGTAATCCCAGCACTTTGGGAGGCAAAGGCAGGCAGATCACCTGAGGTCAGGAGTTCAAGACCAGTCTGACCAACATGGTGAAACTCCATCTCTACTAATAATACGAAAATTAGCCAGGTGTGGTGGTGCACACCTGTAGCCCCAGCTACTTGGGAGGCTGAGGCAGGAGAATCACTTGAACCCGGGAGGTAGAGATTGCAATGAGCCAAGACCACACCACTGCACTCCAGCCTGGGTGACAGAGTGAGACTTCGTCTACAAAAAAGAAAAAAAAAAAAA","GGCCGGGTACAGTGGCTCACATCTGTAATCCCAGCACTTTGGGAGGCAGAGGCGGGCAGATTACCTAAGGTCAGGAGTTCAAGGCCAGTCTGACCAACATGGTGAAACCCCATCTCTACTAATAATTTGAAAATTAACCAGGTGTGATGGTGCATGTCTGTAGCCCCAGCTACTCAGGAGGCTGAGGCAGGAGAATCACTTGAACTCGGGAGGCGGAGATTGCAATGAGCTGAGACCACGCCACTGCACTCCAGCCTGGGTGACAGAGTGATACTTCATTTCAAAAAAAAAAAGAAAAGAAAAGAAAAA"
"chr1","5715260","5715421","chr12","113043341","113043499","27","107328081","AATTGGCCAGGTGTGGTGGCGCATACCTGTAATCTCAGCTACTCGGGTGGCTGAGGCAGGAGAATCAGTTGAACCTGGGAGGTGGAGGTTGCGGTGAGCCAAGATCGTGTGATTGCACTCCAGCCTGGGCAAAAAGAGCAAAACTCCGTCTCAAAAAAAAAA","TTAGCCAGGTGTGGTGGCACAGACCTACAGTCCCAGCTACTTGGGAGGCTAAGGCAGGAGAACCGCTTGAACCCGGGAGGTGGAGGTTGCAGTGAGCCAAGATCGTGCCATTATACTCCAGCCTGGGCGACAAGAGCAAGACTCCATCTCAAAATAAAA"
"chr1","5715572","5715692","chr8","6959684","6959805","16","1244112","GGCCGGGCGCGGTGGCTCATGCCTGTGATCTCAGCACTTTAGGAGGCTGAGGCAGGCAGATCACCTGAGGTTGGGAGTTCGAGAACAGCCTGATCAACATGGAGAAACCCTGTCTCTACTA","GGCCAGGCGCGGTGGCTCACACCTGTAACCCCAGCACTTTGGGAGGCCAAGGCAGGCAGATCACCTGAGGTCAGGAGTTCGAGACCAGCCTGGCCAACATGGCGAAACCCTGTCTCTACTAA"
"chr1","5718652","5718827","chr3","41169959","41170135","31","35451307","AAATTTAGCCGGGCATGGTTGTGTGTGCCTGTAATCCCATCTACTCAGGAGGCTTAGGCAGGAGAATCGCTTGAATCCGGGAGGCAGAAGTTGCAGTGAGCCAAGATCACGCCATTACACTTCAGCCCGGGTGACAAGGTAAGACCCAGTCTCAAAAATAAATAAATAAAATAAAA","TAAATCATCCGGGCATGGTGGTGAGTGCCTGTAATCCCAGCTACTCGGGAGGCTGAGGCAGGAGAGTCACTTGAACCTGGGAGGCAGAGGTTGCAGTGAGTCAAGATCGCGCCATTGCACTCCAGCCTGGGTGACAGCGCAAGACTCCATCTCAAAAACAAAACAAAAACAAACAAA"
"chr1","5739725","5739865","chr2","203147393","203147530","17","197407668","GGCCAGGAGTGGTGGCTCACACCTGTAATCTCAGCACTTTGGGAGGCTGAGGCGGGCGGATCACCTAAGGTCAGGAGTTCAAAACCAGCCTGGCCAACATGGCGAAACTCCATCTCTATTGAAAAATTACAAAAATTAGCC","GGCCGGGCATGGTGGCTCATGCCTGTAATCCCAGCACTTTGGGAGGCTGGGCGGGCGGATCACCTGAGGTCAGGAGTTTGAGACCAGCCTGGCCAACATGGCAAAACCCCATCTCTACTGAAAATACAAAAATTAGGC"
"chr1","5770592","5770894","chrX","144246404","144246709","29","138475812","GGCCGGGCACGGTGGCTCATGCCTGTAATCCCAGCACTTTGGGAGGCTGAGGCGGGTGGATCACCTGAGGTCAGGCATTTGAGACCAGCCTGGCCAACATGGCAAAACCTTGTCTCTATTAAAAATACAAAAATTAGCCAGGCATGGTGGCTCGCGCTTGTAATCCCAGCTACTCGGGAGGCTGAGGCAGGAGAATTACTTGAACCCAGGAGGCAGAGGTTGCAGTGAGCCAAGATTGTGCCACTGCACTCCAGCCTGGGTGGCAGAGCGATACTCCATCTACAAAAAAAAAAAAAAAAAAAA","GGCTGGGCATGGTGGCTCATGCCTATAATCCTAGAACTTTGGGAGGCTGAGGCGGGTGGATCACCTGAGGTCAGGGGTTTGAGACCAGCCTGGCCAACATGGCAAAACGCCGTCTCTACTAAAAATACAAAAATTAGCCAGGCATGGTGGCACATGCCTGTAATCCCAGCTACTCAGGAGGCTGAGGCAGGAGAATTGCTTGAACTCAGGAGGCGGAGGTTGCAGTGAGCTGAGATCGTGCCACTGCACTCCAGCCTGGGTGACAGAGTGAGACTCCATCTTTTAAAAAAAAAAAAAAAAAAAAAA"
"chr1","5792968","5793137","chr9","51743737","51743907","23","45950769","GGCCAGGCGTGATGGCTCACACCTGTCATCCCAGCACTTCGGGAGGCCAAGGCAGGCAGATCACCTGAGCTCAGGAGTTCGAGACCAGCCTGGCTAACATGGCAAAACTTCATCTCTACTAAAAATACAAAAATTAGCCAGGCATGGTGGGACATGCCTGTGATCCCAGC","GGCCGGGAGAGGTGGCTCATACCTGTAATCCCAGCACTTTGGGAGGCCAAGGCAGCCGGATCACCTGAGGTCAGGAGTTCGAGACCAGCCTGGCCAATATGGCGAAACCCTGTCTCTACTAAAAATACAAAAATTTTCCATGCATGGTGGCACATGCCTGTGATCCCACCT"
"chr1","5797782","5797878","chr2","124529769","124529860","18","118731987","GTGGAGGTTGCAGTGAGCCAAGATCATGCCACTGCCCTCCAGCCTGGGTGAGAGAGTGAAACTCTGCCTCAAAAACAAACAAACAAACAACAAAAGA","GAGGTTGCAGTGAGCCAAGACCACACCATTGCACTCCAGCCTGGGTGACAGAGTGAGACTGTGTCTCAAACAAAAACAAAACAAAACAAAAA"
"chr1","5798481","5798666","chr19","16963325","16963517","34","11164844","GTGGTGGCTCATGCCTGTAATCCTAGCATTTTGGGAGGCCAAGGCCAGAGGATCACCTGAGGTCAGGAGTTCGAGACAAGCCTGGCCAACATGGCAAAACTCCATTGCCACTAACAATACAAAAAGTAGCCGAGTGTGGTGGTACACACCTGTAATCCCAGTTACTTGGGAGGCTGAGGCATGAGA","GGCCAGGCACAGTGGCTCATGCCTGTATCCCAGCACTTTGGGAAGCCGAGGCGGGTGGATCACCTGAGGCCAGGAGTTCGAGACCAGCCTGGCCAACATGGTGAAAACCCGTCTCCACTAAAAATACAAAAATTAGCCGGGTGTGGTGGTGCAAACCTGTAATCCCAGCTACTCGGGAGGCTGAGGCGAGAGA"
"chr1","5804358","5804653","chr1","4909340","4909636","25","895018","GCGCGGTGGCTTACGCGTGTAATCCCAGCAATTTGGTAGGCCAAGGTGGGTGGATCACCTGAGGTCAAGAGTTCAAGACCAGCCTGGACAAAATGGCGAAACCCTATCTCTACTAAAAGTACAAAAATTAGCCAGGCATGGTGGTGCATGCCTGTGATCCCAGCTACTTGGAAGGCTAAGGCAGGAGAATCTCTTGAATCTGGGAGGCGGAGGTTGTAGTGAGCCGAGATCGCACCACTGCACTTCAGCCTGGGCAACAAGAGTGAGACTCCATCTCAAAAAAAGAAAAAAGAAAA","GCACGGTGGCTCACACCTGTAATCCCAGCACTTTGGGAGGCCAAGGCGGGTGGATCACCTGAGGTCAGGAGTTCAAGACCAGCCTGGCCAAAATGGTGAAACCTTATCTCTACTAAAAATACAAAAATAAGCCAGGCATGGTGGTTCATGCCTGTAATCACAGCTACTTGGGAGGCTAAGGCAGGAGAATCTCTTGAATCTGGGAGGCAGAGGTTGTAGTGAGCCTAGATTGTGCCACTGCACTTCTGCCTGGGCAACAAGATTGAGACTCCATCTCAAAAAAAGAAAAAAAGAAAA"
"chr1","5931774","5931900","chr13","57272723","57272853","14","51340949","GGCTGGGTGCGGTGGCTCATGCCTGTAATCCCAGCATTCTGGGGCCAAGGTGGGCGGATCACCTGAGGTCAGGAGTTCAAGAGCAGCCTGGCCAACATGGCGAAACCCCATCTCTACTAAAAGCACA","GGCTGGGTGCGGCGGCTCACGCCTGTAATCCCAGCACTTTGGGAGGCCAGGGCGGGCGGATCACCTGAGGTCAGGAGTTCGAGACCAGCCTGGCCAACATGGCGAAACCCCATCTCTACTAAAAATAACTA"
"chr1","5947551","5947834","chr1","5050480","5050765","23","897071","GGCTGGGTGCGGTGGCTCACGCTTGTAATCCCAGCACTTTGGGAGGCTGAGGTGGGCGAATCACCTGAGGTCAGGAGTTCAAGACCAGCCTGGCCAACATGGTGAAACCCTGTTATTACTAAAAATACTAAAATTAGCCGGGTGTGGTGGCGCATGCCTGTAATCCCAGCTACTCAGGAGGCTGAGGCAGGAGAATCACCTGAACCTGGGAGGCAGAGGTTGCAGTGAGCTGAGATTGCGTCATTGCACTCCAGCCTGGGCAACAGAGCAAGACTCTTGTCTCA","GGCTGGGCATGGTGGCTCACGCTTGTAATCCCAGCACTTTGGGAGGCTGAGGTGGGCGGATCACCTGAGGTCAGGAGTTTAAGACCAGCCTGGCCAACATGGTGAAACCCCGTCTCTACTAAAAATACTAAAATTAGCCAGATGTGGTGGCACATGCCTGTAATCCCAGCTACTCGGGAGGCTGAGGCAGGAGAATCACTTGAACCCAGGAGGCAGAGGTTGCAGTGAGTTGAGATCGCGTCATTACACTCCAGCCTGGGCAACAGAGCAAGACTCTGTCTCAAAA"
"chr1","5976719","5977020","chr1","5080444","5080737","35","896275","GGCCAGGCGCCATGGCTCACACCTGTAATCCCAGCATTTTGGGAGGCCGAGGTAGGTGGATCACCTGAGGTCAGGAGTTCGAGACCTGCCTGGCCAATGTGGTGAAACCCCGTCTTTACTGAAAATACAAAAATTAGCTGGGCGTGGTCGTGAACACTTGTAATCCCAGCTACTCGGGAGGCTGAGGGAGGAGGATCACTTGAACCCGGAAGGCGGAGGTTGTAGTGAGCCGAGATTGTGCCACTTCACTCTTGCCTGGGCGACAGAGCAAGACTGTCTAAACAAAAAAAAAAAAAAAAAAA","GGCCAGGCGCCATGCCTCATGCCTATAATCCCAGCACTTTGGGAGGCCGAGGTGGGTGGATCACCTGAGGTCAGGAGTTCAAGACCAGCCTGGCCAACGTGGTGAAACCCCATCTCTACTAAAAATACAAAAATTAGCCGGGCATGGTGGCTAACACGTGTAATCCCAGCTACTTGGGAGGCTGAGGGAGGAGGATCGCTTGAACCCGGAAGGCGGAGGCTGTAGTGAGCTGAGATTGTGCCACTGCACTCCTGCCTGGGCAACAGAGCAAGACTGTCTCAAAAATAGAAAAAA"
"chr1","5981504","5981773","chr1","5084485","5084769","41","897019","GGGGGCTCACACCCATAATTCCAGCACAGGTGGATCACCTGAGGTCAGGAGTTTGAGACCAGCCTGATCAACATGGTGAGACCCCATCTCTACTAAAAATACAAAAATTACCCAGGCGTGGTGGTGCATGCCTGTAATCCCAGTGACTTGGGACGCTGAGGCAGGAGAATCGCTTGAACCCGGGAGGCAGAGGTTGCAGTGAGCCGAGATTGCACCACTGCAATCCAGCCTGGGTGACGGAGATTCCATCTCAAAATAAAAAAAAAGAAA","CACAGTGGCTCACACCTGTAATTCCAGCACAGGTGGATCACCTGAGGTCAGGAGTTAGAGACCAGCCTGACCAACATGGTGAGACCGTGTCTCTACTAAACATACAAAAATTACCCGCATGGTGGCGCATGCCTGTAATCCCAGCTACTTGGGAGGCTGAGGCAGGAGAATCGCTTGAACCTGGGAAGCAGAGGTTGCAGTGAGCCGAGATCACACCACTGCAATCCAGCCCGGGTGACAGAGGGAGACTCCATCTCAAAAAAAAGAAAAAGAAAAAGAAAGAAA"
"chr1","6004558","6004855","chr1","5106139","5106436","25","898419","GCCGGGCATGGTGGCTACACCTGTAATCCCAGCACTTTGGGAGGTTGAGGCGGGCAGATCACCTGAGCTCAGGAGTTTGAAACTAGCCTGGCCAACATGGTGAAACCCCGACTCTACCAAAAATACAAAAACTTAGCCGGGCATGGTGGCGCACATCTGTGGTCCCAGCTACTTGGGAGGCTGAGGAAGGAGGATCACTTGAGCTCAGGGGGAGGAGGTTTACAGTGAGCTGAGATCACACCACTGCACTACAGCCTGGGTGACAGAGTGAGACTTCATCTCAAAAAAAAAGAAGAAA","GGCCGGGCATGGGCTACACCTGTAATCCCAGCACTTTGGGAGGCTGAGGCAGGCAGATCACCTGAGCTCAGGAGTTTGAGACCAGCCCGGCCAACATGGTGAAACCCTGATTCTACCAAAAATACAAAAACTTAGCCGGGTGAGGTGGCGCATATTTGCGGTCCCAGCTACCTGGGAGGCTGAGGAAGGAGAATCACCTGAGCTCAGCGGGAGGAGGTTTACAATGAGCTGAGATCACACCACTGCACTATAGCCTGGGTGACCGAGTGAGACCTCATCTCAAAAAAAAAGAAAGAAA"
"chr1","6027873","6028167","chr1","5130089","5130383","30","897784","GCCAGGCACGGTGGTTCACGCCTGTAATCCCAGCACTTTGGTAGGCCAAGGTGGGCGGATCACCTGAGGTCAGGAGTTCGAGACCAGCCTGGCCAACACGGTGAAACCCCGTCTCTACTAAAAATACAAAAATTACCCAGGCATGATGGCGTGCACCTGTAATCCCAGCTACTCGGGAGGCTGAAGCAAGAGAATTGCTTGAACCCGGGTGGCGTGGTGGAAGTTGCAATGAGCCAAGATCGCACCGCTGCACTCCAGCCTGGAGACGGAGCGAGACTGTCTCAAAAAAAAAAAA","GCCAGGCACAGTGACTCACGCCTGTAATCCCAGCACTTTGGGAGGCCAAGGCGGGCAGATCACCTAAGGTCAGGAGTTCAAGACCAGCCTGGCCAACATGGTGAAACCCCATCTCTACTAAAAATATAAAAATTACCCAGGCACGATGGTGTGTGCCTGTAATCCCAGCTACTCAGGAGGCTGAGGCAGGAGAATCGCTTGAACCCAGGTGGCGTGGTGGAAGTTGCAATGAGCGGAGATCGCACCACTGCACTCTAGTCTGGAGACGGAGCAAGACTCTGTCTCAAAAAAAAAA"
"chr1","6070709","6071009","chr1","5172917","5173228","40","897792","GGCTGGGCATGGTGGTTCACACCTGTAATCCCAGCACTTGGGGAGGCAGAGACGGGTGGATCACCTGAGATCAGGAGCTCGAGACCAGCCTGGCCAACCTGGTGAAACACCACCTACTAAAAATACAAAAAATAGCCAGGCATAGTGGGGCGCACCTGTAGTCCCAACTACTCAGGAGGCTGAGGCAGAAGAATTGCTTGAACTCAGGAGGCAGAGATTGCAGTGATCTGAGATCATACCACTGTACTCCAGCCTGGGCGACAAGAGTGAGACACTGTCTCAACAACAACAACAAAAAAAA","GGCCGGGCACGGTGGCTCACACCTGTAATCTCAGCACTTGGGGAGGCGGAGGCGGGTGGATCACCTGAGATCAGGAACTCGAGACCAGCCTGGCCAACCTGGTTAAACACCGCCTACCAAAAATACAAAAATTAGCCAGGCATAGTGGGGCGCGCCTGTAGTCCCAGCTACTCAGGAGACTGAGGCAGGAGAATCGCTTGAACTCAGGAGGCAGAGGTTGCATTGAGCCGAGATCACACCACTGCACTCCAGCCTAGGCAACAAGAGCGAGACACCACCTCAACAACAACAAAAATGTATAAAAGAAGAAAA"
"chr1","6074271","6074497","chr13","9933233","9933462","30","3858962","GGGTGAGATGGCTCATGCCTGTAATCCCAGCAGTTTGGGATGCCAAGGTGGGCAGATCACCTGAGGTCAGGAGTTTGAGACCAGCGTGGTCAACATGACAAAACTCTGTCTCTACCAAAAATACAAAAATTAGTCAGGCATGGTGGTGCATCCCTGTAGTCCCAGCTACTTGGGAGGCTGAGGCAGGAGAATCGCTTGAACCTGGGAGGCAGAGGTTGCAGTGAGCC","GGCCGGGTGCGGTGGTTCATGCCTGTAATCTCAACACTTTGGGAGGCCAAGGTGGGTAGATCACCTGAGGTCAGGAGTTTGAGACCAGACTGGCCAACATGGTGAAACCCCGTTTCTACTAAAAATACAAAAATTAGCCAGGCATGGTGGTGCATGCCTATAGTCCCAGCTACTTGGGAGGCTGAGGCAGGAGAATCGCTTGAATCCGGAAGGCAGAGGTTGCAGTCAGC"
"chr1","6082310","6082606","chr7","34134376","34134677","33","28052066","GTGTGGTGGCTCATGCCTGTAATCCCAGCACTGTGGGAGGCTGAGGTGGGTGGATCACCTGAGGTCAGGAATTTGAGACCAGCCTGGCTAACATGGTGAAACCCCATTTCTACTAAAAATACAAAAAATTAGCTGGGTGTGGTGGCACACACCTGTAATGCCAGCTACTCGGGAGGCTGAGGCAGGAGAATTGCTTGAACTCGGGAGGTGGAGGTTGCAGTGAGCTGAGATTATGCCACTGCACTCCAGCCTGGGTGACAGGGCAAGACTCTGTCTACAAAAAAAAAAAAAAAAAAA","GGCCAAGCACGGTGGCTCACGCCTGTAATCCCAGCACTCTGGGAGGCCAAAGCAGGCGGATCACCCGAGGTCAGGAGTTTGAGACCAGCCTGGCCAACATGGTGAAACCCCTTCTCTACTAAAAATACAAAAATTAGCTGGGTGTGGTGGCACACACCTGTAATTCCAGCTACTTGGGAGGCTGAGGCACGAGAATTGCTTGAACCCGGGAGGTGGAGGTTGCAGTGAGCCATGATTGTGCCACTGCACTCCAGCCTGGGTGACAGAGCAAGACTCTGTCTCAAAAAAAAAAAAAAAAAAAA"
"chr1","6141452","6141751","chr1","67968311","67968611","35","61826859","GGCTGGGCATGGTGGCTCACACCTGTAATCCCAGCACTTTGGGAGGCTGAGGCAGGTGAATTACCTGAGGTCAGGAGTTCGAGGCCAGCCTGGTCAACATGGCGAAACCCAGTCTCTATTAAAAATACAAAAATTAGTTGGGTGTGGTGGCATGCACCTGTAGTCCCAGCTACTCAGGAGACTGAGGCAGGAGAATTGCTTGAACCTGGGAGGCAGAGGTTGCGGTGAGTGGAGATCGTGTCACTGCACTCCAGCCTGGGCGACAGAGAGGGACTCAATCTCAAGAAAAAAAAAAAAAAA","GGCTGGGTGTGGTGGCTCACACCTGTAATCCCAGCACTTTGGGAGGCCGAGGCAGGTGGATCACCTGAAGTCAGGAGTTCGAGACCAGCCTGGCCAACATGGCGAAACCCTGTCTTTATTAAAAATACAAAAATTAGCTGGGTGTGGTGGCATGCACCTGTAGTCCCAACTACTCAGGAGGCTGAGGTAGGAGAATCTCTTGAACCTGGGAGGCAGAGATTGCAGTGAGCCAAGATCGCACTACTATACTCCAGCCTGGGTGACAGAGTGAGACTCCGTCTCAAAAAAAATAAATAAAAAA"
"chr1","6145002","6145297","chr1","5246463","5246759","24","898539","GGCTGGGCGCGGTGGCTCACACCTGTAATCCCAGCACTTTAGGAGGCTGAGGCGGGAGGATCACCTGAGCTCAGGAGTTTGAGACCCACCTGGCCAACATGGTGAAACCCCGTCTCTACTAAAAATACAAAAGATTAGCTGGGCATGCTGGCACGTGCCTGTAATCCCAGCTGCTCGGGAGGCTGAGGCAGGAGAATCGCTTGAACCCGGGAAGCGGAGGTTGCAGTGAGCCAAGATCACACCACTGCACTCCAGCCTGGGGGGACAGAGCAAGACTCCATCTCAAAAAAAAAAAA","GGCTGGGCCCAGTGGCTAACACCTGTAATGCTAGCACTTTAGGAGGCCAAGGCGAGAGGATCACCTGAGCTCAGGAGTTTGAGACCAACGTGGCCAACATGTTGAAACCCCGTCTCCACTAAAAATACAAAAGATTAGCTGAGTGTGGTGGCACATGCCTGTAGTCTCAGCTACTCGGGAGGCTGAGGCAGGAGAATCGCTTGAACCTGGGAAGTGGAGGTTGCAGTGAGCCAAGATCACACCACTGCACTCCAGCCTGGGGGGACAGAGCAAGACTCCATCTAAAAAAAAAAAAAA"
"chr1","6148660","6148960","chr1","5250185","5250486","24","898475","GACCAGGCGTGGTGGCTCATTCCTTAACCCCAGAACTTTGGGAGGCCGAAGCAGGTAGATCACCTGAGGTCAGGAGTTCAAAACCAGCCTGGCCAACATGGCAAAGTCCCATCTCTACTAAAAATAACAAAGATTAGACAGGCGTGGTGGTGCACGCCAGTAATCCCAGCTACTTGGGAGCTGAGGCACGAGAATCACTTAAACCTGGGAGGCGTTGGTTGCAGTGAGCTGATACTGCGCCACTGCACTCCAGCCGGGGCGACAGAGCGAGACTCCATTTCAAGAAAAAAAAAAAAGAAAA","GACCAGGCATGGTGGCTCATTCCTGTAATCCCAGAACTTTGGGAGGCCGAGGCAGGTGGATCACCTGAGGTCAGGAGTTCGACACCAGCCTGGCCAACATGGCGAAGTCCTGTCTCTACTAAAAACACAAAAATTAGACGGTTGTGGTGGTGCACACCAGTAATCCCAGCTACTTGTGAGGCTGAGGCACGAGAATCACTTAAACCTGGGAGGCGTTGGTTGCAGTGAGCCGATATTGTGCCACTGCACTCCAGCCTGGGCGACAGAGCGAGACTCCATTTCAGGAAAAAAAAAAAAGAAAA"
"chr1","6157274","6157568","chr1","5259124","5259414","34","898150","GGTGGCTCATGCCTGTAATCCCAACACTTTGGGAGGCCGAGACGGGCAGATCACCCGTCGGGAGTTCAAGACCAGCCTGGCCAATATGATGAAACCCCAACTCTACTAAAGATATACAAAAATTAGCCGGGCGTGGTGACACATGCCTGTAATCCCAGCTACTCAGGAGGCTGAGGCAGGAGAATCACTTGAACCCAGGAGGCAGAGGTTGCAGTGAACTGAGATCAAGCCGCTGCACTCTGGCCTGGGTGACAGAGTGAGACTCTTTCTTTTAATAAAAACAAACAAAAAAAAA","GGTGGCTCACGCCTGTAATCCCAACACTTTGGGAGGCCGAGATGGGCGGATCACCTGAGGTCGGGAGTTCAAGACCAGCCTGGCCAATATGGTGAAACCCCATCTCTACTAAAAATACACAAAAATTAGTTGGGCATGGTGACACATGCCTGTAATCCTAGCTACTCGGGAGGCTGAGTCAGGAGAATAGCTTGAACCCAGGAGGTGGAGGTTGCAGTGAACTGAAATCAAGCCACTGCACTCTGGCCTGGGCGACAAGAGTGAGACTGTTTCTTAAAAAAAAAAAAAAAA"
"chr1","6162504","6162803","chr1","5264819","5265120","32","897685","GGCTGAGCGTGGTGGCTCACACCTGGAATCCCAACACTTTGGGAGGCCAAGGCAGGCAGATCGCCTGAACTTAGGAGTTCGAGACCAGCCTGGGCAACATGGTAAAACCCTGTCTCTACCAAAATACAAAAATTCGCTGGGCATTGCGGCATGTGCCTGTAATCCCGGCGACTCTGGAGGCTGAGGCATGGGAATTGCTTGAACCGGGAGGCAGAGGTTGCAGTGAGCTGAGATCGTGCCATACGGCACTCCAGCCTGGGCGACAGAGTGAGACTCCGTCTCAAAAAAAGATAATAATAA","GGCTGAGCATGGTGGCTCGCACTTGTAATCTTAACAATTTGGGAGGCCAAGGCAGGCAGATTGCCTGAGCTTAGGAGTTCGAGACCAGCCTGGGCAACATGGTGAAACCCCGTCTCTACTAAAATACAAAAAATTCGCTAGGCATTGTGGCATATGCCTGCAATCCAAGCTACTCTGGAGGCTGAGGCATGGGAATTGCTTGAACTCGGAGGCAGAGGTTGCAGCGAGCTGAGATCGTGCCATACTGCACTCCAGCCTGAGCGGCAGAATGAGACTCCGTGTCATAATAATAATAATAATAA"
"chr1","6175531","6175810","chr20","41055128","41055405","29","34879597","GCCAGACACGGTGGCTCACACCTGCAATCCCAGCACTTTGGGAGGCCGAGGTGGGCAGATCACCTGAGGTCAGGAGTTCTGAGACCAGCCTGCCCAACACGGCGAAACCCTGTCTCTACTAAAAATACAAAAAATTAGCCAGGTGTGGTGGTGCACTCCTGTAATCCCAGCTACTCAGGAGGCTGAGGCAGGAGAATTGCTTGAACCCAGGAGGCGGAGGTTGCAGTGAGCAGAGATTGTGTCATGGCACTCCAGCCTGGGAGACAGAGTGAGAGTCTGT","GGCCAGGCACGGTGGCTCACACCTGTAATCCCAGCACTTTGGGAGGCTGAGGTGGGCGCATCACCTGAGGTCAGCAGTTTGAGACCAGCCTGGCCAATATGGTGAAACCCTGTCTCTACTAAAAATACAAAAGTTAGCCAGGTGTGGTGGCACACACCTGTAATCCCAGCTACTCAGGAGGCTGAGGCAGGAGAATTGCTTGAACCCGGGAGGTGGAGGTTGCAGTGAGCGGAGACTGTGCCACTGCACTCCGGCCTGGGTGACAGAATGAGACTCTG"
"chr1","6215013","6215297","chr1","8801097","8801380","43","2586084","ACGCCTGTAATCCCAGCACTTTGAGAGGCTGAGGTGGGTGGATCTCCTGAGCTCAGGAATTTGAGACCAGGCTAGGCAACATGGTGAAACCCTCTCTCTACAAAAAATACAAATATTAGCCGGGTGTGGTGGCATGTGCCTGTAGTCCCAGCTACTCAGGAGGCTGAGACAGGAGAATCGCTTGAGCCCAGGAGGTGGAGGTTGCAGTGAGCCGAGATCACGCCACTGCACTCCAGCCTGGGGGACAGTGAGACCCTGTCTCAAAAAATAAATAAATAAAACAAA","ACGCCTGTAATCCCAGCACTTTGGGAGGTTGAGGCCAGTGGATCACCTGAGGTCACGAGTTTGAGATCAGCCTGGCCAACATGGTGAAACCCTGTCTCTACGAAAAAATACAAAAATTAGCCGTGTGTGGTGGCGCATTCCTGTAACTCCAGCTACTCGGGAGGCTGAGGCAGGAGAATCGCTTGAACCCGGGAGGTGGAGGTTGCAGTGAGCCAAGATCGCGCCACTGCGCTCCAGCCTGGGTGACAGAGTGAGACTCAGTCTCAAAAAGAAAGAAAGAAAAA"
"chr1","6216359","6216653","chr1","5318181","5318473","32","898178","GGCCAGGCGCGGTGGCTCATGCCTATAATCCTTGTACTTTGGGAGGCTGAGGCAGACGAATCACCTGAAGTTAAGAGTTCGAGACCAGCCTGGCCAACATGGCAAAACTCTGTCTCTACTAAAAATACGAAAATTAGCCAGGCGTGGTGGCACACGCCTGCAATTCCAAAAACTCGGGAAGCTGAGGCAGAAGAATCGCTTGAACCTGGGAGGCAGAGGTTGCAGTGAGCCAAGATGGCGCCATTGCACTCCAGCCTGGGCAACAGAGCAAGACTCGGTTTCAAAAAAAAAAAAA","GGGCAGGTGCGGTGGCTCATGCCTATAATCCCTGCACTTTGGGAGGCCAAGGCAGGCAAATCACCTGAGGTTAAGAGTTCCAGACCAGCCTGGCCAACACGGCGAAACCCTGTCGCTACTAAAAATACAAAAAATTAAATGGGCATGGTGGCACACGCCTGCAATTCCAAAAACTCGGGAGGCTGAGGCAGGAGAATCGCTTGAACCCGGGAGGCAGAGGTTGCAGTGAGCCAAGATGGCGCCATTGCACTCCAACCTGGGCAACAGAGCAAGCCTTGATTTCAAAAACAAAA"
"chr1","6224853","6224932","chr8","33633747","33633811","21","27408894","AAAAAGGAAAAAATTAGCTGGGTGTAGTGGTGCATGCCTGTAATCCCAGCTACTCTTGCGAGGCTGAGGCAGGAGAATCG","TTAGCCAGGTGTGGTGGTGCATGCCTCTAATCCCAGCTACTCAGGAGGCTGAGGCAGGAGAATTG"
"chr1","6225994","6226192","chr16","437053","437252","22","5788941","GGCCGGGTGCCGTGGCTCACACCTGTAATCTCAGCACTTTGGGAGGCTGAGGTGGGCGGATCACCTGAAGTCAGGAGTTCGAGACCAACCTGGCCAACATAGTGAAAACCCGTCTCTACTAAAAATACAAAAATTAGCTGGGCACGATGGATCATGCCTGTTATCCCAGCACTTTGGGAGGCCGAGGCGGGTGGATCAC","GGCCGGGTGCGGGGGCTCACGCCTGTAATCCCAGCACTCTGGGAGGCTGAGGTGGGCAGATCACCTGAGGTCAGGAGTTTGAGACCAGGCTGGCCAACACAGTGAAACCCCGTCTCTACTAAAAATACAAAAATTAGGGCCGGGCGCGGTGGCTCATGCCTGTAATCCCAGCACTTTGGGAGGCCAGAGGCGGGTGGATC"
"chr1","6236233","6236429","chr3","12719728","12719927","25","6483495","GGCTGGGTGCGGTGGCTCACGCCTGTAATCCTAACACTTCGGGAGGCTGAGGTGGGCGGATCACCTGAGGTCAGCAGTTCGAGACCAGCCTGGCCAACATGGTGGAACCCCATCTCTACTAAAAATACAAAAATCAGCCATGCATGGTGGCTCATGCCTGTAATCCCAGCTACTGGGGAGGCTGAGGCACGACAATC","GGCAAGGTGCGTGGCTCACGCCTATAATCCTAGCACTTTGGGAGGCTGAGGCAGGTGGATCACCTGAGGTCAGGAGTTTGAGACCAGCCCGGCCAACATGGTGAAACCCCATCTCTACTAAAAATACAAAAATTAGCCGGGTATGGTGGCGCACGCCTGTAATCCCAGCTACTCGGGAGGCTGAGGCACGAGAATCACTT"
"chr1","6237382","6237602","chr13","94935954","94936168","36","88698572","CCAGCCTGGCCAACTTGGCAAAACTACCATCTCTACTAAAAATAACAAAAATTAGCCAGGCGTGTTGGCACGCACCTGTAATCCCAGCTACTTGGGAGGCTGAGGCAGGAGAATCAGTTGAACCCAGGAGGCGGAGGCTGCAGTGAGCCAAGATCACGCCACTGCACTCCAGCCTCGGCGACAGAGCAAGACTCCATCTCAAAAAGAAAAAAAAAAAGAAA","AGCCTGACCAACATGATGAAACCCCATTTCTACTAAAAATACAAAATTAGCCAGGCATGGCGCATACGCCTGTAATCCCAGCTATTCGGGAGGCTGAGGCAAGAGAATCACTTGAACCTGGGAGGCAGAGGTTGCAGTGAGCCAAAATCGTGCCACTGCACTCCAGCCTGCGTGACAGAGCAAGACTCCATCTCAAAAAAAAAAAAAGAAAAAAA"
"chr1","6237997","6238152","chr19","16334651","16334811","27","10096654","GGGCGTGGTGGCACACACCTGTAATCCCAGCTACTCTGGAGGCTGAGGCAGGAGAATCGATTGAACCTGGGAGGTGGAGGCTGCAGTGAGAGCTGAGATGGCGCCATTGCACTCCAGCCTGGGCGGCAGAGCGAGACTGTCTCAAACAAACAAAGA","GCCAGGCTTAGTGGTGCATGCCTGTAATCCCAGCTACTCAGGAGGCTGAGGCAGGAGAATGGCTTGAACCTGGGAGGTGGAGGTTGCAGTGAGCTGAGATTACCCCACTGCACTCCAGCCTGGGCGAAAGAGCAAGACTCTGTCTCAAACAAACAAACAAA"
"chr1","6319934","6320225","chr1","5433684","5433987","36","886250","GGCCGGGTGCAGTGGCTCACGCCTGTAATCCCAGCACTTTGGGAGGCCGAGGTAGGCAGATAAGCTGAGGTCAGGAGTTTGGGACCAGCCTGGACAACATGGCAAAACCCCGTCTCTACTAAAAATACAAAAATTAGTTGGGTGTGGTGGTACGCATCTGTAATCCCAGCTACTAGGAGGCGGAGGCAGGAGAATAGCTTGAACCTGGGAGGCGGAGGTTGCAGGGAGCTGAGATTGTGCCACTGCACTCCAATCTTGGTGACAGAGCGAGACTCCGTGTCAAAAAAAAAAA","GGCTGAGTGCAGTGGCTCACGCCTATAATCCCAACACTTTGGGAGGCCCAGGTAGGCAGATAACCTGAGGTCAGGAGTTTGAGACCAGCCTGGACAACATGGCAAAACCCTGTCCCTACTAAAAATACAAAAATTAGCTGGGTGTGGTGGTGCACATCTGTAATCCCAGCTACTGCGGAGGTGGAGGAAGGAGAATAGCTTGAACCTGGAAGGTGGAGGTTGCAGTGAGCTGAGATTTCACCACTGTGCTCCAATCTTGGTGACAGAGCGAGACTCTGTGTCAAAAAAAAAAAAAAAAAAAAAA"
"chr1","6344997","6345308","chr20","48185619","48185932","33","41840622","GGCCAGGTATGGTGGCTCACGCCTGTAATCCCAACACTTTGGGAGGCTGAGGCGGGCAGATCGCCTCAGGTCAGGAGTTCGAGACCAGCTTGGCCAACATGGCGAAACCCTGTCTCTACAAAAAATACAAAAATTAGCTGGGTGTGGTGGCACATGCCTGTAATCCCAGCTACTCAGGAGGTTGAGGCACCAGAATCGCTTGAACCCAGGAGGTGGAGGTTGCAGTGAGCCGAGATCGCACCATTGCACTCCAGCCTGGTCAACAGAGTGAGACTTGTCTACAAAAAAAAAAAAAAAAAAAAAAAAAAAAAA","GGCCAGGCATGGTGGCTCACGTCCGTAATCCCAACACTTTGGGAGGCTGAGGCAGGCAGATCACCTGAAGTCAGGAGTTCAAGAACAGCCTGACCAACATGGAGAAACCTTGTCTCTACTAAAAATATGAAAAAATCAGCTGGGTGTGGTGGCACATGCCTGTAATCCCAGCTACTCAGGAGGCTGAGGCAGGAGAGTCACTTGAACCCAGGAGGTGGAGGTTGCAGTGAGCCGAGATCGCGCCACTGTACTCCAGCCTGGGCGATAGAGTGAGACTCCATCTCAAAAAAAAAAAAAAAAAAAAAAAAAAAAAA"
"chr1","6359124","6359450","chr1","5474218","5474542","35","884906","GGCTGGGCTCGATGGCTCATGCCTGTAATCCCAGCACTTTGGGAGGCTGAGGCAGCTGGATCACCTGAGGTCAGGAGTTTCAGACCACCCTGGCCATCATGGTGAAACCCTGTCTCTACTAAAAATACAAAAATTAGCCAGGTATGGTGGCTCATGCCTGTAATCCCAGCTACTCAGGAGGCTGAAGCAGGAGAATAGCTTGAACCTGGGAGGCAGGAGAATAGCTCGAACCTGGGAGGCAGAGGTTGCGGTGAGCCAAGATCACACCACTGCACTCCAGACTGGGCAACAGAGTGAGACACCATCTCAAAAAAAAAAAAAAAGAAA","GGCCAGGTTCGGAGGCTCCTGCCTGTAAGCCCAGCACTTTGGGAGGCCGAGGTGGGTGGATCAACTGAGATCAGGAGTTTCAGACCACCCTGGCCATCGTGGTGAAACCCTGTCTCTACTAAAAATACAAAAATCAGCCAGGTGTGGTGGCTCACGCCGTAGTCCCAGCTACTCAGGAGGCTGAAGCAGGAGAATAGCTTGAACCTAGGAGGCAGGAGAATAGCTTGAACCTGGGAGGCAGAGGTTGCAGTGAGCCGAGATCATGCCACTGCACTCCAGACTGGGCAACAGAGCAAGACCCTGTCTCAAAAACAACAACAACAAA"
"chr1","6361946","6362250","chr6","73393768","73394067","39","67031822","GGCCGGGCGCGGTGGCTCATGACTATAATTTCAGAACTTTGGGAGGCCGAGGTGGGCGGATCACATGAGGCCAGGAGTTTGAGACCAGCCTGGCCAACATGGTGAAACTCTATCTCTACTAAAAATACAAAAGTTACCCGGGCGTGGTGGTGCACATCTGTAATCCCAGCTACTCAGGAGGCTGAGGAATGAGAATCGGTTGAACTCGGGATGGGGAGGGTTGCAGTGAGCTGAGATTGCGCCACTGCACTCCAGCCTGGGTGACAGAGCAAGACTCCATCTCAAAAACAACAACAACAACAAAA","GGCCGGGCACAGTGGCTCATGCCTGTAATCCCAGCACTTTGGGAGGCCGAGGCGGGTGGATCACCTGAGGTCAGGAGTTTGAGACCAGCCTGGCCAACATGGTGAAACCCGTCTCTACTAAAAATACAAAAATTAGCCAGGCGTGGTGGTGCATGCCTGTAATCCCAGCTCCTCAGGAGGCTGAGGCAGGAGAATTGCTTGAATCCAGGAGGTGAAGGTTGCAGTGAGCTGAGATTGCGCCACTGCACTCCAGCCTGGCCGACAGAGCAAGACCCCATCTCAAAAAAAAAAAAAAAAAAA"
"chr1","6362340","6362625","chr2","96980084","96980369","40","90617744","GGCCGGGCACGGTGGCTCACGCCTGTAATCCCAGCACTTTGGGAGGATGAGGCAGGTGGATCATCTGAAGTCAAGAGTTTGAGGCCAACATGGTAAAACCCCGTCTTTACTAAAAATACACAAATTAGCCAGGCGTGGTGGTGCACATCTGTAATCCCAGCTACTCAGGAGGCTGAGGCAGGAGAATTGCCTGAATCCTGGAGGCGGAGGTTGCAGTGAACCGAGAGTGCACCACTGCATTCCAGTCTGGGCAACAGAGCGAGACTCCATCTCAAAAAAAAAAGAA","GGCCAGGCATGGTGGCTCATGCCTGTAATCCCAGCACTTTGGCGGGGCTGAGGCAGGTGGATCACCTGAGGTCAGGAGTTTGAGACCAATATGGTGAAACCCCATCTCTACTAAAAATACAAAAATTAGCCAGGCACGGTGGCGCACACCTGTAGTCCCAGCTACTCAGGAGGCTGAGACAGGAAAATTGCTTTAACCTGGGAGGCAGAGGTTGCAGTGAGCTGAGATCACACCACAGCACTCCAGTCTGGGCAACAGCAAGACCCCATCTCAAAAAAAAAAAAAA"
"chr1","6374253","6374536","chr1","5489662","5489955","44","884591","GGCCGGGTGTGGTGGCTCACACCTGTAATCCCAGCACTTTAGGATCACCTGAGGTCAGGAATTTGAGACAGCCTGGACAACATGGCAAAACCCTGTCTCTAGTAAAAATACAAAATTTAGCCAGGCGTGGTGGTGCATGCCTGTAATCCCACTTACTCGGAAGGCTGAGGCAGGGGAATCGCTTGAACCCAGGAGACGGAGTTTGCAGTGAGCCAAGATCATGCCACTGTACTCCAGCCTGGGTGACAGAATGAGACCCTGTCTCAAAAAACAAACAAACAAAA","GGCTGGGTGCGGTGGCTCATGCCTGTAATCCCAGCACTTTAGGAGTCCGAAACAGCGGATCACCTGAGGTCAGGAATTCAAGACAGCCTGGCCAACATGGCAAAACCCTGTCTCTAGTGAAGATACAAAATTTAGCCAGACATGGTGGTGCGTGCTTATAATCCCAGCTACTCAGGAGGCTGAGGCAGGGGAATCGCTTGAACCCAGGAGACGGAGGTTGCAGTGAGCCGAGATCGTGCCACTGCACTCCAGCCTGGGTGACAGAGTGAGACCCTGTCTCAAGAAACAAAAAAA"
"chr1","6378888","6379190","chr7","43358173","43358469","35","36979285","GGCCAGACTCGGTGACTCACGCCTGTAATCTCAGCACTTTGGGAGGCCGAGGCAGGTGGATCAGCTGAGGTCAGGAGTTTGAGACCAGCCTGGCCAACATGGTGAAACCCCCATCTCTACTAAAAAATACAAAAATTAGCCGGGCATGGTGGCACGCACCTGTAATCCCAGCTACTTGGGAGGCTGAGGTAGGAGAATGGCTTGAACCCGGGAGGTGGAGGTTGCAGAGAGCCAAGATCACGCCACTGCATTCCAGCCTGGGTGACAGAGCGAGACTCCCTCTCAAAAAAAAAAAGAGGAGAA","GGCCAGGCGAGGTGGCTCACGCCTGTAATTCCAGCACTTTGGGAGGCTGAGGCAGGTGGATCACCTGAGGTCAGGAGTTTGAGACCAGCCTGGCCAAGATGATGAAACCCTGTCTCTACTAAAAATACAAAAATTAGCTGGGCATGGTGACACATGCCTGTAGTCCCAGCTACTCGGGAGGCTGAGATAGGAGAATCGCTTGAACCCGGGAAGTGGAGGTTGCAGTGAGCCAAGATCACACCACTGCAGTCCAGCCTGGGTAACAGAGCAAGACTCCATCTCAAAAGAAAAAGAAAA"
"chr1","6382540","6382845","chr1","5500103","5500408","48","882437","GGCAGGGTGGAGTAGTTCACGCCTGTAATCCCAGCCCCTTGGGAGGCCGAGGCAGGCGGATCACCTGAGGTGAGGAGTTTTGACACCAGCCTGGCCAACACGGTGGAACCCCACCACTACTGAAAAGAAAGTTAACCAGGCATGGTGGTGTGCTCCTGCAATCCCAGCTACCAGGGAAGGTGAGGCAGGAGAATCACCTGAACCCAGGAGGCGGAGGTTGCAGTGAGCCAAGATCACGTCACTGCGTTACTGCATTCCAGCCTGGGCAACAGAGCGGGACTCTGTAAAAATAAATAAATAAATAAA","GGGTGGGGTAGCTCATGCCTGTAATCCCAGCATGTTGGGAGGCCGAGGCAGGTGGATCACCTGAGGTCAGGAGTTTGACACCAGCCTGGCCAACATGGTGAAACCCCACCACTACTAAAAAAAAAAAATTAACCGGGCATGGTGGTGTGCTCCTGCAATCCCAGCTACCAGGCAACGTGAGGCAGGAGAATCACCTGAACCCAGGAGGCGGAGGTTGCAGTGAGCCAAAATCACGTCACTGCATTCCAGCCCGGGCAACAGAGCGGGACTCTGTCCAAAACAACAACAACAACAAAAACAAACAAA"
"chr1","6390168","6390447","chr1","5507608","5507875","50","882560","CGAGGTGGCTCACGCCTGTAATCCCAACACTTTGGGAAGTCGAGGTGGGTGGATCACCTGAGGTCAGGTGTTCGAGACCAGCCTGGCCAACATGGTGAAACCTCGTCTCTACTAATACAAAACGTAGCTAGGTGTGGTGGCATGTGTGTGTAATCCCAGCTACTCAGGAGGCTGAGTCACAAGAATCGCTTTAACCTAGGAAGTGGAGAGGTTGCAGTGAGCCAAGATTGTGCCATTGCACTCCAGCCTGGGCAACAGAGCAAAAAAGAAAAAAAAGAAA","GGCCAGGTGTGGTGGCTCACGCCTGTAATACCAACACTTTGGGGAGGTCAAGGTGGGTGGACCACCTGAGGTCAGGAGTTCGAGACCAGCTTGGCCAACGTGGTGAAACCTCTTCTCTACTAATACAGAAACTAGCTAGATGTGGTGATATGTATGTGTAATCCCAGCTACTCAGGAGGCTGAGTCACAAGAATCGCTTGAACCCAGGAATGGAAAAGTTGCGGTGAGCCAAGATTGTGCCATTGTACTCCAGCCTGGGCAATAGAGC"
"chr1","6392021","6392306","chr1","5509404","5509693","23","882617","GGCTGTGCGTGGTGACTCATGCCTGTAATCCCAGCACTGTGGGAGGCCAAGGTGGTTGGATTACCTGAGGTCAGGAGCTCGAGACCAGCCTGGCCAACATGGTGAAACCCCATCTCTACTAAAAAATATACAAAAATTAGTCGGGCGTGGTGGTGCATGCCTGTAATCCCAGCTACTTGGGAGGCTGAGGCAGGAGAATCACTTGAACCAGGGAGGCGGAGGCTGCAGTGAGCTGAGATCACACCACTGCACTCTAGGCCAGGTGACAGAATGAGACTCCATTTCA","GGCTGTGCGTGGTGGCTCATGCCTGTAATCCCAGCACTGTGGGAGGCCAAGGTGGCTGGATTACCTGAGGTCAGGAGCTTGAGACCAGCCTGGCCAACATGGTGAAACCCCATCTTTACTAAAAAAAAAAATACAAAAATTAGCCGGGCATGGTGATGCATGCCTGTAATCCCAGCTACTTGGGAGACTGAGGCAGGAGAATCACATGAACCAGGGAGGTGGCGGTTGCAGTGAGCTGAGATTGCACCACTGCACTCCAGGCCAGGTGACAGAACAAGACTCCATCTCAA"
"chr1","6407562","6407857","chr7","55588044","55588338","36","49180482","GGCCAGGCACGGTGGCTCATGCCTGTAATTCTCAGCACTTTGGGAGGCCAAGGCGGGCAGATCATCTAAGGTCAGGAGTTCGAGACTAGCCTGGCCAACATGGAGAAACCCCATCTCTACTAAAAACACAAAAATTAGCCAGGCGTGGTGGTGCACTCTTGTAGTCCCAGCTACTCAGGAGGCTGAGGCCCAAGAATCACTTGAGCCCAGGAGGCAGGGGTTGCAGTGAGCTGAGATCGGGCCACTGCACTCCAGCCCGGGTGACAGAGTGAGACTCTGTCTCAAAAAACAAAAAA","GGCCAGGCACGGTGGTTCATGCCTGTAATACCAGCACTTTGGGGGACCGAGGCAGGCAGATGACCTGAGGTCAGGAGTTCGAGACCAGCCTGGCCAACATGGCAAAACCCCATCTCTACTAAAAATACAAAAATTAGCCAGGCATGGTGGCACGCGCCTGTAATCCCAGCTACTCAGAAGGCTGAGGCGGGAGAGTTACTTGAACCCAGGAGGCAGAGGTTGCAGTGAGCCAAGATCGGGCCACTGCATTCTAGCCCGGGTGACAGAGTGAGACTTTGTCTCAAAAACAAAAAAA"
"chr1","6413131","6413243","chr13","25224248","25224363","14","18811117","CCGGACGAGGTGGCTCAGGCCTGTAATCCCAGCACTTTGGGAGGCTGGGGTGGGTGGATCACCTGAGGTCAGGAGTTCAAGACCAGCTTGGCCAACATGGTGAAACCCTATCT","GCCGGGGGTGGTGGCTCATACCTGTAATCCCAGCACTTTGGGAGGCTGAGGTGGGTGAATCACCTGAGGTCAGGACTTCAAGACCAGCCTGGCCAACATGATGAAATCCCATCTCT"
"chr1","6433577","6433853","chr1","5556635","5556910","19","876942","GGGTGCGGTGGCTCACGCCTGTAATCCCAGCACTTTGGGAGGCCAAGGCGGGTGGATCACCTGAGGTCAGGAGTTCGAGACCAGCTTGGCCAATATGGTGAAACCCCGTCTCTACTAAAAATACAAAAATTAGCCGGGTGTGGTGGCATGTGCCAGCTACTCGGGTGGCTGAAGCAAGAGAATCACTTGAACCTTGGAGGCTGAAGTTGCAGTGAGCCAAGATTGAGCCATTGCTCTCCAGCCTGGGTGACACAGCAAGACTCCGTCTCAAAAAAAA","GGGTGCGGTGGCTCATGCCTGTAATCCCAGCACTTTGGGAGGCCAAGGCGGGTGGATCACCTGAGGTCAGGAGTTCGAGACCAGCTTAGCCAATATGGTGAAACCCCATCTCTACTAAAAATACAAAAATTAGCCGGGTATAGTGGCATGTGCCAGCTACTCGGGAGGCTGAGGCAGGAGAATCGTTTGAACCTGGGAGGCAGAGGTTGCAGTGAGCCAAGATTGAGCCATTGTACTCCAGCCTGGGCAACAGAGCAAGACTCCGTCTCAAAAAAA"
"chr1","6447165","6447496","chr1","5571139","5571472","31","876026","GGCTGGGTACGGTGGCTCATGCCTGTAATCCCAGCACTTTGGGAGGCCGAGGCAGGTGGATCACCTGAGGTCAAGAGTTCAAAACCAGCCTGACCAACATGGTGAAACCCCGTCTCTACCAAAAATACAAAAATTAGCTGGGCATGTGGCTGGGCTATGCCTGTACAGGTGGCCCATGCCTATAATCCCAGCTACTTGGGAGGCTGAGGCAGGAGAATCACTTGAACCAGGGAGGCGGAGGTTGCAGTGAGCCCAGATCATGCTATTGCATTCCAGCCTGAGCAACAGAGCAAGATTCTGTCCAAAAAAAAAAAAAAAAAAAAAAGAAGGAA","GGCTGGGTACGGTGGCTTACGCCTGTAAGCCCAGCACATTGGGAGGCTGAGGCGGGTGGATCACCTGAGGTCAAGAGTTCAAGACCAGCCTGACCAACATGGTGAAACCCCGTCTCTACCAAAAATACAAAAATCAGCTGGGCGTGTGGCCAGACTATGCCTGTATAGGTGGCACATGCCTGTAATCCCAGCTACTTGGAAGGCTGAGGCAGGAGGATCGCTTGAACCAGGGAGGCGGAGGTTGCAATGAGCCCAGATCATGCTATTGCACTCCAGCCTGGGCAACAGAGCAAGACTCTGGTTAAAAAAAAAAAAAAAGGAATGAACGAAAGAA"
"chr1","6449254","6449541","chr1","5574830","5575114","26","874424","GGCCGGGTGCAGTGGCTCATGCCTGTAATCCCAGCACTTTGGGAGGCCGAGGCGGGCGGATCACCTGAGTTCAGGAGTTGGAGACCAGCCTGGCCAACATGGTGAAACCCCATTTCTACTAATAATACAAAAATTAGCCGGGTGTGGTGCCATATGCACCTATAATCCCAGCTACTCGGTAGGCTAAGGCAGGAGAATCACCTGAACCTGGGAGGTGGAGGTTGCAGTGAGCCGCGCCACTGCACTCCAGCCTGGGCGATAGAGCGAGACTCAAGTCTCAAAGAAAAA","GGCCGGGTGCAGTGGCTCACACCTGTAATCCCAACACTTTGGGAGGCCGAGGCAGGCGGATCACCTGAGTTCAGGAGTTTGAGACCAGCCTGGTCAACGTGGTGAAACCCCATCTCTACTAACAATACAAAAATTAGCTGGGCATGGTGCCACGCACCTATAATCCTGGCTACTTGGGAGGCTAAGGCAGGAGAATCACTTGAACCTGGGAGGTGGAGGTTGCAGTGAACCACGCCACTGCACTCCAGCCTGGGCGACAGAGTGAGGCTCAAGTCTCAAAAAAAA"
"chr1","6492830","6493141","chr1","5621350","5621662","26","871480","CTGGGCGCAGTGGCTCACGCCTATAATCCCAGCACTTTGGGAGGCCGAGGCAGGCGGATCACCTGAGACCAGGAGTTCAATACCAACCTGGCCAACATGGTGAAACTCCGTCTCTACTAAAAATACAAAAATTAGTCGGGCGTGGTGGATTGTGGCTGTAATCTCAGCTACTTGGGAGGCTGAGGCAGGAGAATCACTTGAACCTGGGAGGCGGAGGTTGCAGTGAGCTGAGATCATGCCATTGCACTCCAGCCTGGGCAACAGAGCGAGACCCCTTCTCAGAAAAATTTAAAAAAATAAAAAGAAAAGAAA","CTGGGCGCGGTGGCTCATGCTTGTAATCCCAGCACTTTGGGAGGCTGAGGCAGGCGGATCACCTGAGACCAGGAGTTCGATACCAGCCTGGCCAACATGGTGAAACTCTGTCTCTACTAAAAATACAAAAATTAGTCTGGTGTGGTGGTGCGCGCCTGTAATCCCAGCTACTCAGGAGGCTGAGGCAGGAGAATCGCTTGAACCTGGGAGGCGGAGGTTGCAGTGAGCCGAGATCGCGCCATTGCACTCCAGCCTGGGCAACAGAGCAAGATCCCTTCTCAAAAAAAATTTAAAAAAATAAAAAGAAAAGAAA"
"chr1","6497107","6497402","chr1","5625978","5626285","36","871129","CTGGGTGCCGTGGCTCACGCCTGTAATCCCAGCACTTGGTGAGGCCGATATGGGTGGATCACCTGAGGGCAGGTGTTCAAGACCAGCCTGACCAACAAGGTGAAACCCCGTCTCTACTCAAAATCCAAAAATTAGCTGGGTGTGGTGGCGTGTGCTTGTAGTCCCAGTTACTTGGGAGGCTGAAACAGGAGAATTGTTTGAACCCAGGAGGCGGAGGTTGCAGTGAGCCAAGATTGTGCCACTGCTCTCCAGCCTGGGCAACAGAGCGAGACTCTATCGCAAAAAACATAAATAAA","GGCTGGGTGCAGTGGCTCACGCCTGTAATCCCAGCACTTTGGGAGACCGAGGTGGGTGGATCACCTGAGGTCGGGAGTTCAAGACCAGCCTGACCAACATGGTGAAGCACCGTCTCTACTAAAAATCCAAAAATTAGGTGGGTGTGGTGACGGTGCCTGTAGTCCCAGTTACTTGGGAGGCTGAGGCAGGAGAATTGTTTGAACCCGGGAGGCGGAGGTTGCAATGAGCCAAGATTGTGCCACTGCTCTCCAGCCTGGGCGACAGAGCGAGACTCTATCTCAAAAAACATAAATAAATAAATAAATAA"
"chr1","6525906","6526123","chr16","18853603","18853823","26","12327697","GGCCAGGCACAGTGGCTCACGCCTGTAATCCCAGCACTCTGGGAGGCCAAGGCAGGTGGATCACGAGGTCAGGAGTTCAAGACCAGCCTGGCCAAGATGATGAAACCCCGTCTCTACTAAAAATACAAAAATTAGCCAGGAGGGGTGGCAGGCACCTGTAATCCCAGCTACTTGGGAGGCTGAGGCAGAGAATTGCTTTAACCTGGGATGCGGAGGTT","GGCCGGGCACAGTGGCTCACACCTGTAATCCCAGCACTTTGGGAGGCCAAGCTGGGGGATCACCTGAGGTCAGGAGTTCGAGACCAGCCTGGCCAACATGGTGAAACCCTGTTTCTACTAAAAATACAAAAAGTTAGCCAGGCGTGGTGGCACACACCTGTAATCCCAGCTACTAGGGAGGCTGAGGCAGGAGAATCATTTGAACCTGGGAGGCAGAGGTT"
"chr1","6526261","6526343","chr13","104289300","104289379","12","97763039","CGGAGGTTGCAGTGAGCTGAGATCGCGCCACTGCAATCTAGCCTGGGTGACAGAATGAGACTCTGTCTCCAAAAAAGAAAGAA","GGAGGTTGCAGTGAGCTGAGATCGTGTCACTATACTCCAGCCTGGGCGGCAGAGTGAGACTCTGTCTCAAAAAAGAAAAA"
"chr1","6530437","6530718","chr12","112944818","112945097","55","106414381","GGCTCAAGCCTGTAATCCCAGCACTTGGAGAGGCTGAGGCAGGCAGATCACCTCAGGTCAGGAGTTTAAGACCAGCCTGGCCAACATAGTGAAACCCCAACTCTACTAAAAATACAAAAAATTAGCCAGGCATTAATCCCAGTTATTCAGGAGGCTGAGACAGGGGAACTGCTTGAACCTGGGAGGCAGAGGTTGCAGTGAACCAAGATGGCGCCACTGTATTCCAGCCTGGCGAGAGAGCAAGACTCCATCAAAAATAAAAAATAAATAAAAAGAAAGAAA","TGGTTCACTGCCTGTAATCCCAGCATTTTGGGAGGCCGAGGCAGGTGGATCACCTGAGATCAGGAGTTCAAGACCAGTCTGGCCAACATGGCAGAACCCTGTCTTTACTAAAAATACAAAAATTAGCCTGTAATCCCAGCTACTTGGGAGGCTGAGGCAGGAGAACTGCTTGAACCTGGGAGGCGGAGGTTGCAGTGAGCTGAGATTGTAGCACTGTACTCCAGCCTGGGTGACAGAGAAAGACTCCATCTCAAAAAAGAAAATAAATAAATAAATAAAA"
"chr1","6537012","6537300","chrX","52560249","52560544","35","46023237","GGCCAGGCACAGTGGCTCATGCCTGTAATCCCAGCACTTTGGGAGGCCGAGGCGGGTGGATCACCTGAGGTCAGTTTAAGACCAGCCTGGCCAATATGGTGAAACCCCCTCTCTAGTAAAAATACAAAAATGAGCTGGGTGTGGTGGTGCCTGCCTGTCGTCCCAGCTACTCGGGGGGCTGAGGCAGGAGAATCGCTTGAATCTGGGAGGTGGAAATTGCAGTGAGCCGAGATTACACCATCGCACTCCAGCCTGGGCAAAAGAGACTCTGTCTCAAAAAGAAAAAAAA","GGCCGGGCGCAGTGGCTCACGCCTGTAATCCCAGCACTTTGGGAGGCCGAGGCAGGTGAATCACCTGAGGTCAGGAGTTTGAGACCAGCCTGGTCAACATGGTGAAACCCCATCTCTACTAAAAATACAAAAATTAGCTGGGTGTGGTGGTGCATACCTGTAGTCCCAGCTACTCGGGAGGCTGAGGCAGGAGAATCACTTGAACCTGGGAGACGGAGGTTGCAGTGAGCCGAGATCACACCACTGCGCTCCAACCTGGGCGACAGAGCAAGACTCTGTCTCAAAAAAAAAAAAAA"
"chr1","6554838","6555130","chr3","1206332","1206624","44","5348506","GGCTGGGTGCAGTGGCTCATGCCTGTAATCCCAGCATTTTGGGATGCTGAGGCGGGTGGATCGCCTGAGGCCAGGAGTTCGAGACCAGCCTGGCCAATGTGGTGAAACCCTATCTCTACTAAAAATACAAAAATTAGCCAGGCGTGGTGTAGTTCCTGCTACTTGGGAGGCTGAGGCAGGAGAACTGCTTGAACCCGGGAGGTGGAGGCTGTAGTGAGCCAAGATCACGCCACTGCACCTCAGCCTGGGCGAAAGAGCAAGACTCTGTCTCAGAAACAAACGAACAAAAAAAA","GGCTGGGTGTAGTGGCTCGCGCCTGTAATCCCAGCACTTTGGGAGGCCAAGGTGGGCGGATCACCTGAGGTCAGGAGTTCGAGACCAGCCTGTCCAACATGGTGAAATCCCTTCTCTACTAAAAATACAAAAATCAGCCAGACATGGTGGTACGCAGCTGTAACTCGGGAGGCTGAGGCAGGAGAATTGCTTGAACCTGGGAGGTAGAGGTTGCAGTGAGCTAAGATTGTGCCACTGCACTCCAGCCTGGGCGACAGAGCAAGACTCTGTCTCAGAAAAAAATAAAAATAAAA"
"chr1","6556828","6557123","chr1","5683577","5683881","38","873251","GGCCAGGCACAGTGGCTCATGCCTACAATCCCAGAACTTGGGAGTCAGAGGTGAGTGGATGACCTGAGGTCAGGAGTTCGAGACCAGCCTGGCCAACATGGTGAAACCCTGTCTCTACTAAAAATACAAAAGTTAGCTGGGCATGGTGGCGCGCACCTGCAGTCACAGCTACTCAGGAGGCTGACGCAGGAGAATAGCTCGAACTCAGGAGGCGGAGGTTACAGTGAGCACAGATCACGCCACTGCACTCCAGCCTGCCTAGGTGACAGAGCAAGACTCCATCTTAAAAAAAAAAA","GGCCAGGCACAGTGGCTCATGCCTATAATCCCAGCACTTAGGAGTCGGAGGTGAGTGGACGACCTGAGGTCAGGAGTTCCAGACCAGACTAGCCAACAAGGTGAAACCCTGTCTTTACTAAAAATATAAAAATTAGCTGGGCATGGTGGCATGCACCTGTAGTCACAGTTACTCAGGAGGCTGAGGCAGGAAAACAGTTCCAACTCAGGAGGCGGAGGTTACAGTGAGCACAGATCACACCACGCACTCTAGTCGGCCTGGGTGACAGAGCAAGACTCCATCTCAAAGAAAAAAAAAAAAAGAAA"
"chr1","6557456","6557746","chr8","28279625","28279912","47","21722169","GTGGTGGCTCACACTTGTAATCCCAGCACTTGGGGAGGCTGAGGCTGGTGCATCACCTGAGGTAGGGAGTTCGAGACAAGCCTGGCCAACATGGGGAAACCCCATCTCTACTACAAATACAAAAATTAGCTGGGCATGGTGGTGCACGCCTGTAGTCCCAGCTACTCGGGAGGCTGAAGCAGGAGAATTGCTTGACCAGGAGACGGAAGTTGGAATGAGCTGAGGTCAAGCCACTGACTCCAGCCTGGGCGACAGAGCAAGTCTCCATCTCAAAACCCAAAAAAACAAAAA","GCGGTGGCTCACACCTGTAATCCCAGCACTCTGGGAGGCTGAGGTGGGCGGATCACCTGAGGTCAGTTTAAGACCAGCCTGGCCAACATGGTGAAAGCTCATCTCCACTGAAAATACAAAAATTAGCTGGGCATGGTGGTGCATGCCTGTAGTCCCAGCTACTCCGGAGGCTGAGGCAGGAGAATTGCTTGAACCTGGGAGGCAGAAGTTGCAGTGAGCTGAGATCTCACCACTGTACTCTAGACTGGGCAACAGAGCGAGAGTCCATCTTAAAAAAAAAAAAAAAAA"
"chr1","6558739","6558874","chr7","35304836","35304964","24","28746097","CTGTAATCCCAGCTACTCGGGAGGCTGAGGCAGGAGAATTGCTCAAGCCTGGGAGACGGAGGTTATAGTGAGCCGAGACTGCGCCACTGCACTCCAACCTGGGCGACAGAGCGGGACTCTGTCTCAAAAAAAAAAA","GTAATCCCAGGTACTCGGGAGGCTAAGGCAGGAGAATCGCTTGAACATGGGAGGCGGAAGTTGCAGTGAGCCGAGATGGCGCCACTGCACTCCAGCCTGGGAGACAGAGCAAGACTGTCTCAAAAAAAA"
"chr1","6559881","6560170","chr20","8006906","8007198","34","1447025","GGCCGGGCATGGTGGCTCACACCTGTAATCCTAGCACTTTGGGAGGCTAAGGCGGGCAGATAACCTGAGGTCAGGATTTCGAGATCAGCCTAACCAACATGGTGGAACCTTGTCTCTACTAAAAATACAAAAATTAGCCGGGTATGGTGGCGCACGCCTGTAATCCCAGCTACTCGGGAGGCTGAGGTAGGAGAATCACTTGAACCTGGGAGGCGGAGGTTGCAGTGAGCAGAGAACATGCCATTGCACTCCAGCCTGGGTGAGTGAAACTCTGTCTCAAAAACAAACAA","GGCCGGGCGTGGTGGCTCACACCTGTAATCCTAGCACTTTGGGAGGCTGAGGTGGGCAGATCACCTGAGGTCAGGAGTTTGAGACCAGCCTGGCCAACATGGTGAAACCCCATTTCTACTAAAAATACAAAAATTAGCCGGGTGTGGTGGCACATGCCTGTAATCCCAGCTACTTGGGAGGCTGAGGCAGAAGAATCACTTGAACCCAGGAGGCAGAGGTTGCAGTGAGCAGAGATCACGCCATTGCACTCCAGCCTGGGCGACAAAGCAAGACTCTGTCTCAAAAAAAAAAA"
"chr1","6565538","6565843","chr6","62900559","62900862","41","56335021","GGCCAGGCATGGTGGCTCACACCTGTAATCCCACCACTTTGGGAGGCAGAGGTGGGCAGATCACCTGAGGTCAGGAGTTCGAGACCAACCTGGCCAACATGGTGAAACCCCGTCTGTACTAAAAACAAAAAATTAGCTGGGCATGGTGGCATGCACCTGTGGTCCTAGCTACTTGGGAGGCTGAGGCAGAAGAATCACTTCATCCCGGGAGGCAGAGGGTGCAGTGAGCCGAGAGATCACACCACTGCACTCTAGCCTGGCAACAGAGAGAGAGTCCATCTCAAAACAAAAAACATAAAAACAAAA","GGCCTGGCATGGTGGCTCACGCCTGTAATCCCAGCACTTTGGGAGGCTGAGGTAGGCGGATCACCTGAGGTCAAGAGTTCGAGACCAGCCTGGTCAACATGGCGAAACCCCGTCTCTACTAAAAATACAAAAAATTAGCCGGGCATGGTGGCATGTGCCTGTAATCCCAGCTACTTAGGAGGCTCAGGCAGGAGAATCACTTGAGCCGGGGAGGCAGAGGTTGCAGTGAGCCGAGGTCGTGCCACTGCATTCCAGTCTGAGCAACAGAGTGAGATTCCATCTCAAAAAAAAAAAAAAAAAAAAA"
"chr1","6569103","6569347","chr7","53730102","53730346","39","47160999","ATCACCTGAGGTCAGGAGTTCGAGACCAGCCTGGCTGACATGGTGAAACCCCGTCTCTACTAAAAAATAGAAAAATTAGCTGGGCATGGTGGTATGAGCCTGTAATCCCAGCCACTCGGGAGGCTGAGGCATGAGAATCACTTGAACCTGGGAGACGGAGTGTGCAGTGAGCCAGGATTGTGCCACTGCACTCCAGCCTGGGCAACAAAACAAGACTCTGTCTCAAAAAAAAATAAATAAATAAA","TCACCTGAGGTCAGGAGTTTGAGACCAGCCTGGCCAACATGGAGAAACCCCGTCTCTACTAAAAGATACAAAAATTAGCTGGGCATGGTGGTGCGTGCCTATAGTCCCAGCTACTTGGGAGACTAAGGCAGGAGAAACGCTTGAACCTGGGAGGCAGAGGTTGCAGTGAGCAGAAATCATGTCACTGCACCCCAGCCTGGGCAACAGGGCGAGACTCTGTCTCAAAAAAAAAAAACAAAACAAAA"
"chr1","6569411","6569647","chr9","72730444","72730684","34","66161033","GCTGGGCACAGTGGCTCACGCCTGTAATCCCAGCACTTTTGGAGGCCTAGGTGGGCGGATCACCTGAGGTCAGGAGTTTGAGACCAGCCTGGCCAAAATGGTGAAACCGCATCTCTACTAAAAATAGAAAAATTAATGGGGCGTGGTGGCACACGCCTGTAATCCCAGCTACTCTGGAGGCAGAGGCAGGAGAATTGCTTTAACCCGGGAGGCGGAGGTTGTGGTAAGCTGAGATTG","GGCCAGGCACGGTGGCTCACGCCTGTAATCCCAGCACTTTGGGAGGCCGAGGCAGGTGGATCACCTGAGGTCAGGAGTTCGAGACCAGCCTGGCCAACATGGTGAAACCCCGTCTCTACTAAAATTACAAAAATCTGCTGGGTGTGGTGGTACATGCCTGTAATCCCAGCTACTCAGGAGGCTGAGGCAGGAGAATTGCTTGAACCCGGGAAGCAGAGGTTGCAGTGAGCCGAGATCGTGC"
"chr1","6569689","6569990","chr18","60042917","60043218","37","53473228","GGCCAGGCGCGGTGGCTCAGGCCTGTAGTCCCGGCACTTTGGGAAACCGAAGCTGGCAGATCATCTGAGGTCAGGAGTTTGAGACCAGCCTGACCAACATGGTGAAACCTCATCTCTACTAAAAATACAAAAATTAGCTGGGCATGGTGGCACACGCCTGTAATCCCAGCTACTCAGGAGGCTAAGGCAGGAGACTTGCTTGAACCCGGGAGCTGGAGGTTGCAGTGAGCCAAGATCACGCCATTGCACTCCAGCCTGGGCGACAGAGTGAGACTCCGTCTCGAAAGAAAGGAAGAAAGGAA","GGCCAGGCACGGTGGCTCATGCCTGTAATCCCAGCACTTTGGGAGGCCGAAGCAGGTAGATCACCTGAGGTCAGAAGTTTGAGACCAGCCTGACCAACATGGTAAAACCCCATCTCTACTAAAAATACAAAAATTAGCCAGGCATGATGGCACATACCTGTAATCCCAGCTACTCAGGAGGCTGAGGCAGGAGAACTGCTTGAACCTAGGAGGTAGAGGTTGCAGTGAGCCAAGATTACACCATTGCACTCCAGCCTAGGCAACAGAGTGAAACTCCATCTCAAAAAATAAAAAGAAAAAAA"
"chr1","6573289","6573581","chr1","25647657","25647947","37","19074368","GGCTGGGCGCGGTGGCTCAAGCCTATAATCCCAGCACTTTGGGAGGCCGAGGTGGGCGGATCACCTGAGGTCGGGAGTTGGAGACCAGCCTGACCAACATGGTGAAACCCCTGTCTCTACGAAAAATACAAAAATTAGCTGGGTATGGTGACACATGCCTATAATTCCAGCTACTCCCGAGGCTAAGGCATGAGAATCACTTGAGCCCAGGAGGAGGAGGTTGCAGTGAGTCAAGATTATGCCACTGCACTCCAGCCTGGATGACAGACTGAGTCTCCATCTCAAAAAAAAAA","GGCCGGGCGCGGTGGCTCACACCTGTAATCCCAGCACTTTGGGAGGCTGAGGCGGGCGGATCACCTGAGGTCCGGAGTTCGAGACCAGCCTGACCAACATGGAGAAACCCTGTCTGTACTAAAAATACAAAATTGGCTGGGCATGGTGGCACATGCCTATAATCCCAGCTACAAGGGAGGCTGAGGCAGGAGAATCGCTTGAACCTGGGAGGCGGAGGTTGCAGTGAGCCCAGATCGTGCCACTGCACTCCAGCCTGGGTGACAGAGCAAGACTCCATCTCAAAAAAAAAA"
"chr1","6610139","6610479","chr1","5738415","5738717","63","871724","GGCCAGGCACTGTGGCTCACGCCTGTAATGCAGCACTTTGGGAGGCCGAGGCTGGTGGAGTGCCTGAGGTCAGGAGTTCGAGACCAGTCTGGCCAACACGATGAAACCCCGTCTCTACTGAAAATACAAAAATTTGCCAGGTGTGGTGGCATGTGCCTGTAATACCAGCTGCTCAGGAGGCTGAGGTAGGAAAATTGCTTGAACCCGGGTGGCTGAGGCAGGAGAATCGCTTGAACCCGGGAGGCGGAGATTACAGTGAGCCAAGAGCGTGCTATTGCACTCCAGCCTGGGAGGCATAGTGAGTGAGACTTCGTCTCAAAAACAAAAAAAAGAAACAAAGA","GGCCAGGCACTGTGGCTCACGCCTGCTATGCAGCCCTTTGGGAGGTTGAGGTGGGTGGAGTGCCTGAGGTCAGGAGTTTGAGACCAGCCTGGCCAACATGGTGAAACCCCGTCTCTACTAAAAATACAAAAATGAGCCAGGTGTGGTGACGCATGCCTGTAATACCAGCTGCTCGGGAGGCTGAGGCAGGAGAATCGCTTGAACCCGGGAGGCGGAGATTACAGTGAGTCAAGAGCGTGCCATTGCACTCCAGCCTGGGCGACATAGTGAGACTTCGTCTCAAAAACAACAAAAAAAAAGAAA"
"chr1","6618739","6618953","chr1","5747236","5747453","18","871503","GGCCAGGCACCGTGGCTCACGCCTGTAATCCCAGCACTTTGGGAGGCCGAGGTGGGTGGATCACCTGAGGTAGCAAGTTCGAGACCAGCCTGGCCAATATGGCGAAACTCTGTCTCTACTAAAAATAAAACAAATTAGCTGGGTGCTGTGGCGCACGCCTGTAATCCCAGCTACGCGGAGGCTGAGGCTGGGGCAAGATTTCTTGAGGCCAGGAG","GGCCAGGCGCAGTGGCTCACGCCTGTAATCCCAGCACTTTGGGAGGCCGAGGTGGGTGGATCACCTGAGATGGGGAGTTCGGGACCAGCCTGGCCAATACGGTGAAACCCTGTCTCTACTAAAAATAAAACAAATTAGCTGGGTGTTGTGGCGCACGCCTGTAATCCCAGTTACTCGGAGGAAGAGGCTGGGGCAAGAGGATTTCTTGAGGCCAGGAG"
"chr1","6620159","6620365","chrX","25813318","25813533","43","19193159","CAGCCTGGCCAACATGGTGAAACTCCATCTCTACTAAAAATACAAAAATTAGCCAAGCGCGGTGGTGCACATCTATAATCCCAGCTACTCCAGAGGCTGAGGCAGGAGAATCGCTTTAACCTAGGAGGCGGAGGTCACAATGAGCCGAGATCATGGGACTCAAGCATGGAGGACAGAGCAAGACTCCGTCTCAAAAAAAAAAAAAGA","TAGCCTGGCCAATATGGTGAAACCCCCATCTCTACTAAAAATTCAAAAATTAGCCAGGTGTGGTGGCGTGCACCTGTAGTTCCAGCTACTCAGGAGGCAAGGCATGAGAATCACTTGAATCCAGGAGGCGGAGGTTGCAGTGAGCCGAGATCATGCCACTGTACTCCAGCCTGGGTGACAGAGCAAGACTCTGTCTCAAACAAACAAACAAACAAA"
"chr1","6620535","6620821","chr1","5749338","5749639","41","871197","GGGCACAATGGCTCATGCCTGTAATCCCAGCGGAGGCTGAGGTAGGCAGATCACCTGAGGTCAGGAGTTCAAGACCAGCCTGGCCAACATGGTGAAATGCCATCTCTACAAAAAATAGAAAAATTAGCCAGGTGTTGTGGTGCGTGCCTGTAATCCTAGCTACTCGAGAGGCTGAGGCAGGAGAATCACTGGAACTCAGGAGGCGGAGGTTGCAGTGAGCTGAGGTTGCGCCACTGCACTCCAACCTAGGCTACACAGGGAGACTTCGTCTCAAAAGAAAAAAAAAA","GGTTGGGCACCATGGCTTATGCCTGTAATCCTGGCGGAAGCTGAGGTAGGCAGATCACCTGAGGTCAGGAGTTCAAGACAAACCTGGCCAGCATGGTGAAACCCCATCTCTACAAAAAATAGAAAAAGTAGCCAGGTGTTATGGTGCATGCCTGTAATCCCAGCTACTCCAGAGGCTGAGGCAGGAGAATCACTTGAACTCAGGAGTTGGAGGCTGCAGTGAGCCGAGGTCGAGCCACTGCACTCCAACCTGGGCGACAGAGGGAGACTTCGTCTCAAAAAAAAAAAAAAAAAGAAAAAGAA"
"chr1","6627045","6627133","chrX","55988546","55988632","11","49361501","GAGAGGTGGAGGTTGCAGTGAGCCGAGATCACGCCATTGCACTCCAGCCTGGGCAACAAGAGCGAAACTCCATCTCAAAAAAGAAAGAA","GAGAGGCAGAGGTTGCAGTGAGCCAAGATCATGCCATTGCACTCCAGCCTGGGCAACAAGAACCAAATTCTGTCTCAAAAAAAAAAA"
"chr1","6627138","6627239","chr1","5754266","5754367","10","872872","GGCCAGGCATGGTGGCTCACACCTGTAATCCTAGCACTTTGGGAGGCCGAGGCAGGCAGATCACCTGAGGTCAGGAGTTCCAGACCAGCCTGACCGACATGG","GGCCAGGCGCAGTGGCTTACGCCTGTAATCCTAGCACTTTGGGAGGCCCAGGCAGGCAGATCACCTGAGGTCGGGAGTTTAAGACCAGCCTGACCAACATGG"
"chr1","6633086","6633359","chr1","5759837","5760117","30","873249","GCGGTAGCTCACGCCTGTAATCCCAGCACTCTGGGAGGCCGAGGCAGATGAATCACCTGAGGTCAGGAGTTCGAGACCAGTCTGGCCAACAAGGTGAAACCCTGTCTCTACCAAAAATACAAAAAAGAATTAGCTGGGCGTGGTGGCGCACGCCTGTCATCCCAGCTACTGAGGAGGTTGAGGCAGGAGAATCCCTTGAACCCGGGGGTGGAGTTTTACGACACTGCACTCCAGCCTGGGCGACAGAGCAAGTTTCCATTCCAAAAAAAAGAAA","GTGGTAGCTCATACCTGTAATCCCAGCACTCTGGGAGGCCGAGGCAGGCAGATCACCTGAGGTCAGGACTTCGAGACCAGTCTGGCCAACAAGGTGAAACCCTGTCTCTACTAAAATACAAAAAAGAATTAGCTGAGCGTGGTGGCGCACACCGGTCATCCCAGCTACTGAGAAGGCTGAGGCAGGAGAATCCCTTGAACCCGAGTGTGGAGTTTATGCCACTGCACTCCAGCCTGGGCGACAGAGTCAAGATTCCATTCCAAAAAAAAAAAAAAAAGAAA"
"chr1","6635341","6635626","chr8","123457883","123458168","45","116822542","GCTGGGCGTGGTGGCTCACACCTGTAATCCCAGCACTCTGGGAGGCCAAGGCAGGCGGATCACCTGAGACCAGGAGTTCAAGACCAACCTGGCCAACATGGTGAAACCCCATCTCTACTAAAAATACAAAAATTAGCTGGGCGTGGTGGTGGCGCCTGTGTAGTCCCAGCTACTTGGGAGGCTGAGGGAGGAGAATCGCTTGAACCCGGGAGGCAAATGTTGCAGTGAGCCACTGCACTCCAGCCTTGGTAACGGGAGGGAGATTCTGTGTCTCAAAAAAAAAAAA","GGCCGGGTGCGGTGGCTCACACCTGTAATCTCAGCACTTTGGGAGGCCAAGGTGGGCAGATCACCTGAGGTCAGGAGTTCAAGACCTGCCTGGCCAACATGGTGAAACCCCATCTCTTCTAAAAATACAAAAATTAGCTGGGCATGGTGGTGTGCACCTGTAATCCCAGCTACTTGGGAGGCTGAGGCAGGAGAATCGCTTGAACCTGGGAAGCAGAGGTTGCAGTGAGCAGAGATTACTGCACTCCAGCCTGGGCACCACAGACTCTGTCTCAAAAAAAAAAAAA"
"chr1","6642738","6643039","chr1","5769530","5769829","28","873208","GGCTGGGCGTGGTGGCTCACGCCTGTAATCCCAGCACTTTGGGAGGCCGAGCTGGGTGGATCACCTGAGGTCAGGAGTTGGAGACCAGCCTGACCAACATGGTGAAACCCCGTCTCTACTACAAATACAAAAATTACCCGGGCGTGGTAGCGCGCACCTGAAATCCCAGCTACTCAGGAGGCTAAGGCAGGAGAATCACTTGACCCTGGGAGGCAGAGCTTGCAGTGAACCGAGATCGCACCACTACACTCCATCTTGGGCAACAGAGCGAGACTCTGTCCCAAAAAACAAAACAAAACAAA","GGCCGGGCGTGGTGGCTCATGCCTGTAATCCCACCACTTTGGGAGGCCGAGATGGGTGGATCACCTGAGGTCAGGAGTTCGAGACCAGCCTGACCAACATGGTGAAACCCCGTCTCTACTAAAAATACAAAAATTACCCGAGTGTGGTAGTGCGCACTTGAAATCCCAGCTACTCAGGAGGCTGAGGCAGGAGAATCGCTTGACCCTGGGAGGTGTAGGTTGCAGTGAGCCGAGATCGTGCCACTGCGCTCCAGCCTGGGCGACAGAGTGAGACTCTGTCTCAAAAAACAAAACAAAAAA"
"chr1","6643547","6643838","chr1","5770336","5770622","26","873211","GCTGAGCATGGTGGCTCACGCCTGTAATCCCAGCACTTTGGGAGGCCAAGGCAGCAGGACTGGCCTCAACTCAGGAGTTCAAGACCAGCCTGGCCAACATGGTGAAACCCCATCTCTACTAAAGATGCAAAAATTAGCCCAGCGTGGTGGCACACTCCTGTGATCCCAGCTACTTGGGAAGCTGAGGCACAAGCATCACCTGAACCAGGGAGGCGGAGGCTGCAGTGAGCTGAGACTGTGCCACTGCACTCCACCTGGGCAACAGAGTGAGAGTCTGTCTCCAAAAAAAGAA","GAGCATGGTGGCTCATGCCTGTAATCCCAGCACTTTGGGAGGCCAAGGCAGGCCGACTGCCTCAACTCAGGAGTTGAGACCAGCCTGGCCAACATGGTGAAACCCCATCTCTATTAAAGATGCAAAAATTAGCCCAGCATGGTGGCACACTCCTGTTACCAGCTACTTGGGAGGCTGAGGCACAAGAATCACCTGAACCAGGGAGGCAGCAAGGCGGCAGTGAGCCGAGACTGAACCACTGCACTCCACCTGGGCAACAAACTGAGAGTCTGTCTCCAAAAAAAGAA"
"chr1","6655046","6655348","chr17","31366515","31366817","37","24711469","GGCTGGGCGTGGTGGCTCACACCTGTTTTCCCAGCACTTTGGAAAGCTGAGGCAGGTGGATTACCCGAGGTGAGGCGTTCAGGACCAGTCTGGCCAACATGGTGAAACCCTGTCTCTACTAAAAAAAATAGAAAAATTAGCCGGGCGTGGTGGCACGTGCCTGTAATCCCAGCTACCTGGGAGGCTGAGACAGGAGAATTGCTTGAACCTGGGAGGTGGATGTTGCAGTGAGCCGAGATTGCACCATTGCACTCCAGCCTGGGTGACAGAGCAAGACTCGGTCTCAAAAAAAAAAAAAAAAAA","GGCTGGGCGTGGTGGCTCACGCCTGTAATCCCAGCACTTTGGGAGGCCGAGGCAGGCAGATTACCTGAGGTCAGGAGTTCAAGACCAGCCTGGCCAACATGGTGAAACCCCATCTCTACTAAAAAAATATATAAAAATTAGCCGGGTGTGGTGGCACATGCCTGTAAACCCAGCTACTCGGGAGGCTGAGGCAGGAGAACTGCTTGAGCCCAGGAGAGGGAGGTTGCAGTGAGCCGAGATCGTGCCACTGCACTCCAGCCTGGCTGACAGAGCAAGACTCTGTCTCAAAAAAAAAAAAAAAAA"
"chr1","6656267","6656516","chrX","9003364","9003612","44","2347097","GGCCAGGCGCGGTGGCTCACGCCTGTAATCCCAGTACTTTGGGAGGCTGAGGTGGGCGAATCACCTGAGGTCAGGAATTTGAGACCAGCCTGGCCAACATGGTGAAACTTCATCTCTACCAAAAATACAAAAATTAGCCGGGCGTGGTGGTACCTGTCTGTAGTCCCAGCTACTCGGGAGGCTGAGTGAGGCGGGAGAACGTTTCAACCCAGGAGGCAGATTGTACCACAGCACTCCAGCCTGGTCAACA","GGCTGGGCACAGTGGCTCGCCCCTGTAATCCCAGCACTTTGGGAGGCCGAGGCAGGCAGATCACCTGAGGTCAGGAGTTTGAGACCAGCCTGGCCAACATGGTGAAACCCCGTCTCTACCAAAAATACAAAAATTAGCCTGCCTTGGTGGCGTGCGCCTGTAATCCCAGCTACTCGGGAGGCTGAGGCAGGAGAATCACTTGAACCCAGGAGTCAAGATCGCACCACTGAACTCCAGCCTGGGCGACAG"
"chr1","6659836","6660141","chr1","5786998","5787304","24","872838","GGCTAGGTGCAGTGGCTTATGCCTGTAATCCCAGCACTTTAGGAGGCCAAGGCGGCCGGATCGCCTGAGGTCAGGAGTTTGAGACCAGCCTGGCCAACGTGGCGAAACCCCATCTCTACTGAAAATACAAAAATTAGCCAGACGTGGTGGCACACGCCTATAATCCCAGCTATTTGGGAGGCCGAGGCAGGAGAATTGCTTGAACCCGAAGGCGGAGGTTGCAGTGAGCTGAGATGGAGATCGTGCCACTGCACTCCAGCCTGGGGGACAGTGAGACTCCGTCTCAAAAAAATATAAAAAAAAAAA","GGCTGGGTGCAGTGGCTCATGCCTGTAATCCCCGCACTTTAGGAGGCCAAGGCGGGCAGATCGCCTGAGGTCAGGAGTTCGAGACCAGCCTGGCCAACATGGCGAAACCCCATCTCTACTAAAAATACAAAAATTAGCCAGACATGGTGGCACGTGCCTATAATCCCAGCTATTTGGGAGGCTGAGGCAGGAGAATTGCTTGAACACGGAGGCGGAGGTTGCAGTAAGCTGAGATCGAGATCGCACCACTGCACTCCAGCCTGGGGGACAGCAAGACTCCGTCTCAAAAAAAAGAAAAAAGAAAAAA"
"chr1","6665235","6665457","chr9","126091587","126091817","42","119426352","CAGGAGTTCGAGACCAGCCTGGCCAACATGGCGAAACCCCATCTACTAAAAATATAAAAATTAACCAGGCATGGTGGTGCTTGCCTGTAGTCCCAGCTACTTGGGAGGCTGAGGTGGGAGGATCTCTTGAATCCAGGAGGCGGAGGTTGCAGTGATCCAAGATCACACCACTGTACTCCAGCCTAAGCAGCAGAGCAAGACTGTCTACAAAAAAAAAAAGAAA","TCAGGAATTCAAGACCAGGCTGGGCCAACATGGTGAGACCCCGTTTCTACTAAAAATACAAAAAGTTAGCAGGGCGTGGTGGCGTGCGCCTGTAATCCCAGCTACTTGGGAGGCTGAGGCAGGAGAATCTCTTGGATCCAGAAGGCAGAGGTTGCAGTGAGCCAAGATCGTGCCACTGCACTCCAGCCTGGGAGGCAGAGCAAGCCTCTGTCTCAAAAAAAACAAAAGAAA"
"chr1","6665517","6665785","chr8","139730317","139730594","54","133064800","CTGGGCACAGTGGCTCACACCTGTAATGCCAGCACTTTGGGAGGCCAAGGTGGGAGGATCACCTGAGGTCAGGAGTTAAGAGACCAGCCTGGCCAACAAGGAGAAACCCCAACTCTACAAAAATTAGTCAGGCATGGTGGTGCACACCTGTAGTCCCAGCTACTCAGGAGGGTCACCTGAGCCTGGGAGGTTGAGGGTGCAGTGAGCCAAGATTGCATCACTATTCTCCAGCCGGGGTGACAAAGTGAGACCTGTCTCAAAACAAAAAA","CCGGGCACAGTGGCTCACGCCTGTAATCCCAGCACTTTGGGAGGCCAAGCCGGGCAGATTACCTGAGGTCAGGAGTTCGAGACCAGCCTGGCTAACATGGTGAAATCCCATCTCTACTAAAAGCACAAAAATTAGCCAGGCATGGTGGCACACACCTGTAATCCCAGCTACGCAGGAGAATTGCTTGAGCCCAGGAGACAGAGGTTACAGTGAGCCAAGATCATGCCACTGCACTCCAGCCTGGCTGACAGAGTGAGACTCTGTCGCAAAAAAAAAAA"
"chr1","6666106","6666414","chr2","84653052","84653348","35","77986946","GGCCAGGCACGGTGGCTCACGCCTGTAATCTCAGCACTTTGGGAGGCCGAGGCAGGTGGATCACCTGAGGTCAGGAGTTCGAGACCAGCCTGACCAACATGGTGAAACCCCATCTCTATTAAAAATACAAAAATAGCTGGGTGTGGTGGCACACGCCTGTAGTCCCAGCTACTCGGAAGGTTGAGACAGGAGAATAGCTTGAACCCAGGAGGCAGAGGCTGCAGTGAGCCGAGATCACACCACCGCACTCCAGGCTGGGCAAGACAGAGCAAGACCCTGTCTCAAAAATAAATAAATAAATAAAATAAA","GGCCAGGCACAGTGACTCACGCCTGTAATCCCAGCACTCTGGGAGGCCGAGGCGGGTGGATCACCTGAGGTCAGGAGTTCGAGACCAGCCTGGCCAACATGGTGAAACCCCGTCTCTACTAAAAATACAAAAATTAGCTGGATGTGGTGGCACACGCCTGTAATCCCAGCTACTCAAGAGGCTGAGAATCGCTTGAACCTGAGAGGTAGAGGTTGCAGTGAGCCGAGATCACACCACCGCACTCCAGCCTGGAAGACAGAGCAAGACCCTATCTCAAAAAAAAAAAAAAAAAAAAAA"
"chr1","6671047","6671323","chr1","5801205","5801479","26","869842","GGCCAGGTGTGGTGGCTAATACCCGTAATCCCAACACTTTCGGAGGCTGAGGGAGTGGGATCACCTGAGGTCAGGAGTTCGAGACCAGCCTGGCCAACATGGTGAAACCCTGTTGCTACTAAAAATACAAAAATTAGCCAGGTACACGTCCCAGCTACTCTAGAGGCTGAGGCAGGAGAACTGCTTGAACCTGAAAGGTGGAGGTTGCAGTGAGCCAAGATTGCGCCACTGCACTCCAGCATGGGTGACAGAACAAGACTCTGTCTCAAAACAAGAA","GGCCAGGTGCGGTGGCTGATACCTGTAATCCCAACGCTTTGGGAGGCTGAGGCAGGTGGATCACCTGAAGTCAGGAGTTCGAGACCAGCCTGGCCAGCATGGTGAAACCCTGTCGCTACTAAACATACAAAAATTAGCTGGGCACGAGTCCCAGCTACTCTGGAGGCTGAGGCAGGAGAACTGCTTGAACTTGAAAGGTGGAGGTTGCCGTGAGCCAAGATCTCGCCACTGCACTCCAGCATGGGTGACAGAACAAGACTCTGTTTCAAAAACAA"
"chr1","6675631","6675925","chr5","139447355","139447652","37","132771724","GACTGGGCGCGGTGGCTCATGCCTGTAATCCCAGCACTTGGGCAGGCCGAGGCAGGCAGATCATCTAGGCAGGAGTTCAAGACCAGCCTGGCCAACATGGCAAAACCGCATCTCTACTAAAAATACAAAAATTAGCCGGGCTTGGTGACGTGCTCCTGTAGTCACAGCTATTTGGGAGGCTAAGGCAGGAGAATCACTTGAACCTGGGAGGCAGAGGTTGCAGTGAGCTGAGATCTCGCCACTGCACTCCAGCCTGGGCAACAGAGTGAGATTCTGTCTACAAAAAAAAAAAAAA","GACCGGGCGTGGTGGTTCATGCCTGTAATCCCAGCACTTTGGGAGGCCAAGGCAGGCAGATTGCCCAAGCTCAGGAGTTCAAGACCAGCCTGGCCAACATGGTGAAACCCCGTCTCTACTAAAAATACAAAAATTAGCCAGGTGTGGTGGCGTGCACCTGTAATCCCAACTATTCGGGAGGCTGAGGCAGGAGAATCGCTTAAACCCGGGAGGCAGAGGTTGCAGTGAGCTGAGCTCACGCCACTGCACTTCAGCCTGGGCGACAGAGTGAGACTCTGTCTCAAAAAAAAAAAAAAAA"
"chr1","6681819","6682145","chr1","5809103","5809429","26","872716","GGCCGGGTGCAGTGGCTCACTCCTATAATCCCAGCACTTTGGGAGGCAGAGGCGGGCAGATCACCTGAGGTCAGGAGTTCGAGACCAGCCTGGGCAATATGGTGAAACCCCATCTCTACTAAAAATACAAAAAAATTAGCCAGGCATGGTGGTGCATGGCCACCAGCCTCCCGAGTAATTTCAGCTACTTGGGAGGCTGAGACAGGAGAATAGCTTGAACCAGGGAGGTGGAGGTTGTGGTGAGCCAAGATCATGCCACTGCATTCCAGCCTGGACAACAGAGTGAGACTCCATCTCAAAAAAAAAAAGAAAAGAAAGAAAAAACAA","GGCCGGGTGCGGGGGCTCACTCCTATAATCCCAGCACTTTGGGAGGCAGAGGCGGGCAGATCACCTGAGGTCGGGAGTTTGAGACCAGCCTGGGCAATATGGTAAAACCCCATCTCTACTAAAAATACAATAAAAATTAGCCGGGCCTGGTGGTACATGACCACCAGCCTCCCGAGTAATTTCAGCTACTTGGGAGGCTGAGGCAGGAGAATCGCTTGAACCAGGGAGGCAGAGGTTGTAGTGAGCCAAGATCATGCCACTGCACTCCAGCCTGGACAACAGAGTGAGACTCTGTCTCAAAAACATAAAAAAGAAAAGAAAGGAAAA"
"chr1","6689425","6689723","chr3","41130046","41130344","37","34440621","GCTGGGCATGGTGGCTCACATTTGTAATCCCAGCACTTTGGAAGGCCAAGGCAGGAGGATCATCTGAGGTCAGGAGTTTGAGACCAGCTTGGCCAACATGGTGAAACTCTGTCTCTACCAAAAAATACAAAAATTAGCCAGGCATAGTGGTGCGCACCTGTAATTCCAGCTACTCGGGAGGCTGAGGCAGGAGAATCACTTGAACCCCGGAAGCAGAGGTTGCAGTGAGCCAAGATCACGCCACTACACTCAGCCTGGGCAACAGAGCAAGACTCCGTCTCAAAAAATAAAATAAAAAA","GGCCAGGCACGATGGCTCACACCTGTAATCCCAGCACTTTGGAAGGCCGAGGCAGGTGGATCACCTGAGGTCAGGGGTTCAACACCAGCCTGGCCAACATGGTGAAACCCTGTCTCTACTAAAAATACAAAAATTAGCCAGGCGTGGTGGCATGCACCTGTAATCCCAGCTACTTGGGAGGCTGAAGCAGGAGAATCACTTGAACCCGGGAAGCGGAGGTTGCAGTGAGCCAAGATCATGCCACTGCACTCCAGCCTGGGCAACAGAGTGAGACTCTGTCTCAAAAAAAAAAAAAAAGA"
"chr1","6721671","6721844","chr3","69004212","69004378","43","62282541","GGTGGCTCATGCCTGTAATCCCAGCACTTTGGGAGGCCAAGGTGGGCTGATCACCAGAATTGCTTAAACCTAGGAGGCGGAGTTTGCAGTGAGCCAAGATCATGCTGCTGCACTCCAGACAGGGCAACAAAGCAAGACTCCATCTCAAAAAAAAATAAAAAATAAAAAATAAAA","TGGTGGCACATTCCTGTAATCCTAGCTACTGAGGAGGCTGAGGCAGGAGAATCCCTTGAACCTGGGAGGTGGAGGTTGCAGTGAGTCAAGATCGTGCCATTGCACTCCAGCCTGGGCAACAAGAGTGAAACTCCATCTCAAAACAAAAACAAAAACAAAAACAAAAA"
"chr1","6723745","6724013","chr1","5852632","5852914","33","871113","GGCCAGGCATGGTGGCTCACGTCTGTAATCCCAGCACTTTGGGAGGCTGAGGCAGGGGAATCACCTGAGGTCAGGAGTTCGAGAATAGCCTGGCCAACATGGTAAAACCCCATCTCTACTAAAAATACAAAAATTATCTAGTTATGGTGGGAGGCTGAGGCGGGAGAATCGCTTGAACCCAGGAGTCGGAGGTTACAGTGAGCCAAGATTGCACCACTGCACTCCAACCTGGGCGACAGAGCAAGACTCTGTCTCAAAAAAAAAAAAAA","GGCCAGGCATGGTCACTCACATCTGTAATCCCAGCACTTTGGGAGGCTGAGGCGGGGGGATCACCTGAGGTCAGGAGTTTGAGACTAGCCTGGCCAACATGGTGAAACCCCATCTCTACTAAAAATACAAAAATTAGCTAGTTATGGTGGGAGGCTGAGGCAGGAGAATCACTTGAAACCGGGAGTCGGAGGTTACAGTGAGCCGAGACTGCACCACTGCACTCCAGCCTGGGTAATAGAGCAAGACTCTGTCTCAAAAACCAAAAAAAAACAAAAAAAAAAA"
"chr1","6731316","6731451","chrX","854799","854933","13","5876517","GGCTGGGCATGGTGGCTCATGCCTGTAATCCCAGCACTTTGGGAGGCCGAGGTGGGCGGAATACATGAGGTCAGGAGTTCGAGACCAGCCTGGCCAACATAGTGAAACCTCGCCTCTATTAAAAATATAAAAATTA","GGCTGGGCGTGGTGGCTTATGCCTGTCATCCCAGCACTTTGGGAGGCCAAGGTGGGCGGATCACCTGAGGTCAGGAGTTCGAGACCAGCCTGACCAACATGGTGAAACCCGTCTCTGTTAAAAATACAAAAATTA"
"chr1","6732785","6733073","chr3","84501132","84501422","35","77768347","GGCCAGGCACCGTAATTTACGGCTGTAATCCCAGCACTTTGGGAGGCTGAGGCAGGCAGATTACCTGAGGTCAGGAGTTCAAGACCAGCCTGGCCAAGATGGTGAAACCCCATCTCTACTAAAAATACAAAAATTAGCCGGGCGTGGTGGCACATGCCTGTAGTCCCAGCTATTCAGGAGGCTAAGGCAGGAGCATCACTTGAACCCAGGAGGCAGAGATTGCAGTGAGCCAAGATCACGCCACTGCACTCCAGCCTGGGCAACAGAGTGAGAGTCCATCAAAAAAAAA","GGCCAGGAATGGTGGCTTACACCTGTAATCCCAGCACTTTGGGAGGCCGAGGCAGGCAGATCACCTGAGGTCAGGAGTTCGGGACCAGCCTGGCCAACATGGTAAAACCACGCCTCCACTAAAAATACAAAAATTAGCCGGGCATGGTGGCACGCACCTGTAATCCCAGCTACTCAGGAGGCTGAGGCAGGAGAATCACTTGAACCCAGGAGGCAGAGATTGCAGTGAGCCAAGATCATGCCACTGCACTCCAGCCTGGGAGACAGAACGAGACACCATATCAAAAAAAAA"
"chr1","6734027","6734128","chr3","151235850","151235951","11","144501823","GGCCAGGCGTGGTGGCTCATGCCTATAATCCCAGCACTTTGGGAGGCTGAGGCGGACAGATCACCTGAGGTCAGGAGTTCAAGACCAGCCTGGCTAACATGG","GGCCGGGCATGGTGGCTCATGCCTGTAATCCCAGAACTTTGGGAGGCCGAGGCAGGTGGATCACCTGCGGTCAGGAGTTCAAGACCAGCCTGGCCAACATGG"
"chr1","6744631","6744939","chr1","5873339","5873648","32","871292","GGCCGGGCAAGGTGGTTCACGCCTGTAATCCCAACATTTGGGAGGCCGAGGTGGGAAGATAACCTGAGGCCAGGAGTTCGAGAACAACCTGGACAACATGAAGAAACCCCGTCTGTACCAAAAATACAAAAATTAGCTGGGTGTGGTGGTGTGCGTCTGTAGTCCCAGCTGCTCGGGAGGCTGAGGCAGGGGAAACACTGGAATCCAGAGGTGGAGGTTGAAGTGAGCTGAGATCACACCACTGCACTCCAGCCTGGGGGACAGAGTGAGACCCTGTCTCAAAATAACAACAACAAAAAACAAAAACAA","GGCTGGGCAAGGTCATTCATGCTTGTAATCCCAGCATTTGGGAGGCCAAGCTGGGAGGATCACCTGAGGCCAGGAGTTTGAGAACAGCCCGGCCAACATGAAGAAACCCCGTCTCTACTAAAAGTACAAACATTAGCTGGGTGTGGTGGTGTGCACCTGTAGTCCCAGCTGCTCGGGAGGCTGAAGCAGGGGAATCACTGGAACCCGGAGGCAGAGGTTGCAGTGAGCTGAGATCATGCCACTGCACTCCAGCCTGGCAGACAGAGTGAGACCCTGTCTCAAAATAACAACAACAAAAAACAAAAACAAA"
"chr1","6746686","6746977","chr1","5875367","5875672","38","871319","GGCCAGGCAAGGTGGCTCATTCCTATAATCCCAGCATTTTGGGAGGCCTAGACAGGCGGATCCTCTGAGGTCAGGAGTTCGAGACCAGCCTGGCCAACATGGGGAAACCCTATCTCTACTAAAAATACAAAAAAATTAGCATGGTGGCGTGCACCTGTAATCCCAGCTACTCAGAGCCTGAGGCAGGAGAATCACTTGAACCCGGAAGGTGGAGGTTGCAGTGAGCCGAGATTGCACCACTCCACTGCAGCCTGGGCAACAGAGTGAGACTCCCTTGAAAAAAAAAAAAAAA","GGCCAGGCATGGTGGCTCATTCCTATAATCCCAGCATTTTGGGAGGCCGAGGCAGGCGGATCGTCTAAGGTCAGGAGTTCAAAACCAGCCTGCCCAACATGGTGAAACCCCGTCTCTACTAAAAATACGAAAACATTAGCATGGTGGCGTGCGCCTGTAATCCCAGCTACTCAGAGGCTGAGGCAGGAGAATCGCTTGAACCCGGAAGGTGGAGGTTGTAGCGAGCCAAGATCGCACCACTCCACTGCAGCCTGGGGGACAGAGCGAGACTCCCTCGCAAAAAAAAAAAAAAAAAAAAAAAAAAAA"
"chr1","6747155","6747388","chr1","5876117","5876338","28","871038","GGCCAGACATGGTGGCTCATGCCTGTAATCCCAGCACTTTGGGAGGCCGAGGCGGGCAGACCACCTGAGGTCAGGAGTTCAAGTCCAGCCTGGCCAACATGGTGACACCTCGTCTCTACTAAAAATACAAAAATTAGCTGGGAGTCATAGTGCATGCCTGTAGTCCCAGCTACTCAGGAGGCTGAGGCAGGAAAAACGCTTGAACTTGGGAGGGGGAGGTTGGGTGACAGTGAG","GGCCAGTTGTGGTGGCTCATGTCTATAATCCCAGTATTTTGGGAGGCCGAGGCGGACAGATGACCTGAGGTCAGGAGTTCAAGTCCAGCCTGGCCAACATGGTGACACCTCGTCTCTACTAAAAATACAAAAATTAGCTGGGAGTCGTGGTGCATGCCTGTAGTCCTAGCTGCTCAGGAGGCTGAGGCAGGAAAATCGCTTGAACCTGGGAGGGGGAGGTTG"
"chr1","6752296","6752569","chr1","5880788","5881073","38","871508","GGCCGGCCATGGTGACTCATGCCTGTAATCCTAGCACTGTGGGAGGCCGAGGTGGGCTGATCGCCTGAGGTTAAGAGTTCAAGACCAGCCTGGCCAACTTGATGAAACACCAACTCTATTAAAATACAAAAATTAGCTGGGCGTGGTGACTCATGCCTGTAGTTCCAGCTACTCGGGAGGCTGAGGCATGAGAATCACTTGAACCCGAGATGCAGAGGTTGCAGTGAGCCGAGATTGCGCCACTGCACTCCAGCCTGGGACTCTGTCTCAAAAA","GGCCAGCCATGGTGGCTCACGCCTGTGATCCTAGCACTGTGGGAGGCCGAGGCAGGCGAATCACCTGAGGTTGGGAGTTCAAGACCAGCCTAGCCAACTTGGTGAAATACCATCTCTACTAAAAATACAAAAATTAGCCGGGCGTGGTGGCTCATGCCTGTAGTTCCAGCTACTCGGGAGGCTGAGGCATGAGAATCGCTCGAACCTGAGAGGCAGAGGTGACAGTGAGCCGAGATCACGCCACTGCACTCCAGCCTGGTGACGGAGCGGGACTCTGTCTCAAAAA"
"chr1","6765908","6766191","chrX","40056549","40056830","36","33290641","GGCCGGGCGCGGCGGCTCACACCTGTAATCCCAGCACTTTGGGAGGCCGAGGCGGGCGTATCACGTGAGGTCAGGAGTTTGAGACCAGCCTGGCCAACACGGTGAAACCCCGTCTCTACTGAAAATACAAAAATCAGCTGGGCAGGATGGTGAATGCCTGTAATCCCAGCTACTTGGGAGGCTGAGGCAAGAGAATGTCTTGAACCCGGAAGGCAGAAGCTGCAGTGAGCCAAGATCGCACCATTGCACAGCAGCCTGGGCGACAGAGCAAGACTCCGTCTCAA","GGCCGGGCATGGTGGCTCACACCTGTAATCCCAGCACTTTGGGAGGCCGAGGCGGGCAGATCACCTGAGGTCAGGAGTTTGAGACCAGCCTGACCAACATGCTGAAACCCCGTCTCTACTAAGAATACAAAAATTAGCCAGGCATGGTAGTGTGTGCCTGTAATCCCAGCTACTCAGGAGGCTGAGGCAGGAGAATCTCTTGAACCCGGAAGGCGGAGGTTGCAGTGAGCCGAGATGGCGCCACTGCACTCCAGCCTGGGCAATAGAGCAAGACTCCGTCTC"
"chr1","6770060","6770345","chr13","70417267","70417557","45","63647207","CTGGGTGCAGTGGCTCACACTTGTAATCCTAGCACTTTGGGAGGCCGAGGTGGGTGGATCACCTGAGGTCAGGAGTTCAACACCATTCCGGCCAACATAGTAAAACCCTCATCTCTGCTAAAAATACAAAAATTAGCCGGTGTGGCTGCGCATACCTGTAATCCCAGCTATCTGGGAGGCTGAGGCAGGAGAATGGCTTGAACCTAGGAGGCAGAGGTTGTAGTGAGCCAAGATGGACCCTGGGCGACAGAGTGAGACTTTGTCTCCAAAAAACAAACAAAAAAAA","GGCTGGGTGCAGTGGCTCACGCCTGTAATCCTAGCACTTTGGGAGGCTGAGGCGGGTGGATCCCCTGAGGTCAGGAGTTCGAGACCAGCCTAGCCAACATGGCAAAACCCCATCTCTACTAAAAATACAAAAATTAGCCGGGCATGGTGGCAGCATCTGTAATCCCAGCTACTTGGGAGGCTGAGGCAGGAGAATTGCTAGAACCTGGGAGGCAGAGGTTGCAGTGAGCCGAGATGGCGCCAGCCTTGGCGACAGAGCGAGACTCTGTTTCAGAAAAAAAAAAAAAAAAAA"
"chr1","6770633","6770934","chr1","5896714","5897011","28","873919","GCCGGGTGTGGTGGCTCACGCCTGTAATCCCAGCACTTTGGGAGGACGAGGTGGGTGGATCACCTGATGTCCGGAGTTTGAGACCAGCCTGACCAATATGGTGAAACCCCGTCTCTACTAAAAATACAAAAATTAGCCAGACATGTTGGCGTGCGCCTGTAGTGCCAGCTACTCGGGAGGCTGAGACAGGAGAATTGCTTGAACCTGGGAGGTGGAGGTTGCAGTGAGCCTAGATCGCGCCATTGCACTCCAGCCTGGGTGATAGAGCGAGACTCTGTCCCAAAAAAAAAAAAAAATAAGAA","GCCGGGCGCAGTGGCTCACGCCTGTAATCCCAGCACTTTGGGAGGACGAGGTGGGTGGATCACCTGAAGTCAGGAGTTTGAGACCAGCCTGACCAATACAGTGAAACCACGTCTCTACTAAATATACAAAAATTAGCCAGACGTGGTGGTGTGGGCCTGTAGTGCCAGCTATTCGGGAGGCTGAGACAGGAGAATTACTTGAACCTGGGAGATGGAGGTTGCAGTGAGCCGAGATTGTGCCATTGCACTCCAACCTGGGTGACAGAGCGAGACTCCATCTCAAAAAAAAAAAAAAAAA"
"chr1","6779200","6779496","chr16","5048763","5049058","31","1730437","GGCCGGGTGCCATGGCTCACACCTCTAATCTCAGCACTTTGGGAGGCGGGGGTGGGTGGATCACCTGAGGTCAGGAGTTCGAAACCAGCCTGGCCAACGTGGTGAAACCCCGTCTCTACTAAAAATACAAAAATTAGCTGGGCATGGTGGTGTGCACCTGTAGTCCCAGCTACTCGGGAGGCTGAGGCAGGGAGAATTGCTTGAACCCAGGAAGCAAAGGTCGCAGTGAGCTGAGATCGCACCACTGCACTCCAGCCTGGGCAACAGAGCAAGACTCTGTCTCAAAAAAAAAAAAAA","GGCCGGGCGCGGTGGCTCACACCTGTAATCCTAGCACTTTGGGAGGCCGAGGTGGGCGGATCACCTGAGGTCGGGAGTTCAAGACCAGCCTGGCCAACATGGTGAAACCCCGTCTCTACTAAAAATACAAAAATTAGCTGGGCGTGGTGGCGTATACCTGTAATCCCAGCTACTCGGGAGGCTGAGGCAGGAGAATCACTTGAACCCGGGAGGCAGATGTCGCAGTGAGCCAAGATCGCACCATTGCACTCCAGCCTGGGCAACAGAGCGAGACTCCGTCTCAAAAGAAAAAAAAA"
"chr1","6787069","6787198","chr7","20223555","20223683","12","13436486","GGGCACCATGGCTCATGCCTGTAATCCCAGCACTTTGGGAGGCTGAGGCAGGTGGATCACATGAGGTCAGGAGTTTGAGACCAGCCTGGCCAACATGGCGAAACCCCATCTCTACTAAATATACAAAAAT","GGGCACAGTGGCCCATGCCTGTAATCCCAGCACTTTGGGAGGCTGAGGCAGGTTGGTCACCTGAGGTCAGGAGTTCGAGACCAGCCTGGCCAACATGGCGAAACCCAGTCTACTAAAAATACAAAAATT"
"chr1","6787494","6787509","chr14","100799751","100799765","4","94012257","TTGAACAGGCATGGTG","TTAACCAGGCAGGGT"
"chr1","6815278","6815589","chr4","32376720","32377029","43","25561442","CAGGCGCGGTGGCTCACGTCTGTAATCCCAGCACTTTGGGAGGCCGAGGCAGGCAGATCAGCTGAGGTCGGGAGTTTGAGACCAGCCTGGCCAACATGGTAAAACCCCGTCTCTGCTAAAAAAAACAAAATTAGCTAGGCGTGGTGGTGCGTGCATGTAATCCCAGCTACTCAGGAGGCTGAGGTGGGAGAATTGCTTGAACACGGGAGGCAGAGGTTGCGGTGAGCCAAGATCATGCCACTGCACTCCAGCCTGGGTGACAGAGCTAGATTCCATCTACAAAAAAAAACCCCAATAAATAAAAAATAAAAA","CCGGGCCTGGTGACTCACACCTGTAATCTCAGCACTTTGGGAGGCCGAGGCAGGCAGATCACCTGAGGTCAGGAGTTCGAGACCAGCCTGACCAACATGGTGAAACTCCGTCTCTACTAAAAATACAAAAATCAGCCAGGTGTGGTGGCGCATGCCTGTAATCCCAGCTACTCAGGAGGCTGAGGCAGGAGAATTGCTTGAACCCGGGAGGTGGAGGTTGTAGTGAGCCAAGATCCTGCCACTGCACTCCAGCCTGGGTGACAGAGTGAGACTCCATCTCAAAAAAAAAGAAAAAGAAAAAAAAAAAAAA"
"chr1","6860194","6860509","chr9","96572136","96572441","39","89711942","GGCCGGGCGTGGCGGCTCATACCTGTAAATCCCAGCACTTTGGGACAAGGCCGAGGCAGGTGGATCACCTGAGGTCAGGAGTTCGAGACCAGCCTGGCCAACATGGTGAAACCACGTCTCTATTAAAAATACAAGAAAATTAGCTGGGCATGGTGGTGCATGCCTGTAATCCCAGCTACTCGGGAGGCCAAGGCAGGAGAATTGCTTGAACCCGGGAGGTGGAGGTTGCAGTGAGCTGAGGTCGTGCCATTGCACTCCAGCCTGGGTGACAAGAGCAAGTCTCCATCTCAAAAAAAAAGAAGGAAGCAAAAGGAAA","GGCCAGGCACGGTGGTTCATGCCTGTAATCCCAGCACTTTGGGAGGCCGATGCAGGTGGATCACCTGAGGTCAGGAGTTCGAGACCAGCCTGGCCAACATGGTGAAACCTCGTCTCTACTAAAAATACAAAAATTAGCTGGGCATGGTGCCCATGCCTGTAATCCCAGCTACTCAGGAGGCCAAGGCAGGAAAATTGCTTGAACCTGGAAGGCGGAGGTTGCAGTGAGCGGAGATGGTGCCACTGCACTCCAGCCTGGGTGACAGAGCAAGTACTCAATCTCAAAAAAAATAAATAAAAATAAAAA"
"chr1","6861137","6861335","chr6","55060425","55060623","28","48199288","GGCCGGGCGCAGTGGCTCATGCCTATAATCCCAGCACTTTGGGAAGCTGAGGCAGGTGGATCACCTGAGATCAGGACTTTGAGACCAGCCTGGCCAACATGGTGAAACCCTGCCTCTACTAAAAATACTAAAATTAGCAGGGCATGGTGGTGCGTGCCTGTAATCCCAACTACCTGGGAGACTGAGGCGGAAGAACTGC","GGCCGGGCGCAGTGCCTCATGCCTGTAATCTCAACACTTTGGGAGGCCAAGGCGGGCAGATCACCTGAGGTCAGGAGTTCGAGACTAGCCTGGCCAACATGGTGAAACCCCGTCTCTACTAAAAATACAAAAATTAGCTGGGTATGGTGGTACGTGCCTGTAATCCCAGCTACTCAGGAGGCTGAGGCAGGAGAATTGC"
"chr1","6865074","6865215","chrX","130438301","130438440","18","123573227","CCTGTAATCCCAGCTACTAGGGAGGCTGAGGCAGGAAGAATTGCTTGAACCCAGGAGGCAGAGGTTGCAGTCAGCCGAAATCATACCACTGCACTCCAGCTTGGGTGACAGGGTAAGACTCTGTCTACAAAAAAAAAAAAAA","CCTGTAATCCCAGCTACTGGGGAGGCTAAGGCAGGAGAATTGTTTGAACCCAGGAGGTGAAGGTTGCAGTGAGCCAAGATTGTACCACTGCACTCCAGCCTGGGTGACAGAGCAAGAATCAGTCTCAAAAAAAAAAAAAA"
"chr1","6865517","6865571","chr1","168754306","168754362","10","161888789","CAGATCACGAGGTCAGGAGTTCAAGACCAGCCTGACCAACATGCTGAAACCCCGT","GCAGATCACATGAGGTCAGGAGTTCGAGACCAACCTGACCAACATGGTGAAACTTTG"
"chr1","6865572","6865753","chr1","9081901","9082091","41","2216329","GGTGTGGTGGCTCATGCCTGTAATCCTGGCACACTGGTGAGGTGGGTGGATCACCTGTGGTCAAGAATTTGAGACCAGCCTGGTCACTATGGTGAAACTCTTTTTCTACTAGAAATAAAAATCTTAGGCCAGGCGCGGAGGCTCACACCTGTAATCCCAGCACTTTGGGAGGCCGAGGCAGG","GCCGGGTACAGTGGCTCATGCCTGCAATCCCAGCACTTTGAGATGCCAAGGTGGGTAGATCACCTGAGGTCAGGAGTTCGAGAGCAGCCTGGCCAACATGGTGAAACCCCATCTCTACTAAAAATATAAAAATTAGGCCGGCCACAGTGGCTCACGCCTGTAATCCCAGGACTTTGGGAGGCAGAGGCAGG"
"chr1","6869413","6869541","chr6","174648180","174648299","33","167778767","TTCGAGACCAGCCTGGCTGACATGGTGAAACCCTGTCTCTACTAAAAAATACAAAAATTAGCCAGGCATGGTGGTGCAACGAACCTAGTAATTCCAGCCACTTGGGAGCTGAGGCACGAGAATTGCTTG","ACCAGCCTGGCCAACATGGTGAAACCCCATCTCTACTAAAAATGCAGAAAATTAGCTGGGCGTGGTGGCACATGACTGTAATCCTAGCTACTCAGGAGGCTGAGGTGGTAGAATTGCTTG"
"chr1","6893856","6894147","chr1","21948142","21948432","36","15054286","GGCCAGGCGCAGCAGCTCACCACTGTAATCCCAGCACTCTAGGAGGCCGAGGCGGGTGGATCACCTGAGGTCAGGAGTTCGAGACCAGCCTAGCCAACATAGTGAAATCCTGTCTGTACTAAAAATACAAAAATTAGTTGGGCATGGTGGCACACGCCTGTAATCCCAGCTACTTTGGAGGCTGAGGCAGGAGAATCGGTAGAACCCAGAAGGTGGAGGTTTGCAGTGAGCTAAGATCACACCACTGCACTCCAGCCTGGGCGACAAGAGCAAAACTCCGTCTCAAAAAAAA","GGCCGGGCACAGTAGCTCGCACCTGTAATCCCAGCACTTTTGGAGGCCGAGGTGGGTGGATCACCTGAGGTCAGGAGTTCGAGACCAGCCTTATCAACCAATGAAATCCTGTCTCTACTAAAAATACAAAATTAGTTGGGTGTGGTGGCACACGCCTGTAATCCCAGTTACTTGGGAGGCTGAGGCAGGAGAATCGCTTGAACCCAGGAGGTGGAGGTTGCAGTGAGCCAAGATTGTGCCACTGCACTCCAGCCTGGGCTACAAGGCGAAACTCCGTCTCAAAAAAAAAAA"
"chr1","6922582","6922876","chr7","136748917","136749210","39","129826335","GGCCGGGCATAGTGGCTCACACCTGTAATCCCAATATTTTGGGAGGCCGAAGCAGGTGGATCACCTGAGGTCAGGAGTTCAAGACCAGCCCTGGCCAACATGGTGAAACCCTGTCTCTACTAAAAACACAAAAATTAGCCAGGTGTGGTTGCGCACACCTATAATCCTACCTACTCAGGAGGCTGAGGCAGGAGAATTGCTTGAACCCGGGAGGTGGAGGTTGCAGTGAGCCAAGATTGCGCCAGTGCACTCTAGCCTGGGCAACAGGAACAAAACACCGTCTCAAAAAAAAAAA","GGACGAGTGTGGTGGCTCACACCTGTAATCCCAGCACTCTGGGAGGCCGAGGCAGGTGGATCACCTGAGCTCAGGAGTTCAAAACCAGGCTGGCCAACATGGTGAAACCCCGTCTCTACTAAAAATACAAAAAATTAGCCAGATGTGGTGGCGCGCACCTGTAATCCCAGTTACTCAGGAGGCTGAGGCAGAAGAATCGCTTGAACCCGGGAGGCGGAGGTTGCAGTGAGCCAAGATTGCGCCACTGCACTCCAGCCCAGGAGACAGTGCGACACTCCGTCTCAAAAAAAAAAA"
"chr1","6984376","6984675","chr9","82264266","82264564","36","75279890","GGCCGGGCACGGTGGCTCATGCCTGTAATCCCAACACTTTGGGAGGCCGAGGAGGATGGATTGCCTGAGCTTAGGAGTTCGAGACCAGCCTGGGCAACACGGTGAAATCCAGTCTCTACTAAAATACAAAAAATTATCTGGGCATGCCAGCATGTGCCTATAATCCCAGCTACTTGGAAGGCTGAGGCAGGAGAATTGCTAGAACCCAGGAGGCAGAGGTTGCAGTGAGCCGAAATCACACCACTTGCACTCCAGCCTGGGCAACAAAGCAAGACTCTGTCTCTAAAAAAAAAAAAAAAA","GGCCAGGCAAGGTGGCTCACGCCTATAATCCCAGCACTTTGGGAGGCCAAGGTGAGTGGATTTCCTGAGCTCAGGAGTTCGAGACCAGCCTGGGCAACACGGTGAAACCCCATCTCTACTAAAATACAAAAAATTAGCTGGGCATGGCAGCATGCACCTATAATCCCAGCTACTTGGGAGGCGAGGCAGGAGAAGCGCTTGAACCCAGGAGGTGGAGGTTGCAGTGAGCCGAGATTGTGCCATTGCACTCCAGCCTGGGCAAGAGAGCAAGACTCTGTCTCAAAAAAAGAAAAAAAGAA"
"chr1","6984725","6985025","chr1","5896714","5897011","33","1088011","GACCGGGCACGGTGGCTCACGCCTGTAATCCCAGCACTTTGGGAGGCCGAGGTGGGTGGATCACCTGAGGTCAGGAGTTTGAGACCAGCCTGACCAATATGGTGAAACCCCATCTCTACTAAAATACAGAAGGTAGCCAGGTGTGGTGGTGTGCACCTGTAGTCCCAGCTGCTTGGGAAGCTGAGACAGGAGAATTGCTTGAACCCGGGAGGTGGAGGTTGCAGTGAGCCGAGACTGTGCCACTGCACTCCAGCCTGGGTGACAGAGTGAGACTCCATTTCAAAAACAAAAAACAAAAAAA","GCCGGGCGCAGTGGCTCACGCCTGTAATCCCAGCACTTTGGGAGGACGAGGTGGGTGGATCACCTGAAGTCAGGAGTTTGAGACCAGCCTGACCAATACAGTGAAACCACGTCTCTACTAAATATACAAAAATTAGCCAGACGTGGTGGTGTGGGCCTGTAGTGCCAGCTATTCGGGAGGCTGAGACAGGAGAATTACTTGAACCTGGGAGATGGAGGTTGCAGTGAGCCGAGATTGTGCCATTGCACTCCAACCTGGGTGACAGAGCGAGACTCCATCTCAAAAAAAAAAAAAAAAA"
"chr1","7004958","7005257","chr15","14879367","14879661","29","7874409","GGCCGGGCGTGATGGCTCACGCCTGTAATCCCAACACTTTGGGAGGCCAAGGCGGGCAGATCACCTCAGGTCAGGAGTTCGAGACCAGCCTGGCCAACATGGTGAAACTCCGTCTCTACTAAAAATACAAAATAATCAGCCGGGCATGGTGGCACATGCCTGTAGTCCCAGCTACTTGGGAGGCTGAGGCAGAAGAATCGCTTGAACCTGGGAGGCAGAGGTTGCAGTGAGCTAAGATTGCGCCACTGCACTCCAGCCTGGGTGACAGAGTGAGACTCTGTCTCAAAAAAAAAAAAAAAA","GCCAGGCATGGTGGCTCACGCCTGTAATTCCAGCACTTTGGAAGGCCAAGGCAGGCAGATCACCTGAGGTCAGGAGTTCGAGACCAGCCTGGCCAACATGGTGAAACCCCGTGTCTACTAAAAATACAAAATTAGCCGGACGTGGTGGCACATGCCTTTAATCCCAGCTACTTGGGAGGCTGAGGCACGAGAATTGCTTGAACCCAGGAGGCAGAGGTTGCAGTGAGCCAAGATCGTGCCACTGTACTCCAGCCTGGATGACAGAGTGAGACTCTGTCTCAAAAAAAAAAAAAAA"
"chr1","7015741","7015949","chr1","6153209","6153443","36","862532","GAGATGGGAGGATCACCTGAGGTCAGAGCAGCCTGGCCAACATGTTGAAACTCTGTCTCTACTAAAAATACAAAAAAAATTAGCTGGATGTGGCGGCACGCACCTGTAGTCCCAGCTACTCGGGAGGCTGAGGTAGGAGAATCACTTGAACCCAGAAGGCAGAGGTTGCAGTGAACCAAGACCGCGCCACTGCGCTCCAGCCTGGGTGA","GAGATGGGCAGATCACCTGAGGTCAGACCAGCCTGGCCAACATGTTGAAACTCTGTCTCTACTAAAAATACAAAAAAGCAAATTGGCGCTTGGAATGTTGGTGGCACACACCTGTAGTCCCAGCTACTCGGGAGGCTGAGGTAGGAGAATCACTTGAACCCAGAAGGCAGAGGTTGCAGTGAACCAAAACTGCGCCACTGCACTCCAGCCTGTGTGACAGAGCGAGACTCCATCT"
"chr1","7045499","7045800","chr13","92078227","92078528","33","85032728","GCGGTGGCACACGCCTGTAATCCCAGCACTTTGGGAGGCTGAGGTGGGCGGATCCCCTGAATTCAGGAGTTCGAGACCAGCCTGACCAACATGGTGAAACCCCGTCTCTACTAAAAATACAAAAGTTAGCTAGGCATGGTGGCACGTGCCTGTAGTCCCAGCTACTCGGGAGGCTGAGGCAGGAGAATTGCTTGAACCTGGGAGGCAGAGGTTGCAGTGAGCCGAGATTGCACCATTGCACTCCAGCCTGGGCAACAGAGTGAAGCTCCGTCTACAAAAAAAAAAAAAAAGAAAAAGAAAAA","GGCGCGGTGGCTCACGCCTGTAATCCCAGCACTTTGGGAGGCCGAGGCGGGCAGATCTCCTGAGATCAGGAGTTCGAGACCAGCCCGGCCAACATGGTGAAACCCCGTCTCTACTAAAAATACAAAAACTAGCTGGGTGTGCTGGCACGCGCCTGTAATCCCAGCTACTCGGGAGGCTGAGGCAGGAGAATTGCTTGAACCCGGGAGGCGGAGGTTGCAGTGAGCCAAGATTGCACCACTGCACTCCAGCCTGGGCAACGAGAGTGAGACTTCATCTCAAAAAAAAAAAAAAAGAAAGAAAA"
"chr1","7093200","7093495","chr13","70565050","70565347","39","63471850","GGCCGGGCGTGGTGGTTTACGTCTGTAATCCCAGCACTTTGGGAGGCCGAGGTGGGTGGATCGCCTGAGATCAGGAGTTCAAGACCAGCCTGGCCAACATGACGAAACGTCTCTACTAAAAATACAAAAATTAGCCGGGCGTGGTGGCACACACCTGTAACCCCAACTACTCGGGAGGCTGAGGCACAAGAATCACTTGAACTCCGGAGGTGGAGGTTTCAGTAAGCAGAGAGAGTGCCACTGCACTCCAGCCTGGATGACAGAGCAAGACTCCGTCTCAAAAAAAAAAAAAAAAA","GGCCAGGCGTGGTGGCTCACATCTGTAATCCCAGCACTTTGGGAGGCCAAGGAGGGTGAATCACCTGAGGTCAGGAGTTCAAGACCAGTCTGGCCAACATGACAAAACCCCGTCTCTACTGAAAATACAAAAATTAGCCGGGTATGGTGGCACACACCTGTAGTCCCAGCTACTTGGGAGGCTGAGGCAGGAGAATCACTTGAACCCGGGAGGTGGAGATTGCGGGGAGCTGAGATCACGCCACTGCACTCTAGCCTGGGTGACAGAGCAAGACTCCATCTCAAAAAAAAAAAAAAAA"
"chr1","7133488","7133589","chr17","11926089","11926190","7","4792601","GGCCAGGTGTGGTGGCTCACACCTGTAATCCCAGCACTTTGGGAGGCCGAGGCGGGCGGATCACCTGAGGTCAGGAGTTCAAGACGAGCCTGGCCAACATGG","GGCCAGGCGCGGTGGCTCACACCTGTAATCCCAGCACTTTGGGAGGCCAAGGCAGGCGGATCACTTGAGGCCAGGAGTTCAAGACCAGCCTGGCCAACATGG"
"chr1","7146301","7146574","chr1","10625158","10625437","36","3478857","GGCCGGGCTTGGTGGCTCACGCTTGTAATCCCAGCACTTAGGGAGGCCGAGGCGGGTGGATCACCTGAGGTGAGGAGTTTGAGACCAGCCTGGCCAACATGGTGAAACCCCACCTCTACTAAAAATACAAAAATTAGCCAGCATGGTGGCACATGCCTGTAGTCCCAGCTACTCAGGAGACTGAGGCAGGAGAAGCGCCTGAACCTCGGAGGGAGGTTGCAGTGAGCTGAGATCGAACCACTGGACTCCAGCCTGGGTGACAGAGTGACTCTGT","GGCTGGGCATGGTAGCTCACGCCTGTCATCCCAGCACTTTGGGAGGCTGAGGCAAGCGGATCACCTGAGGTCAGGAGTTTGAGACCAGCCTGGCCAACACGGCTAAACCCCATCTCTACTAAAAATACAAAAATTAGCTGAGCATGGTGGCACATGCCTGTAGTCCCAGCTACTCAGGAGGCTGAGGCAGGAGAATTGCTTGAACCCAGGAGGAAGAGGTTGCAGTGAGCCAAGATAGTGCCAGTGTACTCCAGCCTGGGTGACAGAGTGAGATTCTGTC"
"chr1","7179625","7179927","chr9","96018903","96019206","39","88839278","GGCCAGGCGTGGTGGCTCACACCTGTATCCTGGCACTTTGGGAGGACGAGACGGGTGGATCACCTGAGGTCAGCAGTTCGAAACCAGACTGAGCAATATGGTGAAACCCCGTATCTACTAAAAATACTAAAATTAGTCAGGCGTGGTGGTGTGTGCCTGTAGTCTCAGCTACTGGGGAGGCTGAGACAGGAGAATTGCTTGAACCTGCGAGGCAGAAGTTGCAGTGAGCCGAGATCGCACCACTGCACTCCAGCCTGGGTGACAGAGCGAGACTCCGTCTCCAAAAAAAAGAAAAGAAAAGAA","GGCCAGGCGCGGTGGCTCACGCCTGTAATCCCAGCACTTTGGGAGGCCGAGGCGGGTGGATCACCTGAGGTCAGGAGTTCGAGACCAGCCTGACCAATATGGTGAAACCCCATCTCTACTAAAAATACAAAAATTAGCTGGGCATGGTGGTGCGTGCCTGTAATCTCAGCTTCTCAGGAGGCTGAGACAGGAGAATTGCTTGAACCCAGGAGGCAGAGGTTGCAGCGAGCCGAGATCAAACCACTGCACTCCAGCCTGGGTGACAGAGTGAGACTGTGTCTCAAAAAAAAAACAAAAACAAAAA"
"chr1","7182585","7182894","chr1","6326400","6326704","30","856185","GCTGGATGCAGTGGCTCACGCCTGTAATCCCAGCACTTTAGGAGGCCGAGGTGGGTGGATCACCTGAGGTCAGGAGTTCCAGGCCAGCCTGGCCAACATGGTGAAACTCTGTCTCTACTAAAAATACAAAAAGTTAGCTGGGTGTGGTGGTGCACGCCTGTAATCCCAGCTACTAGGGAGGGTGAGATGGGAGAATTGCTTGAACCTGGGAGGCAGAGGTTGCAGCGAGCCGAGATCGTGCCATTGCACTCCAGCCTGGGCAACAGAGCAAGACTCTGTCTCAAAAAACAAACAAACAAACAAACAAAAA","GCTGGATGCAGTGACTCATGCCTGTAATCCTAGCACTTTGGGAGGCTGAGAAGGTGGATCATCTGAGGTCAGGAGTTCCAGGCCAGCCTGGCCAATGTGGTGAAACCCTGTCTCTACTAAAAATACAAAAAAGTTAGCTGGGTGTGGTGGTACAAGCCTGTAATCCCAGCTACTAGGGAGGGTGAGGTGGGAGAATTGCTTGAACCGAGGAGGCAAAGGTTGCAGTGAGCCAAGATCGTGCCATTGCATTCCAGCCTGGGCAACAGAGCAAGACTCCATCTCAAAAAACAAACAAACAAACAGAA"
"chr1","7209935","7210226","chr6","138780660","138780954","30","131570725","GGCTGGGCGCAGTGGCTCATGCCTGTAATCCCAGAACTTTGGGAAGCCAAGGCAGGCAGATCACCTGAGGTCAGGAGTTCAAGACCAGCCTGGCCAACATGGTGAAACCCTGTCTCTACTAAAAATATAAAAATTAGCCAGGCATGGTGGCACATGCCTGTAGTCCCAGCTCTTAGGAGGCTGAGGCAGGAGAATCACTTGAACCAGGAGGTGGAGGTTGCAGTGAGCTGAGATCATGCCACTGCACTCCAGCCTGGGCAACACAGTGAGATACTGTCTCAAAGAAAAAAAA","GGCTGGGCGTGGTGGCTTATGCCTGTAATCCTGGCACTTTGGGAGGCCAAGGCAGGCAGATCACCTGAGGTCAGGAGTTCGAGGCCAGCCTGGCCAACGTGGTGAAACCCTGTCTCTACTAAGAATACAAAAAAATTATCTGGGCCTGGTGGCACATGCCTGTAGTCCCAGCTACTTGGGAGGCTGAGGCAGGAGAATCGCTTGAACCCAGGAGGCGGAGGTTGCAGTGAGCTGAGATCATGACACTGTACTCTAGCCTAGGCAACACAGCGAGATCCTGTCTCAAAGAAAAAAA"
"chr1","7229632","7229856","chr2","51196499","51196724","29","43966867","GGCACGGTGGCTCACACCTGTAATCCCAGCACTTTGGGGGGCCGAGGCGGGAGGATCACCTGAAGTCAGGAGTTTGAGACCAGCCTGGCCAACATGGTGAAACCCCGTCTCTACTAAATATACAAAAATTAGCCAGGTGTGGTGGTGTATGCCTGTAGTCCCAGCTACTTGAGAGGCAGAGGTGGGAGAATCGCTTGAACCTGGAAGGCGGAGGTTGCAGTGGGC","GGGCACGGTGGCTCACACCTGTAATCCCAGCACTTTGGGAGGCCCAGGCTGGTGAATCACCTGAGGTCAGAAGTTCGAGACCAGCCTGGCCAACATGGTGAAATCCTGTGTCTACTAAAAATACAAAAATTAGCTGGGTGTGGTGGGGTACACCTGTAATCCCAGCTACTCAGGAGGCTGAGGCAGGAGAATTGCTTGAACCTGGGAGGTGGAGGTTGCAGTGAGC"
"chr1","7253334","7253628","chr1","6394721","6395014","29","858613","GGCCAGGTGTGGTGGCTCATGCCTGTAATCCCAGCACTTTGGGAGGCCGAGGCAGGTGGATCACCTGAGGTCAGGAGTTCAAGACCAGCCTGACCAACATGGTGAAACCCTGTCTCTACTAAAAATACAAAAATTAGCGGGGCGTGGGGCATGTACCTGTAATCCCAGCTTCCAGGGAGGCTGAGGCAGGAGAATTGCTTGAACCCGGGAGGTGCAAGTTGCAGTGAGCCAAGATAGTACCATTGCACTCCAGTCTGGGTGACAGAGCGAGACTCCATCTCGAAACAAAACAAAA","GCCGAGTGTGGTGGCTCACGCCTATAATCCCAGCACTTTGGGAGGCTGAAGCGGGCAGATCACCTGAGGTCAGGAGTTCAAGACCAGCGTGACCAACATGGTGAAACCTCGTCTGTACTAAAAATAGGGAAATTAGCAGGGCATGGGGCATGCACCTGTAATCCCAGCTTCCAGGGAGGCTGAGACAGGAGAATTGCTTGAACCCAGGAGGTGCAAGTTACAGTGTGCCAAGATCATGCCATTGCACTCCAGTCTGGGTGACAGAGCGAGACTCCATCTCAGAACAAAACAAAA"
"chr1","7337639","7337786","chr18","719108","719252","27","6618531","ATCCCACCAACTCAGGAGGCTGAGGCAGGAGAATTGTTTGAACCTGGGAAGTGGAGGCTGCAGTGAGCGGAGATCGTGCCACTACACTCCAGCCTGGGTAGTAGAGCGAGACTTCAATACACAAAAAGAATAAAAAAAAAAAAAAAAA","AATCCCAGCTACTCAGGAGGCTGAGGCAGGAGAATTGCTTGAATCCGGGAGGCCGAGGTTGCAGTGAGCCGACATCGTGCCACTGCACTCCAGCCTGGGGACAGAGCAAACTCCATCTCAAGAAAACAACAAAAAAAAACAAAAA"
"chr1","7385147","7385259","chr14","195049","195159","10","7190098","GGCTGGGCATGGTGGCTCACGCCTGTAATCCCAGCACTTTGGGAGGCCGAGGTGGGCAGATCACCTGAGGTCAGGAGTTTGAGATCAGCCTGGCCAACATGATGAAACCCCAT","GGCTGGGCGAGGTGGCTCACGCCTGTGATCCCAGCACTTTGGGAGGCTGAGGCGGGCAGATCACCTGAGGTCAGGAGTTTGAGACCAGCCTGGCCAAAATGGTGAAACCCT"
"chr1","7476028","7476126","chr19","4926258","4926351","13","2549770","TGAACCCGGGAGGCGGAGGTTGTGGTGAGCCGAGACCACGCCATTGCACTCCAGCCTGGGCAACAAGAGCGAAACTCTGTCTCAAAAATAAAATAAAAA","TGAACCCGGGAGGTGGAGGTTGCAGTGAGCCAAGATCACACCAATGCACTCCAGCCTGGGCAACAAGAGTGAAACTCTGTCTAAAAAAAAAAAA"
"chr1","7476369","7476586","chr7","162241692","162241920","37","154765323","GGCCGGGTGTGGTGGTTCCTGCCTGTAATCCCAGCACTTTGGGAGGCCAATCACCTGAGGTCAGGAGTTCCAGACCAGCCTGGCCAACATGGCGAAACCCCATCTCTACTAAAAATACAAAAATTAGCCGGCGTGATGGCATGCACCTGTAGTCTCAGCTACGCAGGAGGCTGAGGCAGAAGAATTGCTTGAACCTGGGAGGTGGAGGTTGCAGTAAG","GGCCAGGGTGCAATGGTTCACGCCTGTAATCCCGGCACTTTGGGAGGCTGAGGTGGGTGGATCACCTGAGGTCAGGAGTTTGAGACCAGCCTGGCCAATAAGGCAAAACCCCTCTCTACTAAAAATACTAAAATTAGCCAGGTGTGGTGGCATGCACCTGTAATCCCAGCTACTCGGCAGGCTGAGGCAGAAGAATCGCTTGAACCTGGGAGGCAGAGGTTGCAGTGAG"
"chr1","7504321","7504614","chr1","39808407","39808699","31","32304086","GGCCGGGCGCGATGGCTCATGCCTGTAATCCCAGCACTTTGGGAGGCCGAGGCAGGCAGTTCACCAGAGGTCAGGAGTTCGAGACCAGCCTGGCCAACATGGCAAAACCCCGTCTCTACTAAAAATACAAAAATTAGCTGGGCGTAGTGGCACGTGCCTGCAATCCTAGCTACTCGGGAGGCTGAGGCCGGAGAATCGCTTGAACCCAGGAGGCGGAGGTTACGGTGAGCTGAGATTGTGCCACTGCACTCCAGCCTGGGTGACGAGAGCGAAACTCCATCTCAAAAAAAAAAA","GGCCGGGTGTGGTGGCTCATGCCTGTAATCCCAGCACTTTTGGAGGCTGAGGCAGGTGGATCACCTGAGGTCAGGAGTTCGAGACCAGCCTGACCAACATGATGAAACCCTGTCTCTACTAAAAATACAAAAAGTAGCCGGGCGTACTGGCACATGCCTGTAATCCCAGCTACTCAGGAGGCTGACGCAGGAGAATCGCTTGAACCCAGGAGGCGGAGGTTGCAGTGAGCTGAGATTGCGCCACTGCACTCCAGCCTGGGGGACAGAGCGAGACTTCGTCTCAAAAAAAAAAA"
"chr1","7585744","7586044","chr1","6710062","6710357","30","875682","CATGCCTGTAATCCTCACACCTTGGGAGGCTGAGGCAGATGGATCACCTGAGGTCAGGAGTTTGAGAACAGCATGGCCAACAGGGTGAAACCCCGTCTCTACTAAAAATACAAAAATTAGCCGGGCATGGTGGTGCACGCCTGTAATCCCAGCTACACGGGAGGCTGAGGCAGGAGAATCACTTGAACCCAGGAGACAGAGCTTGTACTGAGCCAAGATGGCGCCACTGCACTCCAGCCTGGGCAACAGAGCGAGACTCCATCTCAAAACAACAAGAACAAACCCAAAAAAACCCAAAAAA","CATGCCTGTAATCCTCGCACTTTGGGAGGCTGAGGCAGATGGATCACCTGAGGTCAGGAGTTCGAGAACAGCCTGGCCAACATAGCGAAACCCTGTTTCTACTAAAAATACAAAAATTAGCTGGGCGTGGTGGCGCACACCTGTAATCCCAGCTACACGGGAGGCTGAGGCAGGAGAATCGCTTGAACCTGGGAGACAGAGCTTGTACCGAACCAAGATGGCACCACTGCACTCCAGCCTGGGTGACAGAGCAAGACTCCGTCTCAAAACAAAAACAAAAACAAAAAACCCAAAAA"
"chr1","7633678","7633880","chr1","6754007","6754209","17","879671","CTGTAATCCCAGCACCTCGGGAGGCCGAGGCGGGTGGAACACCTGAGATCAGGAGTTTGAGACCAGCCAGGCCAACATGGTGAAATCCCATCTCTACTGAAAACACAGAATTAGCTGGGTGTGGTGGCGCATGCCTGTAGTCCCAGCTACTTGGGGGGCTGAGGCAGGAGAATCCCTTGAACCCAGGAGGCAGAGGTTGCAGT","CTGTAATCCCAGCACCTTGGGAGGCTGAAGAGGGCGGATCACCTGAGGTCAGGAATTTGAGACCAGCCTGGCCAACATGGTGAAATCCCATCTCTACTGAAAATACAAAATTAGCTGGGTGTGGTGGTGCATGCCTGTAGTTCCAGCTACTTGGGGAGCTGAGGCAGAAGAATGCCTTGAACCCGGGAGGCAGAGGTTGCAGT"
"chr1","7648438","7648733","chr1","6768495","6768791","19","879943","GGCCAGGCGCAGTGGCTCACACCGGTAATCCCAGCAGTTTGGGAGGCCGAGGAAGGCAGATCACCTGAGGTCGGGAGTTCGAGACCAGCCTGACCAATATGGTGAAACCCCGTCTCTACCAAAAATACAAAAATTAGCCGGGCTGTGGTGGCGTGCACGTGTAATCCCAGCTACTCAGGAGGCTGAGGCGGGAGAATTGCTTGAACCTGGGAGGTGGAGGTTGCAGTGAGCCGATATTACGCCACTGCACTCCAGCCTAGGTGACACAGCAAGACCCTGTCTAAAGGAAAAAAAAA","GGCGGGGCGCGGTGGCTCACACCTGTAAACCGAGCAGTTTGGGAGGCTGAGGAAAGCAGATCACCTGAGGTCGGGGGTTTGAGAGCAGCCTGACCAATATGGTGAAACCCTGTCTCTACTAAAAATGCAAAAATTAGCCAGGCTGTGGTGGCGTGCACGTGTAATCCCAGCTACTCAGGAGGCTGAGGTGGGAGAATTGCTCGAACCTGGGAGGTGGAGGTTGCAGTGAGCCGATATTGCGCCACTGCACTCCAGCCTAGGTGACACAGCAAGACCCTGTCTAAAGAGAAAAAAAAA"
"chr1","7724725","7725016","chr1","6844259","6844555","25","880466","GGCCAAACGTGGTGGCTCACACCTGTAATCCCAGCATTTTGGGAGGCCGAGGCGGGAAGATCACCTGAGGTCAGGAGTTTGAGACCAGCCTGACCAACATGGTGAAACTCCGTCTCTGCTAAAAATACAAAAATTAGCCAGGTGTGGTGACACGCACCTGGAGTCCCAGCTACTCGGGAGGCTGAGGCAAGAGAATCACCTGAACCCAGGAGACAGAGGCTTGCAGTAAGCTGAGATCGTGCCCAAAGCCAGAGCCTGGGTGACAAGGCAAGACTCTGTCTCCAAAAAAAAA","GGCCGAACGTGGTGGCTCACGCCTGTAATCCCAGCACTTTGGGAGGCCAAAGCGGGCAGATCAACTGAGGTCAGGAGTTTGAGACCAGCCTGACCAACATGGCGAAACTCCATCTCTGCTAAAAATACAAAAATTAGCCAGGTGTGGTGACACGCACCTGGAGTCCCAGCTACTCGGGAGGCTGAGGCAAGAGAATCACCTGAACCCAGGAGGCAGAGGCTTGCAGTGAGCCGAGATGGTGCCCAATGCCAGAGCCTGGGCGACAAGGCAAGACTGCCTTCAAAAAAAAAAAAAAAA"
"chr1","7728767","7729052","chr1","6848234","6848522","24","880533","GGCTCATGCCTGTAATCCCAGCACTTTGGGAGGCCGAGGCAGGGGGATCACCTGAAGTCACGAGTTCAAGATCAGCCTGAGAAACATGGGGAAACCCGTCTCTACTAAAAACACAAAAATTAGCTGGGCATGGTAGCATGTGCCCGTATTCTCAGCTACTCGGGAGGCTGAGGCAGGAGAATCGCCTGAACCTGGCGGGGCAGAAGTTGCAGCGAGCTGAGATGGCACCACTGCACTCCAGCCTGGGTGACAGAGCGAGACCCTGTCTCAAAAAAAAAAAAAAAAA","GGCTCACGCCTGTAATCCCCTCACTTTGGGAGGCCGAGGCAGGCGGATCACCTGAAGACAGGAGTTCAAGATCAGCCTGAGAAACACAGGGAAATCCGTCTCTACTAAAAATACAAAAATTAGCCGGGCATGGTAGCATGTGCCTGTATTCTCAGCTACCCGGGTGGCTGAGGCAGGAGAATCGCCTGAACCTGGGGGGCAGAAGCTGCAGTGAGCTGAGATGGCACCACTGCACTCCAGCCTGGGTGACGGAGCAAGATCCTGTCTCAAAAAAAAAAAAAAAAAAAAA"
"chr1","7731978","7732104","chr15","5767693","5767818","16","1964285","CTGGGCGTGGTGGCTCACACTTGTAATCCCAACACTGTGAGAGGCTGAGGTGGGCGGATCACCTGAGGTCGGGAGTTCAAGACCAGCCTGGCCAACATGGCGAAACCCCATCTCTAATAAAAATACA","GGCTGGGCGTGGTGGCTCATGCCTGTAATCCGAGCACTGGGAGGCTGAGGTGGGTGGATCACTTGAGGTCAGGAGTTCAAGACCAGCCTGGCCAACGTGGCGAAACCCCATCTCTACTATAAATAC"
"chr1","7745700","7745995","chrX","41694245","41694543","36","33948545","GGCCGGGCACGGTGGCTCATGTCTGTAATCCCAGCACTTTGGAAGGCCGAGGCAGGTGGATCACCTGAGGTCGGGAGTTCGAGACCAGCCTGACCAAGGTGGGGAAACCCCGTCTCTACTAAAAATACAAAATTAGCCAGGCGTGGTGGCCCATGCCTGTAATCCCAGCTACTTGGGAGGCTGAGGCTGGAGAATCGCTTGAACCTCGGAGGCGGAGGCTGCAGTGAGCCAAGATTGTGTCACTGCACTGCACCTGGGCGACAGAGCAAGACTTCGTGTCAAAAAGAAAAAAAGAA","GGCCGAGCCCGGTGGCTCATGCCTGTAATCCCAGCCCTTTGGGAGGCCAAGGCGGGTGGATCACCTGAGGTCAGGAGTTCAAGACCAGCCTGGCCAACATGGTGAAACCCCCATCTCTACTAAAAATACAAAAATTAGCCGGGCATGGTGGCGCATGCCTGTAGTCCCAGCTGCTTGGGAGGCTGAGGCAGGAGAATCGCTTGAACCCAGGAGGCGCAGGTTGCAGCGAGCCGAGATTGTGCCACTGCACTCCAGCCTGGGTGACAGAGCAAGACTCCGTCTCAAAAAAAAAAAAAAAA"
"chr1","7754493","7754814","chr1","6873668","6873998","31","880825","GGCCAGGCGTGGTGGCTCACGCCTGTACTCTCAGCACTTTTGTGAGGCCGAGGCGGGTGGATCGCCTGAGCTCAGGAGTTCAAGCCCAGCCTGGGCAATATGGCAAAATCCTGTCTCTACCCCAAAAAAACCCCAAAATTAGCCAGATATGGTGGTGCAGGCGTAGTGCTTTCTTACAGTATCTGTAATCCCAGATACTAGAGAGGCCGAGGCAGGAGAATTGCTTGAACCCAGGAGATGGAAGTTGCAGTGAGCCAAGATGGCACCACCGCACTCCAGCCTGGGTGACATAGCAAGACTCTGTCTCAAAAAAAAAAAAAAA","GGCCAGGCGCGGTGGCTCACGCCTGTAATCTCAGCATTTTGGGAGGCTGAGGAGGGTGGACTGCCTGAGCTCAGGAGTTCAAGCCCAGGCTGGGCAACATGGCAAAACCCTGTCTCTACCCAAAATAACCCCCAAAATTAGCCAGACATGGTGGTGCAGGCCTAGTGCTTTCTCACAGTATCTGTAATCCCAGATACTAGAGAGGCTGAGGCAGGAGAATTGCTTGAACCCAGGAGATGGACATTGCAGTGAGCCAAGATGGCACCACTGCACTCCAGCCTGGGTGACATAGCAAGACTCTGTCTCAAAAAAAAAAAAAAAAAAAAAAAAA"
"chr1","7808360","7808670","chr7","68708818","68709123","36","60900458","GGCTGGGCGCAGTGGCTCACGCCTGTAATCCCAGTACTTTGGGAGGCCAAGGTGGGCTGATCACCTGAGGTCAGGAGTTTGAGACCAGCCTGACGAACATGGTGAAACCCCATCTCTACTAAAAATACAGAAATCATCTGGGCGTGGTGGCACGCACCTGTAATCCCAGCTACTCGGGAGGCTGAGGCAGGAGAATCGGCTTGCACCCAGGAGGTGGAGGTTGCAGTGAGCCAAGATTGTGCCATTGCACTCCAGCCTGGGCAACAGAGCGAGACTCCGTCTTTAAAAAAAAAAAAGAGAGAAAGAAAAAA","GGCTGGGCGTGGTGGCTCACGCCTGTAATCCCAGCACTTTGGGAGGCTGAGGCGGGCTGATCACCTGAGGTCAGGAGTTCAAGACCAGCCTGACCAACATGGTGAAACCCCGTCTCTACTAAAAATACAAAAATTAGCTGGGCATGGAGGCACACATCTGTAATCCCAGCTACTTGGGAGGCTGAGGCAGGAGAATCGCTTGAACCTGGGAGGCGGAGTTTTCAGTGAGCCAAGATTGCACCATTGCACTCCAGCCTAGGCAACAGAGCAAGACTCCATCTCAAAAAAAAAAAAAAAAAAAAAAAA"
"chr1","7813316","7813622","chr1","6932454","6932767","28","880862","GGCCAGGCACGGTGGCTCACGCCTGTAATCCCAGCACTTTGGGAGGCTGAGGCGGGCAGACTGCCTGAGGTCAGGAGTTCGAGACCAGTCTGGCCAACATGGTGAAACCCCATCTCTACTGAAAATATAAAAAAATTAGCCGGGTGTGGTGGTGTGTGCCTGTAATCTCAGTTATTTGGGAGGCTGAGGCAGGTGAATTGCTTGAACCAGGGAGGTGGAGGTTGCAGTGAGCCAAGACCGCACCACTGCACTCCAGCCTGGACAACAGTGTGAGACTCCATCTCAAAAACAAAACAAAACAAAAAAA","GGCCGGTGCGGTGGCTCACGCCTGTAAATCCCAGCACTTTGGGAGGCTGAGAGGGGCAGACTGCCTGAGGTCAGGAGTTCGAGACCAGTCTGGCCAACATGGTGAAACCCCATCTCTACTGAAAATATAAAAAAATTAGCTGGGTGTGGTGGCGTGCGCCTGTAATCCCAGCTACTTGGGAGGCTGAGGCAGGGGAATTGCTTGAACCAGGGAGGTGGAGGTTGCAGTGAGCCAAGATCGCGCCACTGCACTCTAGCCTGGGCAACAGAGCCAGACTCCATCTCAAATACAAAACAAAACACAACAAAAAAAAA"
"chr1","7814366","7814654","chrX","48185329","48185616","36","40370963","GGCCAGGCACAGTGGGTCACGCCTGTAATCCCAGCACTTTGGGAGGCCGAGGTGGGCGAATCGCCTGAGGTCAGGAGTTGGAGACCAGCCTGGCCAACATGGTGTAACCCATCTATACTAAAAGTACAAAAGTTAGCCAGGCATGGTGGTGCACGCCTGTAATCTCAGCTACTCAGGAGGCTGAGGCACAAGAACTGCTTGAACCTGGGAGGCGGAAGTTGCAGTGAGCCAATATCGTGCCACTGCACTCCAGCCTGGGCAACAGAGCGAGACTCAATCTCAAAAAAAA","GGCCGGGCACAGTGGCTCACGCCTGTAATCCCAGCACTTTGGGAGGCCGAGGCAGGCGATCACCTGAGGTCAGCGGTTTGAGACCAGCCTGCCCAACATGGTGAAACCCCATCTCTACTAAAAATACAAAAATTAGCCAGGCATGGTGGTGCATGCCTGTAGTCCCAGCTACTCAGGAGGAAGGCAGGGGAATTGCTTGAACCTGGGAGCCGGAGGTTGCAGTGAGCCGAGATCACACCACTGCACTCCAGCCTGGGCGACAGAGCAAGACTCCATCTCAAAAAAAAA"
"chr1","7836608","7836899","chr1","62311880","62312149","74","54475272","GGCCAGGTACGGTGGCTCATGCCTGTAATCCCAGCGCTTTGGGAGTCCAAGGCAGATGGATCACCTGAGGTCAAGAGTTTGAGACCAGCCTGGCCAACACAGTGAAACCCTGTCTCTACTAAAAATANNNNNNNNNNNNNNNNNNNNAAAAAAAATGAATAAATACAAAATTTAGCCAGGCGTGGTGTGGCGCACGCTTATAGTCCCAGCTACTTGGGAGGCTAAGGCAGAATCGCTTGAACCTGGGAGGCGGAGGTTGCAGTGAGCCATGACGGCGCCACTTCACTCCAGC","GGACGGGCATGGTGATTCACGCCTGTAATCCCAGCACTTTGGTAGGCCGAGGCGGGCAGATCACCTGAGGTCAGGAGTTCATGACCAGCCTGGCCAACATAGTGAAATCCTGTCTCTACTAAAAAAAAAAAAAAAAAAAAAAAAAAAATTAGCTGGGTGTGGTGGCTTGCACCTGCAGTCCCAGCTACTTGGGAGGCTGAGGCAGGAAAATCGCTTGATCCTGGGAGGCAGATGTTGCAGTGAGTCAAGATCACGCCACTGTATTCCAGC"
"chr1","7846751","7846951","chr3","39457454","39457654","32","31610703","CCCCGTCTCTACTAAAAATACAAAAATTAGACAGGCATGGTGGTGCACATCTATAATTCCAGCTACTCGGGAGGCTGAGGCAGAAGAATCGCTTGAACCCAGGAGGTGGAGGTTGCAGTGTGCTGAGATCGTGCCACTGCACTCCAGCCTGGGTGACAGGGCGAGACTCCGTCTCAAAAAAGAAAAAAAGAAAAAAAGAAA","CCCTGTCTCTAGTAAAAACACAAAAAGTTAGCCGGGTGTGTGTGGCGGGCATCTGTAGTCCCAGCTACTCAGGAGCCTGAGGCAGGAGAATCACTTGAACCCGGGAGGCAGAGGTTGCAGTGAGCTGAGATCGTGCCACTGCACTCCAGCCTGGGTGACAAAGCGAGACTCCGTCTCAAAACAACAACAACAAAATAAAAA"
"chr1","7846952","7847240","chr1","6966178","6966454","26","880774","GGCCGGGTGCAGTGGCTCACGCCTGTAATCGCAGCACTTTGGGAGGCCGAGGTGGGCAGATCACCTGAGGCCAGGAGTTCAAGATCAACCTGGCCAACATGAGGAAATTCCACCTCTACTAAAAATACAAAAAAACTAGCTTGGTGTGGTGGTGCATACCTGTAATCCCAACTACTTGGGAGGCTGAGGCAGGAGAATCTTGAACCTGGGAGGTGGAGGTTGTAGTGAGCCGAGATGGCACCACGGCACTCCAGCCTGGGCGACAGAGTGAGACTCTGTCACAAACAAA","CCAGGCGCAGTGGCTCACACCTATAATCCCAGCACTTTGGGAGGCCCAGGTGGGCAGATCACCTGAGGCCAGGAGTTCAAGATCAACCTGGCCAACATGAGGAAATCCCATCTCTACTAAAAATACAAAAAACTAGCTGGGTGTGGTGGTACATACCTGTAATCCCAACTACTTGGGAGGCTGAGGCAGGAGAATCTTGAACCTGGGAGGCAGAGGTTGTAGTGAGCCGAGATGGCACCATGGCACTCCAGCCTCCAGGGTGAGACTCTGTCACAAA"
"chr1","7906906","7907198","chrX","46755159","46755454","34","38848253","GCCAGGCACAGTGGCTCATGCCTGTAATCCCAGCAATTTGGGAGGCCAAGGTGGGTGGATCCCCTGAGGTCAGGAGTTCAGGACCAGCCTGGCCAACATGGTGAAACCCCATCTCTACTAAAAGAATACAAAAATTAGCCAGGCATGGGGGCACGCACCTGTAGTCCCAGCTACTGGGGAGGCTGAGGCAGGAGAATTGCTTGAACCTGGGAGGTGGAAGTTGCAGTGAGCTGAGATTGCACCACTGCACTCCAGACTGGGAGACAGAGCGGGACTCTGTCTAAAAAAAAAAA","GGCTGGGCGCAGTGGCTCACACCTGTAATCCCAGCACTTTGGGAGGCCGAGGTGGGCGGATCACCTGAGGTCAAGAGTTCAGGACCAGCCTGGCCAACATGGTGAAAGCCCGTCTCTACTAAAAATACAAAAATTAGCCAGGCATGGTGGCACGCACCTGTAGTCCCAGCTACTCGGGAGGCTGAGGCAGGAGAATCACTTGAACCTGGGAAGTGGAGGTTGCAGTGAGCCAAGATTGCGCCACTGCACTCCAGCCTGGGTGACACAGTAAGACTCTGTCTCAAAAAAAAAAAAAA"
"chr1","7910710","7910811","chr3","151235850","151235951","14","143325140","GGCCAGGTGTGGTGGCTCACGCCTGTAATCTCAATACTTTGGGAGGCCAAGCCAGGTGGATTACCTGAGGTCAGGAGTTCGAGACTGGCCTGGCCAACATGG","GGCCGGGCATGGTGGCTCATGCCTGTAATCCCAGAACTTTGGGAGGCCGAGGCAGGTGGATCACCTGCGGTCAGGAGTTCAAGACCAGCCTGGCCAACATGG"
"chr1","7910961","7911101","chr4","158835451","158835593","23","150924490","GCGCCTGTAATCCCAGCTACTCGGGAGGCTGAGGCAGGAGAATTGCTTGAACCAGGGAAGTGGAGGTTGCAATGAGCTCAGATCATGCTACTGCACTCCAACCTGGGCTACAGAGCGAGATTCCATCTCCAAAAAAAAAAA","GCCTGTAATCCCAGCTTCTCGGAAGGCTGAGGCAGGGAGAATTGCTTGAACCCGGGAGGTGGAGGTTGCAGTGAGCCAAGATAATGCCACTGCACTCCAGTGTGGGCAACAGAGTGAGACTCCATTTCAAAAAAAAAAAAGAA"
"chr1","7916975","7917268","chr3","137785344","137785639","52","129868369","GGCTGCACGCAGTGGCTCACGCCTGTAATCCCAGCACTTTGGGAGACCAAGGGGGGAGGATCACCTGAGGTTGGGAGTTTGAGGTTGGGAGCCTGGGCAACATAGTAAGACCCCATCTCTACCAAAAATACAAAAAAATTAGCCAGGTGTGGTGGTGCGCGCTTGTAATCCCCGCTACTTCAGAGGCTGAGGGAATTGCTTGAACCTGGGAGGTGGAGACTGCAATGAGCTGAGATCGTGTCACTGCACTCCAGCCTGGGTGACGAGAGACTGTCTCAAAACAAAAACAAAAAA","GGCTGGACACAGTGGCTCACACCTGTAATCCCAGCACTTTGGGAGGCCAAGGTGGGTGGATCACCTGAGGTCAGGAGTTTGAGATCAGCCTGGTCAACATGGTAAAACCCCGTCTCTACCAAAAATATAAAAATTAGCTAGGTGTGGTGGCACACACTTGTGATCCCAACTACTCCTCGGGAGGCTGAGGCATGAGAATTGCTTGAACCTGGGAGGTGGAGGTTGCAGTGAGCCAAGATTGTGCCACTGCACTCCAGCCTGGATGACAGAGTGACACTGTCAAAAAAAAAAAAAAA"
"chr1","7917886","7918081","chr2","202596898","202597086","33","194679012","GGCTGGGCACGGTGGCTAGCACCTGTAATCCCAGCACTCTGGGAGGCCGAGGCAAGCAAGCAGATCACCTGAGGTCAGGAGTTCAAGACCAGCCTGACCAACATGGTGAAACTCTGTCTCTACTAAAAATACAAAAATTAAGCCAGGCATGGTGGCTCATGCCTGTAATCCCAGCATTTTTGAAAGGCCGAGGCAG","GGCTGGGCCCGGTGGCTCACGCCTGTAATCCCAGCACTTTGGGAGGCCGAGGCCGGCGGATCACCTGAGGTCAGGAGTTCGAGACCAGCCTGACCAACATGGTGAAACCCTGTCTCTACCAAAAAATATAAAAATTAGCTGAGCATGGTGGCGTACACCTGTAATCCCAGCTACTCGGGAGGCTGAGGC"
"chr1","7918859","7919149","chr10","10946803","10947092","46","3027944","GGCTTACGCCTGTAATCCCAGCACTTTGGCAGGCCGAGGTGGGCGGATCACCTGAGCTCGGAAGTTCGAGACCAGCCTGGTTAACATGGTGAAACCCCATCTCTGCTAAAAAATATAAAAATTAGCCGGGCATGGTAGTACACCCCTGTAATCCAGCTACTCAGGAGGCTGAGAGAGGAGAATTGCTTGAACCCAGGAGGCAGAGGTCGCAGTGAGCTGAGATCGCACCACTACACTACTCCAGCCTGGATGACAGAGCAACACTCTGTCTCAAAAAAAAAAAGAAAAAAA","GGCTCACGCCTGTAATCCCAGCACTTTGGGAGGCCGAGGTGGGCAGATCACCTGAGGTCAGGAGTTCAAGACCAGCCTGGCCAGCATGGTGAAACCCCGTCTCTACTAAAAATACAAAAATTAGCCGGGTGTGGCGGCATGCACCTATAATCTCAGCTACTCAGGAGGCTGAGACAGAAGAATCGCTTGAACCCAAGAGGCGGAGTTTGCAGTGAGCTGAGATAGCACCACTGCACTTCAGTCTGGGAGATGGAGCAAGACTCCGTCTCAAAAAAAAAAAAGCAAACAAA"
"chr1","7925109","7925397","chr5","40305535","40305825","38","32380426","CGGGTGCAGTGGCTCACACCTGTAATCCCAGCACTTGGGGAGGCCAAGGGGGGGTGGATCACCAGAGGTCAGGAGTTCAAGACCAGCCTGACCAATATGGTGAAACCCCGCCTCTACTAAATAATACAAAAATTAAGCAGGGCGTGGTGGTACGCACCTGTAATCCCAGCTACTTGGGAGGCTGAGGCAGGAAAATCACTTGAACTTGGGAGACAGAGGTTGCAGTGAGCCAAGATCCCACCACTGCACTCCAGTCTGGGCGACAGAGCGAGACTCTGTCTCAAAAAAA","GCCAGGTGCAGTGGCTCAAACCTGTAATCCCAGCACTTTGGGAGGCTGAGGCGGGTGGATCACATGAGGTCAGGAGTTCGAGACCAGCCTGACCAACATGGTGAAACCCCGTCTCTACTAAAAATACAAAACGTTAGCTGGGCATGGTGGGGCGGCCCTGTAGTCCCAGCTACTTGGGAGGCTGAGGCAGGAGAATCACTTGAACCTGGGAGACAGAGGTTGCAGTGAGCTGAGATCATGCCACTGCACTCCAGCCTGAGTGACAGAGGGAGACTCTGTCTCAAAAAAAAA"
"chr1","7926645","7926944","chr6","20317307","20317607","34","12390662","GGTCAGGCACGGTGGCTCACGCCTGTAATCCCAGCACTTTGGGAGGCCGACGCGGATGGATCACCTGAGGTCAGGAGTTTTGAGACAGCCTGGCCAACATGGTGAAACCCCATCTCTACTAAAAAATACAAAAATTAGCCAGGCGTGGTGGCATGTGCCTGTAATCCCAGCTATTTGGGAGGCTGAGGCCGGAGAATTGCTTGAACCCGGGGGGGCGGAGGTTGCAGTGAGCCGAGATCGTACCATTGCACTCCAGCCTGGGTGACAGAGCGAAACTCTGTCTCAGGAAAAAAAAGAAAA","GGCCAGGCACGGTGGCTTATGCCTGTAATCCCAGCACTTTGGGAGGCCGAGGCAGCTGGATCACCTGAGGTCAGAAGTTCGAGACCAGCCAGGCCAACATGGAGAAACCCCATCTCTACTAAAAATACAAAAATTAGCCGGGCGTGGTGGCATGTGCCTGTAGTCCCAGCTACTCAGGAGGCTGAGGCAGGAGAATGGCTTGAACCCGCGAGGCGGAGGTTGCAGTGAGCCGAGATTGCACCACTGCACTCCAGCCTGGGTGACAGAGCGAGACTCCATCTCAAAGAAAAAAAAAAAAAAA"
"chr1","7928909","7929203","chr1","182310341","182310641","36","174381432","GGCCGGGCATGGTGGCTCATGCCTGTAATCCCAGCACTTTGGGAGGCAGAGGTGGGCAGATCACCTGAGGTCAGGAGTTCGAGACCAGCCTGGACAACATGGTGAAACCCTGTCTCTACTAAAAATACAAAAATTAGCCAGGCGTGGTGGCACATACCTGTAGTCCCAGCTACTCAGGAGGCTGAGGCAGGGAGATCACTTGAAACTGGGAGGCGGTGATCCAAGATTGTACCACTGTACTCCAGCCTGGGAGACAGAGTGAGACACTGTCTCAAAAAAAATAAAATAAATAAAA","GGCCGGGCGCGGTGGCTCATGCCTGTAATCCCAGCACTTTGGGAGGCCGAGGTGGGTGGATCACCTGAGGTCAGGAGTTCAAGACCAGCCTGGCCAACATGGCGAAACCTTGTCTCTACTAAAAATACAAAAATTAGCCAGGCGTGGTGTCACATGCCTGTAATCCCAGCTACTCAGGAGGCTGAGGCAGGAGAATCACTTGAACCCGGGAGGTTGCAGTGAGCTGAGATCACGCCACTGCACTCCAGCCTGGATGACAGAGTGAGACTCTGTCTCAAAACAAAAGAAAACAAACATAAAA"
"chr1","7931487","7931786","chr9","38901975","38902276","38","30970488","GGCCAGGCGTGGTGACTCACATCTGTAATCCCAGCACTTTGGGAAGCCAAAGCAAGCAGATCATCTGAGGTCAGGAGTTCGAGACCAGCCTGGCCAACATGGCGAAACCCTGTCTCTACTAAAAACACAAAAATTAGCTGGGCATGGTGGCGCTCACCTGTAATCTTAGCTATTCGGGAGTCTGAGGCAGGAGAATGGCTTAAACCCAGGAGGCAGAGGTTGCAGAGAGCTGAGATTACACCACTGCACTCCAGCCTTGGCAACAGAGCAAGACTCCATCTCAAAAAAACACATAAAAAA","GGCCAGGTGCGGTGCCTCATGCTTGTAATCCCAGCACTTTGGGAGGCCAAAGCAGGCAGATCACCTGAGGTCAGGAGTTCAAGACCAGCCTGGCCAACATGGCGAAACCCTGTCTCTACTAAAAATACAAAAATTAGCTGGGTCTGGTGGCACACACCTGTAATCCCAGCTACTCAGGAGGCTGAGGCAGAAGAATCGCTTGAAGCCAGGAGGCGGAGGTTGCAGTGAACCGAGATTACCCCACTGCACTCCAGCCTGGGCAACAGAGTGAGACTCCATCTCAAAAAAATAATAAATAAAAA"
"chr1","7933300","7933576","chr14","82712949","82713221","37","74779649","GGCCGGGTGTGGTGGCTCACATCTGTAATCCCAGCACTTTGGGAGGCCAAGGCAGGTGGATTGCCTGAGCTCAGGAGTTTGAGACTAGCCTGGGCAATTTGGTGAAACCCTGTCTCTACTAAAGTACAAAAAATTAGCCGGGCATGGCGGCATGCACCTGTAATCCCAGCTACTCGGGAGGCTGAGACAGGAGAATCCCTTGAACCCGGGAGGCAGAGGTTGCAGGGAGCCGAGACCGCCCCATTGCACTCCAGCCTGGGCGACAGAGCAAGACTCC","GGCCAGGTGCGGTGGTTCACGCCTGTAATCCTAGCACTTTGGGAGGCCAAGGCGGGTGGATCGCCTGAGCTCAGGAGTTTGAAACTAGCCTGGGCAATACGGCGAAACCCCGTCTCTACTAAAATACAAAAAATTAGTGCGGCATGGCGGCTTGCGCCTGTAATCCCAGCTACTCGTGAGGCTGAGGCAGGAGGATTGCTGGAACCCGGGAGGCAGAGGTTGCAGTGAGCCGAGATCATGCCACTGCACTCCAGCCTGGGCGACAGAGTGAGA"
"chr1","7934875","7935152","chr1","7054984","7055261","22","879891","GCCAGGCACAGTGGCTCATGTCTGTAATCCCAACACTTTGGGAGACCAAGGTGGGCAGATCACCTGAGGTCAGGAGTTCGAGACTAGCCTGGCCAACATGGTGAAACCCCGTTTCTACTAAAAATACAAAAATTAGCCGGGTGTGGTGGCGCGTGCCTGTAATTCCAGCCACTTGGGAGGCTGAGGTGGGAGAATCCCTTGAACCTGACAGGCAGAGGTTGCAGTGAGCCGAGATCACATCGCTGCACTCCTGGCTGGGCAACAGAGTGAGACGCCAT","GCCAGGCGCGGTAGCTCACATCTGTAATCCCAACATTTTGGGAGACCAAGGTGGGCAGATCACCTGAGGTCAGGAGTTCGAGACCAGCCTGGCCAACATGGCAAAACCCCGTTTCTACTAAAAATACAAAAATTAGCTGGGCGTGGTGGCACGTGCCTGTAATTCCAGCTACTCGGGAGGCTGAGGTGGGAGAACCCCTTGAACCTGGGAGGCAGAGGTTGCAGTGAGCCGTGATCACACCACTGCACTCCAGGCTGGGCAACAGAGTGAGACTCCAT"
"chr1","7938651","7938960","chr1","7058476","7058777","33","880175","GGCGGGGCGCAGTGGCTCATGCCTATAATCCCAGCACTTTGGGAGGCTGAGGCGGATGGATCACCTGAGGTCAGGAGTTCGAGACCAGCCTGGCCAACATGGTGAAACCCCATCTCTACTAAAAATACAAAAAGTTAGCCCTGCATGGTGGCACGTGCCTGTAATCCCAGATACTTGGGAGGCTGAGGCACAAGAATTGCTTGAACCTGGGAGGCGGAGGTTGCAGTGAGCTGATATCGCGTCCTGCACTTCACTCCAGCCTGGGCGACAGAGCAAGACTCTGTCTCAAAAAAAAAAAGAAAGAAANAAA","GGCCGGGCGCAGCGGCTCATGCCTGTAATCCCAGCACTTTGGGAAGCCGAGGTGGGTGGACCACCTGAGGTCAGGAGTTCGAGACCAGCCTGGCCAACATGGTGATACCCCATCTCAACTAAAAATACAAAAAGTTAGCCCAGTGTGGTGGCATGTGCCTGTAATCCCAGGTACTCAGGAGGCTGAGGCACGAGAATTGCTTGAACCTGGGAGGCAGAAGTTTCAGTGAGCCGATATCACGTCCTACACTCCAGCCTGGGTGACAGAGCAAGACTCTGTCTCAAAAAAAGAAAAAAGAAAAA"
"chr1","7948365","7948665","chr1","7068489","7068794","24","879876","GGCCAGGTGCAGTGGCTCATGCCTGTAATCACAGCACTTTGGGAGGCCGAAGCGGGCAGATCACCTGAGGTCAGCAGTTCAAGACCAGCCTGGCCAACATGGTGAAATCCTGTCTCTACTAAAAATACAAAAATTAGCCAGGCGCAGTGGTGCACGCCTGTAATCCCAGCTACTCGGGAGGCTGAGGCAGGAGAATTGCTTGAACCTGGGAGGCCAAGGTTGCAGTGAGCTGAGATCGTGCCACTGCACTCCAGCCTGGGCGACAGAGTGAGACTGTGTCTCAACAAAAAAAAAAAAAAAA","GGCTAGGTGCAATGGCTCACACCTGTAATCCCAGCGCTTTGGGAGGCCAAGGCGGGCAGATCAACTGAGGTCAGGAGTTCAAGACCAGCCTGGCCAACATGATGAAACCCTGTCTCTACTAAAAATACAAAAATTAGCCATGCGCAGTGGTGCACGTCTGTAATCCCAGCTACTTGGGAGGCTGAGGCAGGAGAATTGCTTGAACCTGGGAGGCCAAGGTTGCAATGAGCTGAGATCATGCCACTGCACTCCAGCCTGGGTGACAGAGTGAGACTCTGTCTCAAAACAAAAACAAACAAACAAAAA"
"chr1","7955864","7956155","chr1","7076246","7076540","19","879618","GGCCGGGCATGGTGACTCACGCCTGTAAGCCCAGCACTTTGGGAGGCTGAGGCAGGCAGATCACCTGAGTTCAGGAGTTTGAGACCATCCTGGCCAATGCGGTGAAACCCCGTCTCTACTAAAAATACAAAAATTAGCCGGGTGTGGTGGCACACACCTGTAGTCCCAGCTACTTGGGAGGCTGAGTGGGGAGAATCGCTTGAACCCAGGAGGCAGAGGTTGCAGTGAGCCGAGATCACACCACTGCACTCCAGCCTGGGTGACACAGCGAGACTTCGTCTCAAAAAAAAAA","GGCCAGGCATGGTGACTCACGCCTGTAATCCCAGCACTTTGGGAGGCCGAGGCGGGCAGATCACCTGAGCTCAGGAGTTTGAGACCATCCTGGCCAATGCGGTGAAACCCCGTCTCTACTAAAAATACAAAAATTAGCAGGGTGTGGTGGCGCACACCTGTAGTCCCAGCTACTCGGAAGGCTGAGTGGGGAGAATCACTTGAACCCAGGAGGCAGAAGTTGCAGTGAGCCGAGATCATACCACTGCACTCCAGCCTGGGTGACAGAGCAAGACTTTGTCTTAAAAAAAAAAAAA"
"chr1","7957757","7958039","chr1","86639013","86639294","35","78681256","GGCCGGGTGCGGTGGCTCATCCCTGTAATCCCAGCACTTTAGGAGGCCGAGGTGGGCGGATCACCTAAGGTCAGGCATTTGAGACCAGCCTGGCCAACATGGTGAAATCCCGTCTCTACTAAAAATACCAAAATTAGCTGGGCATGGTGGCGTGTGCCTGTAGTCCCAGCTGCTTGGGAGGCTGAGGTGGGAGAATCACTTGAACCTGGGAAGTGGAGGTTACAGTGAGCCGAGATCACACCACTGCACCCTAGCCTGGGCAACAGAGTGAGACTCTGTCTCA","GGCCGGGTGCAGTGGCTCATGCCTGAAATCCCAGCACTTTGGGAGGCCGAGGTGGGCAGATCACCTGAGGTCAGGAGTTTGAGACCAGCCTGGCCAACATGGGGAAACCCCGTCTCTATTAAAAACACAAAAATAAGTTGGGCATGGTGGCGCATGCCTGTAATCCCAGCTACTTGGGAGGCTGAGGTAGGAGAATCACTTGAACCCGGAAGTTGGAGGTTGCAGTGAGCTGAGATGGCACCCCTGCACTCCAGCCTGGACAACAGAGCGAGACTCCATCTC"
"chr1","7970984","7971067","chr2","89046914","89047000","14","81075930","GTTGCAGCGAGCAGAGCACACCACTGCGCTCCAGGCTGAGCGACACAGAGAGACACCATCTCAAAAAAAAAAAAGAAAAAGAAA","GTTGCAGTGAGCTGAGATCACACCACTGCGCTCCAGCCTGGGCAACAGAGCAAGACTCCATCTCAAAAAAAAAAAAAAAAAGAAAAA"
"chr1","7971574","7971777","chr19","29270644","29270853","36","21299070","GGCCGGGCATGGTGGCTCCCGCCTGTAATCCCAGCACTGTAAAAGGCTAAGGCGGGCGGGTCACTTGAAGCCAGGAGTTCGAGACCAACCTGGCCAACATGGTGAAACCCCATCTGTACTAAAAATACAATTAGCCAGGCGTGGTGGCGGACACCTGTAATCCCAGCTGAGGGTGAGGCAGGAGAATCTCTGGAACCCGGGAGG","GGCCGGGCACGGTGGCTCATGCCTGTAATCCCAGCACTTAAGGAGGCCAAGGCAGGTGGATCACCTAAGGTCAGGAGTTTGAGACCAGCCTGGCCAACATGGCGAAACCCCATCTCTAAAAATACAAAAATTAGCCAGGCGTGGTGGCGCACGCCTGTAATCCCAGCTACTCAGGAGGCTGAGGCAGGAGAATTGCTTGAACCTGGGAGG"
"chr1","7976861","7977162","chr1","7097124","7097416","38","879737","GGCTGGGCACAGTGGCTCATGTCTGTAATCCCAGCACTTTGGGAGGCCAAGGCAGGAAGATTACCTGAGCTCAGGAGTTCCAGACCAGCCTGGCCAACATGGCAAAACCCCCATTTCTACTAAAAATATGAAAATTAGCTGGGTGTGGTGGTGCACACCTGTGGTCCCATCTACTTCGGGGGTTGAGGCAGGAGAATCGCTTGAACCTAGGAGGCAGAGGCTGCAGTGAGCTGAGGCTGCACCACTGCACTCTAGCCTGGGCGACAGAGCAAGACTCTGTCTAAAAAAATAAATAAATAAAA","GGCCAGGCACGATGACTCACGTCTGTAATCCCAGCACTTTGGGAGGCCGAGGCGGGCAGATTACCTGAGTTCAGGAGTTCAAGACCAGCCTAGCCAAAATGGCTAAACCCCCATCTCTACTAAAAATACAAAAATTAGCCGGGCGTGGTGGTGCACACTTGTAGTCCCATCTACTTGGGGGGCTGAGGCAGGAGAATTGCTTGAACCTAGGAGGCAGAGGCTGCAGTGAGCTGAGGCTGCGCCACTGCACTCTAGCCTGCGCAACAGAGTAAGACACTAAAAAAAAAAAAAAA"
"chr1","7980963","7981098","chr1","7101560","7101696","10","879403","GGCCTGGCACGGTGGCACATGCCTGTAATCTCAGCACTTTGGGAAGCTGAGGTGGGCAGATCATTTGAGGTCAGGAGTTCAAAACCAGCCTGGCAAACGTGGTGAAATCCCGTTTCTACTAAAAATACAAAAGTTA","GGCCGGGCATGGTGGCGCATGCCTGTAATCTCAGCACTTTGAGAAGCTGAGGTGAGCGGATCATTTGAGGTCAGGAGTTCAAAACCAGTCTGGCAAACATGGTGAAATCCCGTTTCTATTAAAAATACAAAAGTTAG"
"chr1","7982090","7982273","chr1","7102743","7102920","21","879347","TAAAAATAACAAAAATTAGACAAGGGCATGGTGGTGCATGCCTGTCGTCCTAGCTACTTGGGTGGCTGAGGCAGGAGAATCGCTTGAACCCGGGAGGTGGAGATTGCAGTGAGCCGAGATCGTGCCACTGCACTCCAGCCTGAGCGACAGAGCGAGACTTCGTTTACAAAAAAAAAAAAAAAAA","TAATAATAACAAAATTAGCGGGGCATAGTGGTACATGTCTGTCATCCTAGCTACTTGGGAGACTGAGGCAGGAGAATCACTTGAACCCGGGAGGCGGAGGTTGCAGTGAGCCAAGATCGTGCCACTGCACTCCAGCCTGAGCGACAGAGCGAGACTTCGTTTCAACAACAACAAAAAA"
"chr1","7985818","7986053","chr11","123742048","123742278","40","115756230","AAGAGTTTGAGACCAGCCTGACCAACATGGTGAAACTCCATCTCTACTAAAAATACAAAATTAGCTGGGTGTGATGGCATGCGCCTGTAATCCCAGCTACTCAGGAGGCTGAGAGAGAACAATCGCTTGAACCTGGGAGGCAGAGATTGCAGTGAGCCAAGATCACGCCACTGCACTCCAGCCTGGGCGATGGAGCGAGACTCCATCTCAAAAAACAAACAAACAAACAAAAACAA","AGGAGTTCGAGACCAGACTGGCCAACATGGTGAAACTCCATCTCTACTAAAAATACCAAAATTAGCCAGGTGTGGTGGCCCACACCTATAGTCCCAGCTACTAGGGAGGCTGAGGCAGGAGAATCCCTGGAACCCACGAGGCAGAGGCTGCAGTGAGCCAACATCATGCCACTGCACTCTAGCCTGGGTGACGAAGCGAGACTCCATCTCAAAAAAAAAACCAAAAAACAA"
"chr1","7986703","7986856","chr10","59907389","59907536","23","51920686","GTGGTGGCACATGCCTGTAATCCCAGCTACTCGGGAGGCTGAGACAGGAGAGTCCCTTGAACCCGGGAGGCGGAGGTTGCAGTGAGGTGAGATCACACCACTGCATTCCAGCCTGGGCAACAGAGCGAGAGACTCCATCTCAAAAAAAAAAAAA","TGGTACACTCCTGTAATCCCAGCTACTCGGGAGGCTGAGGCAGGAGAATCACTTGAACCCGGGCGGCGGAGGTTGTAGTGAGCTATCGCACCACTGCACTCCAGCCTGGGCAACAGAGCGAGACTCTGTCTCAAAAAAAAAAAAAAAA"
"chr1","8004878","8005177","chr3","21904631","21904931","31","13899753","GGCTGGGTGTGGTGGCTCATGCCTGTAATCCCAGCACTTTAGGAGGCCGAGGCAGGTGGATCACCTGACATCAGAAGTTTGAGACCAGCCTGGCCAACATGGTGAAACCCTGTCTCTACTAAAAATACAAAAATTAGCTGGGCATGGTGGCGTGCACCTGTAATCCCAGCTACTAGGGAGGCTGAGGCAGGAGAATCACTTGAACCCAGGAGGCAGAGGTTGCAGTGAGCTGAGATTGTGTCACTGCACTCCAGCCTGGGAAACAAGCAAGACTCCATCTCAAAAAAAAAAANAAAGAAA","GGCTGGGTGTGGTGGCTCACACCTGTAATTCCAGCACTTTGGGAGGCCAAGGTGGGTGGATCACCTGAGGTCAGAAGTTCGAGACCAGCCTGGCCAACATGGTGAAAACCCGTCTGTACTAAAAATACAAAAATTAGCCTGGCATGGTGGTGCACGCCTGTAATCCCAGCTACTCAGGAGGCTGAGGCAGGAGAATCACTTGAACCTGGGCGGCGGAGGTTGCAGTGAGCTGAGATTGTGCCACTGCACTCCAGCCTGGGCAACAAGCAAGACTCCATCTCAATAAAACAAAAGAAAAAAA"
"chr1","8007340","8007634","chr10","70908203","70908485","43","62900863","CTCACACCTATAATCCCAGCACTTTGGGAGGCCAAGGCAGGTGGATCACCTGAGGTCAGGTGTTCAAGACCAGCCCGGTCAACATGAGGAAACCTCGTCTGTACTAAAAATACAAAAATTAGCCAGGCGTGGTGGCACATACCTGTAATCCCAGCTACTTGGAAGGCTGAGGAAGGAGAATCACTTGAACCGGGGAGGCGGAGATTGTAGTGAGCTGAGATCGCGCCACTGCACTCATGCCTGGGCGACAGAGTAAGACTCTGTCTCAAAAAAACAAATCCAAAAAATAGGAAAA","CATGCCTGTAATCGCAGCACTTTGGGAGGCCAAGGCGGGCGGATCACCTGAGGTCAGGAGTTCAAGACCAGCCTGACCACATGGAGAAACTCCGTCCCTACTAAAAATACAAAATTAGCCAGGCATGGTGGCACATGCCTGTAATCCCAGCTACTTGGGAGGCTGAGGCAGGAGAATCACTTGAACCCAGGAGGTGGAGATTGCAGTGAGCCGAGATGGCACCACTGCACTCCAGCCTGGGCGACAGAGTGAGACTCTGTGTCAAAAAAAAAAAAAAAAAAAA"
"chr1","8047946","8048213","chr18","47191826","47192094","42","39143880","GGCTGGGTGCAGTGGCTCACGCCTGTAATCCCAGCACTTTGGGAGGCTGAGGCAGGTGGATCACCTGAGGTCAGGAGTTTACGACCAGCCTGACTAATATGGTGAAACCCTGCCTCTACTAAATACAAAAAAAAATAGCCAGGTGTGGTGGCGCATGCCTGCGATCTGAGCTACTTGGACGGGTGAGACAGGAGAATCGCTTGTACCTGGGAGGCAGAGGTTGCAGTGAGCTGAGATCGCGCCATTGCACTCCAGCTTGGGCAACAGA","GGCAGGGTGCAGTGGATCACGCCTGTAATCCCAGCACTTTGGAAGGCTGAGGCAGGTGGATCACCTGAGGTCAAGAGTTCGAGACCAGCCTGCCAACATGGTGAAACCCCATCTCTACTAATAATACAAAAAAATTAGCCAGGCGTGGTGGCACATGCCTGTAAGCCCAGCTACTTGGGAGGCTGAGGCAGGAGAATTGCTTGAACCCGGGAGGGTGGAGGTTACAGTGAGCCAAGATTACGCCACTGCACTCCAGCCTGGGCAACAAA"
"chr1","8053385","8053684","chr1","7178195","7178502","34","875190","GGCAGGGCAAGGTGGCTCACGCCTATAACCCCAGCAATTTGGGAGGCCGAGGTGGGAGGACCACCTGAGGTCAGGAGTTCAAGACCTGCCCAGCCAACATGGCGAAACCCCATCTCTACTAAAAATACAAAAATTAGCTGTGCATGGTGGGGGCATGCCTGTAATCCCAGCTGCCTGGGAGGCTGAGGCAGTAGAATCGCTTGAACCCAGGAGGCAGAGGTTGCAGTGAGTCGAAATCGTGCCACTGCACTCCAGCCTGGCCGACAGAGCAAGGTTCCATCTCAAAAAAAAAAAAAAAAA","GGCAGGGCACGGTGGCTCACGCCTGTAATCCCAACACTTTGGGAGGCCGAGACGGGTGGATCACCTGAGGTCAGGAGTTCGAGACCCACCCAGCCAACATGGCGAAACCCCATCTCTACTAAAAATACAAAAATTAGCTGGGCCTGGTGAGGGCATGCCTGTAATCCCAGCTACTTGGGAGGCTGAGGCAGGAGAATCGCTTGAACCCAGAAGGCAGAGATTGCAGTGAGTCGAGATCGTGCCACTGCACTCCAGCCTGGCTGACAGAGCAAGAGTCCGTCTAAAAAAAAAAGAGAGAGAGAGAGAAA"
"chr1","8054994","8055289","chr3","178976330","178976618","36","170921336","GGCCGGCGCGGTGGCTCATGCCTGTAATCCCGGCACTTTGGGAGGCCAAGGCAGGTGGATCACCTGAGGTCAGGAGTTCGAGACCAGCCTGGGCAACATGGTGAAAACCTGTCTTTACTAAAAATACAAAAATTAGCTGGGCATGGTGGCGTGGTGGTGGGTGCCTGTAATCCCAGCTACTCAGGAGGCTGAGGCAGGAGAATTGCTTGAACTTGGGAGGTGGAGGTTGCAGTAAGCCAAGATAGCGCCACCGCATTCCAGACTGGGTGACAGAGTGAGACTCCGTCTCAAAAAAA","GGCTGGGCGCAGTGGCTCATGCCTGTAATCCCAGCACTTTGGGAGGCCAAGGTGGTGGATCACCTGAGGTCAGGAGTTTGAGATCAGCCTGGCCAACATGGTGAAATCCCGTCTCTACTAAAAATACAAAAATTAGCTGGGCTTGGTGGTGTATGCCTGTAGTCCCAGCTACTTGGGAGGCTGAGACAGGAGAATTGCTTGAACCTGGGAGGCGGAGGTTGCAGTGAGCCAAGATCGGGCCACTGTATTCCAGCCTGGGCGACAGAGTGAGACTCTGTCTCAAAAAAAA"
"chr1","8059156","8059456","chr1","7184284","7184584","26","874872","GGCCAGGCACAGCGCCTCATGCCTGTAATCCCAGCACTGTTGGGAGGCCAAGGCAGAAGGATCACCTGAGGTCCAGGAGTTCAAGACCAGCCTAGCCAACATGGTGAAACTCCATCTCTACTAAAAATACAAAAATTAGCCAGGCATGGTGGTGCGTGCCTGTAATCCCAGCTACCTGGGAGGCTGAGGCAGGAGAATAACTGGAACCCGGGAAGCAAATGCTGCAGTGAGCCGAGATCGTGCCACTGCACTCCAGTCTGGGTGAGAGAGTGAGACTCCATCTCAAAAAAATAAAATAAAA","GGCCAGGCACAGCGACTCACACCTGTAATCCCAGCCCTTTTGGGAGGCCAAGATAAAAGGATCACCTGAGGTCCAGGCGTTCAAGACCAGCCTAGCCAACATGGTGAAACTCCATCTCTACTAAAAATATAAAAATTAGCCAGGCATGGTGGCACGTGCATGTAATCCCAGCTACCTGGGAGGCTGAGGCAGGAGAGTCACTGGAATCCAGGAGGCAGAGGCTGCAGTGAGCCAAGATCACGCCACTGCACTCCAGTCTGGGTGACAGAGCGAGACTCCATCTCAAAAAAGTAAAATAAAA"
"chr1","8063747","8064028","chr3","157375862","157376143","34","149312115","GGCAGGGTGTGGTGGCTCACACCTGTAATCCCAGCATTTTGGGAGGCCAAGGTGGGCGGATCACCTGAGGTCAGGAGTTCCAGACCAGCCTGGACAACATGGTGAAACCCTGTCTCTACTAAAAATACAGAAATTAGCCTGGTGTGGTGGTGCTCACCTGTAATCCCAGCTGCATGGGAGGCTGAGGCAGGAGAATCACTTGAACCCAGGAGGCGGATCCTGCAGTGAGCCTAGATTGTGCCACTGCACTCCAGCCTAGGCAACAGAGCGAGACTCTGTCTC","GGCTGGGAATGGTGGCTCACACCTGTAATCCCAGCACTTTGGGAGGCCAAGGTGGGTGGATCACCTGAGGTCAGGAGTTTGAGACCAGCCTGGGCAACATGGTGAAACCCTGTCTCTACTAAAAATACAAAAATTAGCCGGGTGTGGTGGTACAAGCCTGTAGTCCCAGCTACTAGGGAGACTGAGGCAGGAGAATCACTTGAACTCAGGAGGTGAAGGTTGCAGTGAGCTAAGATCATGTCACTGCACTCTAGCCTGGGCAACAGAGCGAGACTCCATCTC"
"chr1","8069648","8069798","chr3","40638454","40638604","20","32568806","TTAGCTGGGCGTGGTGGTGCATGCCTATCTCAGCTACTTGGGAGGCTGAGGCAGGAGAATCTCTTGAACCTGGGAGGCAGAGGTTGCAGTGAGCTGAGATTGCACCACTGCACTCCAACCTGGGCAGCAGAGCGAGACTCCATCTCCAAAA","TAGCTGGGTGTCATGGCACACGCCTGTAGTCCCAGCTACTTGGGAGGCTGAGGCAGGAGAATCTCTTGAACCTGGGAGGCAGAGGTTGCAGTGAGCTGAGATCACGCCACTGCACTCCAGCCTGGGCAACAGAGTGAGACTCCGTCTCAAA"
"chr1","8074149","8074455","chr1","7198834","7199133","39","875315","GGCAGGATGCGGTGGCTCACGCCTGTAATCCCAGCACTTTGGGAGGCCGAGGCTGGTGGATCAGCTGAGGTCAGGAGTTCAAGACCAGTCTGGCCAATGTGACACAACCTTGTCTCTGCTAAAAATACAAAAAAAAAAAAAAAAAATTAAGCTCGGCATGGTGGCTCACGCCTGTAATCCCAACTACTCAGGAGGCTGAGGCAGAAGAATTGCTCGAACCTGGGGGGATGGAGGTTGCAGTGAGCCAAGATCACGCCACTGCACTCCAGCCTGGGTGACAGAGCAGGGCTCCATCTCAAAAAATAAA","GGCCGGGCGCAGTGGCTCACACCTGTAATCCCACACTTTGGGAGGCCAAGGCTGGCGGATCACCTGGGGTCAAAAATTCAAGACCAGCCTGGCCAATGTGGCAAAACCCTGTCTCTACTAAAATTACAAAAAAAAAAAAAATTAGCTGGGCGTGGTGGCTCATGCCTGTAATCCCAGCTACTCAGGAGTCTGAGGCAGGATAATTGCTTGAACCCGGGGGATGGAGGCTGCAGTGAGCCGAGATCACACCACTGCACTCCAGCCTGGGTGATAGAGCAGGGCTCCATCTCACAAAATAAA"
"chr1","8077347","8077618","chr16","54898992","54899253","43","46821645","CCTGTAATCCCAGCACTTTGGGAGGCCAAGGCACCAAGGTGGGTGGATCACCTGAGGTCAGGAGTTTGAGACCAGCCTGGCCAACATGGCAAAACCCTGTCTCTACTAAAAATACAAAAATTAGCCGGGTGTGGTGGCCCACGCCTGTAGTCCCAGGTACTTGGGAGGCTGGGGCAGGAGAATAGCTTGAACCTGGGGGGTGGGGGTTCCAGTGAGCTGAGATTGCGCCACTGCGCTCCAGCCTGGGCAACAGAGCAAGACTCAGTCTCAAA","CTGTAACCCCAGCACTCTGGGAGGCCGAGGCAGGCGGATCACCTGAGGTCAGGAGTTTGAGACCAGCCTGGCCAACATGGTAAAATGCTGTCTCTACTAAAAATACAAGAATTAGCGAGGCGTGGTGGCACACATCTATAATCCCAGCTACTCGGGAGGCTAAGGCAGGAGAATCACTTGAACCCAGGAGGTGGAGGTTGCAGTGAGCCGAGATCATGCCACTGCACTCCAGCCTGGGCAACAGAGCAAGACTCTGTCTCAA"
"chr1","8078031","8078330","chr1","7202909","7203205","20","875122","GGCCGGGCGCGGTGGCTCATGTCTGCAATCCTAGCACTTTAGGAGGCCGAGGAGGCGGATCACCTGAGGTCAGGAGATCAAGACCAGCCTGGCCAACATGGCAAAACCCTGTCTCTACTAAAAATACAAAAAATTTAGCCAATACAAAAAAAATTAGCCGAGAGTGGTGGTACATGCCTGTAATCCCAGCTACTCGGGAGGCTGAGGCAGGAGAATTGCTTGAACCTGGGGGGCAGAGGTTGCAGCGAGCCGAGATCACGCCACTGCACTCCAGCCTGTGGGATAGAGTAAGACACTGTC","GCCGGGCGCGGTGGCTCATGTCTGCAATCCTAGCACTTTAGGAGGCCGAGGCAGGCGGATCACCTGAGGTCAGGAGATCAAGACCAGCCTGGCCAACATGGCGAAACCCTGTCTCTACTAAAAATACAAAAAATTTAGCCGATACGAAAAAATTAGCTGGGCGTGGTGGTACATGCCTATAATCCCAGCTACTCAGGAGGCTGAGGCAGGAGAATTGCTTGAACCTGGGGAACAGAGGTCACAGTGAGCCGAGATCATGCCACTGCACTCCAGCCTGTGGGATAGAGTAAGACTCTG"
"chr1","8079215","8079517","chr1","7204091","7204395","24","875124","GGCTGGGCGTGGTGGCTCATACCTATAATCTCAGTAGTTTGGGAGGCTGAAGCGGGTGGATTACCTGAGTTCAGGAGTTCGAGACCAGCCTGGCCAAACTGGTGAAACTCTGTCTCTACTAAAAATACAGAATTAGCTGGGCATGGTGGTGCATGCCTGTAATCCCAGCAACTCGGGAGGCTGAGGCAGAAGAATCGCTTGAACCTGGGAGGCAGAGGTTGCAGTGAGCCAAGATCATGCCACTGAATTCCAGCCTGGGTGACAGAGCAAGACTCTGTCTAACAAAAAAAAAAAAAAAAAAAA","GGCTGGGCATGGTGGCTCATACCTATAATCTCAGCACTTTGGGAGGCTGAGGCGGGTGGATTACCTGAGGTCAGGAGTTCGAGACCAGCCTGGCTAACACGGTGAAACTCTGTCTCTGCTAAAAATCCCAAATTAGCTGGGTATGGTGGCGCATGCCTGTAATCCCAGCAACTCGGGAGGCTGAGGCAGAAGAATCTCTTGAACCCGGGAGGCAGAGGTTGCAGTGAGCCGACATCATGCCACTGCATTCCATCCTGGATGACAGAGCAAGACTCTGTCTCAGAAAAAAAAAAAAAAAAAAAAAA"
"chr1","8082058","8082326","chr8","45747070","45747341","42","37665012","GCTGGGCCCAGTGGCTCATGCCTATAATCCCAGCAATTTGGGAGGGTGAGGTGGGTGGATCACCTGAGGTCAGGACTTTGAGACCAGCCTGGCCAACATGGTGAAACCCCATCTCTACTAAAATACAAAAATTAGCCGGGTGTAGTGGTGTGCACCTGTAATCCCAGCTACTTGGGAGACTGAGGCACGAGAATTGCTTGAACTCAAGAGATGGAGGTTGTAATGAGTAAACATCGCACCACTGCAGTCCAGCCTGGGCAATAGGGTGA","GGCTGGGCGCAGTGGCTCATGCCTGCAATCCCAGCACTTTGGGAGGTCGAGGTGGGTGGATCACCTGAGGTCAGGAGCTTGAGACCAGCCTGGCCAACATGGTAAAACCCTATTTCTACTAAAAATACAAAAATTAGCCGGGTGTGATGGTGCACGCCTGTAATCCCAGCTACTTGGGAGGCTGAGACAGGAGAATTGTTTGTACTTGGGAGATGGAGGCTGCAGTGAGCTGAGACTGTGCCACTGAATTCCAGCCTGGGCAATGAGTGAAA"
"chr1","8084385","8084670","chr2","19412650","19412932","38","11328265","GCTGGGCACGGTGGCTCACGCCTATAATCCTAGCACTTTGGGAGGCCGAGGCAGGTGAATTGCCTGAGCTCAGGAGTTCAAGACCAGCCTGGGCAACACAGTGAAACTCCGTCTCTACTAAAATACACAAAATTAGCTGGGCATAGTGACGTGTGCCTGTCATCCCAGCCACTCTGGAGGCTGAGACAGGAGAATTGCTAGAACCTGGGAGGCGGAGGTTGCAGTGAGCTGAGATCATCCCATTGCACTCCAGCCTGGGCAACAGAGCAAGACTCCGTCTCTAAAA","GGGTGTGGTGGCTCATGCCTGTAATCCTAGCACTTTGGGAGGCCGAGGCGGGTGGATTGCCTGAACTCAGGAGTTCGAGACCAGCCTGGGCAACACGGTGAAACCCCGTCTCTACTAAAATACAAAAAATTAGCCAGGCATGGCAGTGTGTGCCTGTAATCCCAGCTACTTGGTAAGCTGAGACAGGAGAATCGCTTGAACCCAGGAGGCGGAGGTTGTAGTGAGCTGAGATGGTGCCACTGCACTCCAGCCTGGGCAACAGAGCAAGACTCCGTCTGAAAAA"
"chr1","8091258","8091566","chr10","12541086","12541391","37","4449828","GGCCGGGCGTGATGGCTCACGCCTGTAATCCCAGCACTTTGGGAGGCCGAGGCGGGTGCATCACCTGAGGTCAGGAGTTTGAGACCAGCCTGGCCAACATGGCAAAACCCCCTCTCTACTAAAAATACAAAAACTAGCCAGGTGTGGTGGCACCTGCCTGTAACCTCAGCTACTTGGGAGGCTGAGAAAGGAAAATCGCTTGAACCCGGGAGGCAGAGGTTGCAGTGAGTCGAGATCATGCCACTGCACTCCAACCTAGGGGATAGAGCACGACTCTGCCTCACAAAAAAAAAAAAAAAAAAAAAAAAA","GCTGGGTGTGGTGGCTCACTCCTGTAATCCCAGCACTTTGGGAGGCCGAGGCGGGTGGATCACCTGAGGTCAGGAGTTCAAGACCAGCCTGGCCAATATGGTGAAACCCCATCTCTACTAAAAATACAAAAATTAACCAGGTGTGATGGCACACAGCTGTAATCCCAGCTACTTGGGAGGCTGAGGCAGGAGAATCACTTGAACCTGGGAGGCAGAGGTTGCAGTGAGCCGAGATCGCGCCACTGCACTCCAGCCTGGGCGACAGAGCAAGACTCTATCTCAAAAAAAAAAAAAAAAAAAAAAAAA"
"chr1","8106626","8106921","chrX","52560249","52560544","32","44453623","GGCTGCGCACAGTGGCTCACGCCCGTAATCCCAGCACGTTGGGAGGCTGAGGCAGATGGATCACCTGAGGTCAGGAGCTTGAGACCAGCCTGGACAACATGGTGAAACCCCATCTCTACTAAAAATTTAAAAATTAGCGGAGTGTGGTGGTGCATGCCTGTAGTCCCAGCTACTCGGGAGGCTGAGGCAGGAGAATCACTTGAATCTGGGAGGCAGAGGTTGCAGTGAGCTAGATTGTGCCACCGCACTCCAGCCTGGGCAACAGAGTGAGACTCCGTCTCAAAAAAAAAAAAAAA","GGCCGGGCGCAGTGGCTCACGCCTGTAATCCCAGCACTTTGGGAGGCCGAGGCAGGTGAATCACCTGAGGTCAGGAGTTTGAGACCAGCCTGGTCAACATGGTGAAACCCCATCTCTACTAAAAATACAAAAATTAGCTGGGTGTGGTGGTGCATACCTGTAGTCCCAGCTACTCGGGAGGCTGAGGCAGGAGAATCACTTGAACCTGGGAGACGGAGGTTGCAGTGAGCCGAGATCACACCACTGCGCTCCAACCTGGGCGACAGAGCAAGACTCTGTCTCAAAAAAAAAAAAAA"
"chr1","8110114","8110284","chr1","7951721","7951900","24","158393","AGCCGGGCATGGTGGTGTGTGCCTGTAATCCCAGCTACTCGGGAGGCTGAGGCAGGAGAATCGCTTGAACCTGGAAGGCAGAGGTTGCAGTGAGCCGAGATCGCACCACTGCACTCCAGCCTGGGCAACAGAGAGACTCCGACTCAAAAAACAAAACAAAACAAAACAAAA","TTAGTCGGGCATGGTGGTGCGTGCCTGTAGTCCCAGCTACTCAGAAGGCTGAGGCAGGAGAATCGCTTGAACCTGGGAGGCAGAGGTTGCAGTGAGCCGAGATCGCGCCATTGCACTCCAGCCTGGGCAACAGGAGTGAGACTCCATCTCAAAACAAAACAAAAATAAATAAATAAACAA"
"chr1","8112325","8112622","chr2","83920319","83920617","31","75807994","GGCCGGGCATGGTGGCTCACGCCTGTAATCCCAGCCCTTTGGGAAGCCGAGGTGGGTGGATCACCTGAGGTCAGGGATTCGAGACCAGCCTGGCCAACATGGTGAAACCCTGTCTCTACTAAAAATACAAAAATTAGCTGGGGGTGGTGGGGCGCACCTGTAATCCCAGCTACTCGGGAGGCTGAGACAGGAGAATTGCGTGAACCCGGAAGGCAGAGGTTGCAGTGAGCTGAGATCACGCCACTGCACTCCAGCTTGGGCGACAGAGCAAGCCTCTCTCTCAAAAGAAAAAAAGAAA","GGCCGGGCATGGTGGCTCACGCCTGTAATCCCAGCACTTTGGGAGGCCAAGATGGGTGGATCACCTGAGGTCAGGAATTCAAGACCAGCCTGACCAACATAGCGAAACCCTGTCTCTACTAAAAATACAAAAAGTAGCTGGGCGTGGTGGCGTGCACCTGTAATCCCAGCTACTCAGGAGGCTGAGACAGAAGAACTGCTTGAACCTGGGAGGCAGAGGTTGCAGTGAGCTGAGATCACACCACTGCATTCCAGCCTGGGCGACAGAGTGAGACTCCATTTCAGAAAAGAAAAAAAAAA"
"chr1","8114096","8114379","chrX","16786018","16786300","34","8671922","GGCCAGTCACGGTGGCTCACACCTGTAATCCCAGCACTTTGGGAGGCTGAGGTGGGTGGATCACCTGAGGTCAGGAGTTCAAGACCAGCCTGGCCAACATGGTGAAACTCCATCTCTACTAAAAATACAAAAATTAGCCGAGTGTGGTACTCAAGCCTGTAGTCCCAGCTACTTGGGAGGTTGAAGCAGGAGGATTGCTTGAATCCGGGAGGCAGAAGGTGCAGTGAGCCAAGATCGTGCCACTGCACTCCAGCCTGGGCGATAGAGTGAGACTCCGTCTCAAA","GGCCAGGCACAGTGGCTCACACCTGTAATCCTAGCATTTTGGGAGGCCGAGGTGGGTGGATCACCTGAGGTCAGGAGTTCAAGACCAGCCTGGCCAACACGGTGAAACCCCATCTCTACTAAAAATATAAAAATTAGCCAGGTGTGGTGGCACACACCTGTAATCCCAGCTACTTGGGAGGCTGAGGCAGGAGAATTGCTTGAACCTGGGAGGCAGAGGTTGCAGTAAGCCAAGATCACACCACTGCAGTCCAGCCTGGGCGACAGAGCAAGACTCTGTCTCA"
"chr1","8117169","8117468","chr1","7244256","7244567","41","872913","CGGGCACGGTGGCTCACGCCTGTGATCCTAGCACTTTGGGAGGCCGAGATGGGTGGATCACCTGAGGTCAGGGGTTTGAGACCAGCCTGGCCAATATGGCAAAACGCTGTCTCTTCTAAAAATACAGGCATTGGCCAGGCATGGTGGCACATGCCTGTGATCCCAGCTACTCAGGAGGCTGAGGCAGGAGAATCACTTGAACCTAGGAGTTGGAAGTTGCAGTGAGCCCAGATGAGATCATGCTACTGCACTCCAGCCTGGGCAACACAGCGAGACTCTTGTCTCCAAAAAAAAAAAAAA","GCCGGGCACGGTGGCTCACACCTGTGATCCTAGTACTTTGGGAGGCTGAGATGCATGGATCACCTGAGGTCAGAGGTTCGACACCAGCCTGGCCAACGTGGCAAAAACCTCTCTCTTCTAAAAATACAGAAATCAGCCGGGCATGGTGGCGCCGGGCACGGCTGCCTGTAATCCCAGCTACTCAGGAGGCTGAGGCAGGAGAATTGCTTGAACCTAGGAGTTGGAGGTTGCAGTGAGCCAAGATGAGATCATGCTACTGCACTCCAGCCTGGGCAACACAGCAAGACTCTGTCTCAAAGGAATAAAAAAAAA"
"chr1","8121425","8121730","chr3","13848162","13848465","40","5726737","GGCCGGGTGCGGTGGCTCACAACTGCAATCTCAGCACTTTGGGAGGCCGAGGCGGGTGGCTCACCTGAAGTCAAGAGTTCAAGACCAGCCTTGCCAACCTGGGGAAACCCCGTCTCCACTAAAAAATATAAAAATTAGCCGGGCATGGTGGCACATGCCTGTAATCCCAGCTACTCAGGAGGCTGAGGCAGGAGAACCGCTTGAACCCAGGTGCTGGAGGTTGTGGTGAGCCAAGATTGCGTCACTGCACTCCAGCTTGGGCAACAGAGCGAGACTCCGTCTCAAAAAAAAAAAGAAGAAAAGAAA","GCCAGGTGCTGTGGCTCAAGCCTGTAATCCCAGCACTTTGGGAGGCCGAGGAGGGTGGATCACCTGAGGTTAGGAGTTCAAGACCAGCCTGGCCAACATGGGGAAGCCCCGTCTCTACTAAAAATATAAAAAGTTAGCCAGGTGTGGTGGCACATGCCTGTAATCCCAGCTACTCGAGAGGCTGAAGCACAAGAATCACTTGAACCCAGGAGACGGAGGTTGTGGTGAGCCAAAATTGCACCACTGCACTCCAGCCTGGGGAACAGAGCGAGACTCTGTCTCAAAAAAAAAAAAAAGAAAAAAA"
"chr1","8127743","8128040","chr1","7254956","7255255","29","872787","GGCTGGGCACGGTGGCCGACGCCTGTAATCCCAGCACTTTGGGAGGTTGAGGTGGGTGGATCACCTCAGGTCAGGAGTTCGAGACCAGGCTGACCAACATGGTGAAACCTTGTCTCTACTAAAAATACAAAAAAATTAGCTGGGTGTGGTGGTGCATGCCTGTAATCCCAGCTACTTGGGAGGCTGAGGCAAGAGAATCGCTTGAACCCAGGAGGTGGAGGTTGCAGTGAGCCAAGATCATGCCACTGCACTCCAGCCTGGGCGACAGAGCGAGACTCTGTCCCCGAAAAAAAAAAAA","GGCTGGGCATGGTGGCTCACCCCTGTAATCCAGCACTTTGGGAGGTTGAGGCATGTGGATCACCTCATGTCAGGAGTTCGAGACCAGGCTGGCCAACATGGTGAAACCTTGCCTCTACTAAAAATACAAAAAAATTAGCTGAGTGTGGTGGTGCGTGCCTGTAATCCCAGCTACTTGGGAGGCTGAGGCAGGAGAATTGCTTGAACCTGGGAGGTGGAGGTTGCAGTGAGCCAAGATTGTGCCACTGCACTCCAGCCTGGGTGACGGAGTGAGACTCCATCTCCAAAAAAAAAAAAAAAA"
"chr1","8131321","8131615","chr3","1691355","1691649","34","6439966","GGCCGGGCGTGGTGGCTCACGCCTGTAATCCCAGCACTTTGGGAGGCCGAGGCGGTGGATCACCTGAGGTCAAGAGTTCGAGACCAGCCTGGCCAACATGGCAAAACGCTGTCTCTACTATAAATACAAAAATTAGCTGGGCGTGGTAGTGTGTGCCTCTAATCCGAGCTACTTGGGAGGCTGAGGCAGGAGAATCCCTTGAACCCGGGCGGCAGAAGTTGCAGTGAGCTGAGACTGCCCCACTGCACTCCAGCCTGGGCAACAGAGGGAGACTTTGTCTAAAAAAAGAAAAAAA","GGCCGGGTGTGGTGGCTCACGCCTGTAATCCCAGCACTTTGGGAGGCCGAGGTGGGTGGATCACCTGAGGTCATGAATTCAAGACCAGCCTGGCCAACATGGTGAAATGCTGTCTCTACAAAAATACAAAAATTAGCCGGGCGTGGTGGCGCACGCCTGTAATCCCAGCTACTTGGGAGGCTGAGGCAGGAGAATTGCTTGAACCCGGGAGACAGAGGTTGCAGTGAGCTGAGATCGCACCACTGCACTCCAGCCTGGGTGACAGAGTGAGACTCTGTCTCAAAAAATAACAAAA"
"chr1","8131976","8132242","chr2","47029753","47030018","31","38897777","GGCCGGGCGCGGTGGCTCATGCCTGTAATCCCAGCACTTTGGGAGGCCGAGGCGGGTGGATCACCTGAGGTCAACAGTTCAAGACCAACCTGGCCAACATGGAGAAACCCCACCTTTACTAAAAATACAAAAATTTGCTGAGTGTGGTAGCGCCTGCCTGTAATCCCAGCTACTCAGGAAGCTGAGACAGGAGAATCGCTTGAACCCGGGAGGCGGAGGTTGCAGTGAGCCAAGATCGCGCCACTGCTCTCCAGCCTGGGTGACAGA","GGTTGGGCGTGGTGGCTCACGCCTGTAATCCCAGCACTTTGGGAGGCCAAGGCTGGCGGATCACCTGAGGTCAGGAGTTCAAGACCAGCCTGGCCAACATGGTGAAACCCCATCTTTACTAAAAACACAAAAATTAGCTGCATGTGGTGGCGCACATCTGTAATCCCAGCTACTCAGGAGGCTGAGGCAGGAGAATCGCTGGAACCCGGGAGGCGAAGGTTGCAGTGAGCCGAGATGGCACCACTGCACTTCAGCCTGGGTGACAG"
"chr1","8134009","8134298","chr9","115113357","115113647","29","106979348","GGCTGGGCAGGTGGCTCACGCCTGTAATCCCAACACTTTGGGAGGCTAAGGTGGGCAGATTACCTGAGTTTAGGAATTCAAGACCAGCCTGGCCAACATGGTGAAACCCCATCTCTACTAAAAATACAAAAATTAGCTGGGCGTGGTGGCTCACGCCTGTAATCCCAGCTACTCAGGAGGCTGAGGCACGAGAATCGCTTGAATCCGGGAGGCAGAGTTTGCAGTGAGCTGAGATTGCACCACTGCACTCCAGCCTGGATGATAGAGTGAGACTCTGTCTCAAAAAACAA","GGCTGGGCGCGGTGGCTCACGCCTGTAATCCCAGCACTTTGGGAGGCCAAGACAGGCAGATCACCTGAGGTCAGGAGTTCAAGACCAGCCTGGCCAACATGGTGAAACCCCGTCTCTACTAAAAATACAAAAATTAGCTGGGCGTGGTGGCACATGCCTGTAATCCCAGCTACTCAGGAGGCTAAGGCTGGAGAATCACTTGAACCCAGGAGGCAGAGGTTGCAATGAGCTGAGATTGCGCCACTGCACTCCAGCCTGGGTGACAGAAAAAGACTCTGTCTCAAAAAATAA"
"chr1","8171689","8171764","chr1","38102824","38102893","13","29931135","GAGCTCAGGAGTTTGAGACCAGCCTGACCAACATGGTGAAACCCCATCTCTACTAAAAATTAGCTGGATATGGTGG","GAGGTCAGGTGTTTGAGACCAGCCTGACCAACATGGTGAAACCTCATCTCTACTAAAAATACAAAAATTA"
"chr1","8173786","8173986","chr2","99076392","99076604","38","90902606","AGTTTGAGACCAGCCTGGCCAACATGGTGAAACCCTGTCTCTACTAAAATACAAAATTAGCTGGGCGTGGTGTTGGTCACCTGTAATCCCAGCTACTCGGGAGGCTGAGGCAGGAGAATCACGTGAACCTGAGAGGCAGAGATTGCAGTGAACCATTGCACTCCAGCCTGGGCTACAGAGCAAGACTCCAACTCAAAAAAA","GGAAGTTTGAGACCAGCCTGGCCGACATGGTGAAACCCCGTCTCTACTAAAAATACAAAAATCAGCCGGGCGTGGTGGCGAACGCCTGTAATCCCAGCTACTTGGGAGGCTGAGGCACGAGAAACTCCTGAACCTTGGAGGCTGCAGTGAGCCAAGATTGCACCACTGCACTCCAGCCTGGGCAACAGAGTGAGACTCCATCTCAAAAACAAA"
"chr1","8174669","8174760","chr15","26540163","26540255","12","18365494","GGCCGGGCGCAGTGGCTCACACCGGTAATCCCAGCACTTTGGGAAGCCGAGGTGGGTGGATCACCCGAGGTCAAGAGTTTGAGACCAGCCTG","GGCCGGGTGCAGCAGCTCACACCTGTAATCCCAGCACTTTGGGAGGCCAAGGTGAGCAGATCACCTGAGGTCAGGAGTTTGAGACCAGCCTGG"
"chr1","8177807","8178069","chr15","99281561","99281822","52","91103754","GACTGGGTGCAGTGGCTCATGCCTGTAACCCCAGCACTTTGGAAGGCTGAGGCAGGCAGATCACCTTCTCCGCTAAAAAGACAAAAATTAGTCGGGTGTGGTGTCATGCACCTGTAATCCCAGCTACTTGGGAGGCTGAGGCAGGAGAATTGCTTGAACCCAGAAGGTGGAGGTTGCAGTGAGCCAAGATCATGCCACCACACTCCAGCCTGGGCGATACAGCGAGACTCTGTCTAAACAAAAAAAAAAAAAAAAAAAAAAAA","GGCCAGGCGCGGTAGCTCATGCCTGCAATCCCAGCACTTTGTGAGGCCGAGGCAGGCGGATCACCTGAGGTCTGGCTAATACAAAAATTAGCCTGGCGTGTTGGTGCATGCCTGTAGTCCCAGCTACTCAGGAGGCTGAGGCAGGAGAATCACTTGAACCCAGAAGGCATAGGTTACAGTGAGCCGAGATCGTGCCCCTGCACTCTAGCCTGGGTGACAGAGCGACACTCTACCTCAAAAAAAAAAAAAAAAAAAAAAAAAA"
"chr1","8183344","8183629","chr14","11891111","11891377","55","3707767","GGCCGGGCACGGTGGCTCACACCTGTAATACTAGCACTTTGGGAGGCTGAGGCTGGCAGATCACCTGAGGTCAGGAGTTCGAGACCAGCCTGGCCAACATGGTGAAACCCCATCTCTACTAAAAATGCAAAAATTAGCCAAGTGTGGTGGTGCATGCCTGTAATCCCAGCTACCTGGGAGGCTGAGGCAGGAGAATTGCTGGAAGGTTCCAGCCGGGAAACTTTCACCTTGCCAGGAGGTGGAGGCTGCGTGAGCCGAGATCGTGCCACTGCACTCCAGCCTGGGC","GGCCGGGCACGGTGGCTCACTCCTGTAATCCCAGCACTTTGGGAGGCTGAGGTGGGTGGATCACCTGAGGTCAGGAGTTCAAGACCAGCCTGGCCAACATGGTGAAACCCCATCTCTACTAAAAATACAAAATTAGCCCTGGGCGTGGTAGCGCGCGCCTGTAGTCCCAGCTGCTTGGGAAGCTGAGGCAGGAGAATCGCTTGAACCCGGGAGGCGGAGGTTGCAGTGAGCCGAGATCGAGGTCGCGCCACTGCACTCCAGCCTGGG"
"chr1","8189330","8189497","chrX","557444","557611","19","7631886","TACAACAATTAGCCAGGCGTGGTGGCACACGCCTGTAATCCCAGCTACTCAGGAGGCTGAGGCAGGAGAATCGCTTGAACCCGGGAGGCAGAGATTGCAGTGAGCTGAGATCACACCACTGCACTCCAGCCTGGGTGACAGAGCGAGACTCCATCTCAAAAAAAAAAA","CACAAAATTAGCTGGGTGTGGTGGCACAGGCCTGTAATCCCAGCTACTCAGGAGGCTGAGGCAGGAGAATTACTTGAACCCGGGAGGCAGAGGTTGCAGTGAGCCAAGATCGTGCCATTGCACTCCAGCCTGGGAGACAGAGCAAGACTCCGTCTCAAAAAAAAAAAA"
"chr1","8189878","8190163","chr2","164795608","164795898","44","156605730","GTGTGGTGGCTTATGCCAATAAGCCCAGCACTTTGGGAGGCTGAGGCGGCTGGATCACCTGAGGTCAGGAATTCAAGACCAGCCTGGCCAACATGGTGAAACCCCATCTGCACTAAAAATACAAAAATTAGCCGGGAGTGGTGGCACGCACCTACAATCCCAGCTACTAGGGAGGCTGAGGCGGGAGGATTGCTTGAATCCAGGAGGCAGAGGCTGCAGTGGACCAAGATCGCACCACTGAACTCCAGCCTGGGCAACAGAGTGGGAGCCTATCTCAAAATAATAA","GGGTGTGGTGGCTCATGCCTATAATCCCAGCACTTTGGGAGGCCAAGGCAGGTGGATCACCTGAGGTCAGGAGTTCAAGACCAGCCTGGCCAACATGGTGAAACTCCACCTCTACTAAAAATACAAAAAATTAGCCGGGTGTGGTGGCACACGCCTGTAATCCCAGCTACTCAGGAGGCCGAGGCAGGAGAATCGCTTAAATCCAGGAGGCAGAGGCTGCAGTGAGCCGAGATTGCACCATTGCACTCCAGCCTAAGCGACAGAGTGAGACTCTCTCTCCAAAAAAAAAAA"
"chr1","8191124","8191345","chr1","7320247","7320474","29","870877","GGCTGGGCGAGGTGGCTCACGCCTGTAATCCCAGCATTTTGGGAGGCCCAGGTGGGTGGATCATCTGAAGTCAGGAGACCAGCCTGGCCAACATGGTGAAACCCCGTCTCTATTAAAAATACAAAAATTAGCCAGGCATGGTGGTGCATGCCTGTAATCCCAGCTACTAGGGAGGCTGAGGCAGGAGAATTGCTTGAATCCGGGAGGCGTAGGTTGCAGTGA","GGCTGGGCACGGTGGGTCACACCTGTAATCCCAGCATTTTGAGAGGCCCAGGTGGGCAGATCATCTGAAGTCAGGAGTTCGAGACCAACCGGGACAATGTGGTGAAACCCCATCTCTATTAAAACTACAAAAGTTAGTCAGTCATGGTGGCGTGCGCCTGTAATCCCAGCTACTAGGGAGGCTGAGGCAGGAGAATTGCTTGAATCCGGGAGGCAGAGGTTGCAGTGA"
"chr1","8194226","8194532","chr1","7323345","7323650","39","870881","GGCCTGGCGCAGTGGCTCATGCCTGTAATCCGAGAACTTTGGGAGGCTGAGGCTGGAGGATCACCTAAGGTCAATTCGAGACCAGCCTGGCCAACATGGTGAAACCCTGTCTCTTTAAAAAATACACAAATTAACCAGGCATGGTGGCACACGCCTGTAGTCCCAGCTACTTGGGAGACGGAGGCATGAGAATCGCTTGAACTCGGGCAGCGGAGGTTGCAGTGCGCCAAGATCACGCTACTGCACTCCAGCCTGGGGGATAGAGCGAGACTCTGTCTCCAAAAAAAAAGAAAGAAAGAAAGAAAAA","GGCCTGGCGCAGTGGCTCATGCCTGTAACCCAGCACTTTGGAGGCTGAGGCTGGCGGGATCAACCTGAAGTCAGGGGTTCGAGACCAGCCTGGCCAACATGTGAAACCCTGTCTCTACTAAAATACACAAATTAGCCAGGCATGGTGGCACACACCTGTAGTCCCAGCTACTTGGGAGACTGAGGCATGAGAATCGCTTGAATCCAGGCAGCAAATGTTGCAGTGAGCCAAGATCATGCTACTGCACTCCTGGGGGATAGAGCGAAACTCTGTCTAAAAAAAAAAAGAAAGAAAAGAAAAGAGAAA"
"chr1","8195331","8195601","chr19","40901661","40901935","30","32706330","GCTGGGTGCGGTGGCTCACGCCTGTAATCCCAGCACTTTGGGAGGCCGAGGCGAGTGGATCACCTGAGGTCAGGAGTTCGAGACCAGCCTGACCAACATGGTGAAACCCCCGTCTTTATTAAAAATACAAAACTTAGCCAGGCATGGTGGCGCCTGTAATCCCAGCTATTAGGGAGGCTGAGGCAGGAGAATCACTTGAACCTGGGAGGCAGAGGTTGCAATGAGCTGAGATGGTGCCATTGCACTCCAGCCTGGGCAACAGTGTAAGACT","GGCTGGGCGCCGTGGCTCATGCCTATAATCCCAGCACTTTGGGAGGCCGAGGCGGGCGGATCACCTGAGGTCGGGAGTTCGAGACCAGCCTGGCCAACATGGTGAAACCCCGTCTCTATTACAAACACAGAAATTAACCAGGCATGGTGGCATGCCCCTGTAATCCCAGCTACTCGGGAGGCTGAGGCAGGAGAATCGTTTGAACCTGGGAGGCAGAGGTTGCAGTGAGCTGAGATCATGCCACTGCACTCCAGCCTGGGCAACAGAGTGAGACT"
"chr1","8195805","8196078","chr11","4478161","4478437","37","3717644","ACTTTGGGAGGCTGAGGTGGGCGGATCGCCTGAGGTCAGGAGTTTGAGACCATCCTGGCCAACATGGTGAAACTCCATCTCTACTAAAAATACAAAAATTAGCCAGGCGTGGTTGTGTGTGCCTGTGGTCCCAGGTGCTCAGAAGGCTGAGGCAGGAGAATCACTTGAACCTGGGAGGTGGAGGTTGCAGTGAGCTGAGATCGTGCCACTGCACTCCAGCCTGGGTGACAGAGTGAGATCTGTCTTGAAAAAATAAAATAAATAAATAAATAAA","TTTGGGAGGCTGAGGCGGGCAGATCACCTGAGGTCAGGCGTTTGAGACCAACCTGGCCAACATGGTGAAACCCCATCTCTACTAAACACACAGAAAAATTAGCTGGGCGTGGTGGTGTGTGCCTGTAATCCCAGCTACTCGGGAGGCTGGGGCAGAAGAATCGCTTGAACCTGGGAGGTGGAGGTTGCAGTGAGCTGAGATCGGCGCCACTGCACTCCAGCCCGGGTGACAGAGCAAGACTCTGTCTTAAAAAAAAAAAAGAAAGAAAGAAAGAAAA"
"chr1","8205981","8206292","chr1","7334401","7334711","33","871580","GGCCAGGCCTGGTGGCTCATGCCTGTAATCCCAGCACTTTGGGAGGCCGAGGTGGGCGGATCACCTGAGGTCAGGAGTTCGAGACCAGCCTGGTCAATATGGCGAAACCCCGTCTCTACTAAAAATACAAAAATTAGCCAAGTGTTGTAGCGCACGCCTGTAATCCCAGCTACTCAGGAGACTGAGATAGGAGAATGGCTTGAACCTGGGAGGCAGAGGTTGCAGTGAGCCGAGATCACACCACTGCACTGTAGCCTGGGCAAGAGTGAGACCCTGTCTCAAAAAACTAAACAAAACAAAACAAAGAACAAA","GGCCAGGCGAGGCGACTCATGCCTGTAATCCCAGCACTTTGGGAGGCCAAAGTGGGCGGATCACCTGAGGTCAGAAGTTCGAGACCAGCCTGGTCAATACGGCGAAACCCCGTCTCTACTAAAAATACAAAAATTAGCCAAGTGTTGTAGTGCACACCTATAATCCCAGCTACGCAGGAGACCGAGACAGGAGAATGGCTTGAATCTGGGAAGCGGAGCTTGTAGTGAACTGAGACTGCACCACTACACTGTAGCCGGGGCAACAGAGTGAGACCCTGTCTCAAAAAAACAAAACAAAAACAAAGAACAAA"
"chr1","8207449","8207745","chr11","110430979","110431269","50","102223530","GCTGGGTGTGGCGGCTCATGCCTGTAATGCCAGCACTTTGGGAGGCTGAGGCTGGCCGATAGCCTGAGCTCAGGAGTTCGCGACCAACCTGGGCAACACAGTAAAATGCCCCCCCATCACTACTAAAATACAAAAAAATTAGCTGGGTTTGGCGGTGTGCACCTGTAATCCCAGCTACTTGGGAGGGCGAGGCAGGAGAATCACTGGAACCCCAGAGGCAGAGGTTGCAGTGAGCTGAGATCACGCCAATACACTCCAGCCTGGGCAACAAGAGTGAGACTCTGTCTCAAAAAAAAA","GGCCGGCGCGGTGGCTCACGCCTGTAATCCCAGCACTTTGGGAGGCTGAGGCAGGCGGATTGCCTGAGGTCAGGAGTTCGCGACCAGCCTGGGCAACACAGTGAAACCCCATCTCTACTAAAATACAAAAATTAGCCGGGCGTGGCAGTGTGCGCCTGTAGTCCCAGTTACTTGGGAGGCTAAGCTGGAGAATCACTTGAACCCAGGAGGCGAAGGTTGCAGTGAACCAAGATCATCCCACTGCACTCCAGCCTGGGCAACAGAGCGAGACTCTGTCTCAAAAAAAAAAAA"
"chr1","8211229","8211518","chr1","7339699","7339990","31","871530","GGCCGAGCGCGTGGCTCACACCTGTAACTCCAGCACTTTGGGAGGCCGAGGTGGGCGAATCACATGAGGTCAGGAGTTCGAGACCAGACTAGCCAACATGGTGAAATCCCTTCTCTACTAAAATACAGAAATTAGCCGGGCATGGTGGCACACGCCTGTGATCCCAGCTATTCAGTAGGCTGAGGCAGGAGAATCGCTTGAACCCAGGAGGTGGAGGTTGCGGTGAGCCGAGATCGAGCCACTGCCCTCCAGCCTGGGTGACAGAGCAACACTCCATCTCAAAAAAAGAA","GGCCGGGTGCGTGGCTCGCATCTGTAATTACAGCACTTTGGGAGGCCAAGGTGGGCAAATCACCTGAGGTCAGGAGTTCGAGATCAGCCTAGACAACATGGTGAAACCCTATCTCTACTAAAATACAGAAATTAGCCGGTCATGGTGGCATGCGCCTGTGATCCCAGCTAATCGGGAGGCTGAGGCAGGATAATCGTTTGAACCCAGGAGGCAGAGGTTGCAGTGAGCCGAGATCGCACCACTGGCCTCCAGCCTGGGTGACAGAGCAACACTCCGTCTCAGAAAAAAAGAA"
"chr1","8216053","8216364","chr1","7344555","7344857","36","871498","GGGCGGGTGTGGTGGCTCAAGCCTGTAATCTCAGCACTTTGGGAGACCGAGGTGGGTGGATCACCTGAGGTCAGGAGTTCAAGACCAGCCTGGCCAACATGGTGAAACCCCGTCTCTACTAAAAATATAAAAATTAGCCTGGCGTGGTGGCATGTGCCTGTAATTCCAGCTCCTCGGGAGGCTAGGGCAGGAGAATTGCTTGAACCCGGGAGGTGGAGGTAGCAGTGAGCCGAGATTGCACCACTGCACTCCAGCCTGGACAACAGAGTGAGATTCCGTCTTAAAAAATAAAATAAAAGAAAAGAAAATAAA","GGCCAGGTGCGGTGGCTCACGCCTGTAATCCCAGCACTTTGGGAGACCGAGGCTGGCGGATCGCCTGAGGTCAGGAGTTCAAGACTAGCCTGACCAACATGGTGAAACCCCCATCTCTACTAAAAATGTAAAAATTAGCCTGGCATGGTGGCGTGTGCCTGTAGTCCCAGCTCCTCGGGAGGCTGAGGCAGGAGAATCGCTTGAACCCGGGAGGTGGAGGTAGCAGTGAGCCGAGATTGCACCACTGCACTTCAGCCTGGGCAACAGAGTGAGATTCCATCTCAAGAAATAAAAGAAAAGAAA"
"chr1","8221716","8222011","chr1","7351005","7351299","28","870711","GGCCGGGCATGGTGGCTCACGCCTTCAATCCGAGCACTTTGGGAGACCGAGGCGGGTGATCACCTGAGGTCAGAAGTTTGAGACCAGCCTGGCCAAAATGGCTAAAGCCTGTCTCTACTAAAATTACAAAAATTTGCTGGACATGGTGGCACGTACCTGTAATCCCAGCTACTAGGGAGGCTGAGGCAGGAGAATCGCTTGAACTGGGAGGCGGATGTTGCAGTGAGCCGAGATCGTGCCACTGCAGATCTCAAGCAGAGTAAGACTTCATCTAAAAAAAAAAAAAAAAAAGGAAA","GGCCGTGCATGGTGGCTCACACCTGTAATCCCAGCACTTTGGGAGACTGAGGAGGGTGATCACCTGAGGTCAGGAGTTCAAGACCAGCCTGGCCAAAATAGCTAAAGCCTGTCTCTACTAAAATTACAAAAATTTGCTGGATGTGGTGGCACGCACCTGTAATCCCAGCTACTAGGGAGGCTGAGGTGGAAGAATTGCTTGAACTGGGAGGCGGAGGTTGCAGTGAGCCAAGATCGTGCCACTGCAGATCTCATGCAGAGCAAGACTTTGTCTCAAAAAAAAAAAAAAGAAAGAA"
"chr1","8242520","8242652","chr3","178724024","178724160","16","170481504","GGCCGGGCGCGGTGGCTCAGGCCTGTAATCGCGGCACTTTGGGAGGCCAAGGTGGGCGATCAGCTGAGGTCAGGAGTTGGAGACCAGCCTGGCCAACATGGTAAAAACCCTGTCTCTACTAAAAAAAAAAAAA","GGCCGAGCGCGGTGGCTCATGCCTGTAATGCCAGCACTTTGGGAGTCCGAGGTGGGCAGATCACCTGAGGTCAGGAGTTCCAGACCAGCCTGGCCAACATGGTAAAACCCTGTCTCTACTAAAAAATACAAAAATTA"
"chr1","8243138","8243465","chr19","25432758","25433083","43","17189620","GCTGGGCGCAGTGGCTCACGCCTGTAATCCCAGCAGTTTGGGAGTCTGAGGTGGGTGGATTACCTGAGGTCGGGAGTTGGAGACCAGCCTGACCAACATGGTGAAACTCACCTCTACTAAAAAAATACAAACAAAATTAGCCGGGCGTGGTGGCTCGTGCCTGTAATCCCAACTACTCAGGAGGCTGAGGCAGGAGAATTGCTTGAGCCCGGGAGACGGAGGTTGCAGTTAGCCGAGATCGTGCCACCGCACTCCAGCCTGGCCGACAGAGCGAGACTCTGTCTAAAAAATAATAATAAATAAATAAATAAATAAATAAATAAATAAA","GGCTGGGTGCAGTGGTTCACGCCTGTCATCCCAGCACTTTGGGAGGCTGAGGTGGGTGGATCACCTGAGGTCAGGAGTTCGAAACCAGCCTGGCCAACATGGTGAAACCCCGTCTCTACTAAAAATACAAAAAAATTAGCCGGGCGTGGTGGCGCGCGCCTGTAATCCCAGCTACTTGGGAGCCTGAGGCAGAAGAATCGCTTAGAACCTGGGAGGCAGAGGTTGCAGTGAGCCAAGATCATGCCACTGTACTCCAGCCTGGCGACAAGAGCAAGACTCTGTCTCAAAAATAAATAAATAAATAAATAAGTAAATAAATAAATAAA"
"chr1","8245871","8246172","chr14","15756054","15756351","36","7510183","GGCTAAGCGCAGTGGCTCATGCCTGTGATCCCAGCACTTTGGGAGGCCGAGGCGGGCAGATCACCTGAAGTCGGGAGTTCGAGATCAGCCTGACCAACATGGAGAAACCCCATCTCTACTAAAAATACAGAAATTAGCTAGGTGTGGTGGCGCATGCCCGTAATCCCAGCTACTCAGGAGACTGAGGCAGGAGAATCGCTTGAATCCGGGGAGGCGGAGATTGCTGTGAGCCGAGATCGCGCCATTGCACTCCAGCCTGGATGACAGAGCTAGACTCTGTCTCAAAGAAAAAGAAAAAAAAA","GGCCGGGCGCAATGGCTCACACCTGTAATCCCAGCACTTTGGGAGGCCGAGGTGGGCGGATCACCTGAGGTCAGGAGTTCAAGCCAGCCTGGCCAACATGGTGAAACCCCATCTCTACTAAAAATACAAAAATTAGCCAGGCGTGGTAGCGCATGCCTGTAATCCCAGCTACTCAGGAGGCTGAGGCAGGAGAATCACTTGAATCCAGGAGGCGGAGGTTGCAGTGAGCCGAGATCACGCCACTGCACTCCAGCCTGGGCAACAGAGTGAGACTCTGTCTCAAAAAAAAAAAAAAAAA"
"chr1","8246981","8247281","chr1","7379314","7379602","35","867667","GCTGGGTGCAGTGGCTCATGCCTATAATCCCAGCACTTTGGGAGGCTGAGGCGGACAGACCACCTGAGGTCAGGAGTTCAAGACCAGCCTGACCAACACGGTGAAACCTCATCTCTACTAAAAACACAAAATTACCTGGTCATGGTGGCACGTGCCTGTAATCCCAGCTACTCAGGAGGCTGAGGCAGAAGAATCGCTTGAACCTGGGAGGCAGAGGTTGCAGTGAGCTGAGATCGCGCCATTGCGCTCCCGCCTGGGCGACACAGCAAGACTCCGTCTGAAAAAAATAAAAAAATAAAAA","GCTGGGTGCAGTGGCTCATGCCTATAATCCCAGCACTTTGGGAGGCTGAGGAGGACAGACCACCTGAGTCAGGAGTTCGAGACCAGCCTGACCAACACGGTGAAACCCCATCTCTACTAAAAATACAAAATTACTGGGGCATGGTGGCACACACCTGTAATCCCAGCTACTCACGAGGCTGAGGCAGGAGAATCGCTTGAACCCAGGAGGCGGAGGTTGCAGTGAGCTGACATCGCACCTTTGCACTCCAGCCTGGGCAACAGAGCGAGACTCCGTCTAAAAAAAAAAA"
"chr1","8250415","8250698","chr1","7383101","7383402","43","867314","GGCCGGGCGAGGTGGCTCATGCCTGTAATCCCGGCACTTTGGGAGGCCGAGGTGGGCGGATCACCTGAGGGTGGGTGTTCGAGACCAGTCTGGCCAACATGGTGAAACCTGTCTCTGCTAAAAATACAAAAATTAACCGAGCGTGGTGGCATGCGCCTGTAATCCCAGCTACTTGGGAGGCTGAGGCAGGAGAATCACTTGAACCCAGGAGGCAGAGGTTATAGTGACTGCACTCCAGCCTGGGCAACGGAGTGAGACTCCGTCTCAAAAATAAATAAATAAAA","GGCTGGGCAAGGTGGCTCATGCCTGTAATCCCAGCACTTTGGGAGGCTGAGGTGGGCGGATCACCTGAGGTTGGGAGTTAGAGACCAGCCTGGCCAACATGGCGAAATCTGTCTCTACTAAAAATACAAAAACTACCTGGGCATGGTGGCACACGCCTGTAATCCCAGCTACTTGGGAGGCTGAGGCAGGAGAATCACTCGAACCCAGGAGGCAGAGGTTGTAGGGAGCCGAGATCACACCACTGCACTCCAGCCTAGGCAACGGAGTGAGACTCTGTCTCAAAATAAAGAAATACATAAAA"
"chr1","8252509","8252764","chr9","93172956","93173205","35","84920447","TTGGGAGGCCAAGGTGGGCGGATCACCTCAGGTCAGGAGTTCGAGAAAAGCCTGGCCAACATGGTGAAACCCCATCTCTACTAAAAATACAAAAATTAGCCGGGTGTGGTGATGCACGTCTGTAATCCCACCTACTCGGGAGGCTGAGGCAGGAGAATCGCTTGAACCTGGGAGGTGGTGGTTGCAGTGAGCCAAGATCGCACCGTTGCACTCCAGCCTAGGCAACAGAGTGAGACTCCATCTCAAAAAAAAAAAA","GGCCAGGCGGGCAGATCACCTGAGGTCAGGAGTTTGAGAACAGCCTGGCCAACATGGTGAAACCCCATCTCTACTAAAAATACAAAAATTAGCCAAGTGTGATGCCATGCACCTGTAATCCCAGATACTTGGGAGGCTGAGGCAGGAGAATCACTTGAACCTGGGAGGTGAAGGTTGCAGTGAGCCAAGATTGCACCACTGCACTTCAGCCTAGGTGACAGAGCGAGACTCTGTCTCCAAAAAAAAAAAA"
"chr1","8270756","8271023","chr10","38503497","38503770","45","30232741","CCAGGCACGGTGGCTCATTCTTGTAATCACAGCACTTTGGGAGGCCGAGGCTGGTGGATCACCTGAGGTCAGAAGTTCGAGACACCCTGGACAACATAGTGAAACCCTGTCTCTACTAAAAGTACAAAAATTAGCCGGGTGTGGTGGCGCACACCTGTAGTCCCAGCAACTTGGGAGACTGAGGCAGGAGAATTGCTTGAGCTGAGATTGGGCCACTGCACTCCAGCCTGGGCAACAAAGTGAGGCTCTGTCTACAAAAAAAAAAAAA","GGCCAGACATGGTGACTCTCCCCTGTAATCCCAGCACTTTGGGACGCCGAGGCAGGGGGATCACCCGAGGTCAGGGGTTTGAGACCAAACTGGCCAACACAGTGAAACCCTGTCTCTACTAAAAATACAAAAGTTAGCTGGGCATGGTGGTGCATGCCTGTAGTCCCAGGTTCTTAGGAGACTGAGGCAGGAGAATTGCTTGAACCTGGGATTGTGCCACTGCACTCCAGCCTGGGTGACAAAGTGAGTCTCTATCTCAAAAAAAAAAAAAAAA"
"chr1","8275837","8276144","chr1","10241868","10242167","44","1966031","GGCCAGGCAGTGGCTCACGCTTGTAATCCTAGCATTTTGGGAGGTCAAGGTGGGAGGACAACCTGAGATCAGGAGTTCAAGACCAGCCTGGCCAACATGGTGAAACTCCGTCTCTACTAAAAAATACAAAAATTAGCTGGGCCTGGTGGCACATGCCTGTAATCCCAGCTACTCAGGAGGCTGAGGAAGGAGAATCACTTGAACCCGGGAGGTGGAGGCTGTAGTGAGCTGAGATCACACCACTGTACTCCAGCCTGCACGATGGGAGTGAAATTCCATCTCAAAAAATAAAATAAAATAAATAAAAA","GGCCAGGCGCAGTGGCTCACACCTGTAATCCTAGCACTTTGGGAGGCCAAGGCGGGTGGATCACCTGAGGTCAGGAGCTCGAAACCAGCCTGGCCAACAAGGTGAAACCTCGTCTCTACTAAAAAATACAAAAATTAGCCGGGTATGGTGGCGCATGCCTGTAATCCCAGCTACTCAGGAGGCTGAGGAAGGAGAATCACTTGAACCTGGGAGGTGGAGGTTACAGTGAGCCGAGATCGTGCCACTGCACTCCAGCCTGCACAATGGGAGTGAGACTCCATCTCAAAAGAAAAAATAAAA"
"chr1","8283851","8284156","chr4","111711200","111711511","46","103427349","GGCCGGGCGTGGTGGCTCTTACGTGTAATCTCAGCACTCTGAAAGGCCAAGACGGGCAATCACCTGAGGTCAGGAGTTCAAGACCAGCCTGGCCAACATGGTGAAACCGCATGTCTACTAAAAATACAAAAATTAGCCGTGCGTGGCAGTGTGCGCCTGTCGTCCCAGCTACTCGGCAAGCTGAGGCAGGAAGATCGCTTGAACCCAGGAGGCGGAGGTTGCAGCCGAGATTTTGCCACTGCACTCCAGCTTGGGTGATAGAGTGAGGCTCCGTCTCAAAAAAAAAATGCTAAGTAAAAAAACAAA","GGCCGGACGTGGTGGCTCACACCTGTAATCCCAGCACTCTGGGAGGCCAAGACAGGCAGATCACCTGAGGTCAGGAGTTCAAGACCAGCCTGGCCAACATAGTGAAACCCCATCTCTACTAAAAATACAAAAATTAGCTGAGCATGGTGGTGTGTGCCTGTAGTCCCAGCTACTCGGGAAGCTGAGGCAGGAGAATCGTTTGAACCCAGGAGGTGGAGGTTGCAGGGAACCAAGATCGTGCCACTGCACTCCAGCTTGGGCAACAGAGGGAGACTTCATCTCAAAAAATAAAAAAAAAGAAAAAGAAAAAAA"
"chr1","8284920","8285229","chr1","7442502","7442785","41","842418","GGCTGGGCCCAGTGGGCTCACGCCTGTTATCCCAACACTTCATGAGGTGGAGGCAGATGGATGGCCTGAGGCCAGGAGTTCGAAAGCAGCCTGGCCAACATGGTGTAACCCTGTCTCTACTAAAAATACAAAAATCAGCCTGGTGTGGTGGTGCACGCCTGTAATCCCAGCTACTCAGGAGGCTGAGGCAGGAGAATCACTTGAACCCAGGAGGCGGAGTTTTCAGTGAGCCGAGATCACGCCACTGCACTCCAGCCTGGGCGACAGAGTGAGACTATGTCTCAAAACAAAAACACAAAAACCAAACAAA","GGCTGGGCCCGGTGGGCTCACGCCTGTTATCCCAGCACTTCATGAGGCCAAGGCAGATGGATGGCCTGAGGCCAGGAGTTCGAAAGCAGCCTGGTCAACATGGTGTAACCCTGTCTCTATTAAAAATACAAAAATCAGCCTGGTGTGGTGGTGCACGCCTGTAATCCCAGCTACCCAGGAGGCTGAGGCAGGAGAATTGCTTGAACCCAAAGGCAGAGTTTTCAGTGAACCGAGATCACGCCACTGCACTCCAGCCTGGGCAACAGAGTAAGACTATGTCTCAA"
"chr1","8300627","8300815","chr13","64990371","64990560","32","56689744","AAACAAAAAAATTAGCCTGGTATGGTGGCACATGCTTGTAATCCCAGCTACTTGGGAGTCTGAGGCAGGAGAATCGCTTGAACTCGGGAGGCAGAGCTTGCAGTGAGCCGAGATCGCAACATTGCATTCCAGCCTGGGCAACAGCACCAGACTCCCTCTCAAAAACAAACAAACAAACAAAAAAAAAAA","TAAAAATACAAAATTAGCCCGGCGTGGTGGCACATGCCTGTAATCCCAGCTACTCGGGAGGCTGAGGCAGGAGAATCACTTGAACCCGGGAGGCGGAGGTTGCAGTGAACCGAGATCATGCCACTGCACTCCAGCCTGGGCAATAGAGCGAGACTCCGTTTCAAAACAAAAACAGAAACAAAAACAAAAA"
"chr1","8315113","8315412","chr14","47617054","47617352","31","39301941","GGTCGGGCGCGGCGGCTCATGCCTGTAATCCCAGCACTTTGGGAGGCTGAGTCGGGTGGATCACCTGAGGTCAGGAGTTCAAGACCAGCCTGGCCAACATGGTGAAACCCCATCTCTACTAAAAATACAAAATTAGCCGGGCGTGGTGGCACATGCCTGTAATCCCAGCTACTTGGGAAGCTGAGGCAGGAGAATCGCTTGAACCCAGGAGGCAGAGGTTGCAGTGAACCCAGATCATGCCACTGCACTCTAGTCTGGGCGATAGAGTGAGACTCCGTCTCAAATAAACAAATAAGCAAA","CTGGGCATGGTGGCTCATGTCTGTAATCCCAGTACTTTGGGAGGCTGAGGCGGGTGGATCACCTGAGGTCAGGAGTTCGAGACCAGCCTGACCAACATGGTGAAACCCCATCTCTACTAAAAATACAAAATTAGCCGGGCGTGGTGGCACACGCCTGTAATCCCAGCTACTTGGGAAGCTGAGGCAGGAGAATCGCTTGAACCCAGGAGGCAGAGGTTGCAGTGAGCATAGATCACACCACTGCACGGCAGCCTGGGTGACAGAGTGAGACCCTGTCTCAAAAAAAAAAAAAAAAAAAA"
"chr1","8436918","8437217","chr15","297183","297483","43","8139735","GGCCGGGCACCGTGGCTCACACCTGTAATCCCATCACTTTGGGAGGCTGAGGTGGGCAGATTACCTGAGGTCAGGAGTTCAAGACCAGCCTGGCCACCATGGCGAAATCCTGTCTCTACTAAACATACAAAAATTAGCCAGGCATAGTGGCGCACGCCTGTAATCCCAGCTACTCAGGAGGCTGAAGCAGAATTGCTGGAACCTGGGAAGCAGACGTTGCACAGTGGACCAAGATGGTGCCACTGCAGTCCAGCCCAAGTGACAGAGCAAGACTCCATCTTAAAAAAAAAAAAAAAAAAA","GGCCAGGCACGGTGGCTCACGCCTATAATCCCAGCACTTTGGGAGGCTGAGGTGGGCAGACTGCCTGAGCTCAGGAGTTCAAGACCAACCTGGGCAACATGGTAAAATCCTGTCTCTACTAAAATACAAAAACTAGCCAGGCGTGGTGGCACGCGCCTGTAATCCCAGCTACTCAGGAGGCTGAGGTAGGAGAATTGCTGGAACCTGGGAGGCGGAGGCTGCAGTGAGCCAAGATTGCACCACTGCACTCCAGCCTGAGTAACAGAGTGAGACTCCGTCTTAAATGAAAAAAAAAAAAAAA"
"chr1","8452395","8452692","chr1","7603687","7604005","41","848708","GGCGCAAAGGCTCATGCTTGTAATCCCAGCACTTTGGGAGGCGGAGGCAGGGAGATCAAGTGAGGTCAGGAGTTCGAGACCAGCCTGGCCAACATAGCGAAACACCGTCTCTACTAAAAATACAAAAATTAGCTGGGCATGGTGGTGCGTGCTTGTAATCTCAGCTACATGGAAGGCTGAGGCAGGAGAATCACCTCCCCAGGAAGCAGAGGATGCATTGAGCCAAGATTGTACCACTGCACTCCAGTCTGGGTGACAGAGCAAGACTCTGTCTCAAAAAAATAAATAAATAAATAAA","GGCTGGGCGCAGAAGCTCATGCTTGTAATACCAGCACTTTGGGAGGCAGAGGAGGGGAGATCAACTGAGGTCAGGAGTTCGAGACCAGCCTGGCCAACATAGCGAAACACTGTCTGTACTAAAAATACAAAAATTAGCTGGGCATGGTGGCGCATGCTTGTAATCTCAGCTGCATGGAAGGCTGAGGCAGGAGAATCACCTCCCCGGGAGGCAGAGGATGCATTGAGCCGAGATTGTGCCACTGCACTCCAGCCTGGGCGACAGAGCAAGACTCCATCTCAAATAAATAAATAAATAAATAAATAAATAAATAAATAAA"
"chr1","8469981","8470277","chr1","64718214","64718507","38","56248233","GCCACGTGCAGTGGCTTACACCTGTAATCCCAGAACTTTGGGAGGCTGAAGTGGGCAGATCACCTGAGGTCAGGAGTTCAAGACCAGCCTGGCCAACACGGTGAAACCCTGTCTCTACCAAAAACACAAAAATTAGCCGGGTGTGGTGGTGCGCACCTGTAATTCCAGCTACTTGGGAGGCTGAGGCAGGAGAATCGCTTAAACCTGGGAGGCGGAGGTTGCAGTTAGCCGAGACCGCGCCACTACACGCCAGCCTGGGTGACAGAGCGAGATTCTGTCTTTAAAAAAAAAAAAAAA","GGCCAGGTGCAGTGGCTCACTCCTGTAATCCCAGCACTTTGGGAGGCAGAGGCGGGCAGATCACCTGAGGTCAGGAGTTCAAGACCAGCCTGGCCAACATGGTGAAACCTCGTCTCTACTAAAAATACAAAAATTAGCTGGGCGTGGTGTGTGCACCTGTAATCCCAGCTAGTTGGGAGGCTGAGGCAGGAGAATTGCTCGAACCTGGGACGTGGAGGTTGCAGTGAGCAGAGATTGCACCACTGCACTCCAGCCTGGGCGACAGGGTGACTCTGTCTCAAAAAAAAAAAAAAA"
"chr1","8475513","8475723","chr3","172783026","172783239","30","164307513","GGCCGGATGCGGTGGCTCGTGCCTGTAATCCCAGCACTTTGGGAGGCCGAGGCGGGTGGATCACCTTAGGTCAGGAGTTCAAGACCAGCCTGGCCAATATGGTGAAACCCCATCTCTACTAAAAATACAAAAATTAGCCAAGTATGGTGGTACATGCCTGTAATTCCAGCTACTTGAGAGACCAAGGCAGGAGAATCGCTTGAACCCGGGA","GGCCAGGCACAGTGGCTCATTCCTGTAATCCCAGCACTTTGGGAGGCCGAGGTGGGTGGATCACCTGGGGTCAGGAGTTCAAGACCAGCTTGGCCAACATGGTGAAACCCTTTCTCTACTAAAAAAATACAAAAATTAGCTGGGCATGGTGGCACGTGCCTGTAATCCCAGCTACTCGGGAGGCTGAGGCAGGAGAATCGCTTGAACCCGGCAG"
"chr1","8479425","8479714","chr1","7632950","7633255","37","846475","GGCTGGGCACAGTGGCTCACACCTGTAATCCCAGCACATTGGGAGGCCAAGGTGGGTGGATCACCTGAGGCTGGGAGTTCCATACCAGCCTGGCCAACATAGTGAAACCCCACCTCTACTAAAATTACAAAAATTAGCTGGACGTGATGGTGGCGCCTGTAATCCCAGCTACTTGGGAGGCTGAGGCAGGAGAATGGTGTGGCCTGGAGGCAGAGCTTGCAGTGAGCCGAGATGGCGCTACTGCACTCCAGCCTGGGCGACAGAGTGAGACTCCATCTCAAAAAAAAAAA","GGCTGGGCACAGTGGCTCACTCCTGTAATCCCAGCACATTGGGAGGCCAAGGTGGGTGGATCACCTGAGGTTGGGAGTTCCATGCCAGCTTGGCCAACATAGTGAAACCCTGTCTCTACTAAAATTACAAAAATTAGCCAGGCGTGATGGTGGCGCCTGTAGTCCCAGCTACTTGGGAGGCTGAGGCAGCAGAATGGCGTGACCTGGAGGCAGAGCTTGCAGTGAGCAGAGACAGCGCTACAGCACTCCAGCCTGGACGACAGAGCGAGACTCTATCTCAAAAAAACATTAATAAATAAATAAAAA"
"chr1","8490488","8490774","chr1","7645039","7645330","32","845449","GGCGTGATGGCTCACGCCTGTAATCCCAGCACTTTAGGAGGCTGAGGTGAGCAGATCACCTGAGGTCAGGAGTTCGAGACCAGCCCGACCAACACTGTGAAACCTTGTCTCTACTAAAAATACAGAAATTAGCTGGGCATGGGGTGTGCCTGTAATCTCAGCTACTCGGGAGGCCGAGGCAGAAGAATCCCTTGAATCCTGGAGGTGGAGGTTGCAGTGAGCCAAGATTGCGCCACTGTACTCCAGCCTGGATGACAGAGTGAGACTCCATCTTAAAAAAAAAAAAA","CTGGGTGTGATGGCTCACGCCTGTAATCCCAGCACTTTGAGAGGCCGAGGCGAGCGGATCACCTGAGGTCAGGAGTTCGAGACCAGCCTGACCAACACTGTGAAACCCTGTCTCTAATAAAAATACAAAAAGTAGTTGGGCATGGTGGCGTTCCTGTAATCTCAGCTACTCGGGAAGCTGAGGCGGGAGAATCCCTTGAACCCTGGAGGTGGAGGTTGCAGTGAGCCGAGATTGCGCCACTGCACTCCAGCCTGGGCAACAAAGTGAGATTCCATCTCAAAAAAAAAAAAAA"
"chr1","8493591","8493884","chr1","7648142","7648442","31","845449","GGCTGGGCATGGTGGCTCACGCCTATAATCCCAGCACTTTGGGAGGCTGAGGTGGGTGGATCACCTGAGGTCAGGAGTTCAAAACCAGCCTGGCCAACATGATAAAACCCCGTCACTACTAATAATACAAAAATTAGCCAGGTGTGGTGGTATGTGCCTGTAATCCCAGCTACTTGGGAGGTTGAGGCAAGAGAATCGCTTGAACCCGGGAGGCAGAAGTTGCAGTGAGCCAAGATTGTGTCACTGCACTCCAGCCTAGGTGACAGAGCAAGACTCCATCTCAAAAAAAAAAAA","GGCTGGGCACAGTGGCTCATGCCTATAATCCCAGCACTTTGGGAGGCTGAGGAGGGTGGATCACCTGAGGTCAGGAGTTGAAAACCAGCCTGGCCAACATGATAAAACCCCATTGCTACTAATAACACAAAAATTAGTCAGGTGTGGTGGTACGTGCCTGTAGTCCCAGCTACTTGGGAGGCTGAGGCAGGATAATCGCTTGAACCTGGGAGGCAGTGCTTGCAATGAGCCAAGACTGTGCCACTGCACTCCAGCCTAGGTGACAGAGCAAGACTCCCTCTTAAAAAAAAAAAAAAAAAAA"
"chr1","8495030","8495316","chr1","7649513","7649803","36","845517","GGCCTGGCGTGGTGGCTCACGCCTGTAATCCCAGCACTTTCAGAGGCCGAGGCGGGCAGATCACCTGAGGTCAGGAGTTCGACACCAGACTGACCAACACGGTGAAACCCTGTCTCTACGAAAAATACAAAAATTAGCCAGGCGTGGTGGCGCACGCCTATAGTGCCAGCTACTTGGGAGGGTGAGGCAGGAGAATCGCTTGAAACCTGGGAGGCGGAGGTTCCCGTGAGCTGAGATTGCACCACTGCACTCCAGCTTGGGTGACAGAGCAAGACTCCGTCTCAAAA","GGCCTGGCGCGGTGGCTCACGTCTGTAATCCCAGCACTTTGGGAGGCTGAGGCGGGCGAGTCACCTGAGGTAAGGAGTTCCACACCAGCCGACCAACACGGTGATACCCCGTCTCTATTAAAAATACGAAAATTAGCCAGGCATGATGGCGCACACCTATAGTGCCAGCTACTTGGGAGGCTGAGGTAGGAGAATCGCTTGAAACCTGAAACCTGGGAGGTGGAGGCTCCAGTGAGCTGAGATTGCACCACTGCACTCCAGCCTGGCTGACAGAGCAAGACTCTGTCTCAA"
"chr1","8499857","8500000","chr7","167773913","167774060","29","159274056","GGCATGGTGGTGTGCACATGTAATCCCAGCTACTCAGGAGGCTGAGGCAGGAGAAATCACTTGAACCCAGGGGGCGGAGGTTGCAGTGAGCCAAGATTGCGACACTGCACTCCAGCCTCCAGAGCGAGACTGTCTGCAAAAAAA","CAGAGTGGCGTGCGCCTGTAATCCCAGCTACTCAGGAGGCTGAGACAGGAGCATTGCTTGAACCCAGGAGGTGGAGGCTGCAGTGAGCCAAGATTGTGCCACTGCACTCCAGCCTGGGTGACACAGTGAGACTGTCTCAAAAAAAAAA"
"chr1","8500001","8500104","chr15","89488339","89488440","15","80988338","CTTTGGGAGGCTGAGGCAGGCGGATCACCTGAGATCGGGAGTTTGAGACCAGCCTGGCCAACATGGTGAAACTCCATCCCTACTAAAAATAGAAAAATTAGCTG","ACTTTGGGAGGCTGAGGCGGGTGGATCATCTGAGGTCAGGAGTTTGAGACCAGCCTGGCCAACATGGTGAAACCCCATCTCTACTAAAAGTACAGAAAATTA"
"chr1","8572218","8572517","chr3","64580661","64580960","39","56008443","GGCGGGGCACAGTGGCTCACGCCTGTAATCCCAACACTCTGGGAGGCCAAGGCAGGTGGCTCACCGGAGGTCAGGAGTTCGAGACCAGCCTGGCCAACATGGTAAAAGCCCGTCTCTACTAAAAATACAAAAATTAGTTGGGCGTGGTGGCGCATGCCTGTAATCCCAGCTACATGGGAGGCTGAGGCAGGAGAACTGCTTGACCCTGGGAGGTGGAGGTTGCAGTGAACTGAGATCGCGTCTGGGATCCAGCCTGGGAGAGAGAGCAAGACTCCATCTCAAAAAAGACAAAAAGAAAAA","GGCTGGGCACAGTGGCTCACGCCTGTAATCCTAGCACTTTGGGAGGCCGAGGCAGGTGGATCACCTGAAGTCAAGAGTTCGAGACCAGCCTGACCAACATGGTGAAACCCTGTCTCTACTAAAAATACAAAAATTAGCCGGGCGTGGTGGCGCATGCCTGTAATCCCAGCTACTTGGGAGGGTGAGGCAGGAGAATAGTTTGAACCTAGGAGGCGGAGGTTGCAGTGAGCCGAGATTGCGCCATTGCACTCCAACCTGGGAAACAGAGCGAGATTCCATCTCAAAAAAAAAAAAAAAAAA"
"chr1","8581629","8581925","chr1","7739383","7739673","27","842246","GGCCAGGCATGGTGGCTCACACCTGTAATCCCAGAACTTTGGAAGGCTGAGGTGGGCAGATCACCTGAGGTCAGGAGTTCTAGACCACCAGCCTGGCCAACATGGTGAAACCTGGTCTCTACCAAAATACAAAATTTATTCAGGTATGGTGGTGCATGCCTGTAATCCCAGCTACTTGGGAGGCTGAGGCAGGAGAATCAGTTGAATCTGGGAGGTGGAGGTTGCAGTGAGTCAAGATCAAGCCACTGCACTCCAGCATGGGAAACTGAGTGAGACCCTGTCTCAAAAACAAACAAA","GGCCAGGCATGGTAGCTCACACCTGTAAACCCAGAACTTCGGAAGGCTGAGGTGGGCAGGTCTCCTGAGGTCAGGAATTCTAGACCAGTCTGGCCAACATGGTGAAACCTGGTCTCTACTAAAAATACAAAAGTTATTCAGGTATGGTGGTACACGCCTGTAATCCCAGCTACTTGGGAGGCTGAGGCAGGAGAATCAGTTGAACCTGGGAGGTGGAGGTTGTAGTGAGTCAAGATCACGCCACTGCACTCCAACACGGGCAACAGAGTGAGACACTGTCTCAAAAACAAA"
"chr1","8594089","8594389","chr1","42063040","42063336","47","33468951","GGACGGGTGCAGTGGCTCACCCCTGTAATCCCAGCGTGATTGGATTGGGAGGCTGAGGCGGGTGGATCACCTGAGGTCAGGACTTCGAGACCACCCTGGCCAATGTGGTGAAACCCCATCTCTACTAAAAATACAAAAATTAGCCAGGTGTCGTGGCGCGTGACTGTAATCCCAGCTACTTGGGAAGCTGAGGCAGGAGAATCACCTGAATCCGGGAGGCAGGTGATCATGCCAAAATCATGCCATTGCACTCCAGCCTGGGCAACAGAGCAAGACCCCATTTCCAAAAAAAAAAACAAAA","GACTGGGTGCAGTGGCTCACGCCTGTAATCCAAGTACTTTGGGAGGCTGAGGCGGGCAGATTACCTGAGGTCAGGAGTTTGAGACCAGCCTGGCCAACATGGTGAAACCCCATCTCTACTAAAAATAAAAAAATTAGCCAGGCTTGGTGGTGCGTTCCTGTAATCCCAGCTACTTGGGAGGCTGAGGCAGGAGAATGGCTTGAACCCGGGAGGCAGAGGTTGCAGTGCGCGAGATTGTGCCACTACACTCCAGCCTGGGCAACAGAGCAAGACTCCATCTCAAAAAAAAAAAAAAAA"
"chr1","8601808","8602109","chr1","213733726","213734025","37","205131918","GGTCAGGCATGGTGGCTTATTCCTGTAATCCCAGCACTTTGGGAGGCCGAGGCAGGAGATCACCTGAGGTCAAGAGTTCAAGATCAGCCTGGCCAACATGGTGAAACCCCATCTCTACTAAAAATACAAAAATTAGCCAGGTGTGGTGGCACACGCCTGTAATCTCAGCTACTCGGGAGGCCGAGGCAGGAGAACTGCTTGAACCCGGGAGGCGGAGGCTGCAGTGAGTTGAGACTGCACCACTGCTCTCCAGCCTGGGCAAAAGAGCAAGACCCTGTCTCCCAAAAAAAAAAAGGAATAAA","GGCCAGGCGTGGTGCCTTATGCCTGTAATCCCAGCACTTTGGGAGGCCGAGGCGGGCGGATCACCTGAGGTCAGGAGTTCGAGACCAACCCGGCCAACATGGCAAAACCCTGTCTCTATTAAAAATACAAAAATTAGCTGGGTGTGGTGGCACATGCCTGTAATCTCAGCTACTCAGGAGGCTGAGGCAGGATAATTGCTTGAACCCGGGAGGCGGAGGTTGCAGTGAGCTGAGATTGCACCACTGCACTCCAGCCTGGGCAACAGAGCAAGACTCTGTCTCAATAAATAAATAAATAAA"
"chr1","8620212","8620459","chr10","37059435","37059692","41","28439223","AGGCCAAGTCAGGTGGATCACCTGAGGTCAGTTCAAGACCAGCCTGACCAACATGGTGAAACCCCAACTCCACTAAAAATACAAAAATTAGCTGGGTGTGGTGGCACACACCTGTAATCCCAGCTACTCAGGACTTAGAGGCAGGAGGATTGCTTGAACCCAGGAGGCGGAGATAGCAGTGAGCCGAGATCACGCCACTGCACTCCAGCCTGAGCGACAGTGAAACTGTCTCAAAAAAAAAAAAAAAA","GAGGCCGAGGCAGGCGGATCACCTGAGGTCAGGAGTTCAAGACCAGCCTGGCCAACATGGTGAAACGCCCATCTGTACTAAAAATACAAAAATTAGCCAGGTACGGTGGCACACACCTGTAATCCCAGCTACTCAGGAGGCTGAGGCTGGAGAATCTCCTGAACCCCGGAGGCGGAGGTTGCAGTGAACCAAGATCATGCCACGGCACTCCAGCCTGGGTGACACAGCAAGACTGTCTCAAAAAAAAAAAAAAAAAAA"
"chr1","8632781","8632950","chr4","49440492","49440656","32","40807711","AGCTAGGCATGGTGATATGCACCTGTGATCCCAGCTACTTGAGAGGCTGAAGTGGGGAGGACTGCTTGAGCCTGGGAGGTGGAGGGTACAGTGAGCCAGAGATTGCACCATTGCACTCCAACCTGGGTGACAGAGTAAGACCCTGTCTCAGAAAAAAAAAGAATAAAAAA","GCTAGGCATGGTGATGTTCACCTGTAGTCCCAGCTACTGGGGAGGCTGAAACAGGAGAATTGCTTGAACCTGGAAGGTAGAGATTACAGTGAGCTGAGATCGCCCCACTGCACTCCAGCCTGGGCGACAAAGCGAGACTCTGTCTCAAAAAAAAAAAAAAAAAAA"
"chr1","8642167","8642462","chr19","13989351","13989646","29","5347184","GGCTGGGCGCGGTGGCTCTCGCCTGTAATCCCAGCACTTTGGGAGGCCGAGGTGGGCAGATCACCTGAGGTCAGGAGTTCAAGACCAGCCTGGCCAACATGGTGAAACCCCGACTCTACTAAAAACACAAAAATTAGCCGGGCGTGGTGTCACACGCCTGTAATCCCAGCTACTCTCGAAGATGAGGCAGGAGAATCACTTGAACCCAGGAGGCGGAGGTTGCAGTGAGCTGAGATTGCACCACTGCACTCCAGCCTGCATGACAGGGCAAGACTCTGTCTCAAAAAAAAAAAAAA","GGCTGGGCGTGGTGGCTCACACCTATAATCCCAGCACTTTGGGAGGCCGAGGTGGGCAGATCACCTGAGGTCAGGAGTTCAAGACCAGCCTGGCCAACATGGTGAAACCCCGTCTCTACTAAAAATACAAAAATTAGCCAGGCGTGGTGGCGCACGCCTGTAATCCCAGCTACTGAGGAGGCTGAGGCAGGAGAATCGCTTGAACCTAGGAGCTGGAGGTTGCAGTGAGCTGAGATTGCGCCACTGCACTCCAGACTGGGGGACAGAGCGAGATTCTGTCTCAAAAACCAAACAAA"
"chr1","8643203","8643330","chr1","7801356","7801483","12","841847","GCAGTGGTTCACGTCTGTAATCCCAGCACCTTGGGAGGCCAAGGTGGGTGGATCACCTGAGGTCAGGAGTTCGAGACCAGCCTAGCCAATGTGGTAAAACCCTGTCTCTACAAAAAATACAAAAATTA","GCGGTGGTTCAAGCTTGTAATCCCAGCACTTTGGGAGGCCAAGGTGGGTGGATCACCTGAGGTCAGGAGTTTGAGACAAGCCCGGCCAACGTGGTAAAATCCTGTCTCTACTAAAAATACAAAAATTA"
"chr1","8643637","8643795","chr1","7801784","7801953","20","841853","TTAAGCTGGGTGTAGTGCCACGTGCCTGTAATCCCAGCTACTCAGGAGGCTGAGGCAGGAGAATTGCTTGAACCCAGGAGGCAGAGGTTGCAGTGAGTTGAGATCTCACAACTGCATTCAAGCCTGGGCAACAGACTGAGACTACGTCTCAAAAAAAAA","TAATAGCTGGGTGTGGTGCCATGTGCCTGTAATACCAGCTACTCAGGAGGCTGAGGCAGGAGAATTGCTTGAACCCAGGAGGCGGAGGTTGCAGTGAGTTGAGATCTCACAACTGCATTCAAGCCTGGGCAACAGAGTAAGACTATGCCTCCAAAAAAAAAAAAAAAAAA"
"chr1","8647887","8648182","chr1","7805750","7806051","24","842137","GGCCAGGCATGGTGGCTCACGCCTGCAATTCTAGCACTTTGGGAGGCTGAGGCGGGTGGATGACCTGAGGTCAGGAGTTCGAGACCAGCCTGACCAACATGATGAAACCCTGTCTCTACTAAAAATACAAAAATGAGCTGGGATCGGTGGTGTGCACCTCTAATCCCAGCTACTTGGGAGGCTGAGACAGGAGAATTGCTTGAACCCAGGAGGTGGAGGTTGCAGTCAGCCGAGATCACACCACTGCACTCCAGCCTGGGCGACAGAGCGAGTCTCTGTCTCAGAAAAAAAAAAAA","GGCTGGGCGTGGTGGCTCACGCCTGCAATTCTAGCATGTTGGGAGACTGAGGCGGGTGGATGACCCGAGGTCAGGAGTTCGAGACCAGCCTGACCAACATGATGAAACCCTGTCTCTACTAAAAATACAAAAATTAGCTGGGCTCGGTGGTGTGCACCTCTAATCCCAGCTACTTGGGAGGCTGAGACAGGAGAATTGCTTGAACTCAGGAGGCAGAGGTTGCAGTGAGCCAAGATCGTGCCACTGCACTCCAGCCTGGGCGACAGAGCGAGTCTCTGTCTCCAAAAAAAAAAAAAAAAAAA"
"chr1","8650259","8650550","chr13","91979302","91979597","38","83329043","GGCCAGGCGTGGTGGCTCACACCTGTAATCACAGCACTTTGGGAGGCCAAGGCAGGGGGGTCACGTGAGGTCAGAAGTTCGAGACCAGCCTGGCCAACGTGGTGAAACTCTGTCTCTACTAAACACACAAAAAGTAGCTGGGCACGGTGGCACACGCCTATAGTCCCAGCTACTTGGGAGGCTGAGGCAGGAGAATCGCTTGAACCTAGGAGGCAGAGGTTACAGTGAGCCGAGATCACACCACTGCACTCCAGTCTGGGCGAAAGACTCCATCTCAATAAAGAAAAGAAAA","GGCCAGGCGTGGGGCTCACACCTGTAATCCCAGCACTTTGGGAGGCCGAGGCAGGTGGATCACCTGAGGTCAGCAGTTCAAAACAAGCCTGGCCAACATGGTGAAACCCTGTCCCTACCAAAAATACAAAAATTAGCTGGGCTTGGTGGTGCACACCTGTAGTCCCAGCTACTGGGGAGACTGAGGCAGGAGAATCGCTTGAACCCGGGAGGCAGAGGTTACAGTGAGCCGAGATCACGCCACTGCACTCCAGCCTGGGCGACAGAGTGAGACTCCATCTCAAAAAAAAAAGAAGA"
"chr1","8660061","8660348","chr4","7405019","7405304","39","1255042","GGCTGGGTGTGGTGGCTCATGCCTGTAATCCCAGCATGTTCGGGGGGCCGAGGCAGGAGGATCACCTGAGGTCAAGAATTTGAGACGAGCCTGGCCCACATGCCGAAATCCCAACTCTACTAAAAATACAAAAAATTAGCTGGGCATGGTGGCACGTGCCTGTAATTCCAGCTACTTGGGAGGCTGAGGCAGGAGAATTGCTTGAACCTGAGAGGCAGAGGTTGCAGTGAGCCAAGATGGCACCACTGCACTCCAGCCTGGGCAACAGAGCAAGACTCCGTCTCAAAA","GCTGGGTGTGGTGGCTCACACCTGTAATCCCAGCACTTTGGGAGGCCAAGGGGGGTGGATCACCTGAGGTCAAGAGTTTGAGACCAGCATGGCCAACATGGTGAAACCCTGTCTCTACTAAAAATACAAAAATTAGCTGGGCATGGTGGCACGTGCCTGTAATCCCAGCTACTAGGGGGCTGAGGCAGGAGAATCGCTTGAACCTGGGAGGTGGAGGTTGCAGTGAGCCAAGATTGTGCCACTGCACTCCAGCCTGGGCAACACAGTGGGACTCAGTCTCAAAAAA"
"chr1","8680918","8681229","chr19","34145290","34145601","50","25464372","GGCCAGGCATGGTGGCTCATGCCTGTAATCCCAACACTTTGGGAGGCAAAGGCGGATGACCTGAACTCAGGAGTCGAAGACCAGCCTGGGTAACATGGTGAAACCCCGTCTCTACTAAAAATACAAAAATCAGCTGGGCGCAGCACCTGCTATTGTAATCCTAGCTACTTGGGAGGCTGAGGCAGAAGAATCCCTTGAACCCAGGAGGTGGAGGTTGCAGTGAGCCAAAATTGTACCACTGCACTCCAGCCTGGGCAAAAGAGTAAGACTCCATCTCAAAAAAACAAAAAATTAAAAATTAAAATTAAAAAA","GGCCAGGCATGGTGGCTCACGCCTGTAATCCCAACACTTTGGGAGGCCAAGGCAGGCCGATCACCTGAGGTCAGGAGTTCAAGACCAGCCTGGACTAACATGGTAAAACCCTATCTCTACTAAAAATACAAAATTAGCTGGGTTTGGTGGCTCATGCATGTAATCCCAGCTACTTGGGAGGCTGAGGCAGGAGAATCGCTTGAACCCAGGATGTGGAGGTTGCAGTGAGCTGAGATCGCGCCACTGCACTCCAGCCTGGGCAAGACAGCAAAACTCCATCTCAAAAAAAAAAAAAAAAAAGAAAAGAAAAGA"
"chr1","8688947","8689236","chr1","7847645","7847910","45","841302","GGCTGGGTACGGTAGCTCGCGTCTGTAATCCCAGCACTATGGGAGGCAGAGGTGAGCAGATCACCCGAGCTCAAGAGTTGGGAGACTAGCCAGGGCAACATGGTAAAACCCCATCTCTACTAAAAAGATAAAAATTAGCCAGGTGTGGTGGCACACATCTGTAGTCCCAGCTACTCAGGAGGCTGAGGCAAAAGTATCGCTTGCACCCGCAAGGTGGAGGTTGCAATGAGCTGAGATTGTGCCACTGAACTCCTGCCTAGGCAACAGAGTGAGACACTCTCACAAATAAA","GGCTGGGTGCAGTAGCTCATGCCTAATTCCAGCACTATGGGAGGCAGAGATGAGCAGATCACCTGAGCTCGGGAGTTGGAGACTAGCCAGGGCAACATGGTAAAACCCTGTCTCTACTAAAAATACAAAAATTAGCCAGGTGTGGTGGCACACATCTGTAGTCCCAGCTACTCAGGAGGCTGAGGCAAGAGAATCACTTGCACCTGCGAGGTGGAGGTTGCAATGAGCTGAGATTGTGCCACTGAATTCCAGCCTAGGCAACAGAG"
"chr1","8720595","8720893","chr14","103136842","103137137","35","94416247","GGCTGGGCCCAGTGGCTCATGCTGTAATCCCAGCACTTTGGGAGGCAAAGGCGGGTGGATCACCTGAGGTCAGGAGTTTGAGACCAGCCTGGCCAACATGGTGAAACCCCGTCTCTACTAAGAGTACAAAAATGAGCTGGGTGTGGTGGTGCATGGCTGTGATCCCAGCTACTCTGGAGGCTGAGGCAGGGGAATTGCTTGAACTCAGGAGGTGGAGGTTGCAGTGAGCTGAGGTCATGCCACTGCACTCCAGCCTGGGCAATAGAGGGAGACTTCTTCTCAATAAATAAATAAATAAA","GGCTGAGTGCAGTGGCTCACACCTGTAATCCCAGCACTTTGGGAGGCCAAGGCAGGTGGATCACCTGAGGTCAGGAGTTTGAGACCAGCCCGGCCAACATAGTGAAACCCCGTCTCTACTAAAAATACAAAAATTAGCTGGGTGTGGTGACGCACGTCTGTAATCCCAGCTACTCAGGAGACTGAGGCAGGAGAATTGCTTGAACTTGGGAGGTGGAGGTTGCAGTGAGCTGAGATCGTGCCACTGTACTCCAGCCTGGGCAACAGAGTGAGACTCCATCTCAAAAAAAAAGAAAA"
"chr1","8724115","8724399","chr1","113487119","113487407","47","104763004","GACCGGGCGTAGTGGCTCATGCCTGTAATCCCAACACTTTGGGAGGCTGAGGCAGGTGGATCACCTGAGGTCAGGAGTTCAAGACCGGCCTGACAAACATGGTGAAACCCCGTCTCTACTAAAAATACAAAAATTAGCTGGGTGTGGGGACGCATGCCCGAGGTAGGAGAATGGGGGTGAACCCGGGAGGTGGAGCTTGCGGTGAGCCGAGATCGCGCTACTGCACTCCAGCCTGGGCGACAGAGCGAGACTCTGTCTCAAAAACAAAAACAAAAACAAAAAAAA","GGCCGGGTGTGGTGGCTCAGGTCTGTAATCCCAGCACTTTGGGAGGCGGAGGTGGGTGGATCACCTGAGGTCAGGAGTTTGAGACCAGCCTGGCCAACATGGTGAAACCCTGTCTCTACTAAAAATACAAAAATTAGCCTGTAATCCCAGCTACTCAGGAGGCTGAGGCAGGAGAATCACTTGAGCCCAGGAGGTGGAGGTTGCAGTGAGCCGAGATGGCACCACTGCACTCCAGCCTGGGTGACAGAGTGAGACTCTGCCTCAAAAACAAAAACAAAAACAAAAAAAA"
"chr1","8759216","8759354","chr19","41099738","41099873","19","32340522","GGCCGGATGCGGTGGCTCATGTCTGTAATACCAGCACTTTGGGAGGCTGAGGTGGGTGGATCACCCGAGGTCAGGAGTTCAAAACCAGCCAGGTCAACCTGGTGAAACCCCATCTACCTACTAAAATACAAAATTAGAA","GGCCAGGCATGGTGGCTCATGCCTGTAATCCCAGCACTTTGGGAGGCCGAGGTGGGTGGATCACCTGAGGTCAGGAGTTCAGGACCAGCCAGGCCAACATGGTGAAACCCCATCTCTACTAAAAATACAAAAATTA"
"chr1","8759645","8759821","chr1","7951721","7951900","28","807924","TTAGCCGAGTGTGCTGGTGCATGCCTGTAATCCTAGCTACTTGGGAGGCTGAGGCAGGAGAATCACTTGAACCTGGGAGGCAGAGGTTGCAGTGAGCTGAGATTGCAACACTGCACTCCAGCCTGGGCAACAATGAAACTGCATCTCAAAACAACAACAACAAAAAGAAAAAACAAA","TTAGTCGGGCATGGTGGTGCGTGCCTGTAGTCCCAGCTACTCAGAAGGCTGAGGCAGGAGAATCGCTTGAACCTGGGAGGCAGAGGTTGCAGTGAGCCGAGATCGCGCCATTGCACTCCAGCCTGGGCAACAGGAGTGAGACTCCATCTCAAAACAAAACAAAAATAAATAAATAAACAA"
"chr1","8763238","8763380","chr10","83387616","83387757","14","74624378","GGCCGGGCGCGGTGGCTCACGCCTGTAATCTCAGCACTTTGGGAGGCCGAAGCGGGTGGATTACCTGAGGTCGGGAGTTCAAGACCAATCTGGCCAACATGGTGAAACCCCATCTCTACTAAAAACACAAAGAATTAGCCAGG","GGCCAGGCACGGTGGCTCATGCCTGTAATCTCAGCACTTTGGGAGGCCGAAGTGGGTGGATCACCTGAGGTCAGGAGTTCAAGACCAGCCTGGCCAACATGGTGAAACCCCATCTCTACCAAAAATATAAAAATTAGCTGGG"
"chr1","8792205","8792505","chr14","63539987","63540287","31","54747782","GGCCGGGCGCAGTGGCTCACGCCTGTAATCTTAGCACTGTGGGAGGCTGAGGCGGGTGGATCACCTGAGGTTGGGAGTTCGAGACCAGCCTGGCCAAGATGGTGAAACCCCATGTCTACTAAAAATACAAAAATTAGCTGGGTGTGGTGATGCACGTCTGTAATCCCAGTTACTTGGGAGGCTGAGGCAGGAGAATCGCTTGAACCCGGGAGGTGGAGGTTGCAGTGAGCCGAGATTGCGCCACTGCCCTCCAGCCTGGGTGACAGAGCGAGACTCCACCTCAAAAAAAAAAGAAAAAAAA","GGCCGGGCGCGGTGGCTCATGCCTGTAATCCCAGCACTTTGGGAGGCTGAGGCATGTGGATCACCTGAGGTCAGGAGTTCGAGACCAGCCTGGCCAACATGGTGAAACCCCGTCTCTACTAAAAATACAAAAATTAGCTGGGTGTGGCAGTGCGCATCTGTAGTCCCAGTTACTCAGGAGGCTGAGGCAGGAGAATCGCTTGAACCCGGGAGATAGAGGTTGCAGTGAGCCAAGATCACACCACTGCACTCTAGCCTGGGTGACAGGGCGAGACTCCATCTCAAAAAAAAAAAAAAAAAAA"
"chr1","8798747","8798959","chr1","130626987","130627198","33","121828240","GGCCAGGCGCAACAGCTCACATCTGTAATCCCAGCACTTTAGGAATCCGAGGTGGGCGGATCGTCTGAGGTCAAGAGTTCCAGAACAGCCTAGCCAATATGGTGAAACCCCATCTCTACTAAAAATACAAAAATTAAGCCAGGTGCAGTGGCTCTTGCCTATAATCCCAGCACTTTGGGAGGCTGAGGCAGGTGGATCACTTGAGGTCAGGAG","GGCTGGGCGCGACGGCTCACACCTGTAATCCCAGCACTTTGAGAGACCAAGGTGGGTGGATCATCTGAGGTCAGAAGTTCGAGACCAGCCTGGCCAACATGGTGAAACCCCATCTCTACTAAAAATACAAAAATCAGCTGGGCACGGTGGCTCACGCCTGTAATCCCAGCACTTTGGGAAGCTGAGGCAGGTGGATTGCCTGAAGTCAGGAG"
"chr1","8799361","8799583","chr3","126702080","126702302","32","117902719","GGCCGGGTGCAGTGGCATGAGCCTGTAATCCCAGCACTTTGGGAGGCCAACACGGGTGGATTGCCTGAGGTCAGAAGTTTGAGACCAGCCTGGCCAACATGGTGAAACCCCATTTCTACTAAAAGTACAAAAATTAGCTGGGCATGGTGGCGAATGCCTGTAATCTCAGCTACTTGGGAGGCCGAGACAGGAGAATCTCTTGAACCCGGGAGGCAGAGGTTGC","GGTCGGGCGCAGTGGCTCACACCTGTAATCCCAGCACTTTGGGAGGCCAAGTCTGTTGGATCACCTGAGGTCAGGAGTTCGAGACCAGCCTGGCCAACATGTTGAAACCCCATCTTTACTAAAAATACAAAAATGAGCCGGGCATAGTGGAACACACCTGTAATCCCAGCTACTTGGGAGGTTGAGGCAGGAGAATCACTTGAACCCGGGAGGCGGAGGTTGC"
"chr1","8803467","8803747","chr7","106425305","106425586","32","97621838","GGCCAGGCGCTGTGGCTCATGTCTGTAATCTCAGCACTTTGGGAGGCTGACGTGGGCAGATCACCTGAGGTCAGGAGTTTGAGACCAGCCTGGCCAACATGGTGAAACCCCGTCTACTAAAAATACAAAAATTAGCTGGGTGTGGTGGCACACGCCTGTAGTACCAGCTATTCGGGAGGCTGAGGCAGGAGAATCCCTAGAACCCGGGAGGCGGAGGTTGCAGTGAGCCGACATCGCTCCACTGCACTCCAGCCTGGGCGACAGAGCAAGACTCTGTCTCA","GGCCGGGCGCAGTGGCTCATGCCTATAATCCCAGCACTTTGGGAGGCGAGGCAGGCATATCACCTGAGGTCAGGAGTTTGAGACCAGCCTGGCCAACACAGTGAAACCCTGTCTCTACTAAAAATACCAAAAGTAGCTGGGTGTGGTGGCACATGCCTGTAATCCCAGCTACTTGGGAGGCTGAGGCAGGAGAATCACTTGAACCCGGGAGGCGGAGGTTGCTGTGAGTAGAGATTGTGCCACTGCACTCCAGCCTGGGCAACAGAGCAAGACTCTGTCTCA"
"chr1","8821844","8822150","chr17","88386345","88386651","45","79564501","GGCCAGGCACAGTGGCTGATGCTTGTTATCCCAGTACTTTGGGAGGCCGAGACGGGCAGATCACCTGAGGTCAGGGGTTTGAGTCCAGCCTGGCCAACATGCGAAACCCTGTCTCTACTAAAAATACAAAAATTAGCCGGGCGTGGTGGGGCATACCTGTACTGTAATCCCAGCCACCTGGGAGGCTGAGGCAGGCGAATCACTGGAACCTGGGAGGCAGAGTCTGCAGTGAGCCAAGATCAGGCCAGTGCACTCCAGCCTGGGCGACAGAGTGAGACTCTTTCTCAAACAAACAAACAAACAAAAA","GGCTGGGCACAGTGGCTCATGCCTGTAATCCCAGCACTTTGGGAGGCTGAGGCAGGCGGATCACCTGAGGTCAGGAGTTTGAGACCAGCCTGGCCAACATGGTGAAACCCCTTCTCTACTAAAAATATAAAAATTAGCTGGGCGTGTTGGTGCCTGCCTGTAATCCCAGCTACTTGGGAAGCTGACGCAGGAGAATCACTTGAACCTGGGAGATGGAGTTTGCAGTGAGCCAAGATCACGCCACTGCACTCCAGTCTGGGTGACAGAGTGAGACTCTGTCTCAAACAAAAACAAAAACAAACAAAAA"
"chr1","8828735","8829019","chr12","38901004","38901285","35","30072269","GGCCAGGCATGGTGGCTCACGCCTGTAATCCCAGCACTTTGGGAGGCTGAGGTGGGTGGATCACCTCAGGTCAGGAGTTCGAGACCAGCCTGACCAATATGGTGAAACCTTATCTCTACTAAAAATACAAAAATTAGCTAGGTGTGGTGGCGTGTGCCTGTAGTCCCAGCTACTTGGGAGGCTGAGGCAGGAGAATCACTTGAACCCAGGAGGTAGAGGTTGCAGTGAGCCGAGATTGTGCCATTGAGACAGGGCAAGACTCTGTCTCAAAAAAAAAAAAAAAAA","GGCCGGGTGCGGTGGCTCACACCTGTAATCCCAGCACTTTGGGAGGCCGAGGTGGGTGGATCACCTGAGGTCAGAAGTTTGAGACCACCCCTGGCCAACATGGTGAAACCCCGTCTCTACTAAAAATACAAAAATTAGCTGGGCATGGTGGTGCGTACCTGTAGTCCCAGCTACTTGGGAGGCTGAGGCAGGAGAATTGCTTGAACCTGGGAGGTGGAGGTTGCAGTAAGCCGAGATTGTGCCTGGAGAGCAAGACTCTGTCTCAAAAAAAAAAAAAAAAAA"
"chr1","8834657","8834950","chr7","18502191","18502489","37","9667534","GGCCTGGGCCCAATGGCTCATGCCTGTAATCCCAGCACTTTGGGAGGCCAAGGTGGGCAGATCACCTGAAGTCAGGAGTTTGAGACCAGCCTGGCCAACATGGGGAAACCTCGTCTCTATTAAAAATACAAAAATTAGCTGGGCATGGTGGTGCTCGCCTGTAGTCCCAGCTACTTAGGAGGCTGAGGCAGGAGGCTTGTACCTAGGAGGTCAAGGTTGCAGTGAGCCGAGATCGTGCCACTGCACTCCAGCCTGGGCAACAGAGTGAGACTGTGTCAAAAACAAAAAACAAAA","GGCCAGGCACGGTGGCTCATGCCTGTAATCCCAGCACTTTGGGAGACCAAGGCAGGCAGATCACCTGAGGTCAGGAGTTCAAGACCAGCCTGGCCAACATGGTGAAACCCCATCTCTACTAAAAATACAAAAATTAGCTGGGCGTGGTGGTGCACGCCTGTAGTCCCAGCTACTCGAGAGGCTGAGGCAGGAGACTCGCTTGAACATGGGAGGCGGAGGTTGTAGTGAGCCGAGATTGTGCCACTGCACTCCAGCCTGGGTGACAGAGTGAGACTCTGTCTCAAAAACAAAAAACAAAA"
"chr1","8836310","8836442","chr19","7938276","7938409","15","898034","GGCCGGGCACGGTGGCTCGCACCTGTAATCCCAGCACTTTCGGAGGCTGAGGCAGGTAGACCACCTAAGGTCAGGAGTTCGAGACCAGCCTGGCCAACATGGTGAAACCCCTTCTCTACCAAAAATACAATAA","GGCCAGGCATGGTGGCTTACACCTGTAATCCCAGCACTTTGGGAGGCCAAGGCAGGTGGATCACCTGAGGTCAGGAGTTTGAGACCAGCCTGGCCAACATGGTGAAACCCCGTCTCTACCAAAAGTACAAAAAT"
"chr1","8843692","8844012","chr11","48147631","48147935","42","39303939","GGACGGGCACAGTGGCTCACGCCTGTAATCCCAGCACTTTGGGAGGCTGAGGTGGGCGGATCACCTGAGGTCAGAAGTTTGAAACCAGCCTGGCCAACATGGTGAAACCCCGCCTCTACTAAAAATACAAAAATTAGCTGGGTGTGGTGGCACACACCTGTAATCCCCAGCTACTTAGGAGTCTGAGGCACGAGAATCCCCTGAACCCGGGAAGCAGAGGTTGCAGTGAGCAGAGATCGCACCATTGCACTCCATTGCACTCCAGCCTGGGTGACAGAGTGAGACTCTGTCTCAAAAAAAAAAACGAAACAAAACCAAAAA","GGCTGGGCACAGTGGCTTACGCCTGTAATCCCAGCACTTTAGGAGGCTGAGGTGGGTGGATCACCTGAGGTCAGGAGTTCGAGACCAGCCTGGCCAACATGGTGAAACCCTGTCTCTACTAAAAACACAAAAATTAGCCGGGCGTGGTGGCGCACACCTGTAATCCCAGCTACTCAGGAGGCTGAGGCAGGAGAATCGCTTGAACCCGGGAGGCGGAGGTTGCAGTGAGCGGAGATCGCACCACTTCACTCCAGCCTGGGTGACAGAGTGAGACTCCATCTCAAAGAAACAAAACAAAACAAAAA"
"chr1","8845813","8846115","chr12","57850151","57850455","33","49004338","GGTTGGGCGCAGTGGCTCATGCCTGTAATCCCAGCACTTTGGGAGGCTGAGGCAGGCGGATCACCTGAGGTCAGGAGTTCAAGAACAGCCTGGCCAACATGGTGAAACCCAGTCTTTACTAAAAATACAAAAATTAGCTGGGCATGGTGGCACGCGCCTGTACTCCCAGCTACTCGGGAGGCTGAGGCAGGAGAATCGATTGATCCCGGGAGGCGGAGATTGCAGTGAGCCGAGATCGCGTCACTGCACTCCAGCCTGGGTGACAGCGCAAGACTCTGTCTAAAAAAAACAAAAAACAAAAAA","GGCTGGGCGTGGTGGTTCATGCCTGTAATCCCAGCACTTTGGGAGGCCGAGGCAGGCAAATCACCTGAGGTCAGGAGTTCAAGACCAGCCTGGCCAACATGGTGAAACCCCCGTCTCTACTAAAAATACAAAAATTAGCCGGGCATGGTTGCACACGCCTGTAATCCCAGCTACTTGGGAGGCTGAGGCAGGAGAATCGCTTGAACCTGGGAGGCAGAGGTTGCAGTGAGTCAAGATTGTGCCACTGCACTCCAGCCTGGGCAACAGAGCAAGACTCAGTCTCAAAAAAAAAAAAAAAAAAAAAA"
"chr1","8850031","8850343","chr14","16102451","16102756","39","7252420","GCTGGGCGCAGTGGCTCACGCCTGTAATTCCAGCACTTTGGGAGGCGGAGGCGGGCAGATCACCTGAGATCACGAATTCAAGACCAGCCTGACCAACATGGTGAAACCCCATCTCTACTAAAAATACAAAAAGTTAGCCGGGCGTGGTGGCACAGGCGCCTCTAATCCCAGCTACCCGGGAGGCTGAGGCAGCAGAATTGCTTTAACCAGGGAGGCAGAGGTTGCTGTGAGCCGAGATCGTGCCATTGCACTCCAGCCTGGGTGACACAGCAAGACTCCATCTCAAAAATAATAATAACAAATAAAAATAAAA","GGCCGGGCGCAGTGGCTCACGCCTGTAATCCCAGCAGTTTGGGAGGCCAAGGTGGGTGGATCACCTGAGGTCAGGAGTTCAAAACCAACCTGGCCAACATGGTGAAACCCCATCTCTAGTAAAAATACAAAAATTAGCCGGGCATGGTGGCACGCGCATGTAATCCCAGCTACTCGGGACGCTGAGGCAGGAGAATTGCTTGAACCTGAGAGGCAGAGTTTGCAGTGAGCCGAGATCGCGCCATTGCACTCCAGCCTGGGTGACAGAACAAGACTCCATCTCAAAAAAAAAAAAAAAAAAAAAAAA"
"chr1","8851908","8852197","chr1","8016120","8016423","33","835788","GCTGGGTGCAGTGGCTCTCGCCTGTAATCCCAGCACTTTGGGAGACCAAGGAGGGCAGGTCACCTGAGGTCGGGAGTTCAAGACCAGCCTGGCCAACATGGTGAAACCCTGTCTCTACTAAAATTACAAAAATTAGCTTGGAGCGGTGGTACATGCCAGTAATCCCAGCTACTCCGGAGGCTGAGGCACGGGAATCACTTGAATCCGGGAGGTGGAGGTTGCAGTGAGCCAAGATCATGCCACTGCACTCCAGCCTGGATGACAGAGATGCTGTCTCAGAAAAAACAAAA","GCTGGGCGCAGTGGCGCACGCCTGTAATCCCAGCACTTTGGGAGACCAAGGCGGGCAGATCACCTGAGGTCGGGAGTTCAAGACCAGCCTGGCCAACATGGTGAAACCCTGTCTCTACTAAAAATACAAAAATTAGCTGGGCGTGGTGGTGCAGGCCTGTAATCCCAGCTACTCTGGAGGCTGAGGCACGGGAATCACTTGAATCCAGGAGGTGGAGGTTGCAGTGAGCTGAGATCATGCCACTGTACTCTAGCCTGGATGACAGAGTGAGATCCTGTCTCAGAAAAAACAAAATAAAACAAAA"
"chr1","8853083","8853376","chr1","8017322","8017613","33","835761","GGCCGGGTGCAGTGGCTTGCACCTGTAATCTCGGCACTTTAGGAAGCCGAGGTGGGTGGATCACCTGAGGTCAGGAGTTTGTGACCAGCCTGGCCAAGATGGCGAAACCCAGTCTCTACTAAAAATACCAAAAAATTAGCCGGGAGTGGTGGCGTGTGCCTGTGGTCCTAGCTACTCAGGAGGCTGAGACAGGAGAATTGCTTGAACCCGGGAGGTGAAGGTTGCAGTGAGCTGAGATCACGCCACTGCACTCCAGCCTGGGTGATGGAGGGAGACTCTCAAAAAACAAAAAAA","GGCCGGGCACAGTGGATTACACCTGTAATCTCAGCACTTTGGGAAGCTGAGGTGGGTGGATCACCTAAGGTCAGGAGTTTGTGACCAGCCTGGCCAAGATGGCAAAACACAGTCTCTACTAAAAATACCAGAAAAATTAGCCTGGAGTAGTGTGTGCCTGTGGTCCTAGCTACTTGGGAGGCTGAGATAGAATTGCTTGAACCTGGGAGGTGGAGGTTGCAGTGAGCTGAGATTGCGCCACTGCACTCTAGCCTGGGTGATGGAGTGAAACTGTCTCAAAAAAAATAAAAAA"
"chr1","8853893","8854130","chr4","34205517","34205746","63","25351624","CTAANNNNNNNNNNNNNNNNNNNNCCTGGGTGACAGCGCAAGACTCCATCTCGAAAAAAATAAAAAATTAAGCTGGGCTTGGTGGCATGCGCCTATAACCCCAGCTGCTCAGGAGGCTGAGGCATGAGAATCGTTTGAACCCAGGACGTGGAGGTTGCAGTGAGCCAAGATCACGCCACTGCACTTCACCCTGGGCAAGAGTGAGACTCCATCTCAAAAAAAATAAAGAGATGAGAAA","ACCAGNNNNNNNNNNNNNNNNNNNNGCCTGGCCAACATGGTGAAACATTGTCTCTGCTAAAAATACAAAAATTAGCCGGTTGTGGTGGCATGCACTTGTAATCCCAGCTACTCAGGAGTCTGAGGCACTAGAATCCCTTGAACCCAGGAGGCGGAGGTTGCAGTGAGCCAAGATCGTGTTACTGAACTCCAGCCTCAGCAACAGAGCGAGACTGTCCAAAAAAAGAAAAA"
"chr1","8854183","8854377","chr11","33452371","33452567","25","24598188","GGTGTGGTGGCTCATGCCTATAATCCCAGCACTTTGGGAGGCCAGGGCAGGTGGATCACCTGAGGTCAGAAGTTCAAGACCAGCCTGGCCAATATGGCAAAACCCCGCCTGTACTAAAAATACAAAAATGAGGCCGGGTGCGGTGGCTCATGCCTGTAATCCCAGCACTTTGGGAGGCTGAGGCTGGTGGATCAC","CTGGGTGTGGTGGCTCATGCCTGTAATCCTGGCACTTTGTGAGGCCAAGGTGGGTGGATCACCTGAGGTCAGGAGTTCAGACCAGCCTGGCCAATATGGTAAAACCCTGTCTCCACTAAAAATACAAAAAAATGGCCGGGTGCGGTGGCTCAAGCCTGTAATCTCAGCACTTTGGGAGGCCGAGACGGGTGGATCAC"
"chr1","8866459","8866752","chr16","45044828","45045127","40","36178369","CTGGGCATGGTGGCTCATGCCTGTAATCCCAGCATTTTGGGAGGCCGAGGTGGGCAGATCACCTGAGATCAGGAGTTCAAGACCAGCCTGGCCAACATGGTGAAACCCCATCTTTACTAAAAATACAAAAACTAGCCGGGCGTGGTGGCACGCTGCTGTAGTCCCAGTTGCTGGGGAGCCTGATGCAGGAGAATCGCTTGACGCCAGGAGGTGGAGATTGCAGTGAGCCAAGATCATGCCATGCACTCTAGCCTGGGGGATAGAGCGAGATTCTGTCTCAAAAGAAAAAAAAAA","GGCTGGGCATGGTGGCTCATGCCTATAATCCTAACACTTTGGGAGGCCGAGGCAGGCGGATCACCTGAGGTCAGGAGTTCAAGACCAGCCTGGTCAACATGGTGAAACCCCATCTCTACTAAAAATACAAAAATTAGCCAGGTGTGGAGGCACCCGCCTGTAGTCCCAGCTACTCGGGAGGCTGAGGCAGGAGAATCGCTTGAATCCTGGAGGTGGAGGTTGCAGTGAGCCAAGATCCTGCCACTGCACTCCAGCCTGGGTGACAGAGCGAGACTCCGACTCAAAAAAAAAAAAAAAAAA"
"chr1","8875936","8876142","chr16","44901254","44901459","24","36025318","GGCCGGACATGGTGGCTCACCCCTGTAATCCCATCACTTTGGGAGGCTGAGGTGGGTGGATCACCTGAGGTCAGGAGTTTGAGACCAGCCTGGCCAACATGGTGAAACCCCATCTCGACTAAAAATACAAAAAATTAGCCAGGTGTGGTGGCACATGCCTGTAATCCCAGCTACTCAGGAGGCTAAGGCAAGAGAATTGCTTGAACC","GGCCCGGCACGGTGGCTCACACCTGTAATCCCAGCACTTTGGGAGGCTGAGGCAGGTGGATCATCTGAGGTCAGGAGTTTGAGACCAGCCTGGCTAACATGGTGAAACCCCGTCTCTACTAAAACTATAAAAATTAGCCAGATGTGGTGGTGCATGCCTGTAATCCTAGCTACCTGGGAGGCTGAGGCAGGAGAATCGCTTGAACC"
"chr1","8878641","8878947","chr1","8041525","8041839","33","837116","GGCCGGGCACAGTGGCTCATGCCTGTAATCCCAGCACTTTGGGAGGGCGAGGCAGGCAGATCACCTGAGCTCAGGAGTTCGAGACCAGCCTGGCCAACATGGCAAAACCCCATCTCTACAAAAATACAAAAATTAGCTGGGCGTGGTGGCACACGTGTGTAATCTCAGCTGCTCGGGAGGCTGAGGCAGGAAAATTGCTTGAGTCCAGGAGGCAGAGGTTGCAGTGAGCTGAGATCGTGCCACACTGCACTCCAGCCTGGGCAACACAGTGAGACTCTGTGTCAAAATAAATAAATAAATAAAATAA","GGCCAGGCACAGTGGCTTATGCCTGTAATCCCAACACTATGGGAGGGCAAGGTGTGCAGATCACCTGAGGTCAGGAGTTTGAGACCAGCCTGGCCAACGTGGCAAAACCCCATCTCTACAAAAAAACAAAAATTAGATGGGTGTGGTGGCACATGCCTGTAATCTCAGCTACATAGGAGGCTGAGGCAGGAAAATTGCTTGCGTCCAGGAGGCAGAGGTTGCAGTGAGCCGAGATCTTGCCACACTGCACTCCAGCCTGGGCAACGCAGTGAGACTCTGTGTCTAAATAAATAAATAAATAAATAAATAAATAAA"
"chr1","8894780","8895016","chr13","71260588","71260830","33","62365808","GGTCAGGAGGTCGAGACCAGCCTGATCAACATGGTGAAACCCCGTCTCTACTAAAAATACAAAAATTAGCTGGGTGTGGTGGCACGCGCCTGTATCCCAGCTACTCAGGAGGCTGAGGCAGGAGAATTACTTGAACCTGGGAGGTGGAGGTTGCAGTGAGCTGAGACTGTGCCACTGCACTACAGCCTGGGTGACAGAGTGAGACTCTGTCTCAAAAAAAAAAAAAAAAAAAAAGAA","TCACCTGAGGTCAGGAATTCAAGACCAGCCTGGCCAACATGGTGAAACCCCGTCTCTACTAAAAATACAAAAATTAGCTGGGTGTGGTGGCATGCGCCTGTAATCACAGCTACTCTGGAGGCTGAGGTGGGAGAATTACTTGAACCTGGGAGGCAGAGGTTGCAGTGAACTGAGATCGCGCCACAGCACTCCAGCCTGGAAAAGAGTGAGACTCTGTCTCAAAAAAAAAAAAAAAAAAGAAAA"
"chr1","8895833","8896127","chr10","30442537","30442830","34","21546704","GGCTGGGTGCAGTGGCTCATGCCTGTAATCCCAGCACTTTGGCAGGCTGAGGCGGGTGGATTACCTGAGGTCAGGAGTTCGATACCAGCCTGGTCAACATGGTGAAACCCCATCTATACTAAAAATGCAAAAATGAGCCGGGCGTGGTGGCGCACCCCTGTAATCCCAGCTACTTAGGAGGCTGAGGAGGGAGAATTGCTTGAACTCAGGAGGCGGAGGCTGCAGTGAGCTGAGATGGCACCACTGCACTTCAGCCTGGGCAACAGAGTGAGACCCCGTCTACAAAAAAAAAAAA","GGCCGGGCGCAGTGGCTCACGCCTGTAATCCCAGCACTTTTGGAAGCTGAGGCAGGTGGATCACCTGAGGTCAGGAGTTCGAGACCAGCCTGGTCAACATGGTGAAACCCTGTCTCTACTAAAAATACAAAAATTAGCTGGGCGTGGTGGCGCACGCCTGTAATCCCAGCTACACAGGAGGCTGAGGCAGGAGAATCGCTTGAACCCAGGAGACGGAGGTTGCAGTGAGCTGAGATCACACCACTGTACTCCAGCCTGGGCGACAGAGCAAGACTCCATCTCAAAAAAAAAAAA"
"chr1","8898833","8899127","chr5","165333751","165334026","62","156434918","GGCCAGGCGGGATGGCTCATGCCTGCAACCCCAGCACTTTGGAGGCCAAGGCANNNNNNNNNNNNNNNNNNNNGGTGGATCATCTGAGGTCAGGGGTTCGAGACCAGCCTGGCTAACATGGCAAAACCCCATCGCAACTAAAAATACAAAAATTAGCCGGGCATGGTGTTGCACGCCTGTAATCCCAGCTACTTGGGAGGCTGAGGCAGGAGAATCGCAGAGGTTTCAGTGAGCCAAGATCATGCCACTGCACTCCAGCCTGGGCAACAGAGAGAGACTCCATCTCAAAAAATAA","GCCAAGCATGGTGGCTCAGGCCTGTAATCCCAGCACTTTGGGAGGCCAAGACGGGTGGATCACCTGAGGTCAGGAGTTCAAGATGAGCCTGGCCAACCTGGTGAAACTCCATCTCTACTAAAAATACAAAAACTAGCTGGGCATAGTGGCATGCGCCTGTAATCCCAGCTACTGGGGATGCTGAGGCAGGAGAATCTTGGAGGTTGCAGTGAGCCAAGATCGTGCCACTGCACTCCAGCCTGGGCGACAGAGTGGGACTCCATCTCAAAAACAAAA"
"chr1","8903403","8903563","chr11","109938167","109938327","28","101034764","GCCAGGCGTGGTGGTGCATGCCTGTAATCCCAGCTACACAGGAAGGTGAAGCAGGAGACTCGCTTGAACCCAGCAGGCAGAGGTTGAAGTGAGCAAAGATCGAGCCACTGTGCTCCAGCCTGGGGAACAGACAGAGCGAGACTCCGTCTCAAAAAAAAAAA","TAGCCAGGTGTGGTGGCATGCGTCTGTAATCCCAGCTACTCAGGAGGCTGAGGCAGGAGAATCACTTGAACCCAGGAGGCCGAGGTTGCAGTGAGCCAAGATCGTGCCACTGCACTCCAGGCTGGGAGACAGAGCGAGACTCCGACTCAAAAAACAAAAAA"
"chr1","8906710","8907024","chr12","45805530","45805841","35","36898820","GCTGGGCGCAGTGGCTCAAGCCTGTAATCCCAGCACTTTGGGAGGCCGAGGTGGGTGGATCACCTGAGGTCAAGAGTTCAAGACCAGCCTGACCAACATGGTGAAACCTCATCTCTATTAAAAACACAAAAATTAGCCGGGCATGGTGGCACGCACCTGCAATCCCAGCTACTCGGGAGGCTGAGGCAGGAGAATCACTTGAACCCGGGCGGCGGAGGTTGCAGTGAGCCGAGATCACACCACTGCACTCCAGCCTGGGCGACTGAGTGAGACTCCGTCTCAAAAAAAAAGAAAAAATAAAATTAAAAGTAAAAA","GCTGGGCACAGTGGCTCATGCCTGTAATCCCAGCACTTTGGGAAGCCAAGGCGGGTGGATCACCTGATGTCAGGAGTTCGAGACCAGCCTGGCCAACATGGTGAAATGCCCTCTCTACTAAAAATACAAAATTAGCCGGGCATGGTGGCACACGCCTTTAATCCCAGCTACTCAGGAGGCTGAGACAGGAGAATCACTTGAACCCAGGAGGTGGAGGCTGCAGTGAGCCGAGATCTCACCACTGCACTCCAGCCTGGGTAAGACAGAGTGAGACTCCGTCTCAAAAAAAAAAAAAAAAAAAAAAAGTAAAAA"
"chr1","8910742","8910877","chr19","41099738","41099873","11","32188996","GGCCAGGCGTGGTGGCTCATGTCTGTAATCCCAGCACGTTGGGAGGCTGAGGTGGGCAGATCACCTGAGGTCAGGAATTCAAGACCAGCCTGACCAACATGGTGAAACCCCATCTCTACTAAAAATACAAACATTA","GGCCAGGCATGGTGGCTCATGCCTGTAATCCCAGCACTTTGGGAGGCCGAGGTGGGTGGATCACCTGAGGTCAGGAGTTCAGGACCAGCCAGGCCAACATGGTGAAACCCCATCTCTACTAAAAATACAAAAATTA"
"chr1","8910878","8911190","chr1","8083579","8083887","30","827299","GCCAGGCACGATGGCTCATGCCTGTAATTCCAGCACTTTGAGAGGCCAAGGTGGGTGGATCAAACTCCTGAGGTCAGGAGTTTGAGACCAGCCTGACCAACATGGTGAATCCCTGTCTCTACTAAAAATACAAAAATTAGCCGGGCATGGTGGTGTGCACCTGCAATCCCAGCTACTTGGGAGGCTGAGGCTGGAAGATGGCTTGAAACTGGGAGGCAGACGTTGCAGTGAGCCAAGATCGTGCCACTGCACTCCAGCCTGGGTGACAGAGCGAGACTCTGCCTCAAATGCAAAAACAAAAACACAACAAAAA","GCCAGGCACAATGGCTCACGCCTGTAATCCCAGTACTTTGAGAGGCCAAGGTGGGTGGATCACCTGAGGTCAGGAGTTTGAGGCCAGCCTGATCAACATGGTGAAACCTTGTCTCTACCAAAAAGACAAAAATTAGCCGGGCATGGTGGTGTGCACCTGTAATCCCAGCTACTCGGGAGGCTGAGGCTGGAGGATGGCTTGAACCTGGGAGGCAGAGGTTGCAGTGAGCCGAAATCACCCCACTGCACTTCAGCCTGGGTGACAGAGCAAGACTCTGTCTGAAAAACAAAAACAAAAACACAACAAAAA"
"chr1","8924683","8924992","chr7","116514535","116514837","46","107589852","GGTCAGACGCGGTAGCTCACACCTGTGATCCCAGCACTTTGGGAGGCCAAGGCTGGTGGATCACCTGAGGTCAGGAGTTCAAGATCAGCCTGGCTAACATGGTAAAACCCCTTCTTTACTGAAAATACAAAAATTAGCCCAGCACAGTGGCACATGTCTGTAGTTTCAGCAACTCGGCAGGCTGAGGCAGGTGAATCGCTTGAACCTGGGAGGCAGAGGTCACAGTGAGCCAAGATGGCACCACTGCACTACAGCCTAGGCAACAGAGCAAGACTCTGTCTCAAAATAAATAAAATAAAATAAAACAAAA","GACCAGGCATGGTAGCTCACACCTGTAATCCCAGCACTTTGGGAGGCCAAGGCAGGTGGATCACCTGAGGTCAGGAGTTCAAGACCAGCCTGGCCAACATGGTGAAACCCCGTCTCTACTACAAATACAAAAATTAGCCGGGCATGGTAGCACGTGCCTGTAATTCCAGCTACTCGGGAGGCTGAGGCAGGAGAATCGCTTGAACCTGGGAGGCGGAGCTTGCAGTGAACCAAGATTGCGCCATTGCACTCCAGCCTAGGCAACAAAGTGAGACTCTGTCTCAGAAAAAAAAAAAAAAAAAAA"
"chr1","8929191","8929376","chr6","55060425","55060623","34","46131234","GGCCAGGTGCAGTGGCTCAGGCCTGTAATCCCAGCACTTTGGGAGGCCGAGGCGGACAAATCACCTGAGGTCAGGAGTTCGAGACTAGCCTGGCCAAAGTGGTGAAACCCCATCTCCACTGAAAATAAAAAATTAGCCAGGCGCATGTCTGTAATCCCGGCTACTCAGGAGGCTAAGGCAGTAGAA","GGCCGGGCGCAGTGCCTCATGCCTGTAATCTCAACACTTTGGGAGGCCAAGGCGGGCAGATCACCTGAGGTCAGGAGTTCGAGACTAGCCTGGCCAACATGGTGAAACCCCGTCTCTACTAAAAATACAAAAATTAGCTGGGTATGGTGGTACGTGCCTGTAATCCCAGCTACTCAGGAGGCTGAGGCAGGAGAATTGC"
"chr1","8933868","8934063","chr1","8105438","8105635","26","828430","GGCCAGGCACACTGGCTCACACCTATAATCCCAGCACTTTGGGAGGCCAAGGGGGATGGATCACCTGAGGTCAGGAGTTCGAGCCCAGCTTGGCCAACATGGTGAAACCCCGTCTCTCCTGAAAATACAAAAGTAGCCAGGCATGGTGGCATGTGCCTGTGATCCCAGCTACTCGGGAGGCTCAAGAGGGAGACTC","GGTCAGGCACAGTGGCTCACACCTGTAATCCCAGCACTTTGAGAGGCCAAGGGGCGGGGGGCATATCACCTGAGGTCAGGAGTTCGAGACCAGCCTGGCCAACATGGTGAAACCCCGCCTCTACTAAAAATACAAAAATTAGCCAGGCATGGTGGCATGTGCCTGTGATTCCAGCTACTTGGGAGGCTCAGGAAGGAG"
"chr1","8934427","8934734","chr1","8105995","8106305","25","828432","CCAGGCACGGTGGCTCACACCTGTAATCCCAGCACTTGGGGAGGCCGAGGTGGGTGGATCACCTGATGTCAGGAGTTCAAGACCAGCCTGGGCAACATGGTGAAACCCCGTCTCTACTAAAAATACAAAAATTAGCCAGGCATAGTGGTGCGTGCCTGTAATTCCAGCTACTTGGGAGGCCGAGCCATGAGAATCACTTGAACCCAGGAGGCAGAGGTTGCAGCGAACTGAGATCACGCCACTGCACTCCAGCCTGGGCAACAGAACGAGACTCTGTCTCAAAAACAACAACAAAAACAAACAAAAAA","GGCCAGGCGCGGTGGCTCACACCTGTAATCCCAGCACTTTGGGAGGCCGAGGTGGGTGAATCACCTGATGTCAGGAGTTCAAGACCAGCCTGGACAACATGGTGAAACCCCGTCTCTACTAAAAATACAAAAATTAGCCGGGCATGATGGTGTGTGCCTGTAATTCCAGCTACTTAGGAGGCCGAGTCACAAGAATCACTTGAACCCGGGAGGCAGAGGTTGCAGTGAACTGAGATCGTGCCATTGCACTCCAGCCTGGGCAACACAGTGAGACTCTGTCTCAAAAACAACAATAAAAACAAAGAAACAAA"
"chr1","8940995","8941288","chr19","44781977","44782268","27","35840982","GGCCGGGCACGGTGGCTCACGCCTGCAATCCCAGCACTTTGGGAGGCCAAGGTGGGTGGATCACCTGAGGTCAGGAGTTAGAGATCAGCCTGGCCAACATGGTGAAACCCCGTCTCTACTAAAAATACAAAAATTAGCCAGGTGTGGTGGTGCATGCCTGTAATCCCAGCTACTCGGGAGGCTGATGCCGGATAATCTCTTGAATCTGGGAGGCAGAGGTTGCAGTGAGCCAAGATTGCACCACTGCACTCCAACCTGGGTGACAGAGCGAGACCCTGTCTCAAAAAAAAAAAA","GCCAGCCACGGTGGCTCACACCTGTAATCCCAGCACTTTGGGAGGCCGAGGTGGGTGGATCACCTGAGATCAGGAGTTCGAGACCAGCCTGGCCAACATGGTGAAACCCCGTCTCTACTAAAATACAAAAATCAGCCGGGTGTGGTGGTGCACACCTGTAATCCCAGCTACTCGGGAGGCTGAGGCAGGAGAACCGCTTGAACCCGGGAGGCAGAGGTTGCAGTGAGCCAAGATTGCACCAGTGCACTCCAGCCTGGGTGACAGAGCAAGACTCCATCTCAAAAAAAAAAAA"
"chr1","8946875","8947012","chr1","11197428","11197566","21","2250553","GGCCAGGCCCGGCAGCTCACACCTGTAATCCTAGCAATTTAGGAGGCTAAGGCAGGCAGATCACCTGAGGTCAGGGGTTCAAGACCAACCTAGCCAACATGGCGAAACCTCGTCTCTACTAAAAATACAAAAATAGCC","GGCTGGGCGCGGTGGCTCACACCTGTAATCCCAGCACTTTGGGAGGCTGAGGCAGGTGGATCACCTGAGGTCAGGAGTTCAAGACCAACCTGGCCAATGTGGCGAAACCTTGTCTTACTAAAAATACAGAACTTAGCCG"
"chr1","8951733","8952033","chrX","9240846","9241146","33","289113","GGCCGGGCGTGGTGGCTCACATCTGTAATCCCAGCACTTTGGGAGGCTGAGGCAGATGGATCACCTGAGGTCAGGAATTCAAGACCAGCCTGACCAACATGGGGAAACCCCATCTCTACTAAAAATACAAAAGTAGCCAGGCGTGGTGACGCACGCCTGTAATCCCAGCTACTTAGGAGGCTGAGGCAGGAGAACTACTCAAACCCAAGAGGCAGAGGCTGCAGTGAGCCAAGATAATGCCACTACACCCCAGCCTGGATGACAGAGCAAGACTCTGTCTCAAAAAAAAAAAAAAAAAAAA","GGCCGGGCGTGGTGGCTTATGCCTGTAATCCCAGCACTTTGGGAGGCCGAGGCAGGTGGACCACCTGAGGTCAGGAGTTCAAGACCAGCCTGGCCAACATGGTGAAACCCCATCTCTACTAAAAATACAAAACTAGCCAGGCGTGGTGGTGCACGCCTGTAATCCCAGCTACTTAGGAGGCTGAGGCAGGAGAATCGCTTGAACCCAGGAGGCGGAGCTTGCAGTGAGCCAAGATAACACCACTGCACTCCAGCCTGGGCAACAGAGCAAGACTCCATCTCAAAAAAAGAAAAAAAAAGAA"
"chr1","8956751","8957054","chr6","73393768","73394067","38","64437017","GGCTGGGTGCAGTGGCTCACACCTGTAATTCCCGCACTTTGGGAGGCGGAGGCGGGCTGATCACCTGAGGTCAGGAGTTTGAGACCAGCGTGGCCAACATGGTTGAACCCCGTCTCTACTAAAAATACAAAAATTAGCCAGGCATGGTGGCGCACGCCTGTAATCCCAGCTACTCAGGAGGCTAAGGCAGGAGAATCGCTTAAACCCGGGAGGTGGAGGTTGCAGTGAGCTGAGATTGTGTCGCTGCACTCCAGCCTGGACGACAGAGCGCGACAACATCTCAAACAACGACAACAACAACAAA","GGCCGGGCACAGTGGCTCATGCCTGTAATCCCAGCACTTTGGGAGGCCGAGGCGGGTGGATCACCTGAGGTCAGGAGTTTGAGACCAGCCTGGCCAACATGGTGAAACCCGTCTCTACTAAAAATACAAAAATTAGCCAGGCGTGGTGGTGCATGCCTGTAATCCCAGCTCCTCAGGAGGCTGAGGCAGGAGAATTGCTTGAATCCAGGAGGTGAAGGTTGCAGTGAGCTGAGATTGCGCCACTGCACTCCAGCCTGGCCGACAGAGCAAGACCCCATCTCAAAAAAAAAAAAAAAAAAA"
"chr1","8964209","8964496","chr1","8140967","8141254","24","823242","GGCCGGGCACAGTGACTCACACCTGTAATCCCAGCACTTTGGGAGGCCGGGCAGGCGGATCACCTGAGGTCAGGAGTTCAAGACCAGCCTAACCAACATGGTGAAATCCCGTCTCTACTAAAAATACAAAAATTAGCCTGACGTGGGGGCGCGTGCCTGTAATCCCAGCTACTTGGGAGGCTGAGGCAGGAGAATTGCTTGAATCTGGGAGGCGGAGGTTGCAGTGAGCCCGTGAGATTGCACCACTGCACTCCAGCCTGGGCAACAGAGTGAGAGACTCCAAAAGAA","GGTCAGGCACAGTGACTCACACCTGTAATCCCAGCACTTTGGGAGGCAGGGCAGGCAGATCACCTGAGGTCAGGAGTTCAAGACCAGCCTAACCAACATGGTGAAATCCCATCTCTACTAAAAATACAAAAATTAGCCTGGTGTAGGGGGGCATGCCTATAATTCCAGCTACTCAGGAGGCTGAGGCAGGAGAATCGCTTGAATCCGGGAGGCAGGGGTTACAGCGAGCCCATGAGATTGTGCCACTGCACTCCAGCCTGGGCGACAGAGTGAGAGACTCCAAAAGAA"
"chr1","8967678","8967886","chr6","128823079","128823285","28","119855401","GGCCAGGGGTGGTGGCTCACGCCCGTAATCCCAACACTTTGGGAGGCCGAGGCAGGAGAATCACCTGAGATCAGGAGTTTGAGACCAGCCTGGCCAACATGGCAAAACCCCATCTCTACTAAAAATACAAGAATTAGCTGGGCGTGGTGGTGCACACCTGTAATCCCAACTACTTGGGAGGCTGAGGCAGAATAATTGCTTGAACCCAG","GGCCGGGCATGGTGGCTCATGCCTGTAATCCCAGCACTTTCGGAGGCCAAGGCGAGCAGATCACCTGAGGTCAGGAGTTCGAGACCAGCCTGGCCAATATGGCAAAATCCCATCTCTACTAAAAATACAAAAATTAACCAGGAGTGGTTGTGCACACCTGTAATCCCAGCTACTCGGGAGGCTGAGGTAGGAGAATTGCTTGAACCC"
"chr1","8969888","8970181","chr1","8145830","8146127","25","824058","GGCCAAGCGCAGTGGCTCATGCCTGTAATCCCAGCACTTTGGGAGGCCAAAGCGGGCAGATGATCTGAGGTCAGGAGTTCGAGATCAGCCTGGCCAACATGGCAAAACCCATCTCTACTAAAATTACAAAAATTAACCAGGGCGTTAGTGGCATGCACCTGTAATCCCAGCTACTCAGGAGGCTGAGACAGAAGAATCACTTGAGCCTGGGAGGCAGAGGTTGCAGTGAGCTGAGATCGCACCACTGCACTCCAGCCTGGGTGACAGAGACTCCATCTCCAAAAAAAGAACAAA","CCAAGCGCAGTGGCTCATGCCTGTAATCCCAGCACTTTGGGAGGCCAAAGTGTGCAGATCATATGAGGTCAGGAGTTCGAGACCAGCATGGCCAACATGGCAAAACCCCTTCTCTATTAAAATTACAAAAATTAGCCAGGGCGTTGGTGGCATGCACCTGTAATCCCAGCTTCTCAGGAGGCTGAGACAGAAGAATCACTTGAGCCTGGGAGGCAGAGGTTGCAGTGAGCTGAGATCATGCCACTGCACTCCAGCCTGGGTGACAGAGCGAGACTCCATCTCAAAAAAAAAAAAAAAA"
"chr1","8976625","8976921","chr1","8153035","8153326","25","823590","GGCCAAGCGTGGTGGCTCACGCCTCTAATCCCAGCACTTTGGGAAGCCGAGGCAGGTGGATCACCTGAGGTCAGGAGTTCGAGACCAGCCTGGCCAACATGATGAAACCCCGTCTCTACTAAAAATACAAAAATTAGCCAGGCGTGGTGGTGCATGCCTGGAATCCCAGCTACTCGGGAGGCTGACACACAAGAATGGCTTGAACCTGGGAGGTGGAAGTTGCAGTGAGCCAAGATCACACCACTGCACTCCAGCCTGGGCAACAGAGTGAGACTCAGTCTCAGAAAAAAAAAAAAA","GGCCAAGGGTGGTGGCTCACGCCTCTAATCCCAGCACTTTGGGAGGCCGAGGTGGGTGGATCATCTGAGGTCAGGAGTTCAAGACCAGCCTGACCAACATGGTGAAACCCTGTCTCTACTAAAAATACAAAAATTAGCCAGGCATGGTGGTGCATGCCTGTAATCCCAGCCACTCGGGAGGCTGACACACAAGAACTGCTTGAACCTGGGAGGTGGAAGTTGCAGTGGGCCGAGATCACGCTGCTGCACTCCAGCCTGGGCAATAGAGTGAGACTCAGTCTCAAAAAAAAAA"
"chr1","8979221","8979560","chr1","8155527","8155835","58","823694","GCTGGGCATGGTGGCTCACCCCTGTAACCACAGCACTTTGGGAGGCTGAGGTGGGTGGATAACGTTAGGTCAGGAGTTTGAGACCAGACTGGCCAACATGGTGAAGCCCCATCTCCACTAAAAATACAAGAATCAGCTGGGCGTGGTAGCGCGTGCCTCTAATCCCAGCTACTCAGGAGGCTGAGGCAGGAGAATTGCTTGAACCCAGGAGTGGAGGCTGCAGTGAGCTGAGATCGTCCCACTGTACTCCAGCCTGGGCGACAGAGCGAGACTCTGACTCAAAAAACAAACAAACAACAACAACAACAAAACTAAAACTAAAAACAAATCCAAGAAGAAA","GACCGGGCATGGTGGGTCACTCCTGTAACCACAGCACTTTGGGAGGCTGAGGTGGGAGGATCACCTAAGTTCAGGAGTTTGAGACCAGACTGGCCAACATGGTGAAGCCCCATCGCCTCTAAAATTACAAAAATCAGCTGGGCGTGGTAGCGCGTGCCTGTAATCCCAGCTAATCGCGAGGCTGAGGCAGGAGAATTGCTTGAACCCGGGAGGTGGAGGCCGCAGTAAGCCGAGATCGCGCCACTGTACTCCAGCCTGGGCGACAGAGAGAGACTCTGACTCAAAAAACAAAAAACAAAAAACAAAAAA"
"chr1","8991949","8992261","chr1","8169425","8169734","31","822524","GGCCAGGTGCGGGGGCTGACTCCTGTAATCTTCAGTGCTTTGGGAGGCCGAGGCAGATGGATCACCTGAGGTTGGGAGTTCAAAACCAGCCTGGCCAACATGGTAAAAGCCCATCTCTACTAAAAATACAAAAATTAGCTGGGTGTGGTGGTGCGCACCTGTAATCCCAGCTACTTGGGAGGCTGAGGCAGCTGAATCACTTGAATCTGGGAGGCAGAGGTTGCAGTGAGCCGAGATTGTGCCACTGCACTCCAGCCTGGGCAACAGAGCAAGACTCTGTCTCAAAATAAATAAATAAATAAAAATAAAATAA","GGCTGGTCGTGGTGGCTCATGCCTGTAATCCCAGCACTTTGGGAGGCCAAGGTGGATGGATCACCTGAGGTTGGGAGTTCAAAACCAGCCTGGCCAACATGGTGAAACCCCATCTCTACTAAAAATAGAAAAACTAGCTGGGCATGGTGGTGCACACCTGTAATCCCAGCTACTTGGGAGGCTGAGGCAACTGAATCACTTGAATCTGGGAGGTAGAGGTTGCAGTGAGCCGAGATTGTGCCACTGTACTGCAGCCTGGGCAACAGAGCAAGACTCTGTCTCAAAATAAATAAATAAAAATAAAACAAAA"
"chr1","8993020","8993312","chr1","8170489","8170798","41","822531","GGCCGGGCGTGGTGACTCACACCTGTAAACCCAGCACTTTGGGAGGCTGAAGCGAGTAGATCACCTGAGCTCAGGAGTTCGAGACCAGCCTGGGCAACACAATGAAACCCCGTCTCTACTGAAAATACAAAAATTGGCCAGTGCGGTCATGTGCACCTATAGTCCCAGCTGCTTGGGAGGCTGAGGCAGGAAAATCGCTTGAGCCCGAGAGGCAGAGGTTGCAATGAGCCATGATAACGCCACTGCATTCCAGCCTGGGTGACAGAGTGAGACCCTGTCGGAAAAAAAAAAAA","GGCTGGGTGCGGTGGCTCACACCTGTAAACCCAGCGCTTTGGGAGGCCGAAGTGGGTGGGTCACCCGGGCTCAGGAGTTCGAGACCAGCCTGGGCAACACAGTGAAAACCTGTCTCTACTGAAAATACAAAAATTGACCAGCGCGGTCATGTGCACCTATAGTCCCAGCTGCTCGGGGAGGCTGAGGCAGGAGAATTGCTTGAGCCCGAGAGGCAGAGGTTGCAGTGAGCCATGATAATGCCACTGCATTCCAGCCTGGGTGACAGAGTGAGACCCTGTCTCAAAAAATAATAATAATAAAAATAAAAAA"
"chr1","8995173","8995476","chr1","8172669","8172968","33","822504","GCTGAGCACGTTGGCTCATGCCTGTAATCCCAGCACTTTGGGAGGCCAAGACAGGTGGATCACCTGAGGTCAGGAGTTTGAGACCAACCTGGCCAACATGATGAAACCCTGTCTCTATTAAAAATACAAAAATTAGCTGAGCATGGTGGTGTACACCTGTAATCCCAGCTACTTGGGAGTCTGAGGCAGGAGAATCGCTTGAACCCAGGAGGTAGAGGTTGCAGTGAGCCAAGATCGCGTTACTGCACTCCAGCCTGGGCAACAGAGCGTGACTGTCTCAAAAAAACAAAAACAAAAACAAAAA","GCCGGGCACGGTGGCTCACGCCTGTAATCCCAGCACTTTGGGAGGCCAAGGCAGGTGGATTACCTGAGGTCAGGACTTTGAGACCAACCTGGCCAACATGATGAAACCCTATCTCTATTAAAAATACAAAAATCAGCTGGGTCTGGTGGTATACACCTGTAGTCCCAGCTACTCGGGAGGCTGAGGCAGGAGAATCGCTTGAACACAGGAGGTAGAGGTTGCTGTGAGCCAAGATTGCGCTATTGCACTTCAGCCTGGGCGACAGAGCGTGACTCTGTTCCCAAAAAACAAAAACAAAAA"
"chr1","9000212","9000500","chr1","8177974","8178259","29","822238","GCCAGACGCAGTGGCTCACACCTGTAATCCCAGCACTTTGGGAAGCCAAAGCGGGTGGATCACCTGAGGTCAGGAGTTCTAGAGCAGCCTGACCACGTGGTGAAACCCCGTCTCTATTAAAAATACAAAATTTAGTCGGGTGTGGTGGCGTGTGCCTGTAATCCCAGTTACTCAGGAGGCTGAAGCAGGAGAATCACTTGAACTCAGGAGGCAGAGGTTGCAGTGAGCCAAGATCACAGCACTGCTCCAGCCTGGGTGACAGAGCGAGATTCTGTCTAAAAAAAAAAAA","GCCAGACACGGTGGCTCACACCTGTAATCCCAGCACTTCGGGAGGCCAAAGCAAGTGGATCACCTAAGGTCAGGAGTTCGAGAGCAGCCTGGCCACATGGTGAAACTCCGTCTCTATTAAAAATACAAAAATTAGTCAGGTGTGGTGGCGTGTGCCTGTAATCCCAGCTACTCGGGAAGCTGAGGCAGGAGAATCACTTGAACCTGGGAGGCAGAAGTTGCAATGAGCCGAGATCGCAGCACTGCTCCAGCCTGGGTGACAGAGCGAGACTCTATCTAAAAAAAAA"
"chr1","9003324","9003630","chr1","8181721","8182029","30","821603","GCTGGGTGTGGTGGCTCATGCCTGTAATTCCTGCACTTTGGGAGGTTGAGGCAGGTGGATCACCTGACGTCAGGAGTTCAAGACCAGCCTGGCCAACATGGTGAAACCCCATCTGTACTGAAAATACAAAAATTAGCCGGGCGTGATAGCACATGCCTGTAATCCCAGCTACTCGGGAGACTGAGGCAGGAGAATTGCTTGTACCCGGGAGGCGGAGGTTGCAGTGAGCCAGGGTTGCACCACAGCACTCCAGCCTGGGTGACAGAGTGAGACTCCACCAAAAAAAAAAAGAAGAAGAAGAAGAAAA","GCTGGGTGCGGTGTCTCATGCCTGTAATCCCTGCACTTTGGGAGGCTGAGGTGGGCAGATCACCTGAGGTCAGGAGTTCGAGACCAGCCTGGCCAACATGGTGAAACCCCATCTCTACTGAAAATACAAAAACTAGCCAGGCGTGGTAGCACACACCTGTAATCCCAGCTACTCGGGAGACTGAGGCAGGAGAATTGCTTGTACCCAGGAGGTGGAGGTTGCGGTGAGCCAAGGTTGCGCCACAGCACTCCAGCCTGGGTGACAAAGTGAGACTCCATCAAAAAAAAAAAAAAAAATAGAAATGGAAAA"
"chr1","9004472","9004633","chr14","69005087","69005239","28","60000615","GCACCTGTAATGTCAGCTACTTGGGAGGCCGAGGCAGGAGAATCACTTGAACTTGGGAGATGGAGATTGCAGTGAGCAGGGAGATGGCACCACTGCACTCCAGCCTGGGCGACAAGAGCGAGACTCTGTCTCAAAAACAACAACAACAACAACAACAAAGAA","GCCTGTAATCCCAGCTACTTGGGAGGCTGAGGCACGAGAATCACTTGAGCCTGGGAGGTGGAGGTTGCAGCGAGCCAAGATGGCACCACTGCACTCCAGCCTGGGCGATAGAGTGAGACTCGCTCTCAAAAAAAAAAAAAAAAAAAAAAAAAA"
"chr1","9008656","9008886","chr1","8187378","8187607","24","821278","CGGGTGAATCACCTGAGGTCAGGAGTTCGAGACCATCCTGGCCAACATGGAGAAATCCTATCTTTACTAAAAATACAAAATTAGCTGGGCATGGTGGCGCTCGCTTGTAATCCCAGCTACTCAGGAGGCTGAGGCAGGAGAACTGCTTGAACCCGGGAAGCGGAAGTTGCAGTGAGCTGAGATCGCGCCATTGCACTCCAGCCTGGGTGACAGGGTGAGACCCTGCCTCAA","GGGTGGATCACCTGAGGTCAAGAGTTCGAGACCATCCTGGCCAACATGGAGAAACCCCATCTTTACTAAAAATACAAAATTAGCCAGGCGTGGTGGCTCATGCTTGTCATCCCAGCTACTCAGGAGGCTGAGGCAGGAGAATTGCTTGAACCCGGGAGGCAGAAGTTGCAGTGAGCTGAGATCGCACCACTGCATTCCAGCCTGGGCGACAGAGCGAGCCTCTGTCTCAA"
"chr1","9012248","9012328","chr20","54265712","54265795","10","45253464","CGGAGGTTTCAGTGAGCCGAGATCCCACCATTGCACTCTAGCCTGGGCGACAGAGCAAGACTCCATCTCAAAAAAAAAAAA","CAGAGGTTGCAGTGAGCCGAGATCGCACCACTGCACTCCAGCCTGGGCGACAGAGAGAGACTCCATCTCAAAAAAAAATAAAAA"
"chr1","9012662","9012879","chr3","178768245","178768464","33","169755583","GGCTGGGCACGGGGGCTCGCGCCAGTAATCCCAGCATTTTGGGAGGCTGAGGTGAGCCAATCACTTCAGGCTAAGAGTTCGAGACCAGCCAGGCCAACATGGTGAAACTCCGTCTCTACTAAAAATACAAAAATTAGCTGGACATGGTGGCGCATGCCTGTAATCCCAGCTACTTGGGAGGCTGAGGCAAGAGAATTGCTTGAACCCGGGAGGCGGAG","GGCCAGGCGAGGTGGCTCACACCTGTAATCCCAACACTCTGGGAGGCCAAGGCGAGTGAATCACCTGAGACCAGGAGTTCGAGACTAGCCTGGCCAACATGGTGAAACCCTGTCTCTACTAAAAATACAAAAATTAGCTGGGCATGGTGGCGCATGCCTGTAATCCCAGCTACTGGGGAGGCTGAGACAGGAGAATTGCTTGAACCTGGGAAGCGGAGGT"
"chr1","9018306","9018467","chr8","144173751","144173908","26","135155445","AAAAACTAGGGTGTGGCGGCACGTGCCTGTAATCCCGGCTACTTGGGAGGCTAAGGCAGGAGAATAGCTTGAGCCCAGGAAGCGGAGGTTGCAGTGAGCTGAGATTGCGCCACTGCACTCCAGCCTGGGCAACAAAGGAAGACCCTGTCTCAAAAAAAAAAA","TTAGCTGGGTGTGGTGGTGTGTGCCTGTAATCCCAGCTACTCAGGAGGCTAAGGCAGGAGAATCACCTGAACCCAGGAGGCGGAGGTTGCAGTGAGCTGAGATCGTGCCACTGCACTCCAGCCCGGGCAACAGAGTGAGACCCTGTCTCAAAACAAAA"
"chr1","9020514","9020743","chr1","8198629","8198861","29","821885","GGTCAGGCAAGGTGGCTCACACCTGTAATCCCAGCATTTTGGGAAGCCGAGGAGGGTGGATCACCTGAGGTCAGGAATTTGAGACCAGCCTGGCCTATATTATAAAATCTCCTCTCTACCAAAAATATGAAAGTTAGCCAGGCATAGTGGCACACGCCTGTAGTCCCAGCTACTCAGGAGGCTGAGGCAGAACACTTGAACCCAGGAGGCGGAGGTTGCAGTGAACCAAG","GGCTGGGCAAGGTGGCTCACACCTGTAATCCCAGCACTTTGGGAAGCCGAGGTGGGTAGATCACCTGAGGTCAGGAGTTTAAGACCAACTCGGCCAACATTATGAAATCCCCTCTCTACTAAAAATACAAAAGTTAGCTGGGCATAGTGGCACATGCCTGTAGTCCCAGCTACTCGGGAGGCTGAGGCAGGAGAACACTTTAACCCAGGGGGCGGAGGTTGCAGTGAGACAAG"
"chr1","9041255","9041536","chr1","8219758","8220043","22","821497","GGCCAGGCATGGTGGCTCACGCCTGTAATCCCAGCACTTTGAGAGGCCAAGGCGGGCGGCATCACATGAAGTCAGGAGCTCAAGGCCAGCCTGGTCAGCATGGTGAAACCTCGTCGTCTCTACTACAGCCACGCACCTCTAATCCCAGCTACTCGGGAGGCTGAGGCATGAGAATCGCTTGAACCTGGAAGGCGGAGGTTGCAGTGAGCCGAGATGGCCCCACTGCACCAGCCTGGGTGACACAGCGAGACTCTGTCTAAAGAAAAAAAAAGAATAGACAAA","GGCCGGGCGTGGTGGCTCCCGCCTGAAATCCCAGCACTTTGAGAGGCCAAGACGGGCGGGATCACATGAAGTCAGGAGCTCAAGGCCAGCCTGGTCAGCATGGTGAACCTCGTCATCTCTACTAGAGCCGCGTGCCTCTAATTCCACCTACTCGGGAGGCTGAGGCATGAGAATCGCTTGAACCTGGGAGGCGGAGGTTGCAGTGAGCCGAGATGGCACCACTACACTCCAGCCTGGGTGACACAGCGAGACTCTGTCTAAAGAAAAAAAAAAAAGAATAGACAAA"
"chr1","9041797","9042111","chr1","8220304","8220619","24","821493","GGCCAGGCGCAGTGGCTCATGCCTGTAATCCTAGGACTTTGGGAGGCCAAGGCGGGTGGATCACCTGAGGCCAGGAGTTCGAGACGAGCCTGGCCAACACAACGAAACCCCACCTCTACTAAAAATACAAAAAAAAATTAGCCGGGTATGGTGGCACACACTTCTAATTCCAGTTACTCAGAAGACTGAGGCTAGAGAATTGCTTGAACTCAGGAGGCAGAGTTTGCAGTGAGCTGAGATTATGCCACTTGCACTCCAGCCTGGGTGACATAGCAAGACTCTGTCTCAAAAAAAAAAAAAAGAAAAATTCAAAAA","GGCCAGGCACAGTGGCTCACACCTGTAATCCCAGGACTTTGGGAGGCCAAGGTGGGTGGATCCCCTGAGGCCAGGAGTTTGAGACCAGCCTGACCAACAAAACGAAACCCTGCCTCTACTAAAAATACAAAAAAATTTAGCCGGGTATGGTGGCACACACCTCTAATTCCGGTTACTCAGAAGACTGAGGCTAGAGAATTGCTTGAACTCAGGAGGCAGAGTTTGCAGTGAGCTGAGATTATGCCACTTGCACTCCAGCCTGGGTGACACAGCAAGATTCTGTCTCAAAAAAAAAAAAAAAAAAAGAAAGAAAAGA"
"chr1","9047914","9048220","chr1","8226856","8227163","25","821058","GGCCAGGCGCAGTGGCTCACGCCTGTAATCCCAGCACTCTGGGGGGCTGAGGCGGGTGGGTCACCTGAGGTCAGGAGTTTGAGACCAGCTTGACCAACATGGTGAAACTCCGTCTCTACTAGAAATACATTAGCCGGGTATGGTGGTATACACCTGTGATCCCAGGATTAGGAGGCTGAGGCAGGAGAATCGCTTGAACCTGGGAGGCGGAGGTTGCGGTGAGCCAAGATCACGCCACTGCATTCCAGCCTGGCTGACAGAGCAAGACTCCATCTCAAAAATTAAAAAAAAAAGAAGAAAGAGAAAA","GCCAGGCGCAGTGACTCACGCCTGTAATCCCAGCACTCTGGGGGGCTGAGGCGGATGGATCACCTGAGGTCAGGAGTTTGAGACCAGCTTGACCAACATGGTGAAACTCCATCTCTACTAAAAATACATTAGCCGGGTGTGGTGGTGCACACTTGTGATCCCAGGATCAGGAGGCTGTGGCAGGTGAATCGCTTGAACCTGGGAGGCAGAGGTTGTGGTGAGCCAAGATTGTGCCATTGCATTCCAGCCTGGCTGACAGAGCAAGACTCCATCTCAAACATTTAAAAAAAAAAAAAAAAAAAGAAAAA"
"chr1","9069712","9070026","chr1","8248710","8249022","23","821002","GGCTGGGCGTGGTGGCTCATGCCTGTAATCCCAGCACTTTGGGAGGCCAAGGTGGGCAGATCACCTGAGGTCGGGAGTTTGAGATCAGCCTGGCCAACATGGTGAAACCCCGTCTCTACTAAAAATTCAAAAAATTAGCTAAGCATGGTGGCTCACGTCTGTAATCCCAGCTATTTGGGAGGCTGAGGCAGGAGAATCACTTGAGCCTAGGAGGCAAAGGTTGCAGGGAGCCAAGATCACGCCACTGTACTCCAGCCTGGGCGACAGAATGAGACTCTGTCTCAACAAAATAAACAAATAAATCAAAAATAAAAA","GGCTGGGCATGGTGGCTCACACCTGTAATCCCAGCACTTTGGGAGGCCAAGGCGGGCAGATCACCTGAGGTTGGGAGTTCAAGACCAGCCTGGCCAACATGGTAAAACCCCATCTCTACTGAAAATTCAAAAAATTAGCTGAGCATGGTGGCTCACGCCTATAATCCCAGCTATTCAGGAGGCTGAGGCAAGAGAATCGCTTGAACCCAGGAGGCAAAGGTTGCAGGGAGCCAAGATCACGCCACTGTACTCCAGCCTGGGCAACAGAATGAGACTGTCTCAACAAAATAAACAAATAAATCAAAAATAAAAA"
"chr1","9073785","9074089","chr14","7443817","7444116","34","1629968","GCGGGGTTCGGTGGCTCATGCCTGTAATCCCAGCACTTTGGGAGGTTGAGGTGGGCAGATCACCCGAGGTCAGGAGTTCAAGACCAGCCTGGCCAAAATGGTGAAACCCCATTTCTGCTAATAATACAAAAAAATTAGCAGGGCATGGTGGCACATGCCTGTAATCCCAGCTACTCGGGAGGCTGAGGCAGAAGAATCACTTGAACCCAGGAGGCGGAGGTTGCAGTGAGCCGAGATGGCGCCACTGCACTCCAGCCTGGGCAACAGCGAGACTCCGTCTCAAAAAAAAAAAAAAAAAAAAAAAA","GCCAGGCGCAGTGGCTCATGTCTGTAATCCTAGCACTTTGGGAGGCTGAGGTGGGTGGATCACCTGAGGTCAGGCGTTCAAGACCAGCCTGGCCAACATGGTGAAGCCCCATCCCTACTAAAAATACAAAAATTAGCCTGGTGTGGTGGCACAAGCCTGTAGTCCCAGCTACTCAGGAGGCTGAGGCAGGAGAATCACTTGAACCCAGGAGGCGGAGGTTGCAGTGAGCCGAGATGGCGCCACTGCACTCCAGCCTGGCAACAGTGAGACTCTGTCCCAAAAAAAAAAAAAAAAAAAAAA"
"chr1","9086633","9086944","chr6","71219456","71219765","45","62132823","GGCCAGGTACAGCAGCTCATGCCTGTAATCCTAGCACTTTGGGTGGCTGAGGCAGGTGGATCACCTGAGGTCAGGAGTTCAAGAGCAGCCTGGCCAACATGGCAAAACCCCATCTCTACTAAAAATACAAAAATTAGCTGTGCATGGTAGCATGTGCCTGTAGTCTCAGTTACATGGAAGGCTGGGGCAGGAGAATTGCTTGAACCCAGGAGGTGAAGGTTGCAGTAGGCCAAGATCACACCGTTGCACTCCATCCTGGGCAACAGAGCAAGACTCCGTCTCCAAAAAAAATAATAATAATAAATAAATAAA","GGCCGGGCACGGTGATTCATGCCTGTAATCCTAGCACTTTGGGAGGCTGAGGCGGGCGGACCACCTGAGGTCGGGAGTTCAAGACCAGCCTGGCCAACATGGTAAAACCCCATCTCTACTGAAAATACAAAAATTAGCTGTGCATGGTGGTGCATGCCTGTAATCCCAGCTACTTGGGAGGCTGAAGCACGAGAATTGCTTGAACCCAGGAGGTGAAAGTTGCAGTGAGCCGAGATCACACCACTGCACTCCAGCCTGGGTGACAGAGCAAGACTCTGTCTCAAAAAAAAAAAAAAAAAAAAGAAAAAAA"
"chr1","9091126","9091424","chr5","51540643","51540938","36","42449517","GGCCAGGCGCAGTGGCTCACGCCTGTAATCCCAACACTTTGGGAGACCAAGGTGGGCAGATCACCTGAGGTCAGGAGTTTGAGACCAGCCTGGCCAACATGGTGAAACCCTGTTTCTACTAAATATACAAAAAAAAAAGCTGGATGTGGTTTCGTGTGCCTGTAGTGCCAGCTACTCAGGAGGCTGAGGCAGGAGAATTGCTTGAACCCAGAAGGCAGAGGTTGCAGTGAGCCGAGACTGCACCACTGCACTCCAGCCTGGGTGACAGAGCGAGACTCCATCTCAAAAAATAAAAACAA","GGCCAGGCACGGTGGCTCATGCCTGTAATCCCAGCACTTTGGGAGGCTGAGGTGGGCAGATCACCTGAGGTCAGGAGTTTGAGACCAGCCTAGCCAACATGGTGAAATCCTGTCTCTACTAAAAATACAAAAATTAGCTGTGCATGGTGGCACATGGCTGTAGTCCCAGCTACTCAGGAGGCTGAGGCAGGAGAATCACTTGAACCCAGGAGGCGGAGGTTGCAGTGAGTCAAGATCGCACCACTGCACTCCAGCCTGGGTGACAGAGTGAGACTCCATCTCAAAAAAAAAAAAAA"
"chr1","9092197","9092508","chr1","192538013","192538320","45","183445816","GGACAGGCACAGTGGCTCATGCCTGCAATCGAAGCATTTTGGGAGGCTGAGGTGGGTGGATCACCTGAGGTCAGGAGTTCGAGACCAGCCTGGCCAACATGGTGAAAACCCATCTCTACTGAAAATACAAAAAATTAGCCGAGCATGGTGGCGCATGCCTGTAATCCCAGCAGCTTGGGATTGGGAAGCAGGAGAATCGCTTGAACCTGGGAGGCGGTGGTTGCAGTGAGTCAAAATTGCACCACTGCACTCCAGCCTGGGCAATAGAGTGAGACTCCATCTACAAAAAAAAAAGAGAAAGAAAGAAAGAAA","GGCCAGGCGGGGTGGCTCATGCCTGTAATCCTAGCATTTTGGGAGGCCGAGGCGGTGGATCACCTGAGGTCAGGAGTTTGAGACCAGCCTGGCTGACATGGTGAAACTCCATCTCTACTAAAAATAAAAAAATTAGCCGGACATGGTGGCACGTGCCTGTAATCCCAGCTACTTGGGATGCTGAGGCAGACAGAATTGCTTGAACCTGGGAGGCGGAGGTTGCAGTGAGCCAAGATCGCACCACTGCACTCCAGCCTGGGTGACAGAGCGAGACTCCGTCTCAAAAAAAAAAAAAAAAAAACAAAAAA"
"chr1","9101815","9102039","chr11","118500754","118500968","35","109398939","GAGTTCGAGACCAGGCCGGCCAACATGGTGAAACCCTGTCTCTACCAGAAATACAAAAATTAGCCGGGCGTGGTGGTGCACACCTGTAATCTCAGCTACTTGGGAGGCTGAGGCAGGAGAATCATTTGAACCCAGGAGGTGGAGGTTGCAGTGAGCTGAGATTGTGCCATTGCGTTCCAGCCTGGGTGACAGAGTGAGACTCCATCTCAAAAAAGAAAAAGAAAA","GAGACCAGCCTGGCCAACATGGTGAAACTCCGTCTCTACTAAAAATACAAAAATTAGCTGGGCGTGGTGGTGCACCCCTGTAATCCCAGCTATTTGGGAAGCTGAGGCAGGAGAATTGTTTGAACCCAGAAGGTGGAGGTTTCAGTGAGCCGAGATCGTGCCACTGCACTCCAGCCTGGGTGACAGAATGAGACTGTGTCTCATAAAAAAAAAAA"
"chr1","9102521","9102821","chr1","8282848","8283148","14","819673","GGCCGGACATGGTGGCTCAGGCCTATAATCCCAGCACTTTGGGAGGCTGAGGCAGGTGGATCACCTGAGGTCAGGAGTTCAAGACCAGGCTGGCCAACATGGTGAAACCCTGTCTCTAGTAGAGATATAAAAATTAGCCGGGCTTGGTGGTGCACGCCTGTAATCTCAGCTACTTAGGAGGCTGAGGCAGGAGAATCGCTTGAACCCAGGAGGTGGAGGTTGCAATGAGCTGAGATTGTGCCACTGCACTCCAGCCTGGGTGACAGAGCGAGACTCCGTCTCAAAAAAAGAAAAAAGAAAA","GGCCGGACATGGTGGCTCACGCCTATAATCCCAGCACTTTGGGAGGCTGAGGCAGGTGGATCACCTAAGGTCAGGAGTTCGAGACCAGGCTGGCCAACATGGTGAATCCCTGTCTCTACTAGAAATACAAAAATTAGCTGGGCGTGGTGGTGCACGCCTGTAATCTCAGCTACTTGGGAGGCTGAGGCAGGAGAATCGCTTGAACCCAGGAGGTGGAGGTTGCAGTGAACTGAGATTGTGCCACTGCACTCCAGCCTGGGTGACAGAGCGAGACTCCATCTCAAAAAAAGAAAAAAGATAA"
"chr1","9104456","9104632","chr9","28310079","28310249","25","19205623","AAATTAGCCAGGCGTGGCAGTACACACCTGTAATCCCAGCTACTCAGGAGGCTGAGGCAGGAGAATCATCTGAACCCGAGAGGCAGAGGTTGCAGTGAGCCGAGATTGTGCCACTGCACTTCAGCCTGGGTGACAGAGCGAGACTCCGTCTCAAAAAAAAAAAAAGAAATAAAAGAA","TTAGCTGGGCATGGTGGCACATGCCTATAATCCCAGCAACTCAGGAGGCTGAGGCAGTAGAATCACTTGAACCCGTGAGGCGGAGGTTGCAGTGAGCCAAGATTGTGCCACTGCACTCCAGCCTGGGTGACAGAGTGAGACTCTGTCTCAAAAAAAAAAAAAAAAAAAGAA"
"chr1","9110528","9110842","chr1","8292791","8293098","31","817737","GGCCGGGTGCAGTGGCTCACGCCTGTAATCCCAGCACTTTGGGAGGGCGAGGCGGGTGGATCACATGAGGTCAGGAGTTCGAGACCAGCCTGGCCAACATGGTAAAATCCCGTCTTTACTAAAAATACAAAAATTAGCTGGGAGTGGTGGCGCATGCCTGTGATCCCAGCTACTTGGGAGGCTGAGGCAGGAGAATTGCTTGAACCTGGGAGGTAGAGGCTGTACTGAGCAGAGATCACACCACTGCACTCCAGCCTGGGTGACAGAGCCAGACTCTGTCTCAAAAAAACAAAACAAAAAAAACACAAAAAAAAA","GGCCGGGTGTAGTGGCTTACACCTATAATCCCAGCACTTTGGGAGGCCGAGGCGGGTGGATCACGTGAGGTCAGGAGTTCGAGACCAGCCTGGCCAACATGGTGAAATCCCGTCCTTACTAAAAATACAAAAATTAGCCGGGTGTGATGGTGCACGCCTGTGATCCCAGCTACTTGGGAGGCTGAGGCAGAAGAATCACTTGAACCTGGGAGGTAGAGGCTGTCGTGAGTAGAGATCACACCACTGCACTCCAGTCTGGGCGACAGAGTGAGACTCTGTCTCCAAAAAAAAAAAAAAAAAAAAAAAAA"
"chr1","9119957","9120255","chr6","129934590","129934892","34","120814633","GCCGAGTGCGGTAGCTCATGCCTGTAATCCTAGCACTTTGGGAGGCCAAGGCAGGCAGATTGCCTGAGCTCAGGAGTTCAAGACCAGCCTGGGTAACACGGTGAAACCCCATCTCTACTAAAATAGAAAAGAAATTAGCCGGGCGTGGCGGCGTGTGCCTGTAGTCCCAGCTACTCGGGAGGCTGAGGCAGGAGAACTGCTTGAAGCCGGGAGGCAGAGGTTGCAGTGAGCCGAGATCGCGCCACGGCTCTCCAGCCTGGGCGACAGAGGGAGACTCCGTCTCTAGAAAAAAAAAAAAA","GCTGGGCGCAGTGGCTCACGCCTGTAATCCTAGCACTTTGGGAAGCCAAGGAGGGCGGATTGCCTGAGCTCAGGAGTTCGAGACCAGCCTGGGCAACACGGTGAAACCCTGTCTCTACTAAAATACAAAAGAAATTAGCCGGGTGTGGTGGCGTGCGCCTGTAGTCCCAGCTACTCGGGAGGCTGAGGCAGGAGAATTGCTTGAACCTGGGAGGCGGAGGTTGCAGTGAGCCGAGGTCACGCCACTGCACTCCAGCCTGGGTGACAGAGTGAGACTCCATCTCTAAAAAAAAAAAAAAAAAAA"
"chr1","9120704","9120868","chrX","557444","557611","24","8563260","AATTAGCAGGTTGTGGTGGTATACACCTGTAATCCCAGCTACTCAGGAGGCTGAGACAGGAAAATCGCTTGAACCCGGGAGGCAGAGGTTGCAGTGAGCCAAGATCGCGCCACTGCACTCCAACCTGGGCAACAAGAGCGAGACTCAGTCTACAAAAAAAAAAAA","CACAAAATTAGCTGGGTGTGGTGGCACAGGCCTGTAATCCCAGCTACTCAGGAGGCTGAGGCAGGAGAATTACTTGAACCCGGGAGGCAGAGGTTGCAGTGAGCCAAGATCGTGCCATTGCACTCCAGCCTGGGAGACAGAGCAAGACTCCGTCTCAAAAAAAAAAAA"
"chr1","9124892","9125191","chr9","93157421","93157721","34","84032529","GGCTGGGCGTGGTGGCTCACGCCTGTAATCCCAACACTTTGGGAGGGTGAGATAGGTGGATCATCTGAGGACAGGAGTTCAAGACCAGCCTGTCCAACATGGAGAAACCCTGTCTCTACTAAAAATACAAAAATTAGCAGGGCATGGTGGTGTGTGCCTGTAGTCCCAGCTACTCGGGAGGCTGAGACAGGAGAATTGCTTGAATCTGGAAGGCGGAGGTTGCAGTGAGCTGAGATTGTACCACCACACTCCAGCCTAGGCAACAGAGCAAGACTCCATCTCAAAAAATAAAAAAATAAA","GGCTGGGCTCAGTGGCTCACGCTGTAATCCCAGCACTTTGGGAGGCTGAAGTGGGTAGATCACCTGAGGTCAGGAGTTCAAGACCAGCCTGGCCAACATGGTGAAAACCTGTCTCTACTAAAAATACAAAAATTAGCTGGGCATGGTGGTGTGTGCCTGTAATCCCAGCTACTTGGGAGGCTGAGGTGGGAGAATCGCTTGACCCTGGGAGGCAGAGGTTGCAGTGAGCTGAGATTGTGCCACCACACTCTATCCTGGGCAACAGAGCAAGACTCCATCTCAAAAAAAAAAAAAAAAAAAA"
"chr1","9125979","9126125","chr1","8308002","8308146","16","817977","GGCCAGGCACGGTGGCTCACACCTGTATATAATCCCAGCACTTTGAGGCAGGTGGATCACCTGAGGTCAGGAATTCCAGACCACCCTGGCCAAAATGGTGAAACCCTGTCTCTACTAAAAATGCAAAAGTTGCTGGACATGGTGGTG","GGCCAGGCAAGGTGGTTCACACCTATAATCCCAGCAGTTTGATGCAGGTGGATCACCTGAGGTCAGGAGTTCCAGACCACCCTGGCCAACATGGTGAAACCCTGTCTCTACCAAAAATGCAAAAATTGCCGGACATAGTGGTGTG"
"chr1","9147674","9147985","chr7","82393560","82393871","34","73245886","GGCCAGGTGCAGTGGCTCACGCCTGTAATCCCAGCACTTTGGGGGCCGAGGTGGGCGGATCACCTGAGGTCAGGAGTTTGAGACCAGCCTGGCCAACATGGTGAAACCCCGTCTCTACTAAAAATACAAAAAAATTGCTGGGAGTGGTGGTGCATGCCTGTAATCCCAGTTACTCAGGAGGCTGAGGCAGGAGAATAGCTTGAACCCGGGAGGCAGAGGTTGCAGTGAGCTGAGATCATGCCACTGCTCTCCAGTCTGGGTGACAAGAGCAAGACTCTGTCTCAAAGAAAAACAATAACAACAAAAAAGAAA","GGCCGGGCGCAGTGGCTCATGCCTGTAATCCCAGCACTTTGGGAGGCCAAGGTGGGCGGATCACCTGAGCTCAGGAGTTGAAGACCAGCCTGGCCAACATGGTGAAACCCTGTCTCTACTAAAAATACAAAAATTAGCCGGGCGTGGTGGCACATGCTTGTAATCCCAGCTACTCAGGAGGCTGAGGCAGGAGAATCGCTTGAGCCCGGGAAGTAGAGGTTGCAGTGAGCTGAGATCGTGCCACTGCACTCCAGTCTGGCTGACAGAGCAAGACTCTGCCTCAAAACAAAAAAAAAAAAAAGAAAAAAAAAA"
"chr1","9154977","9155273","chr1","8334578","8334879","29","820399","GCCAGGTGCAGTGGCTGACGTCTGTAATCCCAGCACTTTGGGAGGCCGAGATGGGCAGATCACCTGAGGTTAGGAGTTCGAGACTAGCCTGGTCAACATAGTGAAACCCGGTCTCTACTAAAAATACAAAAAATTAGCCAGGTGTGGTGGCACACACCTGTAATCCCAGCTACTTGGGAGGCTGAGGCAGGAGAATTGCTTGAATCCGGGAGGCAGAGGTTGCAGTGAGCCGAGATCACACCACGGCACTCCAGCCTGAAGGACAGGGTGAGACTCCGTCTCAAAAAAAAAAAAAAA","GCCAGGTGTGGTGGCTTATGCCTGTAATCCCAGCACTTTGGGAGGCCAAGATGGGTGGATCACCTGAGGTTAGGAGTTCGAGACCAGCCTGGTCAACATGGTGAAACTCCATCTCTACTAAAAATACAAAGAATTAGCCAGGTGCGGTGGCGCACACCTGTAATCCCAGCTAGTCGGGAGGCTGAGGCAGGAGAATTGCTTGAATCCAGGAGGCAGAGGTTGCAGTGAACCAAGATCATACCACGGCACTCCAGCCTGGGGGACAGGGTGAGACTCCGTCTCTCAGAAAAAAAAAAAAAAAA"
"chr1","9156147","9156420","chr8","142242840","142243113","34","133086693","GGCCGGGCATGGTGGCTCATGCCTGTCATCCCAGCACTTTGGGAGGCCGAGGCAGGCGGGATCACCTGAGGTCAGCAGTTCAAGATCAGCCTGGCCAACATGGTGAAACTCGTGTCTCCAAAAATACAAAAATTAGCCAGGCGTGGTGGCACACACCTGTAATCTCAGCTACTCGGTAGGCTGAGGCAGGAGAATCGCATGAACCCCAGAGGTGGAAGTTGCAGTGAGCTGAGATGGCACCACTGCACTCCAGCCTGGGTGACAGAGCGAGACT","GGCCGGGCGCTGTGGCTCACGACTGTAATCCCAGCACTTTGGGAGGCCAAGGCAGGTGGATCACCTGAGGTCAGGAGTTCGAGACCAGCCTGGCCAACATGGTGAAACCCCGTGTCTACTAAAAATACAAAAATTAGCCAGGCGTGGTGGCATGCGCCTGTAATCCCAGCTACTCGGGAAGCTGAGGCAGGAGAATCGCTTGAACCCAGGAAGCGGAGGTTGCAGTGAGCCGAGATTGCGCCGCTGCACTCCAGCCTGGGCGACAGAGCGAGAC"
"chr1","9158375","9158678","chr10","12541086","12541391","33","3382711","CCTGGCACCGTGGCTCACGCCTATAATCCCAGCACTTTGGGAGGCCGAGGCGGGTGGATCACCTGAGGTCAGGAGTTTAAGACCAGCCTGGCCAACATGGGGAAACCCCATCTCTGCAAAAATACAAAAATTAGCCGGGTGTGGTGGTGCACACCTGTAATCCCAGCTACTTGGGAGGCTGAAGCAGGAGAATCACTTGAACCTGGGAGGCAGAGGTTGCAGTGAGCCAAGAGCATGTCATTGCACTCCAGCCTGGGCAACAGAGCGAGCCTCTGTCTCAAAAAAAAAAGAAAAGAAAAGAAAA","GCTGGGTGTGGTGGCTCACTCCTGTAATCCCAGCACTTTGGGAGGCCGAGGCGGGTGGATCACCTGAGGTCAGGAGTTCAAGACCAGCCTGGCCAATATGGTGAAACCCCATCTCTACTAAAAATACAAAAATTAACCAGGTGTGATGGCACACAGCTGTAATCCCAGCTACTTGGGAGGCTGAGGCAGGAGAATCACTTGAACCTGGGAGGCAGAGGTTGCAGTGAGCCGAGATCGCGCCACTGCACTCCAGCCTGGGCGACAGAGCAAGACTCTATCTCAAAAAAAAAAAAAAAAAAAAAAAAA"
"chr1","9161798","9162089","chr3","2986573","2986865","35","6175225","GGCTGGATATGGTGGGTCGTGCCTGTAATCCCAGCACTTTTGGGAGGCTGAGGCAGGTGGATCATCTGAGGTCACGAGTTCGAGACCAGCCTGGCCAACATGGTGAAACCCCATCTCTACTAAAAATACAAAAATTAGCCAGGCATGGTGGCGTGCACCTGTAATCCCAGCTACTCGGAAGGCTGAGGCAGAATTGCTTGAACCTGGGAGGCGGAGATTGCAGTGAGCCAAGATCATGCCACTGCACTCCAGCCTGGGCGACAGTGAGACTCTGTGAAAAAAAAATAAAAAA","GGCCTGGCGCGGTGGCTCACGCCTGTAATCCCAGCACTTTGGGAGGCCGAGGCAGGTGGATCACCTGAGGTCAGGAGTTCAAGACCAGCCTGGCCAACATGGTGAAACCCCATCTCTACTAAAAATACAAAAATTAGCCAGGTCTGGTGGCGTGCACCTGTAATCTCAGCTACTTTGGAGGCTGAGGCAGGAGAATTGCTTGAACCTGGGAGGCGGAGGTTGCAGTGAGCCGAGATCATGCCACTGCACTCCAGTTTGGGTGACAGAATGAGACTCTGTCTCAAAAAAAAAAA"
"chr1","9176909","9177217","chr7","12895917","12896216","40","3719008","GGCTGCACACAGTGGCTTATGCCTGTAATCCCAGAACTTTGGGAGGCCAAGGCGGGTGGATCACCTGAGGTCAGGAGTTCGAGACCAGCCTGGCCAACATGGTGAAATCCCATCTCTACTAAAAATTAAAAAAAAAATAGAGCTGGGTGTGGTGGCATGCGCCTGTAATCCCAGGTACTCGGGAGGCTGAGGCAGCAGAATCACTTGAACCTGGGAGGCGGAGGTTGCAGTGAGCCGAGATCGTGCTACTGCACTCCAGCCTGGGCAACAGTGTGTGACTCTGTCTACAAAAAAAAAAAAACACAAAAA","GGCCGGACACGGTGACTCATGCTTGTAATCCCAGCACTTTGGGAGGCCAAGGCGGGTGGACCACCTGAGGTCAGGAGTTCAAGACCAGCCTGGCCAACATGGTGAAACCCCATCTCTACTAAAAATACAAAAATTAGCTAGGCATGGTGGCATGCGCCTATAATCCCAGCTACTTGGGAGGCTGAGGCAGAAGAATTGCTTGAACCCGGGAGGCAGAGGTTGCAGTGAGCTGAGATTGCACCACTGCACTCCAGCCTGGGCAACAGAGTGTACCCGGTCTCAAAAAAAAAAAAAAAAAAA"
"chr1","9205665","9205973","chr15","1586384","1586685","39","7619281","GGCCAGGCATGGTGGCTCACGCCTGTAATCCCAGCAGTTTGGGAGGCCAAGGTGAGCAGATCACCTGAGGTCAGGAATTCGAGACCAGCCTGGCAAACATGGTGAAACCCTGTGTCTACTAAAAATACAAAAATTAGCCAGGTGTGGTAGCACGCACCTGTGATCCCAGCTACTTGGGAGGCTGAGGCATGAGAATCGCTTGAACCCGGAGGCGGAGGTTGCAATGAGCCGAGATCACACCATTGTACCCCAACCTGGGTGACAGAGCAAGACTCCATCTCAAATAAATACATAAATAAAATAAAATAA","GGCCAGGCATGGTGGCTCACGCCTGTAATCCCAGCACTTTGGGAGGCCAAGGTGAGCAGATCACCTGAGGTCAGGAGTTCGAGACTAGCCTGACCAACATGGAGACACGCCATCTCTACTAAAAATACAAAATTAGCTAGGCGTGGTGGCGCATGCCTGTAATCCCAGCTACTTGGGAGGCTGAGGCAGGAGAATCGCTTGAACCCAGGAGGCGGAGCTTGCAGTGAGCGGAGATCCCGTCACTGCACTCCAGCCTGGGTGACAGAGCAAGACTCCATCTCAAAAAAAAAAAAAAAAAAAAA"
"chr1","9206517","9206810","chr1","160169222","160169504","44","150962705","GGCCCGATGCAGTAGCTCACGCCTGTAATCCCAGCACTTTGGGAGGCCGAGGCAGGTGGATCACCTGAGGTCAGGAGTTTGAGACCAGCCTGGCCAACATGGTGAAATCCTGTCTCTGCCAAAAATACAGAAATTAGTCAGTTGTGGTGGCACTCAGAAGTCTGAGGCAGGAGAATCACTTGAACCTGGGAGGTGGAGGTTGCAGTGAGCCCAGATGGCGCCATCGCGCTCCAGCCTGGGCGACAGAGAGAGACTCTGTCTCAAAAAAAAAAAAAATAATTAATAAAATAAAAA","GGCCGGGCGCAGTAGCTCACACCTGTAATCCCAGCACGTTGGGAGTTCAAGGTGGGTGGATCACCTGAGGTCAGGAGTTTGAGACCAGCCTGGCCAACATGGCGAAACCCTCTCTCTACTAAAAATACAAAAATTAGCCAGGCGCAGTGGCACACGCTGAGGCAGGAGAATCACTTGAACCTGGGAGTCGGAGGCTGCAGTGAGCCAAGATCGTGCCACCGCACTCCAGCCTGGCGACAGAGTGAGACTCTGTCTCAAAAAAAAAAAAAAAACAAAAACAAAA"
"chr1","9208893","9209170","chr5","80430961","80431244","36","71222068","GGCCGGGCTTGGTGGCTCATGCCTGTAATCCCAGCACTTTGGGAGGCCAAGGCAGGTAAATCACCTGAGGTCAGGAGTTTGAGACCAGCCTGGCCAACATGGTGAAACCCCATCTCTACTAAAAACACAAAAACTAGCTGAGCGTGGTGGTGTGCGCCTGTAATCCCAGGTACTCGGGAGGCTGAGGCAGGAGAATTGCTTGAACCCAGGAGTCGGAGATCATGCCACTGCACTCCAGCCTGGGCGATAGAGCAAGACTCCATCTAAAAAAAAAAAAA","GGCTGGGCATGGTGGCTCATGCCTGTAATCCCAGCACTTTGGGAGGCCAAGGCAGGCAGATCACCTGAGGTGAGTTCAAGACCAGCCTGGCCAACATGGTGAAACCCCATCTCTACTAAAAATACAAAAAAATTAGCCGGGTGTGGTGGTGTGCGCCTGTAATTCCAGCTACTCAGGAGGCTGAGACAGGAGAATTGCTTGAACCCACGAAGTGGAGGTTGCAGTGAGCCAACATGCACTCCAGCCTGGGTGACAGAGCAAGACTCCATTTCAAAAAATAAAAA"
"chr1","9262697","9262991","chr1","8440589","8440877","25","822108","GGCCAGGCATGGTGGCTCCCGCCTGTAATCCCAGCACTTTGGGAGGCCGAGGCGGATGGATCACCTGAGGTCAGGAGTTCGAGACCAGCCTGGCCAACATGGTGAAACTCTGTCTCTACTAAAAACACAAAAATTTGCTGGGCATGGTGGTGTAATCCCAGCTACTCGGGAGGCTGAGGTAGGAGAATCACTTGAACCTGGGAGGCAAAGTTTGCAGTGAGCCGAGATCGCGCCACTGCACTCCAGCCTGGGCGTCAGAGCGAGACTCTGTCTCAAAAAAAAAAAAAAAAAAAGA","GGCCAGGCATGGTGGCTCACGCCTGTAATCCCAGCACTTTGGGAGGCTGAGGCAGGTGGATCACCTGAGGTCAGGAGGTCGAGACCAGCCTGGCCATGGTGAAACTCCATCTCTACTAAAAATATAAAAATCTGCTGGGCATGGTGGTGTAATCCCAGTTACTCAGGAGGCTGAGGTAGGAGAATCACTTGAACCTGGGAGGCAAAGGTTGCAGTGAGCCGAGATCACACCACTGCACTGCAGCCTGGGCGTCACAGAGAGACTCTGTCTCAAAAAAAAAGAAAAAAAA"
"chr1","9299750","9300062","chr5","60270379","60270690","40","50970629","GGCCAGGCACAGTGGCTCATGCCTGTAATCCCAGCACTTTGGGAGGCCAAAGCGGGCAGATCACCTGAGGTCAGGAGTTCGAGACCAGCCTGGCCAACATGGTGAAACCCCATCTCTACTAAAAATACAAAAATTAGCCAGGCGTGGTGGCACGTGCCTGTAATCCCAGCTACCCAGGAGGCTAAGGAGGGAGAATCACTGGAACCTGGGAGGCGGGGGCTGCAGTGAGCTGAGACTGTGCCGCTGCACCCTAGCCTGAATGACAGAGCGAGATTCCACTTAAAAAAAAAAAAGAAGAAAAGTAAAGAAAAAA","GGCCTGGCGCAGTGGCTCATGCCTGTAATCCCAGCACTTTGGGAGGCTGAGGCGGGCAGATCACCTGAGGTCAGGGGTTTGAGACCAGCCTGGCCAACATGGTGAAACCCCGTCTCTACTAAAAATACAAAAATTAGCTGGGCATGGTGGCACATGCCTGTAATCCCAGCTACTCAGGAGGCTGATGAAGGAGAATTGCTTGAACCTGGGAGGGGGAGGCTGCAGTGAGCTGAGATGGGGCCATTGCACTCCAGCCTGGGTGACAGAGCGAGAGTCCGTCTGAAAAAAAAATAAAATAAAATAAAAAAAGAA"
"chr1","9302374","9302661","chr1","8480019","8480302","33","822355","GGCCAGGCACAGTGGCTCACGCCTGTAATCTCAGCACTTTGGGAGGCCGAGACGGGTGGATCACCCGAGGTCAGGAGTTTGAGACCAGCCTGACCAACACAGTGAAACCCCGTCTCTACTAAAAATATAAAAATTAGCCGGGGATGGTGGTGCATGCCCATAATCCCACTACTTGGGAGGCTGAGGCAGGAGAATCGCTTGAACCCAGGAGGCAGAGTTTGCAGTGAGCCAAGACTGCACCATTGCACTCCAGCCTGGGCAATAGTGTGTGACTCTGTCTCAAATAAA","GGCTGGGCACAGTGGCTCACACCTGTAATCCCAGTACTGTGGGAGGCCGAGACGGGTGGATCACCCAAGGTCAGGAGTTCGAGACCAGCCTGACCAACATGGTGAAACCCCGCCTCTACTAAAAATACAAAAATTAGCTGGGCATGGTGGTGCAGGCCTGTAATCCCACTACTTGGGAGGCTGAAGCAGGAGAATTGCTTGAACCCAGGAGATAGAGGTTGCAGTGAGCCAAGATCGTGTCATTGCACTCCAGCCTGGGCAATAGAGTGAGACTCTGTCTCAAA"
"chr1","9311647","9311950","chr1","8488855","8489161","20","822792","GGCCGGGCGCAGTGGCTCACACCTGTAATCCCGTACTTTGGGAGGCTGAGGCGGGCACATCACCTGAGGTCATGAGTTCAAGACCAGCCTGGGCAACATGGCGAAACCTGTCTCTACTAAAAATACAAAAAAATTAGCCGGGCATGGTGGCGCACCCCTGTAATCCCAGCTGCTCCAGAGGCTGAGGTGGGAGAATTGCTTGAACCTGGGAAGAGGCAGAGGTTGCAGTGAGCCGAGATCACACCACTGCACTCTAGCCTGGGCAACAGAGTGAGACTCCATCTCAAAAAAAAACAACAAACAA","GGCCGGGTGCAGTGGCTCACACCTGTAATCCCAGTACTTTGGGAGGCTGAGGCGGGCACATCACCTGAGGTCAGGAGTTCAAGACCAGCCTGGGCAACATGGCAAAACCTGTCTTTACTAAAAATACAAAAAAATTAGCCAGGCGTGGTGGCGCACACCTGTAATCCCAGCTACTCCAGAGGCTGAGGCGGGAGAATCGCTTGAACCTGGGAGGAGGCAGAGGTTGCAGTGAGCCAAGATCATACCACTACACTCTAGCCTGGGCAACAGAGTGAGACTCCATCTCAAAAAAAAAAAAAAAAAAAAA"
"chr1","9322241","9322462","chr3","103846800","103847020","45","94524559","CAGCCTGGCCAACACAATGAAACCCCGTCTCTACAAAAAATGCAAAAATTAGGCACAGTGGCATGCGCCTGTAGTCCCAGCTACTCAGGAGGCTGAGGCAGGAGAATCCCTTGAACCAGGATGGGGAGGTTGCAGTGAGCCGAGATCACACCACTGCACTCCAGCCTGGGTGACAGAGTGAGACCTCATTTCAAAAACAGCAAAACAAAAAAAAAGAAGAAA","CCTGGCCAACATGGTCAAATCCGTCTCTCCTAAAAATACAAAAATTAGCTGGGCATAGTGGTGTGTGCCTGCAGTCCCAGCTACTTTGGAGCTGAGGCAGGAGAATCCCTTGAACCCCAGAGGTGGAGGTTGCAGTGAGCCGAGATCACGCCACTGCACTCCAGCCTGGACAACAGAGTGAGACTCTGTCTCAAAAGAATAAAAAAAGAAAAAAAAAAGAA"
"chr1","9326056","9326350","chr1","8504430","8504725","27","821626","GGCTGGGCATGGTGGCTCACGCTTGTAATCCCAGCACTTTGGGAGGCCGAGGTGGGCGGATCACCTGAGGTCAAGAGTTCGAGACCAGCCTGCCCAACATGGCGAAACCCCGTCTCTACTAAAAATACAAAAATTAGTCAGGCATAGTGGCATGCGCCTGTAGTCCCACTTACTCGGGAAGCTGAGGCAGAAGAATCGCCTGAACCTGGGAGGCGGAGGTTGCAGTGAGCCGAGATCACACCATTGCACTCCAGCCTGGGCAACAGAGTGAGACTCTGCCTTAAAAAAAAAAGAA","GGCTGGGTATGGTGGCTCACGCCTGTAATCCCAGCACTTTGGGAGGCCGAGGTGGGCGGATCACCTGAGGTCAAGAGTTCAAGACCAGCCTACCCAACATGGCCAAACCACGTCTCTACTAAAAATATAAAAATTAGCTGGGCATGGCGGCATGTACCTGTAATCCCAGCTACTTGGGAGGCTGAGGCAGGAGAATCGCCTGAACCCAGGAGGTGGAGGTTGCAGTGAGCCGAGATCACACCACTGCACTCCAGCCTGGGTGACAGAGTGAGACTCTGCCTTAAAAAAAAAAAGAA"
"chr1","9357802","9358098","chr1","8533739","8534038","35","824063","GGCTGGACGCGGTGGTTTATGCCTGTAATCCCAGCACTTTGGGAGGCCGAGGTGGGTGATCACCTGAGGTCAGGAGTTTGAGACCAGCCTGGCCAATGTGGCAAAACCTCATCTCTATTAAAAATACAAAAATTAGCCGGGTGTGGTCGTGCATGCCTGTAGTCCCAGCTACTTGGGAGTTTGAGGCAGGAGGATTGCTTGAACCTGGGAGGCAGAGGTTTGCAGTGAGCTGAGATTGCGCCACTGCACTACAGCCTGGGTGACAGAATGAGACTCCATCTACCAAAAAAAAAAAAA","GGTGCGGTGGCTCATGCCTGTAATCCCAGCACTTTGGGAGGCCGAGGTGGGCAATCACCTAAGGTCAGGAGTTTGAGACCAGCCTGGCCAACGTGGCAAAACCTCATCTCTACTAAAAATACAAAAATTAGCCGGGTATGGTGGTACAAGGCTGTAGTCCCAGCTACTTGGGAGTTTGAGGTAGGAGGATTGCTTGAACCTGGGAGGCGCAGGTTGCAGTGAGCTGAGATCGCGCCACTGCACTACAGCCTGGGCGACAGAATGAGACTCCGTCTCCAAAAAAAGAAAAGAAAAAAAAAA"
"chr1","9358927","9359240","chr6","75775282","75775584","42","66416355","GGCCAGGTGTGGTGGCTCACGCCTGTAATCCCAGCACTTCGGGAGGCCGAGGCGGGCGCATTACCTGAGGGCAGGAGTTCAAGACCAGCCTGGCCAACATGGTGAACCCTCATCTCTACTAAAATTAGTACACAAAAATGAGCCAGGCATGGTGGCATGGGCCTGTAGTCCCGGCTACTCGGGAGGCTAAGGCAGGAGAATCACTTGAACCTGGGAGGTGGAGGTTGCAGTGAGCCGAGATCACACCATCACACTCCAGCCTGGGGTGACGGAGCAAGACTCTGTCTCAGAAAAACCAACAACAACAACAACAA","GGCCAGGTGCGGTGGCTCACGCCTGTAATCCCAGCACTTTGGGAGGCTGAGGTGGGTGGATTACCTGAGGTCAGGAGCTCAAGACCAGCCTGGCCAACATGGAGAAACCCCATCTCTACTAAAAATACAAAAAATTAGCCAGGCATGGTGGTGCGTGCCTGCAATCCCAGCTACTTGGGAGGCTGAGGCAGGAGAATTGCTTGAACCTGGGAGGCAGAGGTTGCAGTGAGCCAAGATCACGCCATTACACTCCAGCCTGGGTGACAGAGTGAGACTCTGTCTCAAAAAACAACAACAAAAAAA"
"chr1","9380666","9380964","chr1","8556667","8556970","30","823999","GGCTGGGTGCAGTGGCTCATACATGTAATCCCAGCACTTTGGGAGGCTGAGGTGGGTGGATCACCTGAGGTTAGGAGTTCAAGACAAGCCTGGCCAACATGGCAAAACCTTGACTCTACTAAAAATACAAAAATTAGCTAGGTGTGGTGGCACACCCCTATAGTCCCAGCTACTTGGGAGGCTGAGATGGGACAATCACTTGAACCTAGGAGGTAGAGGTCGCAGTGAGCTGAGATTGCACCACTACAGTCTGGGCAACAGAGCGAGACTCTGTCTCAAAATAAATAACAAATAAATAA","GGCCGGGTGCGGTGGCTCACACCTGTAATCCCAGCACTTTGGGAGGCTGAGGCGGGTGGATCACCTGAGGTTAGGAGTTCAAAACAAGCCTGGCTTACATGGTGAAACCTTGACTCTACTAAAATTACAAAAACTAGCCAGGTGTGGTGGCGCACCCCTGTAGTCCCAGCTACTTGGGAGGCTGAGATGGGACAATCGCTTGAACCCAAGAGGTGGAGGTTGCAGAGAGCTGAGATTGCGCCACTTCAGTCTGGGCAACAGAGCGAGACTCCGTCTCAAAATAAATAAATACATAAATAAACAA"
"chr1","9396841","9397126","chr1","8572431","8572724","34","824410","GGCTGGGCATGGTGGCTCACGCCTGCAATCCCAGCACGTTGGGAGGCTGAGACGAGTGGATCACCTGAGGTCAGGAGTTCGAGACCAGCCTGGCCAACATGGTGAAACCGCGTCTCTAAAATTAAAAAAATTAGCCAGGCGTGGTGATGCATGCTTGTAATCCCAGCTACTTGGGAGGCTGAAGTGGGAGGATTGCTTGAACCTAGGAGGCGGAGGTTGCAGTGAACTGAGATGGGGCCGCTGCCCTCAGCTGGACGCAGAGCAAGACTCCATCTCAAAAAAAAAA","GGCCGGGCACAGTGTCTCATGCCTGTGATCCCAGCACTTTGGGAGGCTGAGACGGGTGGATCACCTGAGGTCAGGAGTTTGAGACCAGCCTGGCCAACATGGTAAAACTCCATCTACTAAAAATACAAAAATTAGCCAGGCGTGGTGATGCATGCTTGTAATCCCAGCTATTTGGGAGGCTGAAATGGGAGGACCGCTTGAACCTAGGAGGCGGAGGTTGCAGTGAACCGAGATGGGGCCACTACACTCCAGCCTGGGTGACAGAGCAAGACTCCATCTCAAAAAAAAAAAAAA"
"chr1","9401112","9401409","chr1","8576584","8576877","35","824528","GGCCAGGCACGGTGGCTCACGCCTGTAATCCCAGCACTTTGGGAGGCCGAGGCATGTGGATCACCTGGGGTCAGGCATTTAAGACCAACCTGGCCAACATGGTGAAACCCCGTCTCTACTAAAAATACAAAAATTTGTGGTACACACCTGTCGTCCCAGTTACTCGGGAGGCTGAGGCAAGGGAATCTCTTGAACCTGGGAGGTGGAGGTTGTAGTGAGCCGAGATGGCACCACTGAACTCCAGCCTGGGTGACAGAGCAAGACTCCATCTACAAAAAAAAAAAAAAAAAAACATAAA","GGCAGGGCGTAGTGACTCACGCCTGTAATCCCAGCACTTTGGGAGGCCGAGGCATGTGGATCACCTGGGGTCAGGAGTTGGAGACCAGCCTGGCCAACATGGTGAAACCCTGTCTCTACGAAAAATACAAAAATTAGTGGTGCACACCTGTAGTCCCAGCTACTCAGGAGGCTGAGACAAGAGAATCGCTTGAACCGGGGAGGTAGAGGTTGCAGTGAGCCGAGATGGCACTACTGAACTCCAGCCTGGGCAACAGAGCAAGACACCACCTCAAAAAATAAAAATAAAAAATAA"
"chr1","9403445","9403681","chr1","8579153","8579390","19","824292","ATCTGAGGTCGGGAGTTCGAAACCAGCCTGACCAACATGGAGAAACCCCGTCTCTACTAAAAATACAAAATCAGCCGGGCGTGGTGGTGCATACCTGTAATCCCAGCTACTTGGGAGGCTGAGGCAAGATAATTTCTTGAACCCGGGAGGTGGAAGTTGCAGTGAGCCTAGATCGCGCCGCTGCACTTCAGCCTGGTGACAGAGTGAGACTCCATCTCAAAATAAATAATAAATAAA","ATCTGAAGTCGGGAGTTCAAGACCAGCCTGACCAACATGGAGAAACCCCGTCTCTACTAAAAATACAAAATTAGCCAGGTGTGGTGGTGCGTGCCTGTAATCCCAGCTACTTGGGAGGCTGAGGCAAGAGAATTTCTTGAACCCGGGAGGCAGAGGTTGCAGTCAGCCTAGATCGTGCCACTGCACTTCAGCCTGGTGACAGAGTGAGACTCCGTCGCAAAAAAAATAAATAAATAAA"
"chr1","9404064","9404348","chr1","8579777","8580062","25","824287","GGCCAGGCACGGTGGCTCACACCTGTAATCTCAGCATTTGGGAGGCCAAGGTGGGCAGATCACTGAGGTCAGGAGTTCAGGACCAGCCTGGCCAACATGATGAAACCCAGTCTCTACTAAAAATACAAAAATTAGCTTGGTGTGGTGTCGCATACCTGTAACCCCAGCTACTTGAGAGGCTGAGGCAGGAGAAGCACTTGAACCCAGGAGGTGGAGGTTGCACTGAGCCGAGATTGTGCCACTGCACTCCAGCTTGGGCCACAGAGTGAGACTCCAAAACAAAAA","GGCTGGGCACGGGAGCTCATACCTGTAATCTCAGCAGTTGGGAGGCTGAGGTGGACAGATCACCTGAGGTCAGGAGTTCAAGACCAGCCTGGCCAACATGATGAAACCGTGTCTCTACTAAAAATACAAAAATTACCTGGGCTTGGTGTCGCATACCTGTAACCCCAGCTACTTGGGAGGCTGAGGCAGGAGAATCACTTGAACTCAGGAGGTGGAGGTTGCCCTGAGCCAAGATTGCGCCACTGCACTGCAGCTTGGGCCACAGTGTGAGACTCCAAAACAAAAA"
"chr1","9406702","9406813","chr3","177541212","177541321","25","168134510","GCCTGTAGTCCAGGGTGCTTGGGAGGTGAGGTGGGAGGATCGCTTAAGCCTGGGAGGCAGAGGTTGCAGTGAGCTGAGATTGCACCACTGTACTCCAGCCTGGGCAACAGGG","CCTGTAATCCCAGCTACTTGGGAAGCTGAGGTACAGAATTGCTTGAACCCGGGAGGCAGAGGCTGCAACGAGTTGAGATTGCGCCACTGCACTCCAGCCTGGACAACAGA"
"chr1","9409358","9409544","chr15","7902064","7902241","40","1507294","AAAATACAGCAGGCCAGGCAAAGTGGCTCATGCGTGTTATCCCAGCACTTTGGGAGGCCAAGGCAGATGGATCATTTGACCCTAGGAGGCAGAGGTTGCAGTGAGCCAAGACTGCACCACTGCACTCCAGCCTGTGCGACAGAGCGAGACCCTGTCTCGAAAAAAAAAAAGAAAAAAGAAAAGAAAA","AAATTAGCCAGGTATGGTGGTGCACGCCTGTAATCCCAACTACTTGGGAGGCTGAGGCAGCAGAATCACTTGAACCTGGGAGGTAGAGGTTGCAGTGAGCCAAGACAGCACCACTGCACTCCAGCCTGGACAAGAGCGAAACTCCAGCTCAAAAAAAAAAAAAAAAAAAAAAAAAAAA"
"chr1","9414441","9414731","chr10","86833856","86834153","30","77419415","GCCGGGCGTGGTGGCTCACGCCTGTAATCCTAGCACTTTGGGAGGCTGAGGTGGGTGGATCACCTGAGGTCAGGAGTTCAAGACCAGCCTGGCCAACATGGCAAAACCCTGTCTCTACTAAAAATACAAAAATCAGCCGGGTGTGGTGGTGCATGCCTGTAATCTCAGCTACTTAGGAGACTGAGGAAGGAGAATCACTTGAACCTGGGAGGTGGAGATTGCAGTGAGCCGAGATCCCGCCACTGCGCTCCAGGCTGTGCGACAGGAGTGAGACTCCATTAAAAAAAAAAA","GGCCAGGCGCGGTGGCTCATGCCTGTAATCTTAGCACTTTGGGAGGTTGAGGTGGGTGGATCACCTGAGGTCAGGAGTTCAAGACCAGCCTGGCCAACATGGCGAAACCCTGTCTCTACTAAAAACACAAAAATTAGCCAGGCATGGTGGCGCATGCCTGTAATCCCAGCTACTCAGGAGGCTGAGGAAGGAGAATCACTTGAACCTGGGAGGTGGAGGTTGCAGTGAGCCGAGATTGCGCCACTGTACTCCAGCCTGCGCGACAGGAGCGAGACTCCATCTCAAAAAAAAAAGAAGA"
"chr1","9415258","9415548","chr1","113822360","113822643","44","104407102","GCTTGTAATCCCAGCACTTTGGGAGGCCAAGGCGGGTGGATCACCTGAGGTCAGGAGTTCAAGACCAGCCTGGCCAACCCCATGGGCAAAACCCTATCTCTACTAAAAGTACAAAACTTAGCCGAGTGTGGTGGTGCGTGCCTGTAGTCTCAGCTACTTGGAAGGCTGAGGTGTGAGAATTACTTGAACCCGGGAGGTGGAGGTTGCAGTGAGTCGAGATCGCACAACTGCACTCCAGCCTGGGTGACAAAGTGAGGCTCCATCTACAAAAAAAAAAAAAAAAAAAAAAAA","GCCTGTAATCCCAGTACTTAGGGAGGCCAAGGTGGGTAAATCACCTGAGGTCAGGAGTTTGAGACCAGCCTGGCCAACATGGCAAAACCCTGTCTCTACTAAAAATACAAAAATTAGCCAGGCGTGGTGGCGCGCATCTGTAGTCCCAGCTACTTGGGAGGCTGAGGCAGGAGAATTGCTTGAACCCAGGAGGTGGAGGTTGCAGTGAGCTGAGATCGTGCCACTGCACTCCAGCCTGGCAACAGAGTGAGACTCCGTCTCAAAACAAAAAAAAAAAACAAAAA"
"chr1","9419876","9420164","chr6","74187933","74188220","36","64768057","GGCCAGGTGTGGTGGCTCATGCCTGTAATCCCAGCACTTTGGGAGGCCAAGGCAGGTGGATCGCCTCAGGTCAGGAGTTCGAGACCAGGCTGGCCAACATGACGAAACTCCATATCTACTAAAAATACAAAAATTAGCCGGGCATGGTGGTGCACACCTGTAATCCCAGCTACTTGGGAGGCTGAGGCAGGAGAATTGCTTGAGCCCGGGAGGCAGAGGTTGCAGTGAGCTGAGATCGTGCCACTGCACTCCAGCCTGGTGAGATGCCTCCAAAAAAAAAAAAAAAGAA","GGCCGGGCGCGGTGGCTCACGTCTGTAATCCCAGCACTTTGGCAGGCCAAGGAAGGCAGATCACCTGAGATCAGGAGTTCGAGACCAACCTGGCCAACATGGTGAAAACCCATCTCTACTAAAAATATAAAAATTAGCCTGGCATGGTGGTGCACACCTGTAATCCCAGCTGCATGGGAGGCTGAGGCAGGAGAATTGCTTGAACCTGGGAGGCGGAGGTTGCAGTGAGCTGAAATCGTGCCACTGCACTCCAGCCAGAGCCAGACTCCATAAAAAAAAAAAAAAAAA"
"chr1","9422135","9422431","chr1","8597706","8598011","33","824429","CTGGGCGCAGTGGTTCACGCCTGTAATTCCAGCACTTTGGGAGGCCGAAGCAGGTGGATCACGTGAGGTCAGGAGTTCAAGAGCAGCCTGATCAACATGGCGAAACCCTGTCTCTATTAAAAATACAAAAAAATTAGCCGGGCGTGGTGGCACGTGCCTGTAATCCCAGCTACTTGGGAGGCTAAGGCAGGAGAATCGCTTGAACCTGGGAGGCAGAGGTTGCAGTGAGCCAAGATCTCACCGTTGCACTCCAGCCTGGTTGACAGAGCAAGACTCTGTCTCAAAAAACAAAAAAAA","CTGGGCACAGTGGCTCACGCCTGTAATTCCAGCACCTTGGGAGGCCGAAGCGGGTGGATCACCTGAGATCAGGAGTTTGAGACCAGCCTGACCAACATGGCAAAACCCTGTCTCTAGTAAAAATACAAAAAAATTAGCCGGGCGTGGTGGCCCATGCTTGCAGTCCCAGCTACTTGGGAGGCTGAGGCAGGAGAATCACTTGAACCTGGGAGGCAGAGGTTGCAGTGAGACAAGATCTTGCCATTGCACTCCAGCCTGGGTGACAGAGCAAGACTCTGTCTCAAAAACAAAAAGCAAAAAACAAAA"
"chr1","9427652","9427905","chr2","56066062","56066311","32","46638410","GGCCGAGCATGGTGGCTCACACCTGTAATCTCAGCACTTTGGGAGACTGAGGTGGGTGGATCACCTAAGGTCAGGAGTTCAAGACCAGCCTGGGCAACATGGTTGAAACCCCGTCTCTACTAAAAATACAAAAATTAGTTGGGCGTGGTGGCATGCACCTGTAATCCCAGCTACTTGGGAGGCTGAGGCAGGAGAACCACTTGAACCTGGGAGATGGAGGTTGCAGTGAGCCAAGATCTCACCACTGCACTCTA","GGCTGGGCATGGTGGCTCACACCTGTAATCCCAGCACTTTGGGAGGCCGAGGTGGGTGGATCACCTGAGGTCAGGAGCTCAAGACCAACCTGGCCAACATGGCGAAACCCCGTCTCTACTAAAAATACAAAAATTAGCTGGTGTGGTTGCATATGCCTGTAATCCCAGGTACTTGGGAGGCTGAGACAGGAGAATCTGTGGAACCTGGGAGACGGAGGTTGCAGTGAGCTGAGATCGCATCACTGCGCTC"
"chr1","9441246","9441559","chr1","40610787","40611094","41","31169541","GGCCAGGCGTGATGGCTCACACCTGTAATCCCAGCACTTTGGGAGGCCAAGGTGGGTGAATCAACTGAGGTCAGGAGTTCGAGACCAGCCTGGCCAACATGGCGAAACCCCATCTCTACTAAGAATATTAAAAAAATTAGCCAGGTGTGGTGGTGCATGCTTGTAATCCCAGCTACTTGGGAGTCTGAGGCACGATAATTGCTTGAACCCAGGAGGCAGAGGTTGTGGTGAGCCGAAATTGTGCCACTGTACTCCAGCCTGGGTGACACAGTGATACTGTATATTTAAAAAAAAAAAGAAGAAAGAAAAGAAAA","GGCCAGGCTCGGTGGCTCACACCTGTAATCCCAGCACTTTGGGAGGCCAAGGTGGGTGGATCACCTGAGGTCAGGAGTTTGAGACCAGCCTGGCCAACATGGTGAAACCCCGTCTCTACTCAAAATACAAAAATTAGCCAGGTGTGGTGGTACAGGCCTGTAATCCCAGCTACTCAGGAGGCTGAGGCTTGAGAATTGCTTGAACCCGGGAGGCAGAGGTTGCAGTGAGCCGAGATTGTGCCATTGCACTCCAGGTTGGGTGACAGAGTAAGACTCTATCTCAAAAAAAAAAAAAAAAAAAAAAAAAA"
"chr1","9442329","9442630","chr1","8618849","8619149","20","823480","GGCTGGGCACAGTGGCTTACGCCTGTAATCCCAGCACTCTGGGAGGCCGAAGCAGGCAGATCACCCAAGATCAGGAGTTCAAGGCCAGCCTGGGCAACAAGGCGAAACCCTGTCTCTACTAAAATACAAACATGAGCCAGGTGTGGTGGCACATGCCTGTAAACTCAGCTACTTGGGAGGCTGAGGCAGGAGAATTGCTTGAACCCAGGAGGCAGAGGTTGCAGTGAGCTGAGATCCAGCCACTGCACTCCAGCCTGGGTGATAGAGCAAGACTCTGTCTCAAAAAATAAAAATAAAAAAGA","GGCTGGGCACAGTGGCTTACACCTGTAATCCCAGCACTTCCGGAGGCCAAAGCAGGCGGATCACCCAAGGTCAGGAGTTCGAGACCAGTCTGGCAACAGGGCAAAACCTTGTCTCTGCTAAAATACAAACATGAGCCAGGTGTGGTGGCACATGCCTGTAAACTCAGCTACTTGGGAGGCTGAGGCAGGAGAATTGCTTGAACCCAGGGAGCAGAGGTTGCAGTGAGCTGAGATCGAGCCACTGCACTCCAGCCTGGATGACAGAGCAAGACTCTGTCTCAAAAAATAAAAATAAAAAAGA"
"chr1","9459167","9459477","chrX","23558557","23558868","39","14099390","GTCAGGCGCAGTGGCTCACTCCTGTAGTCCCAGCACTTTGGGAGGCTGAGGCAGGCGGATCACCTGAGGTCAGGAGTTTGAGACCAGCCTGGTGAGTATGGTAAAATCCCATCTCTACTAAAAATACAAAAATTAGCCAGGCGTGGTGGTGCACACCTGTAATCCCAGACTAACTTGGGAGGCTGAAGCAGGAGAATAGCTTGAACCTTGGAGGCAGAGGTTGCAGTGAGCTGAGATCATGCCACTGCACTCCAGCCTAGGCAACAAAGCCAGACTCTGTCTACAAAAAAAAAAAAAAAAAAAAAAAAAAA","GGCTGGGCGCGGTGGCTCACGCCTGTAATCCCAGCACTTTGGGAGGCCGAGGCAGGCGGATCACCTGAGGTCAGGAGTTCAAGACCAGCCTGGCCAACATGGTGAAACCCCATCTCTACTAAAAATACAAAAATTAGCTGGGAGTGGTGGTGGTGCGTGCCTGTAATCCCAGCTACTAGAGAGGCTGAGGCAGGAGAATTGCTTGAACCCTGGAGGCAGAGGTTGCAGTGAGCCAAGATCGTGCCACTGCACTCCAGCCTGGGCGACAGAGCGAGACTCTGTCTCAAAAAAAAAAAAAAAAAAAAAAAAAAA"
"chr1","9459615","9459920","chr15","109458692","109458994","39","99999077","GTGGCTCATGCCTGTAATCTCAGCATTTTGGGAGGCCGAGGCTGGTGGATTACCTGAGGTCAGGAGTTTTGAGACCAGCCTGGCCAACATGGCGAAACCCTGTCTCTACTAAAAATACAAAAAATTAGCCGGGCATGGTGGCGCATGCCTGTAATCCCAGCCACTCAGGAGGCTGAGGCAAGAGAATCGCTTGAACCCGGGAGGTGGAGGTTGCAGTGAGCCAAGATTGTGCCATTGTACTCCAGCCTGGGTGACAGAGCGAGACTCCGTCTCAAAAAAACAAACAAACAAACAAAACACAAAAAA","GTGGCTCACACCTGTAATCTCAGCACTTTGGGAGACCGAGGCAGGTGGATCACCTGAGGTCGGGAGTTTGAGACCAGCCTGACCAACGTGGAGAAACCCCGTCTCTACTAACAATACAAAATCAGCTGGGCGTGGTGGTGCATGCTTGTAATCCCAGCTACTCGGGAGGCTGAGGTAGGAGAATCGCTTGAACCTGGGAGGTGGAGGTTGCGGTGAGCCGAGATCGAGCCACTGCACTCCAGCCTGGGTGACAGAGCAAGACTCCATCTCAAAAAAAAAAAAAAAAAAAAAAAAAAAAAAAAA"
"chr1","9468840","9469135","chr1","8642366","8642662","34","826474","GACTGGGCTCGGTGGCTCACGTCTGTAATCCCAGCACTTGGCAAGGCTGAGAAAGGTGGATCACCTGAGGTCAGGAGTTCAAGACCAGCCTGACCAACATGGAGAAACCCAGTCTCTACTAAAAATACAAAACTTAGCTAGGTGTGGTGGTGCACGCCTGTAGTCCCAGCTACTGGGGAGGCTGAGGCAGGAGAATCACTTGAACCTGGGAGGCAGAGGTTGCAGTGAGCTGAGATTCTGCCACTGCACTCCAGCCTGGGTGACACAGTGAGACTCTGTCTCAAAAAAAATAAAAA","GACTGGGCTCGGTGGCTCGCGTCGGTAATCCCAGCACTTGGCAAGGCCAAGACGAGTGGATCACCTGAGGTCAGGAGTTCAAGACCAGCCTGACCAACATGGAGAAACCCCATCTCTACTAAAAATACAAAAATTAGCTGGGTGTGGTGGCGCACACCTATAATCCTAGCTACTGGGGAGGCTGAGGCAGGAGAACTGCTTGAACACAGGAGGCAGAGGTTGCAGTGAGCTGAGACTGTGCCACTGCACTCCCCTGGGTGACAGAGTGAGACTCTGCCAAAAAAAAAAAAAAAAAAA"
"chr1","9472762","9472865","chr3","151235850","151235951","9","141763088","GGCCGGGCATGGTGGCTCACGCTGTAATCCCAGCACTTTGGGAGGCCGAGGCGGGTGGATCACCTGAGGTCAGGAGTTCAAGACCAGCCTGACCAACACTGGTG","GGCCGGGCATGGTGGCTCATGCCTGTAATCCCAGAACTTTGGGAGGCCGAGGCAGGTGGATCACCTGCGGTCAGGAGTTCAAGACCAGCCTGGCCAACATGG"
"chr1","9473187","9473328","chr1","29438048","29438196","25","19964861","CACGCACCTGTAGTCCCAGCTACTCAGGAGGCTGAGGCAGGAGAATTGCTTGAATCCGGGAGGCGGAGGTTGCAGTGAGCTGAGATCGCGCCACTGCACTCCAGCCTGCCAATAGAGCGAGACTCCGTCTAACAAAAAAAGA","AATTAGCCGGGCCTGTAATCTCAGCTACTCAGGAGGCTAAGATAGGAGAATTGCTTGAATCCGGGAGGCGGAGGTTGCAGTGAGCTGAGATCGTGTCACTGCACTCCAGCCTGGGAGACAGAGCGAGACTGAATCTCAAAAAAAAAAAA"
"chr1","9481728","9482021","chr19","44781977","44782268","38","35300249","GGCCAGGCACGGTGGCCCACGCCTGTAATCCCAGCACTTTGAGAGGCTGAAATGGGAGGATCACCCAAGGTCAGGAGTTCAAGACCAGCCTGGCCAACACAGTGAAACCCCATTTCTACAAATAATACAAAAACTAGCCAGGTGTGATGGTGCGCACCTGTAGTCCCAGCTACTCGGGAGGCTGAGGCAGGAGAATTGCTTGAACCCTGGAGGCAGAAGTTGCAGTGTGCCAAGATAGCGTCACTGCACTCCAGCCTGGGTGACAGAGCGAGGCTCTGTCTCAAAAAAAAAAAA","GCCAGCCACGGTGGCTCACACCTGTAATCCCAGCACTTTGGGAGGCCGAGGTGGGTGGATCACCTGAGATCAGGAGTTCGAGACCAGCCTGGCCAACATGGTGAAACCCCGTCTCTACTAAAATACAAAAATCAGCCGGGTGTGGTGGTGCACACCTGTAATCCCAGCTACTCGGGAGGCTGAGGCAGGAGAACCGCTTGAACCCGGGAGGCAGAGGTTGCAGTGAGCCAAGATTGCACCAGTGCACTCCAGCCTGGGTGACAGAGCAAGACTCCATCTCAAAAAAAAAAAA"
"chr1","9489210","9489504","chr20","8006906","8007198","42","1482304","GCCAGGCGCGGTAGCTCACGCCTGTAATCCCAGCACTTTGGGAGGCCGACGCAGGCACATTGCCTGAGCTCAGGAGTTTGAGACCAGCCTGGGCAACATGGTAAAACCCCGTCTCTACTAAAAATACAAAAATTAGCCGGGTGTGGTGGCTCATGCCAGTAATCTCAAGTACTGGGGAGGCTGAGGCACCAGAATCGCTTGAATCCGGGAGGCAGAGGTTGCAATGAGCTGAGATCACGCCACTGCACGCCAGCCTGGGCAACAAAGTACGACTTTTTCTAAATAAAAATAAAAA","GGCCGGGCGTGGTGGCTCACACCTGTAATCCTAGCACTTTGGGAGGCTGAGGTGGGCAGATCACCTGAGGTCAGGAGTTTGAGACCAGCCTGGCCAACATGGTGAAACCCCATTTCTACTAAAAATACAAAAATTAGCCGGGTGTGGTGGCACATGCCTGTAATCCCAGCTACTTGGGAGGCTGAGGCAGAAGAATCACTTGAACCCAGGAGGCAGAGGTTGCAGTGAGCAGAGATCACGCCATTGCACTCCAGCCTGGGCGACAAAGCAAGACTCTGTCTCAAAAAAAAAAA"
"chr1","9494767","9494966","chr17","61702562","61702761","27","52207795","GTCTCTACTAAAAATACAAAATTATCCGGGCATGGTGGTGCACACCTGTAATCCCAGCTACTCGGGAGGCTGAGGCAGGAGAATCACTTGAACCCGGGAGGTGGAGGTTGCAGTGAGCCGAGATGGCGCCACTGCACTCCAGCCTGGGTGACAGGGGGAGACTCCCTCTCAAAAAAAATAAAAATAAATAAAAAATAAAA","TTTCTACTAAAAATACAAAACTTAGCTAGGCATGGTGGTGGGTGCCTGTAATCCCAGCTACTCGGGAGACTGAGGCAGGAAAATTGCTTGAACCCGGGAGGTGGAGGTTGCAGTGAGCTGAGATTGCGCCACTGCACTCCAGCCTGGATGACAGAGCGAGACTCCGTCTCAAAAAAAGAAAAGAAAAAGAAAAGAAAAAA"
"chr1","9496974","9497271","chr16","5625017","5625313","38","3871957","GGCTGGGCCCGGGGCTCACGCCTATAATCCCAGCACTTTGGGAGACCAACGTGGGCAGATCGCCTGAGGTCAGGAGTGCGAGACCAGCTTGGCCAACAAGGTGAAACGCCATCTCTATTAAAAATACAAAAATTAGCCAGGTGTGGTGGCACATGCCTGCAATCCCAGCTACTCAGGAGGCTGAGGCAGAAGAATCTCTTGAACTGGGAGGTGGAGGTTGCAGTGAGCCGAGATGGCAGCACTGCATTCCAGCCTGGGCAACAGAGTGAGACTCCATCTCAATTTAAAAAAAAAAAAA","GGCTGGGCACGGTGGCTCACGCCTGTAATCCCAGCACTTTGGGAGGCCAAGGCAGGCGGATCACCTGAGGTCAAGAGTTTGAGACCAGCCTGGCCAACATGGTGAAACCTCCTGTCTACTAAAAATACAAAAATTAGCCAGGTGTGGTGGCGCATGCCTGTAATCCCAGCTTCTCGGGAGGCTGAGGCAGGAGAATCGCTTGAACTCGGGAGGCGGAGGTTGCAGTGAGCCAAGATTACACCATTGCACTCCAGCCTGGGCAACAGAGCGAGACTCCATCTCAAAAGAAAAAAAAAA"
"chr1","9498092","9498398","chr10","13801982","13802279","42","4303890","GGCCAGGCGGGGTGGCTCACGCTCGTAATCACAGAACTCTGGGAGGCCGAGGCGGGCGGATCACCTGAGGTCAGGAGTTCGAGATTAGCCTGGCCAACATGGCGAAACCCCGTCCCTACTAAAAATACAAAAAATTAGCCAGGCGTGGTGGTGTGCGCCTGTAATCTCAGCTACATGGGAGGCTGATGCAGAAGAATTGCTTGAACTCGGGAGGCGGAGGTCGCAGTGAGCCGAGATCACACTATTGCACTCCAGCCTGGGCGACGAGTAAACCCTGTCTCAAAGGAAAAAGCAAAAAGAAAAAGAA","GGCCAGGCACAGTGGCTCACACCTGTAATCCCAGCTCTTTGGGAGGCTGAGGCAGGCGGATCACCAGAGGTCAGGAGTTCGAGACCAGCCTGGCCAACATGACGAAACCCCGTCTCTACTAAAAATACAAAAATTAGCCAGGCATGGTGGTGTGTGCCTGTAATCTCAGCTTCTTGGGAGGCTGAGGCAGAAGAATCGCTTGAACCCGGGAGGCGGAGGTTGCAGTGAGCCGAGATCGCACCACTGCACTCCAGCCTGGGTGAAAGTGAGACTGTCTCAAAAAAAAAAAAAAAAAGAA"
