"chr1","1320814","1321109","chr2A","39691151","39691451","40","38370337"
"chr1","2639640","2639779","chr1","2612441","2612580","1","27199"
"chr1","4371393","4371689","chr1","4457123","4457420","3","85730"
"chr1","6473449","6473517","chrX","131167794","131167857","13","124694345"
"chr1","8876906","8877184","chr9","130199403","130199681","43","121322497"
"chr1","8987245","8987533","chr1","9021794","9022081","2","34549"
"chr1","9750550","9750846","chr1","9866572","9866869","2","116022"
"chr1","10076380","10076678","chr1","10199750","10200053","5","123370"
"chr1","10358890","10359011","chr11","94154778","94154888","29","83795888"
"chr1","12198498","12198801","chr1","12373339","12373643","2","174841"
"chr1","17418043","17418316","chr1","17318299","17318600","28","99744"
"chr1","17455464","17455624","chr19","4456933","4457093","27","12998531"
"chr1","19849407","19849710","chr1","19820717","19821026","9","28690"
"chr1","21116884","21117182","chr6","102280242","102280539","37","81163358"
"chr1","21874560","21874860","chr3","158917814","158918103","65","137043254"
"chr1","23139054","23139347","chr1","9021794","9022081","49","14117260"
"chr1","24888140","24888261","chr4","4263057","4263177","19","20625083"
"chr1","25000003","25000197","chr15","61495271","61495458","34","36495268"
"chr1","25297096","25297285","chr17","7159736","7159920","26","18137360"
"chr1","25330932","25331202","chr11","48198367","48198629","70","22867435"
"chr1","25841735","25842033","chr6","152618192","152618486","28","126776457"
"chr1","27250278","27250471","chr3","164324522","164324716","29","137074244"
"chr1","27751607","27751903","chr16","49104494","49104787","33","21352887"
"chr1","28247627","28247793","chr7","153741375","153741543","23","125493748"
"chr1","28852208","28852311","chr12","93507818","93507914","26","64655610"
"chr1","28962754","28963013","chr20","2791322","2791566","73","26171432"
"chr1","29019295","29019599","chr11","111930602","111930899","34","82911307"
"chr1","29259006","29259116","chr1","226740878","226740970","28","197481872"
"chr1","29909845","29910166","chr1","29678294","29678599","18","231551"
"chr1","32615793","32616095","chr1","32460019","32460320","4","155774"
"chr1","33061253","33061554","chr7","72551487","72551785","33","39490234"
"chr1","33174336","33174625","chr1","32898585","32898876","12","275751"
"chr1","33207115","33207413","chr5","19750532","19750829","34","13456583"
"chr1","33324718","33325016","chr1","33033617","33033913","2","291101"
"chr1","35576277","35576432","chr1","35325683","35325839","2","250594"
"chr1","35871262","35871543","chr11","48198367","48198629","68","12327105"
"chr1","36258061","36258369","chr1","36014417","36014725","3","243644"
"chr1","39592460","39592635","chr2B","155601921","155602093","28","116009461"
"chr1","40630189","40630479","chr1","40304691","40304984","3","325498"
"chr1","40957008","40957170","chr1","40639893","40640055","0","317115"
"chr1","41816714","41816998","chr12","6329364","6329655","39","35487350"
"chr1","43208617","43208889","chr1","42846414","42846710","25","362203"
"chr1","43222225","43222415","chr17","7159736","7159920","29","36062489"
"chr1","46030623","46030927","chr1","105437929","105438243","42","59407306"
"chr1","46898183","46898382","chr3","164324522","164324716","31","117426339"
"chr1","48033963","48034251","chr1","47586923","47587211","0","447040"
"chr1","48157715","48158015","chr12","96548084","96548383","36","48390369"
"chr1","48834333","48834620","chr1","48402575","48402864","2","431758"
"chr1","53569222","53569437","chr1","53127739","53127954","0","441483"
"chr1","53588389","53588685","chr1","53148107","53148405","3","440282"
"chr1","54809457","54809745","chr1","54402574","54402862","5","406883"
"chr1","54917573","54917875","chr19","7755139","7755434","52","47162434"
"chr1","56079329","56079634","chr1","55701159","55701464","3","378170"
"chr1","60476646","60476966","chr3","192736621","192736929","53","132259975"
"chr1","61180334","61180634","chr1","60768869","60769159","19","411465"
"chr1","61947066","61947364","chr1","61419898","61420188","10","527168"
"chr1","62399575","62399769","chr4","40720908","40721122","46","21678667"
"chr1","62780299","62780471","chr2B","155601921","155602093","20","92821622"
"chr1","68489579","68489858","chr1","68068104","68068408","27","421475"
"chr1","68910335","68910636","chr1","68338914","68339216","1","571421"
"chr1","70200240","70200511","chr1","146195212","146195486","50","75994972"
"chr1","78654575","78654875","chr1","78023034","78023339","8","631541"
"chr1","78794910","78795208","chr17","45366522","45366820","31","33428388"
"chr1","79213355","79213652","chr1","78593615","78593919","14","619740"
"chr1","82519984","82520280","chr1","81881334","81881630","3","638650"
"chr1","86871399","86871679","chr1","86200728","86201008","1","670671"
"chr1","87156290","87156618","chr7","78485810","78486135","54","8670480"
"chr1","90863633","90863941","chr10","101381645","101381953","37","10518012"
"chr1","92937622","92937921","chr1","92295184","92295480","3","642438"
"chr1","93336671","93336968","chr1","92699587","92699885","4","637084"
"chr1","94915870","94916054","chr1","94290749","94290933","1","625121"
"chr1","95946133","95946413","chr1","86200728","86201008","44","9745405"
"chr1","101533823","101534117","chr1","100989606","100989902","4","544217"
"chr1","102864659","102864956","chr1","102337824","102338125","6","526835"
"chr1","106229894","106230208","chr1","105437929","105438243","2","791965"
"chr1","113724082","113724298","chr1","112873023","112873240","3","851059"
"chr1","121386910","121387171","chr1","120514612","120514907","36","872298"
"chr1","123049197","123049367","chr9","29164858","29165029","22","93884339"
"chr1","125035196","125035485","chr2A","54819012","54819306","40","70216184"
"chr1","125799952","125800244","chr1","124931506","124931799","1","868446"
"chr1","129225841","129226144","chr1","128387644","128387953","6","838197"
"chr1","129331757","129332041","chr1","128499439","128499723","0","832318"
"chr1","130310726","130310984","chr20","2791322","2791566","66","127519404"
"chr1","130423290","130423583","chr1","129613135","129613446","19","810155"
"chr1","130632774","130633062","chr1","129825886","129826175","2","806888"
"chr1","130742718","130743026","chr1","129938649","129938964","9","804069"
"chr1","132888998","132889277","chr1","132151314","132151618","28","737684"
"chr1","132995843","132996112","chr3","47882028","47882305","42","85113815"
"chr1","133307832","133308142","chr1","132595170","132595482","4","712662"
"chr1","133336798","133337053","chr1","132623856","132624111","4","712942"
"chr1","133344354","133344551","chrX","124931070","124931259","31","8413284"
"chr1","133386856","133387137","chr1","132671938","132672226","9","714918"
"chr1","139461169","139461419","chrX","48502699","48502954","39","90958470"
"chr1","140476572","140476787","chr4","40720908","40721122","37","99755664"
"chr1","141711841","141712139","chr12","129951986","129952280","32","11759855"
"chr1","143642986","143643282","chr1","142739361","142739658","12","903625"
"chr1","145303961","145304251","chr1","144442308","144442599","1","861653"
"chr1","146543966","146544268","chr1","145694153","145694456","1","849813"
"chr1","147037139","147037405","chr1","146195212","146195486","11","841927"
"chr1","147518097","147518394","chr14","44788338","44788635","33","102729759"
"chr1","150629089","150629233","chr1","149857707","149857851","2","771382"
"chr1","152293692","152294001","chr1","151545016","151545327","5","748676"
"chr1","154089078","154089366","chr1","54402574","54402862","38","99686504"
"chr1","156361911","156362194","chrY","21472708","21472987","40","134889203"
"chr1","157601437","157601616","chr15","39903810","39903983","34","117697627"
"chr1","157896889","157897200","chr3","11933891","11934198","37","145962998"
"chr1","159558531","159558812","chr1","158915790","158916100","32","642741"
"chr1","162757774","162758075","chr1","161659981","161660282","2","1097793"
"chr1","164882882","164883159","chr1","163825000","163825280","4","1057882"
"chr1","171395657","171395826","chr4","1803064","1803245","41","169592593"
"chr1","172494851","172495142","chr1","171374125","171374420","4","1120726"
"chr1","172892264","172892554","chr1","171774000","171774293","3","1118264"
"chr1","172983819","172984111","chr1","171866461","171866755","4","1117358"
"chr1","174336095","174336373","chr1","173249503","173249813","34","1086592"
"chr1","177714108","177714420","chr1","176516666","176516976","5","1197442"
"chr1","180495927","180496224","chr1","179332608","179332903","5","1163319"
"chr1","181426509","181426814","chr1","180294340","180294640","6","1132169"
"chr1","182437133","182437431","chr15","75070840","75071138","48","107366293"
"chr1","182608735","182609024","chr1","181504369","181504659","1","1104366"
"chr1","183870457","183870654","chr22","37181857","37182051","34","146688600"
"chr1","184293060","184293344","chr6","158035567","158035859","38","26257493"
"chr1","184608659","184608791","chr1","183558300","183558435","4","1050359"
"chr1","186061562","186061816","chr1","185272132","185272389","6","789430"
"chr1","186947639","186947930","chr1","54402574","54402862","35","132545065"
"chr1","187278154","187278453","chr1","186501609","186501909","2","776545"
"chr1","191857644","191857909","chr11","48198367","48198629","46","143659277"
"chr1","192186237","192186527","chr1","190875761","190876053","2","1310476"
"chr1","192575743","192576053","chr1","191264260","191264569","3","1311483"
"chr1","199262331","199262609","chr15","87002141","87002432","44","112260190"
"chr1","204044378","204044529","chr1","202678414","202678563","3","1365964"
"chr1","204903376","204903682","chr1","203598159","203598465","6","1305217"
"chr1","206331347","206331658","chr2B","206850402","206850711","35","519055"
"chr1","207170393","207170699","chr12","56532774","56533071","53","150637619"
"chr1","209269025","209269230","chr9","124034099","124034298","39","85234926"
"chr1","211371026","211371316","chr1","209912403","209912694","1","1458623"
"chr1","211897223","211897528","chr1","210445793","210446103","8","1451430"
"chr1","212391541","212391852","chr1","210951786","210952093","5","1439755"
"chr1","220102234","220102531","chr1","218880378","218880677","5","1221856"
"chr1","221806776","221807083","chr1","220613181","220613488","2","1193595"
"chr1","223630458","223630757","chr1","222031334","222031633","0","1599124"
"chr1","223824596","223824893","chr1","222237745","222238044","4","1586851"
"chr1","225811381","225811658","chr1","224250652","224250929","0","1560729"
"chr1","227953161","227953436","chr9","130199403","130199681","39","97753758"
"chr1","228178938","228179233","chr1","226573364","226573666","13","1605574"
"chr1","228213261","228213556","chr1","226608896","226609182","19","1604365"
"chr1","228566235","228566533","chr19","7755139","7755434","30","220811096"
"chr3","236496","236776","chr18","32707337","32707617","39","32470841"
"chr3","3172930","3173235","chr3","3198186","3198490","3","25256"
"chr3","3317490","3317745","chr3","3343502","3343757","4","26012"
"chr3","11994782","11995088","chr3","11933891","11934198","3","60891"
"chr3","19497920","19498217","chr3","19523725","19524024","2","25805"
"chr3","20519838","20519972","chr14","103494107","103494239","18","82974269"
"chr3","20520232","20520361","chr15","88289954","88290073","39","67769722"
"chr3","25978882","25979109","chr3","26159916","26160144","2","181034"
"chr3","28216047","28216353","chr3","28438131","28438438","5","222084"
"chr3","28617522","28617831","chr3","28846139","28846442","7","228617"
"chr3","29625919","29626199","chr3","29866647","29866925","3","240728"
"chr3","32332270","32332565","chr6","152618192","152618486","28","120285922"
"chr3","32538896","32539193","chr3","32828729","32829028","2","289833"
"chr3","32549496","32549797","chr3","32839745","32840037","9","290249"
"chr3","37119179","37119465","chr3","185727501","185727801","45","148608322"
"chr3","37156945","37157135","chr3","37531833","37532023","2","374888"
"chr3","39496613","39496881","chr3","39920556","39920828","4","423943"
"chr3","39725288","39725436","chr3","139937892","139938024","34","100212604"
"chr3","41961536","41961843","chr3","42443728","42444037","3","482192"
"chr3","43555866","43556143","chr3","183203955","183204231","50","139648089"
"chr3","46816099","46816378","chr3","46501372","46501651","0","314727"
"chr3","47956641","47956934","chr3","47654915","47655210","3","301726"
"chr3","48178679","48178823","chr1","40639893","40640055","30","7538786"
"chr3","48530016","48530316","chr7","72551487","72551785","35","24021471"
"chr3","48791923","48792214","chr3","48512201","48512494","8","279722"
"chr3","48815926","48816215","chr13","50204940","50205223","38","1389014"
"chr3","49053769","49054081","chr19","42324529","42324827","42","6729240"
"chr3","49479495","49479789","chr7","4420760","4421054","35","45058735"
"chr3","49866367","49866568","chr9","124034099","124034298","25","74167732"
"chr3","50061742","50061910","chr7","153741375","153741543","24","103679633"
"chr3","50080613","50080811","chr3","49839980","49840178","0","240633"
"chr3","50577482","50577599","chr21","29359263","29359383","20","21218219"
"chr3","50577647","50577865","chr19","57209118","57209341","64","6631471"
"chr3","52260686","52260961","chr3","51909182","51909457","0","351504"
"chr3","52719089","52719363","chr3","52371028","52371303","3","348061"
"chr3","53165684","53165822","chr3","52833416","52833551","5","332268"
"chr3","53805976","53806280","chr3","53485109","53485419","8","320867"
"chr3","58248183","58248371","chr3","57984777","57984968","4","263406"
"chr3","58258224","58258519","chr3","57995193","57995477","21","263031"
"chr3","63507219","63507536","chr15","31941885","31942188","50","31565334"
"chr3","63871803","63872098","chr3","63498222","63498521","5","373581"
"chr3","70544271","70544576","chr19","7755139","7755434","39","62789132"
"chr3","72182144","72182416","chr3","72164426","72164698","0","17718"
"chr3","78712274","78712475","chr3","78120642","78120843","1","591632"
"chr3","86810509","86810815","chr3","86124886","86125192","3","685623"
"chr3","90295036","90295326","chr3","89659819","89660110","2","635217"
"chr3","99178887","99179175","chr3","98467751","98468039","3","711136"
"chr3","99673986","99674283","chr6","90061121","90061419","39","9612865"
"chr3","102606141","102606442","chr3","101959196","101959497","0","646945"
"chr3","110805251","110805534","chr3","110006866","110007147","8","798385"
"chr3","110876234","110876537","chr14","36790752","36791055","36","74085482"
"chr3","112359666","112359959","chr3","111587100","111587396","10","772566"
"chr3","113063959","113064127","chr3","112301571","112301739","2","762388"
"chr3","113348621","113348920","chr7","144736012","144736310","42","31387391"
"chr3","116918264","116918574","chr22","45653279","45653586","35","71264985"
"chr3","117524761","117525053","chr3","116784893","116785189","5","739868"
"chr3","119627499","119627807","chr3","118921645","118921950","3","705854"
"chr3","120531126","120531405","chr3","119829490","119829769","1","701636"
"chr3","122037044","122037328","chr3","121361621","121361914","11","675423"
"chr3","124156471","124156774","chr5","13282747","13283051","38","110873724"
"chr3","124223784","124224078","chr3","123562263","123562560","6","661521"
"chr3","125673199","125673485","chr3","125032654","125032961","24","640545"
"chr3","126325695","126325864","chr7","153741375","153741543","21","27415680"
"chr3","128288462","128288692","chr3","127695926","127696156","0","592536"
"chr3","128722649","128722944","chr3","128131645","128131940","4","591004"
"chr3","129516336","129516657","chr19","56758284","56758609","45","72758052"
"chr3","138089237","138089533","chr3","137048504","137048805","6","1040733"
"chr3","138109125","138109330","chr22","37181857","37182051","39","100927268"
"chr3","138119271","138119570","chr3","137085479","137085784","10","1033792"
"chr3","141490787","141491072","chr4","54651167","54651457","43","86839620"
"chr3","143987139","143987444","chr3","142878658","142878964","3","1108481"
"chr3","147255435","147255730","chr3","146210831","146211131","7","1044604"
"chr3","148365395","148365692","chr3","147336271","147336573","5","1029124"
"chr3","153492586","153492893","chr3","152532181","152532483","6","960405"
"chr3","157702931","157703095","chr20","30959776","30959938","42","126743155"
"chr3","160295040","160295333","chr3","158917814","158918103","5","1377226"
"chr3","165604474","165604668","chr3","164324522","164324716","0","1279952"
"chr3","166006546","166006806","chr14","75004392","75004649","34","91002154"
"chr3","172060346","172060609","chr3","170801426","170801689","1","1258920"
"chr3","173402443","173402739","chr3","172145151","172145451","7","1257292"
"chr3","177799125","177799204","chr14","93357178","93357248","17","84441947"
"chr3","179987337","179987630","chr14","48956321","48956614","33","131031016"
"chr3","182600005","182600240","chr7","101523089","101523309","55","81076916"
"chr3","183780606","183780908","chr3","182524608","182524911","2","1255998"
"chr3","184451575","184451849","chr3","183203955","183204231","2","1247620"
"chr3","184581659","184581968","chr3","183335337","183335631","22","1246322"
"chr3","186944036","186944335","chr3","185727501","185727801","2","1216535"
"chr3","187468070","187468285","chr3","78120642","78120843","41","109347428"
"chr3","188150869","188151106","chr7","97687407","97687651","38","90463462"
"chr3","188492540","188492825","chr3","187308946","187309237","8","1183594"
"chr3","188509660","188509948","chr18","27855946","27856234","36","160653714"
"chr3","189119084","189119388","chr3","187947314","187947618","2","1171770"
"chr3","190307945","190308244","chr3","188837200","188837488","18","1470745"
"chr3","191082515","191082699","chr9","29164858","29165029","43","161917657"
"chr3","194249995","194250300","chr3","192736621","192736929","6","1513374"
"chr3","196339307","196339363","chr3","194849283","194849339","0","1490024"
"chr3","199966986","199967146","chr2B","132000001","132000178","49","67966985"
"chr3","202896225","202896505","chr3","199428523","199428810","7","3467702"
"chr3","203352812","203353116","chr3","200081030","200081338","9","3271782"
"chr3","204987729","204988023","chr3","201745914","201746209","2","3241815"
"chr3","205060156","205060312","chr19","4456933","4457093","28","200603223"
"chr4","2595817","2596017","chr3","78120642","78120843","28","75524825"
"chr4","2610756","2610938","chr17","7159736","7159920","21","4548980"
"chr4","3243109","3243400","chr4","3272670","3272962","1","29561"
"chr4","5360525","5360822","chr4","5349290","5349596","10","11235"
"chr4","11013358","11013663","chr4","11008674","11008981","3","4684"
"chr4","14149250","14149546","chr14","44788338","44788635","40","30639088"
"chr4","15468747","15469024","chr7","64394232","64394530","49","48925485"
"chr4","17305850","17306025","chr10","14999292","14999462","29","2306558"
"chr4","20026676","20026942","chr4","20185549","20185822","9","158873"
"chr4","21519512","21519796","chr4","21697422","21697709","4","177910"
"chr4","25196964","25197173","chr9","132418285","132418491","81","107221321"
"chr4","27383725","27384014","chr4","27693751","27694051","11","310026"
"chr4","28012504","28012659","chr19","4456933","4457093","24","23555571"
"chr4","30458637","30458923","chr4","30788091","30788371","9","329454"
"chr4","37522273","37522588","chr12","38281137","38281448","39","758864"
"chr4","37953903","37954190","chr4","37759492","37759775","6","194411"
"chr4","39230047","39230344","chr4","39064807","39065102","6","165240"
"chr4","39341729","39341900","chr7","153741375","153741543","24","114399646"
"chr4","39442137","39442428","chr4","39285304","39285592","8","156833"
"chr4","40840557","40840771","chr4","40720908","40721122","1","119649"
"chr4","42362604","42362894","chr4","73419052","73419362","49","31056448"
"chr4","43657822","43658091","chr4","43571199","43571468","1","86623"
"chr4","44755479","44755769","chr4","44683072","44683363","2","72407"
"chr4","45927825","45928122","chr4","45859737","45860030","6","68088"
"chr4","47651218","47651417","chr3","164324522","164324716","33","116673304"
"chr4","49711501","49711667","chr4","1803064","1803245","38","47908437"
"chr4","51132115","51132395","chr4","51132690","51132975","10","575"
"chr4","53548380","53548676","chr4","53571955","53572251","0","23575"
"chr4","53963441","53963745","chr4","53992429","53992733","1","28988"
"chr4","54551479","54551778","chr5","13282747","13283051","36","41268732"
"chr4","54604790","54605081","chr4","54651167","54651457","3","46377"
"chr4","59864413","59864703","chr4","59449320","59449612","2","415093"
"chr4","61821732","61822035","chr15","75070840","75071138","41","13249108"
"chr4","62303029","62303269","chr4","61780136","61780376","0","522893"
"chr4","63573183","63573361","chr2A","69717435","69717600","41","6144252"
"chr4","63573400","63573514","chr2A","63883844","63883961","16","310444"
"chr4","63659924","63660216","chr4","63141903","63142195","2","518021"
"chr4","64181248","64181414","chr4","63669761","63669928","2","511487"
"chr4","67847859","67848137","chr4","67367570","67367842","8","480289"
"chr4","73925345","73925625","chr21","32352970","32353251","29","41572375"
"chr4","74743733","74743899","chr8","19760821","19760989","25","54982912"
"chr4","84420707","84421001","chr4","83582850","83583145","3","837857"
"chr4","84519121","84519411","chr4","51132690","51132975","53","33386431"
"chr4","84555006","84555256","chr4","83712976","83713226","1","842030"
"chr4","88505960","88506255","chr4","87717940","87718244","19","788020"
"chr4","89778374","89778639","chr4","89000804","89001070","1","777570"
"chr4","93808143","93808448","chr4","93085628","93085937","11","722515"
"chr4","94787451","94787678","chr4","94066984","94067212","3","720467"
"chr4","95405055","95405255","chr7","88863909","88864111","28","6541146"
"chr4","98572204","98572498","chr4","97917644","97917938","5","654560"
"chr4","102102693","102102995","chr5","58882731","58883030","31","43219962"
"chr4","110044347","110044512","chr1","149857707","149857851","45","39813360"
"chr4","112574980","112575236","chr1","185272132","185272389","53","72697152"
"chr4","115697596","115697902","chr14","51367329","51367629","65","64330267"
"chr4","122922971","122923263","chr6","20388964","20389256","30","102534007"
"chr4","129028785","129029005","chr4","128197585","128197796","12","831200"
"chr4","135046702","135047005","chr4","134038232","134038534","4","1008470"
"chr4","138970868","138971148","chr4","138035097","138035377","2","935771"
"chr4","139562190","139562359","chr9","29164858","29165029","21","110397332"
"chr4","140394403","140394691","chr4","139407371","139407657","12","987032"
"chr4","145361572","145361854","chr6","90613671","90613954","44","54747901"
"chr4","146232207","146232511","chr4","145331291","145331600","9","900916"
"chr4","151768707","151769008","chr4","150780903","150781206","4","987804"
"chr4","155394115","155394394","chr4","154426292","154426598","29","967823"
"chr4","157165086","157165375","chr4","156217552","156217835","7","947534"
"chr4","160361557","160361855","chr4","159284083","159284379","7","1077474"
"chr4","160879071","160879240","chr4","159805526","159805700","5","1073545"
"chr4","165184604","165184907","chr4","164200419","164200723","1","984185"
"chr4","168061257","168061443","chr17","7159736","7159920","24","160901521"
"chr4","170141285","170141445","chr4","168927740","168927900","2","1213545"
"chr4","171494808","171495103","chr4","170350489","170350789","12","1144319"
"chr4","174647827","174648124","chr4","173553950","173554248","4","1093877"
"chr4","181638492","181638790","chr4","180448919","180449219","6","1189573"
"chr4","187399902","187400196","chr4","186315741","186316043","20","1084161"
"chr4","189032696","189033000","chr4","187973776","187974070","12","1058920"
"chr4","190333901","190334193","chr14","48956321","48956614","45","141377580"
"chr4","192056171","192056393","chr6","99816809","99817031","33","92239362"
"chr4","192928261","192928572","chr4","191945561","191945870","2","982700"
"chr5","10909092","10909384","chr5","10861680","10861973","1","47412"
"chr5","11166007","11166290","chr5","11118724","11119017","10","47283"
"chr5","12739080","12739339","chr19","53493615","53493871","45","40754535"
"chr5","13291520","13291823","chr5","13282747","13283051","3","8773"
"chr5","14179111","14179294","chrUn_GL394872","7516","7697","30","14171595"
"chr5","14199751","14200052","chr5","14209041","14209339","10","9290"
"chr5","14436180","14436448","chr5","14450168","14450471","35","13988"
"chr5","18483650","18483958","chr1","12373339","12373643","35","6110311"
"chr5","19203242","19203546","chr5","19039208","19039511","3","164034"
"chr5","19901536","19901837","chr5","19750532","19750829","5","151004"
"chr5","27330815","27331120","chr5","27269446","27269752","3","61369"
"chr5","32398763","32399059","chr5","32208577","32208868","5","190186"
"chr5","36744546","36744837","chr5","36473259","36473551","5","271287"
"chr5","37951237","37951546","chr5","37660679","37660988","2","290558"
"chr5","39045440","39045680","chr4","61780136","61780376","47","22734696"
"chr5","41233709","41234020","chr5","40891631","40891939","7","342078"
"chr5","42482508","42482794","chr17","45366522","45366820","39","2884014"
"chr5","42551630","42551932","chr5","42238471","42238773","7","313159"
"chr5","44426886","44427170","chr5","44083978","44084268","29","342908"
"chr5","45874380","45874544","chr7","153741375","153741543","26","107866995"
"chr5","46245906","46246199","chr5","45902728","45903025","5","343178"
"chr5","46413266","46413442","chr2B","155601921","155602093","29","109188655"
"chr5","50016926","50017019","chr5","49645024","49645117","0","371902"
"chr5","50406614","50406807","chr22","37181857","37182051","26","13224757"
"chr5","59123675","59123972","chr5","58882731","58883030","3","240944"
"chr5","64755570","64755874","chr5","64663906","64664209","1","91664"
"chr5","73913271","73913575","chr5","73581239","73581542","2","332032"
"chr5","82197965","82198264","chr5","81662133","81662434","7","535832"
"chr5","83244937","83245228","chr5","82722421","82722712","1","522516"
"chr5","83841358","83841668","chr2A","39691151","39691451","38","44150207"
"chr5","83923033","83923199","chr7","153741375","153741543","24","69818342"
"chr5","83930575","83930861","chr12","129951986","129952280","41","46021411"
"chr5","85573833","85574121","chr5","85114994","85115285","4","458839"
"chr5","92842004","92842305","chr17","73439096","73439400","41","19402908"
"chr5","93634886","93635194","chr5","93069099","93069406","2","565787"
"chr5","94286472","94286755","chr5","93638255","93638538","1","648217"
"chr5","94828127","94828432","chr5","94163092","94163401","7","665035"
"chr5","97300202","97300502","chr5","96687673","96687973","1","612529"
"chr5","99214729","99214795","chr9","124887914","124887978","20","25673185"
"chr5","99870361","99870633","chr5","99291239","99291539","28","579122"
"chr5","104263590","104263884","chr5","103561356","103561665","16","702234"
"chr5","106095176","106095417","chr7","67027689","67027916","36","39067487"
"chr5","109525179","109525483","chr5","108768803","108769107","2","756376"
"chr5","111515867","111516019","chr5","110791998","110792152","5","723869"
"chr5","116803668","116803978","chr5","116148425","116148736","5","655243"
"chr5","118130167","118130453","chr5","117497355","117497645","4","632812"
"chr5","123072138","123072439","chr5","122488741","122489035","8","583397"
"chr5","130867583","130867894","chr5","130337092","130337403","6","530491"
"chr5","133218584","133218856","chr12","71505712","71505995","41","61712872"
"chr5","134458906","134459204","chr5","133544461","133544766","8","914445"
"chr5","134556977","134557268","chr5","133644376","133644667","1","912601"
"chr5","136369171","136369466","chr5","135512787","135513083","8","856384"
"chr5","140926759","140927004","chr1","10255402","10255659","43","130671357"
"chr5","141190260","141190474","chr4","40720908","40721122","35","100469352"
"chr5","141647676","141647985","chr5","140882851","140883163","5","764825"
"chr5","142549094","142549371","chr5","141807222","141807528","29","741872"
"chr5","143677059","143677363","chr13","87170284","87170589","41","56506775"
"chr5","145242534","145242828","chr5","144544636","144544932","7","697898"
"chr5","158393935","158394233","chr5","157882709","157883011","8","511226"
"chr5","160009439","160009605","chr5","158886887","158887045","24","1122552"
"chr5","160966216","160966505","chr19","59076998","59077292","31","101889218"
"chr5","163730036","163730316","chr7","114238952","114239231","39","49491084"
"chr5","168115614","168115935","chr5","166964027","166964348","4","1151587"
"chr5","169882480","169882775","chr5","168750930","168751229","5","1131550"
"chr5","173239986","173240281","chr5","172139018","172139314","5","1100968"
"chr5","174449301","174449596","chr5","173201089","173201386","2","1248212"
"chr5","175261781","175262067","chr5","174028928","174029213","4","1232853"
"chr5","176874674","176874834","chr19","4456933","4457093","21","172417741"
"chr5","179422174","179422475","chr5","178122067","178122377","9","1300107"
"chr5","179583104","179583368","chr7","150343832","150344092","43","29239272"
"chr5","181024082","181024391","chr5","179728518","179728828","1","1295564"
"chr5","181117549","181117734","chr17","7159736","7159920","27","173957813"
"chr5","181368649","181368949","chr7","133208540","133208840","40","48160109"
"chr5","181423550","181423707","chr2B","132000001","132000178","41","49423549"
"chr5","182188175","182188471","chr5","180859394","180859690","1","1328781"
"chr5","182527012","182527166","chr19","4456933","4457093","27","178070079"
"chr5","182773294","182773461","chr3","176404519","176404679","35","6368775"
"chr5","183025167","183025423","chr5","181697419","181697673","2","1327748"
"chr5","183113832","183114103","chr5","181787288","181787560","1","1326544"
"chr6","7928159","7928455","chr6","7867618","7867917","4","60541"
"chr6","9985597","9985906","chr6","9950185","9950494","3","35412"
"chr6","13986574","13986873","chr6","13876212","13876518","16","110362"
"chr6","16284668","16284958","chr6","16233044","16233334","3","51624"
"chr6","16878290","16878598","chr6","16833084","16833393","4","45206"
"chr6","17797324","17797597","chr6","17771304","17771577","2","26020"
"chr6","17864917","17865224","chr6","17839428","17839743","11","25489"
"chr6","20373974","20374266","chr6","20388964","20389256","0","14990"
"chr6","21817987","21818292","chr6","21854875","21855180","0","36888"
"chr6","21878607","21878912","chr6","21915572","21915877","3","36965"
"chr6","23192013","23192295","chr6","23252399","23252685","11","60386"
"chr6","23688781","23689087","chr6","23757374","23757686","9","68593"
"chr6","24172170","24172478","chr6","24241614","24241925","3","69444"
"chr6","26777492","26777773","chr6","26550428","26550709","2","227064"
"chr6","27060243","27060551","chr6","26838662","26838969","14","221581"
"chr6","29282476","29282760","chr19","59076998","59077292","26","29794522"
"chr6","29914564","29914860","chr6","29700202","29700499","1","214362"
"chr6","30554721","30555028","chr6","30483508","30483815","1","71213"
"chr6","31130707","31131013","chrX","42632705","42633009","43","11501998"
"chr6","31268408","31268699","chr6","31001586","31001872","6","266822"
"chr6","31786148","31786450","chr5","42238471","42238773","38","10452323"
"chr6","34240122","34240432","chr13","87170284","87170589","39","52930162"
"chr6","35598562","35598843","chr8","97411994","97412282","38","61813432"
"chr6","36035558","36035863","chr6","35821711","35822019","4","213847"
"chr6","38088300","38088608","chr20","113657","113969","40","37974643"
"chr6","38258242","38258508","chr6","38001493","38001760","1","256749"
"chr6","42645441","42645629","chr17","7159736","7159920","26","35485705"
"chr6","43537421","43537573","chr8","93052303","93052451","28","49514882"
"chr6","45491853","45492150","chr6","45277610","45277921","21","214243"
"chr6","45987919","45988200","chr9","130199403","130199681","33","84211484"
"chr6","47924579","47924868","chr6","47734948","47735238","2","189631"
"chr6","49068354","49068459","chr6","48908843","48908953","7","159511"
"chr6","51248308","51248486","chr20","29845882","29846072","36","21402426"
"chr6","52609042","52609335","chr6","52488538","52488832","1","120504"
"chr6","54417759","54418060","chr7","64915461","64915764","26","10497702"
"chr6","56442288","56442581","chr6","56018819","56019112","0","423469"
"chr6","68805482","68805747","chr20","38322986","38323237","50","30482496"
"chr6","74626938","74627113","chr2A","59317576","59317749","41","15309362"
"chr6","78497115","78497393","chr6","77782550","77782828","0","714565"
"chr6","79374356","79374642","chr6","78681876","78682162","1","692480"
"chr6","81391392","81391591","chr3","78120642","78120843","32","3270750"
"chr6","88827057","88827358","chr7","65019976","65020297","26","23807081"
"chr6","91123814","91124099","chr6","90613671","90613954","4","510143"
"chr6","100648405","100648627","chr6","99816809","99817031","0","831596"
"chr6","101179777","101179856","chr5","109200674","109200757","40","8020897"
"chr6","103063265","103063562","chr6","102280242","102280539","1","783023"
"chr6","103765029","103765322","chr15","75070840","75071138","42","28694189"
"chr6","103858875","103859052","chr6","103087848","103088025","3","771027"
"chr6","110606058","110606340","chr6","109814287","109814571","3","791771"
"chr6","112798590","112798762","chr1","94290749","94290933","41","18507841"
"chr6","114472319","114472612","chr6","113713093","113713390","6","759226"
"chr6","123347353","123347509","chr15","80365422","80365567","26","42981931"
"chr6","127924338","127924616","chr6","127278094","127278376","6","646244"
"chr6","130984560","130984819","chr6","130386358","130386618","8","598202"
"chr6","131765480","131765770","chrX","45323782","45324072","41","86441698"
"chr6","135988619","135988909","chr6","135437821","135438113","3","550798"
"chr6","136363559","136363870","chr6","135823981","135824293","8","539578"
"chr6","139516775","139517067","chr6","139036761","139037054","1","480014"
"chr6","140980326","140980633","chr6","140518315","140518620","2","462011"
"chr6","146869297","146869599","chr6","145848450","145848752","0","1020847"
"chr6","150582184","150582487","chr6","149641256","149641563","6","940928"
"chr6","150910338","150910641","chr6","149970132","149970437","6","940206"
"chr6","153483763","153484055","chr6","152618192","152618486","3","865571"
"chr6","154409404","154409690","chr6","153585133","153585418","8","824271"
"chr6","158632455","158632734","chr6","156580972","156581251","0","2051483"
"chr6","159957122","159957427","chr7","70873003","70873306","43","89084119"
"chr6","160069000","160069290","chr6","158035567","158035859","2","2033433"
"chr6","161225679","161225901","chr6","160063831","160064056","4","1161848"
"chr6","161803555","161803771","chr6","99816809","99817031","33","61986746"
"chr6","162366610","162366918","chr6","161222023","161222331","1","1144587"
"chr6","162975533","162975825","chr6","161849407","161849700","4","1126126"
"chr6","164195950","164196112","chr19","4456933","4457093","25","159739017"
"chr6","170801666","170801851","chr6","169704863","169705041","10","1096803"
"chr6","170954874","170954990","chr9","97627424","97627530","34","73327450"
"chr6","172446422","172446671","chr6","171373532","171373782","4","1072890"
"chr6","172881329","172881519","chr19","57847275","57847465","26","115034054"
"chr7","780811","781118","chr19","7755139","7755434","44","6974328"
"chr7","1322143","1322194","chr3","173718113","173718157","17","172395970"
"chr7","3072602","3072896","chr7","1419297","1419594","5","1653305"
"chr7","5724139","5724440","chr15","75070840","75071138","35","69346701"
"chr7","5942096","5942392","chr7","4339517","4339825","13","1602579"
"chr7","6023239","6023533","chr7","4420760","4421054","2","1602479"
"chr7","6259448","6259745","chr13","51113664","51113970","37","44854216"
"chr7","6950753","6950959","chr4","40720908","40721122","32","33770155"
"chr7","10072588","10072899","chr5","27269446","27269752","27","17196858"
"chr7","10884903","10885167","chr20","2791322","2791566","65","8093581"
"chr7","12529834","12530163","chr7","11096037","11096365","9","1433797"
"chr7","14194880","14194994","chr17","73911319","73911470","52","59716439"
"chr7","16618250","16618540","chr7","15218689","15218983","8","1399561"
"chr7","21796095","21796389","chr2B","204818038","204818333","34","183021943"
"chr7","21955506","21955807","chr7","20580302","20580602","34","1375204"
"chr7","22260765","22260960","chr10","67392679","67392872","45","45131914"
"chr7","25394467","25394766","chr7","23728579","23728878","2","1665888"
"chr7","26261420","26261665","chr7","24602940","24603185","4","1658480"
"chr7","27283158","27283318","chr19","4456933","4457093","27","22826225"
"chr7","31086803","31087077","chr3","47882028","47882305","46","16795225"
"chr7","33916669","33916975","chr7","31466345","31466648","5","2450324"
"chr7","37417582","37417881","chr7","35122965","35123263","5","2294617"
"chr7","37622591","37622910","chr7","35333114","35333405","30","2289477"
"chr7","38145407","38145711","chr7","35854475","35854779","1","2290932"
"chr7","38269372","38269672","chr7","35978460","35978764","5","2290912"
"chr7","39387662","39387955","chr7","37091365","37091658","2","2296297"
"chr7","45286438","45286754","chr4","5349290","5349596","44","39937148"
"chr7","45445662","45445957","chr7","43328894","43329191","3","2116768"
"chr7","50824007","50824332","chr7","48585213","48585498","43","2238794"
"chr7","52009804","52010108","chr7","49819468","49819774","6","2190336"
"chr7","55293275","55293467","chr22","37181857","37182051","30","18111418"
"chr7","56200296","56200594","chr5","103561356","103561665","44","47361060"
"chr7","58784813","58784833","chr1","152489761","152489794","18","93704948"
"chr7","58785140","58785273","chr19","7877792","7877921","17","50907348"
"chr7","59649490","59649787","chr15","75070840","75071138","36","15421350"
"chr7","62896179","62896489","chr7","55957481","55957791","4","6938698"
"chr7","63798153","63798462","chr1","68338914","68339216","52","4540761"
"chr7","63929958","63930253","chr7","62506747","62507045","5","1423211"
"chr7","64645288","64645587","chr7","64394232","64394530","4","251056"
"chr7","64910051","64910353","chr7","63539857","63540159","1","1370194"
"chr7","73476455","73476590","chr7","64912239","64912374","0","8564216"
"chr7","73479666","73479967","chr7","64915461","64915764","2","8564205"
"chr7","73548198","73548382","chr17","7159736","7159920","30","66388462"
"chr7","73647171","73647409","chr7","65087293","65087533","5","8559878"
"chr7","73786888","73787127","chr4","94066984","94067212","64","20280096"
"chr7","74979966","74980242","chr7","66103029","66103331","28","8876937"
"chr7","76116249","76116553","chr7","66744112","66744417","1","9372137"
"chr7","76401411","76401638","chr7","67027689","67027916","1","9373722"
"chr7","79814547","79814847","chr7","74842845","74843145","4","4971702"
"chr7","80391970","80392262","chr7","74263297","74263589","0","6128673"
"chr7","80420892","80421176","chr16","23876078","23876369","39","56544814"
"chr7","80557682","80557986","chr7","73708656","73708959","5","6849026"
"chr7","80873953","80874257","chr2B","176294430","176294735","47","95420477"
"chr7","81415751","81415954","chr7","88863909","88864111","33","7448158"
"chr7","81708855","81709151","chr7","72551487","72551785","4","9157368"
"chr7","83557428","83557559","chr10","120456326","120456458","25","36898898"
"chr7","83719168","83719310","chr14","50237186","50237324","22","33481982"
"chr7","86643244","86643572","chr7","81514127","81514452","6","5129117"
"chr7","87605131","87605426","chr11","111930602","111930899","40","24325471"
"chr7","95340941","95341182","chrX","37831319","37831556","55","57509622"
"chr7","97698597","97698782","chr19","57847275","57847465","29","39851322"
"chr7","97707986","97708149","chr9","29164858","29165029","26","68543128"
"chr7","97739593","97739887","chr5","144544636","144544932","36","46805043"
"chr7","100875778","100876073","chr5","81662133","81662434","29","19213645"
"chr7","102698448","102698692","chr7","97687407","97687651","0","5011041"
"chr7","103724456","103724754","chr7","98800344","98800643","6","4924112"
"chr7","104036805","104037116","chr7","99112842","99113150","5","4923963"
"chr7","105528518","105528797","chr7","100670288","100670567","2","4858230"
"chr7","105958971","105959284","chr4","73419052","73419362","45","32539919"
"chr7","106480707","106480898","chr17","7159736","7159920","32","99320971"
"chr7","108130915","108131211","chr7","104892001","104892295","6","3238914"
"chr7","110054956","110055093","chr15","80365422","80365567","31","29689534"
"chr7","110055392","110055533","chr3","123495574","123495719","20","13440182"
"chr7","110399748","110399902","chr19","21548591","21548748","27","88851157"
"chr7","112708691","112708983","chr7","109494536","109494822","8","3214155"
"chr7","116034820","116035113","chr7","112841829","112842122","1","3192991"
"chr7","117413234","117413513","chr7","114238952","114239231","1","3174282"
"chr7","121058089","121058394","chr7","117879405","117879721","12","3178684"
"chr7","121704872","121705125","chr7","118528113","118528366","3","3176759"
"chr7","129762595","129762868","chr7","126625892","126626169","6","3136703"
"chr7","134647852","134648166","chr7","131646741","131647058","5","3001111"
"chr7","135108049","135108224","chr9","29164858","29165029","36","105943191"
"chr7","136194277","136194587","chr7","133208540","133208840","10","2985737"
"chr7","138396155","138396401","chr7","135410141","135410387","4","2986014"
"chr7","138574532","138574801","chr7","135590311","135590581","2","2984221"
"chr7","141052376","141052667","chr7","138077363","138077654","0","2975013"
"chr7","144859460","144859585","chr10","65465926","65466050","18","79393534"
"chr7","146351088","146351361","chr4","67367570","67367842","43","78983518"
"chr7","147673548","147673846","chr7","144736012","144736310","5","2937536"
"chr7","156226362","156226687","chr1","124931506","124931799","60","31294856"
"chr7","156312575","156312743","chr7","153741375","153741543","0","2571200"
"chr7","156509935","156510225","chr7","153942305","153942600","10","2567630"
"chr7","156517665","156517960","chr4","83582850","83583145","73","72934815"
"chr7","160553722","160554010","chr7","158593048","158593336","1","1960674"
"chr7","162126136","162126427","chr7","144736012","144736310","37","17390124"
"chr8","2153605","2153906","chr8","2170598","2170909","13","16993"
"chr8","2563188","2563479","chr8","2540511","2540803","6","22677"
"chr8","3853982","3854290","chr8","3828549","3828852","5","25433"
"chr8","8787883","8788163","chr8","8739758","8740040","4","48125"
"chr8","10016866","10017175","chrX","97209509","97209828","59","87192643"
"chr8","10896891","10897175","chr11","32382664","32382955","46","21485773"
"chr8","13349167","13349469","chr2A","65849710","65850020","37","52500543"
"chr8","13532931","13533116","chr3","57984777","57984968","39","44451846"
"chr8","15896992","15897302","chr8","15847756","15848066","9","49236"
"chr8","15989519","15989820","chr8","15940985","15941303","18","48534"
"chr8","19892574","19892865","chr8","19973947","19974240","11","81373"
"chr8","24197807","24198110","chr8","24023904","24024207","2","173903"
"chr8","24297128","24297417","chr15","87002141","87002432","34","62705013"
"chr8","25280813","25281107","chr8","25136926","25137221","1","143887"
"chr8","27513946","27514143","chr3","164324522","164324716","36","136810576"
"chr8","31638020","31638322","chr10","96489467","96489775","42","64851447"
"chr8","34813077","34813378","chr11","111930602","111930899","44","77117525"
"chr8","35249383","35249670","chr8","35320694","35320981","1","71311"
"chr8","38181141","38181422","chr8","37956311","37956619","27","224830"
"chr8","39245474","39245618","chr8","39046751","39046895","2","198723"
"chr8","39292251","39292548","chr8","39094716","39095014","1","197535"
"chr8","40059534","40059832","chr8","43858569","43858879","16","3799035"
"chr8","40861230","40861526","chr8","44626416","44626713","2","3765186"
"chr8","40897473","40897696","chr4","40720908","40721122","47","176565"
"chr8","47933172","47933357","chr17","7159736","7159920","31","40773436"
"chr8","48116596","48116795","chr8","52056363","52056564","2","3939767"
"chr8","49857755","49858009","chr7","150343832","150344092","33","100486077"
"chr8","56199544","56199833","chr8","55839817","55840106","1","359727"
"chr8","64777859","64778164","chr8","64408667","64408959","14","369192"
"chr8","68089746","68090028","chr8","67777712","67777995","2","312034"
"chr8","68769446","68769623","chr8","68464561","68464738","0","304885"
"chr8","73558613","73558752","chr2B","155489068","155489222","42","81930455"
"chr8","75078946","75079235","chr8","74923342","74923634","3","155604"
"chr8","79306179","79306335","chr19","21548591","21548748","32","57757588"
"chr8","80544767","80545065","chr8","80489112","80489414","5","55655"
"chr8","83141181","83141467","chr8","83121171","83121475","18","20010"
"chr8","90241801","90242084","chr8","89817921","89818227","23","423880"
"chr8","92985782","92986092","chr8","92604044","92604354","1","381738"
"chr8","93080897","93081169","chr8","92700161","92700435","2","380736"
"chr8","95593108","95593404","chr8","95001582","95001880","5","591526"
"chr8","97962016","97962317","chr8","97411994","97412282","15","550022"
"chr8","100279880","100280171","chr14","88000742","88001049","52","12279138"
"chr8","100280224","100280240","chr1","152489761","152489794","24","52209537"
"chr8","106414496","106414804","chr8","106021949","106022257","3","392547"
"chr8","108296028","108296312","chr9","125954702","125955004","54","17658674"
"chr8","116934584","116934894","chr8","116301434","116301723","22","633150"
"chr8","119284509","119284801","chr8","118446790","118447087","7","837719"
"chr8","119516430","119516713","chr8","118683505","118683789","1","832925"
"chr8","124354439","124354640","chr3","78120642","78120843","26","46233797"
"chr8","125410020","125410347","chr8","124664937","124665246","18","745083"
"chr8","126693862","126694160","chr11","111930602","111930899","44","14763260"
"chr8","127153731","127154040","chr10","88848247","88848556","30","38305484"
"chr8","132703020","132703204","chr1","24752628","24752792","41","107950392"
"chr8","134269479","134269778","chr8","133350213","133350513","4","919266"
"chr8","144102667","144102961","chr8","143249624","143249918","0","853043"
"chr9","1000649","1000958","chr6","24241614","24241925","44","23240965"
"chr9","4372116","4372424","chr9","4403164","4403470","11","31048"
"chr9","5753124","5753425","chr14","48956321","48956614","33","43203197"
"chr9","5827690","5827984","chr11","111930602","111930899","39","106102912"
"chr9","14725227","14725530","chr9","14622581","14622882","4","102646"
"chr9","15417666","15417971","chr9","15327479","15327785","6","90187"
"chr9","15489228","15489519","chr9","15403924","15404213","5","85304"
"chr9","27860707","27860978","chr9","27799577","27799886","39","61130"
"chr9","29379893","29380067","chr9","29164858","29165029","3","215035"
"chr9","32321464","32321754","chr9","32113474","32113764","6","207990"
"chr9","34561645","34561819","chr17","734830","735006","28","33826815"
"chr9","36298713","36299024","chr9","36078210","36078524","3","220503"
"chr9","36586099","36586290","chr17","7159736","7159920","30","29426363"
"chr9","70414702","70414861","chr17","24702008","24702180","39","45712694"
"chr9","70804535","70804838","chr9","70614642","70614950","8","189893"
"chr9","71215050","71215265","chr9","70980279","70980499","5","234771"
"chr9","71264595","71264866","chr3","50032872","50033150","50","21231723"
"chr9","71288162","71288473","chr9","71057760","71058055","30","230402"
"chr9","71536977","71537276","chr9","71310449","71310749","3","226528"
"chr9","82752124","82752419","chr1","190875761","190876053","48","108123637"
"chr9","83166312","83166621","chr4","5349290","5349596","41","77817022"
"chr9","83612281","83612574","chr20","37918475","37918769","26","45693806"
"chr9","84014009","84014312","chr9","83341535","83341833","9","672474"
"chr9","86532927","86533217","chr9","86174037","86174330","7","358890"
"chr9","92685020","92685308","chr9","92321040","92321328","1","363980"
"chr9","93307520","93307813","chr9","92947567","92947858","3","359953"
"chr9","97334983","97335141","chr19","21548591","21548748","28","75786392"
"chr9","102740644","102740940","chr9","102413659","102413956","3","326985"
"chr9","103685098","103685393","chr9","103232403","103232699","8","452695"
"chr9","103770762","103771047","chr9","103327404","103327692","5","443358"
"chr9","103922802","103923105","chr9","103481429","103481732","4","441373"
"chr9","104824597","104824758","chr16","19924141","19924300","36","84900456"
"chr9","104877621","104877921","chr9","104474842","104475142","0","402779"
"chr9","106678899","106679091","chr9","124034099","124034298","39","17355200"
"chr9","108183800","108184102","chr9","107777216","107777518","0","406584"
"chr9","110555367","110555419","chr3","173718113","173718157","21","63162746"
"chr9","111919162","111919463","chr9","111585882","111586183","0","333280"
"chr9","112848924","112849270","chr3","142878658","142878964","87","30029734"
"chr9","114898501","114898795","chr9","114374590","114374884","1","523911"
"chr9","115915025","115915317","chr9","115399303","115399599","6","515722"
"chr9","117621745","117622009","chr9","117129071","117129338","9","492674"
"chr9","118146522","118146537","chr1","152489761","152489794","22","34343239"
"chr9","118146612","118146777","chr1","40639893","40640055","32","77506719"
"chr9","118146805","118146927","chr21","29359263","29359383","19","88787542"
"chr9","120827985","120828244","chr9","120391400","120391669","10","436585"
"chr9","121483749","121484031","chr9","121060965","121061251","5","422784"
"chr9","122294830","122295126","chr9","121875983","121876282","3","418847"
"chr9","123122155","123122454","chr9","122522475","122522774","1","599680"
"chr9","124557640","124557804","chr8","19760821","19760989","23","104796819"
"chr9","124878516","124878823","chr5","13282747","13283051","43","111595769"
"chr9","126457847","126458150","chr9","125954702","125955004","14","503145"
"chr9","128101973","128102166","chr3","164324522","164324716","27","36222549"
"chr9","129911164","129911464","chr9","129352712","129353013","4","558452"
"chr9","130280663","130280943","chr9","129829977","129830267","10","450686"
"chr9","130641355","130641633","chr9","130199403","130199681","2","441952"
"chr9","131512698","131512932","chr15","66467831","66468070","35","65044867"
"chr9","132715625","132715835","chr9","132418285","132418491","6","297340"
"chr9","133850435","133850702","chr9","133639708","133639975","1","210727"
"chr9","133891432","133891726","chr9","133680586","133680880","0","210846"
"chr9","134989679","134989960","chr9","134366358","134366642","16","623321"
"chr9","137867324","137867617","chr4","187973776","187974070","39","50106452"
"chrX","868614","868788","chr10","14999292","14999462","26","14130678"
"chrX","988114","988251","chr19","4456933","4457093","42","3468819"
"chrX","1041466","1041769","chr14","36790752","36791055","41","35749286"
"chrX","1061700","1061823","chr2A","48306909","48307033","42","47245209"
"chrX","1516220","1516420","chr1","53127739","53127954","68","51611519"
"chrX","3657316","3657481","chr7","153741375","153741543","20","150084059"
"chrX","8408995","8409313","chrX","8433052","8433371","3","24057"
"chrX","8625265","8625574","chrX","8658123","8658433","8","32858"
"chrX","13329916","13330219","chrX","13369982","13370287","9","40066"
"chrX","14735822","14736116","chrX","14878930","14879231","7","143108"
"chrX","16717086","16717393","chrX","16854519","16854826","0","137433"
"chrX","19825236","19825542","chrX","20024936","20025244","5","199700"
"chrX","22015959","22016126","chr7","153741375","153741543","22","131725416"
"chrX","23086468","23086755","chrX","23342764","23343068","20","256296"
"chrX","23301462","23301756","chrX","23558422","23558718","3","256960"
"chrX","24082859","24083097","chr12","125823209","125823448","38","101740350"
"chrX","29276940","29277252","chr4","156133404","156133706","41","126856464"
"chrX","31991145","31991454","chrX","32051251","32051557","5","60106"
"chrX","32641883","32642183","chr7","72551487","72551785","47","39909604"
"chrX","34776992","34777273","chrX","34907780","34908061","1","130788"
"chrX","35194169","35194459","chrX","35229481","35229782","16","35312"
"chrX","37322572","37322805","chrX","37831319","37831556","6","508747"
"chrX","37668362","37668599","chrX","37831319","37831556","2","162957"
"chrX","38872290","38872559","chrX","39083180","39083442","10","210890"
"chrX","41654100","41654410","chrX","41914750","41915060","7","260650"
"chrX","42343661","42343964","chrX","42632705","42633009","6","289044"
"chrX","45560455","45560756","chrX","45780035","45780336","1","219580"
"chrX","46832295","46832603","chrX","47034276","47034587","5","201981"
"chrX","47806233","47806417","chr17","7159736","7159920","26","40646497"
"chrX","48338020","48338316","chr15","75070840","75071138","36","26732820"
"chrX","48353339","48353533","chr3","164324522","164324716","31","115971183"
"chrX","49026635","49026937","chrX","49204635","49204939","3","178000"
"chrX","51393964","51394259","chrX","51730106","51730402","1","336142"
"chrX","53421942","53422252","chrX","53771589","53771899","7","349647"
"chrX","53747375","53747568","chr3","164324522","164324716","27","110577147"
"chrX","54361892","54362128","chr6","43691733","43691967","27","10670159"
"chrX","57080947","57081253","chrX","57363236","57363542","3","282289"
"chrX","68965518","68965754","chrX","69350503","69350737","6","384985"
"chrX","69395265","69395486","chr6","99816809","99817031","26","30421544"
"chrX","69945232","69945527","chrX","70329890","70330195","12","384658"
"chrX","79421733","79422044","chrX","80019555","80019869","5","597822"
"chrX","82555985","82556085","chrX","83262502","83262604","2","706517"
"chrX","92132877","92133170","chrX","92838597","92838891","2","705720"
"chrX","95376271","95376562","chrX","96198262","96198554","3","821991"
"chrX","96335042","96335324","chrY","21472708","21472987","29","74862334"
"chrX","101381081","101381384","chr15","31941885","31942188","45","69439196"
"chrX","102554166","102554402","chrX","103493991","103494220","14","939825"
"chrX","107406524","107406817","chr1","54402574","54402862","37","53003950"
"chrX","119495429","119495613","chr17","7159736","7159920","24","112335693"
"chrX","128696334","128696637","chrX","129850008","129850311","3","1153674"
"chrX","131754726","131755008","chrX","132964123","132964406","3","1209397"
"chrX","133089967","133090275","chrX","134304069","134304376","4","1214102"
"chrX","137760929","137761223","chrX","139068565","139068860","2","1307636"
"chrX","139470000","139470265","chrX","140796017","140796277","8","1326017"
"chrX","146765380","146765687","chr1","151545016","151545327","43","4779636"
"chrX","150139323","150139625","chr1","171866461","171866755","34","21727138"
"chr10","2519538","2519838","chr10","2558754","2559058","5","39216"
"chr10","2766575","2766782","chr20","31432538","31432778","61","28665963"
"chr10","2900648","2900951","chr4","73419052","73419362","37","70518404"
"chr10","5779813","5780034","chr10","5837913","5838125","12","58100"
"chr10","6353611","6353914","chr10","6422922","6423218","8","69311"
"chr10","7297314","7297501","chr17","7159736","7159920","35","137578"
"chr10","9298750","9299041","chr10","9410961","9411249","3","112211"
"chr10","10053217","10053501","chr14","19753078","19753367","55","9699861"
"chr10","12002262","12002462","chr3","164324522","164324716","35","152322260"
"chr10","12115067","12115110","chr3","173718113","173718157","16","161603046"
"chr10","13658663","13658961","chr10","13526037","13526339","6","132626"
"chr10","17643566","17643864","chr10","17508731","17509032","4","134835"
"chr10","17806531","17806801","chr10","17672974","17673241","4","133557"
"chr10","19822521","19822834","chr10","19650868","19651182","7","171653"
"chr10","21899269","21899563","chr10","21778980","21779279","5","120289"
"chr10","25176481","25176783","chr10","25024414","25024713","4","152067"
"chr10","29268554","29268832","chr10","29186571","29186850","5","81983"
"chr10","38719007","38719315","chr1","36014417","36014725","40","2704590"
"chr10","42683751","42684051","chr5","58882731","58883030","40","16198980"
"chr10","43327481","43327775","chr10","43006462","43006757","2","321019"
"chr10","53867727","53868029","chr15","75070840","75071138","36","21203113"
"chr10","57934337","57934590","chr10","57520891","57521144","1","413446"
"chr10","58418864","58419158","chr10","58018742","58019051","18","400122"
"chr10","58703071","58703382","chr10","58307027","58307338","0","396044"
"chr10","59669186","59669430","chr15","66467831","66468070","35","6798645"
"chr10","65832480","65832603","chr10","65465926","65466050","3","366554"
"chr10","66023873","66024173","chr10","65657671","65657972","1","366202"
"chr10","66526134","66526318","chr10","66166629","66166815","3","359505"
"chr10","67182631","67182935","chr10","66850406","66850712","6","332225"
"chr10","67754585","67754873","chr10","67199834","67200121","3","554751"
"chr10","67852516","67852695","chrUn_GL394872","7516","7697","31","67845000"
"chr10","70310433","70310761","chr4","105620712","105621016","56","35310279"
"chr10","71711545","71711832","chr10","71263876","71264185","25","447669"
"chr10","72373702","72373763","chrUn_GL393543","46653","46698","25","72327049"
"chr10","72934548","72934849","chr6","149641256","149641563","58","76706708"
"chr10","73353671","73353968","chr10","72745948","72746245","6","607723"
"chr10","73532367","73532676","chr1","203598159","203598465","48","130065792"
"chr10","78944390","78944700","chr14","34498958","34499256","42","44445432"
"chr10","86911155","86911493","chr10","86374566","86374875","30","536589"
"chr10","89028657","89028950","chr10","88311818","88312112","6","716839"
"chr10","89599312","89599615","chr10","88848247","88848556","9","751065"
"chr10","97135818","97136120","chr10","96489467","96489775","12","646351"
"chr10","97717183","97717357","chr10","14999292","14999462","28","82717891"
"chr10","97803070","97803357","chr10","97174301","97174611","51","628769"
"chr10","99357790","99358082","chr10","98757699","98757991","1","600091"
"chr10","101011427","101011621","chr3","164324522","164324716","25","63313095"
"chr10","101034962","101035271","chr15","31941885","31942188","44","69093077"
"chr10","101255245","101255340","chr10","100364020","100364115","0","891225"
"chr10","101256439","101256562","chr10","100365548","100365672","1","890891"
"chr10","102227914","102228217","chr4","187973776","187974070","51","85745862"
"chr10","102240354","102240665","chr10","101381645","101381953","5","858709"
"chr10","102458009","102458307","chr10","101599979","101600288","12","858030"
"chr10","102798496","102798845","chr12","68557719","68558050","67","34240777"
"chr10","103419665","103419880","chr4","40720908","40721122","35","62698757"
"chr10","108905487","108905771","chr10","108188514","108188805","8","716973"
"chr10","110845257","110845549","chr2A","54819012","54819306","33","56026245"
"chr10","112044415","112044713","chr10","111395450","111395760","14","648965"
"chr10","114598351","114598637","chr10","113990899","113991185","4","607452"
"chr10","119626487","119626788","chr10","119083743","119084044","5","542744"
"chr10","119652952","119653246","chr13","50204940","50205223","50","69448012"
"chr10","119727224","119727533","chr10","119186690","119186999","3","540534"
"chr10","120979777","120980052","chr5","10861680","10861973","50","110118097"
"chr10","122045811","122046123","chr16","2961477","2961783","45","119084334"
"chr10","125642156","125642316","chr19","4456933","4457093","25","121185223"
"chr10","126174610","126174923","chr10","124920635","124920947","4","1253975"
"chr10","129145536","129145836","chr10","127985325","127985625","0","1160211"
"chr10","132025028","132025337","chr10","130892244","130892552","3","1132784"
"chr11","847054","847245","chr17","7159736","7159920","26","6312682"
"chr11","3629152","3629420","chr11","3537951","3538226","20","91201"
"chr11","4002302","4002587","chr18","32707337","32707617","35","28705035"
"chr11","9208416","9208664","chr7","97687407","97687651","38","88478991"
"chr11","9266230","9266506","chr6","156580972","156581251","42","147314742"
"chr11","9826565","9826850","chr11","9789053","9789338","2","37512"
"chr11","15033630","15033930","chr11","15051081","15051376","7","17451"
"chr11","15638169","15638465","chr11","15663011","15663307","0","24842"
"chr11","16851883","16852068","chr9","29164858","29165029","42","12312975"
"chr11","18620815","18621121","chr11","18457636","18457943","3","163179"
"chr11","18683152","18683450","chr11","18524481","18524783","7","158671"
"chr11","19110936","19111238","chr11","18960321","18960630","10","150615"
"chr11","24092313","24092599","chr11","24034425","24034710","5","57888"
"chr11","27461810","27462106","chr11","27472512","27472810","4","10702"
"chr11","32299737","32300028","chr11","32382664","32382955","1","82927"
"chr11","32904337","32904665","chr11","33002073","33002371","31","97736"
"chr11","34701840","34701956","chr8","93092832","93092933","40","58390992"
"chr11","38680968","38681245","chr11","38872046","38872323","2","191078"
"chr11","39323104","39323409","chr11","39522097","39522401","8","198993"
"chr11","40873469","40873751","chr13","24981459","24981750","42","15892010"
"chr11","42110944","42111234","chr11","41826668","41826958","4","284276"
"chr11","46716105","46716260","chr19","21548591","21548748","26","25167514"
"chr11","46933751","46934049","chr15","75070840","75071138","26","28137089"
"chr11","47042785","47043071","chr7","48585213","48585498","34","1542428"
"chr11","47263724","47264020","chr11","46885387","46885686","4","378337"
"chr11","48114088","48114355","chr11","47761617","47761886","4","352471"
"chr11","48377730","48378025","chr11","111930602","111930899","39","63552872"
"chr11","48531513","48531774","chr11","48198367","48198629","2","333146"
"chr11","50234260","50234553","chr11","49803420","49803713","1","430840"
"chr11","59875205","59875497","chr14","48956321","48956614","30","10918884"
"chr11","61174445","61174748","chr15","75070840","75071138","40","13896395"
"chr11","61486586","61486768","chr11","60701510","60701681","16","785076"
"chr11","61745270","61745538","chr11","60966372","60966640","1","778898"
"chr11","62284880","62285178","chr11","61498454","61498756","5","786426"
"chr11","63961171","63961440","chr11","63195877","63196145","12","765294"
"chr11","64371172","64371481","chr4","105620712","105621016","35","41249540"
"chr11","65180696","65180985","chr11","64450972","64451263","4","729724"
"chr11","66523751","66524047","chr11","65821100","65821369","30","702651"
"chr11","66659347","66659654","chr11","65959613","65959920","0","699734"
"chr11","66868769","66869058","chr11","66178150","66178445","11","690619"
"chr11","70360527","70360823","chr11","69780490","69780788","5","580037"
"chr11","71061653","71061964","chr17","15616514","15616820","36","55445139"
"chr11","71378316","71378609","chr16","49104494","49104787","33","22273822"
"chr11","71955182","71955498","chr1","39306097","39306411","12","32649085"
"chr11","71984935","71985241","chr1","12373339","12373643","41","59611596"
"chr11","74102765","74103073","chr4","73419052","73419362","44","683713"
"chr11","76416014","76416312","chr15","31941885","31942188","40","44474129"
"chr11","76824597","76824885","chr1","33033617","33033913","47","43790980"
"chr11","78599162","78599470","chr11","77752199","77752508","1","846963"
"chr11","81752071","81752363","chr11","80989795","80990088","3","762276"
"chr11","85942028","85942339","chr11","85228871","85229180","3","713157"
"chr11","88117533","88117725","chr11","87400248","87400441","1","717285"
"chr11","88932336","88932647","chr11","88223902","88224213","3","708434"
"chr11","94858585","94858833","chr8","126440204","126440432","52","31581619"
"chr11","94858870","94858885","chr1","152489761","152489794","23","57630891"
"chr11","94891807","94892102","chr11","94155100","94155393","7","736707"
"chr11","97005806","97006101","chr11","96313283","96313580","13","692523"
"chr11","99150836","99151113","chr11","98512599","98512876","2","638237"
"chr11","106039170","106039471","chr11","105523387","105523688","4","515783"
"chr11","106197662","106197954","chr11","105684369","105684665","4","513293"
"chr11","110624102","110624393","chr11","109794374","109794666","2","829728"
"chr11","110691896","110692206","chr17","57774963","57775272","39","52916933"
"chr11","112737257","112737552","chr11","111930602","111930899","5","806655"
"chr11","115820309","115820616","chr11","114949611","114949918","2","870698"
"chr11","117968670","117968946","chr1","164444571","164444855","50","46475901"
"chr11","118312731","118313033","chr7","72551487","72551785","37","45761244"
"chr11","119434304","119434606","chr11","118633824","118634126","1","800480"
"chr11","120033471","120033771","chr11","119230197","119230497","0","803274"
"chr11","122111201","122111478","chr11","121332151","121332428","11","779050"
"chr11","124596177","124596361","chr17","7159736","7159920","23","117436441"
"chr11","125083728","125084037","chr11","124343401","124343710","2","740327"
"chr11","125836625","125836786","chr3","176404519","176404679","29","50567894"
"chr11","126317843","126318164","chr15","57763782","57764076","61","68554061"
"chr11","128091247","128091486","chr6","43691733","43691967","41","84399514"
"chr12","83492864","83493150","chrY","21472708","21472987","50","62020156"
"chr12","414197","414379","chr3","57984777","57984968","42","57570580"
"chr12","4048210","4048494","chr12","4109418","4109716","16","61208"
"chr12","6226984","6227277","chr12","6329364","6329655","4","102380"
"chr12","7050600","7050896","chr12","7175232","7175529","1","124632"
"chr12","7855715","7856009","chr12","7788302","7788597","2","67413"
"chr12","8040614","8040886","chr16","23876078","23876369","45","15835464"
"chr12","8131645","8131816","chr2A","59317576","59317749","32","51185931"
"chr12","12532610","12532900","chr12","12404653","12404943","0","127957"
"chr12","12839357","12839647","chr12","12711620","12711927","18","127737"
"chr12","12980666","12980857","chr3","164324522","164324716","27","151343856"
"chr12","14673327","14673625","chr12","14547560","14547862","8","125767"
"chr12","14675087","14675209","chr15","88289954","88290073","24","73614867"
"chr12","18657941","18658237","chr12","18605491","18605784","5","52450"
"chr12","19736552","19736859","chr17","66542702","66543007","54","46806150"
"chr12","19763913","19764167","chr4","83712976","83713226","68","63949063"
"chr12","20187262","20187536","chr12","20162414","20162688","0","24848"
"chr12","24252835","24253134","chr9","130199403","130199681","44","105946568"
"chr12","24314261","24314515","chr12","24146878","24147133","3","167383"
"chr12","25052842","25053135","chr12","24905292","24905586","5","147550"
"chr12","29271678","29271957","chr12","29396604","29396910","30","124926"
"chr12","31987978","31988124","chr2A","48306909","48307033","53","16318931"
"chr12","32059390","32059545","chr19","4456933","4457093","27","27602457"
"chr12","32990774","32991073","chr7","72551487","72551785","35","39560713"
"chr12","33206797","33207091","chr12","33409746","33410041","3","202949"
"chr12","33855509","33855778","chr12","33585406","33585679","5","270103"
"chr12","35138592","35138895","chr4","73419052","73419362","59","38280460"
"chr12","38509502","38509702","chr7","88863909","88864111","33","50354407"
"chr12","38551754","38552054","chr12","38207492","38207794","4","344262"
"chr12","38623919","38624226","chr12","38281137","38281448","10","342782"
"chr12","40549472","40549657","chr2B","155601921","155602093","37","115052449"
"chr12","40655716","40656024","chr12","40401172","40401480","0","254544"
"chr12","41232139","41232448","chr12","40984008","40984317","0","248131"
"chr12","42259805","42260000","chr3","78120642","78120843","33","35860837"
"chr12","47019113","47019213","chr5","34101400","34101494","22","12917713"
"chr12","49267141","49267451","chr22","36933033","36933342","42","12334108"
"chr12","49324800","49325088","chr12","49199921","49200209","2","124879"
"chr12","56940150","56940442","chr12","56532774","56533071","5","407376"
"chr12","58114653","58114945","chr19","59076998","59077292","17","962345"
"chr12","62337407","62337704","chr12","61927427","61927723","6","409980"
"chr12","62638783","62639080","chr12","62226047","62226345","4","412736"
"chr12","65008741","65009048","chr12","64606460","64606765","5","402281"
"chr12","69085308","69085568","chr19","57209118","57209341","58","11876190"
"chr12","72071128","72071411","chr12","71505712","71505995","1","565416"
"chr12","76472746","76472910","chr7","153741375","153741543","26","77268629"
"chr12","77375090","77375257","chr7","153741375","153741543","22","76366285"
"chr12","80833534","80833704","chrX","124931070","124931259","38","44097536"
"chr12","81262134","81262425","chr12","80638262","80638555","2","623872"
"chr12","83323322","83323621","chr12","82747157","82747461","9","576165"
"chr12","83341679","83341978","chr15","75070840","75071138","38","8270839"
"chr12","93801407","93801709","chr12","93157244","93157549","6","644163"
"chr12","94375656","94375945","chr18","27855946","27856234","29","66519710"
"chr12","97305589","97305880","chr12","96548084","96548383","10","757505"
"chr12","100172659","100172936","chr12","99464978","99465256","3","707681"
"chr12","104499399","104499700","chr12","103831891","103832192","0","667508"
"chr12","107357799","107358091","chr12","106742369","106742663","3","615430"
"chr12","110293891","110294092","chr3","78120642","78120843","28","32173249"
"chr12","112967864","112967962","chr12","112448164","112448258","5","519700"
"chr12","114365389","114365526","chr12","113870729","113870867","1","494660"
"chr12","115722588","115722746","chr19","4456933","4457093","18","111265655"
"chr12","119170188","119170495","chr12","118767017","118767326","3","403171"
"chr12","119368482","119368781","chr7","35122965","35123263","39","84245517"
"chr12","119623934","119624238","chr12","119225088","119225392","4","398846"
"chr12","120519836","120520127","chr12","120135204","120135508","13","384632"
"chr12","122342211","122342362","chr8","68531707","68531847","25","53810504"
"chr12","122397241","122397529","chr12","122081239","122081528","1","316002"
"chr12","122411837","122412128","chr12","122095527","122095821","3","316310"
"chr12","122432618","122432692","chr12","122116738","122116812","0","315880"
"chr12","122589729","122590039","chr12","122280900","122281210","7","308829"
"chr12","123071521","123071796","chr12","122932149","122932432","36","139372"
"chr12","125107698","125107831","chr17","734830","735006","59","124372868"
"chr12","126677977","126678282","chr12","125675991","125676297","6","1001986"
"chr12","126753765","126754058","chr16","49104494","49104787","27","77649271"
"chr12","126809250","126809392","chr14","75821378","75821520","18","50987872"
"chr12","126818393","126818710","chr7","35122965","35123263","41","91695428"
"chr12","130875575","130875867","chr12","129951986","129952280","4","923589"
"chr12","131074959","131075130","chr15","94283880","94284048","25","36791079"
"chr12","131783206","131783390","chr12","130884262","130884450","5","898944"
"chr12","132408027","132408325","chr5","144544636","144544932","44","12136609"
"chr12","133842607","133842896","chr12","132733999","132734289","2","1108608"
"chr12","134800911","134801169","chr11","48198367","48198629","38","86602544"
"chr12","135044604","135044903","chr12","133974889","133975188","2","1069715"
"chr13","87424887","87425191","chr13","87170284","87170589","3","254603"
"chr13","19994908","19995188","chr13","19883740","19884042","31","111168"
"chr13","20405215","20405516","chr14","88889928","88890224","38","68484713"
"chr13","25077924","25078213","chr13","24981459","24981750","12","96465"
"chr13","30356288","30356586","chr13","30259887","30260186","3","96401"
"chr13","32156517","32156819","chr13","32107208","32107510","0","49309"
"chr13","35667992","35668301","chr13","35650877","35651186","12","17115"
"chr13","38725003","38725303","chr12","38313349","38313646","35","411654"
"chr13","39423259","39423550","chr2A","54819012","54819306","32","15395753"
"chr13","47203638","47203882","chr17","13005121","13005390","56","34198517"
"chr13","49949119","49949428","chr13","49787402","49787705","7","161717"
"chr13","50358615","50358898","chr13","50204940","50205223","2","153675"
"chr13","51261459","51261764","chr13","51113664","51113970","6","147795"
"chr13","51908191","51908498","chr13","51768501","51768807","7","139690"
"chr13","61561991","61562283","chr13","61371961","61372252","1","190030"
"chr13","61904773","61905067","chr13","61715744","61716039","2","189029"
"chr13","65197339","65197625","chr13","64933401","64933685","5","263938"
"chr13","69556012","69556152","chr13","69366311","69366454","5","189701"
"chr13","73040851","73040995","chr13","72912961","72913105","6","127890"
"chr13","75888975","75889272","chr13","75540259","75540561","5","348716"
"chr13","78508890","78509024","chr13","78226280","78226406","8","282610"
"chr13","82240245","82240539","chr1","164444571","164444855","46","82204326"
"chr13","83725283","83725589","chr7","70873003","70873306","34","12852280"
"chr13","84787075","84787387","chr13","84447921","84448219","19","339154"
"chr13","85809888","85810196","chr13","85483858","85484164","3","326030"
"chr13","86495795","86496078","chr13","86176878","86177161","3","318917"
"chr13","86644079","86644259","chr13","86383405","86383591","11","260674"
"chr13","89272000","89272280","chr6","156580972","156581251","32","67308972"
"chr13","90582153","90582456","chr13","90380847","90381153","6","201306"
"chr13","92439000","92439294","chr13","92263795","92264103","14","175205"
"chr13","92578568","92578875","chr13","92410586","92410894","2","167982"
"chr13","95419774","95420023","chr13","95289843","95290092","1","129931"
"chr13","95704119","95704264","chr8","58740673","58740858","54","36963446"
"chr13","96456080","96456344","chr13","96335657","96335941","22","120423"
"chr13","98323975","98324165","chr19","57847275","57847465","30","40476700"
"chr13","103011072","103011362","chr13","103011441","103011732","3","369"
"chr13","109021041","109021348","chr5","140882851","140883163","32","31861810"
"chr13","110815992","110816259","chr13","110948879","110949149","5","132887"
"chr14","19264849","19264927","chr14","19265106","19265184","0","257"
"chr14","19739491","19739779","chr14","19753078","19753367","3","13587"
"chr14","25223788","25224098","chr14","25201378","25201688","13","22410"
"chr14","29984245","29984475","chr16","87075973","87076197","39","57091728"
"chr14","32603085","32603392","chr14","32539017","32539327","5","64068"
"chr14","33402302","33402595","chr14","33352036","33352333","5","50266"
"chr14","33418617","33418781","chr7","153741375","153741543","29","120322758"
"chr14","33420982","33421258","chr14","33369978","33370257","3","51004"
"chr14","33844328","33844571","chr6","171373532","171373782","48","137529204"
"chr14","33891118","33891310","chrX","124931070","124931259","31","91039952"
"chr14","34191723","34191921","chr22","37181857","37182051","28","2990134"
"chr14","34423096","34423409","chr14","34426521","34426836","6","3425"
"chr14","34495133","34495428","chr14","34498958","34499256","7","3825"
"chr14","35226204","35226500","chr14","35241267","35241563","0","15063"
"chr14","36941239","36941529","chr14","36790752","36791055","13","150487"
"chr14","38241531","38241832","chr14","38111538","38111838","4","129993"
"chr14","38354793","38355082","chr14","38227598","38227888","8","127195"
"chr14","39059035","39059317","chr14","38941114","38941392","6","117921"
"chr14","39229756","39230055","chr14","39113440","39113738","3","116316"
"chr14","39715405","39715692","chr14","39602194","39602488","7","113211"
"chr14","44018435","44018751","chr12","129951986","129952280","55","85933551"
"chr14","44834179","44834473","chr14","44788338","44788635","5","45841"
"chr14","48932057","48932350","chr14","48956321","48956614","0","24264"
"chr14","48953554","48953859","chr14","48978655","48978961","4","25101"
"chr14","51308375","51308675","chr14","51367329","51367629","23","58954"
"chr14","56105178","56105312","chr13","78226280","78226406","27","22121102"
"chr14","59894476","59894743","chr14","60073885","60074155","4","179409"
"chr14","62107571","62107860","chr1","129825886","129826175","34","67718315"
"chr14","62193841","62194118","chr9","130199403","130199681","31","68005562"
"chr14","62220077","62220384","chr14","62450131","62450439","1","230054"
"chr14","63147624","63147911","chr14","63386847","63387138","4","239223"
"chr14","63184749","63185039","chr14","63424382","63424673","1","239633"
"chr14","63209949","63210222","chr16","23876078","23876369","50","39333871"
"chr14","64296100","64296193","chr14","63921941","63922022","12","374159"
"chr14","66581242","66581402","chr19","21548591","21548748","30","45032651"
"chr14","67323092","67323276","chr17","7159736","7159920","24","60163356"
"chr14","68415517","68415801","chr8","118683505","118683789","37","50267988"
"chr14","68685447","68685726","chr9","130199403","130199681","33","61513956"
"chr14","73364988","73365240","chr14","73200058","73200305","5","164930"
"chr14","75128385","75128642","chr14","75004392","75004649","0","123993"
"chr14","78955474","78955608","chr12","32104898","32105058","42","46850576"
"chr14","85497740","85498035","chr14","84974205","84974515","20","523535"
"chr14","86489449","86489735","chr8","118683505","118683789","37","32194056"
"chr14","88498990","88499287","chr14","88000742","88001049","12","498248"
"chr14","89371878","89372171","chr14","88889928","88890224","6","481950"
"chr14","98800142","98800467","chr19","56758284","56758609","47","42041858"
"chr14","102399560","102399854","chr14","101656158","101656456","5","743402"
"chr14","102975884","102976081","chr22","37181857","37182051","31","65794027"
"chr14","103009371","103009555","chr14","102276629","102276814","2","732742"
"chr14","103184853","103185162","chr14","102447033","102447342","1","737820"
"chr14","104056625","104056891","chr1","109787461","109787716","66","5730836"
"chr14","104250697","104250894","chr3","164324522","164324716","31","60073825"
"chr15","20600482","20600776","chr15","20672138","20672432","1","71656"
"chr15","23538744","23539044","chr15","23601488","23601788","2","62744"
"chr15","24229231","24229514","chr15","24307411","24307694","1","78180"
"chr15","28754730","28755022","chr17","47374014","47374302","50","18619284"
"chr15","30780178","30780220","chr1","152489761","152489794","20","121709583"
"chr15","30780256","30780376","chr21","29359263","29359383","23","1420993"
"chr15","31289290","31289570","chr18","32707337","32707617","33","1418047"
"chr15","37997596","37997798","chr15","80928505","80928706","31","42930909"
"chr15","38178403","38178727","chr4","73419052","73419362","94","35240649"
"chr15","38331660","38331790","chr2A","48306909","48307033","48","9975249"
"chr15","38548859","38549044","chr19","43060677","43060862","31","4511818"
"chr15","39604285","39604442","chr19","4456933","4457093","27","35147352"
"chr15","40060896","40061190","chr15","39951409","39951704","3","109487"
"chr15","40817902","40818186","chr16","68582490","68582772","36","27764588"
"chr15","40968349","40968643","chr15","41031184","41031478","4","62835"
"chr15","41394551","41394733","chr8","58740673","58740858","31","17346122"
"chr15","42699299","42699604","chr15","42571202","42571508","2","128097"
"chr15","43704132","43704421","chr15","43594039","43594328","1","110093"
"chr15","45525112","45525416","chr15","45431045","45431349","1","94067"
"chr15","47053243","47053535","chr15","46973118","46973421","11","80125"
"chr15","47951983","47952274","chr15","47883287","47883582","5","68696"
"chr15","47972552","47972846","chr15","47905019","47905296","21","67533"
"chr15","49148419","49148715","chr15","49105288","49105582","4","43131"
"chr15","49430562","49430768","chr9","124034099","124034298","39","74603537"
"chr15","49906402","49906705","chr14","48956321","48956614","49","950081"
"chr15","51950515","51950796","chr13","50204940","50205223","39","1745575"
"chr15","52700470","52700779","chr15","52712303","52712607","6","11833"
"chr15","57663915","57664206","chr15","57763782","57764076","4","99867"
"chr15","62094032","62094191","chr13","69366311","69366454","34","7272279"
"chr15","62347015","62347313","chr15","62551359","62551658","1","204344"
"chr15","63760576","63760868","chr15","64009090","64009384","2","248514"
"chr15","70132597","70132891","chr15","69991814","69992109","1","140783"
"chr15","70389581","70389886","chr15","70254245","70254558","14","135336"
"chr15","71667333","71667623","chr15","71549667","71549957","2","117666"
"chr15","72202806","72203104","chr15","75070840","75071138","1","2868034"
"chr15","76566877","76567176","chr19","7755139","7755434","29","68811738"
"chr15","80692989","80693295","chr15","80365710","80366018","7","327279"
"chr15","82887159","82887331","chr2B","155601921","155602093","21","72714762"
"chr15","84857227","84857520","chr15","84276094","84276387","2","581133"
"chr15","87550732","87551022","chr15","87002141","87002432","1","548591"
"chr15","87562101","87562394","chr15","87013437","87013731","5","548664"
"chr15","88805840","88805958","chr15","88289954","88290073","1","515886"
"chr15","89570327","89570616","chr15","89062616","89062905","1","507711"
"chr15","90841896","90842191","chr15","90353213","90353511","3","488683"
"chr15","94300166","94300462","chr15","93880704","93881005","8","419462"
"chr15","94698567","94698766","chr15","94282660","94282858","5","415907"
"chr15","94699804","94699927","chr13","78226280","78226406","22","16473524"
"chr15","97286140","97286428","chr15","96933422","96933718","9","352718"
"chr16","2144253","2144553","chr16","2115667","2115968","2","28586"
"chr16","2842391","2842648","chr14","75004392","75004649","36","72162001"
"chr16","2995927","2996236","chr4","154426292","154426598","44","151430365"
"chr16","3006024","3006326","chr16","2961477","2961783","5","44547"
"chr16","3620465","3620771","chr15","75070840","75071138","37","71450375"
"chr16","4816148","4816444","chr16","4782218","4782514","4","33930"
"chr16","4884185","4884447","chr20","2791322","2791566","64","2092863"
"chr16","6012093","6012288","chr16","5903330","5903555","30","108763"
"chr16","6973673","6973978","chr1","145694153","145694456","37","138720480"
"chr16","7213045","7213336","chr12","125675991","125676297","61","118462946"
"chr16","7335561","7335855","chr16","7256447","7256741","2","79114"
"chr16","8922345","8922647","chr16","8884363","8884674","18","37982"
"chr16","9074412","9074694","chr16","9043960","9044247","5","30452"
"chr16","9355223","9355521","chr16","9335700","9336002","13","19523"
"chr16","10175917","10176102","chrUn_GL394872","7516","7697","31","10168401"
"chr16","12338691","12338989","chr16","12167985","12168284","1","170706"
"chr16","12452986","12453246","chr7","150343832","150344092","39","137890846"
"chr16","14728008","14728245","chr20","31432538","31432778","39","16704530"
"chr16","16977955","16978195","chr11","48198367","48198629","52","31220412"
"chr16","19460699","19460995","chr16","19225729","19226036","11","234970"
"chr16","19571677","19571973","chr17","69078806","69079095","40","49507129"
"chr16","19696059","19696249","chr17","7159736","7159920","28","12536323"
"chr16","20518765","20519057","chr16","20445019","20445316","6","73746"
"chr16","21050613","21050789","chr2A","59317576","59317749","36","38266963"
"chr16","21354240","21354414","chr16","21150720","21150894","0","203520"
"chr16","21377190","21377504","chr16","21173493","21173826","20","203697"
"chr16","23410994","23411159","chr4","1803064","1803245","44","21607930"
"chr16","24019917","24020206","chr16","23876078","23876369","4","143839"
"chr16","25112157","25112431","chr18","32707337","32707617","41","7595180"
"chr16","25366290","25366569","chr16","25242936","25243215","3","123354"
"chr16","28102325","28102633","chr16","27950325","27950612","21","152000"
"chr16","28600056","28600249","chrX","124931070","124931259","29","96331014"
"chr16","30064266","30064558","chr16","29828279","29828575","4","235987"
"chr16","30978611","30978936","chr16","30748569","30748872","65","230042"
"chr16","31096682","31096861","chr17","734830","735006","29","30361852"
"chr16","31532740","31533050","chr16","31328005","31328315","4","204735"
"chr16","45456492","45456795","chr16","45220921","45221224","2","235571"
"chr16","45757651","45757776","chr16","29588241","29588338","44","16169410"
"chr16","46047448","46047666","chr6","169704863","169705041","67","123657415"
"chr16","46439905","46440205","chr16","46232374","46232676","4","207531"
"chr16","49269991","49270279","chr16","49104494","49104787","5","165497"
"chr16","49282262","49282408","chr15","39903810","39903983","42","9378452"
"chr16","50584850","50584898","chr16","50447820","50447868","0","137030"
"chr16","52129342","52129626","chr16","52008445","52008731","4","120897"
"chr16","52276595","52276801","chr22","37181857","37182051","34","15094738"
"chr16","57046904","57047194","chr16","56722541","56722831","4","324363"
"chr16","58087853","58088141","chr16","57794992","57795281","3","292861"
"chr16","58188569","58188866","chr16","57901817","57902103","14","286752"
"chr16","66253240","66253539","chr16","66074164","66074462","5","179076"
"chr16","66341849","66342157","chr16","66164102","66164410","0","177747"
"chr16","66770356","66770617","chr16","66304407","66304690","24","465949"
"chr16","68292607","68292888","chr16","67826400","67826689","9","466207"
"chr16","69019199","69019483","chr16","68582490","68582772","3","436709"
"chr16","71252369","71252669","chr16","70759790","70760090","2","492579"
"chr16","72852485","72852777","chr16","72362929","72363232","12","489556"
"chr16","74602809","74603003","chr3","164324522","164324716","33","89721713"
"chr16","74884397","74884694","chr16","74363996","74364296","3","520401"
"chr16","75134336","75134638","chr14","34498958","34499256","43","40635378"
"chr16","77095891","77096190","chr16","76620666","76620965","1","475225"
"chr16","77109167","77109440","chr16","76633961","76634234","3","475206"
"chr16","81152316","81152619","chr13","87170284","87170589","43","6017968"
"chr16","81172652","81172947","chr14","48956321","48956614","35","32216331"
"chr16","81338727","81339059","chr16","80842156","80842495","8","496571"
"chr16","81349011","81349300","chr16","80853083","80853372","1","495928"
"chr16","81446177","81446370","chr2A","69717435","69717600","52","11728742"
"chr16","81845728","81846028","chr16","81364662","81364963","3","481066"
"chr16","83529803","83530093","chr16","83109183","83109473","2","420620"
"chr16","83612651","83612946","chr16","83193293","83193596","9","419358"
"chr16","84595011","84595247","chr16","84221036","84221272","3","373975"
"chr16","86314912","86315205","chr15","57763782","57764076","35","28551130"
"chr16","87156022","87156334","chr16","86843262","86843578","9","312760"
"chr16","87385757","87385987","chr12","125823209","125823448","31","38437452"
"chr16","89148066","89148364","chr16","88501114","88501412","0","646952"
"chr17","602412","602575","chr9","29164858","29165029","28","28562446"
"chr17","1047163","1047450","chr10","32491725","32492024","41","31444562"
"chr17","1227444","1227694","chr12","125823209","125823448","50","124595765"
"chr17","1313589","1313880","chr17","61256377","61256670","44","59942788"
"chr17","1807443","1807720","chr17","1868309","1868612","26","60866"
"chr17","1807748","1807758","chr1","152489761","152489794","24","150682013"
"chr17","2045305","2045475","chr9","29164858","29165029","23","27119553"
"chr17","5458496","5458801","chr17","5448085","5448393","5","10411"
"chr17","6402685","6402955","chr20","2791322","2791566","63","3611363"
"chr17","7538775","7539075","chr17","7587026","7587327","3","48251"
"chr17","7696151","7696452","chr17","7745123","7745434","30","48972"
"chr17","8545518","8545625","chr5","34101400","34101494","34","25555882"
"chr17","9697271","9697568","chr14","48956321","48956614","32","39259050"
"chr17","10534896","10535184","chr17","10402175","10402465","2","132721"
"chr17","12118031","12118344","chr17","12015678","12015992","4","102353"
"chr17","12339294","12339350","chr3","173718113","173718157","22","161378819"
"chr17","13142957","13143226","chr17","13005121","13005390","1","137836"
"chr17","15582179","15582458","chr17","15448023","15448335","33","134156"
"chr17","17045264","17045596","chr19","59076998","59077292","77","42031734"
"chr17","17045908","17045923","chr1","152489761","152489794","23","135443853"
"chr17","17509134","17509408","chr17","17382239","17382514","3","126895"
"chr17","18014159","18014197","chr3","173718113","173718157","12","155703954"
"chr17","19204444","19204742","chr17","19016089","19016382","6","188355"
"chr17","22051473","22051763","chr5","172139018","172139314","41","150087545"
"chr17","22700240","22700527","chr17","22597672","22597958","6","102568"
"chr17","25333173","25333477","chr17","26077868","26078178","7","744695"
"chr17","26964182","26964490","chr17","26720487","26720796","3","243695"
"chr17","27309561","27309871","chr17","27067708","27068018","2","241853"
"chr17","27550296","27550595","chr17","27313074","27313374","4","237222"
"chr17","27855717","27856021","chr11","111930602","111930899","42","84074885"
"chr17","29914650","29914852","chr9","124034099","124034298","32","94119449"
"chr17","30006857","30007159","chr17","29828940","29829242","2","177917"
"chr17","30074317","30074621","chr17","29902149","29902459","8","172168"
"chr17","35428776","35429066","chr17","34904921","34905211","7","523855"
"chr17","36239702","36239918","chr17","35951292","35951503","13","288410"
"chr17","37218536","37218848","chr17","36920129","36920442","2","298407"
"chr17","41333311","41333613","chr17","41025522","41025827","10","307789"
"chr17","42795041","42795340","chr17","42461889","42462183","10","333152"
"chr17","43146953","43147241","chr17","42817374","42817662","3","329579"
"chr17","44455445","44455613","chr17","7159736","7159920","32","37295709"
"chr17","45239468","45239763","chr14","48956321","48956614","31","3716853"
"chr17","45484160","45484457","chr17","45150102","45150407","14","334058"
"chr17","45607989","45608264","chr17","45281254","45281530","4","326735"
"chr17","45692878","45693175","chr17","45366522","45366820","6","326356"
"chr17","46552900","46553197","chr17","46240034","46240333","2","312866"
"chr17","46854854","46855145","chr17","46556002","46556290","3","298852"
"chr17","47646979","47647267","chr17","47374014","47374302","1","272965"
"chr17","49201210","49201510","chr17","48822551","48822849","3","378659"
"chr17","50172494","50172760","chr17","49810495","49810761","1","361999"
"chr17","52825318","52825503","chr17","52507734","52507919","1","317584"
"chr17","53296677","53296901","chr4","40720908","40721122","29","12575769"
"chr17","53411746","53412042","chr17","53106265","53106558","7","305481"
"chr17","54660005","54660275","chr14","75004392","75004649","47","20344387"
"chr17","57983476","57983783","chr17","57774963","57775272","5","208513"
"chr17","58539851","58540028","chr17","734830","735006","29","57805021"
"chr17","59440529","59440836","chr7","35978460","35978764","35","23462069"
"chr17","60461280","60461567","chr17","59982652","59982939","3","478628"
"chr17","60847759","60847816","chr3","158028120","158028172","23","97180361"
"chr17","61396240","61396523","chr17","60946291","60946582","13","449949"
"chr17","61737181","61737474","chr17","61256377","61256670","3","480804"
"chr17","62016289","62016579","chr2A","54819012","54819306","32","7197277"
"chr17","62066745","62067034","chr17","13005121","13005390","61","49061624"
"chr17","63319809","63320108","chr17","62893859","62894162","8","425950"
"chr17","63711379","63711562","chr17","7159736","7159920","29","56551643"
"chr17","65998412","65998722","chr10","88848247","88848556","37","22849835"
"chr17","66525763","66526063","chr17","66047293","66047593","0","478470"
"chr17","66917412","66917696","chr17","66450059","66450340","4","467353"
"chr17","66943973","66944170","chr9","124034099","124034298","29","57090126"
"chr17","67008975","67009279","chr17","66542702","66543007","1","466273"
"chr17","69596487","69596775","chr17","69078806","69079095","3","517681"
"chr17","69608879","69609126","chr7","97687407","97687651","30","28078528"
"chr17","70621663","70621974","chr17","70049496","70049808","6","572167"
"chr17","71127005","71127294","chr18","27855946","27856234","32","43271059"
"chr17","71525374","71525666","chr17","70980003","70980299","7","545371"
"chr17","72122929","72123258","chr17","71581428","71581761","5","541501"
"chr17","72390707","72391002","chr17","71854557","71854855","6","536150"
"chr17","72891772","72892051","chr17","72271532","72271841","32","620240"
"chr17","74038036","74038334","chr17","73439096","73439400","10","598940"
"chr17","75799367","75799663","chr17","75264837","75265132","4","534530"
"chr17","76255986","76256162","chr15","39903810","39903983","26","36352176"
"chr17","77050284","77050562","chr20","31500001","31500270","58","45550283"
"chr17","80682285","80682577","chr17","79974171","79974464","8","708114"
"chr17","81323491","81323743","chr7","118528113","118528366","45","37204622"
"chr17","82024592","82024882","chr17","81395141","81395438","7","629451"
"chr17","82684084","82684360","chr9","130199403","130199681","44","47515319"
"chr18","8549287","8549585","chr18","8544570","8544871","3","4717"
"chr18","10312699","10312989","chr4","39285304","39285592","48","28972605"
"chr18","13223078","13223388","chr6","29062104","29062416","25","15839026"
"chr18","16322443","16322726","chr18","3402396","3402682","4","12920047"
"chr18","18167160","18167462","chr18","16934215","16934513","5","1232945"
"chr18","18493041","18493306","chr14","75004392","75004649","42","56511351"
"chr18","18693965","18694260","chr18","17487641","17487932","6","1206324"
"chr18","18749372","18749673","chr18","17543718","17544023","5","1205654"
"chr18","22842987","22843007","chr1","152489761","152489794","20","129646774"
"chr18","22843050","22843323","chr21","32352970","32353251","44","9509920"
"chr18","22865092","22865374","chr12","121051480","121051765","40","98186388"
"chr18","25317451","25317730","chr18","24216417","24216698","4","1101034"
"chr18","28925364","28925652","chr18","27855946","27856234","3","1069418"
"chr18","33724519","33724799","chr18","32707337","32707617","1","1017182"
"chr18","35543230","35543510","chr6","156580972","156581251","33","121037742"
"chr18","35831574","35831859","chr18","34832926","34833211","2","998648"
"chr18","42827593","42827887","chr18","41941232","41941538","16","886361"
"chr18","49983986","49984285","chr18","49217426","49217723","3","766560"
"chr18","54411795","54411951","chr19","4456933","4457093","25","49954862"
"chr18","54497742","54498047","chr18","53863200","53863507","11","634542"
"chr18","57210263","57210560","chr18","56606853","56607150","4","603410"
"chr18","59117618","59117911","chr18","58532960","58533255","6","584658"
"chr18","59190866","59191145","chr9","130199403","130199681","36","71008537"
"chr18","59191361","59191639","chr18","58606538","58606795","23","584823"
"chr18","59623297","59623598","chr20","16601362","16601663","33","43021935"
"chr18","65917373","65917657","chr18","65475625","65475910","2","441748"
"chr18","66910415","66910666","chr18","66480061","66480312","0","430354"
"chr18","66987828","66988135","chr1","78593615","78593919","46","11605787"
"chr18","69687892","69688179","chr18","69304479","69304766","10","383413"
"chr18","71516123","71516433","chr18","71152280","71152591","1","363843"
"chr18","74152055","74152369","chr18","73843988","73844298","5","308067"
"chr19","525105","525412","chr7","144736012","144736310","43","144210907"
"chr19","525527","525822","chr14","48956321","48956614","35","48430794"
"chr19","1515011","1515289","chr1","54402574","54402862","55","52887563"
"chr19","1756751","1757054","chr19","1727093","1727399","5","29658"
"chr19","2253236","2253529","chr2A","54819012","54819306","33","52565776"
"chr19","3665825","3666133","chr19","3691349","3691654","3","25524"
"chr19","3730611","3730785","chr10","14999292","14999462","26","11268681"
"chr19","3738295","3738574","chr3","51909182","51909457","42","48170887"
"chr19","4406057","4406216","chr19","4456933","4457093","2","50876"
"chr19","5725796","5725995","chr9","124034099","124034298","27","118308303"
"chr19","6111516","6111809","chr19","6198496","6198790","8","86980"
"chr19","6791874","6792176","chr19","6876841","6877140","7","84967"
"chr19","6822772","6823032","chr15","66467831","66468070","59","59645059"
"chr19","7452105","7452403","chr19","7362554","7362853","3","89551"
"chr19","7796801","7797095","chr19","7755139","7755434","8","41662"
"chr19","9319046","9319351","chr7","70873003","70873306","37","61553957"
"chr19","10923637","10923946","chr19","10913170","10913478","5","10467"
"chr19","10925838","10926147","chr4","73419052","73419362","29","62493214"
"chr19","10996981","10997256","chr19","10989343","10989618","3","7638"
"chr19","11643498","11643642","chr1","28390675","28390818","26","16747177"
"chr19","11643931","11644109","chr1","133657260","133657444","36","122013329"
"chr19","12167402","12167567","chr7","153741375","153741543","24","141573973"
"chr19","12385908","12386212","chr19","12313496","12313802","6","72412"
"chr19","12583437","12583747","chr19","12515148","12515457","1","68289"
"chr19","13498725","13499020","chr19","13468747","13469045","4","29978"
"chr19","15287121","15287320","chr3","164324522","164324716","31","149037401"
"chr19","15438564","15438750","chr17","7159736","7159920","23","8278828"
"chr19","17243844","17244146","chr16","2115667","2115968","29","15128177"
"chr19","17770396","17770673","chr19","17589357","17589665","32","181039"
"chr19","19076722","19077027","chr17","45366522","45366820","44","26289800"
"chr19","19558586","19558773","chr17","7159736","7159920","29","12398850"
"chr19","19564161","19564447","chr14","48956321","48956614","33","29392160"
"chr19","19737732","19737779","chr3","173718113","173718157","11","153980381"
"chr19","19817788","19817983","chr15","80928505","80928706","29","61110717"
"chr19","19887679","19887981","chr15","75070840","75071138","38","55183161"
"chr19","20099338","20099640","chr19","19992678","19992988","9","106660"
"chr19","20159313","20159607","chr19","20053167","20053462","2","106146"
"chr19","20464303","20464597","chr19","20366885","20367180","1","97418"
"chr19","20592609","20592768","chr12","32104898","32105058","30","11512289"
"chr19","21346476","21346764","chr19","21138971","21139260","7","207505"
"chr19","21519361","21519647","chr19","21318932","21319230","12","200429"
"chr19","21698624","21698741","chr19","21508053","21508172","2","190571"
"chr19","21739057","21739214","chr19","21548591","21548748","0","190466"
"chr19","21741617","21741921","chr19","21551154","21551458","1","190463"
"chr19","22275334","22275620","chr19","22310221","22310520","15","34887"
"chr19","22337997","22338305","chr19","22372556","22372861","7","34559"
"chr19","22716873","22717055","chr17","7159736","7159920","27","15557137"
"chr19","22859360","22859662","chr19","22907189","22907497","7","47829"
"chr19","23835319","23835621","chr19","23866962","23867270","8","31643"
"chr19","24118145","24118434","chr19","22089519","22089807","1","2028626"
"chr19","34507476","34507769","chr19","33899492","33899784","4","607984"
"chr19","36139834","36140132","chr19","35562780","35563079","3","577054"
"chr19","41094983","41095290","chr1","12373339","12373643","44","28721644"
"chr19","42016162","42016319","chr14","50237186","50237324","41","8221024"
"chr19","42113708","42114003","chr19","42877506","42877806","10","763798"
"chr19","42208401","42208697","chr19","42780434","42780728","2","572033"
"chr19","42220662","42220958","chr19","42768241","42768537","1","547579"
"chr19","43140528","43140827","chr19","42094977","42095286","13","1045551"
"chr19","43627751","43628046","chr11","105684369","105684665","2","62056618"
"chr19","43839968","43840169","chr9","124034099","124034298","27","80194131"
"chr19","44428921","44429147","chr17","74101124","74101336","68","29672203"
"chr19","44482596","44482902","chr2B","224212410","224212717","35","179729814"
"chr19","44512789","44513063","chr19","44076561","44076831","4","436228"
"chr19","45142370","45142676","chr19","44722024","44722331","2","420346"
"chr19","45925054","45925345","chr19","45558072","45558364","1","366982"
"chr19","46575050","46575354","chr7","73708656","73708959","37","27133606"
"chr19","48582452","48582742","chr10","43006462","43006757","46","5575990"
"chr19","48997983","48998095","chr9","97627424","97627530","33","48629441"
"chr19","51082851","51082931","chr9","127847202","127847279","17","76764351"
"chr19","51175504","51175705","chr3","78120642","78120843","30","26945138"
"chr19","51453210","51453498","chr7","112841829","112842122","38","61388619"
"chr19","51497578","51497874","chr19","50908611","50908909","5","588967"
"chr19","51914987","51915182","chr9","124034099","124034298","28","72119112"
"chr19","52566140","52566335","chr3","78120642","78120843","31","25554502"
"chr19","52902909","52903249","chr19","52201833","52202146","29","701076"
"chr19","53388195","53388496","chr19","52677693","52677994","0","710502"
"chr19","55011988","55012295","chr19","54055623","54055930","2","956365"
"chr19","55027617","55027913","chr16","4782218","4782514","44","50245399"
"chr19","57688780","57689097","chr19","56758284","56758609","10","930496"
"chr19","58329122","58329379","chr7","118528113","118528366","46","60198991"
"chr19","58582511","58582744","chr19","57639570","57639803","2","942941"
"chr19","59461836","59462131","chr16","49104494","49104787","46","10357342"
"chr19","59503473","59503558","chrX","134007484","134007560","35","74504011"
"chr19","60095450","60095738","chr15","75070840","75071138","39","14975390"
"chr19","60384021","60384309","chr19","59518451","59518739","2","865570"
"chr19","61830860","61831031","chr15","39903810","39903983","34","21927050"
"chr19","63937626","63937909","chr19","63154376","63154667","12","783250"
"chr19","64338135","64338332","chr3","164324522","164324716","29","99986387"
"chr20","135814","136126","chr20","113657","113969","3","22157"
"chr20","329475","329712","chr6","43691733","43691967","42","43362258"
"chr20","3721536","3721823","chr16","56722541","56722831","52","53001005"
"chr20","5477928","5478220","chr6","152618192","152618486","41","147140264"
"chr20","12450666","12450943","chr20","12413005","12413283","3","37661"
"chr20","13537665","13537959","chr20","13573445","13573736","8","35780"
"chr20","16515934","16516234","chr20","16601362","16601663","5","85428"
"chr20","24479603","24479898","chr20","24341197","24341492","1","138406"
"chr20","29823374","29823694","chr4","73419052","73419362","43","43595678"
"chr20","30487449","30487729","chr16","25242936","25243215","31","5244513"
"chr20","31619198","31619287","chr4","40721433","40721520","13","9102235"
"chr20","32142089","32142346","chr14","75004392","75004649","31","42862303"
"chr20","32387195","32387486","chr20","31754814","31755110","8","632381"
"chr20","32893089","32893393","chr20","32272263","32272571","8","620826"
"chr20","33023857","33024137","chr20","32404793","32405092","20","619064"
"chr20","38427651","38427945","chr20","37918475","37918769","1","509176"
"chr20","38817811","38818062","chr20","38322986","38323237","0","494825"
"chr20","40771946","40772235","chr20","40301925","40302214","1","470021"
"chr20","41792145","41792458","chr1","191264260","191264569","38","149472115"
"chr20","42324309","42324595","chr20","41874393","41874680","3","449916"
"chr20","46977512","46977803","chr20","46611863","46612161","9","365649"
"chr20","47192006","47192280","chr20","2791322","2791566","71","44400684"
"chr20","47246692","47246893","chr9","124034099","124034298","27","76787407"
"chr20","49077423","49077663","chr20","48694769","48695040","33","382654"
"chr20","49171879","49172069","chr17","7159736","7159920","26","42012143"
"chr20","49185364","49185423","chr12","6460668","6460716","24","42724696"
"chr20","49393512","49393780","chr18","32707337","32707617","54","16686175"
"chr20","52206017","52206168","chr19","4456933","4457093","26","47749084"
"chr20","52298087","52298380","chr20","51868554","51868846","8","429533"
"chr20","55021939","55022240","chr20","54591469","54591770","1","430470"
"chr20","59853652","59853885","chr15","66467831","66468070","29","6614179"
"chr21","14740890","14741098","chr4","40720908","40721122","32","25980018"
"chr21","15450180","15450339","chr12","32104898","32105058","26","16654718"
"chr21","21343949","21344233","chr21","7717228","7717512","2","13626721"
"chr21","21936790","21937100","chr21","8317008","8317322","5","13619782"
"chr21","22806204","22806515","chr22","45653279","45653586","42","22847075"
"chr21","23754848","23755163","chr21","10137425","10137738","6","13617423"
"chr21","23809228","23809515","chr21","10192139","10192428","7","13617089"
"chr21","24664211","24664508","chr21","11048019","11048318","7","13616192"
"chr21","29472369","29472674","chr13","87170284","87170589","38","57697915"
"chr21","30810800","30811089","chr21","17166028","17166325","9","13644772"
"chr21","32670859","32671135","chr11","111930602","111930899","53","79259743"
"chr21","34225717","34226011","chr1","190875761","190876053","34","156650044"
"chr21","36017388","36017583","chr3","164324522","164324716","31","128307134"
"chr21","38438807","38439104","chr21","24818488","24818785","1","13620319"
"chr21","40332983","40333175","chr3","164324522","164324716","25","123991539"
"chr21","41015168","41015478","chr21","27413261","27413587","16","13601907"
"chr21","42587967","42588152","chr17","7159736","7159920","27","35428231"
"chr21","43218402","43218702","chr21","29659720","29660020","0","13558682"
"chr21","43345741","43346035","chr21","29786952","29787247","1","13558789"
"chr21","44450499","44450800","chr21","30871402","30871703","0","13579097"
"chr21","45910161","45910473","chr21","32352970","32353251","32","13557191"
"chr22","17454535","17454841","chr5","133544461","133544766","42","116089926"
"chr22","17599834","17600152","chr22","17572175","17572496","6","27659"
"chr22","23869231","23869513","chr22","23769482","23769764","2","99749"
"chr22","24070039","24070148","chrX","83262502","83262604","20","59192463"
"chr22","24070483","24070687","chr3","78120642","78120843","33","54050159"
"chr22","27524204","27524501","chr22","27448551","27448841","8","75653"
"chr22","27525149","27525282","chr14","50237186","50237324","28","22712037"
"chr22","27862061","27862353","chr22","27800913","27801213","9","61148"
"chr22","28292529","28292721","chr17","7159736","7159920","33","21132793"
"chr22","29925672","29925789","chr1","226740878","226740970","46","196815206"
"chr22","30338550","30338856","chr22","30150689","30150995","2","187861"
"chr22","31793681","31793963","chr22","31605498","31605787","9","188183"
"chr22","33540816","33541111","chr22","33372282","33372592","27","168534"
"chr22","37016429","37016726","chr22","36933033","36933342","15","83396"
"chr22","37381090","37381317","chr4","40720908","40721122","66","3339818"
"chr22","38994054","38994354","chr22","38975723","38976032","12","18331"
"chr22","40025128","40025326","chr7","88863909","88864111","27","48838781"
"chr22","40216366","40216552","chr17","7159736","7159920","22","33056630"
"chr22","40681646","40681900","chr11","48198367","48198629","50","7516721"
"chr22","40956496","40956793","chr17","42461889","42462183","32","1505393"
"chr22","41460775","41460916","chr10","120456326","120456458","26","78995551"
"chr22","42182988","42183294","chr1","78593615","78593919","33","36410627"
"chr22","43764725","43765020","chr22","43474303","43474600","3","290422"
"chr22","43958213","43958359","chr22","43674104","43674247","6","284109"
"chr22","44679245","44679546","chr22","44412777","44413080","11","266468"
"chr22","45834471","45834639","chr9","29164858","29165029","29","16669613"
"chr22","45901158","45901456","chr22","45653279","45653586","13","247879"
"chr22","47004573","47004884","chr22","46784407","46784717","6","220166"
"chr22","49067170","49067461","chr17","69078806","69079095","36","20011636"
"chr2A","5270330","5270402","chr3","194849283","194849339","26","189578953"
"chr2A","8911219","8911508","chr2A","8842131","8842420","2","69088"
"chr2A","9748811","9749101","chr2A","9690162","9690460","14","58649"
"chr2A","11311276","11311579","chr2A","11282094","11282399","2","29182"
"chr2A","14406421","14406724","chr2A","14423549","14423852","2","17128"
"chr2A","17620864","17621166","chr10","59178297","59178598","30","41557433"
"chr2A","20173091","20173426","chr2A","20292873","20293209","4","119782"
"chr2A","25774675","25774969","chr2A","26018749","26019054","14","244074"
"chr2A","33748946","33749114","chr9","29164858","29165029","24","4584088"
"chr2A","34047591","34047869","chr6","156580972","156581251","40","122533381"
"chr2A","34726135","34726320","chr3","164324522","164324716","33","129598387"
"chr2A","35441227","35441525","chr2A","35190841","35191151","20","250386"
"chr2A","37514464","37514669","chr2A","37250953","37251159","6","263511"
"chr2A","37824173","37824471","chr2A","37562156","37562460","11","262017"
"chr2A","39321984","39322258","chr1","146195212","146195486","35","106873228"
"chr2A","39908590","39908885","chr2A","39691151","39691451","6","217439"
"chr2A","39914517","39914685","chr9","29164858","29165029","25","10749659"
"chr2A","39957420","39957714","chr2A","39741412","39741708","2","216008"
"chr2A","43478907","43479174","chr2A","43213142","43213436","27","265765"
"chr2A","43925693","43925914","chr2A","43668407","43668631","5","257286"
"chr2A","45128997","45129305","chr7","72551487","72551785","38","27422490"
"chr2A","45206207","45206516","chr2A","44854471","44854779","3","351736"
"chr2A","46759539","46759842","chr2A","46429202","46429505","1","330337"
"chr2A","48938288","48938592","chr2A","48661080","48661384","2","277208"
"chr2A","53376025","53376176","chr19","4456933","4457093","29","48919092"
"chr2A","53887883","53888012","chr2A","53659147","53659279","3","228736"
"chr2A","55474069","55474345","chr2A","55039882","55040167","12","434187"
"chr2A","62358838","62359082","chr15","66467831","66468070","40","4108993"
"chr2A","63082103","63082285","chrUn_GL393543","46328","46509","34","63035775"
"chr2A","64997451","64997756","chr2A","64672736","64673041","1","324715"
"chr2A","65238830","65239122","chr2A","64918198","64918492","4","320632"
"chr2A","66150397","66150692","chr2A","65849710","65850020","19","300687"
"chr2A","69978589","69978755","chr2A","69717435","69717600","1","261154"
"chr2A","70497881","70498163","chr2A","70249434","70249716","2","248447"
"chr2A","71011761","71012041","chr2A","70774001","70774281","2","237760"
"chr2A","71836256","71836564","chr2A","71612759","71613067","3","223497"
"chr2A","79317231","79317518","chr1","129825886","129826175","34","50508655"
"chr2A","81470459","81470766","chr2A","80884516","80884823","2","585943"
"chr2A","84681712","84682015","chr15","75070840","75071138","43","9610872"
"chr2A","86797507","86797807","chr2A","86375130","86375425","6","422377"
"chr2A","86828106","86828210","chr10","86173781","86173875","20","654325"
"chr2A","87799052","87799352","chr2A","87405245","87405548","4","393807"
"chr2A","100224765","100225052","chr2A","99505650","99505938","2","719115"
"chr2A","101497658","101497973","chr2A","100790755","100791070","3","706903"
"chr2A","101547561","101547866","chr2A","100845520","100845824","3","702041"
"chr2A","102719621","102719810","chr17","7159736","7159920","32","95559885"
"chr2A","104207854","104208156","chr17","45366522","45366820","42","58841332"
"chr2A","110704956","110705235","chr6","156580972","156581251","42","45876016"
"chr2A","111358167","111358449","chr12","121051480","121051765","47","9693313"
"chr2B","114492492","114492794","chr2B","114482445","114482752","7","10047"
"chr2B","114991020","114991312","chr2B","115019835","115020132","8","28815"
"chr2B","116668575","116668755","chr17","7159736","7159920","31","109508839"
"chr2B","119129386","119129681","chr1","129825886","129826175","38","10696500"
"chr2B","120539975","120540268","chr2B","120600783","120601076","2","60808"
"chr2B","121401847","121402151","chr2B","121477126","121477431","3","75279"
"chr2B","121675247","121675540","chr2B","121757690","121757984","4","82443"
"chr2B","125184587","125184867","chr2B","125126204","125126484","1","58383"
"chr2B","128500001","128500175","chr17","734830","735006","24","127765171"
"chr2B","128612471","128612763","chr2B","128675927","128676220","2","63456"
"chr2B","128620179","128620471","chr2B","128683665","128683960","4","63486"
"chr2B","129570799","129570963","chr7","153741375","153741543","28","24170576"
"chr2B","131602824","131602983","chr3","176404519","176404679","23","44801695"
"chr2B","131825490","131825718","chr15","66467831","66468070","33","65357659"
"chr2B","137346645","137346902","chr14","56258130","56258383","42","81088515"
"chr2B","145805325","145805651","chr9","117656747","117657085","58","28148578"
"chr2B","145864599","145864906","chr2B","145813147","145813454","0","51452"
"chr2B","155816635","155816789","chr2B","155489068","155489222","1","327567"
"chr2B","155997941","155998136","chr17","7159736","7159920","35","148838205"
"chr2B","156423488","156423667","chr17","734830","735006","22","155688658"
"chr2B","159060266","159060563","chr2B","158759258","158759562","9","301008"
"chr2B","163025825","163026131","chrX","23558422","23558718","43","139467403"
"chr2B","167713412","167713717","chr2B","167349042","167349349","2","364370"
"chr2B","168612491","168612809","chr2B","168261753","168262031","42","350738"
"chr2B","175317314","175317474","chr8","19760821","19760989","25","155556493"
"chr2B","175843050","175843341","chr22","43446469","43446762","32","132396581"
"chr2B","178700801","178701032","chr6","43691733","43691967","51","135009068"
"chr2B","178831644","178831935","chr2B","178550838","178551129","1","280806"
"chr2B","179718020","179718332","chr2B","179448665","179448972","18","269355"
"chr2B","185121961","185122249","chr5","144544636","144544932","42","40577325"
"chr2B","186899200","186899491","chr1","54402574","54402862","36","132496626"
"chr2B","188107368","188107674","chr11","111930602","111930899","33","76176766"
"chr2B","194854073","194854382","chr4","73419052","73419362","39","121435021"
"chr2B","201940537","201940811","chr2B","201473739","201474017","5","466798"
"chr2B","203592274","203592550","chr2B","203154466","203154742","0","437808"
"chr2B","205506122","205506417","chr2B","204818038","204818333","0","688084"
"chr2B","207497333","207497643","chr2B","206850402","206850711","4","646931"
"chr2B","207992914","207993040","chr2B","207369815","207369941","0","623099"
"chr2B","208000001","208000195","chr17","7159736","7159920","31","200840265"
"chr2B","208931633","208931928","chr2B","208360697","208360992","2","570936"
"chr2B","209455174","209455384","chr17","36103470","36103677","41","173351704"
"chr2B","209750570","209750864","chr1","164444571","164444855","48","45305999"
"chr2B","211545692","211546047","chr17","61256377","61256670","152","150289315"
"chr2B","211896675","211896979","chr2B","211373162","211373466","3","523513"
"chr2B","213199942","213200237","chr2B","212689118","212689416","5","510824"
"chr2B","215000001","215000199","chr3","164324522","164324716","38","50675479"
"chr2B","215546840","215547141","chr2B","214796725","214797033","7","750115"
"chr2B","220553806","220554095","chr2B","219820358","219820647","3","733448"
"chr2B","221179103","221179410","chr13","87170284","87170589","46","134008819"
"chr2B","221259519","221259813","chr2B","220438807","220439107","7","820712"
"chr2B","224343455","224343746","chr2B","223551961","223552253","3","791494"
"chr2B","224696810","224697109","chr2B","223913032","223913332","4","783778"
"chr2B","224985473","224985780","chr2B","224212410","224212717","6","773063"
"chr2B","225044659","225044951","chr2B","224274096","224274389","2","770563"
"chr2B","231713727","231714021","chr11","111930602","111930899","34","119783125"
"chr2B","233168839","233169117","chr9","130199403","130199681","44","102969436"
"chr2B","237696736","237697022","chr2B","236918522","236918808","1","778214"
"chr2B","238720679","238720987","chr10","86374566","86374875","50","152346113"
"chr2B","244424986","244425112","chr8","68531707","68531847","47","175893279"
"chr2B","247117537","247117813","chr2B","246385989","246386263","5","731548"
"chrUn_NW_014015520v1","3","177","chr11","60701510","60701681","31","60701507"
"chrUn_NW_014016221v1","838","1087","chr7","5301811","5302073","16","5300973"
"chrUn_NW_014016448v1","892","1057","chr7","153741375","153741543","25","153740483"
"chrUn_NW_014016663v1","145","445","chrX","71044694","71044994","2","71044549"
"chrUn_NW_014017165v1","127577","127866","chr17","79974171","79974464","31","79846594"
"chrUn_NW_014017216v1","33991","34290","chr7","144736012","144736310","41","144702021"
"chrUn_NW_014017719v1","17913","18073","chr7","153741375","153741543","28","153723462"
"chrUn_NW_014018345v1","600","908","chr11","124343401","124343710","44","124342801"
