"chr1","93323080","93323285","KN296557v1","518226","518421","27","92804854"
"chr1","11665170","11665481","KN294705v1","773441","773753","57","10891729"
"chr1","11927552","11927782","KN295045v1","1285025","1285240","53","10642527"
"chr1","40501004","40501307","KN294172v1","3719789","3720086","69","36781215"
"chr1","94896107","94896264","KN294451v1","963185","963337","51","93932922"
"chr1","110362457","110362738","KN294410v1","285225","285480","44","110077232"
"chr1","123600874","123601156","KN296865v1","1550408","1550639","59","122050466"
"chr1","129761208","129761511","KN295171v1","655371","655672","55","129105837"
"chr1","129892308","129892606","KN297245v1","2036362","2036663","50","127855946"
"chr1","182058817","182059111","KN295596v1","2267655","2267940","69","179791162"
"chr1","224526078","224526368","KN296253v1","167394","167691","59","224358684"
"chr1","792773","793045","KN295350v1","1309463","1309743","60","516690"
"chr1","894390","894513","KN294399v1","21522","21642","26","872868"
"chr1","969318","969602","KN297095v1","1513904","1514196","56","544586"
"chr1","1008455","1008696","KN294906v1","87543","87792","74","920912"
"chr1","1011897","1012160","KN295607v1","4659920","4660187","57","3648023"
"chr1","1012432","1012724","KN294199v1","65187","65474","72","947245"
"chr1","1021637","1021889","KN295601v1","3214186","3214464","77","2192549"
"chr1","1023149","1023439","KN294571v1","834530","834827","64","188619"
"chr1","1150664","1150951","KN296485v1","448473","448760","64","702191"
"chr1","1152355","1152647","KN294800v1","58275","58560","58","1094080"
"chr1","1166941","1167176","KN297259v1","2209668","2209902","48","1042727"
"chr1","1187518","1187839","KN295384v1","153678","153968","79","1033840"
"chr1","1189316","1189391","KN296485v1","179279","179356","19","1010037"
"chr1","1226797","1227076","KN294671v1","200068","200336","65","1026729"
"chr1","1256787","1257089","KN296310v1","728856","729158","62","527931"
"chr1","1271959","1272102","KN296620v1","978828","978980","43","293131"
"chr1","1324561","1324817","KN294842v1","1529325","1529593","71","204764"
"chr1","1324970","1325249","KN294187v1","533538","533812","60","791432"
"chr1","1346407","1346534","KN297274v1","678382","678496","35","668025"
"chr1","1346827","1346987","KN296825v1","1485902","1486067","31","139075"
"chr1","1363968","1364121","KN294387v1","2325079","2325214","56","961111"
"chr1","1364170","1364452","KN294733v1","143432","143710","59","1220738"
"chr1","1421571","1421866","KN296154v1","1298937","1299227","61","122634"
"chr1","1452904","1453203","KN294921v1","751222","751510","61","701682"
"chr1","1499262","1499327","KN294399v1","159288","159351","16","1339974"
"chr1","1499609","1499681","KN295236v1","1482749","1482815","19","16860"
"chr1","1501716","1501981","KN295933v1","876790","877057","65","624926"
"chr1","1561470","1561580","KN296178v1","771001","771107","19","790469"
"chr1","1561883","1562068","KN296253v1","663605","663793","40","898278"
"chr1","1566866","1567115","KN295923v1","1975100","1975355","59","408234"
"chr1","1571287","1571358","KN294964v1","567178","567244","22","1004109"
"chr1","1580026","1580157","KN296495v1","524539","524668","38","1055487"
"chr1","1585664","1585949","KN296884v1","212592","212879","61","1373072"
"chr1","1633827","1633970","KN294911v1","1045752","1045901","33","588075"
"chr1","1634729","1634864","KN295706v1","291517","291648","20","1343212"
"chr1","1635015","1635283","KN296825v1","1365525","1365806","66","269490"
"chr1","1637982","1638256","KN294733v1","143432","143710","63","1494550"
"chr1","1665949","1666212","KN295607v1","4294863","4295138","67","2628914"
"chr1","1673138","1673269","KN297361v1","67703","67835","27","1605435"
"chr1","1673547","1673733","KN296883v1","2780707","2780888","41","1107160"
"chr1","1676953","1677254","KN296153v1","3904953","3905242","63","2228000"
"chr1","1693289","1693558","KN296485v1","649961","650220","70","1043328"
"chr1","1699227","1699380","KN295744v1","469676","469831","44","1229551"
"chr1","1713280","1713379","KN297112v1","4708208","4708305","25","2994928"
"chr1","1713671","1713841","KN296731v1","1354714","1354866","45","358957"
"chr1","1717575","1717841","KN296732v1","3565284","3565543","65","1847709"
"chr1","1738590","1738710","KN296119v1","2141246","2141365","27","402656"
"chr1","1739743","1739880","KN295995v1","159601","159737","18","1580142"
"chr1","1742159","1742471","KN295236v1","455092","455401","62","1287067"
"chr1","1761189","1761479","KN294987v1","797207","797503","68","963982"
"chr1","1801467","1801769","KN297320v1","1234476","1234772","52","566991"
"chr1","1857272","1857561","KN296153v1","3627188","3627472","65","1769916"
"chr1","1859242","1859590","KN294470v1","3146483","3146791","93","1287241"
"chr1","1875221","1875344","KN294467v1","32975","33096","21","1842246"
"chr1","1875374","1875515","KN296101v1","34946","35080","26","1840428"
"chr1","1881346","1881645","KN295090v1","2290575","2290869","60","409229"
"chr1","1901997","1902265","KN296096v1","524484","524754","63","1377513"
"chr1","1909810","1910122","KN295405v1","397301","397607","63","1512509"
"chr1","1931190","1931318","KN295995v1","1881187","1881317","26","50003"
"chr1","1949467","1949770","KN295304v1","712822","713119","56","1236645"
"chr1","1967291","1967529","KN294758v1","1155751","1155987","65","811540"
"chr1","2015073","2015230","KN295748v1","125282","125449","40","1889791"
"chr1","2053913","2054176","KN294439v1","249976","250241","58","1803937"
"chr1","2057432","2057709","KN294451v1","879087","879371","61","1178345"
"chr1","2064320","2064426","KN296079v1","773494","773597","22","1290826"
"chr1","2083193","2083351","KN295708v1","750238","750397","34","1332955"
"chr1","2135738","2136047","KN295294v1","3588871","3589172","72","1453133"
"chr1","2189918","2190222","KN295962v1","344673","344936","95","1845245"
"chr1","2228335","2228649","KN296508v1","2151971","2152273","56","76364"
"chr1","2289143","2289186","KN294224v1","471301","471335","13","1817842"
"chr1","2289768","2289812","KN296460v1","643562","643606","17","1646206"
"chr1","2482292","2482560","KN296017v1","375714","376026","63","2106578"
"chr1","2492163","2492461","KN296017v1","366720","367014","20","2125443"
"chr1","2517684","2517970","KN296017v1","340648","340943","36","2177036"
"chr1","2650897","2651163","KN294439v1","249976","250241","58","2400921"
"chr1","3035794","3036077","KN294217v1","134696","134980","16","2901098"
"chr1","3094236","3094547","KN294217v1","191398","191704","36","2902838"
"chr1","3138832","3139097","KN294217v1","233962","234231","31","2904870"
"chr1","3201688","3201993","KN294217v1","297486","297789","32","2904202"
"chr1","3245435","3245692","KN295962v1","550289","550532","60","2695146"
"chr1","3349363","3349656","KN294217v1","445751","446037","32","2903612"
"chr1","3456172","3456333","KN294536v1","447137","447293","26","3009035"
"chr1","3471635","3471929","KN294499v1","2052491","2052768","76","1419144"
"chr1","3560569","3560870","KN294613v1","737792","738092","54","2822777"
"chr1","3603373","3603591","KN294842v1","652037","652250","44","2951336"
"chr1","3657446","3657748","KN294217v1","779897","780196","28","2877549"
"chr1","3685972","3686268","KN294217v1","809190","809477","48","2876782"
"chr1","3742467","3742713","KN294949v1","1672635","1672887","56","2069832"
"chr1","3777507","3777649","KN294217v1","898479","898629","17","2879028"
"chr1","3789670","3789965","KN294217v1","913912","914208","16","2875758"
"chr1","3805359","3805647","KN294217v1","926973","927205","74","2878386"
"chr1","3950713","3950848","KN294848v1","1173579","1173713","34","2777134"
"chr1","3951145","3951284","KN294470v1","1941940","1942077","28","2009205"
"chr1","4003797","4004100","KN294217v1","1102378","1102682","26","2901419"
"chr1","4200159","4200462","KN294217v1","1274841","1275144","34","2925318"
"chr1","4360694","4360983","KN294217v1","1445408","1445698","33","2915286"
"chr1","4408239","4408529","KN296406v1","10168","10460","62","4398071"
"chr1","4592487","4592778","KN294217v1","1680237","1680525","24","2912250"
"chr1","4614405","4614700","KN294217v1","1703183","1703475","27","2911222"
"chr1","4744326","4744642","KN294217v1","1821212","1821523","24","2923114"
"chr1","4758631","4758932","KN297133v1","925513","925808","61","3833118"
"chr1","4772658","4772954","KN294217v1","1851408","1851717","32","2921250"
"chr1","4802731","4803038","KN294217v1","1883176","1883497","34","2919555"
"chr1","4882619","4882892","KN294217v1","1958908","1959183","13","2923711"
"chr1","4887923","4888197","KN294217v1","1963975","1964255","47","2923948"
"chr1","5030144","5030388","KN294217v1","2098975","2099228","20","2931169"
"chr1","5047834","5048123","KN294217v1","2116007","2116295","26","2931827"
"chr1","5778644","5778953","KN294217v1","2658328","2658635","26","3120316"
"chr1","5788723","5789021","KN294217v1","2667389","2667696","38","3121334"
"chr1","5851836","5852078","KN294217v1","2729454","2729698","24","3122382"
"chr1","5934783","5934958","KN294619v1","110010","110187","39","5824773"
"chr1","5935269","5935398","KN295814v1","1458160","1458289","23","4477109"
"chr1","5946874","5947161","KN296520v1","1534317","1534605","58","4412557"
"chr1","5983456","5983763","KN294257v1","2403021","2403326","64","3580435"
"chr1","5992315","5992502","KN295988v1","825364","825541","38","5166951"
"chr1","6037014","6037326","KN296225v1","214782","215070","82","5822232"
"chr1","6038099","6038413","KN296406v1","163962","164264","62","5874137"
"chr1","6042128","6042304","KN295722v1","2530724","2530897","38","3511404"
"chr1","6042603","6042743","KN294372v1","1217522","1217662","22","4825081"
"chr1","6050436","6050739","KN296538v1","1793220","1793524","59","4257216"
"chr1","6159033","6159156","KN294467v1","32975","33096","22","6126058"
"chr1","6215676","6215963","KN296634v1","1816690","1816969","56","4398986"
"chr1","6216689","6216981","KN295459v1","697076","697373","56","5519613"
"chr1","6224353","6224657","KN295236v1","5121169","5121469","58","1103184"
"chr1","6227266","6227534","KN294987v1","372519","372777","61","5854747"
"chr1","6316368","6316568","KN296635v1","3474290","3474485","49","2842078"
"chr1","6363650","6363831","KN294705v1","1047371","1047557","39","5316279"
"chr1","6403519","6403833","KN296635v1","4355215","4355519","69","2048304"
"chr1","6420273","6420565","KN295107v1","1172905","1173191","53","5247368"
"chr1","6428076","6428365","KN296977v1","88156","88438","55","6339920"
"chr1","6430909","6431191","KN296225v1","214782","215070","57","6216127"
"chr1","6473518","6473727","KN296187v1","2415613","2415818","41","4057905"
"chr1","6497862","6498069","KN295450v1","186842","187049","41","6311020"
"chr1","6515400","6515683","KN294758v1","3036785","3037063","52","3478615"
"chr1","6531181","6531315","KN296934v1","522869","523001","26","6008312"
"chr1","6559736","6559880","KN296138v1","158354","158482","31","6401382"
"chr1","6560171","6560343","KN294705v1","1591086","1591255","42","4969085"
"chr1","6574299","6574607","KN295236v1","455092","455401","68","6119207"
"chr1","6608789","6609090","KN296649v1","576985","577271","78","6031804"
"chr1","6618954","6619159","KN295198v1","78177","78377","65","6540777"
"chr1","6642209","6642505","KN297008v1","1477900","1478200","55","5164309"
"chr1","6647119","6647419","KN295405v1","269749","270056","62","6377370"
"chr1","6658254","6658382","KN296588v1","2156571","2156699","22","4501683"
"chr1","6665808","6666103","KN296096v1","2297832","2298124","69","4367976"
"chr1","6684060","6684181","KN294747v1","819439","819562","18","5864621"
"chr1","6691545","6691811","KN296357v1","431621","431890","46","6259924"
"chr1","6692456","6692756","KN294842v1","904138","904435","56","5788318"
"chr1","6693835","6694109","KN296311v1","4141309","4141593","58","2552526"
"chr1","6713672","6713934","KN296826v1","95086","95353","52","6618586"
"chr1","6720392","6720688","KN295984v1","3197280","3197579","57","3523112"
"chr1","6731452","6731747","KN296242v1","746722","747015","64","5984730"
"chr1","6742187","6742461","KN296528v1","1502376","1502655","64","5239811"
"chr1","6746987","6747154","KN296281v1","67757","67920","38","6679230"
"chr1","6747389","6747489","KN296649v1","445475","445566","33","6301914"
"chr1","6749336","6749636","KN296955v1","629607","629903","63","6119729"
"chr1","6760793","6761065","KN295112v1","233809","234070","62","6526984"
"chr1","6764578","6764872","KN295397v1","5352","5638","60","6759226"
"chr1","6765549","6765860","KN294396v1","326030","326339","65","6439519"
"chr1","6771614","6771950","KN295586v1","2946282","2946620","75","3825332"
"chr1","6776647","6776857","KN294733v1","13674","13893","45","6762973"
"chr1","6784918","6785226","KN297245v1","2036362","2036663","64","4748556"
"chr1","6791218","6791525","KN294705v1","773441","773753","64","6017777"
"chr1","6791769","6792067","KN297320v1","1234476","1234772","54","5557293"
"chr1","6800087","6800371","KN294287v1","348247","348524","55","6451840"
"chr1","6813103","6813410","KN296508v1","2151971","2152273","64","4661132"
"chr1","6820448","6820773","KN296311v1","3358167","3358474","66","3462281"
"chr1","6823226","6823522","KN295236v1","348342","348634","67","6474884"
"chr1","6852167","6852459","KN294335v1","340437","340731","62","6511730"
"chr1","6856335","6856617","KN295962v1","1969536","1969818","53","4886799"
"chr1","6865779","6866064","KN295930v1","742582","742860","73","6123197"
"chr1","6897558","6897844","KN296959v1","1045812","1046085","73","5851746"
"chr1","6907991","6908293","KN296426v1","736369","736668","65","6171622"
"chr1","6921975","6922280","KN294372v1","995654","995953","66","5926321"
"chr1","6944114","6944374","KN294571v1","1328526","1328776","65","5615588"
"chr1","6960208","6960508","KN296247v1","575497","575802","58","6384711"
"chr1","6963892","6964192","KN295605v1","573138","573440","70","6390754"
"chr1","6999104","6999409","KN297197v1","3972757","3973054","51","3026347"
"chr1","7134611","7134828","KN297343v1","385133","385353","43","6749478"
"chr1","7146812","7147008","KN296019v1","426719","426910","41","6720093"
"chr1","7152503","7152814","KN296019v1","466074","466382","50","6686429"
"chr1","7173688","7174000","KN296096v1","2975388","2975700","61","4198300"
"chr1","7181953","7182225","KN296311v1","375827","376114","55","6806126"
"chr1","7405844","7405957","KN294387v1","2132358","2132470","21","5273486"
"chr1","7545317","7545587","KN296303v1","655132","655402","67","6890185"
"chr1","7657479","7657785","KN295090v1","2290575","2290869","58","5366904"
"chr1","7718548","7718708","KN294710v1","128924","129084","34","7589624"
"chr1","7720517","7720809","KN296119v1","2031876","2032162","58","5688641"
"chr1","7726215","7726518","KN296311v1","5717539","5717839","59","2008676"
"chr1","7744663","7744975","KN294470v1","3146483","3146791","58","4598180"
"chr1","7789821","7790085","KN296308v1","149102","149374","64","7640719"
"chr1","7810819","7811126","KN296311v1","618956","619258","64","7191863"
"chr1","7817559","7817848","KN296187v1","803116","803397","57","7014443"
"chr1","7833772","7834072","KN294260v1","1139859","1140146","73","6693913"
"chr1","7845222","7845522","KN296261v1","254893","255186","57","7590329"
"chr1","7851081","7851373","KN295984v1","717523","717826","57","7133558"
"chr1","7866379","7866660","KN295405v1","198581","198863","68","7667798"
"chr1","7875751","7876048","KN295090v1","2290575","2290869","55","5585176"
"chr1","7890058","7890331","KN295744v1","187097","187357","54","7702961"
"chr1","7892129","7892445","KN296019v1","466074","466382","63","7426055"
"chr1","7897492","7897769","KN295533v1","2064584","2064870","66","5832908"
"chr1","7900908","7900984","KN295114v1","121687","121759","16","7779221"
"chr1","7912901","7913021","KN294848v1","271065","271189","25","7641836"
"chr1","7917367","7917661","KN296357v1","294967","295259","79","7622400"
"chr1","7932542","7932832","KN296311v1","7907830","7908116","55","24712"
"chr1","7944886","7945104","KN295533v1","2329720","2329944","51","5615166"
"chr1","7974520","7974823","KN294287v1","73551","73836","73","7900969"
"chr1","7975736","7976024","KN295758v1","784239","784522","57","7191497"
"chr1","7978252","7978551","KN297095v1","1513904","1514196","63","6464348"
"chr1","7980525","7980810","KN294520v1","296869","297156","61","7683656"
"chr1","7987820","7988104","KN294187v1","1468090","1468369","58","6519730"
"chr1","7993494","7993798","KN295294v1","3212532","3212831","50","4780962"
"chr1","8003194","8003241","KN294949v1","451699","451745","5","7551495"
"chr1","8042024","8042339","KN295586v1","1578389","1578700","77","6463635"
"chr1","8058481","8058760","KN294187v1","1653394","1653672","50","6405087"
"chr1","8062682","8062804","KN296682v1","4707982","4708105","24","3354700"
"chr1","8065520","8065802","KN294287v1","406448","406721","68","7659072"
"chr1","8084776","8085077","KN295708v1","2277404","2277721","61","5807372"
"chr1","8095982","8096296","KN294294v1","197080","197381","69","7898902"
"chr1","8115466","8115756","KN295708v1","2900369","2900653","48","5215097"
"chr1","8130374","8130697","KN294462v1","662341","662656","69","7468033"
"chr1","8132608","8132905","KN296921v1","606329","606614","70","7526279"
"chr1","8144624","8144907","KN294685v1","1134445","1134727","59","7010179"
"chr1","8167950","8168121","KN296825v1","1485902","1486067","42","6682048"
"chr1","8168377","8168513","KN297095v1","2530131","2530260","23","5638246"
"chr1","8199450","8199728","KN295343v1","361519","361806","69","7837931"
"chr1","8210154","8210446","KN296643v1","161621","161907","52","8048533"
"chr1","8219515","8219819","KN294172v1","511981","512290","64","7707534"
"chr1","8221139","8221255","KN295301v1","1014078","1014194","15","7207061"
"chr1","8237616","8237913","KN294848v1","809082","809379","55","7428534"
"chr1","8290197","8290500","KN296019v1","378079","378370","57","7912118"
"chr1","8301241","8301418","KN294287v1","428598","428789","54","7872643"
"chr1","8331095","8331356","KN295667v1","2434394","2434649","32","5896701"
"chr1","8338777","8339006","KN295667v1","2426026","2426267","35","5912751"
"chr1","8395780","8396057","KN295667v1","2367340","2367617","10","6028440"
"chr1","8399715","8399814","KN294873v1","487411","487513","20","7912304"
"chr1","8456636","8456863","KN295667v1","2307059","2307269","29","6149577"
"chr1","8474172","8474295","KN295667v1","2287590","2287713","11","6186582"
"chr1","8487644","8487783","KN294668v1","1969469","1969600","28","6518175"
"chr1","8488085","8488269","KN296096v1","628556","628723","43","7859529"
"chr1","8491061","8491337","KN295667v1","2267074","2267368","48","6223987"
"chr1","8491451","8491681","KN295667v1","2266745","2266961","48","6224706"
"chr1","8513334","8513442","KN295667v1","2242724","2242831","5","6270610"
"chr1","8535206","8535322","KN295667v1","2218176","2218287","11","6317030"
"chr1","8562183","8562476","KN295667v1","2191905","2192199","27","6370278"
"chr1","8587325","8587624","KN295667v1","2165397","2165689","25","6421928"
"chr1","8588990","8589277","KN295667v1","2163847","2164173","63","6425143"
"chr1","8596930","8597157","KN295667v1","2156829","2157043","32","6440101"
"chr1","8600916","8601059","KN295667v1","2153204","2153347","6","6447712"
"chr1","8625981","8626264","KN295667v1","2127328","2127610","35","6498653"
"chr1","8638966","8639274","KN295667v1","2114250","2114555","30","6524716"
"chr1","8646739","8647016","KN295350v1","618935","619220","58","8027804"
"chr1","8649514","8649640","KN295667v1","2102306","2102436","16","6547208"
"chr1","8655067","8655392","KN295667v1","2096639","2096962","22","6558428"
"chr1","8664853","8664987","KN295667v1","2087358","2087487","15","6577495"
"chr1","8665038","8665338","KN295667v1","2087005","2087305","16","6578033"
"chr1","8680794","8680917","KN295667v1","2071015","2071144","10","6609779"
"chr1","8681230","8681311","KN296495v1","1251302","1251377","19","7429928"
"chr1","8768783","8769094","KN295667v1","1985207","1985520","24","6783576"
"chr1","8791495","8791617","KN294224v1","1173821","1173946","22","7617674"
"chr1","8793068","8793171","KN296495v1","2169005","2169104","26","6624063"
"chr1","8793709","8793784","KN295209v1","550545","550613","14","8243164"
"chr1","8800486","8800781","KN295667v1","1950898","1951183","41","6849588"
"chr1","8818510","8818632","KN294218v1","2932440","2932562","18","5886070"
"chr1","8832636","8832760","KN296311v1","4447158","4447282","16","4385478"
"chr1","8844353","8844670","KN294874v1","147308","147613","60","8697045"
"chr1","8849071","8849213","KN295667v1","1894248","1894389","11","6954823"
"chr1","8849525","8849660","KN295667v1","1893806","1893940","14","6955719"
"chr1","8851787","8851896","KN296809v1","298429","298532","28","8553358"
"chr1","8858407","8858675","KN295667v1","1883822","1884074","51","6974585"
"chr1","8875658","8875932","KN294365v1","1750091","1750360","74","7125567"
"chr1","8881811","8882101","KN295667v1","1861973","1862255","39","7019838"
"chr1","8892717","8892971","KN296732v1","2862944","2863198","58","6029773"
"chr1","8898240","8898487","KN296883v1","1050971","1051221","56","7847269"
"chr1","8911494","8911813","KN295667v1","1828862","1829181","21","7082632"
"chr1","8921773","8921940","KN295667v1","1818482","1818652","17","7103291"
"chr1","8922223","8922367","KN295667v1","1818033","1818188","19","7104190"
"chr1","8926757","8926875","KN294457v1","1153863","1153984","27","7772894"
"chr1","8949753","8950027","KN295667v1","1787172","1787451","26","7162581"
"chr1","8958788","8958911","KN295236v1","1631207","1631327","16","7327581"
"chr1","8963231","8963529","KN295667v1","1773895","1774199","36","7189336"
"chr1","8978337","8978632","KN295667v1","1758687","1758986","24","7219650"
"chr1","8982760","8983029","KN295596v1","563126","563403","58","8419634"
"chr1","8995675","8995947","KN295667v1","1739378","1739663","31","7256297"
"chr1","9007285","9007588","KN295667v1","1726521","1726838","40","7280764"
"chr1","9025080","9025382","KN295667v1","1710358","1710659","25","7314722"
"chr1","9034120","9034247","KN295566v1","220119","220242","27","8814001"
"chr1","9041663","9041796","KN295667v1","1694346","1694478","5","7347317"
"chr1","9042112","9042293","KN295667v1","1693832","1694011","9","7348280"
"chr1","9044527","9044761","KN294187v1","1544293","1544543","65","7500234"
"chr1","9050383","9050700","KN295667v1","1684557","1684863","25","7365826"
"chr1","9051826","9052131","KN295667v1","1681621","1681928","41","7370205"
"chr1","9053803","9053872","KN296386v1","599745","599808","18","8454058"
"chr1","9054176","9054317","KN295667v1","1679463","1679593","18","7374713"
"chr1","9056894","9057204","KN295667v1","1676600","1676911","26","7380294"
"chr1","9106242","9106533","KN295667v1","1626171","1626451","24","7480071"
"chr1","9122223","9122348","KN295667v1","1610159","1610284","4","7512064"
"chr1","9135334","9135644","KN295667v1","1599370","1599679","22","7535964"
"chr1","9141518","9141761","KN295667v1","1593307","1593552","17","7548211"
"chr1","9141766","9141904","KN295667v1","1593165","1593302","8","7548601"
"chr1","9146828","9147100","KN295667v1","1587358","1587625","25","7559470"
"chr1","9157199","9157493","KN295667v1","1578620","1578914","18","7578579"
"chr1","9175588","9175800","KN295667v1","1560566","1560791","34","7615022"
"chr1","9179321","9179618","KN295090v1","427709","427974","78","8751612"
"chr1","9183468","9183595","KN295667v1","1551854","1551981","4","7631614"
"chr1","9199197","9199335","KN295667v1","1536378","1536523","20","7662819"
"chr1","9199639","9199836","KN295667v1","1535882","1536063","34","7663757"
"chr1","9210466","9210765","KN295666v1","1087247","1087544","76","8123219"
"chr1","9259736","9260027","KN295667v1","1480679","1480984","32","7779057"
"chr1","9275332","9275612","KN295667v1","1465105","1465434","66","7810227"
"chr1","9294062","9294368","KN295667v1","1445573","1445881","26","7848489"
"chr1","9297615","9297801","KN295667v1","1442186","1442366","22","7855429"
"chr1","9302156","9302345","KN295667v1","1437684","1437876","19","7864472"
"chr1","9304769","9305078","KN295294v1","1722094","1722378","90","7582675"
"chr1","9429611","9429786","KN295667v1","1309251","1309431","13","8120360"
"chr1","9486528","9486553","KN294873v1","1528953","1528975","5","7957575"
"chr1","9486882","9486973","KN295315v1","794913","795005","15","8691969"
"chr1","9509836","9510113","KN296378v1","431703","431985","62","9078133"
"chr1","9570448","9570572","KN295667v1","1164191","1164319","13","8406257"
"chr1","9576485","9576767","KN295667v1","1157655","1157935","23","8418830"
"chr1","9577945","9578194","KN295667v1","1155938","1156182","15","8422007"
"chr1","9599218","9599507","KN295667v1","1133969","1134255","19","8465249"
"chr1","9619310","9619580","KN295667v1","1110041","1110333","41","8509269"
"chr1","9642925","9643180","KN295667v1","1084450","1084717","28","8558475"
"chr1","9644600","9644911","KN295667v1","1082731","1083038","27","8561869"
"chr1","9654507","9654803","KN295667v1","1074280","1074582","33","8580227"
"chr1","9680074","9680358","KN295667v1","1052265","1052557","47","8627809"
"chr1","9681737","9681988","KN294848v1","281563","281800","64","9400174"
"chr1","9684059","9684325","KN295667v1","1047941","1048208","27","8636118"
"chr1","9702215","9702519","KN295667v1","1029012","1029305","37","8673203"
"chr1","9709345","9709566","KN296119v1","2150554","2150763","54","7558791"
"chr1","9709583","9709894","KN296864v1","3265179","3265496","53","6444404"
"chr1","9750079","9750376","KN295667v1","978685","978987","34","8771394"
"chr1","9793817","9794120","KN295441v1","1236181","1236473","56","8557636"
"chr1","9795499","9795807","KN295667v1","934535","934831","40","8860964"
"chr1","9797454","9797749","KN295667v1","933135","933439","31","8864319"
"chr1","9801195","9801501","KN296970v1","235765","236073","53","9565430"
"chr1","9813563","9813855","KN295667v1","920987","921295","41","8892576"
"chr1","9828043","9828194","KN296495v1","2655161","2655305","30","7172882"
"chr1","9831682","9831973","KN295667v1","902145","902451","29","8929537"
"chr1","9853954","9854131","KN295667v1","878182","878359","14","8975772"
"chr1","9854401","9854532","KN295667v1","877789","877914","17","8976612"
"chr1","9872088","9872345","KN295667v1","860032","860293","28","9012056"
"chr1","9872629","9872892","KN295667v1","859483","859745","17","9013146"
"chr1","9879358","9879646","KN295667v1","852768","853060","17","9026590"
"chr1","9890001","9890120","KN295667v1","840631","840751","10","9049370"
"chr1","9890444","9890481","KN295667v1","840279","840313","4","9050165"
"chr1","9890774","9890943","KN295667v1","839797","839968","17","9050977"
"chr1","9913144","9913329","KN296146v1","129980","130172","50","9783164"
"chr1","9921013","9921312","KN294911v1","2150563","2150859","62","7770450"
"chr1","9930798","9930960","KN295706v1","122858","123022","33","9807940"
"chr1","9931273","9931350","KN295667v1","800299","800367","12","9130974"
"chr1","9934824","9934958","KN294453v1","380724","380855","27","9554100"
"chr1","9953263","9953552","KN295841v1","173298","173592","58","9779965"
"chr1","9958384","9958561","KN295533v1","1808077","1808253","33","8150307"
"chr1","9958628","9958754","KN296921v1","2810176","2810302","16","7148452"
"chr1","9969746","9970044","KN295667v1","766070","766371","24","9203676"
"chr1","9970746","9971025","KN295667v1","765054","765333","12","9205692"
"chr1","9976432","9976729","KN297452v1","1197785","1198080","58","8778647"
"chr1","10000167","10000412","KN295667v1","735902","736147","14","9264265"
"chr1","10012497","10012622","KN295667v1","719851","719973","9","9292646"
"chr1","10012921","10013082","KN295667v1","719386","719551","20","9293535"
"chr1","10022623","10022706","KN295667v1","707160","707243","8","9315463"
"chr1","10023462","10023742","KN295667v1","706416","706711","30","9317046"
"chr1","10027799","10027965","KN295667v1","703102","703253","22","9324697"
"chr1","10028259","10028413","KN295667v1","702659","702807","18","9325600"
"chr1","10036248","10036339","KN295667v1","696450","696541","6","9339798"
"chr1","10047559","10047838","KN295667v1","681379","681663","29","9366180"
"chr1","10051747","10052046","KN295667v1","676400","676706","23","9375347"
"chr1","10052735","10052812","KN295573v1","545499","545575","23","9507236"
"chr1","10053141","10053200","KN296430v1","779142","779200","16","9273999"
"chr1","10070929","10071220","KN295667v1","655536","655829","16","9415393"
"chr1","10078470","10078735","KN295667v1","646778","647019","48","9431692"
"chr1","10090461","10090624","KN295907v1","507570","507720","41","9582891"
"chr1","10090916","10091050","KN295037v1","76216","76350","27","10014700"
"chr1","10132362","10132671","KN295667v1","595807","596117","28","9536555"
"chr1","10150912","10151194","KN295667v1","576472","576759","29","9574440"
"chr1","10153983","10154112","KN296486v1","1106788","1106917","29","9047195"
"chr1","10154406","10154570","KN294964v1","867349","867506","37","9287057"
"chr1","10160166","10160354","KN294987v1","275185","275361","54","9884981"
"chr1","10175062","10175218","KN295667v1","550942","551098","9","9624120"
"chr1","10211892","10212184","KN295667v1","499664","499966","25","9712228"
"chr1","10236792","10237090","KN295667v1","472713","473013","27","9764079"
"chr1","10237729","10237994","KN295667v1","471779","472071","51","9765950"
"chr1","10240536","10240830","KN296017v1","366720","367014","51","9873816"
"chr1","10249080","10249360","KN294158v1","584001","584282","65","9665079"
"chr1","10263935","10264231","KN295667v1","442883","443188","27","9821052"
"chr1","10266352","10266661","KN295667v1","440538","440842","36","9825814"
"chr1","10314512","10314802","KN294421v1","655580","655864","69","9658932"
"chr1","10321199","10321508","KN295923v1","1961483","1961792","69","8359716"
"chr1","10337930","10338246","KN295667v1","364943","365243","38","9972987"
"chr1","10342949","10343197","KN297190v1","231716","231971","53","10111233"
"chr1","10343484","10343743","KN295667v1","358823","359084","19","9984661"
"chr1","10348882","10349173","KN295667v1","352846","353122","35","9996036"
"chr1","10355902","10356171","KN295667v1","343945","344215","16","10011957"
"chr1","10357751","10358031","KN295667v1","342442","342725","29","10015309"
"chr1","10358322","10358595","KN296430v1","1252679","1252953","51","9105643"
"chr1","10373605","10373898","KN295667v1","326799","327087","28","10046806"
"chr1","10376165","10376291","KN295667v1","323659","323787","13","10052506"
"chr1","10393146","10393434","KN295667v1","310388","310676","15","10082758"
"chr1","10406674","10406968","KN295667v1","294944","295238","26","10111730"
"chr1","10408487","10408785","KN295667v1","294020","294313","21","10114467"
"chr1","10415325","10415634","KN295667v1","290790","291097","21","10124535"
"chr1","10442467","10442683","KN295667v1","262508","262719","23","10179959"
"chr1","10443234","10443338","KN295667v1","261889","261990","6","10181345"
"chr1","10445038","10445238","KN294260v1","800669","800861","53","9644369"
"chr1","10464065","10464345","KN295667v1","239514","239793","14","10224551"
"chr1","10475652","10475938","KN297154v1","1519957","1520240","63","8955695"
"chr1","10482571","10482875","KN295667v1","218716","219027","26","10263855"
"chr1","10485051","10485332","KN295667v1","214789","215060","31","10270262"
"chr1","10486204","10486519","KN296079v1","1662609","1662912","57","8823595"
"chr1","10504285","10504598","KN297112v1","1330702","1331012","61","9173583"
"chr1","10508831","10509113","KN295667v1","191543","191818","34","10317288"
"chr1","10528087","10528344","KN295667v1","171744","172020","35","10356343"
"chr1","10530199","10530489","KN296547v1","911944","912233","56","9618255"
"chr1","10549739","10549941","KN295667v1","149424","149626","14","10400315"
"chr1","10558761","10559028","KN295667v1","139938","140198","32","10418823"
"chr1","10587888","10588166","KN295667v1","109797","110096","41","10478091"
"chr1","10722969","10723276","KN296538v1","1221195","1221497","64","9501774"
"chr1","10732199","10732501","KN294233v1","765659","765946","74","9966540"
"chr1","10803895","10804195","KN296508v1","2151971","2152273","56","8651924"
"chr1","10825122","10825450","KN295974v1","3693908","3694234","71","7131214"
"chr1","10826925","10827127","KN294224v1","266646","266849","52","10560279"
"chr1","10868709","10869000","KN297044v1","688012","688306","56","10180697"
"chr1","10905780","10906064","KN296921v1","899585","899868","58","10006195"
"chr1","10913227","10913351","KN295022v1","197977","198099","22","10715250"
"chr1","10913650","10913828","KN296430v1","286180","286361","41","10627470"
"chr1","10915222","10915349","KN296244v1","267795","267926","28","10647427"
"chr1","10926446","10926739","KN297095v1","1524528","1524816","73","9401918"
"chr1","10945924","10946153","KN295820v1","1028551","1028775","42","9917373"
"chr1","10962646","10962945","KN295633v1","1850814","1851111","51","9111832"
"chr1","10965384","10965675","KN297008v1","5837942","5838230","54","5127442"
"chr1","10966685","10966987","KN295352v1","936355","936655","49","10030330"
"chr1","10986276","10986559","KN294665v1","174038","174325","49","10812238"
"chr1","10986737","10987033","KN296538v1","1363005","1363297","65","9623732"
"chr1","11004822","11005153","KN295244v1","659257","659562","83","10345565"
"chr1","11013912","11014070","KN295480v1","1255940","1256112","46","9757972"
"chr1","11032560","11032852","KN295397v1","5352","5638","57","11027208"
"chr1","11040380","11040662","KN294421v1","655580","655864","67","10384800"
"chr1","11049995","11050245","KN294856v1","36040","36296","55","11013955"
"chr1","11053677","11054006","KN294739v1","411235","411554","75","10642442"
"chr1","11054024","11054254","KN297019v1","199654","199869","54","10854370"
"chr1","11061724","11062014","KN295102v1","68116","68395","66","10993608"
"chr1","11072351","11072656","KN294873v1","919402","919712","69","10152949"
"chr1","11080274","11080583","KN294848v1","11435","11727","68","11068839"
"chr1","11107955","11108057","KN295022v1","962483","962575","24","10145472"
"chr1","11111612","11111902","KN296921v1","2903819","2904112","65","8207793"
"chr1","11112360","11112545","KN295988v1","825364","825541","44","10286996"
"chr1","11121745","11122031","KN296682v1","749435","749701","92","10372310"
"chr1","11124168","11124458","KN294879v1","651657","651939","58","10472511"
"chr1","11141815","11142031","KN295045v1","597736","597951","52","10544079"
"chr1","11164332","11164629","KN295586v1","821775","822071","57","10342557"
"chr1","11166973","11167262","KN294218v1","2172277","2172581","56","8994696"
"chr1","11188882","11189169","KN295573v1","1252496","1252781","61","9936386"
"chr1","11189702","11189990","KN294289v1","588930","589230","61","10600772"
"chr1","11194341","11194713","KN296955v1","521277","521643","103","10673064"
"chr1","11198301","11198582","KN296502v1","1187225","1187506","58","10011076"
"chr1","11203322","11203590","KN296503v1","625161","625430","64","10578161"
"chr1","11219157","11219438","KN294470v1","572183","572469","64","10646974"
"chr1","11231193","11231505","KN294396v1","326030","326339","62","10905163"
"chr1","11233032","11233327","KN295362v1","1194772","1195061","58","10038260"
"chr1","11262689","11262977","KN296481v1","518302","518590","52","10744387"
"chr1","11275135","11275434","KN297320v1","1234476","1234772","52","10040659"
"chr1","11280822","11280934","KN295637v1","729794","729899","13","10551028"
"chr1","11297388","11297686","KN295923v1","1997557","1997864","51","9299831"
"chr1","11299247","11299563","KN297044v1","731445","731761","59","10567802"
"chr1","11318018","11318323","KN297274v1","350272","350572","59","10967746"
"chr1","11322299","11322620","KN294539v1","1138572","1138901","88","10183727"
"chr1","11328109","11328378","KN295343v1","1026743","1027006","62","10301366"
"chr1","11359877","11360003","KN295592v1","702955","703078","20","10656922"
"chr1","11364550","11364838","KN296625v1","153154","153447","57","11211396"
"chr1","11375648","11375948","KN297320v1","1234476","1234772","53","10141172"
"chr1","11487822","11488102","KN296247v1","185992","186270","59","11301830"
"chr1","11489166","11489462","KN294848v1","191607","191898","62","11297559"
"chr1","11491735","11491846","KN295091v1","2767350","2767466","19","8724385"
"chr1","11494156","11494355","KN295394v1","401881","402079","45","11092275"
"chr1","11505154","11505393","KN296195v1","16893","17114","55","11488261"
"chr1","11530355","11530655","KN297320v1","1234476","1234772","55","10295879"
"chr1","11567498","11567771","KN297165v1","2842387","2842659","57","8725111"
"chr1","11574142","11574380","KN297095v1","1360698","1360930","52","10213444"
"chr1","11623828","11624112","KN295365v1","618540","618829","50","11005288"
"chr1","11638075","11638344","KN297197v1","2000092","2000380","59","9637983"
"chr1","11667306","11667482","KN297095v1","1874042","1874218","31","9793264"
"chr1","11667788","11667925","KN294630v1","59491","59629","23","11608297"
"chr1","11697905","11698203","KN296884v1","212592","212879","59","11485313"
"chr1","11704637","11704860","KN294790v1","2492264","2492478","41","9212373"
"chr1","11707296","11707629","KN296464v1","341067","341369","94","11366229"
"chr1","11710851","11711022","KN294710v1","128924","129084","32","11581927"
"chr1","11722094","11722404","KN296503v1","124230","124535","62","11597864"
"chr1","11748601","11748871","KN295814v1","1102555","1102837","53","10646046"
"chr1","11753656","11753940","KN295744v1","654344","654638","57","11099312"
"chr1","11766132","11766454","KN294172v1","6915582","6915894","69","4850550"
"chr1","11776839","11777161","KN297320v1","1234476","1234772","65","10542363"
"chr1","11811044","11811323","KN294513v1","799108","799401","67","11011936"
"chr1","11814615","11814929","KN295586v1","1578389","1578700","58","10236226"
"chr1","11831788","11832099","KN294470v1","510398","510713","74","11321390"
"chr1","11832129","11832435","KN296404v1","3404152","3404452","57","8427977"
"chr1","11844984","11845306","KN295633v1","2568926","2569259","86","9276058"
"chr1","11849782","11850092","KN296847v1","340510","340822","61","11509272"
"chr1","11852865","11853156","KN295820v1","827923","828191","72","11024942"
"chr1","11858103","11858410","KN294630v1","741362","741665","51","11116741"
"chr1","11879214","11879491","KN296634v1","1816690","1816969","51","10062524"
"chr1","11881633","11881945","KN294470v1","476480","476785","58","11405153"
"chr1","11889101","11889389","KN295365v1","618540","618829","50","11270561"
"chr1","11896524","11896839","KN294453v1","4527","4826","72","11891997"
"chr1","11906371","11906612","KN297422v1","150212","150459","51","11756159"
"chr1","11911487","11911803","KN296247v1","558050","558361","72","11353437"
"chr1","11920174","11920467","KN297095v1","2198386","2198676","52","9721788"
"chr1","11927047","11927355","KN294964v1","864230","864538","65","11062817"
"chr1","11944638","11944914","KN296455v1","636952","637221","71","11307686"
"chr1","11953298","11953626","KN294539v1","2537957","2538257","73","9415341"
"chr1","11958379","11958541","KN296849v1","966936","967103","16","10991443"
"chr1","11960520","11960856","KN296849v1","964882","965183","52","10995638"
"chr1","11985870","11986075","KN295236v1","3420032","3420252","55","8565838"
"chr1","12057716","12057996","KN296849v1","867255","867539","24","11190461"
"chr1","12066711","12067010","KN296849v1","858932","859235","30","11207779"
"chr1","12084121","12084302","KN295671v1","317315","317487","40","11766806"
"chr1","12130022","12130314","KN296849v1","794516","794808","17","11335506"
"chr1","12156769","12157074","KN296849v1","767391","767685","38","11389378"
"chr1","12176998","12177285","KN296849v1","746772","747066","32","11430226"
"chr1","12180365","12180536","KN295081v1","4658","4806","46","12175707"
"chr1","12181977","12182102","KN294991v1","1939863","1939987","19","10242114"
"chr1","12191186","12191469","KN294478v1","119569","119854","69","12071617"
"chr1","12203969","12204286","KN294893v1","445554","445861","57","11758415"
"chr1","12206459","12206568","KN295045v1","1298333","1298441","18","10908126"
"chr1","12248928","12249031","KN295294v1","1099162","1099266","13","11149766"
"chr1","12253979","12254251","KN296849v1","667823","668099","32","11586156"
"chr1","12275199","12275465","KN296849v1","646753","647033","36","11628446"
"chr1","12285785","12286069","KN296849v1","634465","634756","28","11651320"
"chr1","12297314","12297616","KN296849v1","620388","620667","46","11676926"
"chr1","12316959","12317124","KN295185v1","230229","230398","37","12086730"
"chr1","12346692","12346961","KN296849v1","568764","569063","49","11777928"
"chr1","12375132","12375359","KN296119v1","242406","242643","68","12132726"
"chr1","12375391","12375672","KN296849v1","539802","540082","23","11835589"
"chr1","12407177","12407473","KN295430v1","1284869","1285155","53","11122308"
"chr1","12479851","12480170","KN296849v1","438909","439201","47","12040942"
"chr1","12500934","12501044","KN296849v1","417211","417321","9","12083723"
"chr1","12504722","12505023","KN296849v1","413214","413486","43","12091508"
"chr1","12508326","12508633","KN296849v1","409647","409929","60","12098679"
"chr1","12509316","12509590","KN296849v1","408291","408558","28","12101025"
"chr1","12515282","12515516","KN296849v1","402377","402634","43","12112905"
"chr1","12531420","12531698","KN296849v1","388369","388645","26","12143051"
"chr1","12546336","12546632","KN296849v1","372764","373050","38","12173572"
"chr1","12555035","12555151","KN296849v1","364080","364196","7","12190955"
"chr1","12558707","12558834","KN296849v1","360694","360822","5","12198013"
"chr1","12612893","12613194","KN296849v1","299087","299396","27","12313806"
"chr1","12707487","12707804","KN296849v1","205185","205485","40","12502302"
"chr1","12718714","12718830","KN296849v1","194492","194608","12","12524222"
"chr1","12783355","12783636","KN296849v1","65973","66261","51","12717382"
"chr1","12802086","12802335","KN294987v1","881574","881823","60","11920512"
"chr1","13530987","13531124","KN297133v1","1593028","1593152","34","11937959"
"chr1","13531406","13531591","KN295236v1","4012739","4012923","56","9518667"
"chr1","13532652","13532804","KN294592v1","905023","905168","34","12627629"
"chr1","13541060","13541348","KN296849v1","88666","88960","38","13452394"
"chr1","13624429","13624522","KN296101v1","54132","54222","19","13570297"
"chr1","13684253","13684363","KN296505v1","351774","351891","24","13332479"
"chr1","13685207","13685522","KN294470v1","3413630","3413946","65","10271577"
"chr1","13724038","13724164","KN296311v1","4447158","4447282","18","9276880"
"chr1","13725281","13725553","KN295441v1","853596","853874","60","12871685"
"chr1","13742385","13742642","KN296311v1","6342606","6342865","54","7399779"
"chr1","13775004","13775312","KN295343v1","609997","610302","51","13165007"
"chr1","13850304","13850517","KN294526v1","247183","247392","44","13603121"
"chr1","13905747","13906051","KN296079v1","4552","4862","70","13901195"
"chr1","13911863","13912165","KN296404v1","3404152","3404452","52","10507711"
"chr1","13934926","13935210","KN294172v1","734416","734711","55","13200510"
"chr1","14014473","14014653","KN297154v1","1567428","1567596","29","12447045"
"chr1","14034526","14034785","KN295898v1","722107","722369","48","13312419"
"chr1","14081125","14081250","KN297046v1","39490","39613","20","14041635"
"chr1","14221548","14221876","KN297046v1","553580","553893","74","13667968"
"chr1","14285006","14285298","KN296864v1","2917034","2917326","47","11367972"
"chr1","14537388","14537681","KN294991v1","1773232","1773525","70","12764156"
"chr1","14586366","14586665","KN297320v1","1234476","1234772","59","13351890"
"chr1","14760021","14760314","KN294848v1","11435","11727","60","14748586"
"chr1","14803882","14804143","KN296538v1","1421061","1421321","60","13382821"
"chr1","14810332","14810642","KN295607v1","4430448","4430757","57","10379884"
"chr1","14815650","14815878","KN294571v1","124966","125186","51","14690684"
"chr1","14841897","14842202","KN294539v1","2008809","2009106","61","12833088"
"chr1","14851688","14851978","KN296732v1","2327209","2327498","54","12524479"
"chr1","14879398","14879696","KN296122v1","91337","91638","65","14788061"
"chr1","14884933","14885228","KN296404v1","3404152","3404452","48","11480781"
"chr1","14898656","14898922","KN295744v1","187097","187357","63","14711559"
"chr1","14912627","14912906","KN294172v1","813896","814172","49","14098731"
"chr1","14914898","14915215","KN294874v1","147308","147613","60","14767590"
"chr1","14953168","14953463","KN297452v1","2278288","2278582","57","12674880"
"chr1","14978890","14979135","KN296119v1","3673256","3673502","60","11305634"
"chr1","14989041","14989340","KN295936v1","2737563","2737863","60","12251478"
"chr1","15007766","15008057","KN294747v1","619092","619383","55","14388674"
"chr1","15049075","15049213","KN295161v1","285546","285678","25","14763529"
"chr1","15049525","15049682","KN295236v1","656093","656244","34","14393432"
"chr1","15053426","15053594","KN295315v1","1055486","1055659","48","13997940"
"chr1","15057551","15057835","KN296505v1","21654","21951","61","15035897"
"chr1","15079500","15079796","KN294453v1","4527","4826","49","15074973"
"chr1","15139284","15139447","KN296281v1","67757","67920","37","15071527"
"chr1","15169185","15169489","KN295586v1","2908076","2908370","64","12261109"
"chr1","15243272","15243579","KN297320v1","1234476","1234772","58","14008796"
"chr1","15256705","15257004","KN294260v1","1208157","1208457","60","14048548"
"chr1","15267814","15267899","KN296518v1","350952","351038","10","14916862"
"chr1","15269915","15270032","KN294570v1","430019","430142","22","14839896"
"chr1","15282083","15282302","KN295077v1","503920","504133","47","14778163"
"chr1","15283395","15283686","KN296518v1","337276","337569","26","14946119"
"chr1","15305452","15305748","KN296518v1","312481","312774","26","14992971"
"chr1","15327725","15327841","KN296378v1","593988","594103","20","14733737"
"chr1","15339424","15339672","KN297210v1","63430","63679","53","15275994"
"chr1","15340163","15340324","KN294470v1","1471409","1471570","33","13868754"
"chr1","15340364","15340488","KN296828v1","63127","63248","17","15277237"
"chr1","15371914","15372224","KN294873v1","1518576","1518882","62","13853338"
"chr1","15427566","15427845","KN295592v1","2120017","2120297","56","13307549"
"chr1","15431129","15431452","KN294630v1","516314","516631","67","14914815"
"chr1","15452578","15452703","KN296110v1","32954","33086","22","15419624"
"chr1","15465511","15465812","KN296404v1","3404152","3404452","67","12061359"
"chr1","15475747","15476040","KN296518v1","132043","132332","28","15343704"
"chr1","15476041","15476175","KN296518v1","131911","132042","10","15344130"
"chr1","15497639","15497800","KN294613v1","203026","203175","41","15294613"
"chr1","15497827","15497927","KN296435v1","159139","159242","18","15338688"
"chr1","15506329","15506597","KN294287v1","649813","650089","66","14856516"
"chr1","15509490","15509759","KN296518v1","97103","97372","20","15412387"
"chr1","15518247","15518534","KN296518v1","89469","89755","14","15428778"
"chr1","15520197","15520333","KN296122v1","83204","83339","18","15436993"
"chr1","15521872","15522160","KN294454v1","485773","486057","63","15036099"
"chr1","15531943","15532237","KN296518v1","74356","74623","45","15457587"
"chr1","15536943","15537236","KN296518v1","69228","69522","29","15467715"
"chr1","15549475","15549776","KN296518v1","56363","56657","37","15493112"
"chr1","15564890","15565010","KN296518v1","42422","42542","6","15522468"
"chr1","15567377","15567681","KN295586v1","2757400","2757699","61","12809977"
"chr1","15575020","15575359","KN296518v1","33975","34335","49","15541045"
"chr1","15577293","15577612","KN296518v1","31753","32058","50","15545540"
"chr1","15601394","15601670","KN296518v1","4976","5269","36","15596418"
"chr1","15620510","15620799","KN296518v1","4976","5269","36","15615534"
"chr1","15635383","15635596","KN295034v1","680685","680888","43","14954698"
"chr1","15654428","15654705","KN294378v1","1510351","1510638","68","14144077"
"chr1","15667993","15668251","KN294187v1","1106976","1107231","62","14561017"
"chr1","15690276","15690593","KN294365v1","539771","540083","64","15150505"
"chr1","15693851","15693948","KN295236v1","349573","349672","17","15344278"
"chr1","15721375","15721674","KN297320v1","1234476","1234772","58","14486899"
"chr1","15722170","15722479","KN296496v1","784905","785205","59","14937265"
"chr1","15733173","15733494","KN294172v1","3296152","3296456","73","12437021"
"chr1","15746427","15746800","KN294207v1","128747","129097","99","15617680"
"chr1","15754089","15754336","KN295352v1","6130","6387","73","15747959"
"chr1","15757540","15757816","KN294187v1","1979292","1979570","63","13778248"
"chr1","15767015","15767320","KN297467v1","138724","139014","60","15628291"
"chr1","15769070","15769342","KN294172v1","6137136","6137406","65","9631934"
"chr1","15773548","15773767","KN296062v1","792185","792413","52","14981363"
"chr1","15782889","15783012","KN294345v1","1896097","1896220","20","13886792"
"chr1","15784406","15784681","KN295637v1","83395","83688","68","15701011"
"chr1","15786002","15786285","KN296547v1","685473","685743","68","15100529"
"chr1","15789606","15789722","KN294235v1","784908","785024","22","15004698"
"chr1","15806713","15806866","KN294325v1","169199","169356","29","15637514"
"chr1","15807158","15807286","KN294372v1","1668781","1668894","34","14138377"
"chr1","15815520","15815799","KN295365v1","618540","618829","65","15196980"
"chr1","15824600","15824907","KN297245v1","2036362","2036663","57","13788238"
"chr1","15834201","15834490","KN294303v1","8944","9214","81","15825257"
"chr1","15837222","15837341","KN294591v1","425038","425155","19","15412184"
"chr1","15840111","15840397","KN297320v1","1234476","1234772","55","14605635"
"chr1","15842588","15842704","KN294848v1","626671","626788","16","15215917"
"chr1","15844771","15844836","KN296062v1","1086761","1086826","18","14758010"
"chr1","15844878","15845200","KN296732v1","2345548","2345869","89","13499330"
"chr1","15846711","15846907","KN297227v1","1094490","1094682","48","14752221"
"chr1","15847170","15847315","KN296072v1","131762","131910","34","15715408"
"chr1","15851504","15851788","KN294728v1","701807","702091","54","15149697"
"chr1","15877938","15878142","KN294592v1","1308977","1309175","45","14568961"
"chr1","15878384","15878507","KN294251v1","1488730","1488859","37","14389654"
"chr1","15900175","15900334","KN297154v1","119862","120012","37","15780313"
"chr1","15901047","15901326","KN295883v1","164891","165170","62","15736156"
"chr1","15906817","15906933","KN295045v1","526689","526806","15","15380128"
"chr1","15913563","15913874","KN296654v1","1189","1445","73","15912374"
"chr1","15940698","15940759","KN295345v1","1070323","1070377","15","14870375"
"chr1","15944752","15945019","KN296654v1","31504","31792","45","15913248"
"chr1","15947591","15947767","KN296654v1","36967","37142","10","15910624"
"chr1","15955287","15955501","KN295633v1","2172508","2172728","52","13782779"
"chr1","15970459","15970570","KN296654v1","60709","60824","13","15909750"
"chr1","15971913","15972186","KN296654v1","61858","62127","30","15910055"
"chr1","15993578","15993673","KN294175v1","26075","26170","24","15967503"
"chr1","15996710","15996935","KN296263v1","138916","139113","72","15857794"
"chr1","16000131","16000251","KN296654v1","94941","95063","10","15905190"
"chr1","16013543","16013819","KN296654v1","114647","114928","27","15898896"
"chr1","16023368","16023520","KN294325v1","169199","169356","29","15854169"
"chr1","16023820","16023955","KN294407v1","2025308","2025439","26","13998512"
"chr1","16028910","16029121","KN296654v1","132548","132762","12","15896362"
"chr1","16039200","16039466","KN296654v1","142722","143031","51","15896478"
"chr1","16046012","16046281","KN296654v1","149548","149813","30","15896464"
"chr1","16104560","16104864","KN296654v1","209889","210188","19","15894671"
"chr1","16104897","16105097","KN296654v1","210223","210446","35","15894674"
"chr1","16107907","16108026","KN294175v1","19954","20080","34","16087953"
"chr1","16110386","16110680","KN294848v1","172086","172375","47","15938300"
"chr1","16130405","16130517","KN295350v1","473477","473593","23","15656928"
"chr1","16132008","16132287","KN296654v1","231907","232190","21","15900101"
"chr1","16135778","16136061","KN296654v1","236412","236700","37","15899366"
"chr1","16137622","16137921","KN296654v1","238227","238531","19","15899395"
"chr1","16178332","16178618","KN295893v1","883829","884122","68","15294503"
"chr1","16201761","16201898","KN295814v1","1707822","1707956","21","14493939"
"chr1","16212736","16212975","KN296731v1","975089","975333","49","15237647"
"chr1","16224731","16224951","KN294239v1","375904","376124","45","15848827"
"chr1","16228895","16229018","KN295722v1","2720205","2720326","16","13508690"
"chr1","16242240","16242494","KN294671v1","200068","200336","64","16042172"
"chr1","16296612","16296785","KN295405v1","440245","440413","47","15856367"
"chr1","16297060","16297200","KN296096v1","1372291","1372426","31","14924769"
"chr1","16299278","16299580","KN295633v1","1850814","1851111","61","14448464"
"chr1","16374696","16374981","KN296305v1","655597","655881","59","15719099"
"chr1","16386812","16387120","KN296062v1","170909","171224","59","16215903"
"chr1","16387197","16387503","KN296019v1","466074","466382","63","15921123"
"chr1","16389163","16389466","KN295501v1","190474","190770","64","16198689"
"chr1","16402642","16402916","KN295090v1","1735062","1735335","66","14667580"
"chr1","16403917","16404227","KN296907v1","663663","663973","70","15740254"
"chr1","16415858","16416013","KN295828v1","1472793","1472934","35","14943065"
"chr1","16417371","16417670","KN296119v1","2031876","2032162","72","14385495"
"chr1","16419923","16420209","KN296503v1","96429","96710","48","16323494"
"chr1","16420552","16420833","KN296406v1","592171","592433","72","15828381"
"chr1","16435053","16435371","KN295923v1","1866470","1866782","65","14568583"
"chr1","16445983","16446287","KN295236v1","1220926","1221234","63","15225057"
"chr1","16457822","16458098","KN294893v1","458523","458802","65","15999299"
"chr1","16461162","16461419","KN297159v1","328606","328881","72","16132556"
"chr1","16485224","16485346","KN294592v1","375115","375238","24","16110109"
"chr1","16500054","16500351","KN295744v1","616520","616818","95","15883534"
"chr1","16510295","16510594","KN296311v1","3358167","3358474","65","13152128"
"chr1","16528561","16528835","KN296311v1","5519230","5519514","54","11009331"
"chr1","16529877","16530040","KN294199v1","1103938","1104099","32","15425939"
"chr1","16531842","16532130","KN294199v1","764642","764937","64","15767200"
"chr1","16533758","16534059","KN297245v1","2036362","2036663","64","14497396"
"chr1","16535066","16535363","KN297197v1","4103559","4103851","52","12431507"
"chr1","16538492","16538775","KN294454v1","485773","486057","63","16052719"
"chr1","16561908","16562226","KN296378v1","443231","443542","71","16118677"
"chr1","16562508","16562786","KN296311v1","7907830","7908116","55","8654678"
"chr1","16565767","16566094","KN294396v1","326030","326339","72","16239737"
"chr1","16574447","16574722","KN297458v1","110458","110728","57","16463989"
"chr1","16588626","16588736","KN296365v1","873254","873363","17","15715372"
"chr1","16589037","16589248","KN294592v1","1308977","1309175","52","15280060"
"chr1","16608347","16608464","KN297299v1","20195","20312","6","16588152"
"chr1","16609268","16609469","KN294964v1","523425","523626","42","16085843"
"chr1","16630863","16630979","KN297205v1","107966","108082","10","16522897"
"chr1","16900790","16901049","KN296615v1","103175","103475","56","16797615"
"chr1","16910996","16911112","KN297205v1","107966","108082","10","16803030"
"chr1","16943569","16943692","KN296508v1","1920097","1920221","13","15023472"
"chr1","16957824","16958111","KN297044v1","22061","22348","21","16935763"
"chr1","16981825","16981961","KN297044v1","49408","49544","14","16932417"
"chr1","17009622","17009929","KN297044v1","80384","80665","54","16929238"
"chr1","17019560","17019756","KN297415v1","565974","566170","44","16453586"
"chr1","17021099","17021253","KN297044v1","92722","92871","15","16928377"
"chr1","17025193","17025406","KN297044v1","97389","97597","16","16927804"
"chr1","17029700","17029894","KN297044v1","101929","102119","19","16927771"
"chr1","17030183","17030309","KN297044v1","102407","102532","11","16927776"
"chr1","17037003","17037133","KN295708v1","2162566","2162690","22","14874437"
"chr1","17039475","17039807","KN297044v1","110010","110344","31","16929465"
"chr1","17040644","17040929","KN297044v1","111172","111451","26","16929472"
"chr1","17047842","17048118","KN297044v1","119084","119363","21","16928758"
"chr1","17059583","17059838","KN296825v1","1272863","1273091","78","15786720"
"chr1","17060121","17060248","KN295586v1","1171565","1171683","41","15888556"
"chr1","17071932","17072065","KN297044v1","143750","143873","20","16928182"
"chr1","17084225","17084519","KN297044v1","156350","156641","21","16927875"
"chr1","17093919","17094191","KN296036v1","998342","998618","55","16095577"
"chr1","17125391","17125694","KN296311v1","3727125","3727424","59","13398266"
"chr1","17129794","17130090","KN297044v1","204585","204890","32","16925209"
"chr1","17148538","17148772","KN297044v1","224279","224521","25","16924259"
"chr1","17154512","17154795","KN297044v1","229857","230138","19","16924655"
"chr1","17170669","17170956","KN296138v1","264399","264686","50","16906270"
"chr1","17171695","17171801","KN295929v1","216411","216520","19","16955284"
"chr1","17172102","17172407","KN297044v1","249065","249365","33","16923037"
"chr1","17173112","17173382","KN297044v1","250822","251096","27","16922290"
"chr1","17228392","17228672","KN296311v1","2738680","2738967","57","14489712"
"chr1","17272164","17272448","KN297044v1","337911","338195","21","16934253"
"chr1","17294998","17295296","KN296404v1","3404152","3404452","59","13890846"
"chr1","17297445","17297712","KN294539v1","1627977","1628245","57","15669468"
"chr1","17320470","17320763","KN297044v1","392507","392799","21","16927963"
"chr1","17326967","17327096","KN294224v1","501938","502067","24","16825029"
"chr1","17330830","17331127","KN297044v1","399388","399682","35","16931442"
"chr1","17337274","17337560","KN297044v1","405572","405866","35","16931702"
"chr1","17352979","17353302","KN294181v1","1118071","1118371","63","16234908"
"chr1","17355309","17355538","KN297044v1","425743","425974","12","16929566"
"chr1","17372523","17372747","KN294187v1","1990149","1990385","47","15382374"
"chr1","17379323","17379520","KN297044v1","449908","450095","19","16929415"
"chr1","17433072","17433339","KN294509v1","1251156","1251446","66","16181916"
"chr1","17445674","17445977","KN297044v1","516039","516341","18","16929635"
"chr1","17455025","17455144","KN296079v1","478071","478191","27","16976954"
"chr1","17457379","17457549","KN297044v1","526395","526559","13","16930984"
"chr1","17457843","17457902","KN297044v1","526850","526909","6","16930993"
"chr1","17472353","17472646","KN297044v1","540109","540416","30","16932244"
"chr1","17472843","17473119","KN297044v1","540613","540889","22","16932230"
"chr1","17494855","17495155","KN297044v1","569737","570027","34","16925118"
"chr1","17513818","17514040","KN294733v1","13674","13893","50","17500144"
"chr1","17526320","17526451","KN296682v1","4644543","4644676","28","12881777"
"chr1","17529038","17529337","KN296133v1","7935","8234","65","17521103"
"chr1","17534150","17534268","KN294911v1","2412127","2412242","14","15122023"
"chr1","17537479","17537647","KN296138v1","447273","447438","32","17090206"
"chr1","17537675","17537794","KN294874v1","248846","248962","19","17288829"
"chr1","17542657","17542939","KN297044v1","620240","620521","14","16922417"
"chr1","17578350","17578607","KN297044v1","658284","658550","34","16920066"
"chr1","17583801","17583961","KN297044v1","664285","664424","28","16919516"
"chr1","17583977","17584284","KN297044v1","664441","664751","25","16919536"
"chr1","17591183","17591362","KN296119v1","4451319","4451488","39","13139864"
"chr1","17591663","17591798","KN295533v1","2521869","2522001","20","15069794"
"chr1","17606951","17607242","KN297044v1","688012","688306","24","16918939"
"chr1","17650002","17650281","KN294848v1","912345","912627","42","16737657"
"chr1","17717764","17718086","KN297044v1","802223","802533","33","16915541"
"chr1","17729397","17729451","KN295119v1","91071","91119","18","17638326"
"chr1","17729807","17730054","KN297044v1","814805","815057","30","16915002"
"chr1","17738924","17739056","KN297044v1","824229","824361","8","16914695"
"chr1","17780679","17780986","KN297044v1","867793","868099","17","16912886"
"chr1","17815064","17815194","KN297259v1","622266","622397","28","17192798"
"chr1","17878824","17879119","KN297044v1","964810","965095","33","16914014"
"chr1","17897094","17897346","KN294187v1","1544293","1544543","57","16352801"
"chr1","17922468","17922782","KN297044v1","1008105","1008408","32","16914363"
"chr1","17948359","17948446","KN297044v1","1034000","1034087","1","16914359"
"chr1","18082868","18083025","KN296153v1","3092868","3093025","27","14990000"
"chr1","18098096","18098264","KN294509v1","1637527","1637680","48","16460569"
"chr1","18149781","18150067","KN294218v1","2664164","2664451","55","15485617"
"chr1","18157962","18158234","KN294685v1","775776","776048","57","17382186"
"chr1","18214279","18214576","KN296138v1","198772","199071","56","18015507"
"chr1","18368540","18368876","KN294629v1","84311","84634","71","18284229"
"chr1","18410756","18411052","KN296538v1","1793220","1793524","63","16617536"
"chr1","18418735","18419027","KN295039v1","340009","340297","59","18078726"
"chr1","18425707","18425830","KN296153v1","4056226","4056349","20","14369481"
"chr1","18437932","18438219","KN295352v1","1033145","1033430","58","17404787"
"chr1","18452873","18453173","KN297105v1","2894843","2895130","66","15558030"
"chr1","18475494","18475807","KN295236v1","1568488","1568797","75","16907006"
"chr1","18508059","18508348","KN296406v1","163962","164264","52","18344097"
"chr1","18537576","18537870","KN296404v1","3404152","3404452","58","15133424"
"chr1","18553514","18553749","KN295705v1","2620418","2620635","53","15933096"
"chr1","18584344","18584640","KN295107v1","1051267","1051565","52","17533077"
"chr1","18585820","18586119","KN297245v1","2036362","2036663","53","16549458"
"chr1","18588095","18588382","KN295236v1","614976","615268","58","17973119"
"chr1","18598487","18598769","KN295814v1","86731","86992","70","18511756"
"chr1","18601339","18601647","KN295893v1","3818873","3819171","55","14782466"
"chr1","18607682","18607972","KN296849v1","438909","439201","66","18168773"
"chr1","18613464","18613755","KN294921v1","698435","698725","63","17915029"
"chr1","18619166","18619293","KN296378v1","560188","560311","20","18058978"
"chr1","18619567","18619782","KN294471v1","319492","319708","48","18300075"
"chr1","18676958","18677245","KN294569v1","369061","369349","54","18307897"
"chr1","18680236","18680533","KN296187v1","212135","212430","70","18468101"
"chr1","18699466","18699749","KN294630v1","741362","741665","61","17958104"
"chr1","18716661","18716940","KN296637v1","759441","759718","56","17957220"
"chr1","18757365","18757544","KN295577v1","95391","95584","50","18661974"
"chr1","18799400","18799696","KN296404v1","3404152","3404452","58","15395248"
"chr1","18844120","18844392","KN295471v1","371831","372106","56","18472289"
"chr1","18869500","18869797","KN296017v1","366720","367014","55","18502780"
"chr1","18873430","18873751","KN296404v1","3404152","3404452","72","15469278"
"chr1","18923395","18923703","KN297154v1","1608705","1609004","58","17314690"
"chr1","18975970","18976263","KN297320v1","1234476","1234772","57","17741494"
"chr1","18978328","18978610","KN296153v1","1788538","1788823","59","17189790"
"chr1","18990869","18991173","KN296964v1","1747476","1747773","54","17243393"
"chr1","18997352","18997562","KN295090v1","2015737","2015951","41","16981615"
"chr1","19011692","19011934","KN296538v1","397198","397435","47","18614494"
"chr1","19047290","19047516","KN294214v1","541778","542001","56","18505512"
"chr1","19089372","19089651","KN295596v1","3283626","3283905","65","15805746"
"chr1","19135840","19135978","KN296732v1","2322638","2322765","34","16813202"
"chr1","19175891","19176085","KN296481v1","138719","138915","47","19037172"
"chr1","19231512","19231641","KN296153v1","2676979","2677110","24","16554533"
"chr1","19264956","19265147","KN295096v1","1907554","1907746","57","17357402"
"chr1","19268105","19268222","KN295459v1","1077631","1077747","25","18190474"
"chr1","19268254","19268413","KN296153v1","2414681","2414836","39","16853573"
"chr1","19269173","19269378","KN294604v1","24279","24489","48","19244894"
"chr1","19271911","19272203","KN297141v1","103409","103698","63","19168502"
"chr1","19284352","19284651","KN295523v1","993357","993655","65","18290995"
"chr1","19295189","19295403","KN297154v1","519947","520161","51","18775242"
"chr1","19323495","19323629","KN297322v1","471307","471440","19","18852188"
"chr1","19325922","19326119","KN296311v1","3709041","3709229","51","15616881"
"chr1","19327529","19327823","KN296508v1","1810667","1810964","52","17516862"
"chr1","19340993","19341126","KN296110v1","198077","198211","21","19142916"
"chr1","19345174","19345294","KN294945v1","349892","350012","14","18995282"
"chr1","19369263","19369552","KN295586v1","3098137","3098432","50","16271126"
"chr1","19370601","19370731","KN294634v1","303368","303505","22","19067233"
"chr1","19417765","19418044","KN294454v1","37387","37658","51","19380378"
"chr1","19421039","19421288","KN296714v1","109954","110193","61","19311085"
"chr1","19454078","19454390","KN295352v1","936355","936655","58","18517723"
"chr1","19470842","19470997","KN296505v1","142358","142519","42","19328484"
"chr1","19471025","19471117","KN295708v1","776084","776180","20","18694941"
"chr1","19491980","19492296","KN294521v1","555185","555493","63","18936795"
"chr1","19495003","19495285","KN294262v1","676891","677177","66","18818112"
"chr1","19501042","19501336","KN296588v1","1685945","1686240","57","17815097"
"chr1","19511325","19511398","KN294416v1","669171","669244","11","18842154"
"chr1","19512031","19512258","KN296187v1","1536790","1537012","58","17975241"
"chr1","19519618","19519868","KN296178v1","950786","951044","58","18568832"
"chr1","19526609","19526931","KN295294v1","2327568","2327883","73","17199041"
"chr1","19527332","19527635","KN294470v1","1991733","1992029","63","17535599"
"chr1","19537176","19537498","KN294893v1","445554","445861","63","19091622"
"chr1","19537969","19538276","KN294172v1","6566585","6566884","56","12971384"
"chr1","19557196","19557439","KN295480v1","724762","725002","62","18832434"
"chr1","19558023","19558179","KN296404v1","2259048","2259210","28","17298975"
"chr1","19558476","19558602","KN297154v1","552026","552164","34","19006450"
"chr1","19587022","19587325","KN296096v1","2513544","2513844","56","17073478"
"chr1","19594108","19594409","KN296513v1","108168","108464","53","19485940"
"chr1","19600011","19600319","KN296303v1","691162","691474","54","18908849"
"chr1","19616846","19617017","KN294470v1","2587213","2587380","35","17029633"
"chr1","19617044","19617181","KN295814v1","1078558","1078697","26","18538486"
"chr1","19635835","19636151","KN297375v1","48498","48810","62","19587337"
"chr1","19645227","19645492","KN294239v1","2112137","2112402","66","17533090"
"chr1","19647737","19647984","KN296322v1","996547","996792","49","18651190"
"chr1","19649724","19649926","KN297008v1","6249131","6249324","64","13400593"
"chr1","19649953","19650068","KN294172v1","3124998","3125113","20","16524955"
"chr1","19657278","19657561","KN296308v1","1228876","1229168","59","18428402"
"chr1","19659980","19660176","KN295034v1","200996","201172","59","19458984"
"chr1","19670432","19670722","KN294513v1","818583","818861","54","18851849"
"chr1","19679243","19679488","KN295962v1","550289","550532","53","19128954"
"chr1","19681810","19682079","KN295820v1","827923","828191","56","18853887"
"chr1","19703779","19704068","KN296883v1","547727","548009","54","19156052"
"chr1","19712812","19713090","KN294467v1","336870","337150","71","19375942"
"chr1","19713091","19713293","KN294741v1","906622","906810","45","18806469"
"chr1","19716744","19717027","KN294187v1","147289","147562","54","19569455"
"chr1","19718521","19718651","KN294790v1","3998119","3998253","25","15720402"
"chr1","19758873","19759124","KN294970v1","906456","906698","70","18852417"
"chr1","19777577","19777868","KN297046v1","2938069","2938367","74","16839508"
"chr1","19785692","19786004","KN294578v1","612754","613052","76","19172938"
"chr1","19806729","19807025","KN294172v1","3296152","3296456","69","16510577"
"chr1","19825917","19826197","KN296290v1","24611","24902","64","19801306"
"chr1","19833737","19833829","KN295692v1","2882281","2882372","20","16951456"
"chr1","19867820","19868129","KN296378v1","443231","443542","60","19424589"
"chr1","19872789","19873089","KN295708v1","1023372","1023667","59","18849417"
"chr1","19877782","19878065","KN296001v1","33527","33808","56","19844255"
"chr1","19881763","19881886","KN296637v1","536683","536809","18","19345080"
"chr1","19913803","19914081","KN294848v1","912345","912627","54","19001458"
"chr1","19949627","19949918","KN294226v1","506202","506499","64","19443425"
"chr1","19972414","19972548","KN295171v1","496911","497041","21","19475503"
"chr1","20057084","20057377","KN295923v1","1997557","1997864","66","18059527"
"chr1","20062509","20062639","KN295320v1","1666747","1666876","20","18395762"
"chr1","20064621","20064897","KN296096v1","4005754","4006025","67","16058867"
"chr1","20091761","20092008","KN296096v1","2485316","2485572","56","17606445"
"chr1","20099377","20099669","KN295692v1","338950","339232","50","19760427"
"chr1","20100389","20100700","KN294470v1","1793429","1793730","68","18306960"
"chr1","20117772","20118036","KN296110v1","263039","263322","52","19854733"
"chr1","20122201","20122367","KN294470v1","2587213","2587380","32","17534988"
"chr1","20123880","20124148","KN296110v1","258399","258667","19","19865481"
"chr1","20144316","20144614","KN296187v1","1049089","1049367","71","19095227"
"chr1","20171764","20172079","KN296110v1","211083","211407","30","19960681"
"chr1","20183407","20183541","KN296110v1","198077","198211","16","19985330"
"chr1","20207164","20207382","KN296110v1","173995","174217","28","20033169"
"chr1","20207987","20208101","KN296110v1","173263","173377","7","20034724"
"chr1","20216146","20216436","KN296110v1","165507","165830","50","20050639"
"chr1","20216532","20216815","KN296110v1","165123","165411","24","20051409"
"chr1","20296440","20296740","KN296110v1","85374","85649","46","20211066"
"chr1","20333434","20333742","KN296110v1","48766","49079","27","20284668"
"chr1","20345812","20346142","KN294510v1","40752","41080","73","20305060"
"chr1","20349603","20349735","KN296110v1","32954","33086","10","20316649"
"chr1","20350034","20350183","KN296110v1","32489","32647","23","20317545"
"chr1","20376476","20376775","KN296110v1","5547","5843","17","20370929"
"chr1","20471162","20471477","KN295708v1","95483","95772","42","20375679"
"chr1","20486098","20486390","KN296225v1","560393","560689","61","19925705"
"chr1","20492647","20492951","KN295708v1","117145","117456","28","20375502"
"chr1","20499174","20499455","KN295708v1","123586","123860","18","20375588"
"chr1","20499741","20499752","KN294214v1","256598","256609","2","20243143"
"chr1","20502206","20502515","KN295708v1","126649","126957","21","20375557"
"chr1","20505947","20506235","KN295708v1","130679","130967","21","20375268"
"chr1","20528733","20529035","KN295708v1","150062","150368","22","20378671"
"chr1","20534460","20534733","KN295708v1","155054","155323","28","20379406"
"chr1","20546481","20546597","KN295708v1","167010","167117","18","20379471"
"chr1","20546895","20547069","KN295708v1","167417","167595","18","20379478"
"chr1","20580048","20580324","KN295708v1","210537","210817","23","20369511"
"chr1","20580706","20581013","KN295708v1","211198","211511","29","20369508"
"chr1","20587289","20587599","KN295708v1","217749","218056","35","20369540"
"chr1","20588047","20588354","KN295708v1","218512","218818","15","20369535"
"chr1","20591248","20591551","KN295705v1","643615","643917","58","19947633"
"chr1","20614689","20615022","KN295708v1","246030","246364","34","20368659"
"chr1","20623693","20623988","KN297008v1","6378143","6378433","65","14245550"
"chr1","20625572","20625842","KN295708v1","260026","260309","28","20365546"
"chr1","20630162","20630424","KN295708v1","264251","264513","15","20365911"
"chr1","20640266","20640598","KN294229v1","340926","341249","72","20299340"
"chr1","20653685","20653976","KN295708v1","287462","287749","21","20366223"
"chr1","20668428","20668705","KN296119v1","4568889","4569170","52","16099539"
"chr1","20685350","20685519","KN295708v1","321180","321366","22","20364170"
"chr1","20685812","20685845","KN295667v1","840279","840313","9","19845533"
"chr1","20686149","20686269","KN295708v1","321663","321784","10","20364486"
"chr1","20686759","20687074","KN296079v1","1376026","1376316","70","19310733"
"chr1","20690913","20691216","KN295708v1","326706","327007","21","20364207"
"chr1","20692539","20692841","KN295708v1","328333","328636","31","20364206"
"chr1","20699446","20699746","KN295708v1","335399","335694","30","20364047"
"chr1","20701031","20701318","KN295708v1","337269","337528","46","20363762"
"chr1","20702626","20702919","KN295708v1","339152","339445","16","20363474"
"chr1","20712643","20712887","KN295708v1","348574","348814","17","20364069"
"chr1","20730154","20730426","KN295708v1","366427","366741","63","20363727"
"chr1","20734124","20734423","KN295708v1","371078","371374","24","20363046"
"chr1","20740299","20740580","KN295893v1","1158515","1158801","59","19581784"
"chr1","20744945","20745250","KN295079v1","781501","781817","68","19963444"
"chr1","20754226","20754521","KN295708v1","392777","393079","35","20361449"
"chr1","20763688","20763865","KN295708v1","402602","402773","25","20361086"
"chr1","20764175","20764291","KN295708v1","403083","403200","4","20361092"
"chr1","20768811","20768928","KN295708v1","408005","408122","10","20360806"
"chr1","20776758","20776885","KN295708v1","416228","416353","13","20360530"
"chr1","20782705","20782981","KN295708v1","422588","422873","22","20360117"
"chr1","20796292","20796567","KN295708v1","440153","440422","23","20356139"
"chr1","20807277","20807563","KN295708v1","450248","450554","34","20357029"
"chr1","20815932","20816234","KN294848v1","332486","332787","67","20483446"
"chr1","20828107","20828399","KN295039v1","340009","340297","59","20488098"
"chr1","20828694","20828988","KN295708v1","469923","470226","27","20358771"
"chr1","20836033","20836322","KN295936v1","1429651","1429952","58","19406382"
"chr1","20856251","20856385","KN294479v1","5068","5200","23","20851183"
"chr1","20867880","20868185","KN295708v1","504421","504722","29","20363459"
"chr1","20868535","20868805","KN295708v1","505064","505335","25","20363471"
"chr1","20885102","20885394","KN295708v1","523130","523427","28","20361972"
"chr1","20888362","20888649","KN295708v1","527017","527309","24","20361345"
"chr1","20896500","20896799","KN294571v1","785314","785610","60","20111186"
"chr1","20901967","20902259","KN295708v1","540644","540930","29","20361323"
"chr1","20903458","20903753","KN295708v1","542133","542418","30","20361325"
"chr1","20910379","20910667","KN296079v1","1376026","1376316","63","19534353"
"chr1","20917691","20917967","KN294208v1","701963","702240","59","20215728"
"chr1","20918533","20918830","KN295708v1","557571","557866","23","20360962"
"chr1","20920001","20920236","KN295708v1","559050","559274","30","20360951"
"chr1","20952937","20953232","KN296311v1","7590559","7590854","69","13362378"
"chr1","20996240","20996520","KN295708v1","636942","637205","55","20359298"
"chr1","21002404","21002701","KN295708v1","643279","643575","19","20359125"
"chr1","21008688","21008794","KN295708v1","649586","649689","11","20359102"
"chr1","21011133","21011434","KN295708v1","651700","651998","23","20359433"
"chr1","21013384","21013682","KN295708v1","654237","654536","25","20359147"
"chr1","21020936","21021058","KN295708v1","661561","661683","6","20359375"
"chr1","21021296","21021615","KN295708v1","661919","662216","45","20359377"
"chr1","21025247","21025550","KN297219v1","667639","667936","80","20357608"
"chr1","21036295","21036587","KN295708v1","677868","678164","17","20358427"
"chr1","21054776","21054943","KN295708v1","697261","697446","32","20357515"
"chr1","21071726","21072035","KN295708v1","714147","714451","24","20357579"
"chr1","21074977","21075141","KN295708v1","717469","717629","14","20357508"
"chr1","21078305","21078520","KN295708v1","721441","721663","18","20356864"
"chr1","21083412","21083662","KN295708v1","724429","724654","51","20358983"
"chr1","21086709","21086975","KN295708v1","728360","728646","32","20358349"
"chr1","21102815","21102925","KN295708v1","752465","752578","10","20350350"
"chr1","21114265","21114556","KN295814v1","1102555","1102837","75","20011710"
"chr1","21124093","21124399","KN295708v1","767979","768281","29","20356114"
"chr1","21124487","21124793","KN295708v1","768369","768677","21","20356118"
"chr1","21131189","21131479","KN295236v1","873119","873396","76","20258070"
"chr1","21132731","21133038","KN295708v1","777421","777731","22","20355310"
"chr1","21137064","21137364","KN295708v1","782531","782815","36","20354533"
"chr1","21148142","21148352","KN294964v1","523425","523626","47","20624717"
"chr1","21172251","21172540","KN295708v1","825300","825605","37","20346951"
"chr1","21172558","21172741","KN295708v1","825607","825768","34","20346951"
"chr1","21174379","21174538","KN296847v1","134065","134230","41","21040314"
"chr1","21185028","21185331","KN295708v1","838718","839027","26","20346310"
"chr1","21196439","21196670","KN296938v1","254240","254454","53","20942199"
"chr1","21198333","21198410","KN294416v1","669171","669244","13","20529162"
"chr1","21209161","21209458","KN296743v1","1534998","1535291","48","19674163"
"chr1","21215488","21215637","KN295708v1","870047","870172","29","20345441"
"chr1","21215933","21216061","KN295708v1","870503","870622","17","20345430"
"chr1","21222137","21222434","KN295708v1","876570","876852","34","20345567"
"chr1","21224329","21224626","KN294287v1","529010","529306","58","20695319"
"chr1","21248107","21248368","KN295708v1","904836","905102","23","20343271"
"chr1","21270788","21270987","KN294987v1","414044","414238","40","20856744"
"chr1","21284770","21285072","KN295708v1","942558","942872","33","20342212"
"chr1","21298509","21298857","KN294470v1","3146483","3146791","119","18152026"
"chr1","21337212","21337358","KN296000v1","491172","491314","35","20846040"
"chr1","21337669","21337700","KN294536v1","1575047","1575074","9","19762622"
"chr1","21337995","21338140","KN296864v1","1056105","1056230","38","20281890"
"chr1","21343327","21343467","KN295708v1","1004771","1004905","12","20338556"
"chr1","21343798","21343939","KN295708v1","1005235","1005383","18","20338563"
"chr1","21352081","21352269","KN295708v1","1013869","1014052","17","20338212"
"chr1","21602328","21602505","KN294630v1","91010","91184","43","21511318"
"chr1","21623184","21623476","KN295687v1","62246","62530","52","21560938"
"chr1","21646335","21646470","KN294630v1","59491","59629","24","21586844"
"chr1","21646772","21646928","KN296145v1","3055887","3056045","32","18590885"
"chr1","21660742","21660995","KN296783v1","411224","411477","67","21249518"
"chr1","21674512","21674817","KN295708v1","1094987","1095308","37","20579525"
"chr1","21687863","21688123","KN295708v1","1108085","1108346","30","20579778"
"chr1","21714785","21715077","KN295708v1","1136333","1136625","20","20578452"
"chr1","21716036","21716177","KN294548v1","363556","363701","36","21352480"
"chr1","21719840","21720092","KN295708v1","1141716","1141977","40","20578124"
"chr1","21725033","21725336","KN295708v1","1147385","1147688","17","20577648"
"chr1","21730096","21730341","KN296938v1","976914","977152","48","20753182"
"chr1","21730343","21730483","KN294501v1","4203059","4203200","32","17527284"
"chr1","21738871","21739169","KN295708v1","1161946","1162239","30","20576925"
"chr1","21747965","21748218","KN297008v1","2009283","2009532","67","19738682"
"chr1","21787978","21788254","KN296108v1","794252","794525","61","20993726"
"chr1","21793070","21793414","KN294187v1","1684254","1684564","95","20108816"
"chr1","21809619","21809925","KN296019v1","391967","392272","59","21417652"
"chr1","21839119","21839379","KN295708v1","1264256","1264497","29","20574863"
"chr1","21846295","21846609","KN295708v1","1271723","1272035","28","20574572"
"chr1","21864252","21864508","KN295708v1","1290926","1291179","25","20573326"
"chr1","21868042","21868349","KN295708v1","1296021","1296323","22","20572021"
"chr1","21877218","21877510","KN295708v1","1305159","1305432","39","20572059"
"chr1","21889076","21889387","KN295708v1","1317865","1318202","45","20571211"
"chr1","21892848","21892998","KN295708v1","1321947","1322095","13","20570901"
"chr1","21893309","21893353","KN295236v1","3505020","3505066","9","18388289"
"chr1","21896336","21896618","KN295708v1","1325432","1325716","18","20570904"
"chr1","21904892","21904932","KN295708v1","1333937","1333977","1","20570955"
"chr1","21905366","21905671","KN295708v1","1334394","1334690","30","20570972"
"chr1","21911272","21911395","KN297369v1","2119225","2119349","19","19792047"
"chr1","21917137","21917345","KN295708v1","1347540","1347750","16","20569597"
"chr1","21925296","21925483","KN296247v1","607558","607744","47","21317738"
"chr1","21932363","21932635","KN295708v1","1365379","1365656","16","20566984"
"chr1","21933609","21933706","KN294539v1","1372321","1372420","23","20561288"
"chr1","22024212","22024473","KN295708v1","1460768","1461027","24","20563444"
"chr1","22040411","22040715","KN295708v1","1477752","1478055","14","20562659"
"chr1","22048706","22048969","KN295708v1","1486367","1486628","16","20562339"
"chr1","22062839","22063086","KN295708v1","1501271","1501519","17","20561568"
"chr1","22064607","22064875","KN295708v1","1503043","1503317","21","20561564"
"chr1","22115776","22116089","KN295708v1","1556292","1556606","18","20559484"
"chr1","22135245","22135529","KN295708v1","1574678","1574956","24","20560567"
"chr1","22137603","22137798","KN294873v1","620805","620996","47","21516798"
"chr1","22144312","22144586","KN295708v1","1581740","1582014","21","20562572"
"chr1","22152862","22153182","KN294987v1","1079259","1079566","70","21073603"
"chr1","22153198","22153498","KN294407v1","1480206","1480492","65","20672992"
"chr1","22157924","22158220","KN295708v1","1598681","1598993","30","20559243"
"chr1","22170009","22170303","KN295708v1","1609859","1610115","54","20560150"
"chr1","22173126","22173393","KN295708v1","1612641","1612916","22","20560485"
"chr1","22176788","22177080","KN295708v1","1616340","1616634","20","20560448"
"chr1","22179902","22180110","KN295708v1","1619359","1619574","18","20560543"
"chr1","22195686","22195924","KN294848v1","281563","281800","70","21914123"
"chr1","22209299","22209573","KN295708v1","1650362","1650636","12","20558937"
"chr1","22301893","22302190","KN295708v1","1746446","1746740","23","20555447"
"chr1","22345629","22345909","KN295708v1","1780370","1780650","25","20565259"
"chr1","22374330","22374634","KN295708v1","1809868","1810170","37","20564462"
"chr1","22389277","22389392","KN297390v1","51393","51510","20","22337884"
"chr1","22391878","22392178","KN295708v1","1827745","1828048","47","20564133"
"chr1","22426694","22427012","KN295708v1","1860725","1861024","37","20565969"
"chr1","22444457","22444576","KN295708v1","1882284","1882403","11","20562173"
"chr1","22451300","22451450","KN295319v1","47049","47194","28","22404251"
"chr1","22471104","22471408","KN295708v1","1909486","1909793","24","20561618"
"chr1","22487720","22487843","KN294467v1","32975","33096","20","22454745"
"chr1","22488347","22488644","KN295708v1","1926879","1927188","33","20561468"
"chr1","22563275","22563500","KN295708v1","1999654","1999879","18","20563621"
"chr1","22591637","22591778","KN295708v1","2027618","2027759","11","20564019"
"chr1","22610489","22610580","KN295984v1","1122538","1122629","15","21487951"
"chr1","22703811","22704092","KN295708v1","2144059","2144325","36","20559752"
"chr1","22724657","22724781","KN295708v1","2162566","2162690","6","20562091"
"chr1","22744538","22744848","KN294372v1","346961","347269","62","22397577"
"chr1","22769804","22770097","KN295586v1","3098137","3098432","51","19671667"
"chr1","22804111","22804408","KN295708v1","2247209","2247507","29","20556902"
"chr1","22825917","22826259","KN296496v1","297781","298089","96","22528136"
"chr1","22835174","22835488","KN295708v1","2277404","2277721","24","20557770"
"chr1","22868560","22868885","KN294410v1","7012","7319","66","22861548"
"chr1","22872474","22872632","KN295708v1","2314570","2314727","10","20557904"
"chr1","22875958","22876224","KN295708v1","2317972","2318250","29","20557986"
"chr1","22876354","22876649","KN295708v1","2318380","2318676","26","20557974"
"chr1","22891435","22891731","KN295893v1","2360419","2360712","58","20531016"
"chr1","22901920","22902226","KN295708v1","2344533","2344852","38","20557387"
"chr1","22920980","22921264","KN295708v1","2363622","2363910","21","20557358"
"chr1","22937239","22937411","KN295708v1","2379520","2379694","17","20557719"
"chr1","22945217","22945515","KN296505v1","21654","21951","57","22923563"
"chr1","22955832","22955948","KN295977v1","642587","642704","12","22313245"
"chr1","23033274","23033573","KN295708v1","2481055","2481359","25","20552219"
"chr1","23068159","23068463","KN295526v1","935438","935738","61","22132721"
"chr1","23070384","23070692","KN296311v1","3358167","3358474","79","19712217"
"chr1","23070736","23071015","KN294446v1","581041","581316","65","22489695"
"chr1","23073353","23073537","KN297442v1","231184","231387","54","22842169"
"chr1","23082145","23082440","KN297165v1","678625","678922","55","22403520"
"chr1","23089482","23089783","KN295708v1","2537458","2537751","25","20552024"
"chr1","23091518","23091752","KN296938v1","783163","783396","50","22308355"
"chr1","23100306","23100437","KN295708v1","2548890","2549022","7","20551416"
"chr1","23100742","23100881","KN295708v1","2549330","2549475","25","20551412"
"chr1","23103911","23104175","KN295708v1","2552850","2553123","19","20551061"
"chr1","23106840","23106863","KN296119v1","1525050","1525073","5","21581790"
"chr1","23107161","23107432","KN295708v1","2556287","2556557","15","20550874"
"chr1","23113148","23113176","KN295828v1","530926","530952","8","22582222"
"chr1","23113215","23113405","KN295142v1","156644","156831","41","22956571"
"chr1","23147958","23148223","KN295708v1","2592885","2593154","14","20555073"
"chr1","23157421","23157708","KN294513v1","799108","799401","59","22358313"
"chr1","23172469","23172560","KN295708v1","2619160","2619252","11","20553309"
"chr1","23187858","23188145","KN295708v1","2635209","2635462","55","20552649"
"chr1","23192131","23192388","KN294540v1","304834","305092","63","22887297"
"chr1","23192600","23192740","KN294404v1","443289","443443","45","22749311"
"chr1","23231669","23231948","KN297117v1","278355","278625","68","22953314"
"chr1","23236779","23236896","KN295708v1","2686199","2686316","7","20550580"
"chr1","23236998","23237015","KN295708v1","1367507","1367523","2","21869491"
"chr1","23237062","23237354","KN296634v1","1816690","1816969","70","21420372"
"chr1","23242480","23242766","KN295708v1","2692042","2692324","17","20550438"
"chr1","23244943","23245031","KN295708v1","2694509","2694597","7","20550434"
"chr1","23293867","23294139","KN295708v1","2700116","2700394","38","20593751"
"chr1","23299129","23299403","KN295708v1","2704442","2704705","56","20594687"
"chr1","23300185","23300475","KN295708v1","2705494","2705783","19","20594691"
"chr1","23313395","23313692","KN296311v1","4657276","4657569","55","18656119"
"chr1","23318538","23318826","KN295708v1","2724974","2725266","19","20593564"
"chr1","23320539","23320701","KN295708v1","2726983","2727145","13","20593556"
"chr1","23320999","23321147","KN295708v1","2727449","2727597","13","20593550"
"chr1","23332803","23333059","KN295708v1","2740434","2740692","16","20592369"
"chr1","23350187","23350314","KN295708v1","2757583","2757717","13","20592604"
"chr1","23350917","23351083","KN295708v1","2758302","2758465","11","20592615"
"chr1","23354638","23354950","KN295708v1","2762028","2762325","32","20592610"
"chr1","23359518","23359802","KN295708v1","2766904","2767173","38","20592614"
"chr1","23374229","23374528","KN295236v1","4459328","4459609","64","18914901"
"chr1","23380616","23380926","KN295708v1","2788660","2788967","26","20591956"
"chr1","23403190","23403460","KN295708v1","2811910","2812178","15","20591280"
"chr1","23406997","23407310","KN295708v1","2816290","2816601","44","20590707"
"chr1","23414774","23414933","KN295708v1","2825311","2825474","13","20589463"
"chr1","23415215","23415342","KN295708v1","2825761","2825894","17","20589454"
"chr1","23417423","23417642","KN295708v1","2828495","2828735","38","20588928"
"chr1","23420291","23420576","KN295708v1","2831583","2831895","57","20588708"
"chr1","23426162","23426480","KN295708v1","2837922","2838241","28","20588240"
"chr1","23442908","23443207","KN295708v1","2853692","2853998","26","20589216"
"chr1","23450272","23450543","KN296424v1","624907","625180","54","22825365"
"chr1","23454367","23454497","KN296381v1","4852","4979","20","23449515"
"chr1","23460543","23460845","KN295708v1","2873527","2873824","25","20587016"
"chr1","23526959","23527063","KN294499v1","1192399","1192490","27","22334560"
"chr1","23543996","23544291","KN295474v1","1385419","1385718","55","22158577"
"chr1","23545208","23545427","KN297159v1","1432637","1432846","43","22112571"
"chr1","23555613","23555751","KN295592v1","1958246","1958370","32","21597367"
"chr1","23556027","23556208","KN295907v1","2122445","2122631","33","21433582"
"chr1","23576873","23577185","KN296404v1","1140358","1140668","56","22436515"
"chr1","23578343","23578606","KN295940v1","380517","380765","62","23197826"
"chr1","23623638","23623947","KN294630v1","741362","741665","59","22882276"
"chr1","23636126","23636258","KN297133v1","1021455","1021586","19","22614671"
"chr1","23639321","23639629","KN294470v1","3236094","3236398","70","20403227"
"chr1","23641974","23642115","KN295965v1","146854","146987","27","23495120"
"chr1","23642411","23642595","KN294372v1","653046","653220","41","22989365"
"chr1","23667228","23667419","KN296096v1","3910451","3910626","40","19756777"
"chr1","23667733","23667872","KN295573v1","357115","357249","31","23310618"
"chr1","23668987","23669151","KN296119v1","5474280","5474429","46","18194707"
"chr1","23679873","23680138","KN296404v1","3003254","3003513","52","20676619"
"chr1","23688110","23688412","KN294239v1","250141","250438","61","23437969"
"chr1","23692592","23692893","KN296119v1","1718201","1718500","59","21974391"
"chr1","23697222","23697522","KN296311v1","3358167","3358474","56","20339055"
"chr1","23722943","23723234","KN295586v1","1990256","1990548","58","21732687"
"chr1","23746397","23746685","KN294172v1","2069177","2069469","55","21677220"
"chr1","23746902","23747069","KN295962v1","1829544","1829718","45","21917358"
"chr1","23758359","23758554","KN294662v1","302469","302669","45","23455890"
"chr1","23768633","23768764","KN296019v1","450328","450461","23","23318305"
"chr1","23774307","23774422","KN295531v1","34443","34559","15","23739864"
"chr1","23781264","23781539","KN296108v1","844621","844908","62","22936643"
"chr1","23784474","23784716","KN296831v1","150720","150964","55","23633754"
"chr1","23808277","23808562","KN294208v1","701963","702240","58","23106314"
"chr1","23838715","23838831","KN296062v1","2178521","2178637","17","21660194"
"chr1","23856329","23856623","KN296991v1","889705","890000","67","22966624"
"chr1","23865247","23865522","KN296079v1","2482860","2483141","57","21382387"
"chr1","23879902","23880045","KN295304v1","293950","294087","30","23585952"
"chr1","23882170","23882227","KN296503v1","251077","251133","10","23631093"
"chr1","23884688","23884956","KN295236v1","1037218","1037472","62","22847470"
"chr1","23928944","23929031","KN295174v1","668635","668722","19","23260309"
"chr1","23929321","23929533","KN295642v1","127554","127769","53","23801767"
"chr1","23938782","23939052","KN297452v1","749329","749594","57","23189453"
"chr1","23942415","23942628","KN296167v1","453163","453384","44","23489252"
"chr1","23989745","23989855","KN297190v1","4249808","4249916","24","19739937"
"chr1","23991562","23991849","KN294499v1","2485948","2486229","60","21505614"
"chr1","24002806","24002940","KN295814v1","1707822","1707956","27","22294984"
"chr1","24004339","24004649","KN295667v1","1243145","1243443","63","22761194"
"chr1","24006978","24007108","KN295533v1","2521869","2522001","24","21485109"
"chr1","24021513","24021810","KN297452v1","99434","99726","57","23922079"
"chr1","24034211","24034550","KN295205v1","832022","832327","82","23202189"
"chr1","24039041","24039352","KN294218v1","2900514","2900816","50","21138527"
"chr1","24059764","24059873","KN294226v1","44400","44506","27","24015364"
"chr1","24066276","24066393","KN296062v1","2178521","2178637","15","21887755"
"chr1","24072461","24072591","KN295236v1","168060","168189","23","23904401"
"chr1","24086467","24086755","KN295930v1","742582","742860","62","23343885"
"chr1","24090909","24091225","KN296019v1","466074","466382","60","23624835"
"chr1","24114014","24114318","KN296864v1","3246461","3246762","64","20867553"
"chr1","24119419","24119720","KN294630v1","741362","741665","62","23378057"
"chr1","24156747","24157011","KN296926v1","453133","453409","69","23703614"
"chr1","24170744","24171014","KN297046v1","3289781","3290057","71","20880963"
"chr1","24172718","24172955","KN296096v1","2485316","2485572","60","21687402"
"chr1","24181875","24182070","KN297028v1","608157","608332","58","23573718"
"chr1","24182373","24182502","KN295965v1","146854","146987","22","24035519"
"chr1","24207278","24207564","KN297046v1","1456491","1456773","63","22750787"
"chr1","24210741","24211013","KN295352v1","216571","216847","58","23994170"
"chr1","24212357","24212645","KN297144v1","1140692","1140983","54","23071665"
"chr1","24216038","24216333","KN296625v1","153154","153447","54","24062884"
"chr1","24222019","24222300","KN297323v1","496367","496661","73","23725652"
"chr1","24282249","24282535","KN294733v1","143432","143710","53","24138817"
"chr1","24283762","24284051","KN295433v1","429148","429443","51","23854614"
"chr1","24296920","24297210","KN296063v1","924974","925273","52","23371946"
"chr1","24317071","24317367","KN296017v1","366720","367014","52","23950351"
"chr1","24320651","24320860","KN295633v1","1581068","1581277","40","22739583"
"chr1","24340809","24341075","KN295236v1","5317372","5317625","60","19023437"
"chr1","24352500","24352652","KN295236v1","656093","656244","28","23696407"
"chr1","24352962","24353103","KN296732v1","3304416","3304563","26","21048546"
"chr1","24354659","24354871","KN295090v1","18288","18496","47","24336371"
"chr1","24364302","24364589","KN295090v1","1993653","1993930","71","22370649"
"chr1","24379522","24379771","KN296371v1","187818","188066","63","24191704"
"chr1","24385455","24385629","KN296486v1","1872485","1872658","35","22512970"
"chr1","24385913","24386054","KN295236v1","3111966","3112102","26","21273947"
"chr1","24390378","24390522","KN295544v1","8026","8172","28","24382352"
"chr1","24390816","24390975","KN297227v1","1023745","1023912","29","23367071"
"chr1","24403096","24403399","KN296119v1","5266028","5266328","56","19137068"
"chr1","24427027","24427336","KN295320v1","53994","54294","58","24373033"
"chr1","24445555","24445862","KN296019v1","466074","466382","55","23979481"
"chr1","24467884","24468165","KN296311v1","7907830","7908116","52","16560054"
"chr1","24470783","24470956","KN296486v1","1872485","1872658","31","22598298"
"chr1","24472062","24472381","KN295448v1","214030","214337","70","24258032"
"chr1","24472893","24473174","KN294506v1","310753","311037","71","24162140"
"chr1","24482962","24483257","KN294429v1","38550","38842","59","24444412"
"chr1","24553094","24553276","KN294269v1","851307","851479","40","23701787"
"chr1","24553563","24553700","KN295637v1","258729","258866","26","24294834"
"chr1","24565693","24566000","KN296311v1","3358167","3358474","52","21207526"
"chr1","24585316","24585602","KN295907v1","2296697","2296997","69","22288619"
"chr1","24594279","24594559","KN296311v1","7907830","7908116","60","16686449"
"chr1","24595405","24595522","KN295936v1","2196954","2197074","21","22398451"
"chr1","24603169","24603277","KN294856v1","58204","58316","22","24544965"
"chr1","24603303","24603501","KN296495v1","383891","384094","45","24219412"
"chr1","24625755","24626053","KN295601v1","2509571","2509867","68","22116184"
"chr1","24634510","24634822","KN295430v1","989467","989768","63","23645043"
"chr1","24641234","24641381","KN294378v1","327481","327632","39","24313753"
"chr1","24654371","24654672","KN295430v1","989467","989768","53","23664904"
"chr1","24657210","24657518","KN294172v1","3719789","3720086","58","20937421"
"chr1","24663391","24663745","KN295717v1","2083993","2084340","86","22579398"
"chr1","24664866","24665112","KN295236v1","564833","565096","69","24100033"
"chr1","24667349","24667651","KN294713v1","251301","251604","57","24416048"
"chr1","24676621","24676919","KN296778v1","75291","75577","55","24601330"
"chr1","24700425","24700549","KN294991v1","1939863","1939987","18","22760562"
"chr1","24701301","24701535","KN294539v1","1644757","1644978","50","23056544"
"chr1","24709024","24709295","KN294181v1","958804","959084","68","23750220"
"chr1","24758945","24759077","KN296381v1","210609","210747","20","24548336"
"chr1","24760048","24760361","KN296311v1","5758888","5759199","58","19001160"
"chr1","24788049","24788360","KN294728v1","1536659","1536964","59","23251390"
"chr1","24804380","24804693","KN295548v1","1353891","1354182","68","23450489"
"chr1","24807134","24807437","KN297320v1","1234476","1234772","54","23572658"
"chr1","24817482","24817594","KN294856v1","58204","58316","17","24759278"
"chr1","24838943","24839070","KN294705v1","1436690","1436818","20","23402253"
"chr1","24848924","24849177","KN297159v1","361368","361629","66","24487556"
"chr1","24852287","24852550","KN296964v1","1005838","1006099","57","23846449"
"chr1","24859054","24859174","KN297442v1","695573","695695","24","24163481"
"chr1","24870358","24870573","KN294407v1","984674","984877","75","23885684"
"chr1","24896393","24896674","KN295736v1","2793813","2794088","74","22102580"
"chr1","24927334","24927471","KN294634v1","303368","303505","25","24623966"
"chr1","24927743","24927916","KN294433v1","383645","383813","42","24544098"
"chr1","24940152","24940448","KN295984v1","1299071","1299366","65","23641081"
"chr1","24950946","24951247","KN295666v1","1087247","1087544","60","23863699"
"chr1","24951859","24952138","KN296625v1","153154","153447","57","24798705"
"chr1","24959692","24959995","KN295995v1","289650","289956","68","24670042"
"chr1","24968443","24968567","KN297322v1","1974885","1975007","14","22993558"
"chr1","24969778","24970058","KN295294v1","3452561","3452841","61","21517217"
"chr1","24988310","24988617","KN295586v1","2908076","2908370","51","22080234"
"chr1","25021361","25021479","KN295983v1","1572892","1573009","21","23448469"
"chr1","25032065","25032360","KN294199v1","921743","922023","68","24110322"
"chr1","25052276","25052581","KN295923v1","1997557","1997864","49","23054719"
"chr1","25069174","25069448","KN296096v1","1239349","1239606","65","23829825"
"chr1","25097331","25097630","KN294630v1","741362","741665","66","24355969"
"chr1","25113413","25113555","KN296187v1","310498","310633","36","24802915"
"chr1","25248197","25248522","KN296864v1","3265179","3265496","74","21983018"
"chr1","25288217","25288300","KN296266v1","57220","57302","10","25230997"
"chr1","25297758","25297981","KN294733v1","13674","13893","44","25284084"
"chr1","25315075","25315399","KN294630v1","741362","741665","75","24573713"
"chr1","25337704","25337892","KN295577v1","95391","95584","46","25242313"
"chr1","25345496","25345793","KN294217v1","2658328","2658635","60","22687168"
"chr1","25376113","25376423","KN296225v1","768869","769169","59","24607244"
"chr1","25386605","25386922","KN294199v1","498789","499100","53","24887816"
"chr1","25411449","25411779","KN295077v1","116207","116517","86","25295242"
"chr1","25413275","25413542","KN294539v1","2537480","2537726","82","22875795"
"chr1","25424582","25424876","KN296580v1","121994","122287","70","25302588"
"chr1","25430960","25431258","KN294172v1","3088878","3089163","73","22342082"
"chr1","25777734","25778022","KN294733v1","143432","143710","54","25634302"
"chr1","25796949","25797266","KN297046v1","553580","553893","67","25243369"
"chr1","25804530","25804750","KN296588v1","1945246","1945464","36","23859284"
"chr1","25852145","25852446","KN296732v1","2734286","2734594","75","23117859"
"chr1","25883096","25883374","KN296406v1","163962","164264","63","25719134"
"chr1","25916607","25916920","KN294251v1","1495383","1495694","56","24421224"
"chr1","25951683","25951979","KN297319v1","345225","345517","67","25606458"
"chr1","25986861","25987048","KN296515v1","701596","701781","49","25285265"
"chr1","25987870","25988148","KN294199v1","65187","65474","57","25922683"
"chr1","25997142","25997442","KN296406v1","159813","160099","71","25837329"
"chr1","26024211","26024524","KN295984v1","1744351","1744667","57","24279860"
"chr1","26033120","26033419","KN295523v1","1524658","1524962","64","24508462"
"chr1","26047140","26047354","KN294467v1","58568","58772","57","25988572"
"chr1","26048788","26048893","KN297190v1","4005131","4005238","19","22043657"
"chr1","26066480","26066770","KN295441v1","1638854","1639143","61","24427626"
"chr1","26114535","26114810","KN294172v1","3088878","3089163","67","23025657"
"chr1","26138095","26138410","KN296406v1","163962","164264","68","25974133"
"chr1","26159156","26159445","KN294848v1","11435","11727","54","26147721"
"chr1","26159537","26159825","KN297190v1","4658770","4659051","71","21500767"
"chr1","26168921","26169206","KN294991v1","693040","693334","50","25475881"
"chr1","26190598","26190892","KN296682v1","3075189","3075469","70","23115409"
"chr1","26192933","26193232","KN294325v1","221091","221385","65","25971842"
"chr1","26198921","26199205","KN295930v1","742582","742860","58","25456339"
"chr1","26208390","26208657","KN297094v1","80586","80851","68","26127804"
"chr1","26228470","26228778","KN294444v1","129814","130111","69","26098656"
"chr1","26235921","26236188","KN296258v1","277626","277887","78","25958295"
"chr1","26249337","26249452","KN295936v1","1004147","1004263","18","25245190"
"chr1","26252648","26252830","KN296959v1","501762","501947","50","25750886"
"chr1","26254584","26254868","KN296378v1","609931","610222","72","25644653"
"chr1","26262147","26262451","KN296311v1","4657276","4657569","63","21604871"
"chr1","26272060","26272126","KN296308v1","813215","813280","18","25458845"
"chr1","26287430","26287724","KN297008v1","1477900","1478200","59","24809530"
"chr1","26295444","26295743","KN296145v1","1496963","1497260","51","24798481"
"chr1","26296935","26297249","KN295039v1","334500","334814","63","25962435"
"chr1","26314584","26314700","KN296577v1","371236","371351","15","25943348"
"chr1","26327754","26328049","KN294728v1","1501448","1501743","62","24826306"
"chr1","26340775","26340949","KN294536v1","1575354","1575515","50","24765421"
"chr1","26387596","26387773","KN295994v1","65470","65647","45","26322126"
"chr1","26389878","26390150","KN296280v1","511874","512147","68","25878004"
"chr1","26401445","26401725","KN296977v1","88156","88438","55","26313289"
"chr1","26407183","26407457","KN296036v1","154941","155208","67","26252242"
"chr1","26426415","26426716","KN295586v1","3098137","3098432","67","23328278"
"chr1","26435527","26435634","KN295343v1","720258","720375","28","25715269"
"chr1","26435926","26436070","KN297245v1","1211263","1211402","38","25224663"
"chr1","26436372","26436406","KN294451v1","1470767","1470802","7","24965605"
"chr1","26445633","26445803","KN297154v1","1567428","1567596","30","24878205"
"chr1","26457699","26458011","KN295667v1","676400","676706","62","25781299"
"chr1","26459890","26460000","KN294874v1","309713","309818","27","26150177"
"chr1","26481973","26482269","KN295304v1","712822","713119","62","25769151"
"chr1","26495186","26495325","KN296311v1","4566099","4566232","29","21929087"
"chr1","26515649","26515745","KN294991v1","1233920","1234017","20","25281729"
"chr1","26519797","26519969","KN297133v1","752216","752384","29","25767581"
"chr1","26523659","26523788","KN294172v1","4547706","4547835","26","21975953"
"chr1","26534161","26534290","KN294410v1","495531","495660","19","26038630"
"chr1","26538378","26538570","KN296153v1","2814545","2814730","50","23723833"
"chr1","26540366","26540479","KN295441v1","972021","972136","21","25568345"
"chr1","26541745","26542049","KN295722v1","1548894","1549195","56","24992851"
"chr1","26542216","26542508","KN296430v1","431034","431317","69","26111182"
"chr1","26557783","26558040","KN296178v1","950786","951044","48","25606997"
"chr1","26573569","26573865","KN295987v1","1539246","1539535","77","25034323"
"chr1","26594857","26594985","KN295533v1","2521869","2522001","26","24072988"
"chr1","26595279","26595457","KN295236v1","3163987","3164163","41","23431292"
"chr1","26616881","26617095","KN294239v1","375904","376124","52","26240977"
"chr1","26621221","26621530","KN295477v1","115402","115704","57","26505819"
"chr1","26652430","26652737","KN294630v1","642813","643114","58","26009617"
"chr1","26652961","26653231","KN295236v1","3902484","3902743","59","22750477"
"chr1","26663030","26663310","KN297056v1","7592","7866","22","26655438"
"chr1","26676897","26677178","KN296153v1","960264","960545","64","25716633"
"chr1","26692213","26692480","KN296311v1","2689905","2690173","67","24002308"
"chr1","26697548","26697816","KN294172v1","3976237","3976511","54","22721311"
"chr1","26713407","26713700","KN294747v1","1203387","1203679","50","25510020"
"chr1","26714195","26714473","KN296453v1","720369","720646","68","25993826"
"chr1","26714806","26715069","KN295923v1","1975100","1975355","55","24739706"
"chr1","26722074","26722178","KN294879v1","56152","56265","27","26665922"
"chr1","26736465","26736742","KN294218v1","1780953","1781231","58","24955512"
"chr1","26761703","26761985","KN296634v1","1816690","1816969","60","24945013"
"chr1","26766003","26766213","KN294454v1","82300","82484","60","26683703"
"chr1","26766668","26766960","KN297320v1","1234476","1234772","62","25532192"
"chr1","26772160","26772476","KN296847v1","393129","393435","71","26379031"
"chr1","26773139","26773411","KN294444v1","373486","373751","51","26399653"
"chr1","26778246","26778528","KN295717v1","704334","704618","69","26073912"
"chr1","26809959","26810251","KN294717v1","118798","119103","69","26691161"
"chr1","26816342","26816616","KN295090v1","427709","427974","68","26388633"
"chr1","26816843","26817024","KN295573v1","1904369","1904544","40","24912474"
"chr1","26823913","26824164","KN294260v1","1415466","1415716","76","25408447"
"chr1","26829657","26829916","KN294199v1","455909","456170","64","26373748"
"chr1","26835885","26836065","KN296682v1","3793761","3793936","51","23042124"
"chr1","26836372","26836502","KN296916v1","495824","495951","22","26340548"
"chr1","26840466","26840536","KN294848v1","919438","919512","13","25921028"
"chr1","26840836","26840996","KN295708v1","1390693","1390861","34","25450143"
"chr1","26853321","26853455","KN296122v1","239134","239282","31","26614187"
"chr1","26853753","26853915","KN297154v1","1125921","1126085","32","25727832"
"chr1","26866791","26866847","KN295171v1","630702","630752","12","26236089"
"chr1","26867139","26867320","KN294207v1","760154","760327","41","26106985"
"chr1","26895712","26896013","KN295501v1","522102","522406","57","26373610"
"chr1","26904606","26904791","KN295375v1","185953","186147","56","26718653"
"chr1","26930592","26930855","KN297293v1","478376","478642","55","26452216"
"chr1","26976770","26976894","KN295236v1","1631207","1631327","18","25345563"
"chr1","26984443","26984746","KN294193v1","232552","232861","64","26751891"
"chr1","26993166","26993450","KN294964v1","382654","382943","63","26610512"
"chr1","26995192","26995456","KN295045v1","334568","334849","73","26660624"
"chr1","27001500","27001644","KN297078v1","967824","967962","47","26033676"
"chr1","27001951","27002097","KN296738v1","187519","187655","36","26814432"
"chr1","27069287","27069589","KN296864v1","3187581","3187876","56","23881706"
"chr1","27114560","27114850","KN294848v1","912345","912627","49","26202215"
"chr1","27124551","27124873","KN295725v1","1708402","1708708","69","25416149"
"chr1","27134376","27134668","KN295586v1","2908076","2908370","49","24226300"
"chr1","27138100","27138177","KN296580v1","233678","233754","15","26904422"
"chr1","27138472","27138619","KN294592v1","905023","905168","30","26233449"
"chr1","27154664","27154801","KN296225v1","469940","470077","24","26684724"
"chr1","27157121","27157335","KN296732v1","2298749","2298976","77","24858372"
"chr1","27157637","27157791","KN294592v1","905023","905168","24","26252614"
"chr1","27158510","27158626","KN295983v1","131831","131946","16","27026679"
"chr1","27187012","27187295","KN294946v1","408519","408799","59","26778493"
"chr1","27189362","27189479","KN295923v1","1514171","1514288","17","25675191"
"chr1","27199649","27199766","KN296062v1","2178521","2178637","19","25021128"
"chr1","27227420","27227601","KN295041v1","157202","157384","37","27070218"
"chr1","27228148","27228280","KN296528v1","1444113","1444240","26","25784035"
"chr1","27234933","27235222","KN297442v1","1544491","1544771","65","25690442"
"chr1","27238725","27239042","KN296731v1","1386191","1386496","69","25852534"
"chr1","27249088","27249346","KN296075v1","180074","180322","59","27069014"
"chr1","27260814","27261106","KN296157v1","4102199","4102485","62","23158615"
"chr1","27273973","27274290","KN294848v1","521160","521466","66","26752813"
"chr1","27279749","27280078","KN295352v1","1335884","1336186","93","25943865"
"chr1","27298708","27298991","KN294570v1","165105","165399","60","27133603"
"chr1","27317391","27317680","KN296017v1","366720","367014","54","26950671"
"chr1","27325284","27325558","KN294410v1","234038","234311","75","27091246"
"chr1","27332217","27332508","KN294287v1","529010","529306","58","26803207"
"chr1","27335325","27335604","KN296649v1","576985","577271","70","26758340"
"chr1","27338978","27339288","KN296508v1","2151971","2152273","64","25187007"
"chr1","27378180","27378466","KN297322v1","305821","306099","52","27072359"
"chr1","27381125","27381420","KN294758v1","3036785","3037063","62","24344340"
"chr1","27384091","27384259","KN296311v1","5964020","5964187","38","21420071"
"chr1","27388674","27388959","KN297233v1","1090722","1091006","57","26297952"
"chr1","27400151","27400458","KN294470v1","3146483","3146791","67","24253668"
"chr1","27431094","27431386","KN295236v1","2297019","2297316","60","25134075"
"chr1","27433447","27433646","KN295995v1","532605","532809","51","26900842"
"chr1","27438609","27438864","KN294457v1","713021","713277","75","26725588"
"chr1","27477471","27477776","KN295586v1","782153","782444","78","26695318"
"chr1","27485344","27485632","KN296495v1","1996426","1996716","52","25488918"
"chr1","27498711","27498996","KN294733v1","165140","165425","53","27333571"
"chr1","27522218","27522510","KN294172v1","2069177","2069469","49","25453041"
"chr1","27529975","27530160","KN295090v1","1844954","1845132","44","25685021"
"chr1","27530472","27530606","KN295523v1","3309294","3309424","27","24221178"
"chr1","27535055","27535173","KN295552v1","59038","59157","19","27476017"
"chr1","27536328","27536626","KN296145v1","1496963","1497260","57","26039365"
"chr1","27539367","27539425","KN297154v1","64538","64594","12","27474829"
"chr1","27550615","27550892","KN296926v1","662763","663031","68","26887852"
"chr1","27567604","27567782","KN294728v1","422899","423072","32","27144705"
"chr1","27572601","27572718","KN294591v1","425038","425155","21","27147563"
"chr1","27573378","27573589","KN295480v1","719582","719792","43","26853796"
"chr1","27580173","27580401","KN296864v1","1010996","1011228","58","26569177"
"chr1","27581823","27581933","KN296526v1","148308","148428","21","27433515"
"chr1","27587033","27587333","KN297032v1","25952","26256","52","27561081"
"chr1","27611721","27612002","KN295326v1","175852","176139","59","27435869"
"chr1","27644920","27645119","KN297274v1","121335","121529","42","27523585"
"chr1","27653816","27654102","KN296743v1","2104073","2104370","54","25549743"
"chr1","27661812","27662007","KN297105v1","3057238","3057428","46","24604574"
"chr1","27686582","27686759","KN296821v1","51131","51307","37","27635451"
"chr1","27687065","27687187","KN296460v1","357932","358056","21","27329133"
"chr1","27721542","27721843","KN296481v1","94933","95220","59","27626609"
"chr1","27741196","27741467","KN294874v1","895915","896191","53","26845281"
"chr1","27743709","27743977","KN295898v1","722107","722369","54","27021602"
"chr1","27751911","27752202","KN295744v1","540407","540693","60","27211504"
"chr1","27765491","27765788","KN294996v1","423057","423352","51","27342434"
"chr1","27774187","27774468","KN295090v1","1993653","1993930","65","25780534"
"chr1","27781838","27782134","KN294233v1","523301","523602","63","27258537"
"chr1","27785826","27785945","KN296505v1","351774","351891","25","27434052"
"chr1","27804417","27804798","KN295090v1","1698681","1699044","88","26105736"
"chr1","27845615","27845915","KN295936v1","2176793","2177088","56","25668822"
"chr1","27859956","27860260","KN297274v1","271902","272206","51","27588054"
"chr1","27865235","27865520","KN294208v1","701963","702240","52","27163272"
"chr1","27885188","27885404","KN296153v1","1417144","1417371","50","26468044"
"chr1","27887286","27887457","KN294416v1","354557","354730","28","27532729"
"chr1","27926793","27927086","KN295045v1","564650","564936","60","27362143"
"chr1","27933352","27933661","KN294987v1","1079259","1079566","60","26854093"
"chr1","27940017","27940230","KN297171v1","1990264","1990474","68","25949753"
"chr1","27942212","27942523","KN294964v1","864230","864538","62","27077982"
"chr1","27955021","27955300","KN297442v1","1544491","1544771","56","26410530"
"chr1","27980793","27981105","KN294630v1","208219","208530","60","27772574"
"chr1","27988552","27988684","KN297159v1","3404339","3404468","17","24584213"
"chr1","28011794","28012015","KN295441v1","1067325","1067540","49","26944469"
"chr1","28012331","28012627","KN294218v1","2900514","2900816","62","25111817"
"chr1","28015746","28015872","KN294467v1","32975","33096","22","27982771"
"chr1","28015914","28016083","KN294509v1","1295023","1295187","42","26720891"
"chr1","28019727","28020009","KN295365v1","618540","618829","57","27401187"
"chr1","28025435","28025702","KN296311v1","7978616","7978865","71","20046819"
"chr1","28050873","28051163","KN296192v1","92276","92563","65","27958597"
"chr1","28055488","28055760","KN294199v1","711631","711908","55","27343857"
"chr1","28059263","28059575","KN296290v1","775055","775367","60","27284208"
"chr1","28063303","28063587","KN296062v1","2481180","2481463","59","25582123"
"chr1","28075280","28075533","KN296075v1","180074","180322","54","27895206"
"chr1","28079901","28080211","KN295090v1","1856219","1856519","57","26223682"
"chr1","28085557","28085854","KN296311v1","3074623","3074927","67","25010934"
"chr1","28087663","28087969","KN294407v1","1666871","1667172","58","26420792"
"chr1","28097255","28097558","KN295996v1","487202","487503","63","27610053"
"chr1","28097963","28098257","KN295893v1","7115857","7116150","52","20982106"
"chr1","28099614","28099926","KN295236v1","4407523","4407821","64","23692091"
"chr1","28114910","28115035","KN295205v1","1415244","1415367","16","26699666"
"chr1","28122216","28122518","KN296311v1","5064087","5064382","58","23058129"
"chr1","28142160","28142459","KN296311v1","3074623","3074927","68","25067537"
"chr1","28166281","28166393","KN297294v1","13024","13137","33","28153257"
"chr1","28174047","28174156","KN295962v1","1977414","1977522","20","26196633"
"chr1","28178523","28178750","KN294987v1","738574","738796","52","27439949"
"chr1","28202032","28202158","KN296117v1","367402","367526","24","27834630"
"chr1","28208310","28208595","KN296508v1","2458810","2459096","62","25749500"
"chr1","28212431","28212718","KN297442v1","1686872","1687161","69","26525559"
"chr1","28215308","28215595","KN295343v1","329489","329788","66","27885819"
"chr1","28233479","28233741","KN297190v1","231716","231971","60","28001763"
"chr1","28242838","28243048","KN296588v1","1945246","1945464","42","26297592"
"chr1","28244442","28244752","KN296158v1","1434183","1434488","57","26810259"
"chr1","28250377","28250534","KN294710v1","128924","129084","36","28121453"
"chr1","28250843","28250975","KN294420v1","239635","239768","21","28011208"
"chr1","28272681","28272798","KN296119v1","5442855","5442972","19","22829826"
"chr1","28274933","28275233","KN296311v1","3358167","3358474","50","24916766"
"chr1","28281386","28281589","KN295441v1","1067325","1067540","55","27214061"
"chr1","28281654","28281807","KN294161v1","899378","899532","36","27382276"
"chr1","28282094","28282241","KN294874v1","268892","269038","28","28013202"
"chr1","28283855","28284136","KN294733v1","143432","143710","56","28140423"
"chr1","28284906","28285193","KN294800v1","58275","58560","60","28226631"
"chr1","28287377","28287669","KN295365v1","618540","618829","67","27668837"
"chr1","28294195","28294487","KN294630v1","741362","741665","70","27552833"
"chr1","28300083","28300214","KN296916v1","502733","502859","27","27797350"
"chr1","28325401","28325699","KN295744v1","654344","654638","59","27671057"
"chr1","28327884","28328076","KN295706v1","457697","457894","54","27870187"
"chr1","28340437","28340554","KN295984v1","978985","979100","20","27361452"
"chr1","28351648","28351899","KN295236v1","5317372","5317625","54","23034276"
"chr1","28384396","28384661","KN295368v1","1222383","1222639","71","27162013"
"chr1","28393394","28393699","KN294365v1","731430","731733","65","27661964"
"chr1","28417857","28418155","KN296311v1","7907830","7908116","53","20510027"
"chr1","28434230","28434530","KN295995v1","1950472","1950766","51","26483758"
"chr1","28434705","28434885","KN295236v1","922544","922721","34","27512161"
"chr1","28451750","28451958","KN294842v1","652037","652250","47","27799713"
"chr1","28458288","28458400","KN294287v1","478172","478282","21","27980116"
"chr1","28470473","28470765","KN296404v1","3404152","3404452","58","25066321"
"chr1","28479921","28480040","KN294303v1","165801","165924","23","28314120"
"chr1","28493027","28493316","KN296404v1","3404152","3404452","59","25088875"
"chr1","28502990","28503112","KN296117v1","250998","251121","25","28251992"
"chr1","28503436","28503724","KN295405v1","198581","198863","58","28304855"
"chr1","28508412","28508707","KN295096v1","211703","211996","66","28296709"
"chr1","28513347","28513518","KN295236v1","2947840","2948004","40","25565507"
"chr1","28514505","28514703","KN294630v1","203601","203797","50","28310904"
"chr1","28523484","28523638","KN296153v1","173981","174133","39","28349503"
"chr1","28564167","28564276","KN295236v1","5125638","5125753","28","23438529"
"chr1","28571890","28572200","KN295480v1","1328889","1329193","61","27243001"
"chr1","28596504","28596652","KN295722v1","1004317","1004470","35","27592187"
"chr1","28596668","28596952","KN296404v1","3404152","3404452","61","25192516"
"chr1","28599608","28599894","KN294800v1","58275","58560","51","28541333"
"chr1","28602184","28602407","KN297190v1","2947326","2947553","48","25654858"
"chr1","28607238","28607391","KN295835v1","174467","174615","42","28432771"
"chr1","28615310","28615606","KN295304v1","712822","713119","56","27902488"
"chr1","28620160","28620284","KN294224v1","1173821","1173946","19","27446339"
"chr1","28624362","28624520","KN296365v1","762652","762813","32","27861710"
"chr1","28626872","28627152","KN295757v1","11934","12212","65","28614938"
"chr1","28628691","28628804","KN296154v1","1303507","1303620","24","27325184"
"chr1","28637335","28637629","KN295090v1","2290575","2290869","64","26346760"
"chr1","28642317","28642422","KN295304v1","216679","216780","18","28425638"
"chr1","28643634","28643841","KN296588v1","1945246","1945464","51","26698388"
"chr1","28671494","28671795","KN296547v1","285164","285470","58","28386330"
"chr1","28673934","28674235","KN294262v1","2381025","2381322","65","26292909"
"chr1","28687279","28687407","KN294389v1","170093","170219","21","28517186"
"chr1","28687708","28687887","KN297227v1","1023745","1023912","48","27663963"
"chr1","28694411","28694615","KN297442v1","231184","231387","49","28463227"
"chr1","28718142","28718334","KN294987v1","414044","414238","42","28304098"
"chr1","28721484","28721790","KN296682v1","4859629","4859934","65","23861855"
"chr1","28725553","28725849","KN297320v1","1234476","1234772","63","27491077"
"chr1","28735161","28735403","KN295977v1","1140774","1141022","58","27594387"
"chr1","28739918","28740224","KN295708v1","1068147","1068455","66","27671771"
"chr1","28755298","28755598","KN296864v1","3187581","3187876","63","25567717"
"chr1","28760912","28761206","KN294591v1","276205","276486","64","28484707"
"chr1","28767316","28767589","KN294848v1","912345","912627","60","27854971"
"chr1","28767990","28768073","KN296503v1","301514","301599","15","28466476"
"chr1","28773648","28773936","KN294345v1","1676079","1676364","56","27097569"
"chr1","28779251","28779496","KN295091v1","3972733","3972963","68","24806518"
"chr1","28780878","28780973","KN297008v1","771854","771949","15","28009024"
"chr1","28783847","28784132","KN295346v1","843379","843670","64","27940468"
"chr1","28799414","28799516","KN295236v1","349573","349672","16","28449841"
"chr1","28806376","28806670","KN294630v1","741362","741665","65","28065014"
"chr1","28848729","28849029","KN294199v1","65187","65474","70","28783542"
"chr1","28872283","28872444","KN294187v1","1864331","1864493","35","27007952"
"chr1","28910059","28910228","KN295923v1","1430660","1430825","39","27479399"
"chr1","28910871","28910992","KN295480v1","3216966","3217084","30","25693905"
"chr1","28918238","28918367","KN294470v1","3193450","3193576","27","25724788"
"chr1","28922292","28922399","KN294946v1","192215","192328","38","28730077"
"chr1","28922705","28922834","KN296139v1","374528","374644","36","28548177"
"chr1","28923326","28923588","KN295708v1","2552850","2553123","61","26370476"
"chr1","28930756","28930920","KN296541v1","2259745","2259905","38","26671011"
"chr1","28931221","28931360","KN294630v1","59491","59629","26","28871730"
"chr1","28934574","28934865","KN294326v1","328952","329249","74","28605622"
"chr1","28941993","28942109","KN294385v1","250061","250177","25","28691932"
"chr1","28945871","28946171","KN296508v1","1810667","1810964","65","27135204"
"chr1","28977269","28977477","KN295898v1","166973","167181","46","28810296"
"chr1","28991471","28991744","KN296266v1","133464","133747","56","28858007"
"chr1","29004699","29004984","KN296864v1","1091927","1092212","57","27912772"
"chr1","29007664","29007704","KN296481v1","155427","155465","7","28852237"
"chr1","29008003","29008208","KN297112v1","4413776","4413962","46","24594227"
"chr1","29021949","29022242","KN295236v1","3537615","3537912","70","25484334"
"chr1","29032629","29032907","KN296520v1","1534317","1534605","68","27498312"
"chr1","29035332","29035455","KN295441v1","841077","841201","26","28194255"
"chr1","29059582","29059830","KN295962v1","2008293","2008541","72","27051289"
"chr1","29074249","29074498","KN297327v1","33017","33255","68","29041232"
"chr1","29087661","29087823","KN296153v1","2565643","2565803","32","26522018"
"chr1","29092370","29092628","KN294486v1","1449359","1449610","50","27643011"
"chr1","29100353","29100638","KN296311v1","7907830","7908116","52","21192523"
"chr1","29103143","29103389","KN296580v1","363926","364174","59","28739217"
"chr1","29120728","29121004","KN297361v1","117085","117366","65","29003643"
"chr1","29127677","29127981","KN296864v1","3187581","3187876","64","25940096"
"chr1","29173631","29173797","KN294710v1","128924","129084","31","29044707"
"chr1","29180934","29181050","KN295480v1","3216966","3217084","25","25963968"
"chr1","29222607","29222767","KN296153v1","2414681","2414836","28","26807926"
"chr1","29223061","29223208","KN295090v1","1082199","1082339","31","28140862"
"chr1","29246758","29247043","KN297046v1","1518471","1518763","55","27728287"
"chr1","29270391","29270680","KN295930v1","263138","263426","60","29007253"
"chr1","29271171","29271480","KN296481v1","88757","89064","61","29182414"
"chr1","29288263","29288539","KN296062v1","2481180","2481463","51","26807083"
"chr1","29294641","29294968","KN297245v1","2036362","2036663","72","27258279"
"chr1","29318414","29318694","KN294172v1","5582364","5582637","71","23736050"
"chr1","29344953","29345127","KN294444v1","169942","170119","42","29175011"
"chr1","29345153","29345271","KN294526v1","751983","752100","18","28593170"
"chr1","29359259","29359568","KN294619v1","1305778","1306079","62","28053481"
"chr1","29375796","29376083","KN294873v1","1592630","1592931","70","27783166"
"chr1","29392734","29393011","KN294911v1","2328835","2329110","59","27063899"
"chr1","29400892","29401040","KN297154v1","276434","276580","27","29124458"
"chr1","29401347","29401479","KN295814v1","1707822","1707956","21","27693525"
"chr1","29422461","29422735","KN295294v1","358831","359116","61","29063630"
"chr1","29422746","29422857","KN294991v1","1500992","1501105","19","27921754"
"chr1","29426902","29427186","KN295984v1","3363324","3363594","63","26063578"
"chr1","29446272","29446564","KN296311v1","3358167","3358474","63","26088105"
"chr1","29451651","29451948","KN294705v1","1461993","1462297","55","27989658"
"chr1","29497242","29497556","KN295717v1","1428718","1429033","62","28068524"
"chr1","29503892","29504198","KN297047v1","2112792","2113105","66","27391100"
"chr1","29563436","29563749","KN294977v1","194519","194829","69","29368917"
"chr1","29565521","29565845","KN295320v1","99717","100027","72","29465804"
"chr1","29566753","29567051","KN296247v1","551603","551897","61","29015150"
"chr1","29610009","29610297","KN296864v1","2917034","2917326","55","26692975"
"chr1","29617472","29617792","KN295667v1","676400","676706","62","28941072"
"chr1","29677926","29678238","KN294458v1","201538","201851","64","29476388"
"chr1","29683110","29683401","KN294705v1","2012947","2013240","53","27670163"
"chr1","29739292","29739599","KN295501v1","522102","522406","62","29217190"
"chr1","30035415","30035709","KN295974v1","1290087","1290382","59","28745328"
"chr1","30076265","30076574","KN296508v1","2151971","2152273","54","27924294"
"chr1","30105732","30106003","KN295962v1","1407366","1407631","65","28698366"
"chr1","30248456","30248758","KN294630v1","741362","741665","65","29507094"
"chr1","30268976","30269261","KN295365v1","618540","618829","59","29650436"
"chr1","30418725","30419036","KN294172v1","4180696","4181003","59","26238029"
"chr1","30506240","30506546","KN295814v1","663724","664030","66","29842516"
"chr1","30673545","30673839","KN296017v1","366720","367014","57","30306825"
"chr1","30817353","30817645","KN296120v1","16050","16342","61","30801303"
"chr1","30830222","30830537","KN296749v1","396480","396788","65","30433742"
"chr1","30864714","30864825","KN296877v1","439254","439369","16","30425460"
"chr1","30880331","30880617","KN297144v1","1140692","1140983","47","29739639"
"chr1","30902554","30902839","KN294365v1","2039413","2039691","62","28863141"
"chr1","30944823","30945071","KN295667v1","735902","736147","59","30208921"
"chr1","30973683","30973976","KN295365v1","618540","618829","57","30355143"
"chr1","30981941","30982136","KN296263v1","657560","657760","44","30324381"
"chr1","31036920","31037230","KN294603v1","31406","31712","31","31005514"
"chr1","31054805","31055117","KN294603v1","49985","50304","33","31004820"
"chr1","31070425","31070695","KN294603v1","66044","66315","27","31004381"
"chr1","31072558","31072694","KN297028v1","307833","307970","20","30764725"
"chr1","31073798","31074080","KN294603v1","69560","69841","24","31004238"
"chr1","31163191","31163508","KN294603v1","162643","162960","19","31000548"
"chr1","31219087","31219377","KN294207v1","616256","616549","58","30602831"
"chr1","31236817","31236943","KN294705v1","21745","21871","7","31215072"
"chr1","31241460","31241757","KN294705v1","26304","26605","21","31215156"
"chr1","31243628","31243919","KN294705v1","28557","28842","16","31215071"
"chr1","31253435","31253753","KN294705v1","38917","39214","48","31214518"
"chr1","31259706","31260005","KN294705v1","46043","46339","22","31213663"
"chr1","31296636","31296868","KN294705v1","83879","84118","24","31212757"
"chr1","31297301","31297582","KN295592v1","2120017","2120297","57","29177284"
"chr1","31309093","31309363","KN294705v1","96481","96751","21","31212612"
"chr1","31313035","31313156","KN294705v1","101474","101594","7","31211561"
"chr1","31329331","31329537","KN296635v1","4525325","4525533","47","26804006"
"chr1","31329955","31330210","KN296754v1","25137","25387","69","31304818"
"chr1","31332988","31333259","KN294705v1","122023","122294","14","31210965"
"chr1","31335751","31335883","KN296779v1","17915","18039","27","31317836"
"chr1","31344868","31344987","KN295346v1","35400","35523","19","31309468"
"chr1","31360244","31360507","KN294705v1","154299","154567","26","31205945"
"chr1","31365862","31366157","KN296406v1","163962","164264","60","31201900"
"chr1","31366722","31366935","KN294685v1","749207","749420","60","30617515"
"chr1","31378227","31378340","KN295038v1","1284486","1284604","37","30093741"
"chr1","31394523","31394707","KN294705v1","180026","180211","14","31214497"
"chr1","31395021","31395170","KN294705v1","180524","180673","4","31214497"
"chr1","31396286","31396580","KN294705v1","181801","182119","54","31214485"
"chr1","31396650","31396767","KN294705v1","182185","182302","8","31214465"
"chr1","31400186","31400235","KN296096v1","358714","358762","10","31041472"
"chr1","31401651","31401774","KN296435v1","2276311","2276439","49","29125340"
"chr1","31402069","31402206","KN296404v1","3741153","3741285","28","27660916"
"chr1","31454033","31454304","KN295717v1","2114036","2114310","73","29339997"
"chr1","31464219","31464540","KN296749v1","396480","396788","65","31067739"
"chr1","31496555","31496633","KN296119v1","3574656","3574736","15","27921899"
"chr1","31504197","31504493","KN295586v1","2908076","2908370","52","28596121"
"chr1","31512540","31512837","KN296145v1","1496963","1497260","58","30015577"
"chr1","31531005","31531262","KN294705v1","312039","312324","48","31218966"
"chr1","31546657","31546966","KN294705v1","327913","328223","34","31218744"
"chr1","31551534","31551844","KN294705v1","333191","333483","53","31218343"
"chr1","31557136","31557423","KN294705v1","339058","339340","22","31218078"
"chr1","31568314","31568591","KN294705v1","351416","351699","20","31216898"
"chr1","31576647","31576793","KN294705v1","360055","360201","4","31216592"
"chr1","31577087","31577246","KN294705v1","360496","360675","28","31216591"
"chr1","31589708","31589996","KN294705v1","374703","374990","48","31215005"
"chr1","31591662","31591946","KN294224v1","1089559","1089837","82","30502103"
"chr1","31600338","31600632","KN294705v1","384630","384924","26","31215708"
"chr1","31603272","31603570","KN294705v1","387819","388106","38","31215453"
"chr1","31606909","31607068","KN294705v1","391445","391602","14","31215464"
"chr1","31607377","31607506","KN294705v1","391904","392041","18","31215473"
"chr1","31613349","31613573","KN295735v1","1060126","1060348","55","30553223"
"chr1","31624390","31624501","KN294705v1","409765","409876","8","31214625"
"chr1","31626063","31626214","KN294705v1","411411","411554","17","31214652"
"chr1","31636423","31636538","KN294705v1","423704","423821","12","31212719"
"chr1","31651910","31652184","KN294705v1","439102","439386","28","31212808"
"chr1","31652931","31653185","KN294705v1","440121","440375","13","31212810"
"chr1","31685410","31685699","KN294705v1","473390","473687","24","31212020"
"chr1","31691506","31691683","KN294470v1","1437089","1437265","40","30254417"
"chr1","31691716","31691825","KN296271v1","13745","13855","27","31677971"
"chr1","31693805","31694146","KN294705v1","482112","482454","16","31211693"
"chr1","31711623","31711927","KN294705v1","500610","500923","32","31211013"
"chr1","31713119","31713410","KN296852v1","209728","210020","50","31503391"
"chr1","31731678","31731967","KN294705v1","520802","521095","19","31210876"
"chr1","31738088","31738267","KN296153v1","2814545","2814730","43","28923543"
"chr1","31742273","31742563","KN294705v1","531954","532256","28","31210319"
"chr1","31779697","31779812","KN294705v1","551833","551950","11","31227864"
"chr1","31837620","31837919","KN294842v1","1661936","1662229","62","30175684"
"chr1","31894933","31895211","KN294705v1","655723","656011","39","31239210"
"chr1","31899016","31899326","KN294705v1","660713","661022","23","31238303"
"chr1","31904814","31905122","KN294705v1","667414","667731","32","31237400"
"chr1","31925122","31925413","KN294705v1","689113","689402","23","31236009"
"chr1","31938427","31938651","KN294705v1","702327","702553","17","31236100"
"chr1","32009290","32009583","KN294705v1","773441","773753","28","31235849"
"chr1","32104344","32104642","KN294705v1","868989","869279","35","31235355"
"chr1","32106333","32106635","KN296306v1","1618283","1618589","61","30488050"
"chr1","32121056","32121334","KN294705v1","881921","882200","31","31239135"
"chr1","32122421","32122712","KN294705v1","883335","883622","21","31239086"
"chr1","32140701","32141017","KN294705v1","899181","899499","27","31241520"
"chr1","32144291","32144439","KN294705v1","903051","903204","15","31241240"
"chr1","32144753","32145000","KN296859v1","1941890","1942122","79","30202863"
"chr1","32161676","32161978","KN294790v1","5999594","5999893","61","26162082"
"chr1","32163469","32163736","KN294705v1","923020","923292","28","31240449"
"chr1","32185690","32185969","KN294705v1","945658","945939","20","31240032"
"chr1","32191295","32191539","KN294705v1","952309","952554","20","31238986"
"chr1","32193112","32193384","KN295962v1","317630","317908","61","31875482"
"chr1","32195916","32196212","KN294705v1","956688","956981","32","31239228"
"chr1","32203831","32203934","KN294407v1","2425418","2425519","24","29778413"
"chr1","32223665","32223967","KN294457v1","129747","130050","61","32093918"
"chr1","32241122","32241421","KN294705v1","1001344","1001639","26","31239778"
"chr1","32254525","32254617","KN294705v1","1016901","1016993","3","31237624"
"chr1","32260410","32260672","KN296096v1","524484","524754","50","31735926"
"chr1","32267945","32268094","KN296828v1","88620","88761","36","32179325"
"chr1","32268381","32268539","KN295962v1","2477409","2477569","35","29790972"
"chr1","32282682","32282974","KN294325v1","986986","987280","56","31295696"
"chr1","32283627","32283819","KN294705v1","1047371","1047557","18","31236256"
"chr1","32285699","32285994","KN294705v1","1049585","1049893","38","31236114"
"chr1","32287866","32288122","KN296311v1","5549142","5549397","49","26738724"
"chr1","32294933","32295055","KN294705v1","1056810","1056929","5","31238123"
"chr1","32311927","32312046","KN294705v1","1074429","1074553","10","31237498"
"chr1","32319148","32319460","KN294257v1","2059184","2059482","91","30259964"
"chr1","32324759","32324904","KN294705v1","1085739","1085892","28","31239020"
"chr1","32324934","32325058","KN294705v1","1085928","1086044","13","31239006"
"chr1","32351574","32351846","KN295820v1","792314","792591","67","31559260"
"chr1","32352105","32352357","KN294705v1","1111524","1111797","35","31240581"
"chr1","32356609","32356846","KN294705v1","1117334","1117571","18","31239275"
"chr1","32357725","32357999","KN294705v1","1118442","1118717","36","31239283"
"chr1","32368082","32368389","KN294705v1","1128003","1128315","25","31240079"
"chr1","32373083","32373212","KN294705v1","1131684","1131812","16","31241399"
"chr1","32387831","32388102","KN294705v1","1145280","1145574","37","31242551"
"chr1","32390832","32391131","KN295045v1","414971","415269","55","31975861"
"chr1","32404961","32405273","KN296847v1","642049","642368","76","31762912"
"chr1","32411288","32411575","KN294466v1","19510","19801","56","32391778"
"chr1","32414495","32414781","KN295343v1","377553","377843","63","32036942"
"chr1","32417588","32417885","KN294705v1","1178197","1178487","39","31239391"
"chr1","32423229","32423342","KN294705v1","1184294","1184407","6","31238935"
"chr1","32424908","32425032","KN296508v1","1920097","1920221","19","30504811"
"chr1","32428366","32428601","KN294539v1","1644757","1644978","45","30783609"
"chr1","32447404","32447520","KN294303v1","152440","152555","23","32294964"
"chr1","32450037","32450339","KN294705v1","1211858","1212151","31","31238179"
"chr1","32466572","32466852","KN294705v1","1229341","1229631","26","31237231"
"chr1","32474867","32475156","KN294705v1","1237953","1238229","30","31236914"
"chr1","32524003","32524292","KN295974v1","4121926","4122218","55","28402077"
"chr1","32551256","32551328","KN294705v1","1320254","1320326","8","31231002"
"chr1","32552646","32552955","KN294705v1","1321592","1321901","21","31231054"
"chr1","32565352","32565644","KN294705v1","1331250","1331522","32","31234102"
"chr1","32565978","32566224","KN294705v1","1332166","1332419","36","31233812"
"chr1","32571564","32571857","KN294705v1","1338492","1338793","27","31233072"
"chr1","32580416","32580644","KN297431v1","507976","508209","73","32072440"
"chr1","32590900","32591216","KN294705v1","1359426","1359754","27","31231474"
"chr1","32597541","32597675","KN295022v1","871921","872052","25","31725620"
"chr1","32597977","32598121","KN294705v1","1368054","1368199","15","31229923"
"chr1","32611193","32611486","KN294705v1","1383267","1383561","11","31227926"
"chr1","32612533","32612842","KN294705v1","1384801","1385052","73","31227732"
"chr1","32616787","32617069","KN294705v1","1389471","1389759","37","31227316"
"chr1","32617464","32617744","KN294705v1","1390161","1390442","38","31227303"
"chr1","32661389","32661584","KN294705v1","1438293","1438473","20","31223096"
"chr1","32688640","32688934","KN296096v1","1827942","1828211","88","30860698"
"chr1","32746043","32746279","KN296938v1","976914","977152","49","31769129"
"chr1","32914034","32914329","KN294410v1","427697","427996","59","32486337"
"chr1","32928178","32928477","KN294705v1","1527062","1527358","28","31401116"
"chr1","32932725","32933027","KN294933v1","38729","39023","54","32893996"
"chr1","32942905","32943199","KN294705v1","1543005","1543300","23","31399900"
"chr1","32954720","32954877","KN294705v1","1555834","1555990","13","31398886"
"chr1","32974869","32975077","KN294346v1","252952","253166","67","32721917"
"chr1","32975341","32975503","KN294705v1","1576675","1576838","15","31398666"
"chr1","32985483","32985692","KN296153v1","2842497","2842705","41","30142986"
"chr1","32990893","32991092","KN294705v1","1593733","1593920","19","31397160"
"chr1","32993377","32993684","KN294705v1","1597043","1597346","18","31396334"
"chr1","33010542","33010665","KN294705v1","1615098","1615221","7","31395444"
"chr1","33013220","33013366","KN295962v1","2477409","2477569","32","30535811"
"chr1","33013669","33013832","KN294705v1","1620338","1620499","10","31393331"
"chr1","33014780","33015051","KN294705v1","1621747","1622017","23","31393033"
"chr1","33022777","33023057","KN294705v1","1631274","1631563","25","31391503"
"chr1","33032338","33032638","KN296263v1","719100","719394","64","32313238"
"chr1","33035997","33036198","KN297366v1","2985355","2985541","51","30050642"
"chr1","33042368","33042687","KN294705v1","1647365","1647670","42","31395003"
"chr1","33053845","33053966","KN297046v1","39490","39613","14","33014355"
"chr1","33069031","33069348","KN294705v1","1674858","1675170","22","31394173"
"chr1","33070960","33071268","KN296096v1","1173555","1173840","76","31897405"
"chr1","33072941","33073040","KN295236v1","349573","349672","18","32723368"
"chr1","33073713","33073883","KN294470v1","2587213","2587380","46","30486500"
"chr1","33080225","33080509","KN294705v1","1678361","1678658","35","31401864"
"chr1","33092547","33092676","KN297133v1","1021455","1021586","26","32071092"
"chr1","33098580","33098874","KN294705v1","1698659","1698955","16","31399921"
"chr1","33104371","33104656","KN295294v1","3452561","3452841","63","29651810"
"chr1","33105644","33105789","KN297154v1","86918","87061","29","33018726"
"chr1","33106055","33106167","KN294181v1","1344180","1344287","33","31761875"
"chr1","33106724","33106762","KN295079v1","201383","201429","12","32905341"
"chr1","33106779","33107051","KN296926v1","385177","385437","76","32721602"
"chr1","33112447","33112558","KN294705v1","1715374","1715489","10","31397073"
"chr1","33133989","33134248","KN294583v1","248706","248966","64","32885283"
"chr1","33164559","33164676","KN294705v1","1770295","1770412","5","31394264"
"chr1","33196829","33197120","KN296682v1","3742134","3742415","60","29454695"
"chr1","33220865","33221130","KN294705v1","1833319","1833578","25","31387546"
"chr1","33240989","33241288","KN294705v1","1853860","1854157","28","31387129"
"chr1","33274449","33274756","KN294705v1","1873409","1873690","42","31401040"
"chr1","33277215","33277321","KN296187v1","2168011","2168128","24","31109204"
"chr1","33277721","33277847","KN297242v1","1086093","1086216","21","32191628"
"chr1","33285138","33285425","KN294705v1","1883371","1883661","15","31401767"
"chr1","33289245","33289526","KN296643v1","161621","161907","63","33127624"
"chr1","33306659","33306942","KN294705v1","1907419","1907672","52","31399240"
"chr1","33322271","33322438","KN294705v1","1923819","1923983","12","31398452"
"chr1","33343504","33343706","KN294705v1","1947168","1947378","20","31396336"
"chr1","33359830","33359989","KN294705v1","1963539","1963709","22","31396291"
"chr1","33360289","33360424","KN294705v1","1964266","1964400","19","31396023"
"chr1","33376290","33376592","KN294705v1","1980497","1980798","17","31395793"
"chr1","33382646","33382921","KN294167v1","113420","113688","56","33269226"
"chr1","33385193","33385452","KN294705v1","1990162","1990425","18","31395031"
"chr1","33386026","33386340","KN295474v1","1067869","1068180","67","32318157"
"chr1","33387094","33387317","KN294705v1","1992916","1993137","22","31394178"
"chr1","33395534","33395841","KN294705v1","2001873","2002156","43","31393661"
"chr1","33408220","33408512","KN294705v1","2012947","2013240","16","31395273"
"chr1","33415235","33415537","KN294705v1","2019644","2019945","25","31395591"
"chr1","33418745","33419028","KN294705v1","2023198","2023484","20","31395547"
"chr1","33438083","33438251","KN296225v1","409374","409542","38","33028709"
"chr1","33449163","33449336","KN294705v1","2057968","2058142","16","31391195"
"chr1","33454005","33454287","KN294705v1","2064051","2064352","37","31389954"
"chr1","33489825","33490130","KN294705v1","2106020","2106325","30","31383805"
"chr1","33495017","33495137","KN294591v1","425038","425155","26","33069979"
"chr1","33495163","33495304","KN297038v1","184763","184904","34","33310400"
"chr1","33497910","33498092","KN294705v1","2115381","2115559","16","31382529"
"chr1","33502001","33502280","KN294705v1","2119547","2119826","18","31382454"
"chr1","33504972","33505250","KN295236v1","3567226","3567522","79","29937746"
"chr1","33506484","33506763","KN294705v1","2124046","2124326","22","31382438"
"chr1","33512643","33512867","KN294705v1","2129250","2129482","34","31383393"
"chr1","33515419","33515519","KN294705v1","2131621","2131718","10","31383798"
"chr1","33515747","33515798","KN297184v1","946005","946048","18","32569742"
"chr1","33516299","33516431","KN295573v1","57237","57363","37","33459062"
"chr1","33525421","33525559","KN294790v1","3236928","3237050","29","30288493"
"chr1","33539662","33539966","KN294705v1","2151734","2152029","30","31387928"
"chr1","33618666","33618945","KN295171v1","306509","306787","56","33312157"
"chr1","33675631","33675927","KN297028v1","457965","458261","48","33217666"
"chr1","33712302","33712408","KN295923v1","1091884","1091990","16","32620418"
"chr1","33716160","33716445","KN297453v1","242913","243198","52","33473247"
"chr1","33758504","33758737","KN296809v1","677107","677343","56","33081397"
"chr1","33793869","33794147","KN295962v1","1668761","1669028","67","32125108"
"chr1","33891750","33892044","KN294199v1","338083","338373","59","33553667"
"chr1","33934199","33934501","KN295820v1","958529","958823","61","32975670"
"chr1","33958275","33958435","KN295940v1","392670","392835","29","33565605"
"chr1","33958466","33958584","KN294991v1","1500992","1501105","20","32457474"
"chr1","33970404","33970495","KN295085v1","39613","39706","16","33930791"
"chr1","33973994","33974124","KN294407v1","2149282","2149408","21","31824712"
"chr1","34061696","34061913","KN297180v1","1638501","1638716","44","32423195"
"chr1","34128590","34128893","KN295320v1","53994","54294","59","34074596"
"chr1","34225425","34225679","KN294558v1","612660","612903","74","33612765"
"chr1","34451847","34452122","KN295757v1","11934","12212","69","34439913"
"chr1","34458264","34458551","KN295361v1","966232","966514","62","33492032"
"chr1","34490057","34490350","KN296404v1","3404152","3404452","60","31085905"
"chr1","34507863","34508153","KN295984v1","1299071","1299366","54","33208792"
"chr1","34610370","34610683","KN296864v1","3246461","3246762","57","31363909"
"chr1","34612157","34612449","KN297195v1","324965","325249","60","34287192"
"chr1","34628326","34628441","KN295239v1","827171","827275","30","33801155"
"chr1","34844986","34845278","KN294257v1","2271748","2272051","60","32573238"
"chr1","34846894","34847149","KN295533v1","1280176","1280426","77","33566718"
"chr1","35026760","35027063","KN295936v1","2499504","2499800","61","32527256"
"chr1","35131961","35132253","KN295923v1","2240206","2240493","53","32891755"
"chr1","35146179","35146452","KN296934v1","923354","923624","70","34222825"
"chr1","35269201","35269492","KN295962v1","581164","581452","66","34688037"
"chr1","35283265","35283550","KN296873v1","241550","241842","61","35041715"
"chr1","35353323","35353612","KN296883v1","3821238","3821523","59","31532085"
"chr1","35409386","35409682","KN295236v1","4200227","4200533","62","31209159"
"chr1","35411311","35411601","KN295090v1","1378498","1378787","64","34032813"
"chr1","35412248","35412379","KN294251v1","1488730","1488859","26","33923518"
"chr1","35412507","35412697","KN295586v1","1699906","1700100","39","33712601"
"chr1","35414749","35415015","KN295294v1","315217","315480","65","35099532"
"chr1","35444520","35444772","KN294987v1","881574","881823","55","34562946"
"chr1","35445915","35446212","KN295119v1","13309","13606","60","35432606"
"chr1","35448569","35448876","KN294439v1","291493","291791","62","35157076"
"chr1","35462073","35462399","KN294470v1","3435996","3436313","76","32026077"
"chr1","35473440","35473711","KN294630v1","754089","754371","65","34719351"
"chr1","35492507","35492731","KN296153v1","1417144","1417371","49","34075363"
"chr1","35495506","35495830","KN295091v1","76053","76386","82","35419453"
"chr1","35498184","35498485","KN296063v1","1047003","1047304","64","34451181"
"chr1","35509468","35509763","KN294630v1","741362","741665","65","34768106"
"chr1","35516055","35516216","KN294486v1","1384672","1384837","37","34131383"
"chr1","35516698","35516825","KN294172v1","3288243","3288371","19","32228455"
"chr1","35530716","35531019","KN296365v1","578722","579023","69","34951994"
"chr1","35553177","35553442","KN295117v1","315760","316034","62","35237417"
"chr1","35563511","35563819","KN296225v1","692457","692759","68","34871054"
"chr1","35567768","35567968","KN296682v1","3026228","3026433","39","32541540"
"chr1","35571240","35571515","KN294571v1","2182994","2183281","63","33388246"
"chr1","35601326","35601477","KN295996v1","400033","400167","34","35201293"
"chr1","35602106","35602276","KN296311v1","5964020","5964187","38","29638086"
"chr1","35604642","35604923","KN294848v1","912345","912627","54","34692297"
"chr1","35621432","35621716","KN296643v1","438301","438610","60","35183131"
"chr1","35625897","35626110","KN295075v1","455","667","55","35625442"
"chr1","35636906","35637163","KN296964v1","1027938","1028205","75","34608968"
"chr1","35646418","35646505","KN296311v1","5124303","5124389","13","30522115"
"chr1","35648224","35648526","KN295236v1","3019529","3019823","71","32628695"
"chr1","35659329","35659623","KN294713v1","190608","190897","59","35468721"
"chr1","35666442","35666727","KN297242v1","2793455","2793746","66","32872987"
"chr1","35674164","35674482","KN296311v1","2364482","2364781","78","33309682"
"chr1","35690004","35690309","KN294499v1","1398482","1398785","60","34291522"
"chr1","35720657","35720964","KN296547v1","285164","285470","69","35435493"
"chr1","35732456","35732757","KN296682v1","4859629","4859934","70","30872827"
"chr1","35736279","35736568","KN297259v1","967615","967902","53","34768664"
"chr1","35738554","35738643","KN297327v1","280981","281064","24","35457573"
"chr1","35740260","35740590","KN294470v1","381512","381814","90","35358748"
"chr1","35751676","35751896","KN295241v1","493083","493300","48","35258593"
"chr1","35752680","35752979","KN295352v1","1052401","1052696","63","34700279"
"chr1","35765755","35766040","KN296864v1","3288292","3288581","51","32477463"
"chr1","35774767","35775062","KN295596v1","879252","879556","61","34895515"
"chr1","35788562","35788838","KN296117v1","507102","507387","58","35281460"
"chr1","35804247","35804536","KN294536v1","1937322","1937597","57","33866925"
"chr1","35822037","35822331","KN295586v1","2908076","2908370","58","32913961"
"chr1","35848534","35848830","KN294987v1","52147","52440","20","35796387"
"chr1","35854634","35854921","KN294987v1","58521","58807","12","35796113"
"chr1","35859235","35859493","KN294987v1","62752","63013","15","35796483"
"chr1","35874082","35874382","KN294987v1","81849","82143","23","35792233"
"chr1","35892783","35893003","KN294987v1","100417","100638","17","35792366"
"chr1","35914976","35915269","KN294987v1","121509","121804","27","35793467"
"chr1","35931512","35931820","KN294987v1","137780","138085","42","35793732"
"chr1","35937762","35937892","KN294987v1","147137","147259","21","35790625"
"chr1","35966024","35966272","KN294987v1","178062","178308","39","35787962"
"chr1","35972201","35972402","KN294987v1","186430","186631","12","35785771"
"chr1","35972531","35972760","KN294987v1","186757","186993","21","35785774"
"chr1","35986447","35986751","KN294987v1","201403","201703","28","35785044"
"chr1","35994196","35994479","KN294987v1","209934","210233","36","35784262"
"chr1","35997780","35997923","KN294987v1","213869","214013","7","35783911"
"chr1","35998232","35998358","KN294987v1","214326","214467","24","35783906"
"chr1","36027640","36027848","KN294987v1","244408","244595","40","35783232"
"chr1","36045236","36045547","KN294987v1","262851","263154","27","35782385"
"chr1","36055540","36055831","KN296311v1","7907830","7908116","68","28147710"
"chr1","36056745","36056922","KN294987v1","275185","275361","6","35781560"
"chr1","36057220","36057349","KN294987v1","275675","275791","18","35781545"
"chr1","36061766","36061953","KN294987v1","280232","280422","10","35781534"
"chr1","36080529","36080832","KN294987v1","293901","294191","48","35786628"
"chr1","36083163","36083465","KN294987v1","296543","296828","30","35786620"
"chr1","36093294","36093368","KN294987v1","307446","307517","8","35785848"
"chr1","36094967","36095229","KN295923v1","2409586","2409862","72","33685381"
"chr1","36106777","36106918","KN294987v1","322038","322179","10","35784739"
"chr1","36107185","36107336","KN294987v1","322451","322605","17","35784734"
"chr1","36109792","36110094","KN294987v1","324906","325224","28","35784886"
"chr1","36113818","36113964","KN294499v1","2432426","2432575","51","33681392"
"chr1","36114572","36114704","KN295744v1","218637","218770","28","35895935"
"chr1","36123493","36123766","KN295607v1","303483","303772","62","35820010"
"chr1","36129001","36129320","KN294987v1","344271","344545","59","35784730"
"chr1","36130304","36130428","KN294446v1","531704","531828","22","35598600"
"chr1","36130728","36130899","KN294987v1","346110","346280","10","35784618"
"chr1","36135756","36136063","KN294987v1","357800","358103","26","35777956"
"chr1","36137787","36137918","KN294705v1","1436690","1436818","27","34701097"
"chr1","36140642","36140790","KN295893v1","5851005","5851141","29","30289637"
"chr1","36141103","36141238","KN297274v1","422832","422974","24","35718271"
"chr1","36148856","36149165","KN295474v1","720854","721152","60","35428002"
"chr1","36149302","36149505","KN295236v1","1022820","1023020","40","35126482"
"chr1","36153780","36153900","KN295586v1","1171565","1171683","15","34982215"
"chr1","36153928","36154075","KN294364v1","395919","396061","35","35758009"
"chr1","36160497","36160812","KN294987v1","383946","384239","45","35776551"
"chr1","36181480","36181767","KN294987v1","405260","405541","14","35776220"
"chr1","36189722","36189913","KN294987v1","414044","414238","11","35775678"
"chr1","36203450","36203730","KN294987v1","428677","428939","32","35774773"
"chr1","36211529","36211847","KN294987v1","436772","437089","18","35774757"
"chr1","36224190","36224408","KN295410v1","307406","307629","54","35916784"
"chr1","36240051","36240125","KN295147v1","392895","392969","17","35847156"
"chr1","36260807","36260935","KN294987v1","497284","497422","17","35763523"
"chr1","36265734","36266028","KN294987v1","504052","504351","19","35761682"
"chr1","36269249","36269505","KN294987v1","507945","508201","20","35761304"
"chr1","36278718","36279009","KN294987v1","516419","516714","28","35762299"
"chr1","36290800","36291097","KN294987v1","531787","532088","19","35759013"
"chr1","36301342","36301514","KN294644v1","860976","861146","32","35440366"
"chr1","36312668","36312978","KN294987v1","554723","555026","33","35757945"
"chr1","36318308","36318515","KN295974v1","3068927","3069131","52","33249381"
"chr1","36321533","36321798","KN294987v1","565292","565557","11","35756241"
"chr1","36347770","36348066","KN294987v1","591967","592261","15","35755803"
"chr1","36369487","36369781","KN294987v1","614570","614877","31","35754917"
"chr1","36398604","36398905","KN294987v1","643757","644060","19","35754847"
"chr1","36424026","36424340","KN294987v1","670313","670608","33","35753713"
"chr1","36436504","36436793","KN294987v1","683353","683637","26","35753151"
"chr1","36452501","36452788","KN294987v1","700913","701188","31","35751588"
"chr1","36453378","36453673","KN294987v1","702076","702373","18","35751302"
"chr1","36470971","36471064","KN294987v1","718788","718881","4","35752183"
"chr1","36484893","36485193","KN294747v1","836910","837206","58","35647983"
"chr1","36491620","36491895","KN295371v1","169555","169850","71","36322065"
"chr1","36492220","36492481","KN294987v1","738574","738796","58","35753646"
"chr1","36495008","36495272","KN294987v1","741782","742036","30","35753226"
"chr1","36504536","36504775","KN294987v1","751882","752121","13","35752654"
"chr1","36542667","36542812","KN294372v1","831908","832049","34","35710759"
"chr1","36548331","36548626","KN294987v1","797207","797503","18","35751124"
"chr1","36556464","36556749","KN294987v1","806300","806587","31","35750164"
"chr1","36570280","36570591","KN295872v1","241251","241569","78","36329029"
"chr1","36605619","36605868","KN295225v1","1807628","1807883","56","34797991"
"chr1","36627207","36627456","KN294987v1","881574","881823","15","35745633"
"chr1","36647605","36647922","KN297138v1","229827","230148","63","36417778"
"chr1","36650569","36650705","KN294790v1","3998119","3998253","27","32652450"
"chr1","36651028","36651199","KN294987v1","904859","905031","14","35746169"
"chr1","36678616","36678741","KN294848v1","115566","115689","27","36563050"
"chr1","36686315","36686439","KN294501v1","2864327","2864450","24","33821988"
"chr1","36691179","36691482","KN297197v1","648786","649091","68","36042393"
"chr1","36718904","36719010","KN294987v1","974600","974706","5","35744304"
"chr1","36719305","36719440","KN294987v1","975005","975139","14","35744300"
"chr1","36750061","36750348","KN294987v1","1005320","1005607","13","35744741"
"chr1","36795146","36795442","KN295667v1","294944","295238","52","36500202"
"chr1","36804276","36804537","KN294987v1","1057735","1058001","24","35746541"
"chr1","36817258","36817556","KN297442v1","1913260","1913548","59","34903998"
"chr1","36824593","36824897","KN294987v1","1079259","1079566","22","35745334"
"chr1","36826176","36826474","KN294987v1","1080849","1081135","29","35745327"
"chr1","36842547","36842768","KN295343v1","886218","886447","53","35956329"
"chr1","36867751","36867995","KN295236v1","132287","132548","72","36735464"
"chr1","36870595","36870887","KN294987v1","1127528","1127808","30","35743067"
"chr1","36893944","36894013","KN294251v1","1638382","1638450","10","35255562"
"chr1","36926194","36926490","KN294987v1","1183202","1183498","13","35742992"
"chr1","36932667","36932754","KN294987v1","1189667","1189754","2","35743000"
"chr1","36933056","36933269","KN294987v1","1190031","1190229","20","35743025"
"chr1","36933627","36933919","KN294987v1","1190575","1190891","40","35743052"
"chr1","36943579","36943867","KN296852v1","209728","210020","58","36733851"
"chr1","37112060","37112353","KN295362v1","1194772","1195061","62","35917288"
"chr1","37112383","37112394","KN294478v1","119898","119908","2","36992485"
"chr1","37141876","37142100","KN296119v1","4724842","4725072","53","32417034"
"chr1","37142462","37142570","KN296158v1","1439494","1439609","23","35702968"
"chr1","37142612","37142787","KN295533v1","1808077","1808253","35","35334535"
"chr1","37148954","37149176","KN296000v1","1187862","1188084","53","35961092"
"chr1","37167394","37167682","KN296634v1","1816690","1816969","61","35350704"
"chr1","37184092","37184390","KN294987v1","1255832","1256130","16","35928260"
"chr1","37219429","37219725","KN294987v1","1290990","1291291","27","35928439"
"chr1","37253136","37253417","KN294987v1","1327201","1327488","24","35925935"
"chr1","37260937","37261217","KN296138v1","264399","264686","52","36996538"
"chr1","37483881","37484186","KN294893v1","467871","468166","67","37016010"
"chr1","37494096","37494386","KN294399v1","99813","100114","67","37394283"
"chr1","37497216","37497481","KN295561v1","147113","147380","54","37350103"
"chr1","37510374","37510505","KN296311v1","2586649","2586774","27","34923725"
"chr1","37672717","37673002","KN295825v1","2377204","2377499","64","35295513"
"chr1","37814401","37814696","KN295832v1","1134107","1134401","63","36680294"
"chr1","37821695","37821976","KN295405v1","504647","504932","51","37317048"
"chr1","37897084","37897353","KN294226v1","506202","506499","70","37390882"
"chr1","37964101","37964220","KN294728v1","1428567","1428682","26","36535534"
"chr1","37964251","37964408","KN295236v1","1100162","1100324","35","36864089"
"chr1","37970883","37971063","KN294470v1","2587213","2587380","39","35383670"
"chr1","38011666","38011966","KN295244v1","659257","659562","53","37352409"
"chr1","38021455","38021667","KN295236v1","3468503","3468712","40","34552952"
"chr1","38025782","38026021","KN294172v1","3107623","3107863","52","34918159"
"chr1","38062118","38062433","KN297205v1","205027","205330","65","37857091"
"chr1","38063017","38063224","KN295814v1","542808","543026","48","37520209"
"chr1","38069575","38069874","KN296017v1","366720","367014","57","37702855"
"chr1","38069889","38070223","KN296142v1","283457","283783","91","37786432"
"chr1","38109692","38109875","KN295319v1","328884","329064","46","37780808"
"chr1","38121110","38121231","KN296926v1","1064368","1064490","26","37056742"
"chr1","38121470","38121687","KN294705v1","1992916","1993137","48","36128554"
"chr1","38121708","38121996","KN295936v1","2731724","2732012","66","35389984"
"chr1","38122151","38122450","KN294662v1","136013","136311","63","37986138"
"chr1","38127079","38127381","KN295591v1","745641","745936","59","37381438"
"chr1","38127619","38127869","KN295962v1","550289","550532","66","37577330"
"chr1","38131475","38131766","KN294434v1","62989","63286","64","38068486"
"chr1","38148813","38148884","KN294741v1","2135900","2135967","20","36012913"
"chr1","38152788","38153086","KN295405v1","143132","143424","53","38009656"
"chr1","38155375","38155632","KN296281v1","227194","227459","59","37928181"
"chr1","38177751","38178048","KN297190v1","6108366","6108673","70","32069385"
"chr1","38208627","38208859","KN295923v1","1292660","1292892","51","36915967"
"chr1","38229270","38229393","KN296253v1","543775","543897","16","37685495"
"chr1","38262708","38262977","KN296154v1","2690654","2690917","77","35572054"
"chr1","38269699","38269959","KN295692v1","1183636","1183901","65","37086063"
"chr1","38276892","38277205","KN294668v1","3455230","3455537","68","34821662"
"chr1","38292945","38293230","KN296210v1","411997","412286","49","37880948"
"chr1","38295557","38295841","KN295484v1","634266","634551","47","37661291"
"chr1","38302269","38302439","KN296311v1","5499586","5499772","43","32802683"
"chr1","38307005","38307131","KN295236v1","3934116","3934242","23","34372889"
"chr1","38309669","38309950","KN296959v1","1045812","1046085","64","37263857"
"chr1","38310964","38311181","KN294239v1","375904","376124","38","37935060"
"chr1","38317512","38317710","KN297171v1","1990264","1990474","46","36327248"
"chr1","38355405","38355723","KN296101v1","26057","26365","63","38329348"
"chr1","38359363","38359487","KN297322v1","1974885","1975007","19","36384478"
"chr1","38372712","38372987","KN295236v1","3902484","3902743","69","34470228"
"chr1","38378690","38378995","KN295722v1","1548894","1549195","60","36829796"
"chr1","38391963","38392239","KN295371v1","1154164","1154441","61","37237799"
"chr1","38395281","38395562","KN296187v1","829352","829634","58","37565929"
"chr1","38396979","38397269","KN295074v1","977960","978248","55","37419019"
"chr1","38406270","38406487","KN297095v1","2550188","2550398","42","35856082"
"chr1","38407279","38407533","KN296323v1","1076831","1077088","69","37330448"
"chr1","38420747","38420871","KN294842v1","514774","514896","30","37905973"
"chr1","38421537","38421849","KN294181v1","481862","482169","59","37939675"
"chr1","38448105","38448400","KN296864v1","3187581","3187876","52","35260524"
"chr1","38449159","38449432","KN294613v1","397507","397787","66","38051652"
"chr1","38464527","38464826","KN295596v1","879252","879556","55","37585275"
"chr1","38468305","38468581","KN294499v1","2485948","2486229","60","35982357"
"chr1","38470499","38470750","KN296486v1","1555508","1555767","62","36914991"
"chr1","38483379","38483675","KN296649v1","576985","577271","61","37906394"
"chr1","38492989","38493255","KN295075v1","463825","464084","73","38029164"
"chr1","38503544","38503827","KN296378v1","494709","494995","64","38008835"
"chr1","38511773","38512068","KN296505v1","798190","798492","70","37713583"
"chr1","38519842","38520007","KN295315v1","1059688","1059852","38","37460154"
"chr1","38545837","38546099","KN294613v1","554211","554479","51","37991626"
"chr1","38563365","38563659","KN297320v1","1234476","1234772","64","37328889"
"chr1","38565980","38566314","KN294346v1","326952","327254","91","38239028"
"chr1","38569225","38569442","KN296311v1","633231","633458","55","37935994"
"chr1","38574483","38574762","KN294193v1","665832","666113","63","37908651"
"chr1","38580662","38580917","KN295984v1","2220161","2220390","83","36360501"
"chr1","38591584","38591884","KN297008v1","1477900","1478200","52","37113684"
"chr1","38601001","38601318","KN297023v1","395435","395751","69","38205566"
"chr1","38604751","38605045","KN295995v1","124322","124618","64","38480429"
"chr1","38645107","38645397","KN295586v1","2908076","2908370","57","35737031"
"chr1","38653927","38654227","KN296406v1","163962","164264","52","38489965"
"chr1","38656546","38656822","KN295825v1","1930585","1930851","55","36725961"
"chr1","38677745","38678028","KN296266v1","19257","19539","57","38658488"
"chr1","38711226","38711547","KN294571v1","368794","369093","73","38342432"
"chr1","38741609","38741923","KN296481v1","129868","130182","60","38611741"
"chr1","38803049","38803315","KN296311v1","7978616","7978865","68","30824433"
"chr1","38990882","38991172","KN294662v1","136013","136311","49","38854869"
"chr1","39201839","39202091","KN295112v1","633291","633535","56","38568548"
"chr1","39461621","39461903","KN295362v1","1129832","1130122","71","38331789"
"chr1","39467255","39467401","KN295571v1","337231","337373","28","39130024"
"chr1","39467675","39467773","KN296210v1","401227","401323","19","39066448"
"chr1","39467780","39467916","KN296119v1","2141246","2141365","34","37326534"
"chr1","39469421","39469540","KN296339v1","1432884","1433007","27","38036537"
"chr1","39484014","39484308","KN295045v1","414971","415269","54","39069043"
"chr1","39488778","39488898","KN294199v1","206444","206561","27","39282334"
"chr1","39489502","39489773","KN297153v1","594404","594691","59","38895098"
"chr1","39514431","39514713","KN295107v1","911233","911517","73","38603198"
"chr1","39540656","39540771","KN295977v1","789031","789142","31","38751625"
"chr1","39545152","39545398","KN294224v1","704123","704350","64","38841029"
"chr1","39555539","39555678","KN295236v1","867286","867430","38","38688253"
"chr1","39555959","39556135","KN297197v1","3899507","3899683","35","35656452"
"chr1","39559443","39559697","KN295343v1","1026743","1027006","63","38532700"
"chr1","39567664","39567835","KN294485v1","283034","283213","55","39284630"
"chr1","39568386","39568516","KN295073v1","1255222","1255355","23","38313164"
"chr1","39584667","39584871","KN295633v1","1581068","1581277","40","38003599"
"chr1","39597175","39597283","KN295936v1","1863925","1864034","13","37733250"
"chr1","39602607","39602737","KN294172v1","3288243","3288371","26","36314364"
"chr1","39603028","39603208","KN296883v1","2780707","2780888","35","36822321"
"chr1","39605796","39606090","KN295107v1","1051267","1051565","72","38554529"
"chr1","39613160","39613220","KN294325v1","994783","994843","10","38618377"
"chr1","39752886","39753177","KN297320v1","1234476","1234772","55","38518410"
"chr1","39755466","39755781","KN294630v1","741362","741665","69","39014104"
"chr1","39772445","39772745","KN295343v1","329489","329788","57","39442956"
"chr1","39775512","39775718","KN295281v1","78524","78730","44","39696988"
"chr1","39776902","39777065","KN296072v1","131762","131910","37","39645140"
"chr1","39777390","39777543","KN294842v1","1734120","1734271","32","38043270"
"chr1","39784356","39784650","KN294991v1","573073","573364","57","39211283"
"chr1","39800976","39801266","KN295573v1","1252496","1252781","58","38548480"
"chr1","39802082","39802147","KN296063v1","990675","990742","14","38811407"
"chr1","39809745","39810037","KN296153v1","1425537","1425832","62","38384208"
"chr1","39812647","39812933","KN294879v1","854883","855165","58","38957764"
"chr1","39816193","39816312","KN295405v1","1892483","1892602","17","37923710"
"chr1","39818587","39818874","KN296435v1","3177820","3178102","64","36640767"
"chr1","39847458","39847682","KN296955v1","211254","211479","46","39636204"
"chr1","39848777","39849057","KN297165v1","552106","552390","58","39296671"
"chr1","39855569","39855842","KN295930v1","909949","910227","64","38945620"
"chr1","39855864","39855973","KN296731v1","1447313","1447423","18","38408551"
"chr1","39856503","39856798","KN295433v1","429148","429443","57","39427355"
"chr1","39931935","39932066","KN295573v1","750770","750899","26","39181165"
"chr1","39933293","39933587","KN294325v1","986986","987280","62","38946307"
"chr1","39961696","39961981","KN296883v1","547727","548009","61","39413969"
"chr1","39972576","39972711","KN297197v1","1946397","1946528","23","38026179"
"chr1","39987995","39988277","KN297117v1","278355","278625","70","39709640"
"chr1","39991903","39992211","KN294842v1","484743","485036","61","39507160"
"chr1","39992888","39993113","KN295459v1","1541033","1541262","48","38451855"
"chr1","39997569","39997714","KN295304v1","193569","193716","23","39804000"
"chr1","39998013","39998148","KN296096v1","1372291","1372426","20","38625722"
"chr1","40015840","40016117","KN294800v1","58275","58560","64","39957565"
"chr1","40042682","40042953","KN296119v1","2952734","2953012","55","37089948"
"chr1","40056643","40056936","KN296017v1","366720","367014","57","39689923"
"chr1","40060657","40060814","KN296119v1","4451319","4451488","36","35609338"
"chr1","40061109","40061239","KN296508v1","1569205","1569334","27","38491904"
"chr1","40081307","40081577","KN295257v1","2017577","2017843","63","38063730"
"chr1","40091234","40091558","KN296406v1","163962","164264","67","39927272"
"chr1","40114251","40114468","KN294181v1","1074796","1075005","56","39039455"
"chr1","40114506","40114596","KN295717v1","2012281","2012364","28","38102225"
"chr1","40114898","40115049","KN295236v1","867286","867430","35","39247612"
"chr1","40140587","40140883","KN295368v1","1381014","1381297","68","38759573"
"chr1","40144727","40144860","KN296955v1","156733","156865","24","39987994"
"chr1","40145548","40145725","KN296253v1","608582","608755","41","39536966"
"chr1","40146653","40146959","KN297008v1","1477900","1478200","60","38668753"
"chr1","40146974","40147260","KN296682v1","2437381","2437668","61","37709593"
"chr1","40163304","40163425","KN294922v1","698627","698750","21","39464677"
"chr1","40165479","40165783","KN296732v1","1672129","1672432","58","38493350"
"chr1","40183424","40183689","KN297227v1","204827","205088","62","39978597"
"chr1","40191645","40191951","KN296075v1","304763","305072","63","39886882"
"chr1","40198005","40198087","KN296281v1","422150","422232","20","39775855"
"chr1","40198380","40198559","KN295722v1","2530724","2530897","35","37667656"
"chr1","40205980","40206256","KN296154v1","2690654","2690917","73","37515326"
"chr1","40210154","40210430","KN295236v1","3403395","3403671","68","36806759"
"chr1","40211528","40211789","KN296096v1","2485316","2485572","60","37726212"
"chr1","40229791","40230097","KN295294v1","2860409","2860714","55","37369382"
"chr1","40231003","40231137","KN296244v1","267795","267926","21","39963208"
"chr1","40258498","40258662","KN295096v1","334792","334959","42","39923706"
"chr1","40258958","40259086","KN294416v1","636166","636292","22","39622792"
"chr1","40325273","40325582","KN294499v1","2389424","2389735","68","37935849"
"chr1","40330029","40330173","KN296503v1","587875","588022","34","39742154"
"chr1","40330208","40330251","KN295523v1","4029368","4029413","12","36300840"
"chr1","40342267","40342385","KN297375v1","269503","269627","31","40072764"
"chr1","40342439","40342545","KN296435v1","159139","159242","21","40183300"
"chr1","40368530","40368831","KN294172v1","439163","439451","63","39929367"
"chr1","40400740","40401034","KN294592v1","290236","290528","57","40110504"
"chr1","40420807","40421074","KN294304v1","28243","28516","58","40392564"
"chr1","40433776","40434044","KN294326v1","639945","640227","57","39793831"
"chr1","40447818","40448082","KN294451v1","924738","925018","61","39523080"
"chr1","40449658","40449901","KN295090v1","427709","427974","71","40021949"
"chr1","40478549","40478836","KN295671v1","281072","281358","60","40197477"
"chr1","40505584","40505716","KN295433v1","672811","672940","20","39832773"
"chr1","40506526","40506858","KN295697v1","618718","619036","76","39887808"
"chr1","40531513","40531677","KN295205v1","1574650","1574813","36","38956863"
"chr1","40531975","40532115","KN297159v1","1711907","1712045","27","38820068"
"chr1","40553745","40553947","KN294161v1","705737","705944","48","39848008"
"chr1","40556862","40556967","KN294842v1","972584","972701","29","39584278"
"chr1","40560165","40560263","KN294172v1","5360327","5360433","26","35199838"
"chr1","40562395","40562694","KN295236v1","2331918","2332216","60","38230477"
"chr1","40565940","40566021","KN295114v1","121687","121759","19","40444253"
"chr1","40566723","40566838","KN294613v1","364447","364551","28","40202276"
"chr1","40573783","40573799","KN295243v1","585740","585758","4","39988043"
"chr1","40573882","40574178","KN294747v1","836910","837206","47","39736972"
"chr1","40584548","40584782","KN296294v1","147386","147609","59","40437162"
"chr1","40586752","40587043","KN296210v1","411997","412286","60","40174755"
"chr1","40619116","40619397","KN297058v1","333246","333524","54","40285870"
"chr1","40625174","40625297","KN296859v1","1814408","1814530","22","38810766"
"chr1","40631779","40631991","KN296761v1","603179","603389","49","40028600"
"chr1","40635074","40635377","KN296158v1","77381","77686","65","40557693"
"chr1","40655187","40655252","KN294540v1","696397","696459","14","39958790"
"chr1","40656444","40656553","KN294378v1","1665612","1665717","33","38990832"
"chr1","40656861","40656994","KN294182v1","154537","154667","28","40502324"
"chr1","40663612","40663728","KN296062v1","2178521","2178637","16","38485091"
"chr1","40666549","40666837","KN296634v1","1816690","1816969","58","38849859"
"chr1","40673504","40673800","KN295236v1","1641924","1642218","55","39031580"
"chr1","40674624","40674758","KN294499v1","325093","325224","30","40349531"
"chr1","40694264","40694556","KN294685v1","129581","129867","56","40564683"
"chr1","40709672","40709906","KN297343v1","385133","385353","59","40324539"
"chr1","40715349","40715618","KN294946v1","408519","408799","79","40306830"
"chr1","40722540","40722754","KN294592v1","886528","886735","42","39836012"
"chr1","40740756","40741054","KN297453v1","242913","243198","65","40497843"
"chr1","40747473","40747774","KN295661v1","223659","223958","63","40523814"
"chr1","40771631","40771901","KN296178v1","950786","951044","64","39820845"
"chr1","40816134","40816410","KN296119v1","830788","831050","65","39985346"
"chr1","40820213","40820509","KN295936v1","2499504","2499800","47","38320709"
"chr1","40832514","40832813","KN295171v1","655371","655672","65","40177143"
"chr1","40840141","40840426","KN296496v1","556393","556658","84","40283748"
"chr1","40844021","40844315","KN294570v1","165105","165399","70","40678916"
"chr1","40856986","40857102","KN295459v1","291630","291740","34","40565356"
"chr1","40860960","40861239","KN296096v1","2485316","2485572","62","38375644"
"chr1","40876427","40876702","KN294825v1","263681","263956","68","40612746"
"chr1","40882093","40882255","KN296916v1","684433","684601","42","40197660"
"chr1","40893287","40893412","KN294991v1","1939863","1939987","25","38953424"
"chr1","40894501","40894796","KN295459v1","697076","697373","58","40197425"
"chr1","40901179","40901485","KN297197v1","1718395","1718696","60","39182784"
"chr1","40901893","40902112","KN295198v1","406630","406848","53","40495263"
"chr1","40906529","40906821","KN296063v1","924974","925273","53","39981555"
"chr1","40938391","40938574","KN294404v1","390625","390809","42","40547766"
"chr1","40939841","40940140","KN297026v1","248754","249058","61","40691087"
"chr1","40962903","40963184","KN296153v1","960264","960545","63","40002639"
"chr1","40964134","40964421","KN295236v1","2297019","2297316","56","38667115"
"chr1","40980282","40980386","KN295077v1","409349","409452","18","40570933"
"chr1","41008563","41008679","KN294399v1","13023","13138","17","40995540"
"chr1","41013579","41013888","KN294199v1","354659","354969","62","40658920"
"chr1","41014975","41015280","KN295923v1","1816435","1816737","59","39198540"
"chr1","41016970","41017276","KN294257v1","2271748","2272051","59","38745222"
"chr1","41019727","41020013","KN296507v1","732738","733022","55","40286989"
"chr1","41073096","41073386","KN295081v1","4847","5144","63","41068249"
"chr1","41078310","41078606","KN294668v1","4137999","4138299","61","36940311"
"chr1","41113453","41113662","KN295343v1","754597","754807","39","40358856"
"chr1","41114156","41114203","KN297133v1","1112411","1112458","9","40001745"
"chr1","41114496","41114671","KN295984v1","3241800","3241976","35","37872696"
"chr1","41135750","41136028","KN294365v1","1435939","1436220","62","39699811"
"chr1","41144085","41144380","KN295343v1","329489","329788","65","40814596"
"chr1","41148200","41148484","KN294446v1","610144","610434","63","40538056"
"chr1","41151426","41151698","KN295607v1","3761193","3761453","67","37390233"
"chr1","41152288","41152422","KN296019v1","450328","450461","22","40701960"
"chr1","41152714","41152913","KN295941v1","735105","735288","52","40417609"
"chr1","41164953","41165122","KN295294v1","296557","296722","35","40868396"
"chr1","41165148","41165267","KN296056v1","23333","23451","24","41141815"
"chr1","41177490","41177740","KN294224v1","1248170","1248434","61","39929320"
"chr1","41203031","41203343","KN294325v1","1017631","1017939","54","40185400"
"chr1","41208224","41208370","KN296964v1","1106646","1106799","39","40101578"
"chr1","41216512","41216776","KN294399v1","30007","30285","56","41186505"
"chr1","41324996","41325306","KN296825v1","456477","456764","75","40868519"
"chr1","41326946","41327129","KN296357v1","616658","616845","36","40710288"
"chr1","41327432","41327451","KN294470v1","1553862","1553875","8","39773570"
"chr1","41327736","41327868","KN296486v1","657698","657831","27","40670038"
"chr1","41342352","41342502","KN295705v1","567152","567302","42","40775200"
"chr1","41363347","41363615","KN294172v1","2396155","2396416","54","38967192"
"chr1","41371917","41372205","KN295592v1","1135521","1135812","59","40236396"
"chr1","41398910","41399213","KN297028v1","457965","458261","60","40940945"
"chr1","41404810","41405074","KN294172v1","2396155","2396416","60","39008655"
"chr1","41424597","41424894","KN296404v1","3404152","3404452","59","38020445"
"chr1","41446049","41446352","KN294987v1","797207","797503","60","40648842"
"chr1","41475829","41475922","KN295315v1","794913","795005","13","40680916"
"chr1","41476302","41476552","KN296643v1","78789","79043","58","41397513"
"chr1","41478835","41479126","KN296263v1","72979","73261","54","41405856"
"chr1","41487350","41487471","KN297158v1","62515","62636","16","41424835"
"chr1","41489846","41490170","KN295697v1","618718","619036","75","40871128"
"chr1","41492169","41492270","KN295236v1","349573","349672","16","41142596"
"chr1","41500007","41500311","KN295988v1","1365859","1366158","63","40134148"
"chr1","41512908","41513034","KN296311v1","7746378","7746500","18","33766530"
"chr1","41516481","41516793","KN294470v1","3039108","3039417","65","38477373"
"chr1","41517350","41517628","KN294172v1","6234107","6234388","80","35283243"
"chr1","41524722","41524873","KN296096v1","1404035","1404183","31","40120687"
"chr1","41524874","41525141","KN295907v1","1409218","1409482","58","40115656"
"chr1","41525142","41525314","KN296311v1","5783400","5783574","61","35741742"
"chr1","41538720","41539017","KN297259v1","278221","278519","55","41260499"
"chr1","41540864","41541172","KN295458v1","32933","33237","46","41507931"
"chr1","41544959","41545261","KN295112v1","616885","617187","62","40928074"
"chr1","41553909","41554229","KN297184v1","1597346","1597659","73","39956563"
"chr1","41554239","41554542","KN297320v1","1234476","1234772","60","40319763"
"chr1","41564499","41564680","KN296732v1","2441545","2441721","56","39122954"
"chr1","41564930","41565220","KN296991v1","1285521","1285809","59","40279409"
"chr1","41571481","41571598","KN295605v1","359897","360014","16","41211584"
"chr1","41572846","41573142","KN296311v1","3727125","3727424","61","37845721"
"chr1","41575687","41575816","KN295038v1","662635","662766","23","40913052"
"chr1","41583324","41583587","KN297184v1","1504666","1504927","60","40078658"
"chr1","41595237","41595521","KN295596v1","3283626","3283905","64","38311611"
"chr1","41624954","41625247","KN295345v1","974799","975091","66","40650155"
"chr1","41642922","41643226","KN296749v1","396480","396788","54","41246442"
"chr1","41661659","41661876","KN296365v1","920235","920464","49","40741424"
"chr1","41666621","41666903","KN294548v1","1076706","1076991","57","40589915"
"chr1","41676190","41676483","KN296404v1","3404152","3404452","62","38272038"
"chr1","41676756","41677011","KN295459v1","1100858","1101120","55","40575898"
"chr1","41683187","41683474","KN297320v1","1234476","1234772","56","40448711"
"chr1","41684095","41684404","KN296508v1","2151971","2152273","57","39532124"
"chr1","41693009","41693298","KN295717v1","2242301","2242589","61","39450708"
"chr1","41697925","41698186","KN295814v1","86731","86992","78","41611194"
"chr1","41712307","41712472","KN296319v1","797175","797335","26","40915132"
"chr1","41730339","41730576","KN295045v1","1359022","1359261","54","40371317"
"chr1","41739480","41739769","KN294842v1","484743","485036","68","41254737"
"chr1","41771771","41771989","KN296195v1","16893","17114","52","41754878"
"chr1","41797244","41797540","KN295907v1","2296697","2296997","67","39500547"
"chr1","41805593","41805881","KN294419v1","255908","256195","52","41549685"
"chr1","41853606","41853900","KN294650v1","96021","96318","69","41757585"
"chr1","41863642","41863941","KN297444v1","482806","483100","61","41380836"
"chr1","41895963","41896086","KN294790v1","1434382","1434504","14","40461581"
"chr1","41912406","41912714","KN296406v1","163962","164264","61","41748444"
"chr1","41981254","41981562","KN294335v1","571590","571891","64","41409664"
"chr1","41988820","41989121","KN294257v1","2403021","2403326","54","39585799"
"chr1","42219633","42219943","KN296864v1","12113","12415","30","42207520"
"chr1","42236267","42236580","KN296096v1","2975388","2975700","67","39260879"
"chr1","42372295","42372457","KN294260v1","1376507","1376662","47","40995788"
"chr1","42429862","42430168","KN296864v1","223240","223548","27","42206622"
"chr1","42512834","42513116","KN296864v1","240268","240555","23","42272566"
"chr1","42663411","42663692","KN295573v1","1643146","1643437","66","41020265"
"chr1","42676222","42676513","KN296864v1","411269","411593","60","42264953"
"chr1","42690018","42690261","KN296864v1","425166","425409","16","42264852"
"chr1","42835773","42836090","KN296864v1","572431","572710","56","42263342"
"chr1","42876278","42876500","KN296864v1","614614","614834","15","42261664"
"chr1","42899726","42899979","KN294373v1","1346962","1347208","69","41552764"
"chr1","42913921","42914206","KN296864v1","649791","650076","18","42264130"
"chr1","42922206","42922419","KN296864v1","657337","657563","22","42264869"
"chr1","42951362","42951649","KN296864v1","682163","682460","35","42269199"
"chr1","42955130","42955400","KN296864v1","685945","686231","37","42269185"
"chr1","42983237","42983524","KN296864v1","714902","715189","26","42268335"
"chr1","42997666","42997956","KN296864v1","728860","729165","31","42268806"
"chr1","43009418","43009712","KN296864v1","741263","741559","28","42268155"
"chr1","43018727","43018997","KN294458v1","570570","570851","65","42448157"
"chr1","43023263","43023386","KN296864v1","756187","756310","1","42267076"
"chr1","43023879","43024126","KN295368v1","1455449","1455687","52","41568430"
"chr1","43042145","43042433","KN296864v1","776357","776646","24","42265788"
"chr1","43055238","43055523","KN296864v1","791754","792039","18","42263484"
"chr1","43057496","43057792","KN296864v1","794026","794323","24","42263470"
"chr1","43078000","43078296","KN296864v1","815174","815470","18","42262826"
"chr1","43091604","43091904","KN296864v1","3187581","3187876","60","39904023"
"chr1","43094203","43094523","KN295209v1","645247","645544","78","42448956"
"chr1","43112627","43112924","KN296481v1","77336","77629","49","43035291"
"chr1","43124021","43124250","KN295735v1","1060126","1060348","51","42063895"
"chr1","43161042","43161328","KN296864v1","897793","898088","22","42263249"
"chr1","43179072","43179377","KN295984v1","1114530","1114838","66","42064542"
"chr1","43223220","43223336","KN296864v1","964918","965034","5","42258302"
"chr1","43232550","43232701","KN294261v1","250020","250166","35","42982530"
"chr1","43265344","43265642","KN296864v1","1006805","1007092","23","42258539"
"chr1","43269504","43269791","KN296311v1","7907830","7908116","49","35361674"
"chr1","43273269","43273566","KN296864v1","1014781","1015079","20","42258488"
"chr1","43282688","43282968","KN296864v1","1024555","1024830","26","42258133"
"chr1","43290332","43290603","KN296864v1","1032147","1032443","36","42258185"
"chr1","43299947","43300123","KN295722v1","2530724","2530897","31","40769223"
"chr1","43300443","43300578","KN294991v1","668197","668331","24","42632246"
"chr1","43303110","43303402","KN296864v1","1046014","1046295","31","42257096"
"chr1","43312581","43312661","KN295236v1","3673084","3673176","24","39639497"
"chr1","43314580","43314856","KN296864v1","1058114","1058385","17","42256466"
"chr1","43328477","43328744","KN296864v1","1072632","1072897","14","42255845"
"chr1","43329399","43329702","KN296864v1","1073556","1073849","28","42255843"
"chr1","43343356","43343596","KN296864v1","1087599","1087843","17","42255757"
"chr1","43346737","43347028","KN296864v1","1090936","1091233","37","42255801"
"chr1","43377587","43377695","KN296864v1","1119692","1119798","5","42257895"
"chr1","43378283","43378543","KN295962v1","867100","867361","67","42511183"
"chr1","43385326","43385634","KN296864v1","1127189","1127497","21","42258137"
"chr1","43389495","43389629","KN296864v1","1129131","1129260","12","42260364"
"chr1","43400889","43401167","KN296864v1","1143555","1143856","48","42257334"
"chr1","43402335","43402555","KN296580v1","34543","34769","53","43367792"
"chr1","43408353","43408461","KN296864v1","1151061","1151169","4","42257292"
"chr1","43422194","43422467","KN296864v1","1165572","1165845","24","42256622"
"chr1","43438376","43438684","KN296096v1","2513544","2513844","58","40924832"
"chr1","43456259","43456505","KN296864v1","1200512","1200757","25","42255747"
"chr1","43479403","43479680","KN296864v1","1224385","1224648","31","42255018"
"chr1","43481319","43481611","KN296864v1","1225772","1226089","40","42255547"
"chr1","43494083","43494355","KN296864v1","1240145","1240417","23","42253938"
"chr1","43497302","43497613","KN296864v1","1249764","1250059","34","42247538"
"chr1","43507218","43507516","KN296864v1","1257635","1257932","22","42249583"
"chr1","43553133","43553221","KN294181v1","1594697","1594781","18","41958436"
"chr1","43590739","43590943","KN294949v1","855888","856100","54","42734851"
"chr1","43647392","43647462","KN296063v1","990675","990742","14","42656717"
"chr1","43673732","43674044","KN296864v1","1411393","1411697","33","42262339"
"chr1","43701393","43701669","KN296864v1","1440744","1441017","18","42260649"
"chr1","43709126","43709416","KN296864v1","1448675","1448987","53","42260451"
"chr1","43715660","43715950","KN296864v1","1456478","1456771","25","42259182"
"chr1","43717124","43717310","KN294172v1","5059572","5059756","38","38657552"
"chr1","43739890","43740163","KN295744v1","187097","187357","61","43552793"
"chr1","43801619","43801902","KN296864v1","1528627","1528910","13","42272992"
"chr1","43836561","43836722","KN294536v1","447137","447293","31","43389424"
"chr1","43851597","43851872","KN296864v1","1717716","1718015","50","42133881"
"chr1","43876254","43876555","KN297319v1","214169","214469","52","43662085"
"chr1","43896830","43897144","KN296864v1","1755064","1755366","43","42141766"
"chr1","43959781","43960053","KN296864v1","1818377","1818664","31","42141404"
"chr1","43970556","43970850","KN296323v1","250919","251215","62","43719637"
"chr1","43980283","43980396","KN296864v1","1837889","1838006","13","42142394"
"chr1","43994925","43995144","KN296864v1","1852284","1852500","24","42142641"
"chr1","44057247","44057536","KN296864v1","1909511","1909796","21","42147736"
"chr1","44059709","44060030","KN296864v1","1912207","1912531","24","42147502"
"chr1","44108220","44108478","KN296311v1","5174572","5174833","60","38933648"
"chr1","44143807","44144082","KN296864v1","2000835","2001118","25","42142972"
"chr1","44159946","44160204","KN296864v1","2017178","2017444","38","42142768"
"chr1","44163825","44164125","KN296864v1","2020102","2020402","24","42143723"
"chr1","44164433","44164728","KN295586v1","2908076","2908370","67","41256357"
"chr1","44171646","44171874","KN296864v1","2029094","2029324","19","42142552"
"chr1","44200644","44200776","KN296864v1","2059829","2059961","11","42140815"
"chr1","44362662","44362850","KN296864v1","2226930","2227118","14","42135732"
"chr1","44373744","44374056","KN296864v1","2238388","2238688","29","42135356"
"chr1","44383835","44384079","KN296701v1","168896","169140","59","44214939"
"chr1","44394650","44394959","KN296864v1","2265523","2265814","35","42129127"
"chr1","44399951","44400254","KN296864v1","2275308","2275623","26","42124643"
"chr1","44402133","44402400","KN296864v1","2277506","2277794","33","42124627"
"chr1","44406602","44406879","KN295607v1","4408934","4409181","70","39997668"
"chr1","44414655","44414962","KN296864v1","2292759","2293046","36","42121896"
"chr1","44422188","44422275","KN296864v1","2300788","2300875","4","42121400"
"chr1","44428152","44428390","KN296864v1","2307832","2308071","18","42120320"
"chr1","44429289","44429573","KN296864v1","2309068","2309348","23","42120221"
"chr1","44431692","44431976","KN295096v1","1285856","1286143","57","43145836"
"chr1","44442938","44443241","KN296864v1","2323626","2323922","24","42119312"
"chr1","44464318","44464589","KN296864v1","2344604","2344914","56","42119714"
"chr1","44468531","44468838","KN295022v1","947573","947882","60","43520958"
"chr1","44471625","44471929","KN296864v1","2352247","2352551","22","42119378"
"chr1","44484116","44484407","KN296864v1","2364953","2365242","25","42119163"
"chr1","44504555","44504891","KN295705v1","796730","797043","79","43707825"
"chr1","44564949","44565153","KN296864v1","2452305","2452509","13","42112644"
"chr1","44565622","44565898","KN294444v1","373486","373751","53","44192136"
"chr1","44590130","44590416","KN296864v1","2478627","2478926","32","42111503"
"chr1","44597163","44597453","KN296864v1","2485379","2485677","25","42111784"
"chr1","44614166","44614474","KN296977v1","17776","18085","61","44596390"
"chr1","44642557","44642853","KN296864v1","2529043","2529339","22","42113514"
"chr1","44666390","44666686","KN296864v1","2552892","2553191","19","42113498"
"chr1","44666687","44666904","KN294790v1","2492264","2492478","44","42174423"
"chr1","44691657","44691947","KN296864v1","2578230","2578520","18","42113427"
"chr1","44735334","44735641","KN296864v1","2623846","2624148","34","42111488"
"chr1","44745240","44745356","KN295907v1","2517604","2517725","16","42227636"
"chr1","44745382","44745551","KN296247v1","444310","444483","39","44301072"
"chr1","44749538","44749854","KN296864v1","2638783","2639079","47","42110755"
"chr1","44752109","44752419","KN296864v1","2641305","2641616","32","42110804"
"chr1","44758244","44758562","KN296864v1","2647250","2647555","31","42110994"
"chr1","44759972","44760282","KN296864v1","2648959","2649267","34","42111013"
"chr1","44771165","44771318","KN294385v1","184854","185010","32","44586311"
"chr1","44772298","44772569","KN296864v1","2671170","2671461","47","42101128"
"chr1","44777283","44777428","KN296864v1","2677117","2677266","19","42100166"
"chr1","44784746","44785060","KN296864v1","2685207","2685484","60","42099539"
"chr1","44795500","44795657","KN296864v1","2696108","2696266","14","42099392"
"chr1","44807276","44807339","KN294470v1","2442158","2442221","22","42365118"
"chr1","44814975","44815280","KN296019v1","466074","466382","70","44348901"
"chr1","44823097","44823401","KN296864v1","2726760","2727068","24","42096337"
"chr1","44833912","44834188","KN294513v1","818583","818861","57","44015329"
"chr1","44855674","44855973","KN296864v1","2758412","2758703","26","42097262"
"chr1","44857454","44857772","KN296864v1","2759877","2760194","21","42097577"
"chr1","44858690","44858895","KN296864v1","2761088","2761292","17","42097602"
"chr1","44858931","44859256","KN296864v1","2761328","2761641","35","42097603"
"chr1","44870183","44870300","KN296004v1","266561","266678","14","44603622"
"chr1","44871931","44872221","KN295294v1","358831","359116","62","44513100"
"chr1","44874819","44875132","KN296864v1","2776326","2776629","37","42098493"
"chr1","44878478","44878761","KN296864v1","2779025","2779323","35","42099453"
"chr1","44879818","44880067","KN295923v1","1975100","1975355","56","42904718"
"chr1","44880680","44880995","KN294705v1","773441","773753","63","44107239"
"chr1","44951274","44951567","KN296864v1","2852799","2853092","20","42098475"
"chr1","44971396","44971692","KN296864v1","2872637","2872936","25","42098759"
"chr1","45013789","45014095","KN296864v1","2916005","2916311","26","42097784"
"chr1","45028640","45028875","KN296864v1","2931015","2931250","14","42097625"
"chr1","45042639","45042768","KN296864v1","2945490","2945613","15","42097149"
"chr1","45057447","45057749","KN296311v1","3358167","3358474","57","41699280"
"chr1","45106234","45106462","KN296864v1","3006862","3007092","16","42099372"
"chr1","45120618","45120884","KN296864v1","3022238","3022506","30","42098380"
"chr1","45129155","45129456","KN296864v1","3030406","3030706","42","42098749"
"chr1","45142594","45142897","KN296864v1","3048303","3048609","25","42094291"
"chr1","45165513","45165817","KN296864v1","3070001","3070308","18","42095512"
"chr1","45173385","45173599","KN296864v1","3077752","3077960","24","42095633"
"chr1","45218125","45218432","KN296864v1","3124677","3125002","34","42093448"
"chr1","45224697","45224983","KN296864v1","3131674","3131961","18","42093023"
"chr1","45247482","45247714","KN296507v1","879233","879459","64","44368249"
"chr1","45268963","45269246","KN296864v1","3179031","3179321","28","42089932"
"chr1","45277228","45277508","KN296864v1","3187581","3187876","31","42089647"
"chr1","45282438","45282579","KN296864v1","3192750","3192881","22","42089688"
"chr1","45344102","45344398","KN296864v1","3255651","3255944","17","42088451"
"chr1","45350001","45350188","KN296864v1","3263835","3264018","14","42086166"
"chr1","45351352","45351670","KN296864v1","3265179","3265496","20","42086173"
"chr1","45352578","45352702","KN294991v1","1939863","1939987","17","43412715"
"chr1","45361444","45361766","KN296864v1","3276226","3276536","32","42085218"
"chr1","45362168","45362478","KN296864v1","3276977","3277287","19","42085191"
"chr1","45399128","45399266","KN295573v1","57237","57363","34","45341891"
"chr1","45412467","45412741","KN295869v1","1111374","1111656","66","44301093"
"chr1","45418166","45418327","KN296365v1","624105","624266","38","44794061"
"chr1","45449929","45450163","KN296864v1","3362402","3362638","12","42087527"
"chr1","45450369","45450497","KN296864v1","3362842","3362970","10","42087527"
"chr1","45460457","45460728","KN294444v1","159848","160111","48","45300609"
"chr1","45460757","45460769","KN294410v1","230128","230140","0","45230629"
"chr1","45494608","45494772","KN294470v1","2587213","2587380","28","42907395"
"chr1","45505553","45505647","KN295940v1","103161","103258","15","45402392"
"chr1","45505959","45505993","KN296096v1","2346962","2346998","7","43158997"
"chr1","45506027","45506203","KN295667v1","1693832","1694011","36","43812195"
"chr1","45515352","45515638","KN296959v1","1045812","1046085","59","44469540"
"chr1","45523141","45523431","KN294933v1","38729","39023","56","45484412"
"chr1","45526452","45526732","KN294193v1","857880","858143","66","44668572"
"chr1","45533034","45533156","KN294467v1","32975","33096","18","45500059"
"chr1","45537575","45537765","KN295038v1","701748","701950","45","44835827"
"chr1","45539665","45539919","KN295533v1","1280176","1280426","76","44259489"
"chr1","45559193","45559512","KN294800v1","58275","58560","76","45500918"
"chr1","45571414","45571569","KN295402v1","504961","505116","44","45066453"
"chr1","45571863","45571997","KN294172v1","1968697","1968833","24","43603166"
"chr1","45573212","45573519","KN296749v1","396480","396788","62","45176732"
"chr1","45612648","45612947","KN297320v1","1234476","1234772","47","44378172"
"chr1","45613736","45614064","KN294991v1","882115","882424","86","44731621"
"chr1","45615667","45615974","KN295984v1","1250712","1251013","67","44364955"
"chr1","45619354","45619661","KN296079v1","1422570","1422872","58","44196784"
"chr1","45629979","45630239","KN294326v1","639945","640227","65","44990034"
"chr1","45630296","45630498","KN295940v1","21656","21852","40","45608640"
"chr1","45631302","45631597","KN297158v1","217699","217992","69","45413603"
"chr1","45643538","45643703","KN296541v1","2259745","2259905","35","43383793"
"chr1","45643969","45644262","KN297327v1","998942","999237","56","44645027"
"chr1","45656087","45656359","KN294874v1","895915","896191","59","44760172"
"chr1","45664740","45664775","KN294650v1","2021717","2021755","9","43643023"
"chr1","45669631","45669874","KN295294v1","1098316","1098559","61","44571315"
"chr1","45696428","45696558","KN294172v1","4332236","4332364","20","41364192"
"chr1","45699313","45699606","KN296404v1","3404152","3404452","56","42295161"
"chr1","45703979","45704285","KN294509v1","1578204","1578505","59","44125775"
"chr1","45707003","45707142","KN294571v1","1728823","1728946","81","43978180"
"chr1","45707397","45707529","KN294634v1","303368","303505","20","45404029"
"chr1","45711305","45711610","KN296635v1","4355215","4355519","59","41356090"
"chr1","45721100","45721395","KN297205v1","205027","205330","64","45516073"
"chr1","45722954","45723071","KN294325v1","462364","462478","22","45260590"
"chr1","45729545","45729844","KN295633v1","1850814","1851111","55","43878731"
"chr1","45734192","45734507","KN296247v1","558050","558361","54","45176142"
"chr1","45755601","45755768","KN295962v1","1829544","1829718","44","43926057"
"chr1","45756373","45756531","KN294167v1","288261","288409","41","45468112"
"chr1","45756567","45756754","KN297133v1","479340","479522","38","45277227"
"chr1","45757293","45757629","KN294685v1","571455","571784","81","45185838"
"chr1","45760999","45761289","KN296649v1","576985","577271","52","45184014"
"chr1","45769655","45769940","KN294208v1","701963","702240","64","45067692"
"chr1","45774837","45775148","KN296062v1","2301353","2301659","67","43473484"
"chr1","45793832","45794108","KN295974v1","3876026","3876303","67","41917806"
"chr1","45794637","45794876","KN295893v1","7022899","7023138","47","38771738"
"chr1","45803427","45803686","KN296096v1","1239349","1239606","70","44564078"
"chr1","45810510","45810793","KN294848v1","912345","912627","58","44898165"
"chr1","45815229","45815529","KN296094v1","196850","197140","70","45618379"
"chr1","45816137","45816447","KN294893v1","445554","445861","60","45370583"
"chr1","45835118","45835390","KN295441v1","1866876","1867165","39","43968242"
"chr1","45868989","45869185","KN295441v1","1839972","1840171","15","44029017"
"chr1","45871642","45871920","KN295441v1","1837272","1837557","24","44034370"
"chr1","45900591","45900896","KN295591v1","745641","745936","58","45154950"
"chr1","45908089","45908214","KN295441v1","1804475","1804592","15","44103614"
"chr1","45912550","45912699","KN295441v1","1800507","1800656","12","44112043"
"chr1","45938224","45938352","KN295350v1","149240","149363","21","45788984"
"chr1","45939729","45940050","KN295441v1","1771653","1771972","25","44168076"
"chr1","45943362","45943662","KN295441v1","1767383","1767651","41","44175979"
"chr1","45958146","45958396","KN295441v1","1750947","1751198","11","44207199"
"chr1","45990444","45990574","KN295441v1","1707990","1708115","12","44282454"
"chr1","46018832","46018967","KN296577v1","284594","284745","49","45734238"
"chr1","46019557","46019716","KN295236v1","656093","656244","36","45363464"
"chr1","46023106","46023229","KN295441v1","1675056","1675178","7","44348050"
"chr1","46038355","46038653","KN295441v1","1658954","1659262","23","44379401"
"chr1","46040586","46040880","KN295225v1","2446744","2447033","65","43593842"
"chr1","46043268","46043576","KN295441v1","1655397","1655707","21","44387871"
"chr1","46045840","46046134","KN295441v1","1652550","1652835","35","44393290"
"chr1","46050607","46050898","KN296964v1","1661833","1662125","66","44388774"
"chr1","46052051","46052388","KN294571v1","292708","293021","73","45759343"
"chr1","46052598","46052858","KN295441v1","1645429","1645675","31","44407169"
"chr1","46059205","46059501","KN295441v1","1638854","1639143","28","44420351"
"chr1","46063181","46063516","KN295449v1","919978","920318","72","45143203"
"chr1","46067521","46067831","KN296503v1","189807","190115","62","45877714"
"chr1","46068249","46068508","KN297117v1","278355","278625","62","45789894"
"chr1","46073900","46074157","KN295441v1","1625456","1625713","23","44448444"
"chr1","46086559","46086856","KN295441v1","1611494","1611789","42","44475065"
"chr1","46094023","46094092","KN296625v1","284407","284487","29","45809616"
"chr1","46094095","46094180","KN295430v1","1179291","1179374","15","44914804"
"chr1","46095946","46096142","KN295090v1","1370610","1370805","50","44725336"
"chr1","46096613","46096941","KN294991v1","890638","890961","67","45205975"
"chr1","46102502","46102555","KN296732v1","2841944","2841995","10","43260558"
"chr1","46106574","46106871","KN296404v1","3404152","3404452","54","42702422"
"chr1","46107287","46107554","KN295441v1","1587626","1587894","27","44519661"
"chr1","46113889","46114179","KN295441v1","1580645","1580952","28","44533244"
"chr1","46134337","46134453","KN295459v1","1077631","1077747","14","45056706"
"chr1","46142172","46142468","KN295441v1","1544346","1544632","24","44597826"
"chr1","46153756","46154059","KN295441v1","1534303","1534608","23","44619453"
"chr1","46162570","46162847","KN295441v1","1525376","1525645","19","44637194"
"chr1","46165882","46165999","KN295943v1","418194","418311","18","45747688"
"chr1","46170819","46170925","KN295441v1","1517257","1517363","9","44653562"
"chr1","46194209","46194235","KN297452v1","3080270","3080294","4","43113939"
"chr1","46194535","46194683","KN295243v1","1408199","1408347","36","44786336"
"chr1","46200380","46200709","KN294218v1","2882421","2882727","73","43317959"
"chr1","46203236","46203352","KN295441v1","1486600","1486716","7","44716636"
"chr1","46213240","46213570","KN295441v1","1481319","1481648","20","44731921"
"chr1","46220171","46220446","KN295441v1","1474134","1474413","15","44746037"
"chr1","46248062","46248171","KN294207v1","28469","28583","32","46219593"
"chr1","46248754","46249051","KN295441v1","1449568","1449864","31","44799186"
"chr1","46250945","46251253","KN294147v1","30187","30495","70","46220758"
"chr1","46251424","46251645","KN294181v1","761330","761548","53","45490094"
"chr1","46253175","46253344","KN296108v1","1603430","1603594","36","44649745"
"chr1","46254575","46254848","KN295441v1","1442579","1442866","39","44811996"
"chr1","46298693","46298838","KN295441v1","1394531","1394693","23","44904162"
"chr1","46299150","46299302","KN295441v1","1394065","1394219","16","44905085"
"chr1","46310475","46310621","KN295441v1","1376518","1376668","13","44933957"
"chr1","46313317","46313578","KN295315v1","1011040","1011297","62","45302277"
"chr1","46314181","46314495","KN295441v1","1372020","1372325","45","44942161"
"chr1","46315083","46315381","KN295441v1","1371149","1371424","48","44943934"
"chr1","46316881","46317009","KN295441v1","1369496","1369619","12","44947385"
"chr1","46319656","46319951","KN295441v1","1366184","1366478","20","44953472"
"chr1","46326067","46326276","KN295441v1","1359811","1360026","30","44966256"
"chr1","46326469","46326750","KN295441v1","1359351","1359628","16","44967118"
"chr1","46336852","46337148","KN295441v1","1348730","1349030","31","44988122"
"chr1","46352247","46352546","KN295441v1","1332097","1332402","24","45020150"
"chr1","46373687","46373969","KN296311v1","7907830","7908116","58","38465857"
"chr1","46380163","46380336","KN294644v1","860976","861146","28","45519187"
"chr1","46385234","46385531","KN294991v1","693040","693334","48","45692194"
"chr1","46389302","46389599","KN297094v1","278575","278875","57","46110727"
"chr1","46393718","46393915","KN294454v1","389835","390024","46","46003883"
"chr1","46394209","46394237","KN294372v1","986379","986410","9","45407830"
"chr1","46394532","46394659","KN295430v1","1120716","1120836","19","45273816"
"chr1","46401613","46401907","KN295441v1","1295051","1295354","34","45106562"
"chr1","46407121","46407418","KN295441v1","1288189","1288471","44","45118932"
"chr1","46431102","46431426","KN295441v1","1253054","1253391","35","45178048"
"chr1","46431929","46432212","KN296311v1","5738947","5739226","70","40692982"
"chr1","46444584","46444900","KN295441v1","1240462","1240790","25","45204122"
"chr1","46447021","46447312","KN295441v1","1236181","1236473","19","45210840"
"chr1","46515399","46515520","KN295441v1","1139395","1139511","11","45376004"
"chr1","46562839","46563008","KN294416v1","354557","354730","38","46208282"
"chr1","46587182","46587407","KN295441v1","1067325","1067540","23","45519857"
"chr1","46589970","46590076","KN295441v1","1064583","1064685","11","45525387"
"chr1","46590381","46590576","KN295441v1","1064081","1064274","18","45526300"
"chr1","46595686","46596011","KN295352v1","1335884","1336186","97","45259802"
"chr1","46636316","46636616","KN297197v1","3972757","3973054","66","42663559"
"chr1","46640481","46640776","KN295441v1","1019001","1019288","23","45621480"
"chr1","46644469","46644741","KN295441v1","1014785","1015079","50","45629684"
"chr1","46645265","46645580","KN295441v1","1013759","1014065","32","45631506"
"chr1","46648282","46648572","KN295441v1","1011023","1011331","32","45637259"
"chr1","46648980","46649261","KN295441v1","1010369","1010673","33","45638611"
"chr1","46651451","46651741","KN295441v1","1007909","1008199","12","45643542"
"chr1","46665759","46666027","KN295441v1","992440","992721","24","45673319"
"chr1","46687992","46688093","KN295441v1","972021","972136","21","45715971"
"chr1","46704095","46704401","KN295441v1","955733","956034","25","45748362"
"chr1","46732186","46732459","KN294650v1","326576","326839","64","46405610"
"chr1","46746203","46746319","KN296062v1","2178521","2178637","19","44567682"
"chr1","46757523","46757654","KN297274v1","649806","649940","27","46107717"
"chr1","46758961","46759255","KN295441v1","897897","898182","27","45861064"
"chr1","46773251","46773540","KN295441v1","881511","881801","38","45891740"
"chr1","46776178","46776467","KN295107v1","911233","911517","58","45864945"
"chr1","46777723","46778024","KN295441v1","876309","876621","31","45901414"
"chr1","46781868","46781998","KN297190v1","4216763","4216886","35","42565105"
"chr1","46782036","46782049","KN295320v1","319243","319255","3","46462793"
"chr1","46787663","46787788","KN295236v1","5497389","5497517","32","41290274"
"chr1","46799867","46800140","KN295441v1","853596","853874","23","45946271"
"chr1","46804471","46804815","KN295441v1","850479","850829","30","45953992"
"chr1","46812311","46812435","KN295441v1","841077","841201","5","45971234"
"chr1","46815130","46815416","KN295441v1","838604","838890","20","45976526"
"chr1","46817978","46818266","KN295936v1","2499504","2499800","58","44318474"
"chr1","46821940","46822095","KN294536v1","447137","447293","33","46374803"
"chr1","46822124","46822245","KN294991v1","1500992","1501105","19","45321132"
"chr1","46825739","46825973","KN295441v1","826745","826981","15","45998994"
"chr1","46843686","46843973","KN295800v1","18099","18392","58","46825587"
"chr1","46868858","46868987","KN295441v1","782877","783006","11","46085981"
"chr1","46874126","46874302","KN294416v1","354557","354730","44","46519569"
"chr1","46878543","46878830","KN295441v1","772865","773162","23","46105678"
"chr1","46893699","46894007","KN295441v1","756982","757285","16","46136717"
"chr1","46901685","46901990","KN295441v1","748503","748800","24","46153182"
"chr1","46912473","46912768","KN295441v1","738119","738407","22","46174354"
"chr1","46926587","46926873","KN295441v1","723581","723873","24","46203006"
"chr1","46933980","46934245","KN295441v1","715892","716156","22","46218088"
"chr1","46949205","46949413","KN295441v1","700676","700877","26","46248529"
"chr1","46949740","46949887","KN295027v1","743547","743701","37","46206193"
"chr1","46950128","46950250","KN296153v1","3545206","3545330","23","43404922"
"chr1","46958088","46958374","KN295405v1","1369069","1369345","65","45589019"
"chr1","46965361","46965518","KN294172v1","5464195","5464357","32","41501166"
"chr1","46965811","46965865","KN294879v1","211784","211845","13","46754027"
"chr1","46975141","46975299","KN295441v1","677020","677174","27","46298121"
"chr1","46975598","46975716","KN295441v1","676647","676761","11","46298951"
"chr1","47010428","47010543","KN295441v1","644864","644976","7","46365564"
"chr1","47027758","47027881","KN295441v1","626067","626191","9","46401691"
"chr1","47103334","47103451","KN294199v1","367664","367782","21","46735670"
"chr1","47107732","47108016","KN295441v1","555883","556155","51","46551849"
"chr1","47161255","47161559","KN296009v1","134828","135122","60","47026427"
"chr1","47212086","47212361","KN295114v1","86412","86678","65","47125674"
"chr1","47225234","47225486","KN295441v1","439669","439928","17","46785565"
"chr1","47239087","47239207","KN295441v1","425919","426037","12","46813168"
"chr1","47288583","47288878","KN295441v1","373219","373514","17","46915364"
"chr1","47294721","47294892","KN295441v1","367168","367353","22","46927553"
"chr1","47302872","47303167","KN296145v1","1496963","1497260","56","45805909"
"chr1","47305904","47306079","KN295441v1","356029","356204","9","46949875"
"chr1","47336059","47336172","KN295441v1","326969","327082","2","47009090"
"chr1","47496605","47496904","KN296682v1","3059099","3059396","70","44437506"
"chr1","47515172","47515282","KN295533v1","933194","933302","26","46581978"
"chr1","47525611","47525907","KN294407v1","960970","961264","62","46564641"
"chr1","47534502","47534790","KN295441v1","44177","44466","20","47490325"
"chr1","47651184","47651424","KN297192v1","284700","284926","58","47366484"
"chr1","47730769","47731077","KN296079v1","1340626","1340932","62","46390143"
"chr1","47910420","47910708","KN295441v1","44177","44466","23","47866243"
"chr1","47917774","47918052","KN297442v1","1544491","1544771","53","46373283"
"chr1","47927205","47927315","KN294199v1","206444","206561","26","47720761"
"chr1","48039963","48040251","KN296119v1","4568889","4569170","60","43471074"
"chr1","48077954","48078143","KN297404v1","97814","98000","37","47980140"
"chr1","48081013","48081324","KN295470v1","143866","144181","62","47937147"
"chr1","48083022","48083325","KN296311v1","3358167","3358474","64","44724855"
"chr1","48085879","48086175","KN296921v1","675951","676247","68","47409928"
"chr1","48088941","48089169","KN297225v1","807508","807718","56","47281433"
"chr1","48109976","48110093","KN296637v1","456074","456191","23","47653902"
"chr1","48114869","48115161","KN295633v1","2101507","2101802","68","46013362"
"chr1","48127123","48127253","KN297133v1","1021455","1021586","19","47105668"
"chr1","48138452","48138729","KN296502v1","1187225","1187506","51","46951227"
"chr1","48141766","48142066","KN296682v1","3059099","3059396","67","45082667"
"chr1","48166686","48166864","KN294416v1","354557","354730","43","47812129"
"chr1","48169504","48169773","KN295814v1","759818","760096","54","47409686"
"chr1","48176889","48177105","KN295345v1","1107625","1107842","45","47069264"
"chr1","48193089","48193368","KN295692v1","1183636","1183901","79","47009453"
"chr1","48226336","48226468","KN297322v1","1235273","1235405","23","46991063"
"chr1","48258668","48258925","KN297452v1","2618908","2619164","59","45639760"
"chr1","48267740","48268009","KN295350v1","1180352","1180616","59","47087388"
"chr1","48275004","48275133","KN295174v1","309726","309858","21","47965278"
"chr1","48292480","48292783","KN294399v1","99813","100114","65","48192667"
"chr1","48330853","48331157","KN296019v1","466074","466382","62","47864779"
"chr1","48592614","48592921","KN295923v1","1997557","1997864","70","46595057"
"chr1","48618417","48618715","KN294399v1","99813","100114","69","48518604"
"chr1","48632544","48632835","KN295308v1","2331353","2331653","51","46301191"
"chr1","48664228","48664510","KN297453v1","242913","243198","51","48421315"
"chr1","48680202","48680502","KN294991v1","693040","693334","75","47987162"
"chr1","48681038","48681336","KN296296v1","89119","89435","62","48591919"
"chr1","48684395","48684697","KN295459v1","127113","127421","66","48557282"
"chr1","48697132","48697417","KN295405v1","198581","198863","60","48498551"
"chr1","48697455","48697485","KN296851v1","83008","83036","6","48614447"
"chr1","48708119","48708402","KN295596v1","563126","563403","63","48144993"
"chr1","48723005","48723323","KN294964v1","1423182","1423489","59","47299823"
"chr1","48812960","48813247","KN296964v1","1073453","1073741","55","47739507"
"chr1","48815752","48816075","KN296322v1","2221545","2221850","71","46594207"
"chr1","48837123","48837421","KN296508v1","1810667","1810964","61","47026456"
"chr1","48862455","48862755","KN296864v1","3187581","3187876","61","45674874"
"chr1","48886829","48887090","KN295236v1","114834","115081","64","48771995"
"chr1","48919136","48919443","KN296406v1","163962","164264","68","48755174"
"chr1","48961166","48961471","KN296404v1","3404152","3404452","68","45557014"
"chr1","49100329","49100460","KN296311v1","1179599","1179728","20","47920730"
"chr1","49197561","49197838","KN294733v1","402552","402838","62","48795009"
"chr1","49220060","49220349","KN296263v1","950807","951100","58","48269253"
"chr1","49252690","49252976","KN296025v1","309439","309727","56","48943251"
"chr1","49373716","49373872","KN296702v1","711438","711581","32","48662278"
"chr1","49374175","49374348","KN296062v1","1222684","1222839","47","48151491"
"chr1","49393100","49393392","KN295365v1","618540","618829","53","48774560"
"chr1","49403962","49404243","KN294570v1","165105","165399","69","49238857"
"chr1","49664801","49664884","KN296266v1","57220","57302","14","49607581"
"chr1","49718795","49719043","KN296153v1","3261961","3262193","60","46456834"
"chr1","49818636","49818860","KN296468v1","34899","35131","60","49783737"
"chr1","49976428","49976733","KN294630v1","691275","691571","73","49285153"
"chr1","49985875","49986176","KN295244v1","42760","43063","62","49943115"
"chr1","49989178","49989424","KN294671v1","193489","193741","56","49795689"
"chr1","50071937","50072200","KN297451v1","51891","52153","65","50020046"
"chr1","50553302","50553597","KN296303v1","241053","241350","61","50312249"
"chr1","50569563","50569860","KN295236v1","1832188","1832474","70","48737375"
"chr1","50633975","50634260","KN296518v1","337276","337569","61","50296699"
"chr1","50675621","50675631","KN295361v1","750615","750628","5","49925006"
"chr1","50676056","50676179","KN296062v1","2408745","2408870","30","48267311"
"chr1","50701753","50702029","KN294304v1","28243","28516","59","50673510"
"chr1","50709364","50709658","KN294219v1","76036","76329","21","50633328"
"chr1","50726188","50726484","KN294219v1","58323","58617","20","50667865"
"chr1","50800387","50800678","KN294777v1","27034","27328","24","50773353"
"chr1","50830102","50830358","KN294777v1","54266","54521","17","50775836"
"chr1","50832398","50832475","KN294777v1","56557","56631","13","50775841"
"chr1","50911861","50911978","KN294777v1","135742","135865","15","50776119"
"chr1","50918126","50918416","KN294777v1","145841","146138","23","50772285"
"chr1","50998250","50998491","KN294777v1","225823","226056","18","50772427"
"chr1","51013000","51013304","KN294777v1","245797","246104","38","50767203"
"chr1","51157677","51157991","KN294777v1","396015","396322","33","50761662"
"chr1","51184626","51184922","KN294777v1","422870","423128","53","50761756"
"chr1","51249732","51250047","KN294777v1","487153","487476","22","50762579"
"chr1","51250253","51250572","KN294777v1","487682","488000","19","50762571"
"chr1","51254365","51254635","KN294260v1","1546067","1546350","71","49708298"
"chr1","51256238","51256507","KN294777v1","491542","491814","20","50764696"
"chr1","51273245","51273370","KN294777v1","509477","509601","12","50763768"
"chr1","51279675","51279985","KN294777v1","515763","516075","21","50763912"
"chr1","51310111","51310277","KN296825v1","1485902","1486067","40","49824209"
"chr1","51335039","51335088","KN294777v1","572755","572805","3","50762284"
"chr1","51356136","51356418","KN295117v1","315760","316034","60","51040376"
"chr1","51413229","51413516","KN294777v1","651844","652137","18","50761385"
"chr1","51418799","51419006","KN294777v1","657442","657648","16","50761357"
"chr1","51428973","51429211","KN297197v1","1590691","1590924","61","49838282"
"chr1","51464072","51464194","KN294777v1","701216","701338","7","50762856"
"chr1","51488163","51488475","KN294630v1","516314","516631","67","50971849"
"chr1","51522862","51523156","KN295161v1","307562","307846","66","51215300"
"chr1","51534607","51534909","KN294777v1","763319","763621","19","50771288"
"chr1","51581883","51582083","KN295601v1","2423731","2423912","48","49158152"
"chr1","51619592","51619888","KN295343v1","329489","329788","69","51290103"
"chr1","51669635","51669934","KN294421v1","82510","82801","66","51587125"
"chr1","51684342","51684461","KN295449v1","228975","229097","25","51455367"
"chr1","51693736","51694010","KN294571v1","1774677","1774953","75","49919059"
"chr1","51697736","51697876","KN296403v1","182747","182877","27","51514989"
"chr1","51698187","51698358","KN296883v1","2780707","2780888","43","48917480"
"chr1","51765349","51765677","KN295995v1","1607251","1607558","75","50158098"
"chr1","51769975","51770269","KN294630v1","711184","711477","53","51058791"
"chr1","51786394","51786699","KN294630v1","208219","208530","66","51578175"
"chr1","51788481","51788747","KN296322v1","608698","608963","69","51179783"
"chr1","51792462","51792771","KN295923v1","1997557","1997864","55","49794905"
"chr1","51798039","51798133","KN297044v1","1034000","1034087","18","50764039"
"chr1","51799179","51799303","KN295744v1","449867","449990","19","51349312"
"chr1","51822380","51822558","KN296577v1","22027","22222","24","51800353"
"chr1","51830396","51830689","KN296577v1","29754","30050","24","51800642"
"chr1","51845556","51845840","KN296577v1","49566","49862","33","51795990"
"chr1","51848845","51849055","KN297259v1","1780876","1781077","54","50067969"
"chr1","51853772","51853952","KN296577v1","58447","58607","31","51795325"
"chr1","51854233","51854370","KN296577v1","58934","59071","7","51795299"
"chr1","51887589","51887741","KN296577v1","94290","94455","19","51793299"
"chr1","51895383","51895666","KN295814v1","1102555","1102837","54","50792828"
"chr1","51898003","51898124","KN296577v1","106226","106347","9","51791777"
"chr1","51900060","51900155","KN294224v1","526055","526155","13","51374005"
"chr1","51919392","51919680","KN296577v1","128367","128629","48","51791025"
"chr1","51922359","51922654","KN296577v1","130643","130934","25","51791716"
"chr1","51923399","51923654","KN296577v1","131718","131982","31","51791681"
"chr1","51933537","51933838","KN296577v1","141542","141843","33","51791995"
"chr1","51942528","51942788","KN295814v1","86731","86992","60","51855797"
"chr1","51946720","51946985","KN296577v1","152455","152738","40","51794265"
"chr1","51950511","51950629","KN295315v1","1181192","1181314","19","50769319"
"chr1","51957333","51957453","KN296577v1","162038","162159","6","51795295"
"chr1","51957463","51957750","KN296538v1","989276","989568","52","50968187"
"chr1","51961421","51961710","KN296577v1","166500","166804","35","51794921"
"chr1","51974806","51975084","KN296577v1","183373","183622","40","51791433"
"chr1","51983354","51983520","KN296852v1","1331857","1332029","50","50651497"
"chr1","51989033","51989233","KN294571v1","700225","700427","37","51288808"
"chr1","51990965","51991342","KN296577v1","199960","200329","60","51791005"
"chr1","51996793","51997081","KN296096v1","3508595","3508884","64","48488198"
"chr1","52005149","52005273","KN296178v1","212049","212171","46","51793100"
"chr1","52005508","52005580","KN296063v1","990675","990742","25","51014833"
"chr1","52010253","52010475","KN296577v1","215690","215914","14","51794563"
"chr1","52019541","52019837","KN296577v1","225260","225534","37","51794281"
"chr1","52035114","52035417","KN296577v1","240328","240629","35","51794786"
"chr1","52079867","52080018","KN296577v1","284594","284745","11","51795273"
"chr1","52091047","52091345","KN296577v1","296034","296331","19","51795013"
"chr1","52137638","52137931","KN295243v1","930339","930624","70","51207299"
"chr1","52139656","52139955","KN296577v1","328349","328653","17","51811307"
"chr1","52145926","52146009","KN296577v1","339633","339716","1","51806293"
"chr1","52171636","52171889","KN296783v1","411224","411477","59","51760412"
"chr1","52186335","52186645","KN295923v1","249850","250161","67","51936485"
"chr1","52210230","52210517","KN296577v1","412828","413127","31","51797402"
"chr1","52224107","52224403","KN296577v1","426453","426745","24","51797654"
"chr1","52257244","52257455","KN296577v1","461083","461309","33","51796161"
"chr1","52269329","52269615","KN296577v1","474599","474885","19","51794730"
"chr1","52277747","52278067","KN296577v1","481771","482091","21","51795976"
"chr1","52279025","52279289","KN296577v1","483029","483307","33","51795996"
"chr1","52286491","52286740","KN296577v1","491577","491826","21","51794914"
"chr1","52295071","52295226","KN296577v1","500644","500818","26","51794427"
"chr1","52312666","52312966","KN296577v1","519690","519990","13","51792976"
"chr1","52317769","52318076","KN296577v1","525130","525437","26","51792639"
"chr1","52329651","52329921","KN296577v1","537978","538256","38","51791673"
"chr1","52331663","52331869","KN297452v1","1086895","1087097","57","51244768"
"chr1","52357079","52357371","KN296577v1","558166","558488","65","51798913"
"chr1","52361993","52362303","KN296577v1","563284","563594","22","51798709"
"chr1","52374684","52374980","KN294470v1","381512","381814","62","51993172"
"chr1","52384279","52384414","KN296577v1","587168","587304","7","51797111"
"chr1","52386074","52386172","KN295313v1","19888","19985","23","52366186"
"chr1","52404222","52404516","KN296577v1","607676","607980","40","51796546"
"chr1","52405355","52405665","KN296577v1","608817","609116","30","51796538"
"chr1","52425466","52425768","KN295236v1","4171616","4171917","60","48253850"
"chr1","52431565","52431857","KN295439v1","245725","246008","64","52185840"
"chr1","52435913","52436206","KN296577v1","635733","636020","19","51800180"
"chr1","52439689","52439982","KN296577v1","639633","639898","49","51800056"
"chr1","52444585","52444893","KN296577v1","644645","644944","41","51799940"
"chr1","52468297","52468410","KN295820v1","669950","670064","20","51798347"
"chr1","52469795","52469949","KN295735v1","515964","516107","34","51953831"
"chr1","52477398","52477725","KN296577v1","675417","675723","44","51801981"
"chr1","52488678","52488999","KN296577v1","686886","687171","57","51801792"
"chr1","52495540","52495834","KN296577v1","694404","694693","33","51801136"
"chr1","52501030","52501307","KN296122v1","157752","158017","59","52343278"
"chr1","52510814","52511117","KN296577v1","709904","710211","31","51800910"
"chr1","52524306","52524603","KN296577v1","724003","724305","27","51800303"
"chr1","52529578","52529889","KN296577v1","729637","729923","40","51799941"
"chr1","52542264","52542542","KN296577v1","742429","742710","23","51799835"
"chr1","52543904","52544214","KN296577v1","744318","744619","25","51799586"
"chr1","52546099","52546401","KN296577v1","746560","746860","17","51799539"
"chr1","52546989","52547233","KN296577v1","747438","747679","26","51799551"
"chr1","52553152","52553434","KN296577v1","753602","753884","11","51799550"
"chr1","52570521","52570635","KN295594v1","18217","18333","18","52552304"
"chr1","52574392","52574604","KN296577v1","777367","777577","21","51797025"
"chr1","52578845","52579118","KN296577v1","782168","782435","26","51796677"
"chr1","52579277","52579578","KN296577v1","782603","782876","41","51796674"
"chr1","52605259","52605550","KN296577v1","805641","805950","50","51799618"
"chr1","52609533","52609825","KN296577v1","820408","820715","39","51789125"
"chr1","52614068","52614231","KN294161v1","948041","948200","41","51666027"
"chr1","52616024","52616324","KN294592v1","290236","290528","71","52325788"
"chr1","52631711","52632003","KN296577v1","834790","835082","18","51796921"
"chr1","52664695","52664959","KN295257v1","954054","954328","58","51710641"
"chr1","52670546","52670634","KN296577v1","874611","874699","4","51795935"
"chr1","52686418","52686692","KN296577v1","890765","891054","30","51795653"
"chr1","52698378","52698659","KN296577v1","902721","902995","26","51795657"
"chr1","52723018","52723240","KN295090v1","2015737","2015951","40","50707281"
"chr1","52726992","52727287","KN296577v1","931863","932165","21","51795129"
"chr1","52748737","52749026","KN296406v1","283606","283899","66","52465131"
"chr1","52757550","52757743","KN296577v1","969017","969206","37","51788533"
"chr1","52759605","52759885","KN296577v1","971216","971498","22","51788389"
"chr1","52903050","52903361","KN296577v1","1005250","1005547","34","51897800"
"chr1","52931451","52931731","KN297427v1","111568","111850","17","52819883"
"chr1","52932628","52932930","KN295301v1","241846","242147","73","52690782"
"chr1","52938749","52939055","KN297427v1","103613","103914","25","52835136"
"chr1","52950643","52950901","KN297212v1","6173","6400","69","52944470"
"chr1","52958179","52958493","KN296588v1","977314","977623","56","51980865"
"chr1","52960623","52960749","KN295988v1","43746","43870","18","52916877"
"chr1","52982489","52982799","KN294407v1","94484","94794","22","52888005"
"chr1","52989320","52989399","KN295361v1","921627","921706","11","52067693"
"chr1","53025623","53025916","KN294407v1","137590","137893","31","52888033"
"chr1","53041068","53041325","KN294470v1","2946140","2946406","69","50094928"
"chr1","53085404","53085674","KN294536v1","1039128","1039393","62","52046276"
"chr1","53086214","53086494","KN296378v1","1150544","1150829","67","51935670"
"chr1","53107952","53108246","KN295361v1","395715","396005","57","52712237"
"chr1","53112017","53112306","KN294407v1","214808","215094","24","52897209"
"chr1","53144325","53144577","KN294407v1","251358","251614","22","52892967"
"chr1","53170669","53170956","KN294407v1","275798","276092","31","52894871"
"chr1","53181924","53182062","KN296138v1","480524","480666","29","52701400"
"chr1","53182376","53182574","KN296021v1","56752","56916","67","53125624"
"chr1","53182608","53182623","KN296682v1","693365","693378","3","52489243"
"chr1","53363010","53363302","KN294407v1","460144","460440","31","52902866"
"chr1","53398354","53398580","KN294407v1","494882","495110","9","52903472"
"chr1","53414073","53414369","KN294407v1","510534","510838","22","52903539"
"chr1","53416255","53416569","KN296404v1","3404152","3404452","69","50012103"
"chr1","53426702","53426828","KN294407v1","523680","523805","5","52903022"
"chr1","53427122","53427313","KN294407v1","524093","524257","40","52903029"
"chr1","53428741","53428810","KN295814v1","937758","937825","20","52490983"
"chr1","53429679","53429972","KN294407v1","526810","527098","24","52902869"
"chr1","53443302","53443604","KN294407v1","540941","541244","21","52902361"
"chr1","53444735","53445050","KN294407v1","542368","542683","16","52902367"
"chr1","53445465","53445753","KN294407v1","543098","543392","21","52902367"
"chr1","53457293","53457593","KN297320v1","1234476","1234772","54","52222817"
"chr1","53466742","53467022","KN294407v1","567999","568285","24","52898743"
"chr1","53474705","53474935","KN294467v1","187943","188158","54","53286762"
"chr1","53495902","53496117","KN294233v1","842159","842379","58","52653743"
"chr1","53510230","53510346","KN295936v1","1004147","1004263","19","52506083"
"chr1","53514102","53514383","KN294407v1","618556","618836","52","52895546"
"chr1","53521678","53521886","KN295205v1","1096726","1096917","67","52424952"
"chr1","53527309","53527567","KN294407v1","634302","634573","31","52893007"
"chr1","53542033","53542314","KN294407v1","649896","650180","32","52892137"
"chr1","53556356","53556656","KN294407v1","664620","664920","23","52891736"
"chr1","53559088","53559381","KN294407v1","669078","669365","21","52890010"
"chr1","53587485","53587784","KN294407v1","701608","701894","36","52885877"
"chr1","53591676","53591983","KN294407v1","705835","706146","29","52885841"
"chr1","53595625","53595913","KN294407v1","709694","709979","21","52885931"
"chr1","53597751","53598070","KN294407v1","712422","712708","56","52885329"
"chr1","53600816","53601094","KN295607v1","4294863","4295138","65","49305953"
"chr1","53610989","53611185","KN294407v1","724801","725042","56","52886188"
"chr1","53623996","53624270","KN294407v1","738535","738790","41","52885461"
"chr1","53636966","53637171","KN294407v1","753157","753382","32","52883809"
"chr1","53648910","53649098","KN294407v1","766597","766771","27","52882313"
"chr1","53663614","53663906","KN294407v1","781491","781790","34","52882123"
"chr1","53664099","53664389","KN294407v1","781982","782278","27","52882117"
"chr1","53665911","53666195","KN296485v1","480318","480611","42","53185593"
"chr1","53674948","53675072","KN294407v1","791488","791612","8","52883460"
"chr1","53677895","53678009","KN294407v1","795374","795491","6","52882521"
"chr1","53681180","53681299","KN294407v1","798431","798570","26","52882749"
"chr1","53691797","53691913","KN294407v1","810526","810642","10","52881271"
"chr1","53693584","53693809","KN295601v1","1111950","1112185","55","52581634"
"chr1","53709217","53709291","KN294407v1","837169","837241","5","52872048"
"chr1","53731397","53731554","KN294407v1","859432","859583","16","52871965"
"chr1","53731853","53731931","KN296096v1","1373952","1374029","19","52357901"
"chr1","53732237","53732343","KN294613v1","364447","364551","26","53367790"
"chr1","53743483","53743764","KN294407v1","872111","872396","29","52871372"
"chr1","53757738","53757971","KN294407v1","887708","887968","42","52870030"
"chr1","53758811","53758977","KN297165v1","2082013","2082180","43","51676798"
"chr1","53772377","53772500","KN295236v1","1631207","1631327","19","52141170"
"chr1","53793800","53793930","KN294961v1","52673","52803","24","53741127"
"chr1","53794919","53795205","KN294407v1","939460","939762","31","52855459"
"chr1","53809438","53809732","KN294407v1","960970","961264","17","52848468"
"chr1","53822381","53822471","KN294407v1","975784","975874","3","52846597"
"chr1","53852004","53852312","KN294407v1","1000948","1001289","43","52851056"
"chr1","53870790","53871011","KN294407v1","1016376","1016597","14","52854414"
"chr1","53885598","53885793","KN294407v1","1030132","1030336","20","52855466"
"chr1","53886100","53886144","KN294407v1","1030642","1030686","2","52855458"
"chr1","53911729","53912023","KN294407v1","1056408","1056688","34","52855321"
"chr1","53938329","53938619","KN294407v1","1083163","1083463","29","52855166"
"chr1","53999397","53999618","KN294407v1","1140750","1140969","32","52858647"
"chr1","54025244","54025540","KN294407v1","1165348","1165644","20","52859896"
"chr1","54026655","54026944","KN296682v1","3205908","3206201","56","50820747"
"chr1","54030909","54031092","KN294407v1","1168081","1168267","14","52862828"
"chr1","54035276","54035576","KN294407v1","1173850","1174150","32","52861426"
"chr1","54044649","54044913","KN294407v1","1186687","1186947","35","52857962"
"chr1","54081962","54082253","KN294407v1","1224715","1225016","31","52857247"
"chr1","54124690","54124999","KN294407v1","1268924","1269261","44","52855766"
"chr1","54131539","54131846","KN294407v1","1276113","1276415","29","52855426"
"chr1","54139618","54139913","KN294407v1","1284282","1284581","24","52855336"
"chr1","54183915","54184191","KN294407v1","1328397","1328679","21","52855518"
"chr1","54225921","54226175","KN297094v1","80586","80851","63","54145335"
"chr1","54237780","54238101","KN296977v1","17776","18085","71","54220004"
"chr1","54307360","54307461","KN294407v1","1443374","1443479","7","52863986"
"chr1","54316322","54316613","KN295365v1","618540","618829","52","53697782"
"chr1","54350927","54351039","KN294407v1","1487913","1488016","16","52863014"
"chr1","54393238","54393529","KN294407v1","1530498","1530797","27","52862740"
"chr1","54441716","54442021","KN294407v1","1579456","1579771","36","52862260"
"chr1","54460694","54460852","KN294407v1","1598316","1598470","8","52862378"
"chr1","54466817","54467073","KN294407v1","1604406","1604661","12","52862411"
"chr1","54483380","54483689","KN294407v1","1622524","1622830","16","52860856"
"chr1","54524261","54524555","KN294407v1","1666871","1667172","24","52857390"
"chr1","54563737","54563863","KN295159v1","72714","72837","18","54491023"
"chr1","54575984","54576288","KN296371v1","31121","31430","54","54544863"
"chr1","54585776","54585821","KN295601v1","3280350","3280392","12","51305426"
"chr1","54596802","54597109","KN294407v1","1741016","1741302","38","52855786"
"chr1","54614606","54614921","KN294407v1","1759317","1759626","17","52855289"
"chr1","54616140","54616453","KN294407v1","1760883","1761180","30","52855257"
"chr1","54621381","54621695","KN294407v1","1766729","1767042","27","52854652"
"chr1","54646520","54646835","KN294407v1","1792180","1792490","19","52854340"
"chr1","54648955","54649244","KN294407v1","1794884","1795186","27","52854071"
"chr1","54652769","54653077","KN294407v1","1798910","1799202","41","52853859"
"chr1","54658445","54658730","KN294407v1","1803877","1804162","15","52854568"
"chr1","54659834","54660052","KN294407v1","1805277","1805495","8","52854557"
"chr1","54664758","54665050","KN294407v1","1810530","1810817","22","52854228"
"chr1","54665755","54666048","KN294407v1","1811522","1811807","26","52854233"
"chr1","54680161","54680323","KN294407v1","1826190","1826352","10","52853971"
"chr1","54719861","54720171","KN296732v1","3749139","3749436","75","50970722"
"chr1","54738471","54738699","KN296090v1","3910","4139","45","54734561"
"chr1","54743460","54743756","KN294407v1","1887405","1887701","16","52856055"
"chr1","54746047","54746312","KN294526v1","519864","520127","62","54226183"
"chr1","54747333","54747624","KN294407v1","1891279","1891567","24","52856054"
"chr1","54766132","54766442","KN294407v1","1911224","1911508","40","52854908"
"chr1","54768235","54768450","KN295257v1","970734","970962","54","53797501"
"chr1","54788390","54788696","KN296017v1","366720","367014","63","54421670"
"chr1","54790589","54790697","KN294407v1","1937256","1937360","13","52853333"
"chr1","54795035","54795340","KN294407v1","1941987","1942284","29","52853048"
"chr1","54809152","54809358","KN295294v1","3274147","3274349","43","51535005"
"chr1","54809409","54809456","KN294407v1","1955443","1955490","2","52853966"
"chr1","54809746","54809843","KN294407v1","1955775","1955875","6","52853971"
"chr1","54841637","54841930","KN294407v1","1992089","1992389","22","52849548"
"chr1","54841943","54842225","KN294407v1","1992402","1992692","23","52849541"
"chr1","54844744","54845030","KN294407v1","1995575","1995860","18","52849169"
"chr1","54850862","54851149","KN294181v1","958804","959084","58","53892058"
"chr1","54873617","54873915","KN294407v1","2000637","2000920","34","52872980"
"chr1","54897506","54897565","KN296139v1","151256","151311","14","54746250"
"chr1","54897816","54897946","KN294407v1","2025308","2025439","6","52872508"
"chr1","54900200","54900512","KN294407v1","2027591","2027900","23","52872609"
"chr1","54914699","54915009","KN294407v1","2044122","2044441","24","52870577"
"chr1","54932496","54932776","KN294407v1","2062403","2062693","29","52870093"
"chr1","54948295","54948600","KN295523v1","1754861","1755163","64","53193434"
"chr1","54952786","54953086","KN294407v1","2083640","2083954","32","52869146"
"chr1","54962188","54962484","KN294407v1","2094084","2094403","35","52868104"
"chr1","55018457","55018583","KN294407v1","2149282","2149408","6","52869175"
"chr1","55064710","55064842","KN294251v1","1488730","1488859","18","53575980"
"chr1","55066364","55066672","KN294407v1","2196717","2197032","19","52869647"
"chr1","55068102","55068371","KN295744v1","187097","187357","60","54881005"
"chr1","55101752","55102086","KN294407v1","2236032","2236317","63","52865720"
"chr1","55138372","55138667","KN294407v1","2273553","2273840","24","52864819"
"chr1","55152279","55152538","KN294407v1","2286972","2287229","19","52865307"
"chr1","55183354","55183644","KN294407v1","2319209","2319514","36","52864145"
"chr1","55201086","55201371","KN294407v1","2336673","2336943","31","52864413"
"chr1","55214031","55214295","KN294208v1","274612","274869","51","54939419"
"chr1","55227832","55228131","KN294800v1","58275","58560","56","55169557"
"chr1","55247809","55248070","KN294407v1","2384485","2384758","24","52863324"
"chr1","55256884","55257190","KN295936v1","2541634","2541930","57","52715250"
"chr1","55260806","55260937","KN294407v1","2396861","2396991","6","52863945"
"chr1","55287436","55287554","KN294991v1","1500992","1501105","17","53786444"
"chr1","55304706","55304837","KN294407v1","2445687","2445818","8","52859019"
"chr1","55307359","55307649","KN294407v1","2450526","2450794","53","52856833"
"chr1","55318393","55318523","KN295996v1","56372","56504","31","55262021"
"chr1","55347585","55347722","KN295987v1","1180799","1180942","31","54166786"
"chr1","55347959","55348106","KN296959v1","1318709","1318854","31","54029250"
"chr1","55348196","55348464","KN294407v1","2488182","2488465","28","52860014"
"chr1","55357535","55357665","KN294407v1","2498149","2498284","16","52859386"
"chr1","55388335","55388631","KN294407v1","2525478","2525776","28","52862857"
"chr1","55394036","55394308","KN294407v1","2532261","2532536","21","52861775"
"chr1","55418073","55418366","KN294407v1","2556255","2556568","36","52861818"
"chr1","55424795","55425003","KN294407v1","2563572","2563775","24","52861223"
"chr1","55451363","55451697","KN294407v1","2589229","2589553","55","52862134"
"chr1","55455173","55455487","KN294407v1","2593650","2593947","39","52861523"
"chr1","55491524","55491814","KN295038v1","1531301","1531595","62","53960223"
"chr1","55499932","55499999","KN294917v1","1204415","1204484","13","54295517"
"chr1","55501167","55501393","KN294239v1","2013237","2013460","58","53487930"
"chr1","55512721","55513014","KN294407v1","2644739","2645031","23","52867982"
"chr1","55517430","55517745","KN294407v1","2649258","2649565","32","52868172"
"chr1","55520305","55520436","KN294407v1","2654054","2654180","14","52866251"
"chr1","55527407","55527709","KN294407v1","2659136","2659438","26","52868271"
"chr1","55541634","55541853","KN294407v1","2671849","2672082","28","52869785"
"chr1","55555371","55555648","KN294407v1","618556","618836","61","54936815"
"chr1","55573701","55573972","KN294407v1","2702582","2702884","46","52871119"
"chr1","55577715","55577848","KN294453v1","380724","380855","18","55196991"
"chr1","55585466","55585756","KN294630v1","741362","741665","65","54844104"
"chr1","55592330","55592492","KN294407v1","2723241","2723403","7","52869089"
"chr1","55593135","55593264","KN295708v1","283463","283595","20","55309672"
"chr1","55611610","55611724","KN295350v1","473477","473593","16","55138133"
"chr1","55618572","55618853","KN295967v1","324349","324620","64","55294223"
"chr1","55648406","55648719","KN294407v1","2779092","2779392","28","52869314"
"chr1","55654806","55655104","KN294407v1","2785567","2785875","54","52869239"
"chr1","55684174","55684456","KN296682v1","3974867","3975149","63","51709307"
"chr1","55697874","55698162","KN296062v1","2156497","2156787","57","53541377"
"chr1","55704866","55705164","KN294407v1","2833602","2833901","23","52871264"
"chr1","55709749","55710045","KN294407v1","2838501","2838808","36","52871248"
"chr1","55713851","55714080","KN294407v1","2842573","2842790","25","52871278"
"chr1","55734663","55734809","KN296096v1","1372291","1372426","23","54362372"
"chr1","55735105","55735282","KN295294v1","3016561","3016742","33","52718544"
"chr1","55742549","55742626","KN294385v1","304585","304664","17","55437964"
"chr1","55754218","55754536","KN295596v1","652970","653284","72","55101248"
"chr1","55774953","55775244","KN294407v1","2892803","2893103","37","52882150"
"chr1","55863120","55863386","KN294407v1","2971891","2972161","23","52891229"
"chr1","55874156","55874393","KN295057v1","744385","744620","50","55129771"
"chr1","55936892","55937156","KN294777v1","491542","491814","62","55445350"
"chr1","55947226","55947530","KN294407v1","3049519","3049845","52","52897707"
"chr1","55999561","55999860","KN294747v1","836910","837206","62","55162651"
"chr1","56006002","56006118","KN295045v1","526689","526806","14","55479313"
"chr1","56091653","56091929","KN294407v1","3191874","3192158","32","52899779"
"chr1","56108669","56108991","KN294407v1","3210532","3210850","32","52898137"
"chr1","56117039","56117323","KN294407v1","3220439","3220714","28","52896600"
"chr1","56141613","56141884","KN294407v1","3247557","3247849","45","52894056"
"chr1","56153081","56153168","KN294193v1","102539","102625","19","56050542"
"chr1","56155906","56156179","KN294407v1","3261413","3261668","39","52894493"
"chr1","56164171","56164461","KN294407v1","3269650","3269942","21","52894521"
"chr1","56218336","56218622","KN294407v1","3324423","3324710","18","52893913"
"chr1","56391236","56391445","KN294407v1","3498318","3498527","19","52892918"
"chr1","56481651","56481977","KN295236v1","4425718","4426023","84","52055933"
"chr1","56524072","56524358","KN294407v1","3628984","3629268","31","52895088"
"chr1","56613492","56613785","KN296145v1","1496963","1497260","57","55116529"
"chr1","56794042","56794338","KN295893v1","7115857","7116150","63","49678185"
"chr1","56881667","56881789","KN295974v1","209181","209303","4","56672486"
"chr1","56933408","56933704","KN295974v1","262715","263016","23","56670693"
"chr1","57027295","57027584","KN295974v1","360567","360852","22","56666728"
"chr1","57128905","57129196","KN295974v1","456692","456970","27","56672213"
"chr1","57240569","57240701","KN295974v1","571035","571172","16","56669534"
"chr1","57259585","57259868","KN295974v1","587312","587583","29","56672273"
"chr1","57282485","57282782","KN297452v1","745277","745578","51","56537208"
"chr1","57327843","57327962","KN296378v1","1012200","1012322","27","56315643"
"chr1","57331787","57332067","KN295974v1","658723","659028","38","56673064"
"chr1","57411631","57411936","KN295974v1","746677","746968","26","56664954"
"chr1","57415021","57415302","KN295974v1","750351","750634","23","56664670"
"chr1","57424976","57425230","KN295974v1","760597","760878","47","56664379"
"chr1","57614007","57614302","KN295974v1","948684","948984","25","56665323"
"chr1","57629972","57630224","KN295974v1","962556","962803","23","56667416"
"chr1","57657524","57657818","KN295974v1","991514","991809","21","56666010"
"chr1","57934790","57935098","KN295974v1","1290087","1290382","36","56644703"
"chr1","57969465","57969746","KN294987v1","1103574","1103840","69","56865891"
"chr1","58010736","58011046","KN295974v1","1377280","1377593","39","56633456"
"chr1","58047682","58047962","KN296187v1","1240968","1241249","50","56806714"
"chr1","58165086","58165377","KN295974v1","1531883","1532185","35","56633203"
"chr1","58424068","58424350","KN295637v1","617137","617421","69","57806931"
"chr1","58444499","58444791","KN296096v1","3508595","3508884","58","54935904"
"chr1","58538749","58539063","KN295974v1","1911801","1912115","38","56626948"
"chr1","58567587","58567880","KN296119v1","3026168","3026454","58","55541419"
"chr1","58612958","58613245","KN295974v1","1988349","1988613","34","56624609"
"chr1","58639683","58639987","KN295974v1","2015588","2015900","30","56624095"
"chr1","58691325","58691634","KN295974v1","2072549","2072859","27","56618776"
"chr1","58722981","58723110","KN296955v1","156733","156865","21","58566248"
"chr1","58756681","58756971","KN295974v1","2137153","2137452","52","56619528"
"chr1","58763554","58763816","KN295974v1","2144445","2144723","31","56619109"
"chr1","58832404","58832720","KN295974v1","2211993","2212295","34","56620411"
"chr1","58884252","58884572","KN294984v1","102273","102564","92","58781979"
"chr1","58893781","58894002","KN296743v1","465689","465903","52","58428092"
"chr1","58937088","58937379","KN295974v1","2316856","2317144","8","56620232"
"chr1","58954390","58954702","KN295923v1","1997557","1997864","77","56956833"
"chr1","58964027","58964346","KN295974v1","2344649","2344940","44","56619378"
"chr1","59076768","59077063","KN295974v1","2456984","2457267","49","56619784"
"chr1","59163860","59164192","KN295974v1","2549591","2549904","40","56614269"
"chr1","59170754","59171064","KN295974v1","2556644","2556974","42","56614110"
"chr1","59212546","59212795","KN295974v1","2604830","2605093","39","56607716"
"chr1","59333079","59333378","KN295974v1","2739814","2740124","37","56593265"
"chr1","59397469","59397571","KN295974v1","2805976","2806072","9","56591493"
"chr1","59467015","59467199","KN295974v1","2867727","2867921","23","56599288"
"chr1","59577164","59577489","KN295974v1","2993927","2994253","17","56583237"
"chr1","59614490","59614773","KN295974v1","3032240","3032515","26","56582250"
"chr1","59646240","59646509","KN295974v1","3063548","3063828","32","56582692"
"chr1","59652681","59652897","KN295974v1","3068927","3069131","21","56583754"
"chr1","59714692","59714770","KN296430v1","337676","337753","17","59377016"
"chr1","59714771","59714893","KN295722v1","2720205","2720326","28","56994566"
"chr1","59714898","59714916","KN295967v1","269542","269558","8","59445356"
"chr1","59715341","59715517","KN294630v1","456616","456795","37","59258725"
"chr1","59803597","59803773","KN295974v1","3214612","3214788","9","56588985"
"chr1","59803804","59803923","KN295974v1","3214823","3214942","5","56588981"
"chr1","59876634","59876955","KN295974v1","3290519","3290844","31","56586115"
"chr1","59904403","59904529","KN295592v1","1958246","1958370","25","57946157"
"chr1","59917441","59917725","KN295974v1","3332100","3332391","23","56585341"
"chr1","59990099","59990405","KN295974v1","3408372","3408666","28","56581727"
"chr1","59994263","59994552","KN295974v1","3412840","3413124","23","56581423"
"chr1","60013392","60013706","KN295974v1","3431982","3432293","48","56581410"
"chr1","60200949","60201249","KN295974v1","3624269","3624586","56","56576680"
"chr1","60209951","60210199","KN295974v1","3633204","3633452","15","56576747"
"chr1","60419234","60419528","KN295974v1","3840663","3840961","30","56578571"
"chr1","60459272","60459553","KN295974v1","3876026","3876303","41","56583246"
"chr1","60550813","60551055","KN295974v1","3961765","3962029","34","56589048"
"chr1","60611923","60612237","KN294848v1","332486","332787","68","60279437"
"chr1","60697079","60697357","KN295974v1","4109140","4109418","26","56587939"
"chr1","60770453","60770742","KN295974v1","4183552","4183830","31","56586901"
"chr1","60821370","60821542","KN295974v1","4237762","4237947","27","56583608"
"chr1","60879441","60879723","KN296635v1","50661","50943","24","60828780"
"chr1","60955262","60955576","KN296635v1","125250","125553","40","60830012"
"chr1","61008096","61008365","KN296635v1","184617","184886","26","60823479"
"chr1","61023277","61023570","KN296635v1","199908","200203","23","60823369"
"chr1","61094132","61094375","KN296635v1","269611","269865","36","60824521"
"chr1","61269773","61270061","KN296635v1","441002","441291","15","60828771"
"chr1","61599959","61600260","KN296406v1","163962","164264","61","61435997"
"chr1","61707226","61707422","KN296635v1","743581","743771","18","60963645"
"chr1","61707791","61707904","KN296635v1","744141","744254","12","60963650"
"chr1","61830160","61830290","KN296635v1","858738","858870","9","60971422"
"chr1","61862684","61863011","KN297186v1","1246642","1246975","78","60616042"
"chr1","61933454","61933691","KN296635v1","961800","962050","21","60971654"
"chr1","61987527","61987808","KN296635v1","1016422","1016705","25","60971105"
"chr1","62105393","62105691","KN296635v1","1140233","1140536","28","60965160"
"chr1","62136422","62136631","KN296635v1","1170788","1170989","15","60965634"
"chr1","62172492","62172775","KN296635v1","1206778","1207065","21","60965714"
"chr1","62186204","62186419","KN295758v1","830412","830628","45","61355792"
"chr1","62206815","62207084","KN295573v1","1191979","1192253","56","61014836"
"chr1","62220246","62220577","KN296635v1","1255365","1255695","27","60964881"
"chr1","62328279","62328555","KN296635v1","1364579","1364861","39","60963700"
"chr1","62329305","62329594","KN297322v1","305821","306099","57","62023484"
"chr1","62419554","62419882","KN296635v1","1450649","1450972","28","60968905"
"chr1","62420345","62420655","KN296635v1","1451421","1451731","25","60968924"
"chr1","62425572","62425871","KN296635v1","1456705","1457013","41","60968867"
"chr1","62449203","62449353","KN296635v1","1482424","1482569","20","60966779"
"chr1","62449653","62449798","KN296635v1","1482874","1483019","14","60966779"
"chr1","62458772","62459065","KN296635v1","1492576","1492874","23","60966196"
"chr1","62460968","62461270","KN296371v1","191434","191734","62","62269534"
"chr1","62467996","62468305","KN295987v1","406992","407297","58","62061004"
"chr1","62490658","62490943","KN296635v1","1525105","1525416","43","60965553"
"chr1","62543534","62543814","KN296865v1","1066250","1066528","58","61477284"
"chr1","62604595","62604729","KN296635v1","1639416","1639533","19","60965179"
"chr1","62620105","62620393","KN296635v1","1654711","1655000","18","60965394"
"chr1","62683278","62683344","KN297190v1","2947982","2948049","16","59735296"
"chr1","62731747","62732087","KN296635v1","1769425","1769755","44","60962322"
"chr1","62754676","62754945","KN296635v1","1792276","1792546","15","60962400"
"chr1","62773673","62773803","KN296635v1","1812094","1812224","8","60961579"
"chr1","62776963","62777234","KN296635v1","1815343","1815611","16","60961620"
"chr1","62777761","62778060","KN296635v1","1816348","1816647","29","60961413"
"chr1","62805580","62805842","KN296635v1","1839714","1840010","47","60965866"
"chr1","62806929","62807230","KN296635v1","1840808","1841086","42","60966121"
"chr1","62808381","62808668","KN295744v1","411697","411959","72","62396684"
"chr1","62811620","62811890","KN296921v1","2829732","2830008","71","59981888"
"chr1","62815143","62815265","KN296635v1","1849358","1849481","12","60965785"
"chr1","62818528","62818798","KN296635v1","1852883","1853156","14","60965645"
"chr1","62823940","62824049","KN296635v1","1857618","1857718","19","60966322"
"chr1","62824078","62824196","KN296635v1","1857744","1857862","9","60966334"
"chr1","62830564","62830859","KN296635v1","1865361","1865653","29","60965203"
"chr1","62833229","62833536","KN296635v1","1868033","1868326","31","60965196"
"chr1","62834442","62834737","KN296635v1","1870034","1870360","53","60964408"
"chr1","62836634","62836923","KN296635v1","1872287","1872586","31","60964347"
"chr1","62842742","62842859","KN296635v1","1878409","1878523","15","60964333"
"chr1","62846940","62847118","KN296635v1","1882130","1882307","20","60964810"
"chr1","62847423","62847558","KN296635v1","1882608","1882746","13","60964815"
"chr1","62867583","62867870","KN296635v1","1903899","1904195","45","60963684"
"chr1","62876178","62876459","KN296635v1","1917213","1917497","24","60958965"
"chr1","62884451","62884565","KN294260v1","802158","802275","18","62082293"
"chr1","62893271","62893570","KN296635v1","1934218","1934518","36","60959053"
"chr1","62897182","62897366","KN295236v1","3545413","3545593","38","59351769"
"chr1","62912102","62912376","KN294187v1","533538","533812","58","62378564"
"chr1","62959243","62959546","KN296635v1","1998881","1999192","23","60960362"
"chr1","62981957","62982242","KN296635v1","2021199","2021489","28","60960758"
"chr1","62987851","62988161","KN296635v1","2026633","2026943","26","60961218"
"chr1","63028086","63028365","KN294536v1","1039128","1039393","58","61988958"
"chr1","63039183","63039442","KN296635v1","2072729","2072988","13","60966454"
"chr1","63043914","63044230","KN296635v1","2077770","2078066","43","60966144"
"chr1","63052865","63053113","KN296635v1","2086543","2086795","18","60966322"
"chr1","63074629","63074923","KN296635v1","2109020","2109311","21","60965609"
"chr1","63084472","63084743","KN296635v1","2118185","2118457","16","60966287"
"chr1","63098845","63099148","KN296635v1","2132813","2133116","21","60966032"
"chr1","63113027","63113302","KN296635v1","2146588","2146866","15","60966439"
"chr1","63133235","63133527","KN296635v1","2168304","2168579","56","60964931"
"chr1","63148140","63148436","KN297133v1","335549","335847","48","62812591"
"chr1","63156366","63156631","KN296635v1","2191679","2191943","18","60964687"
"chr1","63164565","63164844","KN296635v1","2200255","2200533","18","60964310"
"chr1","63172375","63172680","KN296635v1","2208104","2208408","19","60964271"
"chr1","63185731","63185852","KN296635v1","2223091","2223212","6","60962640"
"chr1","63215361","63215654","KN296635v1","2254286","2254573","23","60961075"
"chr1","63235325","63235530","KN296635v1","2274534","2274741","14","60960791"
"chr1","63237507","63237662","KN296635v1","2276703","2276852","19","60960804"
"chr1","63244298","63244585","KN296635v1","2283983","2284266","33","60960315"
"chr1","63257605","63257616","KN294239v1","2247210","2247221","3","61010395"
"chr1","63257921","63258160","KN296635v1","2295589","2295822","18","60962332"
"chr1","63267722","63267834","KN296865v1","968105","968222","22","62299617"
"chr1","63268399","63268554","KN296635v1","2305142","2305310","28","60963257"
"chr1","63269049","63269203","KN294325v1","169199","169356","36","63099850"
"chr1","63269781","63269838","KN295607v1","4047633","4047690","13","59222148"
"chr1","63269839","63269891","KN294281v1","1219858","1219905","15","62049981"
"chr1","63336467","63336554","KN296266v1","57220","57302","20","63279247"
"chr1","63380421","63380707","KN296635v1","2425582","2425877","29","60954839"
"chr1","63405207","63405384","KN295533v1","1808077","1808253","31","61597130"
"chr1","63405677","63405821","KN294456v1","992514","992656","31","62413163"
"chr1","63414173","63414479","KN296635v1","2460229","2460538","39","60953944"
"chr1","63428589","63428704","KN294326v1","666788","666902","21","62761801"
"chr1","63437107","63437393","KN296635v1","2483883","2484173","24","60953224"
"chr1","63461589","63461755","KN295441v1","1558881","1559044","39","61902708"
"chr1","63463069","63463373","KN296635v1","2509191","2509488","35","60953878"
"chr1","63475990","63476257","KN294488v1","203170","203435","68","63272820"
"chr1","63485185","63485406","KN296682v1","562103","562310","54","62923082"
"chr1","63486729","63486945","KN296635v1","2533863","2534079","17","60952866"
"chr1","63495173","63495492","KN296635v1","2543026","2543330","26","60952147"
"chr1","63499085","63499148","KN296635v1","2548012","2548081","6","60951073"
"chr1","63501601","63501873","KN295361v1","506905","507171","60","62994696"
"chr1","63545115","63545402","KN296635v1","2595070","2595357","19","60950045"
"chr1","63547313","63547623","KN296635v1","2597245","2597561","20","60950068"
"chr1","63558217","63558414","KN296635v1","2607858","2608055","12","60950359"
"chr1","63558606","63558894","KN296635v1","2608208","2608480","28","60950398"
"chr1","63563836","63564167","KN294407v1","1224715","1225016","88","62339121"
"chr1","63565693","63565929","KN296635v1","2616044","2616274","27","60949649"
"chr1","63566052","63566349","KN296635v1","2616458","2616736","33","60949594"
"chr1","63571744","63572001","KN296093v1","252795","253052","65","63318949"
"chr1","63573350","63573650","KN296682v1","2008527","2008829","61","61564823"
"chr1","63577198","63577494","KN296635v1","2625669","2625954","37","60951529"
"chr1","63586381","63586683","KN295708v1","2900369","2900653","80","60686012"
"chr1","63606295","63606579","KN296635v1","2660840","2661127","22","60945455"
"chr1","63614101","63614402","KN296635v1","2669799","2670080","46","60944302"
"chr1","63615815","63616097","KN296635v1","2671521","2671807","24","60944294"
"chr1","63627288","63627508","KN296635v1","2685199","2685416","15","60942089"
"chr1","63647189","63647352","KN295236v1","3775540","3775717","46","59871649"
"chr1","63652856","63653119","KN294172v1","1911987","1912259","61","61740869"
"chr1","63668687","63668984","KN296635v1","2719738","2720033","26","60948949"
"chr1","63708853","63708964","KN294842v1","1949507","1949618","20","61759346"
"chr1","63722932","63723037","KN296153v1","805006","805108","25","62917926"
"chr1","63748059","63748328","KN295596v1","563126","563403","57","63184933"
"chr1","63803905","63804195","KN296017v1","366720","367014","60","63437185"
"chr1","63848815","63849121","KN296635v1","2888989","2889294","22","60959826"
"chr1","63865649","63865943","KN296635v1","2906112","2906398","22","60959537"
"chr1","63881121","63881410","KN296635v1","2921689","2921972","19","60959432"
"chr1","63911323","63911602","KN296635v1","2952942","2953221","29","60958381"
"chr1","63925696","63925986","KN296635v1","2968034","2968325","22","60957662"
"chr1","63949299","63949445","KN296635v1","2992908","2993054","7","60956391"
"chr1","63992214","63992485","KN296635v1","3037926","3038206","30","60954288"
"chr1","63992915","63993210","KN296635v1","3038634","3038925","20","60954281"
"chr1","64092516","64092812","KN296635v1","3141142","3141440","24","60951374"
"chr1","64106368","64106710","KN296635v1","3155730","3156041","54","60950638"
"chr1","64161314","64161622","KN296635v1","3211884","3212196","27","60949430"
"chr1","64282595","64282886","KN296635v1","3338672","3338960","24","60943923"
"chr1","64332880","64333182","KN296635v1","3392014","3392303","41","60940866"
"chr1","64340662","64340881","KN296635v1","3401664","3401886","19","60938998"
"chr1","64380092","64380388","KN296635v1","3446884","3447175","21","60933208"
"chr1","64382525","64382825","KN296635v1","3449245","3449549","25","60933280"
"chr1","64409073","64409367","KN297154v1","4753","5040","60","64404320"
"chr1","64475708","64475980","KN296635v1","3528696","3528968","21","60947012"
"chr1","64492659","64492947","KN296635v1","3544892","3545172","27","60947767"
"chr1","64511931","64512222","KN297205v1","205027","205330","60","64306904"
"chr1","64531720","64531986","KN296635v1","3584778","3585044","27","60946942"
"chr1","64533258","64533457","KN296635v1","3586632","3586834","10","60946626"
"chr1","64533645","64533947","KN294169v1","53368","53651","65","64480277"
"chr1","64538596","64538879","KN296253v1","188046","188333","55","64350550"
"chr1","64538921","64539175","KN296096v1","2485316","2485572","58","62053605"
"chr1","64558536","64558815","KN296635v1","3606668","3606961","28","60951868"
"chr1","64577299","64577591","KN294933v1","38729","39023","64","64538570"
"chr1","64621120","64621418","KN296635v1","3671900","3672185","41","60949220"
"chr1","64640907","64641178","KN294325v1","382991","383262","70","64257916"
"chr1","64649664","64649954","KN296635v1","3700100","3700391","16","60949564"
"chr1","64720245","64720545","KN296635v1","3771831","3772146","35","60948414"
"chr1","64752280","64752512","KN296635v1","3804842","3805075","21","60947438"
"chr1","64785994","64786280","KN296315v1","708163","708449","68","64077831"
"chr1","64816419","64816726","KN296635v1","3872255","3872563","27","60944164"
"chr1","64826590","64826882","KN296635v1","3882432","3882723","16","60944158"
"chr1","64870085","64870385","KN296635v1","3931651","3931952","24","60938434"
"chr1","64887915","64888215","KN296635v1","3950094","3950389","32","60937821"
"chr1","64976593","64976918","KN296635v1","4041622","4041935","59","60934971"
"chr1","65095508","65095777","KN295732v1","274618","274896","61","64820890"
"chr1","65146112","65146400","KN296017v1","366720","367014","55","64779392"
"chr1","65164974","65165280","KN296404v1","3404152","3404452","60","61760822"
"chr1","65260403","65260650","KN295343v1","36066","36305","58","65224337"
"chr1","65276742","65277031","KN296635v1","4279294","4279608","43","60997448"
"chr1","65351586","65351879","KN296635v1","4352147","4352419","37","60999439"
"chr1","65354657","65354962","KN296635v1","4355215","4355519","31","60999442"
"chr1","65375947","65376106","KN295586v1","3253879","3254033","31","62122068"
"chr1","65376423","65376518","KN295236v1","2325069","2325170","18","63051354"
"chr1","65381865","65382187","KN296635v1","4384583","4384893","40","60997282"
"chr1","65390578","65390877","KN296635v1","4392841","4393146","25","60997737"
"chr1","65458128","65458425","KN296404v1","3404152","3404452","63","62053976"
"chr1","65476523","65476812","KN296635v1","4483151","4483449","19","60993372"
"chr1","65478855","65479163","KN294739v1","797120","797417","69","64681735"
"chr1","65502447","65502734","KN296635v1","4503133","4503432","28","60999314"
"chr1","65516782","65517069","KN296635v1","4517042","4517327","22","60999740"
"chr1","65518478","65518768","KN296635v1","4518789","4519103","54","60999689"
"chr1","65524937","65525136","KN296635v1","4525325","4525533","23","60999612"
"chr1","65580896","65581031","KN296635v1","4582447","4582563","28","60998449"
"chr1","65581318","65581514","KN296635v1","4582847","4583027","27","60998471"
"chr1","65588665","65588894","KN296635v1","4590245","4590472","19","60998420"
"chr1","65615263","65615536","KN294172v1","6629633","6629896","64","58985630"
"chr1","65682820","65682951","KN296263v1","822084","822214","23","64860736"
"chr1","65682978","65683128","KN296435v1","2479149","2479300","32","63203829"
"chr1","65692010","65692327","KN296635v1","4691162","4691484","27","61000848"
"chr1","65693575","65693750","KN296635v1","4692737","4692912","9","61000838"
"chr1","65702754","65703053","KN296635v1","4700173","4700468","22","61002581"
"chr1","65768439","65768726","KN296503v1","277760","278046","52","65490679"
"chr1","65775664","65775977","KN296079v1","1340626","1340932","71","64435038"
"chr1","65837694","65837845","KN294540v1","938502","938660","50","64899192"
"chr1","65841737","65842057","KN296635v1","4844090","4844393","41","60997647"
"chr1","65844865","65845171","KN297320v1","1234476","1234772","56","64610389"
"chr1","65858284","65858534","KN296635v1","4861764","4862014","13","60996520"
"chr1","65859746","65860034","KN297154v1","1608705","1609004","63","64251041"
"chr1","65865851","65866152","KN296635v1","4869463","4869760","29","60996388"
"chr1","65890727","65890958","KN296635v1","4895350","4895584","34","60995377"
"chr1","65902216","65902437","KN297274v1","215439","215658","43","65686777"
"chr1","65924567","65924842","KN296635v1","4928742","4929032","34","60995825"
"chr1","65979581","65979855","KN296635v1","4986204","4986477","17","60993377"
"chr1","66098597","66098892","KN296635v1","5100658","5100949","23","60997939"
"chr1","66117030","66117343","KN296635v1","5120073","5120388","24","60996957"
"chr1","66134027","66134333","KN294650v1","205850","206147","61","65928177"
"chr1","66146783","66147089","KN296635v1","5155435","5155739","34","60991348"
"chr1","66148803","66149096","KN296635v1","5157453","5157758","30","60991350"
"chr1","66161610","66161902","KN297242v1","1644725","1645023","72","64516885"
"chr1","66167572","66167881","KN296635v1","5175538","5175847","32","60992034"
"chr1","66173225","66173455","KN296486v1","1003570","1003799","51","65169655"
"chr1","66173928","66174224","KN296119v1","5385215","5385515","54","60788713"
"chr1","66175575","66175696","KN294456v1","874600","874718","18","65300975"
"chr1","66185692","66185997","KN296635v1","5194353","5194662","31","60991339"
"chr1","66213853","66214134","KN296635v1","5224297","5224564","51","60989556"
"chr1","66214184","66214476","KN296635v1","5224931","5225216","35","60989253"
"chr1","66219178","66219485","KN296635v1","5230797","5231076","53","60988381"
"chr1","66226298","66226593","KN296635v1","5240262","5240560","17","60986036"
"chr1","66230792","66231041","KN294187v1","1106976","1107231","66","65123816"
"chr1","66233836","66234112","KN296153v1","3904953","3905242","68","62328883"
"chr1","66235932","66236105","KN297133v1","752216","752384","37","65483716"
"chr1","66236399","66236572","KN295294v1","316743","316884","61","65919656"
"chr1","66241856","66242182","KN296635v1","5257743","5258067","50","60984113"
"chr1","66250005","66250300","KN296635v1","5266647","5266942","14","60983358"
"chr1","66265707","66265983","KN295962v1","1668761","1669028","53","64596946"
"chr1","66266079","66266366","KN296635v1","5292321","5292595","28","60973758"
"chr1","66269994","66270304","KN296635v1","5296533","5296833","23","60973461"
"chr1","66286725","66286837","KN295480v1","3216966","3217084","21","63069759"
"chr1","66292843","66293144","KN296635v1","5320436","5320741","25","60972407"
"chr1","66294723","66295032","KN294991v1","974938","975240","66","65319785"
"chr1","66295944","66296229","KN296635v1","5323839","5324123","17","60972105"
"chr1","66297305","66297591","KN296635v1","5325186","5325478","16","60972119"
"chr1","66301866","66302154","KN296635v1","5329828","5330114","17","60972038"
"chr1","66303800","66303925","KN296635v1","5331762","5331884","14","60972038"
"chr1","66304227","66304533","KN296635v1","5332201","5332511","23","60972026"
"chr1","66317198","66317499","KN296635v1","5345504","5345805","23","60971694"
"chr1","66337629","66337923","KN296225v1","756189","756489","67","65581440"
"chr1","66346181","66346275","KN296635v1","5372886","5372982","8","60973295"
"chr1","66351711","66352034","KN296635v1","5379076","5379400","24","60972635"
"chr1","66364315","66364591","KN296635v1","5391238","5391519","20","60973077"
"chr1","66372028","66372186","KN296635v1","5399802","5399920","45","60972226"
"chr1","66372221","66372337","KN296635v1","5399955","5400071","7","60972266"
"chr1","66397729","66398025","KN296635v1","5425379","5425674","20","60972350"
"chr1","66407995","66408116","KN296926v1","1064368","1064490","16","65343627"
"chr1","66421458","66421755","KN296635v1","5449186","5449483","24","60972272"
"chr1","66456066","66456368","KN295586v1","2908076","2908370","62","63547990"
"chr1","66458468","66458789","KN296635v1","5487632","5487941","48","60970836"
"chr1","66562914","66563201","KN296635v1","5588194","5588499","35","60974720"
"chr1","66573410","66573685","KN296635v1","5598879","5599153","27","60974531"
"chr1","66654170","66654329","KN294261v1","71752","71922","29","66582418"
"chr1","66654638","66654768","KN294261v1","72153","72282","3","66582485"
"chr1","66669875","66670147","KN294261v1","87604","87865","30","66582271"
"chr1","66827964","66828280","KN294261v1","238205","238523","26","66589759"
"chr1","66839008","66839296","KN294261v1","249336","249599","42","66589672"
"chr1","66839716","66839862","KN294261v1","250020","250166","9","66589696"
"chr1","66989924","66990019","KN297219v1","2066539","2066631","23","64923385"
"chr1","67138285","67138389","KN294407v1","1443374","1443479","22","65694911"
"chr1","67138764","67138796","KN295236v1","1841516","1841549","8","65297248"
"chr1","67305983","67306287","KN296295v1","328563","328858","28","66977420"
"chr1","67419901","67420174","KN294911v1","2574525","2574792","55","64845376"
"chr1","67421252","67421477","KN294470v1","2945102","2945327","50","64476150"
"chr1","67449766","67450064","KN294842v1","585806","586108","60","66863960"
"chr1","67523507","67523821","KN297095v1","1158671","1158973","76","66364836"
"chr1","67581886","67582003","KN294235v1","784908","785024","16","66796978"
"chr1","67791660","67791951","KN296290v1","24611","24902","62","67767049"
"chr1","67794398","67794712","KN296557v1","250995","251303","69","67543403"
"chr1","67808616","67808900","KN297343v1","1982797","1983086","56","65825819"
"chr1","67855219","67855509","KN294199v1","65187","65474","53","67790032"
"chr1","67887923","67888195","KN296495v1","1421626","1421894","61","66466297"
"chr1","67933695","67933964","KN296153v1","1629994","1630274","60","66303701"
"chr1","67949871","67950002","KN296101v1","34799","34929","22","67915072"
"chr1","67951134","67951438","KN297158v1","782512","782809","60","67168622"
"chr1","67964325","67964457","KN297028v1","307833","307970","25","67656492"
"chr1","67964771","67964957","KN294842v1","218289","218474","36","67746482"
"chr1","68006971","68007253","KN297445v1","1629098","1629375","67","66377873"
"chr1","68035863","68035937","KN294619v1","1424683","1424756","12","66611180"
"chr1","68069180","68069488","KN294848v1","1137045","1137344","69","66932135"
"chr1","68080350","68080618","KN296502v1","960957","961236","69","67119393"
"chr1","68083339","68083610","KN296634v1","1816690","1816969","64","66266649"
"chr1","68124618","68124900","KN297159v1","3099338","3099638","60","65025280"
"chr1","68131542","68131829","KN297133v1","335549","335847","58","67795993"
"chr1","68134300","68134596","KN295107v1","911233","911517","70","67223067"
"chr1","68159018","68159308","KN295365v1","618540","618829","60","67540478"
"chr1","68177744","68178089","KN294991v1","890638","890961","90","67287106"
"chr1","68189494","68189780","KN294933v1","38729","39023","57","68150765"
"chr1","68212971","68213147","KN295249v1","339298","339472","44","67873673"
"chr1","68213174","68213296","KN294176v1","27436","27552","26","68185738"
"chr1","68256524","68256826","KN296025v1","309439","309727","72","67947085"
"chr1","68259492","68259570","KN295967v1","608689","608766","16","67650803"
"chr1","68263404","68263681","KN295605v1","222480","222753","61","68040924"
"chr1","68267051","68267181","KN294378v1","1684901","1685030","31","66582150"
"chr1","68268824","68269090","KN294372v1","2684390","2684651","57","65584434"
"chr1","68323342","68323641","KN296281v1","42614","42899","67","68280728"
"chr1","68337552","68337854","KN296079v1","1756048","1756344","72","66581504"
"chr1","68355064","68355352","KN296496v1","559089","559353","67","67795975"
"chr1","68382299","68382590","KN297404v1","388021","388316","40","67994278"
"chr1","68396543","68396860","KN296261v1","36127","36433","65","68360416"
"chr1","68423182","68423474","KN294326v1","234493","234786","47","68188689"
"chr1","68433767","68433881","KN295930v1","568322","568439","17","67865445"
"chr1","68466225","68466530","KN296406v1","163962","164264","61","68302263"
"chr1","68514481","68514750","KN296643v1","78789","79043","74","68435692"
"chr1","68557105","68557272","KN296119v1","4451319","4451488","33","64105786"
"chr1","68687407","68687695","KN294287v1","573113","573415","63","68114294"
"chr1","68733027","68733339","KN296883v1","3014232","3014538","64","65718795"
"chr1","68748974","68749143","KN294630v1","331431","331600","42","68417543"
"chr1","68749602","68749857","KN296520v1","477779","478031","54","68271823"
"chr1","68756639","68756915","KN297095v1","2221896","2222176","62","66534743"
"chr1","68764822","68765142","KN294470v1","3039108","3039417","69","65725714"
"chr1","68772571","68772840","KN296515v1","101814","102075","60","68670757"
"chr1","68783485","68783778","KN294407v1","1480206","1480492","64","67303279"
"chr1","68785097","68785362","KN295758v1","1100957","1101243","73","67684140"
"chr1","68804346","68804514","KN294239v1","1595659","1595826","36","67208687"
"chr1","68837639","68837759","KN297314v1","308773","308894","19","68528866"
"chr1","68845673","68845780","KN295154v1","211172","211261","42","68634501"
"chr1","68864452","68864567","KN297008v1","1960120","1960236","18","66904332"
"chr1","68876720","68877019","KN294873v1","1499126","1499434","57","67377594"
"chr1","68983621","68983938","KN295923v1","1961483","1961792","82","67022138"
"chr1","69011467","69011775","KN296311v1","3358167","3358474","59","65653300"
"chr1","69048611","69048833","KN295633v1","2172508","2172728","47","66876103"
"chr1","69059505","69059662","KN296225v1","18662","18827","52","69040843"
"chr1","69059957","69060094","KN295352v1","230634","230767","30","68829323"
"chr1","69077646","69077935","KN296635v1","5449186","5449483","61","63628460"
"chr1","69119419","69119501","KN296153v1","1618983","1619062","16","67500436"
"chr1","69247724","69248013","KN296404v1","3404152","3404452","62","65843572"
"chr1","69320291","69320592","KN296406v1","163962","164264","64","69156329"
"chr1","69444453","69444768","KN295596v1","1835143","1835453","70","67609310"
"chr1","69459174","69459500","KN294199v1","354659","354969","80","69104515"
"chr1","69479403","69479564","KN296225v1","409374","409542","37","69070029"
"chr1","69481251","69481570","KN295906v1","242770","243077","74","69238481"
"chr1","69511417","69511544","KN295107v1","732495","732622","37","68778922"
"chr1","69511874","69512035","KN295708v1","750238","750397","35","68761636"
"chr1","69512350","69512363","KN295936v1","608270","608282","2","68904080"
"chr1","69552837","69552929","KN295315v1","794913","795005","16","68757924"
"chr1","69565725","69565842","KN297190v1","6562776","6562892","16","63002949"
"chr1","69575645","69575755","KN294456v1","268819","268927","20","69306826"
"chr1","69576116","69576154","KN296311v1","7873890","7873918","14","61702226"
"chr1","69576456","69576634","KN294181v1","807443","807610","40","68769013"
"chr1","69654703","69655002","KN295102v1","76706","77002","76","69577997"
"chr1","69661086","69661369","KN294451v1","351575","351870","72","69309511"
"chr1","69674319","69674626","KN294964v1","1386830","1387135","69","68287489"
"chr1","69839163","69839401","KN297008v1","2293662","2293876","63","67545501"
"chr1","69859751","69859932","KN294453v1","230898","231077","46","69628853"
"chr1","70043556","70043865","KN295236v1","5121169","5121469","71","64922387"
"chr1","70089249","70089569","KN295236v1","2762024","2762337","67","67327225"
"chr1","70095333","70095632","KN296879v1","417388","417697","61","69677945"
"chr1","70104870","70105190","KN297008v1","4992637","4992950","77","65112233"
"chr1","70107759","70107979","KN294457v1","3206427","3206641","53","66901332"
"chr1","70205055","70205260","KN294521v1","447506","447709","47","69757549"
"chr1","70226480","70226764","KN295022v1","1110612","1110885","62","69115868"
"chr1","70401003","70401288","KN296486v1","163446","163730","66","70237557"
"chr1","70411024","70411307","KN295236v1","4459328","4459609","69","65951696"
"chr1","70527991","70528290","KN294325v1","1017631","1017939","63","69510360"
"chr1","70584876","70585153","KN296263v1","1072800","1073083","69","69512076"
"chr1","70655266","70655569","KN294262v1","2381025","2381322","68","68274241"
"chr1","70726876","70727037","KN296306v1","2348366","2348547","52","68378510"
"chr1","70733875","70734012","KN295995v1","159601","159737","22","70574274"
"chr1","70801614","70801881","KN297279v1","146348","146619","66","70655266"
"chr1","70989069","70989385","KN296547v1","888231","888537","71","70100838"
"chr1","70995502","70995632","KN295022v1","871921","872052","32","70123581"
"chr1","71069749","71070027","KN294758v1","3036785","3037063","58","68032964"
"chr1","71078960","71079246","KN295721v1","130433","130725","61","70948527"
"chr1","71106390","71106699","KN296547v1","285164","285470","56","70821226"
"chr1","71287240","71287455","KN297015v1","103125","103340","16","71184115"
"chr1","71307603","71307859","KN294911v1","2287795","2288055","74","69019808"
"chr1","71309383","71309687","KN297015v1","123742","124043","32","71185641"
"chr1","71331649","71331953","KN296096v1","2975388","2975700","58","68356261"
"chr1","71335916","71336211","KN295352v1","216571","216847","73","71119345"
"chr1","71357909","71358200","KN296625v1","153154","153447","45","71204755"
"chr1","71387458","71387771","KN294457v1","128784","129093","76","71258674"
"chr1","71408409","71408701","KN296921v1","352007","352298","56","71056402"
"chr1","71409279","71409523","KN295940v1","380517","380765","55","71028762"
"chr1","71417967","71418269","KN295605v1","246767","247065","71","71171200"
"chr1","71419558","71419843","KN294486v1","131299","131579","60","71288259"
"chr1","71421577","71421867","KN294302v1","259846","260140","53","71161731"
"chr1","71423889","71424168","KN294733v1","143432","143710","55","71280457"
"chr1","71428715","71429000","KN296244v1","806769","807066","65","70621946"
"chr1","71433758","71434043","KN295610v1","300495","300784","82","71133263"
"chr1","71459767","71460072","KN294365v1","539771","540083","59","70919996"
"chr1","71462993","71463216","KN295441v1","1856783","1856996","49","69606210"
"chr1","71501353","71501654","KN295480v1","2797052","2797358","54","68704301"
"chr1","71510338","71510660","KN294874v1","202704","203018","65","71307634"
"chr1","71514415","71514627","KN294964v1","443494","443707","51","71070921"
"chr1","71527850","71527975","KN294214v1","1417779","1417904","18","70110071"
"chr1","71553017","71553311","KN295974v1","1290087","1290382","62","70262930"
"chr1","71558822","71559107","KN296795v1","706774","707060","53","70852048"
"chr1","71576617","71576884","KN296096v1","1827942","1828211","56","69748675"
"chr1","71611652","71611946","KN294365v1","815207","815503","62","70796445"
"chr1","71613695","71613981","KN297159v1","2879241","2879525","59","68734454"
"chr1","71617344","71617638","KN294591v1","252831","253126","64","71364513"
"chr1","71633534","71633820","KN296916v1","206822","207104","57","71426712"
"chr1","71641705","71641997","KN294257v1","2271748","2272051","63","69369957"
"chr1","71663989","71664188","KN296119v1","294643","294853","45","71369346"
"chr1","71744689","71744963","KN294454v1","37387","37658","66","71707302"
"chr1","71763392","71763698","KN296406v1","163962","164264","74","71599430"
"chr1","71869070","71869331","KN297165v1","2842387","2842659","62","69026683"
"chr1","71894713","71894808","KN295236v1","2325069","2325170","21","69569644"
"chr1","71905402","71905519","KN297008v1","874207","874320","17","71031195"
"chr1","71908303","71908613","KN294630v1","516314","516631","67","71391989"
"chr1","71922744","71923074","KN295596v1","3213778","3214087","73","68708966"
"chr1","71969452","71969730","KN296763v1","82873","83151","24","71886579"
"chr1","72190997","72191266","KN295987v1","1909045","1909314","66","70281952"
"chr1","72208502","72208797","KN294592v1","1072173","1072464","60","71136329"
"chr1","72222439","72222676","KN295096v1","1153348","1153587","55","71069091"
"chr1","72264693","72264823","KN295433v1","672811","672940","23","71591882"
"chr1","72274088","72274371","KN295607v1","1195934","1196216","67","71078154"
"chr1","72323034","72323329","KN296063v1","924974","925273","67","71398060"
"chr1","72377763","72378059","KN296211v1","9014","9307","72","72368749"
"chr1","72384535","72384822","KN294187v1","935910","936200","57","71448625"
"chr1","72451464","72451756","KN294741v1","673277","673565","73","71778187"
"chr1","72629085","72629359","KN294444v1","373486","373751","63","72255599"
"chr1","72663302","72663425","KN294378v1","936648","936772","23","71726654"
"chr1","73054366","73054660","KN297133v1","925513","925808","67","72128853"
"chr1","73058726","73059033","KN294874v1","1038103","1038410","63","72020623"
"chr1","73126202","73126451","KN296743v1","443798","444071","79","72682404"
"chr1","73129994","73130288","KN295744v1","654344","654638","66","72475650"
"chr1","73147611","73147865","KN295923v1","666673","666896","71","72480938"
"chr1","73186101","73186219","KN296247v1","446672","446793","21","72739429"
"chr1","73249741","73249998","KN296153v1","3562039","3562276","72","69687702"
"chr1","73288243","73288507","KN295352v1","1021287","1021563","69","72266956"
"chr1","73357809","73358101","KN294304v1","28243","28516","63","73329566"
"chr1","73477549","73477855","KN295923v1","645550","645849","72","72831999"
"chr1","73565017","73565321","KN295350v1","927870","928179","63","72637147"
"chr1","73609575","73609772","KN297452v1","2744071","2744249","61","70865504"
"chr1","73609815","73609938","KN294410v1","495531","495660","21","73114284"
"chr1","73703949","73704147","KN294842v1","1266392","1266586","44","72437557"
"chr1","73736280","73736564","KN295157v1","18059","18341","57","73718221"
"chr1","73822758","73823070","KN296682v1","2515297","2515609","75","71307461"
"chr1","73874942","73875247","KN296877v1","79095","79398","57","73795847"
"chr1","73911467","73911759","KN294470v1","236051","236347","64","73675416"
"chr1","73977310","73977619","KN297245v1","2258259","2258569","80","71719051"
"chr1","74325453","74325631","KN297038v1","868088","868263","39","73457365"
"chr1","74385876","74386181","KN295176v1","32574","32866","51","74353302"
"chr1","74615322","74615601","KN296991v1","1218368","1218641","63","73396954"
"chr1","74690029","74690251","KN296024v1","34174","34385","58","74655855"
"chr1","74886710","74886866","KN294592v1","905023","905168","41","73981687"
"chr1","74895161","74895325","KN294470v1","2003804","2003964","38","72891357"
"chr1","74895623","74895758","KN296538v1","1727567","1727698","28","73168056"
"chr1","74945000","74945282","KN297452v1","1214462","1214742","71","73730538"
"chr1","75020475","75020612","KN296311v1","6324496","6324634","31","68695979"
"chr1","75023545","75023831","KN295717v1","704334","704618","72","74319211"
"chr1","75058534","75058728","KN295198v1","78177","78377","47","74980357"
"chr1","75072255","75072539","KN295605v1","356337","356623","63","74715918"
"chr1","75076121","75076417","KN295236v1","1168913","1169204","75","73907208"
"chr1","75078782","75079080","KN295236v1","2776127","2776420","69","72302655"
"chr1","75151368","75151635","KN295090v1","427709","427974","71","74723659"
"chr1","75295696","75295995","KN296311v1","3805875","3806153","72","71489821"
"chr1","75344027","75344148","KN294456v1","1112430","1112548","27","74231597"
"chr1","75374890","75375160","KN295996v1","982796","983069","58","74392094"
"chr1","75568778","75569058","KN295825v1","1333774","1334040","70","74235004"
"chr1","75821079","75821346","KN294693v1","1109721","1109984","64","74711358"
"chr1","75827950","75828199","KN294235v1","24606","24844","65","75803344"
"chr1","76043149","76043364","KN295441v1","1067325","1067540","47","74975824"
"chr1","76059264","76059492","KN294733v1","13674","13893","50","76045590"
"chr1","76145008","76145282","KN295586v1","5507616","5507894","71","70637392"
"chr1","76145602","76145881","KN294733v1","143432","143710","59","76002170"
"chr1","76301282","76301573","KN296635v1","3671900","3672185","75","72629382"
"chr1","76345901","76346180","KN294199v1","65187","65474","56","76280714"
"chr1","76406409","76406715","KN294294v1","197080","197381","62","76209329"
"chr1","76437519","76437824","KN295198v1","732912","733220","69","75704607"
"chr1","76504513","76504782","KN296635v1","4352147","4352419","72","72152366"
"chr1","76513448","76513710","KN296178v1","950786","951044","60","75562662"
"chr1","76555586","76555716","KN296398v1","363140","363272","8","76192446"
"chr1","76564309","76564603","KN296398v1","349516","349809","18","76214793"
"chr1","76580751","76581037","KN296398v1","339216","339505","27","76241535"
"chr1","76702692","76702971","KN296398v1","214710","214963","40","76487982"
"chr1","76767759","76767905","KN296398v1","155136","155294","20","76612623"
"chr1","76815523","76815813","KN296398v1","108508","108797","57","76707015"
"chr1","76838726","76838954","KN296398v1","89522","89755","31","76749204"
"chr1","76897735","76898052","KN294269v1","172628","172943","60","76725107"
"chr1","76925903","76926019","KN296345v1","23261","23376","11","76902642"
"chr1","76926798","76927088","KN296345v1","24130","24403","58","76902668"
"chr1","76939298","76939548","KN296345v1","33694","33953","28","76905604"
"chr1","76948282","76948405","KN296345v1","39368","39491","7","76908914"
"chr1","76960463","76960730","KN296345v1","54858","55139","29","76905605"
"chr1","76963527","76963784","KN296345v1","58020","58277","20","76905507"
"chr1","76963785","76963933","KN297154v1","715651","715800","34","76248134"
"chr1","76971789","76971847","KN294147v1","1420902","1420961","15","75550887"
"chr1","76972862","76972936","KN295236v1","3085338","3085412","15","73887524"
"chr1","76982681","76982969","KN296345v1","75479","75763","32","76907202"
"chr1","76985542","76985845","KN297245v1","2036362","2036663","46","74949180"
"chr1","76993595","76993885","KN296345v1","87102","87381","38","76906493"
"chr1","76995447","76995740","KN296345v1","89092","89391","31","76906355"
"chr1","76998659","76998946","KN296345v1","92309","92599","23","76906350"
"chr1","77011240","77011529","KN296345v1","104311","104597","24","76906929"
"chr1","77063926","77064208","KN296345v1","154381","154648","40","76909545"
"chr1","77068091","77068406","KN296345v1","158584","158894","40","76909507"
"chr1","77072182","77072405","KN296345v1","162673","162878","31","76909509"
"chr1","77136624","77136809","KN294453v1","230898","231077","54","76905726"
"chr1","77356512","77356808","KN296345v1","379602","379885","29","76976910"
"chr1","77359197","77359323","KN296345v1","382261","382387","11","76976936"
"chr1","77440542","77440828","KN296345v1","465435","465717","36","76975107"
"chr1","77499181","77499475","KN296345v1","522484","522784","27","76976697"
"chr1","77685127","77685408","KN294825v1","282784","283066","64","77402343"
"chr1","77697987","77698288","KN296345v1","732821","733123","19","76965166"
"chr1","78088841","78089137","KN295236v1","2331918","2332216","64","75756923"
"chr1","78275218","78275524","KN297164v1","192353","192660","79","78082865"
"chr1","78298640","78298921","KN296701v1","465630","465929","38","77833010"
"chr1","78381687","78381971","KN296701v1","385932","386182","54","77995755"
"chr1","78449146","78449280","KN296701v1","317530","317664","13","78131616"
"chr1","78449586","78449718","KN296701v1","317090","317223","6","78132496"
"chr1","78470235","78470539","KN296701v1","289385","289683","23","78180850"
"chr1","78510648","78510939","KN296701v1","261895","262184","24","78248753"
"chr1","78546474","78546755","KN296701v1","226444","226738","30","78320030"
"chr1","78560339","78560617","KN295236v1","1135053","1135340","63","77425286"
"chr1","78569170","78569287","KN295936v1","1004147","1004263","18","77565023"
"chr1","78597474","78597717","KN296701v1","168896","169140","11","78428578"
"chr1","78604628","78604870","KN296701v1","161684","161929","15","78442944"
"chr1","78629767","78630063","KN296701v1","133057","133369","45","78496710"
"chr1","78653764","78654060","KN296701v1","108961","109260","23","78544803"
"chr1","78684226","78684522","KN296701v1","73096","73381","32","78611130"
"chr1","78694740","78694984","KN296701v1","63035","63275","21","78631705"
"chr1","78709331","78709446","KN296701v1","49738","49853","9","78659593"
"chr1","78728035","78728245","KN296701v1","30314","30524","8","78697721"
"chr1","78778665","78778970","KN296484v1","587734","588036","64","78190931"
"chr1","78819324","78819647","KN296019v1","466074","466382","70","78353250"
"chr1","78839748","78840039","KN296311v1","1182255","1182544","57","77657493"
"chr1","78856659","78856955","KN295420v1","239231","239530","51","78617428"
"chr1","78892786","78893083","KN294790v1","3149258","3149558","62","75743528"
"chr1","78893319","78893644","KN294629v1","84311","84634","77","78809008"
"chr1","78895236","78895517","KN295757v1","11934","12212","63","78883302"
"chr1","78907786","78908065","KN295375v1","85790","86068","68","78821996"
"chr1","78925089","78925348","KN296486v1","1555508","1555767","73","77369581"
"chr1","78951797","78952079","KN295744v1","654344","654638","56","78297453"
"chr1","78954810","78955103","KN296017v1","366720","367014","62","78588090"
"chr1","78982763","78983043","KN294172v1","6376402","6376685","65","72606361"
"chr1","78991863","78992163","KN297008v1","1477900","1478200","58","77513963"
"chr1","78998492","78998707","KN296547v1","119509","119732","55","78878983"
"chr1","79003693","79003953","KN295744v1","187097","187357","74","78816596"
"chr1","79016683","79016991","KN294911v1","4436165","4436462","66","74580518"
"chr1","79019352","79019637","KN294733v1","143432","143710","61","78875920"
"chr1","79021079","79021203","KN295722v1","2720205","2720326","24","76300874"
"chr1","79029474","79029769","KN295692v1","685430","685721","57","78344044"
"chr1","79032013","79032312","KN294513v1","799108","799401","64","78232905"
"chr1","79047651","79047948","KN296146v1","80628","80919","57","78967023"
"chr1","79056572","79056861","KN296017v1","366720","367014","62","78689852"
"chr1","79058507","79058636","KN294147v1","1617459","1617583","25","77441048"
"chr1","79068243","79068549","KN295725v1","1528030","1528323","64","77540213"
"chr1","79082734","79082865","KN296296v1","90201","90329","27","78992533"
"chr1","79088889","79089181","KN297095v1","2221896","2222176","62","76866993"
"chr1","79095366","79095670","KN294470v1","2050926","2051237","70","77044440"
"chr1","79107044","79107341","KN294879v1","651657","651939","64","78455387"
"chr1","79111476","79111784","KN296079v1","1662609","1662912","55","77448867"
"chr1","79115958","79116217","KN294745v1","130749","131015","68","78985209"
"chr1","79116432","79116610","KN297452v1","1175906","1176087","46","77940526"
"chr1","79125655","79125940","KN296311v1","7907830","7908116","64","71217825"
"chr1","79127864","79128147","KN296062v1","2481180","2481463","56","76646684"
"chr1","79130527","79130847","KN294458v1","201538","201851","72","78928989"
"chr1","79133181","79133222","KN296404v1","806929","806971","15","78326252"
"chr1","79140722","79141022","KN294987v1","797207","797503","56","78343515"
"chr1","79145165","79145458","KN296311v1","7907830","7908116","60","71237335"
"chr1","79150450","79150735","KN296263v1","434830","435117","19","78715620"
"chr1","79158831","79158978","KN296620v1","978828","978980","26","78180003"
"chr1","79168627","79168926","KN297452v1","2278288","2278582","51","76890339"
"chr1","79174730","79174918","KN297046v1","1007058","1007247","62","78167672"
"chr1","79175211","79175399","KN295667v1","878182","878359","38","78297029"
"chr1","79181754","79182040","KN294613v1","201055","201342","63","78980699"
"chr1","79192116","79192409","KN297245v1","2036362","2036663","44","77155754"
"chr1","79205549","79205848","KN296682v1","4680106","4680412","61","74525443"
"chr1","79206869","79206984","KN294613v1","611677","611793","14","78595192"
"chr1","79220419","79220577","KN295906v1","65918","66059","47","79154501"
"chr1","79220719","79220903","KN294239v1","1716688","1716866","33","77504031"
"chr1","79220904","79221203","KN295988v1","1054464","1054753","66","78166440"
"chr1","79221204","79221344","KN294172v1","1968697","1968833","25","77252507"
"chr1","79227877","79228096","KN296000v1","962542","962771","53","78265335"
"chr1","79233102","79233221","KN294946v1","192215","192328","37","79040887"
"chr1","79233521","79233652","KN296311v1","4367789","4367922","29","74865732"
"chr1","79260441","79260710","KN295814v1","910324","910596","74","78350117"
"chr1","79288580","79288864","KN296225v1","641773","642064","56","78646807"
"chr1","79295071","79295371","KN296311v1","3358167","3358474","55","75936904"
"chr1","79319624","79319926","KN294161v1","8869","9169","53","79310755"
"chr1","79329242","79329533","KN294470v1","2313287","2313568","56","77015955"
"chr1","79329625","79329756","KN296290v1","985003","985132","25","78344622"
"chr1","79333023","79333135","KN297323v1","987717","987828","19","78345306"
"chr1","79336850","79337070","KN295744v1","285256","285466","51","79051594"
"chr1","79348669","79348941","KN296311v1","1116856","1117116","65","78231813"
"chr1","79353912","79354196","KN295573v1","1191979","1192253","65","78161933"
"chr1","79374107","79374369","KN296119v1","5549744","5550001","70","73824363"
"chr1","79388202","79388394","KN296200v1","854794","854990","51","78533408"
"chr1","79406617","79406875","KN296311v1","5549142","5549397","64","73857475"
"chr1","79412693","79412804","KN295633v1","2145102","2145210","32","77267591"
"chr1","79413111","79413240","KN295315v1","1089897","1090022","27","78323214"
"chr1","79424349","79424649","KN294917v1","636328","636626","65","78788021"
"chr1","79427027","79427315","KN294933v1","628115","628382","71","78798912"
"chr1","79464168","79464367","KN294987v1","414044","414238","37","79050124"
"chr1","79468159","79468456","KN297197v1","4103559","4103851","50","75364600"
"chr1","79566077","79566426","KN297158v1","201593","201917","95","79364484"
"chr1","79713006","79713315","KN296864v1","3246461","3246762","55","76466545"
"chr1","79849407","79849697","KN295375v1","856525","856814","64","78992882"
"chr1","80288853","80289128","KN294758v1","3036785","3037063","58","77252068"
"chr1","80332717","80332999","KN294378v1","953293","953575","77","79379424"
"chr1","80387870","80388141","KN295810v1","127869","128138","68","80260001"
"chr1","80435305","80435448","KN297154v1","276434","276580","26","80158871"
"chr1","80435490","80435610","KN295936v1","2196954","2197074","21","78238536"
"chr1","80442619","80442789","KN294987v1","275185","275361","46","80167434"
"chr1","80443061","80443161","KN294734v1","299549","299648","24","80143512"
"chr1","80445148","80445441","KN297240v1","83671","83965","62","80361477"
"chr1","80482938","80483061","KN294195v1","173596","173718","25","80309342"
"chr1","80546882","80547154","KN294172v1","813896","814172","73","79732986"
"chr1","80547463","80547484","KN297046v1","2308979","2309003","4","78238484"
"chr1","80668437","80668723","KN294172v1","439163","439451","61","80229274"
"chr1","80784533","80784772","KN297165v1","2791889","2792134","76","77992644"
"chr1","80830965","80831261","KN296187v1","803116","803397","66","80027849"
"chr1","80832224","80832474","KN294570v1","372173","372407","66","80460051"
"chr1","80916307","80916607","KN297158v1","217699","217992","69","80698608"
"chr1","81065877","81066147","KN294454v1","37387","37658","70","81028490"
"chr1","81130887","81131146","KN295236v1","1037218","1037472","64","80093669"
"chr1","81203867","81203951","KN296503v1","301514","301599","14","80902353"
"chr1","81302131","81302303","KN294239v1","1595659","1595826","35","79706472"
"chr1","81322307","81322437","KN294747v1","1176877","1177008","27","80145430"
"chr1","81342542","81342754","KN297242v1","1471732","1471942","43","79870810"
"chr1","81380358","81380655","KN295984v1","1299071","1299366","64","80081287"
"chr1","81449262","81449546","KN295962v1","515514","515803","80","80933748"
"chr1","81496189","81496468","KN294470v1","2313287","2313568","71","79182902"
"chr1","81542213","81542513","KN294911v1","3277381","3277683","59","78264832"
"chr1","81585294","81585372","KN295236v1","3085338","3085412","17","78499956"
"chr1","81585419","81585598","KN297133v1","752216","752384","38","80833203"
"chr1","81621603","81621870","KN297458v1","490593","490855","80","81131010"
"chr1","81697876","81698166","KN294964v1","783852","784139","49","80914024"
"chr1","81756846","81757122","KN296311v1","3805875","3806153","71","77950971"
"chr1","81775022","81775316","KN295941v1","2103630","2103913","65","79671392"
"chr1","81808526","81808849","KN296378v1","443231","443542","72","81365295"
"chr1","81828497","81828733","KN296019v1","29287","29521","56","81799210"
"chr1","81963380","81963496","KN294235v1","784908","785024","20","81178472"
"chr1","82332463","82332683","KN295962v1","1081542","1081752","54","81250921"
"chr1","82411640","82411907","KN295744v1","187097","187357","57","82224543"
"chr1","82434855","82434972","KN294677v1","121462","121574","19","82313393"
"chr1","82565757","82566070","KN295825v1","1463462","1463784","82","81102295"
"chr1","82605534","82605845","KN294790v1","3158026","3158331","77","79447508"
"chr1","82655217","82655531","KN296486v1","1910007","1910320","69","80745210"
"chr1","82710254","82710564","KN296017v1","366720","367014","70","82343534"
"chr1","82713420","82713580","KN296498v1","152262","152426","35","82561158"
"chr1","82773889","82774147","KN296311v1","6342606","6342865","61","76431283"
"chr1","82788162","82788482","KN296119v1","5786271","5786591","64","77001891"
"chr1","82895887","82896179","KN296682v1","3205908","3206201","60","79689979"
"chr1","82956135","82956253","KN296505v1","351774","351891","14","82604361"
"chr1","82965158","82965370","KN295974v1","3068927","3069131","46","79896231"
"chr1","83031351","83031638","KN294396v1","149518","149803","68","82881833"
"chr1","83119251","83119543","KN295725v1","1528030","1528323","74","81591221"
"chr1","83141809","83142097","KN296290v1","24611","24902","73","83117198"
"chr1","83148178","83148481","KN294685v1","757490","757789","58","82390688"
"chr1","83148953","83149243","KN296846v1","381464","381753","77","82767489"
"chr1","83149538","83149568","KN294842v1","266405","266439","5","82883133"
"chr1","83179122","83179435","KN294325v1","1017631","1017939","60","82161491"
"chr1","83179983","83180284","KN297320v1","1234476","1234772","55","81945507"
"chr1","83185174","83185297","KN297008v1","484099","484223","20","82701075"
"chr1","83247862","83247988","KN295034v1","289848","289972","21","82958014"
"chr1","83297643","83297946","KN296120v1","16050","16342","62","83281593"
"chr1","83471816","83472113","KN294540v1","1081213","1081509","61","82390603"
"chr1","83519120","83519402","KN294458v1","570570","570851","61","82948550"
"chr1","83547625","83547945","KN297343v1","433833","434130","72","83113792"
"chr1","83605758","83605879","KN296036v1","1966257","1966378","23","81639501"
"chr1","83642998","83643304","KN296508v1","2151971","2152273","70","81491027"
"chr1","83674441","83674736","KN294879v1","355280","355576","63","83319161"
"chr1","83727580","83727868","KN296119v1","3291309","3291604","68","80436271"
"chr1","83769027","83769304","KN295405v1","1369069","1369345","60","82399958"
"chr1","83845851","83845966","KN294257v1","115159","115274","22","83730692"
"chr1","84060995","84061297","KN295117v1","7501","7805","60","84053494"
"chr1","84109965","84110149","KN297276v1","183307","183477","55","83926658"
"chr1","84136140","84136264","KN294172v1","3288243","3288371","21","80847897"
"chr1","84311938","84312206","KN296538v1","1421061","1421321","66","82890877"
"chr1","84323346","84323648","KN296378v1","872347","872646","76","83450999"
"chr1","84361934","84362232","KN296145v1","1496963","1497260","50","82864971"
"chr1","85069837","85070118","KN296649v1","152836","153122","65","84917001"
"chr1","85082079","85082387","KN295708v1","2481055","2481359","66","82601024"
"chr1","85230526","85230826","KN295397v1","5352","5638","63","85225174"
"chr1","85231787","85232067","KN295732v1","274618","274896","52","84957169"
"chr1","85317298","85317477","KN297274v1","28222","28391","50","85289076"
"chr1","85344094","85344399","KN294419v1","9572","9874","64","85334522"
"chr1","85407454","85407634","KN294711v1","1171150","1171324","46","84236304"
"chr1","85418199","85418490","KN295744v1","654344","654638","52","84763855"
"chr1","85430261","85430530","KN295820v1","827923","828191","61","84602338"
"chr1","85432000","85432253","KN295974v1","1988349","1988613","67","83443651"
"chr1","85434182","85434303","KN294527v1","234670","234791","19","85199512"
"chr1","85439817","85440133","KN296290v1","775055","775367","59","84664762"
"chr1","85471658","85471939","KN295825v1","1930585","1930851","62","83541073"
"chr1","85565412","85565698","KN297141v1","103409","103698","61","85462003"
"chr1","85805429","85805714","KN296481v1","518302","518590","52","85287127"
"chr1","85826639","85826810","KN296825v1","1485902","1486067","30","84340737"
"chr1","85870851","85871147","KN296178v1","571751","572037","81","85299100"
"chr1","85966974","85967270","KN296153v1","3185078","3185370","53","82781896"
"chr1","85984987","85985288","KN296481v1","77336","77629","66","85907651"
"chr1","85986757","85987001","KN294486v1","1199113","1199343","57","84787644"
"chr1","85989992","85990120","KN297154v1","1037116","1037239","24","84952876"
"chr1","86008470","86008729","KN296682v1","3048743","3048987","74","82959727"
"chr1","86011555","86011832","KN294187v1","147289","147562","62","85864266"
"chr1","86059935","86060219","KN295343v1","647311","647595","64","85412624"
"chr1","86144122","86144404","KN294410v1","96926","97205","65","86047196"
"chr1","86155134","86155428","KN295343v1","722200","722487","65","85432934"
"chr1","86171768","86172070","KN296261v1","36127","36433","56","86135641"
"chr1","86206949","86207199","KN294644v1","1460899","1461131","65","84746050"
"chr1","86247558","86247861","KN295605v1","573138","573440","66","85674420"
"chr1","86294361","86294649","KN294239v1","643513","643805","62","85650848"
"chr1","86312160","86312463","KN297320v1","1234476","1234772","62","85077684"
"chr1","86373569","86373869","KN294728v1","1536659","1536964","62","84836910"
"chr1","86384476","86384775","KN297320v1","1234476","1234772","59","85150000"
"chr1","86393574","86393692","KN295936v1","1084591","1084708","14","85308983"
"chr1","86434953","86435257","KN296019v1","466074","466382","49","85968879"
"chr1","86438747","86438929","KN294705v1","1593733","1593920","41","84845014"
"chr1","86451552","86451818","KN296075v1","180417","180680","53","86271135"
"chr1","86464622","86464913","KN296643v1","161621","161907","54","86303001"
"chr1","86495377","86495677","KN295725v1","1528030","1528323","57","84967347"
"chr1","86549169","86549329","KN295586v1","3253879","3254033","34","83295290"
"chr1","86584179","86584454","KN296864v1","3246461","3246762","70","83337718"
"chr1","86603576","86603874","KN297320v1","1234476","1234772","53","85369100"
"chr1","86606228","86606436","KN297219v1","2392848","2393060","40","84213380"
"chr1","86622099","86622226","KN294961v1","52673","52803","21","86569426"
"chr1","86623165","86623451","KN294479v1","80422","80699","64","86542743"
"chr1","86626722","86627024","KN294187v1","2004298","2004605","71","84622424"
"chr1","86630183","86630308","KN294991v1","926087","926213","18","85704096"
"chr1","86642499","86642795","KN296225v1","641773","642064","60","86000726"
"chr1","86643446","86643740","KN296225v1","641773","642064","58","86001673"
"chr1","86647904","86648169","KN295898v1","668213","668498","68","85979691"
"chr1","86653054","86653322","KN294991v1","1414666","1414927","62","85238388"
"chr1","86655106","86655127","KN294470v1","671257","671276","10","85983849"
"chr1","86655867","86656000","KN294410v1","20948","21083","36","86634919"
"chr1","86664208","86664231","KN294873v1","1528953","1528975","4","85135255"
"chr1","86684129","86684405","KN294458v1","570570","570851","50","86113559"
"chr1","86686142","86686428","KN294539v1","1350436","1350725","65","85335706"
"chr1","86702361","86702611","KN294864v1","528077","528317","59","86174284"
"chr1","86714003","86714308","KN294396v1","326030","326339","66","86387973"
"chr1","86785024","86785212","KN297165v1","1244473","1244661","47","85540551"
"chr1","86815693","86815990","KN294842v1","674268","674560","61","86141425"
"chr1","86826419","86826710","KN296496v1","867260","867550","55","85959159"
"chr1","87007292","87007360","KN294619v1","1424683","1424756","16","85582609"
"chr1","87069416","87069687","KN296884v1","894322","894593","79","86175094"
"chr1","87095582","87095897","KN296247v1","558050","558361","71","86537532"
"chr1","87109531","87109648","KN296752v1","514934","515051","16","86594597"
"chr1","87174782","87174919","KN297165v1","608618","608750","32","86566164"
"chr1","87174945","87175105","KN296153v1","1464656","1464817","32","85710289"
"chr1","87187475","87187732","KN295898v1","722107","722369","54","86465368"
"chr1","87193833","87194141","KN294630v1","741362","741665","56","86452471"
"chr1","87201522","87201853","KN296864v1","2782313","2782636","72","84419209"
"chr1","87319793","87319999","KN296200v1","854794","854990","61","86464999"
"chr1","87322724","87323038","KN294470v1","3146483","3146791","58","84176241"
"chr1","87367528","87367804","KN296635v1","2146588","2146866","52","85220940"
"chr1","87398305","87398607","KN295744v1","676379","676683","63","86721926"
"chr1","87407261","87407529","KN294668v1","2075847","2076129","70","85331414"
"chr1","87410648","87410933","KN295592v1","1041545","1041836","61","86369103"
"chr1","87427498","87427619","KN295708v1","321663","321784","22","87105835"
"chr1","87505037","87505350","KN294214v1","1546443","1546751","60","85958594"
"chr1","87673099","87673405","KN295667v1","676400","676706","64","86996699"
"chr1","87700552","87700853","KN295936v1","2737563","2737863","66","84962989"
"chr1","87757764","87757888","KN297008v1","1081151","1081267","34","86676613"
"chr1","88054090","88054220","KN295239v1","160158","160290","24","87893932"
"chr1","88115545","88115834","KN297319v1","595563","595848","51","87519982"
"chr1","88136688","88137019","KN295107v1","171449","171763","73","87965239"
"chr1","88155323","88155634","KN296365v1","578722","579023","67","87576601"
"chr1","88185566","88185753","KN297044v1","177090","177263","38","88008476"
"chr1","88226474","88226750","KN294733v1","143432","143710","52","88083042"
"chr1","88236812","88237109","KN294257v1","2271748","2272051","63","85965064"
"chr1","88265369","88265648","KN296503v1","277760","278046","61","87987609"
"chr1","88265675","88265696","KN296096v1","2434273","2434293","4","85831402"
"chr1","88308943","88309250","KN296119v1","5283826","5284143","63","83025117"
"chr1","88309570","88309861","KN294451v1","924738","925018","60","87384832"
"chr1","88324376","88324679","KN294521v1","511105","511400","65","87813271"
"chr1","88336866","88337139","KN297046v1","3162581","3162854","61","85174285"
"chr1","88345215","88345504","KN294457v1","146002","146299","76","88199213"
"chr1","88347251","88347541","KN294842v1","1100520","1100812","55","87246731"
"chr1","88389622","88389911","KN295936v1","240644","240938","60","88148978"
"chr1","88399038","88399323","KN296153v1","3558916","3559205","57","84840122"
"chr1","88409264","88409477","KN294728v1","534448","534664","58","87874816"
"chr1","88435135","88435427","KN294199v1","797317","797602","57","87637818"
"chr1","88517511","88517820","KN296580v1","250993","251295","66","88266518"
"chr1","88536764","88537072","KN295995v1","1950472","1950766","66","86586292"
"chr1","88676331","88676543","KN294604v1","24279","24489","43","88652052"
"chr1","88693719","88694007","KN295241v1","55670","55954","77","88638049"
"chr1","88728550","88728675","KN295708v1","2162566","2162690","24","86565984"
"chr1","88783405","88783712","KN294410v1","427697","427996","63","88355708"
"chr1","89229073","89229378","KN295692v1","706040","706341","66","88523033"
"chr1","89309743","89310063","KN296200v1","87528","87838","71","89222215"
"chr1","89616841","89617139","KN294987v1","1079259","1079566","71","88537582"
"chr1","89636462","89636768","KN294630v1","741362","741665","61","88895100"
"chr1","89795805","89795953","KN294187v1","964325","964471","36","88831480"
"chr1","89875969","89876264","KN295059v1","551841","552123","29","89324128"
"chr1","89888528","89888815","KN295059v1","531296","531585","15","89357232"
"chr1","89980405","89980694","KN295059v1","424053","424343","27","89556352"
"chr1","90070843","90071147","KN295988v1","1298782","1299086","55","88772061"
"chr1","90121371","90121545","KN295059v1","287802","287979","16","89833569"
"chr1","90154870","90155174","KN296294v1","170581","170878","58","89984289"
"chr1","90157363","90157536","KN295059v1","251182","251346","14","89906181"
"chr1","90186440","90186724","KN294187v1","147289","147562","68","90039151"
"chr1","90197739","90198032","KN295059v1","197810","198093","25","89999929"
"chr1","90199010","90199316","KN295059v1","196209","196513","15","90002801"
"chr1","90212502","90212796","KN295059v1","182266","182565","13","90030236"
"chr1","90221168","90221258","KN295059v1","173202","173283","12","90047966"
"chr1","90238975","90239169","KN295059v1","155353","155539","20","90083622"
"chr1","90276415","90276685","KN295059v1","125243","125508","14","90151172"
"chr1","90279232","90279518","KN295059v1","122402","122687","12","90156830"
"chr1","90304094","90304397","KN295059v1","96914","97229","30","90207180"
"chr1","90340980","90341284","KN295059v1","57773","58079","31","90283207"
"chr1","90350599","90350850","KN295059v1","47053","47294","23","90303546"
"chr1","90356921","90357204","KN295059v1","40697","41010","48","90316224"
"chr1","90399933","90400215","KN296024v1","5683","5975","28","90394250"
"chr1","90408941","90409151","KN295034v1","775856","776060","55","89633085"
"chr1","90422083","90422361","KN294410v1","116488","116768","61","90305595"
"chr1","90427069","90427280","KN296024v1","34174","34385","12","90392895"
"chr1","90445481","90445641","KN296024v1","57380","57540","10","90388101"
"chr1","90445943","90446083","KN296024v1","57842","57988","11","90388101"
"chr1","90466622","90466952","KN295898v1","87508","87821","87","90379114"
"chr1","90555120","90555393","KN296024v1","193810","194080","17","90361310"
"chr1","90604069","90604356","KN294570v1","332997","333297","72","90271072"
"chr1","90804869","90804959","KN295591v1","125979","126060","11","90678890"
"chr1","90906883","90907188","KN295591v1","221160","221472","26","90685723"
"chr1","90977880","90978137","KN295591v1","302684","302942","30","90675196"
"chr1","90996383","90996464","KN295591v1","321252","321327","8","90675131"
"chr1","91045305","91045481","KN295591v1","368078","368243","17","90677227"
"chr1","91121542","91121853","KN295591v1","455644","455930","52","90665898"
"chr1","91193885","91194170","KN295591v1","545523","545806","26","90648362"
"chr1","91202123","91202429","KN295591v1","554465","554777","23","90647658"
"chr1","91202609","91202898","KN295591v1","554950","555241","22","90647659"
"chr1","91213410","91213709","KN295591v1","566474","566773","22","90646936"
"chr1","91225936","91226072","KN295591v1","578585","578718","19","90647351"
"chr1","91347983","91348277","KN295591v1","705545","705842","21","90642438"
"chr1","91359601","91359801","KN295591v1","717370","717574","13","90642231"
"chr1","91361324","91361623","KN295591v1","719103","719398","24","90642221"
"chr1","91364237","91364561","KN296505v1","546011","546322","65","90818226"
"chr1","91378093","91378364","KN295591v1","735642","735957","57","90642451"
"chr1","91387247","91387525","KN295591v1","745641","745936","28","90641606"
"chr1","91410776","91411052","KN295591v1","768802","769081","21","90641974"
"chr1","91440808","91441103","KN295591v1","802761","803058","28","90638047"
"chr1","91494822","91495120","KN295591v1","846019","846328","36","90648803"
"chr1","91781027","91781197","KN295591v1","1154824","1154994","10","90626203"
"chr1","91894086","91894205","KN296732v1","2816856","2816975","16","89077230"
"chr1","91894252","91894423","KN296577v1","94290","94455","30","91799962"
"chr1","91980977","91981042","KN296982v1","361834","361896","20","91619143"
"chr1","92018680","92018958","KN295591v1","1406922","1407207","24","90611758"
"chr1","92068590","92068839","KN295591v1","1474366","1474619","16","90594224"
"chr1","92092250","92092518","KN296955v1","440689","440965","81","91651561"
"chr1","92145991","92146165","KN295591v1","1552255","1552435","17","90593736"
"chr1","92151353","92151577","KN295591v1","1557613","1557818","35","90593740"
"chr1","92154391","92154680","KN295591v1","1560708","1560983","32","90593683"
"chr1","92167625","92167830","KN295591v1","1574535","1574738","12","90593090"
"chr1","92184581","92184897","KN295337v1","554462","554771","65","91630119"
"chr1","92273479","92273779","KN297058v1","66184","66484","26","92207295"
"chr1","92299792","92299919","KN297058v1","93489","93618","9","92206303"
"chr1","92305357","92305660","KN297058v1","99510","99823","24","92205847"
"chr1","92318720","92319012","KN297058v1","113472","113786","45","92205248"
"chr1","92401889","92402156","KN294172v1","6698523","6698796","66","85703366"
"chr1","92530508","92530795","KN297058v1","315074","315390","50","92215434"
"chr1","92541753","92541881","KN297058v1","327287","327415","10","92214466"
"chr1","92547993","92548288","KN297058v1","333246","333524","27","92214747"
"chr1","92600870","92601152","KN297058v1","387769","388051","18","92213101"
"chr1","92603516","92603746","KN297058v1","390398","390623","19","92213118"
"chr1","92642946","92643238","KN297058v1","434846","435128","44","92208100"
"chr1","92672457","92672719","KN296557v1","1166263","1166527","20","91506194"
"chr1","92704035","92704345","KN296557v1","1134838","1135145","30","91569197"
"chr1","92712712","92713001","KN297058v1","516994","517277","28","92195718"
"chr1","92745255","92745535","KN296635v1","4612218","4612502","66","88133037"
"chr1","92805614","92805839","KN296557v1","1033553","1033776","14","91772061"
"chr1","92806350","92806688","KN296557v1","1032717","1033056","25","91773633"
"chr1","92832373","92832661","KN296557v1","1005880","1006173","33","91826493"
"chr1","92905603","92905901","KN296557v1","950434","950727","27","91955169"
"chr1","92907494","92907770","KN294503v1","78637","78910","71","92828857"
"chr1","92911417","92911701","KN296557v1","943959","944243","19","91967458"
"chr1","92937351","92937597","KN295984v1","1631338","1631594","81","91306013"
"chr1","92944163","92944464","KN296557v1","909780","910074","23","92034383"
"chr1","92962027","92962307","KN296557v1","891864","892163","40","92070163"
"chr1","93015880","93016122","KN296557v1","838364","838600","45","92177516"
"chr1","93016920","93017251","KN295984v1","1744351","1744667","75","91272569"
"chr1","93017257","93017559","KN295666v1","1087247","1087544","48","91930010"
"chr1","93020408","93020706","KN296557v1","833580","833872","34","92186828"
"chr1","93030822","93031125","KN295701v1","829678","829962","77","92201144"
"chr1","93035104","93035279","KN296557v1","814011","814187","6","92221093"
"chr1","93087240","93087445","KN296557v1","766806","767000","18","92320434"
"chr1","93123214","93123507","KN296557v1","730077","730366","21","92393137"
"chr1","93133495","93133771","KN296557v1","719398","719674","20","92414097"
"chr1","93210967","93211256","KN296557v1","638924","639224","28","92572043"
"chr1","93222645","93222949","KN296289v1","18753","19047","58","93203892"
"chr1","93260517","93260774","KN296096v1","1827942","1828211","57","91432575"
"chr1","93270334","93270673","KN296557v1","574071","574394","47","92696263"
"chr1","93272597","93272882","KN296557v1","571816","572104","15","92700781"
"chr1","93296672","93296803","KN296921v1","2810176","2810302","20","90486496"
"chr1","93300418","93300676","KN296557v1","544662","544920","19","92755756"
"chr1","93302825","93303082","KN296557v1","542249","542512","22","92760576"
"chr1","93303472","93303755","KN296557v1","541590","541870","21","92761882"
"chr1","93304626","93304846","KN296557v1","540509","540731","12","92764117"
"chr1","93312162","93312455","KN296557v1","530494","530776","35","92781668"
"chr1","93326622","93326925","KN294287v1","522754","523057","56","92803868"
"chr1","93327883","93328164","KN296557v1","513571","513844","26","92814312"
"chr1","93331232","93331247","KN294271v1","75067","75079","4","93256165"
"chr1","93331546","93331726","KN297319v1","382924","383108","54","92948622"
"chr1","93332049","93332185","KN295965v1","146854","146987","22","93185195"
"chr1","93334847","93335063","KN296557v1","505638","505861","25","92829209"
"chr1","93344058","93344345","KN296557v1","496782","497073","30","92847276"
"chr1","93356521","93356827","KN294501v1","4343250","4343555","76","89013271"
"chr1","93358629","93358917","KN296557v1","484376","484681","38","92874253"
"chr1","93370002","93370300","KN296557v1","474683","474982","17","92895319"
"chr1","93370364","93370672","KN296557v1","474319","474619","33","92896045"
"chr1","93381165","93381281","KN295996v1","406819","406936","12","92974346"
"chr1","93420698","93421019","KN296557v1","424425","424750","26","92996273"
"chr1","93424638","93424785","KN296557v1","422068","422216","5","93002570"
"chr1","93428438","93428560","KN296557v1","420080","420202","3","93008358"
"chr1","93433571","93433850","KN296557v1","414562","414844","18","93019009"
"chr1","93445558","93445881","KN296557v1","402415","402740","41","93043143"
"chr1","93449302","93449600","KN296381v1","152790","153083","71","93296512"
"chr1","93460723","93461047","KN296557v1","387593","387890","79","93073130"
"chr1","93465280","93465395","KN296557v1","382818","382933","4","93082462"
"chr1","93480481","93480649","KN296557v1","368001","368158","21","93112480"
"chr1","93499816","93499997","KN295744v1","654144","654333","50","92845672"
"chr1","93504974","93505279","KN296557v1","342283","342590","23","93162691"
"chr1","93510097","93510317","KN296557v1","337773","337998","15","93172324"
"chr1","93515360","93515638","KN296557v1","332359","332640","21","93183001"
"chr1","93532725","93532999","KN296557v1","314917","315186","17","93217808"
"chr1","93547910","93548181","KN295294v1","3358227","3358501","54","90189683"
"chr1","93567649","93567817","KN296557v1","277939","278106","21","93289710"
"chr1","93610524","93610826","KN296557v1","232864","233164","15","93377660"
"chr1","93647285","93647586","KN296557v1","197391","197658","45","93449894"
"chr1","93691345","93691633","KN296557v1","155281","155578","31","93536064"
"chr1","93709358","93709563","KN295075v1","455","667","50","93708903"
"chr1","93736822","93736959","KN296557v1","102828","102972","10","93633994"
"chr1","93737266","93737358","KN296557v1","102420","102512","8","93634846"
"chr1","93751878","93752160","KN296557v1","87543","87827","26","93664335"
"chr1","93760815","93761117","KN296847v1","4573","4868","61","93756242"
"chr1","93768393","93768550","KN296557v1","65917","66073","10","93702476"
"chr1","93771518","93771836","KN296557v1","62614","62936","27","93708904"
"chr1","93774873","93775155","KN296557v1","58976","59256","23","93715897"
"chr1","93799262","93799562","KN295936v1","2499504","2499800","50","91299758"
"chr1","93802494","93802794","KN296557v1","33540","33814","37","93768954"
"chr1","93814867","93815185","KN296557v1","21467","21808","56","93793400"
"chr1","93838998","93839273","KN294698v1","187679","187936","51","93651319"
"chr1","93849123","93849417","KN294698v1","176911","177212","22","93672212"
"chr1","93865048","93865348","KN294499v1","1398482","1398785","62","92466566"
"chr1","93866448","93866562","KN296158v1","132467","132583","26","93733981"
"chr1","93889086","93889200","KN294698v1","141475","141589","4","93747611"
"chr1","93892675","93892795","KN294698v1","137583","137714","17","93755092"
"chr1","93899354","93899647","KN294698v1","130742","131043","41","93768612"
"chr1","93906899","93907022","KN295566v1","220119","220242","25","93686780"
"chr1","93911829","93911955","KN294698v1","118596","118721","12","93793233"
"chr1","93923026","93923313","KN294698v1","100727","101013","54","93822299"
"chr1","93923325","93923445","KN296225v1","181686","181806","21","93741639"
"chr1","93945182","93945292","KN294698v1","78527","78644","16","93866655"
"chr1","93984963","93985209","KN294671v1","193489","193741","66","93791474"
"chr1","93997484","93997760","KN294208v1","701963","702240","53","93295521"
"chr1","94013142","94013438","KN294698v1","21064","21324","49","93992078"
"chr1","94043404","94043678","KN296153v1","960264","960545","70","93083140"
"chr1","94049615","94049904","KN295936v1","2499504","2499800","58","91550111"
"chr1","94089667","94089950","KN295523v1","2851176","2851466","58","91238491"
"chr1","94092842","94093161","KN297112v1","975415","975744","46","93117427"
"chr1","94114164","94114453","KN294147v1","1124931","1125216","65","92989233"
"chr1","94129940","94130225","KN296538v1","942113","942398","66","93187827"
"chr1","94132591","94132890","KN295596v1","879252","879556","69","93253339"
"chr1","94146273","94146552","KN296187v1","803116","803397","58","93343157"
"chr1","94164143","94164299","KN296466v1","190914","191060","32","93973229"
"chr1","94174069","94174377","KN294630v1","741362","741665","55","93432707"
"chr1","94189777","94190066","KN295301v1","241846","242147","61","93947931"
"chr1","94204023","94204152","KN295236v1","6204937","6205070","22","87999086"
"chr1","94206935","94207229","KN294407v1","3269650","3269942","85","90937285"
"chr1","94219092","94219378","KN296913v1","1365167","1365453","61","92853925"
"chr1","94226274","94226564","KN296714v1","169311","169605","67","94056963"
"chr1","94226572","94226687","KN297219v1","1634152","1634267","23","92592420"
"chr1","94226985","94227165","KN294685v1","1238275","1238467","42","92988710"
"chr1","94228369","94228671","KN296486v1","1337566","1337861","60","92890803"
"chr1","94233463","94233698","KN295205v1","1305969","1306219","63","92927494"
"chr1","94247009","94247299","KN296225v1","677390","677682","56","93569619"
"chr1","94248606","94248781","KN296486v1","164391","164572","34","94084215"
"chr1","94249095","94249235","KN296244v1","533683","533825","30","93715412"
"chr1","94249244","94249541","KN294407v1","1150502","1150799","54","93098742"
"chr1","94254719","94255012","KN297245v1","2036362","2036663","65","92218357"
"chr1","94258996","94259283","KN297108v1","252351","252636","49","94006645"
"chr1","94262736","94262868","KN295744v1","570319","570448","24","93692417"
"chr1","94264367","94264654","KN294879v1","651657","651939","56","93612710"
"chr1","94268478","94268758","KN295405v1","504647","504932","47","93763831"
"chr1","94297715","94297979","KN297442v1","1017634","1017889","58","93280081"
"chr1","94306661","94306951","KN296311v1","7907830","7908116","58","86398831"
"chr1","94326347","94326647","KN295591v1","705545","705842","62","93620802"
"chr1","94334924","94335227","KN295596v1","879252","879556","73","93455672"
"chr1","94338634","94338918","KN295708v1","2363622","2363910","52","91975012"
"chr1","94368398","94368720","KN295610v1","684422","684740","89","93683976"
"chr1","94389799","94390094","KN295090v1","2290575","2290869","55","92099224"
"chr1","94391384","94391691","KN296311v1","7761756","7762065","65","86629628"
"chr1","94393992","94394270","KN295326v1","175852","176139","70","94218140"
"chr1","94395129","94395377","KN296062v1","1255704","1255943","64","93139425"
"chr1","94403171","94403448","KN294733v1","143432","143710","54","94259739"
"chr1","94407188","94407473","KN294548v1","806464","806751","53","93600724"
"chr1","94415646","94415945","KN296508v1","1810667","1810964","60","92604979"
"chr1","94423364","94423654","KN295803v1","1287741","1288030","58","93135623"
"chr1","94424529","94424652","KN294540v1","1194531","1194655","17","93229998"
"chr1","94434304","94434608","KN296547v1","285164","285470","60","94149140"
"chr1","94438253","94438315","KN295236v1","3467166","3467228","16","90971087"
"chr1","94464805","94464960","KN296145v1","3055887","3056045","33","91408918"
"chr1","94465260","94465405","KN296072v1","131762","131910","31","94333498"
"chr1","94477501","94477791","KN294613v1","72863","73148","66","94404638"
"chr1","94479771","94479959","KN294407v1","1044855","1045047","55","93434916"
"chr1","94484899","94485204","KN296481v1","88757","89064","66","94396142"
"chr1","94492216","94492460","KN294419v1","264571","264790","80","94227645"
"chr1","94497574","94497851","KN295607v1","4408934","4409181","78","90088640"
"chr1","94504059","94504353","KN294407v1","664620","664920","60","93839439"
"chr1","94518532","94518780","KN295161v1","299556","299791","62","94218976"
"chr1","94518974","94519270","KN295368v1","1241121","1241425","61","93277853"
"chr1","94536931","94537229","KN296187v1","2652299","2652597","65","91884632"
"chr1","94537983","94538258","KN296153v1","3507524","3507812","63","91030459"
"chr1","94544015","94544322","KN295753v1","38327","38625","55","94505688"
"chr1","94558044","94558208","KN296153v1","3871226","3871389","50","90686818"
"chr1","94559862","94560127","KN296864v1","3187581","3187876","68","91372281"
"chr1","94565238","94565440","KN295607v1","3825560","3825750","53","90739678"
"chr1","94578739","94579031","KN294630v1","691275","691571","53","93887464"
"chr1","94594620","94594915","KN296153v1","1905293","1905579","59","92689327"
"chr1","94600828","94601118","KN295586v1","2908076","2908370","63","91692752"
"chr1","94602166","94602454","KN296180v1","198551","198830","62","94403615"
"chr1","94611872","94612154","KN297442v1","1544491","1544771","62","93067381"
"chr1","94617542","94617849","KN294650v1","449966","450279","69","94167576"
"chr1","94624055","94624231","KN295441v1","1599834","1600008","40","93024221"
"chr1","94651482","94651707","KN295441v1","1067325","1067540","41","93584157"
"chr1","94653395","94653651","KN294613v1","390259","390509","66","94263136"
"chr1","94675818","94676058","KN294873v1","1193100","1193340","50","93482718"
"chr1","94682965","94683264","KN294453v1","4527","4826","62","94678438"
"chr1","94686406","94686689","KN294520v1","296869","297156","65","94389537"
"chr1","94700023","94700287","KN296178v1","778827","779097","50","93921196"
"chr1","94704167","94704450","KN294831v1","109438","109722","57","94594729"
"chr1","94730198","94730380","KN295962v1","1829544","1829718","37","92900654"
"chr1","94734291","94734609","KN295692v1","706040","706341","67","94028251"
"chr1","94738086","94738322","KN296153v1","3562039","3562276","51","91176047"
"chr1","94753056","94753355","KN296322v1","2221545","2221850","63","92531511"
"chr1","94783020","94783220","KN296119v1","2468525","2468729","43","92314495"
"chr1","94783263","94783475","KN294199v1","657786","657993","42","94125477"
"chr1","94794135","94794236","KN294728v1","948090","948191","17","93846045"
"chr1","94800478","94800776","KN295748v1","306457","306755","64","94494021"
"chr1","94824800","94825091","KN296682v1","4827227","4827514","61","89997573"
"chr1","94836193","94836488","KN297205v1","308098","308396","54","94528095"
"chr1","94839819","94840119","KN295605v1","246767","247065","63","94593052"
"chr1","94841607","94841866","KN296864v1","1010996","1011228","78","93830611"
"chr1","94844602","94844718","KN294416v1","260715","260831","18","94583887"
"chr1","94855127","94855377","KN294506v1","330224","330476","53","94524903"
"chr1","94868302","94868604","KN295090v1","2290575","2290869","48","92577727"
"chr1","94869603","94869861","KN296119v1","5549744","5550001","68","89319859"
"chr1","94884693","94884992","KN295591v1","745641","745936","55","94139052"
"chr1","94892395","94892634","KN294181v1","675840","676075","71","94216555"
"chr1","94896550","94896681","KN295893v1","1617389","1617519","19","93279161"
"chr1","94918867","94919115","KN296153v1","3942910","3943151","54","90975957"
"chr1","95034085","95034374","KN296145v1","809194","809494","65","94224891"
"chr1","95035947","95036245","KN296538v1","1793220","1793524","54","93242727"
"chr1","95102025","95102318","KN296864v1","3246461","3246762","60","91855564"
"chr1","95124766","95125095","KN295744v1","676379","676683","76","94448387"
"chr1","95136548","95136837","KN295962v1","1993273","1993564","58","93143275"
"chr1","95144505","95144637","KN294420v1","758999","759134","21","94385506"
"chr1","95194141","95194300","KN296795v1","713732","713867","44","94480409"
"chr1","95194604","95194787","KN294269v1","851307","851479","40","94343297"
"chr1","95196486","95196603","KN296186v1","3788","3904","21","95192698"
"chr1","95240285","95240569","KN294439v1","232463","232750","57","95007822"
"chr1","95264427","95264707","KN295236v1","4241983","4242261","55","91022444"
"chr1","95264757","95264887","KN294410v1","495531","495660","23","94769226"
"chr1","95267069","95267293","KN296119v1","3353927","3354151","59","91913142"
"chr1","95269357","95269662","KN294470v1","3146483","3146791","65","92122874"
"chr1","95277179","95277479","KN295117v1","7501","7805","50","95269678"
"chr1","95284200","95284521","KN294705v1","667414","667731","54","94616786"
"chr1","95291834","95291951","KN294218v1","2770528","2770643","22","92521306"
"chr1","95291954","95292220","KN296732v1","2262561","2262837","60","93029393"
"chr1","95311651","95311954","KN295980v1","487782","488081","61","94823869"
"chr1","95316972","95317275","KN295708v1","2481055","2481359","68","92835917"
"chr1","95336910","95337218","KN295523v1","3868028","3868329","64","91468882"
"chr1","95347934","95348064","KN294172v1","4384631","4384761","21","90963303"
"chr1","95426454","95426748","KN295526v1","910683","910978","56","94515771"
"chr1","95505997","95506278","KN294848v1","912345","912627","62","94593652"
"chr1","95534116","95534365","KN295441v1","1525376","1525645","69","94008740"
"chr1","95600477","95600774","KN295591v1","745641","745936","76","94854836"
"chr1","95603374","95603548","KN296852v1","1331857","1332029","45","94271517"
"chr1","95610181","95610494","KN296749v1","396480","396788","66","95213701"
"chr1","95641015","95641326","KN296825v1","2067323","2067628","60","93573692"
"chr1","95674764","95675072","KN296761v1","306120","306447","80","95368644"
"chr1","95708093","95708377","KN295107v1","1051267","1051565","59","94656826"
"chr1","95711104","95711401","KN296253v1","167394","167691","60","95543710"
"chr1","95723123","95723410","KN294917v1","541555","541838","63","95181568"
"chr1","95817345","95817461","KN294208v1","122705","122817","28","95694640"
"chr1","95860583","95860791","KN296306v1","3032646","3032848","48","92827937"
"chr1","95887348","95887620","KN297108v1","270184","270462","62","95617164"
"chr1","95889489","95889712","KN295236v1","1290784","1291009","52","94598705"
"chr1","95894548","95894849","KN294461v1","21565","21857","72","95872983"
"chr1","95948338","95948420","KN296158v1","1581264","1581342","13","94367074"
"chr1","95978595","95978848","KN295940v1","380517","380765","52","95598078"
"chr1","95997395","95997676","KN295405v1","41788","42075","65","95955607"
"chr1","96036629","96036782","KN294806v1","535637","535792","29","95500992"
"chr1","96036819","96036848","KN295828v1","530926","530952","7","95505893"
"chr1","96045512","96045797","KN294199v1","65187","65474","52","95980325"
"chr1","96088970","96089256","KN296000v1","991682","991967","60","95097288"
"chr1","96139120","96139439","KN294873v1","1357932","1358247","74","94781188"
"chr1","96186049","96186299","KN295236v1","3902484","3902743","71","92283565"
"chr1","96198728","96198857","KN294172v1","1949979","1950096","31","94248749"
"chr1","96221895","96222171","KN296502v1","1187225","1187506","55","95034670"
"chr1","96293520","96293795","KN295096v1","462910","463189","56","95830610"
"chr1","96294815","96294913","KN297190v1","4279321","4279419","15","92015494"
"chr1","96317167","96317289","KN296749v1","544078","544199","17","95773089"
"chr1","96330923","96331048","KN297242v1","1086093","1086216","16","95244830"
"chr1","96348369","96348647","KN297445v1","1303759","1304055","64","95044610"
"chr1","96353649","96353941","KN296831v1","407125","407415","59","95946524"
"chr1","96365659","96365776","KN296119v1","5442855","5442972","19","90922804"
"chr1","96391849","96392170","KN296864v1","3265179","3265496","73","93126670"
"chr1","96427000","96427297","KN294991v1","693040","693334","59","95733960"
"chr1","96458116","96458226","KN294657v1","200023","200138","21","96258093"
"chr1","96464359","96464642","KN296187v1","394985","395272","57","96069374"
"chr1","96474215","96474384","KN295567v1","255631","255793","34","96218584"
"chr1","96474426","96474603","KN296508v1","694391","694567","37","95780035"
"chr1","96476291","96476599","KN297245v1","2036362","2036663","51","94439929"
"chr1","96489729","96489839","KN297190v1","4005131","4005238","24","92484598"
"chr1","96496617","96496859","KN296921v1","2712403","2712646","55","93784214"
"chr1","96499224","96499501","KN294581v1","247251","247526","64","96251973"
"chr1","96499531","96499560","KN296306v1","1383657","1383684","6","95115874"
"chr1","96501097","96501220","KN294790v1","1434382","1434504","20","95066715"
"chr1","96525816","96526108","KN297141v1","103409","103698","59","96422407"
"chr1","96526909","96527206","KN296247v1","427878","428187","67","96099031"
"chr1","96554694","96554985","KN294548v1","114689","114980","59","96440005"
"chr1","96562317","96562609","KN295936v1","2541634","2541930","76","94020683"
"chr1","96609026","96609330","KN294407v1","2651923","2652236","64","93957103"
"chr1","96613022","96613146","KN295552v1","59038","59157","18","96553984"
"chr1","96687934","96688212","KN296635v1","1852883","1853156","56","94835051"
"chr1","96821701","96821973","KN296187v1","1132879","1133141","54","95688822"
"chr1","96855232","96855356","KN295433v1","1384220","1384344","21","95471012"
"chr1","97018500","97018621","KN296926v1","1064368","1064490","19","95954132"
"chr1","97315303","97315587","KN296322v1","1353123","1353401","64","95962180"
"chr1","97538522","97538805","KN295034v1","842387","842672","65","96696135"
"chr1","97603756","97603958","KN294407v1","1805277","1805495","43","95798479"
"chr1","97725537","97725880","KN294571v1","292708","293021","86","97432829"
"chr1","97739076","97739200","KN296311v1","2198203","2198326","18","95540873"
"chr1","97759189","97759507","KN294416v1","125889","126195","66","97633300"
"chr1","97794472","97794761","KN294172v1","734416","734711","63","97060056"
"chr1","97850834","97851144","KN296323v1","1124225","1124521","79","96726609"
"chr1","97932582","97932892","KN297008v1","6395479","6395790","64","91537103"
"chr1","97938020","97938130","KN295852v1","423536","423651","24","97514484"
"chr1","97938417","97938627","KN294933v1","14341","14541","52","97924076"
"chr1","97984414","97984679","KN297322v1","1444904","1445144","69","96539510"
"chr1","97984987","97985062","KN294378v1","268473","268547","18","97716514"
"chr1","98043796","98044073","KN296322v1","1353123","1353401","62","96690673"
"chr1","98081994","98082324","KN296378v1","669464","669762","86","97412530"
"chr1","98182464","98182756","KN296404v1","3404152","3404452","47","94778312"
"chr1","98258795","98259079","KN294161v1","364101","364373","66","97894694"
"chr1","98341883","98342110","KN295984v1","2220161","2220390","57","96121722"
"chr1","98576352","98576538","KN294416v1","75073","75255","37","98501279"
"chr1","98576569","98576679","KN296062v1","2178521","2178637","28","96398048"
"chr1","98716635","98716930","KN295586v1","3098137","3098432","63","95618498"
"chr1","98759828","98760128","KN295308v1","2331353","2331653","62","96428475"
"chr1","98825482","98825742","KN296643v1","417188","417454","57","98408294"
"chr1","98851264","98851576","KN296062v1","170909","171224","57","98680355"
"chr1","98925947","98926237","KN296926v1","1136318","1136599","62","97789629"
"chr1","98958357","98958668","KN295941v1","25521","25834","72","98932836"
"chr1","98997242","98997528","KN294443v1","1300280","1300564","73","97696962"
"chr1","99045509","99045801","KN296262v1","181850","182149","63","98863659"
"chr1","99130942","99131225","KN297117v1","278355","278625","81","98852587"
"chr1","99239129","99239339","KN297205v1","442502","442712","38","98796627"
"chr1","99379727","99379941","KN296119v1","2150554","2150763","41","97229173"
"chr1","99623071","99623337","KN296096v1","1827942","1828211","67","97795129"
"chr1","99675398","99675663","KN297227v1","571697","571969","62","99103701"
"chr1","99776611","99776925","KN296075v1","606483","606792","71","99170128"
"chr1","99790126","99790438","KN294893v1","445554","445861","67","99344572"
"chr1","99874551","99874854","KN295293v1","281183","281490","65","99593368"
"chr1","99903702","99903990","KN295484v1","634266","634551","65","99269436"
"chr1","99921803","99922106","KN296063v1","924974","925273","65","98996829"
"chr1","99961827","99962131","KN295090v1","1378498","1378787","66","98583329"
"chr1","100000862","100000941","KN296221v1","504737","504816","3","99496125"
"chr1","100031822","100032160","KN296221v1","474545","474860","69","99557277"
"chr1","100038587","100038672","KN296541v1","269230","269304","24","99769357"
"chr1","100161719","100162019","KN296221v1","343071","343338","59","99818648"
"chr1","100204386","100204666","KN296221v1","305390","305653","37","99898996"
"chr1","100290342","100290630","KN296221v1","229131","229413","38","100061211"
"chr1","100316060","100316178","KN296865v1","1830643","1830767","36","98485417"
"chr1","100328416","100328734","KN296221v1","188584","188902","33","100139832"
"chr1","100340374","100340677","KN296221v1","177088","177389","22","100163286"
"chr1","100398859","100399025","KN296221v1","118809","118973","10","100280050"
"chr1","100580373","100580642","KN296262v1","499725","500000","45","100080648"
"chr1","100630175","100630480","KN296262v1","446629","446934","37","100183546"
"chr1","100699267","100699548","KN294893v1","458523","458802","62","100240744"
"chr1","100731963","100732238","KN296262v1","349108","349418","47","100382855"
"chr1","100915986","100916290","KN296262v1","181850","182149","26","100734136"
"chr1","100977879","100977994","KN296262v1","119110","119226","7","100858769"
"chr1","101081421","101081737","KN295337v1","754982","755294","63","100326439"
"chr1","101102554","101102852","KN294911v1","4436165","4436462","65","96666389"
"chr1","101106284","101106428","KN294181v1","853771","853912","27","100252513"
"chr1","101106735","101106912","KN296096v1","3910451","3910626","34","97196284"
"chr1","101108700","101109001","KN296017v1","366720","367014","52","100741980"
"chr1","101129896","101130199","KN294384v1","118139","118422","78","101011757"
"chr1","101130901","101131161","KN294535v1","628634","628886","62","100502267"
"chr1","101159234","101159509","KN295613v1","111685","111951","73","101047549"
"chr1","101159809","101160122","KN296311v1","5758888","5759199","54","95400921"
"chr1","101229291","101229586","KN294470v1","3148727","3149019","58","98080564"
"chr1","101244660","101244963","KN296588v1","922323","922632","56","100322337"
"chr1","101262002","101262306","KN294453v1","4527","4826","58","101257475"
"chr1","101269731","101270022","KN294470v1","2756337","2756617","54","98513394"
"chr1","101281034","101281328","KN295692v1","1583853","1584152","64","99697181"
"chr1","101299533","101299664","KN297343v1","353637","353749","40","100945896"
"chr1","101302714","101303000","KN296225v1","641773","642064","58","100660941"
"chr1","101306365","101306473","KN294378v1","994722","994829","18","100311643"
"chr1","101314529","101314820","KN294987v1","797207","797503","61","100517322"
"chr1","101317239","101317450","KN295983v1","770760","770963","45","100546479"
"chr1","101318053","101318275","KN297047v1","2417671","2417893","46","98900382"
"chr1","101324932","101325232","KN296406v1","163962","164264","63","101160970"
"chr1","101330880","101331187","KN297008v1","1477900","1478200","61","99852980"
"chr1","101336213","101336506","KN294453v1","4527","4826","62","101331686"
"chr1","101342450","101342758","KN297245v1","2036362","2036663","64","99306088"
"chr1","101349100","101349209","KN297190v1","4005131","4005238","22","97343969"
"chr1","101350372","101350685","KN294964v1","1674001","1674300","66","99676371"
"chr1","101352856","101353165","KN295923v1","1997557","1997864","61","99355299"
"chr1","101372816","101373115","KN295667v1","1684557","1684863","70","99688259"
"chr1","101377281","101377584","KN295708v1","1860725","1861024","60","99516556"
"chr1","101387974","101388255","KN296311v1","7907830","7908116","61","93480144"
"chr1","101388852","101389152","KN295480v1","1328889","1329193","64","100059963"
"chr1","101410254","101410526","KN295820v1","792314","792591","66","100617940"
"chr1","101438000","101438280","KN297452v1","720306","720592","54","100717694"
"chr1","101441089","101441206","KN295045v1","526689","526806","18","100914400"
"chr1","101510450","101510747","KN296547v1","285164","285470","52","101225286"
"chr1","101514614","101514877","KN295820v1","827923","828191","59","100686691"
"chr1","101518843","101519108","KN296062v1","2481180","2481463","67","99037663"
"chr1","101529920","101530206","KN296714v1","267512","267798","56","101262408"
"chr1","101555289","101555591","KN296508v1","2151971","2152273","67","99403318"
"chr1","101555839","101556125","KN297319v1","595563","595848","55","100960276"
"chr1","101566396","101566567","KN296738v1","168035","168208","38","101398361"
"chr1","101566868","101567009","KN294630v1","59491","59629","30","101507377"
"chr1","101579745","101580047","KN294325v1","853565","853871","77","100726180"
"chr1","101582112","101582388","KN295171v1","306509","306787","52","101275603"
"chr1","101588543","101588667","KN296926v1","1064368","1064490","17","100524175"
"chr1","101591137","101591424","KN295586v1","2908076","2908370","56","98683061"
"chr1","101591921","101592227","KN294893v1","445554","445861","52","101146367"
"chr1","101595511","101595800","KN296507v1","732738","733022","54","100862773"
"chr1","101598332","101598624","KN296404v1","3404152","3404452","49","98194180"
"chr1","101604381","101604498","KN294294v1","170144","170260","16","101434237"
"chr1","101610504","101610714","KN297274v1","370053","370256","49","101240451"
"chr1","101623024","101623141","KN294443v1","1218526","1218637","22","100404498"
"chr1","101627100","101627388","KN295757v1","11934","12212","69","101615166"
"chr1","101628876","101628993","KN295368v1","1825999","1826117","20","99802877"
"chr1","101629919","101630044","KN296079v1","2145473","2145598","27","99484446"
"chr1","101650483","101650611","KN295174v1","309726","309858","23","101340757"
"chr1","101651489","101651778","KN295748v1","233069","233361","69","101418420"
"chr1","101660331","101660612","KN295692v1","1183636","1183901","61","100476695"
"chr1","101661045","101661344","KN296486v1","168000","168300","63","101493045"
"chr1","101675920","101676211","KN295523v1","4159215","4159505","56","97516705"
"chr1","101679571","101679725","KN297133v1","752216","752384","33","100927355"
"chr1","101680286","101680354","KN295708v1","2717059","2717121","18","98963227"
"chr1","101683813","101684084","KN294991v1","1461634","1461903","45","100222179"
"chr1","101686950","101687194","KN295526v1","820270","820520","55","100866680"
"chr1","101693849","101693939","KN295090v1","2375869","2375948","24","99317980"
"chr1","101697637","101697931","KN294842v1","1661936","1662229","52","100035701"
"chr1","101704555","101704855","KN296864v1","3187581","3187876","59","98516974"
"chr1","101706503","101706744","KN295107v1","1171066","1171310","71","100535437"
"chr1","101711043","101711364","KN294650v1","1853446","1853760","74","99857597"
"chr1","101718069","101718364","KN296153v1","1425537","1425832","63","100292532"
"chr1","101753723","101754042","KN296263v1","522599","522904","77","101231124"
"chr1","101760109","101760353","KN294187v1","1544293","1544543","60","100215816"
"chr1","101765750","101765766","KN296865v1","1426167","1426185","4","100339583"
"chr1","101765800","101766082","KN295962v1","1969536","1969818","63","99796264"
"chr1","101803511","101803812","KN297190v1","1417068","1417367","73","100386443"
"chr1","101879236","101879357","KN294790v1","3236928","3237050","20","98642308"
"chr1","101879815","101879938","KN296484v1","628350","628474","15","101251465"
"chr1","101905737","101906022","KN296844v1","1008610","1008889","74","100897127"
"chr1","101918564","101918847","KN294539v1","1350436","1350725","56","100568128"
"chr1","102085204","102085446","KN294864v1","528077","528317","64","101557127"
"chr1","102096339","102096456","KN294613v1","611677","611793","17","101484662"
"chr1","102227505","102227787","KN294454v1","115885","116175","53","102111620"
"chr1","102292965","102293262","KN294421v1","1072315","1072610","61","101220650"
"chr1","102313320","102313594","KN296122v1","514388","514663","58","101798932"
"chr1","102335305","102335551","KN296096v1","2485316","2485572","54","99849989"
"chr1","102412121","102412393","KN295564v1","395309","395586","63","102016812"
"chr1","102423637","102423743","KN295304v1","160069","160174","23","102263568"
"chr1","102424412","102424568","KN295236v1","152581","152741","34","102271831"
"chr1","102511463","102511745","KN294172v1","6137136","6137406","71","96374327"
"chr1","102556788","102557077","KN296505v1","21654","21951","54","102535134"
"chr1","102558188","102558446","KN296178v1","950786","951044","53","101607402"
"chr1","102563077","102563371","KN295586v1","2908076","2908370","68","99655001"
"chr1","102567373","102567491","KN295531v1","34443","34559","16","102532930"
"chr1","102578898","102579189","KN294199v1","370344","370637","63","102208554"
"chr1","102615681","102615969","KN295037v1","31982","32269","17","102583699"
"chr1","102618578","102618863","KN297144v1","577426","577720","75","102041152"
"chr1","102622722","102622985","KN295037v1","38676","38958","40","102584046"
"chr1","102633414","102633718","KN294996v1","423057","423352","73","102210357"
"chr1","102633800","102634118","KN295037v1","49549","49847","39","102584251"
"chr1","102638894","102639085","KN294406v1","60231","60411","46","102578663"
"chr1","102639382","102639513","KN296157v1","1962487","1962619","22","100676895"
"chr1","102639540","102639834","KN295037v1","55320","55615","19","102584220"
"chr1","102649337","102649621","KN295037v1","62437","62727","29","102586900"
"chr1","102656846","102657099","KN295037v1","70720","70975","30","102586126"
"chr1","102658718","102658849","KN295814v1","1707822","1707956","21","100950896"
"chr1","102661996","102662128","KN295037v1","75770","75905","10","102586226"
"chr1","102662472","102662627","KN295037v1","76216","76350","29","102586256"
"chr1","102669103","102669395","KN295037v1","82958","83256","36","102586145"
"chr1","102671765","102672048","KN295962v1","1739068","1739355","56","100932697"
"chr1","102682625","102682903","KN295037v1","96523","96811","28","102586102"
"chr1","102717814","102718120","KN295037v1","134337","134642","21","102583477"
"chr1","102864294","102864591","KN297320v1","1234476","1234772","63","101629818"
"chr1","102882130","102882378","KN295037v1","291017","291268","26","102591113"
"chr1","102884206","102884514","KN295037v1","293397","293687","37","102590809"
"chr1","103387309","103387609","KN297094v1","278575","278875","62","103108734"
"chr1","103437439","103437554","KN295037v1","862261","862380","6","102575178"
"chr1","103469758","103470033","KN295037v1","891818","892094","20","102577940"
"chr1","103471378","103471654","KN295037v1","893441","893737","69","102577937"
"chr1","103480962","103481085","KN295037v1","910371","910482","17","102570591"
"chr1","103531730","103531987","KN295037v1","953717","953982","25","102578013"
"chr1","103618754","103619052","KN295037v1","1043851","1044158","48","102574903"
"chr1","103644230","103644518","KN294396v1","291091","291380","61","103353139"
"chr1","103746697","103746964","KN294372v1","1788777","1789049","70","101957920"
"chr1","103957727","103958021","KN296486v1","1505649","1505946","66","102452078"
"chr1","104055003","104055257","KN294443v1","1226237","1226485","60","102828766"
"chr1","104099364","104099654","KN294570v1","165105","165399","60","103934259"
"chr1","104142096","104142301","KN295006v1","571031","571228","52","103571065"
"chr1","104278911","104279191","KN294569v1","369061","369349","64","103909850"
"chr1","104313035","104313327","KN296486v1","1010661","1010955","70","103302374"
"chr1","104367457","104367744","KN297197v1","1087003","1087288","57","103280454"
"chr1","104396718","104396937","KN296964v1","753660","753869","53","103643058"
"chr1","104495400","104495664","KN294187v1","147289","147562","61","104348111"
"chr1","104541865","104542198","KN295596v1","1508735","1509057","69","103033130"
"chr1","104717693","104718008","KN296984v1","11710","12018","31","104705983"
"chr1","104745575","104745889","KN295294v1","2860409","2860714","79","101885166"
"chr1","104748889","104749168","KN296984v1","45206","45491","41","104703683"
"chr1","104821807","104822118","KN296984v1","106217","106536","30","104715590"
"chr1","105356773","105356933","KN296831v1","418556","418719","37","104938217"
"chr1","105375481","105375682","KN296200v1","213687","213867","56","105161794"
"chr1","105421478","105421750","KN296984v1","237744","238024","35","105183734"
"chr1","105500931","105501210","KN296984v1","237744","238024","25","105263187"
"chr1","105596082","105596227","KN296984v1","356419","356553","22","105239663"
"chr1","105857034","105857337","KN296984v1","645189","645498","41","105211845"
"chr1","105866027","105866311","KN296984v1","658209","658497","23","105207818"
"chr1","105916987","105917327","KN296984v1","707972","708319","42","105209015"
"chr1","106132563","106132871","KN296984v1","932136","932409","59","105200427"
"chr1","106185226","106185518","KN296984v1","989562","989855","33","105195664"
"chr1","106204441","106204757","KN296984v1","1001310","1001616","33","105203131"
"chr1","106234305","106234575","KN295232v1","298418","298691","31","105935887"
"chr1","106422185","106422437","KN295232v1","117749","117999","16","106304436"
"chr1","106452340","106452622","KN295232v1","85049","85335","23","106367291"
"chr1","106461045","106461278","KN295232v1","73267","73500","23","106387778"
"chr1","106570375","106570677","KN296503v1","124230","124535","60","106446145"
"chr1","106645648","106645933","KN296474v1","128548","128830","30","106517100"
"chr1","106757841","106758107","KN297108v1","431694","431964","63","106326147"
"chr1","106770133","106770414","KN296474v1","236848","237114","37","106533285"
"chr1","106778694","106778993","KN295079v1","523676","523975","85","106255018"
"chr1","107027598","107027923","KN295706v1","425324","425636","71","106602274"
"chr1","107120668","107120796","KN296146v1","411942","412081","45","106708726"
"chr1","107127317","107127598","KN296474v1","626442","626711","54","106500875"
"chr1","107188019","107188166","KN294959v1","1196669","1196813","13","105991350"
"chr1","107314599","107314811","KN294959v1","1081900","1082115","25","106232699"
"chr1","107913251","107913558","KN295666v1","640356","640662","70","107272895"
"chr1","108144657","108144967","KN294959v1","255726","256035","27","107888931"
"chr1","108280108","108280413","KN294959v1","117410","117686","51","108162698"
"chr1","108319632","108319917","KN294959v1","66959","67245","27","108252673"
"chr1","108624745","108625017","KN294375v1","679188","679462","61","107945557"
"chr1","108706089","108706376","KN296481v1","77336","77629","60","108628753"
"chr1","108712979","108713195","KN295090v1","2015737","2015951","46","106697242"
"chr1","108721536","108721826","KN296508v1","2151971","2152273","52","106569565"
"chr1","108775451","108775614","KN296682v1","3640438","3640596","39","105135013"
"chr1","108981200","108981318","KN295263v1","378968","379086","2","108602232"
"chr1","108987431","108987742","KN295263v1","372205","372503","34","108615226"
"chr1","109019022","109019337","KN295263v1","345177","345488","29","108673845"
"chr1","109284657","109284934","KN295263v1","78046","78327","20","109206611"
"chr1","109408601","109408893","KN297261v1","36974","37275","19","109371627"
"chr1","109414835","109415003","KN294172v1","5464195","5464357","37","103950640"
"chr1","109537139","109537430","KN294548v1","375827","376110","62","109161312"
"chr1","109586278","109586549","KN296075v1","180417","180680","59","109405861"
"chr1","109602017","109602319","KN297164v1","93580","93862","43","109508437"
"chr1","109640551","109640836","KN297164v1","132474","132761","26","109508077"
"chr1","109682784","109683077","KN297164v1","181030","181332","39","109501754"
"chr1","109683786","109684085","KN297164v1","182073","182369","28","109501713"
"chr1","109686886","109687091","KN297164v1","185187","185387","38","109501699"
"chr1","109778821","109779133","KN295605v1","246767","247065","62","109532054"
"chr1","110031786","110032093","KN295871v1","892009","892302","68","109139777"
"chr1","110079100","110079399","KN294410v1","563454","563752","18","109515646"
"chr1","110096357","110096475","KN294410v1","548421","548539","6","109547936"
"chr1","110113978","110114272","KN295605v1","573138","573440","59","109540840"
"chr1","110115573","110115869","KN294410v1","529120","529418","20","109586453"
"chr1","110122662","110122915","KN296096v1","2293684","2293930","68","107828978"
"chr1","110139393","110139686","KN294410v1","505727","506039","39","109633666"
"chr1","110147385","110147708","KN294410v1","497415","497720","38","109649970"
"chr1","110158447","110158759","KN294410v1","486667","486979","22","109671780"
"chr1","110175731","110176011","KN296609v1","560504","560785","65","109615227"
"chr1","110176216","110176429","KN295974v1","3068927","3069131","52","107107289"
"chr1","110192261","110192551","KN294410v1","456451","456717","39","109735810"
"chr1","110199530","110199799","KN294410v1","445777","446049","20","109753753"
"chr1","110206462","110206745","KN295984v1","1299071","1299366","54","108907391"
"chr1","110208045","110208164","KN294410v1","437247","437359","14","109770798"
"chr1","110209943","110210041","KN297008v1","771854","771949","13","109438089"
"chr1","110211278","110211470","KN294630v1","203601","203797","51","110007677"
"chr1","110230003","110230290","KN294848v1","11435","11727","65","110218568"
"chr1","110237706","110237971","KN296096v1","2485316","2485572","64","107752390"
"chr1","110246321","110246610","KN294410v1","400782","401088","42","109845539"
"chr1","110247907","110248136","KN295936v1","2080772","2081001","51","108167135"
"chr1","110251313","110251638","KN294410v1","395765","396076","59","109855548"
"chr1","110279892","110280170","KN294410v1","366108","366395","35","109913784"
"chr1","110285752","110286075","KN294410v1","360493","360805","39","109925259"
"chr1","110362141","110362428","KN294410v1","285510","285790","39","110076631"
"chr1","110363582","110363892","KN296017v1","340648","340943","80","110022934"
"chr1","110382600","110382882","KN294410v1","265403","265682","28","110117197"
"chr1","110392038","110392335","KN294410v1","255913","256210","22","110136125"
"chr1","110399570","110399855","KN294410v1","248524","248816","20","110151046"
"chr1","110412012","110412287","KN294410v1","234038","234311","18","110177974"
"chr1","110414429","110414717","KN294410v1","231612","231894","26","110182817"
"chr1","110416112","110416401","KN294410v1","229568","229828","45","110186544"
"chr1","110430571","110430857","KN294410v1","214527","214815","22","110216044"
"chr1","110464297","110464588","KN294410v1","179592","179887","26","110284705"
"chr1","110472749","110472876","KN294345v1","1896097","1896220","19","108576652"
"chr1","110477498","110477788","KN294410v1","161875","162165","15","110315623"
"chr1","110486277","110486565","KN294470v1","1991733","1992029","61","108494544"
"chr1","110492600","110492899","KN294410v1","146301","146577","43","110346299"
"chr1","110515772","110516029","KN296096v1","2485316","2485572","58","108030456"
"chr1","110524561","110524867","KN294410v1","116488","116768","61","110408073"
"chr1","110538389","110538669","KN294410v1","102704","102999","40","110435685"
"chr1","110549361","110549478","KN294410v1","91320","91436","9","110458041"
"chr1","110556147","110556455","KN294199v1","360755","361067","60","110195392"
"chr1","110561597","110561719","KN294410v1","78584","78706","14","110483013"
"chr1","110565804","110566107","KN296289v1","18753","19047","63","110547051"
"chr1","110577447","110577645","KN294470v1","2611405","2611587","56","107966042"
"chr1","110579775","110580065","KN295580v1","46402","46690","68","110533373"
"chr1","110586261","110586537","KN294945v1","35538","35813","64","110550723"
"chr1","110591504","110591712","KN296925v1","354781","354967","60","110236723"
"chr1","110591997","110592020","KN294705v1","1963738","1963756","5","108628259"
"chr1","110592274","110592318","KN296153v1","1745798","1745838","10","108846476"
"chr1","110597739","110597964","KN294410v1","45497","45712","33","110552242"
"chr1","110599514","110599764","KN294911v1","4261056","4261303","62","106338458"
"chr1","110600786","110601085","KN296315v1","1749392","1749687","58","108851394"
"chr1","110634184","110634478","KN294733v1","42406","42698","14","110591778"
"chr1","110639056","110639204","KN294733v1","47872","48022","14","110591184"
"chr1","110639496","110639671","KN294733v1","48320","48464","41","110591176"
"chr1","110648342","110648619","KN295198v1","729971","730258","67","109918371"
"chr1","110651924","110652225","KN294733v1","55671","55961","36","110596253"
"chr1","110662958","110663252","KN294733v1","67069","67368","27","110595889"
"chr1","110664805","110664988","KN294733v1","69197","69378","11","110595608"
"chr1","110668112","110668381","KN294733v1","72864","73171","51","110595248"
"chr1","110687279","110687480","KN297197v1","3471646","3471850","47","107215633"
"chr1","110692606","110692905","KN294733v1","98366","98656","30","110594240"
"chr1","110696578","110696866","KN294733v1","102327","102598","41","110594251"
"chr1","110704034","110704333","KN294733v1","110207","110484","50","110593827"
"chr1","110721999","110722290","KN294289v1","588930","589230","58","110133069"
"chr1","110742869","110743145","KN294733v1","143432","143710","17","110599437"
"chr1","110758914","110759199","KN294733v1","165140","165425","13","110593774"
"chr1","110763950","110764251","KN294733v1","168874","169173","16","110595076"
"chr1","110767549","110767858","KN294470v1","2270182","2270481","80","108497367"
"chr1","110787016","110787291","KN294733v1","193018","193304","42","110593998"
"chr1","110798643","110798937","KN294410v1","262","553","26","110798381"
"chr1","110867304","110867420","KN294399v1","13023","13138","16","110854281"
"chr1","110872920","110873187","KN294733v1","281585","281866","25","110591335"
"chr1","111011955","111012155","KN294733v1","356374","356574","10","110655581"
"chr1","111015153","111015422","KN294733v1","359527","359802","23","110655626"
"chr1","111023855","111024123","KN296263v1","945865","946143","61","110077990"
"chr1","111026423","111026713","KN294733v1","372078","372380","27","110654345"
"chr1","111056102","111056405","KN294733v1","402552","402838","32","110653550"
"chr1","111057438","111057724","KN296311v1","7907830","7908116","53","103149608"
"chr1","111076089","111076388","KN296404v1","3404152","3404452","75","107671937"
"chr1","111077818","111078099","KN295591v1","745641","745936","55","110332177"
"chr1","111157983","111158096","KN294733v1","504647","504760","5","110653336"
"chr1","111174197","111174491","KN296495v1","1160338","1160628","79","110013859"
"chr1","111187460","111187768","KN294733v1","538051","538356","24","110649409"
"chr1","111214591","111214879","KN296253v1","188046","188333","54","111026545"
"chr1","111246627","111246914","KN294733v1","602006","602292","21","110644621"
"chr1","111267277","111267563","KN294733v1","624042","624336","26","110643235"
"chr1","111273173","111273287","KN294733v1","629612","629756","39","110643561"
"chr1","111280609","111280764","KN296119v1","2256663","2256829","52","109023946"
"chr1","112132918","112133217","KN297319v1","896652","896956","69","111236266"
"chr1","112165967","112166251","KN297205v1","618994","619285","29","111546973"
"chr1","112375624","112375831","KN295633v1","1581068","1581277","42","110794556"
"chr1","112540815","112540846","KN294703v1","156243","156275","13","112384572"
"chr1","112687858","112688167","KN296009v1","535813","536119","61","112152045"
"chr1","112739980","112740283","KN294446v1","610144","610434","63","112129836"
"chr1","112750361","112750665","KN294172v1","841497","841800","60","111908864"
"chr1","112766900","112767155","KN295722v1","1625122","1625384","61","111141778"
"chr1","112814077","112814371","KN294848v1","11435","11727","60","112802642"
"chr1","112816662","112816972","KN296158v1","1434183","1434488","56","111382479"
"chr1","112941463","112941665","KN295038v1","280109","280313","43","112661354"
"chr1","112943254","112943539","KN294758v1","3036785","3037063","51","109906469"
"chr1","112956679","112956970","KN295744v1","654344","654638","67","112302335"
"chr1","112957466","112957588","KN297165v1","2880510","2880635","19","110076956"
"chr1","112976012","112976296","KN296766v1","170121","170406","53","112805891"
"chr1","113019220","113019504","KN296682v1","2050362","2050646","61","110968858"
"chr1","113065519","113065667","KN295041v1","56738","56885","12","113008781"
"chr1","113565488","113565778","KN297205v1","561500","561781","27","113003988"
"chr1","113597117","113597380","KN297205v1","533461","533725","18","113063656"
"chr1","113613741","113614031","KN297205v1","517510","517803","26","113096231"
"chr1","113626118","113626257","KN297205v1","504956","505095","6","113121162"
"chr1","113626582","113626777","KN297205v1","504469","504639","48","113122113"
"chr1","113638036","113638320","KN297205v1","493429","493713","19","113144607"
"chr1","113668115","113668307","KN297205v1","461979","462171","11","113206136"
"chr1","113674720","113674907","KN297205v1","455273","455451","31","113219447"
"chr1","113678642","113678892","KN297205v1","449576","449825","18","113229066"
"chr1","113684814","113685024","KN297205v1","442502","442712","9","113242312"
"chr1","113685246","113685533","KN297205v1","441984","442296","43","113243262"
"chr1","113709394","113709657","KN297205v1","416959","417223","22","113292435"
"chr1","113723699","113723980","KN297205v1","400871","401134","52","113322828"
"chr1","113726487","113726680","KN297205v1","398132","398329","13","113328355"
"chr1","113726825","113727112","KN297205v1","397685","397987","28","113329140"
"chr1","113732437","113732556","KN297205v1","391654","391777","7","113340783"
"chr1","113744541","113744751","KN296339v1","1140126","1140334","44","112604415"
"chr1","113752601","113752821","KN294161v1","705737","705944","50","113046864"
"chr1","113762262","113762542","KN297205v1","361385","361684","38","113400877"
"chr1","113798255","113798562","KN297205v1","326556","326869","29","113471699"
"chr1","113801347","113801471","KN297205v1","324008","324130","5","113477339"
"chr1","113816193","113816440","KN297205v1","309057","309316","32","113507136"
"chr1","113817386","113817687","KN297205v1","308098","308396","21","113509288"
"chr1","113821030","113821317","KN295744v1","540407","540693","58","113280623"
"chr1","113837302","113837517","KN297205v1","288925","289138","19","113548377"
"chr1","113842375","113842674","KN297205v1","282939","283229","29","113559436"
"chr1","113856168","113856465","KN295107v1","1051267","1051565","49","112804901"
"chr1","113864872","113865168","KN297205v1","261971","262268","19","113602901"
"chr1","113865730","113866026","KN297205v1","261105","261407","31","113604625"
"chr1","113882248","113882548","KN297205v1","246794","247102","24","113635454"
"chr1","113890231","113890532","KN297205v1","236539","236839","28","113653692"
"chr1","113898184","113898364","KN297452v1","172858","173024","50","113725326"
"chr1","113911020","113911077","KN297205v1","212816","212853","22","113698204"
"chr1","113918275","113918568","KN297205v1","205027","205330","26","113713248"
"chr1","113931613","113931728","KN294181v1","1474546","1474663","19","112457067"
"chr1","117564039","117564332","KN295041v1","461079","461379","59","117102960"
"chr1","117573543","117573847","KN294987v1","797207","797503","59","116776336"
"chr1","117676692","117676984","KN297444v1","482806","483100","59","117193886"
"chr1","117860812","117861103","KN294439v1","232463","232750","58","117628349"
"chr1","117867738","117868035","KN295405v1","143132","143424","70","117724606"
"chr1","117880759","117881064","KN294325v1","1017631","1017939","56","116863128"
"chr1","117904649","117904923","KN296585v1","6643","6920","62","117898006"
"chr1","118195616","118195930","KN296378v1","426114","426423","72","117769502"
"chr1","118226465","118226705","KN295343v1","36066","36305","52","118190399"
"chr1","118263082","118263190","KN296225v1","783729","783845","21","117479353"
"chr1","118274193","118274504","KN295725v1","1708402","1708708","66","116565791"
"chr1","118359994","118360283","KN294503v1","115352","115638","63","118244642"
"chr1","118377353","118377646","KN295119v1","13309","13606","52","118364044"
"chr1","118384974","118385248","KN294713v1","188064","188340","68","118196910"
"chr1","118452098","118452412","KN296004v1","75694","76008","66","118376404"
"chr1","118458784","118458958","KN294416v1","354557","354730","42","118104227"
"chr1","118488531","118488826","KN295940v1","98738","99028","70","118389793"
"chr1","118738642","118738938","KN296119v1","391880","392178","69","118346762"
"chr1","118784705","118784935","KN294187v1","1990149","1990385","49","116794556"
"chr1","118861797","118862079","KN296481v1","518302","518590","63","118343495"
"chr1","118917935","118918222","KN296145v1","809194","809494","76","118108741"
"chr1","119272293","119272594","KN296505v1","21654","21951","43","119250639"
"chr1","119307917","119308156","KN294790v1","1109108","1109345","64","118198809"
"chr1","119313754","119313931","KN295294v1","3016561","3016742","40","116297193"
"chr1","119419357","119419651","KN294434v1","848189","848479","21","118571168"
"chr1","119440586","119440712","KN297095v1","2530131","2530260","20","116910455"
"chr1","119461927","119462225","KN294434v1","806944","807234","30","118654983"
"chr1","119474088","119474385","KN296426v1","736369","736668","51","118737719"
"chr1","119484295","119484575","KN294434v1","771183","771453","21","118713112"
"chr1","119491189","119491472","KN294434v1","764206","764459","49","118726983"
"chr1","119494663","119494962","KN294434v1","760216","760510","19","118734447"
"chr1","119564062","119564143","KN294434v1","687408","687490","5","118876654"
"chr1","119579619","119579904","KN294434v1","671996","672298","36","118907623"
"chr1","119632880","119633182","KN294434v1","619250","619546","27","119013630"
"chr1","119639909","119640201","KN294434v1","607912","608204","24","119031997"
"chr1","119663862","119663989","KN294434v1","583878","584005","6","119079984"
"chr1","119664064","119664367","KN295430v1","989467","989768","58","118674597"
"chr1","119754265","119754560","KN296884v1","212592","212879","61","119541673"
"chr1","119780088","119780304","KN294239v1","375904","376124","52","119404184"
"chr1","119822317","119822621","KN295936v1","240644","240938","60","119581673"
"chr1","119851392","119851676","KN295893v1","6294019","6294298","61","113557373"
"chr1","119906080","119906375","KN296831v1","407125","407415","61","119498955"
"chr1","119923987","119924161","KN294434v1","335441","335615","9","119588546"
"chr1","119924487","119924620","KN294434v1","334970","335097","15","119589517"
"chr1","119978396","119978678","KN294434v1","280500","280785","30","119697896"
"chr1","120129055","120129250","KN297133v1","1031513","1031710","53","119097542"
"chr1","120141694","120141944","KN294434v1","105034","105288","33","120036660"
"chr1","120171336","120171647","KN294172v1","1522083","1522385","63","118649253"
"chr1","120178478","120178590","KN294831v1","628074","628184","29","119550404"
"chr1","120178914","120179077","KN296225v1","409374","409542","32","119769540"
"chr1","120318456","120318733","KN296253v1","73349","73626","21","120245107"
"chr1","120322640","120322792","KN296253v1","78454","78608","28","120244186"
"chr1","120323078","120323226","KN296253v1","78885","79032","17","120244193"
"chr1","120327736","120327852","KN294456v1","874600","874718","22","119453136"
"chr1","120333350","120333474","KN295566v1","220119","220242","16","120113231"
"chr1","120335716","120336025","KN296253v1","93018","93321","37","120242698"
"chr1","120336142","120336444","KN294523v1","22414","22690","88","120313728"
"chr1","120345443","120345576","KN296253v1","100995","101130","10","120244448"
"chr1","120369685","120369973","KN296253v1","124488","124776","18","120245197"
"chr1","120374775","120375070","KN296253v1","129583","129867","31","120245192"
"chr1","120413744","120414040","KN296253v1","167394","167691","17","120246350"
"chr1","120426199","120426503","KN296253v1","180527","180838","23","120245672"
"chr1","120456720","120456873","KN296158v1","1204573","1204729","31","119252147"
"chr1","120457842","120458177","KN296253v1","221969","222295","39","120235873"
"chr1","120471321","120471616","KN296311v1","7907830","7908116","62","112563491"
"chr1","120498353","120498644","KN296253v1","261711","262000","17","120236642"
"chr1","120551145","120551459","KN296253v1","308928","309230","52","120242217"
"chr1","120583672","120583984","KN296253v1","342781","343099","33","120240891"
"chr1","120600222","120600493","KN296253v1","360327","360593","25","120239895"
"chr1","120609737","120609794","KN294325v1","994783","994843","13","119614954"
"chr1","120614485","120614787","KN296253v1","374963","375268","34","120239522"
"chr1","120621169","120621471","KN296253v1","381640","381921","34","120239529"
"chr1","120634305","120634630","KN296253v1","392853","393154","49","120241452"
"chr1","120643061","120643260","KN296253v1","401531","401719","21","120241530"
"chr1","120660037","120660257","KN296253v1","419018","419231","21","120241019"
"chr1","120660258","120660403","KN295147v1","228540","228670","46","120431718"
"chr1","120660357","120660435","KN295825v1","1303616","1303694","16","119356741"
"chr1","120714572","120714877","KN296253v1","476037","476340","22","120238535"
"chr1","120736927","120737216","KN296253v1","499090","499384","26","120237837"
"chr1","120752218","120752533","KN294234v1","1323178","1323489","61","119429040"
"chr1","120756990","120757270","KN296253v1","518848","519133","26","120238142"
"chr1","120781133","120781263","KN296253v1","543775","543897","17","120237358"
"chr1","120828214","120828476","KN296253v1","594338","594608","28","120233876"
"chr1","120832020","120832328","KN296253v1","598150","598470","45","120233870"
"chr1","120839037","120839347","KN296253v1","605532","605863","38","120233505"
"chr1","120841981","120842152","KN296253v1","608582","608755","15","120233399"
"chr1","121075384","121075699","KN296253v1","744107","744391","44","120331277"
"chr1","121079271","121079509","KN294456v1","580","806","61","121078691"
"chr1","121088114","121088324","KN296253v1","756771","756982","10","120331343"
"chr1","121159686","121159998","KN296253v1","827297","827611","25","120332389"
"chr1","121263956","121264172","KN296253v1","931769","931966","35","120332187"
"chr1","121268119","121268304","KN295573v1","79206","79378","50","121188913"
"chr1","121274106","121274387","KN296253v1","941913","942203","21","120332193"
"chr1","121296356","121296665","KN296253v1","964260","964568","29","120332096"
"chr1","121302378","121302488","KN296253v1","969973","970080","9","120332405"
"chr1","121302982","121303284","KN296270v1","530751","531057","68","120772231"
"chr1","121323816","121323934","KN296305v1","864903","865019","22","120458913"
"chr1","121351524","121351772","KN296253v1","1019247","1019495","21","120332277"
"chr1","121352766","121353055","KN294187v1","935910","936200","54","120416856"
"chr1","121420333","121420589","KN296253v1","1087601","1087861","22","120332732"
"chr1","121446847","121447145","KN296253v1","1114347","1114660","62","120332500"
"chr1","121478258","121478543","KN296253v1","1144497","1144797","40","120333761"
"chr1","121520175","121520467","KN296079v1","1376026","1376316","51","120144149"
"chr1","121531597","121531859","KN296253v1","1201395","1201660","20","120330202"
"chr1","121575774","121576063","KN296253v1","1245277","1245553","32","120330497"
"chr1","121642817","121643111","KN295119v1","13309","13606","59","121629508"
"chr1","121655463","121655734","KN296253v1","1325470","1325783","53","120329993"
"chr1","121665958","121666245","KN296253v1","1335928","1336217","17","120330030"
"chr1","121667694","121667822","KN296253v1","1338007","1338131","17","120329687"
"chr1","121760042","121760184","KN295034v1","250740","250886","33","121509302"
"chr1","121760210","121760323","KN295936v1","1863925","1864034","18","119896285"
"chr1","121869922","121870179","KN296253v1","1538280","1538544","24","120331642"
"chr1","121870223","121870249","KN295661v1","291124","291146","5","121579099"
"chr1","121888893","121889063","KN296253v1","1557460","1557625","12","120331433"
"chr1","121909401","121909689","KN295605v1","668053","668348","59","121241348"
"chr1","121983642","121983940","KN296253v1","1656105","1656420","31","120327537"
"chr1","122010442","122010559","KN296062v1","2178521","2178637","14","119831921"
"chr1","122038563","122038853","KN296253v1","1718586","1718871","26","120319977"
"chr1","122053744","122054026","KN296865v1","15220","15503","24","122038524"
"chr1","122072946","122073237","KN296865v1","34509","34799","28","122038437"
"chr1","122101902","122102085","KN296865v1","63152","63345","24","122038750"
"chr1","122141876","122142179","KN296865v1","96813","97116","24","122045063"
"chr1","122210418","122210708","KN296865v1","166506","166796","17","122043912"
"chr1","122280891","122281196","KN296865v1","235093","235395","44","122045798"
"chr1","122375923","122376121","KN296865v1","328162","328360","16","122047761"
"chr1","122433270","122433542","KN296865v1","387136","387396","29","122046134"
"chr1","122625338","122625612","KN296865v1","586887","587187","46","122038451"
"chr1","122627748","122627865","KN296865v1","589326","589443","7","122038422"
"chr1","122727831","122728084","KN296865v1","674045","674326","44","122053786"
"chr1","122741219","122741544","KN296865v1","687135","687464","17","122054084"
"chr1","122752451","122752802","KN296865v1","698538","698865","53","122053913"
"chr1","122797847","122798135","KN296865v1","741467","741769","52","122056380"
"chr1","122802195","122802478","KN296865v1","745816","746125","51","122056379"
"chr1","122803283","122803590","KN296865v1","746917","747223","26","122056366"
"chr1","122808333","122808552","KN296865v1","750180","750399","13","122058153"
"chr1","122815449","122815738","KN296865v1","758123","758409","23","122057326"
"chr1","122854032","122854315","KN296743v1","581858","582141","65","122272174"
"chr1","122894410","122894697","KN296743v1","1550326","1550612","67","121344084"
"chr1","122906780","122907054","KN296865v1","851828","852111","33","122054952"
"chr1","122916078","122916356","KN296865v1","862513","862792","16","122053565"
"chr1","122936116","122936415","KN296865v1","883187","883486","31","122052929"
"chr1","122944576","122944870","KN296865v1","891603","891889","35","122052973"
"chr1","122951100","122951406","KN296865v1","897768","898074","11","122053332"
"chr1","122954620","122954782","KN296865v1","901307","901472","10","122053313"
"chr1","122978684","122978851","KN294693v1","1340956","1341119","38","121637728"
"chr1","122978880","122978998","KN294375v1","186786","186905","16","122792094"
"chr1","122985744","122985863","KN296865v1","933003","933124","8","122052741"
"chr1","123003207","123003502","KN296865v1","949935","950215","38","122053272"
"chr1","123004179","123004476","KN296865v1","950915","951212","19","122053264"
"chr1","123013229","123013513","KN296865v1","959606","959890","18","122053623"
"chr1","123015744","123016034","KN296865v1","962111","962407","14","122053633"
"chr1","123022071","123022190","KN296865v1","968105","968222","8","122053966"
"chr1","123024248","123024523","KN294172v1","6137136","6137406","59","116887112"
"chr1","123026351","123026626","KN296865v1","973044","973333","31","122053307"
"chr1","123033029","123033195","KN296865v1","981030","981194","13","122051999"
"chr1","123037572","123037878","KN296865v1","985464","985759","33","122052108"
"chr1","123045902","123046024","KN296865v1","991946","992068","7","122053956"
"chr1","123053506","123053791","KN296865v1","999049","999340","25","122054457"
"chr1","123079216","123079508","KN296865v1","1026662","1026952","17","122052554"
"chr1","123084724","123085046","KN296865v1","1032160","1032484","27","122052564"
"chr1","123090520","123090827","KN296865v1","1038728","1039025","31","122051792"
"chr1","123091468","123091588","KN296865v1","1039684","1039806","6","122051784"
"chr1","123113027","123113150","KN296865v1","1061436","1061558","7","122051591"
"chr1","123116830","123117140","KN296865v1","1065232","1065540","25","122051598"
"chr1","123117558","123117767","KN296865v1","1065979","1066199","24","122051579"
"chr1","123117821","123118124","KN296865v1","1066250","1066528","40","122051571"
"chr1","123122988","123123258","KN295573v1","1191979","1192253","57","121931009"
"chr1","123131474","123131778","KN296865v1","1078441","1078733","29","122053033"
"chr1","123131872","123132153","KN296865v1","1078832","1079090","59","122053040"
"chr1","123135771","123136037","KN295209v1","313438","313703","60","122822333"
"chr1","123148610","123148876","KN296865v1","1098587","1098862","33","122050023"
"chr1","123162851","123163149","KN296865v1","1110421","1110718","20","122052430"
"chr1","123167199","123167483","KN296865v1","1114638","1114921","24","122052561"
"chr1","123172442","123172728","KN296865v1","1120242","1120515","40","122052200"
"chr1","123174163","123174283","KN296865v1","1121867","1121991","14","122052296"
"chr1","123193991","123194235","KN295983v1","122291","122545","72","123071700"
"chr1","123218361","123218642","KN296075v1","180417","180680","75","123037944"
"chr1","123228350","123228676","KN296865v1","1176803","1177142","44","122051547"
"chr1","123263770","123263895","KN295014v1","12067","12185","34","123251703"
"chr1","123304582","123304775","KN296486v1","682568","682761","52","122622014"
"chr1","123375017","123375187","KN295090v1","2098690","2098859","27","121276327"
"chr1","123403273","123403575","KN296865v1","1358429","1358712","36","122044844"
"chr1","123476643","123476950","KN296865v1","1425826","1426136","33","122050817"
"chr1","123528220","123528238","KN296187v1","2825433","2825450","4","120702787"
"chr1","123528271","123528566","KN296865v1","1476717","1477032","36","122051554"
"chr1","123581114","123581363","KN296865v1","1530529","1530730","60","122050585"
"chr1","123595388","123595522","KN294552v1","602004","602121","37","122993384"
"chr1","123595548","123595697","KN296311v1","4168964","4169117","47","119426584"
"chr1","123609386","123609511","KN296865v1","1558853","1558975","9","122050533"
"chr1","123610993","123611317","KN296865v1","1560452","1560800","46","122050541"
"chr1","123652816","123653129","KN296865v1","1608445","1608757","29","122044371"
"chr1","123659008","123659294","KN296865v1","1614140","1614425","24","122044868"
"chr1","123663401","123663713","KN296865v1","1618539","1618872","42","122044862"
"chr1","123684271","123684562","KN296865v1","1641735","1642038","28","122042536"
"chr1","123684626","123684744","KN296096v1","1554682","1554789","26","122129944"
"chr1","123688153","123688187","KN294199v1","913213","913251","7","122774940"
"chr1","123704213","123704499","KN296865v1","1665739","1666034","29","122038474"
"chr1","123712982","123713262","KN296865v1","1674539","1674820","23","122038443"
"chr1","123723265","123723551","KN296865v1","1685301","1685586","15","122037964"
"chr1","123735207","123735530","KN296865v1","1697509","1697839","35","122037698"
"chr1","123760136","123760422","KN296865v1","1728074","1728379","35","122032062"
"chr1","123762727","123763019","KN296865v1","1730645","1730939","24","122032082"
"chr1","123767998","123768282","KN296865v1","1735918","1736206","25","122032080"
"chr1","123770075","123770381","KN296865v1","1738322","1738636","24","122031753"
"chr1","123778243","123778538","KN296865v1","1746319","1746612","17","122031924"
"chr1","123786923","123787206","KN296865v1","1756031","1756321","32","122030892"
"chr1","123788066","123788147","KN296865v1","1757181","1757262","7","122030885"
"chr1","123788223","123788454","KN294733v1","13674","13893","47","123774549"
"chr1","123791086","123791343","KN296865v1","1760191","1760440","32","122030895"
"chr1","123800531","123800842","KN296865v1","1769977","1770292","24","122030554"
"chr1","123815854","123815910","KN295107v1","1491875","1491930","19","122323979"
"chr1","123827869","123828147","KN296865v1","1797310","1797588","13","122030559"
"chr1","123850078","123850370","KN296865v1","1819985","1820280","18","122030093"
"chr1","123850529","123850740","KN296865v1","1820431","1820644","18","122030098"
"chr1","123854215","123854513","KN296865v1","1824150","1824440","25","122030065"
"chr1","123856214","123856512","KN296484v1","741829","742129","61","123114385"
"chr1","123861408","123861680","KN294848v1","1163057","1163326","65","122698351"
"chr1","123871380","123871648","KN296865v1","1840720","1841009","39","122030660"
"chr1","123872711","123873025","KN296577v1","558166","558488","77","123314545"
"chr1","123887608","123887916","KN296865v1","1857013","1857320","18","122030595"
"chr1","123893006","123893309","KN296865v1","1862305","1862610","18","122030701"
"chr1","123894700","123894977","KN296865v1","1863999","1864279","19","122030701"
"chr1","123901290","123901460","KN296865v1","1870624","1870795","11","122030666"
"chr1","124697603","124697884","KN295365v1","618540","618829","66","124079063"
"chr1","124719638","124719748","KN296859v1","2118765","2118877","21","122600873"
"chr1","124738743","124739027","KN296481v1","518302","518590","56","124220441"
"chr1","124760586","124760856","KN296424v1","624907","625180","57","124135679"
"chr1","124802829","124802992","KN296247v1","168415","168564","42","124634414"
"chr1","124803216","124803346","KN294536v1","1574622","1574747","26","123228594"
"chr1","124811534","124811827","KN297320v1","1234476","1234772","59","123577058"
"chr1","124868762","124869135","KN295892v1","145724","146096","102","124723038"
"chr1","124894644","124894933","KN294396v1","291091","291380","59","124603553"
"chr1","124945434","124945732","KN295459v1","697076","697373","49","124248358"
"chr1","124950589","124950811","KN295633v1","2172508","2172728","37","122778081"
"chr1","124969894","124970213","KN294705v1","667414","667731","69","124302480"
"chr1","124978308","124978597","KN295708v1","2481055","2481359","52","122497253"
"chr1","125007741","125008023","KN294733v1","143432","143710","59","124864309"
"chr1","125015994","125016189","KN295744v1","654144","654333","41","124361850"
"chr1","125032302","125032587","KN296253v1","188046","188333","52","124844256"
"chr1","125037802","125038012","KN294456v1","388381","388587","51","124649421"
"chr1","125080327","125080600","KN296122v1","4021","4306","63","125076306"
"chr1","125083653","125083767","KN295459v1","1077631","1077747","22","124006022"
"chr1","125084008","125084315","KN295923v1","1997557","1997864","66","123086451"
"chr1","125084903","125085201","KN294879v1","355280","355576","54","124729623"
"chr1","125086044","125086377","KN294470v1","3146483","3146791","68","121939561"
"chr1","125089742","125090019","KN296859v1","1166802","1167075","55","123922940"
"chr1","125096862","125097047","KN295171v1","289083","289273","38","124807779"
"chr1","125098943","125099172","KN294346v1","378242","378461","53","124720701"
"chr1","125101771","125102054","KN294711v1","1053330","1053617","65","124048441"
"chr1","125124448","125124564","KN294218v1","1019774","1019893","15","124104674"
"chr1","125149532","125149657","KN296290v1","3001388","3001511","17","122148144"
"chr1","125154293","125154575","KN296311v1","870905","871191","72","124283388"
"chr1","125161329","125161615","KN294630v1","711184","711477","57","124450145"
"chr1","125174697","125175004","KN294199v1","354659","354969","61","124820038"
"chr1","125176847","125177153","KN296547v1","285164","285470","61","124891683"
"chr1","125196594","125196887","KN294630v1","741362","741665","55","124455232"
"chr1","125203728","125204028","KN294705v1","1128003","1128315","61","124075725"
"chr1","125214649","125214931","KN296365v1","406565","406851","54","124808084"
"chr1","125215284","125215503","KN297154v1","315533","315747","48","124899751"
"chr1","125238398","125238528","KN296008v1","92855","92984","21","125145543"
"chr1","125265705","125265793","KN296100v1","571184","571274","19","124694521"
"chr1","125272439","125272739","KN296404v1","3404152","3404452","58","121868287"
"chr1","125274715","125275027","KN297108v1","48658","48960","64","125226057"
"chr1","125276822","125277111","KN295936v1","2499504","2499800","57","122777318"
"chr1","125309376","125309658","KN294470v1","3049688","3049956","68","122259688"
"chr1","125322046","125322346","KN294987v1","797207","797503","52","124524839"
"chr1","125345447","125345740","KN294893v1","467871","468166","83","124877576"
"chr1","125655346","125655634","KN295375v1","856525","856814","62","124798821"
"chr1","125817016","125817230","KN296682v1","3026228","3026433","46","122790788"
"chr1","125892336","125892539","KN295706v1","457697","457894","46","125434639"
"chr1","125930874","125930999","KN296460v1","357932","358056","32","125572942"
"chr1","125940204","125940506","KN295936v1","2499504","2499800","57","123440700"
"chr1","125987258","125987549","KN296187v1","212135","212430","71","125775123"
"chr1","125998172","125998479","KN296864v1","3187581","3187876","60","122810591"
"chr1","126125569","126125849","KN296009v1","171199","171477","61","125954370"
"chr1","126136391","126136666","KN294378v1","1608627","1608901","61","124527764"
"chr1","126153487","126153604","KN295923v1","1514171","1514288","13","124639316"
"chr1","126178478","126178594","KN295045v1","526689","526806","11","125651789"
"chr1","126200382","126200531","KN294806v1","535637","535792","35","125664745"
"chr1","126204342","126204623","KN296263v1","177395","177680","57","126026947"
"chr1","126213439","126213597","KN296884v1","14140","14301","39","126199299"
"chr1","126225542","126225837","KN295107v1","1051267","1051565","55","125174275"
"chr1","126233580","126233877","KN295633v1","1850814","1851111","69","124382766"
"chr1","126251975","126252263","KN295294v1","358831","359116","56","125893144"
"chr1","126272067","126272276","KN296119v1","2150554","2150763","47","124121513"
"chr1","126482429","126482723","KN294848v1","832867","833149","60","125649562"
"chr1","126533487","126533769","KN294837v1","400573","400848","68","126132914"
"chr1","126586885","126587152","KN295935v1","140006","140269","20","126446879"
"chr1","126754918","126755193","KN296187v1","803116","803397","67","125951802"
"chr1","126793283","126793576","KN294822v1","78465","78742","37","126714818"
"chr1","126881736","126882010","KN296825v1","1365525","1365806","53","125516211"
"chr1","127072092","127072218","KN294467v1","32975","33096","20","127039117"
"chr1","127077433","127077696","KN294506v1","330224","330476","54","126747209"
"chr1","127084004","127084292","KN296311v1","4064159","4064445","66","123019845"
"chr1","127155004","127155265","KN296110v1","258399","258667","72","126896605"
"chr1","127232591","127232691","KN295441v1","1558382","1558481","16","125674209"
"chr1","127265630","127265757","KN297095v1","2530131","2530260","16","124735499"
"chr1","127276189","127276321","KN297458v1","338229","338361","18","126937960"
"chr1","127284313","127284546","KN295907v1","1163696","1163930","67","126120617"
"chr1","127284732","127285017","KN295074v1","977960","978248","66","126306772"
"chr1","127319180","127319476","KN297320v1","1234476","1234772","51","126084704"
"chr1","127333506","127333805","KN297008v1","1477900","1478200","54","125855606"
"chr1","127376837","127377128","KN296311v1","7907830","7908116","40","119469007"
"chr1","127388669","127388985","KN294396v1","326030","326339","60","127062639"
"chr1","127454633","127454912","KN296847v1","217895","218171","52","127236738"
"chr1","127576938","127577243","KN297320v1","1234476","1234772","63","126342462"
"chr1","127589224","127589276","KN297038v1","716908","716963","18","126872316"
"chr1","127601020","127601311","KN295257v1","1229552","1229846","63","126371468"
"chr1","127666953","127667240","KN294470v1","1991733","1992029","63","125675220"
"chr1","127669715","127670002","KN294831v1","148825","149116","68","127520890"
"chr1","127696859","127697145","KN296200v1","644912","645196","76","127051947"
"chr1","127720516","127720805","KN294848v1","11435","11727","52","127709081"
"chr1","127745891","127746181","KN294378v1","321491","321777","55","127424400"
"chr1","127826095","127826301","KN296682v1","4883965","4884171","37","122942130"
"chr1","127849225","127849529","KN296365v1","578722","579023","48","127270503"
"chr1","127896265","127896536","KN296682v1","2050362","2050646","56","125845903"
"chr1","127898547","127898863","KN295708v1","2563491","2563814","73","125335056"
"chr1","127918654","127918961","KN295343v1","329489","329788","54","127589165"
"chr1","127922543","127922821","KN296959v1","1045812","1046085","57","126876731"
"chr1","127962018","127962314","KN297245v1","2036362","2036663","60","125925656"
"chr1","128392230","128392468","KN295586v1","295131","295362","67","128097099"
"chr1","128457190","128457456","KN296615v1","61275","61543","24","128395915"
"chr1","128550468","128550759","KN296406v1","163962","164264","59","128386506"
"chr1","128595769","128595882","KN295090v1","8838","8947","32","128586931"
"chr1","128634577","128634872","KN295744v1","654344","654638","51","127980233"
"chr1","128643101","128643221","KN296615v1","109629","109749","6","128533472"
"chr1","128643250","128643574","KN294756v1","8030","8348","27","128635220"
"chr1","128652690","128652917","KN294470v1","2742313","2742543","59","125910377"
"chr1","128659544","128659835","KN295441v1","439669","439928","94","128219875"
"chr1","128689679","128689969","KN296518v1","364324","364625","42","128325355"
"chr1","128728778","128728966","KN295984v1","1404292","1404470","47","127324486"
"chr1","128793994","128794183","KN296096v1","1598136","1598312","36","127195858"
"chr1","128821312","128821578","KN297087v1","59098","59392","42","128762214"
"chr1","128840423","128840714","KN297087v1","79221","79513","28","128761202"
"chr1","128876260","128876552","KN297087v1","79221","79513","29","128797039"
"chr1","128984401","128984697","KN294848v1","387189","387474","66","128597212"
"chr1","129018850","129019132","KN296538v1","467955","468242","58","128550895"
"chr1","129031306","129031609","KN296322v1","2221545","2221850","66","126809761"
"chr1","129047114","129047371","KN295692v1","2985714","2985955","58","126061400"
"chr1","129059620","129059886","KN295545v1","104055","104321","74","128955565"
"chr1","129063048","129063351","KN294933v1","165991","166292","66","128897057"
"chr1","129125341","129125595","KN296869v1","210749","211021","70","128914592"
"chr1","129127571","129127897","KN296547v1","285164","285470","72","128842407"
"chr1","129129280","129129591","KN296404v1","3404152","3404452","68","125725128"
"chr1","129137211","129137506","KN294365v1","2039413","2039691","66","127097798"
"chr1","129150490","129150789","KN294991v1","693040","693334","52","128457450"
"chr1","129164607","129164738","KN296311v1","5643931","5644070","37","123520676"
"chr1","129164929","129165115","KN295936v1","2040342","2040514","53","127124587"
"chr1","129243853","129244093","KN296180v1","818659","818905","52","128425194"
"chr1","129276097","129276461","KN295705v1","1004502","1004834","114","128271595"
"chr1","129291789","129291908","KN294451v1","765868","765988","24","128525921"
"chr1","129299841","129299887","KN295596v1","1885506","1885550","16","127414335"
"chr1","129334469","129334770","KN295984v1","1299071","1299366","66","128035398"
"chr1","129346757","129347044","KN296225v1","214782","215070","61","129131975"
"chr1","129357646","129357773","KN296138v1","376622","376747","20","128981024"
"chr1","129357807","129357960","KN296859v1","36614","36763","38","129321193"
"chr1","129376046","129376332","KN296864v1","2917034","2917326","60","126459012"
"chr1","129377890","129378192","KN294462v1","421387","421690","60","128956503"
"chr1","129387139","129387423","KN296157v1","638915","639212","76","128748224"
"chr1","129393637","129393911","KN296110v1","258399","258667","61","129135238"
"chr1","129396783","129397043","KN296178v1","950786","951044","55","128445997"
"chr1","129405250","129405432","KN296206v1","105030","105201","58","129300220"
"chr1","129416064","129416352","KN294486v1","931289","931568","59","128484775"
"chr1","129439274","129439536","KN294457v1","1208445","1208715","62","128230829"
"chr1","129449836","129450144","KN295936v1","240644","240938","65","129209192"
"chr1","129461553","129461671","KN295361v1","998330","998446","13","128463223"
"chr1","129473663","129473955","KN296847v1","4573","4868","57","129469090"
"chr1","129476071","129476354","KN295586v1","3702938","3703241","64","125773133"
"chr1","129480221","129480357","KN294739v1","1127181","1127290","42","128353040"
"chr1","129518364","129518621","KN295667v1","330499","330747","67","129187865"
"chr1","129519519","129519854","KN296859v1","1726081","1726394","101","127793438"
"chr1","129544044","129544338","KN294874v1","618356","618652","64","128925688"
"chr1","129563637","129563851","KN296119v1","2150554","2150763","52","127413083"
"chr1","129573721","129573999","KN295365v1","534529","534812","60","129039192"
"chr1","129576778","129577041","KN296825v1","1365525","1365806","72","128211253"
"chr1","129582624","129582899","KN294199v1","65187","65474","62","129517437"
"chr1","129598580","129598864","KN296000v1","1016402","1016689","32","128582178"
"chr1","129599991","129600275","KN295349v1","58082","58373","60","129541909"
"chr1","129603934","129604162","KN295633v1","2172508","2172728","49","127431426"
"chr1","129612691","129612978","KN295573v1","559599","559897","59","129053092"
"chr1","129614103","129614397","KN294790v1","2321329","2321606","71","127292774"
"chr1","129620828","129620949","KN294613v1","611677","611793","22","129009151"
"chr1","129620971","129621271","KN294536v1","1882041","1882347","69","127738930"
"chr1","129645441","129645557","KN295936v1","1084591","1084708","14","128560850"
"chr1","129648466","129648588","KN294790v1","1434382","1434504","19","128214084"
"chr1","129649089","129649275","KN294372v1","583689","583859","48","129065400"
"chr1","129670243","129670537","KN296883v1","2099880","2100178","52","127570363"
"chr1","129680430","129680747","KN295430v1","989467","989768","69","128690963"
"chr1","129680748","129681013","KN294630v1","648781","649058","66","129031967"
"chr1","129683444","129683737","KN294874v1","319259","319562","59","129364185"
"chr1","129685325","129685612","KN296138v1","264399","264686","66","129420926"
"chr1","129692420","129692718","KN294842v1","1248001","1248302","68","128444419"
"chr1","129696182","129696468","KN294964v1","875814","876097","58","128820368"
"chr1","129710645","129710937","KN297046v1","1142259","1142551","65","128568386"
"chr1","129721795","129721912","KN294439v1","256157","256274","15","129465638"
"chr1","129727659","129727946","KN294996v1","423057","423352","62","129304602"
"chr1","129731520","129731806","KN295257v1","1229552","1229846","63","128501968"
"chr1","129732244","129732346","KN294879v1","443790","443892","17","129288454"
"chr1","129732378","129732570","KN294181v1","807443","807610","49","128924935"
"chr1","129733271","129733597","KN295666v1","445742","446034","91","129287529"
"chr1","129742235","129742454","KN294991v1","1125509","1125727","53","128616726"
"chr1","129744762","129745048","KN296588v1","912493","912785","65","128832269"
"chr1","129748224","129748511","KN294287v1","73551","73836","53","129674673"
"chr1","129752254","129752567","KN294181v1","481862","482169","64","129270392"
"chr1","129753262","129753559","KN295744v1","654344","654638","53","129098918"
"chr1","129760893","129761050","KN297153v1","1225671","1225819","44","128535222"
"chr1","129761088","129761205","KN294790v1","1434382","1434504","24","128326706"
"chr1","129762950","129763236","KN296404v1","3404152","3404452","57","126358798"
"chr1","129768318","129768615","KN297320v1","1234476","1234772","58","128533842"
"chr1","129785337","129785608","KN296096v1","1239349","1239606","67","128545988"
"chr1","129790133","129790426","KN296138v1","303664","303956","61","129486469"
"chr1","129795344","129795624","KN297215v1","667396","667677","78","129127948"
"chr1","129802200","129802490","KN295365v1","618540","618829","54","129183660"
"chr1","129812595","129812726","KN294539v1","25978","26110","35","129786617"
"chr1","129853341","129853516","KN294416v1","354557","354730","39","129498784"
"chr1","129857951","129858251","KN296253v1","167394","167691","66","129690557"
"chr1","129859759","129859854","KN295099v1","72258","72355","26","129787501"
"chr1","129866123","129866407","KN296635v1","5224297","5224564","77","124641826"
"chr1","129867787","129868007","KN294470v1","1188360","1188573","60","128679427"
"chr1","129871534","129871830","KN297320v1","1234476","1234772","57","128637058"
"chr1","129872492","129872784","KN296225v1","214782","215070","54","129657710"
"chr1","129873281","129873568","KN295692v1","338950","339232","72","129534331"
"chr1","129925807","129926089","KN297153v1","594404","594691","57","129331403"
"chr1","129929620","129929857","KN296938v1","783163","783396","44","129146457"
"chr1","129931519","129931796","KN295117v1","315760","316034","53","129615759"
"chr1","129939629","129939754","KN296311v1","2198203","2198326","19","127741426"
"chr1","129952296","129952476","KN294874v1","10045","10210","37","129942251"
"chr1","129987643","129987944","KN297245v1","2036362","2036663","61","127951281"
"chr1","129998605","129998898","KN295161v1","307562","307846","63","129691043"
"chr1","130007862","130008153","KN297046v1","3036778","3037058","68","126971084"
"chr1","130017023","130017329","KN296732v1","2259249","2259538","83","127757774"
"chr1","130024650","130024974","KN297320v1","1234476","1234772","80","128790174"
"chr1","130037537","130037801","KN296153v1","1917420","1917694","54","128120117"
"chr1","130039029","130039074","KN297322v1","1385028","1385077","5","128654001"
"chr1","130039077","130039408","KN295596v1","879252","879556","88","129159825"
"chr1","130046355","130046625","KN295171v1","419582","419857","61","129626773"
"chr1","130070153","130070431","KN297165v1","2213892","2214169","64","127856261"
"chr1","130080533","130080787","KN295940v1","149553","149810","45","129930980"
"chr1","130094634","130094915","KN296879v1","1468005","1468290","69","128626629"
"chr1","130102290","130102545","KN297452v1","749329","749594","57","129352961"
"chr1","130105658","130105967","KN295586v1","2908076","2908370","74","127197582"
"chr1","130106473","130106644","KN295533v1","1808077","1808253","37","128298396"
"chr1","130106950","130106998","KN294262v1","2386659","2386705","11","127720291"
"chr1","130107308","130107548","KN296009v1","94635","94869","54","130012673"
"chr1","130114887","130115179","KN295107v1","1051267","1051565","60","129063620"
"chr1","130150731","130150975","KN294987v1","428456","428674","67","129722275"
"chr1","130208898","130209184","KN295236v1","3301030","3301324","65","126907868"
"chr1","130222665","130222926","KN296847v1","217895","218171","61","130004770"
"chr1","130229871","130229962","KN296877v1","186520","186605","21","130043351"
"chr1","130250116","130250238","KN297390v1","1434618","1434739","25","128815498"
"chr1","130258477","130258777","KN295586v1","2908076","2908370","55","127350401"
"chr1","130267240","130267558","KN294407v1","2027591","2027900","77","128239649"
"chr1","130278967","130279150","KN294172v1","5989479","5989657","43","124289488"
"chr1","130280807","130280974","KN296542v1","56816","56975","41","130223991"
"chr1","130287793","130288033","KN295962v1","2008293","2008541","66","128279500"
"chr1","130288550","130288840","KN295601v1","2380697","2380981","65","127907853"
"chr1","130305888","130306062","KN294453v1","230898","231077","40","130074990"
"chr1","130321717","130322009","KN295096v1","1285856","1286143","57","129035861"
"chr1","130331633","130331701","KN294705v1","1706573","1706644","15","128625060"
"chr1","130337114","130337238","KN294372v1","652327","652456","30","129684787"
"chr1","130354716","130354871","KN294630v1","59491","59629","46","130295225"
"chr1","130354919","130355095","KN295987v1","1531558","1531730","34","128823361"
"chr1","130381502","130381744","KN296290v1","756517","756757","65","129624985"
"chr1","130383608","130383850","KN297095v1","1360698","1360930","67","129022910"
"chr1","130397524","130397830","KN296225v1","560393","560689","58","129837131"
"chr1","130407052","130407211","KN297165v1","393644","393802","30","130013408"
"chr1","130417798","130418122","KN296378v1","443231","443542","85","129974567"
"chr1","130424705","130424916","KN296682v1","4883965","4884171","35","125540740"
"chr1","130449541","130449793","KN295441v1","1067325","1067540","75","129382216"
"chr1","130456540","130456619","KN296153v1","1618983","1619062","22","128837557"
"chr1","130465416","130465534","KN294446v1","447695","447818","26","130017721"
"chr1","130465815","130465978","KN294210v1","1873730","1873897","46","128592085"
"chr1","130472593","130472901","KN296311v1","5734689","5734986","63","124737904"
"chr1","130476878","130477180","KN295936v1","264936","265240","62","130211942"
"chr1","130491589","130491809","KN297154v1","1276195","1276415","39","129215394"
"chr1","130492321","130492612","KN297320v1","1234476","1234772","51","129257845"
"chr1","130495701","130495993","KN296635v1","5449186","5449483","59","125046515"
"chr1","130498363","130498490","KN295236v1","5497389","5497517","22","125000974"
"chr1","130500001","130500129","KN294486v1","419638","419767","23","130080363"
"chr1","130545643","130545902","KN296075v1","180417","180680","51","130365226"
"chr1","130552428","130552716","KN294199v1","65187","65474","53","130487241"
"chr1","130558806","130559061","KN295343v1","1026743","1027006","64","129532063"
"chr1","130580312","130580615","KN294235v1","977321","977625","67","129602991"
"chr1","130582948","130583252","KN295236v1","1006135","1006445","56","129576813"
"chr1","130602560","130602865","KN294592v1","451567","451869","56","130150993"
"chr1","130604666","130604946","KN296502v1","1187225","1187506","52","129417441"
"chr1","130610708","130611040","KN295725v1","2016334","2016644","77","128594374"
"chr1","130618460","130618728","KN294745v1","130749","131015","64","130487711"
"chr1","130648680","130648961","KN294513v1","818583","818861","60","129830097"
"chr1","130649089","130649245","KN294806v1","535637","535792","30","130113452"
"chr1","130649552","130649690","KN297274v1","148853","148989","28","130500699"
"chr1","130664612","130664895","KN296502v1","960957","961236","55","129703655"
"chr1","130674301","130674591","KN295315v1","799842","800134","60","129874459"
"chr1","130677321","130677616","KN297095v1","1524528","1524816","66","129152793"
"chr1","130728688","130728955","KN296153v1","960264","960545","64","129768424"
"chr1","130750144","130750467","KN295282v1","198408","198725","84","130551736"
"chr1","130790092","130790393","KN294429v1","167215","167510","61","130622877"
"chr1","130826278","130826565","KN296538v1","1221195","1221497","63","129605083"
"chr1","130845882","130846183","KN296404v1","3404152","3404452","66","127441730"
"chr1","130847918","130848041","KN296828v1","63127","63248","14","130784791"
"chr1","130865999","130866259","KN297083v1","327886","328143","49","130538113"
"chr1","130870389","130870698","KN295045v1","414971","415269","64","130455418"
"chr1","130879246","130879531","KN296096v1","1173555","1173840","48","129705691"
"chr1","130975749","130976026","KN295365v1","534529","534812","48","130441220"
"chr1","130978972","130979023","KN296453v1","1190019","1190065","16","129788953"
"chr1","131045029","131045326","KN294396v1","322262","322555","63","130722767"
"chr1","131053882","131054169","KN296290v1","24611","24902","55","131029271"
"chr1","131058855","131058990","KN295498v1","243998","244137","10","130814857"
"chr1","131230011","131230212","KN295498v1","71208","71416","18","131158803"
"chr1","131310656","131310905","KN296019v1","518943","519183","60","130791713"
"chr1","131339659","131339928","KN294187v1","1653394","1653672","65","129686265"
"chr1","131358394","131358540","KN294217v1","898479","898629","34","130459915"
"chr1","131420265","131420379","KN297249v1","437423","437532","13","130982842"
"chr1","131441247","131441554","KN297249v1","418841","419128","30","131022406"
"chr1","131725409","131725726","KN297249v1","172529","172817","64","131552880"
"chr1","131758739","131758989","KN297249v1","140736","141010","46","131618003"
"chr1","131939374","131939658","KN296311v1","8391215","8391500","60","123548159"
"chr1","132091963","132092258","KN295349v1","58082","58373","57","132033881"
"chr1","132274031","132274336","KN294665v1","137373","137668","60","132136658"
"chr1","132368966","132369275","KN297245v1","2036362","2036663","54","130332604"
"chr1","132417252","132417550","KN294146v1","2530","2826","60","132414722"
"chr1","132422489","132422655","KN297233v1","1210283","1210441","38","131212206"
"chr1","132461065","132461370","KN295814v1","1729226","1729515","37","130731839"
"chr1","132471300","132471558","KN294671v1","193489","193741","58","132277811"
"chr1","132481807","132482015","KN296119v1","2468525","2468729","36","130013282"
"chr1","132482492","132482781","KN295814v1","1710151","1710443","18","130772341"
"chr1","132484658","132484792","KN295814v1","1707822","1707956","9","130776836"
"chr1","132498009","132498317","KN295814v1","1692975","1693301","40","130805034"
"chr1","132503517","132503814","KN296864v1","3187581","3187876","59","129315936"
"chr1","132516048","132516323","KN295814v1","1676031","1676314","21","130840017"
"chr1","132530458","132530732","KN295814v1","1661653","1661935","23","130868805"
"chr1","132560700","132561039","KN295814v1","1633780","1634063","76","130926920"
"chr1","132564140","132564218","KN295814v1","1629039","1629117","11","130935101"
"chr1","132608818","132608953","KN294372v1","663639","663773","25","131945179"
"chr1","132609250","132609400","KN297154v1","889813","889964","37","131719437"
"chr1","132620063","132620326","KN295814v1","1572774","1573069","53","131047289"
"chr1","132620377","132620521","KN294499v1","2461813","2461967","42","130158564"
"chr1","132641203","132641489","KN295814v1","1557506","1557798","20","131083697"
"chr1","132641527","132641652","KN295577v1","183340","183465","19","132458187"
"chr1","132697083","132697377","KN295814v1","1504511","1504818","40","131192572"
"chr1","132711230","132711509","KN295814v1","1486340","1486623","21","131224890"
"chr1","132721200","132721503","KN295814v1","1476065","1476365","25","131245135"
"chr1","132721966","132722261","KN295758v1","784239","784522","65","131937727"
"chr1","132724028","132724290","KN295814v1","1472599","1472851","31","131251429"
"chr1","132726647","132726845","KN295474v1","578011","578191","51","132148636"
"chr1","132731523","132731793","KN295814v1","1464158","1464429","19","131267365"
"chr1","132737344","132737473","KN295814v1","1458160","1458289","8","131279184"
"chr1","132775992","132776292","KN295814v1","1414863","1415158","22","131361129"
"chr1","132805307","132805551","KN295814v1","1384290","1384536","15","131421017"
"chr1","132807477","132807756","KN295814v1","1382084","1382359","21","131425393"
"chr1","132808198","132808322","KN296324v1","334232","334355","21","132473966"
"chr1","132815177","132815453","KN295814v1","1373511","1373787","10","131441666"
"chr1","132819252","132819525","KN294964v1","921746","922009","62","131897506"
"chr1","132820558","132820650","KN294456v1","1024381","1024492","36","131796177"
"chr1","132820944","132821086","KN295814v1","1366160","1366309","15","131454784"
"chr1","132829251","132829303","KN294777v1","572755","572805","14","132256496"
"chr1","132829632","132829779","KN297332v1","243297","243443","35","132586335"
"chr1","132844703","132844943","KN295814v1","1339120","1339400","53","131505583"
"chr1","132845313","132845407","KN295814v1","1338672","1338776","15","131506641"
"chr1","132859468","132859801","KN295523v1","2851176","2851466","88","130008292"
"chr1","132861658","132861946","KN295814v1","1323550","1323838","19","131538108"
"chr1","132862742","132862999","KN296430v1","368415","368695","65","132494327"
"chr1","132864712","132864927","KN295814v1","1319978","1320201","32","131544734"
"chr1","132873246","132873295","KN296025v1","280338","280384","10","132592908"
"chr1","132880977","132881265","KN296187v1","2650305","2650596","53","130230672"
"chr1","132887464","132887753","KN295814v1","1295338","1295642","44","131592126"
"chr1","132893743","132894012","KN295814v1","1288388","1288644","31","131605355"
"chr1","132956769","132956881","KN296250v1","41859","41972","19","132914910"
"chr1","132980077","132980196","KN295814v1","1189244","1189364","6","131790833"
"chr1","132986801","132987090","KN294987v1","797207","797503","54","132189594"
"chr1","132991080","132991255","KN295814v1","1193976","1194159","21","131797104"
"chr1","133003749","133004063","KN295814v1","1163930","1164250","37","131839819"
"chr1","133008532","133008819","KN295814v1","1169975","1170263","28","131838557"
"chr1","133013531","133013697","KN295814v1","1154739","1154902","15","131858792"
"chr1","133029482","133029777","KN294948v1","30189","30479","60","132999293"
"chr1","133030232","133030423","KN295474v1","578011","578191","49","132452221"
"chr1","133031400","133031543","KN295814v1","1141982","1142128","23","131889418"
"chr1","133031845","133032015","KN295814v1","1141503","1141678","19","131890342"
"chr1","133035113","133035386","KN295814v1","1137839","1138118","14","131897274"
"chr1","133045385","133045576","KN295814v1","1116452","1116641","17","131928933"
"chr1","133050336","133050637","KN296119v1","4861092","4861380","89","128189244"
"chr1","133051328","133051611","KN294569v1","836931","837218","62","132214397"
"chr1","133054333","133054625","KN296625v1","153154","153447","56","132901179"
"chr1","133058617","133058912","KN295814v1","1105796","1106107","30","131952821"
"chr1","133084503","133084769","KN295814v1","1080186","1080465","35","132004317"
"chr1","133089456","133089762","KN295814v1","1075335","1075640","13","132014121"
"chr1","133099081","133099374","KN295814v1","1067335","1067633","21","132031746"
"chr1","133101452","133101744","KN295814v1","1064163","1064468","20","132037289"
"chr1","133104107","133104378","KN295814v1","1061555","1061824","37","132042552"
"chr1","133104383","133104678","KN295814v1","1061259","1061551","21","132043124"
"chr1","133107814","133107950","KN294325v1","816110","816248","28","132291704"
"chr1","133108248","133108425","KN296308v1","286895","287073","40","132821353"
"chr1","133112993","133113063","KN295814v1","1053483","1053553","3","132059510"
"chr1","133116618","133116721","KN295814v1","1050743","1050846","3","132065875"
"chr1","133117503","133117727","KN295814v1","1049726","1049938","17","132067777"
"chr1","133122826","133123046","KN297159v1","1432637","1432846","46","131690189"
"chr1","133134419","133134703","KN295814v1","1032075","1032358","32","132102344"
"chr1","133153932","133154097","KN295814v1","1012136","1012310","19","132141796"
"chr1","133158062","133158347","KN295814v1","1007510","1007785","26","132150552"
"chr1","133194692","133194928","KN295814v1","968408","968638","18","132226284"
"chr1","133201892","133202210","KN295814v1","958117","958410","51","132243775"
"chr1","133204357","133204520","KN294630v1","218498","218661","32","132985859"
"chr1","133204766","133204901","KN295236v1","941353","941486","29","132263413"
"chr1","133220881","133221005","KN294345v1","1896097","1896220","17","131324784"
"chr1","133225244","133225535","KN295814v1","933093","933395","27","132292151"
"chr1","133226862","133227161","KN295814v1","931467","931769","22","132295395"
"chr1","133246147","133246231","KN295814v1","911095","911179","8","132335052"
"chr1","133246536","133246693","KN297154v1","1567428","1567596","33","131679108"
"chr1","133246729","133247003","KN295814v1","910324","910596","24","132336405"
"chr1","133249404","133249696","KN295814v1","907936","908236","29","132341468"
"chr1","133271051","133271187","KN295039v1","153664","153793","26","133117387"
"chr1","133301784","133302095","KN295586v1","5097157","5097464","70","128204627"
"chr1","133309359","133309658","KN295814v1","843819","844102","35","132465540"
"chr1","133310659","133310956","KN295814v1","842506","842804","26","132468153"
"chr1","133333582","133333718","KN295814v1","819116","819252","11","132514466"
"chr1","133334009","133334178","KN295814v1","818651","818825","11","132515358"
"chr1","133339364","133339597","KN297245v1","2457323","2457553","50","130882041"
"chr1","133343316","133343573","KN294172v1","6679926","6680180","68","126663390"
"chr1","133359675","133359817","KN295814v1","791766","791904","15","132567909"
"chr1","133360087","133360215","KN295814v1","791379","791500","18","132568708"
"chr1","133369181","133369416","KN295814v1","784110","784319","35","132585071"
"chr1","133373151","133373459","KN295814v1","780095","780403","23","132593056"
"chr1","133377754","133378020","KN295814v1","775172","775452","24","132602582"
"chr1","133385250","133385563","KN295814v1","769010","769321","54","132616240"
"chr1","133394363","133394659","KN295814v1","760102","760416","41","132634261"
"chr1","133394663","133394939","KN295814v1","759818","760096","24","132634845"
"chr1","133409458","133409725","KN295814v1","742740","743013","18","132666718"
"chr1","133438183","133438533","KN294207v1","128747","129097","93","133309436"
"chr1","133439817","133439940","KN295814v1","714499","714623","9","132725318"
"chr1","133440237","133440408","KN295814v1","714030","714202","9","132726207"
"chr1","133462089","133462204","KN294710v1","137737","137854","19","133324352"
"chr1","133489957","133490087","KN296738v1","186448","186579","27","133303509"
"chr1","133500840","133501079","KN295814v1","649687","649926","14","132851153"
"chr1","133502602","133502879","KN295814v1","647472","647736","28","132855130"
"chr1","133509545","133509841","KN295814v1","640518","640783","44","132869027"
"chr1","133557983","133558091","KN294456v1","268819","268927","21","133289164"
"chr1","133599965","133600182","KN295814v1","542808","543026","9","133057157"
"chr1","133609907","133610225","KN295814v1","531786","532080","37","133078121"
"chr1","133615670","133615958","KN295814v1","525601","525870","31","133090069"
"chr1","133627230","133627355","KN296635v1","3688413","3688542","38","129938817"
"chr1","133636728","133636969","KN296306v1","1148888","1149124","60","132487840"
"chr1","133638428","133638485","KN295302v1","404099","404153","12","133234329"
"chr1","133707296","133707499","KN294964v1","523425","523626","39","133183871"
"chr1","133713807","133714104","KN295814v1","427332","427596","56","133286475"
"chr1","133801424","133801530","KN295814v1","339682","339793","12","133461742"
"chr1","133810172","133810476","KN295814v1","330566","330875","20","133479606"
"chr1","133810948","133811253","KN295814v1","329795","330097","25","133481153"
"chr1","133830431","133830715","KN295814v1","310763","311069","44","133519668"
"chr1","133878990","133879289","KN295814v1","260758","261057","13","133618232"
"chr1","133879702","133879996","KN294499v1","2466913","2467200","60","131412789"
"chr1","133888893","133889193","KN295814v1","250621","250916","22","133638272"
"chr1","133890906","133891228","KN295814v1","248583","248902","21","133642323"
"chr1","133892112","133892338","KN295814v1","247305","247521","23","133644807"
"chr1","133893491","133893791","KN295814v1","245865","246161","17","133647626"
"chr1","133897667","133897983","KN295814v1","238328","238646","28","133659339"
"chr1","133925082","133925375","KN295814v1","210542","210840","18","133714540"
"chr1","133935711","133935800","KN296225v1","345664","345752","17","133590047"
"chr1","133945231","133945516","KN295814v1","191023","191310","21","133754208"
"chr1","133979656","133979982","KN295814v1","156729","157064","29","133822927"
"chr1","133989820","133990131","KN295814v1","145971","146275","33","133843849"
"chr1","134017060","134017359","KN295814v1","118111","118406","17","133898949"
"chr1","134023208","134023382","KN296955v1","224784","224956","40","133798424"
"chr1","134023717","134023848","KN295814v1","1707822","1707956","18","132315895"
"chr1","134025606","134025918","KN295814v1","109455","109745","37","133916151"
"chr1","134047733","134047996","KN295814v1","86168","86420","29","133961565"
"chr1","134053958","134054244","KN295814v1","78530","78826","28","133975428"
"chr1","134056604","134056870","KN295814v1","75205","75495","42","133981399"
"chr1","134102793","134102916","KN296311v1","6308916","6309040","18","127793877"
"chr1","134115470","134115589","KN295814v1","21256","21375","4","134094214"
"chr1","134116218","134116512","KN295814v1","20331","20626","13","134095887"
"chr1","134136383","134136507","KN295814v1","483","607","6","134135900"
"chr1","134173391","134173512","KN295236v1","3907798","3907917","19","130265593"
"chr1","134174301","134174538","KN294856v1","383253","383488","10","133791048"
"chr1","134174650","134174945","KN294911v1","2235776","2236085","67","131938874"
"chr1","134211284","134211595","KN294181v1","481862","482169","76","133729422"
"chr1","134252502","134252717","KN294987v1","428456","428674","38","133824046"
"chr1","134267127","134267421","KN296311v1","5717539","5717839","69","128549588"
"chr1","134281610","134281912","KN294856v1","263909","264189","49","134017701"
"chr1","134300037","134300149","KN296062v1","2178521","2178637","16","132121516"
"chr1","134306696","134306991","KN294856v1","237526","237826","26","134069170"
"chr1","134308740","134308812","KN294733v1","308226","308298","15","134000514"
"chr1","134315813","134316116","KN294856v1","228680","228979","17","134087133"
"chr1","134320824","134321135","KN295526v1","935438","935738","71","133385386"
"chr1","134323414","134323649","KN294856v1","221744","221976","24","134101670"
"chr1","134342439","134342727","KN296907v1","273051","273344","64","134069388"
"chr1","134350505","134350805","KN295045v1","414971","415269","66","133935534"
"chr1","134352331","134352485","KN294848v1","221307","221462","36","134131024"
"chr1","134354355","134354651","KN296406v1","163962","164264","59","134190393"
"chr1","134357564","134357677","KN294630v1","264259","264366","20","134093305"
"chr1","134358042","134358216","KN294856v1","192015","192191","17","134166027"
"chr1","134358493","134358563","KN294842v1","1512497","1512573","17","132845996"
"chr1","134378694","134378870","KN294856v1","170436","170612","10","134208258"
"chr1","134379169","134379303","KN296225v1","220665","220791","28","134158504"
"chr1","134386384","134386658","KN294856v1","162649","162927","22","134223735"
"chr1","134386991","134387304","KN294856v1","161997","162310","15","134224994"
"chr1","134392132","134392197","KN294856v1","156800","156859","10","134235332"
"chr1","134411110","134411383","KN294856v1","137800","138079","28","134273310"
"chr1","134435188","134435485","KN294856v1","111613","111930","44","134323575"
"chr1","134443747","134444062","KN294856v1","101382","101701","32","134342365"
"chr1","134454705","134454964","KN296096v1","1827942","1828211","64","132626763"
"chr1","134465289","134465542","KN295090v1","427709","427974","66","134037580"
"chr1","134474740","134475039","KN294856v1","69533","69841","27","134405207"
"chr1","134486726","134487031","KN295667v1","676400","676706","56","133810326"
"chr1","134487441","134487747","KN296486v1","1337566","1337861","56","133149875"
"chr1","134490613","134490917","KN294856v1","58445","58739","46","134432168"
"chr1","134491047","134491157","KN294856v1","58204","58316","7","134432843"
"chr1","134496064","134496280","KN295717v1","880250","880461","54","133615814"
"chr1","134502905","134503177","KN296017v1","366720","367014","71","134136185"
"chr1","134511998","134512256","KN294856v1","36040","36296","13","134475958"
"chr1","134516432","134516464","KN294856v1","32731","32762","4","134483701"
"chr1","134516702","134516843","KN294856v1","32358","32494","9","134484344"
"chr1","134528630","134528933","KN294856v1","18136","18430","27","134510494"
"chr1","134529013","134529303","KN294856v1","17755","18044","19","134511258"
"chr1","134529852","134530135","KN294856v1","16927","17217","27","134512925"
"chr1","134541725","134542006","KN296634v1","1816690","1816969","59","132725035"
"chr1","134551108","134551374","KN296074v1","5606","5878","32","134545502"
"chr1","134552956","134553255","KN296074v1","9501","9800","20","134543455"
"chr1","134599150","134599303","KN294848v1","221307","221462","37","134377843"
"chr1","134600383","134600580","KN296200v1","243111","243297","62","134357272"
"chr1","134600879","134601043","KN296244v1","516705","516840","44","134084174"
"chr1","134602251","134602538","KN296296v1","399271","399571","39","134202980"
"chr1","134603909","134604208","KN296296v1","396027","396325","14","134207882"
"chr1","134604617","134604902","KN296296v1","395331","395624","37","134209286"
"chr1","134609690","134609843","KN296296v1","390031","390181","13","134219659"
"chr1","134610159","134610293","KN296296v1","389602","389735","8","134220557"
"chr1","134614438","134614738","KN296296v1","384829","385083","60","134229609"
"chr1","134625325","134625490","KN297133v1","752216","752384","38","133873109"
"chr1","134634205","134634513","KN295343v1","329489","329788","56","134304716"
"chr1","134636797","134637090","KN296296v1","358602","358895","23","134278195"
"chr1","134882380","134882659","KN296296v1","346836","347122","28","134535544"
"chr1","134896022","134896314","KN296296v1","332265","332559","16","134563757"
"chr1","134896909","134897224","KN295198v1","732912","733220","75","134163997"
"chr1","134900795","134901052","KN296296v1","328427","328689","26","134572368"
"chr1","134906720","134906922","KN294454v1","121171","121376","48","134785549"
"chr1","134907823","134908084","KN296296v1","324071","324359","54","134583752"
"chr1","134911907","134912221","KN296296v1","320309","320597","44","134591598"
"chr1","134919898","134920022","KN296296v1","313963","314093","15","134605935"
"chr1","134926581","134926659","KN296296v1","307533","307611","3","134619048"
"chr1","134926664","134926931","KN296296v1","307229","307518","63","134619435"
"chr1","134928831","134929137","KN297095v1","3256668","3256971","60","131672163"
"chr1","134937341","134937616","KN296296v1","294918","295180","40","134642423"
"chr1","134937618","134937943","KN296296v1","294624","294916","55","134642994"
"chr1","134938884","134939185","KN296296v1","293109","293402","34","134645775"
"chr1","134939882","134940173","KN296296v1","292144","292417","36","134647738"
"chr1","134943969","134944271","KN296296v1","288030","288318","30","134655939"
"chr1","134959961","134960251","KN296296v1","272379","272673","29","134687582"
"chr1","134964986","134965192","KN297245v1","2828681","2828887","44","132136305"
"chr1","134969264","134969289","KN295708v1","1290604","1290626","7","133678660"
"chr1","134969589","134969698","KN294536v1","771406","771518","18","134198183"
"chr1","134971784","134972086","KN296732v1","2561573","2561861","72","132410211"
"chr1","134972188","134972482","KN296296v1","264603","264905","24","134707585"
"chr1","134974505","134974810","KN294842v1","1281785","1282084","77","133692720"
"chr1","134974812","134975096","KN295744v1","217379","217658","71","134757433"
"chr1","134977204","134977469","KN296296v1","261488","261763","25","134715716"
"chr1","134987765","134988033","KN296154v1","2690654","2690917","66","132297111"
"chr1","134995376","134995669","KN296296v1","243903","244198","22","134751473"
"chr1","134997752","134998047","KN296296v1","241136","241427","46","134756616"
"chr1","134998663","134999048","KN294991v1","890638","890961","133","134108025"
"chr1","135022774","135023094","KN296296v1","216925","217239","28","134805849"
"chr1","135029766","135030061","KN296296v1","209444","209722","40","134820322"
"chr1","135044985","135045278","KN296187v1","2652299","2652597","54","132392686"
"chr1","135055063","135055175","KN296296v1","179566","179678","7","134875497"
"chr1","135058004","135058308","KN296296v1","176323","176626","25","134881681"
"chr1","135058375","135058655","KN296296v1","175984","176265","15","134882391"
"chr1","135067828","135068057","KN296296v1","165214","165444","25","134902614"
"chr1","135068070","135068294","KN296407v1","401807","402035","50","134666263"
"chr1","135085243","135085492","KN296296v1","146944","147205","26","134938299"
"chr1","135095445","135095633","KN296296v1","133389","133577","8","134962056"
"chr1","135098893","135099077","KN296296v1","129671","129863","26","134969222"
"chr1","135101019","135101266","KN296296v1","127506","127753","11","134973513"
"chr1","135130073","135130157","KN295090v1","931964","932047","14","134198109"
"chr1","135138541","135138845","KN296296v1","89119","89435","31","135049422"
"chr1","135194358","135194637","KN296296v1","22224","22462","56","135172134"
"chr1","135195599","135195915","KN296119v1","2824357","2824666","62","132371242"
"chr1","135228875","135228999","KN296093v1","11204","11324","16","135217671"
"chr1","135258451","135258756","KN296093v1","43850","44169","29","135214601"
"chr1","135281420","135281705","KN296062v1","1772625","1772884","80","133508795"
"chr1","135282852","135283107","KN296093v1","69960","70215","12","135212892"
"chr1","135288936","135289264","KN296093v1","76000","76320","28","135212936"
"chr1","135291600","135291876","KN296093v1","78953","79230","19","135212647"
"chr1","135304601","135304715","KN296093v1","92598","92712","10","135212003"
"chr1","135314369","135314470","KN294734v1","299549","299648","19","135014820"
"chr1","135337953","135338251","KN294848v1","220563","220857","58","135117390"
"chr1","135348969","135349284","KN297046v1","3211174","3211468","82","132137795"
"chr1","135352859","135353145","KN296093v1","140638","140922","23","135212221"
"chr1","135379060","135379181","KN296828v1","63127","63248","16","135315933"
"chr1","135379483","135379682","KN295708v1","321180","321366","43","135058303"
"chr1","135393651","135393819","KN296093v1","174984","175151","15","135218667"
"chr1","135394430","135394579","KN296093v1","175449","175604","24","135218981"
"chr1","135408162","135408281","KN296079v1","478071","478191","19","134930091"
"chr1","135428474","135428787","KN294373v1","87099","87406","64","135341375"
"chr1","135448520","135448805","KN296093v1","237274","237576","35","135211246"
"chr1","135451225","135451518","KN295241v1","55670","55954","75","135395555"
"chr1","135473927","135474169","KN297154v1","26195","26447","65","135447732"
"chr1","135485412","135485722","KN295293v1","281183","281490","64","135204229"
"chr1","135493501","135493780","KN295090v1","1993653","1993930","66","133499848"
"chr1","135495002","135495275","KN294214v1","436554","436840","73","135058448"
"chr1","135521971","135522083","KN296365v1","873254","873363","18","134648717"
"chr1","135526014","135526289","KN294733v1","143432","143710","54","135382582"
"chr1","135542264","135542553","KN295586v1","2908076","2908370","61","132634188"
"chr1","135546423","135546716","KN295633v1","2112897","2113183","66","133433526"
"chr1","135547351","135547496","KN295983v1","1668339","1668486","34","133879012"
"chr1","135624485","135624768","KN297442v1","1544491","1544771","54","134079994"
"chr1","135645135","135645414","KN294187v1","147289","147562","57","135497846"
"chr1","135678118","135678257","KN294705v1","391904","392041","25","135286214"
"chr1","135678553","135678716","KN296244v1","980605","980753","54","134697948"
"chr1","135688003","135688268","KN296296v1","127506","127753","72","135560497"
"chr1","135722984","135723260","KN294548v1","1076706","1076991","46","134646278"
"chr1","135744696","135745005","KN294705v1","773441","773753","57","134971255"
"chr1","135755267","135755560","KN295567v1","60519","60812","61","135694748"
"chr1","135773263","135773421","KN297215v1","222105","222253","39","135551158"
"chr1","135785555","135785735","KN295722v1","2530724","2530897","50","133254831"
"chr1","135799650","135799931","KN296557v1","541590","541870","53","135258060"
"chr1","135830502","135830735","KN296926v1","927971","928195","52","134902531"
"chr1","135876300","135876608","KN297205v1","308098","308396","57","135568202"
"chr1","135926053","135926257","KN296588v1","1945246","1945464","56","133980807"
"chr1","135963619","135963834","KN294372v1","2473504","2473714","42","133490115"
"chr1","135971177","135971328","KN294260v1","1376507","1376662","44","134594670"
"chr1","135987846","135988082","KN297019v1","1212128","1212359","51","134775718"
"chr1","135992567","135992740","KN294458v1","834724","834896","38","135157843"
"chr1","135993052","135993185","KN294456v1","711813","711947","23","135281239"
"chr1","136036720","136036846","KN296311v1","1179599","1179728","22","134857121"
"chr1","136061236","136061533","KN297245v1","2036362","2036663","61","134024874"
"chr1","136116079","136116376","KN297245v1","2036362","2036663","52","134079717"
"chr1","136118889","136119184","KN296864v1","2020102","2020402","60","134098787"
"chr1","136138785","136138910","KN295433v1","672811","672940","21","135465974"
"chr1","136139742","136140049","KN294199v1","20455","20762","60","136119287"
"chr1","136146707","136147005","KN295045v1","593563","593859","61","135553144"
"chr1","136170545","136170679","KN296062v1","2410603","2410735","23","133759942"
"chr1","136174806","136175081","KN296864v1","1058114","1058385","60","135116692"
"chr1","136215917","136216185","KN295667v1","237246","237503","65","135978671"
"chr1","136221299","136221588","KN294987v1","797207","797503","56","135424092"
"chr1","136249501","136249625","KN295744v1","449867","449990","18","135799634"
"chr1","136257543","136257742","KN295257v1","229898","230084","49","136027645"
"chr1","136374533","136374748","KN294257v1","1976971","1977181","54","134397562"
"chr1","136506561","136506835","KN296063v1","914094","914370","58","135592467"
"chr1","136530246","136530568","KN294510v1","40752","41080","73","136489494"
"chr1","136559930","136560063","KN294172v1","4384631","4384761","26","132175299"
"chr1","136623092","136623398","KN294199v1","548363","548671","65","136074729"
"chr1","136645590","136645897","KN295162v1","90251","90566","73","136555339"
"chr1","136821123","136821430","KN296247v1","427878","428187","72","136393245"
"chr1","136886924","136887216","KN295405v1","198581","198863","62","136688343"
"chr1","136946550","136946608","KN295323v1","312483","312542","12","136634067"
"chr1","136946610","136946817","KN297190v1","291978","292179","44","136654632"
"chr1","136964025","136964205","KN296322v1","1684164","1684329","59","135279861"
"chr1","136964499","136964670","KN297028v1","358152","358324","35","136606347"
"chr1","136965521","136965814","KN295294v1","3588871","3589172","61","133376650"
"chr1","137073213","137073514","KN295047v1","57875","58160","64","137015338"
"chr1","137116519","137116802","KN296743v1","1303030","1303306","49","135813489"
"chr1","137243799","137244007","KN297408v1","11716","11925","39","137232083"
"chr1","137272508","137272805","KN296096v1","2297832","2298124","67","134974676"
"chr1","137333575","137333666","KN295315v1","794913","795005","15","136538662"
"chr1","137333844","137334073","KN294471v1","319492","319708","64","137014352"
"chr1","137405183","137405485","KN296153v1","1425537","1425832","68","135979646"
"chr1","137564529","137564790","KN296263v1","214533","214793","59","137349996"
"chr1","137693398","137693722","KN294521v1","511105","511400","89","137182293"
"chr1","137798735","137799048","KN294470v1","3146483","3146791","65","134652252"
"chr1","137967025","137967329","KN295923v1","1059973","1060283","63","136907052"
"chr1","138190812","138191081","KN295352v1","216571","216847","59","137974241"
"chr1","138217143","138217429","KN295365v1","534529","534812","56","137682614"
"chr1","138232723","138233010","KN297095v1","2146414","2146695","58","136086309"
"chr1","138514305","138514591","KN295308v1","1723033","1723321","62","136791272"
"chr1","138529554","138529845","KN296096v1","3508595","3508884","63","135020959"
"chr1","139145767","139145956","KN295057v1","880798","880987","6","138264969"
"chr1","139150282","139150562","KN294825v1","282784","283066","53","138867498"
"chr1","139211709","139212043","KN295057v1","814939","815232","63","138396770"
"chr1","139228659","139228915","KN295057v1","796807","797062","18","138431852"
"chr1","139230898","139231207","KN294287v1","244584","244896","60","138986314"
"chr1","139279040","139279268","KN295057v1","744385","744620","21","138534655"
"chr1","139281586","139281738","KN297154v1","119862","120012","29","139161724"
"chr1","139289610","139289883","KN294416v1","1550010","1550284","60","137739600"
"chr1","139301474","139301760","KN295057v1","716370","716662","25","138585104"
"chr1","139301770","139302028","KN295057v1","716091","716360","25","138585679"
"chr1","139304705","139304905","KN294873v1","620805","620996","52","138683900"
"chr1","139319630","139319912","KN295057v1","697706","697990","24","138621924"
"chr1","139431533","139431776","KN294262v1","2680102","2680359","80","136751431"
"chr1","139431809","139432070","KN295057v1","584967","585235","26","138846842"
"chr1","139459809","139460089","KN295057v1","557977","558255","22","138901832"
"chr1","139503035","139503354","KN295057v1","514700","515039","42","138988335"
"chr1","139507356","139507476","KN295480v1","3216966","3217084","28","136290390"
"chr1","139507790","139507972","KN296820v1","1315843","1316023","41","138191947"
"chr1","139512662","139512966","KN295057v1","505324","505623","27","139007338"
"chr1","139521824","139522103","KN295057v1","496082","496361","26","139025742"
"chr1","139528325","139528547","KN296518v1","87595","87806","50","139440730"
"chr1","139599131","139599431","KN295057v1","418562","418852","34","139180569"
"chr1","139715902","139716166","KN295571v1","732124","732376","71","138983778"
"chr1","139721802","139721975","KN295057v1","300469","300641","11","139421333"
"chr1","139722274","139722320","KN294592v1","936194","936239","7","138786080"
"chr1","139740603","139740909","KN295057v1","281418","281725","12","139459185"
"chr1","139934392","139934702","KN295057v1","78969","79289","31","139855423"
"chr1","139960284","139960401","KN294613v1","611677","611793","16","139348607"
"chr1","139960427","139960593","KN296311v1","7939181","7939354","35","132021246"
"chr1","140008917","140009199","KN295057v1","30426","30714","24","139978491"
"chr1","140021814","140022081","KN294619v1","544816","545086","51","139476998"
"chr1","140088993","140089230","KN295343v1","917256","917487","60","139171737"
"chr1","140168402","140168597","KN295174v1","15555","15755","44","140152847"
"chr1","140174523","140174821","KN294172v1","841497","841800","56","139333026"
"chr1","140210104","140210411","KN294509v1","1578204","1578505","79","138631900"
"chr1","140226753","140227050","KN296017v1","366720","367014","57","139860033"
"chr1","140284766","140284881","KN295586v1","586201","586317","28","139698565"
"chr1","140290068","140290364","KN295633v1","1989984","1990285","64","138300084"
"chr1","140301243","140301459","KN296146v1","7425","7641","7","140293818"
"chr1","140331401","140331526","KN294705v1","232829","232943","39","140098572"
"chr1","140331747","140331889","KN295284v1","18924","19068","26","140312823"
"chr1","140349864","140350052","KN295941v1","735105","735288","47","139614759"
"chr1","140359527","140359817","KN296253v1","167394","167691","58","140192133"
"chr1","140381288","140381582","KN296146v1","80628","80919","17","140300660"
"chr1","140389885","140390145","KN296146v1","88706","88968","28","140301179"
"chr1","140422590","140422666","KN296306v1","1870327","1870396","20","138552263"
"chr1","140426707","140426822","KN296146v1","125953","126068","8","140300754"
"chr1","140430824","140431039","KN296146v1","129980","130172","35","140300844"
"chr1","140432245","140432426","KN295205v1","1574650","1574813","49","138857595"
"chr1","140436811","140436900","KN294199v1","1346155","1346242","17","139090656"
"chr1","140441616","140441911","KN296146v1","140758","141052","38","140300858"
"chr1","140450492","140450786","KN296146v1","149991","150278","34","140300501"
"chr1","140462035","140462303","KN296146v1","161427","161706","23","140300608"
"chr1","140467080","140467266","KN294372v1","2178775","2178965","45","138288305"
"chr1","140468349","140468464","KN294486v1","1411463","1411578","19","139056886"
"chr1","140505926","140506237","KN296146v1","203036","203347","28","140302890"
"chr1","140506645","140506875","KN296019v1","29287","29521","58","140477358"
"chr1","140511255","140511549","KN294469v1","329938","330232","63","140181317"
"chr1","140512753","140513051","KN296146v1","209040","209334","23","140303713"
"chr1","140528133","140528436","KN296864v1","3187581","3187876","63","137340552"
"chr1","140536222","140536446","KN297259v1","2209668","2209902","50","138326554"
"chr1","140545643","140545753","KN296146v1","243092","243202","10","140302551"
"chr1","140558847","140558970","KN296146v1","257225","257345","13","140301622"
"chr1","140561238","140561449","KN296588v1","2090578","2090774","61","138470660"
"chr1","140562004","140562087","KN295362v1","1240135","1240215","17","139321869"
"chr1","140589138","140589423","KN296146v1","288303","288582","30","140300835"
"chr1","140600076","140600377","KN296146v1","298926","299220","29","140301150"
"chr1","140609036","140609382","KN294570v1","165105","165399","97","140443931"
"chr1","140632235","140632539","KN296146v1","333314","333616","27","140298921"
"chr1","140645539","140645819","KN296146v1","346625","346930","42","140298914"
"chr1","140659774","140660062","KN296146v1","361446","361749","35","140298328"
"chr1","140686965","140687268","KN296146v1","392086","392395","24","140294879"
"chr1","140691076","140691351","KN296146v1","395848","396115","46","140295228"
"chr1","140702801","140702912","KN296146v1","403307","403417","11","140299494"
"chr1","140711962","140712097","KN296146v1","411942","412081","12","140300020"
"chr1","140892386","140892508","KN297146v1","38683","38804","9","140853703"
"chr1","140897357","140897619","KN297146v1","44427","44694","25","140852930"
"chr1","140899439","140899571","KN297146v1","46792","46926","9","140852647"
"chr1","141021943","141022251","KN295474v1","1067869","1068180","77","139954074"
"chr1","141028222","141028518","KN297146v1","196117","196406","24","140832105"
"chr1","141060544","141060851","KN297146v1","225740","226041","27","140834804"
"chr1","141131297","141131591","KN297146v1","321418","321716","23","140809879"
"chr1","141197315","141197605","KN297146v1","393260","393579","44","140804055"
"chr1","141222772","141223087","KN297146v1","424455","424781","29","140798317"
"chr1","141355129","141355383","KN297146v1","566434","566688","20","140788695"
"chr1","141459659","141459776","KN297146v1","683779","683895","15","140775880"
"chr1","141463373","141463648","KN297146v1","687555","687847","35","140775818"
"chr1","141479235","141479531","KN297146v1","703852","704142","37","140775383"
"chr1","141483637","141483902","KN294599v1","814363","814636","71","140669274"
"chr1","141514944","141515240","KN295872v1","39304","39600","17","141475640"
"chr1","141671207","141671314","KN294257v1","2048565","2048669","21","139622642"
"chr1","141676929","141677236","KN295872v1","187319","187607","35","141489610"
"chr1","141683472","141683673","KN295872v1","194183","194382","26","141489289"
"chr1","141695095","141695213","KN294591v1","425038","425155","16","141270057"
"chr1","141703781","141704105","KN295872v1","209623","209949","25","141494158"
"chr1","141709833","141710124","KN294842v1","1248001","1248302","68","140461832"
"chr1","141719198","141719484","KN295872v1","230149","230431","36","141489049"
"chr1","141747175","141747348","KN295984v1","1404292","1404470","52","140342883"
"chr1","141749808","141749925","KN294710v1","137737","137854","15","141612071"
"chr1","141761010","141761205","KN296119v1","5472899","5473086","41","136288111"
"chr1","141802173","141802288","KN296557v1","382818","382933","18","141419355"
"chr1","141819054","141819216","KN294842v1","1512993","1513156","36","140306061"
"chr1","141819482","141819622","KN294571v1","1934375","1934512","28","139885107"
"chr1","141836326","141836611","KN297452v1","2278288","2278582","55","139558038"
"chr1","142022838","142023124","KN296634v1","1816690","1816969","51","140206148"
"chr1","142319558","142319641","KN297105v1","266093","266176","8","142053465"
"chr1","142349532","142349816","KN297105v1","293571","293855","14","142055961"
"chr1","142373086","142373339","KN294147v1","1415369","1415613","56","140957717"
"chr1","142414042","142414371","KN297105v1","357610","357933","24","142056432"
"chr1","142421654","142421910","KN297105v1","363407","363663","18","142058247"
"chr1","142433099","142433216","KN297105v1","375164","375281","9","142057935"
"chr1","142457847","142458118","KN297105v1","401027","401307","24","142056820"
"chr1","142486810","142487123","KN297105v1","429528","429822","31","142057282"
"chr1","142498962","142499272","KN297105v1","442531","442846","22","142056431"
"chr1","142531801","142531923","KN297105v1","476613","476723","15","142055188"
"chr1","142550987","142551261","KN296826v1","95086","95353","64","142455901"
"chr1","142563170","142563447","KN297105v1","506088","506373","25","142057082"
"chr1","142607523","142607837","KN296153v1","2259272","2259589","64","140348251"
"chr1","142686040","142686352","KN297105v1","629278","629560","46","142056762"
"chr1","142795893","142796179","KN297105v1","740177","740467","30","142055716"
"chr1","142799355","142799445","KN294987v1","1189667","1189754","21","141609688"
"chr1","142867828","142868053","KN297105v1","802237","802462","11","142065591"
"chr1","142948648","142948946","KN297105v1","877349","877644","27","142071299"
"chr1","143153521","143153784","KN297105v1","1063100","1063368","27","142090421"
"chr1","143203122","143203408","KN297105v1","1115771","1116065","22","142087351"
"chr1","143365389","143365650","KN297105v1","1273969","1274249","40","142091420"
"chr1","143399290","143399578","KN294378v1","1113951","1114240","65","142285339"
"chr1","143662335","143662541","KN297105v1","1574187","1574414","29","142088148"
"chr1","143692846","143693150","KN297105v1","1599743","1600047","21","142093103"
"chr1","143731077","143731394","KN297105v1","1640137","1640454","26","142090940"
"chr1","143738657","143738780","KN297105v1","1647312","1647435","11","142091345"
"chr1","143742140","143742444","KN295102v1","406341","406650","61","143335799"
"chr1","143757384","143757650","KN297105v1","1665927","1666206","32","142091457"
"chr1","143838683","143838974","KN297105v1","1747821","1748112","15","142090862"
"chr1","143858316","143858610","KN297105v1","1767875","1768195","43","142090441"
"chr1","143899403","143899609","KN297105v1","1808921","1809127","16","142090482"
"chr1","143902271","143902572","KN297105v1","1811640","1811924","51","142090631"
"chr1","143946506","143946795","KN297105v1","1855218","1855510","24","142091288"
"chr1","143956773","143957041","KN294385v1","643509","643776","75","143313264"
"chr1","144101076","144101193","KN297105v1","2013073","2013190","10","142088003"
"chr1","144123202","144123497","KN297105v1","2034423","2034719","21","142088779"
"chr1","144124570","144124856","KN297105v1","2035794","2036084","20","142088776"
"chr1","144127282","144127506","KN297105v1","2038514","2038733","23","142088768"
"chr1","144175485","144175624","KN294571v1","1373273","1373407","39","142802212"
"chr1","144175653","144175773","KN295586v1","1171565","1171683","19","143004088"
"chr1","144179280","144179394","KN297105v1","2089592","2089705","8","142089688"
"chr1","144255183","144255508","KN297105v1","2159643","2159960","29","142095540"
"chr1","144255736","144256038","KN297105v1","2160192","2160494","28","142095544"
"chr1","144454122","144454397","KN297105v1","2356428","2356734","43","142097694"
"chr1","144568187","144568318","KN297105v1","2472088","2472219","7","142096099"
"chr1","144721487","144721743","KN297105v1","2623455","2623718","34","142098032"
"chr1","144730731","144730853","KN297105v1","2633082","2633201","8","142097649"
"chr1","144743124","144743400","KN297105v1","2645455","2645717","32","142097669"
"chr1","144745116","144745397","KN297105v1","2647434","2647711","12","142097682"
"chr1","144795806","144796096","KN297105v1","2699388","2699678","32","142096418"
"chr1","144812994","144813299","KN297105v1","2715725","2716030","28","142097269"
"chr1","144830072","144830321","KN297105v1","2732925","2733179","21","142097147"
"chr1","144830662","144830933","KN297105v1","2733498","2733785","42","142097164"
"chr1","144868903","144869138","KN297105v1","2780877","2781113","33","142088026"
"chr1","144880531","144880801","KN297105v1","2795213","2795493","19","142085318"
"chr1","144920190","144920282","KN295361v1","737079","737157","31","144183111"
"chr1","144920573","144920734","KN294172v1","1969105","1969260","35","142951468"
"chr1","144921516","144921802","KN296406v1","159813","160099","58","144761703"
"chr1","144924187","144924482","KN295984v1","1299071","1299366","66","143625116"
"chr1","144924702","144925009","KN297105v1","2847587","2847895","24","142077115"
"chr1","144963368","144963659","KN297105v1","2891551","2891837","32","142071817"
"chr1","144976023","144976279","KN297105v1","2905124","2905394","40","142070899"
"chr1","144994349","144994669","KN297105v1","2923423","2923753","37","142070926"
"chr1","145014217","145014521","KN297105v1","2935353","2935663","30","142078864"
"chr1","145017430","145017553","KN297105v1","2937027","2937158","14","142080403"
"chr1","145020648","145020933","KN297105v1","2939350","2939641","34","142081298"
"chr1","145031248","145031527","KN297105v1","2950688","2950976","24","142080560"
"chr1","145046212","145046483","KN297023v1","686598","686877","65","144359614"
"chr1","145051596","145051861","KN296311v1","375827","376114","67","144675769"
"chr1","145055924","145056039","KN297105v1","2974725","2974849","19","142081199"
"chr1","145064011","145064233","KN297105v1","2982809","2983030","24","142081202"
"chr1","145068109","145068505","KN295038v1","929061","929431","118","144139048"
"chr1","145069474","145069597","KN297105v1","2987042","2987161","14","142082432"
"chr1","145084774","145085089","KN297105v1","3002715","3003036","46","142082059"
"chr1","145089765","145089993","KN294451v1","1370634","1370880","68","143719131"
"chr1","145122180","145122298","KN297105v1","3043556","3043669","10","142078624"
"chr1","145122592","145122755","KN296153v1","303366","303521","37","144819226"
"chr1","145126665","145126949","KN297105v1","3048576","3048881","48","142078089"
"chr1","145135040","145135247","KN297105v1","3057238","3057428","29","142077802"
"chr1","145137541","145137812","KN297105v1","3059313","3059582","19","142078228"
"chr1","145269493","145269782","KN297105v1","3198454","3198752","32","142071039"
"chr1","145280448","145280500","KN296119v1","1768774","1768822","13","143511674"
"chr1","145295869","145296171","KN297105v1","3225533","3225810","37","142070336"
"chr1","145395293","145395592","KN297105v1","3327898","3328182","47","142067395"
"chr1","145422758","145422968","KN297105v1","3349877","3350084","13","142072881"
"chr1","145472757","145473034","KN294446v1","365282","365561","68","145107475"
"chr1","145508225","145508490","KN294977v1","152488","152769","69","145355737"
"chr1","145590876","145591187","KN297105v1","3506053","3506366","23","142084823"
"chr1","145645683","145645969","KN296311v1","7907830","7908116","62","137737853"
"chr1","145713879","145714171","KN296502v1","960957","961236","73","144752922"
"chr1","145730478","145730801","KN297165v1","808511","808827","72","144921967"
"chr1","145800248","145800555","KN294630v1","306890","307201","63","145493358"
"chr1","145818477","145818767","KN296864v1","3288292","3288581","55","142530185"
"chr1","145890800","145891111","KN296075v1","304763","305072","73","145586037"
"chr1","146081413","146081683","KN297105v1","3822032","3822319","41","142259381"
"chr1","146092618","146092912","KN295893v1","6372179","6372468","58","139720439"
"chr1","146120459","146120767","KN297105v1","3861282","3861598","32","142259177"
"chr1","146131302","146131593","KN297105v1","3872511","3872819","36","142258791"
"chr1","146203969","146204152","KN296859v1","2227813","2227997","12","143976156"
"chr1","146209552","146209685","KN296859v1","2216056","2216189","8","143993496"
"chr1","146229600","146229880","KN296859v1","2194553","2194841","24","144035047"
"chr1","146239869","146239918","KN296859v1","2186058","2186107","0","144053811"
"chr1","146247762","146247992","KN296859v1","2177889","2178125","28","144069873"
"chr1","146269816","146270101","KN296637v1","759441","759718","53","145510375"
"chr1","146305401","146305514","KN296859v1","2118765","2118877","11","144186636"
"chr1","146305814","146305990","KN296859v1","2118280","2118471","25","144187534"
"chr1","146331230","146331520","KN296859v1","2088663","2088948","20","144242567"
"chr1","146351064","146351287","KN295352v1","1066431","1066653","51","145284633"
"chr1","146431374","146431668","KN296859v1","1989296","1989590","28","144442078"
"chr1","146435116","146435371","KN296859v1","1985634","1985887","19","144449482"
"chr1","146436092","146436387","KN296859v1","1984621","1984919","18","144451471"
"chr1","146452804","146453076","KN296859v1","1967996","1968274","22","144484808"
"chr1","146463566","146463740","KN296859v1","1957253","1957418","26","144506313"
"chr1","146464042","146464183","KN296859v1","1956792","1956935","18","144507250"
"chr1","146476163","146476383","KN296859v1","1941890","1942122","25","144534273"
"chr1","146495919","146496010","KN295315v1","794913","795005","19","145701006"
"chr1","146509210","146509507","KN296859v1","1908478","1908773","25","144600732"
"chr1","146526982","146527249","KN296859v1","1890198","1890472","31","144636784"
"chr1","146532834","146533117","KN295744v1","540407","540693","61","145992427"
"chr1","146533831","146533954","KN295566v1","220119","220242","25","146313712"
"chr1","146533984","146534162","KN295236v1","4432169","4432354","38","142101815"
"chr1","146597063","146597342","KN296859v1","1825447","1825750","49","144771616"
"chr1","146609349","146609472","KN296859v1","1814408","1814530","5","144794941"
"chr1","146609792","146610084","KN295119v1","13309","13606","59","146596483"
"chr1","146611710","146611929","KN296859v1","1811941","1812161","18","144799769"
"chr1","146623519","146623826","KN295667v1","676400","676706","60","145947119"
"chr1","146668127","146668419","KN296859v1","1753735","1754030","24","144914392"
"chr1","146694381","146694638","KN296588v1","831580","831847","58","145862801"
"chr1","146695354","146695666","KN296859v1","1726081","1726394","18","144969273"
"chr1","146705282","146705585","KN295484v1","505647","505942","68","146199635"
"chr1","146725022","146725321","KN296859v1","1694771","1695078","42","145030251"
"chr1","146749143","146749447","KN296859v1","1669760","1670055","25","145079383"
"chr1","146773889","146774212","KN296859v1","1644510","1644831","20","145129379"
"chr1","146830725","146831045","KN296859v1","1588639","1588926","56","145242086"
"chr1","146838322","146838574","KN296859v1","1580594","1580856","26","145257728"
"chr1","146873683","146873854","KN297154v1","1567428","1567596","28","145306255"
"chr1","146876233","146876534","KN296859v1","1543520","1543820","26","145332713"
"chr1","146906118","146906408","KN296859v1","1513042","1513337","30","145393076"
"chr1","146912172","146912471","KN296859v1","1506804","1507100","24","145405368"
"chr1","147013699","147014021","KN296859v1","1403519","1403827","37","145610180"
"chr1","147053819","147054126","KN296859v1","1362663","1362984","33","145691156"
"chr1","147055380","147055644","KN296859v1","1360933","1361200","25","145694447"
"chr1","147056060","147056333","KN296859v1","1360230","1360489","27","145695830"
"chr1","147171244","147171528","KN294848v1","912345","912627","62","146258899"
"chr1","147185852","147186061","KN296859v1","1231685","1231894","13","145954167"
"chr1","147249221","147249495","KN296859v1","1166802","1167075","22","146082419"
"chr1","147264211","147264513","KN296859v1","1151750","1152044","27","146112461"
"chr1","147273981","147274256","KN296859v1","1141729","1142023","48","146132252"
"chr1","147313717","147314027","KN296859v1","1101405","1101689","58","146212312"
"chr1","147355561","147355660","KN296859v1","1061152","1061252","9","146294409"
"chr1","147357585","147357704","KN297095v1","1555072","1555195","21","145802513"
"chr1","147387876","147388191","KN295523v1","2986605","2986916","66","144401271"
"chr1","147390768","147391052","KN296859v1","1028245","1028534","26","146362523"
"chr1","147425647","147425932","KN296859v1","991286","991598","47","146434361"
"chr1","147430244","147430360","KN294470v1","1553876","1553989","21","145876368"
"chr1","147437116","147437278","KN296859v1","979796","979962","20","146457320"
"chr1","147450084","147450422","KN295692v1","2328966","2329278","85","145121118"
"chr1","147474640","147474930","KN296859v1","941844","942135","22","146532796"
"chr1","147502264","147502460","KN296859v1","913173","913373","9","146589091"
"chr1","147511225","147511505","KN296859v1","904486","904788","42","146606739"
"chr1","147525367","147525677","KN295929v1","454290","454590","79","147071077"
"chr1","147543479","147543594","KN296859v1","865181","865296","6","146678298"
"chr1","147575856","147576150","KN296859v1","844825","845113","24","146731031"
"chr1","147588844","147589129","KN296859v1","833995","834265","36","146754849"
"chr1","147603492","147603808","KN296859v1","817578","817871","44","146785914"
"chr1","147634417","147634541","KN296859v1","786319","786443","8","146848098"
"chr1","147698894","147699180","KN296859v1","723576","723863","14","146975318"
"chr1","147936534","147936839","KN296119v1","5385215","5385515","53","142551319"
"chr1","147948496","147948641","KN296308v1","971499","971645","28","146976997"
"chr1","147948945","147949125","KN297133v1","752216","752384","42","147196729"
"chr1","147974427","147974725","KN294964v1","830780","831076","54","147143647"
"chr1","148013655","148013947","KN296859v1","391878","392163","35","147621777"
"chr1","148024345","148024656","KN296859v1","379662","379970","46","147644683"
"chr1","148173659","148173783","KN296859v1","236519","236643","7","147937140"
"chr1","148183186","148183311","KN296646v1","404633","404756","17","147778553"
"chr1","148183512","148183812","KN296541v1","354591","354889","61","147828921"
"chr1","148228939","148229051","KN294172v1","1509012","1509125","23","146719927"
"chr1","148229088","148229273","KN295236v1","3532433","3532615","36","144696655"
"chr1","148263564","148263574","KN294271v1","75067","75079","2","148188497"
"chr1","148263680","148263902","KN296859v1","131525","131737","32","148132155"
"chr1","148272971","148273273","KN296859v1","122094","122399","42","148150877"
"chr1","148334359","148334560","KN296859v1","60259","60452","22","148274100"
"chr1","148345361","148345669","KN296859v1","52135","52426","42","148293226"
"chr1","148360480","148360628","KN296859v1","36614","36763","8","148323866"
"chr1","148392567","148392810","KN295477v1","5936","6175","63","148386631"
"chr1","148403180","148403305","KN294208v1","18548","18669","14","148384632"
"chr1","148405381","148405523","KN295110v1","86611","86746","33","148318770"
"chr1","148405566","148405660","KN296955v1","277030","277122","17","148128536"
"chr1","148413993","148414283","KN294526v1","792542","792829","57","147621451"
"chr1","148422751","148423089","KN294208v1","38343","38645","53","148384408"
"chr1","148431920","148432087","KN296153v1","3871226","3871389","54","144560694"
"chr1","148432125","148432246","KN296557v1","420080","420202","20","148012045"
"chr1","148438329","148438451","KN294208v1","54622","54744","5","148383707"
"chr1","148463229","148463544","KN294208v1","79083","79418","40","148384146"
"chr1","148475096","148475220","KN294208v1","92070","92192","9","148383026"
"chr1","148512255","148512374","KN294208v1","122705","122817","8","148389550"
"chr1","148667278","148667534","KN294208v1","274612","274869","17","148392666"
"chr1","148676129","148676243","KN296646v1","314099","314214","21","148362030"
"chr1","148676276","148676439","KN294470v1","2587213","2587380","31","146089063"
"chr1","148729797","148729920","KN294208v1","335795","335916","5","148394002"
"chr1","148781959","148782295","KN294208v1","391284","391592","45","148390675"
"chr1","148831240","148831508","KN294758v1","3036785","3037063","67","145794455"
"chr1","148836662","148836956","KN294208v1","446911","447224","46","148389751"
"chr1","148886224","148886506","KN294208v1","484980","485265","25","148401244"
"chr1","148978435","148978695","KN294208v1","594181","594440","18","148384254"
"chr1","148980148","148980436","KN294456v1","1167511","1167794","69","147812637"
"chr1","149002582","149002614","KN294182v1","221576","221604","7","148781006"
"chr1","149004037","149004352","KN294208v1","623243","623549","27","148380794"
"chr1","149015040","149015301","KN296885v1","3137288","3137549","51","145877752"
"chr1","149031987","149032288","KN296119v1","5385215","5385515","55","143646772"
"chr1","149036060","149036349","KN294469v1","265624","265917","53","148770436"
"chr1","149080712","149080987","KN294208v1","701963","702240","24","148378749"
"chr1","149108023","149108305","KN294208v1","726722","727015","34","148381301"
"chr1","149122823","149123090","KN294208v1","741503","741765","26","148381320"
"chr1","149162852","149163131","KN294848v1","191607","191898","64","148971245"
"chr1","149164500","149164631","KN294208v1","783927","784051","14","148380573"
"chr1","149196840","149197146","KN294208v1","819564","819875","24","148377276"
"chr1","149350230","149350534","KN296943v1","461209","461527","39","148889021"
"chr1","149449640","149449915","KN296943v1","374580","374866","31","149075060"
"chr1","149461716","149462006","KN296943v1","363265","363555","19","149098451"
"chr1","149564596","149564898","KN296406v1","163962","164264","63","149400634"
"chr1","149763702","149764007","KN296943v1","67208","67519","19","149696494"
"chr1","149812018","149812302","KN294571v1","1774677","1774953","78","148037341"
"chr1","149838196","149838498","KN296749v1","1510404","1510704","17","148327792"
"chr1","149911241","149911547","KN296435v1","945002","945314","63","148966239"
"chr1","149984572","149984879","KN296749v1","1364958","1365269","22","148619614"
"chr1","150008809","150009120","KN296079v1","1662609","1662912","56","148346200"
"chr1","150027328","150027608","KN296749v1","1321414","1321674","43","148705914"
"chr1","150031763","150032025","KN294987v1","372519","372777","60","149659244"
"chr1","150048242","150048521","KN296749v1","1294167","1294446","16","148754075"
"chr1","150079746","150079908","KN294161v1","948041","948200","41","149131705"
"chr1","150165946","150166251","KN296749v1","1182665","1182997","47","148983281"
"chr1","150187872","150188184","KN296749v1","1159490","1159798","39","149028382"
"chr1","150192126","150192412","KN296749v1","1155188","1155473","24","149036938"
"chr1","150407596","150407831","KN296749v1","936847","937082","16","149470749"
"chr1","150411183","150411440","KN296749v1","933611","933868","18","149477572"
"chr1","150438170","150438475","KN296749v1","904662","904973","25","149533508"
"chr1","150440606","150440727","KN294561v1","803786","803906","22","149636820"
"chr1","150480078","150480379","KN296311v1","3358167","3358474","67","147121911"
"chr1","150510711","150511010","KN296749v1","830329","830640","33","149680382"
"chr1","150542796","150543084","KN296749v1","807729","808016","21","149735067"
"chr1","150563065","150563366","KN296749v1","788874","789171","26","149774191"
"chr1","150587429","150587561","KN294251v1","1488730","1488859","23","149098699"
"chr1","150590745","150590996","KN296749v1","769453","769704","12","149821292"
"chr1","150624541","150624659","KN295315v1","1089897","1090022","27","149534644"
"chr1","150624673","150624948","KN296749v1","742467","742745","23","149882206"
"chr1","150626094","150626305","KN296749v1","741104","741324","21","149884990"
"chr1","150629539","150629733","KN296749v1","736867","737062","16","149892672"
"chr1","150638274","150638535","KN296749v1","726426","726686","17","149911848"
"chr1","150648729","150648839","KN296749v1","715768","715885","11","149932961"
"chr1","150649352","150649662","KN295117v1","7501","7805","62","150641851"
"chr1","150650172","150650477","KN296749v1","713785","714089","24","149936387"
"chr1","150662822","150663099","KN296865v1","1358429","1358712","59","149304393"
"chr1","150666959","150667069","KN296749v1","704863","704973","4","149962096"
"chr1","150667411","150667653","KN296749v1","704275","704519","29","149963136"
"chr1","150672639","150672949","KN294705v1","773441","773753","60","149899198"
"chr1","150677782","150677810","KN297165v1","4019014","4019039","4","146658768"
"chr1","150677841","150677988","KN297274v1","155862","156010","30","150521979"
"chr1","150678295","150678345","KN296520v1","1060991","1061042","9","149617304"
"chr1","150692680","150692907","KN296749v1","679090","679324","20","150013590"
"chr1","150706095","150706382","KN296749v1","666377","666666","24","150039718"
"chr1","150707063","150707365","KN296749v1","665402","665701","16","150041661"
"chr1","150708644","150708870","KN296749v1","663909","664133","28","150044735"
"chr1","150770723","150771024","KN297294v1","8134","8419","83","150762589"
"chr1","150786347","150786581","KN296749v1","594859","595086","25","150191488"
"chr1","150787920","150788177","KN296749v1","593265","593524","18","150194655"
"chr1","150797607","150797811","KN296749v1","583687","583861","37","150213920"
"chr1","150819312","150819433","KN294790v1","3236928","3237050","18","147582384"
"chr1","150822926","150823206","KN296749v1","563636","563946","44","150259290"
"chr1","150835077","150835387","KN296749v1","550887","551203","31","150284190"
"chr1","150839273","150839557","KN294964v1","875814","876097","71","149963459"
"chr1","150840582","150840703","KN296749v1","544078","544199","8","150296504"
"chr1","150845714","150845879","KN296749v1","538910","539087","20","150306804"
"chr1","150848539","150848843","KN296749v1","535978","536288","23","150312561"
"chr1","150873721","150874030","KN296749v1","512568","512891","35","150361153"
"chr1","150874713","150874997","KN296749v1","511614","511915","39","150363099"
"chr1","150902435","150902731","KN296749v1","485631","485924","37","150416804"
"chr1","150916163","150916452","KN296749v1","471034","471336","44","150445129"
"chr1","150918338","150918633","KN296749v1","468871","469137","50","150449467"
"chr1","150927922","150928040","KN296749v1","459981","460099","4","150467941"
"chr1","150929540","150929852","KN296749v1","456843","457161","28","150472697"
"chr1","150934826","150935143","KN294199v1","548363","548671","65","150386463"
"chr1","150982697","150983023","KN296749v1","416936","417261","16","150565761"
"chr1","150984483","150984796","KN296749v1","415154","415455","32","150569329"
"chr1","150994516","150994745","KN296749v1","405013","405237","16","150589503"
"chr1","150999344","150999620","KN296685v1","357151","357445","64","150642193"
"chr1","151002684","151002980","KN296749v1","396480","396788","22","150606204"
"chr1","151014140","151014292","KN296749v1","386125","386277","8","150628015"
"chr1","151018652","151018956","KN296749v1","381190","381515","38","150637462"
"chr1","151061068","151061379","KN296749v1","338157","338472","34","150722911"
"chr1","151096905","151097206","KN296749v1","300167","300468","25","150796738"
"chr1","151098812","151098895","KN296749v1","298492","298575","1","150800320"
"chr1","151101384","151101683","KN296749v1","295386","295691","19","150805998"
"chr1","151110814","151111087","KN296749v1","285979","286289","55","150824835"
"chr1","151114058","151114345","KN296749v1","282706","283003","51","150831352"
"chr1","151138822","151138881","KN296153v1","2083868","2083925","8","149054954"
"chr1","151172993","151173291","KN296749v1","224296","224602","27","150948697"
"chr1","151182585","151182892","KN296749v1","214689","215020","42","150967896"
"chr1","151190893","151191184","KN296749v1","206768","207076","38","150984125"
"chr1","151229240","151229524","KN297046v1","3036778","3037058","61","148192462"
"chr1","151278817","151279097","KN294187v1","1653394","1653672","50","149625423"
"chr1","151381277","151381361","KN294470v1","1518231","1518311","23","149863046"
"chr1","151426744","151427070","KN297000v1","24650","24972","29","151402094"
"chr1","151509413","151509717","KN297000v1","106210","106515","12","151403203"
"chr1","151583763","151583999","KN297000v1","177120","177359","20","151406643"
"chr1","151677399","151677522","KN295722v1","2720205","2720326","17","148957194"
"chr1","151689064","151689288","KN297000v1","283113","283346","18","151405951"
"chr1","151690880","151691124","KN297000v1","284702","284970","44","151406178"
"chr1","151693033","151693315","KN294873v1","1268810","1269090","65","150424223"
"chr1","151709383","151709498","KN297000v1","302495","302610","6","151406888"
"chr1","151728159","151728456","KN295936v1","1429651","1429952","59","150298508"
"chr1","151823703","151823848","KN296244v1","533683","533825","26","151290020"
"chr1","151824146","151824357","KN297019v1","41108","41306","50","151783038"
"chr1","151867436","151867722","KN294506v1","97159","97439","59","151770277"
"chr1","152003547","152003710","KN297442v1","449205","449374","44","151554342"
"chr1","152155447","152155736","KN296157v1","127561","127848","22","152027886"
"chr1","152222322","152222633","KN296157v1","189349","189664","28","152032973"
"chr1","152396451","152396746","KN296157v1","359440","359755","47","152037011"
"chr1","152425625","152425904","KN297190v1","3902024","3902312","53","148523601"
"chr1","152504379","152504689","KN296157v1","455386","455701","40","152048993"
"chr1","152556431","152556723","KN294444v1","101688","101982","59","152454743"
"chr1","152690068","152690366","KN296157v1","638915","639212","22","152051153"
"chr1","152751219","152751545","KN296157v1","698814","699144","19","152052405"
"chr1","152812465","152812762","KN296157v1","755103","755404","23","152057362"
"chr1","152812949","152813238","KN296157v1","755593","755896","30","152057356"
"chr1","152847281","152847583","KN296157v1","796701","797001","26","152050580"
"chr1","152870887","152871036","KN296157v1","821937","822089","12","152048950"
"chr1","152871322","152871457","KN296157v1","822380","822515","8","152048942"
"chr1","152889856","152890138","KN296157v1","838351","838654","40","152051505"
"chr1","152925708","152926009","KN296157v1","882273","882552","45","152043435"
"chr1","152932546","152932835","KN296157v1","896225","896506","29","152036321"
"chr1","152944955","152945239","KN296157v1","908913","909214","35","152036042"
"chr1","152991200","152991491","KN296157v1","950281","950561","40","152040919"
"chr1","152994687","152994972","KN296157v1","953835","954119","26","152040852"
"chr1","153012945","153013078","KN296767v1","198337","198473","36","152814608"
"chr1","153043033","153043197","KN295987v1","1531558","1531730","30","151511475"
"chr1","153054967","153055261","KN297154v1","1146363","1146662","62","151908604"
"chr1","153067333","153067629","KN296157v1","1030995","1031263","42","152036338"
"chr1","153074967","153075254","KN296157v1","1038996","1039280","23","152035971"
"chr1","153082852","153083141","KN296157v1","1050697","1050987","30","152032155"
"chr1","153141365","153141643","KN296157v1","1113618","1113894","23","152027747"
"chr1","153145657","153145820","KN296157v1","1118191","1118364","17","152027466"
"chr1","153168759","153169046","KN296157v1","1142269","1142559","25","152026490"
"chr1","153171293","153171595","KN296157v1","1144895","1145186","30","152026398"
"chr1","153178486","153178775","KN296846v1","974317","974603","64","152204169"
"chr1","153200446","153200713","KN296157v1","1173415","1173644","59","152027031"
"chr1","153218832","153219125","KN296157v1","1194674","1194980","26","152024158"
"chr1","153227642","153227937","KN296157v1","1203734","1204012","33","152023908"
"chr1","153235891","153236016","KN296157v1","1212508","1212623","16","152023383"
"chr1","153238127","153238363","KN296157v1","1214743","1214977","23","152023384"
"chr1","153250016","153250302","KN295236v1","3948674","3948943","85","149301342"
"chr1","153258902","153259201","KN296157v1","1236618","1236920","21","152022284"
"chr1","153261082","153261380","KN296486v1","1505649","1505946","75","151755433"
"chr1","153262671","153262770","KN296495v1","2169005","2169104","33","151093666"
"chr1","153263078","153263212","KN296157v1","1240788","1240922","7","152022290"
"chr1","153264041","153264157","KN296157v1","1241718","1241838","13","152022323"
"chr1","153270811","153271052","KN294287v1","1200630","1200838","74","152070181"
"chr1","153282352","153282625","KN295074v1","977960","978248","66","152304392"
"chr1","153283748","153284032","KN296157v1","1260458","1260746","48","152023290"
"chr1","153322200","153322507","KN294257v1","2271748","2272051","52","151050452"
"chr1","153327910","153328210","KN296157v1","1306738","1307031","24","152021172"
"chr1","153335307","153335599","KN296157v1","1314843","1315132","31","152020464"
"chr1","153362600","153362803","KN296157v1","1336368","1336571","7","152026232"
"chr1","153373343","153373577","KN295260v1","2188383","2188613","48","151184960"
"chr1","153381116","153381392","KN296157v1","1359123","1359432","57","152021993"
"chr1","153419805","153419934","KN297253v1","32207","32340","27","153387598"
"chr1","153470145","153470452","KN296157v1","1458434","1458722","39","152011711"
"chr1","153470630","153470940","KN296157v1","1458899","1459222","30","152011731"
"chr1","153494924","153495237","KN296157v1","1485097","1485407","21","152009827"
"chr1","153500862","153501143","KN295484v1","634266","634551","63","152866596"
"chr1","153502558","153502864","KN296955v1","950652","950959","58","152551906"
"chr1","153503865","153504127","KN294387v1","105119","105394","64","153398746"
"chr1","153542158","153542464","KN296157v1","1523833","1524121","35","152018325"
"chr1","153606182","153606481","KN296157v1","1582699","1583004","23","152023483"
"chr1","153723593","153723908","KN296157v1","1685419","1685709","52","152038174"
"chr1","153726813","153727162","KN296157v1","1688239","1688603","33","152038574"
"chr1","153760830","153761129","KN297274v1","335410","335711","64","153425420"
"chr1","153926312","153926612","KN296157v1","1851235","1851526","44","152075077"
"chr1","153935595","153935889","KN296157v1","1858374","1858663","25","152077221"
"chr1","153966873","153967172","KN296157v1","1890584","1890879","24","152076289"
"chr1","153972601","153972923","KN296157v1","1896230","1896543","22","152076371"
"chr1","153982970","153983168","KN296157v1","1907198","1907393","16","152075772"
"chr1","153991911","153992145","KN297154v1","882028","882249","61","153109883"
"chr1","154012705","154013011","KN294373v1","531886","532183","68","153480819"
"chr1","154022909","154023201","KN296157v1","1949422","1949713","19","152073487"
"chr1","154024401","154024552","KN296157v1","1950891","1951043","6","152073510"
"chr1","154024863","154025045","KN296157v1","1951303","1951491","27","152073560"
"chr1","154035183","154035319","KN296157v1","1962487","1962619","13","152072696"
"chr1","154035621","154035807","KN296157v1","1962913","1963087","29","152072708"
"chr1","154090593","154090877","KN296731v1","1572480","1572756","59","152518113"
"chr1","154099499","154099830","KN296157v1","2027256","2027552","140","152072243"
"chr1","154101595","154101904","KN296157v1","2029297","2029610","30","152072298"
"chr1","154122131","154122440","KN296157v1","2048209","2048506","41","152073922"
"chr1","154128788","154129005","KN296157v1","2054933","2055139","27","152073855"
"chr1","154129562","154129862","KN296157v1","2055709","2056007","34","152073853"
"chr1","154139436","154139722","KN296157v1","2065634","2065954","54","152073802"
"chr1","154161638","154161933","KN296157v1","2090576","2090883","22","152071062"
"chr1","154165216","154165350","KN294806v1","535191","535325","19","153630025"
"chr1","154176568","154176741","KN296157v1","2109179","2109352","10","152067389"
"chr1","154177046","154177193","KN296157v1","2109655","2109803","14","152067391"
"chr1","154188797","154189039","KN296157v1","2122144","2122388","29","152066653"
"chr1","154359041","154359267","KN296157v1","2297853","2298070","28","152061188"
"chr1","154359479","154359597","KN296157v1","2298288","2298396","23","152061191"
"chr1","154359695","154359814","KN296157v1","2298458","2298585","18","152061237"
"chr1","154390815","154391093","KN296157v1","2328457","2328759","41","152062358"
"chr1","154531721","154532011","KN296157v1","2473704","2474002","27","152058017"
"chr1","154570228","154570393","KN296157v1","2518643","2518809","10","152051585"
"chr1","154663011","154663330","KN296157v1","2606486","2606783","46","152056525"
"chr1","154681456","154681622","KN296157v1","2625193","2625359","10","152056263"
"chr1","154719601","154719883","KN296157v1","2661576","2661864","26","152058025"
"chr1","154822316","154822609","KN296157v1","2762906","2763198","20","152059410"
"chr1","154853610","154853887","KN296157v1","2793761","2794022","33","152059849"
"chr1","154877426","154877710","KN296157v1","2817492","2817774","24","152059934"
"chr1","154947379","154947680","KN296157v1","2885759","2886079","51","152061620"
"chr1","154978359","154978656","KN296157v1","2916903","2917197","22","152061456"
"chr1","154980180","154980473","KN297108v1","252351","252636","68","154727829"
"chr1","155029297","155029608","KN296157v1","2971373","2971686","19","152057924"
"chr1","155058476","155058761","KN296157v1","3000101","3000389","16","152058375"
"chr1","155066154","155066414","KN296157v1","3007791","3008051","14","152058363"
"chr1","155069943","155070221","KN296138v1","264399","264686","52","154805544"
"chr1","155140322","155140583","KN296959v1","1045812","1046085","58","154094510"
"chr1","155163640","155163934","KN294848v1","172086","172375","64","154991554"
"chr1","155190878","155191153","KN294506v1","97159","97439","61","155093719"
"chr1","155249910","155250094","KN296157v1","3184169","3184352","23","152065741"
"chr1","155267556","155267842","KN295755v1","42478","42766","56","155225078"
"chr1","155289749","155290016","KN296157v1","3219767","3220035","19","152069982"
"chr1","155337297","155337606","KN294172v1","4446021","4446321","81","150891276"
"chr1","155360039","155360351","KN296157v1","3292315","3292617","41","152067724"
"chr1","155379639","155379946","KN296157v1","3313531","3313846","32","152066108"
"chr1","155384994","155385288","KN296157v1","3318838","3319128","37","152066156"
"chr1","155390388","155390668","KN296157v1","3323842","3324123","17","152066546"
"chr1","155394728","155395021","KN296157v1","3328335","3328625","24","152066393"
"chr1","155415408","155415629","KN296157v1","3349376","3349593","18","152066032"
"chr1","155441045","155441357","KN296157v1","3374989","3375294","27","152066056"
"chr1","155446493","155446807","KN296157v1","3380557","3380875","31","152065936"
"chr1","155456416","155456717","KN296513v1","108168","108464","62","155348248"
"chr1","155457458","155457589","KN296311v1","4367789","4367922","20","151089669"
"chr1","155481421","155481723","KN296157v1","3415053","3415349","19","152066368"
"chr1","155486641","155486943","KN294539v1","2537957","2538257","54","152948684"
"chr1","155584713","155584966","KN296157v1","3512591","3512843","16","152072122"
"chr1","155585007","155585036","KN294486v1","1477990","1478018","6","154107017"
"chr1","155648477","155648729","KN296486v1","1097115","1097368","64","154551362"
"chr1","155660031","155660333","KN296157v1","3575891","3576204","43","152084140"
"chr1","155674945","155675241","KN295110v1","320569","320873","67","155354376"
"chr1","155796833","155797108","KN296157v1","3716110","3716384","21","152080723"
"chr1","155843492","155843773","KN296157v1","3761081","3761384","36","152082411"
"chr1","155930504","155930696","KN296157v1","3845535","3845736","18","152084969"
"chr1","156018663","156018971","KN296157v1","3937216","3937505","53","152081447"
"chr1","156026997","156027302","KN296157v1","3946617","3946928","26","152080380"
"chr1","156143533","156143584","KN296157v1","4067308","4067359","1","152076225"
"chr1","156283317","156283614","KN296157v1","4211397","4211711","44","152071920"
"chr1","156296686","156296978","KN296157v1","4224920","4225209","36","152071766"
"chr1","156608196","156608314","KN295343v1","67617","67731","27","156540579"
"chr1","156703254","156703564","KN296157v1","4648468","4648777","23","152054786"
"chr1","156823105","156823395","KN296311v1","7520307","7520591","61","149302798"
"chr1","156937238","156937548","KN295705v1","402163","402460","65","156535075"
"chr1","157084502","157084775","KN297452v1","3389761","3390034","6","153694741"
"chr1","157172253","157172562","KN297452v1","3295932","3296255","30","153876321"
"chr1","157188269","157188565","KN297452v1","3280191","3280482","27","153908078"
"chr1","157219995","157220312","KN297452v1","3249222","3249539","21","153970773"
"chr1","157249696","157249790","KN297452v1","3219172","3219272","18","154030524"
"chr1","157257613","157257916","KN297452v1","1197785","1198080","60","156059828"
"chr1","157273651","157273938","KN297452v1","3193221","3193519","41","154080430"
"chr1","157274806","157275096","KN297452v1","3191736","3192030","24","154083070"
"chr1","157275290","157275579","KN297452v1","3191241","3191545","34","154084049"
"chr1","157290308","157290616","KN297452v1","3178101","3178398","24","154112207"
"chr1","157320009","157320123","KN296311v1","3736084","3736200","17","153583925"
"chr1","157337745","157338032","KN297452v1","3127366","3127656","36","154210379"
"chr1","157360663","157360946","KN297452v1","3102569","3102883","49","154258094"
"chr1","157383284","157383557","KN297452v1","3079944","3080221","25","154303340"
"chr1","157393443","157393762","KN297452v1","3063381","3063703","25","154330062"
"chr1","157420638","157420950","KN297452v1","3029277","3029547","65","154391361"
"chr1","157516886","157517054","KN295996v1","174813","174976","28","157342073"
"chr1","157523094","157523406","KN297452v1","2928142","2928454","21","154594952"
"chr1","157543319","157543617","KN297452v1","2907962","2908246","31","154635357"
"chr1","157552119","157552312","KN297452v1","2901514","2901707","13","154650605"
"chr1","157595100","157595412","KN297452v1","2855912","2856222","31","154739188"
"chr1","157616431","157616754","KN297452v1","2833620","2833913","47","154782811"
"chr1","157681568","157681872","KN297452v1","2766748","2767016","51","154914820"
"chr1","157712525","157712635","KN294456v1","268819","268927","16","157443706"
"chr1","157730456","157730634","KN297452v1","2719110","2719287","6","155011346"
"chr1","157743807","157743924","KN297452v1","2705790","2705907","6","155038017"
"chr1","157780248","157780345","KN297008v1","771854","771949","12","157008394"
"chr1","157825988","157826306","KN297452v1","2620662","2620948","48","155205326"
"chr1","157827804","157828060","KN297452v1","2618908","2619164","22","155208896"
"chr1","157870401","157870449","KN295282v1","72181","72228","19","157798220"
"chr1","157903714","157903966","KN297452v1","2542941","2543222","53","155360773"
"chr1","157963078","157963266","KN297452v1","2484219","2484413","14","155478859"
"chr1","157981065","157981375","KN297452v1","2468269","2468597","42","155512796"
"chr1","158004124","158004384","KN297452v1","2438505","2438765","11","155565619"
"chr1","158017757","158018068","KN297452v1","2424422","2424730","34","155593335"
"chr1","158028995","158029297","KN297452v1","2419020","2419318","17","155609975"
"chr1","158037227","158037513","KN297452v1","2410408","2410674","37","155626819"
"chr1","158127770","158128081","KN297452v1","2319370","2319688","32","155808400"
"chr1","158161800","158162083","KN297452v1","2287028","2287312","15","155874772"
"chr1","158167888","158168003","KN297452v1","2281105","2281225","12","155886783"
"chr1","158174766","158175062","KN297452v1","2280020","2280319","30","155894746"
"chr1","158176654","158176948","KN297452v1","2278288","2278582","17","155898366"
"chr1","158218987","158219284","KN297452v1","2223754","2224032","45","155995233"
"chr1","158252185","158252484","KN297452v1","2188664","2188965","17","156063521"
"chr1","158291389","158291506","KN297452v1","2147807","2147924","5","156143582"
"chr1","158295452","158295561","KN295405v1","224177","224294","23","158071275"
"chr1","158320814","158321105","KN297452v1","2118596","2118915","48","156202218"
"chr1","158340554","158340818","KN297452v1","2098285","2098578","54","156242269"
"chr1","158342268","158342516","KN297452v1","2096482","2096732","22","156245786"
"chr1","158347871","158347987","KN297452v1","2092428","2092545","7","156255443"
"chr1","158371659","158371960","KN297452v1","2065297","2065600","26","156306362"
"chr1","158383418","158383720","KN297452v1","2053755","2054057","20","156329663"
"chr1","158385290","158385573","KN295605v1","746719","746987","65","157638571"
"chr1","158411658","158411944","KN297452v1","2023916","2024216","38","156387742"
"chr1","158419352","158419639","KN297452v1","2015522","2015806","20","156403830"
"chr1","158441106","158441277","KN296311v1","5964020","5964187","37","152477086"
"chr1","158443040","158443339","KN296406v1","163962","164264","57","158279078"
"chr1","158482053","158482337","KN297452v1","1960359","1960634","28","156521694"
"chr1","158485516","158485652","KN294996v1","377439","377570","26","158108077"
"chr1","158488828","158489118","KN296513v1","259834","260122","64","158228994"
"chr1","158492782","158493096","KN297452v1","1949271","1949585","35","156543511"
"chr1","158504306","158504423","KN296505v1","351774","351891","12","158152532"
"chr1","158554928","158555222","KN297452v1","1883004","1883291","18","156671924"
"chr1","158556885","158557074","KN294470v1","3415512","3415688","42","155141373"
"chr1","158580469","158580724","KN294977v1","145389","145649","74","158435080"
"chr1","158620432","158620681","KN297452v1","1810136","1810389","22","156810296"
"chr1","158624511","158624568","KN295607v1","4047633","4047690","16","154576878"
"chr1","158657212","158657518","KN297452v1","1778668","1778979","33","156878544"
"chr1","158677573","158677836","KN295967v1","235047","235329","59","158442526"
"chr1","158690453","158690734","KN297452v1","1749313","1749598","26","156941140"
"chr1","158702144","158702453","KN297452v1","1734644","1734942","37","156967500"
"chr1","158734494","158734799","KN297452v1","1700640","1700945","31","157033854"
"chr1","158742406","158742679","KN297452v1","1693918","1694223","42","157048488"
"chr1","158753597","158753907","KN297452v1","1682183","1682484","31","157071414"
"chr1","158789014","158789291","KN297452v1","1646010","1646302","44","157143004"
"chr1","158793011","158793314","KN297452v1","1641992","1642300","39","157151019"
"chr1","158794370","158794451","KN296770v1","311785","311868","16","158482585"
"chr1","158797672","158797954","KN297452v1","1640666","1640945","17","157157006"
"chr1","158863787","158864084","KN296404v1","3404152","3404452","52","155459635"
"chr1","158901472","158901707","KN297452v1","1528772","1529013","19","157372700"
"chr1","158930399","158930694","KN297452v1","1500211","1500478","48","157430188"
"chr1","158984721","158984979","KN294224v1","587008","587274","61","158397713"
"chr1","159005549","159005852","KN297452v1","1432330","1432619","28","157573219"
"chr1","159019886","159020155","KN297452v1","1416120","1416389","10","157603766"
"chr1","159021815","159022120","KN297452v1","1414155","1414467","24","157607660"
"chr1","159022191","159022479","KN297452v1","1413787","1414078","27","157608404"
"chr1","159035476","159035641","KN295236v1","4663739","4663891","35","154371737"
"chr1","159038513","159038820","KN297452v1","1395266","1395565","27","157643247"
"chr1","159049513","159049698","KN296096v1","1164597","1164789","55","157884916"
"chr1","159060136","159060203","KN296982v1","361834","361896","15","158698302"
"chr1","159107084","159107365","KN297452v1","1319436","1319716","17","157787648"
"chr1","159132485","159132777","KN297452v1","1292456","1292734","39","157840029"
"chr1","159135905","159136214","KN297452v1","1289462","1289772","23","157846443"
"chr1","159142927","159143207","KN297452v1","1282629","1282920","33","157860298"
"chr1","159171823","159172140","KN297452v1","1253152","1253471","30","157918671"
"chr1","159179225","159179539","KN297452v1","1245786","1246095","22","157933439"
"chr1","159188594","159188899","KN297452v1","1235906","1236218","27","157952688"
"chr1","159201669","159201780","KN297452v1","1222515","1222634","15","157979154"
"chr1","159209981","159210268","KN297452v1","1214462","1214742","22","157995519"
"chr1","159221513","159221814","KN297452v1","1202893","1203200","29","158018620"
"chr1","159226649","159226905","KN297452v1","1197785","1198080","47","158028864"
"chr1","159243510","159243700","KN295573v1","1162345","1162540","43","158081165"
"chr1","159245796","159245975","KN297452v1","1175906","1176087","12","158069890"
"chr1","159251758","159252081","KN297452v1","1169162","1169473","50","158082596"
"chr1","159259102","159259389","KN297452v1","1161176","1161444","36","158097926"
"chr1","159282875","159283178","KN297452v1","1136181","1136484","21","158146694"
"chr1","159293670","159293949","KN297452v1","1126296","1126597","44","158167374"
"chr1","159300606","159300904","KN297452v1","1119365","1119667","20","158181241"
"chr1","159304352","159304657","KN296486v1","1337566","1337861","46","157966786"
"chr1","159307794","159308095","KN297008v1","1477900","1478200","55","157829894"
"chr1","159323129","159323446","KN295692v1","1725326","1725629","60","157597803"
"chr1","159366855","159367119","KN295114v1","416208","416481","60","158950647"
"chr1","159370344","159370583","KN297452v1","1049371","1049625","28","158320973"
"chr1","159371223","159371523","KN294987v1","797207","797503","49","158574016"
"chr1","159373025","159373330","KN297452v1","1046648","1046962","32","158326377"
"chr1","159401610","159401838","KN294462v1","406674","406898","47","158994936"
"chr1","159421233","159421489","KN297452v1","997126","997403","42","158424107"
"chr1","159444669","159444950","KN297452v1","973722","974027","50","158470947"
"chr1","159446926","159447229","KN297452v1","971431","971749","41","158475495"
"chr1","159450007","159450279","KN297452v1","968053","968327","16","158481954"
"chr1","159454544","159454820","KN297452v1","963545","963846","48","158490999"
"chr1","159471583","159471842","KN297452v1","950162","950417","22","158521421"
"chr1","159489522","159489838","KN297452v1","929898","930203","35","158559624"
"chr1","159547935","159548067","KN297452v1","875993","876131","12","158671942"
"chr1","159571821","159572099","KN297452v1","851989","852288","47","158719832"
"chr1","159634337","159634627","KN297452v1","791692","791990","20","158842645"
"chr1","159637792","159638093","KN295586v1","2908076","2908370","55","156729716"
"chr1","159647518","159647816","KN297452v1","777052","777348","26","158870466"
"chr1","159673011","159673276","KN297452v1","749329","749594","9","158923682"
"chr1","159687597","159687838","KN297452v1","734252","734477","38","158953345"
"chr1","159689753","159689934","KN296200v1","213687","213867","34","159476066"
"chr1","159703859","159704169","KN297452v1","720306","720592","39","158983553"
"chr1","159716630","159716928","KN297452v1","707490","707801","31","159009140"
"chr1","159736220","159736526","KN297452v1","687307","687615","26","159048913"
"chr1","159750149","159750460","KN297452v1","675645","675949","32","159074504"
"chr1","159762872","159763129","KN297452v1","662448","662712","23","159100424"
"chr1","159777514","159777812","KN297452v1","647103","647384","36","159130411"
"chr1","159788784","159789077","KN297452v1","634011","634305","26","159154773"
"chr1","159902773","159903078","KN297452v1","511834","512137","26","159390939"
"chr1","159932127","159932433","KN294578v1","361727","362033","58","159570400"
"chr1","159973174","159973468","KN297452v1","442957","443254","30","159530217"
"chr1","159981401","159981511","KN297452v1","434260","434373","8","159547141"
"chr1","160003645","160003921","KN297452v1","407844","408111","23","159595801"
"chr1","160017144","160017444","KN297452v1","392580","392892","23","159624564"
"chr1","160027481","160027789","KN297452v1","386281","386596","30","159641200"
"chr1","160050531","160050648","KN294378v1","730932","731055","28","159319599"
"chr1","160140195","160140331","KN295533v1","2521869","2522001","25","157618326"
"chr1","160187661","160187920","KN297452v1","227339","227600","13","159960322"
"chr1","160193859","160194140","KN297452v1","221094","221377","17","159972765"
"chr1","160235062","160235165","KN297452v1","179115","179218","7","160055947"
"chr1","160241077","160241345","KN297452v1","173028","173283","23","160068049"
"chr1","160241349","160241515","KN297452v1","172858","173024","6","160068491"
"chr1","160258088","160258282","KN295994v1","65470","65647","42","160192618"
"chr1","160258587","160258712","KN296726v1","469884","470009","22","159788703"
"chr1","160265882","160266144","KN294444v1","373486","373751","44","159892396"
"chr1","160269962","160270157","KN297452v1","141152","141342","25","160128810"
"chr1","160280390","160280616","KN297452v1","128229","128456","10","160152161"
"chr1","160306204","160306496","KN297452v1","99434","99726","20","160206770"
"chr1","160337794","160338078","KN295430v1","1284869","1285155","60","159052925"
"chr1","160351309","160351598","KN297452v1","52320","52611","20","160298989"
"chr1","160351748","160351858","KN297452v1","52059","52169","7","160299689"
"chr1","160510276","160510583","KN296404v1","90365","90678","31","160419911"
"chr1","160516477","160516607","KN296153v1","1164336","1164458","33","159352141"
"chr1","160516637","160516761","KN294949v1","799080","799203","22","159717557"
"chr1","160519661","160519952","KN296404v1","99681","99974","23","160419980"
"chr1","160563291","160563399","KN296404v1","143993","144102","5","160419298"
"chr1","160591715","160592016","KN296311v1","3251266","3251563","59","157340449"
"chr1","160614577","160614888","KN296404v1","197962","198246","48","160416615"
"chr1","160712961","160713261","KN296404v1","305793","306050","62","160407168"
"chr1","160816483","160816758","KN296122v1","514388","514663","55","160302095"
"chr1","160894043","160894125","KN296404v1","490146","490226","11","160403897"
"chr1","161184347","161184489","KN296404v1","792994","793137","5","160391353"
"chr1","161198245","161198504","KN296404v1","806614","806869","21","160391631"
"chr1","161198564","161198606","KN296404v1","806929","806971","0","160391635"
"chr1","161291852","161291966","KN296404v1","906286","906400","4","160385566"
"chr1","161322681","161322983","KN296404v1","936696","937011","36","160385985"
"chr1","161346828","161347125","KN296404v1","961243","961538","21","160385585"
"chr1","161378002","161378052","KN296622v1","147908","147954","14","161230094"
"chr1","161397625","161397939","KN295984v1","717523","717826","72","160680102"
"chr1","161400423","161400726","KN296404v1","1026297","1026612","45","160374126"
"chr1","161417839","161417992","KN295633v1","283847","283990","30","161133992"
"chr1","161418284","161418428","KN297319v1","346400","346542","31","161071884"
"chr1","161435335","161435655","KN296404v1","1059398","1059703","37","160375937"
"chr1","161439598","161439688","KN296404v1","1063605","1063701","13","160375993"
"chr1","161449054","161449328","KN296404v1","1073468","1073732","63","160375586"
"chr1","161459785","161460086","KN296079v1","1662609","1662912","55","159797176"
"chr1","161461567","161461652","KN296404v1","1085270","1085355","4","160376297"
"chr1","161463658","161463920","KN297227v1","201717","201972","55","161261941"
"chr1","161474158","161474284","KN296847v1","1439331","1439456","23","160034827"
"chr1","161474943","161475065","KN296404v1","1098247","1098371","10","160376696"
"chr1","161479959","161480183","KN296404v1","1103549","1103775","22","160376410"
"chr1","161510250","161510500","KN296180v1","818659","818905","59","160691591"
"chr1","161515528","161515815","KN296404v1","1140358","1140668","40","160375170"
"chr1","161515845","161515871","KN296836v1","591029","591052","7","160924816"
"chr1","161517860","161518156","KN296404v1","1142695","1143007","34","160375165"
"chr1","161520362","161520527","KN294761v1","2118974","2119147","40","159401388"
"chr1","161520572","161520676","KN294978v1","1219114","1219218","17","160301458"
"chr1","161524124","161524386","KN296404v1","1149209","1149450","45","160374915"
"chr1","161531522","161531810","KN296404v1","1156398","1156695","29","160375124"
"chr1","161561187","161561478","KN296404v1","1185910","1186227","42","160375277"
"chr1","161599172","161599414","KN295828v1","1593468","1593706","62","160005704"
"chr1","161602317","161602605","KN296404v1","1227801","1228092","16","160374516"
"chr1","161604825","161604997","KN296404v1","1230283","1230450","16","160374542"
"chr1","161634331","161634598","KN296404v1","1261577","1261874","51","160372754"
"chr1","161667201","161667303","KN296404v1","1287243","1287345","5","160379958"
"chr1","161763357","161763678","KN296062v1","1015265","1015565","72","160748092"
"chr1","161808276","161808558","KN296404v1","1432140","1432422","16","160376136"
"chr1","161834029","161834148","KN296404v1","1457966","1458084","10","160376063"
"chr1","161911858","161912123","KN296404v1","1536550","1536813","25","160375308"
"chr1","161983257","161983557","KN296404v1","1608275","1608575","21","160374982"
"chr1","162002574","162002689","KN296404v1","1626125","1626240","0","160376449"
"chr1","162032195","162032479","KN296404v1","1656130","1656414","24","160376065"
"chr1","162072762","162073044","KN294375v1","379061","379350","57","161693701"
"chr1","162098438","162098672","KN296404v1","1715638","1715914","51","160382800"
"chr1","162106205","162106524","KN296404v1","1724276","1724560","49","160381929"
"chr1","162624633","162624848","KN294229v1","5824","6044","52","162618809"
"chr1","162679441","162679648","KN296404v1","1791387","1791593","17","160888054"
"chr1","162712426","162712708","KN294933v1","684145","684433","56","162028281"
"chr1","162812575","162812872","KN296404v1","1921087","1921386","32","160891488"
"chr1","162862143","162862386","KN296404v1","1970866","1971110","11","160891277"
"chr1","162880783","162881082","KN296404v1","1990189","1990491","18","160890594"
"chr1","162931365","162931667","KN296404v1","2041486","2041780","73","160889879"
"chr1","162938855","162939164","KN296404v1","2048726","2049042","43","160890129"
"chr1","162945680","162946015","KN295705v1","796730","797043","77","162148950"
"chr1","162986062","162986338","KN296079v1","31370","31655","55","162954692"
"chr1","163025368","163025523","KN294172v1","1969105","1969260","27","161056263"
"chr1","163025551","163025653","KN296594v1","546025","546123","22","162479526"
"chr1","163029795","163030074","KN294503v1","78637","78910","54","162951158"
"chr1","163067347","163067649","KN296864v1","3187581","3187876","81","159879766"
"chr1","163092019","163092319","KN296404v1","2197568","2197868","15","160894451"
"chr1","163093511","163093729","KN294378v1","987198","987414","41","162106313"
"chr1","163107461","163107768","KN296404v1","2213181","2213474","30","160894280"
"chr1","163112107","163112228","KN296404v1","2217814","2217934","12","160894293"
"chr1","163123596","163123732","KN296404v1","2233638","2233792","23","160889958"
"chr1","163142009","163142230","KN294456v1","1110094","1110319","43","162031915"
"chr1","163146778","163146941","KN296404v1","2259048","2259210","20","160887730"
"chr1","163147247","163147378","KN295633v1","2326713","2326845","23","160820534"
"chr1","163151883","163152169","KN296404v1","2264148","2264442","52","160887735"
"chr1","163169525","163169654","KN296404v1","2281217","2281344","10","160888308"
"chr1","163180662","163180971","KN296404v1","2292507","2292802","32","160888155"
"chr1","163196318","163196618","KN296404v1","2308182","2308467","27","160888136"
"chr1","163210861","163211077","KN296404v1","2322719","2322929","24","160888142"
"chr1","163212168","163212515","KN296404v1","2324364","2324710","30","160887804"
"chr1","163260746","163260968","KN295171v1","1219015","1219238","57","162041731"
"chr1","163275392","163275691","KN296404v1","2395230","2395528","20","160880162"
"chr1","163282205","163282494","KN296404v1","2403114","2403412","33","160879091"
"chr1","163287176","163287471","KN296404v1","2408188","2408489","19","160878988"
"chr1","163329049","163329175","KN296253v1","543775","543897","22","162785274"
"chr1","163355553","163355682","KN296404v1","2467298","2467421","14","160888255"
"chr1","163362939","163363246","KN295293v1","281183","281490","64","163081756"
"chr1","163430141","163430446","KN296404v1","2539396","2539696","23","160890745"
"chr1","163447544","163447854","KN296404v1","2556622","2556948","39","160890922"
"chr1","163454024","163454336","KN296404v1","2564568","2564873","39","160889456"
"chr1","163455556","163455849","KN296404v1","2566081","2566366","27","160889475"
"chr1","163472192","163472464","KN296404v1","2584312","2584588","24","160887880"
"chr1","163472514","163472813","KN296404v1","2584634","2584918","27","160887880"
"chr1","163495973","163496277","KN296404v1","2608148","2608441","24","160887825"
"chr1","163506092","163506392","KN296404v1","2619039","2619341","28","160887053"
"chr1","163520998","163521301","KN296404v1","2634053","2634354","18","160886945"
"chr1","163535394","163535572","KN296404v1","2648838","2649011","20","160886556"
"chr1","163593930","163594174","KN296404v1","2707831","2708052","48","160886099"
"chr1","163663523","163663822","KN296406v1","283606","283899","63","163379917"
"chr1","163694015","163694300","KN296404v1","2810907","2811193","18","160883108"
"chr1","163807436","163807676","KN294410v1","41786","42007","62","163765650"
"chr1","163824959","163825252","KN296404v1","2930841","2931137","27","160894118"
"chr1","163825334","163825601","KN296404v1","2931395","2931665","39","160893939"
"chr1","163825798","163826107","KN296404v1","2931878","2932171","43","160893920"
"chr1","163862737","163862861","KN294172v1","3288243","3288371","22","160574494"
"chr1","163865803","163866080","KN296404v1","2970224","2970532","51","160895579"
"chr1","163870657","163870930","KN296311v1","6349879","6350145","61","157520778"
"chr1","163878015","163878327","KN295697v1","618718","619036","52","163259297"
"chr1","163884208","163884468","KN296404v1","2988496","2988734","31","160895712"
"chr1","163897334","163897594","KN296404v1","3003254","3003513","16","160894080"
"chr1","163926151","163926441","KN296404v1","3026116","3026411","51","160900035"
"chr1","164059220","164059407","KN294705v1","1593733","1593920","37","162465487"
"chr1","164059690","164059808","KN296682v1","2537046","2537143","49","161522644"
"chr1","164062559","164062792","KN296404v1","3170193","3170397","43","160892366"
"chr1","164087281","164087525","KN296404v1","3195121","3195384","36","160892160"
"chr1","164091855","164092161","KN296404v1","3199727","3200021","38","160892128"
"chr1","164136246","164136427","KN296486v1","164391","164572","39","163971855"
"chr1","164136453","164136567","KN296153v1","673013","673130","20","163463440"
"chr1","164149933","164150049","KN296404v1","3259441","3259555","8","160890492"
"chr1","164164510","164164818","KN296404v1","3274784","3275105","33","160889726"
"chr1","164198859","164199161","KN296404v1","3310072","3310373","18","160888787"
"chr1","164217296","164217589","KN296404v1","3329535","3329809","52","160887761"
"chr1","164227897","164228174","KN296404v1","3340428","3340706","19","160887469"
"chr1","164236531","164236763","KN295433v1","332028","332276","57","163904503"
"chr1","164289949","164290249","KN296404v1","3404152","3404452","12","160885797"
"chr1","164412422","164412729","KN296404v1","3528888","3529189","30","160883534"
"chr1","164456260","164456561","KN296404v1","3580306","3580595","23","160875954"
"chr1","164512649","164512939","KN296404v1","3638219","3638509","22","160874430"
"chr1","164517246","164517555","KN296404v1","3642850","3643153","22","160874396"
"chr1","164565594","164565920","KN296404v1","3694129","3694433","40","160871465"
"chr1","164583405","164583718","KN296404v1","3404152","3404452","69","161179253"
"chr1","164611919","164612059","KN296404v1","3741153","3741285","14","160870766"
"chr1","164612335","164612518","KN296404v1","3741556","3741728","24","160870779"
"chr1","164612688","164612948","KN296404v1","3741919","3742178","35","160870769"
"chr1","164629531","164629835","KN296404v1","3758865","3759166","25","160870666"
"chr1","164633434","164633715","KN296404v1","3762700","3762985","26","160870734"
"chr1","164689851","164689935","KN295362v1","1240135","1240215","17","163449716"
"chr1","164702012","164702111","KN296404v1","3832307","3832406","4","160869705"
"chr1","164707560","164707851","KN297253v1","334496","334768","69","164373064"
"chr1","164729473","164729803","KN296404v1","3860036","3860350","39","160869437"
"chr1","164732502","164732821","KN296404v1","3863029","3863357","28","160869473"
"chr1","164733178","164733454","KN296404v1","3863720","3864020","38","160869458"
"chr1","164774753","164775040","KN296404v1","3903093","3903380","26","160871660"
"chr1","164788189","164788387","KN294287v1","543440","543631","56","164244749"
"chr1","164788644","164788873","KN296191v1","1575823","1576054","54","163212821"
"chr1","164790382","164790676","KN296404v1","3919626","3919933","31","160870756"
"chr1","164810189","164810313","KN296404v1","3940313","3940436","7","160869876"
"chr1","164826215","164826526","KN296404v1","3958016","3958310","40","160868199"
"chr1","164846564","164846680","KN294235v1","784908","785024","17","164061656"
"chr1","164852939","164853236","KN294234v1","2728680","2728982","63","162124259"
"chr1","164865900","164866194","KN296153v1","2521032","2521320","67","162344868"
"chr1","164892468","164892743","KN295758v1","784239","784522","65","164108229"
"chr1","164900011","164900276","KN297215v1","43609","43871","70","164856402"
"chr1","164903609","164903730","KN294262v1","3007214","3007335","9","161896395"
"chr1","164905367","164905655","KN294262v1","3004613","3004906","31","161900754"
"chr1","164907878","164908172","KN294262v1","2995140","2995430","21","161912738"
"chr1","164922003","164922119","KN294262v1","2982888","2983004","17","161939115"
"chr1","164922682","164922970","KN296795v1","706774","707060","61","164215908"
"chr1","164952716","164952826","KN295236v1","3124616","3124723","33","161828100"
"chr1","165021738","165022027","KN294262v1","2889234","2889537","31","162132504"
"chr1","165026422","165026735","KN294262v1","2884274","2884579","32","162142148"
"chr1","165075114","165075235","KN297046v1","39490","39613","21","165035624"
"chr1","165109407","165109709","KN294262v1","2806211","2806520","31","162303196"
"chr1","165230018","165230134","KN295294v1","1543896","1544011","16","163686122"
"chr1","165230836","165231090","KN294262v1","2680102","2680359","27","162550734"
"chr1","165308353","165308555","KN294262v1","2597711","2597910","15","162710642"
"chr1","165309548","165309797","KN294262v1","2596458","2596707","12","162713090"
"chr1","165371195","165371499","KN294262v1","2526849","2527158","38","162844346"
"chr1","165371591","165371877","KN294262v1","2526465","2526756","24","162845126"
"chr1","165486931","165486997","KN295057v1","300122","300177","15","165186809"
"chr1","165487286","165487448","KN294262v1","2420921","2421074","17","163066365"
"chr1","165490299","165490527","KN294262v1","2417843","2418059","24","163072456"
"chr1","165526078","165526382","KN294262v1","2381025","2381322","34","163145053"
"chr1","165558277","165558570","KN294262v1","2348550","2348844","22","163209727"
"chr1","165878495","165878630","KN294262v1","2027082","2027218","6","163851413"
"chr1","165910610","165910899","KN294262v1","2001462","2001741","25","163909148"
"chr1","165919670","165919999","KN294262v1","1991640","1991956","32","163928030"
"chr1","165998868","165999171","KN294262v1","1920304","1920592","31","164078564"
"chr1","166019950","166020246","KN297408v1","366595","366895","53","165653355"
"chr1","166036529","166036822","KN294262v1","1881177","1881458","37","164155352"
"chr1","166061301","166061606","KN294262v1","1854837","1855149","39","164206464"
"chr1","166081293","166081505","KN296153v1","724143","724349","49","165357150"
"chr1","166081515","166081750","KN296201v1","525959","526190","73","165555556"
"chr1","166098090","166098374","KN294262v1","1815989","1816317","65","164282101"
"chr1","166128949","166129241","KN294262v1","1785759","1786032","60","164343190"
"chr1","166257939","166258210","KN294262v1","1650199","1650477","22","164607740"
"chr1","166290915","166291002","KN294262v1","1617176","1617273","11","164673739"
"chr1","166329882","166330172","KN294262v1","1565945","1566261","47","164763937"
"chr1","166337599","166337720","KN294372v1","1425525","1425645","22","164912074"
"chr1","166496179","166496423","KN294262v1","1396060","1396321","43","165100119"
"chr1","166633109","166633380","KN296096v1","1827942","1828211","60","164805167"
"chr1","166760311","166760554","KN294262v1","1124305","1124545","18","165636006"
"chr1","166847582","166847874","KN295484v1","634266","634551","69","166213316"
"chr1","166872229","166872502","KN294262v1","1022447","1022726","29","165849782"
"chr1","166913910","166914217","KN294262v1","973304","973607","33","165940606"
"chr1","166919988","166920114","KN294262v1","967042","967168","12","165952946"
"chr1","167000174","167000461","KN295362v1","1129832","1130122","60","165870342"
"chr1","167118199","167118511","KN294262v1","767645","767952","27","166350554"
"chr1","167154533","167154806","KN294262v1","729410","729683","16","166425123"
"chr1","167206667","167206948","KN294262v1","676891","677177","26","166529776"
"chr1","167245415","167245707","KN294262v1","636414","636714","29","166609001"
"chr1","167272058","167272291","KN294262v1","597191","597426","14","166674867"
"chr1","167316641","167316846","KN296119v1","2316440","2316635","54","165000201"
"chr1","167479873","167480170","KN294262v1","402514","402827","44","167077359"
"chr1","167546969","167547151","KN294630v1","456616","456795","44","167090353"
"chr1","167547457","167547596","KN294619v1","1092348","1092489","28","166455109"
"chr1","167601936","167602224","KN294421v1","501816","502108","64","167100120"
"chr1","167946257","167946530","KN295213v1","50548","50856","54","167895709"
"chr1","168084319","168084634","KN295213v1","185779","186086","34","167898540"
"chr1","168406102","168406373","KN297354v1","1042575","1042835","24","167363527"
"chr1","168410025","168410136","KN297354v1","1037459","1037575","12","167372566"
"chr1","168440339","168440641","KN297354v1","1006733","1007049","43","167433606"
"chr1","168447001","168447283","KN297354v1","999663","999938","29","167447338"
"chr1","168517274","168517428","KN294571v1","1301622","1301771","39","167215652"
"chr1","168517739","168517962","KN297197v1","3969899","3970120","59","164547840"
"chr1","168551688","168551915","KN295045v1","1285025","1285240","52","167266663"
"chr1","168736732","168736922","KN295907v1","2122445","2122631","48","166614287"
"chr1","168773385","168773702","KN296879v1","704052","704376","70","168069333"
"chr1","168854702","168855014","KN294933v1","38729","39023","84","168815973"
"chr1","169215942","169216209","KN296266v1","128801","129086","78","169087141"
"chr1","169218066","169218379","KN297354v1","392653","392960","37","168825413"
"chr1","169244826","169245128","KN297354v1","364879","365179","35","168879947"
"chr1","169371309","169371600","KN297354v1","223632","223925","21","169147677"
"chr1","169387960","169388136","KN295480v1","2313213","2313393","46","167074747"
"chr1","169458434","169458710","KN297354v1","136648","136963","64","169321786"
"chr1","169606372","169606676","KN294591v1","235023","235324","71","169371349"
"chr1","169626970","169627259","KN296065v1","51529","51846","53","169575441"
"chr1","169783336","169783512","KN296176v1","732649","732829","46","169050687"
"chr1","169783563","169783680","KN294210v1","1589858","1589974","24","168193705"
"chr1","169850265","169850538","KN296065v1","288004","288286","34","169562261"
"chr1","169947415","169947693","KN296065v1","385516","385787","40","169561899"
"chr1","169985385","169985652","KN296065v1","428829","429103","28","169556556"
"chr1","170028257","170028378","KN296065v1","473002","473112","21","169555255"
"chr1","170045605","170045724","KN296526v1","148308","148428","18","169897297"
"chr1","170196092","170196375","KN296065v1","636273","636556","26","169559819"
"chr1","170309898","170310195","KN294755v1","19995","20290","31","170289903"
"chr1","170349735","170350012","KN294755v1","53370","53652","32","170296365"
"chr1","170394904","170395210","KN294755v1","100100","100385","53","170294804"
"chr1","170534176","170534337","KN295523v1","1368703","1368862","37","169165473"
"chr1","170684798","170684907","KN296019v1","231315","231427","24","170453483"
"chr1","170690846","170691005","KN295962v1","551577","551737","45","170139269"
"chr1","170910288","170910587","KN296481v1","518302","518590","66","170391986"
"chr1","170968466","170968757","KN296977v1","88156","88438","66","170880310"
"chr1","171031413","171031716","KN297320v1","1234476","1234772","72","169796937"
"chr1","171036023","171036318","KN295977v1","367465","367760","71","170668558"
"chr1","171038531","171038854","KN296635v1","4691162","4691484","69","166347369"
"chr1","171130554","171130811","KN294260v1","1415466","1415716","72","169715088"
"chr1","171192701","171192966","KN294208v1","701963","702240","59","170490738"
"chr1","171246222","171246396","KN296547v1","1238907","1239085","40","170007315"
"chr1","171352869","171353171","KN296096v1","3065637","3065933","68","168287232"
"chr1","171385483","171385740","KN295744v1","187097","187357","62","171198386"
"chr1","171436936","171437180","KN296306v1","1148888","1149124","62","170288048"
"chr1","171535262","171535548","KN294421v1","1072315","1072610","67","170462947"
"chr1","171700983","171701105","KN295236v1","1410381","1410504","22","170290602"
"chr1","171701137","171701296","KN295236v1","2530387","2530550","38","169170750"
"chr1","171823468","171823779","KN295962v1","2487429","2487725","68","169336039"
"chr1","171830454","171830682","KN296926v1","845970","846190","62","170984484"
"chr1","171882543","171882858","KN294831v1","362763","363075","68","171519780"
"chr1","171897705","171898032","KN296538v1","1793220","1793524","75","170104485"
"chr1","172041631","172041715","KN297415v1","53332","53416","3","171988299"
"chr1","172046575","172046862","KN297415v1","58339","58643","36","171988236"
"chr1","172068573","172068820","KN297415v1","81704","81955","20","171986869"
"chr1","172082814","172083126","KN297415v1","94941","95244","35","171987873"
"chr1","172096543","172096699","KN297415v1","108686","108842","8","171987857"
"chr1","172259058","172259143","KN297415v1","270189","270274","3","171988869"
"chr1","172308593","172308715","KN297415v1","321320","321447","11","171987273"
"chr1","172363665","172363795","KN297415v1","377378","377508","7","171986287"
"chr1","172401940","172402248","KN296864v1","3246461","3246762","61","169155479"
"chr1","172499046","172499313","KN297415v1","507299","507583","36","171991747"
"chr1","172527136","172527430","KN295592v1","1135521","1135812","65","171391615"
"chr1","172552768","172552966","KN297415v1","565974","566170","10","171986794"
"chr1","172555900","172556197","KN297415v1","568491","568775","30","171987409"
"chr1","172562950","172563278","KN297415v1","575168","575495","29","171987782"
"chr1","172627482","172627800","KN297415v1","640777","641077","41","171986705"
"chr1","172717299","172717421","KN295540v1","59464","59586","19","172657835"
"chr1","172794281","172794564","KN294187v1","533538","533812","64","172260743"
"chr1","172798443","172798739","KN296315v1","1749392","1749687","57","171049051"
"chr1","172863913","172864204","KN297415v1","866595","866885","18","171997318"
"chr1","172871119","172871399","KN297415v1","874316","874596","25","171996803"
"chr1","172873762","172873802","KN296319v1","85233","85271","7","172788529"
"chr1","172878806","172879109","KN297415v1","882330","882635","24","171996476"
"chr1","172919103","172919381","KN297415v1","929991","930258","41","171989112"
"chr1","173176914","173176925","KN295236v1","1179358","1179368","1","171997556"
"chr1","173177118","173177342","KN295642v1","127554","127769","53","173049564"
"chr1","173346150","173346346","KN296119v1","5942032","5942218","46","167404118"
"chr1","173478181","173478291","KN294536v1","771406","771518","19","172706775"
"chr1","173478342","173478590","KN296435v1","304358","304599","73","173173984"
"chr1","173536019","173536322","KN297444v1","482806","483100","74","173053213"
"chr1","173592447","173592620","KN295405v1","74668","74831","50","173517779"
"chr1","173675811","173676017","KN294470v1","1188360","1188573","53","172487451"
"chr1","173742385","173742660","KN296263v1","950807","951100","70","172791578"
"chr1","174038996","174039298","KN296187v1","493766","494059","69","173545230"
"chr1","174270138","174270453","KN295744v1","676379","676683","62","173593759"
"chr1","174272613","174272916","KN297320v1","1234476","1234772","60","173038137"
"chr1","174277960","174278076","KN294747v1","300715","300832","22","173977245"
"chr1","174326852","174327143","KN297408v1","404817","405109","62","173922035"
"chr1","174360806","174360990","KN296311v1","691696","691874","48","173669110"
"chr1","174361294","174361347","KN297133v1","1112411","1112458","13","173248883"
"chr1","174430947","174431229","KN295814v1","1729226","1729515","75","172701721"
"chr1","174488844","174488963","KN294493v1","1387135","1387254","26","173101709"
"chr1","174509774","174510076","KN294406v1","15246","15551","24","174494528"
"chr1","174563320","174563656","KN296643v1","755202","755513","84","173808118"
"chr1","174795265","174795490","KN296508v1","2441096","2441326","60","172354169"
"chr1","174799621","174799912","KN297133v1","1581138","1581424","72","173218483"
"chr1","174893813","174894029","KN294187v1","340683","340899","62","174553130"
"chr1","174911919","174912211","KN296916v1","234504","234789","74","174677415"
"chr1","174960062","174960372","KN294662v1","127944","128258","62","174832118"
"chr1","174967102","174967389","KN296311v1","1558084","1558370","66","173409018"
"chr1","175109482","175109760","KN294172v1","4906375","4906640","68","170203107"
"chr1","175270845","175271151","KN297008v1","6395479","6395790","74","168875366"
"chr1","175338992","175339259","KN294304v1","28243","28516","66","175310749"
"chr1","175357472","175357732","KN294536v1","565260","565522","71","174792212"
"chr1","175454866","175455123","KN295744v1","187097","187357","60","175267769"
"chr1","175555301","175555587","KN295361v1","397126","397408","63","175158175"
"chr1","175614730","175615034","KN296404v1","3404152","3404452","69","172210578"
"chr1","175931027","175931197","KN294172v1","3162203","3162384","51","172768824"
"chr1","175931224","175931335","KN294260v1","802158","802275","22","175129066"
"chr1","176509120","176509408","KN295949v1","30702","30981","29","176478418"
"chr1","176911519","176911635","KN294540v1","323855","323970","22","176587664"
"chr1","176927266","176927567","KN294399v1","99813","100114","66","176827453"
"chr1","177012901","177013199","KN295586v1","2908076","2908370","51","174104825"
"chr1","177018800","177018962","KN294187v1","1054169","1054328","33","175964631"
"chr1","177019267","177019394","KN295294v1","2478384","2478515","24","174540883"
"chr1","177177150","177177455","KN296109v1","1054487","1054776","70","176122663"
"chr1","177543207","177543512","KN296538v1","1793220","1793524","53","175749987"
"chr1","177564427","177564692","KN296153v1","1450123","1450390","66","176114304"
"chr1","177587749","177588018","KN296634v1","1816690","1816969","61","175771059"
"chr1","177621648","177621929","KN294217v1","1958908","1959183","59","175662740"
"chr1","177637741","177638011","KN294372v1","2200731","2200998","71","175437010"
"chr1","177651190","177651496","KN294346v1","476646","476954","61","177174544"
"chr1","177663918","177664151","KN294856v1","383253","383488","58","177280665"
"chr1","177666976","177667107","KN296017v1","300520","300651","25","177366456"
"chr1","177720820","177720958","KN295936v1","1446013","1446147","30","176274807"
"chr1","177722138","177722256","KN294345v1","1896097","1896220","21","175826041"
"chr1","177746231","177746535","KN294728v1","1536659","1536964","68","176209572"
"chr1","177752651","177752711","KN296960v1","1610525","1610582","17","176142126"
"chr1","177752838","177753132","KN295079v1","870905","871200","65","176881933"
"chr1","177869057","177869369","KN294457v1","2853333","2853626","68","175015724"
"chr1","177876429","177876645","KN296019v1","440192","440409","50","177436237"
"chr1","177895172","177895434","KN297154v1","243280","243546","61","177651892"
"chr1","177901418","177901711","KN297138v1","424448","424740","76","177476970"
"chr1","177977049","177977277","KN295236v1","1262987","1263214","47","176714062"
"chr1","178069959","178070285","KN295523v1","4180003","4180315","72","173889956"
"chr1","178079878","178080171","KN295459v1","697076","697373","59","177382802"
"chr1","178081465","178081770","KN296934v1","150680","150983","64","177930785"
"chr1","178091389","178091561","KN295349v1","36035","36211","41","178055354"
"chr1","178091587","178091663","KN294506v1","297507","297579","21","177794080"
"chr1","178110780","178111092","KN294893v1","445554","445861","67","177665226"
"chr1","178259962","178260259","KN294458v1","593748","594033","64","177666214"
"chr1","178402210","178402468","KN297046v1","3162581","3162854","67","175239629"
"chr1","178479741","178480027","KN296145v1","1496963","1497260","55","176982778"
"chr1","178503464","178503764","KN296959v1","1849039","1849330","67","176654425"
"chr1","178510716","178511007","KN294218v1","2874160","2874450","69","175636556"
"chr1","178751609","178751905","KN294991v1","693040","693334","59","178058569"
"chr1","178812028","178812310","KN297184v1","1298143","1298426","72","177513885"
"chr1","178967756","178968042","KN296322v1","1353123","1353401","66","177614633"
"chr1","179151975","179152250","KN297271v1","185593","185884","29","178966382"
"chr1","179167379","179167594","KN297271v1","166695","166897","31","179000684"
"chr1","179218107","179218326","KN296635v1","1170788","1170989","67","178047319"
"chr1","179248388","179248663","KN297271v1","83688","83964","18","179164700"
"chr1","179315537","179315822","KN297271v1","17884","18173","22","179297653"
"chr1","179401239","179401517","KN294513v1","818583","818861","56","178582656"
"chr1","179498963","179499224","KN297219v1","44692","44937","68","179454271"
"chr1","179687925","179688008","KN294790v1","5506661","5506743","14","174181264"
"chr1","179748846","179748977","KN296201v1","2469080","2469217","30","177279766"
"chr1","179759976","179760094","KN295801v1","203287","203404","20","179556689"
"chr1","179760640","179760920","KN297046v1","3036778","3037058","64","176723862"
"chr1","179764815","179765083","KN294948v1","6644","6929","64","179758171"
"chr1","179769251","179769537","KN294964v1","783852","784139","61","178985399"
"chr1","179777181","179777475","KN297138v1","424448","424740","65","179352733"
"chr1","179799520","179799805","KN295099v1","67707","67978","78","179731813"
"chr1","179802250","179802521","KN296303v1","655132","655402","64","179147118"
"chr1","179805010","179805170","KN295996v1","174813","174976","31","179630197"
"chr1","179805197","179805315","KN295368v1","1825999","1826117","16","177979198"
"chr1","179808833","179809133","KN294172v1","2395848","2396150","62","177412985"
"chr1","179814488","179814739","KN297422v1","150212","150459","56","179664276"
"chr1","179837360","179837508","KN296200v1","71057","71204","29","179766303"
"chr1","179837787","179837980","KN296609v1","666055","666245","43","179171732"
"chr1","179850137","179850466","KN294665v1","160960","161276","79","179689177"
"chr1","179855898","179856157","KN296365v1","497706","497982","68","179358192"
"chr1","179858125","179858253","KN295592v1","1958246","1958370","23","177899879"
"chr1","179866658","179866920","KN296526v1","272582","272844","59","179594076"
"chr1","179867146","179867449","KN297245v1","2036362","2036663","50","177830784"
"chr1","179874288","179874454","KN294161v1","948041","948200","41","178926247"
"chr1","179883847","179884146","KN295352v1","1052401","1052696","58","178831446"
"chr1","179889552","179889823","KN296154v1","2690654","2690917","65","177198898"
"chr1","179890411","179890703","KN295596v1","2546190","2546474","68","177344221"
"chr1","179891480","179891789","KN294172v1","6915582","6915894","56","172975898"
"chr1","179897446","179897743","KN294548v1","571745","572028","65","179325701"
"chr1","179899708","179899864","KN294325v1","169199","169356","32","179730509"
"chr1","179900156","179900284","KN294446v1","949375","949504","27","178950781"
"chr1","179905816","179906004","KN295755v1","63347","63519","44","179842469"
"chr1","179906291","179906368","KN297190v1","1140498","1140571","14","178765793"
"chr1","179913226","179913349","KN294527v1","276778","276903","20","179636448"
"chr1","179916389","179916691","KN297343v1","433833","434130","62","179482556"
"chr1","179923546","179923844","KN297274v1","335410","335711","67","179588136"
"chr1","179930494","179930620","KN297313v1","961653","961776","24","178968841"
"chr1","179961869","179962114","KN295607v1","4408934","4409181","54","175552935"
"chr1","180012316","180012534","KN294733v1","13674","13893","50","179998642"
"chr1","180014751","180015011","KN294703v1","196114","196386","55","179818637"
"chr1","180030992","180031264","KN294365v1","2109639","2109919","65","177921353"
"chr1","180032171","180032481","KN296484v1","807606","807907","63","179224565"
"chr1","180065095","180065372","KN295371v1","5612","5888","20","180059483"
"chr1","180074402","180074650","KN295236v1","3584499","3584745","57","176489903"
"chr1","180116601","180116909","KN295371v1","49783","50086","13","180066818"
"chr1","180138197","180138464","KN294172v1","6629633","6629896","58","173508564"
"chr1","180138471","180138604","KN295371v1","71406","71535","16","180067065"
"chr1","180143111","180143411","KN295371v1","76046","76347","27","180067065"
"chr1","180167112","180167394","KN294991v1","2188785","2189065","65","177978327"
"chr1","180177143","180177440","KN295371v1","110292","110591","29","180066851"
"chr1","180191945","180192061","KN297442v1","695573","695695","21","179496372"
"chr1","180192304","180192398","KN295371v1","125564","125658","6","180066740"
"chr1","180205265","180205433","KN295371v1","134227","134405","24","180071038"
"chr1","180216553","180216663","KN295371v1","146134","146244","11","180070419"
"chr1","180226630","180226910","KN296311v1","6516761","6517039","59","173709869"
"chr1","180239979","180240267","KN295371v1","169555","169850","22","180070424"
"chr1","180241125","180241433","KN295371v1","170690","170997","28","180070435"
"chr1","180254954","180255074","KN297023v1","380326","380448","27","179874628"
"chr1","180255368","180255527","KN294499v1","1044233","1044400","34","179211135"
"chr1","180264319","180264578","KN295371v1","190347","190619","34","180073972"
"chr1","180268579","180268881","KN296225v1","768869","769169","54","179499710"
"chr1","180277767","180278046","KN295371v1","204839","205131","28","180072928"
"chr1","180287249","180287411","KN295371v1","215161","215308","19","180072088"
"chr1","180294139","180294424","KN295371v1","222500","222798","28","180071639"
"chr1","180322367","180322672","KN295371v1","252483","252782","32","180069884"
"chr1","180331802","180332111","KN295371v1","262561","262864","34","180069241"
"chr1","180336817","180337124","KN296594v1","106342","106636","61","180230475"
"chr1","180339292","180339572","KN295022v1","1110612","1110885","61","179228680"
"chr1","180340710","180341018","KN295923v1","1997557","1997864","53","178343153"
"chr1","180373738","180373865","KN295371v1","308367","308493","14","180065371"
"chr1","180396088","180396417","KN295371v1","331456","331775","33","180064632"
"chr1","180405234","180405525","KN295371v1","340748","341039","18","180064486"
"chr1","180408616","180408902","KN295371v1","344692","344974","16","180063924"
"chr1","180420383","180420693","KN295371v1","356947","357235","41","180063436"
"chr1","180429004","180429082","KN296075v1","248077","248153","17","180180927"
"chr1","180429137","180429249","KN294326v1","666788","666902","19","179762349"
"chr1","180447162","180447468","KN295371v1","384975","385262","41","180062187"
"chr1","180472404","180472739","KN295371v1","412369","412683","48","180060035"
"chr1","180487512","180487636","KN295941v1","2213226","2213352","20","178274286"
"chr1","180490462","180490756","KN295371v1","431320","431622","26","180059142"
"chr1","180512447","180512742","KN295936v1","928734","929029","53","179583713"
"chr1","180538621","180538931","KN295371v1","487646","487964","34","180050975"
"chr1","180542095","180542318","KN294193v1","891935","892155","46","179650160"
"chr1","180548381","180548460","KN297180v1","1909021","1909095","17","178639360"
"chr1","180551361","180551664","KN295371v1","502836","503143","26","180048525"
"chr1","180557667","180557840","KN294613v1","318459","318636","42","180239208"
"chr1","180584261","180584381","KN296933v1","89510","89627","18","180494751"
"chr1","180587907","180588217","KN295371v1","540679","540992","34","180047228"
"chr1","180609405","180609708","KN295371v1","562399","562706","23","180047006"
"chr1","180620193","180620409","KN295371v1","572947","573169","23","180047246"
"chr1","180622526","180622836","KN294470v1","3374502","3374814","60","177248024"
"chr1","180628578","180628703","KN295371v1","582607","582733","7","180045971"
"chr1","180651493","180651763","KN297197v1","2039996","2040258","66","178611497"
"chr1","180686665","180686949","KN294287v1","329019","329303","71","180357646"
"chr1","180724627","180724907","KN295371v1","682333","682621","26","180042294"
"chr1","180770925","180771241","KN295371v1","725308","725625","34","180045617"
"chr1","180788189","180788498","KN295371v1","742666","742975","29","180045523"
"chr1","180807870","180808177","KN295371v1","762303","762597","27","180045567"
"chr1","180827725","180828010","KN295365v1","618540","618829","59","180209185"
"chr1","180837741","180838046","KN295371v1","792044","792344","29","180045697"
"chr1","180839135","180839247","KN297190v1","4249808","4249916","28","176589327"
"chr1","180853616","180853931","KN295371v1","804168","804478","33","180049448"
"chr1","180861215","180861329","KN295923v1","1514171","1514288","18","179347044"
"chr1","180861359","180861530","KN295996v1","174813","174976","32","180686546"
"chr1","180881289","180881600","KN295371v1","832854","833163","20","180048435"
"chr1","180882867","180883162","KN295371v1","834465","834754","23","180048402"
"chr1","180938179","180938345","KN295371v1","891829","892011","31","180046350"
"chr1","180938380","180938496","KN295371v1","892051","892168","6","180046329"
"chr1","181047950","181048254","KN295371v1","1002401","1002711","27","180045549"
"chr1","181071066","181071336","KN295977v1","1140774","1141022","70","179930292"
"chr1","181120076","181120244","KN295596v1","1567896","1568056","38","179552180"
"chr1","181121852","181122146","KN296864v1","2020102","2020402","65","179101750"
"chr1","181202581","181202815","KN295371v1","428063","428297","61","180774518"
"chr1","181204617","181204911","KN295371v1","1154164","1154441","37","180050453"
"chr1","181374134","181374423","KN296502v1","960957","961236","63","180413177"
"chr1","181394576","181394850","KN297259v1","347194","347480","67","181047382"
"chr1","181428447","181428729","KN294848v1","912345","912627","62","180516102"
"chr1","181448997","181449288","KN297108v1","252351","252636","59","181196646"
"chr1","181460827","181461143","KN295962v1","595948","596250","68","180864879"
"chr1","181462657","181462970","KN296122v1","279119","279424","63","181183538"
"chr1","181472741","181472960","KN294630v1","141504","141723","46","181331237"
"chr1","181487218","181487514","KN294848v1","46660","46962","52","181440558"
"chr1","181502963","181503258","KN297008v1","1477900","1478200","52","180025063"
"chr1","181511074","181511382","KN295956v1","110148","110452","56","181400926"
"chr1","181516311","181516606","KN296749v1","807729","808016","68","180708582"
"chr1","181558357","181558672","KN296864v1","3265179","3265496","60","178293178"
"chr1","181609143","181609439","KN294172v1","3296152","3296456","60","178312991"
"chr1","181624541","181624825","KN296634v1","1816690","1816969","52","179807851"
"chr1","181632993","181633305","KN296588v1","922323","922632","60","180710670"
"chr1","181654221","181654420","KN295371v1","66309","66526","50","181587912"
"chr1","181659082","181659223","KN295708v1","2027618","2027759","23","179631464"
"chr1","181660768","181661082","KN295667v1","676400","676706","69","180984368"
"chr1","181671978","181672094","KN295892v1","138144","138260","16","181533834"
"chr1","181674525","181674807","KN294933v1","97323","97609","61","181577202"
"chr1","181676117","181676186","KN294251v1","1638382","1638450","8","180037735"
"chr1","181697009","181697277","KN296921v1","2829732","2830008","72","178867277"
"chr1","181698608","181698919","KN294199v1","52670","52980","61","181645938"
"chr1","181716653","181716934","KN295405v1","198581","198863","54","181518072"
"chr1","181718159","181718451","KN295302v1","202911","203181","78","181515248"
"chr1","181732482","181732769","KN295820v1","792314","792591","65","180940168"
"chr1","181735013","181735216","KN297008v1","6249131","6249324","42","175485882"
"chr1","181774499","181774793","KN296625v1","153154","153447","52","181621345"
"chr1","181823062","181823376","KN296964v1","346060","346359","70","181477002"
"chr1","181825215","181825539","KN297008v1","6395479","6395790","66","175429736"
"chr1","181847002","181847294","KN296009v1","284716","285007","61","181562286"
"chr1","181849538","181849652","KN294187v1","1864520","1864638","26","179985018"
"chr1","181849687","181849769","KN294619v1","1424683","1424756","23","180425004"
"chr1","181862953","181863196","KN294592v1","520841","521091","74","181342112"
"chr1","181870783","181871057","KN296146v1","288303","288582","62","181582480"
"chr1","181884733","181884861","KN294842v1","1221247","1221376","19","180663486"
"chr1","181890030","181890314","KN295983v1","282558","282846","66","181607472"
"chr1","181893377","181893664","KN295708v1","1503043","1503317","64","180390334"
"chr1","181932295","181932435","KN296702v1","711438","711581","25","181220857"
"chr1","181932735","181932864","KN296311v1","4579296","4579397","52","177353439"
"chr1","181933163","181933202","KN294842v1","266405","266439","7","181666758"
"chr1","181938728","181939008","KN296290v1","976963","977245","66","180961765"
"chr1","181981018","181981300","KN295705v1","1973888","1974159","69","180007130"
"chr1","181995661","181995959","KN295586v1","2908076","2908370","61","179087585"
"chr1","182102465","182102717","KN295984v1","2220161","2220390","68","179882304"
"chr1","182114441","182114663","KN294239v1","2013237","2013460","57","180101204"
"chr1","182222090","182222374","KN297361v1","117085","117366","60","182105005"
"chr1","182234386","182234512","KN295923v1","1461991","1462115","20","180772395"
"chr1","182240314","182240600","KN295930v1","823181","823464","68","181417133"
"chr1","182248399","182248680","KN295171v1","306509","306787","57","181941890"
"chr1","182250610","182250905","KN294199v1","65187","65474","63","182185423"
"chr1","182263473","182263748","KN295941v1","613808","614097","65","181649665"
"chr1","182285518","182285764","KN296508v1","1896114","1896354","65","180389404"
"chr1","182288165","182288293","KN297159v1","3404339","3404468","18","178883826"
"chr1","182295134","182295415","KN295610v1","832889","833162","75","181462245"
"chr1","182330829","182331134","KN294539v1","2537957","2538257","61","179792872"
"chr1","182335118","182335242","KN296187v1","153937","154058","23","182181181"
"chr1","182348241","182348521","KN294416v1","200025","200316","68","182148216"
"chr1","182363902","182364225","KN296153v1","2259272","2259589","67","180104630"
"chr1","182442021","182442289","KN294987v1","1103574","1103840","65","181338447"
"chr1","182456747","182457042","KN295045v1","77664","77959","62","182379083"
"chr1","182467876","182468165","KN296153v1","960264","960545","57","181507612"
"chr1","182501920","182502209","KN295459v1","697076","697373","51","181804844"
"chr1","182516328","182516660","KN294457v1","129747","130050","77","182386581"
"chr1","182524299","182524477","KN296934v1","346793","346989","49","182177506"
"chr1","182578399","182578693","KN294713v1","248799","249084","60","182329600"
"chr1","182636865","182637166","KN296682v1","4680106","4680412","64","177956759"
"chr1","182654915","182655173","KN296187v1","2636413","2636681","56","180018502"
"chr1","182659590","182659783","KN296481v1","138719","138915","45","182520871"
"chr1","182667787","182668065","KN296682v1","2437381","2437668","62","180230406"
"chr1","182669950","182670216","KN296263v1","744701","744975","71","181925249"
"chr1","182676273","182676334","KN295984v1","2645293","2645348","18","180030980"
"chr1","182676668","182676898","KN296119v1","4724842","4725072","56","177951826"
"chr1","182679369","182679670","KN294893v1","445554","445861","69","182233815"
"chr1","182680382","182680665","KN296096v1","2297832","2298124","68","180382550"
"chr1","182683252","182683339","KN296153v1","986850","986935","24","181696402"
"chr1","182692015","182692224","KN297112v1","4848821","4849030","56","177843194"
"chr1","182692235","182692513","KN294591v1","471051","471326","60","182221184"
"chr1","182693839","182694138","KN294630v1","208219","208530","56","182485620"
"chr1","182711854","182711977","KN294345v1","1896097","1896220","16","180815757"
"chr1","182713723","182713987","KN295343v1","1026743","1027006","60","181686980"
"chr1","182721470","182721768","KN297190v1","3515415","3515712","52","179206055"
"chr1","182747197","182747474","KN295705v1","1506369","1506649","60","181240828"
"chr1","182768948","182769252","KN296017v1","366720","367014","66","182402228"
"chr1","182770334","182770534","KN297019v1","41108","41306","43","182729226"
"chr1","182772234","182772472","KN296829v1","35974","36178","43","182736260"
"chr1","182776080","182776147","KN295708v1","2717059","2717121","16","180059021"
"chr1","182776451","182776617","KN294987v1","516916","517082","34","182259535"
"chr1","182790499","182790791","KN295304v1","712822","713119","56","182077677"
"chr1","182792027","182792160","KN295967v1","1555710","1555843","20","181236317"
"chr1","182794550","182794846","KN297320v1","1234476","1234772","67","181560074"
"chr1","182802377","182802643","KN296884v1","798748","799005","68","182003629"
"chr1","182811454","182811687","KN296926v1","34505","34747","57","182776949"
"chr1","182811932","182812211","KN295940v1","22999","23276","52","182788933"
"chr1","182813669","182813973","KN296731v1","626085","626383","63","182187584"
"chr1","182825953","182826252","KN294571v1","2182994","2183281","66","180642959"
"chr1","182857248","182857468","KN294650v1","65157","65361","46","182792091"
"chr1","182893912","182894205","KN295090v1","2290575","2290869","51","180603337"
"chr1","182897852","182897969","KN295236v1","5125638","5125753","13","177772214"
"chr1","182899133","182899251","KN296643v1","449255","449375","29","182449878"
"chr1","182927333","182927573","KN296153v1","3645971","3646226","57","179281362"
"chr1","182937548","182937826","KN295090v1","1756165","1756445","59","181181383"
"chr1","182966762","182967066","KN295936v1","2677945","2678247","54","180288817"
"chr1","182967498","182967711","KN295878v1","32232","32449","52","182935266"
"chr1","183008557","183008863","KN294499v1","1161818","1162128","61","181846739"
"chr1","183056889","183057185","KN294161v1","8869","9169","56","183048020"
"chr1","183117685","183117982","KN294172v1","4180696","4181003","69","178936989"
"chr1","183208863","183209155","KN294874v1","1999562","1999858","65","181209301"
"chr1","183229838","183230137","KN296200v1","284295","284599","63","182945543"
"chr1","183286726","183286887","KN294613v1","50353","50517","34","183236373"
"chr1","183286929","183287045","KN297444v1","82225","82339","22","183204704"
"chr1","183303590","183303802","KN294911v1","2757597","2757798","45","180545993"
"chr1","183320447","183320612","KN294470v1","2587213","2587380","31","180733234"
"chr1","183369927","183370219","KN294592v1","290236","290528","61","183079691"
"chr1","183416726","183417041","KN296864v1","3265179","3265496","60","180151547"
"chr1","183430264","183430542","KN296187v1","803116","803397","67","182627148"
"chr1","183446287","183446454","KN295045v1","372942","373104","42","183073345"
"chr1","183477181","183477349","KN297227v1","1023745","1023912","32","182453436"
"chr1","183479480","183479777","KN296311v1","7907830","7908116","58","175571650"
"chr1","183493543","183493816","KN295075v1","463825","464084","67","183029718"
"chr1","183508611","183508894","KN294457v1","1208445","1208715","68","182300166"
"chr1","183508935","183509230","KN296884v1","617485","617781","53","182891450"
"chr1","183533244","183533411","KN297452v1","1567143","1567308","31","181966101"
"chr1","183533438","183533628","KN296846v1","1018532","1018734","52","182514906"
"chr1","183540035","183540346","KN295430v1","989467","989768","61","182550568"
"chr1","183545127","183545429","KN294831v1","109438","109722","64","183435689"
"chr1","183545442","183545728","KN295755v1","42478","42766","56","183502964"
"chr1","183557283","183557577","KN294987v1","1079259","1079566","56","182478024"
"chr1","183561533","183561824","KN296682v1","3205908","3206201","53","180355625"
"chr1","183594646","183594952","KN296508v1","1815925","1816224","64","181778721"
"chr1","183615846","183616141","KN294630v1","691275","691571","56","182924571"
"chr1","183616783","183616978","KN297019v1","41108","41306","52","183575675"
"chr1","183644781","183645062","KN297008v1","6692234","6692516","59","176952547"
"chr1","183646750","183646925","KN295994v1","65470","65647","47","183581280"
"chr1","183652259","183652464","KN295236v1","6205365","6205549","50","177446894"
"chr1","183652769","183652803","KN296481v1","155427","155465","8","183497342"
"chr1","183700742","183700961","KN294650v1","65157","65361","40","183635585"
"chr1","183710191","183710499","KN295244v1","659257","659562","64","183050934"
"chr1","183730774","183731075","KN296404v1","3404152","3404452","55","180326622"
"chr1","183756997","183757115","KN294536v1","1393968","1394086","35","182363029"
"chr1","183758281","183758391","KN294536v1","1864384","1864494","31","181893897"
"chr1","183803859","183804170","KN296096v1","2975388","2975700","72","180828471"
"chr1","183810196","183810474","KN294172v1","813896","814172","56","182996300"
"chr1","183825335","183825452","KN295368v1","1825999","1826117","21","181999336"
"chr1","183830841","183831151","KN296496v1","1030254","1030558","27","182800587"
"chr1","183842987","183843271","KN296496v1","1017289","1017580","25","182825698"
"chr1","183851886","183852150","KN296496v1","1007416","1007717","59","182844470"
"chr1","183864465","183864578","KN296496v1","993552","993663","13","182870913"
"chr1","183869629","183869927","KN296311v1","3358167","3358474","59","180511462"
"chr1","183881445","183881737","KN296496v1","977750","978033","37","182903695"
"chr1","183881976","183882157","KN296496v1","977264","977443","32","182904712"
"chr1","183882451","183882568","KN296496v1","976862","976983","13","182905589"
"chr1","183884550","183884624","KN295236v1","3673497","3673567","19","180211053"
"chr1","183884921","183885128","KN294433v1","321786","321994","52","183563135"
"chr1","183913669","183913946","KN294513v1","818583","818861","57","183095086"
"chr1","183938722","183939031","KN296496v1","919984","920297","18","183018738"
"chr1","183944137","183944423","KN296496v1","915524","915802","33","183028613"
"chr1","183959343","183959648","KN296496v1","898831","899136","36","183060512"
"chr1","183983064","183983328","KN296496v1","875482","875741","42","183107582"
"chr1","183988856","183989169","KN296594v1","1226809","1227122","63","182762047"
"chr1","183990854","183991144","KN296496v1","867260","867550","14","183123594"
"chr1","184001137","184001454","KN296496v1","856679","857001","33","183144458"
"chr1","184002698","184002838","KN296062v1","772813","772958","37","183229885"
"chr1","184010095","184010372","KN296496v1","847132","847409","25","183162963"
"chr1","184011678","184011789","KN295045v1","526689","526806","18","183484989"
"chr1","184026518","184026808","KN296496v1","831194","831474","23","183195324"
"chr1","184058957","184059238","KN294733v1","143432","143710","62","183915525"
"chr1","184070814","184071114","KN296496v1","788384","788682","27","183282430"
"chr1","184075664","184075745","KN294172v1","1811996","1812079","23","182263668"
"chr1","184076370","184076654","KN296496v1","782897","783190","60","183293473"
"chr1","184101101","184101412","KN297095v1","1524528","1524816","69","182576573"
"chr1","184120104","184120407","KN296496v1","738485","738789","22","183381619"
"chr1","184122292","184122601","KN296496v1","736331","736637","27","183385961"
"chr1","184144337","184144657","KN296496v1","714595","714914","27","183429742"
"chr1","184164698","184164984","KN296496v1","694367","694664","42","183470331"
"chr1","184203521","184203581","KN296424v1","435393","435451","14","183768128"
"chr1","184203712","184203809","KN296496v1","654812","654912","10","183548900"
"chr1","184263067","184263227","KN296496v1","590579","590747","27","183672488"
"chr1","184263529","184263662","KN296496v1","590140","590270","6","183673389"
"chr1","184278959","184279235","KN294758v1","3036785","3037063","54","181242174"
"chr1","184288460","184288750","KN296138v1","264399","264686","62","184024061"
"chr1","184289410","184289522","KN296577v1","371236","371351","18","183918174"
"chr1","184290225","184290523","KN297274v1","350272","350572","63","183939953"
"chr1","184292679","184292988","KN296496v1","556393","556658","59","183736286"
"chr1","184307056","184307334","KN295744v1","654344","654638","55","183652712"
"chr1","184308825","184309136","KN296063v1","924974","925273","71","183383851"
"chr1","184378935","184379256","KN296496v1","470064","470373","34","183908871"
"chr1","184381187","184381455","KN296496v1","468080","468335","30","183913107"
"chr1","184391601","184391851","KN296496v1","458451","458702","14","183933150"
"chr1","184399291","184399385","KN296314v1","215523","215614","21","184183768"
"chr1","184401799","184401900","KN296496v1","445539","445643","7","183956260"
"chr1","184407642","184407924","KN296496v1","441432","441727","38","183966210"
"chr1","184410710","184410988","KN295820v1","792314","792591","51","183618396"
"chr1","184412147","184412433","KN296036v1","998342","998618","55","183413805"
"chr1","184415456","184415734","KN296496v1","430560","430857","35","183984896"
"chr1","184423357","184423667","KN296079v1","735527","735831","68","183687830"
"chr1","184430799","184431112","KN296496v1","414564","414877","18","184016235"
"chr1","184439800","184440079","KN294387v1","105119","105394","66","184334681"
"chr1","184467251","184467564","KN296496v1","376117","376418","31","184091134"
"chr1","184469986","184470281","KN296496v1","373417","373734","33","184096569"
"chr1","184483568","184483888","KN296496v1","359849","360162","36","184123719"
"chr1","184484661","184484811","KN294548v1","1547760","1547920","37","182936901"
"chr1","184521470","184521776","KN296496v1","320803","321103","61","184200667"
"chr1","184528585","184528888","KN296496v1","314020","314332","31","184214565"
"chr1","184542822","184543129","KN296496v1","284272","284571","51","184258550"
"chr1","184543134","184543291","KN294536v1","447137","447293","32","184095997"
"chr1","184544526","184544834","KN296496v1","297781","298089","14","184246745"
"chr1","184557966","184558263","KN296496v1","284272","284571","16","184273694"
"chr1","184611525","184611834","KN296496v1","232920","233220","37","184378605"
"chr1","184614111","184614410","KN296496v1","230557","230853","30","184383554"
"chr1","184696368","184696619","KN296496v1","148423","148703","46","184547945"
"chr1","184706780","184706980","KN294172v1","6687484","6687681","39","178019296"
"chr1","184711267","184711467","KN295814v1","1193976","1194159","55","183517291"
"chr1","184737191","184737477","KN296588v1","912493","912785","59","183824698"
"chr1","184774270","184774400","KN295441v1","916694","916827","38","183857576"
"chr1","184776873","184777179","KN296496v1","65137","65447","19","184711736"
"chr1","184786848","184787083","KN296153v1","426222","426464","44","184360626"
"chr1","184787347","184787492","KN296496v1","54448","54593","14","184732899"
"chr1","184791352","184791623","KN296496v1","50325","50574","42","184741027"
"chr1","184794412","184794584","KN296153v1","3564466","3564637","43","181229946"
"chr1","184799745","184800106","KN295744v1","370078","370401","109","184429667"
"chr1","184801719","184802037","KN296496v1","40231","40550","34","184761488"
"chr1","184802046","184802332","KN296496v1","39928","40212","36","184762118"
"chr1","184806222","184806507","KN296496v1","35411","35693","17","184770811"
"chr1","184896069","184896310","KN295922v1","52025","52247","35","184844044"
"chr1","184914420","184914725","KN295922v1","69513","69826","29","184844907"
"chr1","185001377","185001657","KN295922v1","158664","158945","16","184842713"
"chr1","185026187","185026294","KN295922v1","183714","183801","25","184842473"
"chr1","185045903","185046112","KN295922v1","197972","198181","31","184847931"
"chr1","185054095","185054397","KN295352v1","1066","1368","20","185053029"
"chr1","185077473","185077577","KN296178v1","212049","212171","35","184865424"
"chr1","185127036","185127336","KN295352v1","76043","76343","23","185050993"
"chr1","185148537","185148857","KN295352v1","97799","98117","25","185050738"
"chr1","185178458","185178689","KN295352v1","127431","127711","64","185051027"
"chr1","185242708","185242996","KN295352v1","194201","194490","37","185048507"
"chr1","185256506","185256821","KN295352v1","208771","209102","40","185047735"
"chr1","185259234","185259519","KN295352v1","211630","211922","37","185047604"
"chr1","185262079","185262370","KN295352v1","215760","216064","27","185046319"
"chr1","185263037","185263326","KN295352v1","216571","216847","28","185046466"
"chr1","185270833","185271119","KN296520v1","1598599","1598888","69","183672234"
"chr1","185276370","185276617","KN295441v1","1750947","1751198","68","183525423"
"chr1","185277281","185277575","KN295352v1","231438","231714","33","185045843"
"chr1","185287414","185287508","KN295994v1","496775","496860","22","184790639"
"chr1","185294509","185294794","KN297159v1","2924293","2924585","53","182370216"
"chr1","185328198","185328358","KN295236v1","3821613","3821759","42","181506585"
"chr1","185328399","185328501","KN296749v1","547214","547315","25","184781185"
"chr1","185372642","185372919","KN295352v1","322240","322528","33","185050402"
"chr1","185373893","185374152","KN295352v1","323503","323759","31","185050390"
"chr1","185377254","185377530","KN294208v1","701963","702240","44","184675291"
"chr1","185388951","185389117","KN295352v1","338882","339055","24","185050069"
"chr1","185389416","185389598","KN295352v1","339325","339504","23","185050091"
"chr1","185435480","185435765","KN295352v1","385381","385681","30","185050099"
"chr1","185441739","185442042","KN296270v1","363985","364288","64","185077754"
"chr1","185468591","185468885","KN295352v1","419771","420056","28","185048820"
"chr1","185491893","185492189","KN295962v1","515514","515803","66","184976379"
"chr1","185512591","185512891","KN295352v1","462443","462732","40","185050148"
"chr1","185561228","185561364","KN295352v1","511562","511698","9","185049666"
"chr1","185561676","185561863","KN295352v1","512606","512808","28","185049070"
"chr1","185582611","185582926","KN295352v1","535423","535709","45","185047188"
"chr1","185586700","185586939","KN295352v1","539314","539554","31","185047386"
"chr1","185603366","185603671","KN295352v1","557411","557688","39","185045955"
"chr1","185626884","185627168","KN295352v1","582770","583038","27","185044114"
"chr1","185628945","185629245","KN295352v1","584836","585151","30","185044109"
"chr1","185633350","185633639","KN295352v1","589153","589470","58","185044197"
"chr1","185654064","185654358","KN295352v1","609743","610035","23","185044321"
"chr1","185700305","185700612","KN295352v1","655035","655338","36","185045270"
"chr1","185729058","185729343","KN295352v1","683883","684168","8","185045175"
"chr1","185744231","185744364","KN295352v1","700134","700267","7","185044097"
"chr1","185745413","185745715","KN295352v1","701373","701654","41","185044040"
"chr1","185746141","185746213","KN294848v1","919438","919512","14","184826703"
"chr1","185817411","185817706","KN295352v1","780123","780410","30","185037288"
"chr1","185872321","185872615","KN295319v1","283735","284032","63","185588586"
"chr1","185879138","185879240","KN295352v1","842575","842691","17","185036563"
"chr1","185891007","185891298","KN295352v1","854130","854444","42","185036877"
"chr1","185961500","185961821","KN295352v1","920545","920874","51","185040955"
"chr1","185983800","185983916","KN296955v1","341768","341883","21","185642032"
"chr1","185984664","185984742","KN295352v1","948290","948374","13","185036374"
"chr1","185985766","185986058","KN295893v1","2360419","2360712","56","183625347"
"chr1","186045111","186045388","KN295365v1","534529","534812","55","185510582"
"chr1","186068434","186068742","KN295352v1","1030290","1030596","24","185038144"
"chr1","186071243","186071573","KN295352v1","1033145","1033430","66","185038098"
"chr1","186072788","186073074","KN295352v1","1034650","1034957","36","185038138"
"chr1","186074226","186074401","KN296247v1","444310","444483","34","185629916"
"chr1","186087763","186088053","KN295352v1","1052401","1052696","14","185035362"
"chr1","186088681","186088749","KN295267v1","534575","534650","24","185554106"
"chr1","186100811","186101033","KN295352v1","1066431","1066653","14","185034380"
"chr1","186162585","186162891","KN295352v1","1127992","1128324","49","185034593"
"chr1","186166582","186166901","KN295352v1","1132418","1132739","25","185034164"
"chr1","186167662","186167960","KN295352v1","1133514","1133824","35","185034148"
"chr1","186184090","186184218","KN295352v1","1150150","1150281","14","185033940"
"chr1","186192956","186193254","KN295352v1","1163054","1163361","23","185029902"
"chr1","186196751","186197040","KN295352v1","1165310","1165607","34","185031441"
"chr1","186227491","186227766","KN295352v1","1197511","1197787","14","185029980"
"chr1","186228870","186229159","KN295352v1","1198900","1199222","57","185029970"
"chr1","186235714","186235973","KN295352v1","1205738","1205983","35","185029976"
"chr1","186253739","186254020","KN295047v1","80258","80534","58","186173481"
"chr1","186259710","186260008","KN295352v1","1230420","1230715","24","185029290"
"chr1","186318022","186318280","KN296096v1","2485316","2485572","61","183832706"
"chr1","186332448","186332742","KN295352v1","1303027","1303322","19","185029421"
"chr1","186365642","186365781","KN295814v1","1707822","1707956","28","184657820"
"chr1","186365819","186365946","KN297190v1","3818087","3818211","18","182547732"
"chr1","186370521","186370831","KN295352v1","1340739","1341049","19","185029782"
"chr1","186407277","186407464","KN295352v1","1380367","1380560","24","185026910"
"chr1","186407510","186407607","KN296153v1","3870650","3870749","17","182536860"
"chr1","186424808","186425111","KN295352v1","1392902","1393192","27","185031906"
"chr1","186427203","186427460","KN296964v1","1035396","1035663","69","185391807"
"chr1","186431331","186431446","KN295352v1","1399377","1399492","7","185031954"
"chr1","186459821","186460110","KN295352v1","1426935","1427229","23","185032886"
"chr1","186479892","186480181","KN297274v1","651050","651340","58","185828842"
"chr1","186489325","186489442","KN295352v1","1455898","1456011","9","185033427"
"chr1","186543378","186543536","KN295352v1","1508888","1509059","23","185034490"
"chr1","186550453","186550787","KN295352v1","1516042","1516368","29","185034411"
"chr1","186577549","186577841","KN295352v1","1542841","1543133","10","185034708"
"chr1","186596768","186597104","KN295352v1","1563190","1563525","28","185033578"
"chr1","186710657","186710953","KN294987v1","376669","376957","74","186333988"
"chr1","186719374","186719671","KN295352v1","1692631","1692919","37","185026743"
"chr1","186738838","186739043","KN295352v1","1712671","1712914","47","185026167"
"chr1","186756105","186756389","KN295667v1","1110041","1110333","67","185646064"
"chr1","186803077","186803342","KN295941v1","2868130","2868397","19","183934947"
"chr1","186833175","186833477","KN295941v1","2837531","2837833","23","183995644"
"chr1","186836516","186836641","KN296311v1","2198203","2198326","19","184638313"
"chr1","186941874","186942033","KN295441v1","1062821","1062975","33","185879053"
"chr1","186942170","186942291","KN296926v1","1064368","1064490","19","185877802"
"chr1","186963187","186963254","KN296381v1","284706","284779","17","186678481"
"chr1","186964294","186964577","KN295941v1","2704884","2705162","19","184259410"
"chr1","186988251","186988545","KN295941v1","2680705","2681010","25","184307546"
"chr1","187014477","187014755","KN295941v1","2654551","2654829","23","184359926"
"chr1","187220169","187220479","KN295941v1","2442485","2442768","44","184777684"
"chr1","187255696","187255973","KN295941v1","2405764","2406041","18","184849932"
"chr1","187283235","187283344","KN294456v1","268819","268927","19","187014416"
"chr1","187325331","187325603","KN295941v1","2333126","2333405","18","184992205"
"chr1","187354436","187354725","KN296290v1","24611","24902","62","187329825"
"chr1","187354753","187354787","KN295107v1","911554","911585","8","186443199"
"chr1","187392032","187392315","KN295941v1","2262671","2262946","25","185129361"
"chr1","187970023","187970148","KN295941v1","2213226","2213352","6","185756797"
"chr1","187997410","187997708","KN295941v1","2186808","2187105","17","185810602"
"chr1","188074612","188074896","KN295941v1","2103630","2103913","16","185970982"
"chr1","188102302","188102586","KN295941v1","2071992","2072275","14","186030310"
"chr1","188141483","188141701","KN294539v1","1644757","1644978","60","186496726"
"chr1","188184191","188184488","KN294873v1","2284206","2284496","59","185899985"
"chr1","188233784","188234081","KN294470v1","3148727","3149019","60","185085057"
"chr1","188243996","188244285","KN295941v1","1940220","1940527","30","186303776"
"chr1","188261205","188261509","KN295941v1","1922626","1922926","22","186338579"
"chr1","188263371","188263671","KN295941v1","1920469","1920764","18","186342902"
"chr1","188264540","188264836","KN295941v1","1919744","1920036","18","186344796"
"chr1","188312006","188312133","KN295573v1","750770","750899","17","187561236"
"chr1","188370024","188370280","KN295941v1","1813560","1813815","13","186556464"
"chr1","188384958","188385258","KN295941v1","1798473","1798779","20","186586485"
"chr1","188461830","188462115","KN295941v1","1721697","1721981","20","186740133"
"chr1","188485790","188486066","KN296153v1","960264","960545","58","187525526"
"chr1","188499239","188499542","KN295941v1","1684404","1684721","36","186814835"
"chr1","188557180","188557452","KN295941v1","1624493","1624774","45","186932687"
"chr1","188993221","188993372","KN296495v1","2757388","2757535","43","186235833"
"chr1","188995062","188995309","KN295941v1","1179319","1179578","34","187815743"
"chr1","189236128","189236455","KN294630v1","741362","741665","73","188494766"
"chr1","189350458","189350747","KN295941v1","816092","816401","30","188534366"
"chr1","189360670","189360990","KN295941v1","804992","805311","15","188555678"
"chr1","189432236","189432522","KN296495v1","646408","646690","63","188785828"
"chr1","189472047","189472344","KN295941v1","694209","694498","40","188777838"
"chr1","189494395","189494696","KN295941v1","672406","672710","27","188821989"
"chr1","189503205","189503455","KN295941v1","663572","663821","22","188839633"
"chr1","189503792","189504087","KN297094v1","278575","278875","57","189225217"
"chr1","189510803","189511097","KN295705v1","643615","643917","65","188867188"
"chr1","189553329","189553614","KN295941v1","613808","614097","27","188939521"
"chr1","189583674","189583975","KN295941v1","582931","583218","31","189000743"
"chr1","189625809","189625965","KN296381v1","385298","385451","25","189240511"
"chr1","189626005","189626121","KN295941v1","538833","538948","7","189087172"
"chr1","189639289","189639473","KN295573v1","111429","111605","52","189527860"
"chr1","189660087","189660392","KN295941v1","500036","500325","31","189160051"
"chr1","189691317","189691625","KN295941v1","470405","470715","31","189220912"
"chr1","189758024","189758145","KN295941v1","396722","396847","13","189361302"
"chr1","189758171","189758330","KN295941v1","396550","396682","35","189361621"
"chr1","189840942","189841013","KN296019v1","237508","237575","14","189603434"
"chr1","189887941","189888205","KN294396v1","169274","169531","65","189718667"
"chr1","189910651","189910965","KN295941v1","248883","249196","23","189661768"
"chr1","189973831","189974124","KN296865v1","962111","962407","60","189011720"
"chr1","190108143","190108428","KN295941v1","36529","36832","36","190071614"
"chr1","190142539","190142851","KN295941v1","1451","1762","14","190141088"
"chr1","190232818","190233119","KN297094v1","278575","278875","59","189954243"
"chr1","190247853","190248056","KN294578v1","46078","46276","22","190201775"
"chr1","190348454","190348737","KN294578v1","151291","151571","29","190197163"
"chr1","190348891","190349189","KN294578v1","151737","152027","33","190197154"
"chr1","190414731","190415047","KN294578v1","212669","212974","38","190202062"
"chr1","190488930","190489169","KN295667v1","1899004","1899237","58","188589926"
"chr1","190516505","190516645","KN294578v1","320357","320491","16","190196148"
"chr1","190516946","190517080","KN294578v1","320798","320933","10","190196148"
"chr1","190528348","190528621","KN294578v1","332419","332696","20","190195929"
"chr1","190535753","190536043","KN294578v1","339794","340085","19","190195959"
"chr1","190562055","190562355","KN294578v1","361727","362033","32","190200328"
"chr1","190568079","190568359","KN297094v1","161767","162050","50","190406312"
"chr1","190591064","190591352","KN296225v1","214782","215070","52","190376282"
"chr1","190608154","190608465","KN294578v1","419446","419748","37","190188708"
"chr1","190626532","190626817","KN294578v1","440723","440993","38","190185809"
"chr1","190633844","190634118","KN294578v1","446594","446869","23","190187250"
"chr1","190646055","190646257","KN294578v1","458531","458698","43","190187524"
"chr1","190652227","190652515","KN296146v1","288303","288582","64","190363924"
"chr1","190702610","190702896","KN294578v1","518303","518589","18","190184307"
"chr1","190710681","190710920","KN294578v1","526686","526925","42","190183995"
"chr1","190715631","190715898","KN295591v1","302684","302942","45","190412947"
"chr1","190743563","190743750","KN294578v1","559791","559979","12","190183772"
"chr1","190762456","190762755","KN294578v1","579139","579428","37","190183317"
"chr1","190762830","190763133","KN294578v1","579503","579816","22","190183327"
"chr1","190774868","190775000","KN294407v1","2025308","2025439","19","188749560"
"chr1","190782498","190782800","KN294578v1","602904","603196","31","190179594"
"chr1","190792514","190792789","KN294578v1","612754","613052","44","190179760"
"chr1","190799358","190799611","KN294578v1","619670","619917","22","190179688"
"chr1","190835307","190835591","KN294578v1","656340","656627","14","190178967"
"chr1","190875083","190875353","KN294578v1","695124","695393","27","190179959"
"chr1","190893152","190893310","KN294578v1","713307","713464","11","190179845"
"chr1","190893479","190893617","KN294578v1","713632","713779","18","190179847"
"chr1","190912075","190912367","KN294578v1","738765","739058","16","190173310"
"chr1","190936365","190936655","KN295074v1","977960","978248","59","189958405"
"chr1","190964643","190964829","KN296859v1","2227813","2227997","47","188736830"
"chr1","190966526","190966822","KN296959v1","1915779","1916081","20","189050747"
"chr1","190996598","190996876","KN296959v1","1885960","1886236","16","189110638"
"chr1","191010139","191010427","KN296959v1","1872286","1872572","21","189137853"
"chr1","191028693","191028956","KN296959v1","1854601","1854885","38","189174092"
"chr1","191046962","191047257","KN296959v1","1835747","1836041","18","189211215"
"chr1","191062468","191062795","KN296959v1","1820780","1821105","33","189241688"
"chr1","191125194","191125319","KN296959v1","1747948","1748076","13","189377246"
"chr1","191199725","191199952","KN296959v1","1670830","1671046","25","189528895"
"chr1","191245232","191245345","KN294479v1","133118","133236","18","191112114"
"chr1","191282975","191283222","KN296959v1","1578142","1578389","17","189704833"
"chr1","191293895","191294214","KN296959v1","1567622","1567932","70","189726273"
"chr1","191456592","191456886","KN296959v1","1407529","1407827","31","190049063"
"chr1","191458316","191458610","KN296959v1","1405833","1406139","38","190052483"
"chr1","191486228","191486541","KN296959v1","1381177","1381482","28","190105051"
"chr1","191543709","191544002","KN296959v1","1328879","1329172","17","190214830"
"chr1","191566021","191566325","KN296538v1","942113","942398","61","190623908"
"chr1","191613297","191613464","KN297095v1","1034335","1034497","33","190578962"
"chr1","191613778","191613898","KN296959v1","1254742","1254862","10","190359036"
"chr1","191628070","191628359","KN294199v1","65187","65474","50","191562883"
"chr1","191644574","191644868","KN296959v1","1224646","1224931","32","190419928"
"chr1","191660737","191661028","KN296959v1","1208556","1208846","18","190452181"
"chr1","191672062","191672328","KN295744v1","187097","187357","59","191484965"
"chr1","191676997","191677060","KN297112v1","4099818","4099877","13","187577179"
"chr1","191721234","191721501","KN296959v1","1142977","1143258","24","190578257"
"chr1","191730760","191731005","KN296959v1","1134119","1134363","29","190596641"
"chr1","191776102","191776403","KN296959v1","1087792","1088100","29","190688310"
"chr1","191786143","191786416","KN296959v1","1071953","1072241","36","190714190"
"chr1","191811388","191811661","KN296959v1","1045812","1046085","17","190765576"
"chr1","191844923","191844994","KN294619v1","1424683","1424756","15","190420240"
"chr1","191857258","191857550","KN296959v1","998810","999102","18","190858448"
"chr1","191866846","191867142","KN296959v1","990765","991059","19","190876081"
"chr1","191876964","191877237","KN296959v1","980781","981052","21","190896183"
"chr1","191880368","191880669","KN296404v1","3404152","3404452","56","188476216"
"chr1","191899083","191899300","KN296959v1","961609","961834","20","190937474"
"chr1","191965196","191965499","KN296959v1","893974","894284","31","191071222"
"chr1","191966455","191966738","KN296959v1","892637","892949","49","191073818"
"chr1","191975273","191975569","KN296959v1","883007","883303","17","191092266"
"chr1","191983884","191984003","KN296926v1","1064368","1064490","21","190919516"
"chr1","191984408","191984709","KN295352v1","216571","216847","74","191767837"
"chr1","191984846","191985142","KN296959v1","872876","873171","13","191111970"
"chr1","192042684","192042903","KN296959v1","811735","811948","18","191230949"
"chr1","192046021","192046140","KN296959v1","809084","809200","17","191236937"
"chr1","192047655","192047938","KN295045v1","334163","334442","65","191713492"
"chr1","192064875","192065100","KN295605v1","688799","689012","58","191376076"
"chr1","192088644","192088873","KN296959v1","765961","766191","13","191322683"
"chr1","192126214","192126516","KN296959v1","733654","733965","28","191392560"
"chr1","192211677","192211985","KN296959v1","644643","644960","36","191567034"
"chr1","192251287","192251596","KN296959v1","605385","605661","56","191645902"
"chr1","192256179","192256479","KN296959v1","600142","600436","35","191656037"
"chr1","192271200","192271464","KN295586v1","3877531","3877794","65","188393669"
"chr1","192281801","192282116","KN296959v1","577739","578057","33","191704062"
"chr1","192298857","192299125","KN296959v1","560019","560295","24","191738838"
"chr1","192322903","192323202","KN296959v1","538671","538973","31","191784232"
"chr1","192401270","192401397","KN297375v1","269503","269627","29","192131767"
"chr1","192401695","192401764","KN296959v1","459971","460037","5","191941724"
"chr1","192412049","192412353","KN296959v1","444842","445114","56","191967207"
"chr1","192415447","192415758","KN297360v1","70092","70396","71","192345355"
"chr1","192424098","192424321","KN296959v1","432828","433027","41","191991270"
"chr1","192428195","192428477","KN296959v1","430653","430936","31","191997542"
"chr1","192429008","192429231","KN296959v1","429931","430150","28","191999077"
"chr1","192480735","192481008","KN296959v1","373543","373815","19","192107192"
"chr1","192558894","192559194","KN296959v1","293721","294025","22","192265173"
"chr1","192583298","192583579","KN296959v1","271409","271718","46","192311889"
"chr1","192588389","192588691","KN296959v1","266298","266613","36","192322091"
"chr1","192594795","192595087","KN295365v1","618540","618829","47","191976255"
"chr1","192654017","192654296","KN296311v1","7410388","7410667","58","185243629"
"chr1","192680869","192681094","KN295708v1","1619359","1619574","52","191061510"
"chr1","192687957","192688267","KN296959v1","167801","168126","37","192520156"
"chr1","192723109","192723402","KN296959v1","131550","131841","17","192591559"
"chr1","192743355","192743475","KN296959v1","110838","110978","23","192632517"
"chr1","192743771","192743915","KN296959v1","110396","110541","11","192633375"
"chr1","192756777","192757100","KN296959v1","95243","95552","30","192661534"
"chr1","192757728","192757993","KN296959v1","94324","94604","28","192663404"
"chr1","192835213","192835321","KN296959v1","22231","22339","3","192812982"
"chr1","192854513","192854822","KN296119v1","3710935","3711233","65","189143578"
"chr1","192863777","192864081","KN295236v1","4531659","4531961","62","188332118"
"chr1","192876789","192876999","KN297108v1","388527","388738","24","192488262"
"chr1","192901953","192902080","KN296011v1","360318","360442","9","192541635"
"chr1","192921364","192921481","KN296011v1","340684","340799","5","192580680"
"chr1","192923222","192923534","KN296011v1","338668","338984","39","192584554"
"chr1","192943919","192944183","KN296011v1","317054","317312","24","192626865"
"chr1","192947147","192947445","KN296011v1","313850","314147","15","192633297"
"chr1","192979257","192979468","KN296588v1","1945246","1945464","41","191034011"
"chr1","193078217","193078567","KN296011v1","185205","185518","55","192893012"
"chr1","193096875","193097171","KN296011v1","177645","177943","20","192919230"
"chr1","193117551","193117841","KN296011v1","156711","157012","29","192960840"
"chr1","193133340","193133561","KN296011v1","142521","142717","31","192990819"
"chr1","193145753","193146059","KN296011v1","128724","129003","41","193017029"
"chr1","193180095","193180336","KN296011v1","93906","94149","17","193086189"
"chr1","193205818","193205914","KN294693v1","1141364","1141463","17","192064454"
"chr1","193228992","193229278","KN296011v1","55077","55372","49","193173915"
"chr1","193252933","193253058","KN296011v1","28374","28499","7","193224559"
"chr1","193255001","193255287","KN296011v1","25882","26160","23","193229119"
"chr1","193258198","193258504","KN296011v1","22349","22634","39","193235849"
"chr1","193297125","193297404","KN297026v1","22284","22541","61","193274841"
"chr1","193362292","193362592","KN297026v1","82012","82297","38","193280280"
"chr1","193493011","193493134","KN294210v1","1354886","1355008","25","192138125"
"chr1","193493166","193493336","KN294470v1","2587213","2587380","32","190905953"
"chr1","193530188","193530496","KN297026v1","248754","249058","22","193281434"
"chr1","193564289","193564561","KN297026v1","281229","281501","18","193283060"
"chr1","193579205","193579483","KN297026v1","292500","292775","24","193286705"
"chr1","193603552","193603815","KN297026v1","316731","316997","20","193286821"
"chr1","193650579","193650872","KN294848v1","191607","191898","68","193458972"
"chr1","193659813","193659989","KN295722v1","2351132","2351302","50","191308681"
"chr1","193717752","193717893","KN297026v1","429500","429641","7","193288252"
"chr1","193816848","193817144","KN297026v1","523078","523365","25","193293770"
"chr1","193824968","193825255","KN297026v1","530922","531212","23","193294046"
"chr1","193858683","193858963","KN297026v1","565286","565566","23","193293397"
"chr1","193863299","193863605","KN297026v1","568736","569042","24","193294563"
"chr1","193864171","193864475","KN297026v1","569611","569908","39","193294560"
"chr1","193887351","193887668","KN297026v1","594383","594687","36","193292968"
"chr1","194036285","194036417","KN297026v1","729159","729291","11","193307126"
"chr1","194059200","194059505","KN297026v1","747918","748212","31","193311282"
"chr1","194145697","194145821","KN295725v1","1763680","1763802","24","192382017"
"chr1","194147156","194147451","KN297026v1","845658","845954","18","193301498"
"chr1","194177802","194178083","KN297026v1","880923","881199","26","193296879"
"chr1","194479404","194479705","KN297026v1","1191908","1192217","27","193287496"
"chr1","194506661","194506843","KN296119v1","5472899","5473086","44","189033762"
"chr1","194528904","194529188","KN297026v1","1246461","1246746","18","193282443"
"chr1","194616036","194616375","KN294848v1","504708","505036","88","194111328"
"chr1","194630647","194630956","KN295032v1","236917","237215","61","194393730"
"chr1","194642682","194642815","KN297026v1","1361544","1361674","11","193281138"
"chr1","194710390","194710662","KN297026v1","1432666","1432963","44","193277724"
"chr1","194722940","194723244","KN297026v1","1446800","1447108","21","193276140"
"chr1","194740257","194740578","KN294539v1","2537957","2538257","70","192202300"
"chr1","194783391","194783677","KN297026v1","1504362","1504650","20","193279029"
"chr1","194806113","194806415","KN297026v1","1526705","1526979","58","193279408"
"chr1","194822039","194822320","KN294372v1","1475539","1475812","66","193346500"
"chr1","194836469","194836784","KN297026v1","1559445","1559737","46","193277024"
"chr1","194846791","194846983","KN295236v1","922544","922721","48","193924247"
"chr1","194857096","194857210","KN294671v1","333708","333822","23","194523388"
"chr1","194857250","194857424","KN294470v1","2587213","2587380","32","192270037"
"chr1","194872802","194873077","KN297026v1","1596971","1597268","46","193275831"
"chr1","194874049","194874354","KN297026v1","1598249","1598567","32","193275800"
"chr1","194884124","194884364","KN295820v1","1028551","1028775","45","193855573"
"chr1","194892875","194893126","KN296464v1","173783","174031","56","194719092"
"chr1","194901691","194901969","KN296378v1","82132","82414","55","194819559"
"chr1","194921345","194921621","KN297026v1","1645020","1645291","26","193276325"
"chr1","194928109","194928397","KN296495v1","3365411","3365699","64","191562698"
"chr1","194928717","194929011","KN297026v1","1652644","1652955","40","193276073"
"chr1","194933357","194933660","KN297026v1","1657402","1657691","38","193275955"
"chr1","194942351","194942639","KN297026v1","1666533","1666834","34","193275818"
"chr1","194946936","194947227","KN297026v1","1671123","1671410","21","193275813"
"chr1","194951580","194951875","KN297026v1","1675782","1676079","23","193275798"
"chr1","194958653","194958960","KN297026v1","1683082","1683377","36","193275571"
"chr1","194959053","194959247","KN294407v1","234403","234595","33","194724650"
"chr1","195009724","195010026","KN297026v1","1736305","1736589","41","193273419"
"chr1","195016143","195016403","KN297026v1","1742612","1742859","39","193273531"
"chr1","195076254","195076532","KN297026v1","1798649","1798935","30","193277605"
"chr1","195103327","195103615","KN297026v1","1823425","1823711","16","193279902"
"chr1","195131388","195131642","KN295907v1","808913","809178","68","194322475"
"chr1","195134967","195135236","KN295091v1","1684722","1684995","76","193450245"
"chr1","195206273","195206430","KN294806v1","535637","535792","39","194670636"
"chr1","195206716","195206864","KN296000v1","491172","491314","37","194715544"
"chr1","195266061","195266354","KN297026v1","1984610","1984929","47","193281451"
"chr1","195280018","195280299","KN297026v1","1998733","1998996","28","193281285"
"chr1","195436441","195436734","KN294785v1","17280","17576","23","195419161"
"chr1","195457342","195457646","KN294767v1","14027","14333","32","195443315"
"chr1","195476283","195476481","KN294767v1","37105","37308","13","195439178"
"chr1","195610942","195611190","KN294767v1","175771","176032","39","195435171"
"chr1","195703341","195703467","KN294767v1","268897","269014","16","195434444"
"chr1","196001577","196001692","KN294767v1","580745","580860","10","195420832"
"chr1","196014294","196014609","KN294767v1","593071","593384","30","195421223"
"chr1","196069292","196069591","KN294767v1","649598","649904","35","195419694"
"chr1","196118560","196118926","KN295550v1","957020","957373","106","195161540"
"chr1","196147348","196147639","KN294767v1","729969","730265","31","195417379"
"chr1","196155157","196155454","KN294767v1","738460","738780","55","195416697"
"chr1","196271579","196271883","KN294767v1","858064","858371","21","195413515"
"chr1","196343085","196343392","KN297452v1","145370","145680","65","196197715"
"chr1","196361322","196361521","KN294767v1","945826","946036","34","195415496"
"chr1","196505726","196506030","KN294767v1","1095499","1095798","31","195410227"
"chr1","196539080","196539401","KN294767v1","1128801","1129116","38","195410279"
"chr1","196746211","196746525","KN294279v1","960459","960772","33","195785752"
"chr1","196767170","196767424","KN295708v1","2363622","2363910","78","194403548"
"chr1","196797754","196797944","KN296732v1","2344423","2344595","46","194453331"
"chr1","196811008","196811327","KN294569v1","547136","547468","75","196263872"
"chr1","196851233","196851352","KN296187v1","704855","704972","23","196146378"
"chr1","196851381","196851544","KN294879v1","340989","341153","35","196510392"
"chr1","196906075","196906370","KN294161v1","8869","9169","61","196897206"
"chr1","197019630","197019886","KN296926v1","906420","906683","68","196113210"
"chr1","197075763","197076062","KN294175v1","63176","63476","28","197012587"
"chr1","197102333","197102608","KN294279v1","601963","602262","40","196500370"
"chr1","197123095","197123210","KN294279v1","581158","581274","10","196541937"
"chr1","197174847","197175206","KN294279v1","530143","530453","73","196644704"
"chr1","197204596","197204908","KN294279v1","500282","500606","51","196704314"
"chr1","197230931","197231048","KN294345v1","1896097","1896220","26","195334834"
"chr1","197251052","197251333","KN294279v1","451657","451965","45","196799395"
"chr1","197319450","197319747","KN294279v1","382471","382777","41","196936979"
"chr1","197331199","197331478","KN294279v1","370012","370291","28","196961187"
"chr1","197361770","197362072","KN294279v1","338163","338467","30","197023607"
"chr1","197390426","197390711","KN295267v1","561958","562243","57","196828468"
"chr1","197482879","197483172","KN296513v1","259834","260122","59","197223045"
"chr1","197534538","197534846","KN295586v1","5097157","5097464","57","192437381"
"chr1","197544871","197545181","KN294279v1","151945","152257","16","197392926"
"chr1","197548428","197548729","KN294279v1","148352","148659","26","197400076"
"chr1","197549832","197550119","KN294279v1","146966","147249","20","197402866"
"chr1","197561390","197561668","KN294279v1","135406","135682","32","197425984"
"chr1","197847838","197848138","KN294235v1","126411","126695","46","197721427"
"chr1","197852328","197852606","KN294235v1","130886","131163","19","197721442"
"chr1","197912390","197912695","KN294235v1","192536","192854","26","197719854"
"chr1","197987539","197987658","KN297322v1","1974885","1975007","14","196012654"
"chr1","198006829","198007138","KN294235v1","289224","289532","27","197717605"
"chr1","198025408","198025720","KN294235v1","306422","306726","39","197718986"
"chr1","198172925","198173209","KN295596v1","879252","879556","58","197293673"
"chr1","198233404","198233699","KN294235v1","523415","523716","31","197709989"
"chr1","198278190","198278455","KN294235v1","563742","564007","18","197714448"
"chr1","198285195","198285422","KN297452v1","128229","128456","44","198156966"
"chr1","198319067","198319334","KN294235v1","605778","606045","21","197713289"
"chr1","198471783","198472040","KN296682v1","5025857","5026114","61","193445926"
"chr1","198484680","198484988","KN294235v1","770622","770934","24","197714058"
"chr1","198499353","198499469","KN294235v1","784908","785024","3","197714445"
"chr1","198500691","198500884","KN294235v1","786467","786655","16","197714224"
"chr1","198544930","198545220","KN294235v1","830792","831083","24","197714138"
"chr1","198552637","198552938","KN296955v1","629607","629903","81","197923030"
"chr1","198621430","198621689","KN294235v1","913188","913485","57","197708242"
"chr1","198651273","198651407","KN294790v1","3998119","3998253","19","194653154"
"chr1","198675277","198675411","KN297095v1","2530131","2530260","14","196145146"
"chr1","198680362","198680654","KN294235v1","977321","977625","35","197703041"
"chr1","198704396","198704692","KN294235v1","989792","990078","34","197714604"
"chr1","198767040","198767337","KN294457v1","146002","146299","60","198621038"
"chr1","198769647","198769940","KN296743v1","1534998","1535291","58","197234649"
"chr1","198790595","198790876","KN294235v1","1075757","1076039","12","197714838"
"chr1","198792106","198792285","KN294235v1","1077481","1077660","21","197714625"
"chr1","198812377","198812666","KN294235v1","1098022","1098316","22","197714355"
"chr1","198818808","198819121","KN294235v1","1104530","1104828","31","197714278"
"chr1","199253109","199253432","KN296100v1","400221","400541","38","198852888"
"chr1","199415954","199416044","KN296100v1","571184","571274","4","198844770"
"chr1","199542052","199542348","KN296100v1","705175","705469","28","198836877"
"chr1","199615541","199615838","KN296955v1","569525","569813","68","199046016"
"chr1","199832126","199832419","KN294287v1","329019","329303","76","199503107"
"chr1","199849477","199849786","KN296311v1","3358167","3358474","58","196491310"
"chr1","199850950","199851078","KN296119v1","3660739","3660866","24","196190211"
"chr1","199934244","199934504","KN294733v1","143432","143710","57","199790812"
"chr1","199946068","199946382","KN296280v1","645706","646016","66","199300362"
"chr1","200237695","200237914","KN294239v1","2013237","2013460","58","198224458"
"chr1","200257135","200257476","KN295708v1","1068147","1068455","93","199188988"
"chr1","200309192","200309497","KN296378v1","872347","872646","55","199436845"
"chr1","200312173","200312466","KN296404v1","3404152","3404452","65","196908021"
"chr1","200316455","200316751","KN294630v1","711184","711477","65","199605271"
"chr1","200321277","200321401","KN296253v1","543775","543897","21","199777502"
"chr1","200365276","200365601","KN296311v1","5758888","5759199","69","194606388"
"chr1","200406812","200407119","KN295936v1","828090","828389","64","199578722"
"chr1","200422432","200422744","KN294172v1","841497","841800","60","199580935"
"chr1","200447681","200447986","KN294790v1","7502143","7502453","58","192945538"
"chr1","200450526","200450815","KN294271v1","209901","210188","67","200240625"
"chr1","200456677","200456958","KN296187v1","1049089","1049367","59","199407588"
"chr1","200492008","200492307","KN294747v1","836910","837206","56","199655098"
"chr1","200512657","200512916","KN295667v1","860032","860293","54","199652625"
"chr1","200524451","200524757","KN296311v1","7616586","7616893","71","192907865"
"chr1","200530030","200530117","KN296311v1","2543401","2543485","14","197986629"
"chr1","200554811","200555100","KN296294v1","8948","9248","29","200545863"
"chr1","200558269","200558517","KN296294v1","10977","11225","19","200547292"
"chr1","200559003","200559160","KN295984v1","2276995","2277149","39","198282008"
"chr1","200569043","200569327","KN296294v1","21048","21362","61","200547995"
"chr1","200594049","200594352","KN296294v1","49254","49557","19","200544795"
"chr1","200618262","200618535","KN296294v1","73789","74062","15","200544473"
"chr1","200626077","200626389","KN296294v1","81364","81651","59","200544713"
"chr1","200661177","200661446","KN296294v1","125879","126158","54","200535298"
"chr1","200665608","200665740","KN294790v1","3998119","3998253","21","196667489"
"chr1","200681187","200681410","KN296294v1","147386","147609","12","200533801"
"chr1","200687151","200687358","KN294181v1","1490742","1490947","57","199196409"
"chr1","200687677","200687963","KN296294v1","153046","153330","18","200534631"
"chr1","200702125","200702409","KN296294v1","164827","165140","48","200537298"
"chr1","200730860","200731147","KN296294v1","212111","212407","25","200518749"
"chr1","200743604","200743911","KN296294v1","225679","225990","27","200517925"
"chr1","200748294","200748587","KN296294v1","231090","231371","40","200517204"
"chr1","200771739","200771930","KN296294v1","254450","254639","20","200517289"
"chr1","200790576","200790861","KN296294v1","272056","272368","43","200518520"
"chr1","200848014","200848218","KN296649v1","340060","340257","43","200507954"
"chr1","200871937","200872235","KN296294v1","351808","352106","19","200520129"
"chr1","200905703","200905992","KN296294v1","396608","396908","34","200509095"
"chr1","200908527","200908773","KN294571v1","1328526","1328776","46","199580001"
"chr1","200957349","200957583","KN296294v1","429049","429283","18","200528300"
"chr1","200978869","200979166","KN295090v1","2290575","2290869","56","198688294"
"chr1","201039665","201039973","KN296294v1","523628","523917","43","200516037"
"chr1","201040638","201040953","KN296294v1","524600","524893","40","200516038"
"chr1","201046832","201047130","KN296294v1","530736","531039","28","200516096"
"chr1","201235462","201235764","KN296294v1","728262","728553","27","200507200"
"chr1","201260762","201261085","KN296294v1","753963","754268","31","200506799"
"chr1","201291269","201291572","KN294257v1","2271748","2272051","52","199019521"
"chr1","201331776","201332056","KN296294v1","825828","826106","19","200505948"
"chr1","201385348","201385641","KN296635v1","2906112","2906398","61","198479236"
"chr1","201386417","201386723","KN296294v1","886464","886769","25","200499953"
"chr1","201435238","201435558","KN294199v1","607974","608279","72","200827264"
"chr1","201447924","201448210","KN296294v1","948869","949157","51","200499055"
"chr1","201470631","201470934","KN296294v1","971673","971976","21","200498958"
"chr1","201625547","201625817","KN297105v1","3225533","3225810","62","198400014"
"chr1","201662551","201662670","KN295368v1","1825999","1826117","16","199836552"
"chr1","201730249","201730374","KN294470v1","3163955","3164081","23","198566294"
"chr1","201788083","201788383","KN296263v1","1072800","1073083","68","200715283"
"chr1","201805493","201805733","KN296588v1","972558","972805","63","200832935"
"chr1","201895866","201896163","KN295586v1","3098137","3098432","64","198797729"
"chr1","201976304","201976592","KN297008v1","1477900","1478200","64","200498404"
"chr1","202032864","202033172","KN295965v1","492638","492952","26","201540226"
"chr1","202107774","202107969","KN295965v1","421552","421747","12","201686222"
"chr1","202279874","202280128","KN295965v1","302073","302327","19","201977801"
"chr1","202439837","202439968","KN295965v1","146854","146987","11","202292983"
"chr1","202495742","202496005","KN295965v1","83094","83369","37","202412648"
"chr1","202576587","202576902","KN295965v1","10219","10512","44","202566368"
"chr1","202595805","202596100","KN296964v1","1747476","1747773","60","200848329"
"chr1","202629379","202629640","KN295295v1","49841","50098","23","202579538"
"chr1","202650926","202651038","KN295564v1","231815","231929","22","202419111"
"chr1","202651077","202651211","KN296507v1","495303","495440","41","202155774"
"chr1","202666425","202666551","KN295295v1","81280","81410","15","202585145"
"chr1","202672824","202673111","KN296119v1","2952734","2953012","80","199720090"
"chr1","202785194","202785495","KN297285v1","30303","30605","22","202754891"
"chr1","202825300","202825584","KN296883v1","1515687","1515961","68","201309613"
"chr1","202835190","202835494","KN294630v1","741362","741665","64","202093828"
"chr1","202922046","202922350","KN294226v1","342503","342805","70","202579543"
"chr1","202949597","202949731","KN297133v1","1021455","1021586","29","201928142"
"chr1","202968508","202968810","KN295667v1","676400","676706","70","202292108"
"chr1","202975535","202975827","KN295152v1","142792","143087","68","202832743"
"chr1","202977595","202977898","KN295474v1","1385419","1385718","55","201592176"
"chr1","203107481","203107769","KN297452v1","99434","99726","60","203008047"
"chr1","203112032","203112350","KN295633v1","1067626","1067942","62","202044406"
"chr1","203216178","203216450","KN296750v1","610505","610783","56","202605673"
"chr1","203224106","203224392","KN294509v1","1251156","1251446","67","201972950"
"chr1","203228469","203228596","KN295022v1","392839","392970","23","202835630"
"chr1","203262127","203262421","KN294824v1","255949","256245","67","203006178"
"chr1","203318109","203318414","KN294893v1","445554","445861","63","202872555"
"chr1","203410011","203410134","KN296096v1","2463056","2463179","21","200946955"
"chr1","203465758","203466025","KN294172v1","5859145","5859420","55","197606613"
"chr1","203549158","203549455","KN295586v1","2908076","2908370","56","200641082"
"chr1","203566556","203566849","KN295236v1","4435665","4435955","59","199130891"
"chr1","203593678","203593778","KN294671v1","105121","105220","25","203488557"
"chr1","203596919","203597258","KN294613v1","576993","577314","86","203019926"
"chr1","203599050","203599182","KN294571v1","950732","950862","21","202648318"
"chr1","203623418","203623718","KN294470v1","476480","476785","60","203146938"
"chr1","203651365","203651554","KN295384v1","165280","165475","28","203486085"
"chr1","203665304","203665592","KN295384v1","153678","153968","15","203511626"
"chr1","203748427","203748722","KN295384v1","73453","73744","25","203674974"
"chr1","203751516","203751808","KN294996v1","363261","363550","58","203388255"
"chr1","203778709","203778993","KN295384v1","39212","39484","33","203739497"
"chr1","203781095","203781307","KN294733v1","13674","13893","44","203767421"
"chr1","203825274","203825574","KN296324v1","455217","455520","25","203370057"
"chr1","203826395","203826688","KN296324v1","453818","454104","27","203372577"
"chr1","203839181","203839389","KN294456v1","686474","686679","53","203152707"
"chr1","203848877","203849111","KN296324v1","430970","431228","41","203417907"
"chr1","203874367","203874672","KN296324v1","408558","408867","47","203465809"
"chr1","203947801","203947924","KN296324v1","334232","334355","8","203613569"
"chr1","203993361","203993599","KN296324v1","290869","291103","20","203702492"
"chr1","204082373","204082660","KN296324v1","201440","201720","26","203880933"
"chr1","204118382","204118499","KN296324v1","154398","154515","10","203963984"
"chr1","204118885","204119043","KN294879v1","340989","341153","27","203777896"
"chr1","204143674","204144045","KN296324v1","128166","128543","37","204015508"
"chr1","204156116","204156412","KN296324v1","113712","114010","21","204042404"
"chr1","204190259","204190589","KN296324v1","79334","79662","25","204110925"
"chr1","204205103","204205396","KN295090v1","2290575","2290869","62","201914528"
"chr1","204208084","204208206","KN296324v1","61650","61771","7","204146434"
"chr1","204221964","204222264","KN296324v1","48035","48335","18","204173929"
"chr1","204265842","204266143","KN296324v1","3255","3566","38","204262587"
"chr1","204267874","204268163","KN296324v1","1202","1506","51","204266672"
"chr1","204298879","204299170","KN294848v1","1233240","1233529","59","203065639"
"chr1","204322186","204322484","KN297367v1","53310","53615","56","204268876"
"chr1","204329424","204329737","KN296079v1","1662609","1662912","70","202666815"
"chr1","204332804","204333079","KN296247v1","185992","186270","62","204146812"
"chr1","204370996","204371300","KN296864v1","3265179","3265496","60","201105817"
"chr1","204383961","204384242","KN294842v1","891113","891396","54","203492848"
"chr1","204392962","204393255","KN295984v1","3197280","3197579","55","201195682"
"chr1","204393351","204393405","KN296153v1","2083868","2083925","12","202309483"
"chr1","204396937","204397250","KN296864v1","3265179","3265496","58","201131758"
"chr1","204408124","204408345","KN294539v1","1644757","1644978","52","202763367"
"chr1","204421782","204421911","KN294630v1","59491","59629","27","204362291"
"chr1","204422216","204422396","KN294172v1","5302711","5302887","38","199119505"
"chr1","204433451","204433573","KN295592v1","702955","703078","16","203730496"
"chr1","204456698","204456997","KN295343v1","609997","610302","68","203846701"
"chr1","204485072","204485356","KN296357v1","601940","602226","53","203883132"
"chr1","204486984","204487176","KN294978v1","2094061","2094238","50","202392923"
"chr1","204487474","204487611","KN296244v1","992300","992435","30","203495174"
"chr1","204508028","204508325","KN295045v1","414971","415269","60","204093057"
"chr1","204561806","204561930","KN295566v1","220119","220242","22","204341687"
"chr1","204567862","204568125","KN296885v1","3137288","3137549","63","201430574"
"chr1","204570529","204570612","KN295612v1","1","87","18","204570528"
"chr1","204578958","204579241","KN296255v1","1021560","1021831","77","203557398"
"chr1","204588943","204589223","KN295365v1","618540","618829","52","203970403"
"chr1","204626575","204626733","KN294404v1","443289","443443","37","204183286"
"chr1","204646643","204646846","KN294945v1","309302","309512","51","204337341"
"chr1","204657029","204657164","KN296101v1","34946","35080","27","204622083"
"chr1","204664171","204664440","KN296153v1","960264","960545","66","203703907"
"chr1","204670194","204670305","KN294991v1","1500992","1501105","18","203169202"
"chr1","204670627","204670772","KN295744v1","206000","206153","46","204464627"
"chr1","204674247","204674406","KN296281v1","67757","67920","47","204606490"
"chr1","204674625","204674751","KN294848v1","1174018","1174147","30","203500607"
"chr1","204682876","204682996","KN295814v1","1548399","1548520","35","203134477"
"chr1","204684453","204684591","KN296178v1","458707","458842","57","204225746"
"chr1","204693591","204693800","KN294978v1","1659317","1659530","61","203034274"
"chr1","204694093","204694233","KN294506v1","87838","87979","24","204606255"
"chr1","204712308","204712432","KN296859v1","1814408","1814530","16","202897900"
"chr1","204724494","204724671","KN295825v1","1033554","1033735","39","203690940"
"chr1","204724967","204725096","KN296378v1","560188","560311","17","204164779"
"chr1","204737690","204737868","KN296247v1","455935","456112","32","204281755"
"chr1","204738178","204738309","KN296122v1","83204","83339","19","204654974"
"chr1","204738674","204738994","KN296019v1","466074","466382","60","204272600"
"chr1","204745504","204745626","KN294728v1","1745039","1745163","18","203000465"
"chr1","204746028","204746322","KN294964v1","830780","831076","63","203915248"
"chr1","204748173","204748434","KN295744v1","187097","187357","55","204561076"
"chr1","204755051","204755333","KN294911v1","1941894","1942178","52","202813157"
"chr1","204756173","204756293","KN296311v1","2705616","2705740","23","202050557"
"chr1","204768490","204768560","KN295814v1","937758","937825","14","203830732"
"chr1","204770064","204770350","KN296486v1","1052915","1053213","63","203717149"
"chr1","204777522","204777642","KN294540v1","323855","323970","20","204453667"
"chr1","204778983","204779277","KN295343v1","329489","329788","58","204449494"
"chr1","204786646","204786896","KN295963v1","350256","350507","51","204436390"
"chr1","204791733","204792012","KN294172v1","5859145","5859420","68","198932588"
"chr1","204796617","204796820","KN297197v1","3471646","3471850","50","201324971"
"chr1","204798023","204798321","KN295661v1","223659","223958","60","204574364"
"chr1","204800360","204800657","KN296063v1","924974","925273","65","203875386"
"chr1","204803719","204803984","KN297190v1","3735620","3735887","64","201068099"
"chr1","204803998","204804289","KN295304v1","712822","713119","53","204091176"
"chr1","204816922","204817198","KN294499v1","2052491","2052768","69","202764431"
"chr1","204821014","204821129","KN294741v1","1525311","1525429","23","203295703"
"chr1","204821151","204821369","KN294592v1","652759","652976","53","204168392"
"chr1","204838551","204838668","KN296158v1","1439494","1439609","22","203399057"
"chr1","204855059","204855344","KN295090v1","1368038","1368326","64","203487021"
"chr1","204873782","204873915","KN294172v1","5060069","5060202","27","199813713"
"chr1","204891263","204891580","KN297229v1","593933","594241","98","204297330"
"chr1","204893982","204894275","KN296381v1","170181","170475","75","204723801"
"chr1","204918166","204918447","KN295601v1","1483254","1483538","61","203434912"
"chr1","204944792","204945104","KN294893v1","445554","445861","54","204499238"
"chr1","204945807","204946087","KN295697v1","494201","494493","60","204451606"
"chr1","204960457","204960721","KN295705v1","447061","447315","64","204513396"
"chr1","204966870","204967001","KN294172v1","3839985","3840117","19","201126885"
"chr1","204970750","204970867","KN296449v1","53268","53388","21","204917482"
"chr1","204974725","204974857","KN295174v1","309726","309858","17","204664999"
"chr1","204974928","204975245","KN294874v1","202704","203018","59","204772224"
"chr1","204986502","204986791","KN296404v1","3404152","3404452","58","201582350"
"chr1","204989461","204989763","KN296311v1","6648305","6648605","55","198341156"
"chr1","204993352","204993653","KN297112v1","4994014","4994313","74","199999338"
"chr1","205003015","205003316","KN297320v1","1234476","1234772","56","203768539"
"chr1","205003367","205003652","KN295962v1","423835","424113","65","204579532"
"chr1","205008217","205008419","KN294745v1","190762","190961","63","204817455"
"chr1","205014833","205015149","KN295814v1","663724","664030","70","204351109"
"chr1","205033156","205033455","KN295236v1","4200227","4200533","54","200832929"
"chr1","205044563","205044857","KN295586v1","2908076","2908370","54","202136487"
"chr1","205063711","205064014","KN295236v1","5121169","5121469","55","199942542"
"chr1","205071110","205071378","KN296643v1","417188","417454","57","204653922"
"chr1","205089032","205089327","KN295545v1","105422","105717","24","204983610"
"chr1","205090422","205090691","KN295545v1","104055","104321","19","204986367"
"chr1","205111862","205112150","KN294733v1","143432","143710","69","204968430"
"chr1","205118385","205118677","KN294842v1","1661936","1662229","61","203456449"
"chr1","205163256","205163552","KN295545v1","16596","16891","21","205146660"
"chr1","205168038","205168331","KN295545v1","11780","12088","40","205156258"
"chr1","205211759","205212072","KN295119v1","38206","38495","44","205173553"
"chr1","205217209","205217500","KN295744v1","654344","654638","53","204562865"
"chr1","205253655","205253772","KN295119v1","81170","81287","4","205172485"
"chr1","205264373","205264506","KN295119v1","91649","91769","20","205172724"
"chr1","205375661","205375908","KN296380v1","201104","201344","55","205174557"
"chr1","205379354","205379439","KN296311v1","5493652","5493726","21","199885702"
"chr1","205389193","205389472","KN297112v1","5241747","5242033","57","200147446"
"chr1","205453868","205454173","KN294630v1","741362","741665","63","204712506"
"chr1","205463881","205464155","KN294499v1","241670","241956","66","205222211"
"chr1","205500723","205500973","KN294848v1","281563","281800","55","205219160"
"chr1","205530396","205530520","KN295667v1","1433734","1433873","39","204096662"
"chr1","205556313","205556426","KN294403v1","10228","10341","5","205546085"
"chr1","205708448","205708748","KN295532v1","67153","67461","33","205641295"
"chr1","205751581","205751877","KN296847v1","4573","4868","54","205747008"
"chr1","205757430","205757627","KN297274v1","1919312","1919513","39","203838118"
"chr1","205766437","205766713","KN296503v1","77900","78167","69","205688537"
"chr1","205770277","205770577","KN297154v1","1589984","1590287","56","204180293"
"chr1","205803326","205803627","KN294848v1","191607","191898","58","205611719"
"chr1","205817812","205818023","KN296386v1","749068","749273","38","205068744"
"chr1","205830607","205830722","KN296754v1","250656","250771","15","205579951"
"chr1","205868984","205869285","KN296754v1","208618","208912","23","205660366"
"chr1","205960540","205960774","KN296486v1","1003570","1003799","43","204956970"
"chr1","205972424","205972726","KN296754v1","101192","101496","35","205871232"
"chr1","206010243","206010541","KN296754v1","63070","63371","23","205947173"
"chr1","206036625","206036742","KN296754v1","36412","36529","5","206000213"
"chr1","206044134","206044355","KN296019v1","440192","440409","44","205603942"
"chr1","206063760","206064013","KN296754v1","4112","4367","11","206059648"
"chr1","206097822","206097940","KN296339v1","1432884","1433007","20","204664938"
"chr1","206099160","206099283","KN294977v1","202341","202464","8","205896819"
"chr1","206103943","206104054","KN294172v1","1509012","1509125","25","204594931"
"chr1","206106387","206106688","KN294977v1","194519","194829","28","205911868"
"chr1","206110214","206110277","KN294977v1","190856","190916","7","205919358"
"chr1","206134774","206135080","KN294977v1","165593","165886","35","205969181"
"chr1","206147324","206147604","KN294977v1","152488","152769","15","205994836"
"chr1","206149666","206149882","KN297242v1","1471732","1471942","41","204677934"
"chr1","206150190","206150509","KN294977v1","149733","150019","46","206000457"
"chr1","206156362","206156486","KN294917v1","254188","254309","23","205902174"
"chr1","206187141","206187436","KN296311v1","3358167","3358474","64","202828974"
"chr1","206192863","206192983","KN294977v1","106408","106527","4","206086455"
"chr1","206193121","206193408","KN294977v1","105980","106269","20","206087141"
"chr1","206197282","206197485","KN294977v1","101928","102126","14","206095354"
"chr1","206202481","206202785","KN294977v1","96411","96714","26","206106070"
"chr1","206204661","206204943","KN294977v1","94240","94519","27","206110421"
"chr1","206216375","206216666","KN294977v1","82721","82979","49","206133654"
"chr1","206221860","206222050","KN294977v1","77219","77408","16","206144641"
"chr1","206222717","206223014","KN294977v1","76289","76576","26","206146428"
"chr1","206228065","206228233","KN296119v1","4451319","4451488","39","201776746"
"chr1","206228535","206228665","KN295814v1","1707822","1707956","22","204520713"
"chr1","206228673","206228961","KN294977v1","70227","70515","20","206158446"
"chr1","206242743","206242997","KN294977v1","56501","56761","16","206186242"
"chr1","206249245","206249529","KN294977v1","49742","50020","28","206199503"
"chr1","206264539","206264610","KN294372v1","1683165","1683233","22","204581374"
"chr1","206272160","206272435","KN294977v1","34214","34509","42","206237946"
"chr1","206295368","206295546","KN294977v1","10010","10186","17","206285358"
"chr1","206297430","206297584","KN294407v1","1598316","1598470","30","204699114"
"chr1","206297883","206298038","KN296311v1","2869431","2869583","31","203428452"
"chr1","206324746","206325041","KN294536v1","1971325","1971614","27","204353421"
"chr1","206369672","206369879","KN294536v1","1924516","1924719","8","204445156"
"chr1","206389558","206389674","KN294536v1","1905229","1905345","9","204484329"
"chr1","206392791","206393022","KN295114v1","300351","300580","55","206092440"
"chr1","206404084","206404203","KN294536v1","1889691","1889810","7","204514393"
"chr1","206408703","206409015","KN294536v1","1884509","1884849","47","204524194"
"chr1","206430627","206430930","KN294536v1","1869280","1869579","24","204561347"
"chr1","206437852","206437944","KN294536v1","1864803","1864886","12","204573049"
"chr1","206438233","206438344","KN294536v1","1864384","1864494","9","204573849"
"chr1","206463816","206464131","KN294536v1","1835400","1835710","33","204628416"
"chr1","206471180","206471462","KN294536v1","1828608","1828883","23","204642572"
"chr1","206492999","206493322","KN294536v1","1806340","1806647","42","204686659"
"chr1","206502489","206502777","KN294536v1","1797161","1797462","23","204705328"
"chr1","206506965","206507093","KN296138v1","398565","398694","18","206108400"
"chr1","206533959","206534232","KN294536v1","1762352","1762617","18","204771607"
"chr1","206550176","206550299","KN294536v1","1737110","1737232","4","204813066"
"chr1","206554014","206554306","KN294848v1","191607","191898","57","206362407"
"chr1","206556446","206556739","KN294536v1","1732435","1732731","32","204824011"
"chr1","206563435","206563728","KN294536v1","1725188","1725484","44","204838247"
"chr1","206569929","206570175","KN294536v1","1718881","1719142","34","204851048"
"chr1","206606911","206607096","KN297008v1","5192776","5192958","56","201414135"
"chr1","206614172","206614471","KN294536v1","1677778","1678077","24","204936394"
"chr1","206645140","206645434","KN294536v1","1641015","1641301","23","205004125"
"chr1","206650350","206650665","KN296108v1","279513","279826","63","206370837"
"chr1","206653501","206653626","KN297165v1","608618","608750","24","206044883"
"chr1","206665525","206665808","KN294874v1","728276","728552","62","205937249"
"chr1","206672486","206672652","KN294536v1","1610832","1610996","7","205061654"
"chr1","206681831","206682107","KN294848v1","912345","912627","54","205769486"
"chr1","206693789","206693948","KN294536v1","1586791","1586952","6","205106998"
"chr1","206699433","206699578","KN294536v1","1570256","1570417","26","205129177"
"chr1","206737024","206737169","KN294536v1","1527174","1527332","24","205209850"
"chr1","206740155","206740346","KN294536v1","1523951","1524141","15","205216204"
"chr1","206746522","206746770","KN294536v1","1517834","1518106","40","205228688"
"chr1","206755821","206756116","KN294536v1","1508569","1508862","34","205247252"
"chr1","206759231","206759540","KN294536v1","1505491","1505803","26","205253740"
"chr1","206774336","206774576","KN294536v1","1489507","1489778","57","205284829"
"chr1","206775131","206775177","KN294536v1","1488894","1488939","6","205286237"
"chr1","206780778","206781095","KN294373v1","1582433","1582744","74","205198345"
"chr1","206787153","206787429","KN294536v1","1468551","1468793","51","205318602"
"chr1","206789560","206789831","KN294536v1","1466179","1466470","42","205323381"
"chr1","206791978","206792221","KN294536v1","1463228","1463467","22","205328750"
"chr1","206801696","206801846","KN294536v1","1453862","1454000","27","205347834"
"chr1","206802141","206802287","KN294536v1","1453423","1453568","13","205348718"
"chr1","206807423","206807714","KN294536v1","1447710","1448012","35","205359713"
"chr1","206812501","206812581","KN296311v1","5493652","5493726","16","201318849"
"chr1","206834680","206834967","KN294536v1","1420654","1420949","24","205414026"
"chr1","206843159","206843376","KN296726v1","112539","112763","65","206730620"
"chr1","206849162","206849456","KN294536v1","1406187","1406459","50","205442975"
"chr1","206860588","206860868","KN294536v1","1394522","1394801","39","205466066"
"chr1","206861266","206861384","KN294536v1","1393968","1394086","5","205467298"
"chr1","206869461","206869752","KN294536v1","1376844","1377157","48","205492617"
"chr1","206876127","206876253","KN294536v1","1370401","1370526","9","205505726"
"chr1","206876557","206876740","KN294536v1","1369936","1370116","51","205506621"
"chr1","206883593","206883899","KN294536v1","1364037","1364339","34","205519556"
"chr1","206887361","206887646","KN294536v1","1361275","1361520","62","205526086"
"chr1","206892946","206893238","KN294536v1","1356954","1357259","36","205535992"
"chr1","206900515","206900785","KN294536v1","1352720","1352973","38","205547795"
"chr1","206904522","206904825","KN294536v1","1348297","1348602","31","205556225"
"chr1","206928360","206928666","KN294536v1","1319939","1320255","35","205608421"
"chr1","206960835","206961119","KN294536v1","1285224","1285523","29","205675611"
"chr1","206962921","206963216","KN294536v1","1283386","1283675","29","205679535"
"chr1","206970616","206970902","KN294536v1","1275879","1276167","30","205694737"
"chr1","207031998","207032291","KN296157v1","2269731","2270019","77","204762267"
"chr1","207070282","207070576","KN294536v1","1172484","1172803","47","205897798"
"chr1","207082730","207083022","KN297197v1","4103559","4103851","54","202979171"
"chr1","207125571","207125869","KN296538v1","1793220","1793524","57","205332351"
"chr1","207170727","207171008","KN297046v1","1527441","1527720","75","205643286"
"chr1","207178751","207179052","KN296349v1","36695","36989","67","207142056"
"chr1","207199607","207199868","KN294536v1","1039128","1039393","25","206160479"
"chr1","207203582","207203879","KN294536v1","1034910","1035187","34","206168672"
"chr1","207223308","207223598","KN294536v1","1015133","1015423","11","206208175"
"chr1","207228419","207228725","KN294536v1","1003033","1003339","31","206225386"
"chr1","207235453","207235763","KN294536v1","995541","995835","44","206239912"
"chr1","207254475","207254758","KN294147v1","164496","164778","51","207089979"
"chr1","207265798","207265962","KN294536v1","966820","966985","15","206298978"
"chr1","207277629","207277919","KN294536v1","954603","954895","22","206323026"
"chr1","207291308","207291596","KN294536v1","941131","941415","28","206350177"
"chr1","207330431","207330734","KN294536v1","898647","898926","41","206431784"
"chr1","207346779","207347010","KN294536v1","881492","881725","22","206465287"
"chr1","207354017","207354293","KN294536v1","874172","874456","25","206479845"
"chr1","207359710","207360009","KN294536v1","868438","868724","30","206491272"
"chr1","207365641","207365909","KN294536v1","861955","862220","15","206503686"
"chr1","207383548","207383845","KN297245v1","2036362","2036663","63","205347186"
"chr1","207403009","207403317","KN296280v1","645706","646016","59","206757303"
"chr1","207463357","207463533","KN294536v1","771818","771997","18","206691539"
"chr1","207463832","207463943","KN294536v1","771406","771518","4","206692426"
"chr1","207475216","207475477","KN294536v1","759581","759842","19","206715635"
"chr1","207476226","207476521","KN294536v1","758558","758842","35","206717668"
"chr1","207505697","207506011","KN294536v1","726443","726757","34","206779254"
"chr1","207554623","207554919","KN297032v1","143170","143462","52","207411453"
"chr1","207578598","207578870","KN294964v1","921746","922009","58","206656852"
"chr1","207590317","207590649","KN296075v1","367374","367682","95","207222943"
"chr1","207604770","207605048","KN296096v1","318496","318760","61","207286274"
"chr1","207613072","207613274","KN294536v1","621541","621741","25","206991531"
"chr1","207615029","207615230","KN294536v1","621541","621741","26","206993488"
"chr1","207647792","207648077","KN294536v1","587219","587538","54","207060573"
"chr1","207650768","207651054","KN294536v1","584079","584364","17","207066689"
"chr1","207652245","207652565","KN294536v1","582609","582892","53","207069636"
"chr1","207671197","207671478","KN294536v1","565260","565522","40","207105937"
"chr1","207687345","207687604","KN297112v1","965885","966149","56","206721460"
"chr1","207704625","207704779","KN294536v1","526797","526951","10","207177828"
"chr1","207706750","207707019","KN294536v1","524170","524481","63","207182580"
"chr1","207738784","207739032","KN294536v1","493736","493981","17","207245048"
"chr1","207759848","207760074","KN294536v1","476592","476830","34","207283256"
"chr1","207780673","207780827","KN294536v1","456173","456327","12","207324500"
"chr1","207789412","207789571","KN294536v1","447137","447293","11","207342275"
"chr1","207792954","207793232","KN294536v1","440337","440625","29","207352617"
"chr1","207821609","207821901","KN294536v1","410007","410300","26","207411602"
"chr1","207837729","207838013","KN295090v1","1993653","1993930","65","205844076"
"chr1","207870838","207871141","KN297320v1","1234476","1234772","50","206636362"
"chr1","207880971","207881226","KN294536v1","347342","347601","20","207533629"
"chr1","207884614","207884763","KN294536v1","343820","343977","26","207540794"
"chr1","207900222","207900507","KN294536v1","327137","327421","13","207573085"
"chr1","207903312","207903474","KN294536v1","323696","323880","32","207579616"
"chr1","207906631","207906943","KN294536v1","320204","320521","32","207586427"
"chr1","207908096","207908382","KN294536v1","318754","319042","20","207589342"
"chr1","207966502","207966738","KN297008v1","16148","16386","28","207950354"
"chr1","208007989","208008188","KN294536v1","138774","138984","22","207869215"
"chr1","208013147","208013251","KN294536v1","178462","178565","9","207834685"
"chr1","208024969","208025212","KN294536v1","106805","107093","79","207918164"
"chr1","208028568","208028765","KN294536v1","103269","103458","16","207925299"
"chr1","208061251","208061375","KN294536v1","33827","33951","5","208027424"
"chr1","208080289","208080504","KN294536v1","9240","9445","23","208071049"
"chr1","208107465","208107634","KN296096v1","3339975","3340159","54","204767490"
"chr1","208180631","208180749","KN294842v1","168130","168250","27","208012501"
"chr1","208218972","208219271","KN297453v1","229131","229430","12","207989841"
"chr1","208227019","208227302","KN297453v1","236468","236758","18","207990551"
"chr1","208232926","208233212","KN297453v1","242913","243198","16","207990013"
"chr1","208236021","208236277","KN295112v1","633291","633535","57","207602730"
"chr1","208243391","208243700","KN297453v1","256733","257038","16","207986658"
"chr1","208258323","208258579","KN297453v1","269240","269496","18","207989083"
"chr1","208274877","208274999","KN296311v1","2198203","2198326","16","206076674"
"chr1","208291433","208291671","KN297453v1","303445","303683","22","207987988"
"chr1","208308650","208308885","KN297453v1","320724","320953","22","207987926"
"chr1","208331727","208331994","KN297077v1","49754","50014","57","208281973"
"chr1","208600320","208600622","KN297453v1","360630","360921","28","208239690"
"chr1","208613740","208614029","KN297453v1","373224","373508","19","208240516"
"chr1","208632439","208632720","KN297453v1","392029","392315","26","208240410"
"chr1","208636211","208636469","KN297453v1","395795","396060","22","208240416"
"chr1","208663409","208663683","KN297453v1","423388","423664","31","208240021"
"chr1","208663706","208663935","KN297453v1","423684","423914","14","208240022"
"chr1","208687642","208687931","KN297453v1","446742","447029","17","208240900"
"chr1","208693574","208693784","KN297453v1","452610","452821","30","208240964"
"chr1","208705071","208705357","KN297453v1","463902","464183","24","208241169"
"chr1","208720484","208720800","KN297453v1","478136","478450","26","208242348"
"chr1","208743670","208743916","KN295607v1","3469871","3470118","57","205273799"
"chr1","208752968","208753231","KN297453v1","509621","509884","15","208243347"
"chr1","208767069","208767173","KN297453v1","523449","523555","6","208243620"
"chr1","208783319","208783581","KN297453v1","539911","540171","28","208243408"
"chr1","208790911","208791220","KN296538v1","932150","932453","54","207858761"
"chr1","208803420","208803734","KN297453v1","559852","560162","22","208243568"
"chr1","208805320","208805448","KN297453v1","561710","561839","8","208243610"
"chr1","208809856","208809978","KN297453v1","566764","566888","5","208243092"
"chr1","208831909","208832168","KN297453v1","588590","588848","16","208243319"
"chr1","208834733","208835039","KN297453v1","591374","591670","24","208243359"
"chr1","208843410","208843712","KN297453v1","599559","599871","24","208243851"
"chr1","208862633","208862973","KN296390v1","275783","276123","20","208586850"
"chr1","208877172","208877480","KN296390v1","262425","262723","28","208614747"
"chr1","208880801","208881099","KN296390v1","258837","259132","29","208621964"
"chr1","208904309","208904597","KN296390v1","235394","235676","41","208668915"
"chr1","208909531","208909799","KN296390v1","230182","230441","21","208679349"
"chr1","208925889","208926135","KN296390v1","214032","214279","20","208711857"
"chr1","208941707","208941982","KN296157v1","1030995","1031263","76","207910712"
"chr1","208976757","208977045","KN296390v1","167029","167325","31","208809728"
"chr1","208995161","208995325","KN294583v1","160557","160720","33","208834604"
"chr1","209003077","209003404","KN296390v1","129115","129419","59","208873962"
"chr1","209008817","209009128","KN296390v1","123436","123735","30","208885381"
"chr1","209011544","209011780","KN294800v1","383311","383533","63","208628233"
"chr1","209023177","209023380","KN296390v1","108915","109118","16","208914262"
"chr1","209024716","209024935","KN297274v1","75096","75304","41","208949620"
"chr1","209034893","209035176","KN296390v1","96883","97165","15","208938010"
"chr1","209040442","209040604","KN297154v1","350360","350536","52","208690082"
"chr1","209045456","209045762","KN295936v1","2541634","2541930","66","206503822"
"chr1","209060094","209060400","KN296390v1","70284","70571","54","208989810"
"chr1","209081111","209081327","KN296682v1","3026228","3026433","42","206054883"
"chr1","209084407","209084669","KN296096v1","2485316","2485572","59","206599091"
"chr1","209085891","209086179","KN294809v1","1474866","1475162","68","207611025"
"chr1","209086458","209086547","KN295174v1","668635","668722","12","208417823"
"chr1","209096226","209096529","KN294470v1","1991733","1992029","63","207104493"
"chr1","209101089","209101354","KN296503v1","625161","625430","68","208475928"
"chr1","209102895","209103204","KN296390v1","16323","16616","43","209086572"
"chr1","209119382","209119659","KN297108v1","431694","431964","56","208687688"
"chr1","209229348","209229629","KN294488v1","203170","203435","69","209026178"
"chr1","209251476","209251604","KN295523v1","1088645","1088770","24","208162831"
"chr1","209277445","209277761","KN297165v1","41242","41577","44","209236203"
"chr1","209291568","209291734","KN297165v1","49898","50064","10","209241670"
"chr1","209294018","209294312","KN297165v1","52303","52596","23","209241715"
"chr1","209298155","209298284","KN297165v1","56646","56770","17","209241509"
"chr1","209316734","209317032","KN297165v1","75462","75768","27","209241272"
"chr1","209331245","209331431","KN297165v1","90254","90440","13","209240991"
"chr1","209343060","209343343","KN296311v1","7907830","7908116","58","201435230"
"chr1","209358453","209358711","KN295243v1","602094","602369","72","208756359"
"chr1","209377224","209377411","KN297165v1","135276","135463","9","209241948"
"chr1","209394818","209394934","KN297165v1","152821","152938","6","209241997"
"chr1","209413672","209413862","KN297165v1","172025","172220","18","209241647"
"chr1","209425947","209426210","KN296643v1","382149","382398","58","209043798"
"chr1","209442152","209442403","KN297165v1","197831","198075","26","209244321"
"chr1","209448821","209449116","KN295814v1","1557506","1557798","64","207891315"
"chr1","209463333","209463394","KN297165v1","214937","214998","3","209248396"
"chr1","209467193","209467512","KN297184v1","1410638","1410943","78","208056555"
"chr1","209501745","209502060","KN297165v1","251727","252050","58","209250018"
"chr1","209547313","209547615","KN297165v1","292400","292705","20","209254913"
"chr1","209559377","209559682","KN297165v1","304327","304634","23","209255050"
"chr1","209595409","209595687","KN297165v1","343812","344089","19","209251597"
"chr1","209599224","209599494","KN297165v1","347660","347916","39","209251564"
"chr1","209609061","209609353","KN297165v1","358160","358454","33","209250901"
"chr1","209647909","209648181","KN297165v1","390474","390749","32","209257435"
"chr1","209655341","209655470","KN297444v1","497933","498061","18","209157408"
"chr1","209659308","209659597","KN296119v1","4317081","4317383","63","205342227"
"chr1","209660911","209661226","KN297165v1","397722","398024","24","209263189"
"chr1","209676555","209676855","KN294161v1","8869","9169","55","209667686"
"chr1","209685299","209685590","KN297165v1","422545","422871","58","209262754"
"chr1","209688263","209688526","KN297165v1","425455","425719","13","209262808"
"chr1","209728503","209728793","KN297165v1","466386","466690","48","209262117"
"chr1","209733196","209733323","KN297165v1","471045","471165","17","209262151"
"chr1","209736405","209736631","KN297165v1","474212","474467","48","209262193"
"chr1","209750087","209750369","KN297165v1","488349","488629","34","209261738"
"chr1","209759984","209760107","KN297165v1","491352","491476","7","209268632"
"chr1","209769844","209770141","KN297165v1","501152","501429","31","209268692"
"chr1","209779600","209779673","KN294457v1","14742","14812","15","209764858"
"chr1","209800494","209800824","KN297227v1","1732012","1732329","77","208068482"
"chr1","209827877","209828031","KN296192v1","186479","186627","33","209641398"
"chr1","209828069","209828185","KN297227v1","27466","27580","14","209800603"
"chr1","209835418","209835724","KN297046v1","2938069","2938367","61","206897349"
"chr1","209847699","209847902","KN297165v1","572259","572455","21","209275440"
"chr1","209862652","209862934","KN297165v1","587204","587485","28","209275448"
"chr1","209884174","209884310","KN297165v1","608618","608750","12","209275556"
"chr1","209885439","209885729","KN297165v1","609802","610097","25","209275637"
"chr1","209906079","209906390","KN295586v1","1578389","1578700","55","208327690"
"chr1","209926910","209927197","KN297165v1","657879","658153","33","209269031"
"chr1","209943427","209943712","KN297165v1","675721","676008","25","209267706"
"chr1","209964519","209964816","KN296187v1","1283028","1283326","58","208681491"
"chr1","209969941","209970253","KN297165v1","704039","704357","29","209265902"
"chr1","209977393","209977692","KN297165v1","711719","712020","24","209265674"
"chr1","209979189","209979500","KN297442v1","1509105","1509411","62","208470084"
"chr1","209981056","209981331","KN297165v1","715417","715698","21","209265639"
"chr1","209982727","209982851","KN297165v1","716767","716892","13","209265960"
"chr1","210000588","210000736","KN297165v1","728595","728760","30","209271993"
"chr1","210006871","210007182","KN297165v1","735257","735570","17","209271614"
"chr1","210019605","210019912","KN297165v1","748275","748577","30","209271330"
"chr1","210021930","210022165","KN297453v1","320724","320953","44","209701206"
"chr1","210033294","210033587","KN297165v1","765151","765447","32","209268143"
"chr1","210039028","210039314","KN297165v1","770926","771218","21","209268102"
"chr1","210039580","210039839","KN297165v1","771478","771743","26","209268102"
"chr1","210042089","210042378","KN297165v1","774002","774301","28","209268087"
"chr1","210048952","210049233","KN297165v1","781956","782242","42","209266996"
"chr1","210050783","210051087","KN297165v1","784111","784402","40","209266672"
"chr1","210064620","210064800","KN296311v1","8829865","8830038","56","201234755"
"chr1","210069098","210069408","KN297165v1","802816","803106","37","209266282"
"chr1","210074802","210075111","KN297165v1","808511","808827","34","209266291"
"chr1","210086991","210087182","KN297165v1","821265","821473","29","209265726"
"chr1","210087183","210087302","KN297165v1","821753","821863","15","209265430"
"chr1","210098230","210098511","KN297165v1","833814","834089","36","209264416"
"chr1","210117457","210117779","KN297165v1","853785","854101","33","209263672"
"chr1","210122405","210122716","KN297165v1","860468","860789","28","209261937"
"chr1","210123798","210124109","KN297165v1","861869","862176","30","209261929"
"chr1","210137543","210137845","KN297165v1","875577","875890","29","209261966"
"chr1","210150970","210151168","KN297165v1","885724","885930","28","209265246"
"chr1","210151468","210151778","KN294172v1","813896","814172","78","209337572"
"chr1","210155973","210156260","KN297165v1","890514","890819","40","209265459"
"chr1","210184076","210184375","KN297165v1","918715","919031","40","209265361"
"chr1","210202879","210203185","KN297165v1","937708","938009","52","209265171"
"chr1","210216479","210216766","KN297165v1","951071","951360","14","209265408"
"chr1","210229270","210229513","KN295667v1","735902","736147","57","209493368"
"chr1","210237247","210237562","KN297165v1","971698","972013","17","209265549"
"chr1","210238185","210238434","KN297165v1","972667","972919","18","209265518"
"chr1","210245910","210246189","KN297442v1","2346667","2346944","61","207899243"
"chr1","210293949","210294164","KN297165v1","1025248","1025466","16","209268701"
"chr1","210302743","210303011","KN297165v1","1034414","1034698","33","209268329"
"chr1","210313068","210313323","KN297165v1","1043641","1043896","23","209269427"
"chr1","210335735","210336065","KN297165v1","1066983","1067289","48","209268752"
"chr1","210357138","210357246","KN297165v1","1088552","1088653","17","209268586"
"chr1","210357451","210357685","KN297165v1","1088853","1089087","16","209268598"
"chr1","210386102","210386403","KN297165v1","1117822","1118110","40","209268280"
"chr1","210386921","210386980","KN296682v1","1715411","1715469","12","208671510"
"chr1","210423761","210424035","KN297165v1","1155131","1155401","22","209268630"
"chr1","210432520","210432790","KN297165v1","1163933","1164213","28","209268587"
"chr1","210440951","210441229","KN297165v1","1170691","1170975","36","209270260"
"chr1","210472960","210473243","KN297165v1","1204427","1204708","18","209268533"
"chr1","210509971","210510162","KN297165v1","1244473","1244661","18","209265498"
"chr1","210512617","210512739","KN294181v1","1104026","1104148","16","209408591"
"chr1","210524484","210524776","KN297165v1","1260536","1260834","24","209263948"
"chr1","210546801","210546911","KN294456v1","268819","268927","21","210277982"
"chr1","210562529","210562820","KN297165v1","1300707","1300994","40","209261822"
"chr1","210562827","210563115","KN297165v1","1301005","1301295","19","209261822"
"chr1","210572845","210573142","KN297165v1","1311007","1311299","32","209261838"
"chr1","210581428","210581740","KN297165v1","1319699","1319995","46","209261729"
"chr1","210616834","210617136","KN295474v1","1114480","1114787","60","209502354"
"chr1","210671408","210671690","KN297165v1","1404653","1404939","25","209266755"
"chr1","210706606","210706898","KN297165v1","1441018","1441319","25","209265588"
"chr1","210712980","210713260","KN297165v1","1447574","1447855","16","209265406"
"chr1","210719032","210719342","KN297165v1","1454616","1454902","46","209264416"
"chr1","210781510","210781817","KN297165v1","1514254","1514572","48","209267256"
"chr1","210785263","210785548","KN297165v1","1518132","1518419","21","209267131"
"chr1","210789194","210789472","KN297165v1","1522038","1522321","15","209267156"
"chr1","210812619","210812917","KN297165v1","1547301","1547600","31","209265318"
"chr1","210824646","210824907","KN297165v1","1559672","1559928","24","209264974"
"chr1","210847317","210847616","KN297165v1","1582785","1583079","26","209264532"
"chr1","210850532","210850818","KN297165v1","1586105","1586391","26","209264427"
"chr1","210855836","210856155","KN297165v1","1590968","1591268","47","209264868"
"chr1","210865162","210865421","KN296682v1","4591049","4591303","66","206274113"
"chr1","210867582","210867862","KN297165v1","1602850","1603127","21","209264732"
"chr1","210869075","210869372","KN297165v1","1604346","1604616","47","209264729"
"chr1","210871968","210872088","KN297165v1","1607452","1607575","14","209264516"
"chr1","210889952","210890078","KN295666v1","438773","438897","27","210451179"
"chr1","210890378","210890517","KN297165v1","1626341","1626479","11","209264037"
"chr1","210891242","210891364","KN295708v1","2162566","2162690","18","208728676"
"chr1","210896860","210897130","KN294946v1","408519","408799","59","210488341"
"chr1","210901989","210902297","KN297165v1","1638204","1638492","37","209263785"
"chr1","210906658","210906967","KN297165v1","1643203","1643512","23","209263455"
"chr1","210949240","210949522","KN297165v1","1687252","1687530","26","209261988"
"chr1","210961695","210961972","KN297165v1","1699664","1699962","35","209262031"
"chr1","210985937","210986246","KN296726v1","921017","921308","70","210064920"
"chr1","210989911","210990210","KN297165v1","1726561","1726857","27","209263350"
"chr1","210993423","210993714","KN297165v1","1730060","1730356","26","209263363"
"chr1","211027551","211027840","KN297165v1","1764966","1765241","33","209262585"
"chr1","211057701","211058009","KN297165v1","1794976","1795292","25","209262725"
"chr1","211080257","211080340","KN297165v1","1818173","1818254","8","209262084"
"chr1","211081676","211081974","KN297165v1","1819588","1819882","32","209262088"
"chr1","211112554","211112640","KN295832v1","1159795","1159880","19","209952759"
"chr1","211115487","211115758","KN295405v1","1029581","1029852","55","210085906"
"chr1","211119371","211119665","KN297165v1","1865137","1865417","25","209254234"
"chr1","211128285","211128369","KN294396v1","208181","208273","20","210920104"
"chr1","211173359","211173484","KN295523v1","1088645","1088770","21","210084714"
"chr1","211205201","211205495","KN297165v1","1955841","1956136","49","209249360"
"chr1","211252137","211252418","KN297165v1","2003606","2003919","60","209248531"
"chr1","211294425","211294704","KN297046v1","2477069","2477350","67","208817356"
"chr1","211309206","211309330","KN297165v1","2071646","2071768","11","209237560"
"chr1","211316102","211316350","KN297165v1","2079128","2079385","29","209236974"
"chr1","211318939","211319099","KN297165v1","2082013","2082180","15","209236926"
"chr1","211331468","211331758","KN297165v1","2094485","2094778","26","209236983"
"chr1","211364680","211364983","KN297165v1","2128086","2128390","23","209236594"
"chr1","211406611","211406818","KN296281v1","311210","311397","55","211095401"
"chr1","211450001","211450276","KN297165v1","2213892","2214169","17","209236109"
"chr1","211466332","211466496","KN297165v1","2230763","2230929","19","209235569"
"chr1","211471971","211472256","KN297165v1","2236952","2237244","34","209235019"
"chr1","211473064","211473343","KN294747v1","580215","580497","55","210892849"
"chr1","211483757","211484047","KN297165v1","2249151","2249453","32","209234606"
"chr1","211488940","211489203","KN294385v1","643509","643776","69","210845431"
"chr1","211524057","211524352","KN295459v1","697076","697373","58","210826981"
"chr1","211606171","211606465","KN297165v1","2372987","2373279","18","209233184"
"chr1","211658982","211659285","KN294456v1","671891","672199","49","210987091"
"chr1","211663785","211664094","KN294964v1","1674001","1674300","56","209989784"
"chr1","211667384","211667691","KN297165v1","2424287","2424595","22","209243097"
"chr1","211687668","211687797","KN297165v1","2444973","2445113","21","209242695"
"chr1","211692370","211692540","KN294182v1","445350","445520","47","211247020"
"chr1","211706078","211706357","KN297165v1","2464137","2464416","13","209241941"
"chr1","211712017","211712283","KN297165v1","2466736","2467004","26","209245281"
"chr1","211730748","211731056","KN297165v1","2494954","2495265","22","209235794"
"chr1","211734822","211734962","KN295987v1","1180799","1180942","24","210554023"
"chr1","211741490","211741811","KN297165v1","2506449","2506761","40","209235041"
"chr1","211745357","211745659","KN297165v1","2510302","2510600","21","209235055"
"chr1","211746806","211746923","KN297165v1","2511744","2511861","4","209235062"
"chr1","211747685","211748003","KN297165v1","2512608","2512959","62","209235077"
"chr1","211756867","211757157","KN297165v1","2521753","2522025","38","209235114"
"chr1","211769838","211770096","KN294187v1","1544293","1544543","61","210225545"
"chr1","211796979","211797290","KN297165v1","2562048","2562349","45","209234931"
"chr1","211813586","211813881","KN297165v1","2577281","2577550","36","209236305"
"chr1","211828201","211828348","KN294205v1","1210305","1210431","35","210617896"
"chr1","211828352","211828546","KN295967v1","1473423","1473609","55","210354929"
"chr1","211860596","211860897","KN297165v1","2623834","2624120","29","209236762"
"chr1","211886792","211886962","KN297165v1","2657681","2657852","29","209229111"
"chr1","211887199","211887340","KN297165v1","2658071","2658212","11","209229128"
"chr1","211922136","211922423","KN294662v1","136013","136311","77","211786123"
"chr1","211925043","211925347","KN294987v1","1079259","1079566","55","210845784"
"chr1","211950292","211950488","KN297165v1","2723038","2723239","13","209227254"
"chr1","211956693","211956966","KN295236v1","4494969","4495250","54","207461724"
"chr1","211961585","211961853","KN294705v1","2124046","2124326","69","209837539"
"chr1","211990434","211990471","KN297165v1","2765386","2765422","2","209225048"
"chr1","211990756","211991019","KN297165v1","2765705","2765968","19","209225051"
"chr1","211994314","211994605","KN297165v1","2769269","2769563","27","209225045"
"chr1","212015613","212015868","KN297165v1","2791889","2792134","24","209223724"
"chr1","212042044","212042234","KN296079v1","1700230","1700407","49","210341814"
"chr1","212071513","212071786","KN297165v1","2842387","2842659","14","209229126"
"chr1","212089809","212089934","KN297165v1","2861441","2861563","9","209228368"
"chr1","212108549","212108844","KN297165v1","2881573","2881869","18","209226976"
"chr1","212127860","212128168","KN296404v1","3404152","3404452","77","208723708"
"chr1","212154764","212155067","KN297165v1","2930509","2930780","57","209224255"
"chr1","212162809","212163114","KN294992v1","192794","193101","57","211970015"
"chr1","212182513","212182806","KN296157v1","1306738","1307031","64","210875775"
"chr1","212186245","212186505","KN297165v1","2961396","2961642","33","209224849"
"chr1","212204870","212205160","KN297165v1","2980370","2980658","21","209224500"
"chr1","212216602","212216897","KN296714v1","267512","267798","59","211949090"
"chr1","212273558","212273861","KN297165v1","3050376","3050682","21","209223182"
"chr1","212295038","212295310","KN297165v1","3076228","3076497","19","209218810"
"chr1","212296495","212296810","KN297165v1","3077950","3078262","25","209218545"
"chr1","212335709","212335827","KN297227v1","27466","27580","12","212308243"
"chr1","212335861","212336022","KN296311v1","7102036","7102193","40","205233825"
"chr1","212338645","212338921","KN297165v1","3120743","3121009","33","209217902"
"chr1","212343579","212343867","KN297165v1","3125714","3126003","26","209217865"
"chr1","212353477","212353752","KN297165v1","3132846","3133124","20","209220631"
"chr1","212388186","212388475","KN297165v1","3165816","3166103","22","209222370"
"chr1","212418041","212418363","KN297165v1","3190861","3191177","27","209227180"
"chr1","212437352","212437477","KN297165v1","3209561","3209674","19","209227791"
"chr1","212444618","212444996","KN297165v1","3217216","3217554","78","209227402"
"chr1","212507222","212507519","KN297165v1","3278476","3278761","39","209228746"
"chr1","212527318","212527655","KN297165v1","3294968","3295306","50","209232350"
"chr1","212625180","212625503","KN297165v1","3393030","3393333","44","209232150"
"chr1","212637774","212638112","KN297165v1","3405601","3405900","70","209232173"
"chr1","212664217","212664503","KN297165v1","3432901","3433184","22","209231316"
"chr1","212664513","212664838","KN295405v1","143132","143424","100","212521381"
"chr1","212750078","212750395","KN297165v1","3508810","3509130","21","209241268"
"chr1","212916328","212916454","KN297165v1","3677935","3678061","5","209238393"
"chr1","212932210","212932513","KN297165v1","3694047","3694342","46","209238163"
"chr1","213085595","213085924","KN296311v1","2375220","2375542","76","210710375"
"chr1","213095547","213095731","KN295090v1","1844954","1845132","36","211250593"
"chr1","213111362","213111653","KN297165v1","3870425","3870707","36","209240937"
"chr1","213166708","213167016","KN297242v1","1059911","1060208","72","212106797"
"chr1","213255159","213255290","KN297165v1","4015677","4015808","6","209239482"
"chr1","213258489","213258514","KN296948v1","1245880","1245904","6","212012609"
"chr1","213258579","213258860","KN297165v1","4019084","4019366","30","209239495"
"chr1","213288395","213288704","KN297165v1","4049359","4049672","21","209239036"
"chr1","213305748","213306044","KN297165v1","4066169","4066466","17","209239579"
"chr1","213332608","213332732","KN296311v1","2198203","2198326","18","211134405"
"chr1","213344795","213344917","KN297165v1","4106002","4106124","12","209238793"
"chr1","213406956","213407263","KN294257v1","2403021","2403326","66","211003935"
"chr1","213408645","213408929","KN297165v1","4168870","4169142","36","209239775"
"chr1","213450083","213450381","KN297165v1","4208408","4208710","16","209241675"
"chr1","213516670","213516969","KN295586v1","3098137","3098432","63","210418533"
"chr1","213602054","213602344","KN294548v1","1599451","1599760","39","212002603"
"chr1","213637616","213637935","KN294548v1","1564750","1565063","32","212072866"
"chr1","213696834","213697155","KN294548v1","1505680","1506001","7","212191154"
"chr1","213816042","213816359","KN294548v1","1385024","1385332","31","212431018"
"chr1","213825015","213825171","KN297154v1","119862","120012","38","213705153"
"chr1","213848016","213848321","KN294548v1","1353782","1354069","35","212494234"
"chr1","213998781","213999085","KN294548v1","1209815","1210150","51","212788966"
"chr1","214003432","214003718","KN294378v1","1510351","1510638","47","212493081"
"chr1","214008166","214008479","KN294548v1","1200320","1200611","48","212807846"
"chr1","214045147","214045431","KN294548v1","1173736","1174032","32","212871411"
"chr1","214055068","214055305","KN294548v1","1163292","1163530","10","212891776"
"chr1","214059174","214059468","KN294758v1","1173910","1174208","64","212885264"
"chr1","214090416","214090720","KN294548v1","1104766","1105074","40","212985650"
"chr1","214117158","214117437","KN294548v1","1076706","1076991","17","213040452"
"chr1","214141988","214142285","KN295526v1","173899","174193","72","213968089"
"chr1","214160755","214160879","KN294548v1","1043218","1043341","9","213117537"
"chr1","214183558","214183862","KN294548v1","1020866","1021159","29","213162692"
"chr1","214221154","214221465","KN294548v1","988551","988863","24","213232603"
"chr1","214243181","214243362","KN294453v1","12626","12807","52","214230555"
"chr1","214281161","214281344","KN294548v1","933204","933391","23","213347957"
"chr1","214307200","214307495","KN294407v1","1666871","1667172","68","212640329"
"chr1","214318843","214319022","KN294548v1","1547760","1547920","49","212771083"
"chr1","214344037","214344324","KN294548v1","872628","872915","15","213471409"
"chr1","214385984","214386114","KN294548v1","830568","830692","14","213555416"
"chr1","214411295","214411584","KN294548v1","806464","806751","17","213604831"
"chr1","214421748","214422041","KN294521v1","511105","511400","61","213910643"
"chr1","214482754","214483024","KN294548v1","732998","733265","21","213749756"
"chr1","214499810","214499976","KN294803v1","120560","120729","48","214379250"
"chr1","214505626","214505924","KN294548v1","722247","722561","41","213783379"
"chr1","214623532","214623841","KN294548v1","605339","605646","29","214018193"
"chr1","214638390","214638694","KN294548v1","591111","591420","33","214047279"
"chr1","214688274","214688508","KN296743v1","2451979","2452213","45","212236295"
"chr1","214690378","214690688","KN294548v1","538997","539324","38","214151381"
"chr1","214702265","214702554","KN294548v1","526488","526789","31","214175777"
"chr1","214716986","214717109","KN294548v1","511906","512021","12","214205080"
"chr1","214762596","214762916","KN294548v1","466683","466992","41","214295913"
"chr1","214773230","214773546","KN294548v1","455910","456213","35","214317320"
"chr1","214803398","214803521","KN294548v1","426607","426730","12","214376791"
"chr1","214828644","214828960","KN294548v1","394142","394451","36","214434502"
"chr1","214849372","214849699","KN296210v1","22339","22648","80","214827033"
"chr1","214882079","214882392","KN295940v1","447752","448057","63","214434327"
"chr1","214888321","214888628","KN294548v1","332355","332646","49","214555966"
"chr1","214907393","214907685","KN294548v1","321323","321615","22","214586070"
"chr1","214908132","214908213","KN297322v1","41275","41356","15","214866857"
"chr1","214935258","214935414","KN294548v1","291555","291715","11","214643703"
"chr1","214937803","214938112","KN296158v1","77381","77686","57","214860422"
"chr1","214963851","214964173","KN294470v1","3413630","3413946","61","211550221"
"chr1","214973714","214973915","KN294548v1","253083","253294","30","214720631"
"chr1","214985032","214985152","KN295459v1","1018963","1019078","18","213966069"
"chr1","215008618","215008828","KN296738v1","128525","128735","39","214880093"
"chr1","215034751","215035038","KN294548v1","194349","194650","29","214840402"
"chr1","215035082","215035105","KN294416v1","354926","354946","7","214680156"
"chr1","215047098","215047389","KN294548v1","181462","181763","23","214865636"
"chr1","215090337","215090630","KN295717v1","1280663","1280963","70","213809674"
"chr1","215106541","215106827","KN294548v1","120279","120565","19","214986262"
"chr1","215111897","215112177","KN294548v1","114689","114980","32","214997208"
"chr1","215179982","215180373","KN297159v1","1220574","1220939","109","213959408"
"chr1","215191616","215191919","KN294548v1","33256","33547","28","215158360"
"chr1","215261895","215262200","KN295236v1","3384987","3385290","63","211876908"
"chr1","215270644","215270944","KN295459v1","697076","697373","61","214573568"
"chr1","215291202","215291494","KN297159v1","1127173","1127466","56","214164029"
"chr1","215298107","215298388","KN296040v1","638989","639272","62","214659118"
"chr1","215309446","215309763","KN296096v1","2975388","2975700","65","212334058"
"chr1","215337176","215337480","KN297094v1","278575","278875","53","215058601"
"chr1","215390847","215391107","KN294419v1","20017","20272","62","215370830"
"chr1","215410011","215410177","KN295984v1","3198426","3198587","40","212211585"
"chr1","215410463","215410662","KN294964v1","853403","853596","54","214557060"
"chr1","215416490","215416778","KN294630v1","741362","741665","69","214675128"
"chr1","215423609","215423893","KN294758v1","3036785","3037063","63","212386824"
"chr1","215440216","215440508","KN295744v1","654344","654638","51","214785872"
"chr1","215447137","215447420","KN294503v1","115352","115638","63","215331785"
"chr1","215469258","215469561","KN294239v1","1926012","1926317","57","213543246"
"chr1","215494087","215494217","KN297095v1","2530131","2530260","22","212963956"
"chr1","215495150","215495440","KN297190v1","3902024","3902312","46","211593126"
"chr1","215496586","215496902","KN294172v1","511981","512290","78","214984605"
"chr1","215562315","215562625","KN297008v1","4992637","4992950","66","210569678"
"chr1","215606039","215606158","KN294391v1","49711","49831","24","215556328"
"chr1","215610270","215610522","KN294260v1","1012933","1013175","65","214597337"
"chr1","215612405","215612694","KN294933v1","38729","39023","55","215573676"
"chr1","215614915","215614999","KN296140v1","149104","149190","17","215465811"
"chr1","215615087","215615325","KN294210v1","485530","485775","55","215129557"
"chr1","215624050","215624211","KN296484v1","303420","303573","31","215320630"
"chr1","215625260","215625389","KN294470v1","2123307","2123439","17","213501953"
"chr1","215627417","215627598","KN295441v1","367168","367353","35","215260249"
"chr1","215628992","215629337","KN294978v1","1062225","1062572","83","214566767"
"chr1","215648106","215648399","KN294372v1","1011019","1011310","57","214637087"
"chr1","215649458","215649753","KN296253v1","167394","167691","54","215482064"
"chr1","215652340","215652636","KN296964v1","346060","346359","59","215306280"
"chr1","215659143","215659431","KN296495v1","646408","646690","63","215012735"
"chr1","215666377","215666682","KN297112v1","967017","967328","65","214699360"
"chr1","215671043","215671233","KN297095v1","3135250","3135438","47","212535793"
"chr1","215671447","215671569","KN294733v1","424487","424604","38","215246960"
"chr1","215678064","215678365","KN295936v1","928734","929029","55","214749330"
"chr1","215681786","215682072","KN294439v1","232463","232750","66","215449323"
"chr1","215697324","215697478","KN294325v1","169199","169356","35","215528125"
"chr1","215697777","215697913","KN296244v1","516705","516840","31","215181072"
"chr1","215700543","215700834","KN296865v1","962111","962407","62","214738432"
"chr1","215709118","215709280","KN294911v1","2353004","2353167","32","213356114"
"chr1","215710272","215710580","KN296809v1","704739","705050","74","215005533"
"chr1","215718981","215719198","KN296836v1","191041","191259","39","215527940"
"chr1","215724168","215724463","KN294647v1","71563","71868","74","215652605"
"chr1","215772271","215772555","KN294548v1","375827","376110","61","215396444"
"chr1","215801164","215801460","KN295722v1","1835551","1835844","64","213965613"
"chr1","215833357","215833599","KN295963v1","350256","350507","60","215483101"
"chr1","215847396","215847513","KN294591v1","425038","425155","15","215422358"
"chr1","215847553","215847854","KN296108v1","844621","844908","74","215002932"
"chr1","215852085","215852371","KN296634v1","1816690","1816969","60","214035395"
"chr1","215865554","215865867","KN296404v1","1140358","1140668","72","214725196"
"chr1","215867788","215868086","KN294842v1","1661936","1662229","61","214205852"
"chr1","215869276","215869588","KN295430v1","1521290","1521601","74","214347986"
"chr1","215871466","215871675","KN295605v1","688799","689012","46","215182667"
"chr1","215896686","215896799","KN297227v1","27466","27580","19","215869220"
"chr1","215909635","215909779","KN295708v1","2027618","2027759","25","213882017"
"chr1","215914345","215914640","KN295586v1","2908076","2908370","60","213006269"
"chr1","215921578","215921796","KN295744v1","654144","654333","61","215267434"
"chr1","215934775","215934958","KN296153v1","1325836","1326014","40","214608939"
"chr1","215938573","215938690","KN296263v1","1103201","1103318","19","214835372"
"chr1","215944041","215944354","KN296040v1","646990","647297","61","215297051"
"chr1","215958194","215958316","KN296547v1","743312","743435","23","215214882"
"chr1","215958356","215958526","KN295236v1","1860866","1861029","35","214097490"
"chr1","215961317","215961596","KN296311v1","7907830","7908116","54","208053487"
"chr1","215980736","215981012","KN295236v1","4618751","4619037","63","211361985"
"chr1","215992761","215993026","KN294698v1","21064","21324","72","215971697"
"chr1","216004343","216004459","KN296503v1","516978","517090","22","215487365"
"chr1","216026744","216027016","KN297197v1","2039996","2040258","59","213986748"
"chr1","216028637","216028708","KN296062v1","2404522","2404594","10","213624115"
"chr1","216037875","216038144","KN294224v1","480343","480623","62","215557532"
"chr1","216047880","216048008","KN295814v1","1707822","1707956","27","214340058"
"chr1","216048317","216048488","KN295722v1","2530724","2530897","33","213517593"
"chr1","216052791","216053084","KN296017v1","366720","367014","55","215686071"
"chr1","216054141","216054429","KN297245v1","2036362","2036663","59","214017779"
"chr1","216059374","216059637","KN295977v1","553498","553762","71","215505876"
"chr1","216082092","216082214","KN295722v1","2720205","2720326","18","213361887"
"chr1","216091117","216091400","KN294303v1","112376","112652","70","215978741"
"chr1","216100154","216100325","KN295533v1","1808077","1808253","27","214292077"
"chr1","216100625","216100769","KN297408v1","24023","24169","30","216076602"
"chr1","216107461","216107765","KN296303v1","576631","576943","57","215530830"
"chr1","216137880","216138180","KN294747v1","996390","996689","69","215141490"
"chr1","216140166","216140411","KN297112v1","2493215","2493464","60","213646951"
"chr1","216156056","216156273","KN294470v1","77064","77276","47","216078992"
"chr1","216167123","216167436","KN294874v1","202704","203018","60","215964419"
"chr1","216168730","216169039","KN294973v1","39695","39997","64","216129035"
"chr1","216171021","216171284","KN297197v1","2039996","2040258","56","214131025"
"chr1","216179369","216179487","KN295441v1","1486600","1486716","21","214692769"
"chr1","216181543","216181852","KN297046v1","553580","553893","63","215627963"
"chr1","216199640","216199944","KN295102v1","406341","406650","67","215793299"
"chr1","216204271","216204564","KN294591v1","361714","362004","53","215842557"
"chr1","216212515","216212815","KN296538v1","1799282","1799579","62","214413233"
"chr1","216250972","216251285","KN294385v1","1451257","1451564","63","214799715"
"chr1","216255025","216255311","KN295586v1","5507616","5507894","63","210747409"
"chr1","216275723","216276005","KN296502v1","1187225","1187506","48","215088498"
"chr1","216347894","216348216","KN294848v1","461033","461344","76","215886861"
"chr1","216350086","216350392","KN294420v1","15001","15311","60","216335085"
"chr1","216369821","216370117","KN296019v1","466074","466382","50","215903747"
"chr1","216445029","216445242","KN294181v1","1051969","1052194","48","215393060"
"chr1","216453381","216453643","KN294407v1","2363969","2364224","63","214089412"
"chr1","216457068","216457197","KN296637v1","536683","536809","18","215920385"
"chr1","216466453","216466811","KN295586v1","1698232","1698570","122","214768221"
"chr1","216503712","216504017","KN294199v1","532015","532321","58","215971697"
"chr1","216507315","216507607","KN296000v1","964088","964374","60","215543227"
"chr1","216508955","216509245","KN294499v1","2466913","2467200","57","214042042"
"chr1","216516976","216517270","KN296864v1","3187581","3187876","59","213329395"
"chr1","216523508","216523716","KN297190v1","291978","292179","49","216231530"
"chr1","216544322","216544631","KN297452v1","2419020","2419318","60","214125302"
"chr1","216554737","216555016","KN294208v1","701963","702240","62","215852774"
"chr1","216575903","216576153","KN296938v1","976914","977152","65","215598989"
"chr1","216579187","216579479","KN294790v1","3149258","3149558","63","213429929"
"chr1","216607374","216607444","KN296062v1","1086761","1086826","22","215520613"
"chr1","216641515","216641802","KN294346v1","167932","168200","69","216473583"
"chr1","216647464","216647593","KN296484v1","775862","775993","22","215871602"
"chr1","216649345","216649458","KN294147v1","1794082","1794193","18","214855263"
"chr1","216653288","216653594","KN294848v1","46660","46962","62","216606628"
"chr1","216664323","216664647","KN295717v1","1561430","1561737","70","215102893"
"chr1","216664853","216665142","KN295365v1","618540","618829","57","216046313"
"chr1","216676382","216676653","KN297452v1","2766748","2767016","62","213909634"
"chr1","216683738","216683860","KN296311v1","2586649","2586774","27","214097089"
"chr1","216693156","216693421","KN295940v1","249684","249945","58","216443472"
"chr1","216741148","216741446","KN296486v1","1337566","1337861","57","215403582"
"chr1","216750588","216750862","KN296281v1","42614","42899","66","216707974"
"chr1","216787828","216788130","KN296386v1","688301","688600","58","216099527"
"chr1","216814282","216814582","KN294685v1","24966","25264","63","216789316"
"chr1","216848691","216848802","KN297390v1","51393","51510","22","216797298"
"chr1","216865426","216865722","KN296119v1","5385215","5385515","57","211480211"
"chr1","216872088","216872210","KN295744v1","449867","449990","19","216422221"
"chr1","216875998","216876131","KN295995v1","159601","159737","24","216716397"
"chr1","216881013","216881302","KN295365v1","618540","618829","61","216262473"
"chr1","216885614","216885738","KN296225v1","220665","220791","20","216664949"
"chr1","216891603","216891900","KN294991v1","974938","975240","54","215916665"
"chr1","216900760","216900879","KN296096v1","2463056","2463179","24","214437704"
"chr1","216907114","216907422","KN296964v1","1747476","1747773","66","215159638"
"chr1","216914643","216914959","KN294630v1","741362","741665","68","216173281"
"chr1","216921083","216921225","KN296486v1","602232","602373","25","216318851"
"chr1","216921521","216921692","KN296577v1","94290","94455","35","216827231"
"chr1","216928683","216928992","KN294842v1","484743","485036","68","216443940"
"chr1","216931674","216931798","KN294470v1","1471631","1471746","22","215460043"
"chr1","216932066","216932177","KN294713v1","243230","243342","17","216688836"
"chr1","216934078","216934209","KN297159v1","3404339","3404468","19","213529739"
"chr1","216942813","216943006","KN295984v1","1254925","1255123","55","215687888"
"chr1","216952227","216952529","KN296538v1","1793220","1793524","59","215159007"
"chr1","216952911","216953191","KN295962v1","1168812","1169089","67","215784099"
"chr1","216953208","216953304","KN294385v1","1127823","1127918","26","215825385"
"chr1","216958311","216958453","KN297046v1","2053254","2053399","35","214905057"
"chr1","216963064","216963362","KN297242v1","1067267","1067576","24","215895797"
"chr1","216968211","216968482","KN296503v1","277760","278046","60","216690451"
"chr1","216983973","216984264","KN295708v1","2552850","2553123","74","214431123"
"chr1","216988983","216989250","KN294581v1","176506","176766","66","216812477"
"chr1","216990751","216991061","KN294420v1","15001","15311","57","216975750"
"chr1","216991410","216991666","KN295384v1","39212","39484","68","216952198"
"chr1","217019918","217020230","KN294181v1","481862","482169","62","216538056"
"chr1","217033193","217033493","KN295988v1","1365859","1366158","58","215667334"
"chr1","217048638","217048948","KN295171v1","1006203","1006512","56","216042435"
"chr1","217054251","217054447","KN297197v1","3471646","3471850","45","213582605"
"chr1","217056902","217057211","KN295523v1","2818096","2818402","59","214238806"
"chr1","217057271","217057571","KN296486v1","1337566","1337861","57","215719705"
"chr1","217058779","217059047","KN295405v1","742413","742688","61","216316366"
"chr1","217060658","217060929","KN295642v1","19912","20172","71","217040746"
"chr1","217062460","217062760","KN295995v1","1735780","1736075","59","215326680"
"chr1","217074383","217074661","KN296311v1","7907830","7908116","60","209166553"
"chr1","217079522","217079817","KN294996v1","363261","363550","53","216716261"
"chr1","217082721","217082926","KN294407v1","2665840","2666044","44","214416881"
"chr1","217098188","217098482","KN294218v1","2172277","2172581","66","214925911"
"chr1","217124173","217124472","KN296864v1","3187581","3187876","47","213936592"
"chr1","217127334","217127623","KN296864v1","3187581","3187876","67","213939753"
"chr1","217129530","217129790","KN294346v1","259907","260148","58","216869623"
"chr1","217155004","217155252","KN295705v1","447061","447315","67","216707943"
"chr1","217161779","217162093","KN294372v1","683041","683334","73","216478738"
"chr1","217177004","217177290","KN296122v1","514388","514663","52","216662616"
"chr1","217185894","217186180","KN295365v1","618540","618829","63","216567354"
"chr1","217190488","217190710","KN297219v1","1596592","1596828","68","215593896"
"chr1","217197785","217198071","KN294539v1","1350436","1350725","56","215847349"
"chr1","217205489","217205794","KN296406v1","163962","164264","58","217041527"
"chr1","217214948","217215177","KN295114v1","300351","300580","49","216914597"
"chr1","217215902","217216031","KN297159v1","2961170","2961300","19","214254732"
"chr1","217224843","217225137","KN296404v1","3404152","3404452","62","213820691"
"chr1","217232112","217232422","KN296290v1","775055","775367","61","216457057"
"chr1","217236467","217236760","KN297219v1","424500","424799","77","216811967"
"chr1","217249208","217249475","KN296731v1","1085264","1085548","69","216163944"
"chr1","217255279","217255553","KN294304v1","28243","28516","60","217227036"
"chr1","217300044","217300340","KN296145v1","1496963","1497260","60","215803081"
"chr1","217305407","217305701","KN296864v1","3187581","3187876","61","214117826"
"chr1","217309779","217310073","KN295523v1","2851176","2851466","51","214458603"
"chr1","217339266","217339378","KN294257v1","2048565","2048669","23","215290701"
"chr1","217345614","217345907","KN295343v1","329489","329788","51","217016125"
"chr1","217362902","217363226","KN294570v1","165105","165399","82","217197797"
"chr1","217383685","217383989","KN297197v1","4625509","4625816","51","212758176"
"chr1","217393654","217393923","KN296153v1","960264","960545","72","216433390"
"chr1","217432682","217432807","KN296508v1","1920097","1920221","20","215512585"
"chr1","217484017","217484301","KN295725v1","1866246","1866519","64","215617771"
"chr1","217485249","217485548","KN297320v1","1234476","1234772","56","216250773"
"chr1","217505516","217505755","KN296120v1","2646","2882","51","217502870"
"chr1","217512034","217512343","KN296311v1","5758888","5759199","60","211753146"
"chr1","217521580","217521712","KN294837v1","318708","318839","42","217202872"
"chr1","217521905","217522049","KN294407v1","2246613","2246757","30","215275292"
"chr1","217533380","217533457","KN297165v1","285853","285930","16","217247527"
"chr1","217540025","217540300","KN296507v1","732738","733022","49","216807287"
"chr1","217545674","217545947","KN295962v1","2129404","2129682","67","215416270"
"chr1","217557465","217557769","KN295923v1","1997557","1997864","55","215559908"
"chr1","217559118","217559323","KN294630v1","142917","143123","34","217416201"
"chr1","217562325","217562440","KN295236v1","5125638","5125753","24","212436687"
"chr1","217562477","217562590","KN294199v1","1103794","1103912","22","216458683"
"chr1","217575868","217576160","KN296609v1","750695","750978","63","216825173"
"chr1","217595097","217595388","KN295744v1","203232","203524","68","217391865"
"chr1","217617989","217618250","KN296883v1","3258648","3258914","65","214359341"
"chr1","217627049","217627104","KN294536v1","1488894","1488939","20","216138155"
"chr1","217628885","217628918","KN295706v1","127492","127528","8","217501393"
"chr1","217650127","217650411","KN296634v1","1816690","1816969","50","215833437"
"chr1","217674084","217674390","KN296879v1","417388","417697","61","217256696"
"chr1","217680559","217680854","KN295365v1","618540","618829","56","217062019"
"chr1","217714573","217714850","KN296680v1","144528","144809","64","217570045"
"chr1","217726968","217727243","KN297184v1","1275655","1275938","63","216451313"
"chr1","217735996","217736191","KN295573v1","1162345","1162540","40","216573651"
"chr1","217757882","217758179","KN297320v1","1234476","1234772","50","216523406"
"chr1","217772761","217773056","KN295586v1","2908076","2908370","61","214864685"
"chr1","217793286","217793524","KN296643v1","637332","637576","54","217155954"
"chr1","217842996","217843315","KN296864v1","3246461","3246762","74","214596535"
"chr1","217846797","217847083","KN297259v1","563266","563557","63","217283531"
"chr1","217889958","217890242","KN296404v1","3404152","3404452","60","214485806"
"chr1","217894829","217895122","KN294571v1","1210311","1210619","65","216684518"
"chr1","217908581","217908828","KN296864v1","2931015","2931250","57","214977566"
"chr1","217951022","217951303","KN295405v1","10038","10318","67","217940984"
"chr1","218006996","218007122","KN297242v1","1086093","1086216","17","216920903"
"chr1","218009454","218009598","KN297245v1","1601496","1601637","41","216407958"
"chr1","218013750","218013880","KN294410v1","495531","495660","22","217518219"
"chr1","218042858","218043115","KN295962v1","550289","550532","61","217492569"
"chr1","218046419","218046710","KN295260v1","938447","938739","61","217107972"
"chr1","218052151","218052456","KN295236v1","4425718","4426023","77","213626433"
"chr1","218063020","218063303","KN296138v1","264399","264686","54","217798621"
"chr1","218099460","218099687","KN296000v1","962542","962771","40","217136918"
"chr1","218117463","218117747","KN296153v1","1422287","1422581","55","216695176"
"chr1","218120979","218121262","KN296311v1","7907830","7908116","50","210213149"
"chr1","218134714","218134900","KN295977v1","376165","376341","42","217758549"
"chr1","218164965","218165265","KN294987v1","797207","797503","53","217367758"
"chr1","218208098","218208403","KN296119v1","5385215","5385515","60","212822883"
"chr1","218238488","218238795","KN297320v1","1234476","1234772","67","217004012"
"chr1","218301565","218301821","KN295075v1","463825","464084","67","217837740"
"chr1","218309429","218309722","KN296528v1","1703048","1703326","69","216606381"
"chr1","218407034","218407336","KN296225v1","677390","677682","63","217729644"
"chr1","218473410","218473698","KN294439v1","232463","232750","52","218240947"
"chr1","218483872","218483935","KN296682v1","1715411","1715469","10","216768461"
"chr1","218508260","218508423","KN295523v1","1201613","1201776","35","217306647"
"chr1","218508557","218508654","KN295236v1","3371345","3371437","23","215137212"
"chr1","218558108","218558330","KN294945v1","309302","309512","55","218248806"
"chr1","218601749","218601899","KN295852v1","606130","606275","30","217995619"
"chr1","218602049","218602170","KN296145v1","3775095","3775214","19","214826954"
"chr1","218606745","218607037","KN296303v1","241053","241350","57","218365692"
"chr1","218643108","218643390","KN295161v1","307562","307846","62","218335546"
"chr1","218673338","218673600","KN294372v1","2684390","2684651","52","215988948"
"chr1","218677005","218677309","KN296404v1","3404152","3404452","64","215272853"
"chr1","218683100","218683195","KN296649v1","104755","104838","39","218578345"
"chr1","218750278","218750384","KN294172v1","6330290","6330389","19","212419988"
"chr1","218822931","218823204","KN296036v1","998342","998618","61","217824589"
"chr1","218848002","218848222","KN295980v1","1076199","1076415","46","217771803"
"chr1","218879937","218880239","KN297197v1","3683720","3684016","68","215196217"
"chr1","219011910","219012034","KN296345v1","39368","39491","19","218972542"
"chr1","219012462","219012572","KN295983v1","1240539","1240652","24","217771923"
"chr1","219037489","219037767","KN295708v1","2363622","2363910","75","216673867"
"chr1","219108399","219108687","KN297095v1","1513904","1514196","64","217594495"
"chr1","219144558","219144854","KN296732v1","3603530","3603827","56","215541028"
"chr1","219206497","219206798","KN295037v1","55320","55615","67","219151177"
"chr1","219302994","219303123","KN296403v1","182747","182877","35","219120247"
"chr1","219307792","219308082","KN294457v1","780981","781279","73","218526811"
"chr1","219365991","219366210","KN295090v1","1887942","1888173","63","217478049"
"chr1","219682221","219682517","KN295202v1","500651","500948","57","219181570"
"chr1","219687956","219688258","KN294790v1","3149258","3149558","68","216538698"
"chr1","219785849","219786066","KN297242v1","1471732","1471942","51","218314117"
"chr1","219876984","219877219","KN296365v1","920235","920464","57","218956749"
"chr1","219898764","219899073","KN294396v1","326030","326339","67","219572734"
"chr1","219930855","219931139","KN296122v1","4021","4306","68","219926834"
"chr1","219933001","219933193","KN295607v1","3825560","3825750","44","216107441"
"chr1","219936387","219936643","KN294407v1","3261413","3261668","61","216674974"
"chr1","219991052","219991343","KN294287v1","657971","658235","81","219333081"
"chr1","220006807","220006928","KN294175v1","68091","68214","21","219938716"
"chr1","220025449","220025713","KN297242v1","1637583","1637853","62","218387866"
"chr1","220066946","220067255","KN296404v1","2048726","2049042","70","218018220"
"chr1","220116002","220116116","KN296062v1","2178521","2178637","22","217937481"
"chr1","220116156","220116344","KN295171v1","289083","289273","44","219827073"
"chr1","220151134","220151427","KN295484v1","634266","634551","60","219516868"
"chr1","220191178","220191498","KN295984v1","1250712","1251013","67","218940466"
"chr1","220202470","220202760","KN295107v1","1051267","1051565","66","219151203"
"chr1","220236756","220237067","KN296865v1","1140993","1141295","62","219095763"
"chr1","220243528","220243757","KN297197v1","3969899","3970120","62","216273629"
"chr1","220275640","220275752","KN296921v1","438631","438747","18","219837009"
"chr1","220295427","220295709","KN294591v1","276205","276486","55","220019222"
"chr1","220319491","220319764","KN295171v1","306509","306787","63","220012982"
"chr1","220329463","220329757","KN297452v1","1197785","1198080","63","219131678"
"chr1","220341150","220341460","KN295667v1","1243145","1243443","59","219098005"
"chr1","220411925","220412217","KN295365v1","618540","618829","64","219793385"
"chr1","220579317","220579610","KN295983v1","45584","45868","67","220533733"
"chr1","220580062","220580346","KN295586v1","2908076","2908370","61","217671986"
"chr1","220587872","220588123","KN294372v1","2684390","2684651","62","217903482"
"chr1","220588904","220589018","KN294613v1","611677","611793","16","219977227"
"chr1","220589063","220589194","KN297375v1","255536","255673","40","220333527"
"chr1","220609631","220609907","KN294499v1","2466913","2467200","61","218142718"
"chr1","220630745","220630966","KN296205v1","640937","641147","55","219989808"
"chr1","220653579","220653838","KN295433v1","52483","52743","70","220601096"
"chr1","220658455","220658743","KN295365v1","618540","618829","52","220039915"
"chr1","220676491","220676755","KN297008v1","6148938","6149202","59","214527553"
"chr1","220682323","220682629","KN294806v1","46586","46884","63","220635737"
"chr1","220683975","220684231","KN296178v1","950786","951044","58","219733189"
"chr1","220685933","220686222","KN296063v1","620919","621208","67","220065014"
"chr1","220695609","220695928","KN296883v1","1599792","1600101","73","219095817"
"chr1","220696905","220697203","KN296864v1","3187581","3187876","65","217509324"
"chr1","220700034","220700318","KN294848v1","912345","912627","61","219787689"
"chr1","220706089","220706398","KN297320v1","1234476","1234772","68","219471613"
"chr1","220707255","220707454","KN295038v1","280109","280313","40","220427146"
"chr1","220710172","220710462","KN296877v1","79095","79398","68","220631077"
"chr1","220737788","220738073","KN294800v1","58275","58560","59","220679513"
"chr1","220820420","220820711","KN294848v1","912345","912627","62","219908075"
"chr1","220842781","220842926","KN297154v1","276434","276580","30","220566347"
"chr1","220962197","220962487","KN295869v1","413444","413732","66","220548753"
"chr1","221027179","221027452","KN295523v1","2591285","2591572","67","218435894"
"chr1","221048027","221048280","KN297008v1","5709899","5710153","58","215338128"
"chr1","221057430","221057718","KN296404v1","3404152","3404452","61","217653278"
"chr1","221085601","221085891","KN294809v1","1474866","1475162","71","219610735"
"chr1","221161016","221161327","KN294439v1","232463","232750","72","220928553"
"chr1","221164787","221165075","KN296864v1","2917034","2917326","54","218247753"
"chr1","221173613","221173906","KN294848v1","912345","912627","64","220261268"
"chr1","221177982","221178276","KN295735v1","988429","988731","63","220189553"
"chr1","221221622","221221751","KN296682v1","2583330","2583453","23","218638292"
"chr1","221248103","221248418","KN294536v1","1882041","1882347","70","219366062"
"chr1","221259530","221259828","KN296588v1","977314","977623","71","220282216"
"chr1","221262689","221262988","KN294410v1","427697","427996","53","220834992"
"chr1","221265625","221265940","KN297154v1","1589984","1590287","59","219675641"
"chr1","221276154","221276290","KN295236v1","3389355","3389487","22","217886799"
"chr1","221276593","221276772","KN294161v1","415472","415646","54","220861121"
"chr1","221327882","221328013","KN297369v1","2119225","2119349","24","219208657"
"chr1","221333508","221333643","KN296096v1","1372291","1372426","26","219961217"
"chr1","221371303","221371568","KN297159v1","944134","944389","58","220427169"
"chr1","221407551","221407841","KN295667v1","352846","353122","65","221054705"
"chr1","221439834","221439882","KN296158v1","394574","394614","14","221045260"
"chr1","221483083","221483385","KN295753v1","38327","38625","63","221444756"
"chr1","221523407","221523709","KN296406v1","139936","140217","71","221383471"
"chr1","221533018","221533159","KN294407v1","798431","798570","34","220734587"
"chr1","221533201","221533321","KN294172v1","1949979","1950096","23","219583222"
"chr1","221562216","221562454","KN294172v1","6327771","6327999","54","215234445"
"chr1","221573966","221574234","KN296119v1","2113485","2113762","63","219460481"
"chr1","221579700","221579996","KN295814v1","1557506","1557798","69","220022194"
"chr1","221599587","221599885","KN296518v1","275837","276139","72","221323750"
"chr1","221607352","221607556","KN295907v1","2122445","2122631","41","219484907"
"chr1","221626169","221626483","KN295375v1","124347","124644","72","221501822"
"chr1","221654823","221655120","KN296311v1","3727125","3727424","56","217927698"
"chr1","221658589","221658894","KN296311v1","3358167","3358474","62","218300422"
"chr1","221722732","221723046","KN297165v1","3077950","3078262","66","218644782"
"chr1","221726438","221726728","KN296314v1","76917","77220","60","221649521"
"chr1","221733704","221733919","KN296682v1","3026228","3026433","42","218707476"
"chr1","221753890","221754200","KN295090v1","1364529","1364831","54","220389361"
"chr1","221771682","221771977","KN294705v1","1390161","1390442","76","220381521"
"chr1","221776559","221776833","KN296138v1","145230","145494","64","221631329"
"chr1","221843733","221844034","KN295480v1","1352412","1352716","71","220491321"
"chr1","221894979","221895289","KN294257v1","2403021","2403326","61","219491958"
"chr1","222052962","222053244","KN294922v1","12510","12790","62","222040452"
"chr1","222096835","222097122","KN296290v1","782245","782534","50","221314590"
"chr1","222099447","222099720","KN297165v1","4168870","4169142","69","217930577"
"chr1","222108706","222108995","KN295446v1","4828","5112","61","222103878"
"chr1","222140055","222140352","KN294824v1","33050","33355","65","222107005"
"chr1","222187023","222187310","KN296187v1","803116","803397","56","221383907"
"chr1","222201083","222201383","KN297320v1","1234476","1234772","55","220966607"
"chr1","222248277","222248544","KN296096v1","1827942","1828211","60","220420335"
"chr1","222268394","222268741","KN295586v1","797945","798229","125","221470449"
"chr1","222270306","222270429","KN294728v1","1745039","1745163","18","220525267"
"chr1","222288133","222288258","KN294961v1","41996","42121","22","222246137"
"chr1","222295086","222295395","KN295667v1","1243145","1243443","52","221051941"
"chr1","222306696","222306990","KN295936v1","828090","828389","64","221478606"
"chr1","222307226","222307534","KN296040v1","646990","647297","60","221660236"
"chr1","222354245","222354520","KN296503v1","96429","96710","68","222257816"
"chr1","222380111","222380228","KN295459v1","1077631","1077747","16","221302480"
"chr1","222406432","222406727","KN295236v1","3540793","3541081","79","218865639"
"chr1","222410080","222410249","KN297095v1","2446758","2446922","32","219963322"
"chr1","222435398","222435698","KN296682v1","2268975","2269272","60","220166423"
"chr1","222441849","222442147","KN295591v1","745641","745936","63","221696208"
"chr1","222442952","222443262","KN295039v1","334500","334814","62","222108452"
"chr1","222461687","222461883","KN296381v1","5275","5465","48","222456412"
"chr1","222462180","222462310","KN296138v1","158354","158482","24","222303826"
"chr1","222474864","222474945","KN296311v1","5493652","5493726","23","216981212"
"chr1","222480358","222480485","KN294613v1","603181","603311","26","221877177"
"chr1","222481634","222481929","KN295433v1","579573","579870","56","221902061"
"chr1","222484315","222484524","KN296314v1","633151","633355","42","221851164"
"chr1","222499217","222499488","KN294848v1","912345","912627","72","221586872"
"chr1","222504791","222505096","KN294991v1","693040","693334","65","221811751"
"chr1","222507710","222507965","KN296178v1","950786","951044","58","221556924"
"chr1","222509418","222509587","KN295533v1","1574509","1574682","40","220934909"
"chr1","222539514","222539697","KN296200v1","213687","213867","41","222325827"
"chr1","222546216","222546528","KN296314v1","951267","951575","64","221594949"
"chr1","222547554","222547861","KN296926v1","875252","875560","57","221672302"
"chr1","222547889","222548090","KN295154v1","210689","210891","45","222337200"
"chr1","222570247","222570362","KN294433v1","167322","167437","18","222402925"
"chr1","222575740","222575874","KN295893v1","966169","966292","28","221609571"
"chr1","222613746","222614012","KN294733v1","310751","311019","53","222302995"
"chr1","222639236","222639541","KN295236v1","985413","985700","72","221653823"
"chr1","222639808","222639931","KN295984v1","713147","713271","24","221926661"
"chr1","222663146","222663370","KN296119v1","4724842","4725072","52","217938304"
"chr1","222780793","222781063","KN294444v1","172301","172577","58","222608492"
"chr1","223322795","223322909","KN295936v1","1084591","1084708","15","222238204"
"chr1","223384105","223384413","KN296096v1","2975388","2975700","59","220408717"
"chr1","223390673","223390807","KN295294v1","1274883","1275011","25","222115790"
"chr1","223472981","223473299","KN296970v1","235765","236073","60","223237216"
"chr1","223511459","223511778","KN295596v1","2197015","2197331","66","221314444"
"chr1","223528471","223528587","KN294613v1","611677","611793","16","222916794"
"chr1","223632920","223633221","KN295077v1","7243","7546","65","223625677"
"chr1","223649125","223649399","KN294239v1","2112137","2112402","56","221536988"
"chr1","223681462","223681766","KN296864v1","3187581","3187876","59","220493881"
"chr1","223786013","223786324","KN296096v1","2513544","2513844","71","221272469"
"chr1","223875223","223875346","KN294172v1","3162047","3162168","14","220713176"
"chr1","223904343","223904647","KN297154v1","184158","184468","76","223720185"
"chr1","223930423","223930726","KN296378v1","443231","443542","58","223487192"
"chr1","223948519","223948795","KN294287v1","467520","467793","62","223480999"
"chr1","224084197","224084383","KN295236v1","3497596","3497759","71","220586601"
"chr1","224091123","224091424","KN294592v1","566272","566567","65","223524851"
"chr1","224097690","224097997","KN295722v1","1548894","1549195","63","222548796"
"chr1","224113932","224114233","KN294571v1","2182994","2183281","70","221930938"
"chr1","224117220","224117496","KN296481v1","518302","518590","64","223598918"
"chr1","224194577","224194859","KN296637v1","759441","759718","56","223435136"
"chr1","224264445","224264737","KN296466v1","76926","77209","63","224187519"
"chr1","224362608","224362894","KN296225v1","641773","642064","63","223720835"
"chr1","224440727","224440977","KN294488v1","528352","528609","60","223912375"
"chr1","224478775","224479004","KN296513v1","169819","170041","48","224308956"
"chr1","224503352","224503643","KN294365v1","2046902","2047193","67","222456450"
"chr1","224512374","224512649","KN297008v1","5837942","5838230","63","218674432"
"chr1","224530818","224531093","KN294800v1","58275","58560","54","224472543"
"chr1","224546604","224546884","KN295717v1","2242301","2242589","66","222304303"
"chr1","224576709","224576970","KN295294v1","40881","41140","71","224535828"
"chr1","224640698","224640976","KN296311v1","6266892","6267172","74","218373806"
"chr1","224705511","224705793","KN295744v1","212816","213101","76","224492695"
"chr1","224706786","224707090","KN297444v1","415716","416022","73","224291070"
"chr1","224709174","224709444","KN296311v1","6516761","6517039","66","218192413"
"chr1","224726594","224726891","KN295923v1","2331717","2332004","62","222394877"
"chr1","224741432","224741723","KN294172v1","734416","734711","64","224007016"
"chr1","224766104","224766356","KN295962v1","2391992","2392249","56","222374112"
"chr1","224770526","224770824","KN295171v1","352305","352598","69","224418221"
"chr1","224775242","224775538","KN297046v1","3082420","3082716","66","221692822"
"chr1","224784693","224784967","KN294486v1","931289","931568","54","223853404"
"chr1","224826150","224826354","KN296538v1","2274502","2274707","51","222551648"
"chr1","224827006","224827282","KN295371v1","190347","190619","69","224636659"
"chr1","224842295","224842597","KN294987v1","797207","797503","64","224045088"
"chr1","224874800","224875044","KN295962v1","550289","550532","71","224324511"
"chr1","224877286","224877564","KN296883v1","1675336","1675609","75","223201950"
"chr1","224926345","224926559","KN294873v1","1659876","1660090","46","223266469"
"chr1","224928433","224928735","KN295037v1","55320","55615","54","224873113"
"chr1","224935920","224936068","KN295041v1","56738","56885","22","224879182"
"chr1","224940162","224940441","KN294548v1","375827","376110","63","224564335"
"chr1","224972565","224972830","KN294571v1","1567968","1568246","62","223404597"
"chr1","224987656","224987961","KN294187v1","954515","954829","61","224033141"
"chr1","224994640","224994942","KN294790v1","395024","395324","54","224599616"
"chr1","225006863","225007136","KN296303v1","220693","220966","61","224786170"
"chr1","225015900","225015961","KN294954v1","239093","239155","9","224776807"
"chr1","225025470","225025731","KN295295v1","49841","50098","61","224975629"
"chr1","225061070","225061375","KN296311v1","4745966","4746278","68","220315104"
"chr1","225070500","225070756","KN294671v1","193489","193741","57","224877011"
"chr1","225079065","225079367","KN296743v1","2104073","2104370","58","222974992"
"chr1","225128517","225128803","KN296970v1","408721","409009","54","224719796"
"chr1","225138994","225139289","KN297158v1","622150","622439","66","224516844"
"chr1","225141976","225142288","KN296847v1","340510","340822","63","224801466"
"chr1","225161169","225161393","KN297274v1","215439","215658","43","224945730"
"chr1","225220290","225220583","KN295586v1","2908076","2908370","50","222312214"
"chr1","225223701","225223972","KN295962v1","344673","344936","64","224879028"
"chr1","225233548","225233892","KN294592v1","872703","873019","93","224360845"
"chr1","225260386","225260688","KN296505v1","798190","798492","63","224462196"
"chr1","225271994","225272058","KN294879v1","211784","211845","19","225060210"
"chr1","225272358","225272509","KN294558v1","640031","640190","45","224632327"
"chr1","225276751","225277041","KN296158v1","231114","231398","62","225045637"
"chr1","225280064","225280365","KN296145v1","809194","809494","57","224470870"
"chr1","225287182","225287498","KN294257v1","2059184","2059482","81","223227998"
"chr1","225287784","225287906","KN294790v1","1434382","1434504","18","223853402"
"chr1","225304989","225305267","KN294199v1","65187","65474","49","225239802"
"chr1","225307975","225308264","KN297242v1","1180155","1180444","53","224127820"
"chr1","225311971","225312053","KN296743v1","359326","359405","12","224952645"
"chr1","225313853","225314063","KN297347v1","1296","1500","59","225312557"
"chr1","225319685","225319811","KN294728v1","1745039","1745163","27","223574646"
"chr1","225325912","225326172","KN294443v1","1168943","1169202","55","224156969"
"chr1","225333019","225333292","KN296311v1","7296733","7297018","71","218036286"
"chr1","225338264","225338544","KN296281v1","42614","42899","63","225295650"
"chr1","225339110","225339329","KN295441v1","1067325","1067540","42","224271785"
"chr1","225366948","225367167","KN294539v1","1644757","1644978","57","223722191"
"chr1","225376322","225376608","KN295803v1","1287741","1288030","62","224088581"
"chr1","225383601","225383905","KN297245v1","2036362","2036663","55","223347239"
"chr1","225385819","225386116","KN295523v1","1606095","1606394","60","223779724"
"chr1","225427096","225427397","KN296225v1","178446","178755","70","225248650"
"chr1","225454531","225454830","KN294172v1","1949067","1949357","85","223505464"
"chr1","225467375","225467621","KN295977v1","1140774","1141022","51","224326601"
"chr1","225474937","225475238","KN297008v1","1477900","1478200","63","223997037"
"chr1","225478306","225478591","KN295174v1","162180","162465","73","225316126"
"chr1","225499749","225499990","KN295923v1","1292660","1292892","53","224207089"
"chr1","225530140","225530434","KN294478v1","119569","119854","61","225410571"
"chr1","225534183","225534482","KN296262v1","181850","182149","54","225352333"
"chr1","225583506","225583783","KN294733v1","143432","143710","56","225440074"
"chr1","225601092","225601355","KN296643v1","78789","79043","52","225522303"
"chr1","225638094","225638341","KN296225v1","73940","74192","66","225564154"
"chr1","225651439","225651723","KN296916v1","206822","207104","50","225444617"
"chr1","225657514","225657788","KN295607v1","1195934","1196216","58","224461580"
"chr1","225696712","225697001","KN296253v1","188046","188333","62","225508666"
"chr1","225699996","225700111","KN296062v1","2178521","2178637","11","223521475"
"chr1","225702510","225702768","KN295295v1","49841","50098","62","225652669"
"chr1","225703699","225703785","KN297044v1","1034000","1034087","23","224669699"
"chr1","225712909","225713207","KN295586v1","3098137","3098432","52","222614772"
"chr1","225726776","225726869","KN296625v1","284407","284487","33","225442369"
"chr1","225726877","225727014","KN296505v1","142813","142949","25","225584064"
"chr1","225731069","225731387","KN295705v1","796730","797043","70","224934339"
"chr1","225740908","225741182","KN296959v1","1045812","1046085","58","224695096"
"chr1","225748466","225748611","KN294630v1","59491","59629","31","225688975"
"chr1","225748898","225749090","KN295825v1","3366333","3366523","47","222382565"
"chr1","225753798","225754069","KN295112v1","237204","237490","63","225516594"
"chr1","225767847","225767965","KN295533v1","1886696","1886819","24","223881151"
"chr1","225770231","225770512","KN295365v1","534529","534812","58","225235702"
"chr1","225785186","225785320","KN295243v1","446001","446124","31","225339185"
"chr1","225787060","225787307","KN296096v1","2485316","2485572","57","223301744"
"chr1","225808884","225809208","KN296495v1","3355185","3355476","90","222453699"
"chr1","225844423","225844712","KN295667v1","1110041","1110333","58","224734382"
"chr1","225847641","225847890","KN294848v1","281563","281800","64","225566078"
"chr1","225848186","225848274","KN296146v1","42716","42805","19","225805470"
"chr1","225848395","225848697","KN296864v1","3246461","3246762","61","222601934"
"chr1","225855186","225855474","KN296731v1","1054128","1054420","64","224801058"
"chr1","225864040","225864174","KN294172v1","4384631","4384761","21","221479409"
"chr1","225866546","225866671","KN294172v1","5885715","5885834","37","219980831"
"chr1","225874341","225874466","KN295345v1","900787","900906","31","224973554"
"chr1","225880541","225880849","KN296879v1","763514","763824","76","225117027"
"chr1","225898174","225898481","KN296311v1","3358167","3358474","57","222540007"
"chr1","225902283","225902506","KN296062v1","792185","792413","47","225110098"
"chr1","225906082","225906371","KN295500v1","198962","199247","50","225707120"
"chr1","225929060","225929352","KN296404v1","3404152","3404452","50","222524908"
"chr1","225942289","225942596","KN294991v1","469014","469325","67","225473275"
"chr1","225955510","225955644","KN295027v1","22844","22975","24","225932666"
"chr1","225956609","225956890","KN295923v1","2317731","2318015","52","223638878"
"chr1","225961860","225962030","KN294583v1","160557","160720","32","225801303"
"chr1","225978956","225979266","KN296913v1","1320434","1320740","59","224658522"
"chr1","225984339","225984634","KN294199v1","370344","370637","59","225613995"
"chr1","225988631","225988943","KN296864v1","3246461","3246762","57","222742170"
"chr1","225989418","225989737","KN296732v1","306323","306649","75","225683095"
"chr1","226020190","226020403","KN295045v1","597736","597951","49","225422454"
"chr1","226025955","226026245","KN296153v1","520941","521230","66","225505014"
"chr1","226036180","226036472","KN296507v1","732738","733022","57","225303442"
"chr1","226049327","226049604","KN296187v1","803116","803397","54","225246211"
"chr1","226050637","226050936","KN294747v1","836910","837206","59","225213727"
"chr1","226053164","226053417","KN296311v1","5174572","5174833","57","220878592"
"chr1","226076930","226077071","KN295907v1","507570","507720","33","225569360"
"chr1","226086437","226086721","KN297445v1","1196716","1197004","58","224889721"
"chr1","226096156","226096219","KN296982v1","361834","361896","15","225734322"
"chr1","226096519","226096716","KN296495v1","614380","614564","59","225482139"
"chr1","226099692","226099933","KN296153v1","1712826","1713048","98","224386866"
"chr1","226102739","226103035","KN294454v1","473949","474241","59","225628790"
"chr1","226108080","226108395","KN297229v1","497416","497720","74","225610664"
"chr1","226121133","226121314","KN295441v1","1495063","1495243","46","224626070"
"chr1","226121608","226121725","KN296119v1","5442855","5442972","21","220678753"
"chr1","226127907","226128230","KN294848v1","504708","505036","71","225623199"
"chr1","226157363","226157645","KN297008v1","5837942","5838230","62","220319421"
"chr1","226185139","226185440","KN295304v1","712822","713119","59","225472317"
"chr1","226191744","226192021","KN295548v1","427298","427570","50","225764446"
"chr1","226194486","226194702","KN295717v1","880250","880461","52","225314236"
"chr1","226215592","226215887","KN297264v1","673045","673332","63","225542547"
"chr1","226218427","226218632","KN296825v1","1548385","1548586","45","224670042"
"chr1","226221117","226221211","KN297259v1","1267566","1267655","18","224953551"
"chr1","226222919","226223242","KN294583v1","209437","209743","70","226013482"
"chr1","226262917","226263289","KN296153v1","3344436","3344764","101","222918481"
"chr1","226285113","226285339","KN294470v1","2849831","2850044","52","223435282"
"chr1","226288019","226288192","KN294911v1","2401650","2401825","31","223886369"
"chr1","226291926","226291997","KN294991v1","1836189","1836261","16","224455737"
"chr1","226292268","226292417","KN294650v1","967851","967993","40","225324417"
"chr1","226350743","226351029","KN296225v1","641773","642064","62","225708970"
"chr1","226361177","226361328","KN295294v1","3485303","3485451","38","222875874"
"chr1","226364953","226365151","KN297197v1","3471646","3471850","41","222893307"
"chr1","226401050","226401365","KN295923v1","1961483","1961792","62","224439567"
"chr1","226407605","226407897","KN296864v1","3187581","3187876","55","223220024"
"chr1","226416231","226416537","KN296096v1","2975388","2975700","53","223440843"
"chr1","226437934","226438252","KN294407v1","2196717","2197032","74","224241217"
"chr1","226463428","226463591","KN294705v1","1987417","1987584","33","224476011"
"chr1","226463890","226464022","KN296955v1","156733","156865","28","226307157"
"chr1","226480407","226480705","KN294842v1","207336","207619","73","226273071"
"chr1","226507811","226508115","KN297442v1","1648834","1649140","75","224858977"
"chr1","226518019","226518288","KN296365v1","530475","530739","50","225987544"
"chr1","226539429","226539722","KN296290v1","1369272","1369563","60","225170157"
"chr1","226577357","226577584","KN296921v1","2766878","2767090","51","223810479"
"chr1","226609737","226610033","KN294739v1","27098","27390","68","226582639"
"chr1","226610638","226610924","KN294842v1","674268","674560","70","225936370"
"chr1","226624301","226624587","KN294172v1","6376402","6376685","60","220247899"
"chr1","226629726","226630010","KN296682v1","3018695","3018979","52","223611031"
"chr1","226640186","226640468","KN294539v1","1350436","1350725","53","225289750"
"chr1","226676879","226677175","KN295430v1","989467","989768","56","225687412"
"chr1","226699097","226699392","KN295405v1","1445431","1445733","61","225253666"
"chr1","226729358","226729489","KN294224v1","501938","502067","23","226227420"
"chr1","226729554","226729848","KN295591v1","745641","745936","60","225983913"
"chr1","226761023","226761326","KN295725v1","449480","449774","69","226311543"
"chr1","226829503","226829805","KN295894v1","1786061","1786371","49","225043442"
"chr1","226878548","226878845","KN294842v1","1368549","1368845","67","225509999"
"chr1","226918187","226918307","KN294421v1","1855305","1855426","23","225062882"
"chr1","227035356","227035582","KN295236v1","3468503","3468712","48","223566853"
"chr1","227042401","227042696","KN294987v1","797207","797503","64","226245194"
"chr1","227043836","227044127","KN295343v1","556643","556945","64","226487193"
"chr1","227063801","227063863","KN294705v1","1706573","1706644","19","225357228"
"chr1","227084603","227084722","KN296933v1","89510","89627","15","226995093"
"chr1","227084768","227084898","KN295343v1","903879","904012","43","226180889"
"chr1","227100977","227101263","KN296083v1","29370","29656","72","227071607"
"chr1","227104081","227104375","KN295114v1","272865","273150","63","226831216"
"chr1","227122747","227123032","KN294987v1","1103574","1103840","65","226019173"
"chr1","227135642","227135922","KN295171v1","306509","306787","68","226829133"
"chr1","227156248","227156542","KN294842v1","1661936","1662229","63","225494312"
"chr1","227162453","227162729","KN297105v1","2894843","2895130","58","224267610"
"chr1","227174851","227175034","KN294513v1","199121","199301","40","226975730"
"chr1","227246472","227246750","KN294733v1","143432","143710","64","227103040"
"chr1","227250873","227251186","KN295923v1","1997557","1997864","67","225253316"
"chr1","227262312","227262616","KN296481v1","518302","518590","64","226744010"
"chr1","227345050","227345282","KN295406v1","307597","307829","42","227037453"
"chr1","227349290","227349604","KN295705v1","1040509","1040810","60","226308781"
"chr1","227367555","227367669","KN295441v1","972021","972136","22","226395534"
"chr1","227370144","227370413","KN295586v1","2245943","2246224","73","225124201"
"chr1","227371478","227371763","KN295365v1","618540","618829","67","226752938"
"chr1","227382141","227382363","KN296820v1","433383","433594","53","226948758"
"chr1","227402278","227402487","KN296145v1","269945","270147","58","227132333"
"chr1","227406143","227406428","KN294571v1","2182994","2183281","56","225223149"
"chr1","227449575","227449879","KN295041v1","290840","291143","58","227158735"
"chr1","227457248","227457542","KN295343v1","329489","329788","48","227127759"
"chr1","227457923","227458032","KN295371v1","146134","146244","24","227311789"
"chr1","227462121","227462430","KN294630v1","741362","741665","68","226720759"
"chr1","227471655","227471876","KN296157v1","3845535","3845736","59","223626120"
"chr1","227511533","227511829","KN296017v1","366720","367014","83","227144813"
"chr1","227515419","227515771","KN294207v1","128747","129097","83","227386672"
"chr1","227517797","227518092","KN297319v1","214169","214469","61","227303628"
"chr1","227522761","227523036","KN296145v1","374048","374327","64","227148713"
"chr1","227524275","227524558","KN295820v1","792314","792591","59","226731961"
"chr1","227527141","227527441","KN294172v1","1522083","1522385","66","226005058"
"chr1","227545999","227546285","KN295090v1","1735062","1735335","72","225810937"
"chr1","227555641","227555910","KN296404v1","3003254","3003513","72","224552387"
"chr1","227557489","227557768","KN294848v1","912345","912627","44","226645144"
"chr1","227565752","227566034","KN295987v1","623039","623321","64","226942713"
"chr1","227568102","227568389","KN297032v1","143170","143462","64","227424932"
"chr1","227716833","227717128","KN294842v1","484743","485036","60","227232090"
"chr1","227736222","227736512","KN295365v1","618540","618829","60","227117682"
"chr1","227749874","227750167","KN294848v1","1137045","1137344","60","226612829"
"chr1","227756481","227756761","KN295607v1","3761193","3761453","71","223995288"
"chr1","227758497","227758793","KN296542v1","122309","122605","62","227636188"
"chr1","227782212","227782499","KN295350v1","618935","619220","55","227163277"
"chr1","227784772","227785059","KN294470v1","1648091","1648388","53","226136681"
"chr1","227789552","227789833","KN295586v1","5278207","5278492","61","222511345"
"chr1","227791567","227791910","KN295586v1","2946282","2946620","76","224845285"
"chr1","227805518","227805803","KN295365v1","618540","618829","55","227186978"
"chr1","227828717","227828789","KN296062v1","2404522","2404594","13","225424195"
"chr1","227836010","227836324","KN296311v1","3417328","3417638","66","224418682"
"chr1","227838290","227838486","KN297242v1","1886874","1887059","57","225951416"
"chr1","227838785","227838847","KN294671v1","261432","261496","14","227577353"
"chr1","227868651","227868768","KN294591v1","425038","425155","14","227443613"
"chr1","227890443","227890618","KN295343v1","766924","767097","45","227123519"
"chr1","227919570","227919655","KN294181v1","1594697","1594781","20","226324873"
"chr1","227939172","227939446","KN294630v1","321853","322122","59","227617319"
"chr1","227941493","227941689","KN295198v1","78177","78377","45","227863316"
"chr1","227965016","227965291","KN296435v1","2456537","2456801","67","225508479"
"chr1","227983776","227984054","KN297197v1","2000092","2000380","65","225983684"
"chr1","227987786","227988082","KN297095v1","1513904","1514196","62","226473882"
"chr1","227989067","227989361","KN295225v1","2446744","2447033","60","225542323"
"chr1","227992845","227993104","KN295825v1","1930585","1930851","61","226062260"
"chr1","228025606","228025812","KN296153v1","3195171","3195355","61","224830435"
"chr1","228038621","228038746","KN295236v1","168060","168189","24","227870561"
"chr1","228052052","228052181","KN295893v1","1617389","1617519","15","226434663"
"chr1","228054325","228054611","KN296864v1","3187581","3187876","51","224866744"
"chr1","228055908","228056189","KN296955v1","629607","629903","62","227426301"
"chr1","228058557","228058690","KN294172v1","4027542","4027674","27","224031015"
"chr1","228078001","228078230","KN294856v1","383253","383488","57","227694748"
"chr1","228103262","228103337","KN294806v1","412110","412187","20","227691152"
"chr1","228110498","228110799","KN297245v1","2036362","2036663","54","226074136"
"chr1","228114164","228114446","KN296634v1","1816690","1816969","52","226297474"
"chr1","228129291","228129589","KN295099v1","647429","647721","72","227481862"
"chr1","228184704","228184981","KN295940v1","249684","249945","70","227935020"
"chr1","228251877","228252188","KN295814v1","663724","664030","68","227588153"
"chr1","228274559","228274795","KN296743v1","2451979","2452213","53","225822580"
"chr1","228278549","228278861","KN296108v1","1521154","1521463","71","226757395"
"chr1","228291695","228291987","KN297442v1","2205844","2206144","67","226085851"
"chr1","228321093","228321380","KN296503v1","277760","278046","60","228043333"
"chr1","228321816","228322103","KN297274v1","651050","651340","56","227670766"
"chr1","228328614","228328910","KN295526v1","935438","935738","62","227393176"
"chr1","228332692","228332789","KN295940v1","103161","103258","20","228229531"
"chr1","228333000","228333259","KN296538v1","1185725","1185990","61","227147275"
"chr1","228366976","228367281","KN296970v1","597512","597819","71","227769464"
"chr1","228372102","228372374","KN294879v1","651657","651939","59","227720445"
"chr1","228384169","228384483","KN295501v1","190474","190770","77","228193695"
"chr1","228409510","228409813","KN295349v1","58082","58373","51","228351428"
"chr1","228426638","228426927","KN297046v1","3036778","3037058","57","225389860"
"chr1","228428574","228428877","KN297184v1","1021901","1022202","58","227406673"
"chr1","228437231","228437528","KN294218v1","2172277","2172581","40","226264954"
"chr1","228437976","228438265","KN296685v1","184427","184706","69","228253549"
"chr1","228466978","228467261","KN296119v1","2200930","2201205","74","226266048"
"chr1","228475913","228476213","KN296505v1","21654","21951","60","228454259"
"chr1","228477366","228477651","KN297215v1","667396","667677","64","227809970"
"chr1","228491573","228491901","KN295605v1","573138","573440","78","227918435"
"chr1","228500168","228500488","KN294991v1","573073","573364","83","227927095"
"chr1","228502749","228503061","KN294874v1","202704","203018","60","228300045"
"chr1","228516808","228516933","KN297154v1","1201191","1201316","27","227315617"
"chr1","228563802","228563902","KN295294v1","1099162","1099266","19","227464640"
"chr1","228564402","228564574","KN296825v1","593555","593716","49","227970847"
"chr1","228593096","228593342","KN297008v1","16148","16386","30","228576948"
"chr1","228606132","228606423","KN294181v1","381421","381714","66","228224711"
"chr1","228672336","228672597","KN295987v1","1909045","1909314","57","226763291"
"chr1","228722331","228722542","KN297442v1","231184","231387","46","228491147"
"chr1","228815755","228815891","KN296019v1","450328","450461","25","228365427"
"chr1","228912189","228912516","KN296139v1","15263","15577","78","228896926"
"chr1","228949673","228949945","KN294824v1","383701","383970","60","228565972"
"chr1","228953612","228953864","KN296096v1","2485316","2485572","63","226468296"
"chr1","228969684","228969987","KN295119v1","13309","13606","59","228956375"
"chr1","228979430","228979712","KN297453v1","242913","243198","74","228736517"
"chr1","229039632","229039927","KN297452v1","1197785","1198080","64","227841847"
"chr1","229151007","229151294","KN294922v1","4395","4682","69","229146612"
"chr1","229438409","229438683","KN296280v1","594203","594480","67","228844206"
"chr1","229440829","229441115","KN294668v1","2036352","2036641","67","227404477"
"chr1","229516475","229516775","KN296513v1","108168","108464","60","229408307"
"chr1","229526718","229527026","KN297245v1","2443707","2444015","64","227083011"
"chr1","229609701","229609985","KN295099v1","86348","86644","67","229523353"
"chr1","229640758","229641049","KN296311v1","7907830","7908116","60","221732928"
"chr1","229749716","229750007","KN294571v1","2182994","2183281","60","227566722"
"chr3","58720175","58720493","KN294991v1","1049260","1049571","35","57670915"
"chr3","33816435","33816738","KN297028v1","738470","738777","30","33077965"
"chr3","38403976","38404274","KN294630v1","741362","741665","65","37662614"
"chr3","48627454","48627730","KN294410v1","116488","116768","61","48510966"
"chr3","48758715","48758955","KN297259v1","568562","568804","15","48190153"
"chr3","57278303","57278574","KN294457v1","1208445","1208715","69","56069858"
"chr3","112852806","112853122","KN295079v1","406980","407288","83","112445826"
"chr3","182321080","182321270","KN296508v1","1436383","1436565","42","180884697"
"chr3","184024923","184025232","KN294407v1","1992089","1992389","67","182032834"
"chr3","188874458","188874786","KN295962v1","1899227","1899546","76","186975231"
"chr3","92598","92871","KN294184v1","60729","61002","15","31869"
"chr3","132896","133034","KN296484v1","775862","775993","24","642966"
"chr3","133683","133849","KN294583v1","160557","160720","37","26874"
"chr3","221248","221543","KN295744v1","540407","540693","62","319159"
"chr3","270899","271247","KN294184v1","243060","243351","80","27839"
"chr3","272319","272522","KN294184v1","244445","244640","20","27874"
"chr3","336196","336340","KN295319v1","47049","47194","25","289147"
"chr3","374502","374729","KN294526v1","683775","683999","60","309273"
"chr3","375083","375306","KN294184v1","349024","349250","30","26059"
"chr3","386049","386247","KN296157v1","1971145","1971338","56","1585096"
"chr3","388209","388340","KN296916v1","696455","696584","26","308246"
"chr3","396732","396917","KN294172v1","5091712","5091885","48","4694980"
"chr3","396954","397067","KN296970v1","511971","512084","16","115017"
"chr3","399480","399859","KN294207v1","128747","129097","107","270733"
"chr3","470142","470253","KN296187v1","1680623","1680737","25","1210481"
"chr3","530343","530626","KN294184v1","512215","512505","35","18128"
"chr3","541656","541776","KN294790v1","4789271","4789391","19","4247615"
"chr3","741241","741551","KN294964v1","1674001","1674300","63","932760"
"chr3","792281","792386","KN294501v1","3032335","3032442","26","2240054"
"chr3","868001","868305","KN294790v1","5999594","5999893","72","5131593"
"chr3","950218","950543","KN296641v1","417690","417990","44","532528"
"chr3","1006341","1006648","KN296641v1","475961","476242","46","530380"
"chr3","1033982","1034184","KN296641v1","503265","503508","53","530717"
"chr3","1172577","1172689","KN295045v1","1298333","1298441","18","125756"
"chr3","1198193","1198356","KN296641v1","678091","678227","34","520102"
"chr3","1198458","1198525","KN296381v1","67486","67543","23","1130972"
"chr3","1204254","1204531","KN296641v1","682691","682967","23","521563"
"chr3","1254754","1255032","KN295586v1","1569375","1569652","67","314621"
"chr3","1259996","1260231","KN296609v1","422740","422959","60","837256"
"chr3","1295585","1295745","KN295940v1","392670","392835","43","902915"
"chr3","1295770","1296063","KN296641v1","771751","772036","40","524019"
"chr3","1375671","1376000","KN296641v1","851346","851668","33","524325"
"chr3","1398632","1398910","KN296641v1","875235","875523","37","523397"
"chr3","1465959","1466250","KN296641v1","938616","938905","28","527343"
"chr3","1522490","1522773","KN296641v1","992679","992955","39","529811"
"chr3","1549390","1549672","KN296641v1","1019354","1019624","31","530036"
"chr3","1610944","1611227","KN296641v1","1077599","1077874","56","533345"
"chr3","1700516","1700710","KN296641v1","1167181","1167375","25","533335"
"chr3","1718454","1718757","KN296641v1","1182977","1183296","36","535477"
"chr3","1829156","1829233","KN296641v1","1287836","1287919","12","541320"
"chr3","1902237","1902495","KN296641v1","1356509","1356792","41","545728"
"chr3","1911541","1911817","KN296641v1","1365159","1365467","50","546382"
"chr3","1987755","1988041","KN296641v1","1441340","1441642","39","546415"
"chr3","2068061","2068328","KN294439v1","232078","232346","59","1835983"
"chr3","2077638","2077951","KN297078v1","357742","358055","68","1719896"
"chr3","2093118","2093422","KN296508v1","2151971","2152273","54","58853"
"chr3","2109452","2109755","KN295953v1","16959","17271","32","2092493"
"chr3","2110015","2110318","KN295102v1","123723","124026","68","1986292"
"chr3","2135531","2135831","KN296063v1","724635","724935","66","1410896"
"chr3","2208130","2208414","KN295350v1","618935","619220","54","1589195"
"chr3","2257065","2257375","KN294407v1","2196717","2197032","59","60348"
"chr3","2607682","2607994","KN297108v1","304668","304974","62","2303014"
"chr3","2615106","2615405","KN295474v1","1385419","1385718","53","1229687"
"chr3","2636478","2636792","KN296311v1","3358167","3358474","67","721689"
"chr3","2649643","2649905","KN295820v1","792314","792591","70","1857329"
"chr3","2676344","2676638","KN296294v1","524600","524893","66","2151744"
"chr3","2778422","2778734","KN297094v1","278575","278875","66","2499847"
"chr3","2784453","2784758","KN296406v1","163962","164264","53","2620491"
"chr3","2827043","2827335","KN294172v1","1949067","1949357","58","877976"
"chr3","2869138","2869260","KN296378v1","560188","560311","24","2308950"
"chr3","2869557","2869745","KN294454v1","389835","390024","38","2479722"
"chr3","2872773","2873068","KN295119v1","13309","13606","64","2859464"
"chr3","2901549","2901774","KN295708v1","1619359","1619574","52","1282190"
"chr3","2964628","2964914","KN294217v1","2116007","2116295","65","848621"
"chr3","2975212","2975382","KN296357v1","101871","102040","31","2873341"
"chr3","2975414","2975539","KN296828v1","63127","63248","24","2912287"
"chr3","3067309","3067438","KN294407v1","2025308","2025439","22","1042001"
"chr3","3081137","3081418","KN294789v1","198090","198398","51","2883047"
"chr3","3087256","3087551","KN294789v1","191955","192256","25","2895301"
"chr3","3126638","3126935","KN294789v1","151780","152077","14","2974858"
"chr3","3170221","3170503","KN294789v1","109424","109711","26","3060797"
"chr3","3182288","3182593","KN294789v1","85457","85768","32","3096831"
"chr3","3249734","3249991","KN294789v1","16708","16961","21","3233026"
"chr3","3298730","3298863","KN294613v1","364447","364551","50","2934283"
"chr3","3299204","3299411","KN294287v1","428598","428789","52","2870606"
"chr3","3351612","3351913","KN294260v1","2486413","2486732","36","865199"
"chr3","3362084","3362251","KN294260v1","2475635","2475802","8","886449"
"chr3","3397804","3398095","KN294260v1","2433506","2433797","16","964298"
"chr3","3403173","3403483","KN294260v1","2428162","2428474","25","975011"
"chr3","3416656","3416937","KN294260v1","2414278","2414559","23","1002378"
"chr3","3491960","3492253","KN294747v1","619092","619383","53","2872868"
"chr3","3654398","3654719","KN296682v1","4781370","4781682","71","1126972"
"chr3","3708450","3708679","KN294260v1","2110970","2111184","33","1597480"
"chr3","3746789","3746944","KN294991v1","1738124","1738275","36","2008665"
"chr3","3748807","3749117","KN294260v1","2073766","2074040","59","1675041"
"chr3","3787152","3787426","KN294260v1","2041632","2041909","32","1745520"
"chr3","3911442","3911731","KN294260v1","1920006","1920272","44","1991436"
"chr3","3983461","3983755","KN294260v1","1859457","1859751","20","2124004"
"chr3","4026708","4026881","KN294260v1","1811764","1811938","12","2214944"
"chr3","4034416","4034622","KN294260v1","1804286","1804493","15","2230130"
"chr3","4089119","4089408","KN294260v1","1750892","1751181","30","2338227"
"chr3","4105846","4106124","KN294260v1","1734043","1734324","23","2371803"
"chr3","4168262","4168540","KN294260v1","1680620","1680925","45","2487642"
"chr3","4212086","4212392","KN294260v1","1641043","1641337","40","2571043"
"chr3","4245925","4246219","KN294260v1","1612481","1612777","21","2633444"
"chr3","4288543","4288854","KN296406v1","163962","164264","61","4124581"
"chr3","4324395","4324645","KN294260v1","1514851","1515086","26","2809544"
"chr3","4352665","4352961","KN294260v1","1486040","1486345","33","2866625"
"chr3","4362271","4362554","KN294260v1","1477859","1478145","33","2884412"
"chr3","4382556","4382841","KN294260v1","1457683","1457985","37","2924873"
"chr3","4388439","4388727","KN294996v1","423057","423352","60","3965382"
"chr3","4408475","4408776","KN294260v1","1431815","1432114","24","2976660"
"chr3","4413882","4414084","KN294911v1","2757597","2757798","42","1656285"
"chr3","4414436","4414529","KN297229v1","466984","467077","16","3947452"
"chr3","4417217","4417507","KN294260v1","1423286","1423577","25","2993931"
"chr3","4430958","4431055","KN295039v1","350698","350794","28","4080260"
"chr3","4432376","4432650","KN294260v1","1415466","1415716","46","3016910"
"chr3","4434297","4434589","KN294260v1","1413511","1413831","43","3020786"
"chr3","4450755","4451053","KN294260v1","1397113","1397409","25","3053642"
"chr3","4471162","4471288","KN294260v1","1376952","1377079","13","3094210"
"chr3","4471580","4471756","KN294260v1","1376507","1376662","32","3095073"
"chr3","4500562","4500864","KN294260v1","1337749","1338060","24","3162813"
"chr3","4502425","4502738","KN294260v1","1335914","1336230","43","3166511"
"chr3","4517246","4517533","KN295936v1","2737563","2737863","63","1779683"
"chr3","4525268","4525562","KN295667v1","1758687","1758986","54","2766581"
"chr3","4527618","4527896","KN294260v1","1310102","1310379","33","3217516"
"chr3","4556624","4556927","KN294260v1","1280350","1280654","30","3276274"
"chr3","4565940","4566235","KN294260v1","1270327","1270620","17","3295613"
"chr3","4568418","4568689","KN294260v1","1267884","1268136","43","3300534"
"chr3","4583568","4583855","KN294570v1","165105","165399","61","4418463"
"chr3","4602415","4602700","KN296200v1","644912","645196","55","3957503"
"chr3","4607374","4607639","KN294260v1","1229129","1229384","32","3378245"
"chr3","4628064","4628356","KN294260v1","1208157","1208457","34","3419907"
"chr3","4632458","4632753","KN294260v1","1203658","1203953","24","3428800"
"chr3","4698549","4698852","KN294260v1","1139859","1140146","32","3558690"
"chr3","4733586","4733902","KN294260v1","1105371","1105672","41","3628215"
"chr3","4824915","4825139","KN294260v1","1012933","1013175","32","3811982"
"chr3","4891118","4891412","KN294260v1","946931","947225","13","3944187"
"chr3","4926838","4927156","KN294260v1","910163","910472","39","4016675"
"chr3","4945231","4945508","KN294260v1","892325","892608","48","4052906"
"chr3","4959729","4959936","KN294260v1","877383","877572","27","4082346"
"chr3","4963806","4964113","KN294260v1","873098","873406","21","4090708"
"chr3","4972841","4973161","KN294260v1","864036","864319","56","4108805"
"chr3","4976122","4976251","KN294260v1","860691","860820","10","4115431"
"chr3","4981986","4982115","KN295236v1","168060","168189","20","4813926"
"chr3","4995977","4996249","KN294260v1","838593","838866","25","4157384"
"chr3","5010407","5010530","KN294260v1","823372","823495","10","4187035"
"chr3","5011615","5011934","KN294260v1","821928","822245","22","4189687"
"chr3","5040445","5040724","KN294260v1","802857","803136","16","4237588"
"chr3","5041303","5041420","KN294260v1","802158","802275","6","4239145"
"chr3","5042709","5042901","KN294260v1","800669","800861","11","4242040"
"chr3","5047775","5048045","KN294260v1","795990","796249","23","4251785"
"chr3","5057788","5057989","KN294260v1","785555","785755","22","4272233"
"chr3","5079480","5079781","KN294561v1","702905","703197","66","4376575"
"chr3","5114300","5114570","KN296883v1","3237107","3237371","68","1877193"
"chr3","5115622","5115735","KN294260v1","725203","725320","11","4390419"
"chr3","5122355","5122644","KN295099v1","135049","135328","68","4987306"
"chr3","5123495","5123720","KN296934v1","637539","637747","48","4485956"
"chr3","5132526","5132845","KN294260v1","707493","707809","25","4425033"
"chr3","5139935","5140066","KN294260v1","700171","700304","5","4439764"
"chr3","5140393","5140552","KN294260v1","699710","699867","16","4440683"
"chr3","5164025","5164251","KN294260v1","680270","680487","30","4483755"
"chr3","5172150","5172446","KN294260v1","671899","672218","62","4500251"
"chr3","5177486","5177605","KN294260v1","667074","667193","6","4510412"
"chr3","5185415","5185542","KN294260v1","658913","659042","10","4526502"
"chr3","5199257","5199527","KN296063v1","914094","914370","56","4285163"
"chr3","5207665","5207953","KN294260v1","640274","640559","46","4567391"
"chr3","5237330","5237647","KN294260v1","608148","608455","31","4629182"
"chr3","5247019","5247179","KN294710v1","128924","129084","25","5118095"
"chr3","5247312","5247592","KN294260v1","597645","597940","43","4649667"
"chr3","5271867","5272163","KN295352v1","1335884","1336186","74","3935983"
"chr3","5311883","5312183","KN294260v1","531552","531858","37","4780331"
"chr3","5330375","5330616","KN294260v1","512715","512954","18","4817660"
"chr3","5340365","5340650","KN294260v1","502789","503073","19","4837576"
"chr3","5446831","5447117","KN294260v1","391179","391465","35","5055652"
"chr3","5470439","5470765","KN294260v1","359129","359456","33","5111310"
"chr3","5483641","5483952","KN294260v1","346275","346587","31","5137366"
"chr3","5524131","5524398","KN294260v1","302385","302651","18","5221746"
"chr3","5593659","5593743","KN294260v1","236350","236434","2","5357309"
"chr3","5918119","5918360","KN295363v1","847373","847615","39","5070746"
"chr3","5944836","5945157","KN295363v1","811879","812202","42","5132957"
"chr3","6117427","6117553","KN295363v1","634867","634987","15","5482560"
"chr3","6120704","6120826","KN294790v1","3236928","3237050","16","2883776"
"chr3","6176425","6176735","KN295363v1","575963","576275","20","5600462"
"chr3","6247340","6247654","KN295363v1","501579","501903","39","5745761"
"chr3","6387196","6387420","KN296588v1","872428","872665","72","5514768"
"chr3","6675758","6676058","KN295363v1","45283","45584","29","6630475"
"chr3","6696576","6696766","KN295363v1","28996","29201","26","6667580"
"chr3","6697597","6697944","KN297212v1","10707","11029","93","6686890"
"chr3","6784036","6784317","KN295294v1","358831","359116","59","6425205"
"chr3","6829587","6829622","KN296495v1","374842","374882","11","6454745"
"chr3","6863234","6863568","KN294172v1","734416","734711","95","6128818"
"chr3","6893826","6893956","KN295038v1","662635","662766","25","6231191"
"chr3","6895525","6895612","KN295319v1","766929","767015","16","6128596"
"chr3","6950496","6950788","KN294218v1","2874160","2874450","71","4076336"
"chr3","7012558","7012595","KN296404v1","806929","806971","14","6205629"
"chr3","7058509","7058789","KN297197v1","3599209","3599493","66","3459300"
"chr3","7118474","7118779","KN295343v1","329489","329788","51","6788985"
"chr3","7139150","7139411","KN294407v1","1604406","1604661","56","5534744"
"chr3","7371127","7371391","KN296365v1","386288","386544","65","6984839"
"chr3","7556950","7557240","KN295923v1","1666387","1666666","67","5890563"
"chr3","7568360","7568550","KN295573v1","1351873","1352075","58","6216487"
"chr3","7615821","7616035","KN296505v1","2187894","2188100","31","5427927"
"chr3","7666894","7667183","KN296732v1","2327209","2327498","56","5339685"
"chr3","7705537","7705822","KN296505v1","2084261","2084581","56","5621276"
"chr3","7737724","7737997","KN296505v1","2050008","2050284","25","5687716"
"chr3","7828892","7829186","KN296505v1","1960006","1960304","26","5868886"
"chr3","7908417","7908716","KN296505v1","1881520","1881802","48","6026897"
"chr3","7916830","7917105","KN296505v1","1873224","1873496","29","6043606"
"chr3","7918008","7918271","KN296505v1","1872040","1872328","41","6045968"
"chr3","8136398","8136694","KN296505v1","1644286","1644571","34","6492112"
"chr3","8160910","8161228","KN296505v1","1618746","1619086","32","6542164"
"chr3","8227830","8228132","KN296505v1","1562954","1563261","16","6664876"
"chr3","8427842","8427965","KN296505v1","1369583","1369706","12","7058259"
"chr3","8605721","8606010","KN296505v1","1181105","1181399","38","7424616"
"chr3","8611302","8611662","KN294569v1","547136","547468","99","8064166"
"chr3","8718996","8719252","KN296505v1","1065355","1065609","18","7653641"
"chr3","8755121","8755404","KN296505v1","1031835","1032116","43","7723286"
"chr3","8800603","8800755","KN296505v1","985297","985450","4","7815306"
"chr3","8909870","8910170","KN296505v1","910167","910480","39","7999703"
"chr3","8984060","8984344","KN296505v1","837300","837584","21","8146760"
"chr3","9026492","9026773","KN296505v1","806003","806278","31","8220489"
"chr3","9034217","9034500","KN296505v1","798190","798492","38","8236027"
"chr3","9045133","9045344","KN296505v1","787344","787555","17","8257789"
"chr3","9045466","9045721","KN296505v1","786964","787231","27","8258502"
"chr3","9090229","9090518","KN296505v1","746925","747228","27","8343304"
"chr3","9117873","9118161","KN296505v1","715996","716293","29","8401877"
"chr3","9158133","9158429","KN296505v1","680896","681197","28","8477237"
"chr3","9170338","9170506","KN296225v1","303694","303855","34","8866644"
"chr3","9170550","9170669","KN296505v1","665937","666053","9","8504613"
"chr3","9172070","9172356","KN296505v1","664236","664530","28","8507834"
"chr3","9195999","9196299","KN296505v1","640296","640599","34","8555703"
"chr3","9238688","9238868","KN295102v1","412254","412440","36","8826434"
"chr3","9246628","9246939","KN296505v1","593672","593951","49","8652956"
"chr3","9258389","9258705","KN296505v1","581783","582098","39","8676606"
"chr3","9292618","9292910","KN296505v1","547001","547294","24","8745617"
"chr3","9293653","9293956","KN296505v1","546011","546322","22","8747642"
"chr3","9294840","9295121","KN296505v1","544824","545105","22","8750016"
"chr3","9306161","9306455","KN296505v1","533577","533871","15","8772584"
"chr3","9315665","9315997","KN296505v1","524064","524352","64","8791601"
"chr3","9324836","9325126","KN294893v1","552409","552685","64","8772427"
"chr3","9325190","9325226","KN295433v1","112895","112933","9","9212295"
"chr3","9325530","9325661","KN295014v1","12067","12185","30","9313463"
"chr3","9379210","9379526","KN296505v1","457261","457571","27","8921949"
"chr3","9408213","9408531","KN296505v1","427472","427775","35","8980741"
"chr3","9415524","9415657","KN296505v1","420513","420648","14","8995011"
"chr3","9417787","9418059","KN296505v1","418109","418394","29","8999678"
"chr3","9450731","9451036","KN295038v1","1531301","1531595","63","7919430"
"chr3","9472053","9472175","KN296505v1","361784","361907","8","9110269"
"chr3","9481937","9482224","KN296176v1","594450","594729","62","8887487"
"chr3","9482470","9482587","KN296505v1","351774","351891","7","9130696"
"chr3","9532591","9532863","KN296036v1","998342","998618","60","8534249"
"chr3","9541106","9541297","KN296505v1","299773","299957","17","9241333"
"chr3","9554742","9555033","KN296505v1","285488","285742","53","9269254"
"chr3","9567725","9568017","KN296505v1","271820","272108","27","9295905"
"chr3","9577266","9577567","KN296505v1","261527","261826","26","9315739"
"chr3","9584111","9584403","KN296505v1","254055","254347","59","9330056"
"chr3","9607468","9607582","KN296505v1","229156","229270","7","9378312"
"chr3","9610148","9610424","KN294987v1","1103574","1103840","66","8506574"
"chr3","9621620","9621896","KN294375v1","679188","679462","57","8942432"
"chr3","9635643","9635926","KN296505v1","199133","199426","36","9436510"
"chr3","9646213","9646488","KN296505v1","188214","188489","17","9457999"
"chr3","9652520","9652787","KN296505v1","181185","181472","36","9471335"
"chr3","9660900","9661189","KN296505v1","173048","173337","13","9487852"
"chr3","9682403","9682481","KN294671v1","261432","261496","31","9420971"
"chr3","9682778","9682827","KN294728v1","1127845","1127896","10","8554933"
"chr3","9689892","9690027","KN296505v1","142813","142949","9","9547079"
"chr3","9690315","9690480","KN296505v1","142358","142519","6","9547957"
"chr3","9698243","9698509","KN296505v1","134401","134693","34","9563842"
"chr3","9707140","9707414","KN294172v1","813896","814172","55","8893244"
"chr3","9710612","9710805","KN296505v1","121698","121894","22","9588914"
"chr3","9712654","9712903","KN296505v1","119544","119793","17","9593110"
"chr3","9725932","9726165","KN296505v1","107723","107995","50","9618209"
"chr3","9734133","9734437","KN296505v1","97211","97530","47","9636922"
"chr3","9736352","9736651","KN296505v1","95296","95589","25","9641056"
"chr3","9738432","9738557","KN296505v1","92274","92399","14","9646158"
"chr3","9740027","9740323","KN296505v1","90214","90525","34","9649813"
"chr3","9742937","9743061","KN296505v1","87502","87626","6","9655435"
"chr3","9755942","9756282","KN296505v1","73477","73788","49","9682465"
"chr3","9757901","9758052","KN296153v1","2476975","2477120","35","7280926"
"chr3","9766807","9767099","KN296505v1","63692","63989","25","9703115"
"chr3","9786411","9786520","KN296505v1","37163","37274","4","9749248"
"chr3","9786749","9786882","KN296505v1","36801","36933","6","9749948"
"chr3","9796394","9796542","KN296495v1","1943256","1943403","34","7853138"
"chr3","9800063","9800364","KN296505v1","27421","27723","23","9772642"
"chr3","9801681","9801969","KN296505v1","25786","26083","27","9775895"
"chr3","9806043","9806339","KN296505v1","21654","21951","24","9784389"
"chr3","9813761","9814036","KN296505v1","13258","13531","27","9800503"
"chr3","9816432","9816462","KN295107v1","1088699","1088733","15","8727733"
"chr3","9816950","9817141","KN296649v1","177350","177544","40","9639600"
"chr3","9819400","9819687","KN296485v1","746764","747054","22","9072636"
"chr3","9819831","9819913","KN296485v1","746540","746622","9","9073291"
"chr3","9835095","9835375","KN296485v1","730025","730322","33","9105070"
"chr3","9841471","9841786","KN296485v1","723982","724278","60","9117489"
"chr3","9846469","9846753","KN296485v1","718183","718461","21","9128286"
"chr3","9861141","9861263","KN296485v1","703341","703464","14","9157800"
"chr3","9897302","9897465","KN297046v1","3211010","3211173","43","6686292"
"chr3","9897597","9897909","KN296138v1","198772","199071","70","9698825"
"chr3","9900892","9901205","KN296485v1","663554","663835","56","9237338"
"chr3","9913370","9913670","KN296485v1","650996","651305","45","9262374"
"chr3","9914407","9914700","KN296485v1","649961","650220","48","9264446"
"chr3","9919247","9919380","KN294251v1","1555716","1555854","24","8363531"
"chr3","9960607","9960901","KN295956v1","110148","110452","53","9850459"
"chr3","9971435","9971735","KN296485v1","592103","592395","24","9379332"
"chr3","10002643","10002941","KN296485v1","558767","559066","15","9443876"
"chr3","10012428","10012707","KN296485v1","547038","547329","25","9465390"
"chr3","10014744","10015013","KN296270v1","714349","714618","53","9300395"
"chr3","10024448","10024532","KN296485v1","534962","535046","4","9489486"
"chr3","10024549","10024673","KN296485v1","534474","534597","9","9490075"
"chr3","10052156","10052383","KN296485v1","288000","288239","45","9764156"
"chr3","10056460","10056741","KN296485v1","460966","461260","40","9595494"
"chr3","10180283","10180594","KN296485v1","448884","449200","11","9731399"
"chr3","10180719","10181001","KN296485v1","448473","448760","18","9732246"
"chr3","10192582","10192842","KN296485v1","433744","434004","17","9758838"
"chr3","10200012","10200137","KN295552v1","59038","59157","22","10140974"
"chr3","10232067","10232348","KN294747v1","1251549","1251847","70","8980518"
"chr3","10241491","10241669","KN295708v1","2379520","2379694","39","7861971"
"chr3","10247392","10247705","KN296485v1","380269","380578","23","9867123"
"chr3","10258736","10259021","KN296485v1","368328","368589","46","9890408"
"chr3","10260775","10260914","KN294873v1","1360444","1360583","39","8900331"
"chr3","10274485","10274820","KN297190v1","3515415","3515712","86","6759070"
"chr3","10283750","10283930","KN296485v1","264663","264853","33","10019087"
"chr3","10303529","10303800","KN296485v1","292427","292701","27","10011102"
"chr3","10306279","10306475","KN296176v1","652117","652287","58","9654162"
"chr3","10306608","10306765","KN295596v1","2978815","2978969","44","7327793"
"chr3","10308855","10309193","KN294453v1","4527","4826","80","10304328"
"chr3","10313036","10313328","KN296485v1","281783","282075","19","10031253"
"chr3","10316098","10316417","KN296485v1","342422","342731","78","9973676"
"chr3","10387844","10388120","KN296485v1","212843","213119","23","10175001"
"chr3","10401408","10401707","KN296485v1","199107","199398","27","10202301"
"chr3","10410656","10410962","KN296485v1","188175","188469","41","10222481"
"chr3","10412935","10413006","KN295350v1","1006997","1007072","20","9405938"
"chr3","10418350","10418637","KN296485v1","180765","181052","23","10237585"
"chr3","10420373","10420655","KN296485v1","178498","178788","26","10241875"
"chr3","10433002","10433237","KN294269v1","1245687","1245905","64","9187315"
"chr3","10436306","10436590","KN296485v1","164640","164932","20","10271666"
"chr3","10439963","10440254","KN296485v1","160986","161281","26","10278977"
"chr3","10446389","10446511","KN295893v1","966169","966292","20","9480220"
"chr3","10460018","10460105","KN296485v1","142300","142388","7","10317718"
"chr3","10464713","10464880","KN296498v1","152262","152426","29","10312451"
"chr3","10465197","10465330","KN295814v1","1707822","1707956","26","8757375"
"chr3","10466897","10467155","KN296485v1","136683","136945","38","10330214"
"chr3","10490691","10490990","KN295906v1","292781","293076","56","10197910"
"chr3","10502494","10502800","KN296485v1","102472","102771","39","10400022"
"chr3","10509719","10509952","KN296485v1","95079","95345","53","10414640"
"chr3","10521187","10521442","KN294193v1","584281","584536","56","9936906"
"chr3","10581566","10581835","KN294733v1","143432","143710","49","10438134"
"chr3","10594756","10595074","KN296430v1","167853","168171","79","10426903"
"chr3","10636667","10636975","KN297205v1","205027","205330","53","10431640"
"chr3","10670356","10670623","KN296096v1","1827942","1828211","55","8842414"
"chr3","10727889","10727976","KN295573v1","1536679","1536767","12","9191210"
"chr3","10864029","10864336","KN294218v1","2172277","2172581","58","8691752"
"chr3","10893261","10893349","KN296474v1","245041","245127","23","10648220"
"chr3","10893652","10893848","KN296665v1","120284","120476","46","10773368"
"chr3","10895939","10896101","KN295722v1","2530724","2530897","29","8365215"
"chr3","10910699","10910996","KN295243v1","930339","930624","66","9980360"
"chr3","10936668","10936788","KN296921v1","2810176","2810302","24","8126492"
"chr3","10961237","10961554","KN296311v1","3358167","3358474","59","7603070"
"chr3","11023312","11023610","KN294662v1","136013","136311","56","10887299"
"chr3","11146097","11146407","KN294705v1","1338492","1338793","53","9807605"
"chr3","11246047","11246337","KN296404v1","3404152","3404452","67","7841895"
"chr3","11264313","11264615","KN295474v1","1594208","1594509","74","9670105"
"chr3","11325994","11326292","KN294592v1","1072173","1072464","61","10253821"
"chr3","11335959","11336267","KN296682v1","4680106","4680412","51","6655853"
"chr3","11389693","11389900","KN297312v1","238887","239073","51","11150806"
"chr3","11392098","11392397","KN295433v1","429148","429443","63","10962950"
"chr3","11407139","11407421","KN296404v1","2213181","2213474","62","9193958"
"chr3","11462734","11463026","KN296187v1","394985","395272","51","11067749"
"chr3","11473188","11473320","KN296577v1","588956","589078","22","10884232"
"chr3","11473646","11473760","KN295014v1","12067","12185","31","11461579"
"chr3","11492113","11492407","KN294503v1","115352","115638","70","11376761"
"chr3","11551979","11552267","KN295365v1","618540","618829","50","10933439"
"chr3","11568431","11568564","KN297274v1","1193608","1193740","24","10374823"
"chr3","11590962","11591244","KN296096v1","3119397","3119689","55","8471565"
"chr3","11603875","11604162","KN296153v1","1425537","1425832","56","10178338"
"chr3","11638470","11638767","KN295459v1","697076","697373","55","10941394"
"chr3","11677017","11677303","KN295405v1","99686","99978","64","11577331"
"chr3","11683478","11683528","KN295171v1","630702","630752","11","11052776"
"chr3","11687182","11687432","KN295607v1","4408934","4409181","66","7278248"
"chr3","11689737","11689782","KN297245v1","2755122","2755168","9","8934615"
"chr3","11705781","11706066","KN294345v1","1041003","1041298","57","10664778"
"chr3","11713820","11714107","KN294987v1","797207","797503","68","10916613"
"chr3","11722445","11722577","KN295533v1","2521869","2522001","27","9200576"
"chr3","11723096","11723406","KN295501v1","522102","522406","61","11200994"
"chr3","11745631","11745933","KN294187v1","1248853","1249157","78","10496778"
"chr3","11754469","11754769","KN296145v1","809194","809494","64","10945275"
"chr3","11760422","11760750","KN295586v1","490009","490299","91","11270413"
"chr3","11779331","11779624","KN295343v1","574154","574446","58","11205177"
"chr3","11819005","11819221","KN294199v1","657786","657993","47","11161219"
"chr3","11830185","11830314","KN297095v1","2530131","2530260","19","9300054"
"chr3","11877581","11877871","KN294378v1","321491","321777","56","11556090"
"chr3","11928795","11929074","KN296486v1","1555508","1555767","62","10373287"
"chr3","11948765","11949041","KN295573v1","317169","317438","67","11631596"
"chr3","11963309","11963606","KN294933v1","696052","696349","58","11267257"
"chr3","11975605","11975906","KN296879v1","417388","417697","66","11558217"
"chr3","11996291","11996405","KN296726v1","1133896","1134009","20","10862395"
"chr3","12021451","12021750","KN297320v1","1234476","1234772","56","10786975"
"chr3","12033103","12033402","KN297245v1","2036362","2036663","65","9996741"
"chr3","12044516","12044824","KN296864v1","3246461","3246762","62","8798055"
"chr3","12044926","12045225","KN296538v1","1793220","1793524","58","10251706"
"chr3","12046488","12046785","KN294991v1","693040","693334","56","11353448"
"chr3","12051758","12051875","KN295368v1","1825999","1826117","17","10225759"
"chr3","12056596","12056850","KN296096v1","2485316","2485572","56","9571280"
"chr3","12064249","12064488","KN296145v1","1525643","1525893","53","10538606"
"chr3","12071769","12072058","KN296486v1","1505649","1505946","59","10566120"
"chr3","12078508","12078740","KN296195v1","16893","17114","45","12061615"
"chr3","12086289","12086584","KN297154v1","1608705","1609004","63","10477584"
"chr3","12091226","12091382","KN294592v1","905023","905168","34","11186203"
"chr3","12091548","12091575","KN295142v1","415699","415726","11","11675849"
"chr3","12091613","12091772","KN296153v1","3871226","3871389","37","8220387"
"chr3","12094073","12094380","KN297158v1","782512","782809","64","11311561"
"chr3","12103726","12104033","KN296311v1","3358167","3358474","64","8745559"
"chr3","12131757","12132057","KN296075v1","304763","305072","60","11826994"
"chr3","12145935","12146116","KN296485v1","264663","264853","27","11881272"
"chr3","12146404","12146539","KN296485v1","330861","331001","14","11815543"
"chr3","12202378","12202671","KN296864v1","2020102","2020402","60","10182276"
"chr3","12205880","12206086","KN296588v1","1945246","1945464","58","10260634"
"chr3","12216405","12216668","KN296738v1","104094","104348","54","12112311"
"chr3","12217084","12217398","KN295923v1","1997557","1997864","67","10219527"
"chr3","12240020","12240319","KN295814v1","1075335","1075640","63","11164685"
"chr3","12243996","12244305","KN295667v1","1243145","1243443","63","11000851"
"chr3","12263054","12263345","KN294404v1","21077","21359","74","12241977"
"chr3","12263550","12263852","KN297008v1","1477900","1478200","51","10785650"
"chr3","12290901","12291023","KN296637v1","536683","536809","21","11754218"
"chr3","12300473","12300597","KN297274v1","337343","337466","14","11963130"
"chr3","12315318","12315631","KN294630v1","208219","208530","68","12107099"
"chr3","12341765","12342066","KN295708v1","339152","339445","65","12002613"
"chr3","12473503","12473637","KN294996v1","377439","377570","21","12096064"
"chr3","12506526","12506832","KN294842v1","1661936","1662229","72","10844590"
"chr3","12513700","12513993","KN296062v1","2481180","2481463","71","10032520"
"chr3","12547795","12548089","KN295304v1","322010","322298","82","12225785"
"chr3","12556696","12556918","KN294842v1","652037","652250","41","11904659"
"chr3","12589127","12589394","KN294499v1","648944","649198","57","11940183"
"chr3","12591749","12592060","KN294470v1","3146483","3146791","62","9445266"
"chr3","12630983","12631110","KN295577v1","204219","204347","21","12426764"
"chr3","12633765","12634036","KN295343v1","424398","424678","57","12209367"
"chr3","12638371","12638671","KN296498v1","310989","311293","61","12327382"
"chr3","12653451","12653734","KN294499v1","2485948","2486229","54","10167503"
"chr3","12670452","12670727","KN295907v1","2632429","2632698","72","10038023"
"chr3","12674091","12674406","KN294874v1","202704","203018","63","12471387"
"chr3","12702368","12702651","KN296625v1","153154","153447","56","12549214"
"chr3","12719017","12719297","KN294630v1","160978","161266","49","12558039"
"chr3","12729508","12729793","KN294539v1","1350436","1350725","51","11379072"
"chr3","12747918","12748134","KN294592v1","886528","886735","47","11861390"
"chr3","12748244","12748414","KN297133v1","752216","752384","26","11996028"
"chr3","12773826","12774059","KN296711v1","142688","142914","51","12631138"
"chr3","12774265","12774533","KN296536v1","522530","522805","59","12251735"
"chr3","12778378","12778555","KN296486v1","164391","164572","39","12613987"
"chr3","12804657","12804928","KN294172v1","4540005","4540269","64","8264652"
"chr3","12817041","12817322","KN295573v1","1191979","1192253","55","11625062"
"chr3","12837122","12837322","KN294630v1","142917","143123","51","12694205"
"chr3","12864698","12864973","KN295820v1","827923","828191","58","12036775"
"chr3","12879208","12879332","KN295744v1","449867","449990","17","12429341"
"chr3","12880749","12881057","KN296732v1","3479214","3479502","87","9401535"
"chr3","12899188","12899490","KN295605v1","246767","247065","67","12652421"
"chr3","12902626","12902914","KN295368v1","514664","514959","71","12387962"
"chr3","12914948","12915087","KN297095v1","1555072","1555195","27","11359876"
"chr3","12922668","12922982","KN294233v1","220149","220458","67","12702519"
"chr3","12937998","12938246","KN297227v1","201717","201972","55","12736281"
"chr3","12947567","12947699","KN296357v1","207753","207885","19","12739814"
"chr3","12975413","12975721","KN294251v1","1587049","1587347","73","11388364"
"chr3","12985198","12985478","KN295319v1","10234","10518","32","12974964"
"chr3","12986279","12986578","KN295319v1","11244","11549","30","12975035"
"chr3","12991444","12991656","KN295319v1","16453","16669","26","12974991"
"chr3","13002248","13002566","KN295319v1","27017","27352","33","12975231"
"chr3","13005231","13005538","KN296682v1","4680106","4680412","60","8325125"
"chr3","13008173","13008344","KN295708v1","2758302","2758465","37","10249871"
"chr3","13021044","13021200","KN295319v1","47049","47194","19","12973995"
"chr3","13029230","13029519","KN295319v1","60534","60825","35","12968696"
"chr3","13039205","13039403","KN295319v1","71872","72076","18","12967333"
"chr3","13075526","13075790","KN296795v1","560111","560401","74","12515415"
"chr3","13105387","13105563","KN295319v1","142107","142261","35","12963280"
"chr3","13109853","13110146","KN295319v1","146638","146929","40","12963215"
"chr3","13111114","13111368","KN295319v1","152936","153194","18","12958178"
"chr3","13148677","13148960","KN294147v1","1992101","1992383","64","11156576"
"chr3","13153932","13154077","KN296153v1","2476975","2477120","38","10676957"
"chr3","13186364","13186674","KN295319v1","223867","224157","46","12962497"
"chr3","13245051","13245358","KN295319v1","283735","284032","31","12961316"
"chr3","13288500","13288679","KN295319v1","328884","329064","6","12959616"
"chr3","13327166","13327453","KN295319v1","367549","367839","17","12959617"
"chr3","13344732","13344902","KN294911v1","4147367","4147538","51","9197365"
"chr3","13348961","13349265","KN296096v1","2975388","2975700","60","10373573"
"chr3","13357007","13357294","KN295352v1","1033145","1033430","55","12323862"
"chr3","13404453","13404742","KN295319v1","441034","441321","24","12963419"
"chr3","13405262","13405451","KN295319v1","441844","442028","22","12963418"
"chr3","13410443","13410516","KN294619v1","1424683","1424756","12","11985760"
"chr3","13466023","13466332","KN296508v1","1897818","1898123","60","11568205"
"chr3","13504001","13504298","KN295319v1","558032","558295","46","12945969"
"chr3","13522266","13522598","KN295319v1","576682","576954","75","12945584"
"chr3","13555745","13556044","KN295319v1","609780","610080","29","12945965"
"chr3","13675159","13675460","KN294470v1","2784007","2784301","68","10891152"
"chr3","13690698","13691004","KN295319v1","743695","743988","35","12947003"
"chr3","13714813","13714902","KN295319v1","766929","767015","9","12947884"
"chr3","13722760","13723050","KN295319v1","775292","775563","47","12947468"
"chr3","13726170","13726473","KN295319v1","778684","778991","29","12947486"
"chr3","13746754","13747038","KN294874v1","529713","529993","54","13217041"
"chr3","13815204","13815440","KN295977v1","1140774","1141022","52","12674430"
"chr3","13828848","13828963","KN295523v1","2729770","2729885","21","11099078"
"chr3","13831061","13831348","KN296178v1","761055","761351","60","13070006"
"chr3","13853366","13853497","KN295350v1","540024","540155","19","13313342"
"chr3","13859277","13859581","KN295705v1","643615","643917","53","13215662"
"chr3","13864130","13864401","KN296538v1","378511","378781","62","13485619"
"chr3","14017984","14018213","KN296119v1","3353927","3354151","54","10664057"
"chr3","14127271","14127563","KN296865v1","959606","959890","68","13167665"
"chr3","14240828","14240953","KN297083v1","758825","758949","17","13482003"
"chr3","14295883","14296049","KN296096v1","628556","628723","37","13667327"
"chr3","14320577","14320883","KN295744v1","654344","654638","66","13666233"
"chr3","14323268","14323573","KN295405v1","143132","143424","67","14180136"
"chr3","14368695","14368982","KN295596v1","2273932","2274219","53","12094763"
"chr3","14389156","14389279","KN295708v1","2162566","2162690","18","12226590"
"chr3","14440753","14440899","KN294592v1","905023","905168","29","13535730"
"chr3","14466056","14466363","KN296795v1","715537","715845","60","13750519"
"chr3","14473606","14473770","KN296635v1","3587020","3587182","35","10886586"
"chr3","14473806","14473932","KN294961v1","41996","42121","18","14431810"
"chr3","14501680","14501972","KN296778v1","75291","75577","65","14426389"
"chr3","14517012","14517327","KN294991v1","541866","542182","65","13975146"
"chr3","14525853","14526142","KN295368v1","1592579","1592873","71","12933274"
"chr3","14530516","14530808","KN296096v1","3508595","3508884","50","11021921"
"chr3","14560096","14560385","KN297442v1","1544491","1544771","57","13015605"
"chr3","14564886","14565199","KN294470v1","3413630","3413946","61","11151256"
"chr3","14575681","14575942","KN296110v1","258399","258667","57","14317282"
"chr3","14585621","14585868","KN294407v1","494882","495110","61","14090739"
"chr3","14587820","14588117","KN297320v1","1234476","1234772","43","13353344"
"chr3","14589650","14589964","KN294234v1","1323178","1323489","62","13266472"
"chr3","14602866","14603157","KN297312v1","604174","604466","57","13998692"
"chr3","14615057","14615072","KN294893v1","158225","158241","3","14456832"
"chr3","14615100","14615390","KN296253v1","188046","188333","46","14427054"
"chr3","14676591","14676890","KN296357v1","601940","602226","62","14074651"
"chr3","14679124","14679250","KN295533v1","2521869","2522001","23","12157255"
"chr3","14699202","14699497","KN296311v1","7907830","7908116","62","6791372"
"chr3","14746665","14746906","KN295343v1","1026743","1027006","61","13719922"
"chr3","14761162","14761449","KN295038v1","1531301","1531595","58","13229861"
"chr3","14805012","14805250","KN295371v1","66309","66526","57","14738703"
"chr3","14822836","14823150","KN296158v1","77381","77686","68","14745455"
"chr3","14857519","14857798","KN294848v1","912345","912627","52","13945174"
"chr3","14857799","14857927","KN294218v1","2022682","2022815","24","12835117"
"chr3","14976725","14977031","KN297058v1","99510","99823","63","14877215"
"chr3","15016635","15016949","KN295923v1","1997557","1997864","55","13019078"
"chr3","15052445","15052681","KN296153v1","1417144","1417371","48","13635301"
"chr3","15135504","15135773","KN295930v1","742582","742860","56","14392922"
"chr3","15141293","15141615","KN297320v1","1234476","1234772","63","13906817"
"chr3","15149136","15149441","KN294987v1","554723","555026","60","14594413"
"chr3","15154599","15154906","KN296253v1","964260","964568","63","14190339"
"chr3","15155740","15155994","KN295236v1","4034453","4034716","58","11121287"
"chr3","15166122","15166239","KN295480v1","3216966","3217084","24","11949156"
"chr3","15188499","15188618","KN297083v1","758825","758949","23","14429674"
"chr3","15188921","15189086","KN294710v1","128924","129084","36","15059997"
"chr3","15189374","15189506","KN294172v1","4384631","4384761","23","10804743"
"chr3","15196632","15196916","KN297245v1","1465123","1465415","59","13731509"
"chr3","15227289","15227473","KN294470v1","3415512","3415688","44","11811777"
"chr3","15245628","15245839","KN295096v1","1907554","1907746","61","13338074"
"chr3","15250619","15250925","KN294668v1","4137999","4138299","59","11112620"
"chr3","15255275","15255594","KN294486v1","905644","905951","74","14349631"
"chr3","15258387","15258626","KN294239v1","375904","376124","63","14882483"
"chr3","15265040","15265305","KN296466v1","76926","77209","71","15188114"
"chr3","15268298","15268427","KN296019v1","450328","450461","16","14817970"
"chr3","15269182","15269476","KN294172v1","734416","734711","50","14534766"
"chr3","15299757","15299977","KN296955v1","211254","211479","50","15088503"
"chr3","15300510","15300637","KN295350v1","540024","540155","26","14760486"
"chr3","15349289","15349516","KN295022v1","674715","674947","57","14674574"
"chr3","15355246","15355463","KN295692v1","3740941","3741142","52","11614305"
"chr3","15356599","15356871","KN296378v1","576734","577019","69","14779865"
"chr3","15360100","15360378","KN296884v1","212592","212879","63","15147508"
"chr3","15380981","15381287","KN294991v1","469014","469325","65","14911967"
"chr3","15382556","15382850","KN296864v1","3187581","3187876","62","12194975"
"chr3","15404407","15404557","KN294536v1","1341944","1342088","32","14062463"
"chr3","15425241","15425545","KN294703v1","272634","272925","71","15152607"
"chr3","15432838","15433113","KN294842v1","393112","393387","57","15039726"
"chr3","15448642","15448909","KN297452v1","749329","749594","58","14699313"
"chr3","15472644","15472898","KN296096v1","2485316","2485572","53","12987328"
"chr3","15498490","15498795","KN297245v1","1434267","1434558","71","14064223"
"chr3","15500303","15500589","KN296311v1","8130976","8131263","56","7369327"
"chr3","15512701","15512994","KN294571v1","2182994","2183281","59","13329707"
"chr3","15560335","15560618","KN295375v1","750018","750313","65","14810317"
"chr3","15561849","15562060","KN294161v1","705737","705944","49","14856112"
"chr3","15590793","15591049","KN294251v1","3783455","3783706","60","11807338"
"chr3","15597675","15597796","KN296305v1","864903","865019","20","14732772"
"chr3","15598079","15598264","KN294741v1","906622","906810","41","14691457"
"chr3","15600316","15600607","KN296192v1","92276","92563","65","15508040"
"chr3","15600728","15601017","KN296991v1","1285521","1285809","58","14315207"
"chr3","15616896","15617197","KN296442v1","641367","641657","67","14975529"
"chr3","15622057","15622384","KN296578v1","147777","148081","89","15474280"
"chr3","15625492","15625798","KN294187v1","1686838","1687135","56","13938654"
"chr3","15628887","15628973","KN295523v1","1126709","1126789","21","14502178"
"chr3","15629105","15629290","KN294416v1","354557","354730","36","15274548"
"chr3","15642020","15642096","KN294416v1","669171","669244","15","14972849"
"chr3","15642385","15642592","KN294685v1","749207","749420","52","14893178"
"chr3","15646710","15646966","KN296178v1","950786","951044","55","14695924"
"chr3","15652292","15652568","KN295294v1","2313084","2313366","56","13339208"
"chr3","15671301","15671528","KN294705v1","1992916","1993137","54","13678385"
"chr3","15677449","15677666","KN296761v1","603179","603389","46","15074270"
"chr3","15678980","15679282","KN295501v1","522102","522406","58","15156878"
"chr3","15681691","15681897","KN294239v1","375904","376124","53","15305787"
"chr3","15684192","15684356","KN295855v1","119420","119594","39","15564772"
"chr3","15684657","15684704","KN294281v1","1219858","1219905","9","14464799"
"chr3","15686313","15686628","KN296732v1","2736916","2737221","62","12949397"
"chr3","15700007","15700266","KN295573v1","164272","164537","64","15535735"
"chr3","15708765","15708877","KN297186v1","885690","885805","26","14823075"
"chr3","15717144","15717458","KN294630v1","516314","516631","55","15200830"
"chr3","15735365","15735583","KN297168v1","196543","196767","49","15538822"
"chr3","15820209","15820460","KN294486v1","1449359","1449610","57","14370850"
"chr3","15821802","15822097","KN295526v1","910683","910978","57","14911119"
"chr3","15834197","15834471","KN294470v1","2756337","2756617","64","13077860"
"chr3","15837207","15837476","KN295205v1","918665","918930","65","14918542"
"chr3","15876228","15876519","KN294172v1","3088878","3089163","61","12787350"
"chr3","15880044","15880352","KN294251v1","1558364","1558664","66","14321680"
"chr3","15888603","15888908","KN294199v1","498789","499100","67","15389814"
"chr3","15933884","15934176","KN297245v1","2036362","2036663","55","13897522"
"chr3","15940729","15941000","KN297197v1","3710689","3710969","51","12230040"
"chr3","15952272","15952576","KN296852v1","2317334","2317633","52","13634938"
"chr3","15953881","15954185","KN294964v1","1674001","1674300","65","14279880"
"chr3","15985161","15985445","KN296430v1","431034","431317","63","15554127"
"chr3","16026357","16026575","KN296308v1","418520","418746","63","15607837"
"chr3","16028245","16028491","KN294407v1","3261413","3261668","63","12766832"
"chr3","16075227","16075513","KN294407v1","2062403","2062693","59","14012824"
"chr3","16078872","16079173","KN296406v1","163962","164264","52","15914910"
"chr3","16088045","16088323","KN297343v1","411864","412150","53","15676181"
"chr3","16128169","16128478","KN296682v1","4680106","4680412","66","11448063"
"chr3","16138222","16138269","KN295282v1","72181","72228","8","16066041"
"chr3","16158820","16159118","KN297245v1","2036362","2036663","54","14122458"
"chr3","16163956","16164258","KN296365v1","578722","579023","57","15585234"
"chr3","16178052","16178185","KN294389v1","170093","170219","26","16007959"
"chr3","16178485","16178658","KN295441v1","1495063","1495243","36","14683422"
"chr3","16218090","16218362","KN294803v1","155375","155649","58","16062715"
"chr3","16255582","16255856","KN295294v1","399696","399959","57","15855886"
"chr3","16312806","16313089","KN294187v1","1135800","1136080","58","15177006"
"chr3","16385951","16386245","KN294506v1","323631","323924","50","16062320"
"chr3","16418261","16418382","KN297184v1","183545","183666","22","16234716"
"chr3","16520583","16520846","KN295719v1","76863","77125","73","16443720"
"chr3","16535452","16535762","KN294172v1","4180696","4181003","65","12354756"
"chr3","16575315","16575600","KN296505v1","271820","272108","56","16303495"
"chr3","16605174","16605463","KN294499v1","1400109","1400389","62","15205065"
"chr3","16622506","16622781","KN294172v1","5582364","5582637","55","11040142"
"chr3","16656372","16656688","KN295430v1","989467","989768","66","15666905"
"chr3","16657730","16657982","KN296122v1","111873","112129","56","16545857"
"chr3","16668993","16669308","KN297146v1","225740","226041","66","16443253"
"chr3","16678873","16679165","KN296308v1","1228876","1229168","57","15449997"
"chr3","16691991","16692301","KN295667v1","1243145","1243443","66","15448846"
"chr3","16694443","16694571","KN294224v1","501938","502067","21","16192505"
"chr3","16699749","16700033","KN296731v1","1332371","1332626","63","15367378"
"chr3","16724163","16724328","KN294470v1","3415512","3415688","41","13308651"
"chr3","16765667","16765834","KN296435v1","2316351","2316515","42","14449316"
"chr3","16794162","16794475","KN295102v1","208040","208354","72","16586122"
"chr3","16806408","16806718","KN296404v1","3404152","3404452","59","13402256"
"chr3","16879439","16879649","KN296945v1","85331","85537","30","16794108"
"chr3","16881996","16882106","KN296945v1","82880","82985","20","16799116"
"chr3","16988618","16988913","KN296314v1","472213","472506","69","16516405"
"chr3","17008985","17009191","KN296108v1","261466","261666","56","16747519"
"chr3","17139722","17140024","KN294842v1","904138","904435","56","16235584"
"chr3","17183820","17184112","KN296847v1","4573","4868","63","17179247"
"chr3","17218294","17218595","KN295236v1","6176659","6176963","61","11041635"
"chr3","17272161","17272333","KN295722v1","2530724","2530897","36","14741437"
"chr3","17272630","17272763","KN294147v1","1942383","1942515","26","15330247"
"chr3","17293445","17293569","KN295722v1","2720205","2720326","15","14573240"
"chr3","17337173","17337436","KN296743v1","1303030","1303306","59","16034143"
"chr3","17376669","17376792","KN295362v1","1296321","1296443","31","16080348"
"chr3","17383554","17383828","KN294991v1","1461634","1461903","67","15921920"
"chr3","17408573","17408853","KN296528v1","1409160","1409450","53","15999413"
"chr3","17437834","17438119","KN296682v1","2405599","2405894","68","15032235"
"chr3","17443716","17444034","KN295430v1","2412121","2412425","73","15031595"
"chr3","17457062","17457348","KN297467v1","138724","139014","64","17318338"
"chr3","17466605","17466830","KN295045v1","597736","597951","44","16868869"
"chr3","17468841","17469127","KN295923v1","2218620","2218903","62","15250221"
"chr3","17485136","17485445","KN294945v1","733168","733476","76","16751968"
"chr3","17522565","17522820","KN294964v1","1802650","1802913","58","15719915"
"chr3","17534878","17535157","KN296009v1","171199","171477","65","17363679"
"chr3","17553863","17554082","KN294470v1","1188360","1188573","48","16365503"
"chr3","17580649","17580918","KN295994v1","426884","427156","70","17153765"
"chr3","17587515","17587814","KN296864v1","3187581","3187876","57","14399934"
"chr3","17607248","17607524","KN296290v1","1252498","1252783","65","16354750"
"chr3","17623066","17623191","KN294768v1","20327","20450","30","17602739"
"chr3","17667665","17667953","KN295301v1","1369272","1369553","76","16298393"
"chr3","17679010","17679332","KN296864v1","3265179","3265496","74","14413831"
"chr3","17707376","17707465","KN295832v1","1159795","1159880","26","16547581"
"chr3","17721602","17721895","KN295708v1","2318380","2318676","53","15403222"
"chr3","17785688","17785938","KN295977v1","1140774","1141022","57","16644914"
"chr3","17801908","17802023","KN294790v1","3236928","3237050","24","14564980"
"chr3","17802864","17803176","KN295708v1","2277404","2277721","57","15525460"
"chr3","17819846","17820141","KN296404v1","3404152","3404452","65","14415694"
"chr3","17834550","17834841","KN296311v1","4657276","4657569","74","13177274"
"chr3","17848679","17848748","KN294207v1","39504","39570","17","17809175"
"chr3","17865590","17865886","KN297028v1","473285","473576","69","17392305"
"chr3","17921215","17921507","KN296864v1","2917034","2917326","52","15004181"
"chr3","17972048","17972336","KN297452v1","2278288","2278582","62","15693760"
"chr3","17977035","17977313","KN295820v1","827923","828191","68","17149112"
"chr3","17991420","17991737","KN295962v1","458497","458810","61","17532923"
"chr3","18090831","18091061","KN295907v1","1163696","1163930","67","16927135"
"chr3","18091859","18092158","KN296528v1","1409160","1409450","64","16682699"
"chr3","18137097","18137386","KN295601v1","767877","768169","60","17369220"
"chr3","18208838","18209042","KN296157v1","3845535","3845736","44","14363303"
"chr3","18214082","18214404","KN295420v1","119508","119820","74","18094574"
"chr3","18542830","18543149","KN296921v1","2958119","2958410","75","15584711"
"chr3","18740879","18741108","KN294848v1","281563","281800","55","18459316"
"chr3","18797510","18797594","KN296811v1","1694","1776","19","18795816"
"chr3","18965884","18966077","KN294421v1","1070566","1070741","51","17895318"
"chr3","19021581","19021705","KN294526v1","473709","473833","22","18547872"
"chr3","19042965","19043010","KN296096v1","358714","358762","14","18684251"
"chr3","19043046","19043219","KN295236v1","3532433","3532615","41","15510613"
"chr3","19064620","19064928","KN296019v1","466074","466382","65","18598546"
"chr3","19084742","19085042","KN297452v1","1197785","1198080","63","17886957"
"chr3","19279970","19280195","KN294539v1","1644757","1644978","52","17635213"
"chr3","19384997","19385259","KN294444v1","373486","373751","65","19011511"
"chr3","19522697","19522977","KN295034v1","512631","512930","68","19010066"
"chr3","19528965","19529293","KN295962v1","515514","515803","96","19013451"
"chr3","19540237","19540511","KN295497v1","862569","862850","65","18677668"
"chr3","19634167","19634460","KN296485v1","448473","448760","60","19185694"
"chr3","19711504","19711802","KN296120v1","108972","109275","57","19602532"
"chr3","19972896","19973127","KN297197v1","1590691","1590924","51","18382205"
"chr3","19994706","19994987","KN297408v1","620642","620923","58","19374064"
"chr3","20003208","20003484","KN296062v1","1147001","1147283","68","18856207"
"chr3","20044639","20044944","KN295352v1","936355","936655","69","19108284"
"chr3","20048050","20048345","KN296157v1","1306738","1307031","60","18741312"
"chr3","20052430","20052681","KN297452v1","950162","950417","52","19102268"
"chr3","20063286","20063573","KN296481v1","518302","518590","62","19544984"
"chr3","20083803","20084108","KN297197v1","4739019","4739331","64","15344784"
"chr3","20100321","20100601","KN295365v1","618540","618829","66","19481781"
"chr3","20133428","20133735","KN296075v1","597196","597504","53","19536232"
"chr3","20136961","20137189","KN297197v1","1047088","1047313","58","19089873"
"chr3","20141563","20141833","KN297163v1","1625715","1625993","59","18515848"
"chr3","20150601","20150738","KN296883v1","732909","733044","25","19417692"
"chr3","20164576","20164820","KN294172v1","4930444","4930685","64","15234132"
"chr3","20165401","20165700","KN295430v1","989467","989768","60","19175934"
"chr3","20167675","20167804","KN294739v1","760580","760711","26","19407095"
"chr3","20181106","20181349","KN296191v1","1581579","1581822","15","18599527"
"chr3","20186336","20186561","KN297105v1","2780877","2781113","69","17405459"
"chr3","20186562","20186795","KN296191v1","1575823","1576054","17","18610739"
"chr3","20201518","20201786","KN294513v1","408483","408737","76","19793035"
"chr3","20209050","20209348","KN296191v1","1552320","1552622","25","18656730"
"chr3","20212318","20212633","KN296191v1","1549117","1549421","40","18663201"
"chr3","20213169","20213462","KN296191v1","1548288","1548581","15","18664881"
"chr3","20216319","20216614","KN296191v1","1545050","1545337","36","18671269"
"chr3","20231364","20231655","KN296191v1","1531042","1531333","26","18700322"
"chr3","20239563","20239831","KN295744v1","187097","187357","59","20052466"
"chr3","20255533","20255782","KN296191v1","1509430","1509687","24","18746103"
"chr3","20258172","20258467","KN296191v1","1506779","1507074","17","18751393"
"chr3","20262130","20262456","KN296191v1","1503097","1503412","38","18759033"
"chr3","20269134","20269439","KN296191v1","1495980","1496284","37","18773154"
"chr3","20274289","20274413","KN296191v1","1489667","1489808","22","18784622"
"chr3","20274720","20274907","KN296191v1","1489178","1489360","20","18785542"
"chr3","20282438","20282736","KN296191v1","1480353","1480649","18","18802085"
"chr3","20309105","20309379","KN296191v1","1452380","1452646","36","18856725"
"chr3","20336616","20336911","KN296191v1","1423580","1423877","26","18913036"
"chr3","20349291","20349600","KN296191v1","1410521","1410830","19","18938770"
"chr3","20351377","20351711","KN295984v1","717523","717826","73","19633854"
"chr3","20355070","20355336","KN296191v1","1404701","1404980","30","18950369"
"chr3","20377301","20377609","KN296191v1","1381723","1382032","19","18995578"
"chr3","20394875","20395084","KN296191v1","1363326","1363538","13","19031549"
"chr3","20406266","20406548","KN296191v1","1345930","1346213","25","19060336"
"chr3","20418942","20419233","KN296191v1","1333344","1333635","19","19085598"
"chr3","20420347","20420655","KN296191v1","1331910","1332221","38","19088437"
"chr3","20429017","20429296","KN296191v1","1323269","1323559","29","19105748"
"chr3","20583220","20583353","KN296191v1","1150471","1150595","16","19432749"
"chr3","20595122","20595414","KN296311v1","7907830","7908116","61","12687292"
"chr3","20726326","20726602","KN296191v1","1010253","1010535","29","19716073"
"chr3","20911607","20911857","KN296281v1","84889","85136","63","20826718"
"chr3","21018095","21018298","KN296191v1","692136","692347","17","20325959"
"chr3","21392936","21393110","KN296191v1","316404","316584","20","21076532"
"chr3","21479242","21479354","KN296191v1","236330","236428","20","21242912"
"chr3","21651943","21652227","KN296191v1","76582","76861","18","21575361"
"chr3","21682709","21682988","KN294945v1","35538","35813","60","21647171"
"chr3","21737330","21737468","KN296158v1","480140","480278","26","21257190"
"chr3","21767861","21768146","KN295349v1","58082","58373","69","21709779"
"chr3","21831781","21832110","KN296921v1","2806970","2807282","87","19024811"
"chr3","21836868","21837152","KN294478v1","119569","119854","69","21717299"
"chr3","21842537","21842794","KN294536v1","1718881","1719142","69","20123656"
"chr3","21965637","21965919","KN294410v1","231612","231894","57","21734025"
"chr3","22225561","22225891","KN294873v1","797665","797981","86","21427896"
"chr3","22333709","22334004","KN297095v1","1062039","1062318","81","21271670"
"chr3","22358648","22358922","KN294372v1","683041","683334","80","21675607"
"chr3","22486315","22486625","KN296019v1","454388","454677","85","22031927"
"chr3","22986284","22986562","KN296528v1","1409160","1409450","59","21577124"
"chr3","23137192","23137496","KN296587v1","97185","97473","46","23040007"
"chr3","23201665","23201961","KN294964v1","1674001","1674300","63","21527664"
"chr3","23210317","23210628","KN295591v1","745641","745936","71","22464676"
"chr3","23321093","23321372","KN296864v1","1528627","1528910","51","21792466"
"chr3","23370526","23370717","KN295057v1","880798","880987","43","22489728"
"chr3","23401294","23401569","KN295349v1","58082","58373","75","23343212"
"chr3","23402709","23403008","KN296557v1","891864","892163","59","22510845"
"chr3","23448865","23449151","KN297046v1","3036778","3037058","59","20412087"
"chr3","23451723","23452017","KN297452v1","2278288","2278582","71","21173435"
"chr3","23479404","23479705","KN295722v1","2780310","2780594","74","20699094"
"chr3","23483551","23483702","KN296158v1","480140","480278","41","23003411"
"chr3","23484012","23484153","KN294475v1","702233","702372","34","22781779"
"chr3","23499739","23500000","KN294513v1","408483","408737","70","23091256"
"chr3","23518891","23519177","KN295941v1","2103630","2103913","60","21415261"
"chr3","23520994","23521311","KN297219v1","424500","424799","81","23096494"
"chr3","23528303","23528620","KN296187v1","1470446","1470746","70","22057857"
"chr3","23546619","23546667","KN295486v1","802881","802928","12","22743738"
"chr3","23573043","23573335","KN296883v1","3821238","3821523","55","19751805"
"chr3","23582128","23582294","KN296682v1","2332693","2332839","55","21249435"
"chr3","23608528","23608810","KN297225v1","759087","759375","52","22849441"
"chr3","23617696","23617990","KN296495v1","3365411","3365699","70","20252285"
"chr3","23653782","23654093","KN296119v1","3830745","3831065","69","19823037"
"chr3","23690262","23690537","KN294187v1","1544293","1544543","71","22145969"
"chr3","23707464","23707764","KN296731v1","626085","626383","55","23081379"
"chr3","23711222","23711512","KN295744v1","666795","667086","56","23044427"
"chr3","23747030","23747340","KN295343v1","329489","329788","55","23417541"
"chr3","23750460","23750768","KN294571v1","292708","293021","64","23457752"
"chr3","23755435","23755710","KN295592v1","2120017","2120297","63","21635418"
"chr3","23775527","23775693","KN295984v1","3198896","3199046","44","20576631"
"chr3","23777829","23777951","KN294647v1","65721","65847","17","23712108"
"chr3","23816562","23816789","KN296191v1","1575823","1576054","67","22240739"
"chr3","23820583","23820877","KN295591v1","745641","745936","63","23074942"
"chr3","23821793","23822085","KN294199v1","65187","65474","53","23756606"
"chr3","23865167","23865435","KN295708v1","2704442","2704705","66","21160725"
"chr3","23871661","23871995","KN296795v1","1977207","1977538","77","21894454"
"chr3","23874960","23875254","KN295241v1","55670","55954","56","23819290"
"chr3","23889707","23889861","KN296122v1","431013","431172","34","23458694"
"chr3","23919892","23920159","KN294848v1","912345","912627","58","23007547"
"chr3","23922706","23922892","KN294193v1","654675","654876","49","23268031"
"chr3","23939882","23940184","KN295706v1","344254","344553","65","23595628"
"chr3","23940934","23941222","KN296079v1","1376026","1376316","57","22564908"
"chr3","23941525","23941654","KN296611v1","27018","27140","41","23914507"
"chr3","23941954","23942042","KN294193v1","102539","102625","17","23839415"
"chr3","23953913","23954212","KN297046v1","1275110","1275406","56","22678803"
"chr3","23967553","23967852","KN296404v1","3404152","3404452","52","20563401"
"chr3","23975298","23975601","KN296948v1","1363475","1363763","56","22611823"
"chr3","23979173","23979464","KN294592v1","290236","290528","55","23688937"
"chr3","23983272","23983580","KN297274v1","350272","350572","65","23633000"
"chr3","23984763","23984927","KN296281v1","67757","67920","34","23917006"
"chr3","23987379","23987644","KN294456v1","51142","51399","70","23936237"
"chr3","23988982","23989298","KN295320v1","53994","54294","69","23934988"
"chr3","24021179","24021399","KN296019v1","440192","440409","49","23580987"
"chr3","24033270","24033542","KN297159v1","1155407","1155679","55","22877863"
"chr3","24053517","24053815","KN294172v1","2150711","2151006","70","21902806"
"chr3","24067740","24068011","KN294668v1","2331988","2332262","56","21735752"
"chr3","24072259","24072544","KN297095v1","2221896","2222176","61","21850363"
"chr3","24073732","24074032","KN296119v1","5385215","5385515","57","18688517"
"chr3","24080783","24080977","KN296187v1","2477002","2477198","47","21603781"
"chr3","24088588","24088702","KN294506v1","238664","238778","13","23849924"
"chr3","24089090","24089365","KN295077v1","43556","43846","69","24045534"
"chr3","24089898","24090189","KN296311v1","3727125","3727424","63","20362773"
"chr3","24101090","24101353","KN296096v1","2485316","2485572","55","21615774"
"chr3","24113413","24113670","KN296357v1","360516","360771","63","23752897"
"chr3","24122430","24122725","KN296192v1","92276","92563","60","24030154"
"chr3","24131553","24131824","KN294470v1","1960650","1960907","71","22170903"
"chr3","24132941","24133252","KN295474v1","1114480","1114787","68","23018461"
"chr3","24157538","24157647","KN294251v1","3708992","3709104","20","20448546"
"chr3","24170768","24171083","KN295501v1","522102","522406","69","23648666"
"chr3","24171152","24171455","KN297227v1","797733","798039","55","23373419"
"chr3","24173578","24173874","KN295586v1","2908076","2908370","62","21265502"
"chr3","24175420","24175719","KN296312v1","544892","545188","64","23630528"
"chr3","24189398","24189700","KN294592v1","290236","290528","70","23899162"
"chr3","24193741","24194030","KN296864v1","3187581","3187876","56","21006160"
"chr3","24210338","24210637","KN294705v1","473390","473687","61","23736948"
"chr3","24227883","24228158","KN296322v1","829255","829530","70","23398628"
"chr3","24271807","24271917","KN296311v1","7668883","7668984","25","16602924"
"chr3","24272249","24272375","KN294181v1","1104026","1104148","21","23168223"
"chr3","24343134","24343439","KN296404v1","3404152","3404452","76","20938982"
"chr3","24386080","24386385","KN295430v1","989467","989768","57","23396613"
"chr3","24467342","24467413","KN296062v1","2335710","2335775","14","22131632"
"chr3","24478200","24478503","KN297165v1","2249151","2249453","60","22229049"
"chr3","24497282","24497563","KN294486v1","1006646","1006922","61","23490636"
"chr3","24506647","24506951","KN296101v1","26057","26365","59","24480590"
"chr3","24556841","24557141","KN296588v1","922323","922632","54","23634518"
"chr3","24596713","24596795","KN296117v1","549308","549393","12","24047405"
"chr3","24657559","24657686","KN297008v1","4021469","4021598","19","20636090"
"chr3","24683860","24684167","KN294873v1","876331","876631","59","23807529"
"chr3","24691078","24691366","KN295303v1","101806","102083","70","24589272"
"chr3","24779918","24780206","KN294372v1","683041","683334","63","24096877"
"chr3","24859219","24859366","KN296732v1","2054521","2054667","32","22804698"
"chr3","24964692","24964901","KN295090v1","2015737","2015951","44","22948955"
"chr3","24978511","24978803","KN294499v1","2466913","2467200","58","22511598"
"chr3","25005270","25005560","KN296404v1","3404152","3404452","52","21601118"
"chr3","25010410","25010693","KN295930v1","371347","371628","59","24639063"
"chr3","25010753","25010902","KN295350v1","640869","641011","34","24369884"
"chr3","25053775","25054062","KN296187v1","803116","803397","66","24250659"
"chr3","25082811","25083103","KN296913v1","1365167","1365453","58","23717644"
"chr3","25111160","25111285","KN296079v1","478071","478191","25","24633089"
"chr3","25125157","25125447","KN294470v1","1638144","1638434","62","23487013"
"chr3","25143228","25143351","KN294954v1","52974","53096","16","25090254"
"chr3","25162243","25162548","KN295936v1","2737563","2737863","78","22424680"
"chr3","25178112","25178388","KN294187v1","1653394","1653672","62","23524718"
"chr3","25347320","25347562","KN295343v1","122000","122240","64","25225320"
"chr3","25393706","25394014","KN295034v1","512631","512930","66","24881075"
"chr3","25401230","25401538","KN294728v1","1536659","1536964","61","23864571"
"chr3","25416628","25416811","KN295722v1","2530724","2530897","49","22885904"
"chr3","25637974","25638091","KN295596v1","1501895","1502012","15","24136079"
"chr3","25840199","25840493","KN297442v1","1913260","1913548","59","23926939"
"chr3","25952344","25952582","KN296486v1","1555508","1555767","69","24396836"
"chr3","25984612","25984839","KN295090v1","1887942","1888173","64","24096670"
"chr3","25990354","25990653","KN296538v1","1793220","1793524","54","24197134"
"chr3","26012271","26012546","KN295573v1","317169","317438","74","25695102"
"chr3","26024164","26024373","KN294873v1","1166657","1166868","56","24857507"
"chr3","26038253","26038569","KN295923v1","2248938","2249256","73","23789315"
"chr3","26091389","26091607","KN294234v1","1434233","1434445","50","24657156"
"chr3","26151030","26151335","KN295474v1","720854","721152","89","25430176"
"chr3","26376361","26376647","KN296311v1","7907830","7908116","48","18468531"
"chr3","26488142","26488429","KN296017v1","366720","367014","64","26121422"
"chr3","26518401","26518706","KN294470v1","1776818","1777118","60","24741583"
"chr3","26520842","26520929","KN295346v1","817245","817332","19","25703597"
"chr3","26604217","26604533","KN297095v1","3256668","3256971","70","23347549"
"chr3","26762535","26762817","KN295293v1","227634","227931","65","26534901"
"chr3","26992545","26992804","KN296117v1","365599","365876","72","26626946"
"chr3","27093827","27094130","KN297083v1","124821","125130","58","26969006"
"chr3","27198146","27198473","KN296959v1","577739","578057","75","26620407"
"chr3","27219628","27219895","KN295820v1","1012976","1013217","81","26206652"
"chr3","27249916","27250123","KN294873v1","330167","330376","52","26919749"
"chr3","27571139","27571429","KN294378v1","1510351","1510638","68","26060788"
"chr3","27605698","27605981","KN296187v1","803116","803397","57","26802582"
"chr3","27608896","27609190","KN297320v1","1234476","1234772","47","26374420"
"chr3","27637137","27637425","KN296138v1","264399","264686","59","27372738"
"chr3","27644274","27644572","KN296187v1","179226","179507","70","27465048"
"chr3","27655889","27656188","KN294685v1","486148","486447","77","27169741"
"chr3","27719502","27719747","KN294705v1","952309","952554","58","26767193"
"chr3","27732355","27732631","KN294848v1","172086","172375","54","27560269"
"chr3","27732655","27732844","KN295038v1","905684","905873","51","26826971"
"chr3","27735872","27735993","KN294161v1","227692","227816","25","27508180"
"chr3","27747540","27747879","KN297158v1","632799","633101","96","27114741"
"chr3","27753044","27753336","KN296682v1","396362","396654","58","27356682"
"chr3","27761320","27761614","KN296481v1","77336","77629","63","27683984"
"chr3","27764414","27764514","KN295596v1","2263667","2263777","33","25500747"
"chr3","27778918","27779214","KN296883v1","766975","767271","68","27011943"
"chr3","27786313","27786614","KN296833v1","306607","306904","59","27479706"
"chr3","27807570","27807670","KN295441v1","1558382","1558481","20","26249188"
"chr3","27825806","27826082","KN296768v1","49038","49313","65","27776768"
"chr3","27852884","27853218","KN296187v1","1242589","1242914","81","26610295"
"chr3","27857020","27857304","KN296486v1","1052915","1053213","61","26804105"
"chr3","27859033","27859346","KN295365v1","659719","660022","70","27199314"
"chr3","27878528","27878837","KN294234v1","1323178","1323489","59","26555350"
"chr3","27884199","27884497","KN296503v1","497181","497492","65","27387018"
"chr3","27893589","27893871","KN295244v1","682798","683071","65","27210791"
"chr3","27909625","27909906","KN295692v1","338950","339232","69","27570675"
"chr3","27917277","27917576","KN294642v1","7825","8126","73","27909452"
"chr3","27963175","27963298","KN296290v1","3001388","3001511","19","24961787"
"chr3","27983194","27983502","KN295893v1","6640654","6640962","62","21342540"
"chr3","27996422","27996690","KN297444v1","846053","846323","61","27150369"
"chr3","28009974","28010256","KN295814v1","1102555","1102837","66","26907419"
"chr3","28035870","28036153","KN296466v1","76926","77209","63","27958944"
"chr3","28050676","28050962","KN297153v1","780458","780756","63","27270218"
"chr3","28060495","28060771","KN295484v1","634266","634551","61","27426229"
"chr3","28072182","28072487","KN297320v1","1234476","1234772","68","26837706"
"chr3","28092273","28092543","KN296743v1","1863213","1863479","74","26229060"
"chr3","28168232","28168497","KN296802v1","449038","449316","60","27719194"
"chr3","28342871","28343175","KN296864v1","3246461","3246762","57","25096410"
"chr3","28380136","28380251","KN296557v1","382818","382933","21","27997318"
"chr3","28513064","28513351","KN297227v1","1030313","1030598","58","27482751"
"chr3","28519122","28519344","KN294848v1","1555263","1555484","55","26963859"
"chr3","28593605","28593808","KN297197v1","3471646","3471850","45","25121959"
"chr3","28724692","28724962","KN295605v1","222480","222753","53","28502212"
"chr3","29062470","29062776","KN295962v1","2450796","2451095","74","26611674"
"chr3","29240160","29240461","KN297154v1","1608705","1609004","67","27631455"
"chr3","29365632","29365928","KN295984v1","1299071","1299366","68","28066561"
"chr3","29579010","29579296","KN294273v1","116930","117218","52","29462080"
"chr3","29729365","29729618","KN295107v1","1171066","1171310","71","28558299"
"chr3","29736614","29736927","KN296486v1","1505649","1505946","67","28230965"
"chr3","29746009","29746302","KN295260v1","938447","938739","61","28807562"
"chr3","29759761","29760014","KN295633v1","2305546","2305812","64","27454215"
"chr3","29760925","29761221","KN294848v1","1008697","1008986","75","28752228"
"chr3","29776466","29776755","KN294172v1","4446021","4446321","74","25330445"
"chr3","30012185","30012252","KN295085v1","995587","995654","14","29016598"
"chr3","30232266","30232411","KN295883v1","988762","988906","35","29243504"
"chr3","30321707","30321985","KN295717v1","704334","704618","81","29617373"
"chr3","30324938","30325250","KN294470v1","3146483","3146791","63","27178455"
"chr3","30491799","30492070","KN296825v1","367012","367271","65","30124787"
"chr3","30502814","30503111","KN295119v1","13309","13606","71","30489505"
"chr3","30669675","30669949","KN295302v1","202911","203181","71","30466764"
"chr3","30762362","30762663","KN294506v1","25251","25541","67","30737111"
"chr3","30809173","30809478","KN294218v1","2882421","2882727","61","27926752"
"chr3","30851105","30851417","KN295077v1","116207","116517","62","30734898"
"chr3","30991551","30991832","KN295365v1","534529","534812","60","30457022"
"chr3","31050066","31050358","KN294874v1","618356","618652","76","30431710"
"chr3","31133145","31133271","KN294172v1","1249914","1250040","23","29883231"
"chr3","31164107","31164422","KN295708v1","2552850","2553123","86","28611257"
"chr3","31172202","31172488","KN295923v1","2240206","2240493","63","28931996"
"chr3","31189933","31190226","KN295523v1","2257019","2257314","65","28932914"
"chr3","31225429","31225718","KN296311v1","7907830","7908116","56","23317599"
"chr3","31274792","31275098","KN294407v1","1992089","1992389","71","29282703"
"chr3","31358758","31358890","KN296959v1","1747948","1748076","25","29610810"
"chr3","31382746","31383033","KN296187v1","803116","803397","63","30579630"
"chr3","31387873","31388172","KN297215v1","30442","30741","60","31357431"
"chr3","31419929","31420098","KN296442v1","235198","235349","44","31184731"
"chr3","31446989","31447278","KN294991v1","2188785","2189065","64","29258204"
"chr3","31553896","31554025","KN294410v1","495531","495660","26","31058365"
"chr3","31596259","31596373","KN295236v1","1631207","1631327","23","29965052"
"chr3","31664524","31664829","KN294420v1","737639","737943","54","30926885"
"chr3","31722142","31722446","KN296743v1","1685302","1685605","58","30036840"
"chr3","31744017","31744315","KN294705v1","2084397","2084698","60","29659620"
"chr3","31755511","31755831","KN295744v1","676379","676683","65","31079132"
"chr3","31839572","31839721","KN296732v1","2054521","2054667","33","29785051"
"chr3","31880869","31880999","KN295022v1","871921","872052","28","31008948"
"chr3","31895303","31895483","KN295474v1","578011","578191","42","31317292"
"chr3","31930652","31930931","KN297105v1","2492651","2492931","57","29438001"
"chr3","31963689","31963963","KN294269v1","565864","566148","66","31397825"
"chr3","31973582","31973783","KN296682v1","3026228","3026433","42","28947354"
"chr3","31987884","31988225","KN294210v1","750591","750915","77","31237293"
"chr3","32003130","32003440","KN297442v1","1509105","1509411","69","30494025"
"chr3","32045644","32045904","KN295705v1","447061","447315","60","31598583"
"chr3","32063320","32063605","KN295319v1","590172","590460","62","31473148"
"chr3","32082720","32083015","KN294842v1","674268","674560","57","31408452"
"chr3","32087665","32087792","KN296859v1","1814408","1814530","20","30273257"
"chr3","32088092","32088262","KN295185v1","230229","230398","34","31857863"
"chr3","32092958","32093230","KN296119v1","4568889","4569170","70","27524069"
"chr3","32137803","32137972","KN294790v1","7206303","7206470","38","24931500"
"chr3","32141410","32141725","KN296404v1","2260118","2260431","60","29881292"
"chr3","32171459","32171755","KN295586v1","2908076","2908370","56","29263383"
"chr3","32177846","32178052","KN296311v1","4019099","4019317","51","28158747"
"chr3","32204780","32204864","KN295601v1","263023","263101","25","31941757"
"chr3","32224163","32224462","KN295346v1","1281947","1282255","61","30942216"
"chr3","32230134","32230439","KN296404v1","3404152","3404452","63","28825982"
"chr3","32235172","32235484","KN295893v1","1818269","1818570","69","30416903"
"chr3","32271601","32271798","KN295744v1","654144","654333","41","31617457"
"chr3","32273383","32273668","KN296153v1","698726","699013","58","31574657"
"chr3","32274689","32274798","KN297133v1","975999","976110","19","31298690"
"chr3","32333144","32333432","KN296315v1","1749392","1749687","64","30583752"
"chr3","32338796","32338920","KN294345v1","1896097","1896220","17","30442699"
"chr3","32370558","32370836","KN294548v1","375827","376110","57","31994731"
"chr3","32378980","32379244","KN294630v1","17597","17845","81","32361383"
"chr3","32379343","32379424","KN296430v1","337676","337753","18","32041667"
"chr3","32385096","32385391","KN295936v1","928734","929029","59","31456362"
"chr3","32404983","32405238","KN295236v1","2978034","2978295","61","29426949"
"chr3","32407972","32408268","KN294172v1","6566585","6566884","60","25841387"
"chr3","32436030","32436309","KN296959v1","1045812","1046085","58","31390218"
"chr3","32440000","32440329","KN296864v1","3187581","3187876","85","29252419"
"chr3","32447631","32447896","KN296140v1","454508","454790","59","31993123"
"chr3","32461410","32461700","KN294790v1","395024","395324","65","32066386"
"chr3","32462644","32462951","KN297442v1","2205844","2206144","63","30256800"
"chr3","32474587","32474888","KN294218v1","2900514","2900816","56","29574073"
"chr3","32478007","32478291","KN297274v1","651050","651340","64","31826957"
"chr3","32487174","32487364","KN295474v1","578011","578191","46","31909163"
"chr3","32494430","32494634","KN295533v1","1286225","1286431","41","31208205"
"chr3","32503458","32503582","KN297205v1","391654","391777","17","32111804"
"chr3","32520726","32520935","KN294964v1","1516875","1517092","48","31003851"
"chr3","32534023","32534280","KN295573v1","317169","317438","72","32216854"
"chr3","32560100","32560260","KN297274v1","1194030","1194181","49","31366070"
"chr3","32576312","32576596","KN294977v1","152488","152769","54","32423824"
"chr3","32600280","32600561","KN294187v1","1653394","1653672","58","30946886"
"chr3","32606284","32606588","KN295923v1","1997557","1997864","68","30608727"
"chr3","32610822","32611145","KN294245v1","129188","129500","70","32481634"
"chr3","32625485","32625697","KN295474v1","624457","624664","59","32001028"
"chr3","32666449","32666734","KN295236v1","4812704","4812971","60","27853745"
"chr3","32671594","32671875","KN294758v1","3036785","3037063","51","29634809"
"chr3","32705787","32706002","KN296926v1","1240010","1240219","43","31465777"
"chr3","32708781","32708956","KN295236v1","5505474","5505641","41","27203307"
"chr3","32788603","32788900","KN296311v1","3358167","3358474","67","29430436"
"chr3","32794150","32794434","KN296311v1","1458728","1459022","70","31335422"
"chr3","32808914","32809119","KN297190v1","291978","292179","44","32516936"
"chr3","32809157","32809275","KN295294v1","1437600","1437717","22","31371557"
"chr3","32819145","32819442","KN295633v1","2101507","2101802","63","30717638"
"chr3","32833668","32833769","KN295236v1","2325069","2325170","18","30508599"
"chr3","32853703","32853999","KN295667v1","1243145","1243443","63","31610558"
"chr3","32859600","32859640","KN296319v1","85233","85271","3","32774367"
"chr3","32859941","32860039","KN295337v1","391386","391484","17","32468555"
"chr3","32871143","32871431","KN294630v1","160978","161266","56","32710165"
"chr3","32874116","32874403","KN294548v1","872628","872915","60","32001488"
"chr3","32892561","32892820","KN296122v1","111873","112129","57","32780688"
"chr3","32900523","32900730","KN297190v1","291978","292179","51","32608545"
"chr3","32907945","32908238","KN295119v1","13309","13606","62","32894636"
"chr3","32923738","32924013","KN295287v1","31763","32053","68","32891975"
"chr3","32924792","32925075","KN294662v1","235371","235664","63","32689421"
"chr3","32932371","32932672","KN295343v1","329489","329788","55","32602882"
"chr3","32967619","32967740","KN294991v1","1500992","1501105","21","31466627"
"chr3","32971491","32971783","KN297083v1","704240","704530","63","32267251"
"chr3","32980899","32981176","KN296122v1","514388","514663","57","32466511"
"chr3","32984801","32985071","KN296768v1","49038","49313","63","32935763"
"chr3","32986334","32986629","KN294287v1","677049","677343","50","32309285"
"chr3","33005497","33005792","KN294842v1","891113","891396","60","32114384"
"chr3","33009734","33010019","KN294239v1","1448386","1448679","60","31561348"
"chr3","33039072","33039363","KN296096v1","3087211","3087502","57","29951861"
"chr3","33061208","33061355","KN296311v1","3775640","3775771","35","29285568"
"chr3","33064528","33064809","KN295260v1","1493684","1493961","66","31570844"
"chr3","33093688","33093816","KN297028v1","907","1026","22","33092781"
"chr3","33095432","33095633","KN297028v1","2656","2848","39","33092776"
"chr3","33103187","33103259","KN297028v1","11267","11338","7","33091920"
"chr3","33109484","33109709","KN294407v1","1016376","1016597","62","32093108"
"chr3","33142729","33142844","KN297028v1","55876","55991","8","33086853"
"chr3","33142996","33143238","KN297154v1","1478243","1478448","75","31664753"
"chr3","33143725","33144012","KN297028v1","56860","57141","19","33086865"
"chr3","33153518","33153809","KN294199v1","140342","140630","60","33013176"
"chr3","33153893","33154013","KN297028v1","83090","83206","14","33070803"
"chr3","33166134","33166442","KN297028v1","95914","96228","26","33070220"
"chr3","33214346","33214654","KN297028v1","135872","136181","24","33078474"
"chr3","33218338","33218640","KN297028v1","139983","140255","43","33078355"
"chr3","33236858","33237181","KN297028v1","159044","159371","32","33077814"
"chr3","33240026","33240266","KN297028v1","162177","162414","25","33077849"
"chr3","33272598","33272888","KN297028v1","201643","201940","36","33070955"
"chr3","33303962","33304244","KN295586v1","2908076","2908370","59","30395886"
"chr3","33307226","33307514","KN297028v1","238811","239065","48","33068415"
"chr3","33317118","33317417","KN297028v1","248294","248593","18","33068824"
"chr3","33323241","33323533","KN297028v1","254325","254623","30","33068916"
"chr3","33337493","33337782","KN297028v1","268855","269146","26","33068638"
"chr3","33367148","33367282","KN297028v1","307833","307970","7","33059315"
"chr3","33367576","33367741","KN297028v1","308263","308434","18","33059313"
"chr3","33388476","33388610","KN294345v1","1307663","1307798","24","32080813"
"chr3","33388659","33388870","KN297028v1","332257","332471","18","33056402"
"chr3","33408667","33408839","KN297028v1","358152","358324","7","33050515"
"chr3","33409154","33409280","KN297028v1","358612","358742","7","33050542"
"chr3","33419945","33420226","KN297028v1","368534","368824","25","33051411"
"chr3","33428471","33428643","KN297028v1","380990","381163","11","33047481"
"chr3","33437623","33437919","KN297028v1","390067","390371","25","33047556"
"chr3","33451115","33451399","KN295607v1","1195934","1196216","51","32255181"
"chr3","33478802","33479020","KN297028v1","432358","432576","18","33046444"
"chr3","33482697","33483002","KN297028v1","436434","436755","36","33046263"
"chr3","33504534","33504845","KN297028v1","457965","458261","34","33046569"
"chr3","33515051","33515339","KN297028v1","468406","468690","27","33046645"
"chr3","33518207","33518501","KN297028v1","473285","473576","24","33044922"
"chr3","33533970","33534102","KN296311v1","4570744","4570874","21","28963226"
"chr3","33537529","33537826","KN294668v1","4137999","4138299","62","29399530"
"chr3","33540968","33541272","KN296158v1","77381","77686","65","33463587"
"chr3","33553737","33553985","KN297028v1","492153","492414","28","33061584"
"chr3","33577026","33577305","KN297028v1","517271","517563","37","33059755"
"chr3","33586903","33587073","KN296311v1","7102036","7102193","46","26484867"
"chr3","33589463","33589746","KN297028v1","530499","530780","12","33058964"
"chr3","33658608","33658814","KN297028v1","600557","600755","21","33058051"
"chr3","33665933","33666256","KN297028v1","607396","607715","23","33058537"
"chr3","33666303","33666432","KN297028v1","607762","607887","10","33058541"
"chr3","33666722","33666890","KN297028v1","608157","608332","15","33058565"
"chr3","33678777","33679041","KN297046v1","3036778","3037058","66","30641999"
"chr3","33715059","33715360","KN297028v1","633883","634191","58","33081176"
"chr3","33729979","33730274","KN297028v1","649017","649316","38","33080962"
"chr3","33735320","33735624","KN297028v1","654385","654661","46","33080935"
"chr3","33757288","33757574","KN297028v1","679857","680141","19","33077431"
"chr3","33763270","33763547","KN297028v1","685774","686061","31","33077496"
"chr3","33771773","33772068","KN294578v1","612754","613052","74","33159019"
"chr3","33787572","33787855","KN297028v1","709417","709695","31","33078155"
"chr3","33804977","33805288","KN297028v1","727419","727721","25","33077558"
"chr3","33813922","33814203","KN297028v1","735964","736253","42","33077958"
"chr3","33838363","33838440","KN297062v1","5789","5861","20","33832574"
"chr3","33901195","33901482","KN297028v1","821563","821850","20","33079632"
"chr3","33915692","33915979","KN294199v1","370344","370637","69","33545348"
"chr3","33921976","33922245","KN297028v1","842907","843190","30","33079069"
"chr3","33927319","33927640","KN297028v1","848034","848332","42","33079285"
"chr3","33934344","33934383","KN294199v1","913213","913251","5","33021131"
"chr3","33941423","33941549","KN297028v1","861887","862012","5","33079536"
"chr3","33944382","33944671","KN294172v1","439163","439451","61","33505219"
"chr3","33950731","33950866","KN297028v1","871860","871993","7","33078871"
"chr3","33966912","33967195","KN297163v1","1625715","1625993","61","32341197"
"chr3","33974995","33975304","KN297028v1","879832","880135","25","33095163"
"chr3","33983925","33984220","KN297028v1","888681","888978","22","33095244"
"chr3","33990580","33990865","KN296502v1","960957","961236","53","33029623"
"chr3","34024390","34024639","KN297028v1","938186","938472","53","33086204"
"chr3","34040385","34040694","KN297028v1","954820","955132","41","33085565"
"chr3","34102672","34102967","KN296187v1","803116","803397","53","33299556"
"chr3","34114628","34114702","KN296096v1","2422557","2422628","15","31692071"
"chr3","34121436","34121717","KN297028v1","1039374","1039661","18","33082062"
"chr3","34243497","34243627","KN297028v1","1167272","1167402","5","33076225"
"chr3","34265042","34265350","KN297028v1","1190613","1190921","22","33074429"
"chr3","34274088","34274246","KN297028v1","1200342","1200507","19","33073746"
"chr3","34274567","34274707","KN297028v1","1200825","1200962","19","33073742"
"chr3","34329949","34330238","KN297028v1","1248385","1248673","16","33081564"
"chr3","34386102","34386420","KN297028v1","1299124","1299430","30","33086978"
"chr3","34490509","34490803","KN297028v1","1413356","1413642","25","33077153"
"chr3","34495154","34495395","KN295315v1","775478","775719","48","33719676"
"chr3","34681987","34682274","KN297245v1","1434267","1434558","60","33247720"
"chr3","34726668","34726957","KN297028v1","1689458","1689742","25","33037210"
"chr3","34865184","34865477","KN294668v1","669","961","44","34864515"
"chr3","35025502","35025783","KN294668v1","174661","174942","17","34850841"
"chr3","35461006","35461239","KN294668v1","618904","619149","30","34842102"
"chr3","35588608","35588770","KN294668v1","2969743","2969907","46","32618865"
"chr3","35642850","35643111","KN295814v1","1382084","1382359","66","34260766"
"chr3","35842398","35842631","KN294668v1","1008040","1008268","17","34834358"
"chr3","35971240","35971529","KN294668v1","1137688","1137978","28","34833552"
"chr3","36031083","36031196","KN294668v1","1197985","1198097","9","34833098"
"chr3","36193778","36194098","KN294591v1","235023","235324","82","35958755"
"chr3","36286479","36286690","KN294668v1","1460164","1460369","19","34826315"
"chr3","36302814","36303095","KN294668v1","1473736","1474013","25","34829078"
"chr3","36603681","36603969","KN294668v1","1756546","1756840","31","34847135"
"chr3","36614154","36614406","KN294668v1","1766467","1766720","18","34847687"
"chr3","36682649","36682932","KN294199v1","338083","338373","58","36344566"
"chr3","36699446","36699750","KN294747v1","81551","81857","60","36617895"
"chr3","36721852","36722142","KN294668v1","1853695","1853984","13","34868157"
"chr3","36861963","36862267","KN296322v1","2352298","2352594","70","34509665"
"chr3","36913615","36913890","KN295744v1","654344","654638","60","36259271"
"chr3","37046887","37047000","KN294713v1","243230","243342","19","36803657"
"chr3","37096379","37096665","KN297386v1","456446","456724","56","36639933"
"chr3","37096877","37097176","KN296481v1","518302","518590","69","36578575"
"chr3","37133080","37133375","KN294181v1","381421","381714","57","36751659"
"chr3","37167771","37167904","KN294848v1","555142","555271","23","36612629"
"chr3","37168496","37168694","KN296178v1","968283","968475","50","36200213"
"chr3","37177150","37177442","KN294891v1","19572","19856","84","37157578"
"chr3","37195454","37195745","KN295257v1","1229552","1229846","67","35965902"
"chr3","37200776","37200992","KN296920v1","17920","18127","57","37182856"
"chr3","37266253","37266540","KN294571v1","1312371","1312634","79","35953882"
"chr3","37296920","37297229","KN295984v1","717523","717826","61","36579397"
"chr3","37302057","37302274","KN296311v1","5600434","5600651","54","31701623"
"chr3","37308868","37309164","KN294848v1","191607","191898","73","37117261"
"chr3","37310062","37310368","KN294407v1","2027591","2027900","61","35282471"
"chr3","37311700","37311997","KN296795v1","706774","707060","62","36604926"
"chr3","37313669","37313917","KN294535v1","628634","628886","68","36685035"
"chr3","37362081","37362330","KN296311v1","5600434","5600651","64","31761647"
"chr3","37368311","37368544","KN296096v1","2888239","2888471","61","34480072"
"chr3","37376806","37377119","KN297094v1","353870","354185","73","37022936"
"chr3","37394329","37394463","KN294325v1","210476","210626","36","37183853"
"chr3","37394589","37394702","KN296365v1","873254","873363","18","36521335"
"chr3","37407603","37407763","KN296847v1","134065","134230","42","37273538"
"chr3","37408050","37408197","KN295544v1","8026","8172","23","37400024"
"chr3","37420966","37421241","KN296200v1","235687","235956","56","37185279"
"chr3","37442238","37442360","KN296153v1","3545206","3545330","18","33897032"
"chr3","37461885","37462199","KN295983v1","922288","922583","77","36539597"
"chr3","37490382","37490681","KN294668v1","4137999","4138299","53","33352383"
"chr3","37543974","37544310","KN295610v1","580221","580559","97","36963753"
"chr3","37552648","37552854","KN295090v1","1887942","1888173","70","35664706"
"chr3","37568680","37568940","KN297108v1","431694","431964","58","37136986"
"chr3","37597555","37597853","KN294991v1","2188785","2189065","62","35408770"
"chr3","37607973","37608272","KN294630v1","691275","691571","52","36916698"
"chr3","37623337","37623467","KN296311v1","4367789","4367922","19","33255548"
"chr3","37630483","37630761","KN295236v1","873119","873396","71","36757364"
"chr3","37671476","37671584","KN295394v1","370422","370527","16","37301054"
"chr3","37705655","37705956","KN295236v1","2414529","2414827","66","35291126"
"chr3","37809516","37809817","KN294536v1","1797161","1797462","69","36012355"
"chr3","37894773","37895008","KN294987v1","901545","901781","46","36993228"
"chr3","37904419","37904716","KN295722v1","1548894","1549195","58","36355525"
"chr3","37940657","37940950","KN297442v1","1672932","1673232","68","36267725"
"chr3","37943904","37943987","KN295430v1","1179291","1179374","9","36764613"
"chr3","37966222","37966504","KN296019v1","289907","290193","66","37676315"
"chr3","37968360","37968623","KN294713v1","188064","188340","66","37780296"
"chr3","37987906","37988185","KN294570v1","165105","165399","63","37822801"
"chr3","38010142","38010438","KN295907v1","2330527","2330827","55","35679615"
"chr3","38076237","38076556","KN294521v1","286433","286730","77","37789804"
"chr3","38078679","38078985","KN294172v1","841497","841800","60","37237182"
"chr3","38113234","38113544","KN294650v1","431865","432166","66","37681369"
"chr3","38116124","38116435","KN294325v1","1017631","1017939","67","37098493"
"chr3","38218368","38218678","KN296879v1","417388","417697","62","37800980"
"chr3","38222901","38223055","KN296508v1","338709","338864","32","37884192"
"chr3","38223373","38223513","KN297274v1","653623","653762","27","37569750"
"chr3","38232194","38232414","KN294842v1","652037","652250","43","37580157"
"chr3","38243977","38244295","KN296019v1","466074","466382","66","37777903"
"chr3","38270191","38270513","KN294416v1","125889","126195","83","38144302"
"chr3","38271505","38271791","KN296538v1","742259","742543","59","37529246"
"chr3","38299810","38300093","KN296311v1","7907830","7908116","62","30391980"
"chr3","38357860","38358164","KN297158v1","782512","782809","54","37575348"
"chr3","38366579","38366884","KN295893v1","57155","57454","56","38309424"
"chr3","38371950","38372234","KN294592v1","1072173","1072464","67","37299777"
"chr3","38380131","38380390","KN294187v1","1544293","1544543","60","36835838"
"chr3","38400669","38400953","KN294800v1","58275","58560","56","38342394"
"chr3","38452116","38452395","KN296406v1","139936","140217","63","38312180"
"chr3","38469427","38469720","KN294303v1","145305","145593","61","38324122"
"chr3","38481428","38481667","KN297245v1","2457323","2457553","62","36024105"
"chr3","38482946","38483197","KN296096v1","2485316","2485572","57","35997630"
"chr3","38490655","38490943","KN295365v1","618540","618829","49","37872115"
"chr3","38503092","38503196","KN296495v1","2169005","2169104","20","36334087"
"chr3","38571841","38572135","KN296225v1","775732","776029","55","37796109"
"chr3","38616499","38616625","KN294172v1","3288243","3288371","20","35328256"
"chr3","38616919","38617064","KN296682v1","1715228","1715374","31","36901691"
"chr3","38626143","38626457","KN296809v1","2451","2771","37","38623692"
"chr3","38646204","38646498","KN296809v1","27169","27459","16","38619035"
"chr3","38674439","38674739","KN296809v1","55370","55684","34","38619069"
"chr3","38682792","38683081","KN296809v1","63776","64066","25","38619016"
"chr3","38718593","38718873","KN296809v1","98359","98638","25","38620234"
"chr3","38751209","38751509","KN296809v1","133911","134209","11","38617298"
"chr3","38861999","38862347","KN296809v1","251687","252033","23","38610312"
"chr3","38911989","38912093","KN296809v1","298429","298532","10","38613560"
"chr3","38973566","38973795","KN296809v1","360989","361208","33","38612577"
"chr3","38996684","38996963","KN296809v1","383067","383331","40","38613617"
"chr3","39173883","39174000","KN296809v1","578871","578988","9","38595012"
"chr3","39186835","39187144","KN296809v1","590314","590622","21","38596521"
"chr3","39264016","39264246","KN296809v1","677107","677343","18","38586909"
"chr3","39268512","39268804","KN296809v1","681556","681861","35","38586956"
"chr3","39287928","39288086","KN296809v1","700636","700781","20","38587292"
"chr3","39293139","39293405","KN296809v1","706153","706446","49","38586986"
"chr3","39336680","39336973","KN296809v1","749192","749498","41","38587488"
"chr3","39354147","39354447","KN296017v1","366720","367014","54","38987427"
"chr3","39449166","39449445","KN296809v1","859929","860217","28","38589237"
"chr3","39460611","39460904","KN297160v1","17858","18164","63","39442753"
"chr3","39471958","39472237","KN296809v1","883580","883868","29","38588378"
"chr3","39478019","39478153","KN296809v1","889999","890119","22","38588020"
"chr3","39511769","39511901","KN296809v1","915442","915574","5","38596327"
"chr3","39585741","39586024","KN296809v1","974738","975037","29","38611003"
"chr3","39593976","39594141","KN295474v1","982275","982438","38","38611701"
"chr3","39599828","39600130","KN296809v1","990220","990527","28","38609608"
"chr3","39634661","39634954","KN297245v1","1949845","1950130","59","37684816"
"chr3","39639188","39639418","KN294917v1","1304842","1305071","20","38334346"
"chr3","39640571","39640869","KN294917v1","1303395","1303689","21","38337176"
"chr3","39673173","39673484","KN294917v1","1274677","1274987","16","38398496"
"chr3","39742581","39742881","KN294917v1","1205914","1206213","38","38536667"
"chr3","39785255","39785380","KN296879v1","1342820","1342950","29","38442435"
"chr3","39856533","39856847","KN294917v1","1085260","1085577","28","38771273"
"chr3","39898250","39898552","KN294917v1","1038297","1038610","43","38859953"
"chr3","39958128","39958434","KN294917v1","974116","974423","23","38984012"
"chr3","40006675","40006984","KN294917v1","926797","927096","26","39079878"
"chr3","40009071","40009380","KN295962v1","458497","458810","71","39550574"
"chr3","40117679","40117801","KN294917v1","825357","825480","11","39292322"
"chr3","40210623","40210919","KN294917v1","745210","745508","30","39465413"
"chr3","40330964","40331252","KN294917v1","636328","636626","20","39694636"
"chr3","40352380","40352552","KN296153v1","1368028","1368195","42","38984352"
"chr3","40352845","40352988","KN294917v1","618414","618556","16","39734431"
"chr3","40388003","40388287","KN294470v1","1911074","1911368","64","38476929"
"chr3","40396804","40397088","KN295294v1","382776","383052","65","40014028"
"chr3","40412284","40412410","KN294917v1","561450","561576","14","39850834"
"chr3","40412467","40412588","KN294917v1","561272","561393","2","39851195"
"chr3","40432487","40432786","KN294917v1","541555","541838","33","39890932"
"chr3","40456390","40456713","KN294917v1","523606","523922","28","39932784"
"chr3","40495964","40496252","KN294917v1","483647","483935","19","40012317"
"chr3","40555404","40555707","KN294917v1","426210","426514","25","40129194"
"chr3","40564739","40565019","KN294917v1","416893","417174","25","40147846"
"chr3","40657853","40658143","KN294917v1","330183","330480","18","40327670"
"chr3","40668287","40668412","KN294917v1","319615","319740","4","40348672"
"chr3","40713528","40713803","KN294917v1","266034","266301","26","40447494"
"chr3","40719168","40719367","KN297242v1","1886874","1887059","55","38832294"
"chr3","40719634","40719727","KN296503v1","629388","629474","26","40090246"
"chr3","40725330","40725452","KN294917v1","254188","254309","6","40471142"
"chr3","40730635","40730928","KN294917v1","250148","250441","16","40480487"
"chr3","40732561","40732910","KN294917v1","248197","248549","56","40484364"
"chr3","40869551","40869852","KN294917v1","116446","116743","22","40753105"
"chr3","41021255","41021565","KN297303v1","89738","90048","21","40931517"
"chr3","41192726","41193026","KN297197v1","62336","62639","29","41130390"
"chr3","41196908","41197230","KN297197v1","67923","68234","44","41128985"
"chr3","41229694","41230017","KN297008v1","4992637","4992950","61","36237057"
"chr3","41259162","41259471","KN297197v1","128945","129254","22","41130217"
"chr3","41285985","41286295","KN297197v1","155718","156027","20","41130267"
"chr3","41321785","41322108","KN297197v1","192335","192652","45","41129450"
"chr3","41343271","41343385","KN297197v1","213756","213872","5","41129515"
"chr3","41392212","41392440","KN297197v1","262216","262449","17","41129996"
"chr3","41483523","41483798","KN294499v1","2485948","2486229","67","38997575"
"chr3","41484039","41484163","KN297197v1","354049","354168","18","41129990"
"chr3","41484202","41484352","KN297197v1","354226","354370","13","41129976"
"chr3","41570390","41570722","KN297197v1","437933","438229","55","41132457"
"chr3","41609377","41609633","KN297197v1","478774","479032","22","41130603"
"chr3","41623935","41624247","KN295594v1","46659","46961","68","41577276"
"chr3","41667479","41667654","KN295474v1","578011","578191","40","41089468"
"chr3","41727233","41727540","KN297197v1","584351","584663","26","41142882"
"chr3","41763681","41763987","KN297197v1","621834","622106","53","41141847"
"chr3","41771323","41771615","KN297197v1","634771","635054","29","41136552"
"chr3","41779066","41779361","KN297197v1","648786","649091","34","41130280"
"chr3","41838471","41838779","KN297197v1","702839","703138","40","41135632"
"chr3","41844429","41844725","KN297197v1","709126","709418","30","41135303"
"chr3","41879960","41880254","KN297197v1","741122","741416","25","41138838"
"chr3","41925329","41925622","KN295814v1","1061259","1061551","58","40864070"
"chr3","41934209","41934513","KN297197v1","789583","789883","22","41144626"
"chr3","41954854","41955151","KN297197v1","812576","812850","44","41142278"
"chr3","41970200","41970478","KN297197v1","830311","830621","50","41139889"
"chr3","41970931","41971224","KN297197v1","831207","831500","25","41139724"
"chr3","42039888","42040181","KN297197v1","883303","883609","36","41156585"
"chr3","42040266","42040623","KN297197v1","883694","884055","29","41156572"
"chr3","42051237","42051432","KN297197v1","893868","894063","13","41157369"
"chr3","42054175","42054353","KN297197v1","897132","897308","23","41157043"
"chr3","42075476","42075758","KN297197v1","922297","922573","20","41153179"
"chr3","42085582","42085755","KN294592v1","683590","683752","49","41401992"
"chr3","42112079","42112201","KN297197v1","958177","958299","6","41153902"
"chr3","42126722","42126885","KN297197v1","972937","973078","32","41153785"
"chr3","42136165","42136444","KN295548v1","533335","533617","68","41602830"
"chr3","42160966","42161130","KN295544v1","87217","87388","43","42073749"
"chr3","42161181","42161311","KN295022v1","392839","392970","20","41768342"
"chr3","42164721","42164996","KN297197v1","1011259","1011533","12","41153462"
"chr3","42170497","42170806","KN297197v1","1018165","1018478","29","41152332"
"chr3","42171398","42171688","KN297197v1","1019071","1019350","28","41152327"
"chr3","42176767","42177068","KN297197v1","1025004","1025308","45","41151763"
"chr3","42179212","42179423","KN296119v1","2150554","2150763","42","40028658"
"chr3","42188786","42189056","KN296096v1","72557","72831","58","42116229"
"chr3","42200937","42201035","KN294991v1","1233920","1234017","12","40967017"
"chr3","42204643","42204835","KN297197v1","1050637","1050834","13","41154006"
"chr3","42208005","42208179","KN297197v1","1054052","1054234","18","41153953"
"chr3","42209593","42209760","KN295236v1","4891847","4892016","47","37317746"
"chr3","42210049","42210152","KN296079v1","657245","657351","21","41552804"
"chr3","42218766","42219055","KN297197v1","1064625","1064912","17","41154141"
"chr3","42227021","42227310","KN297197v1","1071187","1071476","23","41155834"
"chr3","42239700","42239977","KN297197v1","1084843","1085118","32","41154857"
"chr3","42241995","42242300","KN297197v1","1087003","1087288","40","41154992"
"chr3","42265561","42265855","KN297197v1","1111334","1111640","34","41154227"
"chr3","42298086","42298362","KN297197v1","1139421","1139708","36","41158665"
"chr3","42301551","42301857","KN297197v1","1143261","1143559","25","41158290"
"chr3","42310433","42310714","KN297197v1","1151968","1152246","20","41158465"
"chr3","42320593","42320898","KN297197v1","1162663","1162984","33","41157930"
"chr3","42327151","42327445","KN297197v1","1169224","1169517","29","41157927"
"chr3","42335373","42335599","KN297197v1","1177557","1177793","32","41157816"
"chr3","42353594","42353735","KN297197v1","1199331","1199472","13","41154263"
"chr3","42354047","42354393","KN294378v1","928822","929152","83","41425225"
"chr3","42372773","42373072","KN297197v1","1220019","1220317","21","41152754"
"chr3","42377868","42378150","KN297197v1","1225134","1225416","20","41152734"
"chr3","42442063","42442326","KN297197v1","1284536","1284797","24","41157527"
"chr3","42468754","42468888","KN297245v1","2495517","2495644","31","39973237"
"chr3","42468907","42469191","KN297094v1","161767","162050","60","42307140"
"chr3","42469244","42469269","KN296859v1","1588977","1589001","6","40880267"
"chr3","42471863","42472162","KN297197v1","1314970","1315260","31","41156893"
"chr3","42486090","42486214","KN295708v1","2162566","2162690","19","40323524"
"chr3","42502348","42502521","KN297197v1","1351951","1352148","33","41150397"
"chr3","42517843","42518151","KN297197v1","1369252","1369565","42","41148591"
"chr3","42639684","42639960","KN297197v1","1496380","1496658","22","41143304"
"chr3","42718935","42719219","KN297197v1","1575099","1575391","24","41143836"
"chr3","42722949","42723062","KN297197v1","1579139","1579255","15","41143810"
"chr3","42734810","42735057","KN297197v1","1590691","1590924","41","41144119"
"chr3","42740772","42741024","KN297197v1","1596708","1596960","29","41144064"
"chr3","42741424","42741556","KN297197v1","1597359","1597493","14","41144065"
"chr3","42742706","42743022","KN297197v1","1598953","1599267","25","41143753"
"chr3","42743715","42743796","KN297197v1","1600261","1600347","9","41143454"
"chr3","43573523","43573821","KN297197v1","1634310","1634602","34","41939213"
"chr3","43585879","43585947","KN297197v1","1648348","1648429","13","41937531"
"chr3","43588622","43588908","KN297197v1","1651516","1651809","34","41937106"
"chr3","43622191","43622462","KN297197v1","1685422","1685693","25","41936769"
"chr3","43654030","43654335","KN297197v1","1718395","1718696","30","41935635"
"chr3","43727982","43728252","KN297197v1","1809578","1809850","22","41918404"
"chr3","43729565","43729849","KN297197v1","1812088","1812375","27","41917477"
"chr3","43741448","43741733","KN297197v1","1823206","1823487","18","41918242"
"chr3","43748675","43748798","KN297197v1","1829093","1829216","6","41919582"
"chr3","43801486","43801589","KN296538v1","1531004","1531107","16","42270482"
"chr3","43801891","43801943","KN297197v1","1883027","1883078","7","41918864"
"chr3","43860832","43860958","KN297197v1","1946397","1946528","14","41914435"
"chr3","43896617","43896929","KN297197v1","1984036","1984348","20","41912581"
"chr3","43910852","43911126","KN297197v1","1998355","1998642","30","41912497"
"chr3","43912596","43912883","KN297197v1","2000092","2000380","13","41912504"
"chr3","43928705","43928998","KN297197v1","2016411","2016703","32","41912294"
"chr3","43955533","43955853","KN297197v1","2039996","2040258","75","41915537"
"chr3","44045383","44045689","KN297197v1","2137526","2137839","25","41907857"
"chr3","44077656","44077875","KN297197v1","2170282","2170505","25","41907374"
"chr3","44118352","44118576","KN297197v1","2210971","2211199","22","41907381"
"chr3","44234370","44234491","KN296311v1","2198203","2198326","19","42036167"
"chr3","44237223","44237510","KN297197v1","2334316","2334607","23","41902907"
"chr3","44256201","44256327","KN297197v1","2355018","2355144","7","41901183"
"chr3","44264325","44264553","KN297197v1","2363514","2363737","16","41900811"
"chr3","44290848","44291143","KN297197v1","2390562","2390853","23","41900286"
"chr3","44360727","44360901","KN295987v1","1531558","1531730","39","42829169"
"chr3","44388618","44388919","KN297197v1","2493387","2493704","45","41895231"
"chr3","44502979","44503096","KN294199v1","206444","206561","27","44296535"
"chr3","44558237","44558544","KN297197v1","2661647","2661959","25","41896590"
"chr3","44619436","44619666","KN297197v1","2720456","2720686","16","41898980"
"chr3","44623519","44623801","KN297197v1","2724470","2724767","30","41899049"
"chr3","44635602","44635900","KN297197v1","2729773","2730078","27","41905829"
"chr3","44670622","44670870","KN297197v1","2766793","2767049","21","41903829"
"chr3","44785130","44785417","KN295820v1","958529","958823","61","43826601"
"chr3","44802476","44802645","KN297197v1","2907346","2907515","9","41895130"
"chr3","44863591","44863895","KN297197v1","2968461","2968777","25","41895130"
"chr3","44912712","44912969","KN297197v1","3012348","3012607","26","41900364"
"chr3","44987575","44987885","KN296108v1","279513","279826","66","44708062"
"chr3","45030611","45030902","KN297197v1","3125990","3126285","25","41904621"
"chr3","45064598","45064817","KN297197v1","3161318","3161548","29","41903280"
"chr3","45163532","45163849","KN297197v1","3269310","3269620","27","41894222"
"chr3","45178708","45179000","KN295962v1","1701243","1701532","59","43477465"
"chr3","45188496","45188775","KN297197v1","3297404","3297703","34","41891092"
"chr3","45199982","45200292","KN297197v1","3308931","3309230","26","41891051"
"chr3","45205990","45206112","KN295566v1","220119","220242","19","44985871"
"chr3","45279927","45280208","KN297197v1","3391192","3391473","21","41888735"
"chr3","45299019","45299314","KN297197v1","3407379","3407675","37","41891640"
"chr3","45305697","45305937","KN297197v1","3414075","3414312","20","41891622"
"chr3","45317037","45317341","KN297197v1","3427554","3427864","20","41889483"
"chr3","45322770","45323080","KN297197v1","3433594","3433907","25","41889176"
"chr3","45341810","45341927","KN294385v1","250061","250177","12","45091749"
"chr3","45359668","45359872","KN297197v1","3471646","3471850","8","41888022"
"chr3","45370942","45371265","KN297154v1","1693655","1693950","81","43677287"
"chr3","45378108","45378404","KN297197v1","3490689","3490975","31","41887419"
"chr3","45402277","45402560","KN295596v1","563126","563403","58","44839151"
"chr3","45405109","45405396","KN297197v1","3518122","3518412","23","41886987"
"chr3","45417710","45417976","KN297197v1","3531312","3531574","19","41886398"
"chr3","45442729","45443039","KN297197v1","3566151","3566434","51","41876578"
"chr3","45463129","45463417","KN296079v1","1756048","1756344","58","43707081"
"chr3","45480762","45481050","KN297197v1","3599209","3599493","26","41881553"
"chr3","45506963","45507263","KN297197v1","3642771","3643078","36","41864192"
"chr3","45514807","45515005","KN297197v1","3650268","3650480","31","41864539"
"chr3","45515488","45515545","KN296311v1","3810907","3810962","13","41704581"
"chr3","45525133","45525431","KN297197v1","3660396","3660683","31","41864737"
"chr3","45536325","45536571","KN295319v1","558032","558295","69","44978293"
"chr3","45538933","45539221","KN297197v1","3671184","3671481","30","41867749"
"chr3","45548633","45548770","KN297197v1","3680701","3680837","3","41867932"
"chr3","45577706","45578000","KN297197v1","3710689","3710969","46","41867017"
"chr3","45584828","45585100","KN297197v1","3717528","3717798","15","41867300"
"chr3","45585992","45586085","KN294741v1","1408783","1408879","24","44177209"
"chr3","45586375","45586680","KN297197v1","3719083","3719391","16","41867292"
"chr3","45633007","45633307","KN297197v1","3765852","3766113","53","41867155"
"chr3","45655388","45655634","KN297197v1","3787075","3787313","29","41868313"
"chr3","45678625","45678931","KN297197v1","3810650","3810980","39","41867975"
"chr3","45679218","45679399","KN297197v1","3811283","3811470","18","41867935"
"chr3","45679686","45679813","KN297197v1","3811758","3811886","8","41867928"
"chr3","45685295","45685586","KN297197v1","3818666","3818954","20","41866629"
"chr3","45698163","45698450","KN297197v1","3834816","3835109","20","41863347"
"chr3","45702187","45702490","KN297197v1","3839054","3839354","17","41863133"
"chr3","45735998","45736294","KN297197v1","3866137","3866433","24","41869861"
"chr3","45752832","45753140","KN297197v1","3883487","3883798","26","41869345"
"chr3","45765577","45765661","KN296743v1","1081902","1081988","14","44683675"
"chr3","45766876","45767061","KN297197v1","3897863","3898048","8","41869013"
"chr3","45769182","45769497","KN297197v1","3900180","3900497","24","41869002"
"chr3","45791676","45791978","KN297197v1","3919551","3919849","22","41872125"
"chr3","45807416","45807705","KN297197v1","3935808","3936086","24","41871608"
"chr3","45834117","45834351","KN297197v1","3969899","3970120","33","41864218"
"chr3","45836841","45837127","KN297197v1","3972757","3973054","21","41864084"
"chr3","45845015","45845164","KN297197v1","3981182","3981332","13","41863833"
"chr3","45850996","45851310","KN297197v1","3987541","3987868","38","41863455"
"chr3","45879131","45879423","KN297197v1","4014147","4014439","10","41864984"
"chr3","45905402","45905712","KN296311v1","8175571","8175884","60","37729831"
"chr3","45924563","45924838","KN295352v1","216571","216847","62","45707992"
"chr3","45940302","45940601","KN297197v1","4075113","4075418","27","41865189"
"chr3","46022187","46022478","KN296311v1","2402091","2402387","52","43620096"
"chr3","46025184","46025461","KN297197v1","4102491","4102773","31","41922693"
"chr3","46031165","46031482","KN297197v1","4109648","4109969","53","41921517"
"chr3","46190099","46190380","KN297197v1","4265487","4265776","21","41924612"
"chr3","46195665","46195963","KN294790v1","204726","205021","64","45990939"
"chr3","46203800","46204092","KN297197v1","4279993","4280276","26","41923807"
"chr3","46216107","46216226","KN297197v1","4292306","4292430","13","41923801"
"chr3","46268513","46268818","KN294842v1","1199549","1199857","74","45068964"
"chr3","46366487","46366760","KN296311v1","2320056","2320344","62","44046431"
"chr3","46399758","46400070","KN297197v1","4477324","4477637","27","41922434"
"chr3","46461983","46462139","KN297197v1","4541571","4541724","10","41920412"
"chr3","46464019","46464200","KN294705v1","1593733","1593920","43","44870286"
"chr3","46500010","46500085","KN296090v1","62298","62377","17","46437712"
"chr3","46500449","46500573","KN296916v1","363028","363151","17","46137421"
"chr3","46514950","46515093","KN297197v1","4595398","4595542","17","41919552"
"chr3","46515405","46515574","KN297197v1","4595851","4596027","23","41919554"
"chr3","46521326","46521623","KN297197v1","4601636","4601934","26","41919690"
"chr3","46539374","46539652","KN295995v1","686672","686947","69","45852702"
"chr3","46543898","46544201","KN297197v1","4625509","4625816","23","41918389"
"chr3","46556965","46557219","KN297197v1","4637041","4637297","22","41919924"
"chr3","46571772","46571975","KN297190v1","291978","292179","38","46279794"
"chr3","46585609","46585891","KN294287v1","329019","329303","74","46256590"
"chr3","46592778","46592951","KN297197v1","4673346","4673544","30","41919432"
"chr3","46593255","46593287","KN297197v1","4673844","4673878","2","41919411"
"chr3","46599499","46599781","KN297452v1","1883004","1883291","62","44716495"
"chr3","46605414","46605654","KN294346v1","252952","253166","61","46352462"
"chr3","46613524","46613772","KN294486v1","858649","858914","79","45754875"
"chr3","46619283","46619397","KN294456v1","1526468","1526582","20","45092815"
"chr3","46627669","46627968","KN297197v1","4708942","4709220","45","41918727"
"chr3","46629251","46629375","KN294501v1","4051805","4051934","24","42577446"
"chr3","46636578","46636895","KN297197v1","4718053","4718336","51","41918525"
"chr3","46642837","46642953","KN295459v1","1077631","1077747","16","45565206"
"chr3","46650428","46650478","KN295345v1","1070323","1070377","12","45580105"
"chr3","46654024","46654311","KN297197v1","4735425","4735720","25","41918599"
"chr3","46688710","46688987","KN294703v1","272634","272925","59","46416076"
"chr3","46702953","46703171","KN297259v1","2651651","2651865","15","44051302"
"chr3","46712464","46712539","KN297190v1","1140498","1140571","13","45571966"
"chr3","46726512","46726790","KN297259v1","2628808","2629080","37","44097704"
"chr3","46731361","46731639","KN297259v1","2624101","2624381","10","44107260"
"chr3","46732928","46733088","KN297259v1","2622667","2622817","17","44110261"
"chr3","46743494","46743780","KN297259v1","2612060","2612344","20","44131434"
"chr3","46821412","46821728","KN297259v1","2530758","2531064","29","44290654"
"chr3","46843837","46844129","KN297259v1","2509834","2510152","44","44334003"
"chr3","46903314","46903610","KN297259v1","2448419","2448717","21","44454895"
"chr3","46928539","46928816","KN297259v1","2423017","2423297","21","44505522"
"chr3","47034155","47034467","KN297259v1","2316938","2317249","21","44717217"
"chr3","47075893","47076183","KN297259v1","2276104","2276395","15","44799789"
"chr3","47094467","47094768","KN296406v1","163962","164264","60","46930505"
"chr3","47100305","47100448","KN297259v1","2249740","2249896","24","44850565"
"chr3","47190122","47190433","KN297259v1","2169319","2169630","24","45020803"
"chr3","47199791","47200072","KN297259v1","2153815","2154090","37","45045976"
"chr3","47222652","47222968","KN297259v1","2121259","2121565","46","45101393"
"chr3","47274583","47274872","KN296096v1","1433234","1433525","54","45841349"
"chr3","47412326","47412627","KN297259v1","1922870","1923178","37","45489456"
"chr3","47430530","47430725","KN296119v1","5014833","5015017","40","42415697"
"chr3","47443755","47444057","KN297431v1","746495","746797","61","46697260"
"chr3","47454489","47454785","KN297259v1","1887524","1887826","30","45566965"
"chr3","47490210","47490327","KN297259v1","1852374","1852492","10","45637836"
"chr3","47522669","47522951","KN297259v1","1815979","1816256","39","45706690"
"chr3","47529029","47529324","KN297259v1","1808996","1809312","36","45720033"
"chr3","47542375","47542654","KN295236v1","6068698","6068974","69","41473677"
"chr3","47547529","47547793","KN297259v1","1785519","1785776","39","45762010"
"chr3","47551899","47552120","KN297259v1","1780876","1781077","30","45771023"
"chr3","47553863","47554201","KN297259v1","1779131","1779450","71","45774732"
"chr3","47603192","47603488","KN297259v1","1732850","1733184","51","45870342"
"chr3","47608540","47608812","KN297259v1","1728339","1728611","19","45880201"
"chr3","47644445","47644729","KN297259v1","1684651","1684937","27","45959794"
"chr3","47651819","47652114","KN297259v1","1677283","1677578","20","45974536"
"chr3","47671096","47671376","KN294172v1","4906375","4906640","65","42764721"
"chr3","47700889","47701019","KN295038v1","662635","662766","23","47038254"
"chr3","47717736","47718055","KN297259v1","1612572","1612891","14","46105164"
"chr3","47723971","47724257","KN294893v1","467871","468166","56","47256100"
"chr3","47736664","47736932","KN297259v1","1592890","1593158","11","46143774"
"chr3","47747269","47747528","KN297259v1","1583217","1583482","23","46164052"
"chr3","47753355","47753608","KN296153v1","2069014","2069277","69","45684341"
"chr3","47769760","47770064","KN297259v1","1561497","1561798","18","46208263"
"chr3","47779478","47779593","KN294385v1","250061","250177","16","47529417"
"chr3","47861698","47861958","KN297259v1","1478865","1479116","53","46382833"
"chr3","47881060","47881358","KN297259v1","1459470","1459771","28","46421590"
"chr3","47896673","47896883","KN297259v1","1444772","1444989","21","46451901"
"chr3","47952318","47952629","KN294454v1","473949","474241","70","47478369"
"chr3","47971110","47971309","KN297276v1","283061","283260","29","47688049"
"chr3","47973962","47974086","KN297259v1","1366437","1366561","7","46607525"
"chr3","48041777","48042072","KN297320v1","1234476","1234772","57","46807301"
"chr3","48042568","48042702","KN297259v1","1297807","1297941","5","46744761"
"chr3","48049846","48050106","KN297259v1","1289601","1289871","33","46760245"
"chr3","48056782","48057079","KN297259v1","1283059","1283355","21","46773723"
"chr3","48066560","48066857","KN296404v1","3404152","3404452","70","44662408"
"chr3","48071976","48072065","KN297259v1","1267566","1267655","5","46804410"
"chr3","48079646","48079900","KN297259v1","1259481","1259731","22","46820165"
"chr3","48087357","48087646","KN297259v1","1251094","1251384","17","46836263"
"chr3","48097002","48097323","KN297259v1","1241179","1241499","43","46855823"
"chr3","48104791","48105079","KN297259v1","1232976","1233282","33","46871815"
"chr3","48116986","48117293","KN294172v1","511981","512290","78","47605005"
"chr3","48142060","48142335","KN297259v1","1192000","1192284","21","46950060"
"chr3","48145569","48145867","KN297259v1","1188452","1188754","26","46957117"
"chr3","48146484","48146781","KN297259v1","1187551","1187846","28","46958933"
"chr3","48153275","48153579","KN297259v1","1180019","1180325","20","46973256"
"chr3","48161467","48161749","KN297259v1","1171833","1172135","32","46989634"
"chr3","48170691","48170891","KN297259v1","1163069","1163269","15","47007622"
"chr3","48172105","48172358","KN297259v1","1161265","1161557","48","47010840"
"chr3","48172960","48173249","KN297259v1","1160361","1160658","35","47012599"
"chr3","48179702","48179860","KN294613v1","371884","372041","34","47807818"
"chr3","48180175","48180305","KN294410v1","495531","495660","23","47684644"
"chr3","48194480","48194587","KN296528v1","163116","163220","23","48031364"
"chr3","48196140","48196434","KN294218v1","2172277","2172581","66","46023863"
"chr3","48217910","48218126","KN297259v1","1121067","1121263","32","47096843"
"chr3","48222400","48222535","KN297259v1","1117059","1117176","23","47105341"
"chr3","48226535","48226652","KN295941v1","538987","539111","29","47687548"
"chr3","48228260","48228564","KN297259v1","1108306","1108614","23","47119954"
"chr3","48239372","48239653","KN295936v1","2359521","2359797","59","45879851"
"chr3","48250067","48250350","KN297259v1","1085638","1085920","18","47164429"
"chr3","48265263","48265562","KN297259v1","1072432","1072730","23","47192831"
"chr3","48267188","48267488","KN297259v1","1070197","1070494","24","47196991"
"chr3","48278609","48278888","KN297259v1","1058337","1058619","20","47220272"
"chr3","48280591","48280871","KN296959v1","1045812","1046085","61","47234779"
"chr3","48290651","48290955","KN295956v1","110148","110452","55","48180503"
"chr3","48295769","48296066","KN297259v1","1041046","1041340","29","47254723"
"chr3","48301969","48302283","KN297259v1","1034820","1035129","35","47267149"
"chr3","48303954","48304178","KN297259v1","1032601","1032857","47","47271353"
"chr3","48304428","48304679","KN296247v1","358132","358388","55","47946296"
"chr3","48313483","48313789","KN295988v1","1298782","1299086","75","47014701"
"chr3","48314306","48314568","KN297259v1","1025611","1025872","13","47288695"
"chr3","48316611","48316731","KN297259v1","1022785","1022903","13","47293826"
"chr3","48320798","48321093","KN294767v1","649598","649904","65","47671200"
"chr3","48324695","48324998","KN294172v1","6402648","6402960","75","41922047"
"chr3","48327064","48327334","KN294513v1","8273","8546","64","48318791"
"chr3","48329980","48330266","KN297259v1","1010294","1010576","19","47319686"
"chr3","48338568","48338868","KN297259v1","998239","998540","31","47340329"
"chr3","48339129","48339401","KN297259v1","997368","997653","30","47341761"
"chr3","48347548","48347776","KN297259v1","989065","989293","17","47358483"
"chr3","48362298","48362520","KN296090v1","3910","4139","54","48358388"
"chr3","48364699","48364991","KN294591v1","438306","438595","60","47926393"
"chr3","48365706","48366002","KN297259v1","967615","967902","36","47398091"
"chr3","48373434","48373732","KN297259v1","959524","959812","28","47413910"
"chr3","48386018","48386315","KN297259v1","938995","939302","46","47447023"
"chr3","48388036","48388242","KN295154v1","210689","210891","39","48177347"
"chr3","48390646","48390948","KN297259v1","935351","935655","25","47455295"
"chr3","48391867","48392164","KN297259v1","934148","934442","17","47457719"
"chr3","48394202","48394324","KN295315v1","1089897","1090022","20","47304305"
"chr3","48399542","48399829","KN297259v1","926132","926423","22","47473410"
"chr3","48402738","48403041","KN297259v1","922719","923020","17","47480019"
"chr3","48439436","48439727","KN297259v1","886982","887273","16","47552454"
"chr3","48449745","48450041","KN297259v1","875745","876045","28","47574000"
"chr3","48454129","48454430","KN297259v1","871239","871539","20","47582890"
"chr3","48456086","48456376","KN296187v1","803116","803397","64","47652970"
"chr3","48467077","48467253","KN294470v1","1184465","1184635","50","47282612"
"chr3","48467568","48467617","KN297259v1","856180","856229","4","47611388"
"chr3","48468736","48469034","KN297320v1","1234476","1234772","53","47234260"
"chr3","48470044","48470350","KN297259v1","854523","854831","30","47615521"
"chr3","48493574","48493852","KN297259v1","828837","829109","29","47664737"
"chr3","48495280","48495517","KN295708v1","1501271","1501519","65","46994009"
"chr3","48507135","48507308","KN294453v1","230898","231077","46","48276237"
"chr3","48508294","48508347","KN296225v1","3001","3052","9","48505293"
"chr3","48511827","48512095","KN297259v1","811547","811843","50","47700280"
"chr3","48524760","48525046","KN296119v1","2031876","2032162","59","46492884"
"chr3","48532645","48532937","KN297259v1","789633","789926","17","47743012"
"chr3","48533157","48533456","KN295744v1","654344","654638","45","47878813"
"chr3","48549902","48550186","KN297259v1","770065","770347","20","47779837"
"chr3","48554049","48554337","KN297343v1","1982797","1983086","56","46571252"
"chr3","48563478","48563772","KN297259v1","762344","762637","21","47801134"
"chr3","48599096","48599231","KN297259v1","725444","725591","24","47873652"
"chr3","48599526","48599661","KN297259v1","724998","725135","7","47874528"
"chr3","48619871","48620182","KN297259v1","703230","703544","33","47916641"
"chr3","48632406","48632684","KN297259v1","690753","691031","22","47941653"
"chr3","48643408","48643673","KN297259v1","679058","679344","38","47964350"
"chr3","48645797","48646104","KN297259v1","676295","676599","16","47969502"
"chr3","48649984","48650287","KN297259v1","671846","672151","21","47978138"
"chr3","48652119","48652428","KN294172v1","6859508","6859816","58","41792611"
"chr3","48653564","48653851","KN297259v1","668339","668627","25","47985225"
"chr3","48666987","48667023","KN296495v1","374842","374882","13","48292145"
"chr3","48668962","48669086","KN297259v1","654221","654346","9","48014741"
"chr3","48675742","48675803","KN297259v1","646579","646640","3","48029163"
"chr3","48688255","48688378","KN296635v1","2704079","2704190","39","45984176"
"chr3","48689401","48689630","KN297259v1","636448","636680","18","48052953"
"chr3","48693500","48693641","KN297319v1","346400","346542","32","48347100"
"chr3","48697494","48697724","KN297259v1","627912","628142","24","48069582"
"chr3","48698020","48698052","KN296153v1","2653574","2653605","7","46044446"
"chr3","48705026","48705323","KN297259v1","619940","620229","38","48085086"
"chr3","48718060","48718109","KN295486v1","802881","802928","13","47915179"
"chr3","48724747","48725024","KN295692v1","1183636","1183901","71","47541111"
"chr3","48726118","48726198","KN296153v1","1618983","1619062","15","47107135"
"chr3","48730414","48730704","KN296311v1","7907830","7908116","62","40822584"
"chr3","48733499","48733659","KN296865v1","981030","981194","48","47752469"
"chr3","48735701","48735819","KN297259v1","595471","595589","2","48140230"
"chr3","48736116","48736238","KN297259v1","595030","595172","34","48141086"
"chr3","48737454","48737768","KN297259v1","593838","594148","33","48143616"
"chr3","48739655","48739961","KN297259v1","591683","591989","19","48147972"
"chr3","48763752","48764031","KN297259v1","562952","563228","20","48200800"
"chr3","48771836","48772132","KN297259v1","553824","554110","38","48218012"
"chr3","48808923","48809227","KN296864v1","3246461","3246762","53","45562462"
"chr3","48823782","48823905","KN297259v1","501012","501139","8","48322770"
"chr3","48842034","48842329","KN295984v1","717523","717826","57","48124511"
"chr3","48851553","48851846","KN297259v1","468900","469193","19","48382653"
"chr3","48872082","48872306","KN296139v1","459815","460017","72","48412267"
"chr3","48888720","48889010","KN297259v1","428968","429243","34","48459752"
"chr3","48889442","48889686","KN297259v1","428362","428561","55","48461080"
"chr3","48893482","48893595","KN297259v1","424122","424236","13","48469360"
"chr3","48894512","48894815","KN297158v1","782512","782809","65","48112000"
"chr3","48906757","48907061","KN297259v1","412471","412798","37","48494286"
"chr3","48909973","48910258","KN296062v1","976203","976488","57","47933770"
"chr3","48929026","48929266","KN294548v1","1163292","1163530","53","47765734"
"chr3","48934641","48934923","KN297259v1","382282","382574","56","48552359"
"chr3","48940743","48940929","KN295755v1","63347","63519","38","48877396"
"chr3","48950204","48950411","KN295350v1","791010","791196","56","48159194"
"chr3","48950655","48950955","KN297259v1","363448","363754","20","48587207"
"chr3","48971887","48972172","KN297259v1","347194","347480","16","48624693"
"chr3","48984663","48984980","KN297259v1","334867","335186","22","48649796"
"chr3","48993701","48993818","KN297259v1","325782","325890","15","48667919"
"chr3","48995949","48996225","KN297259v1","323420","323697","23","48672529"
"chr3","49006825","49007143","KN294257v1","2403021","2403326","69","46603804"
"chr3","49024101","49024401","KN297259v1","296065","296364","16","48728036"
"chr3","49033735","49033868","KN294848v1","555142","555271","27","48478593"
"chr3","49048181","49048417","KN297259v1","265764","265989","29","48782417"
"chr3","49063787","49063946","KN295748v1","125282","125449","44","48938505"
"chr3","49066000","49066346","KN297259v1","247104","247447","48","48818896"
"chr3","49070476","49070636","KN294509v1","1637527","1637680","39","47432949"
"chr3","49070686","49070794","KN296019v1","306813","306922","19","48763873"
"chr3","49072422","49072712","KN297320v1","1234476","1234772","65","47837946"
"chr3","49073697","49074004","KN295343v1","312704","313010","64","48760993"
"chr3","49079514","49079873","KN297259v1","236521","236863","31","48842993"
"chr3","49091037","49091290","KN297322v1","1311729","1311979","60","47779308"
"chr3","49096520","49096807","KN297259v1","218691","218970","43","48877829"
"chr3","49108493","49108786","KN297259v1","203492","203783","22","48905001"
"chr3","49112137","49112363","KN297259v1","200709","200929","17","48911428"
"chr3","49115393","49115665","KN297259v1","197771","198042","15","48917622"
"chr3","49137638","49137751","KN297259v1","172442","172558","15","48965196"
"chr3","49147728","49147900","KN297259v1","163122","163301","25","48984606"
"chr3","49149868","49149997","KN294961v1","52673","52803","18","49097195"
"chr3","49159895","49160105","KN296453v1","688371","688584","46","48471524"
"chr3","49169560","49169876","KN296075v1","887511","887822","78","48282049"
"chr3","49171694","49171816","KN297259v1","141778","141900","9","49029916"
"chr3","49177060","49177338","KN297259v1","135939","136218","17","49041121"
"chr3","49182747","49183037","KN297259v1","130163","130483","56","49052584"
"chr3","49189766","49189966","KN297259v1","123516","123685","35","49066250"
"chr3","49190257","49190389","KN297259v1","122749","122882","14","49067508"
"chr3","49217348","49217570","KN296119v1","3353927","3354151","47","45863421"
"chr3","49282247","49282547","KN297259v1","20247","20554","43","49262000"
"chr3","49283320","49283606","KN297259v1","19183","19479","30","49264137"
"chr3","49297084","49297168","KN297259v1","4718","4802","2","49292366"
"chr3","49303041","49303319","KN294372v1","2684390","2684651","36","46618651"
"chr3","49342197","49342485","KN294372v1","2638341","2638629","12","46703856"
"chr3","49405611","49405825","KN294372v1","2581081","2581302","24","46824530"
"chr3","49446591","49446894","KN294372v1","2539445","2539760","52","46907146"
"chr3","49449171","49449331","KN294372v1","2536542","2536700","9","46912629"
"chr3","49456521","49456813","KN296290v1","24611","24902","47","49431910"
"chr3","49456985","49457292","KN294964v1","1674001","1674300","57","47782984"
"chr3","49460274","49460414","KN294728v1","1514997","1515135","37","47945277"
"chr3","49460721","49460885","KN296153v1","2414681","2414836","32","47046040"
"chr3","49474795","49475064","KN294372v1","2507823","2508058","46","46966972"
"chr3","49477261","49477480","KN294372v1","2504362","2504566","26","46972899"
"chr3","49493560","49493836","KN294470v1","2744956","2745232","56","46748604"
"chr3","49509608","49509815","KN294372v1","2473504","2473714","13","47036104"
"chr3","49515633","49515757","KN294372v1","2465812","2465939","7","47049821"
"chr3","49534983","49535198","KN294987v1","428456","428674","46","49106527"
"chr3","49536520","49536835","KN294372v1","2445852","2446134","54","47090668"
"chr3","49538448","49538674","KN296153v1","1417144","1417371","45","48121304"
"chr3","49545315","49545613","KN294581v1","585840","586137","61","48959475"
"chr3","49548798","49549017","KN295633v1","2172508","2172728","43","47376290"
"chr3","49559451","49559743","KN294372v1","2423513","2423781","61","47135938"
"chr3","49619613","49619924","KN296864v1","3265179","3265496","57","46354434"
"chr3","49622732","49622924","KN294372v1","2357865","2358065","37","47264867"
"chr3","49678922","49679235","KN294372v1","2299070","2299382","20","47379852"
"chr3","49700121","49700277","KN297293v1","460362","460509","36","49239759"
"chr3","49700784","49700889","KN295825v1","1049611","1049711","24","48651173"
"chr3","49701192","49701356","KN294172v1","5478448","5478613","35","44222744"
"chr3","49704811","49704972","KN296138v1","447273","447438","30","49257538"
"chr3","49707460","49707732","KN294372v1","2276049","2276325","16","47431411"
"chr3","49708266","49708522","KN294372v1","2275128","2275369","28","47433138"
"chr3","49710845","49711130","KN294372v1","2272198","2272484","22","47438647"
"chr3","49714658","49714786","KN295552v1","59038","59157","26","49655620"
"chr3","49715085","49715249","KN294372v1","2269124","2269284","18","47445961"
"chr3","49749160","49749463","KN296378v1","669464","669762","67","49079696"
"chr3","49750914","49751096","KN295366v1","360475","360655","37","49390439"
"chr3","49751398","49751513","KN294372v1","2228597","2228718","11","47522801"
"chr3","49753720","49753899","KN294172v1","429185","429356","43","49324535"
"chr3","49767176","49767326","KN294372v1","2217986","2218132","17","47549190"
"chr3","49780597","49780882","KN294372v1","2200731","2200998","35","47579866"
"chr3","49799757","49799948","KN294987v1","414044","414238","40","49385713"
"chr3","49805637","49805831","KN294372v1","2178775","2178965","14","47626862"
"chr3","49809885","49810153","KN294372v1","2173834","2174103","16","47636051"
"chr3","49817639","49817922","KN294372v1","2160395","2160710","53","47657244"
"chr3","49824827","49825112","KN294372v1","2154676","2154955","21","47670151"
"chr3","49834689","49834979","KN295586v1","3098137","3098432","77","46736552"
"chr3","49837673","49837906","KN294372v1","2140745","2140998","46","47696928"
"chr3","49843325","49843481","KN294378v1","1228515","1228663","31","48614810"
"chr3","49843782","49843953","KN294372v1","2137119","2137293","18","47706663"
"chr3","49851936","49852231","KN294372v1","2131511","2131809","17","47720425"
"chr3","49861104","49861383","KN296117v1","365599","365876","56","49495505"
"chr3","49876702","49876978","KN295430v1","2641598","2641864","68","47235104"
"chr3","49890409","49890634","KN294372v1","2092601","2092829","28","47797808"
"chr3","49897884","49898089","KN294372v1","2083883","2084102","22","47814001"
"chr3","49911175","49911235","KN295243v1","899381","899433","20","49011794"
"chr3","49911252","49911389","KN294372v1","2072868","2073008","13","47838384"
"chr3","49911693","49911870","KN294372v1","2072400","2072558","25","47839293"
"chr3","49914278","49914552","KN294172v1","3976237","3976511","63","45938041"
"chr3","49930399","49930677","KN294372v1","2057085","2057361","16","47873314"
"chr3","49937349","49937470","KN294372v1","2050834","2050955","3","47886515"
"chr3","49978036","49978147","KN294372v1","2006722","2006831","9","47971314"
"chr3","49978456","49978523","KN294372v1","2006362","2006427","10","47972094"
"chr3","50060236","50060521","KN294458v1","593748","594033","60","49466488"
"chr3","50073207","50073448","KN294758v1","2091035","2091271","63","47982172"
"chr3","50074474","50074674","KN294372v1","1904177","1904377","15","48170297"
"chr3","50077678","50077976","KN297094v1","278575","278875","56","49799103"
"chr3","50101277","50101563","KN294372v1","1877308","1877605","29","48223969"
"chr3","50107215","50107481","KN294372v1","1871281","1871576","57","48235934"
"chr3","50111128","50111336","KN297133v1","999787","999997","44","49111341"
"chr3","50122229","50122500","KN294372v1","1855997","1856278","24","48266232"
"chr3","50184620","50184868","KN294705v1","952309","952554","65","49232311"
"chr3","50187258","50187543","KN294372v1","1788777","1789049","31","48398481"
"chr3","50220629","50220651","KN294372v1","1757415","1757439","2","48463214"
"chr3","50221572","50221759","KN294372v1","1756312","1756493","18","48465260"
"chr3","50249620","50249927","KN294372v1","1724814","1725106","31","48524806"
"chr3","50255297","50255611","KN294372v1","1718207","1718521","19","48537090"
"chr3","50287910","50288019","KN294421v1","1083189","1083301","27","49204721"
"chr3","50293147","50293290","KN294506v1","362028","362172","39","49931119"
"chr3","50293584","50293789","KN297274v1","370053","370256","49","49923531"
"chr3","50301349","50301456","KN294372v1","1668781","1668894","11","48632568"
"chr3","50303460","50303734","KN294372v1","1666595","1666866","29","48636865"
"chr3","50311392","50311515","KN294214v1","284326","284448","19","50027066"
"chr3","50311552","50311729","KN294416v1","354557","354730","35","49956995"
"chr3","50318535","50318652","KN294372v1","1651164","1651280","9","48667371"
"chr3","50318919","50319146","KN297141v1","108795","109035","58","50210124"
"chr3","50335169","50335341","KN296311v1","6176943","6177111","49","44158226"
"chr3","50338175","50338381","KN294372v1","1631034","1631239","10","48707141"
"chr3","50341154","50341424","KN297452v1","2410408","2410674","46","47930746"
"chr3","50367982","50368176","KN295744v1","654144","654333","47","49713838"
"chr3","50373704","50373855","KN294520v1","594858","595010","27","49778846"
"chr3","50377677","50377969","KN294372v1","1594387","1594680","30","48783290"
"chr3","50388485","50388608","KN294372v1","1581247","1581365","20","48807238"
"chr3","50388708","50388820","KN295940v1","103161","103258","31","50285547"
"chr3","50391823","50392006","KN294416v1","354557","354730","35","50037266"
"chr3","50560577","50560861","KN294372v1","1572728","1573016","24","48987849"
"chr3","50569341","50569468","KN294372v1","1563623","1563750","4","49005718"
"chr3","50569769","50569927","KN294372v1","1563157","1563329","31","49006612"
"chr3","50576607","50576907","KN294372v1","1559850","1560146","40","49016757"
"chr3","50602258","50602414","KN296079v1","1700230","1700407","53","48902028"
"chr3","50623230","50623516","KN294372v1","1504470","1504769","35","49118760"
"chr3","50643441","50643770","KN297227v1","778221","778549","71","49865220"
"chr3","50651922","50652198","KN294372v1","1475539","1475812","21","49176383"
"chr3","50653726","50654038","KN294372v1","1473000","1473295","36","49180726"
"chr3","50673662","50673937","KN295236v1","3403395","3403671","65","47270267"
"chr3","50691410","50691539","KN294372v1","1425525","1425645","14","49265885"
"chr3","50692556","50692849","KN294372v1","1424215","1424513","18","49268341"
"chr3","50697442","50697572","KN294705v1","1436690","1436818","23","49260752"
"chr3","50751336","50751615","KN294372v1","1362323","1362601","34","49389013"
"chr3","50878942","50879093","KN294372v1","1237084","1237241","23","49641858"
"chr3","50897478","50897622","KN294372v1","1217968","1218113","13","49679510"
"chr3","50897930","50898074","KN294372v1","1217522","1217662","11","49680408"
"chr3","50899925","50900226","KN294372v1","1215183","1215465","41","49684742"
"chr3","50903070","50903364","KN294372v1","1212087","1212379","13","49690983"
"chr3","50905042","50905157","KN296762v1","84881","84998","18","50820161"
"chr3","50910719","50910909","KN297274v1","121335","121529","55","50789384"
"chr3","50911219","50911265","KN296682v1","4865123","4865166","19","46046096"
"chr3","50921134","50921330","KN294372v1","1195152","1195329","33","49725982"
"chr3","50923520","50923635","KN294372v1","1188847","1188967","10","49734673"
"chr3","50928278","50928569","KN294372v1","1182958","1183255","32","49745320"
"chr3","50933869","50934159","KN294372v1","1178809","1179100","31","49755060"
"chr3","50939780","50940072","KN296381v1","152790","153083","63","50786990"
"chr3","50946439","50946717","KN294372v1","1160876","1161153","31","49785563"
"chr3","50947479","50947780","KN294372v1","1159834","1160134","42","49787645"
"chr3","50950766","50951022","KN294372v1","1155544","1155794","34","49795222"
"chr3","50958111","50958340","KN294372v1","1148464","1148647","57","49809647"
"chr3","50986365","50986657","KN294372v1","1120999","1121285","25","49865366"
"chr3","50993618","50993901","KN294372v1","1112965","1113231","37","49880653"
"chr3","50995952","50996268","KN294372v1","1110589","1110897","27","49885363"
"chr3","51002938","51003233","KN294372v1","1100986","1101292","24","49901952"
"chr3","51022893","51023197","KN294372v1","1081818","1082129","31","49941075"
"chr3","51048171","51048465","KN294372v1","1055643","1055891","57","49992528"
"chr3","51073561","51073687","KN295236v1","3547470","3547599","24","47526091"
"chr3","51095032","51095228","KN294372v1","1010693","1010889","7","50084339"
"chr3","51113559","51113681","KN294372v1","995510","995639","16","50118049"
"chr3","51117022","51117182","KN294372v1","992457","992617","7","50124565"
"chr3","51126661","51126957","KN294372v1","983269","983567","37","50143392"
"chr3","51139712","51139810","KN294372v1","969501","969600","9","50170211"
"chr3","51168986","51169266","KN294372v1","947415","947717","35","50221571"
"chr3","51172419","51172703","KN294372v1","943563","943882","60","50228856"
"chr3","51175729","51175880","KN294372v1","939522","939684","22","50236207"
"chr3","51177336","51177645","KN297320v1","1234476","1234772","66","49942860"
"chr3","51179614","51179926","KN296261v1","36127","36433","57","51143487"
"chr3","51203566","51203865","KN295260v1","938447","938739","62","50265119"
"chr3","51227888","51228195","KN294372v1","888985","889278","37","50338903"
"chr3","51251289","51251570","KN294372v1","863718","863998","26","50387571"
"chr3","51257917","51258114","KN294372v1","857284","857491","29","50400633"
"chr3","51260004","51260297","KN296825v1","456477","456764","70","50803527"
"chr3","51267781","51268083","KN294372v1","848238","848536","30","50419543"
"chr3","51278031","51278261","KN294592v1","652759","652976","63","50625272"
"chr3","51282667","51282809","KN294372v1","831908","832049","10","50450759"
"chr3","51386378","51386674","KN294372v1","723490","723793","28","50662888"
"chr3","51434704","51434987","KN294372v1","674860","675153","25","50759844"
"chr3","51457207","51457365","KN294372v1","653046","653220","22","50804161"
"chr3","51457650","51457777","KN294372v1","652327","652456","12","50805323"
"chr3","51494265","51494569","KN297274v1","335410","335711","57","51158855"
"chr3","51508582","51508604","KN294486v1","303887","303906","6","51204695"
"chr3","51508631","51508794","KN296096v1","1545809","1545970","43","49962822"
"chr3","51562787","51562926","KN296153v1","3545336","3545472","22","48017451"
"chr3","51759164","51759472","KN294372v1","346961","347269","18","51412203"
"chr3","51760687","51760886","KN295294v1","1145597","1145782","56","50615090"
"chr3","51783959","51784096","KN294372v1","322073","322210","15","51461886"
"chr3","51784390","51784569","KN294372v1","321598","321775","16","51462792"
"chr3","51844196","51844361","KN294372v1","262075","262248","28","51582121"
"chr3","51844669","51844827","KN294372v1","261614","261772","9","51583055"
"chr3","51857356","51857653","KN294372v1","246438","246730","28","51610918"
"chr3","51866526","51866799","KN295236v1","2724448","2724730","61","49142078"
"chr3","51879883","51880134","KN294372v1","225657","225915","21","51654226"
"chr3","51896239","51896529","KN294458v1","593748","594033","56","51302491"
"chr3","51899919","51900205","KN296883v1","3262365","3262660","56","48637554"
"chr3","51919029","51919339","KN296072v1","70134","70437","69","51848895"
"chr3","51925161","51925467","KN294372v1","215894","216199","28","51709267"
"chr3","51972597","51972866","KN296726v1","751303","751567","60","51221294"
"chr3","51974707","51974968","KN294372v1","169026","169309","35","51805681"
"chr3","51975944","51976232","KN295441v1","853596","853874","62","51122348"
"chr3","51978095","51978382","KN294372v1","165689","165980","22","51812406"
"chr3","51987262","51987553","KN294372v1","155438","155729","17","51831824"
"chr3","52013204","52013501","KN295705v1","491920","492220","63","51521284"
"chr3","52018615","52018780","KN295022v1","940827","940992","37","51077788"
"chr3","52018806","52018921","KN294991v1","2032636","2032755","24","49986170"
"chr3","52109657","52109850","KN294372v1","52066","52244","25","52057591"
"chr3","52134788","52134918","KN294470v1","2123307","2123439","26","50011481"
"chr3","52195532","52195832","KN295343v1","329489","329788","64","51866043"
"chr3","52212933","52213190","KN295923v1","255266","255522","61","51957667"
"chr3","52235437","52235728","KN294526v1","15775","16071","27","52219662"
"chr3","52263402","52263709","KN295722v1","1685853","1686155","61","50577549"
"chr3","52276138","52276413","KN294526v1","64908","65188","23","52211230"
"chr3","52298054","52298324","KN297361v1","117085","117366","68","52180969"
"chr3","52317289","52317592","KN294526v1","110141","110455","30","52207148"
"chr3","52320642","52320948","KN294526v1","113826","114099","53","52206816"
"chr3","52347707","52347950","KN294526v1","132490","132760","42","52215217"
"chr3","52390805","52391088","KN294526v1","181169","181459","18","52209636"
"chr3","52461534","52461741","KN294526v1","247183","247392","17","52214351"
"chr3","52463330","52463670","KN296992v1","159603","159904","96","52303727"
"chr3","52471472","52471794","KN294526v1","253436","253762","35","52218036"
"chr3","52472767","52473049","KN294526v1","255048","255322","33","52217719"
"chr3","52580110","52580405","KN294526v1","367549","367844","27","52212561"
"chr3","52592954","52593170","KN294526v1","381303","381535","30","52211651"
"chr3","52593336","52593637","KN294451v1","758409","758703","58","51834927"
"chr3","52598555","52598838","KN294526v1","387481","387752","32","52211074"
"chr3","52604412","52604687","KN295397v1","5352","5638","57","52599060"
"chr3","52610422","52610746","KN294526v1","399828","400155","23","52210594"
"chr3","52614159","52614291","KN294526v1","403531","403662","12","52210628"
"chr3","52617860","52618151","KN294526v1","414122","414412","31","52203738"
"chr3","52619510","52619801","KN294526v1","415433","415715","22","52204077"
"chr3","52634324","52634621","KN294526v1","423850","424143","23","52210474"
"chr3","52640203","52640462","KN294526v1","428714","428974","11","52211489"
"chr3","52643358","52643489","KN294182v1","154537","154667","23","52488821"
"chr3","52649873","52650169","KN294526v1","439637","439925","36","52210236"
"chr3","52664541","52664853","KN294897v1","448867","449177","55","52215674"
"chr3","52675882","52676083","KN294526v1","471048","471250","10","52204834"
"chr3","52678619","52678750","KN294526v1","473709","473833","16","52204910"
"chr3","52683064","52683353","KN294526v1","478395","478695","33","52204669"
"chr3","52683713","52683925","KN294630v1","203601","203797","53","52480112"
"chr3","52687407","52687722","KN295268v1","257571","257884","78","52429836"
"chr3","52690143","52690457","KN294526v1","486385","486692","21","52203758"
"chr3","52708967","52709300","KN294526v1","503433","503727","56","52205534"
"chr3","52714144","52714386","KN294526v1","508796","509076","55","52205348"
"chr3","52715071","52715370","KN294526v1","509746","510032","31","52205325"
"chr3","52719964","52720270","KN296133v1","228436","228735","61","52491528"
"chr3","52753690","52753865","KN294526v1","549194","549377","19","52204496"
"chr3","52768837","52769136","KN294526v1","564901","565184","30","52203936"
"chr3","52769522","52769635","KN294526v1","565582","565695","7","52203940"
"chr3","52779587","52779884","KN294526v1","572065","572376","39","52207522"
"chr3","52779944","52780235","KN294526v1","572432","572720","20","52207512"
"chr3","52782999","52783292","KN294526v1","575557","575810","50","52207442"
"chr3","52790933","52791228","KN296404v1","3404152","3404452","56","49386781"
"chr3","52797014","52797295","KN295225v1","2446744","2447033","53","50350270"
"chr3","52895334","52895558","KN294526v1","683775","683999","13","52211559"
"chr3","52897139","52897256","KN296933v1","89510","89627","17","52807629"
"chr3","52935625","52935887","KN296200v1","235687","235956","69","52699938"
"chr3","52955936","52956231","KN295459v1","462496","462800","59","52493440"
"chr3","53005438","53005743","KN294181v1","481862","482169","54","52523576"
"chr3","53046551","53046823","KN294987v1","1542039","1542312","14","51504512"
"chr3","53092188","53092482","KN294987v1","1590894","1591192","18","51501294"
"chr3","53093297","53093578","KN294987v1","1592017","1592313","29","51501280"
"chr3","53110724","53111000","KN295871v1","1165712","1166014","45","51945012"
"chr3","53201871","53202164","KN295871v1","1073242","1073537","15","52128629"
"chr3","53204103","53204260","KN295871v1","1071187","1071337","25","52132916"
"chr3","53204559","53204702","KN295871v1","1070735","1070880","11","52133824"
"chr3","53317279","53317596","KN295871v1","955854","956177","37","52361425"
"chr3","53321840","53322128","KN295871v1","951502","951790","22","52370338"
"chr3","53359593","53359871","KN295871v1","915307","915574","22","52444286"
"chr3","53372937","53373236","KN295871v1","901371","901678","27","52471566"
"chr3","53375556","53375856","KN295871v1","898746","899047","14","52476810"
"chr3","53387007","53387274","KN294399v1","240785","241048","52","53146222"
"chr3","53445893","53446202","KN296079v1","1340626","1340932","69","52105267"
"chr3","53481095","53481434","KN295871v1","789417","789723","47","52691678"
"chr3","53504298","53504614","KN296139v1","15263","15577","65","53489035"
"chr3","53630820","53631114","KN295591v1","705545","705842","56","52925275"
"chr3","53639814","53639959","KN295871v1","622212","622357","7","53017602"
"chr3","53640263","53640432","KN295871v1","621750","621915","16","53018513"
"chr3","53696303","53696600","KN295871v1","565293","565575","37","53131010"
"chr3","53749671","53749983","KN295871v1","510683","510996","36","53238988"
"chr3","53750310","53750615","KN295236v1","5121169","5121469","66","48629141"
"chr3","53753920","53754042","KN295871v1","508240","508364","8","53245680"
"chr3","53773983","53774270","KN295871v1","479423","479706","24","53294560"
"chr3","53775574","53775879","KN295871v1","477789","478095","14","53297785"
"chr3","53782901","53783207","KN294501v1","41760","42066","57","53741141"
"chr3","53801817","53802092","KN295302v1","205368","205641","72","53596449"
"chr3","53814806","53814929","KN296508v1","1920097","1920221","24","51894709"
"chr3","53824317","53824526","KN295871v1","430700","430935","39","53393617"
"chr3","53828796","53829068","KN295871v1","426042","426308","28","53402754"
"chr3","53834505","53834797","KN295871v1","421349","421638","19","53413156"
"chr3","53852128","53852425","KN295871v1","401456","401754","16","53450672"
"chr3","53877476","53877767","KN295871v1","375636","375932","33","53501840"
"chr3","53890499","53890784","KN295871v1","359167","359453","20","53531332"
"chr3","53890800","53891088","KN295871v1","358864","359152","15","53531936"
"chr3","53911216","53911510","KN295871v1","329643","329951","30","53581573"
"chr3","53914157","53914439","KN296311v1","7907830","7908116","60","46006327"
"chr3","53916082","53916370","KN295871v1","324712","325001","27","53591370"
"chr3","53926915","53927216","KN295871v1","315569","315863","58","53611346"
"chr3","53939205","53939486","KN294172v1","5859145","5859420","65","48080060"
"chr3","53940407","53940685","KN295871v1","301697","301964","28","53638710"
"chr3","54023868","54024182","KN296357v1","436649","436961","59","53587219"
"chr3","54025831","54026116","KN295586v1","2908076","2908370","69","51117755"
"chr3","54094973","54095273","KN295871v1","141516","141809","26","53953457"
"chr3","54108083","54108362","KN295871v1","129063","129338","25","53979020"
"chr3","54108414","54108700","KN295871v1","132551","132792","60","53975863"
"chr3","54114740","54115030","KN295871v1","125288","125584","25","53989452"
"chr3","54116894","54117194","KN295871v1","122806","123107","29","53994088"
"chr3","54117877","54118173","KN295871v1","121779","122081","31","53996098"
"chr3","54134250","54134544","KN295871v1","102177","102467","21","54032073"
"chr3","54145561","54145683","KN296430v1","907133","907257","17","53238428"
"chr3","54164633","54164941","KN295871v1","67660","67956","26","54096973"
"chr3","54170454","54170667","KN294375v1","163005","163209","54","54007449"
"chr3","54174640","54174939","KN295871v1","58479","58780","25","54116161"
"chr3","54187925","54188216","KN295871v1","44556","44847","26","54143369"
"chr3","54194215","54194523","KN295871v1","38098","38405","25","54156117"
"chr3","54200987","54201284","KN295586v1","2150837","2151135","52","52050150"
"chr3","54201922","54202044","KN295871v1","30254","30376","5","54171668"
"chr3","54210671","54210962","KN295871v1","22028","22320","18","54188643"
"chr3","54222521","54222820","KN295871v1","9818","10125","30","54212703"
"chr3","54223229","54223492","KN295871v1","9113","9376","25","54214116"
"chr3","54233296","54233624","KN294510v1","40752","41080","71","54192544"
"chr3","54236388","54236597","KN295898v1","166973","167181","56","54069415"
"chr3","54242907","54243205","KN295045v1","414971","415269","56","53827936"
"chr3","54244706","54244987","KN294158v1","322368","322647","65","53922338"
"chr3","54249546","54249816","KN295761v1","493079","493355","59","53756467"
"chr3","54253830","54254123","KN294281v1","155202","155486","63","54098628"
"chr3","54254857","54255129","KN294991v1","1490969","1491234","63","52763888"
"chr3","54259939","54260062","KN295236v1","2325069","2325170","32","51934870"
"chr3","54260436","54260549","KN296311v1","4684858","4684967","22","49575578"
"chr3","54275678","54275996","KN297190v1","6544606","6544908","55","47731072"
"chr3","54284051","54284271","KN294668v1","2706245","2706467","40","51577806"
"chr3","54293749","54293853","KN297322v1","632006","632106","19","53661743"
"chr3","54342347","54342512","KN296635v1","5109426","5109596","46","49232921"
"chr3","54371698","54372008","KN296847v1","340510","340822","61","54031188"
"chr3","54374007","54374093","KN295692v1","1381057","1381143","11","52992950"
"chr3","54403268","54403515","KN296096v1","2485316","2485572","57","51917952"
"chr3","54414805","54415100","KN296009v1","134828","135122","55","54279977"
"chr3","54417198","54417325","KN294410v1","495531","495660","20","53921667"
"chr3","54428054","54428260","KN295154v1","210689","210891","45","54217365"
"chr3","54429122","54429301","KN294433v1","383645","383813","36","54045477"
"chr3","54441122","54441430","KN295633v1","410008","410315","72","54031114"
"chr3","54447714","54448010","KN297133v1","671948","672251","52","53775766"
"chr3","54469712","54469724","KN295236v1","1179358","1179368","2","53290354"
"chr3","54469752","54470038","KN295294v1","358831","359116","52","54110921"
"chr3","54473239","54473353","KN295825v1","3365930","3366043","22","51107309"
"chr3","54475066","54475354","KN294345v1","1292741","1293034","73","53182325"
"chr3","54475362","54475671","KN296880v1","364173","364481","66","54111189"
"chr3","54480718","54480956","KN295343v1","917256","917487","60","53563462"
"chr3","54500622","54500925","KN296365v1","578722","579023","57","53921900"
"chr3","54528715","54528989","KN295405v1","504647","504932","52","54024068"
"chr3","54530511","54530671","KN295441v1","1558881","1559044","39","52971630"
"chr3","54536347","54536512","KN296281v1","67757","67920","45","54468590"
"chr3","54541955","54542255","KN296588v1","1018395","1018692","68","53523560"
"chr3","54560759","54561045","KN296977v1","88156","88438","53","54472603"
"chr3","54565406","54565712","KN297319v1","214169","214469","64","54351237"
"chr3","54569976","54570291","KN296864v1","3265179","3265496","57","51304797"
"chr3","54571189","54571428","KN295907v1","1535579","1535815","49","53035610"
"chr3","54572487","54572772","KN294224v1","1089559","1089837","63","53482928"
"chr3","54574177","54574483","KN295988v1","1298782","1299086","55","53275395"
"chr3","54607929","54608109","KN295722v1","2530724","2530897","39","52077205"
"chr3","54620467","54620741","KN294260v1","802857","803136","58","53817610"
"chr3","54626807","54626944","KN295941v1","2213226","2213352","32","52413581"
"chr3","54627271","54627440","KN294630v1","218498","218661","37","54408773"
"chr3","54635034","54635277","KN295096v1","177724","177957","63","54457310"
"chr3","54637521","54637841","KN296153v1","231421","231734","62","54406100"
"chr3","54642436","54642732","KN296404v1","3404152","3404452","54","51238284"
"chr3","54644050","54644356","KN294733v1","165140","165425","69","54478910"
"chr3","54666606","54666917","KN297053v1","53433","53737","67","54613173"
"chr3","54681395","54681673","KN294378v1","1608627","1608901","61","53072768"
"chr3","54690400","54690694","KN296311v1","2402091","2402387","55","52288309"
"chr3","54701834","54702120","KN296795v1","706774","707060","59","53995060"
"chr3","54770573","54770877","KN294570v1","165105","165399","60","54605468"
"chr3","54841923","54842254","KN296778v1","48742","49069","77","54793181"
"chr3","54849304","54849624","KN295236v1","3169501","3169813","68","51679803"
"chr3","54855564","54855877","KN296075v1","304763","305072","61","54550801"
"chr3","54870569","54870893","KN294571v1","292708","293021","71","54577861"
"chr3","54895576","54895874","KN294991v1","693040","693334","60","54202536"
"chr3","54896127","54896427","KN295722v1","1548894","1549195","62","53347233"
"chr3","54938481","54938611","KN296153v1","2676979","2677110","20","52261502"
"chr3","54995909","54996186","KN296096v1","2485316","2485572","68","52510593"
"chr3","54999207","54999503","KN294506v1","25251","25541","63","54973956"
"chr3","55000830","55001125","KN297008v1","5191111","5191403","72","49809719"
"chr3","55008377","55008501","KN294470v1","2215008","2215132","18","52793369"
"chr3","55025080","55025363","KN294224v1","1089559","1089837","68","53935521"
"chr3","55042967","55043152","KN297227v1","1094490","1094682","52","53948477"
"chr3","55070092","55070377","KN296404v1","3404152","3404452","55","51665940"
"chr3","55110964","55111227","KN295112v1","633291","633535","62","54477673"
"chr3","55152704","55152824","KN295484v1","677479","677608","17","54475225"
"chr3","55171745","55172054","KN295484v1","659461","659794","41","54512284"
"chr3","55173574","55173896","KN295484v1","657620","657938","57","54515954"
"chr3","55195804","55196095","KN295484v1","634266","634551","28","54561538"
"chr3","55200507","55200792","KN295484v1","629029","629313","15","54571478"
"chr3","55227729","55228039","KN295484v1","600646","600940","46","54627083"
"chr3","55242617","55242885","KN295484v1","586246","586520","13","54656371"
"chr3","55258765","55258778","KN294864v1","174032","174043","3","55084733"
"chr3","55259513","55259695","KN295474v1","578011","578191","41","54681502"
"chr3","55386368","55386655","KN295484v1","440172","440466","24","54946196"
"chr3","55389549","55389681","KN295433v1","672811","672940","21","54716738"
"chr3","55410340","55410608","KN295607v1","4408934","4409181","63","51001406"
"chr3","55460802","55461119","KN295484v1","369474","369793","29","55091328"
"chr3","55478764","55478986","KN295484v1","350299","350533","33","55128465"
"chr3","55707023","55707346","KN295484v1","124206","124516","31","55582817"
"chr3","55868283","55868530","KN295470v1","37652","37905","24","55830631"
"chr3","55868559","55868855","KN295470v1","37934","38235","34","55830625"
"chr3","55934815","55935107","KN295470v1","111428","111737","34","55823387"
"chr3","56102952","56103084","KN295470v1","272341","272473","11","55830611"
"chr3","56103395","56103573","KN296486v1","164391","164572","40","55939004"
"chr3","56117570","56117850","KN295470v1","288564","288852","30","55829006"
"chr3","56208079","56208331","KN296508v1","1387809","1388081","34","54820270"
"chr3","56294395","56294697","KN296481v1","88757","89064","56","56205638"
"chr3","56391854","56391961","KN296460v1","386780","386892","27","56005074"
"chr3","56410215","56410531","KN294613v1","208449","208757","74","56201766"
"chr3","56412146","56412433","KN294526v1","792542","792829","55","55619604"
"chr3","56611600","56611888","KN294172v1","2069177","2069469","53","54542423"
"chr3","56654727","56655029","KN296101v1","26057","26365","57","56628670"
"chr3","56686962","56687231","KN294372v1","683041","683334","66","56003921"
"chr3","56758204","56758494","KN294269v1","441415","441699","74","56316789"
"chr3","56809299","56809606","KN294570v1","165105","165399","69","56644194"
"chr3","56882171","56882452","KN294451v1","1329919","1330193","65","55552252"
"chr3","56927852","56928139","KN296009v1","171199","171477","68","56756653"
"chr3","56928197","56928208","KN294399v1","285064","285074","2","56643133"
"chr3","56981213","56981494","KN297153v1","395920","396208","59","56585293"
"chr3","56983391","56983663","KN295236v1","1519394","1519656","68","55463997"
"chr3","57064976","57065194","KN295633v1","2172508","2172728","42","54892468"
"chr3","57071048","57071332","KN294800v1","58275","58560","63","57012773"
"chr3","57131224","57131437","KN294476v1","52887","53101","14","57078337"
"chr3","57142338","57142558","KN294476v1","41876","42096","12","57100462"
"chr3","57216657","57216917","KN297212v1","454774","455033","22","56761883"
"chr3","57246392","57246661","KN297212v1","423824","424094","26","56822568"
"chr3","57256744","57257054","KN297212v1","412928","413217","43","56843816"
"chr3","57345214","57345501","KN296096v1","4138966","4139252","58","53206248"
"chr3","57354289","57354570","KN297212v1","311358","311642","38","57042931"
"chr3","57386930","57387227","KN297212v1","285026","285331","33","57101904"
"chr3","57433010","57433304","KN297212v1","237010","237305","14","57196000"
"chr3","57502879","57503121","KN297141v1","108795","109035","64","57394084"
"chr3","57562906","57563196","KN297212v1","113949","114237","19","57448957"
"chr3","57582294","57582602","KN297212v1","94520","94825","36","57487774"
"chr3","57597205","57597445","KN297212v1","79799","80037","20","57517406"
"chr3","57603405","57603705","KN297212v1","67446","67751","18","57535959"
"chr3","57604819","57604905","KN297212v1","66147","66234","2","57538672"
"chr3","57614887","57615187","KN296404v1","3404152","3404452","55","54210735"
"chr3","57640547","57640834","KN297212v1","28424","28730","37","57612123"
"chr3","57658260","57658577","KN297212v1","10707","11029","26","57647553"
"chr3","57663226","57663428","KN297212v1","6173","6400","40","57657053"
"chr3","57697553","57697856","KN294991v1","35048","35338","40","57662505"
"chr3","57701914","57702029","KN294991v1","39040","39156","7","57662874"
"chr3","57702318","57702511","KN294991v1","39442","39638","18","57662876"
"chr3","57732651","57732776","KN294991v1","65340","65469","17","57667311"
"chr3","57735324","57735604","KN294991v1","67440","67719","21","57667884"
"chr3","57738336","57738617","KN294991v1","77509","77791","24","57660827"
"chr3","57747465","57747773","KN294433v1","472606","472910","68","57274859"
"chr3","57765304","57765574","KN294991v1","104106","104412","53","57661198"
"chr3","57784228","57784518","KN294991v1","123976","124264","32","57660252"
"chr3","57787236","57787349","KN294705v1","409765","409876","26","57377471"
"chr3","57799471","57799759","KN294991v1","140264","140559","35","57659207"
"chr3","57802943","57803245","KN294991v1","143744","144062","44","57659199"
"chr3","57807013","57807316","KN294991v1","147820","148124","23","57659193"
"chr3","57816102","57816390","KN294991v1","157367","157656","26","57658735"
"chr3","57821238","57821398","KN294499v1","2461813","2461967","43","55359425"
"chr3","57863191","57863498","KN294991v1","197727","198040","31","57665464"
"chr3","57877593","57877884","KN294991v1","210699","210996","29","57666894"
"chr3","57910177","57910492","KN294991v1","244204","244516","23","57665973"
"chr3","57911636","57911758","KN294991v1","245661","245783","6","57665975"
"chr3","57914414","57914539","KN294467v1","32975","33096","21","57881439"
"chr3","57954057","57954353","KN294991v1","289343","289641","21","57664714"
"chr3","57958870","57959162","KN296001v1","33527","33808","60","57925343"
"chr3","57970062","57970360","KN294991v1","305016","305311","48","57665046"
"chr3","57989398","57989695","KN296404v1","3404152","3404452","53","54585246"
"chr3","58010426","58010702","KN294991v1","346454","346737","44","57663972"
"chr3","58043143","58043450","KN294991v1","379285","379613","47","57663858"
"chr3","58051589","58051803","KN295995v1","194519","194734","45","57857070"
"chr3","58062802","58063115","KN294991v1","398946","399258","41","57663856"
"chr3","58114756","58114992","KN294991v1","442738","442974","13","57672018"
"chr3","58122347","58122548","KN297259v1","1780876","1781077","39","56341471"
"chr3","58127335","58127627","KN294991v1","454510","454802","14","57672825"
"chr3","58135420","58135719","KN294991v1","462692","462987","19","57672728"
"chr3","58166957","58167226","KN294991v1","494856","495134","29","57672101"
"chr3","58182612","58182901","KN294991v1","509556","509836","25","57673056"
"chr3","58193591","58193896","KN294991v1","520407","520710","29","57673184"
"chr3","58204539","58204728","KN296695v1","185963","186159","46","58018576"
"chr3","58211981","58212123","KN295205v1","1575115","1575253","28","56636866"
"chr3","58212443","58212521","KN297322v1","1321822","1321900","13","56890621"
"chr3","58214066","58214359","KN294991v1","540853","541147","20","57673213"
"chr3","58215092","58215417","KN294991v1","541866","542182","23","57673226"
"chr3","58226301","58226601","KN294991v1","552880","553171","33","57673421"
"chr3","58232140","58232465","KN294991v1","558844","559169","21","57673296"
"chr3","58232486","58232549","KN294372v1","1683165","1683233","22","56549321"
"chr3","58246428","58246722","KN294991v1","573073","573364","24","57673355"
"chr3","58280742","58281004","KN294257v1","1206342","1206612","70","57074400"
"chr3","58298107","58298401","KN294991v1","625038","625336","28","57673069"
"chr3","58300439","58300719","KN294991v1","627411","627691","17","57673028"
"chr3","58319610","58319906","KN294991v1","647978","648272","26","57671632"
"chr3","58320337","58320532","KN297190v1","3790423","3790611","54","54529914"
"chr3","58334825","58335108","KN294991v1","665557","665839","20","57669268"
"chr3","58336880","58337043","KN296859v1","1957253","1957418","25","56379627"
"chr3","58337340","58337474","KN294991v1","668197","668331","9","57669143"
"chr3","58349189","58349484","KN297094v1","278575","278875","56","58070614"
"chr3","58363925","58364223","KN294991v1","691936","692237","16","57671989"
"chr3","58365040","58365324","KN294991v1","693040","693334","26","57672000"
"chr3","58372122","58372293","KN296322v1","352964","353133","48","58019158"
"chr3","58372599","58372615","KN295361v1","750615","750628","5","57621984"
"chr3","58374159","58374396","KN297046v1","2273942","2274172","49","56100217"
"chr3","58376368","58376657","KN294991v1","705879","706170","22","57670489"
"chr3","58389024","58389310","KN295430v1","1217548","1217833","67","57171476"
"chr3","58455023","58455115","KN296281v1","422150","422232","28","58032873"
"chr3","58455402","58455559","KN294325v1","169199","169356","30","58286203"
"chr3","58481723","58482001","KN296187v1","803116","803397","61","57678607"
"chr3","58509477","58509556","KN294991v1","838230","838309","1","57671247"
"chr3","58525410","58525605","KN294991v1","854360","854541","23","57671050"
"chr3","58537080","58537364","KN294375v1","679188","679462","57","57857892"
"chr3","58557386","58557686","KN294991v1","882115","882424","28","57675271"
"chr3","58563800","58563922","KN294991v1","888502","888624","4","57675298"
"chr3","58566534","58566850","KN294991v1","890638","890961","27","57675896"
"chr3","58595714","58595840","KN294991v1","926087","926213","6","57669627"
"chr3","58607858","58608135","KN294407v1","93980","94252","71","58513878"
"chr3","58609443","58609713","KN294991v1","945593","945857","25","57663850"
"chr3","58646770","58647068","KN294991v1","974938","975240","15","57671832"
"chr3","58687129","58687360","KN294991v1","1017046","1017277","13","57670083"
"chr3","58688040","58688164","KN296859v1","1814408","1814530","17","56873632"
"chr3","58692310","58692572","KN295294v1","315217","315480","67","58377093"
"chr3","58704573","58704868","KN294991v1","1033526","1033835","31","57671047"
"chr3","58714223","58714520","KN294991v1","1042647","1042943","17","57671576"
"chr3","58719616","58719893","KN294991v1","1048727","1049004","18","57670889"
"chr3","58729256","58729464","KN294991v1","1059428","1059636","11","57669828"
"chr3","58733087","58733203","KN297442v1","2717677","2717788","21","56015410"
"chr3","58978325","58978616","KN294526v1","792542","792829","58","58185783"
"chr3","59005082","59005202","KN294991v1","1117976","1118099","13","57887106"
"chr3","59011416","59011679","KN294991v1","1123247","1123535","49","57888169"
"chr3","59030937","59031215","KN294991v1","1144198","1144494","38","57886739"
"chr3","59034628","59034683","KN294991v1","1148300","1148355","0","57886328"
"chr3","59034974","59035128","KN294991v1","1148651","1148809","17","57886323"
"chr3","59038043","59038340","KN294991v1","1151645","1151936","27","57886398"
"chr3","59041216","59041517","KN294991v1","1155879","1156185","23","57885337"
"chr3","59043353","59043632","KN294991v1","1158364","1158650","29","57884989"
"chr3","59047811","59048016","KN294991v1","1164122","1164312","24","57883689"
"chr3","59048593","59048878","KN294991v1","1164896","1165198","40","57883697"
"chr3","59051557","59051624","KN294705v1","1706573","1706644","13","57344984"
"chr3","59052664","59052964","KN296682v1","2437381","2437668","62","56615283"
"chr3","59054735","59055020","KN295586v1","2908076","2908370","61","56146659"
"chr3","59057870","59058170","KN297023v1","834704","834999","57","58223166"
"chr3","59063742","59063881","KN294991v1","1179743","1179882","6","57883999"
"chr3","59065965","59066022","KN294991v1","1181962","1182021","5","57884003"
"chr3","59067362","59067650","KN295586v1","5278207","5278492","56","53789155"
"chr3","59072884","59073018","KN295302v1","98344","98479","20","58974540"
"chr3","59073354","59073533","KN295090v1","1844954","1845132","34","57228400"
"chr3","59094754","59095043","KN294991v1","1208541","1208830","17","57886213"
"chr3","59119135","59119232","KN294991v1","1233920","1234017","3","57885215"
"chr3","59129288","59129517","KN297168v1","196543","196767","46","58932745"
"chr3","59131375","59131668","KN294991v1","1246170","1246473","32","57885205"
"chr3","59187935","59188208","KN294991v1","1304371","1304644","12","57883564"
"chr3","59191721","59192007","KN294991v1","1308861","1309143","29","57882860"
"chr3","59202277","59202569","KN297048v1","169909","170202","60","59032368"
"chr3","59220286","59220581","KN294991v1","1340612","1340918","32","57879674"
"chr3","59221673","59221842","KN294991v1","1341855","1342023","10","57879818"
"chr3","59225895","59226038","KN294991v1","1346020","1346165","15","57879875"
"chr3","59226343","59226508","KN294991v1","1346472","1346643","17","57879871"
"chr3","59227442","59227739","KN296508v1","2151971","2152273","60","57075471"
"chr3","59232757","59233049","KN294991v1","1353284","1353589","31","57879473"
"chr3","59244803","59245035","KN294991v1","1365962","1366192","15","57878841"
"chr3","59289537","59289820","KN294991v1","1413668","1413945","37","57875869"
"chr3","59290530","59290793","KN294991v1","1414666","1414927","14","57875864"
"chr3","59314275","59314585","KN294991v1","1439799","1440113","27","57874476"
"chr3","59324349","59324483","KN294991v1","1448250","1448386","12","57876099"
"chr3","59324789","59324943","KN294991v1","1448687","1448837","13","57876102"
"chr3","59326375","59326643","KN295744v1","92274","92516","67","59234101"
"chr3","59326762","59327017","KN294991v1","1451078","1451354","51","57875684"
"chr3","59369747","59370042","KN294991v1","1490969","1491234","52","57878778"
"chr3","59379158","59379284","KN294416v1","636166","636292","15","58742992"
"chr3","59379595","59379770","KN297028v1","358152","358324","40","59021443"
"chr3","59389209","59389496","KN296157v1","2328457","2328759","65","57060752"
"chr3","59450392","59450552","KN295526v1","940456","940613","39","58509936"
"chr3","59450866","59450984","KN296991v1","294865","294979","25","59156001"
"chr3","59491038","59491332","KN294991v1","1615815","1616110","26","57875223"
"chr3","59516331","59516431","KN294604v1","356650","356754","17","59159681"
"chr3","59531529","59531831","KN294991v1","1657584","1657886","21","57873945"
"chr3","59565736","59566035","KN294991v1","1697094","1697402","24","57868642"
"chr3","59576525","59576651","KN295666v1","438773","438897","27","59137752"
"chr3","59593484","59593778","KN294991v1","1727164","1727454","29","57866320"
"chr3","59603870","59603987","KN294991v1","1737563","1737680","9","57866307"
"chr3","59604431","59604583","KN294991v1","1738124","1738275","9","57866307"
"chr3","59622655","59622775","KN294991v1","1757727","1757849","10","57864928"
"chr3","59638345","59638646","KN294991v1","1773232","1773525","29","57865113"
"chr3","59649798","59650022","KN294964v1","443494","443707","42","59206304"
"chr3","59658541","59658824","KN294717v1","118798","119103","63","59539743"
"chr3","59673885","59674095","KN296453v1","688371","688584","40","58985514"
"chr3","59676705","59677006","KN294991v1","1817608","1817903","19","57859097"
"chr3","59694505","59694784","KN294991v1","1837677","1837952","23","57856828"
"chr3","59705736","59706017","KN294991v1","1849456","1849741","25","57856280"
"chr3","59754876","59755153","KN294991v1","1896984","1897267","22","57857892"
"chr3","59775136","59775421","KN294172v1","5859145","5859420","71","53915991"
"chr3","59791177","59791303","KN294991v1","1939863","1939987","6","57851314"
"chr3","59793317","59793605","KN294991v1","1942534","1942805","38","57850783"
"chr3","59812214","59812521","KN294470v1","3146483","3146791","64","56665731"
"chr3","59863039","59863161","KN294991v1","2020181","2020301","8","57842858"
"chr3","59919869","59920151","KN294991v1","2082346","2082634","19","57837523"
"chr3","59923103","59923353","KN294991v1","2085604","2085858","23","57837499"
"chr3","59925881","59926147","KN294991v1","2088414","2088671","29","57837467"
"chr3","60105909","60106028","KN294991v1","2254397","2254516","5","57851512"
"chr3","60133700","60133994","KN294991v1","2282849","2283141","25","57850851"
"chr3","60402868","60403020","KN297386v1","229681","229833","9","60173187"
"chr3","60469958","60470278","KN297386v1","323042","323333","46","60146916"
"chr3","60476663","60476786","KN296253v1","543775","543897","20","59932888"
"chr3","60502840","60503152","KN297386v1","362432","362763","38","60140408"
"chr3","60588910","60589186","KN297386v1","456446","456724","19","60132464"
"chr3","60597668","60597799","KN297386v1","464838","464968","9","60132830"
"chr3","60633555","60633763","KN295236v1","77220","77426","47","60556335"
"chr3","60736561","60736856","KN297386v1","595768","596060","32","60140793"
"chr3","60976724","60976896","KN296682v1","3260779","3260949","33","57715945"
"chr3","60976933","60977046","KN294372v1","1651164","1651280","21","59325769"
"chr3","60991542","60991854","KN296019v1","466074","466382","63","60525468"
"chr3","60993231","60993531","KN296153v1","1981403","1981704","66","59011828"
"chr3","61115928","61116142","KN297386v1","975508","975724","30","60140420"
"chr3","61236635","61236929","KN296508v1","1810667","1810964","54","59425968"
"chr3","61246099","61246376","KN297386v1","1108561","1108841","23","60137538"
"chr3","61263660","61263956","KN297159v1","3235638","3235934","54","58028022"
"chr3","61354198","61354450","KN295940v1","149553","149810","64","61204645"
"chr3","61439743","61440052","KN297112v1","4232784","4233077","75","57206959"
"chr3","61445731","61445889","KN294161v1","948041","948200","36","60497690"
"chr3","61464069","61464401","KN295825v1","3144948","3145269","81","58319121"
"chr3","61504064","61504345","KN297386v1","1376365","1376645","30","60127699"
"chr3","61505546","61505770","KN297386v1","1377813","1378033","29","60127733"
"chr3","61551007","61551294","KN297386v1","1424335","1424633","32","60126672"
"chr3","61573594","61573876","KN297386v1","1447147","1447421","47","60126447"
"chr3","61673480","61673795","KN297386v1","1561678","1561980","40","60111802"
"chr3","61768343","61768616","KN297386v1","1650510","1650790","23","60117833"
"chr3","61873006","61873102","KN296637v1","528015","528118","28","61344991"
"chr3","61917326","61917581","KN297386v1","1795272","1795504","47","60122054"
"chr3","62179307","62179562","KN294208v1","274612","274869","54","61904695"
"chr3","62201917","62202222","KN297386v1","2086696","2086999","28","60115221"
"chr3","62297936","62298216","KN294266v1","131973","132255","61","62165963"
"chr3","62305486","62305718","KN295633v1","1431470","1431717","69","60874016"
"chr3","62318562","62318859","KN297386v1","2201182","2201479","26","60117380"
"chr3","62495446","62495735","KN297386v1","2400842","2401139","39","60094604"
"chr3","62546452","62546745","KN295090v1","2563775","2564075","73","59982677"
"chr3","62592833","62593095","KN296964v1","658475","658738","69","61934358"
"chr3","62599067","62599358","KN297386v1","2487617","2487913","17","60111450"
"chr3","62630097","62630221","KN296828v1","63127","63248","20","62566970"
"chr3","62654333","62654474","KN297274v1","422832","422974","33","62231501"
"chr3","62670998","62671162","KN297386v1","2564714","2564880","23","60106284"
"chr3","62671451","62671589","KN297386v1","2565176","2565313","5","60106275"
"chr3","62673649","62673936","KN297386v1","2567363","2567626","45","60106286"
"chr3","62687963","62688124","KN294325v1","169199","169356","31","62518764"
"chr3","62728054","62728351","KN296145v1","3291128","3291461","62","59436926"
"chr3","62781037","62781337","KN295349v1","58082","58373","52","62722955"
"chr3","62793064","62793368","KN294777v1","68440","68747","66","62724624"
"chr3","62795193","62795468","KN296247v1","185992","186270","62","62609201"
"chr3","62796928","62797221","KN296153v1","3904953","3905242","69","58891975"
"chr3","62800936","62801244","KN294499v1","1161818","1162128","64","61639118"
"chr3","62805251","62805560","KN294234v1","1323178","1323489","62","61482073"
"chr3","62834053","62834181","KN296200v1","175883","176013","23","62658170"
"chr3","62834474","62834632","KN295744v1","206000","206153","45","62628474"
"chr3","62840478","62840781","KN294790v1","3149258","3149558","56","59691220"
"chr3","62855431","62855701","KN294187v1","1468090","1468369","65","61387341"
"chr3","62859139","62859266","KN296916v1","495824","495951","23","62363315"
"chr3","62863693","62863998","KN296635v1","5148112","5148407","63","57715581"
"chr3","62884393","62884534","KN295984v1","827636","827774","28","62056757"
"chr3","62902484","62902788","KN295605v1","573138","573440","59","62329346"
"chr3","62920094","62920405","KN296580v1","197192","197507","65","62722902"
"chr3","62969500","62969772","KN297094v1","80586","80851","69","62888914"
"chr3","62969835","62970157","KN296864v1","3265179","3265496","73","59704656"
"chr3","62971308","62971461","KN296682v1","2332693","2332839","41","60638615"
"chr3","62974967","62975119","KN296079v1","2107157","2107303","35","60867810"
"chr3","62979464","62979747","KN294733v1","143432","143710","63","62836032"
"chr3","63040423","63040723","KN295722v1","1874586","1874880","61","61165837"
"chr3","63050318","63050599","KN295930v1","228038","228298","89","62822280"
"chr3","63070829","63071109","KN295236v1","4526201","4526491","59","58544628"
"chr3","63080723","63081024","KN294630v1","691275","691571","71","62389448"
"chr3","63094248","63094556","KN296934v1","150680","150983","60","62943568"
"chr3","63094606","63094800","KN294991v1","1059428","1059636","44","62035178"
"chr3","63100544","63100856","KN294218v1","2882421","2882727","67","60218123"
"chr3","63103657","63103924","KN294671v1","193489","193741","77","62910168"
"chr3","63130636","63130814","KN295722v1","2530724","2530897","40","60599912"
"chr3","63156531","63156825","KN296426v1","354578","354864","68","62801953"
"chr3","63183146","63183406","KN296153v1","2069014","2069277","67","61114132"
"chr3","63196220","63196481","KN294509v1","211380","211639","62","62984840"
"chr3","63211394","63211602","KN297019v1","41108","41306","48","63170286"
"chr3","63222573","63222864","KN296864v1","2917034","2917326","63","60305539"
"chr3","63224058","63224336","KN296496v1","753690","753973","66","62470368"
"chr3","63287403","63287725","KN296609v1","1708679","1708999","68","61578724"
"chr3","63324616","63324895","KN296187v1","1240968","1241249","59","62083648"
"chr3","63366816","63367126","KN296290v1","775055","775367","59","62591761"
"chr3","63372765","63372881","KN296153v1","1416271","1416393","26","61956494"
"chr3","63378100","63378230","KN294172v1","4384631","4384761","26","58993469"
"chr3","63378854","63378907","KN295282v1","72181","72228","13","63306673"
"chr3","63388657","63388954","KN294633v1","160156","160451","67","63228501"
"chr3","63390309","63390434","KN295090v1","986334","986460","22","62403975"
"chr3","63390478","63390635","KN296859v1","1957253","1957418","31","61433225"
"chr3","63391327","63391599","KN295820v1","827923","828191","54","62563404"
"chr3","63423723","63424011","KN296253v1","518848","519133","60","62904875"
"chr3","63426886","63427190","KN295996v1","487202","487503","67","62939684"
"chr3","63462950","63463241","KN296865v1","1614140","1614425","70","61848810"
"chr3","63498893","63499184","KN295744v1","540407","540693","56","62958486"
"chr3","63562149","63562365","KN296322v1","138280","138496","52","63423869"
"chr3","63562366","63562563","KN296157v1","1336368","1336571","50","62225998"
"chr3","63586406","63586594","KN296977v1","94332","94522","55","63492074"
"chr3","63658710","63658987","KN296864v1","3187581","3187876","61","60471129"
"chr3","63673491","63673797","KN296153v1","960264","960545","85","62713227"
"chr3","63697850","63698132","KN294800v1","58275","58560","62","63639575"
"chr3","63764032","63764153","KN294911v1","2141908","2142028","22","61622124"
"chr3","63764185","63764339","KN296305v1","938978","939134","29","62825207"
"chr3","63799631","63799932","KN296732v1","1564654","1564962","58","62234977"
"chr3","63866801","63867065","KN295708v1","904836","905102","77","62961965"
"chr3","63873513","63873639","KN294446v1","531704","531828","25","63341809"
"chr3","63890959","63891042","KN294470v1","1793036","1793117","15","62097923"
"chr3","63892414","63892645","KN295350v1","842827","843051","50","63049587"
"chr3","63959878","63960178","KN295936v1","2737563","2737863","52","61222315"
"chr3","63982953","63983226","KN297453v1","242913","243198","58","63740040"
"chr3","64030945","64031260","KN295459v1","1494509","1494825","66","62536436"
"chr3","64057418","64057707","KN296311v1","8130976","8131263","58","55926442"
"chr3","64065552","64065749","KN295154v1","306862","307066","51","63758690"
"chr3","64091268","64091360","KN297274v1","838889","838981","13","63252379"
"chr3","64091407","64091616","KN296460v1","861548","861760","46","63229859"
"chr3","64097554","64097814","KN295744v1","187097","187357","56","63910457"
"chr3","64103848","64104148","KN296145v1","1496963","1497260","56","62606885"
"chr3","64104245","64104541","KN296404v1","3404152","3404452","57","60700093"
"chr3","64144827","64145102","KN295814v1","1557506","1557798","69","62587321"
"chr3","64188183","64188313","KN296062v1","2408745","2408870","35","61779438"
"chr3","64200036","64200280","KN295441v1","439669","439928","70","63760367"
"chr3","64205497","64205757","KN294848v1","51455","51716","72","64154042"
"chr3","64227671","64227941","KN295705v1","1973888","1974159","52","62253783"
"chr3","64290690","64290957","KN295090v1","427709","427974","63","63862981"
"chr3","64327246","64327489","KN296609v1","539522","539778","73","63787724"
"chr3","64330697","64331008","KN296311v1","3074623","3074927","68","61256074"
"chr3","64337316","64337445","KN295930v1","800518","800645","22","63536798"
"chr3","64392596","64392927","KN294539v1","2488510","2488829","72","61904086"
"chr3","64414251","64414558","KN294668v1","3372137","3372432","63","61042114"
"chr3","64493538","64493857","KN296187v1","1275465","1275777","74","63218073"
"chr3","64626949","64627244","KN294933v1","38729","39023","54","64588220"
"chr3","64686485","64686799","KN296001v1","123195","123503","77","64563290"
"chr3","64731341","64731391","KN295666v1","777856","777905","12","63953485"
"chr3","64828299","64828436","KN294345v1","1307663","1307798","26","63520636"
"chr3","64895277","64895564","KN295365v1","534529","534812","69","64360748"
"chr3","64901818","64902049","KN297159v1","2929785","2929999","55","61972033"
"chr3","64946982","64947100","KN295459v1","1077631","1077747","16","63869351"
"chr3","65056154","65056389","KN294790v1","1109108","1109345","51","63947046"
"chr3","65059347","65059634","KN296247v1","16730","17003","86","65042617"
"chr3","65075422","65075705","KN294187v1","1653394","1653672","61","63422028"
"chr3","65123699","65123956","KN295225v1","1807628","1807883","62","63316071"
"chr3","65148371","65148675","KN295893v1","5544382","5544679","51","59603989"
"chr3","65173413","65173712","KN295596v1","1545658","1545955","54","63627755"
"chr3","65183666","65183794","KN295459v1","1077631","1077747","32","64106035"
"chr3","65204974","65205262","KN295349v1","58082","58373","54","65146892"
"chr3","65372723","65373020","KN294457v1","40551","40830","85","65332172"
"chr3","65446405","65446678","KN295079v1","51746","52003","30","65394659"
"chr3","65465284","65465585","KN295079v1","70779","71081","21","65394505"
"chr3","65475577","65475876","KN295079v1","81013","81311","24","65394564"
"chr3","65549842","65550140","KN295079v1","158003","158291","38","65391839"
"chr3","65556452","65556744","KN295079v1","164827","165124","28","65391625"
"chr3","65559586","65559896","KN295079v1","167624","167930","21","65391962"
"chr3","65593037","65593292","KN295667v1","2434394","2434649","50","63158643"
"chr3","65599567","65599862","KN295079v1","208945","209259","38","65390622"
"chr3","65652417","65652525","KN295079v1","263429","263532","11","65388988"
"chr3","65742517","65742815","KN295079v1","353592","353889","14","65388925"
"chr3","65745983","65746272","KN295079v1","357128","357415","40","65388855"
"chr3","65767472","65767768","KN295586v1","2908076","2908370","55","62859396"
"chr3","65793800","65794108","KN295079v1","406980","407288","19","65386820"
"chr3","65835944","65836252","KN296526v1","277708","278012","57","65558236"
"chr3","65877972","65878268","KN295079v1","490951","491267","42","65387021"
"chr3","65909976","65910275","KN295079v1","523676","523975","14","65386300"
"chr3","65923135","65923444","KN297078v1","1511808","1512112","56","64411327"
"chr3","65937066","65937361","KN295079v1","551450","551756","50","65385616"
"chr3","65946582","65946700","KN295079v1","561321","561439","12","65385261"
"chr3","65955101","65955274","KN295079v1","570427","570601","11","65384674"
"chr3","65961247","65961389","KN297245v1","1601496","1601637","28","64359751"
"chr3","65970395","65970524","KN295079v1","585697","585815","18","65384698"
"chr3","65995286","65995587","KN295079v1","610954","611270","44","65384332"
"chr3","65996951","65997068","KN295079v1","612608","612722","12","65384343"
"chr3","66015164","66015261","KN295906v1","138203","138298","19","65876961"
"chr3","66020494","66020797","KN294453v1","4527","4826","65","66015967"
"chr3","66032514","66032830","KN295079v1","649396","649684","59","65383118"
"chr3","66049944","66050260","KN295079v1","666755","667071","13","65383189"
"chr3","66101139","66101415","KN295079v1","714943","715219","15","65386196"
"chr3","66108363","66108662","KN295079v1","722151","722443","36","65386212"
"chr3","66114660","66114971","KN295079v1","728496","728808","30","65386164"
"chr3","66124219","66124519","KN295079v1","738351","738650","28","65385868"
"chr3","66127146","66127272","KN295079v1","741265","741391","11","65385881"
"chr3","66168070","66168389","KN295079v1","781501","781817","31","65386569"
"chr3","66216209","66216523","KN295079v1","829460","829773","26","65386749"
"chr3","66224652","66224934","KN295079v1","841519","841796","26","65383133"
"chr3","66225598","66225891","KN295079v1","842469","842762","17","65383129"
"chr3","66252253","66252543","KN295079v1","870905","871200","22","65381348"
"chr3","66394759","66395060","KN295079v1","1017554","1017850","26","65377205"
"chr3","66406010","66406308","KN295079v1","1022621","1022920","26","65383389"
"chr3","66413227","66413539","KN295079v1","1029640","1029952","18","65383587"
"chr3","66458647","66458938","KN295079v1","1071957","1072268","51","65386690"
"chr3","66489249","66489488","KN294245v1","87687","87920","53","66401562"
"chr3","66581252","66581538","KN295079v1","1196398","1196677","29","65384854"
"chr3","66612713","66612974","KN294456v1","483343","483621","67","66129370"
"chr3","66677395","66677669","KN296883v1","3764425","3764693","62","62912970"
"chr3","66752695","66752971","KN296502v1","960957","961236","59","65791738"
"chr3","66774700","66775003","KN294207v1","1187895","1188205","27","65586805"
"chr3","66800910","66801194","KN294207v1","1161862","1162169","55","65639048"
"chr3","66806242","66806533","KN294207v1","1156183","1156485","31","65650059"
"chr3","66834565","66834746","KN294207v1","1128070","1128222","38","65706495"
"chr3","66858079","66858370","KN294207v1","1103782","1104080","34","65754297"
"chr3","66910932","66910993","KN296308v1","813215","813280","15","66097717"
"chr3","66911295","66911428","KN295633v1","2584127","2584260","25","64327168"
"chr3","66920515","66920662","KN296893v1","102398","102540","35","66818117"
"chr3","66920708","66920815","KN295977v1","89541","89656","28","66831167"
"chr3","66921487","66921782","KN294207v1","1042459","1042765","30","65879028"
"chr3","66965167","66965460","KN294207v1","997610","997907","41","65967557"
"chr3","66976550","66976836","KN294207v1","986397","986697","44","65990153"
"chr3","67027043","67027358","KN294207v1","936074","936394","31","66090969"
"chr3","67035996","67036157","KN295962v1","2477409","2477569","37","64558587"
"chr3","67054293","67054611","KN294207v1","907620","907909","48","66146673"
"chr3","67119600","67119674","KN296311v1","631222","631297","18","66488378"
"chr3","67120706","67121003","KN294207v1","839232","839545","52","66281474"
"chr3","67132165","67132470","KN294207v1","827165","827473","26","66305000"
"chr3","67135613","67135902","KN294207v1","824366","824645","37","66311247"
"chr3","67139606","67139729","KN294207v1","820150","820273","7","66319456"
"chr3","67146042","67146335","KN294207v1","813532","813820","60","66332510"
"chr3","67155651","67155952","KN294207v1","803892","804211","60","66351759"
"chr3","67161275","67161456","KN295236v1","3439918","3440103","48","63721357"
"chr3","67162036","67162130","KN294207v1","797964","798055","8","66364072"
"chr3","67162430","67162645","KN294207v1","797489","797696","23","66364941"
"chr3","67184171","67184466","KN294207v1","774921","775232","37","66409250"
"chr3","67200111","67200356","KN294536v1","1165718","1165964","66","66034393"
"chr3","67212339","67212642","KN294207v1","747234","747541","17","66465105"
"chr3","67256988","67257250","KN296122v1","157752","158017","57","67099236"
"chr3","67272086","67272258","KN294207v1","685321","685482","33","66586765"
"chr3","67272286","67272404","KN294207v1","685169","685284","8","66587117"
"chr3","67290188","67290469","KN295708v1","1650362","1650636","66","65639826"
"chr3","67291883","67291929","KN294848v1","1423470","1423509","12","65868413"
"chr3","67292246","67292392","KN296732v1","2054521","2054667","32","65237725"
"chr3","67305547","67305842","KN294207v1","651187","651479","31","66654360"
"chr3","67315150","67315439","KN294207v1","641403","641691","19","66673747"
"chr3","67341036","67341340","KN294207v1","616256","616549","33","66724780"
"chr3","67357700","67358010","KN294325v1","1017631","1017939","65","66340069"
"chr3","67367999","67368116","KN294207v1","588378","588495","15","66779621"
"chr3","67376287","67376537","KN294207v1","579560","579810","16","66796727"
"chr3","67387202","67387282","KN294506v1","44399","44481","15","67342803"
"chr3","67387533","67387825","KN294207v1","572446","572740","27","66815087"
"chr3","67407568","67407867","KN294207v1","551969","552279","31","66855599"
"chr3","67466183","67466487","KN294207v1","489658","489970","31","66976525"
"chr3","67475062","67475343","KN294207v1","481806","482088","21","66993256"
"chr3","67489404","67489692","KN294207v1","466839","467115","37","67022565"
"chr3","67498518","67498801","KN294207v1","457559","457847","37","67040959"
"chr3","67509360","67509420","KN296682v1","1715411","1715469","15","65793949"
"chr3","67509939","67510219","KN294207v1","446275","446550","25","67063664"
"chr3","67519246","67519524","KN294207v1","436681","436959","23","67082565"
"chr3","67546361","67546632","KN294728v1","68524","68806","57","67477837"
"chr3","67616006","67616266","KN294207v1","338448","338720","22","67277558"
"chr3","67621180","67621440","KN294207v1","330478","330738","18","67290702"
"chr3","67632783","67633099","KN294207v1","318697","319003","33","67314086"
"chr3","67635861","67636156","KN294207v1","315654","315936","39","67320207"
"chr3","67691314","67691439","KN294848v1","271065","271189","20","67420249"
"chr3","67729971","67730271","KN294207v1","216731","217014","38","67513240"
"chr3","67793249","67793559","KN296247v1","427878","428187","51","67365371"
"chr3","67820279","67820587","KN295717v1","1561430","1561737","52","66258849"
"chr3","67822270","67822393","KN297369v1","2119225","2119349","17","65703045"
"chr3","67830027","67830341","KN294207v1","119932","120235","36","67710095"
"chr3","67834240","67834360","KN296588v1","349632","349749","21","67484608"
"chr3","67863829","67864096","KN294207v1","84621","84888","11","67779208"
"chr3","67865229","67865507","KN294207v1","82820","83097","36","67782409"
"chr3","67888623","67888765","KN294634v1","303368","303505","21","67585255"
"chr3","67888856","67889019","KN295236v1","33700","33856","35","67855156"
"chr3","67894557","67894866","KN294207v1","54204","54503","32","67840353"
"chr3","67908978","67909040","KN294207v1","39504","39570","11","67869474"
"chr3","67921304","67921427","KN294207v1","28469","28583","16","67892835"
"chr3","67926277","67926594","KN294207v1","23286","23599","35","67902991"
"chr3","67990964","67991252","KN297416v1","48952","49241","24","67942012"
"chr3","68073336","68073632","KN297416v1","122643","122951","38","67950693"
"chr3","68085432","68085699","KN297416v1","134330","134600","23","67951102"
"chr3","68093223","68093383","KN295361v1","737244","737405","36","67355979"
"chr3","68140226","68140536","KN297416v1","180438","180750","18","67959788"
"chr3","68147656","68147968","KN296625v1","153154","153447","86","67994502"
"chr3","68251104","68251410","KN295337v1","810681","810992","25","67440423"
"chr3","68261991","68262287","KN296864v1","3187581","3187876","52","65074410"
"chr3","68302762","68303053","KN295337v1","760769","761061","22","67541993"
"chr3","68309003","68309286","KN295337v1","754982","755294","48","67554021"
"chr3","68329132","68329237","KN295337v1","735925","736027","8","67593207"
"chr3","68330450","68330750","KN295337v1","734399","734694","17","67596051"
"chr3","68506849","68507145","KN295337v1","554462","554771","36","67952387"
"chr3","68569066","68569352","KN295337v1","499544","499837","29","68069522"
"chr3","68575886","68576167","KN295337v1","492992","493270","25","68082894"
"chr3","68579279","68579583","KN295337v1","489557","489861","27","68089722"
"chr3","68649644","68649947","KN295984v1","3197280","3197579","58","65452364"
"chr3","68671853","68671966","KN295337v1","391386","391484","17","68280467"
"chr3","68718592","68718875","KN295337v1","344781","345083","36","68373811"
"chr3","68759328","68759424","KN295940v1","103161","103258","21","68656167"
"chr3","68762467","68762768","KN294470v1","424195","424495","71","68338272"
"chr3","68776561","68776679","KN294911v1","2515681","2515796","18","66260880"
"chr3","68779970","68780210","KN295337v1","283654","283896","13","68496316"
"chr3","68835445","68835721","KN295337v1","228531","228837","44","68606914"
"chr3","68873766","68874070","KN295337v1","184407","184710","20","68689359"
"chr3","68919711","68920027","KN295337v1","131585","131890","28","68788126"
"chr3","68938888","68939202","KN295337v1","113459","113771","25","68825429"
"chr3","68955268","68955497","KN296938v1","976914","977152","61","67978354"
"chr3","68968160","68968450","KN297158v1","782512","782809","60","68185648"
"chr3","68977534","68977833","KN295337v1","73535","73842","51","68903999"
"chr3","69165305","69165608","KN296484v1","807606","807907","60","68357699"
"chr3","69201513","69201779","KN296487v1","232759","233038","64","68968754"
"chr3","69213946","69214217","KN296119v1","4183664","4183941","59","65030282"
"chr3","69224946","69225248","KN295936v1","2737563","2737863","56","66487383"
"chr3","69243317","69243599","KN295820v1","41667","41944","59","69201650"
"chr3","69342821","69343123","KN294874v1","147308","147613","54","69195513"
"chr3","69520575","69520770","KN295722v1","2530724","2530897","51","66989851"
"chr3","69524629","69524919","KN295705v1","895649","895944","68","68628980"
"chr3","69536671","69536797","KN295045v1","845724","845852","20","68690947"
"chr3","69561574","69561863","KN297445v1","1629098","1629375","68","67932476"
"chr3","69562042","69562156","KN296557v1","382818","382933","18","69179224"
"chr3","69577033","69577157","KN295315v1","1181192","1181314","23","68395841"
"chr3","69577195","69577488","KN295941v1","2333126","2333405","82","67244069"
"chr3","69584911","69585230","KN294470v1","3146483","3146791","67","66438428"
"chr3","69588000","69588292","KN296096v1","2297832","2298124","65","67290168"
"chr3","69738424","69738549","KN296141v1","46626","46750","12","69691798"
"chr3","69739657","69739971","KN296141v1","47850","48161","28","69691807"
"chr3","69815578","69815860","KN296141v1","123404","123699","37","69692174"
"chr3","69894186","69894479","KN294187v1","1686838","1687135","66","68207348"
"chr3","69993074","69993295","KN296141v1","318577","318793","25","69674497"
"chr3","70090968","70091276","KN297159v1","49264","49565","69","70041704"
"chr3","70164666","70164987","KN295871v1","156373","156682","67","70008293"
"chr3","70239846","70240138","KN294848v1","387189","387474","57","69852657"
"chr3","70244863","70245161","KN296262v1","181850","182149","64","70063013"
"chr3","70302179","70302480","KN296505v1","21654","21951","55","70280525"
"chr3","70305712","70306025","KN296883v1","1444819","1445126","58","68860893"
"chr3","70318633","70318763","KN294848v1","555142","555271","26","69763491"
"chr3","70348727","70348999","KN296682v1","3974867","3975149","58","66373860"
"chr3","70352057","70352344","KN294987v1","554723","555026","67","69797334"
"chr3","70379457","70379626","KN295236v1","1103542","1103705","34","69275915"
"chr3","70439700","70439990","KN295923v1","1664451","1664745","56","68775249"
"chr3","70454186","70454488","KN297245v1","2036362","2036663","62","68417824"
"chr3","70457071","70457354","KN295074v1","977960","978248","52","69479111"
"chr3","70465936","70466234","KN295459v1","697076","697373","64","69768860"
"chr3","70466718","70467025","KN296526v1","277708","278012","63","70189010"
"chr3","70480295","70480585","KN296404v1","3404152","3404452","60","67076143"
"chr3","70508563","70508878","KN296119v1","19964","20273","64","70488599"
"chr3","70514742","70515060","KN295596v1","879252","879556","69","69635490"
"chr3","70515661","70515950","KN295486v1","16835","17119","55","70498826"
"chr3","70530102","70530400","KN294747v1","836910","837206","65","69693192"
"chr3","70530563","70530869","KN295984v1","1705675","1705978","55","68824888"
"chr3","70556509","70556687","KN297133v1","752216","752384","37","69804293"
"chr3","70577318","70577579","KN296311v1","6342606","6342865","44","64234712"
"chr3","70579276","70579567","KN294207v1","616256","616549","63","69963020"
"chr3","70623329","70623629","KN296406v1","283606","283899","63","70339723"
"chr3","70626674","70626951","KN297445v1","1245070","1245349","52","69381604"
"chr3","70635087","70635218","KN295090v1","986334","986460","23","69648753"
"chr3","70643948","70644237","KN296187v1","803116","803397","58","69840832"
"chr3","70674251","70674534","KN296732v1","2327209","2327498","63","68347042"
"chr3","70687737","70688011","KN294848v1","1163057","1163326","68","69524680"
"chr3","70700702","70700993","KN294147v1","1992101","1992383","65","68708601"
"chr3","70707325","70707637","KN296062v1","1514370","1514679","74","69192955"
"chr3","70740192","70740471","KN296062v1","2481180","2481463","51","68259012"
"chr3","70741217","70741495","KN296266v1","133464","133747","58","70607753"
"chr3","70745189","70745478","KN296138v1","198772","199071","60","70546417"
"chr3","70753349","70753574","KN297154v1","1401084","1401307","63","69352265"
"chr3","70763144","70763449","KN295962v1","309539","309841","67","70453605"
"chr3","70793237","70793481","KN296244v1","587311","587543","57","70205926"
"chr3","70805314","70805631","KN294630v1","516314","516631","61","70289000"
"chr3","70816171","70816447","KN294873v1","747734","748016","64","70068437"
"chr3","70836567","70836866","KN296864v1","3070001","3070308","55","67766566"
"chr3","70864158","70864435","KN294911v1","1941894","1942178","65","68922264"
"chr3","70897782","70897982","KN295257v1","1489250","1489441","49","69408532"
"chr3","70898283","70898376","KN294693v1","1141364","1141463","25","69756919"
"chr3","70981033","70981162","KN295241v1","13751","13877","28","70967282"
"chr3","70995587","70995670","KN295430v1","1179291","1179374","17","69816296"
"chr3","70999265","70999389","KN295744v1","449867","449990","20","70549398"
"chr3","71002736","71002861","KN294995v1","71967","72089","26","70930769"
"chr3","71056425","71056722","KN294303v1","145305","145593","65","70911120"
"chr3","71240935","71241225","KN296311v1","7907830","7908116","58","63333105"
"chr3","71352201","71352507","KN294289v1","588930","589230","63","70763271"
"chr3","71396613","71396892","KN296075v1","621178","621455","52","70775435"
"chr3","71406656","71406957","KN295988v1","1298782","1299086","56","70107874"
"chr3","71431871","71432138","KN295405v1","198581","198863","71","71233290"
"chr3","71486556","71486858","KN294891v1","113971","114288","49","71372585"
"chr3","71487125","71487433","KN294891v1","113370","113689","37","71373755"
"chr3","71493835","71494041","KN296682v1","4883965","4884171","46","66609870"
"chr3","71536491","71536783","KN294891v1","63115","63405","28","71473376"
"chr3","71575122","71575425","KN294891v1","19572","19856","40","71555550"
"chr3","71595274","71595562","KN294891v1","2895","3158","40","71592379"
"chr3","71613152","71613476","KN295697v1","618718","619036","72","70994434"
"chr3","71770114","71770393","KN294172v1","813896","814172","66","70956218"
"chr3","71970514","71970790","KN296503v1","96429","96710","65","71874085"
"chr3","72150569","72150772","KN296726v1","142087","142289","44","72008482"
"chr3","72214982","72215296","KN297245v1","2643569","2643867","78","69571413"
"chr3","72220239","72220534","KN294964v1","1674001","1674300","70","70546238"
"chr3","72228323","72228612","KN296404v1","3404152","3404452","66","68824171"
"chr3","72230915","72231161","KN295744v1","233610","233853","62","71997305"
"chr3","72233395","72233701","KN295045v1","414971","415269","70","71818424"
"chr3","72308691","72309013","KN295607v1","4283401","4283711","80","68025290"
"chr3","72337573","72337875","KN294187v1","2004298","2004605","58","70333275"
"chr3","72366291","72366407","KN294873v1","116539","116660","26","72249752"
"chr3","72366457","72366671","KN294187v1","223205","223420","64","72143252"
"chr3","72383863","72384170","KN294739v1","1046355","1046659","67","71337508"
"chr3","72415513","72415810","KN294991v1","693040","693334","56","71722473"
"chr3","72461844","72462145","KN294421v1","32219","32510","59","72429625"
"chr3","72462284","72462579","KN296253v1","188046","188333","64","72274238"
"chr3","72474287","72474430","KN294172v1","1893067","1893216","43","70581220"
"chr3","72536438","72536752","KN297245v1","2036362","2036663","74","70500076"
"chr3","72589219","72589490","KN296726v1","800552","800828","62","71788667"
"chr3","72609999","72610312","KN295586v1","3098137","3098432","61","69511862"
"chr3","72633872","72634178","KN296442v1","875348","875647","71","71758524"
"chr3","72661262","72661549","KN294911v1","1941894","1942178","53","70719368"
"chr3","72670257","72670541","KN296883v1","2517088","2517370","69","70153169"
"chr3","72715022","72715315","KN296833v1","344414","344692","61","72370608"
"chr3","72719471","72719690","KN294462v1","406674","406898","47","72312797"
"chr3","72738120","72738232","KN296365v1","873254","873363","21","71864866"
"chr3","72738543","72738718","KN294434v1","335441","335615","31","72403102"
"chr3","72761413","72761695","KN296311v1","665147","665430","55","72096266"
"chr3","72780197","72780497","KN295744v1","654344","654638","60","72125853"
"chr3","72784610","72784707","KN295439v1","192901","193000","17","72591709"
"chr3","72851297","72851591","KN295397v1","5352","5638","67","72845945"
"chr3","72901084","72901386","KN294325v1","1017631","1017939","57","71883453"
"chr3","72903291","72903475","KN294456v1","593946","594124","45","72309345"
"chr3","72906034","72906229","KN297008v1","5192776","5192958","57","67713258"
"chr3","72906547","72906629","KN294613v1","173090","173175","16","72733457"
"chr3","72914349","72914583","KN296236v1","165837","166068","57","72748512"
"chr3","72930322","72930621","KN295984v1","1299071","1299366","63","71631251"
"chr3","72988743","72989035","KN294987v1","797207","797503","62","72191536"
"chr3","72993166","72993455","KN295365v1","618540","618829","49","72374626"
"chr3","73002677","73002967","KN296290v1","1252498","1252783","60","71750179"
"chr3","73005521","73005816","KN294933v1","38729","39023","60","72966792"
"chr3","73016284","73016574","KN295171v1","306509","306787","72","72709775"
"chr3","73033617","73033743","KN294345v1","1896097","1896220","21","71137520"
"chr3","73053103","73053384","KN294199v1","65187","65474","57","72987916"
"chr3","73057210","73057518","KN295308v1","2331353","2331653","69","70725857"
"chr3","73075461","73075757","KN297327v1","998942","999237","57","72076519"
"chr3","73094206","73094484","KN295352v1","216571","216847","65","72877635"
"chr3","73211475","73211769","KN296158v1","77381","77686","61","73134094"
"chr3","73223681","73223809","KN294467v1","32975","33096","26","73190706"
"chr3","73233794","73234095","KN296096v1","1374196","1374498","55","71859598"
"chr3","73306548","73306679","KN295022v1","392839","392970","25","72913709"
"chr3","73327969","73328264","KN297144v1","1140692","1140983","53","72187277"
"chr3","73975159","73975471","KN296481v1","88757","89064","68","73886402"
"chr3","73986114","73986397","KN294571v1","2029314","2029597","57","71956800"
"chr3","73992699","73993015","KN296864v1","3265179","3265496","66","70727520"
"chr3","74152236","74152524","KN294365v1","536677","536964","66","73615559"
"chr3","74161429","74161773","KN296538v1","1793220","1793524","78","72368209"
"chr3","74227075","74227299","KN297259v1","1444772","1444989","41","72782303"
"chr3","74229587","74229888","KN297320v1","1234476","1234772","54","72995111"
"chr3","74233310","74233607","KN295725v1","1528030","1528323","62","72705280"
"chr3","74263830","74264137","KN294917v1","330183","330480","70","73933647"
"chr3","74266220","74266373","KN296311v1","7102036","7102193","31","67164184"
"chr3","74266399","74266506","KN296077v1","37968","38074","20","74228431"
"chr3","74294049","74294346","KN295586v1","5119872","5120163","83","69174177"
"chr3","74299985","74300279","KN294513v1","818583","818861","62","73481402"
"chr3","74301737","74302053","KN296992v1","65753","66076","70","74235984"
"chr3","74306137","74306432","KN294848v1","172086","172375","69","74134051"
"chr3","74310444","74310747","KN294470v1","3146483","3146791","72","71163961"
"chr3","74312749","74312858","KN296079v1","657245","657351","21","73655504"
"chr3","74373268","74373499","KN296062v1","1255704","1255943","68","73117564"
"chr3","74414130","74414435","KN294578v1","531531","531832","61","73882599"
"chr3","74422715","74423017","KN294710v1","15924","16224","61","74406791"
"chr3","74425889","74426203","KN297094v1","50434","50743","50","74375455"
"chr3","74454840","74455129","KN296481v1","46528","46829","65","74408312"
"chr3","74465825","74466056","KN296711v1","142688","142914","45","74323137"
"chr3","74473856","74473966","KN297133v1","975999","976110","19","73497857"
"chr3","74484205","74484490","KN295405v1","198581","198863","57","74285624"
"chr3","74497568","74497635","KN297445v1","1585770","1585833","12","72911798"
"chr3","74497645","74497955","KN295697v1","618718","619036","66","73878927"
"chr3","74503420","74503723","KN296847v1","393129","393435","57","74110291"
"chr3","74509817","74510034","KN294239v1","375904","376124","45","74133913"
"chr3","74521049","74521163","KN297105v1","476613","476723","24","74044436"
"chr3","74557846","74558143","KN294879v1","355280","355576","49","74202566"
"chr3","74562144","74562274","KN294182v1","154537","154667","22","74407607"
"chr3","74578378","74578683","KN295923v1","1997557","1997864","56","72580821"
"chr3","74594344","74594466","KN295090v1","2201683","2201794","30","72392661"
"chr3","74594754","74594929","KN296019v1","218356","218540","46","74376398"
"chr3","74596983","74597299","KN295708v1","2481055","2481359","70","72115928"
"chr3","74602170","74602450","KN296311v1","7907830","7908116","56","66694340"
"chr3","74626509","74626793","KN294454v1","485773","486057","55","74140736"
"chr3","74631836","74632133","KN295365v1","618540","618829","61","74013296"
"chr3","74648821","74649095","KN297197v1","3710689","3710969","65","70938132"
"chr3","74650605","74650723","KN294479v1","133118","133236","18","74517487"
"chr3","74654018","74654263","KN294187v1","1544293","1544543","58","73109725"
"chr3","74695048","74695359","KN295591v1","745641","745936","70","73949407"
"chr3","74722656","74722965","KN297343v1","451498","451805","60","74271158"
"chr3","74729449","74729591","KN294592v1","905023","905168","29","73824426"
"chr3","74729892","74730040","KN297274v1","155862","156010","25","74574030"
"chr3","74735702","74735986","KN296119v1","4183664","4183941","56","70552038"
"chr3","74740175","74740488","KN296879v1","417388","417697","61","74322787"
"chr3","74742440","74742743","KN295459v1","697076","697373","51","74045364"
"chr3","74745915","74746180","KN294899v1","447205","447472","58","74298710"
"chr3","74752963","74753085","KN295592v1","702955","703078","23","74050008"
"chr3","74785058","74785175","KN294848v1","626671","626788","20","74158387"
"chr3","74792877","74793197","KN296180v1","726479","726785","71","74066398"
"chr3","74806664","74806784","KN296828v1","63127","63248","16","74743537"
"chr3","74809353","74809653","KN294842v1","1666339","1666635","59","73143014"
"chr3","74814300","74814601","KN297245v1","2036362","2036663","51","72777938"
"chr3","74815120","74815438","KN295041v1","416819","417138","84","74398301"
"chr3","74818329","74818455","KN297133v1","1593028","1593152","21","73225301"
"chr3","74818756","74818912","KN294325v1","169199","169356","31","74649557"
"chr3","74822216","74822489","KN296802v1","449038","449316","61","74373178"
"chr3","74824469","74824638","KN295722v1","2530724","2530897","40","72293745"
"chr3","74831350","74831481","KN294790v1","3229099","3229225","23","71602251"
"chr3","74837315","74837511","KN297165v1","2723038","2723239","41","72114277"
"chr3","74837615","74837738","KN294181v1","1104026","1104148","21","73733589"
"chr3","74838031","74838164","KN296311v1","4367789","4367922","27","70470242"
"chr3","74838452","74838593","KN295022v1","426731","426863","47","74411721"
"chr3","74849279","74849568","KN294325v1","808768","809059","57","74040511"
"chr3","74869431","74869704","KN294613v1","397507","397787","69","74471924"
"chr3","74880809","74881117","KN297044v1","156350","156641","66","74724459"
"chr3","74895258","74895550","KN296508v1","2151971","2152273","57","72743287"
"chr3","74900862","74901155","KN296096v1","3067560","3067856","58","71833302"
"chr3","74942650","74942934","KN296847v1","288021","288290","71","74654629"
"chr3","74957002","74957278","KN294372v1","1072998","1073272","67","73884004"
"chr3","75084110","75084442","KN296404v1","2132028","2132349","86","72952082"
"chr3","75109271","75109441","KN296119v1","4451319","4451488","32","70657952"
"chr3","75115005","75115295","KN297112v1","4028511","4028812","61","71086494"
"chr3","75121785","75122091","KN296247v1","230726","231032","68","74891059"
"chr3","75292704","75293004","KN295983v1","45584","45868","70","75247120"
"chr3","75307235","75307553","KN296311v1","3358167","3358474","64","71949068"
"chr3","75355087","75355393","KN296036v1","875474","875771","69","74479613"
"chr3","75498021","75498237","KN294949v1","855888","856100","45","74642133"
"chr3","75505151","75505430","KN294207v1","466839","467115","72","75038312"
"chr3","75511351","75511657","KN294987v1","1079259","1079566","61","74432092"
"chr3","75542807","75543119","KN296311v1","3074623","3074927","68","72468184"
"chr3","75610762","75610987","KN294592v1","950983","951223","71","74659779"
"chr3","75624189","75624465","KN294266v1","131973","132255","48","75492216"
"chr3","75651380","75651654","KN294977v1","152488","152769","57","75498892"
"chr3","75708952","75709066","KN295459v1","1077631","1077747","14","74631321"
"chr3","75715274","75715560","KN297138v1","396632","396918","67","75318642"
"chr3","75731332","75731399","KN297153v1","736112","736179","11","74995220"
"chr3","75829035","75829240","KN297094v1","101570","101786","52","75727465"
"chr3","75970985","75971268","KN297165v1","4019084","4019366","56","71951901"
"chr3","76004929","76005241","KN295722v1","2396500","2396805","78","73608429"
"chr3","76014941","76015234","KN294825v1","405007","405306","68","75609934"
"chr3","76062660","76062961","KN294506v1","323631","323924","72","75739029"
"chr3","76070309","76070610","KN295995v1","226140","226428","69","75844169"
"chr3","76114429","76114707","KN296138v1","264399","264686","55","75850030"
"chr3","76123553","76123680","KN297133v1","1021455","1021586","23","75102098"
"chr3","76143830","76144159","KN296153v1","2259272","2259589","71","73884558"
"chr3","76209490","76209750","KN296153v1","100800","101054","62","76108690"
"chr3","76211016","76211310","KN296225v1","560393","560689","62","75650623"
"chr3","76245665","76245968","KN297245v1","2036362","2036663","54","74209303"
"chr3","76281384","76281496","KN296062v1","2178521","2178637","19","74102863"
"chr3","76370137","76370435","KN294172v1","6566585","6566884","61","69803552"
"chr3","76374461","76374658","KN296138v1","18447","18642","54","76356014"
"chr3","76405248","76405508","KN297159v1","944134","944389","57","75461114"
"chr3","76406151","76406441","KN295365v1","534529","534812","60","75871622"
"chr3","76443923","76444177","KN294705v1","952309","952554","68","75491614"
"chr3","76465184","76465474","KN295564v1","508667","508961","74","75956517"
"chr3","76504014","76504181","KN294208v1","800545","800702","41","75703469"
"chr3","76514393","76514680","KN294800v1","58275","58560","58","76456118"
"chr3","76523260","76523551","KN295202v1","76122","76408","69","76447138"
"chr3","76537813","76538121","KN297146v1","225740","226041","71","76312073"
"chr3","76721060","76721191","KN294224v1","501938","502067","25","76219122"
"chr3","76778248","76778537","KN296404v1","3404152","3404452","55","73374096"
"chr3","76833635","76833721","KN295430v1","1179291","1179374","17","75654344"
"chr3","76918172","76918464","KN297320v1","1234476","1234772","64","75683696"
"chr3","76982145","76982437","KN295573v1","120014","120302","73","76862131"
"chr3","77003578","77003841","KN296305v1","875877","876138","63","76127701"
"chr3","77047200","77047478","KN295705v1","1973888","1974159","73","75073312"
"chr3","77059539","77059829","KN294184v1","28325","28625","25","77031214"
"chr3","77088951","77089216","KN294184v1","60729","61002","23","77028222"
"chr3","77137898","77138081","KN295633v1","522946","523129","48","76614952"
"chr3","77221876","77222160","KN295294v1","2313084","2313366","59","74908792"
"chr3","77263207","77263341","KN294182v1","154537","154667","19","77108670"
"chr3","77264195","77264500","KN296119v1","5385215","5385515","64","71878980"
"chr3","77292226","77292526","KN296916v1","234504","234789","81","77057722"
"chr3","77298045","77298362","KN296864v1","3265179","3265496","63","74032866"
"chr3","77300457","77300737","KN296178v1","460995","461260","66","76839462"
"chr3","77307439","77307748","KN296311v1","3358167","3358474","59","73949272"
"chr3","77309731","77310031","KN295596v1","2267655","2267940","70","75042076"
"chr3","77313485","77313794","KN295102v1","123723","124026","58","77189762"
"chr3","77328608","77328909","KN294407v1","960970","961264","62","76367638"
"chr3","77341683","77341964","KN296430v1","807099","807370","70","76534584"
"chr3","77343470","77343747","KN294499v1","2485948","2486229","62","74857522"
"chr3","77361093","77361397","KN296404v1","3404152","3404452","71","73956941"
"chr3","77393957","77394107","KN296158v1","480140","480278","30","76913817"
"chr3","77433658","77433747","KN296187v1","241711","241798","20","77191947"
"chr3","77434306","77434590","KN295571v1","508891","509168","64","76925415"
"chr3","77443790","77444042","KN294444v1","373486","373751","65","77070304"
"chr3","77622796","77623051","KN294705v1","952309","952554","73","76670487"
"chr3","77650708","77651008","KN294980v1","122627","122916","51","77528081"
"chr3","77724451","77724758","KN296187v1","1132879","1133141","110","76591572"
"chr3","77729503","77729681","KN297044v1","177090","177263","41","77552413"
"chr3","77729695","77729945","KN295346v1","1315879","1316127","62","76413816"
"chr3","77751199","77751458","KN294187v1","533538","533812","73","77217661"
"chr3","77781794","77782083","KN296486v1","1337566","1337861","68","76444228"
"chr3","77793339","77793610","KN294410v1","445777","446049","63","77347562"
"chr3","77930097","77930367","KN295142v1","1464904","1465186","30","76465193"
"chr3","77952277","77952583","KN294499v1","2194412","2194707","71","75757865"
"chr3","78054267","78054566","KN295142v1","1339808","1340131","46","76714459"
"chr3","78133879","78134165","KN295142v1","1253350","1253639","19","76880529"
"chr3","78153189","78153487","KN295142v1","1234362","1234673","37","76918827"
"chr3","78178122","78178427","KN297046v1","1142259","1142551","65","77035863"
"chr3","78218945","78219126","KN295142v1","1172927","1173105","29","77046018"
"chr3","78232631","78232913","KN295142v1","1158505","1158785","27","77074126"
"chr3","78246131","78246314","KN297008v1","5192776","5192958","51","73053355"
"chr3","78253809","78254092","KN295142v1","1137918","1138220","41","77115891"
"chr3","78258631","78258826","KN295142v1","1133207","1133400","28","77125424"
"chr3","78469151","78469431","KN295142v1","915472","915764","40","77553679"
"chr3","78477432","78477744","KN295142v1","907131","907427","33","77570301"
"chr3","78560277","78560583","KN295501v1","522102","522406","60","78038175"
"chr3","78571824","78572027","KN295142v1","802899","803100","16","77768925"
"chr3","78597665","78597747","KN294566v1","362918","362999","18","78234747"
"chr3","78612115","78612408","KN296322v1","1148106","1148393","62","77464009"
"chr3","78618159","78618455","KN295142v1","756303","756575","75","77861856"
"chr3","78631614","78631884","KN295294v1","2313084","2313366","67","76318530"
"chr3","78658233","78658491","KN295375v1","268248","268504","68","78389985"
"chr3","78687510","78687804","KN297452v1","1883004","1883291","62","76804506"
"chr3","78733782","78734092","KN295142v1","637421","637726","40","78096361"
"chr3","78820443","78820746","KN295142v1","548243","548539","34","78272200"
"chr3","78823960","78824119","KN295142v1","544884","545039","20","78279076"
"chr3","78824411","78824491","KN295142v1","544504","544588","7","78279907"
"chr3","78951653","78951788","KN295142v1","416015","416148","13","78535638"
"chr3","78952301","78952463","KN295142v1","415256","415409","32","78537045"
"chr3","78957119","78957432","KN295142v1","410613","410884","66","78546506"
"chr3","79010470","79010774","KN294578v1","361727","362033","70","78648743"
"chr3","79097658","79097783","KN295142v1","266117","266236","15","78831541"
"chr3","79125942","79126092","KN295142v1","238380","238546","29","78887562"
"chr3","79126385","79126533","KN295142v1","237934","238082","11","78888451"
"chr3","79185561","79185782","KN295142v1","181586","181819","31","79003975"
"chr3","79220677","79220862","KN295142v1","156644","156831","11","79064033"
"chr3","79229300","79229591","KN296743v1","1903048","1903333","67","77326252"
"chr3","79246379","79246587","KN295142v1","128822","129019","32","79117557"
"chr3","79268931","79269016","KN294193v1","102539","102625","17","79166392"
"chr3","79344518","79344824","KN295142v1","27665","27964","30","79316853"
"chr3","79376551","79376697","KN294501v1","221252","221397","32","79155299"
"chr3","79393527","79393835","KN295995v1","819494","819788","73","78574033"
"chr3","79397502","79397625","KN295480v1","3216966","3217084","22","76180536"
"chr3","79724144","79724463","KN294218v1","1158388","1158697","76","78565756"
"chr3","79815391","79815620","KN296323v1","28980","29206","23","79786411"
"chr3","79817028","79817147","KN296323v1","30609","30727","10","79786419"
"chr3","79894454","79894665","KN296323v1","105824","106035","30","79788630"
"chr3","79954014","79954322","KN294630v1","158008","158313","67","79796006"
"chr3","80023432","80023706","KN296323v1","229588","229897","53","79793844"
"chr3","80044875","80045152","KN296323v1","250919","251215","35","79793956"
"chr3","80258829","80258962","KN294848v1","998364","998496","20","79260465"
"chr3","80292350","80292619","KN296323v1","521930","522171","46","79770420"
"chr3","80352963","80353151","KN296883v1","2780707","2780888","44","77572256"
"chr3","80353456","80353575","KN295236v1","1631207","1631327","18","78722249"
"chr3","80416102","80416343","KN296323v1","642619","642861","19","79773483"
"chr3","80433621","80433845","KN296323v1","661856","662080","19","79771765"
"chr3","80507655","80507785","KN296323v1","736671","736801","12","79770984"
"chr3","80510147","80510481","KN296449v1","20794","21118","78","80489353"
"chr3","80611806","80612025","KN296323v1","833593","833785","39","79778213"
"chr3","80621019","80621321","KN296323v1","842618","842929","35","79778401"
"chr3","80654678","80654994","KN296323v1","877568","877875","54","79777110"
"chr3","80693142","80693388","KN296323v1","906303","906550","28","79786839"
"chr3","80740975","80741274","KN296323v1","953576","953862","25","79787399"
"chr3","80743390","80743636","KN296323v1","955849","956095","32","79787541"
"chr3","80752881","80753170","KN296153v1","2989520","2989816","65","77763361"
"chr3","80770046","80770312","KN294588v1","20348","20608","82","80749698"
"chr3","80788430","80788740","KN295236v1","4483184","4483492","68","76305246"
"chr3","80865518","80865775","KN296323v1","1076831","1077088","12","79788687"
"chr3","80866448","80866650","KN296695v1","185963","186159","40","80680485"
"chr3","80872766","80872997","KN297000v1","283113","283346","61","80589653"
"chr3","80897682","80897972","KN294991v1","693040","693334","65","80204642"
"chr3","80902548","80902895","KN296323v1","1113475","1113826","30","79789073"
"chr3","80913588","80913890","KN296323v1","1124225","1124521","29","79789363"
"chr3","81017118","81017415","KN296323v1","1223727","1224018","36","79793391"
"chr3","81057097","81057260","KN296323v1","1260178","1260341","12","79796919"
"chr3","81057290","81057410","KN296323v1","1260382","1260502","11","79796908"
"chr3","81093535","81093820","KN296323v1","1297578","1297863","16","79795957"
"chr3","81204082","81204394","KN295343v1","329489","329788","60","80874593"
"chr3","81207017","81207271","KN296485v1","446593","446852","76","80760424"
"chr3","81232698","81232942","KN296323v1","1446899","1447128","37","79785799"
"chr3","81240928","81241221","KN296323v1","1459948","1460242","30","79780980"
"chr3","81292046","81292176","KN296323v1","1507187","1507317","3","79784859"
"chr3","81392406","81392720","KN296323v1","1614533","1614842","53","79777873"
"chr3","81412448","81412629","KN295185v1","230229","230398","42","81182219"
"chr3","81424561","81424730","KN297154v1","1567428","1567596","33","79857133"
"chr3","81425016","81425161","KN294633v1","67153","67297","33","81357863"
"chr3","81428017","81428325","KN296323v1","1647027","1647345","55","79780990"
"chr3","81498533","81498828","KN295236v1","1832188","1832474","72","79666345"
"chr3","81508861","81509151","KN296323v1","1729188","1729479","37","79779673"
"chr3","81575000","81575250","KN294848v1","281563","281800","72","81293437"
"chr3","81635242","81635546","KN297184v1","1021901","1022202","51","80613341"
"chr3","81687201","81687507","KN296323v1","1916453","1916759","34","79770748"
"chr3","81848221","81848372","KN294378v1","1132484","1132632","34","80715737"
"chr3","81960936","81961211","KN295586v1","5507616","5507894","65","76453320"
"chr3","82012658","82012906","KN296323v1","2225945","2226200","34","79786713"
"chr3","82038200","82038482","KN296323v1","2254821","2255098","26","79783379"
"chr3","82059832","82060137","KN296323v1","2275197","2275487","33","79784635"
"chr3","82067931","82068235","KN296323v1","2283331","2283624","39","79784600"
"chr3","82320779","82321087","KN297046v1","2243056","2243368","65","80077723"
"chr3","83126365","83126595","KN297046v1","1499669","1499903","50","81626696"
"chr3","83492659","83492777","KN294385v1","250061","250177","24","83242598"
"chr3","83500048","83500166","KN297165v1","3209561","3209674","28","80290487"
"chr3","83500168","83500254","KN295022v1","675260","675350","21","82824908"
"chr3","83526364","83526680","KN295236v1","835434","835731","83","82690930"
"chr3","83610428","83610688","KN296119v1","2077115","2077390","60","81533313"
"chr3","83720933","83721208","KN296508v1","1484622","1484884","78","82236311"
"chr3","83767555","83767867","KN297190v1","449000","449288","79","83318555"
"chr3","83769324","83769616","KN295365v1","618540","618829","56","83150784"
"chr3","83825615","83825897","KN297453v1","242913","243198","52","83582702"
"chr3","83888753","83889042","KN294410v1","231612","231894","57","83657141"
"chr3","83945229","83945361","KN296588v1","605049","605179","20","83340180"
"chr3","83945670","83945839","KN296883v1","733603","733771","28","83212067"
"chr3","84228384","84228689","KN295459v1","697076","697373","65","83531308"
"chr3","84245323","84245546","KN295717v1","880250","880461","57","83365073"
"chr3","84277424","84277541","KN295936v1","1084591","1084708","14","83192833"
"chr3","84278018","84278307","KN297320v1","1234476","1234772","64","83043542"
"chr3","84289959","84290091","KN295936v1","1960405","1960538","25","82329554"
"chr3","84330994","84331117","KN295744v1","541474","541598","18","83789520"
"chr3","84544854","84545132","KN296096v1","1827942","1828211","69","82716912"
"chr3","84630538","84630831","KN296732v1","2327209","2327498","77","82303329"
"chr3","84667027","84667303","KN297108v1","153662","153940","74","84513365"
"chr3","84876764","84877082","KN296484v1","741829","742129","66","84134935"
"chr3","84947521","84947825","KN295596v1","1835143","1835453","71","83112378"
"chr3","84967480","84967768","KN294564v1","228946","229231","78","84738534"
"chr3","85069684","85069867","KN294911v1","2757597","2757798","57","82312087"
"chr3","85146304","85146603","KN294420v1","15001","15311","76","85131303"
"chr3","85204911","85205034","KN294172v1","3288243","3288371","20","81916668"
"chr3","85278410","85278692","KN295907v1","2632429","2632698","80","82645981"
"chr3","85300500","85300690","KN295967v1","1473423","1473609","48","83827077"
"chr3","85300998","85301121","KN296019v1","450328","450461","38","84850670"
"chr3","85309777","85310085","KN294501v1","41760","42066","64","85268017"
"chr3","85352563","85352651","KN295570v1","26717","26807","22","85325846"
"chr3","85374713","85375062","KN296244v1","710360","710683","105","84664353"
"chr3","85461604","85461886","KN296210v1","968827","969107","68","84492777"
"chr3","85477659","85477897","KN296201v1","1550121","1550372","58","83927538"
"chr3","85595887","85596173","KN296138v1","577467","577753","79","85018420"
"chr3","85637893","85638183","KN295722v1","1243400","1243692","69","84394493"
"chr3","85664972","85665283","KN294271v1","241315","241628","73","85423657"
"chr3","85666232","85666479","KN295667v1","735902","736147","63","84930330"
"chr3","85689613","85689876","KN294535v1","628634","628886","71","85060979"
"chr3","85693580","85693855","KN297077v1","49754","50014","73","85643826"
"chr3","85730178","85730471","KN295365v1","618540","618829","69","85111638"
"chr3","85794794","85795049","KN294964v1","1409025","1409288","76","84385769"
"chr3","85844009","85844268","KN296738v1","104094","104348","71","85739915"
"chr3","85993458","85993631","KN294911v1","2401650","2401825","43","83591808"
"chr3","86127059","86127170","KN294210v1","1589858","1589974","21","84537201"
"chr3","86176239","86176501","KN296178v1","532126","532401","73","85644113"
"chr3","86322661","86322962","KN296879v1","579910","580210","61","85742751"
"chr3","86501582","86501870","KN294539v1","1350436","1350725","65","85151146"
"chr3","86871647","86871930","KN296145v1","2675914","2676203","75","84195733"
"chr3","87091885","87092019","KN296290v1","1270957","1271085","39","85820928"
"chr3","87105502","87105612","KN294260v1","568869","568980","24","86536633"
"chr3","87162152","87162433","KN296925v1","123848","124126","67","87038304"
"chr3","87176256","87176512","KN294172v1","2033019","2033272","59","85143237"
"chr3","87179165","87179455","KN295841v1","173298","173592","74","87005867"
"chr3","87243632","87243952","KN294470v1","1776818","1777118","62","85466814"
"chr3","87260419","87260722","KN296864v1","1755064","1755366","57","85505355"
"chr3","87284618","87284919","KN294705v1","2064051","2064352","75","85220567"
"chr3","87365294","87365581","KN294570v1","165105","165399","69","87200189"
"chr3","87384171","87384455","KN294842v1","440247","440525","69","86943924"
"chr3","87573847","87574146","KN295108v1","578434","578722","75","86995413"
"chr3","87651641","87651977","KN294510v1","40752","41080","97","87610889"
"chr3","87722422","87722664","KN297078v1","777420","777658","63","86945002"
"chr3","87730669","87730890","KN296643v1","349849","350056","56","87380820"
"chr3","87734266","87734435","KN295607v1","359011","359178","36","87375255"
"chr3","87770929","87771238","KN296119v1","4317081","4317383","77","83453848"
"chr3","87902310","87902591","KN294848v1","912345","912627","63","86989965"
"chr3","87989107","87989309","KN295995v1","532605","532809","41","87456502"
"chr3","88012898","88013173","KN294911v1","2574525","2574792","65","85438373"
"chr3","88087331","88087642","KN296682v1","4680106","4680412","70","83407225"
"chr3","88089034","88089321","KN295362v1","1194772","1195061","64","86894262"
"chr3","88237040","88237164","KN296311v1","4447158","4447282","21","83789882"
"chr3","88359978","88360258","KN296311v1","6921797","6922080","77","81438181"
"chr3","88369072","88369370","KN294630v1","741362","741665","60","87627710"
"chr3","88415085","88415201","KN294479v1","133118","133236","17","88281967"
"chr3","88475994","88476163","KN294457v1","674084","674255","45","87801910"
"chr3","88493614","88493921","KN295956v1","110148","110452","61","88383466"
"chr3","88628700","88628984","KN295405v1","1369069","1369345","66","87259631"
"chr3","88635941","88636129","KN296019v1","321507","321691","51","88314434"
"chr3","88644843","88645090","KN294911v1","2582639","2582888","66","86062204"
"chr3","88646005","88646083","KN294172v1","1811996","1812079","19","86834009"
"chr3","88662864","88663157","KN296743v1","1534998","1535291","70","87127866"
"chr3","88675571","88675860","KN294172v1","439163","439451","59","88236408"
"chr3","88678740","88678964","KN295326v1","326697","326915","55","88352043"
"chr3","88694457","88694719","KN294167v1","113420","113688","67","88581037"
"chr3","88713260","88713543","KN294741v1","546255","546537","74","88167005"
"chr3","88781374","88781679","KN294842v1","590688","590985","69","88190686"
"chr3","88926226","88926532","KN294630v1","741362","741665","65","88184864"
"chr3","89031363","89031675","KN296665v1","36442","36747","61","88994921"
"chr3","89225940","89226215","KN295236v1","4805604","4805869","75","84420336"
"chr3","89234195","89234494","KN296153v1","1489709","1490018","65","87744486"
"chr3","89271517","89271716","KN296263v1","657560","657760","42","88613957"
"chr3","89320291","89320585","KN295705v1","1506369","1506649","68","87813922"
"chr3","89326053","89326351","KN296682v1","2500190","2500484","61","86825863"
"chr3","89402448","89402730","KN296119v1","2031876","2032162","60","87370572"
"chr3","89414638","89414744","KN294831v1","628074","628184","16","88786564"
"chr3","89502332","89502601","KN294644v1","201254","201524","59","89301078"
"chr3","89512179","89512476","KN296864v1","3187581","3187876","67","86324598"
"chr3","89641767","89642061","KN296635v1","1725882","1726179","60","87915885"
"chr3","89703331","89703626","KN296146v1","80628","80919","60","89622703"
"chr3","89727032","89727286","KN295295v1","49841","50098","65","89677191"
"chr3","89755314","89755605","KN294630v1","530859","531151","60","89224455"
"chr3","89815542","89815850","KN294325v1","1017631","1017939","62","88797911"
"chr3","89939748","89940016","KN295814v1","910324","910596","63","89029424"
"chr3","90055202","90055512","KN295343v1","329489","329788","73","89725713"
"chr3","90086315","90086600","KN296865v1","851828","852111","78","89234487"
"chr3","90155465","90155784","KN297172v1","4271","4564","50","90151194"
"chr3","90185176","90185465","KN297172v1","34668","34958","18","90150508"
"chr3","90211842","90211957","KN297172v1","55602","55717","8","90156240"
"chr3","90245486","90245704","KN294407v1","1384011","1384226","48","88861475"
"chr3","90296514","90296835","KN297172v1","143613","143934","25","90152901"
"chr3","90404107","90404397","KN297172v1","250848","251137","16","90153259"
"chr3","90426135","90426210","KN295967v1","608689","608766","19","89817446"
"chr3","90426547","90426631","KN296528v1","1146785","1146875","28","89279762"
"chr3","90431430","90431711","KN295284v1","387545","387826","80","90043885"
"chr3","90458556","90458858","KN297172v1","297193","297457","55","90161363"
"chr3","90490407","90490710","KN297172v1","327992","328292","30","90162415"
"chr3","90553372","90553609","KN296825v1","2229691","2229932","61","88323681"
"chr3","90557977","90558311","KN297172v1","395049","395386","31","90162928"
"chr3","90583951","90584213","KN294848v1","1163057","1163326","68","89420894"
"chr3","90643709","90643962","KN295800v1","483418","483675","31","90160291"
"chr3","90772110","90772247","KN294571v1","1934375","1934512","31","88837735"
"chr3","90992920","90993203","KN295800v1","142546","142829","31","90850374"
"chr3","91125242","91125532","KN295800v1","18099","18392","25","91107143"
"chr3","91240909","91241227","KN296062v1","2301353","2301659","67","88939556"
"chr3","91257180","91257455","KN296036v1","2354457","2354734","64","88902723"
"chr3","91364082","91364366","KN295983v1","282558","282846","58","91081524"
"chr3","91394289","91394398","KN295036v1","248456","248562","23","91145833"
"chr3","91394431","91394591","KN297404v1","270968","271130","39","91123463"
"chr3","91499450","91499761","KN296481v1","88757","89064","66","91410693"
"chr3","91531245","91531388","KN294790v1","7309416","7309557","36","84221829"
"chr3","91598471","91598776","KN295987v1","406992","407297","75","91191479"
"chr3","91693609","91693820","KN294404v1","390625","390809","54","91302984"
"chr3","91697189","91697298","KN296743v1","1908488","1908586","28","89788701"
"chr3","91797894","91798189","KN294570v1","433484","433771","62","91364410"
"chr3","92106483","92106770","KN295099v1","372353","372634","62","91734130"
"chr3","92206723","92206858","KN295022v1","871921","872052","38","91334802"
"chr3","92206894","92207028","KN294462v1","635236","635365","27","91571658"
"chr3","92260529","92260659","KN297153v1","34213","34346","23","92226316"
"chr3","92387522","92387806","KN294410v1","234038","234311","67","92153484"
"chr3","92514291","92514584","KN297332v1","431947","432232","61","92082344"
"chr3","92528562","92528877","KN296749v1","396480","396788","64","92132082"
"chr3","92529472","92529745","KN295717v1","2114036","2114310","63","90415436"
"chr3","97543811","97544100","KN295343v1","329489","329788","67","97214322"
"chr3","97610536","97610843","KN294291v1","350921","351227","70","97259615"
"chr3","97654605","97654906","KN296075v1","20321","20616","58","97634284"
"chr3","97670094","97670394","KN296263v1","522599","522904","61","97147495"
"chr3","97712884","97713166","KN295352v1","557411","557688","64","97155473"
"chr3","97715610","97715914","KN297320v1","1234476","1234772","57","96481134"
"chr3","97719773","97720087","KN294848v1","521160","521466","64","97198613"
"chr3","97736341","97736611","KN295319v1","576682","576954","64","97159659"
"chr3","97741359","97741483","KN295708v1","2162566","2162690","19","95578793"
"chr3","97743937","97744046","KN295930v1","887615","887719","14","96856322"
"chr3","97768969","97769041","KN295633v1","2334138","2334211","15","95434831"
"chr3","97814926","97815235","KN294561v1","771342","771636","75","97043584"
"chr3","97845801","97846089","KN296959v1","1171161","1171449","63","96674640"
"chr3","97881661","97881934","KN296096v1","1827942","1828211","71","96053719"
"chr3","97904826","97905137","KN296378v1","443231","443542","63","97461595"
"chr3","98038124","98038435","KN296404v1","3404152","3404452","66","94633972"
"chr3","98169351","98169629","KN296726v1","800552","800828","69","97368799"
"chr3","98307041","98307110","KN295236v1","1482749","1482815","16","96824292"
"chr3","98425512","98425635","KN294588v1","624000","624123","21","97801512"
"chr3","98489020","98489319","KN296062v1","976203","976488","63","97512817"
"chr3","98511600","98511811","KN297242v1","1471732","1471942","42","97039868"
"chr3","98528226","98528394","KN294470v1","2587213","2587380","44","95941013"
"chr3","98673932","98674231","KN295605v1","573138","573440","68","98100794"
"chr3","98859734","98860007","KN296682v1","3215872","3216159","68","95643862"
"chr3","99209873","99210002","KN297165v1","608618","608750","26","98601255"
"chr3","99216100","99216284","KN294569v1","751975","752159","55","98464125"
"chr3","99216695","99216756","KN295345v1","1070323","1070377","16","98146372"
"chr3","99230369","99230489","KN294372v1","837509","837624","42","98392860"
"chr3","99274360","99274524","KN296158v1","1204573","1204729","42","98069787"
"chr3","99441267","99441566","KN295930v1","57786","58078","86","99383481"
"chr3","99444737","99445044","KN294705v1","1338492","1338793","69","98106245"
"chr3","99473686","99473942","KN295526v1","820270","820520","64","98653416"
"chr3","99567941","99568172","KN295090v1","1887942","1888173","71","97679999"
"chr3","99643367","99643500","KN294713v1","915411","915542","27","98727956"
"chr3","99675442","99675648","KN295667v1","928522","928728","44","98746920"
"chr3","99675995","99676057","KN295708v1","1024371","1024430","19","98651624"
"chr3","99713753","99714009","KN296157v1","2793761","2794022","64","96919992"
"chr3","99715303","99715597","KN294172v1","3676647","3676940","66","96038656"
"chr3","99852798","99853117","KN297197v1","4739019","4739331","71","95113779"
"chr3","99870796","99871102","KN295107v1","1051267","1051565","73","98819529"
"chr3","99931264","99931554","KN294199v1","65187","65474","74","99866077"
"chr3","100000684","100000969","KN295405v1","504647","504932","65","99496037"
"chr3","100004244","100004542","KN296311v1","7590559","7590854","70","92413685"
"chr3","100091393","100091691","KN296486v1","2013189","2013495","74","98078204"
"chr3","100150094","100150376","KN295810v1","127869","128138","62","100022225"
"chr3","100169583","100169865","KN297190v1","3735620","3735887","75","96433963"
"chr3","100211169","100211462","KN294499v1","2466913","2467200","70","97744256"
"chr3","100522673","100522966","KN294790v1","6856069","6856369","70","93666604"
"chr3","100544370","100544655","KN295692v1","338950","339232","70","100205420"
"chr3","100607589","100607815","KN294734v1","603658","603886","52","100003931"
"chr3","100613593","100613905","KN296192v1","220296","220610","66","100393297"
"chr3","100660791","100660905","KN295923v1","1514171","1514288","15","99146620"
"chr3","100660957","100661121","KN295708v1","2758302","2758465","41","97902655"
"chr3","100701600","100701894","KN296079v1","1376026","1376316","47","99325574"
"chr3","100880898","100881144","KN297259v1","2209668","2209902","55","98671230"
"chr3","100892626","100892902","KN294733v1","143432","143710","61","100749194"
"chr3","101085148","101085475","KN296959v1","167801","168126","67","100917347"
"chr3","101170161","101170457","KN295943v1","46950","47244","25","101123211"
"chr3","101194222","101194345","KN296486v1","1088353","1088477","16","100105869"
"chr3","101278490","101278757","KN294848v1","912345","912627","62","100366145"
"chr3","101382804","101383066","KN296526v1","272582","272844","57","101110222"
"chr3","101496205","101496516","KN297375v1","48498","48810","65","101447707"
"chr3","101517495","101517583","KN296939v1","226066","226148","19","101291429"
"chr3","101570806","101571118","KN296864v1","3265179","3265496","59","98305627"
"chr3","101594596","101594821","KN295601v1","1111950","1112185","64","100482646"
"chr3","101597199","101597488","KN296138v1","198772","199071","60","101398427"
"chr3","101658573","101658873","KN296502v1","170706","171005","68","101487867"
"chr3","101716736","101717039","KN296158v1","77381","77686","74","101639355"
"chr3","101788241","101788549","KN294207v1","774921","775232","61","101013320"
"chr3","101865180","101865464","KN296290v1","1369272","1369563","61","100495908"
"chr3","102091505","102091715","KN297274v1","75096","75304","39","102016409"
"chr3","102149197","102149513","KN297276v1","166964","167281","72","101982233"
"chr3","102212907","102213187","KN294199v1","65187","65474","52","102147720"
"chr3","102235678","102235960","KN294513v1","818583","818861","64","101417095"
"chr3","102284469","102284736","KN295977v1","761523","761795","60","101522946"
"chr3","102285266","102285377","KN296442v1","433963","434075","27","101851303"
"chr3","102381349","102381632","KN294548v1","375827","376110","62","102005522"
"chr3","102441063","102441347","KN296145v1","1496963","1497260","61","100944100"
"chr3","102447296","102447567","KN294444v1","373486","373751","54","102073810"
"chr3","102501707","102501929","KN297094v1","101570","101786","51","102400137"
"chr3","102506311","102506618","KN297274v1","335410","335711","69","102170901"
"chr3","102521186","102521496","KN294187v1","156326","156629","67","102364860"
"chr3","102597440","102597602","KN294613v1","50353","50517","39","102547087"
"chr3","102597868","102598001","KN295236v1","3389355","3389487","26","99208513"
"chr3","102619717","102619981","KN294499v1","2485948","2486229","64","100133769"
"chr3","102738354","102738510","KN295236v1","1139851","1139986","45","101598503"
"chr3","102834137","102834437","KN296381v1","152790","153083","67","102681347"
"chr3","102844195","102844322","KN295533v1","2521869","2522001","21","100322326"
"chr3","102872649","102872781","KN296122v1","83204","83339","23","102789445"
"chr3","102919497","102919800","KN297008v1","1477900","1478200","65","101441597"
"chr3","103019246","103019365","KN296169v1","43538","43651","12","102975708"
"chr3","103124207","103124447","KN294821v1","281876","282150","51","102842331"
"chr3","103243309","103243579","KN294821v1","156466","156738","17","103086843"
"chr3","103292878","103293170","KN294821v1","108523","108802","34","103184355"
"chr3","103329431","103329713","KN294821v1","71237","71520","29","103258194"
"chr3","103397290","103397582","KN296386v1","5586","5882","24","103391704"
"chr3","103582810","103583107","KN296386v1","183746","184048","39","103399064"
"chr3","103592377","103592575","KN296386v1","193487","193683","17","103398890"
"chr3","103604877","103605182","KN296386v1","205945","206234","39","103398932"
"chr3","103758474","103758585","KN295090v1","8838","8947","21","103749636"
"chr3","103758956","103759257","KN296386v1","374527","374838","28","103384429"
"chr3","103761769","103762023","KN296386v1","377320","377571","16","103384449"
"chr3","103932302","103932500","KN294161v1","456354","456554","56","103475948"
"chr3","103932792","103932933","KN296386v1","556013","556153","11","103376779"
"chr3","103953531","103953652","KN296386v1","577333","577454","9","103376198"
"chr3","103969335","103969638","KN296386v1","594473","594798","39","103374862"
"chr3","103977088","103977262","KN296386v1","599119","599288","22","103377969"
"chr3","103977558","103977651","KN294366v1","421783","421875","21","103555775"
"chr3","103978110","103978239","KN296386v1","600170","600299","6","103377940"
"chr3","103995471","103995594","KN296386v1","618939","619061","12","103376532"
"chr3","103995887","103996062","KN296386v1","619364","619516","42","103376523"
"chr3","104004316","104004614","KN296311v1","5717539","5717839","56","98286777"
"chr3","104012201","104012442","KN294470v1","2742313","2742543","61","101269888"
"chr3","104012520","104012626","KN296386v1","636173","636281","8","103376347"
"chr3","104067712","104067997","KN296386v1","693022","693311","25","103374690"
"chr3","104122333","104122551","KN296386v1","749068","749273","34","103373265"
"chr3","104124018","104124312","KN296386v1","750347","750648","21","103373671"
"chr3","104227787","104228093","KN296386v1","856890","857195","26","103370897"
"chr3","104228906","104229186","KN296386v1","858319","858582","43","103370587"
"chr3","104238525","104238673","KN296062v1","1222684","1222839","36","103015841"
"chr3","104258375","104258667","KN296386v1","893803","894094","17","103364572"
"chr3","104260754","104261056","KN296386v1","896147","896447","20","103364607"
"chr3","104275523","104275817","KN296386v1","913056","913349","37","103362467"
"chr3","104298087","104298393","KN296386v1","931269","931577","31","103366818"
"chr3","104314718","104314998","KN294187v1","147289","147562","62","104167429"
"chr3","104388662","104388969","KN296386v1","1023041","1023347","20","103365621"
"chr3","104457246","104457589","KN294470v1","1511567","1511900","67","102945679"
"chr3","104490836","104491144","KN296386v1","1106717","1107030","20","103384119"
"chr3","104526266","104526526","KN296386v1","1141782","1142051","25","103384484"
"chr3","104621570","104621820","KN296386v1","1238369","1238618","18","103383201"
"chr3","104683529","104683645","KN295301v1","1014078","1014194","17","103669451"
"chr3","104857213","104857329","KN297048v1","156738","156852","12","104700475"
"chr3","104857682","104857857","KN297048v1","157208","157380","10","104700474"
"chr3","104866600","104866886","KN297048v1","169909","170202","25","104696691"
"chr3","104958627","104958951","KN297048v1","256706","257034","41","104701921"
"chr3","105018672","105018980","KN297048v1","314027","314334","15","104704645"
"chr3","105028414","105028629","KN297048v1","324179","324392","19","104704235"
"chr3","105110797","105111069","KN297048v1","413916","414189","19","104696881"
"chr3","105141462","105141751","KN297048v1","445251","445561","40","104696211"
"chr3","105174725","105174999","KN297048v1","477708","477982","17","104697017"
"chr3","105178390","105178698","KN297048v1","481368","481678","24","104697022"
"chr3","105215034","105215205","KN294416v1","354557","354730","32","104860477"
"chr3","105222867","105223158","KN295236v1","1665103","1665399","69","103557764"
"chr3","105239017","105239279","KN297048v1","529292","529583","47","104709725"
"chr3","105253775","105254072","KN297048v1","544351","544637","26","104709424"
"chr3","105254873","105255159","KN297048v1","545453","545736","25","104709420"
"chr3","105268011","105268322","KN297048v1","560088","560382","33","104707923"
"chr3","105273116","105273240","KN294224v1","1173821","1173946","19","104099295"
"chr3","105278290","105278585","KN294439v1","291493","291791","83","104986797"
"chr3","105279142","105279410","KN295984v1","3363324","3363594","65","101915818"
"chr3","105279769","105280046","KN294439v1","232463","232750","69","105047306"
"chr3","105284853","105285140","KN295983v1","922288","922583","59","104362565"
"chr3","105287327","105287610","KN294325v1","92496","92787","56","105194831"
"chr3","105294400","105294619","KN294271v1","927657","927872","58","104366743"
"chr3","105296424","105296732","KN295045v1","414971","415269","58","104881453"
"chr3","105312649","105312783","KN294453v1","380724","380855","27","104931925"
"chr3","105317718","105318018","KN297320v1","1234476","1234772","57","104083242"
"chr3","105331350","105331650","KN297219v1","667639","667936","58","104663711"
"chr3","105360158","105360347","KN295577v1","95391","95584","45","105264767"
"chr3","105371744","105371872","KN294218v1","2398344","2398472","21","102973400"
"chr3","105372165","105372327","KN296859v1","1957253","1957418","31","103414912"
"chr3","105379608","105379719","KN295459v1","1018963","1019078","15","104360645"
"chr3","105380411","105380630","KN294239v1","375904","376124","40","105004507"
"chr3","105387266","105387516","KN296934v1","82448","82698","54","105304818"
"chr3","105390521","105390813","KN294747v1","836910","837206","52","104553611"
"chr3","105394842","105395060","KN296096v1","1284291","1284510","44","104110551"
"chr3","105395683","105395958","KN294375v1","679188","679462","60","104716495"
"chr3","105399797","105400131","KN294453v1","4527","4826","95","105395270"
"chr3","105422150","105422277","KN296643v1","220705","220831","27","105201445"
"chr3","105444234","105444346","KN296119v1","5442855","5442972","23","100001379"
"chr3","105452883","105453177","KN295930v1","82045","82348","75","105370838"
"chr3","105472629","105472923","KN294592v1","1072173","1072464","50","104400456"
"chr3","105475084","105475374","KN296406v1","163962","164264","59","105311122"
"chr3","105477790","105478095","KN296503v1","497181","497492","62","104980609"
"chr3","105481741","105481908","KN294992v1","350984","351152","47","105130757"
"chr3","105484827","105484957","KN294790v1","3998119","3998253","20","101486708"
"chr3","105486201","105486493","KN295893v1","5544382","5544679","63","99941819"
"chr3","105503013","105503311","KN294842v1","590688","590985","48","104912325"
"chr3","105523656","105523834","KN297274v1","1085667","1085841","55","104437989"
"chr3","105524561","105524792","KN295692v1","2985714","2985955","76","102538847"
"chr3","105529227","105529481","KN296311v1","6342606","6342865","60","99186621"
"chr3","105532762","105532897","KN294842v1","773603","773738","28","104759159"
"chr3","105533204","105533376","KN296859v1","1957253","1957418","34","103575951"
"chr3","105537133","105537258","KN296153v1","1416271","1416393","18","104120862"
"chr3","105551217","105551537","KN296280v1","645706","646016","62","104905511"
"chr3","105558292","105558581","KN295936v1","928734","929029","51","104629558"
"chr3","105566620","105566705","KN296453v1","2534554","2534638","15","103032066"
"chr3","105590672","105590951","KN296460v1","825795","826085","58","104764877"
"chr3","105599099","105599423","KN296004v1","418315","418622","79","105180784"
"chr3","105610428","105610729","KN296404v1","3404152","3404452","63","102206276"
"chr3","105612571","105612873","KN295474v1","695688","695993","51","104916883"
"chr3","105634129","105634245","KN295480v1","2508492","2508606","31","103125637"
"chr3","105635468","105635725","KN296157v1","2793761","2794022","61","102841707"
"chr3","105641514","105641730","KN296964v1","753660","753869","47","104887854"
"chr3","105650162","105650452","KN296872v1","70967","71254","60","105579195"
"chr3","105656446","105656758","KN296280v1","645706","646016","60","105010740"
"chr3","105658446","105658722","KN296654v1","149548","149813","80","105508898"
"chr3","105699777","105700058","KN294697v1","159295","159585","62","105540482"
"chr3","105701487","105701793","KN296311v1","6648305","6648605","60","99053182"
"chr3","105807538","105807833","KN294458v1","593748","594033","71","105213790"
"chr3","105912863","105913153","KN296649v1","576985","577271","73","105335878"
"chr3","105964451","105964736","KN296290v1","24611","24902","66","105939840"
"chr3","105977456","105977742","KN297452v1","2278288","2278582","62","103699168"
"chr3","105999835","105999996","KN294873v1","1529628","1529790","42","104470207"
"chr3","106000001","106000122","KN296926v1","1064368","1064490","16","104935633"
"chr3","106030897","106031085","KN294705v1","1923819","1923983","66","104107078"
"chr3","106135055","106135130","KN295429v1","222397","222468","8","105912658"
"chr3","106309840","106310143","KN295429v1","37723","38023","35","106272117"
"chr3","106351542","106351808","KN296526v1","272582","272844","70","106078960"
"chr3","106455207","106455492","KN296271v1","117287","117560","25","106337920"
"chr3","106499621","106499942","KN296271v1","168515","168800","55","106331106"
"chr3","106534831","106535117","KN296271v1","203950","204236","19","106330881"
"chr3","106769206","106769494","KN296271v1","435679","435968","22","106333527"
"chr3","106822389","106822714","KN296271v1","494434","494736","50","106327955"
"chr3","107076786","107077082","KN296210v1","411997","412286","60","106664789"
"chr3","107091596","107091849","KN295236v1","2978034","2978295","65","104113562"
"chr3","107470891","107471168","KN295045v1","1342842","1343121","62","106128049"
"chr3","107486133","107486376","KN294548v1","1163292","1163530","62","106322841"
"chr3","107718252","107718538","KN296481v1","518302","518590","62","107199950"
"chr3","108179936","108180272","KN295108v1","818458","818794","30","107361478"
"chr3","108429898","108430186","KN295108v1","578434","578722","18","107851464"
"chr3","108460934","108461205","KN295108v1","546233","546506","22","107914701"
"chr3","108481522","108481829","KN295108v1","530985","531288","30","107950537"
"chr3","108624985","108625283","KN295108v1","394503","394802","22","108230482"
"chr3","108699764","108699881","KN295108v1","326730","326848","16","108373034"
"chr3","108722281","108722567","KN295108v1","295358","295645","38","108426923"
"chr3","108773437","108773688","KN295108v1","254351","254593","31","108519086"
"chr3","108813727","108814029","KN295108v1","209310","209605","31","108604417"
"chr3","108863602","108863908","KN295108v1","156869","157179","22","108706733"
"chr3","108869714","108870014","KN295108v1","150645","150946","27","108719069"
"chr3","108879306","108879581","KN296836v1","756580","756853","67","108122726"
"chr3","109095421","109095721","KN296404v1","3404152","3404452","63","105691269"
"chr3","109117006","109117249","KN296528v1","1137035","1137286","65","107979971"
"chr3","109166793","109167012","KN295236v1","3137292","3137516","63","106029501"
"chr3","109204518","109204752","KN296191v1","1137599","1137827","62","108066919"
"chr3","109315920","109316031","KN295315v1","341467","341579","26","108974453"
"chr3","109346476","109346778","KN296404v1","3404152","3404452","63","105942324"
"chr3","109384541","109384825","KN296486v1","445562","445835","74","108938979"
"chr3","109482750","109483027","KN294591v1","276205","276486","71","109206545"
"chr3","109534457","109534750","KN296486v1","168000","168300","64","109366457"
"chr3","109622562","109622844","KN297165v1","4019084","4019366","64","105603478"
"chr3","109654202","109654496","KN295666v1","913787","914079","62","108740415"
"chr3","109685140","109685420","KN294850v1","24567","24841","66","109660573"
"chr3","109740546","109740857","KN296225v1","692457","692759","64","109048089"
"chr3","109747719","109747835","KN294181v1","1474546","1474663","21","108273173"
"chr3","109756736","109756971","KN296153v1","1417144","1417371","53","108339592"
"chr3","109911245","109911531","KN295315v1","2438245","2438536","56","107473000"
"chr3","109923031","109923154","KN295236v1","1631207","1631327","22","108291824"
"chr3","109959668","109959958","KN296404v1","3404152","3404452","66","106555516"
"chr3","109998636","109998813","KN295722v1","2530724","2530897","39","107467912"
"chr3","110004521","110004631","KN296505v1","37163","37274","25","109967358"
"chr3","110051809","110051902","KN296360v1","1129876","1129964","23","108921933"
"chr3","110138333","110138604","KN294470v1","946276","946536","80","109192057"
"chr3","110281009","110281292","KN295820v1","792314","792591","73","109488695"
"chr3","110340845","110341101","KN294172v1","6629633","6629896","61","103711212"
"chr3","110459005","110459236","KN295112v1","633291","633535","69","109825714"
"chr3","110466657","110466776","KN295722v1","2720205","2720326","23","107746452"
"chr3","110467073","110467143","KN297046v1","1135284","1135355","23","109331789"
"chr3","110486374","110486650","KN296481v1","134793","135081","59","110351581"
"chr3","110529101","110529389","KN294421v1","82510","82801","62","110446591"
"chr3","110539692","110539995","KN295705v1","1979558","1979856","70","108560134"
"chr3","110542111","110542444","KN294457v1","167349","167686","91","110374762"
"chr3","110785204","110785480","KN294488v1","203170","203435","62","110582034"
"chr3","111074414","111074709","KN297219v1","1963424","1963725","68","109110990"
"chr3","111146805","111147098","KN295814v1","1064163","1064468","68","110082642"
"chr3","111156755","111156966","KN295633v1","2172508","2172728","47","108984247"
"chr3","111202855","111203162","KN295375v1","985615","985930","62","110217240"
"chr3","111314485","111314615","KN294513v1","198693","198823","20","111115792"
"chr3","111367535","111367835","KN294961v1","74051","74362","73","111293484"
"chr3","111400033","111400327","KN295573v1","1222227","1222509","64","110177806"
"chr3","111429279","111429580","KN296847v1","4573","4868","60","111424706"
"chr3","111431209","111431523","KN296079v1","1340626","1340932","73","110090583"
"chr3","111445034","111445288","KN295667v1","2426026","2426267","63","109019008"
"chr3","111500624","111500910","KN296096v1","1827942","1828211","83","109672682"
"chr3","111535298","111535598","KN295045v1","414971","415269","53","111120327"
"chr3","111548093","111548393","KN297242v1","1644725","1645023","61","109903368"
"chr3","111557581","111557851","KN295117v1","315760","316034","67","111241821"
"chr3","111704765","111705076","KN294420v1","737639","737943","72","110967126"
"chr3","111722341","111722508","KN295171v1","420921","421088","35","111301420"
"chr3","111745237","111745539","KN295936v1","2737563","2737863","65","109007674"
"chr3","111757662","111757971","KN294172v1","841497","841800","67","110916165"
"chr3","111778700","111778999","KN295729v1","981121","981417","68","110797579"
"chr3","111796741","111796918","KN295349v1","36035","36211","37","111760706"
"chr3","111832338","111832463","KN296378v1","560188","560311","23","111272150"
"chr3","111835720","111836008","KN295591v1","1560708","1560983","74","110275012"
"chr3","111883655","111883954","KN296654v1","209889","210188","61","111673766"
"chr3","112038293","112038404","KN296508v1","1816690","1816804","23","110221603"
"chr3","112077696","112078014","KN294486v1","1232813","1233099","84","110844883"
"chr3","112091133","112091442","KN294218v1","2882421","2882727","72","109208712"
"chr3","112101760","112102030","KN294733v1","143432","143710","61","111958328"
"chr3","112202894","112203188","KN294499v1","241670","241956","56","111961224"
"chr3","112271718","112271960","KN296153v1","3562039","3562276","53","108709679"
"chr3","112275018","112275285","KN296879v1","1332014","1332291","61","110943004"
"chr3","112312553","112312843","KN294161v1","228493","228776","61","112084060"
"chr3","112545687","112545987","KN295984v1","1705675","1705978","51","110840012"
"chr3","112550063","112550364","KN296192v1","161210","161502","59","112388853"
"chr3","112604215","112604358","KN295984v1","1110495","1110631","42","111493720"
"chr3","112651828","112652102","KN294224v1","684472","684752","56","111967356"
"chr3","112798956","112799040","KN295606v1","122469","122553","19","112676487"
"chr3","112799559","112799734","KN296752v1","538895","539062","36","112260664"
"chr3","112847049","112847308","KN294407v1","2363969","2364224","64","110483080"
"chr3","112870744","112870872","KN296959v1","1771757","1771887","25","111098987"
"chr3","112888248","112888549","KN296145v1","3060293","3060595","61","109827955"
"chr3","113009150","113009446","KN294848v1","11435","11727","65","112997715"
"chr3","113124932","113125059","KN296187v1","344349","344473","24","112780583"
"chr3","113225827","113225971","KN295929v1","307957","308103","29","112917870"
"chr3","113257395","113257518","KN295523v1","1088645","1088770","17","112168750"
"chr3","113306934","113307246","KN295236v1","5121169","5121469","70","108185765"
"chr3","113327607","113327894","KN294650v1","135442","135745","74","113192165"
"chr3","113343913","113344139","KN296062v1","792185","792413","49","112551728"
"chr3","113345533","113345806","KN296357v1","431621","431890","57","112913912"
"chr3","113351680","113351956","KN294304v1","28243","28516","60","113323437"
"chr3","113352156","113352362","KN295898v1","166973","167181","50","113185183"
"chr3","113369031","113369418","KN296158v1","174155","174492","134","113194876"
"chr3","113370556","113370806","KN294848v1","281563","281800","64","113088993"
"chr3","113371605","113371864","KN296178v1","950786","951044","61","112420819"
"chr3","113387158","113387424","KN294161v1","900896","901169","75","112486262"
"chr3","113388040","113388300","KN296831v1","359434","359693","74","113028606"
"chr3","113398067","113398368","KN297245v1","2036362","2036663","56","111361705"
"chr3","113421700","113421831","KN296138v1","398565","398694","20","113023135"
"chr3","113471261","113471311","KN296520v1","1060991","1061042","8","112410270"
"chr3","113471463","113471742","KN295605v1","524905","525180","63","112946558"
"chr3","113491374","113491676","KN294848v1","46660","46962","62","113444714"
"chr3","113591803","113592056","KN294172v1","2396155","2396416","60","111195648"
"chr3","113626633","113626715","KN296623v1","272077","272161","18","113354556"
"chr3","113696720","113697028","KN295458v1","32933","33237","70","113663787"
"chr3","113738941","113739240","KN295096v1","4662599","4662897","22","109076342"
"chr3","113842797","113843114","KN295096v1","4556566","4556880","15","109286231"
"chr3","114178117","114178376","KN295236v1","1037218","1037472","65","113140899"
"chr3","114385348","114385636","KN295096v1","3971580","3971863","18","110413768"
"chr3","114546202","114546327","KN295096v1","3806745","3806868","9","110739457"
"chr3","114589882","114589996","KN296062v1","2178521","2178637","21","112411361"
"chr3","114590931","114591248","KN295096v1","3763789","3764103","44","110827142"
"chr3","114605202","114605489","KN296846v1","381464","381753","69","114223738"
"chr3","114701106","114701397","KN295096v1","3627041","3627367","54","111074065"
"chr3","114820731","114821004","KN295096v1","3519938","3520231","43","111300793"
"chr3","114846922","114847202","KN295096v1","3484121","3484404","23","111362801"
"chr3","114867548","114867851","KN295096v1","3463199","3463502","25","111404349"
"chr3","115061339","115061640","KN295096v1","3269697","3269997","25","111791642"
"chr3","115120010","115120308","KN295096v1","3203779","3204083","32","111916231"
"chr3","115139444","115139726","KN295096v1","3184243","3184533","23","111955201"
"chr3","115140244","115140447","KN297019v1","41108","41306","46","115099136"
"chr3","115157236","115157545","KN294161v1","286397","286705","72","114870839"
"chr3","115264270","115264527","KN294987v1","1408081","1408328","62","113856189"
"chr3","115307831","115308108","KN295096v1","3010896","3011176","17","112296935"
"chr3","115805686","115805808","KN295096v1","2504183","2504305","11","113301503"
"chr3","115816838","115817143","KN296062v1","170909","171224","63","115645929"
"chr3","115862583","115862893","KN295096v1","2451591","2451904","24","113410992"
"chr3","115868019","115868304","KN295096v1","2446048","2446337","23","113421971"
"chr3","115880082","115880199","KN295096v1","2434140","2434261","15","113445942"
"chr3","115908103","115908387","KN295096v1","2405558","2405847","27","113502545"
"chr3","115923722","115924021","KN295096v1","2389969","2390250","40","113533753"
"chr3","115967873","115967969","KN295096v1","2349550","2349646","5","113618323"
"chr3","115977413","115977676","KN296731v1","1332371","1332626","59","114645042"
"chr3","115980881","115981032","KN295096v1","2334963","2335110","11","113645918"
"chr3","115997084","115997373","KN295096v1","2318666","2318960","24","113678418"
"chr3","116024034","116024317","KN295096v1","2291435","2291723","18","113732599"
"chr3","116099534","116099758","KN295096v1","2207055","2207305","37","113892479"
"chr3","116106808","116107112","KN295096v1","2199869","2200172","22","113906939"
"chr3","116132608","116132917","KN295096v1","2174801","2175111","29","113957807"
"chr3","116133295","116133590","KN295096v1","2174132","2174415","34","113959163"
"chr3","116251813","116252098","KN295096v1","2064387","2064678","42","114187426"
"chr3","116338052","116338327","KN295096v1","1989286","1989560","29","114348766"
"chr3","116340019","116340290","KN295096v1","1987152","1987423","23","114352867"
"chr3","116354813","116355105","KN295096v1","1973049","1973335","30","114381764"
"chr3","116360085","116360366","KN295096v1","1967765","1968052","18","114392320"
"chr3","116367365","116367651","KN295096v1","1960408","1960686","28","114406957"
"chr3","116370366","116370626","KN295295v1","49841","50098","67","116320525"
"chr3","116395424","116395702","KN295096v1","1914246","1914524","20","114481178"
"chr3","116402311","116402545","KN295096v1","1907554","1907746","49","114494757"
"chr3","116403682","116403942","KN295096v1","1906427","1906715","48","114497255"
"chr3","116414845","116415138","KN295096v1","1895047","1895340","20","114519798"
"chr3","116436282","116436556","KN295096v1","1873316","1873601","28","114562966"
"chr3","116500263","116500354","KN297327v1","249673","249763","17","116250590"
"chr3","116577260","116577548","KN295096v1","1728116","1728406","22","114849144"
"chr3","116864460","116864764","KN296404v1","2213181","2213474","69","114651279"
"chr3","116869444","116869566","KN295096v1","1443166","1443288","14","115426278"
"chr3","116932979","116933140","KN294548v1","1547760","1547920","29","115385219"
"chr3","116979610","116979932","KN295096v1","1338185","1338480","49","115641425"
"chr3","117046915","117047202","KN295096v1","1285856","1286143","12","115761059"
"chr3","117060131","117060447","KN295096v1","1267584","1267901","29","115792547"
"chr3","117063074","117063172","KN296314v1","215523","215614","30","116847551"
"chr3","117176354","117176597","KN295096v1","1153348","1153587","18","116023006"
"chr3","117179928","117180215","KN297197v1","1087003","1087288","57","116092925"
"chr3","117188017","117188329","KN295096v1","1141443","1141749","21","116046574"
"chr3","117195677","117195978","KN295096v1","1134425","1134733","28","116061252"
"chr3","117219214","117219515","KN295096v1","1110799","1111100","26","116108415"
"chr3","117235811","117236131","KN294470v1","2662891","2663210","77","114572920"
"chr3","117360560","117360701","KN297245v1","1601496","1601637","30","115759064"
"chr3","117500292","117500405","KN295096v1","835776","835889","7","116664516"
"chr3","117529392","117529698","KN295096v1","805836","806135","23","116723556"
"chr3","117569619","117569911","KN295096v1","764829","765121","13","116804790"
"chr3","117577125","117577432","KN295096v1","756439","756748","27","116820686"
"chr3","117598909","117599187","KN295096v1","730256","730546","35","116868653"
"chr3","117634322","117634597","KN296311v1","760949","761221","64","116873373"
"chr3","117641754","117642050","KN296884v1","212592","212879","60","117429162"
"chr3","117658459","117658762","KN295096v1","671132","671426","32","116987327"
"chr3","117686075","117686351","KN295096v1","643307","643611","46","117042768"
"chr3","117700736","117700996","KN295096v1","628263","628520","23","117072473"
"chr3","117742222","117742424","KN294172v1","4156820","4157021","51","113585402"
"chr3","117742478","117742543","KN296982v1","286537","286604","13","117455941"
"chr3","117749764","117749894","KN295096v1","577670","577800","9","117172094"
"chr3","117764676","117764934","KN295096v1","562589","562863","27","117202087"
"chr3","117771969","117772249","KN295096v1","554312","554595","19","117217657"
"chr3","117815279","117815600","KN295096v1","507113","507430","44","117308166"
"chr3","117838055","117838338","KN296311v1","5811423","5811706","67","112026632"
"chr3","117846048","117846349","KN296311v1","9458185","9458479","72","108387863"
"chr3","117852810","117853103","KN296311v1","5517004","5517300","56","112335806"
"chr3","117861252","117861533","KN295096v1","462910","463189","16","117398342"
"chr3","117877831","117878079","KN296322v1","996547","996792","54","116881284"
"chr3","117881771","117881901","KN294634v1","570371","570501","34","117311400"
"chr3","117882277","117882569","KN295096v1","441454","441753","29","117440823"
"chr3","117885936","117886044","KN297180v1","1548746","1548859","23","116337190"
"chr3","117888719","117889019","KN295096v1","435344","435648","20","117453375"
"chr3","117900011","117900297","KN295096v1","423161","423442","19","117476850"
"chr3","117908100","117908397","KN295096v1","414303","414598","28","117493797"
"chr3","117919917","117920101","KN294470v1","2611405","2611587","42","115308512"
"chr3","117928646","117928921","KN295096v1","398078","398349","17","117530568"
"chr3","117929394","117929521","KN295096v1","397467","397596","16","117531927"
"chr3","117929930","117930047","KN295936v1","1084591","1084708","17","116845339"
"chr3","117930312","117930503","KN296308v1","703718","703892","45","117226594"
"chr3","117949845","117950138","KN295096v1","379157","379464","31","117570688"
"chr3","117970817","117971115","KN295096v1","358166","358436","44","117612651"
"chr3","117977350","117977644","KN295096v1","351547","351839","18","117625803"
"chr3","117991304","117991468","KN295962v1","946838","947001","36","117044466"
"chr3","117991706","117991830","KN295096v1","334338","334481","24","117657368"
"chr3","118029505","118029628","KN296682v1","3131000","3131125","24","114898505"
"chr3","118048265","118048571","KN295096v1","278640","278950","19","117769625"
"chr3","118053332","118053611","KN295096v1","273993","274266","20","117779339"
"chr3","118062755","118062885","KN295096v1","264402","264532","5","117798353"
"chr3","118140237","118140337","KN295236v1","5034953","5035047","20","113105284"
"chr3","118142266","118142523","KN295096v1","188068","188321","34","117954198"
"chr3","118152696","118152975","KN294257v1","95740","96021","64","118056956"
"chr3","118157307","118157593","KN295096v1","172019","172306","15","117985288"
"chr3","118158244","118158554","KN295096v1","170758","171047","53","117987486"
"chr3","118189094","118189214","KN295566v1","220119","220242","20","117968975"
"chr3","118206112","118206414","KN294800v1","58275","58560","77","118147837"
"chr3","118234591","118234884","KN295096v1","88822","89111","27","118145769"
"chr3","118256950","118257251","KN295107v1","1051267","1051565","66","117205683"
"chr3","118312626","118312890","KN294172v1","2396155","2396416","59","115916471"
"chr3","118511564","118511859","KN296225v1","641773","642064","58","117869791"
"chr3","118602022","118602319","KN296829v1","366669","366969","65","118235353"
"chr3","118668251","118668570","KN295220v1","56458","56753","36","118611793"
"chr3","118777582","118777874","KN295220v1","169604","169897","24","118607978"
"chr3","118834393","118834696","KN295984v1","1299071","1299366","64","117535322"
"chr3","118890995","118891115","KN297225v1","681388","681508","20","118209607"
"chr3","118923337","118923518","KN294390v1","829","1001","42","118922508"
"chr3","118923728","118923855","KN296749v1","736442","736563","35","118187286"
"chr3","118935190","118935467","KN294375v1","679188","679462","58","118256002"
"chr3","119154451","119154739","KN296138v1","198772","199071","55","118955679"
"chr3","119172334","119172641","KN294499v1","1161818","1162128","64","118010516"
"chr3","119255510","119255800","KN296921v1","899585","899868","59","118355925"
"chr3","119280523","119280643","KN294874v1","248846","248962","18","119031677"
"chr3","119338058","119338330","KN297452v1","749329","749594","72","118588729"
"chr3","119345664","119345941","KN296732v1","2561573","2561861","67","116784091"
"chr3","119349896","119350151","KN296308v1","149102","149374","72","119200794"
"chr3","119442700","119443001","KN295722v1","1548894","1549195","51","117893806"
"chr3","119488647","119488764","KN295748v1","150084","150200","21","119338563"
"chr3","119488818","119489009","KN295988v1","825364","825541","40","118663454"
"chr3","119535451","119535743","KN294842v1","590688","590985","60","118944763"
"chr3","119639614","119639819","KN295480v1","2443658","2443861","48","117195956"
"chr3","119679371","119679650","KN296311v1","2456204","2456480","73","117223167"
"chr3","119693963","119694257","KN294911v1","3277381","3277683","59","116416582"
"chr3","119710291","119710573","KN296634v1","1816690","1816969","63","117893601"
"chr3","119711795","119712115","KN294873v1","1779815","1780128","75","117931980"
"chr3","119996899","119997204","KN296119v1","2382954","2383264","59","117613945"
"chr3","119999070","119999313","KN296538v1","457561","457812","67","119541509"
"chr3","120042658","120042954","KN296056v1","58234","58533","68","119984424"
"chr3","120091816","120092123","KN295459v1","336355","336664","64","119755461"
"chr3","120100028","120100193","KN295692v1","1378405","1378570","48","118721623"
"chr3","120100196","120100512","KN296859v1","2155721","2156039","63","117944475"
"chr3","120146751","120147033","KN297370v1","12597","12907","51","120134154"
"chr3","120191670","120192001","KN297370v1","78398","78717","38","120113272"
"chr3","120202624","120202910","KN297370v1","89740","90026","25","120112884"
"chr3","120293234","120293463","KN297370v1","173094","173321","13","120120140"
"chr3","120322591","120322864","KN297370v1","203068","203352","34","120119523"
"chr3","120389817","120390127","KN297370v1","272409","272723","35","120117408"
"chr3","120438408","120438689","KN296865v1","1066250","1066528","63","119372158"
"chr3","120455187","120455444","KN297370v1","344896","345160","42","120110291"
"chr3","120521191","120521493","KN297370v1","404685","404978","35","120116506"
"chr3","120534704","120534823","KN297370v1","418880","418999","5","120115824"
"chr3","120535808","120536108","KN297370v1","420114","420422","32","120115694"
"chr3","120573916","120574127","KN295301v1","1500013","1500214","51","119073903"
"chr3","120711961","120712238","KN297442v1","1516223","1516494","96","119195738"
"chr3","120902243","120902363","KN296036v1","1966257","1966378","24","118935986"
"chr3","120954173","120954468","KN297370v1","824679","824987","32","120129494"
"chr3","121036183","121036470","KN297370v1","912453","912741","28","120123730"
"chr3","121092164","121092481","KN296062v1","170909","171224","69","120921255"
"chr3","121113189","121113481","KN297242v1","1180155","1180444","56","119933034"
"chr3","121125510","121125806","KN297370v1","1005416","1005707","32","120120094"
"chr3","121149167","121149445","KN295962v1","1969536","1969818","60","119179631"
"chr3","121216732","121217030","KN297370v1","1099793","1100093","28","120116939"
"chr3","121308749","121308870","KN295566v1","220119","220242","19","121088630"
"chr3","121395134","121395429","KN295564v1","434204","434505","56","120960930"
"chr3","121467960","121468278","KN294470v1","3413630","3413946","62","118054330"
"chr3","121540257","121540543","KN295484v1","634266","634551","51","120905991"
"chr3","121615805","121616127","KN296732v1","2475157","2475475","77","119140648"
"chr3","121621803","121622113","KN297094v1","278575","278875","61","121343228"
"chr3","121629002","121629306","KN294790v1","204726","205021","67","121424276"
"chr3","121663376","121663640","KN295572v1","429109","429374","59","121234267"
"chr3","121678917","121679222","KN294192v1","543081","543374","70","121135836"
"chr3","121679645","121679939","KN295090v1","2290575","2290869","57","119389070"
"chr3","122037547","122037823","KN295605v1","222480","222753","63","121815067"
"chr3","122060939","122061226","KN295096v1","554312","554595","63","121506627"
"chr3","122116357","122116645","KN295405v1","143132","143424","72","121973225"
"chr3","122367477","122367720","KN295361v1","688727","688965","67","121678750"
"chr3","122384879","122385111","KN297212v1","6173","6400","59","122378706"
"chr3","122438016","122438127","KN295540v1","99722","99829","25","122338294"
"chr3","122587656","122587950","KN296311v1","4657276","4657569","59","117930380"
"chr3","122662644","122662937","KN294809v1","1474866","1475162","62","121187778"
"chr3","122666626","122666907","KN296964v1","1747476","1747773","63","120919150"
"chr3","122687407","122687662","KN294172v1","1310105","1310360","62","121377302"
"chr3","122703534","122703829","KN296948v1","23636","23921","67","122679898"
"chr3","122800503","122800769","KN294187v1","147289","147562","68","122653214"
"chr3","123032314","123032581","KN295940v1","249684","249945","59","122782630"
"chr3","123113950","123114200","KN296323v1","1076831","1077088","75","122037119"
"chr3","123128528","123128815","KN294172v1","439163","439451","49","122689365"
"chr3","123160428","123160705","KN294513v1","818583","818861","61","122341845"
"chr3","123227089","123227300","KN295573v1","68692","68905","45","123158397"
"chr3","123230423","123230598","KN294147v1","1541713","1541884","40","121688710"
"chr3","123283455","123283575","KN294181v1","1104026","1104148","18","122179429"
"chr3","123348844","123349051","KN296682v1","4883965","4884171","48","118464879"
"chr3","123428756","123429022","KN296096v1","524484","524754","59","122904272"
"chr3","123541485","123541772","KN296311v1","3805875","3806153","59","119735610"
"chr3","123556814","123556980","KN294407v1","1826190","1826352","35","121730624"
"chr3","123571585","123571893","KN296406v1","163962","164264","58","123407623"
"chr3","123630150","123630434","KN294396v1","291091","291380","58","123339059"
"chr3","123697148","123697452","KN295090v1","1512460","1512753","58","122184688"
"chr3","123723554","123723833","KN294848v1","912345","912627","64","122811209"
"chr3","123729168","123729401","KN296588v1","302242","302475","49","123426926"
"chr3","123755373","123755669","KN296192v1","161210","161502","69","123594163"
"chr3","123763809","123764101","KN294873v1","876331","876631","60","122887478"
"chr3","123782055","123782349","KN296883v1","3262365","3262660","50","120519690"
"chr3","123807617","123807923","KN295107v1","1051267","1051565","75","122756350"
"chr3","123814185","123814486","KN297245v1","2036362","2036663","53","121777823"
"chr3","123822768","123823053","KN294848v1","912345","912627","56","122910423"
"chr3","123823067","123823373","KN294668v1","4137999","4138299","63","119685068"
"chr3","123828662","123828818","KN294848v1","1091944","1092098","24","122736718"
"chr3","123829132","123829260","KN295428v1","46777","46901","24","123782355"
"chr3","123851186","123851486","KN296187v1","2652299","2652597","63","121198887"
"chr3","123877288","123877360","KN296485v1","179279","179356","19","123698009"
"chr3","124028474","124028758","KN296825v1","456477","456764","70","123571997"
"chr3","124057456","124057756","KN294513v1","818583","818861","70","123238873"
"chr3","124133364","124133603","KN294407v1","1805277","1805495","60","122328087"
"chr3","124133765","124134092","KN296761v1","306120","306447","71","123827645"
"chr3","124154891","124155150","KN295974v1","1592343","1592612","65","122562548"
"chr3","124176325","124176537","KN296879v1","1138423","1138624","46","123037902"
"chr3","124176831","124176925","KN294591v1","62305","62395","17","124114526"
"chr3","124177681","124177841","KN294879v1","340989","341153","28","123836692"
"chr3","124179408","124179722","KN296357v1","436649","436961","58","123742759"
"chr3","124181376","124181649","KN294630v1","516918","517201","71","123664458"
"chr3","124234982","124235265","KN296508v1","335086","335363","57","123899896"
"chr3","124265174","124265474","KN295671v1","281072","281358","63","123984102"
"chr3","124301674","124301949","KN294470v1","2313287","2313568","68","121988387"
"chr3","124365271","124365518","KN296646v1","1392626","1392878","56","122972645"
"chr3","124448691","124448989","KN295591v1","745641","745936","52","123703050"
"chr3","124527527","124527659","KN294996v1","377439","377570","22","124150088"
"chr3","124537966","124538240","KN296322v1","2626552","2626813","60","121911414"
"chr3","124539266","124539543","KN296502v1","1187225","1187506","54","123352041"
"chr3","124574086","124574350","KN296178v1","950786","951044","55","123623300"
"chr3","124623494","124623651","KN297154v1","1476415","1476562","41","123147079"
"chr3","124682624","124682928","KN295605v1","246767","247065","58","124435857"
"chr3","124702610","124702900","KN297028v1","848034","848332","55","123854576"
"chr3","124763037","124763308","KN296847v1","217895","218171","68","124545142"
"chr3","124820045","124820163","KN296192v1","266608","266734","27","124553437"
"chr3","124855683","124855807","KN296253v1","543775","543897","18","124311908"
"chr3","124899622","124899767","KN296435v1","2479149","2479300","35","122420473"
"chr3","124962040","124962345","KN296311v1","3727125","3727424","60","121234915"
"chr3","125040752","125041029","KN296311v1","7907830","7908116","68","117132922"
"chr3","125058674","125058966","KN294199v1","1426669","1426962","64","123632005"
"chr3","125058983","125059249","KN296731v1","1332371","1332626","68","123726612"
"chr3","125077445","125077586","KN294501v1","4203059","4203200","40","120874386"
"chr3","125077613","125077733","KN294558v1","631471","631591","18","124446142"
"chr3","125217455","125217630","KN297165v1","728595","728760","40","124488860"
"chr3","125217660","125217773","KN294592v1","1021008","1021119","23","124196652"
"chr3","125250661","125250972","KN296503v1","189807","190115","60","125060854"
"chr3","125278657","125278940","KN294199v1","65187","65474","56","125213470"
"chr3","125301768","125301885","KN294235v1","784908","785024","20","124516860"
"chr3","125339460","125339576","KN296062v1","2178521","2178637","13","123160939"
"chr3","125395939","125396211","KN296594v1","47648","47920","18","125348291"
"chr3","125399095","125399220","KN296594v1","50815","50940","3","125348280"
"chr3","125442002","125442134","KN294172v1","5273480","5273609","21","120168522"
"chr3","125454629","125454928","KN296594v1","106342","106636","17","125348287"
"chr3","125480487","125480796","KN296594v1","130770","131060","42","125349717"
"chr3","125483166","125483463","KN296486v1","1337566","1337861","59","124145600"
"chr3","125494627","125494752","KN294378v1","1080965","1081090","15","124413662"
"chr3","125514111","125514230","KN295098v1","229765","229881","26","125284346"
"chr3","125514243","125514476","KN295236v1","1523078","1523277","67","123991165"
"chr3","125514625","125514907","KN296594v1","164531","164818","22","125350094"
"chr3","125572176","125572469","KN296594v1","222501","222794","23","125349675"
"chr3","125575659","125575729","KN295523v1","3872870","3872935","16","121702789"
"chr3","125576028","125576082","KN296096v1","358714","358762","18","125217314"
"chr3","125576111","125576252","KN295940v1","611663","611820","43","124964448"
"chr3","125578483","125578794","KN296594v1","229722","230028","28","125348761"
"chr3","125586590","125586636","KN297415v1","922721","922772","11","124663869"
"chr3","125594785","125595094","KN296879v1","417388","417697","59","125177397"
"chr3","125635257","125635540","KN296594v1","282174","282461","33","125353083"
"chr3","125645013","125645315","KN296594v1","293865","294151","48","125351148"
"chr3","125650353","125650446","KN296225v1","345664","345752","22","125304689"
"chr3","125653536","125653834","KN297320v1","1234476","1234772","59","124419060"
"chr3","125717182","125717499","KN296594v1","370330","370651","36","125346852"
"chr3","125731181","125731458","KN296594v1","384939","385216","10","125346242"
"chr3","125739182","125739468","KN296594v1","392632","392941","45","125346550"
"chr3","125780385","125780657","KN296594v1","442184","442458","15","125338201"
"chr3","125787435","125787729","KN296311v1","4657276","4657569","50","121130159"
"chr3","125794168","125794451","KN296594v1","459173","459454","25","125334995"
"chr3","125795360","125795644","KN295592v1","2120017","2120297","59","123675343"
"chr3","125865220","125865350","KN296594v1","537585","537718","10","125327635"
"chr3","125865359","125865655","KN296594v1","537727","538030","27","125327632"
"chr3","125874422","125874531","KN296594v1","546025","546123","18","125328397"
"chr3","125878468","125878777","KN296594v1","550078","550398","33","125328390"
"chr3","125889037","125889332","KN296594v1","560837","561155","58","125328200"
"chr3","125917755","125917887","KN296505v1","142813","142949","17","125774942"
"chr3","125926291","125926584","KN295586v1","2908076","2908370","53","123018215"
"chr3","125953656","125953949","KN296594v1","631994","632287","12","125321662"
"chr3","125954894","125955193","KN296594v1","633271","633564","28","125321623"
"chr3","125957539","125957853","KN296594v1","636020","636312","41","125321519"
"chr3","125989210","125989517","KN296594v1","670423","670737","34","125318787"
"chr3","125996586","125996902","KN296594v1","678982","679300","27","125317604"
"chr3","126010944","126011164","KN296594v1","693029","693237","19","125317915"
"chr3","126017997","126018278","KN296594v1","700578","700881","40","125317419"
"chr3","126052462","126052578","KN297154v1","400186","400301","15","125652276"
"chr3","126148671","126148974","KN296594v1","828246","828553","36","125320425"
"chr3","126234445","126234643","KN294747v1","269065","269267","45","125965380"
"chr3","126315259","126315543","KN296594v1","999260","999553","48","125315999"
"chr3","126336027","126336278","KN294964v1","1828878","1829130","57","124507149"
"chr3","126338959","126339264","KN296594v1","1027683","1027991","28","125311276"
"chr3","126382659","126382970","KN296594v1","1071117","1071424","36","125311542"
"chr3","126415307","126415479","KN294630v1","236236","236406","51","126179071"
"chr3","126415769","126415817","KN296096v1","1164295","1164340","16","125251474"
"chr3","126462460","126462735","KN296594v1","1147395","1147689","42","125315065"
"chr3","126473114","126473386","KN296594v1","1157660","1157932","16","125315454"
"chr3","126476198","126476487","KN296594v1","1160960","1161249","21","125315238"
"chr3","126483716","126484017","KN296594v1","1168107","1168408","22","125315609"
"chr3","126484744","126485017","KN296594v1","1169173","1169445","42","125315571"
"chr3","126491823","126492111","KN296594v1","1176564","1176852","26","125315259"
"chr3","126494582","126494884","KN296594v1","1179237","1179546","27","125315345"
"chr3","126512971","126513243","KN296594v1","1199183","1199463","20","125313788"
"chr3","126521457","126521565","KN294375v1","777590","777702","36","125743867"
"chr3","126521609","126521724","KN295236v1","5125638","5125753","17","121395971"
"chr3","126525552","126525681","KN294581v1","265790","265921","21","126259762"
"chr3","126542181","126542487","KN296594v1","1226809","1227122","29","125315372"
"chr3","126544107","126544422","KN296594v1","1228752","1229051","34","125315355"
"chr3","126553362","126553673","KN296594v1","1238102","1238414","18","125315260"
"chr3","126561018","126561300","KN297319v1","595563","595848","58","125965455"
"chr3","126576757","126577059","KN296871v1","6111","6392","36","126570646"
"chr3","126581941","126582243","KN295923v1","1816435","1816737","71","124765506"
"chr3","126591969","126592273","KN295102v1","123723","124026","56","126468246"
"chr3","126595542","126595847","KN296934v1","150680","150983","67","126444862"
"chr3","126631204","126631511","KN296195v1","13947","14238","24","126617257"
"chr3","126635123","126635328","KN296195v1","16893","17114","39","126618230"
"chr3","126637729","126638043","KN296195v1","19025","19344","22","126618704"
"chr3","126662281","126662542","KN296649v1","6521","6786","20","126655760"
"chr3","126664630","126664827","KN296649v1","12161","12359","22","126652469"
"chr3","126683711","126684015","KN296864v1","3187581","3187876","56","123496130"
"chr3","126686566","126686857","KN296649v1","30959","31243","30","126655607"
"chr3","126704726","126705014","KN296096v1","1827942","1828211","64","124876784"
"chr3","126721739","126722037","KN296649v1","68833","69102","53","126652906"
"chr3","126752079","126752389","KN296649v1","92105","92427","26","126659974"
"chr3","126769622","126769901","KN296036v1","998342","998618","54","125771280"
"chr3","126783375","126783505","KN296649v1","125032","125159","17","126658343"
"chr3","126796998","126797130","KN296649v1","139312","139444","10","126657686"
"chr3","126811338","126811630","KN296649v1","152836","153122","35","126658502"
"chr3","126836251","126836445","KN296649v1","177350","177544","15","126658901"
"chr3","126842570","126842830","KN296649v1","183983","184247","19","126658587"
"chr3","126856770","126857062","KN296649v1","198479","198773","18","126658291"
"chr3","126885373","126885464","KN295984v1","1122538","1122629","17","125762835"
"chr3","126894103","126894396","KN296649v1","236181","236468","21","126657922"
"chr3","126918957","126919259","KN296649v1","260265","260569","12","126658692"
"chr3","126924010","126924104","KN296308v1","812608","812698","21","126111402"
"chr3","126924566","126924775","KN295236v1","1022820","1023020","49","125901746"
"chr3","126953658","126953975","KN297245v1","2036362","2036663","78","124917296"
"chr3","126978127","126978440","KN296649v1","320019","320337","27","126658108"
"chr3","127009524","127009821","KN294499v1","241670","241956","66","126767854"
"chr3","127058775","127059081","KN296649v1","402203","402515","31","126656572"
"chr3","127111781","127112069","KN296649v1","456016","456303","35","126655765"
"chr3","127121361","127121564","KN297190v1","291978","292179","44","126829383"
"chr3","127123838","127124109","KN297108v1","431694","431964","52","126692144"
"chr3","127126763","127127000","KN296649v1","470714","470943","24","126656049"
"chr3","127128691","127128973","KN296649v1","472625","472901","28","126656066"
"chr3","127141042","127141342","KN294257v1","2271748","2272051","50","124869294"
"chr3","127154698","127154966","KN296649v1","496826","497097","24","126657872"
"chr3","127181012","127181324","KN296649v1","525293","525619","34","126655719"
"chr3","127197992","127198296","KN296649v1","540898","541213","28","126657094"
"chr3","127232395","127232685","KN296649v1","576985","577271","16","126655410"
"chr3","127263240","127263526","KN296649v1","609312","609598","31","126653928"
"chr3","127339446","127339753","KN296649v1","691472","691780","37","126647974"
"chr3","127363058","127363356","KN294257v1","2403021","2403326","53","124960037"
"chr3","127395029","127395345","KN294911v1","1944769","1945076","63","125450260"
"chr3","127409305","127409603","KN294630v1","741362","741665","57","126667943"
"chr3","127429995","127430151","KN295596v1","1884554","1884710","41","125545441"
"chr3","127431194","127431502","KN296657v1","291286","291596","61","127139908"
"chr3","127433682","127433978","KN295586v1","2908076","2908370","46","124525606"
"chr3","127437412","127437707","KN296502v1","960957","961236","59","126476455"
"chr3","127453287","127453598","KN296486v1","1910007","1910320","71","125543280"
"chr3","127466592","127466887","KN296311v1","5717539","5717839","66","121749053"
"chr3","127466889","127467022","KN294470v1","2123307","2123439","24","125343582"
"chr3","127485818","127486114","KN295586v1","2908076","2908370","60","124577742"
"chr3","127504625","127504907","KN295533v1","2064584","2064870","59","125440041"
"chr3","127527271","127527481","KN296859v1","913173","913373","54","126614098"
"chr3","127534343","127534611","KN296145v1","3439915","3440179","70","124094428"
"chr3","127536819","127537120","KN295198v1","489346","489647","67","127047473"
"chr3","127546418","127546550","KN294470v1","2123307","2123439","24","125423111"
"chr3","127557230","127557486","KN296503v1","625161","625430","60","126932069"
"chr3","127566114","127566409","KN294217v1","2344142","2344437","49","125221972"
"chr3","127572023","127572317","KN296505v1","21654","21951","49","127550369"
"chr3","127574902","127575211","KN294407v1","2027591","2027900","69","125547311"
"chr3","127578063","127578355","KN296528v1","1430333","1430622","50","126147730"
"chr3","127579085","127579393","KN297095v1","1513904","1514196","66","126065181"
"chr3","127580282","127580583","KN294987v1","797207","797503","59","126783075"
"chr3","127609960","127610077","KN297068v1","104760","104877","15","127505200"
"chr3","127624144","127624422","KN294911v1","2447532","2447808","68","125176612"
"chr3","127641662","127641756","KN296495v1","3148829","3148920","17","124492833"
"chr3","127647724","127647853","KN296138v1","398565","398694","15","127249159"
"chr3","127670460","127670748","KN294181v1","1949035","1949333","68","125721425"
"chr3","127727746","127728060","KN296311v1","7829484","7829801","69","119898262"
"chr3","127729120","127729413","KN295225v1","2446744","2447033","55","125282376"
"chr3","127745633","127745715","KN295994v1","496775","496860","15","127248858"
"chr3","127758224","127758559","KN294558v1","690033","690351","75","127068191"
"chr3","127774479","127774778","KN296404v1","3404152","3404452","67","124370327"
"chr3","127863926","127864150","KN297038v1","1957194","1957422","62","125906732"
"chr3","128181111","128181406","KN296000v1","1113176","1113472","62","127067935"
"chr3","128210957","128211239","KN296122v1","4021","4306","56","128206936"
"chr3","128316775","128317051","KN296263v1","744701","744975","50","127572074"
"chr3","128410997","128411289","KN296404v1","3404152","3404452","60","125006845"
"chr3","128423117","128423416","KN296505v1","21654","21951","63","128401463"
"chr3","128432829","128433146","KN294172v1","4180696","4181003","68","124252133"
"chr3","128441503","128441778","KN295205v1","597319","597592","60","127844184"
"chr3","128488749","128488987","KN296322v1","996547","996792","51","127492202"
"chr3","128529119","128529358","KN296948v1","1345541","1345787","55","127183578"
"chr3","128531799","128531929","KN297095v1","2530131","2530260","21","126001668"
"chr3","128546723","128546855","KN297159v1","2961170","2961300","23","125585553"
"chr3","128546863","128547162","KN297046v1","2243056","2243368","63","126303807"
"chr3","128567128","128567311","KN295346v1","1018339","1018513","42","127548789"
"chr3","128576919","128577173","KN295825v1","1489866","1490122","54","127087053"
"chr3","128587042","128587330","KN295343v1","329489","329788","60","128257553"
"chr3","128588673","128588951","KN294874v1","490651","490926","57","128098022"
"chr3","128603997","128604208","KN297008v1","6419604","6419784","74","122184393"
"chr3","128604209","128604468","KN294571v1","1328526","1328776","61","127275683"
"chr3","128604469","128604580","KN294338v1","18911","19018","15","128585558"
"chr3","128610066","128610373","KN296743v1","2252071","2252375","66","126357995"
"chr3","128613667","128613976","KN295667v1","1243145","1243443","57","127370522"
"chr3","128619171","128619488","KN295708v1","2277404","2277721","62","126341767"
"chr3","128642268","128642390","KN296847v1","217762","217884","20","128424506"
"chr3","128642569","128642829","KN296278v1","6866","7129","58","128635703"
"chr3","128650715","128651026","KN295708v1","2481055","2481359","56","126169660"
"chr3","128659022","128659307","KN297197v1","4265487","4265776","51","124393535"
"chr3","128686827","128687117","KN295666v1","913787","914079","63","127773040"
"chr3","128690469","128690760","KN294470v1","376673","376960","73","128313796"
"chr3","128702461","128702688","KN294167v1","401795","402027","41","128300666"
"chr3","128707003","128707283","KN296795v1","706774","707060","52","128000229"
"chr3","128732366","128732487","KN295433v1","234334","234456","33","128498032"
"chr3","128732774","128732985","KN294630v1","657583","657792","56","128075191"
"chr3","128741588","128741877","KN297274v1","140869","141141","66","128600719"
"chr3","128760804","128761103","KN295236v1","4407523","4407821","60","124353281"
"chr3","128770710","128771025","KN296290v1","775055","775367","57","127995655"
"chr3","128783270","128783559","KN294831v1","109438","109722","59","128673832"
"chr3","128804670","128804999","KN294510v1","40752","41080","62","128763918"
"chr3","128805796","128806090","KN296225v1","641773","642064","58","128164023"
"chr3","128814808","128815068","KN296732v1","2862944","2863198","60","125951864"
"chr3","128823299","128823606","KN296743v1","2104073","2104370","59","126719226"
"chr3","128856234","128856346","KN296019v1","253050","253160","20","128603184"
"chr3","128865664","128865959","KN295343v1","329489","329788","51","128536175"
"chr3","128871909","128872218","KN296096v1","2975388","2975700","65","125896521"
"chr3","128873144","128873264","KN296538v1","1529358","1529471","30","127343786"
"chr3","128877313","128877628","KN295722v1","1772090","1772396","58","127105223"
"chr3","128887904","128888212","KN297197v1","4625509","4625816","60","124262395"
"chr3","128891449","128891548","KN294407v1","2425418","2425519","18","126466031"
"chr3","128896486","128896795","KN296145v1","2312180","2312480","70","126584306"
"chr3","128899013","128899318","KN295923v1","1997557","1997864","53","126901456"
"chr3","128904607","128904834","KN294226v1","470258","470490","44","128434349"
"chr3","128913842","128914134","KN296732v1","2561573","2561861","62","126352269"
"chr3","128919295","128919401","KN295996v1","549267","549370","15","128370028"
"chr3","128922507","128922829","KN296682v1","4680106","4680412","72","124242401"
"chr3","128928388","128928685","KN297452v1","1197785","1198080","56","127730603"
"chr3","128940649","128940938","KN294187v1","147289","147562","65","128793360"
"chr3","128941006","128941115","KN294257v1","2048565","2048669","22","126892441"
"chr3","128943103","128943415","KN297452v1","1449699","1449993","68","127493404"
"chr3","128943447","128943771","KN294499v1","1161818","1162128","64","127781629"
"chr3","128960570","128960862","KN296865v1","1026662","1026952","63","127933908"
"chr3","128962452","128962697","KN294224v1","1121481","1121718","59","127840971"
"chr3","128980005","128980277","KN294893v1","458523","458802","59","128521482"
"chr3","128982474","128982644","KN296505v1","142358","142519","32","128840116"
"chr3","128982675","128982789","KN295045v1","526689","526806","17","128455986"
"chr3","129003629","129003840","KN296147v1","208757","208969","40","128794872"
"chr3","129018962","129019257","KN294172v1","2069177","2069469","55","126949785"
"chr3","129034824","129035121","KN296315v1","1918757","1919051","62","127116067"
"chr3","129103797","129104084","KN296311v1","8130976","8131263","55","120972821"
"chr3","129104259","129104560","KN297452v1","1197785","1198080","56","127906474"
"chr3","129108508","129108804","KN297133v1","335549","335847","53","128772959"
"chr3","129117444","129117765","KN297245v1","2258259","2258569","68","126859185"
"chr3","129135201","129135265","KN294325v1","994783","994843","11","128140418"
"chr3","129138493","129138606","KN297154v1","836748","836858","19","128301745"
"chr3","129138641","129138758","KN294410v1","20948","21083","35","129117693"
"chr3","129179971","129180272","KN296406v1","163962","164264","56","129016009"
"chr3","129197423","129197726","KN296062v1","1514370","1514679","51","127683053"
"chr3","129199073","129199377","KN296119v1","2115240","2115536","57","127083833"
"chr3","129219548","129219750","KN297415v1","565974","566170","44","128653574"
"chr3","129221072","129221311","KN296153v1","3562039","3562276","60","125659033"
"chr3","129240844","129241161","KN296200v1","87528","87838","63","129153316"
"chr3","129265880","129266004","KN296311v1","4447158","4447282","17","124818722"
"chr3","129296574","129296696","KN296187v1","2281614","2281737","25","127014960"
"chr3","129298419","129298517","KN297112v1","4708208","4708305","23","124590211"
"chr3","129299288","129299599","KN296290v1","775055","775367","64","128524233"
"chr3","129302722","129302985","KN296178v1","950786","951044","59","128351936"
"chr3","129327407","129327737","KN294421v1","562853","563156","90","128764554"
"chr3","129335059","129335355","KN295236v1","1693640","1693925","59","127641419"
"chr3","129336286","129336412","KN297313v1","961653","961776","23","128374633"
"chr3","129348174","129348510","KN294991v1","890638","890961","87","128457536"
"chr3","129376558","129376855","KN294665v1","137373","137668","61","129239185"
"chr3","129384381","129384687","KN297046v1","2243056","2243368","64","127141325"
"chr3","129386024","129386318","KN294257v1","2271748","2272051","56","127114276"
"chr3","129392608","129392698","KN296316v1","253700","253786","20","129138908"
"chr3","129395311","129395610","KN297452v1","1197785","1198080","57","128197526"
"chr3","129403399","129403691","KN296804v1","285311","285608","76","129118088"
"chr3","129415466","129415739","KN295601v1","3005471","3005742","56","126409995"
"chr3","129438292","129438576","KN294199v1","65187","65474","50","129373105"
"chr3","129441597","129441731","KN296244v1","267795","267926","36","129173802"
"chr3","129447605","129447715","KN294856v1","58204","58316","17","129389401"
"chr3","129451674","129451975","KN295705v1","121347","121646","70","129330327"
"chr3","129465232","129465541","KN295236v1","3419229","3419536","60","126046003"
"chr3","129494402","129494658","KN296731v1","1332371","1332626","55","128162031"
"chr3","129511104","129511419","KN296200v1","87528","87838","58","129423576"
"chr3","129548791","129549079","KN294848v1","912345","912627","62","128636446"
"chr3","129567100","129567393","KN295365v1","618540","618829","48","128948560"
"chr3","129569811","129569969","KN297044v1","177090","177263","40","129392721"
"chr3","129574981","129575285","KN295744v1","676379","676683","58","128898602"
"chr3","129584214","129584410","KN296620v1","875645","875839","52","128708569"
"chr3","129587028","129587282","KN295343v1","1026743","1027006","60","128560285"
"chr3","129591146","129591353","KN295744v1","285256","285466","47","129305890"
"chr3","129591419","129591683","KN295294v1","454030","454296","62","129137389"
"chr3","129609148","129609427","KN295596v1","186743","187025","59","129422405"
"chr3","129612951","129613275","KN294991v1","541866","542182","77","129071085"
"chr3","129623728","129624035","KN295225v1","2446744","2447033","72","127176984"
"chr3","129629480","129629609","KN296142v1","119983","120115","29","129509497"
"chr3","129629923","129630099","KN295722v1","2530724","2530897","37","127099199"
"chr3","129640682","129640982","KN295988v1","1298782","1299086","67","128341900"
"chr3","129643965","129644224","KN295814v1","86731","86992","62","129557234"
"chr3","129645593","129645885","KN295257v1","1229552","1229846","51","128416041"
"chr3","129647748","129648040","KN295571v1","125325","125626","69","129522423"
"chr3","129648729","129648854","KN294848v1","271065","271189","22","129377664"
"chr3","129714428","129714651","KN296486v1","1003570","1003799","56","128710858"
"chr3","130200866","130200995","KN297375v1","269503","269627","30","129931363"
"chr3","130226713","130227012","KN296311v1","7104052","7104341","66","123122661"
"chr3","130243942","130244236","KN296075v1","501403","501700","66","129742539"
"chr3","130245816","130246097","KN296261v1","430433","430723","69","129815383"
"chr3","130258809","130259117","KN297159v1","1928061","1928364","62","128330748"
"chr3","130270855","130271164","KN295293v1","281183","281490","57","129989672"
"chr3","130273494","130273791","KN295596v1","2267655","2267940","69","128005839"
"chr3","130278568","130278883","KN296311v1","3358167","3358474","61","126920401"
"chr3","130285011","130285142","KN296435v1","2276311","2276439","30","128008700"
"chr3","130287397","130287679","KN296178v1","460995","461260","63","129826402"
"chr3","130290404","130290721","KN297227v1","285377","285686","62","130005027"
"chr3","130296098","130296396","KN297227v1","666739","667025","78","129629359"
"chr3","130297888","130298158","KN295962v1","1668761","1669028","68","128629127"
"chr3","130301197","130301476","KN296538v1","467955","468242","65","129833242"
"chr3","130314709","130315022","KN296261v1","154638","154947","56","130160071"
"chr3","130327697","130327875","KN294978v1","2077671","2077841","47","128250026"
"chr3","130456175","130456480","KN296311v1","6648305","6648605","61","123807870"
"chr3","130498202","130498436","KN295371v1","66309","66526","55","130431893"
"chr3","130598694","130598992","KN295586v1","2908076","2908370","66","127690618"
"chr3","130615584","130615789","KN297019v1","41108","41306","46","130574476"
"chr3","130620480","130620600","KN297369v1","2119225","2119349","22","128501255"
"chr3","130651299","130651594","KN294226v1","578998","579291","73","130072301"
"chr3","130672160","130672458","KN294790v1","395024","395324","56","130277136"
"chr3","130746720","130747020","KN297112v1","4224224","4224539","65","126522496"
"chr3","130791489","130791776","KN294345v1","2019825","2020123","56","128771664"
"chr3","130818025","130818295","KN295553v1","118620","118891","56","130699405"
"chr3","130830917","130831209","KN295984v1","1299071","1299366","54","129531846"
"chr3","130848323","130848442","KN295552v1","59038","59157","24","130789285"
"chr3","130876817","130877098","KN296503v1","96429","96710","53","130780388"
"chr3","130919174","130919386","KN296738v1","128525","128735","39","130790649"
"chr3","130985932","130986209","KN296062v1","2481180","2481463","60","128504752"
"chr3","130994852","130995102","KN297180v1","414294","414556","67","130580558"
"chr3","131006218","131006399","KN296495v1","614380","614564","39","130391838"
"chr3","131028058","131028336","KN294208v1","701963","702240","55","130326095"
"chr3","131036191","131036496","KN294287v1","522754","523057","65","130513437"
"chr3","131052713","131052852","KN295014v1","12067","12185","45","131040646"
"chr3","131055900","131056220","KN295984v1","1101727","1102038","61","129954173"
"chr3","131089196","131089455","KN295236v1","4812704","4812971","61","126276492"
"chr3","131090123","131090439","KN296795v1","715537","715845","68","130374586"
"chr3","131119882","131120118","KN294420v1","335131","335367","57","130784751"
"chr3","131137124","131137410","KN297117v1","278355","278625","63","130858769"
"chr3","131154266","131154552","KN294208v1","701963","702240","55","130452303"
"chr3","131194670","131194943","KN295406v1","305728","306004","59","130888942"
"chr3","131199007","131199316","KN297242v1","1896970","1897274","57","129302037"
"chr3","131199353","131199640","KN296378v1","576734","577019","75","130622619"
"chr3","131205377","131205631","KN294185v1","314925","315181","69","130890452"
"chr3","131275878","131276183","KN296158v1","1434183","1434488","65","129841695"
"chr3","131419332","131419638","KN294262v1","2348550","2348844","62","129070782"
"chr3","131531696","131531993","KN294199v1","1426669","1426962","70","130105027"
"chr3","131539413","131539598","KN297008v1","6419604","6419784","42","125119809"
"chr3","131645913","131646028","KN297038v1","192168","192283","27","131453745"
"chr3","131646055","131646342","KN295074v1","977960","978248","60","130668095"
"chr3","131710020","131710321","KN297320v1","1234476","1234772","60","130475544"
"chr3","131718803","131719093","KN295405v1","143132","143424","58","131575671"
"chr3","131803750","131804040","KN295984v1","1299071","1299366","62","130504679"
"chr3","131846341","131846508","KN297008v1","653870","654038","36","131192471"
"chr3","131857555","131857682","KN294961v1","41996","42121","25","131815559"
"chr3","131870663","131870955","KN296864v1","3187581","3187876","53","128683082"
"chr3","131881572","131881774","KN296682v1","5029258","5029464","52","126852314"
"chr3","131897143","131897437","KN295987v1","623039","623321","55","131274104"
"chr3","131909769","131910068","KN297320v1","1234476","1234772","53","130675293"
"chr3","131937170","131937473","KN294630v1","691275","691571","60","131245895"
"chr3","131956019","131956197","KN294257v1","1670748","1670919","32","130285271"
"chr3","131956506","131956635","KN296019v1","450328","450461","21","131506178"
"chr3","131971900","131972186","KN295984v1","1299071","1299366","54","130672829"
"chr3","131979020","131979316","KN294239v1","1448386","1448679","55","130530634"
"chr3","131992970","131993208","KN296322v1","996547","996792","53","130996423"
"chr3","132008428","132008716","KN295343v1","329489","329788","57","131678939"
"chr3","132035726","132036026","KN296864v1","2020102","2020402","55","130015624"
"chr3","132077104","132077412","KN296959v1","1045812","1046085","79","131031292"
"chr3","132121514","132121722","KN297212v1","320455","320674","49","131801059"
"chr3","132130144","132130453","KN294172v1","6402648","6402960","62","125727496"
"chr3","132140830","132141166","KN294161v1","990708","991034","77","131150122"
"chr3","132157981","132158288","KN296096v1","2975388","2975700","61","129182593"
"chr3","132192450","132192722","KN295962v1","1969536","1969818","56","130222914"
"chr3","132195166","132195376","KN294964v1","443494","443707","41","131751672"
"chr3","132211147","132211363","KN294287v1","1200630","1200838","53","131010517"
"chr3","132248737","132249014","KN294848v1","912345","912627","54","131336392"
"chr3","132261007","132261263","KN296096v1","2485316","2485572","52","129775691"
"chr3","132341357","132341639","KN296311v1","5811423","5811706","62","126529934"
"chr3","132348550","132348685","KN296795v1","713732","713867","23","131634818"
"chr3","132348972","132349136","KN296281v1","67757","67920","31","132281215"
"chr3","132432848","132433075","KN296096v1","1730569","1730789","46","130702279"
"chr3","132463837","132464142","KN294991v1","1727164","1727454","72","130736673"
"chr3","132469615","132469923","KN294662v1","136013","136311","66","132333602"
"chr3","132532762","132532963","KN295174v1","15555","15755","48","132517207"
"chr3","132535154","132535291","KN294647v1","126839","126970","26","132408315"
"chr3","132535612","132535772","KN295090v1","2202098","2202251","43","130333514"
"chr3","132652970","132653286","KN296682v1","4680106","4680412","56","127972864"
"chr3","132709987","132710273","KN296153v1","960264","960545","56","131749723"
"chr3","132835394","132835704","KN294713v1","91737","92037","38","132743657"
"chr3","132842138","132842446","KN294713v1","98467","98776","25","132743671"
"chr3","132905804","132906093","KN294713v1","161989","162305","48","132743815"
"chr3","132912861","132913044","KN295633v1","798389","798554","46","132114472"
"chr3","132938322","132938600","KN294470v1","557119","557388","57","132381203"
"chr3","132973424","132973567","KN294848v1","1173579","1173713","36","131799845"
"chr3","132981577","132981874","KN294713v1","243917","244210","30","132737660"
"chr3","132986453","132986742","KN294713v1","248799","249084","34","132737654"
"chr3","132988913","132989216","KN294713v1","251301","251604","25","132737612"
"chr3","133017531","133017813","KN296305v1","655597","655881","62","132361934"
"chr3","133035268","133035399","KN294713v1","298442","298566","19","132736826"
"chr3","133035696","133035812","KN294713v1","298873","298979","16","132736823"
"chr3","133048511","133048804","KN294713v1","312334","312619","29","132736177"
"chr3","133057705","133058008","KN294399v1","99813","100114","67","132957892"
"chr3","133064120","133064425","KN294713v1","322515","322815","16","132741605"
"chr3","133087319","133087501","KN295474v1","578011","578191","37","132509308"
"chr3","133089555","133089669","KN294713v1","364888","364996","10","132724667"
"chr3","133098262","133098498","KN294346v1","378242","378461","64","132720020"
"chr3","133102580","133102748","KN295171v1","420921","421088","40","132681659"
"chr3","133127377","133127546","KN295096v1","476738","476910","30","132650639"
"chr3","133137153","133137451","KN294713v1","397728","398021","22","132739425"
"chr3","133144389","133144673","KN294713v1","404155","404448","42","132740234"
"chr3","133163396","133163505","KN294713v1","424441","424552","11","132738955"
"chr3","133163805","133163988","KN294713v1","424861","425039","27","132738944"
"chr3","133166010","133166221","KN294713v1","426727","426938","11","132739283"
"chr3","133188153","133188457","KN294713v1","447736","448042","32","132740417"
"chr3","133196619","133196911","KN295835v1","91932","92216","65","133104687"
"chr3","133199034","133199288","KN296682v1","2870798","2871060","64","130328236"
"chr3","133200824","133201112","KN294713v1","453553","453841","31","132747271"
"chr3","133207150","133207458","KN294713v1","460408","460715","16","132746742"
"chr3","133230583","133230882","KN296505v1","21654","21951","55","133208929"
"chr3","133287466","133287760","KN296864v1","3187581","3187876","59","130099885"
"chr3","133313686","133313978","KN294469v1","329938","330232","51","132983748"
"chr3","133324301","133324408","KN294421v1","1083189","1083301","21","132241112"
"chr3","133350940","133351230","KN294713v1","600937","601227","18","132750003"
"chr3","133371472","133371724","KN296075v1","180074","180322","64","133191398"
"chr3","133386743","133387029","KN295708v1","2363622","2363910","58","131023121"
"chr3","133396481","133396768","KN294747v1","836910","837206","56","132559571"
"chr3","133401553","133401839","KN294713v1","644842","645130","20","132756711"
"chr3","133488603","133488911","KN295571v1","52197","52513","41","133436406"
"chr3","133496130","133496253","KN294713v1","737014","737137","8","132759116"
"chr3","133499496","133499790","KN294713v1","741644","741923","37","132757852"
"chr3","133529429","133529645","KN295441v1","1067325","1067540","41","132462104"
"chr3","133535226","133535366","KN294713v1","776689","776821","15","132758537"
"chr3","133541994","133542284","KN294713v1","782396","782688","23","132759598"
"chr3","133548202","133548460","KN294713v1","789517","789776","13","132758685"
"chr3","133562681","133562974","KN296017v1","366720","367014","54","133195961"
"chr3","133580483","133580594","KN294373v1","776509","776626","25","132803974"
"chr3","133580880","133581081","KN294630v1","203601","203797","43","133377279"
"chr3","133613145","133613313","KN294713v1","866900","867066","9","132746245"
"chr3","133619191","133619491","KN294713v1","873678","873963","45","132745513"
"chr3","133628135","133628443","KN294713v1","880735","881042","32","132747400"
"chr3","133641550","133641818","KN294713v1","894337","894609","24","132747213"
"chr3","133654156","133654448","KN295803v1","1287741","1288030","64","132366415"
"chr3","133656415","133656708","KN294713v1","914061","914375","33","132742354"
"chr3","133657749","133658047","KN297219v1","623485","623767","64","133034264"
"chr3","133664160","133664423","KN296402v1","619278","619542","61","133044882"
"chr3","133677576","133677709","KN294571v1","950732","950862","24","132726844"
"chr3","133677997","133678178","KN297028v1","608157","608332","29","133069840"
"chr3","133680183","133680314","KN294713v1","935524","935649","12","132744659"
"chr3","133719070","133719384","KN294713v1","976578","976887","25","132742492"
"chr3","133722963","133723253","KN294172v1","2069177","2069469","49","131653786"
"chr3","133779644","133779898","KN297408v1","387012","387269","55","133392632"
"chr3","133782841","133783086","KN297095v1","1659387","1659636","52","132123454"
"chr3","133783779","133784062","KN294365v1","870818","871103","70","132912961"
"chr3","133816488","133816787","KN295705v1","643615","643917","60","133172873"
"chr3","133821695","133822005","KN297279v1","535897","536207","62","133285798"
"chr3","133822015","133822310","KN294911v1","2150563","2150859","62","131671452"
"chr3","133828366","133828647","KN296075v1","621178","621455","53","133207188"
"chr3","133835046","133835339","KN296117v1","62456","62755","52","133772590"
"chr3","133841674","133841964","KN297153v1","395920","396208","44","133445754"
"chr3","133862361","133862663","KN295236v1","1249842","1250143","59","132612519"
"chr3","133865473","133865593","KN294739v1","1127181","1127290","27","132738292"
"chr3","133872220","133872309","KN294199v1","1132602","1132684","25","132739618"
"chr3","133883088","133883393","KN295474v1","720854","721152","59","133162234"
"chr3","133883949","133884239","KN297320v1","1234476","1234772","67","132649473"
"chr3","133885813","133886090","KN294444v1","373486","373751","74","133512327"
"chr3","133890077","133890398","KN295041v1","416819","417138","66","133473258"
"chr3","133935706","133935977","KN294245v1","375988","376275","55","133559718"
"chr3","133947178","133947488","KN295121v1","41253","41563","66","133905925"
"chr3","133950103","133950465","KN296263v1","13440","13785","91","133936663"
"chr3","133972006","133972286","KN294187v1","1653394","1653672","53","132318612"
"chr3","134033869","134034128","KN296153v1","3467090","3467343","61","130566779"
"chr3","134044267","134044444","KN295962v1","2477409","2477569","49","131566858"
"chr3","134044644","134044778","KN296507v1","539237","539382","30","133505407"
"chr3","134052274","134052385","KN296646v1","314099","314214","19","133738175"
"chr3","134055959","134056250","KN294569v1","696375","696658","54","133359584"
"chr3","134068170","134068479","KN296157v1","4648468","4648777","61","129419702"
"chr3","134076979","134077279","KN294470v1","2046138","2046443","54","132030841"
"chr3","134081689","134081988","KN297320v1","1234476","1234772","57","132847213"
"chr3","134094459","134094772","KN294172v1","6859508","6859816","64","127234951"
"chr3","134100824","134101109","KN295962v1","1168812","1169089","59","132932012"
"chr3","134121757","134122056","KN297044v1","405572","405866","53","133716185"
"chr3","134122284","134122542","KN296178v1","950786","951044","42","133171498"
"chr3","134129979","134130272","KN295936v1","2176793","2177088","55","131953186"
"chr3","134138818","134138948","KN295706v1","291517","291648","23","133847301"
"chr3","134144648","134144961","KN296538v1","1793220","1793524","58","132351428"
"chr3","134153436","134153701","KN296345v1","58020","58277","77","134095416"
"chr3","134155074","134155188","KN294991v1","1500992","1501105","12","132654082"
"chr3","134160586","134160867","KN296153v1","698726","699013","48","133461860"
"chr3","134170952","134171234","KN297108v1","252351","252636","64","133918601"
"chr3","134173039","134173324","KN295758v1","784239","784522","52","133388800"
"chr3","134175596","134175807","KN295744v1","285256","285466","52","133890340"
"chr3","134178431","134178656","KN294831v1","256899","257123","44","133921532"
"chr3","134180260","134180544","KN295744v1","666795","667086","71","133513465"
"chr3","134181844","134182144","KN294987v1","797207","797503","60","133384637"
"chr3","134183347","134183667","KN294790v1","395024","395324","69","133788323"
"chr3","134184817","134185115","KN296404v1","3404152","3404452","63","130780665"
"chr3","134192875","134193184","KN296486v1","1052915","1053213","69","133139960"
"chr3","134204854","134205167","KN295585v1","208296","208592","78","133996558"
"chr3","134213963","134214276","KN296864v1","3265179","3265496","62","130948784"
"chr3","134247707","134248007","KN294172v1","6859508","6859816","63","127388199"
"chr3","134254358","134254469","KN295459v1","291630","291740","27","133962728"
"chr3","134267210","134267497","KN296503v1","96429","96710","55","134170781"
"chr3","134281254","134281550","KN296225v1","641773","642064","58","133639481"
"chr3","134282429","134282735","KN294257v1","2403021","2403326","56","131879408"
"chr3","134284534","134284662","KN295601v1","2766264","2766389","22","131518270"
"chr3","134298045","134298150","KN294385v1","250061","250177","24","134047984"
"chr3","134306821","134307112","KN294571v1","2182994","2183281","53","132123827"
"chr3","134316818","134316904","KN296831v1","785366","785450","16","133531452"
"chr3","134321521","134321789","KN295236v1","3021855","3022128","65","131299666"
"chr3","134336252","134336559","KN294630v1","741362","741665","52","133594890"
"chr3","134339357","134339528","KN295171v1","420921","421088","32","133918436"
"chr3","134379751","134380067","KN296505v1","546011","546322","68","133833740"
"chr3","134381756","134382050","KN296528v1","1430333","1430622","61","132951423"
"chr3","134454885","134455157","KN297108v1","431694","431964","66","134023191"
"chr3","134511912","134512044","KN294407v1","2025308","2025439","21","132486604"
"chr3","134512062","134512110","KN296225v1","593168","593218","12","133918894"
"chr3","134541040","134541215","KN295722v1","2530724","2530897","37","132010316"
"chr3","134541512","134541628","KN296153v1","4089854","4089970","21","130451658"
"chr3","134544933","134545239","KN295236v1","3573069","3573371","66","130971864"
"chr3","134546976","134547083","KN297070v1","109413","109522","21","134437563"
"chr3","134547384","134547528","KN296557v1","102828","102972","27","134444556"
"chr3","134548377","134548589","KN294172v1","4156820","4157021","64","130391557"
"chr3","134557163","134557458","KN296017v1","366720","367014","55","134190443"
"chr3","134581079","134581373","KN297184v1","292029","292322","70","134289050"
"chr3","134734572","134734892","KN294257v1","2271748","2272051","70","132462824"
"chr3","134872043","134872358","KN294493v1","2231386","2231697","17","132640657"
"chr3","134881285","134881591","KN294493v1","2221507","2221811","26","132659778"
"chr3","135112443","135112754","KN297159v1","1733175","1733485","67","133379268"
"chr3","135297409","135297689","KN294493v1","1804621","1804899","18","133492788"
"chr3","135342401","135342702","KN294493v1","1761691","1761992","14","133580710"
"chr3","135429336","135429596","KN294493v1","1673541","1673811","24","133755795"
"chr3","135457708","135458006","KN294499v1","241670","241956","60","135216038"
"chr3","135462390","135462671","KN295365v1","618540","618829","58","134843850"
"chr3","135488448","135488758","KN294493v1","1615663","1615986","46","133872785"
"chr3","135498371","135498675","KN294493v1","1605753","1606061","28","133892618"
"chr3","135551996","135552298","KN294493v1","1563035","1563339","14","133988961"
"chr3","135651715","135652003","KN294493v1","1460157","1460437","22","134191558"
"chr3","135699198","135699377","KN295090v1","1844954","1845132","32","133854244"
"chr3","135734731","135735036","KN294493v1","1374437","1374740","21","134360294"
"chr3","135765150","135765267","KN294493v1","1349904","1350013","9","134415246"
"chr3","135838566","135838866","KN294493v1","1298343","1298641","14","134540223"
"chr3","135846779","135847027","KN294493v1","1290610","1290859","11","134556169"
"chr3","135878927","135879236","KN294493v1","1257643","1257951","21","134621284"
"chr3","135912788","135913081","KN294493v1","1223541","1223855","34","134689247"
"chr3","136024733","136025030","KN294493v1","1089880","1090170","23","134934853"
"chr3","136228280","136228553","KN296096v1","1827942","1828211","63","134400338"
"chr3","136258837","136258917","KN294493v1","845498","845578","7","135413339"
"chr3","136301032","136301345","KN295236v1","455092","455401","65","135845940"
"chr3","136485034","136485255","KN294493v1","628481","628731","50","135856553"
"chr3","136485260","136485300","KN295893v1","409959","410002","10","136075301"
"chr3","136569602","136569718","KN295705v1","909560","909677","22","135660042"
"chr3","136569778","136569921","KN294493v1","550060","550200","12","136019718"
"chr3","136590319","136590443","KN294493v1","527464","527588","7","136062855"
"chr3","136610686","136610864","KN297197v1","3899507","3899683","35","132711179"
"chr3","136717658","136717790","KN294493v1","411973","412098","15","136305685"
"chr3","136754513","136754639","KN296210v1","433277","433402","17","136321236"
"chr3","136765092","136765400","KN294493v1","363203","363515","23","136401889"
"chr3","136966548","136966833","KN294493v1","326271","326563","21","136640277"
"chr3","136974364","136974665","KN294493v1","318397","318703","40","136655967"
"chr3","136985581","136985910","KN294493v1","307160","307491","24","136678421"
"chr3","137032511","137032799","KN294493v1","258973","259267","29","136773538"
"chr3","137034711","137035023","KN294493v1","256752","257055","28","136777959"
"chr3","137070976","137071298","KN294493v1","220350","220660","37","136850626"
"chr3","137110103","137110402","KN294493v1","179127","179429","27","136930976"
"chr3","137141270","137141576","KN295607v1","269835","270139","68","136871435"
"chr3","137173685","137173952","KN295664v1","45138","45405","64","137128547"
"chr3","137180371","137180653","KN296290v1","562230","562515","59","136618141"
"chr3","137234566","137234791","KN294493v1","64152","64376","8","137170414"
"chr3","137256625","137256840","KN294493v1","36619","36845","29","137220006"
"chr3","137263873","137264120","KN294493v1","28641","28877","58","137235232"
"chr3","137355280","137355403","KN295540v1","59464","59586","2","137295816"
"chr3","137359210","137359525","KN295540v1","63310","63586","54","137295900"
"chr3","137386439","137386556","KN296153v1","1416271","1416393","26","135970168"
"chr3","137386599","137386773","KN294260v1","566572","566752","36","136820027"
"chr3","137392820","137393108","KN295433v1","560237","560530","55","136832583"
"chr3","137458961","137459275","KN295540v1","162747","163059","49","137296214"
"chr3","137480089","137480213","KN294644v1","448698","448821","20","137031391"
"chr3","137516626","137516942","KN297205v1","205027","205330","77","137311599"
"chr3","137565862","137566152","KN294570v1","165105","165399","62","137400757"
"chr3","137588082","137588321","KN296682v1","3048743","3048987","68","134539339"
"chr3","137639472","137639766","KN294613v1","324996","325294","56","137314476"
"chr3","137755422","137755700","KN296762v1","80882","81162","69","137674540"
"chr3","137800080","137800211","KN294407v1","2025308","2025439","23","135774772"
"chr3","137810071","137810358","KN296311v1","7556596","7556886","88","130253475"
"chr3","137919999","137920277","KN295171v1","419582","419857","54","137500417"
"chr3","137950965","137951106","KN295995v1","142423","142561","42","137808542"
"chr3","138004487","138004610","KN296577v1","106226","106347","20","137898261"
"chr3","138042248","138042532","KN294668v1","2075847","2076129","57","135966401"
"chr3","138051029","138051334","KN295601v1","1333404","1333703","69","136717625"
"chr3","138064762","138065051","KN294172v1","734416","734711","64","137330346"
"chr3","138085164","138085438","KN295459v1","174002","174282","51","137911162"
"chr3","138091519","138091617","KN297008v1","771854","771949","14","137319665"
"chr3","138104718","138104975","KN294570v1","372173","372407","77","137732545"
"chr3","138120411","138120643","KN295096v1","1153348","1153587","55","136967063"
"chr3","138123127","138123251","KN294479v1","133118","133236","20","137990009"
"chr3","138123510","138123797","KN296311v1","7907830","7908116","57","130215680"
"chr3","138127750","138128035","KN294172v1","1911987","1912259","69","136215763"
"chr3","138154557","138154759","KN296311v1","5251773","5251967","51","132902784"
"chr3","138173012","138173299","KN294513v1","818583","818861","63","137354429"
"chr3","138176214","138176517","KN294172v1","841497","841800","70","137334717"
"chr3","138177959","138178251","KN295923v1","1664451","1664745","56","136513508"
"chr3","138270015","138270304","KN297197v1","4103559","4103851","58","134166456"
"chr3","138287477","138287563","KN295612v1","1","87","11","138287476"
"chr3","138324175","138324372","KN294454v1","389835","390024","45","137934340"
"chr3","138324634","138324762","KN296682v1","3651068","3651196","20","134673566"
"chr3","138327786","138327976","KN296075v1","536482","536672","46","137791304"
"chr3","138379523","138379805","KN297453v1","242913","243198","57","138136610"
"chr3","138424260","138424545","KN295601v1","2380697","2380981","56","136043563"
"chr3","138470090","138470410","KN295596v1","2546190","2546474","80","135923900"
"chr3","138489583","138489825","KN296948v1","1345541","1345787","56","137144042"
"chr3","138526115","138526390","KN295350v1","618935","619220","69","137907180"
"chr3","138566765","138567053","KN295825v1","3599453","3599751","24","134967312"
"chr3","138622875","138623169","KN295825v1","3551157","3551453","18","135071718"
"chr3","138646721","138646816","KN295825v1","3525545","3525640","7","135121176"
"chr3","138704314","138704627","KN295825v1","3464463","3464749","55","135239851"
"chr3","138747737","138748038","KN295825v1","3421132","3421414","40","135326605"
"chr3","138802714","138802826","KN295825v1","3365930","3366043","3","135436784"
"chr3","138909132","138909406","KN295825v1","3255706","3255980","22","135653426"
"chr3","138952826","138953136","KN295480v1","1352412","1352716","73","137600414"
"chr3","138981133","138981442","KN295825v1","3180615","3180922","31","135800518"
"chr3","139015641","139015935","KN295825v1","3144948","3145269","48","135870693"
"chr3","139465684","139465981","KN295825v1","2693065","2693367","35","136772619"
"chr3","139560364","139560647","KN296036v1","894875","895156","60","138665489"
"chr3","139572124","139572413","KN295825v1","2599916","2600216","29","136972208"
"chr3","139806440","139806746","KN295825v1","2377204","2377499","46","137429236"
"chr3","139836638","139836947","KN295825v1","2348129","2348439","19","137488509"
"chr3","140104326","140104627","KN295825v1","2097449","2097750","27","138006877"
"chr3","140214782","140215066","KN295825v1","2001319","2001599","55","138213463"
"chr3","140227284","140227581","KN295825v1","1988832","1989143","28","138238452"
"chr3","140288203","140288334","KN295825v1","1927308","1927446","12","138360895"
"chr3","140288360","140288484","KN295825v1","1927148","1927273","14","138361212"
"chr3","140386068","140386362","KN295825v1","1835879","1836176","19","138550189"
"chr3","140480875","140481193","KN295825v1","1749063","1749384","27","138731812"
"chr3","140560847","140561147","KN295825v1","1658951","1659253","26","138901896"
"chr3","140585270","140585542","KN295825v1","1630266","1630539","22","138955004"
"chr3","140610646","140610940","KN295825v1","1605065","1605324","55","139005581"
"chr3","140617428","140617647","KN294964v1","443494","443707","43","140173934"
"chr3","140686444","140686576","KN295825v1","1522768","1522905","15","139163676"
"chr3","140693746","140694031","KN295825v1","1515256","1515544","35","139178490"
"chr3","140694580","140694887","KN294685v1","1180810","1181117","58","139513770"
"chr3","140697530","140697819","KN295667v1","1110041","1110333","65","139587489"
"chr3","140706293","140706562","KN295825v1","1504054","1504333","29","139202239"
"chr3","140708451","140708717","KN295825v1","1502560","1502821","27","139205891"
"chr3","140709646","140709931","KN295825v1","1501305","1501625","60","139208341"
"chr3","140752734","140752929","KN295154v1","210689","210891","38","140542045"
"chr3","140762300","140762601","KN295825v1","1451789","1452083","26","139310511"
"chr3","140782929","140783220","KN295825v1","1431767","1432064","31","139351162"
"chr3","140791521","140791816","KN295825v1","1423014","1423305","31","139368507"
"chr3","140797074","140797373","KN295825v1","1408876","1409179","37","139388198"
"chr3","140809422","140809703","KN295825v1","1396179","1396461","28","139413243"
"chr3","140818986","140819244","KN295236v1","798688","798945","59","140020298"
"chr3","140820323","140820545","KN295319v1","16453","16669","49","140803870"
"chr3","140825342","140825638","KN295825v1","1381722","1382019","22","139443620"
"chr3","140827192","140827471","KN295825v1","1379889","1380180","23","139447303"
"chr3","140831396","140831660","KN294407v1","2363969","2364224","68","138467427"
"chr3","140831761","140832059","KN295825v1","1374991","1375285","33","139456770"
"chr3","140864786","140865057","KN295825v1","1341790","1342059","21","139522996"
"chr3","140872738","140872989","KN295825v1","1333774","1334040","33","139538964"
"chr3","140901550","140901831","KN295825v1","1307264","1307545","19","139594286"
"chr3","140905363","140905446","KN295825v1","1303616","1303694","7","139601747"
"chr3","140910798","140910934","KN296357v1","633368","633503","27","140277430"
"chr3","140911224","140911382","KN294571v1","301738","301888","42","140609486"
"chr3","140958415","140958696","KN295825v1","1247179","1247460","13","139711236"
"chr3","141007550","141007819","KN295825v1","1197980","1198254","23","139809570"
"chr3","141015932","141016240","KN295825v1","1189722","1190032","42","139826210"
"chr3","141017007","141017300","KN295825v1","1188669","1188979","47","139828338"
"chr3","141062725","141063028","KN295825v1","1143630","1143924","39","139919095"
"chr3","141079622","141079922","KN294800v1","58275","58560","67","141021347"
"chr3","141080922","141081236","KN295825v1","1124779","1125086","29","139956143"
"chr3","141119303","141119678","KN295825v1","1089462","1089830","39","140029841"
"chr3","141126928","141127238","KN295825v1","1078713","1079005","40","140048215"
"chr3","141145190","141145406","KN295825v1","1046000","1046221","14","140099190"
"chr3","141146424","141146639","KN295825v1","1044726","1044933","21","140101698"
"chr3","141156565","141156697","KN295825v1","1034039","1034160","16","140122526"
"chr3","141156994","141157173","KN295825v1","1033554","1033735","12","140123440"
"chr3","141158000","141158303","KN295825v1","1032401","1032687","40","140125599"
"chr3","141166775","141166897","KN295825v1","1024122","1024244","6","140142653"
"chr3","141175920","141176232","KN295825v1","1015347","1015651","27","140160573"
"chr3","141185245","141185377","KN294420v1","239635","239768","20","140945610"
"chr3","141201028","141201320","KN295825v1","991889","992189","26","140209139"
"chr3","141212102","141212218","KN297095v1","2199694","2199809","20","139012408"
"chr3","141212245","141212415","KN294470v1","2587213","2587380","39","138625032"
"chr3","141215173","141215319","KN295748v1","125282","125449","47","141089891"
"chr3","141215618","141215646","KN294964v1","1450029","1450059","7","139765589"
"chr3","141215779","141216057","KN295825v1","978778","979059","20","140237001"
"chr3","141217676","141217885","KN295825v1","976912","977126","24","140240764"
"chr3","141219954","141220082","KN294365v1","1882844","1882972","25","139337110"
"chr3","141220391","141220505","KN296635v1","2704079","2704190","46","138516312"
"chr3","141261292","141261579","KN295825v1","937411","937702","13","140323881"
"chr3","141263223","141263482","KN295825v1","935210","935466","26","140328013"
"chr3","141270117","141270424","KN296538v1","1793220","1793524","58","139476897"
"chr3","141271309","141271580","KN296682v1","3742134","3742415","56","137529175"
"chr3","141281118","141281364","KN294879v1","222706","222937","69","141058412"
"chr3","141282483","141282752","KN296122v1","514388","514663","53","140768095"
"chr3","141287326","141287624","KN295825v1","907412","907715","20","140379914"
"chr3","141307405","141307636","KN294592v1","726136","726381","71","140581269"
"chr3","141310990","141311287","KN295825v1","881722","882021","13","140429268"
"chr3","141350952","141351227","KN295825v1","838802","839077","21","140512150"
"chr3","141358523","141358688","KN295825v1","830395","830569","20","140528128"
"chr3","141370958","141371257","KN295825v1","817716","818005","28","140553242"
"chr3","141391719","141392018","KN295825v1","793538","793837","19","140598181"
"chr3","141412525","141412832","KN295825v1","771681","771991","32","140640844"
"chr3","141439702","141440014","KN295825v1","741621","741934","17","140698081"
"chr3","141492767","141493067","KN295825v1","686824","687129","22","140805943"
"chr3","141523308","141523512","KN295825v1","658222","658423","17","140865086"
"chr3","141552131","141552426","KN295825v1","625908","626187","57","140926223"
"chr3","141588021","141588130","KN296484v1","1028387","1028497","24","140559634"
"chr3","141600933","141601222","KN295825v1","577805","578106","25","141023128"
"chr3","141621356","141621669","KN295825v1","556392","556707","40","141064964"
"chr3","141718153","141718454","KN295825v1","462241","462522","38","141255912"
"chr3","141825976","141826273","KN297044v1","405572","405866","51","141420404"
"chr3","141844444","141844653","KN295825v1","329190","329393","19","141515254"
"chr3","141937653","141937768","KN295825v1","237526","237641","9","141700127"
"chr3","141944202","141944496","KN295825v1","231101","231400","42","141713101"
"chr3","141994873","141995130","KN294372v1","2684390","2684651","53","139310483"
"chr3","142094368","142094621","KN295825v1","59749","60045","62","142034619"
"chr3","142494065","142494364","KN295497v1","335073","335375","20","142158992"
"chr3","142628705","142629006","KN295497v1","470763","471062","23","142157942"
"chr3","142633949","142634238","KN295497v1","477080","477378","22","142156869"
"chr3","142657500","142657798","KN295497v1","501567","501877","28","142155933"
"chr3","142683199","142683326","KN295497v1","528315","528442","7","142154884"
"chr3","142701385","142701536","KN295497v1","547218","547331","43","142154167"
"chr3","142701776","142701976","KN295497v1","547640","547840","20","142154136"
"chr3","142815482","142815744","KN295497v1","661977","662222","34","142153505"
"chr3","142834046","142834320","KN295497v1","680749","681024","14","142153297"
"chr3","142854133","142854437","KN296311v1","3074623","3074927","64","139779510"
"chr3","142864392","142864600","KN294454v1","389835","390024","65","142474557"
"chr3","142872284","142872405","KN295497v1","720374","720491","12","142151910"
"chr3","142894149","142894445","KN295497v1","746310","746606","15","142147839"
"chr3","142986562","142986839","KN295497v1","847763","848057","31","142138799"
"chr3","142996174","142996453","KN295497v1","862569","862850","16","142133605"
"chr3","143006525","143006776","KN296726v1","704877","705113","71","142301648"
"chr3","143007074","143007214","KN295573v1","1258235","1258372","27","141748839"
"chr3","143007393","143007688","KN295497v1","866046","866357","37","142141347"
"chr3","143178468","143178581","KN295497v1","883241","883355","11","142295227"
"chr3","143222211","143222522","KN296117v1","38267","38538","53","143183944"
"chr3","143233851","143233979","KN296117v1","49401","49525","8","143184450"
"chr3","143241260","143241563","KN294172v1","841497","841800","59","142399763"
"chr3","143247913","143248212","KN296117v1","62456","62755","18","143185457"
"chr3","143250794","143251077","KN295907v1","1373721","1374017","77","141877073"
"chr3","143252410","143252566","KN295854v1","1539708","1539866","27","141712702"
"chr3","143259287","143259570","KN296117v1","72494","72777","22","143186793"
"chr3","143265576","143265822","KN296117v1","79444","79693","17","143186132"
"chr3","143292594","143292904","KN295923v1","1997557","1997864","58","141295037"
"chr3","143300594","143300886","KN296117v1","114597","114887","28","143185997"
"chr3","143312401","143312658","KN297274v1","1061180","1061426","68","142251221"
"chr3","143321858","143322139","KN296117v1","134794","135080","12","143187064"
"chr3","143330514","143330816","KN296117v1","143619","143924","22","143186895"
"chr3","143338606","143338904","KN296117v1","153515","153813","24","143185091"
"chr3","143341010","143341229","KN297212v1","320455","320674","47","143020555"
"chr3","143344636","143344929","KN296117v1","160106","160383","36","143184530"
"chr3","143350741","143350848","KN294457v1","1112481","1112588","26","142238260"
"chr3","143382346","143382626","KN296117v1","200461","200741","12","143181885"
"chr3","143384710","143384971","KN296117v1","202824","203083","10","143181886"
"chr3","143391719","143391854","KN295906v1","65918","66059","36","143325801"
"chr3","143400946","143401049","KN296117v1","222289","222394","8","143178657"
"chr3","143408107","143408329","KN296117v1","229653","229863","28","143178454"
"chr3","143417103","143417416","KN296117v1","238534","238855","48","143178569"
"chr3","143417464","143417759","KN296133v1","228436","228735","63","143189028"
"chr3","143428779","143428903","KN296117v1","250998","251121","13","143177781"
"chr3","143435332","143435606","KN296117v1","258943","259230","28","143176389"
"chr3","143438908","143439207","KN294539v1","2537957","2538257","61","140900951"
"chr3","143441758","143442049","KN296117v1","267081","267376","24","143174677"
"chr3","143487509","143487635","KN296849v1","360694","360822","22","143126815"
"chr3","143487746","143487786","KN296460v1","643562","643606","14","142844184"
"chr3","143490691","143490982","KN295936v1","2499504","2499800","67","140991187"
"chr3","143496376","143496708","KN296117v1","322467","322804","34","143173909"
"chr3","143498059","143498151","KN297113v1","149192","149283","27","143348867"
"chr3","143499722","143499947","KN294668v1","2706245","2706467","49","140793477"
"chr3","143503206","143503383","KN296117v1","329164","329345","17","143174042"
"chr3","143503681","143503814","KN296117v1","329652","329785","7","143174029"
"chr3","143510852","143511055","KN296117v1","337960","338164","15","143172892"
"chr3","143520902","143521114","KN296761v1","603179","603389","43","142917723"
"chr3","143523347","143523625","KN296505v1","1069840","1070123","55","142453507"
"chr3","143560516","143560810","KN296117v1","387219","387486","39","143173297"
"chr3","143563190","143563506","KN297452v1","1640666","1640945","86","141922524"
"chr3","143602271","143602549","KN296117v1","429683","429964","24","143172588"
"chr3","143626641","143626808","KN296117v1","455165","455332","4","143171476"
"chr3","143636191","143636499","KN296019v1","466074","466382","69","143170117"
"chr3","143636509","143636814","KN296117v1","465533","465857","40","143170976"
"chr3","143672672","143672944","KN296117v1","507102","507387","25","143165570"
"chr3","143681767","143682075","KN296117v1","516463","516771","18","143165304"
"chr3","143690694","143690995","KN296992v1","159603","159904","62","143531091"
"chr3","143718332","143718418","KN296117v1","549308","549393","6","143169024"
"chr3","143784923","143785213","KN296117v1","609035","609335","30","143175888"
"chr3","143811796","143812089","KN296117v1","636848","637142","17","143174948"
"chr3","143919511","143919818","KN296406v1","283606","283899","65","143635905"
"chr3","144107020","144107232","KN296551v1","111665","111873","49","143995355"
"chr3","144292256","144292529","KN296303v1","655132","655402","52","143637124"
"chr3","144328854","144329110","KN294949v1","1671743","1672001","56","142657111"
"chr3","144460427","144460559","KN294571v1","950732","950862","27","143509695"
"chr3","144523532","144523658","KN295090v1","1223760","1223888","28","143299772"
"chr3","144523693","144523855","KN296153v1","1464656","1464817","43","143059037"
"chr3","144814185","144814463","KN294444v1","373486","373751","67","144440699"
"chr3","144911796","144912092","KN295459v1","1047081","1047366","69","143864715"
"chr3","144915244","144915537","KN294665v1","137373","137668","62","144777871"
"chr3","145009600","145009862","KN294469v1","251419","251678","74","144758181"
"chr3","145035792","145036080","KN295586v1","2908076","2908370","58","142127716"
"chr3","145270528","145270786","KN294592v1","151390","151660","75","145119138"
"chr3","145445090","145445342","KN297452v1","173028","173283","58","145272062"
"chr3","145492569","145492699","KN295486v1","796436","796567","21","144696133"
"chr3","145542614","145542907","KN295243v1","371794","372094","69","145170820"
"chr3","145559420","145559673","KN295930v1","228038","228298","49","145331382"
"chr3","145565079","145565302","KN297154v1","882028","882249","64","144683051"
"chr3","145585932","145586252","KN296192v1","220296","220610","66","145365636"
"chr3","145587961","145588251","KN294991v1","693040","693334","65","144894921"
"chr3","145604650","145604904","KN296290v1","756517","756757","66","144848133"
"chr3","145617802","145618028","KN294847v1","155434","155663","57","145462368"
"chr3","145630890","145631179","KN294987v1","797207","797503","57","144833683"
"chr3","145642393","145642683","KN295984v1","1299071","1299366","57","144343322"
"chr3","145648560","145648866","KN296322v1","2221545","2221850","66","143427015"
"chr3","145665284","145665591","KN296119v1","4317081","4317383","55","141348203"
"chr3","145798814","145799115","KN296406v1","163962","164264","63","145634852"
"chr3","145803103","145803408","KN294410v1","7012","7319","61","145796091"
"chr3","145915553","145915871","KN294325v1","1017631","1017939","64","144897922"
"chr3","145936463","145936754","KN294991v1","1773232","1773525","59","144163231"
"chr3","145946588","145946852","KN294172v1","6137136","6137406","71","139809452"
"chr3","145966839","145966973","KN295814v1","1707822","1707956","19","144259017"
"chr3","145989940","145990240","KN294630v1","741362","741665","49","145248578"
"chr3","146008216","146008510","KN295236v1","3876293","3876590","56","142131923"
"chr3","146054796","146055094","KN296829v1","743503","743797","59","145311293"
"chr3","146065462","146065795","KN296019v1","466074","466382","76","145599388"
"chr3","146108422","146108707","KN294521v1","511105","511400","60","145597317"
"chr3","146113118","146113418","KN295936v1","240644","240938","66","145872474"
"chr3","146240791","146241079","KN296119v1","4183664","4183941","60","142057127"
"chr3","146285289","146285596","KN296019v1","466074","466382","67","145819215"
"chr3","146295364","146295636","KN294848v1","912345","912627","54","145383019"
"chr3","146298865","146299183","KN295236v1","1282451","1282764","71","145016414"
"chr3","146371240","146371490","KN295977v1","1140774","1141022","62","145230466"
"chr3","146380357","146380643","KN295722v1","1463130","1463420","45","144917227"
"chr3","146410445","146410554","KN294630v1","400549","400668","40","146009896"
"chr3","146410845","146411019","KN297154v1","2056742","2056917","30","144354103"
"chr3","146412795","146413090","KN296311v1","7675341","7675631","57","138737454"
"chr3","146473318","146473622","KN295236v1","348342","348634","66","146124976"
"chr3","146485270","146485547","KN296311v1","5435050","5435330","64","141050220"
"chr3","146494782","146494934","KN294591v1","420854","421001","35","146073928"
"chr3","146495321","146495476","KN294325v1","169199","169356","28","146326122"
"chr3","146518506","146518845","KN295725v1","2016334","2016644","88","144502172"
"chr3","146522203","146522359","KN296153v1","1464656","1464817","32","145057547"
"chr3","146533409","146533707","KN296153v1","1714226","1714522","64","144819183"
"chr3","146549156","146549407","KN296153v1","3016634","3016897","67","143532522"
"chr3","146555257","146555541","KN297108v1","431694","431964","58","146123563"
"chr3","146555575","146555597","KN294193v1","654612","654634","5","145900963"
"chr3","146562668","146562924","KN295236v1","564833","565096","72","145997835"
"chr3","146579358","146579611","KN294634v1","104583","104832","70","146474775"
"chr3","146584470","146584613","KN296079v1","649621","649753","39","145934849"
"chr3","146602946","146603249","KN295591v1","745641","745936","59","145857305"
"chr3","146629381","146629677","KN296145v1","1496963","1497260","54","145132418"
"chr3","146640189","146640468","KN294172v1","5859145","5859420","56","140781044"
"chr3","146661962","146662075","KN294874v1","248846","248962","26","146413116"
"chr3","146662376","146662559","KN294172v1","4854997","4855181","37","141807379"
"chr3","146674171","146674462","KN295586v1","2908076","2908370","57","143766095"
"chr3","146682326","146682408","KN297159v1","633936","634016","14","146048390"
"chr3","146689818","146690113","KN295526v1","910683","910978","62","145779135"
"chr3","146719687","146719983","KN294842v1","1281785","1282084","64","145437902"
"chr3","146720904","146721028","KN295988v1","43746","43870","17","146677158"
"chr3","146738328","146738621","KN294987v1","797207","797503","56","145941121"
"chr3","146741845","146742035","KN296959v1","501762","501947","46","146240083"
"chr3","146747038","146747344","KN295744v1","676379","676683","73","146070659"
"chr3","146749484","146749544","KN296311v1","6414046","6414103","20","140335438"
"chr3","146749877","146749984","KN295236v1","2325069","2325170","31","144424808"
"chr3","146757353","146757540","KN296019v1","572464","572644","48","146184889"
"chr3","146767342","146767613","KN296153v1","1888882","1889151","68","144878460"
"chr3","146784980","146785281","KN297320v1","1234476","1234772","55","145550504"
"chr3","146787965","146788089","KN297008v1","484099","484223","17","146303866"
"chr3","146797150","146797441","KN295744v1","654344","654638","59","146142806"
"chr3","146807531","146807720","KN295722v1","2530724","2530897","41","144276807"
"chr3","146808011","146808148","KN295586v1","1973125","1973263","26","144834886"
"chr3","146809369","146809671","KN296322v1","2221545","2221850","64","144587824"
"chr3","146819574","146819866","KN294224v1","1329832","1330113","56","145489742"
"chr3","146828248","146828528","KN295930v1","371347","371628","64","146456901"
"chr3","146835716","146836019","KN296847v1","4573","4868","57","146831143"
"chr3","146860327","146860546","KN295441v1","1067325","1067540","51","145793002"
"chr3","146874060","146874235","KN295474v1","578011","578191","39","146296049"
"chr3","146897029","146897303","KN297008v1","5849123","5849386","55","141047906"
"chr3","146953013","146953293","KN296153v1","21682","21963","61","146931331"
"chr3","146956367","146956493","KN296187v1","2281614","2281737","19","144674753"
"chr3","146982766","146983064","KN296187v1","2652299","2652597","56","144330467"
"chr3","146988095","146988404","KN294462v1","421387","421690","62","146566708"
"chr3","146992844","146993127","KN294172v1","3088878","3089163","65","143903966"
"chr3","147005526","147005818","KN294592v1","313935","314223","73","146691591"
"chr3","147016297","147016593","KN297452v1","2278288","2278582","73","144738009"
"chr3","147022308","147022584","KN297192v1","33372","33655","59","146988936"
"chr3","147022714","147023008","KN294470v1","3148727","3149019","48","143873987"
"chr3","147030849","147031118","KN294848v1","387189","387474","65","146643660"
"chr3","147060378","147060549","KN295987v1","1531558","1531730","43","145528820"
"chr3","147077360","147077505","KN294513v1","767857","767998","25","146309503"
"chr3","147089568","147089878","KN297205v1","205027","205330","59","146884541"
"chr3","147114782","147115086","KN295349v1","58082","58373","51","147056700"
"chr3","147124776","147125070","KN296187v1","2945122","2945419","66","144179654"
"chr3","147158711","147158977","KN295977v1","761523","761795","64","146397188"
"chr3","147162842","147163073","KN295940v1","380517","380765","69","146782325"
"chr3","147176772","147177107","KN296404v1","3863029","3863357","86","143313743"
"chr3","147180261","147180567","KN297320v1","1234476","1234772","53","145945785"
"chr3","147205339","147205656","KN296062v1","976203","976488","83","146229136"
"chr3","147236186","147236467","KN295548v1","831268","831549","57","146404918"
"chr3","147252721","147253022","KN294172v1","5859145","5859420","67","141393576"
"chr3","147260828","147261138","KN295102v1","123723","124026","69","147137105"
"chr3","147265874","147266071","KN295820v1","1034689","1034880","54","146231185"
"chr3","147279319","147279613","KN295936v1","2541634","2541930","56","144737685"
"chr3","147288414","147288626","KN294172v1","4610650","4610865","54","142677764"
"chr3","147298061","147298278","KN295692v1","2666470","2666696","64","144631591"
"chr3","147339495","147339611","KN294372v1","1425525","1425645","20","145913970"
"chr3","147339913","147340094","KN294172v1","5732917","5733102","42","141606996"
"chr3","147341093","147341374","KN295074v1","849653","849918","62","146491440"
"chr3","147359436","147359566","KN297200v1","106178","106309","19","147253258"
"chr3","147401700","147401966","KN294281v1","1391921","1392201","65","146009779"
"chr3","147424162","147424437","KN294187v1","561844","562118","61","146862318"
"chr3","147477923","147478198","KN296210v1","968827","969107","58","146509096"
"chr3","147507085","147507381","KN294825v1","155002","155282","73","147352083"
"chr3","147518546","147518709","KN294710v1","128924","129084","27","147389622"
"chr3","147519046","147519168","KN294172v1","3162047","3162168","19","144356999"
"chr3","147535891","147536023","KN294790v1","3998119","3998253","25","143537772"
"chr3","147548702","147548980","KN296502v1","1187225","1187506","64","146361477"
"chr3","147572249","147572373","KN297046v1","39490","39613","19","147532759"
"chr3","147596956","147597261","KN295923v1","1356547","1356838","87","146240409"
"chr3","147608595","147608877","KN297008v1","1477900","1478200","61","146130695"
"chr3","147669577","147669798","KN295225v1","120597","120811","54","147548980"
"chr3","147708757","147709050","KN294991v1","693040","693334","49","147015717"
"chr3","147712979","147713281","KN296119v1","5266028","5266328","61","142446951"
"chr3","147735932","147736254","KN296278v1","637466","637747","86","147098466"
"chr3","147757677","147757974","KN296864v1","2485379","2485677","70","145272298"
"chr3","147766428","147766750","KN294987v1","531787","532088","76","147234641"
"chr3","147769165","147769433","KN294167v1","113420","113688","49","147655745"
"chr3","147805467","147805740","KN294378v1","1608627","1608901","55","146196840"
"chr3","147869583","147869835","KN294671v1","193489","193741","56","147676094"
"chr3","147897255","147897553","KN296378v1","1049472","1049774","60","146847783"
"chr3","148085676","148085940","KN296244v1","720262","720542","71","147365414"
"chr3","148097466","148097774","KN295607v1","4430448","4430757","61","143667018"
"chr3","148306567","148306682","KN294235v1","784908","785024","21","147521659"
"chr3","148352245","148352555","KN296743v1","1678773","1679089","60","146673472"
"chr3","148382507","148382799","KN296314v1","472213","472506","70","147910294"
"chr3","148558907","148559132","KN295236v1","1929088","1929317","66","146629819"
"chr3","148578791","148579090","KN294842v1","1670118","1670400","73","146908673"
"chr3","148796382","148796485","KN297008v1","771854","771949","27","148024528"
"chr3","148937955","148938169","KN295735v1","1060126","1060348","51","147877829"
"chr3","148967294","148967550","KN297253v1","313281","313553","54","148654013"
"chr3","149219063","149219360","KN297382v1","97715","98015","55","149121348"
"chr3","149543058","149543351","KN295596v1","1974497","1974793","72","147568561"
"chr3","149742074","149742399","KN296075v1","190016","190339","79","149552058"
"chr3","149762376","149762611","KN295974v1","1988349","1988613","79","147774027"
"chr3","149839088","149839219","KN294172v1","5981421","5981552","23","143857667"
"chr3","149892840","149893019","KN295366v1","360475","360655","42","149532365"
"chr3","149931337","149931585","KN294260v1","560401","560656","68","149370936"
"chr3","149937991","149938291","KN296253v1","167394","167691","66","149770597"
"chr3","150133135","150133254","KN296926v1","1064368","1064490","25","149068767"
"chr3","150136269","150136549","KN295045v1","1266913","1267195","64","148869356"
"chr3","150214816","150215097","KN296153v1","960264","960545","72","149254552"
"chr3","150308909","150309182","KN295586v1","1569375","1569652","70","148739534"
"chr3","150741267","150741466","KN296263v1","138916","139113","43","150602351"
"chr3","150802169","150802465","KN295525v1","992085","992384","11","149810084"
"chr3","150843661","150843955","KN295525v1","948910","949206","29","149894751"
"chr3","150856957","150857236","KN295525v1","936337","936617","26","149920620"
"chr3","150881417","150881544","KN295525v1","911735","911862","5","149969682"
"chr3","150882203","150882511","KN296468v1","33700","34001","73","150848503"
"chr3","151168560","151168853","KN295525v1","686231","686547","42","150482329"
"chr3","151199258","151199553","KN294325v1","1017631","1017939","72","150181627"
"chr3","151309411","151309691","KN295171v1","352305","352598","60","150957106"
"chr3","151379464","151379732","KN296154v1","2690654","2690917","79","148688810"
"chr3","151471134","151471294","KN295236v1","152581","152741","33","151318553"
"chr3","151471339","151471436","KN294693v1","1141364","1141463","17","150329975"
"chr3","151471437","151471542","KN295525v1","377482","377588","12","151093955"
"chr3","151523692","151524011","KN295525v1","322790","323107","20","151200902"
"chr3","151648584","151648846","KN294976v1","244770","245040","61","151403814"
"chr3","151706448","151706735","KN294478v1","119569","119854","76","151586879"
"chr3","151782706","151782997","KN297158v1","782512","782809","57","151000194"
"chr3","151834797","151835023","KN297404v1","87442","87647","59","151747355"
"chr3","151839397","151839699","KN296538v1","1793220","1793524","51","150046177"
"chr3","151919682","151919986","KN295526v1","910683","910978","70","151008999"
"chr3","151959618","151959808","KN294466v1","6783","6990","62","151952835"
"chr3","152046861","152047167","KN295923v1","1997557","1997864","57","150049304"
"chr3","152051731","152052047","KN296225v1","692457","692759","64","151359274"
"chr3","152084390","152084704","KN295433v1","811378","811671","79","151273012"
"chr3","152179354","152179534","KN295988v1","825364","825541","44","151353990"
"chr3","152242162","152242399","KN296507v1","389687","389909","60","151852475"
"chr3","152289257","152289534","KN295371v1","1154164","1154441","68","151135093"
"chr3","152311769","152312048","KN296635v1","1852883","1853156","57","150458886"
"chr3","152434172","152434280","KN295236v1","1658785","1658893","26","150775387"
"chr3","152474739","152474979","KN296948v1","1345541","1345787","68","151129198"
"chr3","152492807","152493088","KN294613v1","361723","361994","56","152131084"
"chr3","152505407","152505732","KN295260v1","1381235","1381542","77","151124172"
"chr3","152512094","152512388","KN296119v1","5385215","5385515","59","147126879"
"chr3","152512640","152512928","KN296959v1","1849039","1849330","69","150663601"
"chr3","152580592","152580888","KN297159v1","1127173","1127466","55","151453419"
"chr3","152717018","152717292","KN294761v1","1095205","1095479","64","151621813"
"chr3","152954603","152954890","KN297313v1","129586","129862","46","152825017"
"chr3","152995479","152995786","KN294911v1","1894423","1894728","52","151101056"
"chr3","153032409","153032718","KN297313v1","203872","204189","38","152828537"
"chr3","153171281","153171391","KN297313v1","354804","354922","16","152816477"
"chr3","153184593","153184823","KN297313v1","366932","367162","12","152817661"
"chr3","153186900","153187127","KN297313v1","369246","369486","30","152817654"
"chr3","153188893","153189015","KN297313v1","371683","371805","9","152817210"
"chr3","153307634","153307929","KN295350v1","618935","619220","59","152688699"
"chr3","153315308","153315608","KN297313v1","504450","504741","34","152810858"
"chr3","153347135","153347432","KN297313v1","536839","537151","33","152810296"
"chr3","153397147","153397444","KN297313v1","587339","587636","20","152809808"
"chr3","153408146","153408408","KN297313v1","597854","598142","52","152810292"
"chr3","153520311","153520608","KN297313v1","717502","717797","30","152802809"
"chr3","153545771","153546093","KN296749v1","396480","396788","67","153149291"
"chr3","153583277","153583572","KN297313v1","783854","784147","20","152799423"
"chr3","153625973","153626202","KN297313v1","824755","825001","35","152801218"
"chr3","153680671","153680938","KN297313v1","878683","878974","40","152801988"
"chr3","153703898","153704228","KN297008v1","345841","346168","73","153358057"
"chr3","153722752","153723060","KN297313v1","929036","929328","43","152793716"
"chr3","153751574","153751826","KN297313v1","959142","959383","27","152792432"
"chr3","153754298","153754420","KN297313v1","961653","961776","8","152792645"
"chr3","153755073","153755374","KN297313v1","962424","962725","29","152792649"
"chr3","153826609","153826941","KN294446v1","520477","520773","99","153306132"
"chr3","153895832","153896106","KN295236v1","4812704","4812971","66","149083128"
"chr3","153938082","153938375","KN295303v1","14830","15118","57","153923252"
"chr3","153947947","153948222","KN296187v1","1240968","1241249","59","152706979"
"chr3","153986292","153986562","KN296991v1","1218368","1218641","59","152767924"
"chr3","154005801","154006081","KN295365v1","618540","618829","61","153387261"
"chr3","154016236","154016363","KN295236v1","168060","168189","19","153848176"
"chr3","154073431","154073725","KN295526v1","301395","301710","68","153772036"
"chr3","154079951","154080077","KN294591v1","425038","425155","24","153654913"
"chr3","154087786","154088120","KN295923v1","2248938","2249256","68","151838848"
"chr3","154107883","154108003","KN296508v1","1920097","1920221","22","152187786"
"chr3","154146286","154146597","KN294287v1","244584","244896","58","153901702"
"chr3","154162676","154162797","KN297083v1","758825","758949","19","153403851"
"chr3","154207736","154208029","KN296000v1","991682","991967","59","153216054"
"chr3","154210414","154210710","KN294861v1","225174","225463","59","153985240"
"chr3","154225068","154225381","KN296253v1","827297","827611","70","153397771"
"chr3","154226180","154226461","KN296883v1","2517088","2517370","51","151709092"
"chr3","154229423","154229715","KN294302v1","726918","727215","59","153502505"
"chr3","154235550","154235822","KN294848v1","651049","651319","65","153584501"
"chr3","154246264","154246376","KN294911v1","2412127","2412242","22","151834137"
"chr3","154248665","154248961","KN297408v1","129973","130267","56","154118692"
"chr3","154268901","154269081","KN295633v1","84088","84269","42","154184813"
"chr3","154270049","154270339","KN294848v1","1111407","1111680","66","153158642"
"chr3","154276987","154277223","KN297154v1","1392043","1392274","54","152884944"
"chr3","154323836","154324128","KN296019v1","378079","378370","56","153945757"
"chr3","154329089","154329381","KN296017v1","366720","367014","50","153962369"
"chr3","154362812","154363114","KN296311v1","2636615","2636922","56","151726197"
"chr3","154370140","154370249","KN295962v1","376042","376155","24","153994098"
"chr3","154384615","154384745","KN294634v1","570371","570501","33","153814244"
"chr3","154407153","154407459","KN294561v1","773546","773845","57","153633607"
"chr3","154421046","154421202","KN294470v1","875880","876041","32","153545166"
"chr3","154423842","154423958","KN295045v1","526689","526806","17","153897153"
"chr3","154463256","154463412","KN296153v1","173981","174133","28","154289275"
"chr3","154484942","154485153","KN297095v1","2550188","2550398","36","151934754"
"chr3","154515826","154516094","KN297095v1","1062039","1062318","62","153453787"
"chr3","154517485","154517752","KN295995v1","298553","298822","67","154218932"
"chr3","154528340","154528646","KN296883v1","1444819","1445126","62","153083521"
"chr3","154653526","154653847","KN295171v1","1035836","1036148","81","153617690"
"chr3","154686819","154687110","KN294842v1","674268","674560","63","154012551"
"chr3","154696427","154696723","KN294630v1","254905","255218","70","154441522"
"chr3","154728204","154728461","KN295236v1","798688","798945","62","153929516"
"chr3","154788659","154788784","KN297095v1","2530131","2530260","16","152258528"
"chr3","154872307","154872611","KN295871v1","9818","10125","62","154862489"
"chr3","154958462","154958765","KN296620v1","1124092","1124395","18","153834370"
"chr3","155034429","155034688","KN296620v1","1046895","1047150","14","153987534"
"chr3","155043584","155043769","KN294387v1","1899185","1899378","57","153144399"
"chr3","155049201","155049321","KN296620v1","1031785","1031898","12","154017416"
"chr3","155062727","155063019","KN296620v1","1017891","1018186","30","154044836"
"chr3","155107736","155107888","KN296620v1","978828","978980","13","154128908"
"chr3","155111660","155111869","KN296620v1","974955","975164","12","154136705"
"chr3","155116300","155116558","KN296620v1","970613","970864","21","154145687"
"chr3","155127862","155128154","KN296620v1","958727","959016","16","154169135"
"chr3","155167337","155167635","KN296620v1","921110","921404","22","154246227"
"chr3","155197288","155197506","KN295038v1","785217","785443","52","154412071"
"chr3","155208408","155208602","KN296620v1","875645","875839","11","154332763"
"chr3","155230273","155230392","KN296620v1","854011","854130","4","154376262"
"chr3","155238567","155238712","KN297133v1","1036500","1036645","35","154202067"
"chr3","155241686","155241799","KN294536v1","1889691","1889810","22","153351995"
"chr3","155255368","155255687","KN296620v1","824400","824720","30","154430968"
"chr3","155264629","155264916","KN296620v1","814938","815227","24","154449691"
"chr3","155265082","155265376","KN295936v1","2737563","2737863","58","152527519"
"chr3","155268534","155268715","KN296620v1","811538","811719","12","154456996"
"chr3","155269009","155269138","KN296620v1","811110","811238","8","154457899"
"chr3","155276696","155276894","KN296620v1","803320","803533","27","154473376"
"chr3","155279720","155280026","KN296620v1","800204","800490","43","154479516"
"chr3","155294915","155295085","KN296620v1","782010","782174","18","154512905"
"chr3","155296497","155296664","KN294583v1","160557","160720","38","155135940"
"chr3","155299967","155300250","KN296620v1","776802","777086","16","154523165"
"chr3","155317610","155317894","KN296620v1","757437","757716","24","154560173"
"chr3","155423500","155423772","KN296620v1","654648","654883","51","154768852"
"chr3","155450218","155450493","KN296620v1","623621","623924","41","154826597"
"chr3","155474555","155474826","KN296620v1","600069","600342","29","154874486"
"chr3","155589474","155589740","KN296620v1","476834","477127","50","155112640"
"chr3","155627363","155627668","KN295962v1","1488690","1488999","57","154138673"
"chr3","155669741","155670032","KN296620v1","397501","397816","40","155272240"
"chr3","155692471","155692723","KN296620v1","374689","374934","24","155317782"
"chr3","155701844","155702070","KN296620v1","364807","365029","36","155337037"
"chr3","155705629","155705741","KN295343v1","67617","67731","20","155638012"
"chr3","155730479","155730795","KN296620v1","336150","336469","24","155394329"
"chr3","155776427","155776696","KN296620v1","294884","295162","26","155481543"
"chr3","155858187","155858491","KN296620v1","215777","216086","37","155642410"
"chr3","155946918","155947038","KN294364v1","711634","711756","21","155235284"
"chr3","155953257","155953548","KN296311v1","1551234","1551540","59","154402023"
"chr3","156041273","156041545","KN296620v1","20223","20466","48","156021050"
"chr3","156150892","156151009","KN296884v1","1779714","1779831","9","154371178"
"chr3","156151050","156151194","KN296884v1","1779518","1779669","15","154371532"
"chr3","156187135","156187442","KN296884v1","1741120","1741431","26","154446015"
"chr3","156218572","156218687","KN296884v1","1706046","1706163","11","154512526"
"chr3","156224722","156224985","KN296884v1","1699308","1699572","21","154525414"
"chr3","156252775","156253085","KN294325v1","1017631","1017939","58","155235144"
"chr3","156294059","156294363","KN296381v1","360143","360449","62","155933916"
"chr3","156311993","156312157","KN295962v1","2507348","2507513","41","153804645"
"chr3","156347396","156347707","KN296884v1","1541028","1541347","27","154806368"
"chr3","156371919","156372198","KN296884v1","1517132","1517421","38","154854787"
"chr3","156392176","156392487","KN296884v1","1496082","1496378","60","154896094"
"chr3","156399671","156399800","KN296884v1","1483298","1483433","13","154916373"
"chr3","156434784","156434956","KN296749v1","583687","583861","48","155851097"
"chr3","156450972","156451109","KN296884v1","1436037","1436175","11","155014935"
"chr3","156465257","156465543","KN296884v1","1414089","1414363","32","155051168"
"chr3","156525864","156526173","KN296884v1","1351586","1351886","29","155174278"
"chr3","156571869","156572053","KN296247v1","444310","444483","45","156127559"
"chr3","156637673","156637969","KN296884v1","1230902","1231199","23","155406771"
"chr3","156644833","156645098","KN296884v1","1223531","1223804","24","155421302"
"chr3","156648173","156648454","KN296884v1","1219535","1219832","53","155428638"
"chr3","156753624","156753851","KN295350v1","168","388","48","156753456"
"chr3","156814621","156814833","KN296884v1","1048530","1048752","30","155766091"
"chr3","156881157","156881382","KN296884v1","981726","981959","22","155899431"
"chr3","156882154","156882445","KN296884v1","980660","980942","22","155901494"
"chr3","156919176","156919377","KN296884v1","943766","943968","6","155975410"
"chr3","156929005","156929297","KN296884v1","933858","934155","38","155995147"
"chr3","156970117","156970395","KN296884v1","894322","894593","28","156075795"
"chr3","157010357","157010601","KN295368v1","1455449","1455687","59","155554908"
"chr3","157060840","157061107","KN296884v1","798748","799005","28","156262092"
"chr3","157081657","157081951","KN296884v1","772599","772886","30","156309058"
"chr3","157104265","157104390","KN296884v1","744118","744250","19","156360147"
"chr3","157104418","157104596","KN295405v1","633595","633763","40","156470823"
"chr3","157132209","157132507","KN296884v1","715178","715487","40","156417031"
"chr3","157186873","157187171","KN296884v1","651126","651424","15","156535747"
"chr3","157200927","157201226","KN296884v1","642722","643023","25","156558205"
"chr3","157216119","157216412","KN296884v1","627481","627777","28","156588638"
"chr3","157226451","157226766","KN296884v1","617485","617781","36","156608966"
"chr3","157249097","157249332","KN296726v1","112539","112763","65","157136558"
"chr3","157254986","157255047","KN294571v1","1528190","1528248","21","155726796"
"chr3","157255471","157255700","KN295596v1","1878272","1878509","69","155377199"
"chr3","157320824","157321136","KN297008v1","4992637","4992950","63","152328187"
"chr3","157325949","157326059","KN294536v1","1481725","1481834","23","155844224"
"chr3","157338565","157338673","KN296635v1","2704079","2704190","33","154634486"
"chr3","157352709","157352954","KN296884v1","478209","478457","31","156874500"
"chr3","157385702","157385797","KN296884v1","446273","446368","2","156939429"
"chr3","157476257","157476499","KN296884v1","344575","344821","20","157131682"
"chr3","157507536","157507657","KN296884v1","316391","316513","7","157191145"
"chr3","157509547","157509736","KN294193v1","654675","654876","45","156854872"
"chr3","157544153","157544443","KN295045v1","414971","415269","51","157129182"
"chr3","157563210","157563459","KN296884v1","254888","255127","22","157308322"
"chr3","157567968","157568257","KN297095v1","1513904","1514196","66","156054064"
"chr3","157605086","157605257","KN297095v1","1874042","1874218","42","155731044"
"chr3","157606289","157606424","KN295480v1","2489755","2489891","25","155116534"
"chr3","157606734","157606901","KN295236v1","1103542","1103705","33","156503192"
"chr3","157614749","157615036","KN296884v1","212592","212879","19","157402157"
"chr3","157629171","157629487","KN296884v1","197695","198002","35","157431476"
"chr3","157639612","157639717","KN294978v1","1219114","1219218","23","156420498"
"chr3","157659578","157659855","KN296884v1","168450","168752","39","157491128"
"chr3","157677996","157678308","KN296884v1","150047","150353","23","157527949"
"chr3","157687702","157687951","KN295983v1","394281","394545","68","157293421"
"chr3","157775137","157775443","KN296884v1","54971","55283","30","157720166"
"chr3","157785458","157785575","KN296884v1","43724","43841","9","157741734"
"chr3","157793629","157793761","KN296884v1","34231","34367","10","157759398"
"chr3","158323054","158323257","KN296682v1","562103","562310","60","157760951"
"chr3","158376591","158376776","KN294269v1","851307","851479","47","157525284"
"chr3","158377094","158377228","KN294629v1","131721","131855","27","158245373"
"chr3","158463050","158463352","KN294536v1","1677778","1678077","69","156785272"
"chr3","158574063","158574179","KN295045v1","526689","526806","21","158047374"
"chr3","158629154","158629451","KN296623v1","105794","106082","37","158523360"
"chr3","158649144","158649448","KN296623v1","126159","126475","29","158522985"
"chr3","158699843","158700157","KN296623v1","175341","175640","29","158524502"
"chr3","158798042","158798129","KN296623v1","272077","272161","6","158525965"
"chr3","158822702","158823004","KN296623v1","295796","296098","22","158526906"
"chr3","158824298","158824422","KN296623v1","297421","297546","6","158526877"
"chr3","158902326","158902614","KN296623v1","387319","387608","21","158515007"
"chr3","158917037","158917317","KN296623v1","402437","402716","33","158514600"
"chr3","158938691","158938986","KN296623v1","430579","430876","55","158508112"
"chr3","158942610","158942837","KN295459v1","1541033","1541262","50","157401577"
"chr3","158955087","158955416","KN295090v1","1364529","1364831","82","157590558"
"chr3","159011427","159011733","KN296623v1","498253","498536","45","158513174"
"chr3","159048387","159048697","KN296623v1","544316","544630","53","158504071"
"chr3","159074353","159074655","KN296623v1","569121","569430","27","158505232"
"chr3","159151820","159152025","KN296623v1","653908","654102","26","158497912"
"chr3","159174009","159174314","KN296623v1","676205","676505","30","158497804"
"chr3","159305255","159305543","KN295365v1","618540","618829","63","158686715"
"chr3","159339118","159339384","KN296623v1","833540","833827","49","158505578"
"chr3","159500572","159500770","KN295619v1","28402","28602","15","159472170"
"chr3","159789144","159789425","KN296538v1","942113","942398","65","158847031"
"chr3","159899694","159899823","KN294251v1","1488730","1488859","17","158410964"
"chr3","159905085","159905400","KN296481v1","129868","130182","67","159775217"
"chr3","159935872","159936172","KN295236v1","3592130","3592428","59","156343742"
"chr3","159987965","159988172","KN294378v1","987198","987414","52","159000767"
"chr3","159992212","159992501","KN297320v1","1234476","1234772","60","158757736"
"chr3","160026669","160026989","KN296864v1","3265179","3265496","64","156761490"
"chr3","160088377","160088511","KN296063v1","959831","959963","23","159128546"
"chr3","160139667","160139971","KN296225v1","775732","776029","58","159363935"
"chr3","160149411","160149706","KN295586v1","3098137","3098432","69","157051274"
"chr3","160149758","160149955","KN294987v1","414044","414238","45","159735714"
"chr3","160324979","160325198","KN294650v1","281292","281511","39","160043687"
"chr3","160367272","160367573","KN294172v1","7000016","7000316","78","153367256"
"chr3","160429062","160429357","KN295117v1","335607","335899","66","160093455"
"chr3","160613679","160613982","KN296406v1","163962","164264","55","160449717"
"chr3","160621683","160621799","KN296062v1","2178521","2178637","19","158443162"
"chr3","160661098","160661259","KN294540v1","938502","938660","43","159722596"
"chr3","160669807","160670106","KN294588v1","531965","532256","73","160137842"
"chr3","160695293","160695522","KN297197v1","1590691","1590924","51","159104602"
"chr3","160753796","160754053","KN295987v1","23560","23829","28","160730236"
"chr3","160761499","160761610","KN295930v1","568322","568439","21","160193177"
"chr3","160770423","160770742","KN295987v1","40464","40758","46","160729959"
"chr3","160777498","160777763","KN295987v1","47792","48059","15","160729706"
"chr3","160823610","160823905","KN295987v1","98996","99291","12","160724614"
"chr3","160846382","160846522","KN295987v1","120332","120477","11","160726050"
"chr3","160846823","160846981","KN295987v1","120785","120939","15","160726038"
"chr3","160907273","160907565","KN295987v1","186538","186839","25","160720735"
"chr3","160911812","160912105","KN295987v1","191221","191515","20","160720591"
"chr3","160912110","160912383","KN295987v1","191523","191793","23","160720587"
"chr3","160931696","160931897","KN295987v1","219811","220010","13","160711885"
"chr3","160931898","160932195","KN295987v1","220011","220307","25","160711887"
"chr3","160932196","160932316","KN295987v1","220308","220407","25","160711888"
"chr3","160943923","160944198","KN295987v1","231967","232245","23","160711956"
"chr3","160945640","160945737","KN296296v1","182309","182405","25","160763331"
"chr3","160959309","160959419","KN294407v1","1443374","1443479","17","159515935"
"chr3","161014004","161014306","KN295987v1","316389","316698","42","160697615"
"chr3","161016369","161016590","KN294629v1","333903","334133","48","160682466"
"chr3","161028662","161028921","KN295987v1","331871","332128","15","160696791"
"chr3","161033073","161033363","KN295987v1","336463","336761","21","160696610"
"chr3","161055812","161056108","KN295987v1","357323","357608","30","160698489"
"chr3","161074933","161075210","KN295987v1","377291","377595","47","160697642"
"chr3","161102974","161103268","KN295987v1","406992","407297","30","160695982"
"chr3","161178862","161179168","KN295871v1","375636","375932","61","160803226"
"chr3","161181553","161181841","KN295987v1","492925","493227","29","160688628"
"chr3","161295085","161295380","KN295987v1","623039","623321","19","160672046"
"chr3","161460334","161460590","KN295987v1","785064","785318","33","160675270"
"chr3","161470668","161470987","KN295987v1","795529","795839","26","160675139"
"chr3","161471879","161472192","KN295987v1","796686","797006","29","160675193"
"chr3","161580284","161580409","KN295987v1","903873","904004","14","160676411"
"chr3","161709992","161710282","KN296036v1","698478","698767","58","161011514"
"chr3","161726526","161726833","KN295987v1","1057846","1058149","23","160668680"
"chr3","161779229","161779407","KN295987v1","1110430","1110599","21","160668799"
"chr3","161779704","161779824","KN295987v1","1110909","1111028","5","160668795"
"chr3","161781142","161781417","KN295987v1","1112349","1112629","26","160668793"
"chr3","161797887","161798182","KN295987v1","1129248","1129542","27","160668639"
"chr3","161804962","161805275","KN295987v1","1136930","1137232","52","160668032"
"chr3","161809842","161810150","KN294848v1","311566","311855","72","161498276"
"chr3","161822674","161822973","KN297320v1","1234476","1234772","57","160588198"
"chr3","161837238","161837420","KN295987v1","1169377","1169559","9","160667861"
"chr3","161874222","161874506","KN295987v1","1211874","1212153","21","160662348"
"chr3","161874817","161875113","KN295987v1","1212465","1212763","15","160662352"
"chr3","161932752","161933058","KN295987v1","1266231","1266533","22","160666521"
"chr3","161955532","161955815","KN295294v1","2720354","2720645","58","159235178"
"chr3","162009312","162009441","KN297046v1","39490","39613","28","161969822"
"chr3","162012755","162013099","KN295987v1","1343484","1343783","82","160669271"
"chr3","162045184","162045362","KN295474v1","578011","578191","43","161467173"
"chr3","162128776","162129092","KN295987v1","1478215","1478549","49","160650561"
"chr3","162150617","162150889","KN295987v1","1506555","1506811","50","160644062"
"chr3","162172008","162172305","KN295987v1","1528275","1528578","26","160643733"
"chr3","162175307","162175468","KN295987v1","1531558","1531730","17","160643749"
"chr3","162182224","162182498","KN295987v1","1539246","1539535","45","160642978"
"chr3","162273003","162273275","KN297190v1","3735620","3735887","60","158537383"
"chr3","162286061","162286138","KN296153v1","1618983","1619062","18","160667078"
"chr3","162305236","162305535","KN294444v1","129814","130111","52","162175422"
"chr3","162318118","162318443","KN295987v1","1677155","1677474","22","160640963"
"chr3","162321388","162321672","KN296119v1","5448542","5448821","71","156872846"
"chr3","162324377","162324628","KN294291v1","861781","862027","58","161462596"
"chr3","162371162","162371503","KN295987v1","1734114","1734439","34","160637048"
"chr3","162373509","162373804","KN294570v1","165105","165399","63","162208404"
"chr3","162414105","162414282","KN295987v1","1775740","1775916","13","160638365"
"chr3","162447553","162447856","KN295987v1","1813780","1814087","31","160633773"
"chr3","162534966","162535243","KN295987v1","1909045","1909314","26","160625921"
"chr3","162550707","162551003","KN295987v1","1924720","1925017","22","160625987"
"chr3","162618500","162618802","KN297118v1","349640","349940","54","162268860"
"chr3","162647324","162647580","KN294470v1","996113","996370","50","161651211"
"chr3","162704267","162704605","KN296935v1","41320","41643","50","162662947"
"chr3","162706050","162706342","KN294592v1","1072173","1072464","58","161633877"
"chr3","162847070","162847349","KN296935v1","176216","176511","42","162670854"
"chr3","162848422","162848701","KN296935v1","180576","180871","34","162667846"
"chr3","162947183","162947434","KN296935v1","283828","284080","20","162663355"
"chr3","163042733","163043063","KN295034v1","241627","241947","79","162801106"
"chr3","163046562","163046684","KN297274v1","337343","337466","19","162709219"
"chr3","163056565","163056882","KN296935v1","383475","383801","22","162673090"
"chr3","163138857","163139159","KN297205v1","308098","308396","69","162830759"
"chr3","163210705","163210895","KN296649v1","444815","444998","52","162765890"
"chr3","163216164","163216443","KN296153v1","960264","960545","64","162255900"
"chr3","163217660","163217969","KN295090v1","1856219","1856519","69","161361441"
"chr3","163264459","163264759","KN296964v1","1747476","1747773","68","161516983"
"chr3","163276369","163276652","KN297144v1","1140692","1140983","66","162135677"
"chr3","163286675","163286779","KN295936v1","1863925","1864034","22","161422750"
"chr3","163286813","163286858","KN295236v1","5013956","5013989","23","158272857"
"chr3","163286894","163287076","KN294470v1","2587213","2587380","48","160699681"
"chr3","163301175","163301470","KN294900v1","496999","497296","65","162804176"
"chr3","163382778","163383044","KN294444v1","373486","373751","66","163009292"
"chr3","163413994","163414107","KN294911v1","2412127","2412242","18","161001867"
"chr3","163438845","163439147","KN296153v1","1425537","1425832","69","162013308"
"chr3","163443104","163443406","KN295995v1","124322","124618","60","163318782"
"chr3","163467113","163467368","KN296464v1","173783","174031","67","163293330"
"chr3","163504159","163504278","KN296093v1","102899","103020","23","163401260"
"chr3","163545661","163545947","KN296864v1","3187581","3187876","59","160358080"
"chr3","163598470","163598567","KN294501v1","220797","220881","30","163377673"
"chr3","163599957","163600252","KN297197v1","4103559","4103851","60","159496398"
"chr3","163633443","163633548","KN296242v1","1011969","1012071","8","162621474"
"chr3","163634178","163634380","KN296242v1","1011114","1011315","11","162623064"
"chr3","163668088","163668311","KN294193v1","891935","892155","46","162776153"
"chr3","163763897","163764185","KN295161v1","307562","307846","52","163456335"
"chr3","163781038","163781292","KN296242v1","868421","868678","29","162912617"
"chr3","163807201","163807524","KN295022v1","352501","352813","77","163454700"
"chr3","163829686","163829940","KN296242v1","816813","817073","22","163012873"
"chr3","163879377","163879594","KN296242v1","768594","768821","19","163110783"
"chr3","163903266","163903568","KN296242v1","746722","747015","29","163156544"
"chr3","163957907","163958179","KN296242v1","693512","693796","34","163264395"
"chr3","164133662","164133927","KN296242v1","521162","521445","31","163612500"
"chr3","164204540","164204844","KN296242v1","457366","457674","28","163747174"
"chr3","164318744","164318863","KN296242v1","333926","334033","19","163984818"
"chr3","164384303","164384559","KN296242v1","263645","263901","27","164120658"
"chr3","164479983","164480245","KN295343v1","1026743","1027006","53","163453240"
"chr3","164659880","164660187","KN294747v1","1019288","1019595","71","163640592"
"chr3","164785780","164786035","KN296108v1","12106","12372","23","164773674"
"chr3","164886520","164886841","KN296108v1","107869","108189","27","164778651"
"chr3","164889398","164889682","KN296108v1","110750","111034","18","164778648"
"chr3","164958568","164958760","KN294470v1","2050277","2050468","42","162908291"
"chr3","164975556","164975847","KN296108v1","198361","198655","25","164777195"
"chr3","164985132","164985437","KN296108v1","206780","207080","20","164778352"
"chr3","164996961","164997246","KN296108v1","224695","224990","34","164772266"
"chr3","164999529","164999829","KN296108v1","227269","227559","31","164772260"
"chr3","165012190","165012318","KN296108v1","240279","240410","10","164771911"
"chr3","165034885","165035179","KN296108v1","260182","260488","31","164774703"
"chr3","165036070","165036268","KN296108v1","261466","261666","25","164774604"
"chr3","165041744","165042037","KN296108v1","267290","267587","26","164774454"
"chr3","165052420","165052699","KN296108v1","274992","275275","20","164777428"
"chr3","165058334","165058448","KN296108v1","280904","281016","5","164777430"
"chr3","165058689","165058983","KN296108v1","281257","281551","16","164777432"
"chr3","165082671","165082884","KN296108v1","305952","306153","32","164776719"
"chr3","165083190","165083301","KN296019v1","253050","253160","24","164830140"
"chr3","165086861","165087129","KN294977v1","49742","50020","66","165037119"
"chr3","165100529","165100796","KN294733v1","143432","143710","54","164957097"
"chr3","165116032","165116319","KN296311v1","7907830","7908116","60","157208202"
"chr3","165140738","165141056","KN296541v1","2978550","2978865","43","162162188"
"chr3","165145014","165145131","KN294848v1","271065","271189","23","164873949"
"chr3","165151324","165151484","KN296108v1","371861","372025","16","164779463"
"chr3","165151801","165151948","KN297165v1","2643962","2644110","17","162507839"
"chr3","165199588","165199795","KN295236v1","3468503","3468712","46","161731085"
"chr3","165216662","165216953","KN296108v1","484571","484872","30","164732091"
"chr3","165219574","165219772","KN296108v1","487048","487259","30","164732526"
"chr3","165239082","165239241","KN296108v1","512588","512770","36","164726494"
"chr3","165253312","165253599","KN296749v1","807729","808016","58","164445583"
"chr3","165324522","165324631","KN296108v1","608600","608721","15","164715922"
"chr3","165332097","165332349","KN296108v1","621752","622019","36","164710345"
"chr3","165402017","165402172","KN297408v1","24465","24620","35","165377552"
"chr3","165402204","165402318","KN296062v1","673130","673248","18","164729074"
"chr3","165425575","165425871","KN296108v1","697019","697316","24","164728556"
"chr3","165426833","165427137","KN296108v1","698260","698553","24","164728573"
"chr3","165427439","165427628","KN296108v1","698863","699053","8","164728576"
"chr3","165451269","165451553","KN296108v1","726602","726890","10","164724667"
"chr3","165482601","165482724","KN294527v1","276778","276903","17","165205823"
"chr3","165512823","165513120","KN296108v1","794252","794525","43","164718571"
"chr3","165515808","165516090","KN296108v1","797239","797521","18","164718569"
"chr3","165573829","165574120","KN296108v1","859038","859299","46","164714791"
"chr3","165579560","165579666","KN296108v1","864810","864898","21","164714750"
"chr3","165619895","165620189","KN296108v1","902483","902771","23","164717412"
"chr3","165627317","165627604","KN296108v1","909873","910159","30","164717444"
"chr3","165667631","165667912","KN296108v1","946856","947138","24","164720775"
"chr3","165695138","165695423","KN296108v1","973976","974259","28","164721162"
"chr3","165715155","165715278","KN296108v1","996404","996527","7","164718751"
"chr3","165844378","165844655","KN296108v1","1130231","1130502","25","164714147"
"chr3","165847355","165847518","KN296108v1","1133517","1133663","26","164713838"
"chr3","165950914","165951157","KN296108v1","1243677","1243918","15","164707237"
"chr3","165962312","165962616","KN295893v1","5490977","5491277","57","160471335"
"chr3","166041686","166041976","KN296108v1","1339355","1339657","30","164702331"
"chr3","166056181","166056481","KN296108v1","1352358","1352659","15","164703823"
"chr3","166085154","166085448","KN296108v1","1370302","1370597","28","164714852"
"chr3","166091219","166091526","KN296108v1","1376396","1376717","37","164714823"
"chr3","166099380","166099656","KN296108v1","1389388","1389672","14","164709992"
"chr3","166123159","166123284","KN295533v1","2521869","2522001","22","163601290"
"chr3","166141920","166142123","KN296108v1","1425701","1425900","31","164716219"
"chr3","166155569","166155741","KN297023v1","596397","596568","57","165559172"
"chr3","166186693","166186970","KN296108v1","1483363","1483635","26","164703330"
"chr3","166188326","166188610","KN296108v1","1484874","1485171","33","164703452"
"chr3","166192198","166192467","KN294172v1","1783775","1784033","77","164408423"
"chr3","166197509","166197820","KN296108v1","1496008","1496319","34","164701501"
"chr3","166219339","166219461","KN294172v1","5885715","5885834","29","160333624"
"chr3","166235776","166236073","KN296108v1","1543308","1543606","20","164692468"
"chr3","166246700","166246987","KN296108v1","1552084","1552360","33","164694616"
"chr3","166248821","166249105","KN296108v1","1554235","1554520","20","164694586"
"chr3","166290994","166291336","KN294257v1","155659","155989","85","166135335"
"chr3","166301426","166301593","KN296153v1","1491825","1491991","50","164809601"
"chr3","166301654","166301770","KN294407v1","795374","795491","22","165506280"
"chr3","166308738","166309011","KN296108v1","1619834","1620107","20","164688904"
"chr3","166366374","166366595","KN295343v1","917256","917487","56","165449118"
"chr3","166366916","166367010","KN295735v1","1690928","1691017","29","164675988"
"chr3","166373435","166373741","KN296108v1","1684936","1685242","19","164688499"
"chr3","166414695","166414989","KN296108v1","1727739","1728044","38","164686956"
"chr3","166433821","166434036","KN296108v1","1750840","1751062","25","164682981"
"chr3","166471071","166471356","KN296528v1","1409160","1409450","59","165061911"
"chr3","166528820","166529118","KN296108v1","1866590","1866904","40","164662230"
"chr3","166807825","166808129","KN294457v1","129747","130050","62","166678078"
"chr3","166832784","166833078","KN295236v1","4313811","4314107","61","162518973"
"chr3","167054533","167054819","KN297456v1","714948","715235","23","166339585"
"chr3","167092329","167092617","KN294758v1","3036785","3037063","70","164055544"
"chr3","167112804","167113086","KN294187v1","147289","147562","69","166965515"
"chr3","167138310","167138603","KN297456v1","619219","619513","45","166519091"
"chr3","167161837","167162158","KN294457v1","128784","129093","78","167033053"
"chr3","167371864","167372157","KN296322v1","1148106","1148393","74","166223758"
"chr3","167516853","167517117","KN297456v1","183240","183500","25","167333613"
"chr3","167684031","167684297","KN294147v1","164496","164778","68","167519535"
"chr3","167793369","167793489","KN295388v1","114865","114994","14","167678504"
"chr3","167927681","167927961","KN296210v1","831862","832153","61","167095819"
"chr3","167931002","167931293","KN294187v1","147289","147562","72","167783713"
"chr3","167957198","167957448","KN295363v1","847373","847615","75","167109825"
"chr3","168364721","168365005","KN296481v1","518302","518590","58","167846419"
"chr3","168595866","168596032","KN296404v1","3918741","3918909","45","164677125"
"chr3","168608283","168608484","KN297278v1","366676","366873","20","168241607"
"chr3","168700630","168700835","KN295045v1","1285025","1285240","53","167415605"
"chr3","168713699","168713859","KN294261v1","250020","250166","41","168463679"
"chr3","168782996","168783301","KN297205v1","308098","308396","76","168474898"
"chr3","168887867","168888165","KN294987v1","797207","797503","66","168090660"
"chr3","168910538","168910631","KN294385v1","1127823","1127918","25","167782715"
"chr3","169032879","169032996","KN295459v1","1077631","1077747","15","167955248"
"chr3","169034955","169035200","KN294873v1","1657549","1657794","68","167377406"
"chr3","169294636","169294950","KN296096v1","2975388","2975700","71","166319248"
"chr3","169362537","169362667","KN296637v1","536683","536809","22","168825854"
"chr3","169364254","169364545","KN295735v1","1817460","1817762","72","167546794"
"chr3","169571590","169571894","KN296964v1","346060","346359","67","169225530"
"chr3","169590097","169590378","KN295697v1","494201","494493","60","169095896"
"chr3","169637210","169637291","KN296430v1","337676","337753","19","169299534"
"chr3","169664871","169665205","KN295923v1","2248938","2249256","82","167415933"
"chr3","169703756","169704056","KN295692v1","706040","706341","63","168997716"
"chr3","169740050","169740159","KN294257v1","2693944","2694053","25","167046106"
"chr3","169926859","169927171","KN294269v1","1159952","1160256","77","168766907"
"chr3","169971110","169971398","KN296635v1","2616458","2616736","78","167354652"
"chr3","169983762","169984029","KN295459v1","174002","174282","65","169809760"
"chr3","170046835","170047119","KN297245v1","1744181","1744460","62","168302654"
"chr3","170061976","170062271","KN295586v1","3098137","3098432","65","166963839"
"chr3","170421774","170422028","KN294545v1","153306","153562","20","170268468"
"chr3","170426395","170426583","KN294545v1","148487","148682","22","170277908"
"chr3","170456280","170456582","KN294545v1","118882","119182","31","170337398"
"chr3","170460014","170460186","KN295474v1","578011","578191","44","169882003"
"chr3","170496063","170496304","KN297008v1","4157689","4157927","73","166338374"
"chr3","170561947","170562217","KN294545v1","1094","1352","37","170560853"
"chr3","170579346","170579659","KN295406v1","366555","366865","73","170212791"
"chr3","170591883","170592181","KN296281v1","247098","247400","71","170344785"
"chr3","170592599","170592871","KN296836v1","756580","756853","66","169836019"
"chr3","170594806","170595091","KN294245v1","375988","376275","61","170218818"
"chr3","170640033","170640157","KN296386v1","599605","599718","43","170040428"
"chr3","170641049","170641168","KN295294v1","1437600","1437717","22","169203449"
"chr3","170664698","170664998","KN296365v1","578722","579023","65","170085976"
"chr3","170896961","170897267","KN296964v1","1747476","1747773","68","169149485"
"chr3","170911994","170912277","KN295671v1","182869","183151","75","170729125"
"chr3","171002244","171002362","KN294325v1","462364","462478","21","170539880"
"chr3","171017652","171017884","KN294501v1","279346","279573","61","170738306"
"chr3","171023349","171023650","KN295957v1","110349","110643","38","170913000"
"chr3","171195428","171195731","KN296133v1","228436","228735","65","170966992"
"chr3","171288903","171289167","KN294630v1","321853","322122","69","170967050"
"chr3","171315421","171315702","KN294187v1","1653394","1653672","57","169662027"
"chr3","171458377","171458652","KN296062v1","1074695","1074960","69","170383682"
"chr3","171688181","171688493","KN295135v1","167215","167519","37","171520966"
"chr3","171865836","171865878","KN295486v1","802881","802928","13","171062955"
"chr3","171919978","171920260","KN294825v1","282784","283066","62","171637194"
"chr3","172087798","172087968","KN294591v1","405808","405970","43","171681990"
"chr3","172123468","172123617","KN296809v1","700636","700781","49","171422832"
"chr3","172144449","172144573","KN296323v1","484695","484812","32","171659754"
"chr3","172144629","172144790","KN296319v1","797175","797335","37","171347454"
"chr3","172156200","172156442","KN295550v1","590953","591204","66","171565247"
"chr3","172160372","172160672","KN296731v1","626085","626383","63","171534287"
"chr3","172182527","172182722","KN295057v1","880798","880987","50","171301729"
"chr3","172512166","172512457","KN295941v1","588175","588464","58","171923991"
"chr3","172599777","172599811","KN294224v1","630075","630109","7","171969702"
"chr3","172599870","172600018","KN294524v1","53929","54076","27","172545941"
"chr3","172654868","172654991","KN296158v1","1661941","1662067","20","170992927"
"chr3","172736065","172736363","KN296122v1","279119","279424","61","172456946"
"chr3","172770677","172770960","KN294372v1","1072998","1073272","64","171697679"
"chr3","172778385","172778499","KN295531v1","34443","34559","22","172743942"
"chr3","172870236","172870542","KN296096v1","3089308","3089614","62","169780928"
"chr3","172912151","172912332","KN295090v1","1844954","1845132","45","171067197"
"chr3","172912379","172912497","KN296577v1","371236","371351","22","172541143"
"chr3","172917995","172918297","KN294630v1","741362","741665","61","172176633"
"chr3","172924639","172924964","KN296588v1","278562","278869","83","172646077"
"chr3","173012570","173012854","KN296187v1","179226","179507","69","172833344"
"chr3","173130627","173130909","KN295236v1","3537615","3537912","65","169593012"
"chr3","173245032","173245268","KN294893v1","500880","501101","61","172744152"
"chr3","173309479","173309766","KN297444v1","482806","483100","62","172826673"
"chr3","173382986","173383226","KN297386v1","1348707","1348965","65","172034279"
"chr3","173394553","173394835","KN296365v1","1932586","1932865","69","171461967"
"chr3","173483214","173483519","KN297245v1","2036362","2036663","61","171446852"
"chr3","173526737","173527049","KN296665v1","36442","36747","75","173490295"
"chr3","173541693","173541822","KN295368v1","1825999","1826117","40","171715694"
"chr3","173701832","173702102","KN295419v1","6330","6624","39","173695502"
"chr3","173834413","173834711","KN296138v1","198772","199071","60","173635641"
"chr3","173882171","173882448","KN295607v1","4294863","4295138","62","169587308"
"chr3","173892099","173892216","KN294536v1","1889691","1889810","17","172002408"
"chr3","173963225","173963529","KN294470v1","476480","476785","68","173486745"
"chr3","173986834","173987127","KN294848v1","172086","172375","68","173814748"
"chr3","174086720","174086842","KN296547v1","743312","743435","22","173343408"
"chr3","174134145","174134450","KN294987v1","1187436","1187742","58","172946709"
"chr3","174174407","174174534","KN295294v1","234450","234574","19","173939957"
"chr3","174270416","174270570","KN296620v1","978828","978980","39","173291588"
"chr3","174699030","174699249","KN294147v1","2039631","2039846","19","172659399"
"chr3","174740771","174741047","KN294147v1","1992101","1992383","22","172748670"
"chr3","174791016","174791303","KN296253v1","188046","188333","53","174602970"
"chr3","174795940","174796222","KN296146v1","288303","288582","62","174507637"
"chr3","174844830","174845002","KN295236v1","6087785","6087963","54","168757045"
"chr3","174845448","174845725","KN294147v1","1888112","1888388","59","172957336"
"chr3","174934716","174934826","KN294147v1","1794082","1794193","11","173140634"
"chr3","174970338","174970644","KN294147v1","1757871","1758180","21","173212467"
"chr3","175039031","175039335","KN294147v1","1688940","1689250","34","173350091"
"chr3","175044047","175044314","KN294147v1","1683638","1683909","12","173360409"
"chr3","175057103","175057378","KN294147v1","1670504","1670758","34","173386599"
"chr3","175058538","175058718","KN294147v1","1669331","1669513","17","173389207"
"chr3","175077119","175077418","KN294147v1","1650931","1651211","41","173426188"
"chr3","175079119","175079284","KN295893v1","5850545","5850703","34","169228574"
"chr3","175079574","175079723","KN294874v1","268892","269038","29","174810682"
"chr3","175096712","175096838","KN294467v1","32975","33096","24","175063737"
"chr3","175111360","175111656","KN294987v1","1590894","1591192","70","173520466"
"chr3","175127020","175127333","KN294147v1","1597226","1597526","29","173529794"
"chr3","175128397","175128514","KN294147v1","1595708","1595825","9","173532689"
"chr3","175326379","175326551","KN294147v1","1541713","1541884","10","173784666"
"chr3","175367173","175367427","KN294185v1","314925","315181","61","175052248"
"chr3","175371060","175371343","KN294147v1","1494684","1494993","45","173876376"
"chr3","175378552","175378821","KN294147v1","1487295","1487559","28","173891257"
"chr3","175383319","175383613","KN294147v1","1482785","1483093","41","173900534"
"chr3","175385167","175385281","KN294147v1","1481128","1481244","10","173904039"
"chr3","175398421","175398712","KN294147v1","1468211","1468514","35","173930210"
"chr3","175409106","175409188","KN296308v1","813215","813280","25","174595891"
"chr3","175419057","175419256","KN294147v1","1444419","1444613","25","173974638"
"chr3","175424034","175424330","KN296133v1","7935","8234","65","175416099"
"chr3","175434075","175434339","KN296323v1","1076831","1077088","70","174357244"
"chr3","175437311","175437577","KN294147v1","1431937","1432202","17","174005374"
"chr3","175441504","175441805","KN294147v1","1426919","1427222","25","174014585"
"chr3","175443818","175443929","KN297233v1","1166274","1166384","18","174277544"
"chr3","175446556","175446710","KN294147v1","1421233","1421388","19","174025323"
"chr3","175446983","175447047","KN294147v1","1420902","1420961","7","174026081"
"chr3","175479775","175480078","KN294147v1","1384021","1384317","22","174095754"
"chr3","175482209","175482493","KN294147v1","1381014","1381302","28","174101195"
"chr3","175499315","175499460","KN295708v1","2027618","2027759","27","173471697"
"chr3","175499795","175499957","KN294199v1","838681","838845","33","174661114"
"chr3","175502369","175502523","KN294147v1","1362544","1362695","13","174139825"
"chr3","175502826","175502959","KN294147v1","1362103","1362236","7","174140723"
"chr3","175510249","175510524","KN295365v1","618540","618829","60","174891709"
"chr3","175512298","175512563","KN294147v1","1351542","1351808","25","174160756"
"chr3","175515716","175515829","KN295045v1","526689","526806","16","174989027"
"chr3","175579755","175580058","KN294147v1","1285975","1286277","29","174293780"
"chr3","175584551","175584837","KN296253v1","188046","188333","68","175396505"
"chr3","175590159","175590468","KN295236v1","455092","455401","63","175135067"
"chr3","175603986","175604215","KN297245v1","2457323","2457553","46","173146663"
"chr3","175608179","175608483","KN294470v1","3146483","3146791","61","172461696"
"chr3","175613652","175613888","KN294147v1","1256498","1256718","29","174357154"
"chr3","175616651","175616922","KN294147v1","1253355","1253610","39","174363296"
"chr3","175619222","175619506","KN294147v1","1250537","1250824","34","174368685"
"chr3","175659129","175659396","KN295706v1","192815","193086","65","175466314"
"chr3","175718278","175718625","KN294207v1","128747","129097","82","175589531"
"chr3","175742946","175743231","KN294147v1","1124931","1125216","28","174618015"
"chr3","175811913","175812226","KN295596v1","879252","879556","67","174932661"
"chr3","175832559","175832678","KN296828v1","63127","63248","22","175769432"
"chr3","175908614","175908922","KN294147v1","982905","983187","52","174925709"
"chr3","175985467","175985758","KN294147v1","898665","898961","30","175086802"
"chr3","176015405","176015668","KN295601v1","3005471","3005742","59","173009934"
"chr3","176046909","176047031","KN294147v1","835463","835584","10","175211446"
"chr3","176051045","176051359","KN294991v1","541866","542182","71","175509179"
"chr3","176055459","176055749","KN294147v1","824818","825112","24","175230641"
"chr3","176078002","176078285","KN295205v1","1129696","1129979","69","174948306"
"chr3","176091648","176091891","KN294147v1","795874","796124","52","175295774"
"chr3","176182448","176182751","KN294147v1","708050","708343","26","175474398"
"chr3","176213198","176213329","KN294147v1","672727","672846","22","175540471"
"chr3","176222904","176223215","KN294147v1","662723","663007","59","175560181"
"chr3","176232238","176232515","KN296096v1","1827942","1828211","60","174404296"
"chr3","176303527","176303810","KN294147v1","576354","576648","30","175727173"
"chr3","176356984","176357278","KN294147v1","524481","524798","38","175832503"
"chr3","176362746","176363041","KN294147v1","517346","517642","22","175845400"
"chr3","176400168","176400450","KN294147v1","479269","479549","22","175920899"
"chr3","176429647","176429932","KN294147v1","449688","449987","39","175979959"
"chr3","176484880","176485024","KN294147v1","395902","396047","10","176088978"
"chr3","176485336","176485506","KN294147v1","395432","395581","27","176089904"
"chr3","176509912","176510239","KN294147v1","371250","371562","37","176138662"
"chr3","176602019","176602248","KN294147v1","273227","273433","38","176328792"
"chr3","176621279","176621572","KN294147v1","256630","256938","36","176364649"
"chr3","176625318","176625630","KN294147v1","252501","252810","25","176372817"
"chr3","176634400","176634694","KN294470v1","3146483","3146791","66","173487917"
"chr3","176645968","176646268","KN294147v1","231320","231612","25","176414648"
"chr3","176655128","176655305","KN295205v1","748831","748999","58","175906297"
"chr3","176655331","176655440","KN294977v1","6655","6759","32","176648676"
"chr3","176658295","176658614","KN294147v1","218928","219221","43","176439367"
"chr3","176666914","176667033","KN294147v1","210476","210595","12","176456438"
"chr3","176675299","176675603","KN295257v1","1229552","1229846","71","175445747"
"chr3","176686822","176686923","KN295337v1","391386","391484","18","176295436"
"chr3","176712060","176712375","KN294147v1","164496","164778","45","176547564"
"chr3","176732257","176732553","KN294147v1","151464","151728","53","176580793"
"chr3","176802002","176802239","KN294147v1","84944","85184","19","176717058"
"chr3","176803080","176803379","KN294147v1","83781","84105","50","176719299"
"chr3","176845418","176845706","KN296378v1","1150544","1150829","75","175694874"
"chr3","176879585","176879861","KN294147v1","12428","12719","37","176867157"
"chr3","176892443","176892723","KN294513v1","818583","818861","56","176073860"
"chr3","176924923","176925227","KN296262v1","181850","182149","71","176743073"
"chr3","176953788","176954028","KN294420v1","335131","335367","51","176618657"
"chr3","177025416","177025539","KN294995v1","71967","72089","20","176953449"
"chr3","177120238","177120556","KN295352v1","1392902","1393192","78","175727336"
"chr3","177164248","177164539","KN294172v1","2150711","2151006","71","175013537"
"chr3","177210617","177210904","KN295667v1","576472","576759","68","176634145"
"chr3","177220110","177220397","KN295022v1","560337","560626","53","176659773"
"chr3","177228159","177228413","KN297242v1","1426013","1426260","60","175802146"
"chr3","177236251","177236559","KN296682v1","2008527","2008829","71","175227724"
"chr3","177274107","177274399","KN297138v1","424448","424740","55","176849659"
"chr3","177276035","177276330","KN297452v1","2278288","2278582","54","174997747"
"chr3","177282744","177283052","KN294444v1","129814","130111","60","177152930"
"chr3","177283500","177283609","KN296035v1","719502","719610","16","176563998"
"chr3","177312445","177312731","KN295871v1","22028","22320","59","177290417"
"chr3","177326743","177327026","KN295930v1","823181","823464","56","176503562"
"chr3","177352279","177352579","KN297245v1","2036362","2036663","62","175315917"
"chr3","177386488","177386752","KN294899v1","447205","447472","58","176939283"
"chr3","177389119","177389419","KN296096v1","3065637","3065933","57","174323482"
"chr3","177400333","177400633","KN294407v1","1284282","1284581","78","176116051"
"chr3","177406363","177406662","KN294470v1","3148727","3149019","62","174257636"
"chr3","177415160","177415391","KN296096v1","3362830","3363065","46","174052330"
"chr3","177452503","177452763","KN296503v1","625161","625430","57","176827342"
"chr3","177459105","177459408","KN295308v1","2331353","2331653","77","175127752"
"chr3","177497645","177497791","KN295967v1","2001415","2001560","33","175496230"
"chr3","177527656","177527918","KN297165v1","2290637","2290897","68","175237019"
"chr3","177551692","177551891","KN295898v1","166973","167181","46","177384719"
"chr3","177557986","177558197","KN295744v1","285256","285466","44","177272730"
"chr3","177645422","177645709","KN294451v1","351575","351870","62","177293847"
"chr3","177668161","177668294","KN296296v1","90201","90329","26","177577960"
"chr3","177760453","177760642","KN296096v1","628556","628723","43","177131897"
"chr3","177808339","177808510","KN294199v1","1594620","1594797","43","176213719"
"chr3","177882062","177882318","KN297094v1","80586","80851","57","177801476"
"chr3","177888690","177888934","KN296955v1","278954","279213","72","177609736"
"chr3","177893366","177893462","KN294378v1","843830","843919","24","177049536"
"chr3","177932044","177932355","KN294991v1","974938","975240","72","176957106"
"chr3","177940555","177940834","KN294199v1","1426669","1426962","57","176513886"
"chr3","177961418","177961721","KN296404v1","3404152","3404452","67","174557266"
"chr3","177966522","177966812","KN295667v1","1243145","1243443","55","176723377"
"chr3","177971048","177971175","KN294446v1","531704","531828","27","177439344"
"chr3","177990738","177991049","KN296225v1","768869","769169","83","177221869"
"chr3","178053008","178053295","KN295405v1","504647","504932","54","177548361"
"chr3","178053513","178053820","KN294416v1","125889","126195","74","177927624"
"chr3","178120764","178121081","KN296075v1","304763","305072","65","177816001"
"chr3","178137971","178138282","KN296588v1","977314","977623","58","177160657"
"chr3","178157457","178157523","KN295161v1","350615","350679","23","177806842"
"chr3","178201221","178201558","KN296865v1","1697509","1697839","90","176503712"
"chr3","178309649","178309947","KN295591v1","745641","745936","62","177564008"
"chr3","178489870","178490001","KN297133v1","1405584","1405716","21","177084286"
"chr3","178536071","178536334","KN294172v1","1773546","1773810","70","176762525"
"chr3","178678702","178679002","KN296404v1","3404152","3404452","68","175274550"
"chr3","178761247","178761563","KN295236v1","4498630","4498941","76","174262617"
"chr3","178780691","178780963","KN297293v1","483181","483457","66","178297510"
"chr3","178925227","178925537","KN294325v1","1017631","1017939","57","177907596"
"chr3","178939766","178940069","KN295257v1","1229552","1229846","63","177710214"
"chr3","178952155","178952420","KN294897v1","37441","37675","72","178914714"
"chr3","179036829","179037141","KN294728v1","522510","522823","73","178514319"
"chr3","179055311","179055617","KN294613v1","181637","181942","64","178873674"
"chr3","179110459","179110664","KN295405v1","1521709","1521908","48","177588750"
"chr3","179146675","179146961","KN297164v1","132474","132761","62","179014201"
"chr3","179157255","179157578","KN296225v1","290364","290699","72","178866891"
"chr3","179199554","179199867","KN294378v1","966533","966841","66","178233021"
"chr3","179277606","179277901","KN297320v1","1234476","1234772","63","178043130"
"chr3","179575147","179575271","KN296306v1","2915149","2915272","22","176659998"
"chr3","179627137","179627258","KN294443v1","1217492","1217615","17","178409645"
"chr3","179749976","179750144","KN295171v1","420921","421088","25","179329055"
"chr3","179750417","179750680","KN295748v1","269163","269421","72","179481254"
"chr3","179752591","179752874","KN294193v1","665832","666113","74","179086759"
"chr3","179772919","179773237","KN297366v1","2940497","2940810","70","176832422"
"chr3","179784821","179785118","KN297320v1","1234476","1234772","61","178550345"
"chr3","179871698","179871978","KN295692v1","338950","339232","60","179532748"
"chr3","179931468","179931663","KN297197v1","3471646","3471850","40","176459822"
"chr3","180047585","180047890","KN296538v1","1793220","1793524","67","178254365"
"chr3","180058127","180058323","KN294873v1","620805","620996","41","179437322"
"chr3","180104278","180104568","KN294848v1","898261","898553","61","179206017"
"chr3","180150837","180151114","KN294457v1","1208445","1208715","67","178942392"
"chr3","180231757","180231890","KN294539v1","25978","26110","34","180205779"
"chr3","180236616","180236914","KN296157v1","1236618","1236920","65","178999998"
"chr3","180408271","180408579","KN295165v1","406080","406393","31","180002191"
"chr3","180459530","180459799","KN295165v1","350877","351160","61","180108653"
"chr3","180512785","180513088","KN295165v1","297126","297411","47","180215659"
"chr3","180556113","180556336","KN295165v1","254952","255175","19","180301161"
"chr3","180580207","180580482","KN297197v1","1087003","1087288","57","179493204"
"chr3","180647551","180647842","KN294175v1","208907","209202","69","180438644"
"chr3","180680471","180680755","KN296153v1","1788538","1788823","62","178891933"
"chr3","180689281","180689589","KN295165v1","131332","131599","57","180557949"
"chr3","180743810","180744117","KN295165v1","66275","66578","21","180677535"
"chr3","180916024","180916321","KN295721v1","130433","130725","62","180785591"
"chr3","180947970","180948046","KN294416v1","669171","669244","22","180278799"
"chr3","180979559","180979836","KN296096v1","3118481","3118755","66","177861078"
"chr3","181040298","181040536","KN295022v1","674715","674947","66","180365583"
"chr3","181084243","181084351","KN294338v1","18911","19018","19","181065332"
"chr3","181219207","181219516","KN296062v1","1514370","1514679","74","179704837"
"chr3","181340412","181340555","KN297366v1","2995933","2996077","39","178344479"
"chr3","181552794","181552830","KN296768v1","83788","83827","12","181469006"
"chr3","181573811","181574093","KN296187v1","803116","803397","66","180770695"
"chr3","181577356","181577650","KN296311v1","7907830","7908116","69","173669526"
"chr3","181799242","181799538","KN294199v1","764642","764937","70","181034600"
"chr3","181856313","181856605","KN297204v1","34124","34413","32","181822189"
"chr3","181949621","181949913","KN297320v1","1234476","1234772","63","180715145"
"chr3","182132493","182132788","KN297320v1","1234476","1234772","49","180898017"
"chr3","182216695","182216971","KN296404v1","2370865","2371143","62","179845830"
"chr3","182230184","182230480","KN295315v1","2422633","2422921","67","179807551"
"chr3","182236321","182236604","KN295090v1","2290575","2290869","65","179945746"
"chr3","182253576","182253867","KN296019v1","378079","378370","58","181875497"
"chr3","182308297","182308596","KN294161v1","319987","320282","73","181988310"
"chr3","182311654","182311934","KN295601v1","2861103","2861392","66","179450551"
"chr3","182320645","182320787","KN295236v1","4741374","4741519","26","177579271"
"chr3","182419389","182419704","KN296879v1","704052","704376","65","181715337"
"chr3","182435538","182435601","KN297203v1","638875","638931","22","181796663"
"chr3","182437219","182437351","KN295014v1","12067","12185","43","182425152"
"chr3","182458049","182458300","KN296311v1","5174572","5174833","58","177283477"
"chr3","182462822","182463058","KN295096v1","1153348","1153587","55","181309474"
"chr3","182466458","182466773","KN296281v1","414619","414931","54","182051839"
"chr3","182476052","182476321","KN297274v1","140869","141141","58","182335183"
"chr3","182488926","182489045","KN294991v1","1757727","1757849","26","180731199"
"chr3","182491579","182491877","KN296145v1","1496963","1497260","48","180994616"
"chr3","182492521","182492833","KN296290v1","775055","775367","71","181717466"
"chr3","182498301","182498417","KN295459v1","1077631","1077747","14","181420670"
"chr3","182547856","182548166","KN294987v1","797207","797503","69","181750649"
"chr3","182595681","182595921","KN296701v1","168896","169140","59","182426785"
"chr3","182688446","182688541","KN296864v1","860314","860413","21","181828132"
"chr3","182693127","182693447","KN296809v1","704739","705050","66","181988388"
"chr3","182728878","182729188","KN296538v1","1793220","1793524","55","180935658"
"chr3","182896882","182897131","KN297322v1","1311729","1311979","54","181585153"
"chr3","183051269","183051550","KN295820v1","792314","792591","56","182258955"
"chr3","183105208","183105513","KN294470v1","2046138","2046443","63","181059070"
"chr3","183128380","183128676","KN294499v1","2243075","2243370","73","180885305"
"chr3","183224023","183224291","KN294304v1","28243","28516","51","183195780"
"chr3","183262667","183262948","KN295294v1","358831","359116","52","182903836"
"chr3","183520394","183520605","KN295394v1","728502","728708","46","182791892"
"chr3","183872343","183872654","KN296406v1","163962","164264","68","183708381"
"chr3","184034380","184034673","KN294433v1","836011","836315","31","183198369"
"chr3","184078744","184078935","KN294433v1","791976","792169","19","183286768"
"chr3","184128997","184129301","KN295350v1","927870","928179","51","183201127"
"chr3","184195812","184196024","KN297112v1","4923918","4924119","46","179271894"
"chr3","184197354","184197659","KN294433v1","690457","690742","47","183506897"
"chr3","184331526","184331794","KN294433v1","552389","552689","53","183779137"
"chr3","184335330","184335543","KN294433v1","547701","547908","18","183787629"
"chr3","184350928","184351218","KN294848v1","912345","912627","62","183438583"
"chr3","184373145","184373307","KN297154v1","1938426","1938581","40","182434719"
"chr3","184410913","184411067","KN294433v1","469813","469968","27","183941100"
"chr3","184436002","184436295","KN294433v1","443556","443857","23","183992446"
"chr3","184505341","184505632","KN294433v1","355244","355511","49","184150097"
"chr3","184513214","184513587","KN294433v1","345547","345872","79","184167667"
"chr3","184535100","184535338","KN294433v1","321786","321994","43","184213314"
"chr3","184537189","184537463","KN294433v1","319661","319934","20","184217528"
"chr3","184539951","184540237","KN294433v1","316891","317176","18","184223060"
"chr3","184546714","184547060","KN294458v1","201538","201851","95","184345176"
"chr3","184551525","184551883","KN294433v1","307760","308113","49","184243765"
"chr3","184588457","184588718","KN294433v1","272177","272437","26","184316280"
"chr3","184600769","184600893","KN294433v1","252195","252319","9","184348574"
"chr3","184629288","184629576","KN294433v1","221254","221553","27","184408034"
"chr3","184635156","184635439","KN294433v1","215344","215636","25","184419812"
"chr3","184642427","184642728","KN294433v1","208293","208593","23","184434134"
"chr3","184647279","184647577","KN294433v1","203089","203389","26","184444190"
"chr3","184668368","184668500","KN294224v1","501938","502067","24","184166430"
"chr3","184670762","184671045","KN294433v1","176990","177274","19","184493772"
"chr3","184692302","184692568","KN294433v1","155405","155670","23","184536897"
"chr3","184705373","184705659","KN296025v1","309439","309727","74","184395934"
"chr3","184710774","184710890","KN296933v1","89510","89627","15","184621264"
"chr3","184712446","184712739","KN296096v1","4138966","4139252","60","180573480"
"chr3","184732809","184733069","KN295984v1","1821170","1821438","58","182911639"
"chr3","184733452","184733759","KN294433v1","115682","115986","22","184617770"
"chr3","184742331","184742637","KN295984v1","1696513","1696811","76","183045818"
"chr3","184744701","184744996","KN294433v1","101133","101428","17","184643568"
"chr3","184746593","184746884","KN294433v1","99084","99398","48","184647509"
"chr3","184763648","184763949","KN297133v1","358379","358683","59","184405269"
"chr3","184772229","184772437","KN294598v1","316231","316445","55","184455998"
"chr3","184782467","184782735","KN294433v1","62339","62612","28","184720128"
"chr3","184790172","184790442","KN296649v1","576985","577271","64","184213187"
"chr3","184835937","184836066","KN296749v1","544078","544199","25","184291859"
"chr3","184889153","184889437","KN294513v1","818583","818861","60","184070570"
"chr3","184917706","184918026","KN295923v1","1997557","1997864","64","182920149"
"chr3","184926737","184926922","KN296588v1","85586","85758","43","184841151"
"chr3","184927768","184928044","KN295405v1","1369069","1369345","53","183558699"
"chr3","184934975","184935270","KN296481v1","77336","77629","60","184857639"
"chr3","185032378","185032643","KN297452v1","2410408","2410674","55","182621970"
"chr3","185046198","185046457","KN295205v1","597319","597592","69","184448879"
"chr3","185075865","185076151","KN294499v1","2466913","2467200","55","182608952"
"chr3","185081206","185081465","KN294287v1","406448","406721","72","184674758"
"chr3","185087141","185087465","KN296879v1","704052","704376","72","184383089"
"chr3","185101544","185101854","KN296508v1","2151971","2152273","62","182949573"
"chr3","185173206","185173509","KN294172v1","3071954","3072255","59","182101252"
"chr3","185188656","185188956","KN296505v1","21654","21951","66","185167002"
"chr3","185203621","185203811","KN296665v1","120284","120476","45","185083337"
"chr3","185204118","185204237","KN294456v1","1112430","1112548","28","184091688"
"chr3","185242728","185243036","KN297245v1","2036362","2036663","66","183206366"
"chr3","185480454","185480665","KN295750v1","163349","163579","37","185317105"
"chr3","185498704","185498814","KN295750v1","144060","144170","7","185354644"
"chr3","185789948","185790260","KN296096v1","1599099","1599386","53","184190849"
"chr3","185811727","185811995","KN296964v1","1667245","1667523","70","184144482"
"chr3","185877439","185877521","KN294161v1","104721","104802","29","185772718"
"chr3","185896458","185896740","KN295244v1","556564","556829","74","185339894"
"chr3","185901669","185901995","KN294578v1","531531","531832","84","185370138"
"chr3","186036954","186037205","KN297445v1","1245070","1245349","67","184791884"
"chr3","186052332","186052626","KN296009v1","134828","135122","61","185917504"
"chr3","186064691","186064952","KN294536v1","1463228","1463467","65","184601463"
"chr3","186078310","186078606","KN294703v1","272634","272925","62","185805676"
"chr3","186099043","186099269","KN294233v1","842159","842379","53","185256884"
"chr3","186125212","186125343","KN296008v1","92855","92984","20","186032357"
"chr3","186157577","186157874","KN296290v1","24611","24902","60","186132966"
"chr3","186159460","186159777","KN294630v1","741362","741665","64","185418098"
"chr3","186167655","186167971","KN294396v1","326030","326339","90","185841625"
"chr3","186203350","186203651","KN296119v1","5385215","5385515","66","180818135"
"chr3","186226711","186226991","KN294539v1","1264992","1265265","36","184961719"
"chr3","186236649","186236943","KN296075v1","501403","501700","67","185735246"
"chr3","186255016","186255313","KN296404v1","3404152","3404452","57","182850864"
"chr3","186320049","186320349","KN297154v1","1608705","1609004","57","184711344"
"chr3","186360179","186360305","KN295708v1","2162566","2162690","21","184197613"
"chr3","186467434","186467640","KN297219v1","2392848","2393060","48","184074586"
"chr3","186549155","186549478","KN297197v1","4625509","4625816","66","181923646"
"chr3","186549580","186549690","KN295394v1","370422","370527","22","186179158"
"chr3","186553103","186553398","KN295571v1","25449","25751","33","186527654"
"chr3","186578790","186579099","KN295571v1","52197","52513","31","186526593"
"chr3","186650731","186651039","KN295571v1","125325","125626","26","186525406"
"chr3","186657811","186657928","KN295571v1","134525","134645","12","186523286"
"chr3","186734175","186734294","KN294294v1","170144","170260","23","186564031"
"chr3","186781372","186781667","KN295571v1","258693","259001","38","186522679"
"chr3","186855484","186855777","KN296017v1","366720","367014","52","186488764"
"chr3","186885591","186885723","KN296122v1","83204","83339","21","186802387"
"chr3","186886777","186886888","KN294218v1","2770528","2770643","20","184116249"
"chr3","186979772","186980092","KN295571v1","456507","456826","37","186523265"
"chr3","186999103","186999276","KN296079v1","763220","763391","46","186235883"
"chr3","186999539","186999668","KN294172v1","5478010","5478139","21","181521529"
"chr3","187006375","187006466","KN294396v1","208181","208273","27","186798194"
"chr3","187014964","187015091","KN295571v1","496333","496465","12","186518631"
"chr3","187029680","187029946","KN295571v1","508891","509168","32","186520789"
"chr3","187038653","187038849","KN295651v1","1989175","1989365","48","185049478"
"chr3","187040647","187040764","KN296833v1","301911","302025","14","186738736"
"chr3","187041152","187041242","KN297044v1","1034000","1034087","16","186007152"
"chr3","187042609","187042816","KN295571v1","514945","515167","30","186527664"
"chr3","187052798","187053088","KN295571v1","522633","522924","17","186530165"
"chr3","187056233","187056523","KN295571v1","526710","526985","31","186529523"
"chr3","187059427","187059722","KN295571v1","530441","530737","15","186528986"
"chr3","187090125","187090248","KN295571v1","561154","561276","11","186528971"
"chr3","187093216","187093504","KN295571v1","564533","564822","27","186528683"
"chr3","187095742","187096068","KN295571v1","567399","567705","42","186528343"
"chr3","187103612","187103747","KN295571v1","575205","575340","6","186528407"
"chr3","187104135","187104247","KN295571v1","575727","575835","12","186528408"
"chr3","187104539","187104637","KN296153v1","2926115","2926212","33","184178424"
"chr3","187164127","187164306","KN295571v1","638915","639077","28","186525212"
"chr3","187396833","187397122","KN295571v1","870876","871172","34","186525957"
"chr3","187398243","187398359","KN295045v1","526689","526806","16","186871554"
"chr3","187403756","187404113","KN295571v1","878143","878504","41","186525613"
"chr3","187575371","187575652","KN295571v1","1050271","1050555","22","186525100"
"chr3","187626888","187627040","KN296252v1","725690","725840","36","186901198"
"chr3","187869846","187870130","KN296036v1","2355073","2355356","27","185514773"
"chr3","187870610","187870892","KN296036v1","2354457","2354734","20","185516153"
"chr3","187897373","187897653","KN296036v1","2327438","2327721","25","185569935"
"chr3","187904507","187904811","KN294705v1","2084397","2084698","64","185820110"
"chr3","187982351","187982657","KN296036v1","2244485","2244786","35","185737866"
"chr3","187986051","187986184","KN296036v1","2240934","2241067","6","185745117"
"chr3","188000249","188000447","KN296036v1","2228481","2228680","19","185771768"
"chr3","188002132","188002440","KN296036v1","2226914","2227221","23","185775218"
"chr3","188081130","188081420","KN296829v1","748421","748716","60","187332709"
"chr3","188112070","188112369","KN296036v1","2110776","2111075","11","186001294"
"chr3","188126583","188126876","KN296036v1","2096367","2096663","20","186030216"
"chr3","188136770","188137053","KN296635v1","3338672","3338960","62","184798098"
"chr3","188151434","188151741","KN296036v1","2069255","2069540","46","186082179"
"chr3","188159305","188159605","KN296036v1","2060804","2061095","29","186098501"
"chr3","188171975","188172287","KN296036v1","2047065","2047383","28","186124910"
"chr3","188173277","188173607","KN296036v1","2045482","2045796","32","186127795"
"chr3","188180355","188180646","KN296036v1","2038146","2038441","28","186142209"
"chr3","188203260","188203538","KN296036v1","2016236","2016515","23","186187024"
"chr3","188210322","188210633","KN296036v1","2008236","2008543","31","186202086"
"chr3","188211355","188211646","KN296036v1","2006899","2007176","40","186204456"
"chr3","188213984","188214285","KN296036v1","2004258","2004545","35","186209726"
"chr3","188233082","188233214","KN296036v1","1985152","1985286","9","186247930"
"chr3","188251030","188251261","KN296036v1","1966383","1966611","24","186284647"
"chr3","188254369","188254662","KN296244v1","692686","692964","72","187561683"
"chr3","188256870","188257167","KN296036v1","1960870","1961169","20","186296000"
"chr3","188272577","188272745","KN296036v1","1945041","1945214","10","186327536"
"chr3","188272746","188273037","KN296036v1","1944746","1945040","38","186328000"
"chr3","188273038","188273172","KN296036v1","1944602","1944745","16","186328436"
"chr3","188283558","188283859","KN296036v1","1933886","1934196","30","186349672"
"chr3","188285496","188285767","KN296036v1","1931930","1932202","14","186353566"
"chr3","188298092","188298352","KN296036v1","1918170","1918430","18","186379922"
"chr3","188313735","188313875","KN296036v1","1891268","1891396","17","186422467"
"chr3","188314170","188314228","KN295236v1","3467166","3467228","20","184847004"
"chr3","188314507","188314651","KN295236v1","867286","867430","39","187447221"
"chr3","188317654","188317947","KN296036v1","1888040","1888339","28","186429614"
"chr3","188319702","188320009","KN296036v1","1881674","1881976","30","186438028"
"chr3","188326333","188326538","KN296036v1","1874635","1874848","22","186451698"
"chr3","188327745","188328026","KN296036v1","1873187","1873469","21","186454558"
"chr3","188329243","188329440","KN295573v1","1162345","1162540","36","187166898"
"chr3","188343681","188343952","KN295343v1","1026743","1027006","58","187316938"
"chr3","188348282","188348571","KN296036v1","1852629","1852907","24","186495653"
"chr3","188351116","188351340","KN296036v1","1849884","1850095","21","186501232"
"chr3","188364730","188365027","KN295343v1","329489","329788","61","188035241"
"chr3","188371910","188372029","KN296036v1","1825927","1826047","13","186545983"
"chr3","188393483","188393656","KN295241v1","13259","13440","48","188380224"
"chr3","188393945","188394070","KN295601v1","1028227","1028352","19","187365718"
"chr3","188480022","188480344","KN296036v1","1724270","1724591","18","186755752"
"chr3","188514181","188514320","KN296036v1","1689867","1690005","11","186824314"
"chr3","188514613","188514783","KN296036v1","1689423","1689582","25","186825190"
"chr3","188528271","188528577","KN296036v1","1675845","1676169","36","186852426"
"chr3","188534704","188535027","KN296036v1","1669242","1669557","36","186865462"
"chr3","188548487","188548696","KN296036v1","1652041","1652246","20","186896446"
"chr3","188563164","188563460","KN296281v1","247098","247400","66","188316066"
"chr3","188567908","188568075","KN295586v1","840841","840989","47","187727067"
"chr3","188595081","188595351","KN296036v1","1597833","1598097","22","186997248"
"chr3","188625894","188626007","KN297190v1","4452179","4452298","20","184173715"
"chr3","188671324","188671613","KN296036v1","1509692","1509986","39","187161632"
"chr3","188711160","188711467","KN294235v1","977321","977625","50","187733839"
"chr3","188719866","188720179","KN296036v1","1459210","1459521","22","187260656"
"chr3","188724220","188724526","KN296036v1","1454406","1454715","36","187269814"
"chr3","188780635","188780931","KN296036v1","1396287","1396579","15","187384348"
"chr3","188792836","188793148","KN296036v1","1382562","1382852","41","187410274"
"chr3","188802520","188802826","KN296311v1","3358167","3358474","63","185444353"
"chr3","188852189","188852460","KN296036v1","1325562","1325829","19","187526627"
"chr3","188854242","188854530","KN297453v1","236468","236758","56","188617774"
"chr3","188865497","188865802","KN297215v1","613495","613796","71","188252002"
"chr3","188880115","188880237","KN296036v1","1295701","1295821","6","187584414"
"chr3","188889692","188889948","KN296036v1","1285710","1285971","22","187603982"
"chr3","188891573","188891873","KN296036v1","1284129","1284418","32","187607444"
"chr3","188895573","188895863","KN296036v1","1279123","1279412","19","187616450"
"chr3","188898324","188898408","KN294806v1","124148","124233","18","188774176"
"chr3","188907023","188907320","KN296036v1","1264947","1265240","22","187642076"
"chr3","188914161","188914442","KN296036v1","1257877","1258154","24","187656284"
"chr3","188934085","188934201","KN295073v1","1062612","1062725","20","187871473"
"chr3","188938550","188938818","KN296036v1","1234425","1234689","28","187704125"
"chr3","188985596","188985803","KN296119v1","2150554","2150763","44","186835042"
"chr3","188988713","188988783","KN295708v1","2717059","2717121","23","186271654"
"chr3","188989087","188989258","KN295722v1","2530724","2530897","31","186458363"
"chr3","188998843","188999022","KN295366v1","360475","360655","40","188638368"
"chr3","189008011","189008309","KN295090v1","2290575","2290869","57","186717436"
"chr3","189055561","189055639","KN296430v1","337676","337753","11","188717885"
"chr3","189068003","189068303","KN296036v1","1107528","1107836","27","187960475"
"chr3","189177842","189178117","KN296036v1","998342","998618","25","188179500"
"chr3","189193771","189193949","KN296036v1","981936","982078","41","188211835"
"chr3","189199333","189199628","KN295074v1","977960","978248","56","188221373"
"chr3","189202495","189202794","KN296036v1","973739","974038","22","188228756"
"chr3","189211370","189211490","KN296036v1","965236","965363","15","188246134"
"chr3","189247125","189247365","KN296036v1","929877","930119","9","188317248"
"chr3","189280728","189281009","KN296036v1","894875","895156","21","188385853"
"chr3","189288506","189288792","KN296036v1","884115","884401","23","188404391"
"chr3","189297176","189297477","KN296036v1","875474","875771","20","188421702"
"chr3","189298580","189298870","KN296036v1","874031","874351","45","188424549"
"chr3","189626915","189627220","KN294257v1","2403021","2403326","67","187223894"
"chr3","189642699","189642823","KN296253v1","543775","543897","19","189098924"
"chr3","189646659","189646772","KN294239v1","990026","990140","17","188656633"
"chr3","189667470","189667762","KN296036v1","816561","816853","22","188850909"
"chr3","189676827","189677124","KN294539v1","2537957","2538257","61","187138870"
"chr3","189680703","189680992","KN296036v1","804204","804510","37","188876499"
"chr3","189702529","189702631","KN296036v1","782024","782126","5","188920505"
"chr3","189715412","189715673","KN296036v1","768923","769179","27","188946489"
"chr3","189727322","189727618","KN295034v1","512631","512930","72","189214691"
"chr3","189734649","189734954","KN296036v1","751894","752181","35","188982755"
"chr3","189738860","189739178","KN294499v1","1293065","1293353","82","188445795"
"chr3","189781655","189781947","KN296036v1","703746","704039","43","189077909"
"chr3","189788787","189789054","KN296036v1","696396","696664","14","189092391"
"chr3","189790857","189791130","KN296036v1","694331","694607","21","189096526"
"chr3","189837336","189837434","KN294873v1","487411","487513","21","189349925"
"chr3","189884781","189885087","KN296036v1","599224","599542","45","189285557"
"chr3","189909027","189909143","KN295368v1","1825999","1826117","12","188083028"
"chr3","189921616","189921918","KN294499v1","2466913","2467200","59","187454703"
"chr3","189947647","189947941","KN296036v1","534815","535120","36","189412832"
"chr3","189975496","189975647","KN296859v1","36614","36763","32","189938882"
"chr3","190043705","190044020","KN296036v1","459000","459279","60","189584705"
"chr3","190057394","190057501","KN295573v1","1590751","1590861","18","188466643"
"chr3","190129641","190129855","KN296036v1","371148","371359","19","189758493"
"chr3","190177667","190177960","KN296036v1","323175","323469","17","189854492"
"chr3","190216466","190216767","KN296036v1","284241","284552","29","189932225"
"chr3","190292091","190292340","KN296036v1","206476","206719","35","190085615"
"chr3","190322335","190322646","KN295988v1","1298782","1299086","63","189023553"
"chr3","190342659","190342913","KN296036v1","154941","155208","24","190187718"
"chr3","190348926","190349060","KN296036v1","148510","148634","16","190200416"
"chr3","190387259","190387486","KN296036v1","108564","108806","47","190278695"
"chr3","190404484","190404793","KN294873v1","1518576","1518882","56","188885908"
"chr3","190420889","190421175","KN296036v1","76624","76907","21","190344265"
"chr3","190511219","190511501","KN294848v1","191607","191898","67","190319612"
"chr3","190648955","190649236","KN296303v1","655132","655402","49","189993823"
"chr3","190680896","190681193","KN294991v1","693040","693334","59","189987856"
"chr3","190682600","190682907","KN296538v1","1793220","1793524","57","188889380"
"chr3","190705923","190706049","KN294467v1","32975","33096","15","190672948"
"chr3","190708979","190709120","KN294570v1","180092","180235","25","190528887"
"chr3","190709453","190709617","KN296319v1","797175","797335","28","189912278"
"chr3","190808767","190809052","KN294539v1","1350436","1350725","55","189458331"
"chr3","190926388","190926505","KN295936v1","1084591","1084708","14","189841797"
"chr3","190962145","190962442","KN295352v1","1335884","1336186","69","189626261"
"chr3","190991985","190992288","KN296864v1","3187581","3187876","58","187804404"
"chr3","190998007","190998279","KN296200v1","235687","235956","54","190762320"
"chr3","191013514","191013637","KN297369v1","2119225","2119349","22","188894289"
"chr3","191036568","191036686","KN295480v1","3216966","3217084","25","187819602"
"chr3","191055453","191055563","KN296178v1","924144","924248","28","190131309"
"chr3","191056056","191056289","KN295236v1","852048","852270","92","190204008"
"chr3","191059658","191059818","KN294217v1","898479","898629","41","190161179"
"chr3","191065979","191066282","KN297094v1","278575","278875","55","190787404"
"chr3","191092222","191092496","KN296308v1","149102","149374","69","190943120"
"chr3","191113706","191114002","KN297245v1","2036362","2036663","48","189077344"
"chr3","191119654","191119939","KN296025v1","309982","310266","64","190809672"
"chr3","191119949","191120265","KN296460v1","344601","344912","80","190775348"
"chr3","191157053","191157323","KN295893v1","208119","208372","64","190948934"
"chr3","191178871","191178991","KN294235v1","784908","785024","20","190393963"
"chr3","191183887","191184176","KN294842v1","904138","904435","64","190279749"
"chr3","191219762","191219953","KN294181v1","1481653","1481839","50","189738109"
"chr3","191223408","191223687","KN297095v1","2221896","2222176","63","189001512"
"chr3","191253493","191253790","KN295988v1","1298782","1299086","64","189954711"
"chr3","191265807","191266119","KN294457v1","994560","994857","84","190271247"
"chr3","191266300","191266594","KN296982v1","225127","225419","60","191041173"
"chr3","191267498","191267802","KN295667v1","1243145","1243443","62","190024353"
"chr3","191272735","191273043","KN295293v1","281183","281490","66","190991552"
"chr3","191282373","191282635","KN296175v1","353745","354005","67","190928628"
"chr3","191285062","191285338","KN296311v1","7907830","7908116","58","183377232"
"chr3","191325877","191326121","KN295225v1","1807628","1807883","58","189518249"
"chr3","191328575","191328857","KN296311v1","2663581","2663862","59","188664994"
"chr3","191336245","191336542","KN295343v1","329489","329788","73","191006756"
"chr3","191338922","191339216","KN297320v1","1234476","1234772","60","190104446"
"chr3","191340486","191340602","KN294325v1","462364","462478","22","190878122"
"chr3","191361197","191361387","KN295988v1","825364","825541","41","190535833"
"chr3","191394815","191395119","KN294705v1","1338492","1338793","68","190056323"
"chr3","191396032","191396355","KN295294v1","3055745","3056057","73","188340287"
"chr3","191422502","191422793","KN294172v1","439163","439451","56","190983339"
"chr3","191443882","191444019","KN296244v1","516705","516840","23","190927177"
"chr3","191470434","191470749","KN295236v1","4313811","4314107","72","187156623"
"chr3","191479735","191480004","KN294444v1","373486","373751","58","191106249"
"chr3","191480020","191480335","KN296964v1","1747476","1747773","69","189732544"
"chr3","191516967","191517305","KN294539v1","571710","572018","97","190945257"
"chr3","191528530","191528707","KN295480v1","2924977","2925151","52","188603553"
"chr3","191591909","191592208","KN297112v1","5686977","5687279","62","185904932"
"chr3","191596374","191596468","KN296536v1","230986","231083","22","191365388"
"chr3","191662459","191662737","KN296079v1","23760","24040","51","191638699"
"chr3","191826184","191826519","KN295697v1","618718","619036","85","191207466"
"chr3","191869228","191869472","KN295327v1","271150","271390","60","191598078"
"chr3","191889838","191889964","KN297095v1","2530131","2530260","22","189359707"
"chr3","191904292","191904604","KN294668v1","4137999","4138299","60","187766293"
"chr3","191930142","191930268","KN296119v1","2560052","2560180","24","189370090"
"chr3","191978893","191979197","KN295119v1","13309","13606","59","191965584"
"chr3","192046393","192046683","KN295365v1","618540","618829","55","191427853"
"chr3","192048509","192048793","KN296505v1","21654","21951","67","192026855"
"chr3","192061163","192061460","KN296187v1","803116","803397","59","191258047"
"chr3","192062875","192063000","KN295260v1","2321297","2321415","20","189741578"
"chr3","192078073","192078273","KN296306v1","1738874","1739069","53","190339199"
"chr3","192132077","192132359","KN296119v1","2077115","2077390","63","190054962"
"chr3","192135668","192135960","KN296503v1","548953","549247","54","191586715"
"chr3","192250593","192250919","KN294668v1","1984173","1984488","27","190266420"
"chr3","192251760","192251909","KN294733v1","16870","17011","30","192234890"
"chr3","192252237","192252417","KN296119v1","1856750","1856916","43","190395487"
"chr3","192257239","192257515","KN294668v1","1997304","1997588","22","190259935"
"chr3","192295743","192296031","KN294668v1","2036352","2036641","13","190259391"
"chr3","192343315","192343579","KN294668v1","2075847","2076129","32","190267468"
"chr3","192366494","192366646","KN294668v1","2101215","2101377","22","190265279"
"chr3","192367875","192368042","KN295722v1","2530724","2530897","34","189837151"
"chr3","192390566","192390885","KN296138v1","527574","527880","70","191862992"
"chr3","192435505","192435795","KN294668v1","2159050","2159345","25","190276455"
"chr3","192489036","192489329","KN294668v1","2214719","2215008","48","190274317"
"chr3","192491396","192491683","KN294668v1","2217063","2217349","25","190274333"
"chr3","192529291","192529461","KN294668v1","2254264","2254428","16","190275027"
"chr3","192593724","192594030","KN294668v1","2316755","2317061","31","190276969"
"chr3","192609741","192610042","KN294668v1","2331988","2332262","44","190277753"
"chr3","192633789","192634088","KN294703v1","201739","202037","66","192432050"
"chr3","192681372","192681691","KN294668v1","2394376","2394680","49","190286996"
"chr3","192820724","192821012","KN294416v1","508964","509244","60","192311760"
"chr3","192892432","192892739","KN294668v1","2609024","2609317","32","190283408"
"chr3","192901090","192901213","KN294668v1","2617516","2617639","9","190283574"
"chr3","192921435","192921760","KN294668v1","2636885","2637203","31","190284550"
"chr3","192965942","192966202","KN294668v1","2683232","2683482","24","190282710"
"chr3","192984945","192985244","KN294668v1","2703954","2704259","24","190280991"
"chr3","192987209","192987424","KN294668v1","2706245","2706467","16","190280964"
"chr3","193010124","193010432","KN295923v1","1997557","1997864","69","191012567"
"chr3","193030145","193030454","KN294668v1","2746291","2746602","27","190283854"
"chr3","193039041","193039166","KN296253v1","543775","543897","17","192495266"
"chr3","193338731","193339029","KN296404v1","3404152","3404452","64","189934579"
"chr3","193364833","193364950","KN295236v1","1631207","1631327","18","191733626"
"chr3","193365007","193365154","KN295304v1","193569","193716","26","193171438"
"chr3","193371655","193371931","KN294172v1","5859145","5859420","74","187512510"
"chr3","193419872","193420163","KN294668v1","3053739","3054025","18","190366133"
"chr3","193432659","193432928","KN294668v1","3067260","3067531","33","190365399"
"chr3","193495410","193495693","KN296883v1","1622720","1623008","65","191872690"
"chr3","193508131","193508464","KN296311v1","3358167","3358474","72","190149964"
"chr3","193717756","193718033","KN296635v1","3038634","3038925","67","190679122"
"chr3","193751038","193751333","KN294668v1","3372137","3372432","21","190378901"
"chr3","193835733","193835959","KN294856v1","383253","383488","60","193452480"
"chr3","193848161","193848465","KN294668v1","3467621","3467926","15","190380540"
"chr3","193881971","193882269","KN297274v1","350272","350572","67","193531699"
"chr3","193897657","193897942","KN294668v1","3519448","3519706","39","190378209"
"chr3","193967305","193967514","KN296829v1","499805","499999","47","193467500"
"chr3","193980645","193980942","KN294668v1","3598023","3598316","21","190382622"
"chr3","193989670","193989963","KN294668v1","3607561","3607850","28","190382109"
"chr3","194078053","194078278","KN294613v1","167432","167663","51","193910621"
"chr3","194307044","194307338","KN294668v1","3930012","3930306","30","190377032"
"chr3","194424456","194424689","KN294668v1","4055256","4055480","32","190369200"
"chr3","194461424","194461597","KN295441v1","1394531","1394693","40","193066893"
"chr3","194497730","194498035","KN294668v1","4137999","4138299","15","190359731"
"chr3","194506926","194507217","KN294668v1","4147317","4147615","28","190359609"
"chr3","194512750","194513033","KN294668v1","4152842","4153121","22","190359908"
"chr3","194575656","194575944","KN294668v1","4212719","4213015","27","190362937"
"chr3","194636272","194636510","KN295923v1","666673","666896","65","193969599"
"chr3","194646549","194646837","KN296596v1","31975","32261","40","194614574"
"chr3","194715964","194716272","KN296596v1","103142","103461","34","194612822"
"chr3","194774191","194774401","KN296596v1","163381","163597","23","194610810"
"chr3","194814943","194815232","KN296596v1","201560","201852","28","194613383"
"chr3","194895778","194896102","KN296596v1","277846","278156","30","194617932"
"chr3","194914857","194915130","KN296596v1","298138","298411","22","194616719"
"chr3","194934210","194934479","KN296596v1","317636","317901","20","194616574"
"chr3","194986381","194986686","KN296263v1","950807","951100","67","194035574"
"chr3","195339002","195339292","KN297319v1","595563","595848","56","194743439"
"chr3","195424449","195424696","KN296926v1","639892","640137","72","194784557"
"chr3","195476910","195477153","KN297242v1","1426013","1426260","58","194050897"
"chr3","195477160","195477298","KN294630v1","59491","59629","25","195417669"
"chr3","195508905","195509115","KN294949v1","855888","856100","49","194653017"
"chr3","195525047","195525146","KN295236v1","349573","349672","14","195175474"
"chr3","195552994","195553296","KN296852v1","209728","210020","75","195343266"
"chr3","195762439","195762749","KN294540v1","924695","925004","66","194837744"
"chr3","195835817","195836122","KN296225v1","560393","560689","78","195275424"
"chr3","195904572","195904860","KN295744v1","654344","654638","64","195250228"
"chr3","195948830","195949132","KN297184v1","1021901","1022202","77","194926929"
"chr3","195967317","195967610","KN294747v1","836910","837206","71","195130407"
"chr3","196146169","196146457","KN296732v1","2327209","2327498","59","193818960"
"chr3","196151944","196152218","KN294187v1","561844","562118","70","195590100"
"chr3","196281125","196281375","KN294790v1","3440346","3440593","57","192840779"
"chr3","196315363","196315653","KN296864v1","3187581","3187876","69","193127782"
"chr3","196392663","196392937","KN297046v1","3036778","3037058","84","193355885"
"chr3","196442242","196442530","KN295883v1","657716","658004","54","195784526"
"chr3","196599949","196600228","KN294199v1","65187","65474","74","196534762"
"chr3","196606010","196606317","KN296247v1","599980","600284","74","196006030"
"chr3","196647427","196647647","KN294471v1","319492","319708","61","196327935"
"chr3","196647909","196648018","KN296247v1","792621","792730","27","195855288"
"chr3","196680662","196680948","KN294996v1","423057","423352","71","196257605"
"chr3","196739796","196740090","KN296145v1","1496963","1497260","63","195242833"
"chr3","196757802","196758042","KN295350v1","535167","535405","62","196222635"
"chr3","196888759","196889015","KN297165v1","972667","972919","61","195916092"
"chr3","196980753","196981006","KN294467v1","317401","317644","61","196663352"
"chr3","197144042","197144219","KN296119v1","2256663","2256829","53","194887379"
"chr3","197219635","197219901","KN297304v1","24496","24760","64","197195139"
"chr3","197413563","197413878","KN296982v1","663318","663616","71","196750245"
"chr3","197435588","197435860","KN294874v1","30226","30506","62","197405362"
"chr3","197485146","197485430","KN296187v1","1240968","1241249","61","196244178"
"chr3","197507329","197507624","KN296119v1","3026168","3026454","68","194481161"
"chr3","197536203","197536339","KN296153v1","3545336","3545472","18","193990867"
"chr3","197536643","197536739","KN295236v1","3673084","3673176","27","193863559"
"chr3","197550415","197550718","KN296290v1","504259","504560","24","197046156"
"chr3","197561752","197561920","KN296290v1","516877","517052","17","197044875"
"chr3","197567862","197568098","KN295995v1","513469","513715","71","197054393"
"chr3","197568402","197568524","KN296290v1","524200","524318","10","197044202"
"chr3","197569954","197570231","KN296290v1","525742","525984","56","197044212"
"chr3","197571013","197571171","KN294325v1","169199","169356","37","197401814"
"chr3","197605012","197605295","KN296290v1","562230","562515","28","197042782"
"chr3","197614485","197614788","KN296290v1","570044","570349","28","197044441"
"chr3","197640494","197640749","KN296290v1","598080","598375","55","197042414"
"chr3","197641152","197641440","KN296290v1","598739","599027","16","197042413"
"chr3","197679961","197680362","KN296290v1","636492","636846","112","197043469"
"chr3","197733139","197733424","KN296290v1","692545","692825","32","197040594"
"chr3","197745333","197745552","KN295898v1","166973","167181","47","197578360"
"chr3","197753732","197754030","KN294499v1","2389424","2389735","69","195364308"
"chr3","197756676","197756980","KN296290v1","718335","718632","23","197038341"
"chr3","197781627","197781926","KN295343v1","329489","329788","54","197452138"
"chr3","197796364","197796604","KN296290v1","756517","756757","18","197039847"
"chr3","197798637","197798761","KN297095v1","2422696","2422821","21","195375941"
"chr3","197807726","197808014","KN296290v1","768360","768648","27","197039366"
"chr3","197820823","197821109","KN296290v1","782245","782534","26","197038578"
"chr3","197835118","197835398","KN295705v1","1506369","1506649","48","196328749"
"chr3","197838848","197839091","KN297422v1","150212","150459","47","197688636"
"chr3","197852083","197852383","KN296290v1","808770","809065","22","197043313"
"chr3","197862059","197862360","KN296290v1","817697","818003","23","197044362"
"chr3","197865593","197865729","KN296290v1","821580","821716","12","197044013"
"chr3","197866036","197866178","KN296290v1","822028","822171","11","197044008"
"chr3","197868582","197868899","KN296290v1","824894","825200","33","197043688"
"chr3","197876764","197877050","KN296290v1","833138","833436","26","197043626"
"chr3","197882328","197882627","KN296290v1","838764","839055","30","197043564"
"chr3","197904401","197904680","KN294304v1","28243","28516","67","197876158"
"chr3","197915994","197916113","KN297219v1","1663424","1663545","38","196252570"
"chr3","197921761","197922041","KN296290v1","885027","885309","27","197036734"
"chr3","197929979","197930195","KN296290v1","893663","893878","17","197036316"
"chr3","197961102","197961281","KN296290v1","929613","929787","17","197031489"
"chr3","197965780","197966086","KN296290v1","934262","934570","21","197031518"
"chr3","197987386","197987684","KN296290v1","955477","955779","25","197031909"
"chr3","198008477","198008769","KN296290v1","976963","977245","29","197031514"
"chr3","198010027","198010322","KN296290v1","978496","978776","32","197031531"
"chr3","198017457","198017586","KN296290v1","985003","985132","6","197032454"
"chr3","198032195","198032338","KN295814v1","1078558","1078697","24","196953637"
"chr3","198056657","198056772","KN296290v1","1019201","1019316","7","197037456"
"chr3","198056801","198056948","KN294373v1","1400461","1400612","35","196656340"
"chr3","198098844","198099192","KN296290v1","1062352","1062697","30","197036492"
"chr3","198117060","198117176","KN296726v1","1133896","1134009","13","196983164"
"chr3","198134707","198134923","KN296290v1","1102813","1103026","36","197031894"
"chr3","198150688","198150796","KN294372v1","1668781","1668894","24","196481907"
"chr3","198235230","198235489","KN296290v1","1200266","1200525","22","197034964"
"chr3","198242485","198242792","KN296290v1","1207453","1207739","40","197035032"
"chr3","198255391","198255685","KN296290v1","1220095","1220389","27","197035296"
"chr3","198261918","198262177","KN296290v1","1226815","1227075","22","197035103"
"chr3","198263647","198263946","KN296290v1","1228863","1229164","29","197034784"
"chr3","198286295","198286599","KN297245v1","2036362","2036663","57","196249933"
"chr3","198288694","198288991","KN296290v1","1252498","1252783","30","197036196"
"chr3","198295693","198295959","KN297184v1","1275655","1275938","67","197020038"
"chr3","198301465","198301593","KN296290v1","1270957","1271085","4","197030508"
"chr3","198302321","198302462","KN296187v1","2384785","2384930","43","195917536"
"chr3","198332923","198333040","KN296290v1","1302419","1302534","5","197030504"
"chr3","198395302","198395425","KN296290v1","1364879","1365002","5","197030423"
"chr3","198399565","198399846","KN296290v1","1369272","1369563","26","197030293"
"chr3","198403655","198403818","KN296290v1","1373360","1373514","19","197030295"
"chr3","198404110","198404243","KN296290v1","1373821","1373953","10","197030289"
"chr3","198405926","198406099","KN296119v1","5245183","5245350","37","193160743"
"chr3","198406404","198406548","KN294378v1","840538","840681","28","197565866"
"chr3","198410826","198410950","KN296290v1","1378318","1378441","6","197032508"
"chr3","198423473","198423761","KN296290v1","1391252","1391552","26","197032221"
"chr3","198535294","198535608","KN296290v1","1501256","1501570","19","197034038"
"chr3","198542654","198542963","KN296290v1","1508597","1508906","19","197034057"
"chr3","198543288","198543585","KN296290v1","1509244","1509527","35","197034044"
"chr3","198604557","198604854","KN294848v1","11435","11727","57","198593122"
"chr3","198650812","198650931","KN296290v1","1619349","1619468","9","197031463"
"chr3","198650984","198651157","KN296290v1","1619509","1619681","15","197031475"
"chr3","198653358","198653675","KN296290v1","1621747","1622066","26","197031611"
"chr3","198764193","198764502","KN297240v1","83671","83965","75","198680522"
"chr3","198926846","198927120","KN296290v1","1888904","1889165","31","197037942"
"chr3","198970103","198970417","KN296290v1","1930125","1930406","52","197039978"
"chr3","198988433","198988628","KN296290v1","1948454","1948650","29","197039979"
"chr3","199050779","199051048","KN295601v1","3005471","3005742","49","196045308"
"chr3","199115969","199116262","KN296290v1","2075099","2075390","13","197040870"
"chr3","199137018","199137277","KN296290v1","2095595","2095855","12","197041423"
"chr3","199245677","199245981","KN296290v1","2200400","2200731","57","197045277"
"chr3","199303474","199303760","KN296290v1","2254308","2254594","15","197049166"
"chr3","199310481","199310704","KN296290v1","2261675","2261898","14","197048806"
"chr3","199351335","199351637","KN296290v1","2305104","2305406","16","197046231"
"chr3","199353723","199354005","KN296290v1","2307448","2307754","30","197046275"
"chr3","199473262","199473596","KN296290v1","2429784","2430069","61","197043478"
"chr3","199672144","199672268","KN297038v1","2847007","2847131","9","196825137"
"chr3","199831747","199832091","KN297038v1","2696251","2696544","75","197135496"
"chr3","199873235","199873547","KN297038v1","2657319","2657609","41","197215916"
"chr3","199920944","199921220","KN297038v1","2609591","2609891","42","197311353"
"chr3","199938322","199938473","KN295907v1","507570","507720","34","199430752"
"chr3","200016417","200016707","KN294728v1","717732","718018","66","199298685"
"chr3","200222166","200222489","KN296119v1","5385215","5385515","67","194836951"
"chr3","200259713","200260015","KN294747v1","996390","996689","63","199263323"
"chr3","200273751","200274042","KN294421v1","655580","655864","70","199618171"
"chr3","200311745","200312033","KN297038v1","2203175","2203455","28","198108570"
"chr3","200395437","200395572","KN297165v1","608618","608750","21","199786819"
"chr3","200446092","200446330","KN297038v1","2073813","2074049","21","198372279"
"chr3","200455305","200455433","KN297038v1","2064958","2065086","11","198390347"
"chr3","200471040","200471318","KN297038v1","2048770","2049048","18","198422270"
"chr3","200489575","200489685","KN297038v1","2029665","2029780","18","198459910"
"chr3","200518735","200519022","KN297038v1","1998928","1999211","35","198519807"
"chr3","200537494","200537801","KN297038v1","1980190","1980496","22","198557304"
"chr3","200559815","200560043","KN297038v1","1957194","1957422","14","198602621"
"chr3","200610652","200610925","KN297038v1","1907559","1907831","17","198703093"
"chr3","200677212","200677406","KN295744v1","654144","654333","41","200023068"
"chr3","200677603","200677903","KN297038v1","1834351","1834636","33","198843252"
"chr3","200684510","200684797","KN297038v1","1827832","1828123","25","198856678"
"chr3","200737044","200737344","KN296210v1","783055","783351","71","199953989"
"chr3","200796083","200796340","KN297038v1","1712159","1712405","55","199083924"
"chr3","200983380","200983653","KN294486v1","1814732","1815013","63","199168648"
"chr3","201084699","201085004","KN297038v1","1397464","1397776","26","199687235"
"chr3","201147873","201147964","KN297038v1","1338042","1338133","5","199809831"
"chr3","201164817","201165109","KN296404v1","2213181","2213474","56","198951636"
"chr3","201184046","201184348","KN295820v1","958529","958823","69","200225517"
"chr3","201184533","201184839","KN297038v1","1298945","1299240","34","199885588"
"chr3","201202327","201202624","KN295586v1","2712809","2713101","67","198489518"
"chr3","201268689","201268985","KN297038v1","1220636","1220927","26","200048053"
"chr3","201274344","201274573","KN297038v1","1215123","1215353","11","200059221"
"chr3","201280976","201281279","KN296404v1","3404152","3404452","52","197876824"
"chr3","201303254","201303548","KN297038v1","1185949","1186234","30","200117305"
"chr3","201315639","201315925","KN297038v1","1173285","1173590","40","200142354"
"chr3","201367504","201367832","KN297038v1","1120788","1121111","35","200246716"
"chr3","201382303","201382509","KN297038v1","1108438","1108670","36","200273865"
"chr3","201400881","201401108","KN297038v1","1089164","1089389","53","200311717"
"chr3","201463133","201463451","KN297038v1","1024886","1025203","22","200438247"
"chr3","201492953","201493241","KN297038v1","993984","994271","27","200498969"
"chr3","201507597","201507887","KN296404v1","3404152","3404452","62","198103445"
"chr3","201581475","201581784","KN296158v1","77381","77686","62","201504094"
"chr3","201607944","201608132","KN294873v1","1900668","1900857","41","199707276"
"chr3","201614341","201614508","KN296646v1","1886088","1886235","43","199728253"
"chr3","201614509","201614807","KN297038v1","868588","868903","42","200745921"
"chr3","201614808","201614831","KN297038v1","868563","868587","4","200746245"
"chr3","201615134","201615308","KN297038v1","868088","868263","8","200747046"
"chr3","201690439","201690714","KN297038v1","794440","794726","51","200895999"
"chr3","201723235","201723364","KN297038v1","760839","760966","8","200962396"
"chr3","201723395","201723507","KN297038v1","760680","760797","8","200962715"
"chr3","201757220","201757357","KN295533v1","2521869","2522001","25","199235351"
"chr3","201763669","201763972","KN297038v1","720561","720863","37","201043108"
"chr3","201775047","201775244","KN297038v1","710247","710444","8","201064800"
"chr3","201817696","201817980","KN297038v1","665770","666040","34","201151926"
"chr3","201855763","201856069","KN296311v1","5502562","5502873","63","196353201"
"chr3","201902807","201903109","KN297038v1","565115","565421","27","201337692"
"chr3","201908207","201908519","KN297038v1","559555","559868","27","201348652"
"chr3","201924585","201924868","KN297038v1","543759","544059","40","201380826"
"chr3","201959722","201960026","KN297038v1","508453","508762","28","201451269"
"chr3","201984357","201984488","KN294456v1","874600","874718","26","201109757"
"chr3","202052263","202052373","KN294499v1","488041","488151","19","201564222"
"chr3","202092577","202092711","KN297038v1","371868","372002","8","201720709"
"chr3","202093003","202093190","KN297038v1","371406","371566","44","201721597"
"chr3","202113845","202114028","KN297038v1","350070","350253","18","201763775"
"chr3","202121894","202122201","KN297038v1","341286","341595","37","201780608"
"chr3","202122926","202123047","KN297038v1","340431","340552","8","201782495"
"chr3","202145100","202145287","KN294367v1","35338","35523","56","202109762"
"chr3","202145325","202145460","KN296063v1","959831","959963","29","201185494"
"chr3","202215064","202215170","KN296513v1","247185","247292","20","201967879"
"chr3","202231394","202231683","KN297038v1","233786","234072","30","201997608"
"chr3","202260134","202260256","KN297038v1","206957","207078","12","202053177"
"chr3","202276740","202277041","KN295459v1","1047081","1047366","79","201229659"
"chr3","202321719","202321848","KN297038v1","144187","144312","12","202177532"
"chr3","202348566","202348845","KN296200v1","235687","235956","59","202112879"
"chr3","202397263","202397570","KN297038v1","74235","74540","24","202323028"
"chr3","202485575","202485864","KN294199v1","65187","65474","62","202420388"
"chr3","202492054","202492275","KN294471v1","319492","319708","53","202172562"
"chr3","202499201","202499490","KN296682v1","3974867","3975149","58","198524334"
"chr3","202522929","202523244","KN296311v1","3358167","3358474","61","199164762"
"chr3","202525450","202525734","KN296311v1","375827","376114","56","202149623"
"chr3","202614824","202615123","KN295343v1","329489","329788","63","202285335"
"chr3","202646868","202647139","KN296743v1","387181","387464","53","202259687"
"chr3","202665275","202665445","KN296435v1","2316351","2316515","35","200348924"
"chr3","202675883","202676182","KN295090v1","1856219","1856519","65","200819664"
"chr3","202784788","202785098","KN296225v1","178446","178755","69","202606342"
"chr3","202810334","202810456","KN295744v1","449867","449990","17","202360467"
"chr3","202882121","202882263","KN295533v1","2521869","2522001","31","200360252"
"chr3","202892181","202892485","KN296486v1","1505649","1505946","78","201386532"
"chr3","202934962","202935241","KN294187v1","1653394","1653672","58","201281568"
"chr3","202940071","202940398","KN294172v1","841497","841800","84","202098574"
"chr3","202945245","202945405","KN295573v1","562739","562896","44","202382506"
"chr3","202945713","202946018","KN296157v1","3000101","3000389","68","199945612"
"chr3","202996929","202997193","KN295294v1","399696","399959","55","202597233"
"chr3","202998544","202998782","KN296404v1","2707831","2708052","74","200290713"
"chr3","203003215","203003354","KN295523v1","1088645","1088770","31","201914570"
"chr3","203010223","203010295","KN294614v1","678736","678808","17","202331487"
"chr3","203020573","203020871","KN297320v1","1234476","1234772","63","201786097"
"chr3","203021307","203021591","KN294987v1","797207","797503","52","202224100"
"chr3","203022100","203022368","KN294378v1","1608627","1608901","65","201413473"
"chr3","203028225","203028519","KN297219v1","667639","667936","58","202360586"
"chr3","203039228","203039538","KN295923v1","1865374","1865671","69","201173854"
"chr3","203044295","203044595","KN296682v1","4680106","4680412","49","198364189"
"chr3","203057519","203057672","KN295350v1","21650","21804","28","203035869"
"chr3","203057977","203058107","KN295967v1","501510","501643","28","202556467"
"chr3","203091767","203092053","KN294499v1","2466913","2467200","64","200624854"
"chr3","203114824","203115136","KN296225v1","178446","178755","69","202936378"
"chr3","203116823","203117126","KN294991v1","693040","693334","59","202423783"
"chr3","203140612","203140889","KN296732v1","2262561","2262837","67","200878051"
"chr3","203249950","203250196","KN295366v1","235009","235241","54","203014941"
"chr3","203261965","203262272","KN295705v1","402163","402460","65","202859802"
"chr3","203265002","203265290","KN295586v1","2908076","2908370","61","200356926"
"chr3","203318196","203318504","KN295923v1","1997557","1997864","64","201320639"
"chr3","203325940","203326097","KN294385v1","184854","185010","31","203141086"
"chr3","203340589","203340865","KN296424v1","624907","625180","70","202715682"
"chr3","203372005","203372292","KN294458v1","108828","109115","56","203263177"
"chr3","203377850","203377970","KN294977v1","106408","106527","20","203271442"
"chr3","203383124","203383292","KN295090v1","1844954","1845132","42","201538170"
"chr3","203399978","203400296","KN295243v1","709055","709361","81","202690923"
"chr3","203400977","203401194","KN295077v1","503920","504133","49","202897057"
"chr3","203421007","203421122","KN295459v1","1077631","1077747","18","202343376"
"chr3","203432206","203432321","KN296646v1","314099","314214","16","203118107"
"chr3","203432508","203432644","KN296158v1","480140","480278","31","202952368"
"chr3","203433814","203434110","KN295090v1","2290575","2290869","51","201143239"
"chr3","203439886","203440097","KN296507v1","389687","389909","52","203050199"
"chr3","203454402","203454527","KN297322v1","1235273","1235405","22","202219129"
"chr3","203458342","203458649","KN296247v1","230726","231032","64","203227616"
"chr3","203460060","203460322","KN296096v1","1827942","1828211","50","201632118"
"chr3","203489126","203489214","KN296101v1","54132","54222","16","203434994"
"chr3","203509086","203509316","KN295923v1","1292660","1292892","48","202216426"
"chr3","203514092","203514376","KN297322v1","1707777","1708054","56","201806315"
"chr3","203517640","203517813","KN295573v1","79206","79378","40","203438434"
"chr3","203528300","203528605","KN295705v1","643615","643917","60","202884685"
"chr3","203543396","203543707","KN294147v1","30187","30495","63","203513209"
"chr3","203547646","203547939","KN295343v1","329489","329788","57","203218157"
"chr3","203548101","203548241","KN295350v1","640869","641011","31","202907232"
"chr3","203556534","203556831","KN295573v1","559599","559897","53","202996935"
"chr3","203560129","203560406","KN296643v1","490144","490429","59","203069985"
"chr3","203560493","203560684","KN295984v1","1083238","1083417","59","202477255"
"chr3","203560985","203561120","KN296101v1","34946","35080","21","203526039"
"chr3","203570592","203570834","KN294291v1","861781","862027","52","202708811"
"chr3","203578349","203578483","KN294410v1","495531","495660","25","203082818"
"chr3","203579058","203579236","KN294470v1","1437089","1437265","43","202141969"
"chr3","203597805","203597927","KN294879v1","176643","176766","20","203421162"
"chr3","203599717","203599847","KN294613v1","364447","364551","43","203235270"
"chr3","203603499","203603788","KN297327v1","565916","566205","57","203037583"
"chr3","203608160","203608461","KN295586v1","1049481","1049781","61","202558679"
"chr3","203621886","203622180","KN295045v1","414971","415269","56","203206915"
"chr3","203654641","203654690","KN294407v1","2464262","2464309","10","201190379"
"chr3","203655171","203655454","KN297095v1","2221896","2222176","65","201433275"
"chr3","203658530","203658851","KN294540v1","1283593","1283897","91","202374937"
"chr3","203659104","203659381","KN296538v1","1331860","1332142","66","202327244"
"chr3","203662080","203662213","KN294407v1","2445687","2445818","25","201216393"
"chr3","203677498","203677788","KN296635v1","2669799","2670080","69","201007699"
"chr3","203678993","203679281","KN297319v1","595563","595848","55","203083430"
"chr3","203686642","203686936","KN296864v1","2917034","2917326","60","200769608"
"chr3","203687661","203687939","KN296009v1","134828","135122","77","203552833"
"chr3","203704673","203704990","KN295022v1","352501","352813","78","203352172"
"chr3","203709279","203709566","KN294399v1","99813","100114","68","203609466"
"chr3","203709616","203709707","KN294199v1","1132602","1132684","23","202577014"
"chr3","203711465","203711750","KN296486v1","852452","852739","68","202859013"
"chr3","203712495","203712618","KN295350v1","572005","572123","26","203140490"
"chr3","203717161","203717456","KN295349v1","58082","58373","63","203659079"
"chr3","203724683","203724977","KN297442v1","1309953","1310243","68","202414730"
"chr3","203730125","203730314","KN296635v1","743581","743771","60","202986544"
"chr3","203734297","203734445","KN296495v1","1943256","1943403","47","201791041"
"chr3","203734446","203734602","KN296538v1","142589","142742","36","203591857"
"chr3","203734603","203734657","KN295302v1","404099","404153","16","203330504"
"chr3","203738448","203738611","KN297046v1","1006658","1006824","40","202731790"
"chr3","203739804","203739975","KN296153v1","2814545","2814730","52","200925259"
"chr3","203742455","203742561","KN294592v1","1021008","1021119","22","202721447"
"chr3","203742860","203743069","KN294848v1","621168","621374","58","203121692"
"chr3","203744074","203744376","KN295893v1","5544382","5544679","73","198199692"
"chr3","203765915","203766203","KN296153v1","1563181","1563472","62","202202734"
"chr3","203768892","203768975","KN296588v1","647835","647916","17","203121057"
"chr3","203772198","203772496","KN297008v1","1477900","1478200","57","202294298"
"chr3","203784243","203784375","KN294404v1","48270","48399","25","203735973"
"chr3","203797985","203798263","KN294987v1","1057735","1058001","66","202740250"
"chr3","203799972","203800236","KN296643v1","417188","417454","55","203382784"
"chr3","203823104","203823400","KN294407v1","939460","939762","59","202883644"
"chr3","203830406","203830531","KN297360v1","262182","262307","23","203568224"
"chr3","203840585","203840708","KN294467v1","32975","33096","18","203807610"
"chr3","203844908","203845200","KN294848v1","191607","191898","63","203653301"
"chr3","203860194","203860407","KN295983v1","449805","450015","38","203410389"
"chr3","203894203","203894508","KN294848v1","387189","387474","87","203507014"
"chr3","203894558","203894778","KN294733v1","13674","13893","36","203880884"
"chr3","203898396","203898694","KN296406v1","163962","164264","55","203734434"
"chr3","203924866","203925171","KN296404v1","1140358","1140668","65","202784508"
"chr3","203953570","203953867","KN296280v1","645706","646016","64","203307864"
"chr3","203994751","203995055","KN296381v1","114116","114418","72","203880635"
"chr3","203998090","203998370","KN294486v1","131299","131579","54","203866791"
"chr3","203999585","203999778","KN295205v1","748831","748999","57","203250754"
"chr3","204005333","204005642","KN296588v1","912493","912785","66","203092840"
"chr3","204036580","204036699","KN296210v1","401227","401323","38","203635353"
"chr3","204049800","204049945","KN296731v1","1354714","1354866","34","202695086"
"chr3","204050257","204050300","KN295236v1","3505020","3505066","8","200545237"
"chr3","204051175","204051457","KN296311v1","3103604","3103883","54","200947571"
"chr3","204118483","204118774","KN294239v1","1448386","1448679","63","202670097"
"chr3","204130584","204130826","KN296090v1","3910","4139","52","204126674"
"chr3","204156114","204156229","KN294407v1","810526","810642","16","203345588"
"chr3","204159982","204160282","KN296017v1","366720","367014","60","203793262"
"chr3","204170490","204170802","KN295962v1","1969536","1969818","83","202200954"
"chr3","204177810","204178043","KN295607v1","4408934","4409181","68","199768876"
"chr3","204181425","204181696","KN296178v1","950786","951044","66","203230639"
"chr3","204187253","204187564","KN296311v1","3727125","3727424","72","200460128"
"chr3","204192025","204192171","KN296153v1","2414681","2414836","29","201777344"
"chr3","204193771","204193863","KN294199v1","85256","85354","27","204108515"
"chr3","204207782","204208047","KN296682v1","2050362","2050646","63","202157420"
"chr3","204215317","204215450","KN294193v1","48757","48887","18","204166560"
"chr3","204219684","204219942","KN295605v1","232451","232716","60","203987233"
"chr3","204224011","204224174","KN294187v1","1864331","1864493","37","202359680"
"chr3","204224485","204224627","KN296122v1","83204","83339","29","204141281"
"chr3","204232514","204232786","KN294630v1","338170","338446","63","203894344"
"chr3","204275695","204275846","KN297274v1","243045","243193","39","204032650"
"chr3","204275882","204275994","KN296062v1","2178521","2178637","16","202097361"
"chr3","204326615","204326907","KN294848v1","912345","912627","68","203414270"
"chr3","204337926","204338225","KN296864v1","3187581","3187876","65","201150345"
"chr3","204358453","204358747","KN297146v1","196117","196406","59","204162336"
"chr3","204360677","204361001","KN294873v1","1632032","1632340","71","202728645"
"chr3","204364658","204364953","KN296311v1","7907830","7908116","72","196456828"
"chr3","204373434","204373735","KN296635v1","2198159","2198463","66","202175275"
"chr3","204393486","204393794","KN295667v1","1684557","1684863","71","202708929"
"chr3","204399739","204399880","KN294239v1","1871165","1871306","35","202528574"
"chr3","204400559","204400660","KN296404v1","3832307","3832406","18","200568252"
"chr3","204404860","204405127","KN294499v1","241670","241956","78","204163190"
"chr3","204417973","204418273","KN295459v1","697076","697373","59","203720897"
"chr3","204471957","204472253","KN295591v1","745641","745936","50","203726316"
"chr3","204509251","204509480","KN294446v1","219712","219954","64","204289539"
"chr3","204522845","204522941","KN296481v1","500001","500094","21","204022844"
"chr3","204522940","204523015","KN295633v1","2353849","2353921","30","202169091"
"chr3","204546999","204547153","KN296484v1","24680","24839","30","204522319"
"chr3","204552117","204552330","KN295038v1","280109","280313","57","204272008"
"chr3","204554145","204554355","KN294842v1","652037","652250","46","203902108"
"chr3","204563563","204563901","KN294629v1","84311","84634","90","204479252"
"chr3","204685580","204685884","KN295236v1","2331918","2332216","59","202353662"
"chr3","204694305","204694368","KN294739v1","631033","631098","10","204063272"
"chr3","204765592","204765894","KN297320v1","1234476","1234772","47","203531116"
"chr3","204768090","204768165","KN294167v1","39309","39379","14","204728781"
"chr3","204986599","204986885","KN294848v1","387189","387474","56","204599410"
"chr3","205009045","205009163","KN294790v1","4789271","4789391","18","200219774"
"chr3","205013222","205013510","KN295930v1","742582","742860","69","204270640"
"chr3","205017380","205017659","KN296311v1","7444428","7444718","64","197572952"
"chr3","205029986","205030303","KN295350v1","927870","928179","64","204102116"
"chr3","205031902","205032218","KN296588v1","977314","977623","72","204054588"
"chr3","205035431","205035731","KN296404v1","3404152","3404452","61","201631279"
"chr3","205054819","205055117","KN295871v1","375636","375932","66","204679183"
"chr3","205057544","205057806","KN297165v1","1602850","1603127","71","203454694"
"chr3","205068155","205068366","KN295596v1","2032825","2033045","51","203035330"
"chr3","205071073","205071375","KN296496v1","721165","721459","59","204349908"
"chr3","205078027","205078313","KN295586v1","5119872","5120163","59","199958155"
"chr3","205087704","205087998","KN294991v1","439218","439500","79","204648486"
"chr3","205108071","205108358","KN296290v1","1369272","1369563","50","203738799"
"chr3","205110873","205111075","KN294630v1","203601","203797","49","204907272"
"chr3","205113035","205113325","KN296847v1","4573","4868","55","205108462"
"chr3","205124860","205125145","KN296225v1","214782","215070","58","204910078"
"chr3","205127782","205128060","KN294172v1","439163","439451","60","204688619"
"chr3","205136368","205136635","KN295306v1","39726","39996","65","205096642"
"chr3","205136639","205136876","KN297141v1","108795","109035","72","205027844"
"chr3","205171240","205171506","KN297197v1","2039996","2040258","57","203131244"
"chr3","205172901","205173071","KN295343v1","396471","396634","41","204776430"
"chr3","205179698","205179933","KN296966v1","78268","78518","66","205101430"
"chr3","205200374","205200658","KN295803v1","1287741","1288030","54","203912633"
"chr3","205201288","205201537","KN294571v1","1328526","1328776","58","203872762"
"chr3","205225113","205225398","KN296609v1","2015404","2015680","56","203209709"
"chr3","205229987","205230253","KN296365v1","386288","386544","75","204843699"
"chr3","205230643","205230930","KN294260v1","802857","803136","68","204427786"
"chr3","205250508","205250778","KN296726v1","800552","800828","61","204449956"
"chr3","205266742","205266990","KN296485v1","136683","136945","79","205130059"
"chr3","205271866","205272161","KN294446v1","520477","520773","69","204751389"
"chr3","205273687","205273971","KN296263v1","945865","946143","60","204327822"
"chr3","205288122","205288246","KN294917v1","561272","561393","20","204726850"
"chr3","205293445","205293671","KN295923v1","1292660","1292892","55","204000785"
"chr3","205298314","205298444","KN294260v1","658913","659042","23","204639401"
"chr3","205310725","205310994","KN296879v1","1332014","1332291","65","203978711"
"chr3","205322039","205322229","KN294592v1","1308977","1309175","47","204013062"
"chr3","205330526","205330826","KN297320v1","1234476","1234772","64","204096050"
"chr3","205348465","205348756","KN294199v1","65187","65474","61","205283278"
"chr3","205361054","205361342","KN296879v1","85330","85630","58","205275724"
"chr3","205371419","205371720","KN295654v1","11029","11329","49","205360390"
"chr3","205372371","205372647","KN296580v1","108026","108308","72","205264345"
"chr3","205384644","205384909","KN295939v1","8411","8662","36","205376233"
"chr4","97517269","97517571","KN294921v1","698435","698725","60","96818834"
"chr4","59637629","59637790","KN295962v1","286830","286992","36","59350799"
"chr4","74973121","74973410","KN294848v1","1376766","1377061","66","73596355"
"chr4","104595393","104595590","KN294470v1","2050277","2050468","65","102545116"
"chr4","160694123","160694383","KN296096v1","1827942","1828211","46","158866181"
"chr4","163708876","163708991","KN294399v1","13023","13138","20","163695853"
"chr4","179175352","179175568","KN297023v1","829859","830073","57","178345493"
"chr4","181665583","181665807","KN296096v1","1730569","1730789","57","179935014"
"chr4","189267798","189268101","KN297320v1","1234476","1234772","48","188033322"
"chr4","192282513","192282767","KN295257v1","1146090","1146347","51","191136423"
"chr4","175471","175535","KN294954v1","239093","239155","16","63622"
"chr4","381766","382056","KN295586v1","2908076","2908370","68","2526310"
"chr4","502042","502178","KN297327v1","30446","30579","18","471596"
"chr4","528015","528244","KN297327v1","152476","152690","43","375539"
"chr4","529708","529834","KN297327v1","154162","154288","9","375546"
"chr4","563526","563831","KN297327v1","191240","191541","24","372286"
"chr4","659203","659428","KN295441v1","1067325","1067540","49","408122"
"chr4","660095","660219","KN296210v1","433277","433402","21","226818"
"chr4","694749","695043","KN297327v1","305626","305926","55","389123"
"chr4","778774","779068","KN297327v1","382139","382436","29","396635"
"chr4","810195","810477","KN297327v1","416410","416699","29","393785"
"chr4","812529","812812","KN297327v1","418744","419046","51","393785"
"chr4","833120","833402","KN297327v1","441211","441491","14","391909"
"chr4","845096","845399","KN297327v1","453588","453895","30","391508"
"chr4","893600","893808","KN297327v1","502387","502600","28","391213"
"chr4","918993","919288","KN297327v1","530103","530400","36","388890"
"chr4","941018","941292","KN297327v1","551975","552263","43","389043"
"chr4","959409","959698","KN297327v1","565916","566205","16","393493"
"chr4","987955","988246","KN297327v1","600582","600886","35","387373"
"chr4","1019411","1019718","KN297327v1","631850","632169","39","387561"
"chr4","1027628","1027737","KN294705v1","1184294","1184407","20","156666"
"chr4","1140532","1140825","KN297327v1","759524","759815","19","381008"
"chr4","1161008","1161305","KN297327v1","779017","779324","26","381991"
"chr4","1189794","1190078","KN297327v1","810546","810824","20","379248"
"chr4","1223307","1223487","KN297327v1","845619","845804","30","377688"
"chr4","1282085","1282271","KN295090v1","1844954","1845132","37","562869"
"chr4","1282297","1282414","KN294167v1","569511","569623","32","712786"
"chr4","1284320","1284630","KN297327v1","908248","908556","19","376072"
"chr4","1288974","1289275","KN297327v1","918237","918535","22","370737"
"chr4","1289800","1290097","KN294583v1","270190","270485","59","1019610"
"chr4","1290369","1290446","KN295096v1","441953","442030","16","848416"
"chr4","1317025","1317155","KN296002v1","260228","260355","32","1056797"
"chr4","1330180","1330315","KN297327v1","973440","973574","13","356740"
"chr4","1346039","1346334","KN295586v1","2908076","2908370","60","1562037"
"chr4","1346594","1346854","KN297327v1","988820","989082","22","357774"
"chr4","1359924","1360218","KN297327v1","998942","999237","23","360982"
"chr4","1378846","1379116","KN294172v1","813896","814172","68","564950"
"chr4","1414287","1414591","KN297327v1","1053230","1053527","32","361057"
"chr4","1416776","1416933","KN294571v1","1041158","1041315","31","375618"
"chr4","1416934","1417250","KN296526v1","277708","278012","61","1139226"
"chr4","1417251","1417395","KN294991v1","1823583","1823717","33","406332"
"chr4","1417870","1418154","KN297327v1","1057436","1057725","29","360434"
"chr4","1456140","1456424","KN297327v1","1092577","1092872","36","363563"
"chr4","1494073","1494366","KN297190v1","4370501","4370808","65","2876428"
"chr4","1497196","1497490","KN296017v1","366720","367014","58","1130476"
"chr4","1601755","1602047","KN294181v1","1679757","1680047","56","78002"
"chr4","1641997","1642295","KN297205v1","205027","205330","58","1436970"
"chr4","1654086","1654381","KN295667v1","1243145","1243443","61","410941"
"chr4","1731712","1731974","KN295607v1","4687856","4688141","75","2956144"
"chr4","1733911","1734186","KN296442v1","234433","234700","59","1499478"
"chr4","1749759","1749980","KN295236v1","4568802","4569034","55","2819043"
"chr4","1750242","1750321","KN296308v1","812608","812698","26","937634"
"chr4","1750693","1750977","KN296913v1","1365167","1365453","63","385526"
"chr4","1752459","1752755","KN295045v1","1004118","1004406","70","748341"
"chr4","1765831","1766125","KN295343v1","556643","556945","48","1209188"
"chr4","1784464","1784775","KN295586v1","1578389","1578700","70","206075"
"chr4","1785597","1785689","KN295085v1","39613","39706","23","1745984"
"chr4","1825486","1825595","KN294650v1","164160","164269","13","1661326"
"chr4","1867117","1867418","KN294365v1","731430","731733","61","1135687"
"chr4","1877164","1877476","KN296378v1","872347","872646","65","1004817"
"chr4","1886049","1886352","KN297245v1","2036362","2036663","66","150313"
"chr4","1894806","1895115","KN296191v1","1511081","1511393","59","383725"
"chr4","1897426","1897679","KN294513v1","373162","373403","55","1524264"
"chr4","1915727","1915999","KN294372v1","2173834","2174103","67","258107"
"chr4","1923073","1923357","KN297008v1","1477900","1478200","58","445173"
"chr4","1927780","1927868","KN294172v1","3413537","3413622","23","1485757"
"chr4","1928176","1928299","KN295304v1","204915","205037","28","1723261"
"chr4","1936046","1936332","KN296503v1","277760","278046","56","1658286"
"chr4","1942911","1943181","KN297184v1","725682","725959","59","1217229"
"chr4","1943614","1943726","KN297442v1","1754551","1754667","27","189063"
"chr4","1948699","1948777","KN296622v1","346660","346729","20","1602039"
"chr4","1948978","1949170","KN296311v1","5499586","5499772","37","3550608"
"chr4","1970095","1970184","KN295735v1","1691558","1691645","13","278537"
"chr4","1971743","1972041","KN294987v1","797207","797503","53","1174536"
"chr4","1973943","1974244","KN295936v1","240644","240938","72","1733299"
"chr4","2005456","2005752","KN296311v1","582843","583148","63","1422613"
"chr4","2009309","2009589","KN295172v1","198878","199159","64","1810431"
"chr4","2014784","2015083","KN294234v1","2728680","2728982","65","713896"
"chr4","2051730","2052029","KN294257v1","2403021","2403326","62","351291"
"chr4","2052211","2052461","KN295441v1","1750947","1751198","57","301264"
"chr4","2057606","2057869","KN296649v1","472625","472901","67","1584981"
"chr4","2059699","2059820","KN294208v1","783927","784051","26","1275772"
"chr4","2085635","2085887","KN295038v1","58067","58313","58","2027568"
"chr4","2088443","2088517","KN296191v1","224957","225032","15","1863486"
"chr4","2101050","2101251","KN295744v1","285256","285466","44","1815794"
"chr4","2102693","2102911","KN295533v1","1901776","1901992","53","200917"
"chr4","2129420","2129716","KN296146v1","80628","80919","62","2048792"
"chr4","2148904","2149189","KN295236v1","4241983","4242261","52","2093079"
"chr4","2175263","2175559","KN295974v1","1290087","1290382","65","885176"
"chr4","2180397","2180688","KN295343v1","767106","767397","52","1413291"
"chr4","2200592","2200630","KN296442v1","494849","494887","12","1705743"
"chr4","2203424","2203625","KN295883v1","876549","876754","49","1326875"
"chr4","2211168","2211459","KN294520v1","296869","297156","53","1914299"
"chr4","2216441","2216732","KN297197v1","4103559","4103851","52","1887118"
"chr4","2221951","2222233","KN294224v1","705106","705389","57","1516845"
"chr4","2238445","2238730","KN294257v1","1115704","1115987","61","1122741"
"chr4","2246074","2246323","KN296743v1","834659","834905","50","1411415"
"chr4","2262947","2263259","KN296865v1","1065232","1065540","61","1197715"
"chr4","2276383","2276664","KN296153v1","960264","960545","54","1316119"
"chr4","2331088","2331406","KN295725v1","1708402","1708708","62","622686"
"chr4","2351683","2351993","KN294396v1","326030","326339","64","2025653"
"chr4","2359407","2359702","KN295320v1","99717","100027","70","2259690"
"chr4","2362476","2362775","KN297008v1","1477900","1478200","59","884576"
"chr4","2366932","2367212","KN297184v1","1327686","1327972","51","1039246"
"chr4","2377674","2377967","KN294848v1","809082","809379","68","1568592"
"chr4","2390297","2390569","KN295984v1","513509","513795","66","1876788"
"chr4","2408477","2408764","KN295365v1","618540","618829","54","1789937"
"chr4","2421010","2421090","KN296153v1","1618983","1619062","12","802027"
"chr4","2421123","2421290","KN295236v1","5505474","5505641","42","3084351"
"chr4","2426140","2426437","KN295459v1","805392","805672","59","1620748"
"chr4","2427253","2427561","KN294874v1","454418","454720","58","1972835"
"chr4","2467637","2467757","KN294467v1","32975","33096","18","2434662"
"chr4","2473698","2473961","KN294199v1","63491","63742","66","2410207"
"chr4","2474713","2474904","KN297008v1","6249131","6249324","47","3774418"
"chr4","2482748","2483037","KN296290v1","1369272","1369563","53","1113476"
"chr4","2515958","2516168","KN296386v1","749068","749273","44","1766890"
"chr4","2525368","2525530","KN295236v1","3497596","3497759","37","972228"
"chr4","2525841","2525915","KN295236v1","33336","33398","25","2492505"
"chr4","2541855","2542048","KN294741v1","906622","906810","44","1635233"
"chr4","2542353","2542444","KN294665v1","196097","196186","20","2346256"
"chr4","2553013","2553312","KN296263v1","945865","946143","74","1607148"
"chr4","2567487","2567619","KN297442v1","1638764","1638893","25","928723"
"chr4","2572427","2572715","KN294668v1","2036352","2036641","77","536075"
"chr4","2593368","2593516","KN294456v1","992514","992656","36","1600854"
"chr4","2595645","2595816","KN296732v1","2240900","2241068","45","354745"
"chr4","2596018","2596194","KN296955v1","225255","225406","56","2370763"
"chr4","2605878","2606150","KN294378v1","1608627","1608901","72","997251"
"chr4","2611118","2611235","KN295028v1","10365","10479","26","2600753"
"chr4","2612496","2612799","KN295591v1","745641","745936","69","1866855"
"chr4","2626682","2626803","KN296062v1","2178521","2178637","19","448161"
"chr4","2630027","2630284","KN296311v1","7181703","7181977","61","4551676"
"chr4","2634536","2634829","KN295365v1","618540","618829","55","2015996"
"chr4","2652846","2653159","KN294893v1","445554","445861","65","2207292"
"chr4","2660983","2661105","KN296381v1","4852","4979","20","2656131"
"chr4","2702603","2702761","KN296157v1","821937","822089","37","1880666"
"chr4","2703049","2703201","KN296795v1","713732","713867","34","1989317"
"chr4","2712566","2712896","KN296075v1","304763","305072","76","2407803"
"chr4","2715005","2715275","KN296157v1","1030995","1031263","62","1684010"
"chr4","2750544","2750754","KN295236v1","3468503","3468712","43","717959"
"chr4","2770522","2770738","KN294964v1","443494","443707","43","2327028"
"chr4","2771369","2771590","KN296167v1","453163","453384","45","2318206"
"chr4","2773458","2773563","KN294998v1","81059","81165","29","2692399"
"chr4","2796687","2796770","KN294506v1","44399","44481","16","2752288"
"chr4","2799472","2799786","KN296261v1","154638","154947","57","2644834"
"chr4","2817186","2817497","KN294172v1","3071954","3072255","64","254768"
"chr4","2819054","2819358","KN296406v1","163962","164264","55","2655092"
"chr4","2834600","2834890","KN294739v1","1138848","1139124","68","1695752"
"chr4","2864085","2864297","KN294949v1","855888","856100","41","2008197"
"chr4","2884788","2885078","KN296187v1","2809754","2810048","68","75034"
"chr4","2893363","2893663","KN296404v1","3404152","3404452","72","510789"
"chr4","2903728","2903850","KN294848v1","115566","115689","21","2788162"
"chr4","2906312","2906382","KN295523v1","3204290","3204365","15","297978"
"chr4","2908072","2908357","KN295705v1","1979558","1979856","60","928514"
"chr4","2919847","2920123","KN295236v1","4241983","4242261","60","1322136"
"chr4","2937409","2937714","KN294257v1","2271748","2272051","57","665661"
"chr4","2939865","2940167","KN296311v1","3358167","3358474","57","418302"
"chr4","2957455","2957763","KN294874v1","732534","732840","55","2224921"
"chr4","2998580","2998844","KN294552v1","1619926","1620207","86","1378654"
"chr4","3037387","3037682","KN295936v1","928734","929029","53","2108653"
"chr4","3041921","3041999","KN295350v1","1006997","1007072","15","2034924"
"chr4","3065366","3065653","KN296225v1","641773","642064","57","2423593"
"chr4","3078437","3078605","KN296883v1","3014542","3014710","37","63895"
"chr4","3125192","3125480","KN295977v1","521426","521711","64","2603766"
"chr4","3140016","3140307","KN295225v1","2446744","2447033","58","693272"
"chr4","3151793","3152093","KN296682v1","43834","44126","67","3107959"
"chr4","3176217","3176506","KN295236v1","4313811","4314107","61","1137594"
"chr4","3196448","3196738","KN296743v1","1343857","1344154","59","1852591"
"chr4","3200811","3201106","KN297320v1","1234476","1234772","53","1966335"
"chr4","3233788","3234021","KN296938v1","783163","783396","50","2450625"
"chr4","3235935","3236245","KN294987v1","797207","797503","74","2438728"
"chr4","3425496","3425814","KN294630v1","516314","516631","62","2909182"
"chr4","3427685","3427858","KN295171v1","420921","421088","34","3006764"
"chr4","3448038","3448329","KN295936v1","2499504","2499800","52","948534"
"chr4","3480868","3481178","KN294410v1","7012","7319","53","3473856"
"chr4","3513550","3513835","KN297245v1","1434267","1434558","61","2079283"
"chr4","3543464","3543637","KN296133v1","241238","241433","58","3302226"
"chr4","3553655","3553964","KN295893v1","1818269","1818570","72","1735386"
"chr4","3641536","3641839","KN295984v1","1299071","1299366","67","2342465"
"chr4","3826327","3826645","KN295923v1","1997557","1997864","68","1828770"
"chr4","4267411","4267732","KN294470v1","3146483","3146791","71","1120928"
"chr4","4276939","4277071","KN294613v1","579353","579485","23","3697586"
"chr4","4277370","4277548","KN294470v1","1437089","1437265","30","2840281"
"chr4","4292460","4292640","KN294421v1","1070566","1070741","41","3221894"
"chr4","4295853","4295927","KN297112v1","4226432","4226506","11","69421"
"chr4","4302204","4302432","KN296743v1","465689","465903","60","3836515"
"chr4","4305988","4306277","KN294506v1","323631","323924","62","3982357"
"chr4","4318072","4318282","KN295480v1","719582","719792","45","3598490"
"chr4","4378013","4378302","KN295984v1","3197280","3197579","66","1180733"
"chr4","4400303","4400484","KN297038v1","350070","350253","50","4050233"
"chr4","4408495","4408766","KN294503v1","78637","78910","66","4329858"
"chr4","4412078","4412371","KN297205v1","205027","205330","60","4207051"
"chr4","4455470","4455795","KN296062v1","1514370","1514679","74","2941100"
"chr4","4461878","4462211","KN294569v1","547136","547468","92","3914742"
"chr4","4478701","4479008","KN295832v1","709903","710205","48","3768798"
"chr4","4498778","4498981","KN295174v1","15555","15755","41","4483223"
"chr4","4526082","4526378","KN294630v1","741362","741665","48","3784720"
"chr4","4533035","4533319","KN295601v1","3214186","3214464","70","1318849"
"chr4","4572349","4572624","KN295941v1","1813560","1813815","73","2758789"
"chr4","4681905","4682181","KN296538v1","742259","742543","52","3939646"
"chr4","4685401","4685671","KN296430v1","431034","431317","54","4254367"
"chr4","4699450","4699620","KN297078v1","1250447","1250610","51","3449003"
"chr4","4702517","4702656","KN295294v1","2804967","2805106","25","1897550"
"chr4","4702961","4703093","KN294570v1","180092","180235","32","4522869"
"chr4","4727360","4727547","KN294630v1","351542","351728","35","4375818"
"chr4","4765234","4765543","KN294257v1","2271748","2272051","59","2493486"
"chr4","4773938","4774200","KN294824v1","383701","383970","66","4390237"
"chr4","4789574","4789675","KN296139v1","505245","505342","25","4284329"
"chr4","4824792","4825087","KN294630v1","619638","619927","59","4205154"
"chr4","4875769","4876062","KN294630v1","564057","564349","74","4311712"
"chr4","4912211","4912503","KN297159v1","1127173","1127466","48","3785038"
"chr4","4925658","4925963","KN294439v1","291493","291791","57","4634165"
"chr4","4959689","4959980","KN295977v1","168568","168852","68","4791121"
"chr4","4989220","4989519","KN296406v1","163962","164264","54","4825258"
"chr4","4990571","4990687","KN296921v1","438631","438747","19","4551940"
"chr4","4990729","4990889","KN294848v1","1091944","1092098","30","3898785"
"chr4","5040227","5040522","KN294372v1","683041","683334","87","4357186"
"chr4","5116925","5117242","KN294527v1","284644","284953","70","4832281"
"chr4","5122234","5122537","KN297320v1","1234476","1234772","58","3887758"
"chr4","5132349","5132569","KN295697v1","437012","437236","56","4695337"
"chr4","5177907","5178184","KN294399v1","267680","267959","74","4910227"
"chr4","5182159","5182288","KN295814v1","1458160","1458289","19","3723999"
"chr4","5285766","5286065","KN296513v1","2993628","2993930","28","2292138"
"chr4","5287339","5287634","KN296513v1","2992054","2992350","28","2295285"
"chr4","5579034","5579343","KN296513v1","2734507","2734815","21","2844527"
"chr4","5765779","5765902","KN296513v1","2536770","2536893","5","3229009"
"chr4","5777940","5778244","KN296513v1","2524231","2524536","23","3253709"
"chr4","5854625","5854914","KN294451v1","924738","925018","65","4929887"
"chr4","5910933","5911230","KN296513v1","2408004","2408303","25","3502929"
"chr4","5933670","5933948","KN296513v1","2384971","2385230","33","3548699"
"chr4","5948919","5949225","KN295610v1","681900","682193","65","5267019"
"chr4","6176406","6176689","KN296513v1","2137750","2138039","18","4038656"
"chr4","6202681","6202985","KN296513v1","2111023","2111328","17","4091658"
"chr4","6259937","6260241","KN295586v1","3702938","3703241","58","2556999"
"chr4","6284106","6284416","KN296513v1","2024252","2024548","33","4259854"
"chr4","6291594","6291890","KN296513v1","2018044","2018337","20","4273550"
"chr4","6338218","6338547","KN296864v1","3265179","3265496","67","3073039"
"chr4","6342011","6342318","KN296513v1","1967818","1968128","30","4374193"
"chr4","6618746","6619048","KN296513v1","1689721","1690043","44","4929025"
"chr4","6625045","6625351","KN296513v1","1683535","1683837","30","4941510"
"chr4","6648315","6648607","KN295744v1","676379","676683","57","5971936"
"chr4","6656335","6656393","KN297008v1","6640640","6640691","12","15695"
"chr4","6659690","6660005","KN296513v1","1649271","1649578","38","5010419"
"chr4","6676335","6676644","KN297242v1","1059911","1060208","53","5616424"
"chr4","6686936","6687202","KN296513v1","1623107","1623389","32","5063829"
"chr4","6689149","6689442","KN296513v1","1620353","1620652","21","5068796"
"chr4","6770918","6771220","KN296513v1","1543290","1543605","46","5227628"
"chr4","6771397","6771519","KN294467v1","32975","33096","19","6738422"
"chr4","6792308","6792605","KN296513v1","1520087","1520393","31","5272221"
"chr4","6806958","6807232","KN296513v1","1504803","1505077","16","5302155"
"chr4","6826989","6827253","KN296513v1","1485056","1485315","28","5341933"
"chr4","6827355","6827651","KN296513v1","1484300","1484605","30","5343055"
"chr4","6847975","6848294","KN296513v1","1461668","1461989","25","5386307"
"chr4","6865658","6865943","KN296513v1","1442280","1442572","27","5423378"
"chr4","6867538","6867852","KN296513v1","1440348","1440662","34","5427190"
"chr4","6868628","6868915","KN296513v1","1439604","1439865","41","5429024"
"chr4","6871379","6871663","KN296513v1","1436506","1436766","46","5434873"
"chr4","6872848","6873156","KN296513v1","1434992","1435308","33","5437856"
"chr4","6895310","6895591","KN296513v1","1415685","1415952","38","5479625"
"chr4","6896524","6896732","KN297008v1","6249131","6249324","50","647393"
"chr4","6963812","6964053","KN294509v1","1414617","1414857","53","5549195"
"chr4","6968809","6969114","KN296513v1","1331847","1332148","53","5636962"
"chr4","6973852","6974151","KN296513v1","1331847","1332148","28","5642005"
"chr4","6989349","6989558","KN296513v1","1317333","1317540","17","5672016"
"chr4","6991468","6991692","KN296513v1","1315180","1315403","29","5676288"
"chr4","7002799","7003090","KN295294v1","358831","359116","63","6643968"
"chr4","7004278","7004593","KN295304v1","712822","713119","81","6291456"
"chr4","7026832","7027140","KN296513v1","1283004","1283308","33","5743828"
"chr4","7073896","7074021","KN294260v1","658913","659042","23","6414983"
"chr4","7130266","7130554","KN296513v1","1181326","1181625","27","5948940"
"chr4","7174360","7174644","KN296513v1","1126048","1126345","31","6048312"
"chr4","7181766","7182077","KN296513v1","1126417","1126724","30","6055349"
"chr4","7226458","7226754","KN296513v1","1089393","1089688","38","6137065"
"chr4","7240927","7241224","KN296513v1","1073574","1073867","25","6167353"
"chr4","7257411","7257670","KN296513v1","1056783","1057036","28","6200628"
"chr4","7385280","7385412","KN296513v1","928343","928474","13","6456937"
"chr4","7423502","7423695","KN296513v1","890436","890630","11","6533066"
"chr4","7423999","7424106","KN296365v1","873254","873363","18","6550745"
"chr4","7490750","7490857","KN296513v1","820818","820924","8","6669932"
"chr4","7597492","7597764","KN296513v1","709242","709515","19","6888250"
"chr4","7827057","7827192","KN294961v1","52673","52803","28","7774384"
"chr4","7827665","7827938","KN296513v1","485275","485537","39","7342390"
"chr4","7853838","7854148","KN296513v1","452010","452318","46","7401828"
"chr4","7921105","7921348","KN296513v1","385724","385975","23","7535381"
"chr4","7927761","7928038","KN296513v1","378492","378770","23","7549269"
"chr4","7936515","7936684","KN297453v1","226938","227104","32","7709577"
"chr4","7940750","7941013","KN296406v1","592171","592433","63","7348579"
"chr4","7965150","7965460","KN295586v1","1578389","1578700","64","6386761"
"chr4","7991086","7991375","KN296513v1","309951","310237","31","7681135"
"chr4","8001868","8001997","KN296513v1","299006","299130","13","7702862"
"chr4","8004608","8004901","KN296513v1","296112","296393","25","7708496"
"chr4","8019137","8019268","KN296513v1","281322","281453","6","7737815"
"chr4","8019578","8019650","KN296513v1","280948","281010","15","7738630"
"chr4","8039913","8040202","KN296513v1","259834","260122","24","7780079"
"chr4","8052431","8052544","KN296513v1","247185","247292","14","7805246"
"chr4","8058511","8058806","KN296513v1","240177","240477","28","7818334"
"chr4","8089656","8089963","KN296513v1","208646","208953","39","7881010"
"chr4","8105971","8106270","KN296513v1","192503","192802","24","7913468"
"chr4","8127962","8128245","KN296119v1","4568889","4569170","56","3559073"
"chr4","8137234","8137533","KN296513v1","161286","161580","25","7975948"
"chr4","8160947","8161254","KN296513v1","141318","141631","31","8019629"
"chr4","8161416","8161532","KN296513v1","141039","141155","8","8020377"
"chr4","8192666","8192969","KN296513v1","108168","108464","27","8084498"
"chr4","8207697","8207817","KN296513v1","93795","93912","9","8113902"
"chr4","8244703","8245003","KN296513v1","57200","57496","22","8187503"
"chr4","8256351","8256643","KN295586v1","2908076","2908370","53","5348275"
"chr4","8279367","8279666","KN295977v1","1140201","1140496","67","7139166"
"chr4","8295934","8296066","KN295210v1","6640","6771","8","8289294"
"chr4","8319877","8320126","KN294789v1","16708","16961","57","8303169"
"chr4","8354999","8355288","KN294592v1","1072173","1072464","53","7282826"
"chr4","8385154","8385432","KN296649v1","576985","577271","55","7808169"
"chr4","8386108","8386395","KN297264v1","673045","673332","52","7713063"
"chr4","8438593","8438886","KN294444v1","129814","130111","54","8308779"
"chr4","8456561","8456790","KN294848v1","1301226","1301450","53","7155335"
"chr4","8494508","8494610","KN296153v1","3870650","3870749","13","4623858"
"chr4","8510930","8511065","KN297190v1","5723019","5723152","28","2787911"
"chr4","8522678","8522820","KN294410v1","170650","170791","28","8352028"
"chr4","8581677","8581985","KN294378v1","1303418","1303729","63","7278259"
"chr4","8596563","8596884","KN296864v1","2782313","2782636","61","5814250"
"chr4","8708865","8709161","KN296404v1","3404152","3404452","59","5304713"
"chr4","8725640","8725924","KN295871v1","463467","463753","68","8262173"
"chr4","8863523","8863790","KN294987v1","1103574","1103840","64","7759949"
"chr4","8895363","8895645","KN296311v1","7907830","7908116","60","987533"
"chr4","9045584","9045808","KN294987v1","428456","428674","41","8617128"
"chr4","9046913","9047063","KN294536v1","1341944","1342088","34","7704969"
"chr4","9289291","9289563","KN295236v1","3936311","3936580","55","5352980"
"chr4","9322933","9323241","KN296404v1","3404152","3404452","68","5918781"
"chr4","9340111","9340417","KN295936v1","1429651","1429952","74","7910460"
"chr4","9342291","9342569","KN296430v1","807099","807370","65","8535192"
"chr4","9354960","9355242","KN297159v1","1271379","1271663","57","8083581"
"chr4","9362590","9362868","KN296247v1","185992","186270","71","9176598"
"chr4","9365022","9365326","KN296017v1","366720","367014","67","8998302"
"chr4","9428313","9428629","KN295236v1","1249842","1250143","63","8178471"
"chr4","9428804","9429052","KN297422v1","150212","150459","53","9278592"
"chr4","9433128","9433234","KN295930v1","568322","568439","26","8864806"
"chr4","9437732","9438014","KN295260v1","938447","938739","66","8499285"
"chr4","9444870","9445182","KN296261v1","154638","154947","58","9290232"
"chr4","9446425","9446647","KN294591v1","393354","393562","64","9053071"
"chr4","9455997","9456079","KN296266v1","57220","57302","6","9398777"
"chr4","9459464","9459770","KN297008v1","4992637","4992950","63","4466827"
"chr4","9476484","9476759","KN294208v1","701963","702240","62","8774521"
"chr4","9515247","9515556","KN296538v1","1793220","1793524","55","7722027"
"chr4","9589527","9589786","KN294486v1","1449359","1449610","52","8140168"
"chr4","9602306","9602567","KN295117v1","315760","316034","52","9286546"
"chr4","9784214","9784487","KN294879v1","651657","651939","60","9132557"
"chr4","9796917","9797057","KN297026v1","429500","429641","29","9367417"
"chr4","10256727","10256849","KN296959v1","1631146","1631262","24","8625581"
"chr4","10421666","10421975","KN294647v1","71563","71868","67","10350103"
"chr4","10456491","10456762","KN296138v1","264399","264686","61","10192092"
"chr4","10504412","10504639","KN296594v1","693029","693237","68","9811383"
"chr4","10584443","10584725","KN295869v1","1111374","1111656","64","9473069"
"chr4","10612976","10613291","KN296191v1","1410521","1410830","81","9202455"
"chr4","10628839","10629131","KN296244v1","109449","109735","60","10519390"
"chr4","10753507","10753807","KN294809v1","1474866","1475162","71","9278641"
"chr4","10779224","10779524","KN296096v1","626977","627272","69","10152247"
"chr4","10853259","10853532","KN296503v1","625161","625430","56","10228098"
"chr4","10984941","10985219","KN294304v1","28243","28516","59","10956698"
"chr4","11032448","11032726","KN296187v1","58782","59062","62","10973666"
"chr4","11042606","11042885","KN296516v1","185633","185919","69","10856973"
"chr4","11260716","11261042","KN296138v1","450737","451063","79","10809979"
"chr4","11396564","11396754","KN295722v1","1860567","1860758","50","9535997"
"chr4","11544416","11544547","KN295022v1","871921","872052","27","10672495"
"chr4","11596020","11596337","KN294419v1","9572","9874","87","11586448"
"chr4","11634858","11635139","KN296825v1","1365525","1365806","60","10269333"
"chr4","11649230","11649541","KN295962v1","515514","515803","65","11133716"
"chr4","11805136","11805249","KN295725v1","1288132","1288244","28","10517004"
"chr4","11805606","11805627","KN295122v1","74763","74784","1","11730843"
"chr4","11904226","11904518","KN295122v1","174454","174743","30","11729772"
"chr4","11935910","11936199","KN297112v1","3625623","3625907","61","8310287"
"chr4","12013086","12013191","KN294604v1","356650","356754","19","11656436"
"chr4","12036489","12036766","KN295122v1","310969","311225","40","11725520"
"chr4","12070831","12071030","KN295122v1","339896","340095","26","11730935"
"chr4","12166276","12166564","KN295122v1","436484","436768","25","11729792"
"chr4","12167112","12167405","KN294570v1","165105","165399","62","12002007"
"chr4","12363896","12364053","KN295609v1","359906","360060","14","12003990"
"chr4","12375288","12375444","KN294456v1","1157054","1157210","40","11218234"
"chr4","12375795","12375883","KN295523v1","1126709","1126789","26","11249086"
"chr4","12457970","12458236","KN295609v1","272085","272347","26","12185885"
"chr4","12532340","12532586","KN295609v1","202921","203167","22","12329419"
"chr4","12732202","12732326","KN295609v1","13204","13328","4","12718998"
"chr4","12897160","12897450","KN294800v1","58275","58560","67","12838885"
"chr4","13022909","13023202","KN296404v1","3404152","3404452","53","9618757"
"chr4","13178636","13178754","KN294260v1","802158","802275","19","12376478"
"chr4","13187926","13188211","KN297083v1","704240","704530","61","12483686"
"chr4","13221157","13221315","KN294325v1","169199","169356","34","13051958"
"chr4","13222322","13222534","KN294234v1","1434233","1434445","46","11788089"
"chr4","13223505","13223810","KN296009v1","240931","241239","90","12982574"
"chr4","13227883","13228136","KN296120v1","2646","2882","67","13225237"
"chr4","13275919","13276200","KN295893v1","5742704","5742998","64","7533215"
"chr4","13276226","13276495","KN294251v1","2100503","2100772","66","11175723"
"chr4","13293405","13293736","KN294592v1","1072173","1072464","84","12221232"
"chr4","13296588","13296754","KN295936v1","2249687","2249848","36","11046901"
"chr4","13347077","13347381","KN296261v1","154638","154947","61","13192439"
"chr4","13347602","13347861","KN297320v1","489477","489754","79","12858125"
"chr4","13379644","13379944","KN296513v1","108168","108464","59","13271476"
"chr4","13513631","13513915","KN295241v1","55670","55954","55","13457961"
"chr4","13565729","13565987","KN295057v1","716091","716360","71","12849638"
"chr4","13594650","13594961","KN296311v1","6058379","6058686","64","7536271"
"chr4","13603724","13603838","KN296308v1","967516","967633","31","12636208"
"chr4","13724058","13724264","KN296011v1","142521","142717","60","13581537"
"chr4","13789795","13789912","KN296643v1","422040","422157","21","13367755"
"chr4","14112926","14113210","KN294613v1","470639","470928","60","13642287"
"chr4","14172550","14172837","KN294499v1","2485948","2486229","64","11686602"
"chr4","14186342","14186615","KN297159v1","3471259","3471528","56","10715083"
"chr4","14212764","14212907","KN297154v1","276434","276580","23","13936330"
"chr4","14385900","14386206","KN297008v1","1477900","1478200","60","12908000"
"chr4","14530460","14530729","KN294453v1","228935","229210","65","14301525"
"chr4","14577015","14577301","KN296503v1","96429","96710","54","14480586"
"chr4","14719477","14719574","KN295940v1","103161","103258","15","14616316"
"chr4","14720298","14720563","KN295405v1","345754","346015","67","14374544"
"chr4","15242246","15242502","KN296278v1","6866","7129","57","15235380"
"chr4","15266341","15266630","KN296225v1","641773","642064","57","14624568"
"chr4","15273471","15273752","KN294387v1","131959","132224","62","15141512"
"chr4","15283254","15283371","KN294591v1","425038","425155","16","14858216"
"chr4","15308543","15308667","KN296926v1","1064368","1064490","13","14244175"
"chr4","15308989","15309278","KN294996v1","363261","363550","47","14945728"
"chr4","15338777","15339079","KN294705v1","655723","656011","70","14683054"
"chr4","15342855","15343144","KN296290v1","782245","782534","58","14560610"
"chr4","15346552","15346837","KN294199v1","65187","65474","47","15281365"
"chr4","15389396","15389695","KN297452v1","1197785","1198080","61","14191611"
"chr4","15397199","15397489","KN295236v1","3019529","3019823","59","12377670"
"chr4","15409157","15409454","KN294662v1","136013","136311","60","15273144"
"chr4","15420479","15420604","KN294467v1","32975","33096","19","15387504"
"chr4","15458400","15458682","KN294570v1","165105","165399","64","15293295"
"chr4","15470841","15471152","KN294470v1","3146483","3146791","71","12324358"
"chr4","15495601","15495910","KN296481v1","88757","89064","62","15406844"
"chr4","15543090","15543212","KN296062v1","2178521","2178637","16","13364569"
"chr4","15592876","15593186","KN297108v1","304668","304974","59","15288208"
"chr4","15630257","15630449","KN295573v1","1162345","1162540","38","14467912"
"chr4","15662523","15662818","KN296225v1","641773","642064","50","15020750"
"chr4","15685926","15686209","KN297242v1","1792749","1793040","61","13893177"
"chr4","15698401","15698681","KN294444v1","373486","373751","71","15324915"
"chr4","15703871","15704080","KN294377v1","1277578","1277768","59","14426293"
"chr4","15734701","15734827","KN296225v1","220665","220791","24","15514036"
"chr4","15773659","15773904","KN296538v1","397198","397435","59","15376461"
"chr4","15787065","15787137","KN295236v1","4946078","4946152","17","10840987"
"chr4","15838046","15838328","KN296296v1","175984","176265","59","15662062"
"chr4","15843684","15843982","KN295708v1","983319","983619","78","14860365"
"chr4","15879009","15879182","KN295573v1","1297537","1297702","34","14581472"
"chr4","15892905","15893190","KN294630v1","691275","691571","55","15201630"
"chr4","15924360","15924648","KN294325v1","221091","221385","54","15703269"
"chr4","15925091","15925389","KN297320v1","1234476","1234772","53","14690615"
"chr4","15968117","15968198","KN295236v1","665110","665192","23","15303007"
"chr4","16122093","16122389","KN296337v1","993439","993730","27","15128654"
"chr4","16277538","16277844","KN296337v1","819251","819542","36","15458287"
"chr4","16327449","16327736","KN297205v1","517510","517803","73","15809939"
"chr4","16344783","16345075","KN296948v1","296434","296716","65","16048349"
"chr4","16375145","16375427","KN296337v1","721726","722012","17","15653419"
"chr4","16567313","16567602","KN296337v1","524140","524430","40","16043173"
"chr4","16854303","16854609","KN296337v1","226421","226725","21","16627882"
"chr4","16936486","16936788","KN296337v1","143369","143674","22","16793117"
"chr4","17080428","17080702","KN294527v1","6143","6417","17","17074285"
"chr4","17099172","17099485","KN295956v1","110148","110452","61","16989024"
"chr4","17106714","17106975","KN294499v1","721449","721726","64","16385265"
"chr4","17118642","17118929","KN296481v1","285188","285474","67","16833454"
"chr4","17141456","17141754","KN295119v1","13309","13606","65","17128147"
"chr4","17156466","17156702","KN294527v1","68335","68582","29","17088131"
"chr4","17162221","17162550","KN294527v1","75411","75734","70","17086810"
"chr4","17188069","17188324","KN294527v1","103142","103415","30","17084927"
"chr4","17198649","17198937","KN294527v1","113735","114025","26","17084914"
"chr4","17222873","17223172","KN294527v1","138019","138315","26","17084854"
"chr4","17227291","17227478","KN297259v1","1780876","1781077","51","15446415"
"chr4","17233325","17233441","KN294527v1","148371","148487","11","17084954"
"chr4","17238164","17238399","KN296119v1","2150554","2150763","58","15087610"
"chr4","17271755","17272069","KN294527v1","185427","185746","28","17086328"
"chr4","17300130","17300413","KN294630v1","741362","741665","69","16558768"
"chr4","17304323","17304438","KN294527v1","212725","212841","10","17091598"
"chr4","17319256","17319429","KN296732v1","2470039","2470209","32","14849217"
"chr4","17323637","17323951","KN294527v1","232065","232377","32","17091572"
"chr4","17326237","17326365","KN294527v1","234670","234791","13","17091567"
"chr4","17326614","17326894","KN296079v1","1376026","1376316","52","15950588"
"chr4","17335723","17336036","KN294527v1","244940","245260","35","17090783"
"chr4","17346207","17346463","KN295571v1","732124","732376","75","16614083"
"chr4","17361713","17362010","KN295967v1","890750","891049","62","16470963"
"chr4","17365397","17365522","KN294527v1","276778","276903","4","17088619"
"chr4","17370803","17371094","KN297274v1","335410","335711","58","17035393"
"chr4","17382658","17382962","KN296280v1","682684","682992","31","16699974"
"chr4","17410591","17410905","KN296280v1","654227","654539","35","16756364"
"chr4","17411986","17412253","KN296280v1","652860","653122","27","16759126"
"chr4","17457949","17458185","KN296280v1","606467","606697","24","16851482"
"chr4","17458925","17458937","KN296280v1","605722","605733","1","16853203"
"chr4","17464448","17464743","KN296280v1","600560","600855","19","16863888"
"chr4","17464918","17465041","KN296280v1","600262","600387","8","16864656"
"chr4","17470472","17470750","KN296280v1","594203","594480","21","16876269"
"chr4","17481068","17481366","KN296280v1","579594","579895","25","16901474"
"chr4","17490390","17490683","KN296280v1","572010","572298","50","16918380"
"chr4","17494872","17495175","KN296280v1","566924","567208","43","16927948"
"chr4","17500901","17501031","KN296210v1","433277","433402","21","17067624"
"chr4","17506459","17506746","KN296280v1","554924","555197","34","16951535"
"chr4","17521922","17522205","KN296280v1","540912","541213","37","16981010"
"chr4","17530760","17530983","KN296280v1","532282","532505","10","16998478"
"chr4","17551372","17551649","KN296280v1","511874","512147","17","17039498"
"chr4","17564546","17564726","KN297008v1","6419604","6419784","34","11144942"
"chr4","17694110","17694406","KN296280v1","373083","373382","32","17321027"
"chr4","17697309","17697561","KN296280v1","370234","370491","25","17327075"
"chr4","17765999","17766282","KN294385v1","310777","311061","58","17455222"
"chr4","17777722","17778008","KN296280v1","278858","279137","25","17498864"
"chr4","17877923","17878000","KN296280v1","188074","188151","1","17689849"
"chr4","18015882","18016149","KN296280v1","46867","47164","42","17969015"
"chr4","18034066","18034364","KN296280v1","22557","22855","15","18011509"
"chr4","18155735","18156016","KN296078v1","104731","105026","32","18051004"
"chr4","18194150","18194407","KN296078v1","141633","141891","19","18052517"
"chr4","18605388","18605574","KN295319v1","328884","329064","50","18276504"
"chr4","18623066","18623368","KN296078v1","616822","617124","17","18006244"
"chr4","19456193","19456471","KN294552v1","1582119","1582404","67","17874074"
"chr4","19625557","19625851","KN295523v1","4159215","4159505","65","15466342"
"chr4","19681007","19681290","KN296187v1","803116","803397","55","18877891"
"chr4","19682329","19682630","KN296311v1","1182255","1182544","70","18500074"
"chr4","19745039","19745306","KN296202v1","10226","10486","25","19734813"
"chr4","19894790","19895039","KN296202v1","173191","173440","23","19721599"
"chr4","20001650","20001920","KN296202v1","274890","275146","24","19726760"
"chr4","20037728","20038014","KN296202v1","314975","315261","24","19722753"
"chr4","20040184","20040496","KN296202v1","317481","317786","30","19722703"
"chr4","20044915","20045043","KN296202v1","322160","322280","16","19722755"
"chr4","20060978","20061290","KN296079v1","1340626","1340932","69","18720352"
"chr4","20336727","20336860","KN295236v1","168060","168189","29","20168667"
"chr4","20421914","20422179","KN295319v1","576682","576954","63","19845232"
"chr4","20425214","20425495","KN296178v1","778827","779097","73","19646387"
"chr4","20431981","20432275","KN296322v1","2545035","2545334","65","17886946"
"chr4","20469442","20469724","KN295814v1","759818","760096","60","19709624"
"chr4","20520061","20520372","KN297008v1","4194598","4194899","66","16325463"
"chr4","20587259","20587556","KN295744v1","654344","654638","56","19932915"
"chr4","20903347","20903603","KN296122v1","514388","514663","61","20388959"
"chr4","20913524","20913596","KN297023v1","581933","582010","21","20331591"
"chr4","20943212","20943514","KN295096v1","88822","89111","77","20854390"
"chr4","20950567","20950854","KN297070v1","64522","64811","72","20886045"
"chr4","21099073","21099362","KN294187v1","147289","147562","69","20951784"
"chr4","21182069","21182363","KN295983v1","1304230","1304527","58","19877839"
"chr4","21196919","21197216","KN296311v1","3727125","3727424","57","17469794"
"chr4","21327971","21328312","KN296167v1","747151","747495","70","20580820"
"chr4","21378761","21379093","KN295350v1","927870","928179","75","20450891"
"chr4","21493471","21493767","KN296075v1","304763","305072","76","21188708"
"chr4","21580387","21580670","KN295430v1","1217548","1217833","76","20362839"
"chr4","21610461","21610602","KN296495v1","2655161","2655305","27","18955300"
"chr4","21676859","21676989","KN294345v1","1307663","1307798","23","20369196"
"chr4","21688026","21688094","KN296306v1","1870327","1870396","16","19817699"
"chr4","21688130","21688287","KN294693v1","1141176","1141336","33","20546954"
"chr4","21750272","21750562","KN294991v1","693040","693334","59","21057232"
"chr4","21806663","21806953","KN294848v1","191607","191898","82","21615056"
"chr4","22032367","22032659","KN296225v1","641773","642064","64","21390594"
"chr4","22065841","22066127","KN296225v1","677390","677682","53","21388451"
"chr4","22085711","22085990","KN296503v1","96429","96710","62","21989282"
"chr4","22103934","22104245","KN294475v1","773949","774257","61","21329985"
"chr4","22105730","22106041","KN296406v1","362797","363101","64","21742933"
"chr4","22182591","22182893","KN296017v1","366720","367014","60","21815871"
"chr4","22192798","22193093","KN297452v1","99434","99726","60","22093364"
"chr4","22223107","22223387","KN296025v1","309439","309727","68","21913668"
"chr4","22227142","22227425","KN294800v1","58275","58560","57","22168867"
"chr4","22236349","22236643","KN297190v1","3515415","3515712","59","18720934"
"chr4","22718101","22718393","KN295976v1","121079","121372","20","22597022"
"chr4","22842746","22843048","KN294470v1","3146483","3146791","64","19696263"
"chr4","23099477","23099761","KN295433v1","2412187","2412472","14","20687290"
"chr4","23296495","23296785","KN295433v1","2194719","2194991","44","21101776"
"chr4","23370375","23370683","KN295433v1","2116003","2116318","26","21254372"
"chr4","23384751","23384963","KN295433v1","2102776","2102994","33","21281975"
"chr4","23391455","23391756","KN295433v1","2096000","2096263","63","21295455"
"chr4","23435667","23435955","KN295433v1","2057938","2058237","32","21377729"
"chr4","23551031","23551330","KN295433v1","1938013","1938309","17","21613018"
"chr4","23632083","23632374","KN296481v1","518302","518590","68","23113781"
"chr4","23779580","23779903","KN295433v1","1699848","1700164","31","22079732"
"chr4","23899038","23899328","KN295433v1","1575815","1576099","19","22323223"
"chr4","23954741","23955025","KN294613v1","391308","391598","57","23563433"
"chr4","23968853","23969142","KN295433v1","1498772","1499064","23","22470081"
"chr4","24009196","24009497","KN295433v1","1457385","1457680","39","22551811"
"chr4","24083749","24083872","KN295433v1","1384220","1384344","7","22699529"
"chr4","24117732","24118039","KN295433v1","1349528","1349836","26","22768204"
"chr4","24144649","24144935","KN295433v1","1322901","1323192","21","22821748"
"chr4","24150271","24150547","KN295433v1","1316789","1317076","32","22833482"
"chr4","24182328","24182614","KN294470v1","3437705","3437998","64","20744623"
"chr4","24218298","24218592","KN295433v1","1253384","1253682","25","22964914"
"chr4","24220682","24220961","KN296187v1","1049089","1049367","61","23171593"
"chr4","24255290","24255584","KN295433v1","1215695","1215984","26","23039595"
"chr4","24267793","24268082","KN297197v1","4103559","4103851","63","20164234"
"chr4","24269356","24269639","KN295433v1","1201349","1201660","51","23068007"
"chr4","24302072","24302190","KN295045v1","526689","526806","21","23775383"
"chr4","24316423","24316717","KN295038v1","1531301","1531595","51","22785122"
"chr4","24392135","24392238","KN295433v1","1064235","1064338","8","23327900"
"chr4","24411702","24412000","KN294345v1","1938443","1938738","53","22473259"
"chr4","24477482","24477773","KN295433v1","976949","977240","21","23500533"
"chr4","24501602","24501887","KN295433v1","951822","952134","52","23549780"
"chr4","24593825","24594129","KN295433v1","859259","859562","32","23734566"
"chr4","24598976","24599103","KN294911v1","3892801","3892920","29","20706175"
"chr4","24647572","24647838","KN295433v1","811378","811671","51","23836194"
"chr4","24661465","24661757","KN295433v1","796653","796937","32","23864812"
"chr4","24697770","24698074","KN295433v1","759467","759766","36","23938303"
"chr4","24729810","24730115","KN294407v1","1284282","1284581","67","23445528"
"chr4","24736638","24736936","KN295433v1","720112","720413","29","24016526"
"chr4","24773405","24773689","KN295433v1","680193","680481","28","24093212"
"chr4","24780334","24780463","KN295433v1","672811","672940","6","24107523"
"chr4","24788966","24789264","KN295433v1","663731","664022","32","24125235"
"chr4","24856628","24856928","KN295433v1","579573","579870","22","24277055"
"chr4","24876064","24876356","KN295433v1","560237","560530","20","24315827"
"chr4","24877530","24877830","KN295433v1","558363","558654","33","24319167"
"chr4","24881318","24881445","KN296210v1","433277","433402","19","24448041"
"chr4","24886640","24886921","KN295236v1","4241983","4242261","54","20644657"
"chr4","24904450","24904674","KN295433v1","529496","529720","23","24374954"
"chr4","24914767","24915088","KN295433v1","517347","517663","24","24397420"
"chr4","24929802","24930091","KN295433v1","511652","511949","24","24418150"
"chr4","24944021","24944362","KN295433v1","498646","498986","33","24445375"
"chr4","24954324","24954689","KN296138v1","285655","286013","101","24668669"
"chr4","24963371","24963654","KN295433v1","479266","479556","38","24484105"
"chr4","24986884","24987188","KN295236v1","4812704","4812971","96","20174180"
"chr4","25000501","25000806","KN294470v1","3148727","3149019","63","21851774"
"chr4","25011923","25012220","KN295433v1","432769","433074","26","24579154"
"chr4","25015746","25016040","KN295433v1","429148","429443","17","24586598"
"chr4","25025442","25025527","KN294592v1","1193929","1194016","18","23831513"
"chr4","25100003","25100299","KN296153v1","799952","800247","55","24300051"
"chr4","25109379","25109567","KN295705v1","1250776","1250962","42","23858603"
"chr4","25112176","25112416","KN295433v1","332028","332276","37","24780148"
"chr4","25125383","25125672","KN295433v1","318641","318932","20","24806742"
"chr4","25166556","25166765","KN294842v1","488451","488654","51","24678105"
"chr4","25179891","25180217","KN294893v1","445554","445861","72","24734337"
"chr4","25187167","25187352","KN295433v1","254679","254863","15","24932488"
"chr4","25216994","25217283","KN294172v1","2069177","2069469","58","23147817"
"chr4","25223759","25224057","KN297320v1","1234476","1234772","53","23989283"
"chr4","25229292","25229590","KN295433v1","212382","212686","38","25016910"
"chr4","25235806","25235929","KN295601v1","1028227","1028352","23","24207579"
"chr4","25246637","25246799","KN295995v1","1758883","1759049","51","23487754"
"chr4","25256036","25256251","KN295433v1","184453","184659","32","25071583"
"chr4","25256879","25256957","KN295433v1","183710","183799","14","25073169"
"chr4","25281288","25281558","KN294671v1","200068","200336","60","25081220"
"chr4","25282372","25282675","KN295433v1","158418","158724","26","25123954"
"chr4","25286301","25286573","KN295433v1","154804","155063","29","25131497"
"chr4","25306066","25306362","KN295433v1","134129","134418","30","25171937"
"chr4","25309399","25309600","KN295433v1","130837","131066","40","25178562"
"chr4","25316268","25316400","KN294172v1","5981421","5981552","24","19334847"
"chr4","25319099","25319298","KN295433v1","113244","113422","47","25205855"
"chr4","25329341","25329601","KN295433v1","103800","104065","42","25225541"
"chr4","25371769","25372036","KN295433v1","52483","52743","27","25319286"
"chr4","25373332","25373658","KN295433v1","43280","43607","38","25330052"
"chr4","25377042","25377356","KN295433v1","40393","40703","26","25336649"
"chr4","25407029","25407145","KN294439v1","256157","256274","13","25150872"
"chr4","25466542","25466837","KN296270v1","772956","773253","23","24693586"
"chr4","25486661","25486791","KN296270v1","751294","751426","18","24735367"
"chr4","25522545","25522808","KN296270v1","714349","714618","21","24808196"
"chr4","25552966","25553266","KN296270v1","679396","679700","44","24873570"
"chr4","25562738","25563026","KN297197v1","1823206","1823487","60","23739532"
"chr4","25566551","25566872","KN295032v1","263836","264138","71","25302715"
"chr4","25572174","25572448","KN296270v1","659716","659997","24","24912458"
"chr4","25580055","25580362","KN295814v1","1169975","1170263","79","24410080"
"chr4","25637875","25638162","KN296270v1","594131","594422","25","25043744"
"chr4","25650396","25650699","KN296270v1","581357","581653","18","25069039"
"chr4","25656426","25656696","KN296270v1","576612","576902","34","25079814"
"chr4","25665551","25665836","KN296270v1","567181","567458","48","25098370"
"chr4","25668906","25668999","KN296270v1","563698","563791","4","25105208"
"chr4","25701234","25701516","KN296270v1","530751","531057","44","25170483"
"chr4","25717783","25718096","KN296270v1","516683","516999","27","25201100"
"chr4","25727566","25727854","KN296270v1","506003","506295","33","25221563"
"chr4","25736773","25736955","KN296270v1","497181","497370","19","25239592"
"chr4","25737258","25737395","KN296270v1","496734","496871","8","25240524"
"chr4","25745359","25745645","KN296270v1","486802","487090","22","25258557"
"chr4","25782119","25782319","KN296270v1","448735","448934","16","25333384"
"chr4","25826047","25826364","KN296270v1","404581","404894","30","25421466"
"chr4","25851484","25851622","KN295037v1","75770","75905","29","25775714"
"chr4","25858408","25858687","KN296270v1","376556","376822","36","25481852"
"chr4","25870905","25871207","KN296270v1","363985","364288","15","25506920"
"chr4","25875087","25875312","KN294509v1","68388","68612","45","25806699"
"chr4","25906790","25907096","KN296270v1","327877","328181","31","25578913"
"chr4","25913044","25913134","KN296270v1","321554","321641","11","25591490"
"chr4","25918516","25918630","KN295605v1","359897","360014","20","25558619"
"chr4","25921634","25921844","KN294269v1","269309","269514","50","25652325"
"chr4","25951849","25952170","KN296270v1","280562","280884","28","25671287"
"chr4","25953913","25954220","KN296270v1","278512","278826","30","25675401"
"chr4","25956564","25956861","KN296270v1","275861","276140","51","25680703"
"chr4","25964389","25964696","KN296749v1","396480","396788","71","25567909"
"chr4","25967143","25967436","KN296270v1","261108","261431","49","25706035"
"chr4","25970440","25970741","KN296821v1","118419","118725","60","25852021"
"chr4","26008878","26009171","KN296270v1","216783","217076","17","25792095"
"chr4","26025186","26025495","KN294592v1","1252226","1252528","66","24772960"
"chr4","26025602","26025865","KN296096v1","1827942","1828211","54","24197660"
"chr4","26035164","26035455","KN296270v1","195448","195760","39","25839716"
"chr4","26055775","26055953","KN296270v1","174337","174502","38","25881438"
"chr4","26056323","26056470","KN296270v1","173824","173966","15","25882499"
"chr4","26062355","26062532","KN296270v1","167937","168116","22","25894418"
"chr4","26064752","26064887","KN296270v1","164065","164199","9","25900687"
"chr4","26067348","26067637","KN295405v1","143132","143424","61","25924216"
"chr4","26071789","26072081","KN297312v1","185460","185762","66","25886329"
"chr4","26138249","26138364","KN294911v1","2412127","2412242","22","23726122"
"chr4","26151967","26152275","KN296270v1","80700","81000","28","26071267"
"chr4","26173874","26174161","KN296093v1","78953","79230","69","26094921"
"chr4","26176323","26176453","KN296270v1","56282","56405","17","26120041"
"chr4","26183787","26184117","KN296270v1","48101","48400","46","26135686"
"chr4","26186786","26187092","KN294172v1","6073271","6073584","61","20113515"
"chr4","26213374","26213658","KN294513v1","8273","8546","67","26205101"
"chr4","26238247","26238524","KN296403v1","8882","9167","26","26229365"
"chr4","26241117","26241408","KN296403v1","11777","12081","31","26229340"
"chr4","26314562","26314876","KN296403v1","85955","86278","25","26228607"
"chr4","26453064","26453367","KN296145v1","809194","809494","54","25643870"
"chr4","26490796","26491140","KN296404v1","1140358","1140668","88","25350438"
"chr4","26492590","26492902","KN296403v1","258548","258840","39","26234042"
"chr4","26633292","26633575","KN296403v1","401280","401573","37","26232012"
"chr4","26716609","26716720","KN296403v1","492798","492909","11","26223811"
"chr4","26807064","26807370","KN296403v1","583085","583390","34","26223979"
"chr4","26977802","26978095","KN296225v1","775732","776029","56","26202070"
"chr4","27051503","27051768","KN296403v1","834656","834921","16","26216847"
"chr4","27073192","27073485","KN296403v1","847511","847796","34","26225681"
"chr4","27120760","27121032","KN296403v1","899935","900210","36","26220825"
"chr4","27142973","27143276","KN296403v1","927468","927763","35","26215505"
"chr4","27148424","27148734","KN296403v1","932980","933295","27","26215444"
"chr4","27221427","27221734","KN297227v1","285377","285686","69","26936050"
"chr4","27321029","27321316","KN294848v1","898261","898553","58","26422768"
"chr4","27399422","27399713","KN297138v1","424448","424740","69","26974974"
"chr4","27506518","27506647","KN296096v1","581776","581906","22","26924742"
"chr4","27770004","27770241","KN295294v1","1098316","1098559","67","26671688"
"chr4","27853230","27853557","KN294630v1","516314","516631","91","27336916"
"chr4","27861319","27861341","KN295828v1","530926","530952","10","27330393"
"chr4","27863643","27863897","KN295315v1","1011040","1011297","64","26852603"
"chr4","27867625","27867920","KN294614v1","906036","906326","65","26961589"
"chr4","28005399","28005528","KN295195v1","39090","39217","16","27966309"
"chr4","28122838","28123093","KN294486v1","1449359","1449610","58","26673479"
"chr4","28283455","28283763","KN295195v1","336522","336831","35","27946933"
"chr4","28375611","28375913","KN294257v1","2271748","2272051","57","26103863"
"chr4","28634925","28635203","KN295195v1","693954","694242","36","27940971"
"chr4","28669835","28670152","KN295195v1","728504","728781","64","27941331"
"chr4","28836435","28836716","KN295352v1","216571","216847","58","28619864"
"chr4","28885467","28885759","KN295236v1","470311","470605","76","28415156"
"chr4","28989488","28989760","KN295685v1","114495","114775","33","28874993"
"chr4","28993563","28993861","KN295480v1","1352412","1352716","74","27641151"
"chr4","29039877","29040149","KN295685v1","157475","157732","70","28882402"
"chr4","29093592","29093894","KN296153v1","165039","165335","81","28928553"
"chr4","29150530","29150827","KN295685v1","276314","276612","20","28874216"
"chr4","29226622","29226917","KN295685v1","345072","345374","30","28881550"
"chr4","29288655","29288992","KN294954v1","51426","51752","82","29237229"
"chr4","29362999","29363305","KN295685v1","482800","483108","30","28880199"
"chr4","29595174","29595473","KN295685v1","721917","722203","33","28873257"
"chr4","29790810","29791055","KN295685v1","931847","932085","30","28858963"
"chr4","29846873","29846995","KN295236v1","1631207","1631327","16","28215666"
"chr4","30169122","30169429","KN295685v1","1343608","1343926","25","28825514"
"chr4","30172793","30173092","KN295685v1","1347313","1347590","52","28825480"
"chr4","30386590","30386798","KN295174v1","15555","15755","55","30371035"
"chr4","30448476","30448766","KN294911v1","2741265","2741560","68","27707211"
"chr4","30490494","30490789","KN294218v1","2172277","2172581","69","28318217"
"chr4","30491738","30492043","KN296865v1","950915","951212","59","29540823"
"chr4","30527128","30527411","KN296864v1","3187581","3187876","73","27339547"
"chr4","30533748","30533977","KN297095v1","2550188","2550398","55","27983560"
"chr4","30576177","30576492","KN295828v1","1127935","1128237","72","29448242"
"chr4","30655762","30656055","KN294758v1","3036785","3037063","71","27618977"
"chr4","30656062","30656229","KN294536v1","1586791","1586952","34","29069271"
"chr4","30721214","30721530","KN294954v1","147667","147970","89","30573547"
"chr4","30864412","30864668","KN294978v1","966888","967150","84","29897524"
"chr4","30879934","30880213","KN294911v1","2309023","2309287","83","28570911"
"chr4","30892968","30893275","KN295110v1","37937","38230","74","30855031"
"chr4","30969594","30969881","KN294199v1","65187","65474","57","30904407"
"chr4","31131681","31131969","KN294991v1","693040","693334","65","30438641"
"chr4","31206193","31206342","KN297165v1","393644","393802","39","30812549"
"chr4","31449514","31449780","KN295700v1","80973","81234","21","31368541"
"chr4","31468928","31469079","KN294733v1","48320","48464","37","31420608"
"chr4","31523999","31524307","KN296486v1","1337566","1337861","75","30186433"
"chr4","31566233","31566543","KN295700v1","204866","205147","42","31361367"
"chr4","31698020","31698207","KN296702v1","604337","604520","50","31093683"
"chr4","31716022","31716308","KN295365v1","618540","618829","62","31097482"
"chr4","31744400","31744696","KN295700v1","400185","400486","31","31344215"
"chr4","31745955","31746051","KN295700v1","401728","401818","12","31344227"
"chr4","32159134","32159445","KN296153v1","3375897","3376205","63","28783237"
"chr4","32227864","32228078","KN294733v1","13674","13893","54","32214190"
"chr4","33012496","33012772","KN295236v1","4812704","4812971","62","28199792"
"chr4","33091945","33092233","KN294733v1","143432","143710","64","32948513"
"chr4","33111118","33111402","KN296442v1","645307","645608","65","32465811"
"chr4","33154409","33154515","KN296019v1","253050","253160","18","32901359"
"chr4","33214270","33214611","KN295667v1","676400","676706","96","32537870"
"chr4","33245100","33245341","KN295343v1","1011686","1011938","73","32233414"
"chr4","33495624","33495950","KN296960v1","79024","79327","59","33416600"
"chr4","33620114","33620397","KN296960v1","206084","206363","24","33414030"
"chr4","33630615","33630893","KN296960v1","216578","216852","25","33414037"
"chr4","33657528","33657727","KN296960v1","242139","242343","20","33415389"
"chr4","33664486","33664761","KN295596v1","3283626","3283905","70","30380860"
"chr4","33731265","33731556","KN296960v1","325953","326246","20","33405312"
"chr4","33755708","33756029","KN296960v1","350668","351002","39","33405040"
"chr4","33910495","33910787","KN296960v1","524077","524349","62","33386418"
"chr4","33917803","33917920","KN296062v1","2178521","2178637","19","31739282"
"chr4","33976384","33976505","KN296960v1","601963","602087","16","33374421"
"chr4","33987161","33987467","KN296960v1","612675","612980","25","33374486"
"chr4","34058810","34058979","KN296960v1","678854","679013","35","33379956"
"chr4","34253834","34253952","KN295974v1","209181","209303","28","34044653"
"chr4","34257788","34258034","KN296960v1","900627","900855","37","33357161"
"chr4","34352881","34353158","KN296960v1","1001191","1001467","35","33351690"
"chr4","34441744","34441922","KN296732v1","1570928","1571101","48","32870816"
"chr4","34539167","34539461","KN296960v1","1186387","1186697","53","33352780"
"chr4","34785021","34785306","KN296960v1","1458219","1458505","36","33326802"
"chr4","35006401","35006517","KN295459v1","1077631","1077747","14","33928770"
"chr4","35087880","35088169","KN296960v1","1804956","1805251","24","33282924"
"chr4","35106379","35106665","KN296960v1","1823062","1823340","41","33283317"
"chr4","35141419","35141603","KN296778v1","265861","266041","55","34875558"
"chr4","35216446","35216726","KN296960v1","1947828","1948090","55","33268618"
"chr4","35248595","35248813","KN296960v1","1977587","1977796","29","33271008"
"chr4","35303318","35303647","KN294470v1","1511567","1511900","91","33791751"
"chr4","35357559","35357842","KN296960v1","2081128","2081408","37","33276431"
"chr4","35475711","35475869","KN296616v1","100023","100193","20","35375688"
"chr4","35562404","35562647","KN296616v1","196595","196857","34","35365809"
"chr4","35586394","35586698","KN296616v1","232972","233262","47","35353422"
"chr4","35824768","35825056","KN295434v1","13344","13635","30","35811424"
"chr4","35829425","35829741","KN295074v1","217578","217911","95","35611847"
"chr4","35852323","35852581","KN296323v1","1076831","1077088","66","34775492"
"chr4","35899884","35899981","KN297229v1","466984","467077","15","35432900"
"chr4","36051520","36051800","KN295983v1","3478272","3478546","30","32573248"
"chr4","36304854","36305139","KN295983v1","3204393","3204689","45","33100461"
"chr4","36531998","36532125","KN295983v1","2968638","2968768","12","33563360"
"chr4","36867779","36868052","KN294451v1","1298888","1299161","73","35568891"
"chr4","36870203","36870497","KN295983v1","2627600","2627896","39","34242603"
"chr4","36920755","36921061","KN295983v1","2578707","2579017","33","34342048"
"chr4","37063150","37063412","KN295983v1","2414520","2414813","61","34648630"
"chr4","37133987","37134110","KN295983v1","2352758","2352880","11","34781229"
"chr4","37182106","37182416","KN296731v1","1374566","1374862","74","35807540"
"chr4","37185847","37186142","KN294570v1","10935","11242","74","37174912"
"chr4","37804173","37804347","KN294583v1","160557","160720","40","37643616"
"chr4","37804766","37805035","KN297165v1","2842387","2842659","54","34962379"
"chr4","37820377","37820672","KN295459v1","697076","697373","56","37123301"
"chr4","37831845","37832139","KN296017v1","366720","367014","56","37465125"
"chr4","37856361","37856667","KN295983v1","1608931","1609227","28","36247430"
"chr4","37874456","37874579","KN294378v1","1080965","1081090","20","36793491"
"chr4","37890160","37890277","KN295983v1","1572892","1573009","12","36317268"
"chr4","37950472","37950774","KN295983v1","1513915","1514197","45","36436557"
"chr4","37995626","37995916","KN296311v1","7907830","7908116","53","30087796"
"chr4","38015445","38015734","KN295983v1","1441546","1441857","42","36573899"
"chr4","38035222","38035422","KN295983v1","1421586","1421787","16","36613636"
"chr4","38104380","38104626","KN295983v1","1351270","1351540","38","36753110"
"chr4","38112921","38113209","KN295983v1","1342713","1343021","32","36770208"
"chr4","38222201","38222318","KN295361v1","998330","998446","11","37223871"
"chr4","38248667","38248970","KN295320v1","53994","54294","59","38194673"
"chr4","38284878","38285181","KN295983v1","1177367","1177658","33","37107511"
"chr4","38367498","38367809","KN295705v1","926949","927252","72","37440549"
"chr4","38379497","38379779","KN295983v1","1083098","1083393","30","37296399"
"chr4","38392476","38392778","KN295983v1","1070032","1070309","37","37322444"
"chr4","38399156","38399346","KN295983v1","1063728","1063918","11","37335428"
"chr4","38489364","38489621","KN295983v1","963061","963316","21","37526303"
"chr4","38531508","38531804","KN295983v1","922288","922583","15","37609220"
"chr4","38552428","38552700","KN295983v1","897290","897563","19","37655138"
"chr4","38604301","38604443","KN295983v1","845594","845746","14","37758707"
"chr4","38684534","38684744","KN295983v1","770760","770963","22","37913774"
"chr4","38696999","38697283","KN295983v1","758296","758584","11","37938703"
"chr4","38697796","38698080","KN295983v1","757497","757775","38","37940299"
"chr4","38712718","38713024","KN295983v1","742653","742964","20","37970065"
"chr4","38822468","38822767","KN295983v1","632943","633254","34","38189525"
"chr4","38867066","38867375","KN295983v1","588972","589273","31","38278094"
"chr4","38914578","38914862","KN295983v1","541578","541832","47","38373000"
"chr4","38963672","38963796","KN295983v1","489986","490103","16","38473686"
"chr4","38995095","38995390","KN295995v1","1439717","1440017","64","37555378"
"chr4","39003379","39003576","KN295983v1","449805","450015","27","38553574"
"chr4","39046434","39046731","KN296864v1","3187581","3187876","59","35858853"
"chr4","39066854","39067118","KN295983v1","394281","394545","17","38672573"
"chr4","39069792","39070087","KN295983v1","391299","391592","21","38678493"
"chr4","39114386","39114696","KN296290v1","775055","775367","57","38339331"
"chr4","39154591","39154768","KN295758v1","811051","811237","37","38343540"
"chr4","39156937","39157150","KN294396v1","260011","260208","52","38896926"
"chr4","39175912","39176196","KN295983v1","282558","282846","27","38893354"
"chr4","39203221","39203526","KN294650v1","135442","135745","65","39067779"
"chr4","39214347","39214640","KN295983v1","244916","245209","15","38969431"
"chr4","39216734","39217008","KN295983v1","238047","238307","33","38978687"
"chr4","39221922","39222183","KN295983v1","232971","233218","36","38988951"
"chr4","39272648","39272937","KN295983v1","181547","181853","54","39091101"
"chr4","39297092","39297184","KN294987v1","338703","338785","27","38958389"
"chr4","39297490","39297660","KN295257v1","1405964","1406136","36","37891526"
"chr4","39309024","39309315","KN295983v1","144516","144807","25","39164508"
"chr4","39317948","39318223","KN295983v1","136799","137077","14","39181149"
"chr4","39325503","39325619","KN295983v1","131831","131946","8","39193672"
"chr4","39335070","39335325","KN295983v1","122291","122545","19","39212779"
"chr4","39394530","39394831","KN295983v1","69038","69336","22","39325492"
"chr4","39419245","39419541","KN295983v1","45584","45868","29","39373661"
"chr4","39421402","39421698","KN296404v1","3404152","3404452","61","36017250"
"chr4","39426150","39426505","KN294207v1","128747","129097","102","39297403"
"chr4","39446242","39446512","KN295983v1","24388","24674","32","39421854"
"chr4","39484359","39484483","KN294571v1","13863","13986","7","39470496"
"chr4","39537586","39537859","KN294571v1","68780","69086","51","39468806"
"chr4","39554947","39555070","KN294571v1","88970","89103","16","39465977"
"chr4","39567976","39568264","KN294571v1","104565","104866","24","39463411"
"chr4","39570859","39570974","KN294571v1","107791","107906","3","39463068"
"chr4","39587001","39587203","KN294571v1","124966","125186","33","39462035"
"chr4","39598131","39598431","KN294571v1","136875","137174","14","39461256"
"chr4","39605508","39605618","KN297154v1","1037116","1037239","26","38568392"
"chr4","39608447","39608738","KN294630v1","691275","691571","52","38917172"
"chr4","39608849","39608937","KN294728v1","1175192","1175282","20","38433657"
"chr4","39645449","39645729","KN294571v1","182307","182563","35","39463142"
"chr4","39646904","39647194","KN294571v1","183784","184044","56","39463120"
"chr4","39679528","39679667","KN294571v1","217309","217451","21","39462219"
"chr4","39688458","39688768","KN294470v1","3146483","3146791","65","36541975"
"chr4","39689048","39689332","KN294571v1","226915","227194","18","39462133"
"chr4","39695140","39695226","KN295236v1","4379119","4379204","17","35316021"
"chr4","39695535","39695691","KN296079v1","1920311","1920471","41","37775224"
"chr4","39725874","39726119","KN294571v1","269422","269664","13","39456452"
"chr4","39742468","39742780","KN294234v1","1323178","1323489","61","38419290"
"chr4","39745302","39745611","KN294571v1","292708","293021","23","39452594"
"chr4","39753277","39753499","KN295744v1","285256","285466","37","39468021"
"chr4","39760366","39760666","KN294172v1","2414174","2414475","70","37346192"
"chr4","39768430","39768547","KN294917v1","561272","561393","16","39207158"
"chr4","39771741","39772032","KN294571v1","317298","317605","32","39454443"
"chr4","39781728","39782022","KN294571v1","324148","324455","27","39457580"
"chr4","39786061","39786320","KN294484v1","718469","718726","50","39067592"
"chr4","39810758","39811062","KN296000v1","991682","991967","73","38819076"
"chr4","39821054","39821339","KN294571v1","368794","369093","32","39452260"
"chr4","39822897","39823142","KN294571v1","370507","370737","42","39452390"
"chr4","39829426","39829548","KN294571v1","380925","381044","11","39448501"
"chr4","39839522","39839814","KN294571v1","390689","390981","19","39448833"
"chr4","39841349","39841658","KN294571v1","392696","392991","39","39448653"
"chr4","39861910","39862128","KN294571v1","413867","414085","13","39448043"
"chr4","39863467","39863749","KN294325v1","221091","221385","62","39642376"
"chr4","39863938","39864235","KN296846v1","974317","974603","59","38889621"
"chr4","39869150","39869399","KN294571v1","420540","420828","62","39448610"
"chr4","39870923","39871216","KN294571v1","421610","421900","18","39449313"
"chr4","39873369","39873565","KN294571v1","424452","424647","17","39448917"
"chr4","39883124","39883415","KN294571v1","434210","434500","15","39448914"
"chr4","39887082","39887366","KN294571v1","438229","438494","41","39448853"
"chr4","39892478","39892789","KN295110v1","305694","306000","83","39586784"
"chr4","39901133","39901401","KN297452v1","749329","749594","47","39151804"
"chr4","39907988","39908136","KN295236v1","1196909","1197056","40","38711079"
"chr4","39924868","39924989","KN294571v1","472596","472706","16","39452272"
"chr4","39930822","39930939","KN294571v1","481060","481184","15","39449762"
"chr4","39944980","39945202","KN294571v1","496863","497085","13","39448117"
"chr4","39945333","39945632","KN294539v1","1288899","1289194","82","38656434"
"chr4","39958620","39958825","KN294269v1","269309","269514","44","39689311"
"chr4","39971824","39972119","KN294571v1","515677","515953","44","39456147"
"chr4","39972366","39972684","KN297320v1","1234476","1234772","77","38737890"
"chr4","39975057","39975393","KN294571v1","520135","520459","39","39454922"
"chr4","39992978","39993174","KN294571v1","536051","536230","34","39456927"
"chr4","39993482","39993596","KN295459v1","1018963","1019078","14","38974519"
"chr4","40001119","40001312","KN294571v1","545610","545800","25","39455509"
"chr4","40010149","40010326","KN294571v1","555443","555610","23","39454706"
"chr4","40030933","40031147","KN294571v1","581819","582008","38","39449114"
"chr4","40055485","40055748","KN296378v1","431703","431985","71","39623782"
"chr4","40073961","40074239","KN294571v1","631748","632029","24","39442213"
"chr4","40075248","40075295","KN295107v1","1491875","1491930","16","38583373"
"chr4","40075595","40075775","KN294571v1","633379","633556","17","39442216"
"chr4","40087759","40087844","KN294571v1","645750","645834","5","39442009"
"chr4","40092885","40093155","KN294571v1","650513","650788","27","39442372"
"chr4","40093834","40094091","KN294571v1","651399","651621","67","39442435"
"chr4","40094093","40094146","KN297274v1","2031097","2031147","18","38062996"
"chr4","40115063","40115358","KN294571v1","671069","671366","28","39443994"
"chr4","40116879","40117174","KN294571v1","671069","671366","57","39445810"
"chr4","40125642","40125853","KN294571v1","681110","681320","15","39444532"
"chr4","40139870","40139989","KN294571v1","703371","703487","7","39436499"
"chr4","40143271","40143559","KN295725v1","1807637","1807935","73","38335634"
"chr4","40203307","40203574","KN294365v1","1435939","1436220","66","38767368"
"chr4","40204570","40204866","KN294571v1","785314","785610","16","39419256"
"chr4","40215166","40215465","KN294571v1","801341","801641","23","39413825"
"chr4","40215800","40216091","KN294571v1","801969","802254","35","39413831"
"chr4","40220525","40220786","KN296486v1","1395759","1396023","62","38824766"
"chr4","40224818","40225119","KN294571v1","812205","812497","41","39412613"
"chr4","40248960","40249260","KN294571v1","837459","837770","24","39411501"
"chr4","40264593","40264783","KN294571v1","854966","855159","12","39409627"
"chr4","40265899","40266188","KN296803v1","253002","253291","55","40012897"
"chr4","40270980","40271286","KN294571v1","857039","857334","42","39413941"
"chr4","40285269","40285483","KN294571v1","871328","871553","30","39413941"
"chr4","40292718","40292835","KN294571v1","878898","879017","4","39413820"
"chr4","40302411","40302718","KN294571v1","888636","888944","15","39413775"
"chr4","40307954","40308183","KN294239v1","375904","376124","57","39932050"
"chr4","40309067","40309345","KN297026v1","565286","565566","67","39743781"
"chr4","40309532","40309772","KN294571v1","896407","896665","28","39413125"
"chr4","40352821","40353124","KN294571v1","938233","938551","44","39414588"
"chr4","40401649","40401791","KN296893v1","102398","102540","32","40299251"
"chr4","40417779","40418082","KN294571v1","1005178","1005479","32","39412601"
"chr4","40424782","40425097","KN294571v1","1011850","1012166","21","39412932"
"chr4","40454996","40455161","KN294571v1","1041158","1041315","43","39413838"
"chr4","40455463","40455601","KN294571v1","1041612","1041740","13","39413851"
"chr4","40457222","40457388","KN294571v1","1043043","1043218","22","39414179"
"chr4","40457415","40457537","KN294571v1","1043246","1043368","8","39414169"
"chr4","40459871","40460182","KN294570v1","10935","11242","61","40448936"
"chr4","40489741","40489947","KN294571v1","1074754","1074970","25","39414987"
"chr4","40500897","40501198","KN294571v1","1089431","1089732","36","39411466"
"chr4","40515892","40516102","KN296649v1","177350","177544","46","40338542"
"chr4","40519342","40519466","KN294571v1","1108526","1108653","17","39410816"
"chr4","40529711","40529959","KN294571v1","1120459","1120709","11","39409252"
"chr4","40533118","40533408","KN294571v1","1123847","1124141","24","39409271"
"chr4","40558655","40558824","KN295236v1","5505474","5505641","40","35053181"
"chr4","40600617","40600714","KN294705v1","1036112","1036214","20","39564505"
"chr4","40601978","40602262","KN297319v1","1128241","1128524","55","39473737"
"chr4","40604852","40605139","KN294571v1","1195253","1195528","25","39409599"
"chr4","40605912","40606204","KN296019v1","378079","378370","57","40227833"
"chr4","40620406","40620707","KN294571v1","1210311","1210619","17","39410095"
"chr4","40657976","40658271","KN294571v1","1252528","1252835","35","39405448"
"chr4","40708412","40708587","KN296486v1","1872485","1872658","28","38835927"
"chr4","40708861","40708918","KN294991v1","1148300","1148355","13","39560561"
"chr4","40713508","40713782","KN294172v1","5859145","5859420","63","34854363"
"chr4","40717302","40717548","KN294571v1","1312371","1312634","28","39404931"
"chr4","40753657","40753964","KN294571v1","1345682","1345993","26","39407975"
"chr4","40772860","40773164","KN296247v1","412386","412696","66","40360474"
"chr4","40777095","40777402","KN294571v1","1370436","1370741","17","39406659"
"chr4","40791088","40791250","KN296311v1","5964020","5964187","41","34827068"
"chr4","40821002","40821297","KN294571v1","1416204","1416516","30","39404798"
"chr4","40829091","40829217","KN294571v1","1423851","1423976","9","39405240"
"chr4","40830020","40830321","KN294571v1","1424759","1425061","35","39405261"
"chr4","40831437","40831564","KN294467v1","32975","33096","21","40798462"
"chr4","40837811","40837924","KN295977v1","789031","789142","17","40048780"
"chr4","40852804","40853008","KN295171v1","289083","289273","50","40563721"
"chr4","40917660","40917942","KN294571v1","1520402","1520693","32","39397258"
"chr4","40952067","40952345","KN295995v1","1409081","1409355","62","39542986"
"chr4","40955301","40955533","KN296000v1","1212721","1212956","46","39742580"
"chr4","40957701","40957894","KN294172v1","4156820","4157021","48","36800881"
"chr4","40968892","40969181","KN294571v1","1567968","1568246","24","39400924"
"chr4","41003370","41003682","KN294571v1","1603536","1603840","30","39399834"
"chr4","41033705","41034034","KN296404v1","3404152","3404452","84","37629553"
"chr4","41041746","41042048","KN294571v1","1643527","1643828","40","39398219"
"chr4","41056909","41057197","KN294571v1","1660228","1660509","21","39396681"
"chr4","41075262","41075570","KN294571v1","1678509","1678826","40","39396753"
"chr4","41104362","41104568","KN294717v1","27773","27984","65","41076589"
"chr4","41114632","41114945","KN294571v1","1721648","1721967","24","39392984"
"chr4","41121310","41121486","KN294571v1","1728341","1728517","21","39392969"
"chr4","41121778","41121898","KN294571v1","1728823","1728946","12","39392955"
"chr4","41131570","41131865","KN294571v1","1739021","1739312","18","39392549"
"chr4","41136199","41136513","KN295722v1","1166224","1166529","68","39969975"
"chr4","41150718","41151021","KN294571v1","1756432","1756726","32","39394286"
"chr4","41164989","41165291","KN294571v1","1773487","1773777","35","39391502"
"chr4","41166177","41166492","KN294571v1","1774677","1774953","54","39391500"
"chr4","41168187","41168348","KN294571v1","1776513","1776674","22","39391674"
"chr4","41168349","41168625","KN294571v1","1776675","1776954","27","39391674"
"chr4","41168626","41168763","KN294571v1","1776955","1777093","7","39391671"
"chr4","41171965","41172262","KN294571v1","1780303","1780600","15","39391662"
"chr4","41212294","41212566","KN296682v1","4642758","4643026","64","36569536"
"chr4","41224549","41224670","KN294457v1","36186","36307","21","41188363"
"chr4","41237326","41237638","KN294571v1","1843649","1843959","23","39393677"
"chr4","41246147","41246479","KN294571v1","1852822","1853125","49","39393325"
"chr4","41249346","41249633","KN294571v1","1855927","1856232","47","39393419"
"chr4","41270528","41270818","KN294571v1","1877700","1877991","22","39392828"
"chr4","41305993","41306302","KN294571v1","1916143","1916436","43","39389850"
"chr4","41317903","41318047","KN294571v1","1934375","1934512","16","39383528"
"chr4","41318329","41318495","KN294571v1","1934812","1934978","19","39383517"
"chr4","41333509","41333813","KN294571v1","1951373","1951677","24","39382136"
"chr4","41334753","41335036","KN294571v1","1952923","1953206","21","39381830"
"chr4","41338157","41338492","KN294571v1","1956661","1956996","25","39381496"
"chr4","41400891","41401189","KN294571v1","2017016","2017317","22","39383875"
"chr4","41407827","41408114","KN294571v1","2023678","2023955","23","39384149"
"chr4","41410103","41410302","KN294571v1","2025248","2025467","30","39384855"
"chr4","41416704","41416993","KN294571v1","2029314","2029597","25","39387390"
"chr4","41438332","41438603","KN294571v1","2048937","2049196","26","39389395"
"chr4","41462993","41463266","KN294571v1","2066968","2067247","29","39396025"
"chr4","41484596","41484845","KN294571v1","2086896","2087144","13","39397700"
"chr4","41493427","41493725","KN294571v1","2096045","2096348","23","39397382"
"chr4","41503507","41503731","KN294571v1","2106493","2106724","23","39397014"
"chr4","41505002","41505283","KN294470v1","2313287","2313568","58","39191715"
"chr4","41505325","41505649","KN294571v1","2108268","2108590","30","39397057"
"chr4","41509720","41509972","KN294571v1","2112881","2113124","32","39396839"
"chr4","41516655","41516963","KN297386v1","2560744","2561047","56","38955911"
"chr4","41518441","41518569","KN294761v1","308254","308386","32","41210187"
"chr4","41518607","41518641","KN296119v1","4451539","4451573","6","37067068"
"chr4","41521491","41521807","KN294571v1","2125019","2125333","22","39396472"
"chr4","41553072","41553196","KN294571v1","2157571","2157694","9","39395501"
"chr4","41579998","41580290","KN294571v1","2182994","2183281","15","39397004"
"chr4","41586092","41586376","KN294571v1","2189077","2189355","33","39397015"
"chr4","41631476","41631765","KN296311v1","7907830","7908116","57","33723646"
"chr4","41651482","41651772","KN294571v1","2260007","2260296","37","39391475"
"chr4","41750437","41750739","KN295725v1","1807637","1807935","60","39942800"
"chr4","41759393","41759680","KN296138v1","264399","264686","55","41494994"
"chr4","41764459","41764806","KN294571v1","2377481","2377760","84","39386978"
"chr4","41809259","41809547","KN295936v1","240644","240938","60","41568615"
"chr4","41836993","41837320","KN294571v1","2451748","2452041","60","39385245"
"chr4","41916351","41916704","KN294571v1","2539826","2540137","94","39376525"
"chr4","41933599","41933869","KN294571v1","2557058","2557305","50","39376541"
"chr4","42008281","42008613","KN294571v1","2634201","2634532","21","39374080"
"chr4","42023463","42023573","KN296933v1","89510","89627","18","41933953"
"chr4","42067193","42067477","KN294571v1","2691991","2692276","25","39375202"
"chr4","42099096","42099382","KN297165v1","631568","631869","71","41467528"
"chr4","42139938","42140229","KN294571v1","2763006","2763302","56","39376932"
"chr4","42143609","42143880","KN294571v1","2766616","2766888","10","39376993"
"chr4","42186020","42186304","KN294571v1","2811163","2811448","20","39374857"
"chr4","42194760","42195045","KN296119v1","4183664","4183941","56","38011096"
"chr4","42221728","42222042","KN294571v1","2853141","2853414","60","39368587"
"chr4","42261032","42261056","KN297008v1","6843374","6843400","7","35417658"
"chr4","42261454","42261587","KN297154v1","1476415","1476562","35","40785039"
"chr4","42277493","42277774","KN294571v1","2921678","2921959","20","39355815"
"chr4","42279073","42279380","KN296486v1","1910007","1910320","63","40369066"
"chr4","42279908","42280023","KN294571v1","2923832","2923955","18","39356076"
"chr4","42298045","42298338","KN294571v1","2942016","2942305","32","39356029"
"chr4","42300184","42300480","KN294571v1","2943966","2944258","26","39356218"
"chr4","42335298","42335555","KN294879v1","469429","469686","55","41865869"
"chr4","42390000","42390293","KN294245v1","91970","92269","26","42298030"
"chr4","42427501","42427813","KN294245v1","129188","129500","16","42298313"
"chr4","42449746","42450025","KN296311v1","7410388","7410667","60","35039358"
"chr4","42466866","42466983","KN294245v1","174147","174270","14","42292719"
"chr4","42468735","42469034","KN294245v1","176090","176365","55","42292645"
"chr4","42508466","42508758","KN294245v1","237361","237666","33","42271105"
"chr4","42512935","42513240","KN297180v1","853323","853626","65","41659612"
"chr4","42519444","42519561","KN294245v1","248736","248853","5","42270708"
"chr4","42558464","42558768","KN294245v1","289452","289764","31","42269012"
"chr4","42643656","42643950","KN294245v1","375988","376275","21","42267668"
"chr4","42647679","42647997","KN294245v1","380711","381024","23","42266968"
"chr4","42728498","42728803","KN294245v1","471823","472111","39","42256675"
"chr4","43055360","43055658","KN294245v1","831616","831916","27","42223744"
"chr4","43141899","43142093","KN294874v1","886096","886288","57","42255803"
"chr4","43221741","43222026","KN296864v1","3187581","3187876","57","40034160"
"chr4","43234612","43234808","KN296378v1","1198091","1198278","43","42036521"
"chr4","43474916","43475157","KN294245v1","1298234","1298486","30","42176682"
"chr4","43540757","43540933","KN294245v1","1375379","1375558","13","42165378"
"chr4","43580677","43580969","KN294245v1","1414095","1414378","36","42166582"
"chr4","43818888","43819164","KN295149v1","50922","51196","12","43767966"
"chr4","44180452","44180759","KN295747v1","24465","24774","30","44155987"
"chr4","44292392","44292637","KN295327v1","271150","271390","42","44021242"
"chr4","44472451","44472756","KN296311v1","3358167","3358474","64","41114284"
"chr4","44520201","44520485","KN295327v1","55296","55575","30","44464905"
"chr4","44579132","44579413","KN295236v1","1709344","1709618","64","42869788"
"chr4","44668628","44668913","KN297112v1","3625623","3625907","70","41043005"
"chr4","44888881","44889075","KN295820v1","1034689","1034880","53","43854192"
"chr4","44941515","44941813","KN294581v1","265495","265786","73","44676020"
"chr4","44945063","44945348","KN296726v1","800552","800828","65","44144511"
"chr4","44960013","44960318","KN296175v1","316526","316824","68","44643487"
"chr4","44965402","44965690","KN294848v1","172086","172375","69","44793316"
"chr4","45000102","45000379","KN296916v1","206822","207104","57","44793280"
"chr4","45012772","45013105","KN296381v1","126889","127219","82","44885883"
"chr4","45067036","45067325","KN297197v1","2000092","2000380","51","43066944"
"chr4","45130957","45131233","KN295803v1","1287741","1288030","64","43843216"
"chr4","45131393","45131717","KN296847v1","642049","642368","67","44489344"
"chr4","45148397","45148682","KN295930v1","754867","755158","58","44393530"
"chr4","45153755","45153989","KN295343v1","122000","122240","61","45031755"
"chr4","45187540","45187847","KN295594v1","171479","171774","77","45016061"
"chr4","45202390","45202628","KN296682v1","2566879","2567121","55","42635511"
"chr4","45203165","45203401","KN295564v1","597887","598144","75","44605278"
"chr4","45231761","45231897","KN294251v1","1555716","1555854","24","43676045"
"chr4","45231968","45232134","KN297095v1","3112757","3112920","51","42119211"
"chr4","45263239","45263546","KN296247v1","427878","428187","64","44835361"
"chr4","45282618","45282920","KN295729v1","981121","981417","76","44301497"
"chr4","45316866","45317141","KN295107v1","1172905","1173191","69","44143961"
"chr4","45321042","45321156","KN294713v1","243230","243342","23","45077812"
"chr4","45332624","45332903","KN294470v1","505860","506153","63","44826764"
"chr4","45357298","45357422","KN296378v1","560188","560311","20","44797110"
"chr4","45402419","45402700","KN296153v1","21682","21963","63","45380737"
"chr4","45421195","45421381","KN295755v1","63347","63519","42","45357848"
"chr4","45430019","45430323","KN297274v1","335410","335711","50","45094609"
"chr4","45450895","45451196","KN294548v1","106071","106370","60","45344824"
"chr4","45454811","45455078","KN295102v1","272656","272902","62","45182155"
"chr4","45459860","45459979","KN296378v1","560188","560311","18","44899672"
"chr4","45470535","45470793","KN294470v1","1960650","1960907","69","43509885"
"chr4","45496177","45496491","KN296833v1","195756","196068","79","45300421"
"chr4","45500001","45500208","KN294470v1","1188360","1188573","69","44311641"
"chr4","45526682","45526969","KN297197v1","2000092","2000380","56","43526590"
"chr4","45578882","45579170","KN296253v1","188046","188333","58","45390836"
"chr4","45627271","45627573","KN296406v1","163962","164264","53","45463309"
"chr4","45673396","45673640","KN296245v1","268435","268674","61","45404961"
"chr4","45801472","45801783","KN294911v1","744697","745000","73","45056775"
"chr4","45926976","45927265","KN294987v1","797207","797503","52","45129769"
"chr4","45981406","45981505","KN297095v1","562229","562325","22","45419177"
"chr4","46069111","46069378","KN296682v1","2050362","2050646","70","44018749"
"chr4","46108130","46108459","KN294991v1","379285","379613","71","45728845"
"chr4","46134338","46134615","KN297068v1","152798","153072","81","45981540"
"chr4","46349585","46349860","KN296883v1","547727","548009","55","45801858"
"chr4","46392894","46393071","KN295236v1","1103542","1103705","44","45289352"
"chr4","46433405","46433694","KN296075v1","501403","501700","61","45932002"
"chr4","46444532","46444794","KN294803v1","155375","155649","57","46289157"
"chr4","46478243","46478536","KN295038v1","1531301","1531595","56","44946942"
"chr4","46505338","46505453","KN296311v1","3736084","3736200","14","42769254"
"chr4","46514475","46514764","KN296153v1","3318149","3318440","63","43196326"
"chr4","46521299","46521585","KN295586v1","2908076","2908370","56","43613223"
"chr4","46524996","46525151","KN296153v1","173981","174133","44","46351015"
"chr4","46527377","46527684","KN296877v1","192372","192687","56","46335005"
"chr4","46538952","46539151","KN295038v1","701748","701950","47","45837204"
"chr4","46553117","46553287","KN295722v1","1515974","1516144","49","45037143"
"chr4","46553570","46553606","KN296926v1","1033168","1033207","12","45520402"
"chr4","46553914","46554046","KN296244v1","267795","267926","27","46286119"
"chr4","46580326","46580451","KN296117v1","367402","367526","21","46212924"
"chr4","46595229","46595539","KN296820v1","1044469","1044776","58","45550760"
"chr4","46598549","46598840","KN297197v1","4103559","4103851","54","42494990"
"chr4","46599756","46599895","KN297044v1","573378","573510","22","46026378"
"chr4","46600167","46600358","KN295236v1","3532433","3532615","54","43067734"
"chr4","46607881","46608149","KN296157v1","1030995","1031263","50","45576886"
"chr4","46621533","46621675","KN295995v1","365105","365243","31","46256428"
"chr4","46621961","46622106","KN296138v1","398565","398694","32","46223396"
"chr4","46625940","46626205","KN295591v1","302684","302942","64","46323256"
"chr4","46629636","46629930","KN297320v1","1234476","1234772","59","45395160"
"chr4","46630534","46630811","KN296557v1","513571","513844","64","46116963"
"chr4","46632232","46632497","KN296826v1","95086","95353","55","46537146"
"chr4","46637944","46638140","KN296649v1","340060","340257","43","46297884"
"chr4","46648611","46648913","KN297274v1","335410","335711","59","46313201"
"chr4","46652203","46652348","KN295987v1","1180799","1180942","31","45471404"
"chr4","46672785","46673095","KN294207v1","489658","489970","59","46183127"
"chr4","46675552","46675756","KN294536v1","1617473","1617688","49","45058079"
"chr4","46683429","46683741","KN295523v1","4180003","4180315","63","42503426"
"chr4","46685207","46685507","KN295708v1","983319","983619","68","45701888"
"chr4","46689219","46689350","KN294187v1","206656","206783","21","46482563"
"chr4","46689431","46689720","KN297023v1","395435","395751","60","46293996"
"chr4","46705681","46705993","KN295430v1","989467","989768","60","45716214"
"chr4","46721479","46721595","KN294991v1","1500992","1501105","16","45220487"
"chr4","46723209","46723515","KN295667v1","1243145","1243443","61","45480064"
"chr4","46736098","46736377","KN296921v1","2829732","2830008","65","43906366"
"chr4","46736579","46736869","KN295343v1","329489","329788","66","46407090"
"chr4","46739345","46739488","KN295081v1","4658","4806","26","46734687"
"chr4","46740601","46740631","KN294758v1","2309618","2309642","12","44430983"
"chr4","46741363","46741522","KN295202v1","138040","138187","38","46603323"
"chr4","46752844","46753110","KN296322v1","1339289","1339560","56","45413555"
"chr4","46761516","46761744","KN296486v1","1003570","1003799","58","45757946"
"chr4","46773667","46773980","KN295736v1","2339697","2340010","63","44433970"
"chr4","46780461","46780752","KN295523v1","2851176","2851466","54","43929285"
"chr4","46810527","46810649","KN294570v1","430019","430142","19","46380508"
"chr4","46822111","46822403","KN295977v1","1140201","1140496","68","45681910"
"chr4","46853639","46853941","KN295586v1","2279841","2280151","73","44573798"
"chr4","46902003","46902301","KN295573v1","559599","559897","62","46342404"
"chr4","46903963","46904063","KN295637v1","729794","729899","24","46174169"
"chr4","46904421","46904611","KN297095v1","3135250","3135438","39","43769171"
"chr4","46911686","46911972","KN296404v1","3404152","3404452","61","43507534"
"chr4","46919284","46919577","KN295090v1","1328377","1328671","61","45590907"
"chr4","46934152","46934423","KN296502v1","960957","961236","63","45973195"
"chr4","46942527","46942832","KN297026v1","1446800","1447108","66","45495727"
"chr4","46964578","46964683","KN295701v1","668741","668845","19","46295837"
"chr4","46978460","46978576","KN297154v1","1055011","1055127","5","45923449"
"chr4","46988541","46988685","KN294592v1","905023","905168","26","46083518"
"chr4","46988975","46989144","KN296682v1","2102050","2102218","31","44886925"
"chr4","46991039","46991319","KN294470v1","200589","200885","69","46790450"
"chr4","46991331","46991602","KN296040v1","744339","744613","67","46246992"
"chr4","46994371","46994488","KN295480v1","1495317","1495439","26","45499054"
"chr4","47004683","47004986","KN295930v1","371347","371628","77","46633336"
"chr4","47020302","47020437","KN295591v1","578585","578718","23","46441717"
"chr4","47029409","47029689","KN296187v1","803116","803397","58","46226293"
"chr4","47031693","47031900","KN296964v1","753660","753869","52","46278033"
"chr4","47038431","47038622","KN295744v1","654144","654333","40","46384287"
"chr4","47052284","47052588","KN294453v1","4527","4826","61","47047757"
"chr4","47055435","47055726","KN294848v1","898261","898553","59","46157174"
"chr4","47056827","47057130","KN296646v1","304041","304340","48","46752786"
"chr4","47085465","47085682","KN296119v1","2150554","2150763","42","44934911"
"chr4","47153176","47153430","KN296075v1","180074","180322","74","46973102"
"chr4","47162122","47162408","KN295096v1","1973049","1973335","48","45189073"
"chr4","47184102","47184345","KN294911v1","4593583","4593806","64","42590519"
"chr4","47194470","47194772","KN295501v1","522102","522406","56","46672368"
"chr4","47211635","47211939","KN296119v1","5385215","5385515","61","41826420"
"chr4","47239891","47240173","KN294499v1","2466913","2467200","55","44772978"
"chr4","47243151","47243418","KN296108v1","12106","12372","60","47231045"
"chr4","47258889","47259149","KN295907v1","1163696","1163930","60","46095193"
"chr4","47296433","47296704","KN295236v1","4241983","4242261","59","43054450"
"chr4","47311131","47311423","KN295343v1","329489","329788","54","46981642"
"chr4","47311474","47311735","KN296096v1","1827942","1828211","52","45483532"
"chr4","47317993","47318287","KN295349v1","58082","58373","53","47259911"
"chr4","47333733","47334051","KN295096v1","379157","379464","67","46954576"
"chr4","47334468","47334769","KN296019v1","466074","466382","56","46868394"
"chr4","47390017","47390197","KN294287v1","543440","543631","44","46846577"
"chr4","47390521","47390642","KN295368v1","1825999","1826117","16","45564522"
"chr4","47393140","47393433","KN296253v1","1335928","1336217","58","46057212"
"chr4","47443572","47443879","KN296311v1","7907830","7908116","67","39535742"
"chr4","47450839","47451135","KN297245v1","2036362","2036663","57","45414477"
"chr4","47516306","47516585","KN297112v1","4967970","4968254","59","42548336"
"chr4","47527165","47527454","KN295586v1","2908076","2908370","55","44619089"
"chr4","47565733","47565910","KN296516v1","90751","90927","47","47474982"
"chr4","47567320","47567538","KN296495v1","450702","450914","50","47116618"
"chr4","47600173","47600365","KN297322v1","837313","837510","52","46762860"
"chr4","47606535","47606838","KN297320v1","1234476","1234772","64","46372059"
"chr4","47613128","47613399","KN296009v1","1318883","1319149","47","46294245"
"chr4","47614676","47614795","KN294446v1","447695","447818","17","47166981"
"chr4","47636309","47636449","KN296062v1","2410603","2410735","29","45225706"
"chr4","47636741","47636882","KN296201v1","2469080","2469217","32","45167661"
"chr4","47641243","47641559","KN296404v1","3404152","3404452","72","44237091"
"chr4","47641720","47642013","KN295107v1","1051267","1051565","51","46590453"
"chr4","47673793","47674050","KN295930v1","742582","742860","65","46931211"
"chr4","47683127","47683385","KN296893v1","299350","299613","88","47383777"
"chr4","47697720","47697996","KN295962v1","438300","438578","64","47259420"
"chr4","47791694","47791990","KN295257v1","1229552","1229846","56","46562142"
"chr4","47807553","47807905","KN296404v1","3863029","3863357","106","43944524"
"chr4","47815878","47816175","KN294991v1","693040","693334","54","47122838"
"chr4","47828906","47829147","KN295090v1","1887942","1888173","55","45940964"
"chr4","47927691","47927815","KN294556v1","40720","40840","16","47886971"
"chr4","47946891","47947195","KN294556v1","59922","60228","20","47886969"
"chr4","48008422","48008712","KN294556v1","125675","125969","22","47882747"
"chr4","48022210","48022520","KN294556v1","139732","140017","54","47882478"
"chr4","48152791","48153075","KN295910v1","68441","68725","25","48084350"
"chr4","48198907","48199201","KN295910v1","114568","114859","19","48084339"
"chr4","48214876","48215179","KN294172v1","734416","734711","60","47480460"
"chr4","48254342","48254618","KN295910v1","178930","179204","19","48075412"
"chr4","48303767","48303881","KN295459v1","1018963","1019078","19","47284804"
"chr4","48323470","48323735","KN295910v1","249489","249786","55","48073981"
"chr4","48429453","48429742","KN295910v1","368914","369208","24","48060539"
"chr4","48498977","48499255","KN294513v1","804489","804767","68","47694488"
"chr4","48514082","48514375","KN295923v1","200687","200986","74","48313395"
"chr4","48537709","48538002","KN295692v1","706040","706341","68","47831669"
"chr4","48553800","48553996","KN295706v1","457697","457894","48","48096103"
"chr4","48592214","48592506","KN294373v1","531886","532183","62","48060328"
"chr4","48613035","48613309","KN294548v1","375827","376110","58","48237208"
"chr4","48637009","48637312","KN297245v1","2443304","2443608","70","46193705"
"chr4","48656819","48657115","KN296682v1","43834","44126","66","48612985"
"chr4","48805246","48805376","KN296959v1","1771757","1771887","24","47033489"
"chr4","48823798","48824092","KN297327v1","998942","999237","52","47824856"
"chr4","48953291","48953559","KN294486v1","931289","931568","60","48022002"
"chr4","49092921","49093214","KN295936v1","2541634","2541930","88","46551287"
"chr4","49272711","49273006","KN295984v1","1299071","1299366","59","47973640"
"chr4","49355305","49355576","KN295090v1","1993653","1993930","71","47361652"
"chr4","49396824","49397082","KN296538v1","1421061","1421321","76","47975763"
"chr4","49500209","49500500","KN296484v1","842263","842543","66","48657946"
"chr4","49557271","49557388","KN295022v1","197977","198099","25","49359294"
"chr4","49593290","49593621","KN296879v1","704052","704376","71","48889238"
"chr4","49645858","49646154","KN297138v1","424448","424740","63","49221410"
"chr4","49734961","49735258","KN297320v1","1234476","1234772","57","48500485"
"chr4","49788390","49788680","KN294693v1","1190638","1190930","66","48597752"
"chr4","49791856","49792166","KN294571v1","1210311","1210619","72","48581545"
"chr4","49803632","49803911","KN296122v1","4021","4306","57","49799611"
"chr4","49831965","49832257","KN295362v1","1194772","1195061","61","48637193"
"chr4","49872529","49872825","KN295433v1","1322901","1323192","73","48549628"
"chr4","49932034","49932171","KN296403v1","182747","182877","23","49749287"
"chr4","49933285","49933555","KN296110v1","258399","258667","67","49674886"
"chr4","49986111","49986389","KN296502v1","1187225","1187506","61","48798886"
"chr4","50046027","50046185","KN296153v1","3092868","3093025","38","46953159"
"chr4","50193583","50193708","KN294187v1","206656","206783","20","49986927"
"chr4","50236636","50236949","KN295933v1","345729","346039","73","49890907"
"chr4","50491446","50491750","KN294883v1","39127","39419","50","50452319"
"chr4","50494489","50494793","KN294883v1","47196","47496","19","50447293"
"chr4","50592539","50592836","KN294883v1","141681","141994","43","50450858"
"chr4","50643102","50643388","KN294883v1","199720","200006","22","50443382"
"chr4","50709092","50709231","KN294883v1","264345","264484","8","50444747"
"chr4","50717444","50717743","KN294883v1","272714","273013","24","50444730"
"chr4","50745175","50745476","KN294470v1","1776818","1777118","64","48968357"
"chr4","50767722","50767801","KN296743v1","359326","359405","12","50408396"
"chr4","50769548","50769649","KN294883v1","325973","326063","19","50443575"
"chr4","50867247","50867274","KN294883v1","419349","419376","1","50447898"
"chr4","50867545","50867794","KN294883v1","419649","419896","19","50447896"
"chr4","50891417","50891581","KN294883v1","443157","443342","25","50448260"
"chr4","51007435","51007705","KN295748v1","269163","269421","67","50738272"
"chr4","51116634","51116794","KN294827v1","182984","183145","26","50933650"
"chr4","51116829","51116943","KN294827v1","183178","183287","13","50933651"
"chr4","51140098","51140408","KN294827v1","206660","206955","38","50933438"
"chr4","51145377","51145672","KN294827v1","212536","212823","32","50932841"
"chr4","51147571","51147846","KN294827v1","214728","215004","21","50932843"
"chr4","51150386","51150524","KN294345v1","1307663","1307798","21","49842723"
"chr4","51157455","51157727","KN295708v1","2363622","2363910","63","48793833"
"chr4","51188609","51188917","KN294827v1","258903","259214","26","50929706"
"chr4","51203654","51203931","KN294827v1","274264","274539","27","50929390"
"chr4","51245176","51245467","KN294827v1","318053","318339","26","50927123"
"chr4","51256241","51256355","KN294827v1","327843","327960","9","50928398"
"chr4","51269017","51269230","KN294827v1","340408","340623","17","50928609"
"chr4","51273032","51273154","KN294827v1","344469","344591","8","50928563"
"chr4","51279016","51279313","KN296508v1","2151971","2152273","52","49127045"
"chr4","51297180","51297489","KN296096v1","1433234","1433525","75","49863946"
"chr4","51297821","51298129","KN296119v1","3710935","3711233","57","47586886"
"chr4","51305573","51305885","KN294453v1","4527","4826","72","51301046"
"chr4","51315803","51316106","KN294987v1","554723","555026","71","50761080"
"chr4","51317077","51317354","KN296153v1","960264","960545","75","50356813"
"chr4","51317560","51317662","KN294978v1","1219114","1219218","16","50098446"
"chr4","51334230","51334543","KN295041v1","370794","371104","61","50963436"
"chr4","51348064","51348357","KN296749v1","807729","808016","64","50540335"
"chr4","51357623","51357934","KN296682v1","825545","825857","59","50532078"
"chr4","51360726","51361022","KN295474v1","720854","721152","61","50639872"
"chr4","51363473","51363792","KN297327v1","918237","918535","84","50445236"
"chr4","51368142","51368421","KN295352v1","231438","231714","63","51136704"
"chr4","51375452","51375575","KN294224v1","1173821","1173946","15","50201631"
"chr4","51391298","51391594","KN295596v1","879252","879556","57","50512046"
"chr4","51402333","51402623","KN294287v1","73551","73836","56","51328782"
"chr4","51414783","51414951","KN294978v1","3723673","3723839","42","47691110"
"chr4","51431083","51431387","KN296508v1","1810667","1810964","58","49620416"
"chr4","51443359","51443724","KN294705v1","482112","482454","113","50961247"
"chr4","51459669","51459927","KN294172v1","2396155","2396416","67","49063514"
"chr4","51471985","51472291","KN297154v1","1589984","1590287","61","49882001"
"chr4","51487464","51487766","KN296158v1","801293","801590","62","50686171"
"chr4","51542520","51542740","KN296195v1","16893","17114","41","51525627"
"chr4","51598365","51598669","KN296404v1","3404152","3404452","57","48194213"
"chr4","51673766","51674072","KN294964v1","1674001","1674300","64","49999765"
"chr4","51683268","51683560","KN294506v1","323631","323924","66","51359637"
"chr4","51699977","51700279","KN294453v1","4527","4826","53","51695450"
"chr4","51939214","51939378","KN296322v1","352964","353133","44","51586250"
"chr4","51990042","51990321","KN295573v1","1643146","1643437","59","50346896"
"chr4","52038122","52038340","KN296453v1","688371","688584","39","51349751"
"chr4","52076036","52076347","KN294444v1","179065","179374","70","51896971"
"chr4","52076828","52077124","KN297190v1","449000","449288","63","51627828"
"chr4","52133122","52133431","KN294457v1","128784","129093","66","52004338"
"chr4","52150249","52150526","KN296079v1","23760","24040","58","52126489"
"chr4","52151675","52151839","KN295596v1","1501689","1501857","35","50649986"
"chr4","52157709","52158004","KN296426v1","736369","736668","54","51421340"
"chr4","52178529","52178828","KN295225v1","199790","200068","78","51978739"
"chr4","52194516","52194806","KN296154v1","1298937","1299227","53","50895579"
"chr4","52199721","52200100","KN294479v1","282545","282891","123","51917176"
"chr4","52240017","52240261","KN297108v1","68259","68519","60","52171758"
"chr4","52240414","52240704","KN297153v1","823804","824091","60","51416610"
"chr4","52249744","52249985","KN294879v1","469429","469686","55","51780315"
"chr4","52256773","52257090","KN296075v1","304763","305072","63","51952010"
"chr4","52279019","52279311","KN294469v1","329938","330232","59","51949081"
"chr4","52288264","52288495","KN294917v1","1304842","1305071","46","50983422"
"chr4","52318743","52319046","KN294396v1","326030","326339","77","51992713"
"chr4","52346586","52346889","KN294407v1","1992089","1992389","66","50354497"
"chr4","52379040","52379318","KN294790v1","395024","395324","64","51984016"
"chr4","52413144","52413435","KN296225v1","214782","215070","58","52198362"
"chr4","52427459","52427577","KN296062v1","1316788","1316914","31","51110671"
"chr4","52430931","52431153","KN297197v1","1590691","1590924","53","50840240"
"chr4","52483496","52483773","KN294172v1","6137136","6137406","75","46346360"
"chr4","52542138","52542438","KN294161v1","1339249","1339547","21","51202889"
"chr4","52612872","52613122","KN294161v1","1270685","1270949","30","51342187"
"chr4","52852486","52852794","KN295596v1","1835143","1835453","64","51017343"
"chr4","52859268","52859575","KN294161v1","1023136","1023446","17","51836132"
"chr4","52890538","52890839","KN294161v1","990708","991034","38","51899830"
"chr4","52895881","52896150","KN294161v1","985438","985713","19","51910443"
"chr4","52896510","52896636","KN294161v1","984954","985081","7","51911556"
"chr4","52905042","52905328","KN294161v1","975084","975370","17","51929958"
"chr4","52909402","52909506","KN297245v1","2247415","2247515","26","50661987"
"chr4","52909621","52909778","KN295708v1","750238","750397","36","52159383"
"chr4","52946279","52946581","KN294161v1","934597","934901","16","52011682"
"chr4","52952455","52952736","KN294161v1","929256","929551","39","52023199"
"chr4","52953898","52954124","KN294161v1","927831","928059","14","52026067"
"chr4","52972287","52972571","KN294161v1","911383","911694","53","52060904"
"chr4","52977127","52977388","KN294161v1","906062","906323","28","52071065"
"chr4","52982051","52982336","KN294161v1","900896","901169","25","52081155"
"chr4","53001412","53001691","KN294161v1","882055","882337","12","52119357"
"chr4","53002060","53002347","KN294161v1","881411","881684","36","52120649"
"chr4","53019355","53019651","KN294161v1","863779","864090","40","52155576"
"chr4","53085695","53085829","KN295586v1","3147284","3147413","26","49938411"
"chr4","53113792","53114108","KN294161v1","760942","761262","21","52352850"
"chr4","53115152","53115453","KN294161v1","759580","759888","20","52355572"
"chr4","53122649","53122936","KN294161v1","751030","751339","42","52371619"
"chr4","53123801","53124074","KN294161v1","749873","750166","33","52373928"
"chr4","53167151","53167369","KN294161v1","705737","705944","29","52461414"
"chr4","53214040","53214327","KN294161v1","658813","659115","37","52555227"
"chr4","53216681","53216991","KN294161v1","656180","656469","38","52560501"
"chr4","53219379","53219680","KN294161v1","653429","653736","42","52565950"
"chr4","53226842","53227155","KN294462v1","421387","421690","70","52805455"
"chr4","53231499","53231808","KN294161v1","640259","640565","22","52591240"
"chr4","53241796","53242090","KN294161v1","628927","629225","40","52612869"
"chr4","53313564","53313705","KN294161v1","547319","547445","22","52766245"
"chr4","53342961","53343269","KN294161v1","515494","515802","19","52827467"
"chr4","53354216","53354489","KN296596v1","317636","317901","64","53036580"
"chr4","53364624","53364910","KN294161v1","493250","493535","15","52871374"
"chr4","53372887","53373191","KN294630v1","741362","741665","64","52631525"
"chr4","53379324","53379609","KN294161v1","478321","478609","19","52901003"
"chr4","53392029","53392339","KN294161v1","465270","465579","20","52926759"
"chr4","53401712","53401907","KN294161v1","456354","456554","17","52945358"
"chr4","53421979","53422271","KN294161v1","435434","435727","20","52986545"
"chr4","53441845","53442124","KN294187v1","147289","147562","66","53294556"
"chr4","53476332","53476610","KN294161v1","380214","380496","26","53096118"
"chr4","53491094","53491371","KN294161v1","364101","364373","27","53126993"
"chr4","53536402","53536686","KN294161v1","319987","320282","25","53216415"
"chr4","53541237","53541539","KN294161v1","314959","315271","34","53226278"
"chr4","53557752","53558061","KN294161v1","297718","298022","27","53260034"
"chr4","53568720","53569018","KN294161v1","286397","286705","24","53282323"
"chr4","53588700","53588977","KN294161v1","266348","266643","35","53322352"
"chr4","53598013","53598298","KN294161v1","256967","257258","38","53341046"
"chr4","53614985","53615102","KN294161v1","241064","241181","12","53373921"
"chr4","53626367","53626638","KN295315v1","886593","886873","67","52739774"
"chr4","53627057","53627348","KN294161v1","228493","228776","29","53398564"
"chr4","53628105","53628229","KN294161v1","227692","227816","4","53400413"
"chr4","53629142","53629443","KN294161v1","226480","226779","21","53402662"
"chr4","53666100","53666367","KN294161v1","189186","189452","18","53476914"
"chr4","53698053","53698317","KN294705v1","143554","143821","71","53554499"
"chr4","53726783","53726905","KN294161v1","115270","115392","5","53611513"
"chr4","53737517","53737598","KN294161v1","104721","104802","6","53632796"
"chr4","53765763","53766067","KN294161v1","82746","83047","29","53683017"
"chr4","53770566","53770720","KN294710v1","128924","129084","33","53641642"
"chr4","53771032","53771177","KN294260v1","2459502","2459642","29","51311530"
"chr4","53808799","53809070","KN294161v1","34237","34509","24","53774562"
"chr4","53823008","53823297","KN294161v1","12256","12547","14","53810752"
"chr4","53826063","53826362","KN294161v1","8869","9169","15","53817194"
"chr4","53862755","53863048","KN295038v1","1531301","1531595","51","52331454"
"chr4","53870979","53871298","KN296505v1","546011","546322","63","53324968"
"chr4","53872065","53872340","KN294569v1","696375","696658","64","53175690"
"chr4","53911375","53911715","KN295633v1","2306120","2306455","98","51605255"
"chr4","53922584","53922764","KN295548v1","1313195","1313376","45","52609389"
"chr4","53924626","53924924","KN294167v1","145321","145611","63","53779305"
"chr4","53930165","53930464","KN295893v1","7115857","7116150","53","46814308"
"chr4","53932244","53932370","KN295343v1","306326","306455","24","53625918"
"chr4","53946746","53947031","KN295923v1","2240206","2240493","52","51706540"
"chr4","53950801","53951112","KN296404v1","3404152","3404452","59","50546649"
"chr4","53961032","53961257","KN296195v1","16893","17114","44","53944139"
"chr4","54049473","54049600","KN296518v1","42422","42542","22","54007051"
"chr4","54049896","54050053","KN295744v1","206000","206153","29","53843896"
"chr4","54056661","54056945","KN295893v1","7115857","7116150","60","46940804"
"chr4","54059223","54059501","KN295236v1","4241983","4242261","49","49817240"
"chr4","54064676","54064988","KN294257v1","2497252","2497554","60","51567424"
"chr4","54096475","54096756","KN296319v1","738181","738468","71","53358294"
"chr4","54110885","54111169","KN294513v1","431498","431772","66","53679387"
"chr4","54114239","54114341","KN296538v1","1722822","1722920","23","52391417"
"chr4","54134052","54134176","KN294147v1","1942383","1942515","32","52191669"
"chr4","54134460","54134630","KN294470v1","2587213","2587380","34","51547247"
"chr4","54135350","54135588","KN296503v1","51339","51605","76","54084011"
"chr4","54138124","54138368","KN295977v1","1140774","1141022","55","52997350"
"chr4","54142333","54142506","KN296732v1","1570928","1571101","39","52571405"
"chr4","54149198","54149364","KN296225v1","409374","409542","36","53739824"
"chr4","54158859","54158985","KN294453v1","380724","380855","19","53778135"
"chr4","54174496","54174806","KN296290v1","775055","775367","55","53399441"
"chr4","54249838","54250067","KN294239v1","286644","286862","62","53963194"
"chr4","54258686","54258988","KN296926v1","1184048","1184348","65","53074638"
"chr4","54274570","54274872","KN297184v1","1021901","1022202","53","53252669"
"chr4","54294089","54294362","KN297452v1","1960359","1960634","61","52333730"
"chr4","54301121","54301413","KN296225v1","641773","642064","62","53659348"
"chr4","54305885","54306190","KN295257v1","1229552","1229846","68","53076333"
"chr4","54330206","54330506","KN295962v1","1528887","1529189","60","52801319"
"chr4","54343285","54343558","KN296620v1","958727","959016","67","53384558"
"chr4","54348199","54348430","KN297094v1","101570","101786","52","54246629"
"chr4","54350748","54350874","KN296526v1","148308","148428","20","54202440"
"chr4","54363528","54363797","KN296959v1","1045812","1046085","73","53317716"
"chr4","54378472","54378632","KN295375v1","890159","890318","56","53488313"
"chr4","54378659","54378743","KN295257v1","871458","871539","18","53507201"
"chr4","54396055","54396336","KN296187v1","179226","179507","57","54216829"
"chr4","54404562","54404842","KN296503v1","96429","96710","59","54308133"
"chr4","54424894","54425201","KN294991v1","1657584","1657886","70","52767310"
"chr4","54444948","54445262","KN294741v1","539726","540027","68","53905222"
"chr4","54448840","54449134","KN294800v1","58275","58560","61","54390565"
"chr4","54450261","54450647","KN296158v1","1678111","1678472","118","52772150"
"chr4","54454338","54454637","KN295430v1","989467","989768","76","53464871"
"chr4","54559229","54559503","KN294172v1","6335324","6335614","62","48223905"
"chr4","54590508","54590762","KN297452v1","749329","749594","64","53841179"
"chr4","54591951","54592011","KN296934v1","562080","562136","18","54029871"
"chr4","54637528","54637777","KN294243v1","111006","111264","64","54526522"
"chr4","54731234","54731525","KN295236v1","4306950","4307233","59","50424284"
"chr4","54789053","54789179","KN296921v1","2810176","2810302","19","51978877"
"chr4","54876551","54876820","KN294513v1","884389","884667","71","53992162"
"chr4","54903368","54903665","KN296157v1","1306738","1307031","61","53596630"
"chr4","54911888","54911981","KN295633v1","932795","932887","23","53979093"
"chr4","55101389","55101670","KN296176v1","594450","594729","70","54506939"
"chr4","55112596","55112862","KN294378v1","1608627","1608901","61","53503969"
"chr4","55238986","55239095","KN296157v1","1222251","1222367","25","54016735"
"chr4","55291527","55291835","KN297190v1","502041","502353","66","54789486"
"chr4","55298033","55298256","KN295294v1","1728188","1728427","58","53569845"
"chr4","55345503","55345729","KN295596v1","3570131","3570348","52","51775372"
"chr4","55384153","55384329","KN296303v1","774148","774316","46","54610005"
"chr4","55427927","55428026","KN297274v1","959401","959500","13","54468526"
"chr4","55615232","55615532","KN295667v1","676400","676706","54","54938832"
"chr4","55664923","55665229","KN294470v1","3146483","3146791","56","52518440"
"chr4","55694966","55695222","KN294486v1","1006646","1006922","68","54688320"
"chr4","55720498","55720770","KN295205v1","597319","597592","60","55123179"
"chr4","56039431","56039541","KN297095v1","2199694","2199809","27","53839737"
"chr4","56255337","56255624","KN296365v1","1241695","1241985","66","55013642"
"chr4","56492162","56492473","KN296261v1","154638","154947","64","56337524"
"chr4","56537508","56537665","KN295667v1","550942","551098","50","55986566"
"chr4","56630947","56631240","KN294199v1","140342","140630","65","56490605"
"chr4","56674401","56674701","KN296486v1","1505649","1505946","62","55168752"
"chr4","56711511","56711819","KN295984v1","1502413","1502720","62","55209098"
"chr4","56711914","56712028","KN295236v1","5125638","5125753","26","51586276"
"chr4","56724474","56724787","KN294848v1","11435","11727","70","56713039"
"chr4","56727738","56728034","KN296119v1","3421485","3421768","60","53306253"
"chr4","56824113","56824403","KN295171v1","352305","352598","68","56471808"
"chr4","56831580","56831865","KN296682v1","3923393","3923671","73","52908187"
"chr4","56866700","56866999","KN296406v1","283606","283899","68","56583094"
"chr4","56867365","56867507","KN296153v1","1699364","1699501","41","55168001"
"chr4","56867804","56867961","KN296435v1","2736027","2736186","32","54131777"
"chr4","57384983","57385254","KN296864v1","2017178","2017444","60","55367805"
"chr4","57395507","57395811","KN296119v1","5385215","5385515","55","52010292"
"chr4","57418767","57419054","KN294372v1","2638341","2638629","60","54780426"
"chr4","57425245","57425385","KN296828v1","88620","88761","28","57336625"
"chr4","57425703","57425855","KN296096v1","674654","674809","31","56751049"
"chr4","57427517","57427749","KN295441v1","311105","311341","55","57116412"
"chr4","57429341","57429508","KN294439v1","303909","304062","45","57125432"
"chr4","57432598","57432896","KN294235v1","126411","126695","79","57306187"
"chr4","57444266","57444582","KN294470v1","510398","510713","73","56933868"
"chr4","57460439","57460509","KN296096v1","2422557","2422628","14","55037882"
"chr4","57466026","57466265","KN295907v1","1890024","1890267","55","55576002"
"chr4","57467959","57468086","KN296079v1","731878","732009","26","56736081"
"chr4","57479262","57479359","KN294456v1","859614","859699","25","56619648"
"chr4","57479391","57479690","KN295171v1","655371","655672","56","56824020"
"chr4","57519165","57519295","KN296311v1","1179599","1179728","21","56339566"
"chr4","57541260","57541393","KN295038v1","662635","662766","25","56878625"
"chr4","57574419","57574671","KN296175v1","353745","354005","74","57220674"
"chr4","57833573","57833830","KN295744v1","187097","187357","64","57646476"
"chr4","57928900","57929145","KN296119v1","4257687","4257941","73","53671213"
"chr4","58086833","58087110","KN294561v1","2360314","2360597","42","55726519"
"chr4","58111990","58112296","KN294561v1","2333754","2334061","22","55778236"
"chr4","58139374","58139645","KN294561v1","2308654","2308912","29","55830720"
"chr4","58173837","58173954","KN295923v1","1514171","1514288","18","56659666"
"chr4","58458511","58458808","KN297320v1","1234476","1234772","57","57224035"
"chr4","58600061","58600281","KN295346v1","1046352","1046566","66","57553709"
"chr4","58802958","58803233","KN294561v1","1673015","1673291","20","57129943"
"chr4","59053166","59053245","KN296453v1","2534554","2534638","14","56518612"
"chr4","59053245","59053315","KN294917v1","1204415","1204484","16","57848830"
"chr4","59184813","59185095","KN294991v1","2188785","2189065","67","56996028"
"chr4","59282102","59282265","KN294509v1","1295023","1295187","10","57987079"
"chr4","59290836","59291119","KN294561v1","1174484","1174779","28","58116352"
"chr4","59332519","59332830","KN294561v1","1132949","1133279","36","58199570"
"chr4","59340921","59341223","KN294561v1","1124686","1124943","65","58216235"
"chr4","59365470","59365765","KN294561v1","1099143","1099428","28","58266327"
"chr4","59374765","59374888","KN294561v1","1089992","1090109","11","58284773"
"chr4","59442519","59442820","KN294561v1","1021847","1022156","27","58420672"
"chr4","59453445","59453668","KN294561v1","1012321","1012548","23","58441124"
"chr4","59455768","59456070","KN294161v1","934597","934901","69","58521171"
"chr4","59466718","59466939","KN294561v1","1000069","1000291","22","58466649"
"chr4","59501158","59501453","KN294561v1","971179","971479","29","58529979"
"chr4","59529225","59529529","KN294561v1","948593","948898","22","58580632"
"chr4","59561167","59561435","KN294561v1","927412","927679","19","58633755"
"chr4","59572382","59572669","KN296119v1","5385215","5385515","66","54187167"
"chr4","59589950","59590248","KN297259v1","192536","192835","60","59397414"
"chr4","59598501","59598785","KN296634v1","1816690","1816969","63","57781811"
"chr4","59599783","59600098","KN294561v1","882467","882780","16","58717316"
"chr4","59601053","59601250","KN294561v1","880542","880746","21","58720511"
"chr4","59601544","59601644","KN294561v1","880144","880246","7","58721400"
"chr4","59604525","59604729","KN295974v1","3068927","3069131","45","56535598"
"chr4","59605692","59605954","KN294561v1","877105","877371","14","58728587"
"chr4","59608384","59608683","KN294561v1","874310","874607","24","58734074"
"chr4","59610181","59610486","KN294561v1","872516","872841","36","58737665"
"chr4","59616201","59616470","KN296518v1","74356","74623","60","59541845"
"chr4","59620596","59620814","KN296019v1","440192","440409","49","59180404"
"chr4","59631736","59631824","KN294561v1","853173","853261","1","58778563"
"chr4","59632783","59632967","KN294561v1","852050","852239","19","58780733"
"chr4","59638025","59638184","KN295996v1","174813","174976","39","59463212"
"chr4","59672466","59672586","KN294561v1","803786","803906","7","58868680"
"chr4","59675402","59675666","KN294251v1","2377687","2377963","77","57297715"
"chr4","59689540","59689607","KN294558v1","513023","513092","18","59176517"
"chr4","59693196","59693338","KN294561v1","788243","788385","13","58904953"
"chr4","59693628","59693780","KN296122v1","239134","239282","38","59454494"
"chr4","59700338","59700460","KN297245v1","2242558","2242685","27","57457780"
"chr4","59700747","59700880","KN294561v1","783932","784069","13","58916815"
"chr4","59706332","59706628","KN294561v1","777316","777608","40","58929016"
"chr4","59709376","59709678","KN294561v1","773546","773845","13","58935830"
"chr4","59723175","59723484","KN297369v1","1079679","1079982","63","58643496"
"chr4","59724325","59724610","KN294561v1","752095","752383","18","58972230"
"chr4","59735310","59735421","KN294561v1","740950","741063","8","58994360"
"chr4","59741402","59741564","KN294325v1","169199","169356","34","59572203"
"chr4","59741847","59741909","KN294399v1","197993","198050","19","59543854"
"chr4","59744193","59744493","KN295107v1","1051267","1051565","59","58692926"
"chr4","59747451","59747755","KN294561v1","728482","728788","24","59018969"
"chr4","59763151","59763425","KN296869v1","210749","211021","65","59552402"
"chr4","59772739","59773037","KN294561v1","702905","703197","17","59069834"
"chr4","59789699","59789985","KN294561v1","685519","685804","14","59104180"
"chr4","59790098","59790220","KN297184v1","1341644","1341767","21","58448454"
"chr4","59832720","59832921","KN294705v1","1593733","1593920","45","58238987"
"chr4","59927772","59928039","KN296893v1","295692","295963","60","59632080"
"chr4","59941169","59941392","KN295721v1","50655","50873","55","59890514"
"chr4","60025715","60025978","KN297046v1","1913749","1914024","68","58111966"
"chr4","60035726","60035966","KN294561v1","447080","447316","19","59588646"
"chr4","60057107","60057359","KN294561v1","424394","424656","32","59632713"
"chr4","60106155","60106430","KN294561v1","366590","366867","16","59739565"
"chr4","60111652","60111934","KN294561v1","361579","361861","13","59750073"
"chr4","60163188","60163337","KN294561v1","318393","318556","27","59844795"
"chr4","60163656","60163689","KN296247v1","584152","584184","8","59579504"
"chr4","60187015","60187150","KN294790v1","3998119","3998253","24","56188896"
"chr4","60207228","60207434","KN296019v1","440192","440409","52","59767036"
"chr4","60234487","60234582","KN294561v1","243975","244070","11","59990512"
"chr4","60303410","60303546","KN294561v1","169743","169879","6","60133667"
"chr4","60396552","60396838","KN296406v1","526403","526691","58","59870149"
"chr4","60448132","60448420","KN294561v1","11897","12192","24","60436235"
"chr4","60517873","60518160","KN296796v1","31206","31476","34","60486667"
"chr4","60522086","60522344","KN296796v1","35326","35601","53","60486760"
"chr4","60540489","60540759","KN296796v1","31206","31476","26","60509283"
"chr4","60544556","60544844","KN296796v1","18376","18668","44","60526180"
"chr4","60579730","60580012","KN296796v1","63757","64058","32","60515973"
"chr4","60647745","60647862","KN296062v1","2178521","2178637","13","58469224"
"chr4","60655436","60655739","KN294809v1","1047324","1047622","67","59608112"
"chr4","60681713","60681817","KN296009v1","130193","130293","19","60551520"
"chr4","60682200","60682376","KN295717v1","527082","527257","47","60155118"
"chr4","60695768","60696076","KN295586v1","3702938","3703241","71","56992830"
"chr4","60732586","60732824","KN296864v1","1010996","1011228","55","59721590"
"chr4","60751714","60751955","KN294856v1","383253","383488","60","60368461"
"chr4","60762981","60763193","KN296796v1","240636","240832","26","60522345"
"chr4","60770364","60770668","KN296796v1","248705","249015","59","60521659"
"chr4","60771769","60772063","KN294470v1","200589","200885","67","60571180"
"chr4","60786697","60786988","KN296796v1","254960","255285","61","60531737"
"chr4","60856221","60856343","KN296796v1","324931","325051","8","60531290"
"chr4","60862074","60862376","KN296796v1","331400","331712","37","60530674"
"chr4","60874731","60874950","KN296796v1","346321","346537","27","60528410"
"chr4","61008049","61008333","KN296548v1","414106","414391","53","60593943"
"chr4","61015609","61015880","KN296548v1","405625","405897","30","60609984"
"chr4","61124701","61124966","KN296548v1","279809","280097","40","60844892"
"chr4","61317195","61317277","KN294739v1","465866","465952","18","60851329"
"chr4","61356394","61356476","KN294739v1","465866","465952","19","60890528"
"chr4","61447414","61447707","KN296548v1","279809","280097","32","61167605"
"chr4","61493961","61494245","KN295933v1","1248209","1248513","46","60245752"
"chr4","61583890","61584157","KN296548v1","279809","280097","41","61304081"
"chr4","61630112","61630384","KN297159v1","1597983","1598271","82","60032129"
"chr4","61682496","61682736","KN296244v1","587311","587543","61","61095185"
"chr4","61701779","61702061","KN295586v1","711285","711572","82","60990494"
"chr4","61723930","61724156","KN296009v1","94635","94869","58","61629295"
"chr4","61966330","61966630","KN295933v1","1028672","1028998","42","60937658"
"chr4","62057533","62057818","KN296210v1","831862","832153","54","61225671"
"chr4","62076290","62076538","KN295933v1","899070","899328","26","61177220"
"chr4","62084700","62084928","KN295933v1","893035","893278","32","61191665"
"chr4","62090340","62090626","KN295933v1","886947","887238","51","61203393"
"chr4","62099670","62099937","KN295933v1","876790","877057","28","61222880"
"chr4","62128719","62129002","KN295933v1","846593","846880","20","61282126"
"chr4","62208421","62208717","KN295933v1","765758","766045","48","61442663"
"chr4","62255684","62255966","KN295933v1","725680","725957","22","61530004"
"chr4","62260139","62260258","KN295933v1","721027","721145","11","61539112"
"chr4","62425511","62425793","KN295260v1","938447","938739","68","61487064"
"chr4","62553218","62553520","KN295933v1","432795","433096","21","62120423"
"chr4","62615439","62615683","KN296311v1","5905234","5905472","67","56710205"
"chr4","62649070","62649350","KN295933v1","345729","346039","46","62303341"
"chr4","62655111","62655410","KN295933v1","339048","339345","25","62316063"
"chr4","62661023","62661146","KN295933v1","332746","332866","10","62328277"
"chr4","62683497","62683700","KN296831v1","626438","626648","44","62057059"
"chr4","62691074","62691344","KN296643v1","382149","382398","70","62308925"
"chr4","62709018","62709315","KN295933v1","288748","289028","33","62420270"
"chr4","62727184","62727497","KN294235v1","106435","106741","61","62620749"
"chr4","62847608","62847761","KN294172v1","6111238","6111391","43","56736370"
"chr4","62847790","62847885","KN295708v1","776084","776180","27","62071706"
"chr4","62850173","62850452","KN295933v1","158744","159031","22","62691429"
"chr4","62853055","62853345","KN295933v1","155837","156139","38","62697218"
"chr4","62877574","62877848","KN295933v1","126919","127195","19","62750655"
"chr4","62889577","62889844","KN295933v1","114445","114709","44","62775132"
"chr4","62906876","62907162","KN295933v1","98366","98647","18","62808510"
"chr4","62913109","62913405","KN295343v1","329489","329788","65","62583620"
"chr4","63076310","63076433","KN295159v1","72714","72837","12","63003596"
"chr4","63510341","63510600","KN295159v1","500017","500280","20","63010324"
"chr4","63631842","63631963","KN295159v1","637888","638009","6","62993954"
"chr4","63694734","63694904","KN295159v1","700028","700197","15","62994706"
"chr4","63780271","63780436","KN295159v1","787623","787791","16","62992648"
"chr4","64101625","64101920","KN296119v1","5385215","5385515","58","58716410"
"chr4","64531826","64531998","KN295065v1","58560","58728","15","64473266"
"chr4","64700498","64700794","KN295956v1","110148","110452","64","64590350"
"chr4","64761517","64761775","KN295075v1","463825","464084","67","64297692"
"chr4","65152391","65152706","KN294325v1","1017631","1017939","69","64134760"
"chr4","65195411","65195699","KN296117v1","365599","365876","79","64829812"
"chr4","65392886","65393189","KN296290v1","226469","226768","70","65166417"
"chr4","65652089","65652366","KN294921v1","147469","147753","70","65504620"
"chr4","65720943","65721230","KN295974v1","3412840","3413124","61","62308103"
"chr4","65864525","65864848","KN296996v1","407972","408325","49","65456553"
"chr4","65919471","65919730","KN295573v1","416594","416848","81","65502877"
"chr4","66071187","66071467","KN297159v1","3471259","3471528","71","62599928"
"chr4","66109276","66109573","KN296996v1","168034","168320","43","65941242"
"chr4","66142305","66142615","KN296594v1","1157660","1157932","95","64984645"
"chr4","66186215","66186506","KN296996v1","86580","86878","31","66099635"
"chr4","66561773","66562054","KN294416v1","200025","200316","71","66361748"
"chr4","66626166","66626311","KN296879v1","1342820","1342950","48","65283346"
"chr4","66933535","66933794","KN295368v1","1455449","1455687","77","65478086"
"chr4","66961731","66961818","KN297245v1","1006200","1006289","18","65955531"
"chr4","67215055","67215352","KN295294v1","3017701","3018000","61","64197354"
"chr4","67234926","67235072","KN297431v1","483339","483486","36","66751587"
"chr4","67335858","67336146","KN295074v1","977960","978248","62","66357898"
"chr4","67355129","67355269","KN294630v1","59491","59629","25","67295638"
"chr4","67646878","67647038","KN294208v1","800545","800702","37","66846333"
"chr4","67647098","67647218","KN296036v1","1966257","1966378","22","65680841"
"chr4","67738844","67739144","KN295474v1","1385419","1385718","67","66353425"
"chr4","67862686","67862986","KN296108v1","844621","844908","65","67018065"
"chr4","68043601","68043867","KN296311v1","168223","168492","62","67875378"
"chr4","68058547","68058849","KN294703v1","201739","202037","63","67856808"
"chr4","68111099","68111362","KN297197v1","2039996","2040258","59","66071103"
"chr4","68112387","68112591","KN295552v1","166744","166946","45","67945643"
"chr4","68141808","68142109","KN296404v1","3404152","3404452","65","64737656"
"chr4","68197083","68197206","KN296828v1","63127","63248","19","68133956"
"chr4","68200715","68201001","KN294486v1","931289","931568","70","67269426"
"chr4","68298597","68298725","KN294571v1","950732","950862","29","67347865"
"chr4","68345459","68345748","KN296964v1","1747476","1747773","62","66597983"
"chr4","68393156","68393465","KN294470v1","3146483","3146791","64","65246673"
"chr4","68399771","68400085","KN296879v1","704052","704376","68","67695719"
"chr4","68449660","68449784","KN294777v1","701216","701338","17","67748444"
"chr4","68480338","68480619","KN295523v1","3009387","3009669","85","65470951"
"chr4","68508857","68509143","KN295923v1","2240206","2240493","55","66268651"
"chr4","68518766","68519075","KN295936v1","2499504","2499800","67","66019262"
"chr4","68541954","68542264","KN295480v1","1352412","1352716","66","67189542"
"chr4","68543639","68543940","KN295038v1","1531301","1531595","65","67012338"
"chr4","68547674","68547990","KN294842v1","997793","998087","79","67549881"
"chr4","68548158","68548467","KN295236v1","4200227","4200533","61","64347931"
"chr4","68592134","68592378","KN296526v1","272582","272844","60","68319552"
"chr4","68624841","68625133","KN294229v1","369522","369816","68","68255319"
"chr4","68625146","68625271","KN294561v1","445320","445443","25","68179826"
"chr4","68790998","68791241","KN294378v1","1688642","1688882","63","67102356"
"chr4","68795754","68796057","KN296096v1","2513544","2513844","66","66282210"
"chr4","68810038","68810340","KN296404v1","3404152","3404452","61","65405886"
"chr4","68816357","68816517","KN296577v1","94290","94455","32","68722067"
"chr4","68816573","68816696","KN297242v1","1086093","1086216","21","67730480"
"chr4","68861132","68861412","KN296620v1","899172","899457","72","67961960"
"chr4","68896156","68896288","KN294713v1","915411","915542","23","67980745"
"chr4","68973977","68974269","KN295744v1","666795","667086","76","68307182"
"chr4","69038606","69038915","KN296404v1","3404152","3404452","66","65634454"
"chr4","69110215","69110477","KN296153v1","354791","355045","66","68755424"
"chr4","69123812","69124059","KN294848v1","281563","281800","62","68842249"
"chr4","69154420","69154554","KN295236v1","941353","941486","24","68213067"
"chr4","69157600","69157897","KN294874v1","102201","102494","59","69055399"
"chr4","69166496","69166784","KN296682v1","421547","421834","68","68744949"
"chr4","69262423","69262736","KN296970v1","235765","236073","69","69026658"
"chr4","69263957","69264153","KN294800v1","354531","354721","60","68909426"
"chr4","69268828","69269126","KN296484v1","1017222","1017508","68","68251606"
"chr4","69313190","69313296","KN295368v1","502409","502522","31","68810781"
"chr4","69382873","69383162","KN297146v1","196117","196406","60","69186756"
"chr4","69428873","69429150","KN294893v1","103055","103338","57","69325818"
"chr4","69434213","69434538","KN296486v1","1910007","1910320","75","67524206"
"chr4","69440222","69440530","KN297028v1","135872","136181","64","69304350"
"chr4","69456933","69457237","KN296145v1","85783","86085","71","69371150"
"chr4","69474637","69474939","KN296365v1","578722","579023","68","68895915"
"chr4","69483913","69484209","KN295059v1","122402","122687","73","69361511"
"chr4","69566837","69567103","KN295405v1","345754","346015","63","69221083"
"chr4","69579209","69579443","KN295667v1","1899004","1899237","52","67680205"
"chr4","69629205","69629458","KN295236v1","5317372","5317625","72","64311833"
"chr4","69667950","69668238","KN295633v1","2112897","2113183","65","67555053"
"chr4","69681425","69681524","KN296442v1","293676","293769","27","69387749"
"chr4","69681604","69681640","KN296062v1","2051375","2051417","15","67630229"
"chr4","69723771","69724068","KN294539v1","952196","952486","67","68771575"
"chr4","69844484","69844782","KN296378v1","875114","875417","69","68969370"
"chr4","69886648","69886803","KN294399v1","1767","1924","37","69884881"
"chr4","69938479","69938795","KN295744v1","654344","654638","74","69284135"
"chr4","69990352","69990640","KN294287v1","980628","980923","74","69009724"
"chr4","69993035","69993324","KN296108v1","1389388","1389672","77","68603647"
"chr4","70103056","70103353","KN294613v1","181637","181942","63","69921419"
"chr4","70141348","70141659","KN296588v1","922323","922632","70","69219025"
"chr4","70183475","70183739","KN296875v1","212791","213058","27","69970684"
"chr4","70371064","70371350","KN296404v1","3404152","3404452","64","66966912"
"chr4","70393958","70394260","KN294848v1","809082","809379","71","69584876"
"chr4","70436255","70436564","KN296119v1","5385215","5385515","63","65051040"
"chr4","70721976","70722270","KN295416v1","162829","163123","30","70559147"
"chr4","70933105","70933301","KN294987v1","414044","414238","44","70519061"
"chr4","70941174","70941466","KN294964v1","1197069","1197362","63","69744105"
"chr4","70948511","70948800","KN294458v1","570570","570851","62","70377941"
"chr4","71039353","71039475","KN296982v1","737113","737227","37","70302240"
"chr4","71174016","71174097","KN295090v1","931964","932047","16","70242052"
"chr4","71475446","71475736","KN296594v1","1157660","1157932","85","70317786"
"chr4","71540897","71541203","KN297038v1","74235","74540","68","71466662"
"chr4","71552254","71552370","KN294365v1","2014204","2014320","25","69538050"
"chr4","71577511","71577663","KN294172v1","1893067","1893216","46","69684444"
"chr4","71609527","71609829","KN294287v1","789787","790095","64","70819740"
"chr4","71628288","71628580","KN296119v1","4183664","4183941","65","67444624"
"chr4","71795927","71795984","KN295090v1","2753565","2753624","22","69042362"
"chr4","71832067","71832301","KN295368v1","1455449","1455687","61","70376618"
"chr4","71852913","71853221","KN296505v1","546011","546322","73","71306902"
"chr4","72117791","72118055","KN295692v1","1183636","1183901","72","70934155"
"chr4","72121773","72122028","KN295117v1","94586","94846","68","72027187"
"chr4","72399126","72399222","KN295977v1","595697","595787","22","71803429"
"chr4","72402417","72402716","KN296508v1","2151971","2152273","54","70250446"
"chr4","72415709","72416002","KN294372v1","683041","683334","74","71732668"
"chr4","72507685","72507976","KN296864v1","682163","682460","62","71825522"
"chr4","72640265","72640524","KN296096v1","2485316","2485572","63","70154949"
"chr4","72657063","72657362","KN295828v1","798886","799189","70","71858177"
"chr4","72680863","72681169","KN295893v1","57155","57454","62","72623708"
"chr4","72796223","72796518","KN296311v1","3727125","3727424","54","69069098"
"chr4","72856061","72856372","KN294446v1","789818","790124","60","72066243"
"chr4","72956876","72957174","KN294470v1","1991733","1992029","63","70965143"
"chr4","73229311","73229598","KN295799v1","120165","120456","26","73109146"
"chr4","73270170","73270441","KN295799v1","161394","161664","32","73108776"
"chr4","73274661","73274938","KN295799v1","166681","166957","29","73107980"
"chr4","73324460","73324580","KN295550v1","685583","685707","21","72638877"
"chr4","73341813","73342114","KN297095v1","738481","738789","65","72603332"
"chr4","73342469","73342757","KN294172v1","734416","734711","52","72608053"
"chr4","73364274","73364531","KN296225v1","362419","362687","63","73001855"
"chr4","73376027","73376330","KN295667v1","676400","676706","56","72699627"
"chr4","73392735","73393058","KN294462v1","662341","662656","70","72730394"
"chr4","73393081","73393381","KN296460v1","1292297","1292598","57","72100784"
"chr4","73404914","73405028","KN295594v1","18217","18333","17","73386697"
"chr4","73405055","73405213","KN294292v1","24234","24390","29","73380821"
"chr4","73408100","73408412","KN296247v1","558050","558361","65","72850050"
"chr4","73421229","73421345","KN296119v1","5442855","5442972","17","67978374"
"chr4","73423512","73423886","KN294218v1","1305266","1305613","105","72118246"
"chr4","73435914","73436211","KN296513v1","108168","108464","57","73327746"
"chr4","73442344","73442640","KN295236v1","4241983","4242261","64","69200361"
"chr4","73451327","73451629","KN295236v1","1249842","1250143","55","72201485"
"chr4","73453234","73453495","KN296153v1","3467090","3467343","59","69986144"
"chr4","73466800","73466919","KN296253v1","543775","543897","21","72923025"
"chr4","73467221","73467446","KN294536v1","1617473","1617688","86","71849748"
"chr4","73476623","73476888","KN296062v1","1074695","1074960","61","72401928"
"chr4","73502324","73502572","KN295814v1","1384290","1384536","67","72118034"
"chr4","73509415","73509663","KN296938v1","976914","977152","47","72532501"
"chr4","73529624","73529741","KN295236v1","5125638","5125753","13","68403986"
"chr4","73531886","73532180","KN296119v1","2031876","2032162","60","71500010"
"chr4","73535275","73535582","KN297343v1","451498","451805","52","73083777"
"chr4","73546889","73547193","KN297032v1","25952","26256","58","73520937"
"chr4","73554785","73555085","KN296977v1","17776","18085","68","73537009"
"chr4","73566907","73567135","KN297442v1","1171644","1171872","56","72395263"
"chr4","73567666","73567950","KN296079v1","1376026","1376316","68","72191640"
"chr4","73568268","73568389","KN296513v1","299006","299130","20","73269262"
"chr4","73573353","73573616","KN295352v1","216571","216847","58","73356782"
"chr4","73573617","73573749","KN295573v1","57237","57363","28","73516380"
"chr4","73578734","73578844","KN295441v1","972021","972136","20","72606713"
"chr4","73588137","73588433","KN294630v1","741362","741665","56","72846775"
"chr4","73625674","73625973","KN295936v1","2737563","2737863","58","70888111"
"chr4","73638814","73639134","KN294470v1","3146483","3146791","62","70492331"
"chr4","73658829","73658934","KN297274v1","1793314","1793421","19","71865515"
"chr4","73663175","73663275","KN295257v1","871458","871539","31","72791717"
"chr4","73663573","73663672","KN294365v1","1271921","1272024","28","72391652"
"chr4","73685840","73685969","KN297133v1","1021455","1021586","21","72664385"
"chr4","73698822","73698943","KN296153v1","1416271","1416393","17","72282551"
"chr4","73699678","73699792","KN294456v1","1526468","1526582","19","72173210"
"chr4","73706164","73706477","KN296119v1","1344219","1344512","87","72361945"
"chr4","73713911","73714212","KN294470v1","1776818","1777118","64","71937093"
"chr4","73721580","73721871","KN296643v1","329281","329566","58","73392299"
"chr4","73721919","73721931","KN297445v1","1496264","1496276","4","72225655"
"chr4","73722912","73723017","KN294416v1","260715","260831","20","73462197"
"chr4","73724872","73725185","KN294407v1","2196717","2197032","61","71528155"
"chr4","73733908","73734175","KN295708v1","2552850","2553123","58","71181058"
"chr4","73738018","73738313","KN295591v1","705545","705842","55","73032473"
"chr4","73756532","73756825","KN297008v1","1477900","1478200","57","72278632"
"chr4","73757401","73757710","KN296588v1","922323","922632","62","72835078"
"chr4","73763247","73763541","KN297452v1","1197785","1198080","61","72565462"
"chr4","73816734","73816998","KN296311v1","7955128","7955358","71","65861606"
"chr4","73826471","73826772","KN297320v1","1234476","1234772","59","72591995"
"chr4","73838532","73838851","KN296019v1","335991","336303","61","73502541"
"chr4","73839042","73839366","KN297320v1","1234476","1234772","71","72604566"
"chr4","73848208","73848339","KN294662v1","196325","196443","34","73651883"
"chr4","73857701","73858002","KN297452v1","2419020","2419318","55","71438681"
"chr4","73890045","73890164","KN295405v1","1892483","1892602","19","71997562"
"chr4","73893332","73893622","KN294454v1","473949","474241","56","73419383"
"chr4","73907074","73907350","KN294991v1","1461634","1461903","53","72445440"
"chr4","73911541","73911817","KN295405v1","198581","198863","57","73712960"
"chr4","73920031","73920316","KN294407v1","93980","94252","59","73826051"
"chr4","73958162","73958472","KN296404v1","3404152","3404452","68","70554010"
"chr4","73964941","73965064","KN294790v1","1434382","1434504","18","72530559"
"chr4","73968650","73968956","KN297361v1","96575","96877","63","73872075"
"chr4","74000001","74000127","KN295022v1","871921","872052","29","73128080"
"chr4","74015005","74015300","KN296766v1","216579","216872","68","73798426"
"chr4","74031088","74031237","KN296096v1","628556","628723","40","73402532"
"chr4","74032571","74032874","KN294470v1","476480","476785","68","73556091"
"chr4","74036058","74036350","KN296883v1","3542600","3542899","66","70493458"
"chr4","74077919","74078223","KN295433v1","429148","429443","68","73648771"
"chr4","74111619","74111751","KN297322v1","471307","471440","21","73640312"
"chr4","74115608","74115838","KN294705v1","2129250","2129482","59","71986358"
"chr4","74118367","74118672","KN296019v1","466074","466382","58","73652293"
"chr4","74135661","74135955","KN294416v1","200025","200316","48","73935636"
"chr4","74145968","74146260","KN294287v1","329019","329303","63","73816949"
"chr4","74188031","74188206","KN295573v1","364112","364287","47","73823919"
"chr4","74188496","74188632","KN296296v1","90201","90329","23","74098295"
"chr4","74193263","74193561","KN294996v1","363261","363550","59","73830002"
"chr4","74200431","74200699","KN294172v1","5582364","5582637","73","68618067"
"chr4","74203736","74204028","KN295045v1","77664","77959","63","74126072"
"chr4","74208265","74208586","KN296311v1","3727125","3727424","69","70481140"
"chr4","74210265","74210403","KN296117v1","263563","263705","32","73946702"
"chr4","74210698","74210863","KN297154v1","1567428","1567596","37","72643270"
"chr4","74212272","74212550","KN294407v1","93980","94252","63","74118292"
"chr4","74240196","74240449","KN296682v1","2635755","2636017","59","71604441"
"chr4","74256995","74257264","KN296836v1","756580","756853","74","73500415"
"chr4","74273683","74273967","KN296062v1","976203","976488","54","73297480"
"chr4","74289009","74289302","KN295117v1","7501","7805","72","74281508"
"chr4","74291940","74292232","KN294685v1","757490","757789","54","73534450"
"chr4","74309598","74309898","KN297320v1","1234476","1234772","58","73075122"
"chr4","74326106","74326393","KN296831v1","407125","407415","61","73918981"
"chr4","74339455","74339559","KN296316v1","291559","291661","16","74047896"
"chr4","74344062","74344427","KN294964v1","1575119","1575472","108","72768943"
"chr4","74348515","74348805","KN297274v1","651050","651340","54","73697465"
"chr4","74355099","74355203","KN297322v1","1583090","1583193","14","72772009"
"chr4","74371723","74372018","KN295523v1","2851176","2851466","61","71520547"
"chr4","74390230","74390538","KN294630v1","741362","741665","70","73648868"
"chr4","74392017","74392290","KN296921v1","2962164","2962431","58","71429853"
"chr4","74393076","74393378","KN296281v1","414619","414931","66","73978457"
"chr4","74402237","74402443","KN297390v1","1124589","1124790","45","73277648"
"chr4","74404616","74404936","KN294705v1","773441","773753","74","73631175"
"chr4","74405500","74405588","KN295667v1","696450","696541","18","73709050"
"chr4","74416378","74416503","KN294446v1","531704","531828","16","73884674"
"chr4","74445247","74445364","KN295350v1","572005","572123","19","73873242"
"chr4","74454347","74454631","KN297245v1","1626619","1626910","53","72827728"
"chr4","74457232","74457499","KN297163v1","1625715","1625993","56","72831517"
"chr4","74461007","74461302","KN297008v1","1477900","1478200","56","72983107"
"chr4","74473802","74474090","KN297327v1","551975","552263","64","73921827"
"chr4","74485791","74486076","KN295350v1","618935","619220","56","73866856"
"chr4","74491562","74491851","KN296508v1","2151971","2152273","66","72339591"
"chr4","74492992","74493300","KN294991v1","469014","469325","55","74023978"
"chr4","74506175","74506476","KN296119v1","4568889","4569170","74","69937286"
"chr4","74520472","74520768","KN296505v1","21654","21951","65","74498818"
"chr4","74526568","74526854","KN296138v1","264399","264686","62","74262169"
"chr4","74529962","74530250","KN296253v1","188046","188333","50","74341916"
"chr4","74536518","74536605","KN295114v1","121687","121759","26","74414831"
"chr4","74537452","74537751","KN295586v1","2908076","2908370","59","71629376"
"chr4","74566415","74566750","KN296682v1","4859629","4859934","108","69706786"
"chr4","74574829","74575146","KN294987v1","1079259","1079566","64","73495570"
"chr4","74580862","74581153","KN297046v1","1456491","1456773","54","73124371"
"chr4","74585158","74585450","KN294375v1","731207","731494","53","73853951"
"chr4","74588292","74588590","KN295349v1","58082","58373","49","74530210"
"chr4","74590333","74590644","KN296290v1","775055","775367","63","73815278"
"chr4","74591158","74591445","KN297032v1","143170","143462","75","74447988"
"chr4","74656917","74657196","KN296542v1","137818","138089","23","74519099"
"chr4","74668179","74668521","KN296542v1","126476","126796","41","74541703"
"chr4","74672410","74672700","KN296542v1","122309","122605","29","74550101"
"chr4","74697086","74697389","KN296542v1","96861","97165","23","74600225"
"chr4","74718193","74718486","KN296542v1","70577","70875","24","74647616"
"chr4","74731981","74732154","KN295533v1","1808077","1808253","37","72923904"
"chr4","74732454","74732555","KN296542v1","56414","56512","8","74676040"
"chr4","74769360","74769644","KN296542v1","21329","21620","29","74748031"
"chr4","74812887","74812987","KN296637v1","528015","528118","19","74284872"
"chr4","74841135","74841448","KN294233v1","844996","845309","19","73996139"
"chr4","74844036","74844242","KN294233v1","842159","842379","23","74001877"
"chr4","74863746","74864023","KN294233v1","800413","800691","19","74063333"
"chr4","74881613","74881740","KN297095v1","2530131","2530260","20","72351482"
"chr4","74885239","74885461","KN294233v1","780082","780304","14","74105157"
"chr4","74901843","74902124","KN294233v1","765659","765946","30","74136184"
"chr4","74909687","74909897","KN294619v1","1480269","1480479","65","73429418"
"chr4","74920287","74920418","KN294233v1","748143","748274","7","74172144"
"chr4","74932559","74932861","KN294233v1","734315","734616","24","74198244"
"chr4","74958046","74958228","KN294453v1","230898","231077","51","74727148"
"chr4","74966073","74966284","KN294233v1","702034","702252","25","74264039"
"chr4","74968358","74968620","KN295907v1","2632429","2632698","68","72335929"
"chr4","74971712","74972010","KN296404v1","3404152","3404452","60","71567560"
"chr4","74981807","74982087","KN294233v1","687092","687396","37","74294715"
"chr4","75053020","75053081","KN296062v1","1086761","1086826","18","73966259"
"chr4","75077880","75078157","KN294233v1","586814","587094","21","74491066"
"chr4","75078397","75078661","KN294233v1","586310","586564","29","74492087"
"chr4","75082120","75082236","KN294233v1","582604","582729","17","74499516"
"chr4","75096667","75096970","KN294233v1","566602","566918","35","74530065"
"chr4","75117325","75117614","KN296508v1","335086","335363","54","74782239"
"chr4","75134923","75135046","KN295550v1","685583","685707","16","74449340"
"chr4","75137957","75138255","KN294233v1","523301","523602","24","74614656"
"chr4","75138696","75138828","KN295907v1","1634902","1635020","43","73503794"
"chr4","75172918","75173212","KN294233v1","486896","487188","29","74686022"
"chr4","75212603","75212915","KN294233v1","449376","449667","51","74763227"
"chr4","75235003","75235307","KN294233v1","428286","428583","25","74806717"
"chr4","75276240","75276359","KN295706v1","131952","132066","36","75144288"
"chr4","75278354","75278663","KN294233v1","394088","394397","22","74884266"
"chr4","75289452","75289745","KN294233v1","383177","383474","57","74906275"
"chr4","75344958","75345083","KN294233v1","323034","323158","5","75021924"
"chr4","75404098","75404386","KN294233v1","256741","257048","37","75147357"
"chr4","75404418","75404437","KN295692v1","1722981","1722997","3","73681437"
"chr4","75439994","75440309","KN294233v1","220149","220458","21","75219845"
"chr4","75464814","75464944","KN294233v1","197697","197829","11","75267117"
"chr4","75474349","75474642","KN294233v1","188199","188500","28","75286150"
"chr4","75633924","75634169","KN295705v1","275409","275640","56","75358515"
"chr4","75716409","75716719","KN295962v1","458497","458810","60","75257912"
"chr4","75791400","75791674","KN296481v1","518302","518590","64","75273098"
"chr4","75807915","75808215","KN296390v1","16323","16616","68","75791592"
"chr4","75865760","75866067","KN295825v1","2377204","2377499","63","73488556"
"chr4","75945842","75945983","KN294251v1","1448645","1448782","29","74497197"
"chr4","76008282","76008578","KN295910v1","114568","114859","62","75893714"
"chr4","76019663","76019983","KN296406v1","362797","363101","71","75656866"
"chr4","76081646","76081821","KN295045v1","842398","842578","43","75239248"
"chr4","76098447","76098700","KN297184v1","740563","740832","63","75357884"
"chr4","76100674","76100981","KN294199v1","52670","52980","60","76048004"
"chr4","76119797","76119999","KN297346v1","27738","27946","56","76092059"
"chr4","76160808","76161024","KN296322v1","138280","138496","51","76022528"
"chr4","76161757","76162079","KN294964v1","1386830","1387135","82","74774927"
"chr4","76166431","76166555","KN295294v1","234450","234574","21","75931981"
"chr4","76187955","76188241","KN296062v1","976203","976488","54","75211752"
"chr4","76233318","76233627","KN296547v1","888231","888537","50","75345087"
"chr4","76239607","76239900","KN295074v1","581057","581352","64","75658550"
"chr4","76240955","76241140","KN295722v1","2530724","2530897","55","73710231"
"chr4","76243293","76243605","KN295586v1","2908076","2908370","65","73335217"
"chr4","76261193","76261506","KN297038v1","1596842","1597144","71","74664351"
"chr4","76275896","76276115","KN296062v1","792185","792413","52","75483711"
"chr4","76290015","76290341","KN295962v1","458497","458810","68","75831518"
"chr4","76294429","76294741","KN296538v1","1793220","1793524","56","74501209"
"chr4","76297153","76297434","KN294172v1","439163","439451","60","75857990"
"chr4","76302850","76303120","KN294848v1","912345","912627","63","75390505"
"chr4","76307890","76308158","KN294446v1","29308","29566","65","76278582"
"chr4","76314196","76314486","KN296406v1","283606","283899","59","76030590"
"chr4","76329390","76329687","KN297320v1","1234476","1234772","51","75094914"
"chr4","76340899","76341016","KN295974v1","2401332","2401444","19","73939567"
"chr4","76379577","76379876","KN295984v1","1299071","1299366","65","75080506"
"chr4","76468572","76468864","KN295045v1","593563","593859","55","75875009"
"chr4","76499611","76499905","KN294407v1","960970","961264","61","75538641"
"chr4","76502836","76503091","KN296635v1","5224297","5224564","58","71278539"
"chr4","76509828","76510102","KN295692v1","1417823","1418083","63","75092005"
"chr4","76549010","76549107","KN295596v1","1294243","1294340","20","75254767"
"chr4","76549117","76549241","KN295433v1","1384220","1384344","24","75164897"
"chr4","76567920","76568199","KN295045v1","1266913","1267195","51","75301007"
"chr4","76569188","76569500","KN296311v1","3074623","3074927","53","73494565"
"chr4","76581269","76581442","KN295987v1","1531558","1531730","35","75049711"
"chr4","76597184","76597468","KN296253v1","188046","188333","59","76409138"
"chr4","76615259","76615560","KN296864v1","1090936","1091233","62","75524323"
"chr4","76632502","76632787","KN294466v1","14918","15198","60","76617584"
"chr4","76640377","76640683","KN295236v1","1249842","1250143","53","75390535"
"chr4","76776778","76777037","KN297032v1","45541","45802","66","76731237"
"chr4","76853173","76853462","KN294195v1","111357","111667","42","76741816"
"chr4","76854369","76854634","KN294195v1","112572","112836","15","76741797"
"chr4","76907605","76907906","KN294195v1","156019","156325","21","76751586"
"chr4","76924902","76925024","KN294195v1","173596","173718","11","76751306"
"chr4","76930643","76930936","KN294195v1","179405","179686","31","76751238"
"chr4","76936530","76936835","KN295596v1","1835143","1835453","73","75101387"
"chr4","76980294","76980564","KN294195v1","229199","229471","17","76751095"
"chr4","77018091","77018205","KN296426v1","896080","896197","15","76122011"
"chr4","77087863","77088142","KN296426v1","844012","844311","42","76243851"
"chr4","77091022","77091316","KN296426v1","840771","841076","34","76250251"
"chr4","77134366","77134642","KN294172v1","813896","814172","60","76320470"
"chr4","77147137","77147447","KN296426v1","792275","792613","48","76354862"
"chr4","77150997","77151112","KN296426v1","788533","788648","6","76362464"
"chr4","77193623","77193894","KN296426v1","743083","743357","19","76450540"
"chr4","77193925","77193952","KN294486v1","1477990","1478018","5","75715935"
"chr4","77246562","77246680","KN296158v1","1439494","1439609","18","75807068"
"chr4","77256539","77256843","KN296426v1","681393","681685","38","76575146"
"chr4","77296601","77296716","KN296426v1","660297","660410","9","76636304"
"chr4","77373746","77374023","KN296426v1","573779","574053","32","76799967"
"chr4","77474726","77475032","KN296426v1","469024","469328","18","77005702"
"chr4","77483270","77483575","KN296426v1","460286","460585","29","77022984"
"chr4","77543363","77543483","KN296426v1","397769","397889","7","77145594"
"chr4","77594063","77594349","KN296426v1","354578","354864","29","77239485"
"chr4","77605207","77605512","KN296426v1","337771","338075","16","77267436"
"chr4","77694611","77694903","KN296426v1","246847","247134","31","77447764"
"chr4","77730484","77730770","KN296218v1","264803","265083","47","77465681"
"chr4","77733160","77733426","KN296426v1","213025","213322","51","77520135"
"chr4","77751997","77752229","KN295735v1","1060126","1060348","51","76691871"
"chr4","77753781","77753949","KN296426v1","187010","187167","23","77566771"
"chr4","77763413","77763628","KN296426v1","177831","178038","24","77585582"
"chr4","77784328","77784458","KN297369v1","2119225","2119349","17","75665103"
"chr4","77797463","77797777","KN296426v1","145037","145351","34","77652426"
"chr4","77799738","77799987","KN296426v1","143176","143429","15","77656562"
"chr4","77808918","77809233","KN297046v1","2358355","2358637","96","75450563"
"chr4","77837062","77837351","KN296426v1","109582","109863","39","77727480"
"chr4","77849236","77849476","KN296426v1","98529","98783","31","77750707"
"chr4","77849706","77849995","KN296426v1","98004","98308","36","77751702"
"chr4","77899274","77899320","KN295962v1","1676269","1676320","16","76223005"
"chr4","77899594","77899719","KN296426v1","47110","47233","6","77852484"
"chr4","77998108","77998234","KN297181v1","103864","103990","9","77894244"
"chr4","77998541","77998704","KN297181v1","103397","103565","20","77895144"
"chr4","78279240","78279447","KN295034v1","680685","680888","47","77598555"
"chr4","78317663","78317959","KN295357v1","13368","13662","24","78304295"
"chr4","78431819","78432091","KN295352v1","216571","216847","55","78215248"
"chr4","78446388","78446685","KN296311v1","7907830","7908116","57","70538558"
"chr4","78518543","78518811","KN296682v1","2635755","2636017","61","75882788"
"chr4","78540916","78541169","KN296964v1","1947103","1947356","57","76593813"
"chr4","78541343","78541540","KN294856v1","385757","385941","61","78155586"
"chr4","78555564","78555852","KN296096v1","2297832","2298124","62","76257732"
"chr4","78562979","78563081","KN294224v1","526055","526155","29","78036924"
"chr4","83820210","83820502","KN295435v1","24430","24725","33","83795780"
"chr4","83868010","83868327","KN294650v1","135442","135745","71","83732568"
"chr4","83877781","83878049","KN294649v1","5854","6139","33","83871927"
"chr4","83885106","83885291","KN297197v1","3899507","3899683","44","79985599"
"chr4","83903006","83903285","KN295929v1","72811","73087","72","83830195"
"chr4","83909853","83910038","KN294649v1","42764","42949","10","83867089"
"chr4","83910400","83910532","KN294649v1","43296","43429","9","83867104"
"chr4","83917510","83917805","KN294649v1","50513","50816","27","83866997"
"chr4","83942518","83942641","KN296964v1","1411802","1411928","15","82530716"
"chr4","83955285","83955433","KN294806v1","535637","535792","37","83419648"
"chr4","83970782","83971079","KN295586v1","2712809","2713101","63","81257973"
"chr4","83979610","83979890","KN296122v1","514388","514663","62","83465222"
"chr4","83981987","83982310","KN294462v1","421387","421690","66","83560600"
"chr4","84011466","84011609","KN294991v1","668197","668331","30","83343269"
"chr4","84011932","84012094","KN296859v1","1957253","1957418","33","82054679"
"chr4","84022297","84022590","KN295893v1","883829","884122","59","83138468"
"chr4","84025206","84025509","KN296122v1","88622","88925","65","83936584"
"chr4","84076241","84076522","KN296495v1","646408","646690","62","83429833"
"chr4","84080025","84080306","KN297442v1","1544491","1544771","65","82535534"
"chr4","84082429","84082713","KN296926v1","1136318","1136599","59","82946111"
"chr4","84085950","84086261","KN294187v1","156326","156629","64","83929624"
"chr4","84094895","84095205","KN296019v1","466074","466382","60","83628821"
"chr4","84105429","84105645","KN295582v1","1062751","1062954","56","83042678"
"chr4","84109603","84109873","KN294733v1","143432","143710","56","83966171"
"chr4","84114367","84114527","KN296145v1","3055887","3056045","32","81058480"
"chr4","84114557","84114656","KN295365v1","248617","248720","20","83865940"
"chr4","84120022","84120328","KN296406v1","163962","164264","54","83956060"
"chr4","84126566","84126836","KN296119v1","4568889","4569170","57","79557677"
"chr4","84133368","84133649","KN294825v1","282784","283066","62","83850584"
"chr4","84144477","84144758","KN296187v1","179226","179507","57","83965251"
"chr4","84159058","84159340","KN296011v1","22349","22634","49","84136709"
"chr4","84164626","84164918","KN296290v1","1369272","1369563","66","82795354"
"chr4","84173551","84173813","KN294444v1","373486","373751","58","83800065"
"chr4","84181149","84181456","KN294396v1","166274","166574","54","84014875"
"chr4","84223927","84224146","KN296884v1","1048530","1048752","56","83175397"
"chr4","84229570","84229699","KN295566v1","220119","220242","30","84009451"
"chr4","84229757","84229862","KN295459v1","592897","592994","36","83636860"
"chr4","84319177","84319487","KN296096v1","2951136","2951437","54","81368041"
"chr4","84321595","84321783","KN294207v1","621589","621783","51","83700006"
"chr4","84408539","84408815","KN295531v1","201730","202022","62","84206809"
"chr4","84422000","84422287","KN294278v1","3400","3698","31","84418600"
"chr4","84423713","84423953","KN296311v1","7524888","7525132","54","76898825"
"chr4","84490846","84491037","KN294278v1","67058","67233","29","84423788"
"chr4","84499711","84499835","KN294278v1","76069","76197","15","84423642"
"chr4","84516328","84516471","KN294278v1","92125","92268","7","84424203"
"chr4","84516777","84516950","KN296119v1","4451319","4451488","34","80065458"
"chr4","84536745","84537034","KN296580v1","108026","108308","22","84428719"
"chr4","84547127","84547364","KN296119v1","4406120","4406360","53","80141007"
"chr4","84562181","84562430","KN294278v1","132304","132572","38","84429877"
"chr4","84627329","84627656","KN294570v1","10935","11242","83","84616394"
"chr4","84678259","84678554","KN296657v1","428516","428819","59","84249743"
"chr4","84680945","84681249","KN296657v1","425326","425632","21","84255619"
"chr4","84696651","84696895","KN297159v1","1317916","1318176","65","83378735"
"chr4","84812022","84812307","KN296657v1","291286","291596","40","84520736"
"chr4","84815757","84816019","KN296657v1","287409","287677","30","84528348"
"chr4","84837698","84837980","KN296657v1","264800","265085","31","84572898"
"chr4","84918475","84918763","KN296657v1","189551","189835","28","84728924"
"chr4","84924078","84924373","KN296657v1","182920","183232","37","84741158"
"chr4","84972930","84973214","KN296657v1","119249","119538","19","84853681"
"chr4","84984036","84984315","KN296657v1","108067","108357","36","84875969"
"chr4","84994739","84995034","KN296657v1","96953","97251","26","84897786"
"chr4","85068748","85069031","KN296657v1","7354","7648","26","85061394"
"chr4","85297429","85297723","KN296505v1","21654","21951","63","85275775"
"chr4","85299522","85299810","KN294846v1","242190","242488","26","85057332"
"chr4","85454279","85454576","KN296180v1","726479","726785","60","84727800"
"chr4","85607968","85608276","KN295586v1","2242257","2242564","69","83365711"
"chr4","85713341","85713464","KN295708v1","2162566","2162690","17","83550775"
"chr4","85714433","85714713","KN296635v1","2616458","2616736","71","83097975"
"chr4","85729439","85729750","KN295923v1","249850","250161","73","85479589"
"chr4","85752440","85752721","KN296290v1","1252498","1252783","62","84499942"
"chr4","85753584","85753878","KN294662v1","136013","136311","67","85617571"
"chr4","85893166","85893449","KN296252v1","86934","87220","68","85806232"
"chr4","86133582","86133753","KN295185v1","230229","230398","31","85903353"
"chr4","86133791","86133906","KN295205v1","1735810","1735927","21","84397981"
"chr4","86502853","86503140","KN297320v1","1234476","1234772","61","85268377"
"chr4","86542852","86543164","KN296749v1","713785","714089","70","85829067"
"chr4","86553822","86554092","KN294187v1","1653394","1653672","66","84900428"
"chr4","86583449","86583742","KN296093v1","78953","79230","71","86504496"
"chr4","86644301","86644614","KN294420v1","379212","379524","67","86265089"
"chr4","86655521","86655644","KN294592v1","704228","704354","28","85951293"
"chr4","86910661","86910784","KN296334v1","167111","167228","25","86743550"
"chr4","86933575","86933844","KN294949v1","1672635","1672887","60","85260940"
"chr4","87035400","87035690","KN296865v1","1840720","1841009","76","85194680"
"chr4","87089803","87089973","KN296347v1","17778","17965","26","87072025"
"chr4","87098235","87098513","KN296726v1","800552","800828","69","86297683"
"chr4","87265824","87266083","KN296307v1","158004","158263","70","87107820"
"chr4","87495986","87496289","KN295236v1","5121169","5121469","68","82374817"
"chr4","87543615","87543920","KN296225v1","692457","692759","71","86851158"
"chr4","87880145","87880442","KN296192v1","161210","161502","54","87718935"
"chr4","87891892","87892015","KN295962v1","284057","284172","29","87607835"
"chr4","87892314","87892511","KN295236v1","1103542","1103705","64","86788772"
"chr4","88130380","88130669","KN295573v1","1242848","1243139","53","86887532"
"chr4","88142194","88142507","KN296404v1","3404152","3404452","70","84738042"
"chr4","88189660","88189850","KN296695v1","185963","186159","47","88003697"
"chr4","88244746","88245035","KN296426v1","354578","354864","72","87890168"
"chr4","88340597","88340912","KN295586v1","5097157","5097464","81","83243440"
"chr4","88446668","88446891","KN296515v1","118596","118820","59","88328072"
"chr4","88469638","88469939","KN296119v1","5266028","5266328","56","83203610"
"chr4","88570435","88570723","KN294326v1","510255","510546","66","88060180"
"chr4","88726622","88726826","KN295441v1","1067325","1067540","53","87659297"
"chr4","88726847","88727150","KN295666v1","640356","640662","65","88086491"
"chr4","88785839","88785951","KN294856v1","58204","58316","26","88727635"
"chr4","88863792","88864088","KN295548v1","831268","831549","67","88032524"
"chr4","88995014","88995326","KN296622v1","94188","94506","66","88900826"
"chr4","89109070","89109389","KN295923v1","2248938","2249256","69","86860132"
"chr4","89126296","89126601","KN296622v1","228439","228742","38","88897857"
"chr4","89202904","89203210","KN296084v1","33310","33615","61","89169594"
"chr4","89249359","89249629","KN294172v1","3575176","3575437","56","85674183"
"chr4","89325425","89325710","KN296622v1","423944","424208","48","88901481"
"chr4","89396334","89396631","KN296120v1","16050","16342","62","89380284"
"chr4","89447479","89447681","KN294874v1","344811","345009","48","89102668"
"chr4","89461985","89462287","KN295692v1","1583853","1584152","61","87878132"
"chr4","89472808","89473089","KN295936v1","2499504","2499800","54","86973304"
"chr4","89478828","89478949","KN295236v1","1832066","1832187","24","87646762"
"chr4","89506262","89506385","KN295566v1","220119","220242","21","89286143"
"chr4","89537756","89538025","KN297008v1","6692234","6692516","65","82845522"
"chr4","89542520","89542799","KN294187v1","935910","936200","60","88606610"
"chr4","89543660","89543930","KN294172v1","3575176","3575437","65","85968484"
"chr4","89545511","89545794","KN296406v1","592171","592433","72","88953340"
"chr4","89559489","89559801","KN295236v1","3263389","3263700","63","86296100"
"chr4","89579940","89580228","KN295107v1","1172905","1173191","55","88407035"
"chr4","89580298","89580313","KN294410v1","230128","230140","4","89350170"
"chr4","89590154","89590463","KN295343v1","329489","329788","59","89260665"
"chr4","89604327","89604469","KN295667v1","1433734","1433873","35","88170593"
"chr4","89608141","89608425","KN296139v1","48511","48796","59","89559630"
"chr4","89627734","89628039","KN294650v1","431865","432166","67","89195869"
"chr4","89661915","89662210","KN296588v1","1685945","1686240","64","87975970"
"chr4","89717625","89717928","KN294790v1","6856069","6856369","68","82861556"
"chr4","89735864","89736147","KN294410v1","116488","116768","60","89619376"
"chr4","89763918","89764197","KN296453v1","657664","657943","64","89106254"
"chr4","89783046","89783338","KN295984v1","3197280","3197579","57","86585766"
"chr4","89789198","89789487","KN294172v1","4205913","4206212","60","85583285"
"chr4","89795385","89795599","KN294733v1","13674","13893","43","89781711"
"chr4","89836088","89836383","KN295930v1","672210","672498","64","89163878"
"chr4","89862415","89862703","KN295154v1","184802","185090","54","89677613"
"chr4","89874773","89875078","KN294453v1","4527","4826","57","89870246"
"chr4","89895429","89895574","KN296503v1","587875","588022","30","89307554"
"chr4","89913163","89913474","KN296580v1","1031616","1031917","60","88881547"
"chr4","89917248","89917544","KN297153v1","780458","780756","56","89136790"
"chr4","89922265","89922538","KN297159v1","3471259","3471528","63","86451006"
"chr4","89922545","89922811","KN296205v1","847355","847632","64","89075190"
"chr4","89933158","89933458","KN297245v1","2036362","2036663","68","87896796"
"chr4","89938468","89938604","KN296096v1","1372291","1372426","24","88566177"
"chr4","89938911","89939074","KN294325v1","169199","169356","32","89769712"
"chr4","89945197","89945371","KN296486v1","133266","133437","35","89811931"
"chr4","89945672","89945812","KN295459v1","1505765","1505900","33","88439907"
"chr4","89950446","89950757","KN294172v1","6859508","6859816","67","83090938"
"chr4","89953307","89953602","KN297046v1","2560839","2561149","61","87392468"
"chr4","89971009","89971332","KN296732v1","3717980","3718290","85","86253029"
"chr4","89974670","89974814","KN296117v1","327288","327432","27","89647382"
"chr4","89975120","89975270","KN295984v1","319326","319479","31","89655794"
"chr4","89978701","89978987","KN295236v1","3425314","3425610","61","86553387"
"chr4","89980090","89980414","KN295077v1","394667","394966","90","89585423"
"chr4","89996982","89997314","KN297038v1","2606443","2606766","79","87390539"
"chr4","90003484","90003612","KN294561v1","445320","445443","25","89558164"
"chr4","90013560","90013731","KN295573v1","1297537","1297702","48","88716023"
"chr4","90017333","90017616","KN295474v1","1129605","1129877","70","88887728"
"chr4","90019842","90020064","KN294218v1","2745194","2745443","61","87274648"
"chr4","90034508","90034803","KN294175v1","66405","66699","70","89968103"
"chr4","90054201","90054461","KN296225v1","362419","362687","59","89691782"
"chr4","90064098","90064391","KN297245v1","2036362","2036663","57","88027736"
"chr4","90086365","90086556","KN295619v1","28402","28602","50","90057963"
"chr4","90132142","90132430","KN294181v1","810017","810298","68","89322125"
"chr4","90143774","90144050","KN296310v1","1320077","1320370","65","88823697"
"chr4","90149013","90149246","KN296426v1","143176","143429","61","90005837"
"chr4","90149789","90150083","KN296145v1","1496963","1497260","57","88652826"
"chr4","90182741","90183011","KN295725v1","1866246","1866519","58","88316495"
"chr4","90186314","90186587","KN295820v1","827923","828191","53","89358391"
"chr4","90195588","90195885","KN295034v1","150004","150301","54","90045584"
"chr4","90199954","90200268","KN296153v1","231421","231734","68","89968533"
"chr4","90208049","90208299","KN296096v1","2485316","2485572","54","87722733"
"chr4","90209927","90210232","KN297154v1","1608705","1609004","57","88601222"
"chr4","90234700","90234987","KN294800v1","58275","58560","54","90176425"
"chr4","90241969","90242221","KN296096v1","2485316","2485572","61","87756653"
"chr4","90254813","90254936","KN296062v1","1922262","1922372","35","88332551"
"chr4","90256860","90257153","KN296322v1","1148106","1148393","68","89108754"
"chr4","90292533","90292849","KN296075v1","304763","305072","68","89987770"
"chr4","90296450","90296566","KN295045v1","526689","526806","16","89769761"
"chr4","90298186","90298477","KN296404v1","3404152","3404452","58","86894034"
"chr4","90306681","90306964","KN295984v1","1299071","1299366","65","89007610"
"chr4","90307728","90308038","KN294287v1","739754","740064","68","89567974"
"chr4","90336955","90337088","KN294172v1","4384631","4384761","21","85952324"
"chr4","90366689","90366995","KN296079v1","1340626","1340932","57","89026063"
"chr4","90376659","90376994","KN294325v1","1017631","1017939","76","89359028"
"chr4","90381664","90381951","KN297242v1","1180155","1180444","68","89201509"
"chr4","90391742","90392048","KN295586v1","2908076","2908370","58","87483666"
"chr4","90447270","90447574","KN295371v1","356947","357235","84","90090323"
"chr4","90448557","90448831","KN295352v1","216571","216847","61","90231986"
"chr4","90451851","90452147","KN295526v1","910683","910978","59","89541168"
"chr4","90527632","90527938","KN296682v1","4680106","4680412","58","85847526"
"chr4","90530272","90530550","KN294873v1","1942862","1943147","75","88587410"
"chr4","90583770","90583902","KN294172v1","4384631","4384761","22","86199139"
"chr4","90650566","90650802","KN295717v1","1474295","1474536","54","89176271"
"chr4","90739268","90739541","KN296503v1","96429","96710","66","90642839"
"chr4","90749505","90749794","KN294987v1","383946","384239","62","90365559"
"chr4","90898783","90898896","KN296250v1","41859","41972","5","90856924"
"chr4","90936166","90936433","KN296250v1","373","634","24","90935793"
"chr4","90970588","90970798","KN296025v1","423725","423932","18","90546863"
"chr4","91028464","91028706","KN296025v1","363502","363744","10","90664962"
"chr4","91032079","91032379","KN296025v1","359836","360137","22","90672243"
"chr4","91036555","91036841","KN296025v1","355404","355704","30","90681151"
"chr4","91048320","91048644","KN296025v1","343489","343788","42","90704831"
"chr4","91058647","91058957","KN296025v1","332753","333064","26","90725894"
"chr4","91068335","91068650","KN296025v1","323259","323556","41","90745076"
"chr4","91078737","91078983","KN296025v1","313216","313457","26","90765521"
"chr4","91081954","91082236","KN296025v1","309982","310266","21","90771972"
"chr4","91082364","91082527","KN297227v1","1023745","1023912","31","90058619"
"chr4","91097928","91098118","KN294182v1","339529","339730","49","90758399"
"chr4","91109855","91110151","KN296025v1","281728","282024","19","90828127"
"chr4","91111539","91111688","KN296025v1","279816","279974","23","90831723"
"chr4","91122814","91123121","KN296322v1","2221545","2221850","59","88901269"
"chr4","91125019","91125150","KN296025v1","266109","266232","15","90858910"
"chr4","91147163","91147409","KN296025v1","244667","244915","19","90902496"
"chr4","91159975","91160182","KN297008v1","6249131","6249324","48","84910844"
"chr4","91172233","91172467","KN296025v1","224626","224898","55","90947607"
"chr4","91186225","91186531","KN296025v1","208680","208983","22","90977545"
"chr4","91191563","91191839","KN296025v1","203407","203690","55","90988156"
"chr4","91195496","91195800","KN294977v1","105980","106269","70","91089516"
"chr4","91203946","91204228","KN296025v1","191326","191584","45","91012620"
"chr4","91212852","91213152","KN296025v1","182497","182798","17","91030355"
"chr4","91220524","91220642","KN296025v1","175170","175279","16","91045354"
"chr4","91224830","91225102","KN296025v1","169845","170080","46","91054985"
"chr4","91227135","91227424","KN296025v1","167521","167812","24","91059614"
"chr4","91231965","91232255","KN296025v1","162680","162975","28","91069285"
"chr4","91241111","91241392","KN296025v1","152481","152762","34","91088630"
"chr4","91260954","91261248","KN296025v1","132173","132469","29","91128781"
"chr4","91269456","91269739","KN296025v1","125273","125555","35","91144183"
"chr4","91278271","91278343","KN295147v1","392895","392969","15","90885376"
"chr4","91294053","91294183","KN296025v1","100031","100156","11","91194022"
"chr4","91294426","91294646","KN296025v1","99551","99759","39","91194875"
"chr4","91302050","91302244","KN296025v1","91406","91594","16","91210644"
"chr4","91302604","91302909","KN296025v1","90740","91047","43","91211864"
"chr4","91310067","91310357","KN295596v1","879252","879556","73","90430815"
"chr4","91319919","91320089","KN296025v1","65620","65789","11","91254299"
"chr4","91320438","91320756","KN294630v1","741362","741665","69","90579076"
"chr4","91323431","91323713","KN296025v1","58371","58654","12","91265060"
"chr4","91332853","91333121","KN296025v1","51043","51317","20","91281810"
"chr4","91371440","91371742","KN296025v1","8587","8892","17","91362853"
"chr4","91382774","91383080","KN297008v1","6395479","6395790","54","84987295"
"chr4","91400945","91401247","KN294964v1","1674001","1674300","52","89726944"
"chr4","91409513","91409630","KN294848v1","626671","626788","18","90782842"
"chr4","91420856","91421173","KN296153v1","686008","686322","68","90734848"
"chr4","91425787","91426031","KN296244v1","9752","9990","58","91416035"
"chr4","91474023","91474320","KN296404v1","3404152","3404452","48","88069871"
"chr4","91484649","91484941","KN296079v1","1376026","1376316","68","90108623"
"chr4","91495567","91495848","KN295459v1","986871","987146","61","90508696"
"chr4","91539551","91539870","KN296096v1","2975388","2975700","59","88564163"
"chr4","91543542","91543639","KN295667v1","261889","261990","21","91281653"
"chr4","91557783","91558061","KN297186v1","1246334","1246621","77","90311449"
"chr4","91569579","91569687","KN296079v1","657245","657351","24","90912334"
"chr4","91584878","91585183","KN295243v1","343025","343332","59","91241853"
"chr4","91601803","91602063","KN294583v1","248706","248966","59","91353097"
"chr4","91713371","91713661","KN294571v1","834530","834827","55","90878841"
"chr4","91809033","91809322","KN296096v1","3508595","3508884","72","88300438"
"chr4","91817425","91817718","KN295090v1","2290575","2290869","57","89526850"
"chr4","91826613","91826888","KN294506v1","97159","97439","59","91729454"
"chr4","91841003","91841187","KN294372v1","1766455","1766633","44","90074548"
"chr4","91867911","91868200","KN294848v1","912345","912627","54","90955566"
"chr4","91903329","91903604","KN296096v1","2874509","2874788","61","89028820"
"chr4","91954930","91955216","KN295803v1","1287741","1288030","75","90667189"
"chr4","91982315","91982603","KN296795v1","706774","707060","64","91275541"
"chr4","92014756","92014882","KN294790v1","3236928","3237050","23","88777828"
"chr4","92037672","92037972","KN296268v1","161060","161360","71","91876612"
"chr4","92050076","92050434","KN296381v1","126889","127219","108","91923187"
"chr4","92054247","92054565","KN294571v1","292708","293021","72","91761539"
"chr4","92109629","92109818","KN297210v1","27764","27953","14","92081865"
"chr4","92127778","92127966","KN295607v1","333015","333208","66","91794763"
"chr4","92148649","92148933","KN296281v1","42614","42899","65","92106035"
"chr4","92165230","92165308","KN294806v1","412110","412187","19","91753120"
"chr4","92182393","92182675","KN297210v1","99397","99673","23","92082996"
"chr4","92187126","92187426","KN297210v1","104192","104496","19","92082934"
"chr4","92350157","92350372","KN294451v1","720884","721099","47","91629273"
"chr4","92355880","92356174","KN297386v1","1661009","1661299","63","90694871"
"chr4","92431490","92431761","KN294410v1","234038","234311","58","92197452"
"chr4","92576165","92576434","KN295744v1","187097","187357","68","92389068"
"chr4","92595685","92595942","KN297190v1","639187","639448","68","91956498"
"chr4","92708196","92708462","KN294399v1","240785","241048","60","92467411"
"chr4","93178036","93178186","KN296518v1","142648","142796","33","93035388"
"chr4","93178214","93178334","KN295977v1","284886","285007","21","92893328"
"chr4","93237727","93237856","KN294172v1","4547706","4547835","24","88690021"
"chr4","93258466","93258721","KN295962v1","550289","550532","69","92708177"
"chr4","93321690","93322005","KN296821v1","118419","118725","62","93203271"
"chr4","93333210","93333414","KN295198v1","78177","78377","51","93255033"
"chr4","93387233","93387518","KN294470v1","3148727","3149019","60","90238506"
"chr4","93408279","93408343","KN295236v1","1482749","1482815","14","91925530"
"chr4","93412603","93412900","KN295045v1","414971","415269","64","92997632"
"chr4","93442139","93442391","KN294671v1","193489","193741","55","93248650"
"chr4","93459713","93460022","KN295666v1","1087247","1087544","71","92372466"
"chr4","93660623","93660924","KN294874v1","650134","650420","72","93010489"
"chr4","93711227","93711495","KN296609v1","2015404","2015680","54","91695823"
"chr4","93956953","93957233","KN295930v1","371347","371628","56","93585606"
"chr4","94052287","94052585","KN294372v1","1731842","1732138","58","92320445"
"chr4","94137449","94137743","KN295820v1","958529","958823","65","93178920"
"chr4","94322365","94322683","KN296079v1","1379460","1379774","65","92942905"
"chr4","94475687","94475988","KN296119v1","4106662","4106960","66","90369025"
"chr4","94665021","94665332","KN296442v1","592030","592329","85","94072991"
"chr4","94754455","94754742","KN296323v1","2254821","2255098","76","92499634"
"chr4","94787910","94788096","KN297320v1","849009","849178","56","93938901"
"chr4","94800123","94800452","KN294451v1","66254","66573","90","94733869"
"chr4","94840655","94840961","KN295441v1","1010369","1010673","75","93830286"
"chr4","94859161","94859452","KN296079v1","1376026","1376316","63","93483135"
"chr4","95083184","95083459","KN296926v1","453133","453409","69","94630051"
"chr4","95270336","95270662","KN296557v1","598181","598502","67","94672155"
"chr4","95566970","95567258","KN294506v1","25251","25541","64","95541719"
"chr4","95677740","95677856","KN295564v1","231815","231929","24","95445925"
"chr4","95688841","95689122","KN295825v1","3219298","3219586","74","92469543"
"chr4","95755350","95755653","KN297153v1","499405","499710","68","95255945"
"chr4","95771155","95771460","KN294217v1","2658328","2658635","68","93112827"
"chr4","95775518","95775829","KN295717v1","1561430","1561737","81","94214088"
"chr4","95804184","95804375","KN295319v1","328884","329064","49","95475300"
"chr4","95820029","95820333","KN296187v1","2652299","2652597","67","93167730"
"chr4","95826845","95827132","KN294172v1","439163","439451","54","95387682"
"chr4","95851989","95852294","KN294193v1","232552","232861","64","95619437"
"chr4","95879252","95879564","KN296096v1","2975388","2975700","68","92903864"
"chr4","96013576","96013876","KN296508v1","646832","647128","66","95366744"
"chr4","96212971","96213270","KN296009v1","134828","135122","63","96078143"
"chr4","96401631","96401921","KN296502v1","264181","264470","71","96137450"
"chr4","96406632","96406928","KN297320v1","1234476","1234772","61","95172156"
"chr4","96438753","96439036","KN295345v1","974799","975091","53","95463954"
"chr4","96449989","96450264","KN295814v1","1102555","1102837","74","95347434"
"chr4","96474088","96474376","KN295294v1","2313084","2313366","58","94161004"
"chr4","96920034","96920241","KN294365v1","2001595","2001799","55","94918439"
"chr4","97003047","97003341","KN296381v1","152790","153083","67","96850257"
"chr4","97008866","97009126","KN296900v1","42194","42472","58","96966672"
"chr4","97024187","97024480","KN296486v1","1337566","1337861","60","95686621"
"chr4","97035923","97036196","KN294446v1","664376","664656","61","96371547"
"chr4","97056589","97056878","KN294570v1","165105","165399","52","96891484"
"chr4","97166487","97166784","KN295119v1","13309","13606","58","97153178"
"chr4","97232657","97232960","KN295361v1","429649","429952","67","96803008"
"chr4","97237813","97237929","KN294416v1","260715","260831","15","96977098"
"chr4","97260806","97260937","KN294452v1","348711","348842","22","96912095"
"chr4","97440997","97441297","KN297320v1","1234476","1234772","52","96206521"
"chr4","97460089","97460375","KN295405v1","504647","504932","50","96955442"
"chr4","97462553","97462823","KN296643v1","395913","396177","59","97066640"
"chr4","97476573","97476816","KN295096v1","1153348","1153587","45","96323225"
"chr4","97484484","97484771","KN296187v1","1551177","1551468","69","95933307"
"chr4","97500711","97501023","KN294897v1","475058","475360","65","97025653"
"chr4","97509466","97509743","KN294326v1","195654","195936","66","97313812"
"chr4","97514137","97514437","KN294161v1","8869","9169","52","97505268"
"chr4","97521355","97521662","KN297197v1","3839054","3839354","53","93682301"
"chr4","97528586","97528895","KN294257v1","1728814","1729116","71","95799772"
"chr4","97535847","97536055","KN297276v1","283061","283260","48","97252786"
"chr4","97653449","97653477","KN295096v1","2492931","2492960","5","95160518"
"chr4","97653762","97654036","KN295294v1","40881","41140","77","97612881"
"chr4","97658141","97658433","KN294199v1","65187","65474","62","97592954"
"chr4","97665102","97665367","KN296402v1","619278","619542","66","97045824"
"chr4","97694968","97695276","KN295984v1","1101727","1102038","63","96593241"
"chr4","97715298","97715567","KN294172v1","5859145","5859420","56","91856153"
"chr4","97720103","97720300","KN294470v1","2050277","2050468","52","95669826"
"chr4","97729139","97729428","KN295045v1","178719","179001","67","97550420"
"chr4","97743542","97743846","KN294167v1","145321","145611","68","97598221"
"chr4","97745821","97746135","KN294181v1","1382583","1382889","79","96363238"
"chr4","97826378","97826540","KN295022v1","844508","844675","42","96981870"
"chr4","97826861","97827005","KN297259v1","970992","971136","29","96855869"
"chr4","97856403","97856696","KN296311v1","2364482","2364781","56","95491921"
"chr4","97862769","97863075","KN297094v1","278575","278875","57","97584194"
"chr4","97866900","97867116","KN295075v1","72457","72673","58","97794443"
"chr4","97870507","97870761","KN296738v1","104094","104348","60","97766413"
"chr4","97917162","97917475","KN294172v1","1190134","1190444","69","96727028"
"chr4","97934752","97935049","KN295586v1","3098137","3098432","56","94836615"
"chr4","97944703","97944921","KN294181v1","1490742","1490947","65","96453961"
"chr4","97947461","97947745","KN296311v1","4141309","4141593","57","93806152"
"chr4","97958836","97959111","KN295652v1","278292","278574","64","97680544"
"chr4","98029341","98029633","KN294992v1","15213","15495","75","98014128"
"chr4","98051647","98051911","KN294444v1","373486","373751","56","97678161"
"chr4","98056946","98057249","KN295361v1","588865","589156","70","97468081"
"chr4","98077921","98078170","KN296178v1","950786","951044","48","97127135"
"chr4","98085592","98085877","KN294649v1","5854","6139","67","98079738"
"chr4","98153885","98154179","KN294583v1","249632","249926","63","97904253"
"chr4","98197010","98197297","KN295930v1","754867","755158","51","97442143"
"chr4","98214046","98214318","KN296752v1","342002","342279","59","97872044"
"chr4","98262337","98262641","KN297008v1","1477900","1478200","56","96784437"
"chr4","98281802","98282096","KN296884v1","212592","212879","61","98069210"
"chr4","98313336","98313649","KN294570v1","10935","11242","62","98302401"
"chr4","98324561","98324870","KN297205v1","205027","205330","69","98119534"
"chr4","98362990","98363258","KN295236v1","4812704","4812971","54","93550286"
"chr4","98387886","98388180","KN295523v1","2851176","2851466","59","95536710"
"chr4","98389319","98389603","KN294454v1","485773","486057","62","97903546"
"chr4","98390491","98390804","KN294470v1","3146483","3146791","63","95244008"
"chr4","98390871","98391174","KN294790v1","395024","395324","64","97995847"
"chr4","98426221","98426523","KN294446v1","699768","700063","60","97726453"
"chr4","98430894","98431160","KN294181v1","325668","325937","63","98105226"
"chr4","98431544","98431829","KN294842v1","393112","393387","68","98038432"
"chr4","98481278","98481555","KN295038v1","869433","869710","55","97611845"
"chr4","98489234","98489506","KN296119v1","4040829","4041100","74","94448405"
"chr4","98494384","98494639","KN295075v1","463825","464084","65","98030559"
"chr4","98541281","98541561","KN294526v1","64908","65188","64","98476373"
"chr4","98625301","98625549","KN296701v1","168896","169140","68","98456405"
"chr4","98660954","98661178","KN296938v1","976914","977152","60","97684040"
"chr4","98702132","98702440","KN295936v1","2541634","2541930","70","96160498"
"chr4","98743157","98743436","KN294410v1","231612","231894","63","98511545"
"chr4","98865481","98865779","KN295343v1","577348","577639","67","98288133"
"chr4","98933354","98933630","KN295705v1","1506369","1506649","60","97426985"
"chr4","99080109","99080376","KN295236v1","15720","15987","61","99064389"
"chr4","99098189","99098485","KN295459v1","462496","462800","72","98635693"
"chr4","99222916","99223206","KN295039v1","368006","368278","66","98854910"
"chr4","99224035","99224318","KN295045v1","334163","334442","56","98889872"
"chr4","99244120","99244423","KN294457v1","695841","696147","62","98548279"
"chr4","99263388","99263683","KN294218v1","2172277","2172581","64","97091111"
"chr4","99285569","99285700","KN294172v1","3839985","3840117","25","95445584"
"chr4","99339327","99339562","KN294470v1","449853","450098","58","98889474"
"chr4","99485156","99485434","KN296153v1","960264","960545","65","98524892"
"chr4","99552106","99552350","KN295994v1","271446","271686","51","99280660"
"chr4","99563664","99564003","KN295096v1","1267584","1267901","89","98296080"
"chr4","99603920","99604222","KN294239v1","1448386","1448679","64","98155534"
"chr4","99745156","99745278","KN296180v1","2076696","2076820","22","97668460"
"chr4","99781766","99781841","KN294790v1","5506661","5506743","17","94275105"
"chr4","99971289","99971414","KN294303v1","165801","165924","18","99805488"
"chr4","100110933","100111060","KN297422v1","84261","84390","10","100026672"
"chr4","100141604","100141727","KN297422v1","45343","45466","7","100096261"
"chr4","100149951","100150029","KN295573v1","545499","545575","19","99604452"
"chr4","100150061","100150164","KN296435v1","159139","159242","20","99990922"
"chr4","100263243","100263528","KN294848v1","172086","172375","53","100091157"
"chr4","100918001","100918169","KN295236v1","1103542","1103705","36","99814459"
"chr4","100947479","100947850","KN297133v1","296272","296641","101","100651207"
"chr4","101028212","101028492","KN294991v1","665557","665839","69","100362655"
"chr4","101044643","101044763","KN294571v1","2923176","2923296","29","98121467"
"chr4","101045058","101045228","KN294457v1","674084","674255","37","100370974"
"chr4","101133922","101134087","KN294404v1","443289","443443","39","100690633"
"chr4","101135059","101135231","KN294181v1","807443","807610","34","100327616"
"chr4","101230690","101230990","KN294825v1","556001","556300","29","100674689"
"chr4","101244446","101244715","KN294825v1","530298","530577","27","100714148"
"chr4","101261559","101261781","KN294668v1","1995003","1995219","55","99266556"
"chr4","101264505","101264818","KN296281v1","126635","126947","81","101137870"
"chr4","101266696","101267005","KN294825v1","507709","508016","46","100758987"
"chr4","101267389","101267552","KN294825v1","507464","507633","34","100759925"
"chr4","101267809","101267933","KN294825v1","507078","507202","9","100760731"
"chr4","101282920","101283208","KN296442v1","641367","641657","53","100641553"
"chr4","101295287","101295586","KN295941v1","2680705","2681010","55","98614582"
"chr4","101333043","101333158","KN296834v1","901893","902008","22","100431150"
"chr4","101360895","101361189","KN294825v1","410352","410642","26","100950543"
"chr4","101366995","101367306","KN294825v1","405007","405306","31","100961988"
"chr4","101382827","101382944","KN294825v1","389145","389261","11","100993682"
"chr4","101386510","101386789","KN294825v1","385775","386052","28","101000735"
"chr4","101388416","101388708","KN294825v1","384144","384443","23","101004272"
"chr4","101419613","101419743","KN294825v1","359257","359389","7","101060356"
"chr4","101420033","101420207","KN294825v1","358787","358957","19","101061246"
"chr4","101432106","101432395","KN294825v1","346178","346460","16","101085928"
"chr4","101433627","101433919","KN294825v1","344667","344950","27","101088960"
"chr4","101468662","101468946","KN294825v1","292920","293204","18","101175742"
"chr4","101478821","101478947","KN294273v1","15950","16067","25","101462871"
"chr4","101481058","101481353","KN294825v1","282784","283066","34","101198274"
"chr4","101486027","101486308","KN294825v1","277876","278177","37","101208151"
"chr4","101500232","101500507","KN294825v1","263681","263956","20","101236551"
"chr4","101513873","101514141","KN294825v1","249906","250204","67","101263967"
"chr4","101532961","101533216","KN296311v1","4871862","4872115","62","96661099"
"chr4","101534784","101535064","KN296062v1","1124901","1125187","70","100409883"
"chr4","101540108","101540250","KN295744v1","206000","206153","45","101334108"
"chr4","101540979","101541282","KN295596v1","879252","879556","57","100661727"
"chr4","101555030","101555153","KN294592v1","375115","375238","16","101179915"
"chr4","101559175","101559465","KN294825v1","205493","205760","45","101353682"
"chr4","101585450","101585763","KN296062v1","1514370","1514679","73","100071080"
"chr4","101596991","101597286","KN296096v1","3294354","3294653","77","98302637"
"chr4","101610141","101610424","KN294825v1","155002","155282","21","101455139"
"chr4","101642630","101642886","KN297242v1","2203491","2203764","72","99439139"
"chr4","101698205","101698482","KN294825v1","66482","66765","23","101631723"
"chr4","101710750","101711048","KN294345v1","1773506","1773798","62","99937244"
"chr4","101738284","101738594","KN296119v1","302370","302681","67","101435914"
"chr4","101740953","101741247","KN294571v1","2017016","2017317","72","99723937"
"chr4","101779521","101779812","KN295929v1","488724","489030","39","101290797"
"chr4","101788997","101789289","KN295929v1","481076","481356","31","101307921"
"chr4","101795570","101795852","KN295929v1","471511","471801","42","101324059"
"chr4","101832214","101832517","KN295929v1","436053","436355","26","101396161"
"chr4","101848295","101848574","KN296138v1","145230","145494","75","101703065"
"chr4","101849820","101849935","KN295929v1","419901","420018","9","101429919"
"chr4","101870584","101870921","KN295929v1","399530","399856","32","101471054"
"chr4","101894788","101895081","KN295929v1","372109","372401","24","101522679"
"chr4","101897989","101898263","KN295731v1","1019","1290","54","101896970"
"chr4","101915771","101915888","KN295929v1","351121","351240","8","101564650"
"chr4","101948297","101948579","KN295929v1","317593","317882","29","101630704"
"chr4","101952348","101952478","KN295929v1","313700","313830","4","101638648"
"chr4","101958051","101958311","KN295073v1","223382","223639","69","101734669"
"chr4","101974665","101974944","KN295929v1","289957","290243","28","101684708"
"chr4","101990086","101990363","KN295929v1","276618","276894","21","101713468"
"chr4","101995646","101995942","KN295717v1","306051","306342","56","101689595"
"chr4","101997890","101998181","KN295929v1","266327","266626","32","101731563"
"chr4","102015960","102016267","KN295929v1","248713","249014","30","101767247"
"chr4","102040396","102040675","KN295929v1","227803","228082","23","101812593"
"chr4","102049168","102049471","KN294710v1","15924","16224","61","102033244"
"chr4","102051563","102051717","KN295929v1","216823","216953","31","101834740"
"chr4","102052003","102052112","KN295929v1","216411","216520","7","101835592"
"chr4","102057604","102057927","KN296588v1","278562","278869","81","101779042"
"chr4","102075191","102075284","KN295929v1","193698","193791","8","101881493"
"chr4","102103579","102103818","KN295929v1","162869","163106","23","101940710"
"chr4","102129860","102130108","KN295929v1","131861","132122","28","101997999"
"chr4","102140355","102140627","KN295708v1","155054","155323","66","101985301"
"chr4","102141195","102141354","KN295929v1","115079","115244","15","102026116"
"chr4","102182127","102182437","KN295929v1","92746","93053","20","102089381"
"chr4","102197739","102198024","KN295929v1","72811","73087","36","102124928"
"chr4","102226077","102226359","KN294287v1","73551","73836","56","102152526"
"chr4","102258272","102258402","KN296096v1","2378897","2379015","33","99879375"
"chr4","102259894","102259969","KN295967v1","608689","608766","16","101651205"
"chr4","102264390","102264622","KN295929v1","8751","8986","33","102255639"
"chr4","102277535","102277841","KN296138v1","198772","199071","56","102078763"
"chr4","102481900","102482219","KN296829v1","123190","123496","34","102358710"
"chr4","102484729","102484956","KN296829v1","125987","126214","10","102358742"
"chr4","102559818","102559921","KN296829v1","209780","209883","7","102350038"
"chr4","102603133","102603364","KN294346v1","252952","253166","62","102350181"
"chr4","102710797","102711102","KN296829v1","366669","366969","35","102344128"
"chr4","102843183","102843480","KN296119v1","5385215","5385515","58","97457968"
"chr4","102889266","102889566","KN296829v1","532630","532896","53","102356636"
"chr4","102890221","102890533","KN296829v1","533575","533866","41","102356646"
"chr4","102892126","102892247","KN296829v1","535770","535884","16","102356356"
"chr4","102977021","102977240","KN296829v1","624494","624720","24","102352527"
"chr4","102991020","102991327","KN296829v1","638671","638975","31","102352349"
"chr4","103007357","103007486","KN296829v1","655178","655298","18","102352179"
"chr4","103037580","103037672","KN295337v1","391386","391484","20","102646194"
"chr4","103074000","103074162","KN294281v1","237136","237290","41","102836864"
"chr4","103088095","103088200","KN296829v1","735993","736094","19","102352102"
"chr4","103095814","103096100","KN296829v1","743503","743797","23","102352311"
"chr4","103098513","103098792","KN295892v1","95716","96003","72","103002797"
"chr4","103100613","103100904","KN296829v1","748421","748716","46","102352192"
"chr4","103135799","103136102","KN296829v1","779356","779659","44","102356443"
"chr4","103154107","103154398","KN295433v1","429148","429443","64","102724959"
"chr4","103177673","103177831","KN296096v1","628556","628723","40","102549117"
"chr4","103179755","103180038","KN296829v1","827204","827480","20","102352551"
"chr4","103262229","103262527","KN296119v1","5385215","5385515","60","97877014"
"chr4","103264671","103264909","KN296829v1","910938","911180","24","102353733"
"chr4","103383102","103383414","KN296829v1","1023695","1024008","24","102359407"
"chr4","103402845","103403155","KN296829v1","1046580","1046887","35","102356265"
"chr4","103506605","103506908","KN296404v1","3404152","3404452","68","100102453"
"chr4","103634385","103634705","KN296486v1","1910007","1910320","71","101724378"
"chr4","103667280","103667541","KN294874v1","895915","896191","71","102771365"
"chr4","103806088","103806208","KN294713v1","298873","298979","37","103507215"
"chr4","103860606","103860908","KN296577v1","608817","609116","67","103251789"
"chr4","103921413","103921453","KN296557v1","278377","278413","16","103643036"
"chr4","104093278","104093535","KN294470v1","1960650","1960907","74","102132628"
"chr4","104098578","104098852","KN296485v1","448473","448760","67","103650105"
"chr4","104150054","104150321","KN294745v1","94470","94746","66","104055584"
"chr4","104195928","104196150","KN297095v1","1360698","1360930","55","102835230"
"chr4","104253791","104254095","KN295841v1","694689","694982","38","103559102"
"chr4","104264133","104264435","KN295841v1","688499","688771","45","103575634"
"chr4","104270370","104270692","KN295841v1","681521","681824","45","103588849"
"chr4","104330560","104330837","KN295841v1","618146","618425","26","103712414"
"chr4","104332326","104332595","KN295841v1","616348","616620","24","103715978"
"chr4","104357429","104357631","KN295841v1","582329","582530","18","103775100"
"chr4","104365314","104365620","KN295841v1","573545","573854","24","103791769"
"chr4","104397502","104397770","KN297190v1","3735620","3735887","61","100661882"
"chr4","104399463","104399722","KN294407v1","93980","94252","66","104305483"
"chr4","104422088","104422406","KN295110v1","54345","54663","65","104367743"
"chr4","104457231","104457534","KN295841v1","478930","479246","69","103978301"
"chr4","104518961","104519082","KN295841v1","422442","422562","9","104096519"
"chr4","104571510","104571771","KN295841v1","360581","360851","27","104210929"
"chr4","104595953","104596045","KN295984v1","1122538","1122629","14","103473415"
"chr4","104677007","104677305","KN295841v1","249202","249495","25","104427805"
"chr4","104750196","104750488","KN295841v1","173298","173592","18","104576898"
"chr4","104783407","104783683","KN295841v1","142015","142315","42","104641392"
"chr4","104808778","104809045","KN294172v1","3575176","3575437","67","101233602"
"chr4","104844689","104844875","KN295096v1","476738","476910","42","104367951"
"chr4","104844916","104845036","KN297314v1","308773","308894","16","104536143"
"chr4","104946683","104946799","KN296396v1","39221","39339","7","104907462"
"chr4","105127153","105127416","KN294904v1","43313","43592","50","105083840"
"chr4","105179396","105179691","KN295207v1","29991","30290","21","105149405"
"chr4","105336471","105336763","KN295501v1","125211","125506","15","105211260"
"chr4","105360544","105360673","KN295995v1","488476","488602","25","104872068"
"chr4","105360948","105361080","KN295501v1","147977","148130","27","105212971"
"chr4","105386159","105386463","KN295501v1","173648","173959","26","105212511"
"chr4","105402136","105402432","KN295501v1","190474","190770","13","105211662"
"chr4","105445587","105445893","KN295501v1","234670","234976","19","105210917"
"chr4","105482453","105482679","KN295501v1","264835","265045","30","105217618"
"chr4","105505579","105505901","KN295501v1","280775","281086","38","105224804"
"chr4","105553014","105553323","KN294257v1","2271748","2272051","59","103281266"
"chr4","105560772","105561061","KN295501v1","335508","335801","22","105225264"
"chr4","105598767","105599076","KN295501v1","368368","368679","34","105230399"
"chr4","105599714","105600018","KN295501v1","369316","369613","25","105230398"
"chr4","105669975","105670256","KN294733v1","143432","143710","66","105526543"
"chr4","105671820","105672147","KN295501v1","448602","448895","55","105223218"
"chr4","105695695","105696002","KN295501v1","472831","473146","36","105222864"
"chr4","105739295","105739599","KN295501v1","522102","522406","17","105217193"
"chr4","105746968","105747231","KN295501v1","530301","530578","33","105216667"
"chr4","105767364","105767685","KN295501v1","553973","554294","19","105213391"
"chr4","105777835","105778139","KN295501v1","564664","564971","46","105213171"
"chr4","105782277","105782572","KN295090v1","2290575","2290869","57","103491702"
"chr4","105835829","105836126","KN294991v1","693040","693334","56","105142789"
"chr4","105872806","105873114","KN297327v1","503416","503725","66","105369390"
"chr4","105927967","105928261","KN295501v1","713487","713803","43","105214480"
"chr4","105929941","105930072","KN294410v1","495531","495660","22","105434410"
"chr4","105932400","105932705","KN295501v1","717642","717962","23","105214758"
"chr4","105933395","105933653","KN295501v1","718640","718936","80","105214755"
"chr4","105940994","105941269","KN295501v1","726522","726798","15","105214472"
"chr4","105953515","105953713","KN295501v1","739657","739877","42","105213858"
"chr4","105977934","105978218","KN295501v1","764296","764580","10","105213638"
"chr4","105992258","105992560","KN295501v1","790003","790313","28","105202255"
"chr4","106000877","106001178","KN295501v1","799272","799571","26","105201605"
"chr4","106038626","106038700","KN295501v1","840117","840191","6","105198509"
"chr4","106039098","106039236","KN295501v1","840586","840725","4","105198512"
"chr4","106055159","106055470","KN295501v1","860672","860984","15","105194487"
"chr4","106076847","106077138","KN295501v1","880327","880637","35","105196520"
"chr4","106087624","106087877","KN295977v1","553498","553762","54","105534126"
"chr4","106133916","106134215","KN295591v1","745641","745936","70","105388275"
"chr4","106182445","106182688","KN295501v1","993399","993650","22","105189046"
"chr4","106201011","106201315","KN295501v1","1011952","1012253","26","105189059"
"chr4","106278191","106278537","KN295501v1","1087598","1087918","58","105190593"
"chr4","106501032","106501352","KN296086v1","687200","687520","31","105813832"
"chr4","106536372","106536504","KN296086v1","636416","636548","5","105899956"
"chr4","106640395","106640657","KN294583v1","248706","248966","57","106391689"
"chr4","106777646","106777974","KN296086v1","413782","414128","40","106363864"
"chr4","106953098","106953384","KN296086v1","205612","205922","44","106747486"
"chr4","106976493","106976790","KN296086v1","188259","188555","19","106788234"
"chr4","107073189","107073489","KN296086v1","92305","92603","24","106980884"
"chr4","107427153","107427425","KN294657v1","324363","324635","61","107102790"
"chr4","107500047","107500339","KN295337v1","184407","184710","74","107315640"
"chr4","107602965","107603292","KN294444v1","161965","162279","74","107441000"
"chr4","107679052","107679363","KN296879v1","417388","417697","62","107261664"
"chr4","107878103","107878324","KN296820v1","109958","110177","20","107768145"
"chr4","107929411","107929697","KN294800v1","58275","58560","60","107871136"
"chr4","107948116","107948316","KN296820v1","177850","178056","18","107770266"
"chr4","108008179","108008487","KN296820v1","234116","234428","25","107774063"
"chr4","108175593","108175797","KN296820v1","426969","427198","41","107748624"
"chr4","108204389","108204655","KN296820v1","465612","465877","19","107738777"
"chr4","108230094","108230213","KN294172v1","1453493","1453607","26","106776601"
"chr4","108280327","108280632","KN296820v1","542648","542946","35","107737679"
"chr4","108332891","108333183","KN296820v1","594786","595076","22","107738105"
"chr4","108462951","108463246","KN296820v1","718432","718731","21","107744519"
"chr4","108473255","108473530","KN296820v1","731315","731588","23","107741940"
"chr4","108522053","108522204","KN297154v1","1476415","1476562","43","107045638"
"chr4","108537191","108537476","KN296820v1","795593","795886","27","107741598"
"chr4","108594699","108594880","KN296820v1","859114","859286","17","107735585"
"chr4","108595190","108595333","KN296820v1","859607","859745","17","107735583"
"chr4","108671576","108671872","KN296820v1","939916","940231","39","107731660"
"chr4","108736522","108736756","KN296820v1","1012665","1012897","13","107723857"
"chr4","108747107","108747384","KN294874v1","661151","661434","57","108085956"
"chr4","108767942","108768237","KN296820v1","1044469","1044776","35","107723473"
"chr4","108784527","108784802","KN294733v1","143432","143710","69","108641095"
"chr4","108820955","108821179","KN296820v1","1090986","1091215","21","107729969"
"chr4","108847865","108848168","KN296820v1","1117603","1117900","24","107730262"
"chr4","108868476","108868756","KN296820v1","1138400","1138678","14","107730076"
"chr4","108890444","108890559","KN295441v1","1486600","1486716","19","107403844"
"chr4","109022157","109022462","KN296820v1","1285477","1285787","24","107736680"
"chr4","109054969","109055293","KN296075v1","304763","305072","63","108750206"
"chr4","109288538","109288831","KN295586v1","2908076","2908370","52","106380462"
"chr4","109298841","109298925","KN297327v1","280981","281064","21","109017860"
"chr4","109334794","109334918","KN294199v1","948743","948867","19","108386051"
"chr4","109374446","109374760","KN297320v1","1234476","1234772","80","108139970"
"chr4","109423329","109423620","KN296948v1","1098586","1098869","60","108324743"
"chr4","109512559","109512809","KN296966v1","78268","78518","19","109434291"
"chr4","109540960","109541242","KN296966v1","107205","107489","29","109433755"
"chr4","109639080","109639374","KN295526v1","910683","910978","58","108728397"
"chr4","109685886","109686185","KN296966v1","250918","251211","29","109434968"
"chr4","109890919","109891234","KN296966v1","450700","451012","17","109440219"
"chr4","109924697","109924842","KN294524v1","53929","54076","30","109870768"
"chr4","110028827","110029106","KN294987v1","1103574","1103840","68","108925253"
"chr4","110322552","110322828","KN296849v1","402377","402634","64","109920175"
"chr4","110502272","110502568","KN297070v1","788235","788531","19","109714037"
"chr4","110503200","110503501","KN297070v1","787310","787614","32","109715890"
"chr4","110748297","110748600","KN297070v1","524712","525011","21","110223585"
"chr4","110771809","110772035","KN297070v1","507701","507933","20","110264108"
"chr4","110830371","110830626","KN297070v1","444076","444368","58","110386295"
"chr4","110843195","110843489","KN295096v1","1338185","1338480","30","109505010"
"chr4","110891552","110891806","KN295977v1","553498","553762","63","110338054"
"chr4","110912692","110912976","KN294503v1","115352","115638","60","110797340"
"chr4","110919603","110919882","KN297070v1","353054","353351","47","110566549"
"chr4","110954852","110955125","KN297070v1","309235","309512","22","110645617"
"chr4","111022108","111022414","KN297070v1","239900","240201","24","110782208"
"chr4","111097952","111098262","KN297070v1","163790","164079","37","110934162"
"chr4","111136895","111137169","KN297070v1","127525","127832","57","111009370"
"chr4","111137252","111137534","KN297070v1","127154","127431","44","111010098"
"chr4","111150461","111150614","KN297070v1","114069","114252","44","111036392"
"chr4","111199940","111200244","KN297070v1","64522","64811","29","111135418"
"chr4","111201316","111201615","KN297070v1","63158","63457","12","111138158"
"chr4","111257040","111257345","KN297070v1","6135","6443","20","111250905"
"chr4","111277612","111277915","KN297150v1","14685","14986","19","111262927"
"chr4","111282854","111283147","KN297150v1","19916","20210","22","111262938"
"chr4","111311648","111311747","KN297150v1","49975","50078","9","111261673"
"chr4","111358668","111358897","KN297150v1","106318","106539","23","111252350"
"chr4","111375297","111375566","KN297150v1","123171","123433","29","111252126"
"chr4","111503018","111503336","KN296635v1","2888989","2889294","76","108614029"
"chr4","111505220","111505529","KN294172v1","6915582","6915894","64","104589638"
"chr4","111518975","111519241","KN296153v1","1375702","1375977","63","110143273"
"chr4","111573660","111573783","KN297046v1","39490","39613","16","111534170"
"chr4","111615771","111616064","KN294287v1","980628","980923","55","110635143"
"chr4","111628031","111628282","KN294509v1","211380","211639","62","111416651"
"chr4","111642377","111642672","KN294987v1","797207","797503","53","110845170"
"chr4","111667015","111667216","KN297190v1","124455","124639","49","111542560"
"chr4","111667512","111667528","KN295708v1","2830413","2830425","5","108837099"
"chr4","111667709","111667808","KN294592v1","378346","378440","22","111289363"
"chr4","111692202","111692487","KN295573v1","1643146","1643437","64","110049056"
"chr4","111700804","111700939","KN296311v1","4570744","4570874","27","107130060"
"chr4","111706877","111707192","KN296225v1","692457","692759","79","111014420"
"chr4","111749691","111749992","KN295744v1","654344","654638","53","111095347"
"chr4","111822794","111823088","KN295319v1","590172","590460","58","111232622"
"chr4","111853582","111853874","KN296062v1","1705907","1706197","47","110147675"
"chr4","111858283","111858571","KN295090v1","1378498","1378787","62","110479785"
"chr4","111865422","111865711","KN294561v1","702905","703197","58","111162517"
"chr4","111894834","111895131","KN297388v1","79312","79595","64","111815522"
"chr4","111899938","111900231","KN296225v1","641773","642064","56","111258165"
"chr4","111901639","111901754","KN297197v1","3453400","3453511","23","108448239"
"chr4","111908936","111909180","KN294147v1","1415369","1415613","65","110493567"
"chr4","111916336","111916608","KN294800v1","58275","58560","60","111858061"
"chr4","111946885","111947193","KN295045v1","115464","115782","55","111831421"
"chr4","111998308","111998610","KN295591v1","745641","745936","44","111252667"
"chr4","112004492","112004787","KN294446v1","520477","520773","68","111484015"
"chr4","112086831","112087045","KN295980v1","1076199","1076415","50","111010632"
"chr4","112102969","112103235","KN294848v1","912345","912627","60","111190624"
"chr4","112131813","112132061","KN297190v1","231716","231971","56","111900097"
"chr4","112141303","112141616","KN296404v1","3404152","3404452","61","108737151"
"chr4","112143850","112144137","KN295022v1","1110612","1110885","68","111033238"
"chr4","112166531","112166796","KN294509v1","211380","211639","63","111955151"
"chr4","112167654","112167965","KN296665v1","250050","250354","66","111917604"
"chr4","112248256","112248518","KN295744v1","187097","187357","56","112061159"
"chr4","112355362","112355606","KN295243v1","31446","31687","72","112323916"
"chr4","112382406","112382735","KN294470v1","1511567","1511900","75","110870839"
"chr4","112384817","112385108","KN297452v1","1197785","1198080","56","111187032"
"chr4","112401995","112402292","KN296508v1","1810667","1810964","66","110591328"
"chr4","112445934","112446241","KN296404v1","3404152","3404452","58","109041782"
"chr4","112475993","112476294","KN294571v1","834530","834827","61","111641463"
"chr4","112477080","112477348","KN296096v1","1827942","1828211","55","110649138"
"chr4","112483116","112483400","KN294499v1","2485948","2486229","56","109997168"
"chr4","112488876","112489234","KN294571v1","2240427","2240757","85","110248449"
"chr4","112490141","112490422","KN294630v1","530859","531151","57","111959282"
"chr4","112499472","112499698","KN294509v1","68388","68612","50","112431084"
"chr4","112500598","112500872","KN296079v1","23760","24040","59","112476838"
"chr4","112511288","112511573","KN294548v1","120279","120565","62","112391009"
"chr4","112518209","112518518","KN296311v1","3358167","3358474","59","109160042"
"chr4","112522570","112522855","KN296311v1","7907830","7908116","56","104614740"
"chr4","112549192","112549509","KN295923v1","1997557","1997864","72","110551635"
"chr4","112551465","112551615","KN296646v1","1886088","1886235","28","110665377"
"chr4","112564512","112564768","KN295074v1","30843","31103","61","112533669"
"chr4","112609957","112610136","KN297398v1","21496","21671","14","112588461"
"chr4","112610442","112610594","KN294385v1","369044","369186","39","112241398"
"chr4","112615168","112615458","KN297398v1","27405","27725","48","112587763"
"chr4","112649039","112649312","KN294470v1","122324","122588","72","112526715"
"chr4","112697019","112697303","KN297398v1","110523","110819","30","112586496"
"chr4","112730530","112730753","KN297398v1","140966","141183","27","112589564"
"chr4","112752103","112752376","KN297398v1","159084","159352","28","112593019"
"chr4","112755536","112755804","KN295871v1","301697","301964","59","112453839"
"chr4","112762526","112762819","KN297398v1","169810","170100","17","112592716"
"chr4","112771237","112771415","KN295573v1","1904369","1904544","50","110866868"
"chr4","112778621","112778837","KN294685v1","749207","749420","64","112029414"
"chr4","112778865","112778986","KN295441v1","502278","502396","18","112276587"
"chr4","112791626","112791810","KN295725v1","1229490","1229675","40","111562136"
"chr4","112802045","112802345","KN295090v1","1856219","1856519","54","110945826"
"chr4","112803945","112804251","KN295459v1","462496","462800","62","112341449"
"chr4","112811119","112811401","KN294499v1","2052491","2052768","73","110758628"
"chr4","112857069","112857375","KN295586v1","3702938","3703241","70","109154131"
"chr4","112860065","112860354","KN296404v1","3404152","3404452","72","109455913"
"chr4","112866846","112866947","KN296122v1","282654","282759","16","112584192"
"chr4","112880116","112880240","KN295315v1","1089897","1090022","23","111790219"
"chr4","112927310","112927598","KN294790v1","5570479","5570758","64","107356831"
"chr4","112956373","112956472","KN297046v1","1300378","1300478","20","111655995"
"chr4","112957467","112957622","KN296503v1","536224","536358","48","112421243"
"chr4","112969351","112969633","KN297112v1","5003420","5003702","66","107965931"
"chr4","112990774","112991004","KN296486v1","1003570","1003799","51","111987204"
"chr4","113060944","113060982","KN294470v1","1493188","1493226","8","111567756"
"chr4","113061237","113061381","KN295987v1","1180799","1180942","25","111880438"
"chr4","113069546","113069836","KN295501v1","448602","448895","69","112620944"
"chr4","113075854","113076114","KN295820v1","1012976","1013217","56","112062878"
"chr4","113091748","113091968","KN294591v1","393354","393562","43","112698394"
"chr4","113101533","113101853","KN296486v1","1910007","1910320","66","111191526"
"chr4","113116516","113116787","KN297274v1","140869","141141","76","112975647"
"chr4","113173177","113173464","KN296982v1","225127","225419","57","112948050"
"chr4","113176086","113176396","KN295171v1","1006203","1006512","65","112169883"
"chr4","113178258","113178382","KN296828v1","63127","63248","19","113115131"
"chr4","113197553","113197838","KN295803v1","1287741","1288030","56","111909812"
"chr4","113216923","113217096","KN296096v1","3910451","3910626","35","109306472"
"chr4","113217406","113217452","KN294949v1","451699","451745","11","112765707"
"chr4","113219261","113219555","KN296508v1","1810667","1810964","58","111408594"
"chr4","113225186","113225480","KN296145v1","1496963","1497260","59","111728223"
"chr4","113230451","113230723","KN295294v1","315217","315480","67","112915234"
"chr4","113233956","113234246","KN295586v1","2908076","2908370","62","110325880"
"chr4","113239406","113239692","KN297112v1","5241747","5242033","63","107997659"
"chr4","113251546","113251827","KN297130v1","68483","68757","64","113183063"
"chr4","113262400","113262640","KN294419v1","230381","230645","61","113032019"
"chr4","113269255","113269380","KN294457v1","1039655","1039790","32","112229600"
"chr4","113269678","113269861","KN294874v1","309244","309419","47","112960434"
"chr4","113272742","113272790","KN294372v1","1458538","1458584","8","111814204"
"chr4","113273093","113273278","KN297133v1","752216","752384","41","112520877"
"chr4","113288053","113288184","KN296019v1","450328","450461","24","112837725"
"chr4","113292799","113293019","KN295441v1","1067325","1067540","39","112225474"
"chr4","113313568","113313833","KN297159v1","930879","931145","62","112382689"
"chr4","113318979","113319275","KN294446v1","610144","610434","64","112708835"
"chr4","113319997","113320286","KN296635v1","4517042","4517327","71","108802955"
"chr4","113335131","113335360","KN297197v1","1047088","1047313","62","112288043"
"chr4","113347741","113347932","KN297023v1","380758","380941","44","112966983"
"chr4","113369986","113370203","KN294378v1","987198","987414","48","112382788"
"chr4","113375762","113376047","KN296311v1","6628644","6628935","67","106747118"
"chr4","113418137","113418358","KN294470v1","1188360","1188573","49","112229777"
"chr4","113425226","113425349","KN294287v1","266054","266177","30","113159172"
"chr4","113461429","113461699","KN295610v1","832889","833162","60","112628540"
"chr4","113474038","113474337","KN296119v1","5385215","5385515","59","108088823"
"chr4","113505543","113505632","KN295984v1","1122538","1122629","10","112383005"
"chr4","113579729","113579966","KN295596v1","1810902","1811124","60","111768827"
"chr4","113583313","113583597","KN297032v1","367113","367401","65","113216200"
"chr4","113598003","113598116","KN295459v1","1077631","1077747","14","112520372"
"chr4","113623824","113624083","KN296149v1","84201","84466","62","113539623"
"chr4","113635065","113635371","KN297245v1","2036362","2036663","60","111598703"
"chr4","113635680","113635978","KN296311v1","4657276","4657569","54","108978404"
"chr4","113640718","113641021","KN294172v1","2971882","2972174","78","110668836"
"chr4","113653327","113653594","KN294304v1","28243","28516","57","113625084"
"chr4","113796888","113797204","KN295667v1","676400","676706","64","113120488"
"chr4","113835324","113835502","KN296496v1","54895","55069","31","113780429"
"chr4","113835545","113835657","KN295923v1","1514171","1514288","21","112321374"
"chr4","113950586","113950878","KN294893v1","511973","512259","72","113438613"
"chr4","113953802","113954110","KN296810v1","63360","63669","56","113890442"
"chr4","114027616","114027907","KN296726v1","800552","800828","78","113227064"
"chr4","114116744","114116929","KN295705v1","1250776","1250962","43","112865968"
"chr4","114218486","114218807","KN295717v1","347100","347412","73","113871386"
"chr4","114767902","114768020","KN296926v1","1064368","1064490","16","113703534"
"chr4","114881666","114881956","KN297452v1","99434","99726","61","114782232"
"chr4","114948127","114948463","KN295586v1","2946282","2946620","77","112001845"
"chr4","114963111","114963233","KN296508v1","1920097","1920221","18","113043014"
"chr4","115011494","115011799","KN294570v1","256747","257046","69","114754747"
"chr4","115111341","115111631","KN296311v1","7907830","7908116","53","107203511"
"chr4","115168498","115168792","KN297452v1","1197785","1198080","57","113970713"
"chr4","115176356","115176683","KN295923v1","2248938","2249256","68","112927418"
"chr4","115280988","115281265","KN295596v1","563126","563403","59","114717862"
"chr4","115314874","115315153","KN296079v1","1376026","1376316","64","113938848"
"chr4","115376959","115377266","KN296096v1","2975388","2975700","72","112401571"
"chr4","115389893","115390193","KN296404v1","3404152","3404452","63","111985741"
"chr4","115427639","115427856","KN296738v1","128525","128735","40","115299114"
"chr4","115450752","115451048","KN294583v1","240866","241144","62","115209886"
"chr4","115469070","115469366","KN296017v1","366720","367014","51","115102350"
"chr4","115540754","115540993","KN296019v1","29287","29521","52","115511467"
"chr4","115547746","115548008","KN296884v1","798748","799005","59","114748998"
"chr4","115556748","115557053","KN295459v1","462496","462800","60","115094252"
"chr4","115557838","115558134","KN296119v1","391880","392178","73","115165958"
"chr4","115582474","115582597","KN296828v1","63127","63248","20","115519347"
"chr4","115594642","115594770","KN294848v1","115566","115689","26","115479076"
"chr4","115618895","115619176","KN294800v1","58275","58560","60","115560620"
"chr4","115646673","115646783","KN295368v1","1145029","1145144","25","114501644"
"chr4","115648325","115648501","KN296119v1","5139951","5140120","39","110508374"
"chr4","115650380","115650682","KN294964v1","1674001","1674300","60","113976379"
"chr4","115650986","115651263","KN295243v1","934795","935075","63","114716191"
"chr4","115658088","115658400","KN297320v1","1234476","1234772","68","114423612"
"chr4","115658627","115658917","KN296404v1","3580306","3580595","64","112078321"
"chr4","115673668","115673812","KN295758v1","804339","804484","30","114869329"
"chr4","115673813","115674118","KN296000v1","1113176","1113472","66","114560637"
"chr4","115674119","115674279","KN294208v1","800545","800702","31","114873574"
"chr4","115678079","115678385","KN297190v1","3515415","3515712","83","112162664"
"chr4","115684084","115684208","KN296726v1","1121941","1122064","17","114562143"
"chr4","115715605","115715831","KN295352v1","1066431","1066653","44","114649174"
"chr4","115715866","115715961","KN296225v1","792724","792820","20","114923142"
"chr4","115718518","115718819","KN296225v1","560393","560689","59","115158125"
"chr4","115719974","115720181","KN295474v1","624457","624664","54","115095517"
"chr4","115720278","115720551","KN296502v1","960957","961236","51","114759321"
"chr4","115741061","115741252","KN295405v1","1194660","1194841","51","114546401"
"chr4","115747411","115747703","KN296096v1","2297832","2298124","53","113449579"
"chr4","115751246","115751419","KN295236v1","3983245","3983415","36","111768001"
"chr4","115751716","115751859","KN294630v1","59491","59629","33","115692225"
"chr4","115752803","115752937","KN294571v1","104008","104139","30","115648795"
"chr4","115753524","115753657","KN295533v1","2521869","2522001","24","113231655"
"chr4","115770159","115770287","KN294470v1","3193450","3193576","22","112576709"
"chr4","115771699","115771978","KN296921v1","2829732","2830008","58","112941967"
"chr4","115783038","115783154","KN297370v1","794444","794560","35","114988594"
"chr4","115789262","115789555","KN297242v1","1280655","1280951","70","114508607"
"chr4","115789724","115789984","KN296311v1","4530149","4530414","76","111259575"
"chr4","115791925","115792210","KN295995v1","423685","423957","78","115368240"
"chr4","115799780","115799968","KN294378v1","999394","999575","43","114800386"
"chr4","115800266","115800276","KN294478v1","119898","119908","4","115680368"
"chr4","115800542","115800671","KN294251v1","1488730","1488859","24","114311812"
"chr4","115820083","115820381","KN295984v1","1299071","1299366","57","114521012"
"chr4","115863907","115864161","KN294421v1","164704","164946","63","115699203"
"chr4","115865724","115866026","KN295343v1","329489","329788","47","115536235"
"chr4","115883057","115883355","KN296263v1","945865","946143","72","114937192"
"chr4","115931006","115931315","KN296749v1","396480","396788","56","115534526"
"chr4","115937160","115937461","KN295586v1","5119872","5120163","64","110817288"
"chr4","115937560","115937865","KN295501v1","522102","522406","65","115415458"
"chr4","115983987","115984163","KN297452v1","1175906","1176087","40","114808081"
"chr4","115999682","115999989","KN294147v1","524481","524798","60","115475201"
"chr4","116054344","116054625","KN296062v1","2481180","2481463","49","113573164"
"chr4","116084449","116084752","KN295580v1","25878","26181","71","116058571"
"chr4","116093480","116093777","KN295995v1","819494","819788","67","115273986"
"chr4","116216597","116216853","KN295994v1","346879","347149","66","115869718"
"chr4","116260336","116260618","KN295368v1","1592579","1592873","69","114667757"
"chr4","116271740","116272041","KN295117v1","7501","7805","65","116264239"
"chr4","116325568","116325729","KN296319v1","797175","797335","32","115528393"
"chr4","116325755","116325870","KN294479v1","133118","133236","22","116192637"
"chr4","116372587","116372886","KN296955v1","260541","260839","53","116112046"
"chr4","116472562","116472867","KN296404v1","1140358","1140668","64","115332204"
"chr4","116481568","116481778","KN295090v1","2015737","2015951","42","114465831"
"chr4","116512290","116512588","KN295744v1","654344","654638","52","115857946"
"chr4","116528537","116528826","KN294458v1","570570","570851","67","115957967"
"chr4","116534263","116534562","KN296508v1","2151971","2152273","46","114382292"
"chr4","116555326","116555618","KN296404v1","3404152","3404452","69","113151174"
"chr4","116589856","116590152","KN294728v1","1501448","1501743","58","115088408"
"chr4","116612572","116612699","KN294446v1","531704","531828","21","116080868"
"chr4","116638180","116638303","KN294181v1","1104026","1104148","14","115534154"
"chr4","116669706","116669988","KN296210v1","968827","969107","66","115700879"
"chr4","116672836","116672959","KN296311v1","4367789","4367922","26","112305047"
"chr4","116688661","116688864","KN296119v1","2468525","2468729","46","114220136"
"chr4","116706726","116707032","KN297453v1","599559","599871","66","116107167"
"chr4","116728004","116728291","KN295744v1","654344","654638","61","116073660"
"chr4","116776742","116777024","KN294569v1","369061","369349","69","116407681"
"chr4","116806493","116806791","KN295586v1","2908076","2908370","58","113898417"
"chr4","116846330","116846625","KN294842v1","590688","590985","69","116255642"
"chr4","116958343","116958548","KN296635v1","3841648","3841857","58","113116695"
"chr4","116959904","116960196","KN294453v1","4527","4826","59","116955377"
"chr4","117031686","117031820","KN295586v1","20105","20243","36","117011581"
"chr4","117048136","117048352","KN295814v1","1645975","1646186","48","115402161"
"chr4","117109282","117109483","KN295480v1","2443658","2443861","46","114665624"
"chr4","117399358","117399480","KN294526v1","751983","752100","21","116647375"
"chr4","117448011","117448271","KN296175v1","353745","354005","69","117094266"
"chr4","117475864","117476163","KN294407v1","1666871","1667172","75","115808993"
"chr4","117593916","117594209","KN297327v1","998942","999237","63","116594974"
"chr4","117775068","117775359","KN295962v1","303330","303633","75","117471738"
"chr4","117887640","117887943","KN294848v1","809082","809379","66","117078558"
"chr4","118182917","118183240","KN295022v1","352501","352813","71","117830416"
"chr4","118191115","118191401","KN294548v1","375827","376110","72","117815288"
"chr4","118403500","118403780","KN296079v1","23760","24040","65","118379740"
"chr4","118474198","118474508","KN294630v1","208219","208530","67","118265979"
"chr4","118475211","118475503","KN296311v1","5717539","5717839","64","112757672"
"chr4","118662928","118663116","KN296977v1","94332","94522","55","118568596"
"chr4","118757479","118757759","KN296036v1","894875","895156","82","117862604"
"chr4","118974649","118974936","KN295405v1","504647","504932","70","118470002"
"chr4","119120016","119120317","KN297320v1","1234476","1234772","57","117885540"
"chr4","119210227","119210531","KN295107v1","171449","171763","72","119038778"
"chr4","119210979","119211242","KN295225v1","2461361","2461640","68","116749618"
"chr4","119414279","119414567","KN295091v1","1684722","1684995","73","117729557"
"chr4","119431601","119431725","KN295552v1","59038","59157","19","119372563"
"chr4","119446779","119447070","KN296635v1","3338672","3338960","62","116108107"
"chr4","119458461","119458574","KN294991v1","1500992","1501105","21","117957469"
"chr4","119493499","119493782","KN297046v1","1913749","1914024","66","117579750"
"chr4","119523964","119524254","KN296577v1","426453","426745","57","119097511"
"chr4","119534094","119534399","KN294470v1","3413630","3413946","60","116120464"
"chr4","119571063","119571369","KN295923v1","1997557","1997864","63","117573506"
"chr4","119627411","119627578","KN294407v1","107096","107246","55","119520315"
"chr4","119740143","119740291","KN294407v1","798431","798570","46","118941712"
"chr4","119971823","119972126","KN296662v1","36195","36499","77","119935628"
"chr4","119988310","119988569","KN294260v1","1514851","1515086","76","118473459"
"chr4","120085318","120085444","KN294825v1","24066","24190","26","120061252"
"chr4","120132086","120132374","KN296406v1","419647","419936","73","119712439"
"chr4","120207468","120207587","KN296825v1","2165936","2166061","28","118041532"
"chr4","120461601","120461893","KN295828v1","51999","52288","19","120409602"
"chr4","120486954","120487259","KN295236v1","4425718","4426023","68","116061236"
"chr4","120526591","120526872","KN295828v1","112881","113163","17","120413710"
"chr4","120532104","120532387","KN295828v1","119864","120138","49","120412240"
"chr4","120687369","120687428","KN295893v1","903505","903566","17","119783864"
"chr4","120837231","120837527","KN295828v1","419272","419542","56","120417959"
"chr4","120877301","120877402","KN295828v1","461138","461238","4","120416163"
"chr4","121102797","121103001","KN295828v1","667916","668117","18","120434881"
"chr4","121234552","121234855","KN295828v1","798886","799189","18","120435666"
"chr4","121299781","121300092","KN296247v1","457481","457780","61","120842300"
"chr4","121319361","121319675","KN295828v1","883383","883697","15","120435978"
"chr4","121320010","121320293","KN295828v1","884008","884314","39","120436002"
"chr4","121327461","121327745","KN295828v1","891477","891762","19","120435984"
"chr4","121328914","121329081","KN295828v1","892907","893070","17","120436007"
"chr4","121329383","121329491","KN295828v1","893371","893464","22","120436012"
"chr4","121343437","121343678","KN296195v1","16893","17114","60","121326544"
"chr4","121367111","121367430","KN295828v1","932286","932598","31","120434825"
"chr4","121368372","121368687","KN295828v1","933544","933863","27","120434828"
"chr4","121391032","121391205","KN294705v1","1591086","1591255","38","119799946"
"chr4","121391207","121391523","KN295828v1","956269","956583","23","120434938"
"chr4","121423707","121424024","KN295828v1","984860","985159","37","120438847"
"chr4","121446744","121447058","KN295828v1","1007095","1007409","31","120439649"
"chr4","121492615","121492909","KN295828v1","1051254","1051537","31","120441361"
"chr4","121534177","121534479","KN294949v1","1636686","1636994","67","119897491"
"chr4","121534490","121534769","KN295828v1","1093221","1093507","39","120441269"
"chr4","121561915","121562218","KN295828v1","1119844","1120149","42","120442071"
"chr4","121570126","121570420","KN295828v1","1127935","1128237","22","120442191"
"chr4","121575211","121575502","KN295828v1","1132642","1132951","40","120442569"
"chr4","121602520","121602779","KN295828v1","1160830","1161071","36","120441690"
"chr4","121652872","121653132","KN295828v1","1227609","1227871","11","120425263"
"chr4","121663043","121663351","KN295828v1","1237780","1238094","37","120425263"
"chr4","121667214","121667532","KN295828v1","1241954","1242271","19","120425260"
"chr4","121676905","121677210","KN295828v1","1251676","1251971","25","120425229"
"chr4","121712063","121712325","KN295828v1","1287420","1287689","21","120424643"
"chr4","121733653","121733902","KN295828v1","1308818","1309057","29","120424835"
"chr4","121778477","121778592","KN295828v1","1355701","1355814","11","120422776"
"chr4","121801670","121801947","KN295828v1","1379336","1379613","14","120422334"
"chr4","121904117","121904239","KN295706v1","291517","291648","21","121612600"
"chr4","121935332","121935616","KN295828v1","1504930","1505215","23","120430402"
"chr4","121980168","121980480","KN295236v1","3110084","3110392","69","118870084"
"chr4","122014532","122014782","KN295828v1","1593468","1593706","26","120421064"
"chr4","122017426","122017728","KN295828v1","1596323","1596629","31","120421103"
"chr4","122040729","122040822","KN295828v1","1618770","1618863","5","120421959"
"chr4","122042861","122043150","KN295828v1","1620993","1621288","20","120421868"
"chr4","122048351","122048464","KN295828v1","1626612","1626725","5","120421739"
"chr4","122061730","122062041","KN295828v1","1640299","1640601","26","120421431"
"chr4","122072773","122072890","KN295758v1","707923","708040","10","121364850"
"chr4","122906058","122906339","KN296502v1","960957","961236","53","121945101"
"chr4","122945226","122945533","KN295828v1","1775379","1775683","24","121169847"
"chr4","122979038","122979341","KN295828v1","1809200","1809502","27","121169838"
"chr4","123026988","123027132","KN295906v1","65918","66059","36","122961070"
"chr4","123080975","123081235","KN296486v1","1395759","1396023","66","121685216"
"chr4","123092909","123093080","KN297154v1","1567428","1567596","35","121525481"
"chr4","123132860","123133158","KN295828v1","1969571","1969868","40","121163289"
"chr4","123148104","123148285","KN295474v1","578011","578191","46","122570093"
"chr4","123286705","123286820","KN295828v1","2123695","2123797","19","121163010"
"chr4","123301701","123301900","KN296682v1","3026228","3026433","52","120275473"
"chr4","123344943","123345108","KN295828v1","2182173","2182346","21","121162770"
"chr4","123365958","123366080","KN296153v1","1416271","1416393","22","121949687"
"chr4","123751309","123751437","KN296774v1","497923","498051","9","123253386"
"chr4","123826547","123826842","KN296774v1","427430","427710","44","123399117"
"chr4","123904546","123904847","KN296774v1","340144","340439","30","123564402"
"chr4","123939897","123940119","KN296774v1","300099","300315","26","123639798"
"chr4","123955703","123955956","KN296774v1","284392","284647","27","123671311"
"chr4","124048197","124048509","KN296774v1","197654","197961","30","123850543"
"chr4","124204058","124204371","KN296774v1","54289","54614","37","124149769"
"chr4","124217325","124217579","KN296774v1","40313","40573","22","124177012"
"chr4","124240168","124240366","KN296774v1","16180","16378","7","124223988"
"chr4","124240532","124240602","KN296774v1","15938","16010","8","124224594"
"chr4","124250496","124250773","KN296774v1","5425","5709","25","124245071"
"chr4","124270424","124270591","KN295251v1","15609","15776","14","124254815"
"chr4","124270652","124270775","KN295251v1","15819","15937","13","124254833"
"chr4","124277673","124277974","KN295251v1","22873","23187","35","124254800"
"chr4","124352754","124353025","KN295251v1","96839","97118","39","124255915"
"chr4","124354218","124354373","KN296153v1","1464656","1464817","33","122889562"
"chr4","124354399","124354431","KN296831v1","362099","362132","5","123992300"
"chr4","124362915","124363201","KN295251v1","106567","106847","20","124256348"
"chr4","124367790","124368106","KN295251v1","111435","111738","38","124256355"
"chr4","124388422","124388753","KN295251v1","131806","132105","49","124256616"
"chr4","124390896","124391195","KN295251v1","134294","134592","15","124256602"
"chr4","124486632","124486949","KN295251v1","239463","239816","63","124247169"
"chr4","124568900","124568977","KN295967v1","608689","608766","14","123960211"
"chr4","124623952","124624077","KN295365v1","1093234","1093354","20","123530718"
"chr4","124679882","124680185","KN295365v1","1035002","1035315","35","123644880"
"chr4","124953832","124953951","KN295365v1","867488","867609","8","124086344"
"chr4","124975482","124975763","KN295365v1","839465","839775","52","124136017"
"chr4","125001103","125001375","KN295365v1","812998","813271","9","124188105"
"chr4","125052230","125052537","KN295365v1","756602","756900","40","124295628"
"chr4","125120157","125120441","KN294991v1","439218","439500","66","124680939"
"chr4","125124441","125124730","KN295365v1","684016","684302","20","124440425"
"chr4","125146340","125146634","KN295365v1","659719","660022","21","124486621"
"chr4","125178428","125178734","KN296879v1","579910","580210","61","124598518"
"chr4","125179478","125179784","KN295365v1","618540","618829","28","124560938"
"chr4","125194998","125195298","KN295236v1","5121169","5121469","63","120073829"
"chr4","125214028","125214113","KN295365v1","583501","583586","8","124630527"
"chr4","125261995","125262279","KN295365v1","534529","534812","16","124727466"
"chr4","125284335","125284641","KN296200v1","87528","87838","62","125196807"
"chr4","125324088","125324214","KN295365v1","470942","471057","17","124853146"
"chr4","125324265","125324446","KN297227v1","1018769","1018951","41","124305496"
"chr4","125376907","125377189","KN296139v1","60150","60443","53","125316757"
"chr4","125384808","125385103","KN295365v1","405931","406243","31","124978877"
"chr4","125538481","125538661","KN296634v1","1725153","1725340","55","123813328"
"chr4","125606770","125607019","KN295365v1","179429","179678","14","125427341"
"chr4","125613201","125613481","KN295722v1","2780310","2780594","54","122832891"
"chr4","125641796","125642093","KN295365v1","138576","138875","16","125503220"
"chr4","125649895","125650191","KN295365v1","130122","130417","16","125519773"
"chr4","125707436","125707703","KN294451v1","1227543","1227800","73","124479893"
"chr4","125713512","125713768","KN295365v1","60887","61142","12","125652625"
"chr4","125739800","125740093","KN295365v1","33877","34181","37","125705923"
"chr4","125747671","125747968","KN295365v1","26027","26331","20","125721644"
"chr4","125840683","125840902","KN295356v1","58616","58834","19","125782067"
"chr4","125874216","125874491","KN295356v1","85626","85898","12","125788590"
"chr4","125876320","125876493","KN295356v1","87719","87893","19","125788601"
"chr4","125911472","125911754","KN295356v1","115993","116280","22","125795479"
"chr4","126028527","126028732","KN295356v1","235647","235851","10","125792880"
"chr4","126043755","126044058","KN295356v1","252174","252482","26","125791581"
"chr4","126125122","126125431","KN295356v1","356596","356904","20","125768526"
"chr4","126167603","126167882","KN295356v1","400430","400725","35","125767173"
"chr4","126208792","126209103","KN297367v1","53310","53615","59","126155482"
"chr4","126243735","126244032","KN295356v1","479726","480029","23","125764009"
"chr4","126289245","126289529","KN296145v1","809194","809494","57","125480051"
"chr4","126289787","126289921","KN295356v1","521850","521986","14","125767937"
"chr4","126312620","126312920","KN295356v1","544745","545031","39","125767875"
"chr4","126367234","126367529","KN296119v1","5385215","5385515","67","120982019"
"chr4","126404092","126404375","KN295356v1","621828","622107","26","125782264"
"chr4","126448849","126449158","KN295356v1","669373","669678","30","125779476"
"chr4","126472997","126473299","KN294922v1","237834","238139","70","126235163"
"chr4","126507303","126507589","KN295356v1","726289","726553","42","125781014"
"chr4","126534198","126534499","KN295356v1","753833","754137","27","125780365"
"chr4","126538657","126538971","KN295356v1","758305","758622","23","125780352"
"chr4","126561273","126561554","KN295356v1","778642","778930","24","125782631"
"chr4","126620973","126621267","KN295356v1","841363","841661","18","125779610"
"chr4","126632889","126633183","KN295356v1","853680","853965","36","125779209"
"chr4","126659571","126659873","KN295356v1","880805","881098","23","125778766"
"chr4","126665018","126665327","KN295356v1","886245","886527","53","125778773"
"chr4","126675072","126675363","KN295356v1","897937","898228","17","125777135"
"chr4","126727533","126727826","KN295356v1","944333","944585","64","125783200"
"chr4","126741147","126741465","KN295356v1","958584","958936","69","125782563"
"chr4","126766768","126767076","KN295356v1","983548","983848","21","125783220"
"chr4","126768025","126768292","KN295356v1","984794","985067","33","125783231"
"chr4","126782684","126782984","KN294998v1","85585","85883","60","126697099"
"chr4","126785831","126786143","KN295356v1","1002674","1002976","33","125783157"
"chr4","126873463","126873771","KN294964v1","1674001","1674300","52","125199462"
"chr4","126889664","126889953","KN295356v1","1101957","1102247","21","125787707"
"chr4","126960298","126960490","KN296281v1","15206","15403","63","126945092"
"chr4","126978896","126979175","KN295356v1","1194861","1195133","17","125784035"
"chr4","127048265","127048567","KN295526v1","910683","910978","62","126137582"
"chr4","127048744","127049034","KN295356v1","1254707","1254997","23","125794037"
"chr4","127070357","127070664","KN295356v1","1276919","1277229","27","125793438"
"chr4","127156394","127156672","KN295356v1","1361573","1361826","42","125794821"
"chr4","127162287","127162586","KN295356v1","1367588","1367887","32","125794699"
"chr4","127350716","127350941","KN296831v1","166889","167127","56","127183827"
"chr4","127393383","127393672","KN295244v1","135071","135342","77","127258312"
"chr4","127509788","127510076","KN294601v1","79187","79475","26","127430601"
"chr4","127617258","127617550","KN295066v1","62325","62618","34","127554933"
"chr4","127670126","127670424","KN295066v1","6158","6458","36","127663968"
"chr4","127796667","127796977","KN295198v1","732912","733220","63","127063755"
"chr4","127848252","127848504","KN295940v1","380517","380765","67","127467735"
"chr4","127963907","127964026","KN294911v1","4690063","4690179","25","123273844"
"chr4","127967975","127968100","KN295988v1","43746","43870","22","127924229"
"chr4","128227655","128227850","KN294257v1","1291529","1291717","55","126936126"
"chr4","128313111","128313422","KN296538v1","1793220","1793524","62","126519891"
"chr4","128360570","128360873","KN296934v1","150680","150983","62","128209890"
"chr4","128464276","128464589","KN294407v1","2027591","2027900","81","126436685"
"chr4","128507796","128508084","KN297343v1","411864","412150","65","128095932"
"chr4","128572138","128572259","KN294747v1","534134","534251","24","128038004"
"chr4","128970737","128970858","KN296119v1","2655223","2655347","21","126315514"
"chr4","129093305","129093550","KN297322v1","500941","501170","59","128592364"
"chr4","129301335","129301633","KN296079v1","1422570","1422872","61","127878765"
"chr4","129422624","129422932","KN295294v1","2860409","2860714","67","126562215"
"chr4","129692961","129693230","KN296252v1","958702","958980","58","128734259"
"chr4","129775078","129775375","KN297046v1","3036778","3037058","75","126738300"
"chr4","129899571","129899861","KN296955v1","569525","569813","53","129330046"
"chr4","129996955","129997226","KN296731v1","309292","309561","62","129687663"
"chr4","130018732","130019050","KN296119v1","5385215","5385515","76","124633517"
"chr4","130038575","130038911","KN295363v1","427674","427996","95","129610901"
"chr4","130258317","130258612","KN295433v1","429148","429443","60","129829169"
"chr4","130331787","130331906","KN295405v1","1892483","1892602","28","128439304"
"chr4","130371041","130371346","KN296079v1","1340626","1340932","72","129030415"
"chr4","130468010","130468345","KN295205v1","680281","680599","79","129787729"
"chr4","130476664","130476962","KN294503v1","115352","115638","77","130361312"
"chr4","130478317","130478605","KN295923v1","2317731","2318015","59","128160586"
"chr4","130495955","130496237","KN296883v1","3764425","3764693","65","126731530"
"chr4","130592779","130593064","KN294513v1","818583","818861","65","129774196"
"chr4","130611238","130611415","KN295605v1","299606","299777","45","130311632"
"chr4","130775009","130775315","KN295267v1","1096866","1097176","76","129678143"
"chr4","130806385","130806486","KN294378v1","843830","843919","26","129962555"
"chr4","130814985","130815096","KN297205v1","44721","44838","31","130770264"
"chr4","130816094","130816310","KN295090v1","1387171","1387378","45","129428923"
"chr4","130831277","130831584","KN297189v1","78749","79057","70","130752528"
"chr4","131078245","131078504","KN296643v1","78789","79043","60","130999456"
"chr4","131112684","131112971","KN297310v1","221661","221952","20","130891023"
"chr4","131159916","131160238","KN297310v1","169338","169664","19","130990578"
"chr4","131193756","131194033","KN296036v1","998342","998618","55","130195414"
"chr4","131197256","131197548","KN297310v1","125960","126250","20","131071296"
"chr4","131199292","131199504","KN295633v1","2176731","2176929","54","129022561"
"chr4","131207234","131207532","KN297310v1","115522","115819","15","131091712"
"chr4","131236235","131236510","KN296900v1","42194","42472","62","131194041"
"chr4","131245876","131246124","KN294373v1","1346962","1347208","63","129898914"
"chr4","131256127","131256412","KN297310v1","75148","75438","24","131180979"
"chr4","131269833","131270137","KN297310v1","63688","63989","32","131206145"
"chr4","131280068","131280356","KN297310v1","47469","47757","13","131232599"
"chr4","131295569","131295853","KN297310v1","32192","32466","44","131263377"
"chr4","131356294","131356572","KN294647v1","34758","35044","25","131321536"
"chr4","131384306","131384415","KN294421v1","1083189","1083301","24","130301117"
"chr4","131387365","131387595","KN294647v1","60715","60946","17","131326650"
"chr4","131392763","131392893","KN294647v1","65721","65847","10","131327042"
"chr4","131395897","131396192","KN294647v1","71563","71868","27","131324334"
"chr4","131404537","131404824","KN294647v1","80717","81013","34","131323820"
"chr4","131419223","131419559","KN294647v1","96363","96679","46","131322860"
"chr4","131420490","131420801","KN294647v1","97599","97904","24","131322891"
"chr4","131444078","131444382","KN294647v1","125925","126229","28","131318153"
"chr4","131444986","131445116","KN294647v1","126839","126970","5","131318147"
"chr4","131445426","131445595","KN294647v1","127276","127455","20","131318150"
"chr4","131479272","131479561","KN295480v1","1091903","1092177","72","130387369"
"chr4","131492116","131492333","KN294581v1","247899","248101","57","131244217"
"chr4","131496977","131497236","KN296119v1","830788","831050","59","130666189"
"chr4","131502442","131502721","KN296000v1","1377249","1377528","58","130125193"
"chr4","131541818","131541937","KN294806v1","700171","700291","28","130841647"
"chr4","131556045","131556346","KN295236v1","3592130","3592428","63","127963915"
"chr4","131581570","131581821","KN294291v1","861781","862027","60","130719789"
"chr4","131599766","131599891","KN296828v1","63127","63248","17","131536639"
"chr4","131603704","131603998","KN294443v1","1307505","1307800","72","130296199"
"chr4","131619915","131620213","KN296864v1","3187581","3187876","59","128432334"
"chr4","131628494","131628795","KN294416v1","125889","126195","68","131502605"
"chr4","131640692","131640972","KN296503v1","96429","96710","56","131544263"
"chr4","131649707","131649824","KN294591v1","425038","425155","18","131224669"
"chr4","131662296","131662607","KN296883v1","582823","583125","70","131079473"
"chr4","131686263","131686381","KN295405v1","1892483","1892602","16","129793780"
"chr4","131737613","131737912","KN294457v1","129747","130050","59","131607866"
"chr4","131804985","131805294","KN296075v1","597196","597504","66","131207789"
"chr4","131809512","131809784","KN295352v1","216571","216847","70","131592941"
"chr4","131845584","131845857","KN295940v1","22999","23276","60","131822585"
"chr4","131935836","131936114","KN294548v1","375827","376110","57","131560009"
"chr4","131942089","131942171","KN296266v1","57220","57302","11","131884869"
"chr4","132007673","132007957","KN296739v1","356666","356943","57","131651007"
"chr4","132019450","132019727","KN295596v1","563126","563403","61","131456324"
"chr4","132082269","132082570","KN294630v1","564057","564349","62","131518212"
"chr4","132122366","132122675","KN295343v1","609997","610302","60","131512369"
"chr4","132131826","132132126","KN295988v1","1298782","1299086","65","130833044"
"chr4","132138414","132138720","KN296484v1","242236","242535","72","131896178"
"chr4","132146318","132146612","KN294570v1","165105","165399","66","131981213"
"chr4","132188886","132189174","KN294911v1","1941894","1942178","59","130246992"
"chr4","132192111","132192332","KN296153v1","618627","618838","51","131573484"
"chr4","132197362","132197497","KN294711v1","1419661","1419795","41","130777701"
"chr4","132198978","132199271","KN295433v1","560237","560530","61","131638741"
"chr4","132207529","132207763","KN294592v1","1217675","1217916","70","130989854"
"chr4","132211916","132212237","KN294470v1","3146483","3146791","61","129065433"
"chr4","132233600","132233884","KN296017v1","366720","367014","61","131866880"
"chr4","132235196","132235497","KN295941v1","2680705","2681010","65","129554491"
"chr4","132236301","132236523","KN294224v1","467338","467571","57","131768963"
"chr4","132241278","132241608","KN294325v1","1104287","1104587","81","131136991"
"chr4","132245301","132245590","KN294226v1","506202","506499","66","131739099"
"chr4","132317200","132317510","KN295294v1","2860409","2860714","56","129456791"
"chr4","132346071","132346345","KN297259v1","1010294","1010576","66","131335777"
"chr4","132349608","132349916","KN295923v1","1997557","1997864","68","130352051"
"chr4","132363289","132363574","KN296486v1","1337566","1337861","62","131025723"
"chr4","132370606","132370901","KN295352v1","1052401","1052696","61","131318205"
"chr4","132385162","132385372","KN297242v1","1471732","1471942","52","130913430"
"chr4","132407677","132407892","KN296635v1","4525325","4525533","47","127882352"
"chr4","132532745","132533025","KN295038v1","798275","798556","61","131734470"
"chr4","132545518","132545802","KN294187v1","147289","147562","70","132398229"
"chr4","132654423","132654701","KN296865v1","1614140","1614425","76","131040283"
"chr4","132684307","132684593","KN295406v1","305728","306004","54","132378579"
"chr4","132921730","132922022","KN297242v1","513212","513511","63","132408518"
"chr4","132937177","132937301","KN297083v1","758825","758949","15","132178352"
"chr4","133065329","133065656","KN294365v1","731430","731733","90","132333899"
"chr4","133145146","133145443","KN294470v1","388901","389199","59","132756245"
"chr4","133217674","133217928","KN295601v1","2434075","2434336","57","130783599"
"chr4","133240612","133240733","KN297322v1","1974885","1975007","18","131265727"
"chr4","133264471","133264752","KN296505v1","786964","787231","69","132477507"
"chr4","133310452","133310732","KN295930v1","823181","823464","61","132487271"
"chr4","133374623","133374866","KN296879v1","953496","953737","60","132421127"
"chr4","133482447","133482562","KN295748v1","150084","150200","15","133332363"
"chr4","133611599","133611880","KN295586v1","5507616","5507894","69","128103983"
"chr4","133652030","133652348","KN295096v1","211703","211996","88","133440327"
"chr4","133718324","133718522","KN295371v1","66309","66526","52","133652015"
"chr4","133815102","133815295","KN294987v1","414044","414238","38","133401058"
"chr4","133824926","133825206","KN294486v1","1006646","1006922","69","132818280"
"chr4","134006860","134007134","KN296153v1","1375702","1375977","72","132631158"
"chr4","134020701","134020927","KN294239v1","375904","376124","45","133644797"
"chr4","134043376","134043675","KN294848v1","521160","521466","57","133522216"
"chr4","134047273","134047560","KN295666v1","1087247","1087544","73","132960026"
"chr4","134125859","134126158","KN297184v1","663372","663675","72","133462487"
"chr4","134213337","134213636","KN295241v1","55670","55954","71","134157667"
"chr4","134279636","134279722","KN296101v1","54132","54222","18","134225504"
"chr4","134448912","134449173","KN296360v1","589346","589608","81","133859566"
"chr4","134526095","134526401","KN296096v1","2968459","2968759","75","131557636"
"chr4","134595790","134596068","KN294513v1","818583","818861","57","133777207"
"chr4","134599378","134599675","KN295956v1","110148","110452","55","134489230"
"chr4","134666014","134666298","KN294842v1","891113","891396","69","133774901"
"chr4","134780587","134780766","KN294879v1","784962","785136","44","133995625"
"chr4","134803744","134804041","KN296513v1","1073574","1073867","65","133730170"
"chr4","134933128","134933350","KN294800v1","383311","383533","56","134549817"
"chr4","134968912","134969228","KN294325v1","1017631","1017939","83","133951281"
"chr4","134992709","134992990","KN297028v1","821563","821850","64","134171146"
"chr4","135047084","135047354","KN296883v1","547727","548009","69","134499357"
"chr4","135049106","135049388","KN295936v1","2447949","2448220","70","132601157"
"chr4","135112625","135112932","KN294444v1","179065","179374","68","134933560"
"chr4","135155669","135155963","KN294630v1","732480","732768","75","134423189"
"chr4","135172061","135172340","KN295744v1","139486","139762","62","135032575"
"chr4","135177357","135177640","KN294187v1","147289","147562","63","135030068"
"chr4","135730432","135730666","KN294407v1","2750035","2750249","62","132980397"
"chr4","135784253","135784428","KN294630v1","91010","91184","43","135693243"
"chr4","135831710","135832008","KN296404v1","3404152","3404452","67","132427558"
"chr4","135903418","135903695","KN295430v1","1284869","1285155","70","134618549"
"chr4","135905770","135906040","KN297133v1","1717938","1718210","68","134187832"
"chr4","135926378","135926708","KN295988v1","1298782","1299086","81","134627596"
"chr4","136052988","136053268","KN296062v1","2481180","2481463","62","133571808"
"chr4","136080099","136080420","KN296682v1","3891812","3892122","72","132188287"
"chr4","136162323","136162601","KN296096v1","3721815","3722092","66","132440508"
"chr4","136187947","136188216","KN296247v1","701549","701810","65","135486398"
"chr4","136421279","136421563","KN295489v1","1244358","1244628","31","135176921"
"chr4","136552706","136552999","KN295489v1","1104439","1104735","41","135448267"
"chr4","136594467","136594773","KN295489v1","1047437","1047739","35","135547030"
"chr4","136695575","136695735","KN296122v1","431013","431172","39","136264562"
"chr4","136696045","136696162","KN294536v1","1864384","1864494","31","134831661"
"chr4","136789169","136789441","KN294208v1","701963","702240","72","136087206"
"chr4","137011930","137012010","KN297190v1","6397507","6397576","25","130614423"
"chr4","137116461","137116735","KN296430v1","340157","340442","72","136776304"
"chr4","137136770","137137062","KN295489v1","448318","448600","29","136688452"
"chr4","137166366","137166617","KN295489v1","421758","422032","51","136744608"
"chr4","137250040","137250375","KN295489v1","340285","340627","31","136909755"
"chr4","137276555","137276871","KN295489v1","309204","309497","56","136967351"
"chr4","137305292","137305576","KN295489v1","290260","290546","24","137015032"
"chr4","137448088","137448385","KN294837v1","405314","405609","73","137042774"
"chr4","137532551","137532774","KN296244v1","299879","300093","55","137232672"
"chr4","137587618","137587815","KN296635v1","3586632","3586834","72","134000986"
"chr4","137734772","137734972","KN294536v1","1924516","1924719","57","135810256"
"chr4","137777894","137778219","KN296119v1","5851813","5852131","77","131926081"
"chr4","137793173","137793450","KN296634v1","1145775","1146054","71","136647398"
"chr4","137839828","137840043","KN296311v1","4019099","4019317","49","133820729"
"chr4","138052793","138053096","KN297245v1","2036362","2036663","50","136016431"
"chr4","138110039","138110323","KN295441v1","1471366","1471646","72","136638673"
"chr4","138128511","138128640","KN294457v1","634067","634171","48","137494444"
"chr4","138192504","138192802","KN295601v1","882390","882688","67","137310114"
"chr4","138303583","138303864","KN295301v1","1030915","1031198","69","137272668"
"chr4","138480405","138480716","KN296879v1","417388","417697","75","138063017"
"chr4","138602611","138602904","KN294630v1","741362","741665","72","137861249"
"chr4","138703542","138703839","KN297327v1","918237","918535","57","137785305"
"chr4","138772936","138773208","KN296205v1","945032","945303","61","137827904"
"chr4","139030714","139030973","KN296119v1","3099029","3099289","62","135931685"
"chr4","139048036","139048343","KN297320v1","1234476","1234772","65","137813560"
"chr4","139191769","139192073","KN294257v1","2403021","2403326","61","136788748"
"chr4","139221912","139222065","KN295996v1","400811","400966","35","138821101"
"chr4","139222111","139222231","KN296635v1","2381626","2381742","24","136840485"
"chr4","139327125","139327344","KN295366v1","346365","346590","63","138980760"
"chr4","139555199","139555427","KN294917v1","1304842","1305071","48","138250357"
"chr4","139573758","139574043","KN294199v1","65187","65474","68","139508571"
"chr4","139608058","139608331","KN294385v1","1482473","1482743","65","138125585"
"chr4","139642193","139642258","KN295236v1","1482749","1482815","12","138159444"
"chr4","139778431","139778706","KN296345v1","379602","379885","86","139398829"
"chr4","139902278","139902563","KN297442v1","1686872","1687161","67","138215406"
"chr4","140091466","140091576","KN294946v1","192215","192328","28","139899251"
"chr4","140091598","140091744","KN296682v1","1715228","1715374","32","138376370"
"chr4","140191267","140191503","KN294224v1","1121481","1121718","58","139069786"
"chr4","140268198","140268338","KN296859v1","36614","36763","32","140231584"
"chr4","140309752","140310050","KN295368v1","1237295","1237589","76","139072457"
"chr4","140378168","140378477","KN294462v1","456713","457026","66","139921455"
"chr4","140449365","140449537","KN296682v1","357901","358063","41","140091464"
"chr4","140556117","140556416","KN294303v1","145305","145593","71","140410812"
"chr4","140764076","140764307","KN296955v1","211254","211479","59","140552822"
"chr4","140769177","140769402","KN294571v1","124966","125186","58","140644211"
"chr4","140833838","140834057","KN294548v1","171280","171505","64","140662558"
"chr4","140841262","140841590","KN296225v1","414196","414490","90","140427066"
"chr4","140861156","140861452","KN294410v1","231612","231894","70","140629544"
"chr4","140869078","140869327","KN295090v1","427709","427974","84","140441369"
"chr4","140921458","140921731","KN297165v1","657879","658153","65","140263579"
"chr4","141072882","141072991","KN297249v1","437423","437532","22","140635459"
"chr4","141139806","141140088","KN296119v1","4568889","4569170","56","136570917"
"chr4","141276226","141276533","KN294790v1","5999594","5999893","68","135276632"
"chr4","141336263","141336429","KN296485v1","503183","503343","36","140833080"
"chr4","141336457","141336575","KN296062v1","2178521","2178637","21","139157936"
"chr4","141950275","141950564","KN296865v1","1026662","1026952","57","140923613"
"chr4","142012474","142012735","KN295820v1","827923","828191","62","141184551"
"chr4","142378198","142378321","KN294181v1","1104026","1104148","17","141274172"
"chr4","142437700","142438000","KN294239v1","1448386","1448679","58","140989314"
"chr4","142443646","142443837","KN295758v1","811051","811237","39","141632595"
"chr4","142527217","142527440","KN295236v1","4154079","4154294","47","138373138"
"chr4","142554626","142554922","KN296992v1","159603","159904","69","142395023"
"chr4","142573639","142573948","KN296404v1","3404152","3404452","60","139169487"
"chr4","142622491","142622784","KN296063v1","924974","925273","60","141697517"
"chr4","142634749","142635047","KN296119v1","5385215","5385515","53","137249534"
"chr4","142639849","142640159","KN295725v1","1528030","1528323","66","141111819"
"chr4","142642711","142642794","KN296623v1","272077","272161","14","142370634"
"chr4","142646140","142646389","KN296096v1","2485316","2485572","61","140160824"
"chr4","142646594","142646904","KN295962v1","803102","803411","60","141843492"
"chr4","142652823","142652972","KN295906v1","65918","66059","41","142586905"
"chr4","142653836","142653915","KN295384v1","102552","102629","24","142551284"
"chr4","142658164","142658376","KN295501v1","264835","265045","48","142393329"
"chr4","142659258","142659543","KN294147v1","1992101","1992383","54","140667157"
"chr4","142680563","142680687","KN296096v1","2463056","2463179","21","140217507"
"chr4","142685105","142685404","KN294218v1","2882421","2882727","63","139802684"
"chr4","142697758","142697823","KN296864v1","2646663","2646722","11","140051095"
"chr4","142699089","142699387","KN294470v1","572183","572469","65","142126906"
"chr4","142702815","142702886","KN296311v1","5493652","5493726","22","137209163"
"chr4","142709182","142709486","KN296404v1","3404152","3404452","63","139305030"
"chr4","142733588","142733886","KN294987v1","797207","797503","65","141936381"
"chr4","142740318","142740558","KN294420v1","335131","335367","75","142405187"
"chr4","142752824","142753112","KN296253v1","188046","188333","56","142564778"
"chr4","142761115","142761236","KN296859v1","1814408","1814530","23","140946707"
"chr4","142763744","142764039","KN295586v1","2757400","2757699","75","140006344"
"chr4","142765295","142765580","KN296290v1","782245","782534","59","141983050"
"chr4","142770987","142771116","KN295343v1","661823","661953","34","142109164"
"chr4","142779712","142780004","KN294540v1","700946","701234","51","142078766"
"chr4","142787183","142787473","KN295343v1","329489","329788","58","142457694"
"chr4","142808242","142808359","KN296312v1","281181","281298","21","142527061"
"chr4","142813418","142813678","KN294509v1","1630681","1630929","66","141182737"
"chr4","142830335","142830628","KN295936v1","240644","240938","56","142589691"
"chr4","142844073","142844317","KN294592v1","827234","827463","67","142016839"
"chr4","142856991","142857247","KN295744v1","608424","608676","70","142248567"
"chr4","142862074","142862373","KN294668v1","4137999","4138299","51","138724075"
"chr4","142881623","142881891","KN296430v1","528843","529125","72","142352780"
"chr4","142881998","142882308","KN295923v1","1997557","1997864","53","140884441"
"chr4","142898529","142898664","KN296311v1","4367789","4367922","22","138530740"
"chr4","142898957","142899128","KN296682v1","3260779","3260949","33","139638178"
"chr4","142918719","142919028","KN294630v1","208219","208530","66","142710500"
"chr4","142930151","142930451","KN297274v1","350272","350572","64","142579879"
"chr4","142931328","142931588","KN296096v1","2485316","2485572","51","140446012"
"chr4","142935407","142935697","KN296406v1","163962","164264","53","142771445"
"chr4","142940440","142940722","KN296502v1","1187225","1187506","59","141753215"
"chr4","142953940","142954157","KN294239v1","375904","376124","46","142578036"
"chr4","142960923","142961047","KN297154v1","1585706","1585838","26","141375217"
"chr4","142961350","142961511","KN295343v1","536119","536288","36","142425231"
"chr4","142962881","142963093","KN297274v1","215439","215658","45","142747442"
"chr4","142972928","142973239","KN295075v1","452670","452979","66","142520258"
"chr4","142985746","142985926","KN297452v1","1175906","1176087","48","141809840"
"chr4","142986536","142986823","KN294378v1","988439","988726","68","141998097"
"chr4","142994710","142994831","KN294345v1","1896097","1896220","23","141098613"
"chr4","142995213","142995338","KN294172v1","1249914","1250040","23","141745299"
"chr4","142999759","142999998","KN297190v1","964378","964614","58","142035381"
"chr4","143007503","143007825","KN295343v1","329489","329788","77","142678014"
"chr4","143008950","143009066","KN297406v1","54719","54836","21","142954231"
"chr4","143013207","143013495","KN296311v1","7907830","7908116","55","135105377"
"chr4","143037445","143037740","KN295586v1","3098137","3098432","62","139939308"
"chr4","143072140","143072329","KN297276v1","283061","283260","42","142789079"
"chr4","143106961","143107247","KN296406v1","283606","283899","66","142823355"
"chr4","143109610","143109907","KN296096v1","2297832","2298124","62","140811778"
"chr4","143127925","143128050","KN296948v1","452160","452274","32","142675765"
"chr4","143135528","143135909","KN296955v1","521277","521643","104","142614251"
"chr4","143155004","143155307","KN297008v1","1477900","1478200","52","141677104"
"chr4","143198437","143198751","KN296406v1","163962","164264","62","143034475"
"chr4","143244618","143244831","KN297386v1","1795272","1795504","64","141449346"
"chr4","143251144","143251374","KN295352v1","1066431","1066653","59","142184713"
"chr4","143284321","143284624","KN295343v1","329489","329788","58","142954832"
"chr4","143321884","143322147","KN296019v1","29287","29521","67","143292597"
"chr4","143322843","143323140","KN294996v1","423057","423352","53","142899786"
"chr4","143346104","143346225","KN296062v1","673130","673248","23","142672974"
"chr4","143354270","143354571","KN295236v1","3112104","3112405","65","140242166"
"chr4","143362632","143362752","KN297023v1","380326","380448","25","142982306"
"chr4","143372067","143372350","KN294893v1","458523","458802","65","142913544"
"chr4","143373985","143374280","KN296311v1","7907830","7908116","53","135466155"
"chr4","143405913","143406219","KN294446v1","610144","610434","59","142795769"
"chr4","143413689","143413971","KN294375v1","731207","731494","46","142682482"
"chr4","143437866","143438169","KN295984v1","717523","717826","61","142720343"
"chr4","143454106","143454393","KN296119v1","4183664","4183941","61","139270442"
"chr4","143482061","143482361","KN296119v1","5385215","5385515","56","138096846"
"chr4","143483858","143484134","KN295362v1","1129832","1130122","63","142354026"
"chr4","143556817","143557128","KN294235v1","106435","106741","63","143450382"
"chr4","143695911","143696196","KN296643v1","329281","329566","63","143366630"
"chr4","143728749","143728939","KN297259v1","1780876","1781077","48","141947873"
"chr4","143747051","143747286","KN297008v1","6677472","6677707","68","137069579"
"chr4","143747568","143747672","KN294338v1","18911","19018","17","143728657"
"chr4","143761299","143761385","KN295174v1","668635","668722","14","143092664"
"chr4","143796539","143796673","KN297095v1","2530131","2530260","23","141266408"
"chr4","143809930","143810209","KN294304v1","28243","28516","47","143781687"
"chr4","143810349","143810472","KN297046v1","39490","39613","22","143770859"
"chr4","143832470","143832618","KN297274v1","155862","156010","30","143676608"
"chr4","143843220","143843436","KN296609v1","422740","422959","50","143420480"
"chr4","143859758","143860054","KN297320v1","1234476","1234772","59","142625282"
"chr4","143873068","143873368","KN295236v1","1249842","1250143","64","142623226"
"chr4","143893204","143893351","KN296311v1","6324496","6324634","33","137568708"
"chr4","143909740","143909950","KN294260v1","2110970","2111184","58","141798770"
"chr4","143929865","143929983","KN294874v1","248846","248962","20","143681019"
"chr4","143933100","143933338","KN297141v1","108795","109035","68","143824305"
"chr4","143937618","143937913","KN296588v1","477693","477985","70","143459925"
"chr4","143945666","143945957","KN295107v1","1051267","1051565","63","142894399"
"chr4","143972343","143972630","KN294199v1","65187","65474","53","143907156"
"chr4","144006291","144006534","KN295607v1","4408934","4409181","55","139597357"
"chr4","144058815","144059119","KN295405v1","1445431","1445733","71","142613384"
"chr4","144153171","144153219","KN296096v1","358714","358762","11","143794457"
"chr4","144153248","144153366","KN295172v1","945","1063","26","144152303"
"chr4","144153508","144153773","KN297442v1","1516223","1516494","58","142637285"
"chr4","144306071","144306386","KN296311v1","3358167","3358474","58","140947904"
"chr4","144307283","144307561","KN297190v1","2508374","2508661","60","141798909"
"chr4","144359313","144359593","KN295352v1","216571","216847","58","144142742"
"chr4","144360448","144360719","KN296178v1","460995","461260","69","143899453"
"chr4","144385359","144385662","KN297105v1","2715725","2716030","64","141669634"
"chr4","144386716","144387016","KN297320v1","1234476","1234772","57","143152240"
"chr4","144394212","144394476","KN297416v1","134330","134600","65","144259882"
"chr4","144401843","144401966","KN297190v1","1424070","1424193","22","142977773"
"chr4","144404934","144405237","KN294630v1","741362","741665","60","143663572"
"chr4","144419435","144419568","KN294848v1","555142","555271","23","143864293"
"chr4","144419892","144420029","KN295995v1","159601","159737","24","144260291"
"chr4","144434172","144434479","KN296743v1","1534998","1535291","64","142899174"
"chr4","144435545","144435720","KN294630v1","91010","91184","45","144344535"
"chr4","144437934","144438141","KN294461v1","111694","111902","49","144326240"
"chr4","144438376","144438690","KN295236v1","400047","400357","62","144038329"
"chr4","144468495","144468787","KN297453v1","392029","392315","59","144076466"
"chr4","144470568","144470862","KN296829v1","748421","748716","61","143722147"
"chr4","144510507","144510640","KN295566v1","220119","220242","27","144290388"
"chr4","144519128","144519249","KN296507v1","368379","368503","24","144150749"
"chr4","144520672","144520953","KN297112v1","6058301","6058570","76","138462371"
"chr4","144521848","144522144","KN295236v1","1641924","1642218","67","142879924"
"chr4","144524345","144524654","KN296580v1","250993","251295","65","144273352"
"chr4","144527024","144527141","KN294345v1","1858918","1859036","20","142668106"
"chr4","144543677","144543985","KN297408v1","582312","582615","68","143961365"
"chr4","144547923","144548182","KN295236v1","4812704","4812971","60","139735219"
"chr4","144560908","144561198","KN296252v1","86934","87220","59","144473974"
"chr4","144612123","144612448","KN296682v1","958369","958690","81","143653754"
"chr4","144614261","144614375","KN297154v1","400186","400301","16","144214075"
"chr4","144713589","144713892","KN296406v1","163962","164264","57","144549627"
"chr4","144725317","144725626","KN296311v1","3358167","3358474","60","141367150"
"chr4","144775216","144775504","KN294558v1","202145","202427","67","144573071"
"chr4","144803698","144803998","KN296225v1","677390","677682","64","144126308"
"chr4","144815689","144816010","KN297320v1","1234476","1234772","66","143581213"
"chr4","144816121","144816173","KN295523v1","3885580","3885633","12","140930541"
"chr4","144841609","144841905","KN294454v1","473949","474241","66","144367660"
"chr4","144975204","144975292","KN294665v1","196097","196186","14","144779107"
"chr4","145006118","145006364","KN296263v1","1150264","1150506","82","143855854"
"chr4","145091934","145092051","KN294526v1","751983","752100","19","144339951"
"chr4","145182934","145183207","KN295236v1","456473","456756","75","144726461"
"chr4","145186165","145186454","KN297349v1","548286","548581","51","144637879"
"chr4","145200229","145200532","KN297349v1","533889","534183","41","144666340"
"chr4","145244926","145245056","KN295814v1","483","607","23","145244443"
"chr4","145477789","145478079","KN297349v1","259884","260187","37","145217905"
"chr4","145485812","145485925","KN297349v1","256597","256710","7","145229215"
"chr4","145761103","145761379","KN297097v1","483859","484128","28","145277244"
"chr4","145817689","145817816","KN297097v1","432842","432969","10","145384847"
"chr4","145842684","145842828","KN295022v1","853186","853318","35","144989498"
"chr4","145852562","145852844","KN297097v1","398038","398325","35","145454524"
"chr4","146017650","146017970","KN297097v1","232153","232471","20","145785497"
"chr4","146099662","146099981","KN297184v1","1597346","1597659","66","144502316"
"chr4","146168363","146168668","KN296096v1","2297832","2298124","70","143870531"
"chr4","146183426","146183650","KN297097v1","57415","57644","24","146126011"
"chr4","146270880","146271172","KN296090v1","87486","87773","53","146183394"
"chr4","146321885","146322194","KN294396v1","326030","326339","65","145995855"
"chr4","146394810","146395088","KN295497v1","862569","862850","53","145532241"
"chr4","146459242","146459396","KN295967v1","2001415","2001560","42","144457827"
"chr4","146497837","146498137","KN294365v1","731430","731733","60","145766407"
"chr4","146556582","146556875","KN296485v1","448473","448760","60","146108109"
"chr4","146665061","146665376","KN296508v1","2151971","2152273","65","144513090"
"chr4","146667396","146667554","KN295198v1","613084","613244","38","146054312"
"chr4","146931262","146931385","KN296119v1","2655223","2655347","20","144276039"
"chr4","146955030","146955145","KN295967v1","545840","545958","27","146409190"
"chr4","146982414","146982714","KN294991v1","693040","693334","57","146289374"
"chr4","146985883","146986165","KN294187v1","1135800","1136080","63","145850083"
"chr4","147005993","147006060","KN296306v1","1870327","1870396","16","145135666"
"chr4","147044091","147044381","KN294987v1","797207","797503","58","146246884"
"chr4","147046688","147046982","KN295038v1","1531301","1531595","62","145515387"
"chr4","147064845","147065046","KN295633v1","1581068","1581277","42","145483777"
"chr4","147159919","147160234","KN294193v1","232552","232861","71","146927367"
"chr4","147216085","147216353","KN294583v1","248706","248966","52","146967379"
"chr4","147229726","147230025","KN296096v1","1552416","1552721","69","145677310"
"chr4","147256762","147257051","KN294733v1","143432","143710","58","147113330"
"chr4","147278758","147279044","KN295294v1","358831","359116","57","146919927"
"chr4","147308830","147309108","KN297044v1","229857","230138","63","147078973"
"chr4","147310580","147310851","KN294630v1","482942","483211","63","146827638"
"chr4","147328838","147329102","KN296258v1","277626","277887","74","147051212"
"chr4","147377161","147377459","KN294199v1","370344","370637","68","147006817"
"chr4","147390025","147390330","KN296406v1","163962","164264","55","147226063"
"chr4","147405183","147405483","KN295936v1","1545327","1545630","65","145859856"
"chr4","147413048","147413312","KN295205v1","918665","918930","65","146494383"
"chr4","147997882","147998172","KN296602v1","56229","56517","25","147941653"
"chr4","148010709","148010999","KN296602v1","56229","56517","21","147954480"
"chr4","148140249","148140538","KN296602v1","56229","56517","19","148084020"
"chr4","148179115","148179368","KN296602v1","100691","100961","31","148078424"
"chr4","148199045","148199318","KN296602v1","122763","123054","32","148076282"
"chr4","148302375","148302667","KN296908v1","58316","58617","30","148244059"
"chr4","148566944","148567256","KN296311v1","5758888","5759199","72","142808056"
"chr4","148647338","148647621","KN296908v1","422448","422720","36","148224890"
"chr4","148672699","148672975","KN296311v1","7410388","7410667","61","141262311"
"chr4","149031307","149031554","KN294210v1","215821","216068","15","148815486"
"chr4","149046256","149046384","KN294210v1","231227","231352","13","148815029"
"chr4","149057442","149057712","KN294210v1","243145","243444","49","148814297"
"chr4","149080687","149080978","KN294210v1","273881","274175","23","148806806"
"chr4","149088666","149088781","KN294613v1","611677","611793","20","148476989"
"chr4","149089546","149089677","KN294210v1","282846","282974","8","148806700"
"chr4","149107861","149108023","KN294210v1","301572","301713","34","148806289"
"chr4","149274731","149275057","KN294210v1","469247","469562","35","148805484"
"chr4","149275742","149276039","KN296253v1","167394","167691","52","149108348"
"chr4","149282187","149282469","KN294210v1","476721","477003","23","148805466"
"chr4","149291240","149291472","KN294210v1","485530","485775","26","148805710"
"chr4","149340955","149341243","KN294210v1","538278","538562","20","148802677"
"chr4","149417372","149417643","KN294210v1","606643","606921","25","148810729"
"chr4","149467417","149467669","KN294210v1","665947","666198","31","148801470"
"chr4","149494964","149495259","KN294224v1","572117","572410","74","148922847"
"chr4","149510620","149510885","KN294991v1","1461634","1461903","71","148048986"
"chr4","149532405","149532712","KN294210v1","731606","731930","38","148800799"
"chr4","149650727","149651016","KN294210v1","845188","845470","21","148805539"
"chr4","149654584","149654887","KN294210v1","848720","849030","24","148805864"
"chr4","149667021","149667315","KN294210v1","862614","862890","32","148804407"
"chr4","149775329","149775636","KN294210v1","968060","968373","36","148807269"
"chr4","149807937","149808250","KN294210v1","1000002","1000305","27","148807935"
"chr4","149857076","149857389","KN294210v1","1044271","1044587","25","148812805"
"chr4","149862997","149863324","KN294210v1","1050298","1050624","49","148812699"
"chr4","149917449","149917749","KN294210v1","1106343","1106647","27","148811106"
"chr4","149956351","149956474","KN294210v1","1145146","1145266","13","148811205"
"chr4","149972103","149972408","KN294210v1","1158955","1159256","32","148813148"
"chr4","149980930","149981223","KN294210v1","1171008","1171300","14","148809922"
"chr4","149986462","149986761","KN297320v1","1234476","1234772","57","148751986"
"chr4","149992266","149992434","KN294210v1","1183079","1183237","19","148809187"
"chr4","150007953","150008254","KN294210v1","1192778","1193069","25","148815175"
"chr4","150010831","150010913","KN294161v1","104721","104802","17","149906110"
"chr4","150071081","150071382","KN294210v1","1254135","1254440","29","148816946"
"chr4","150076367","150076652","KN294210v1","1259376","1259684","46","148816991"
"chr4","150153867","150153987","KN294210v1","1354886","1355008","9","148798981"
"chr4","150210309","150210431","KN294210v1","1413496","1413626","18","148796813"
"chr4","150272717","150273012","KN294210v1","1474935","1475232","23","148797782"
"chr4","150286088","150286359","KN294210v1","1488156","1488468","57","148797932"
"chr4","150361430","150361725","KN294210v1","1560890","1561191","25","148800540"
"chr4","150392468","150392756","KN294210v1","1589224","1589513","18","148803244"
"chr4","150393067","150393192","KN294210v1","1589858","1589974","16","148803209"
"chr4","150409197","150409492","KN294210v1","1606213","1606508","22","148802984"
"chr4","150412490","150412784","KN294172v1","6667218","6667506","63","143745272"
"chr4","150416334","150416648","KN294199v1","354659","354969","63","150061675"
"chr4","150422265","150422542","KN295038v1","1531301","1531595","62","148890964"
"chr4","150452201","150452482","KN294210v1","1653232","1653526","29","148798969"
"chr4","150452537","150452846","KN294539v1","2537957","2538257","61","147914580"
"chr4","150458381","150458661","KN294210v1","1659373","1659652","29","148799008"
"chr4","150472785","150473073","KN294210v1","1674615","1674893","32","148798170"
"chr4","150678769","150678975","KN294210v1","1859760","1859966","15","148819009"
"chr4","150686444","150686732","KN296404v1","3404152","3404452","59","147282292"
"chr4","150712873","150713163","KN295761v1","2711","2998","26","150710162"
"chr4","150713509","150713799","KN295405v1","504647","504932","64","150208862"
"chr4","150728284","150728519","KN296311v1","633231","633458","69","150095053"
"chr4","150736539","150736831","KN294470v1","1648091","1648388","71","149088448"
"chr4","150990135","150990434","KN295761v1","296138","296448","36","150693997"
"chr4","151171707","151171983","KN295761v1","493079","493355","15","150678628"
"chr4","151208695","151208978","KN295761v1","531416","531703","18","150677279"
"chr4","151358612","151358908","KN294992v1","304046","304342","13","151054566"
"chr4","151402835","151403153","KN294790v1","3755657","3755971","67","147647178"
"chr4","151409997","151410288","KN294992v1","248385","248686","26","151161612"
"chr4","151428167","151428338","KN296577v1","94290","94455","34","151333877"
"chr4","151474425","151474738","KN294992v1","192794","193101","22","151281631"
"chr4","151489781","151490087","KN294992v1","177177","177482","22","151312604"
"chr4","151518499","151518759","KN294992v1","149377","149636","21","151369122"
"chr4","151541371","151541645","KN296921v1","723937","724216","64","150817434"
"chr4","151558501","151558565","KN294992v1","113386","113451","6","151445115"
"chr4","151558994","151559269","KN294992v1","112672","112950","18","151446322"
"chr4","151568656","151568969","KN294992v1","99263","99572","24","151469393"
"chr4","151571209","151571468","KN294992v1","96721","96978","22","151474488"
"chr4","151596596","151596881","KN294992v1","73259","73556","33","151523337"
"chr4","151616601","151616837","KN294992v1","52359","52589","20","151564242"
"chr4","151627037","151627265","KN294992v1","40503","40733","24","151586534"
"chr4","151634423","151634706","KN296280v1","572010","572298","61","151062413"
"chr4","151637413","151637654","KN294992v1","30817","31061","14","151606596"
"chr4","151649227","151649503","KN294992v1","22278","22544","31","151626949"
"chr4","151649994","151650170","KN294992v1","21567","21743","13","151628427"
"chr4","151650481","151650592","KN294992v1","21157","21268","5","151629324"
"chr4","151662745","151663020","KN294992v1","9756","10033","15","151652989"
"chr4","151681876","151682155","KN296312v1","12848","13143","40","151669028"
"chr4","151683775","151684081","KN296312v1","14419","14723","25","151669356"
"chr4","151693773","151694061","KN296312v1","25186","25494","50","151668587"
"chr4","151742826","151743107","KN296312v1","77649","77935","31","151665177"
"chr4","151753455","151753619","KN294540v1","938502","938660","43","150814953"
"chr4","151755059","151755353","KN296312v1","89973","90272","19","151665086"
"chr4","151759360","151759657","KN296312v1","94300","94592","38","151665060"
"chr4","151798924","151799089","KN295236v1","5357871","5358039","40","146441053"
"chr4","151808823","151809104","KN296312v1","146165","146449","33","151662658"
"chr4","151827482","151827758","KN295117v1","304217","304495","70","151523265"
"chr4","151888723","151889029","KN296312v1","226766","227068","34","151661957"
"chr4","151890615","151890738","KN296312v1","228617","228733","11","151661998"
"chr4","151903366","151903680","KN296312v1","239250","239557","27","151664116"
"chr4","151927908","151928194","KN296312v1","264578","264867","21","151663330"
"chr4","151944722","151944839","KN296312v1","281181","281298","8","151663541"
"chr4","152009160","152009456","KN296312v1","340122","340417","27","151669038"
"chr4","152127330","152127625","KN296312v1","459375","459671","26","151667955"
"chr4","152138316","152138603","KN296312v1","470332","470637","27","151667984"
"chr4","152200968","152201249","KN296312v1","531209","531515","40","151669759"
"chr4","152203338","152203648","KN294304v1","28243","28516","82","152175095"
"chr4","152214126","152214421","KN296312v1","544892","545188","16","151669234"
"chr4","152214558","152214851","KN296312v1","545326","545624","31","151669232"
"chr4","152237020","152237311","KN296312v1","567836","568147","39","151669184"
"chr4","152274291","152274583","KN296312v1","605632","605904","57","151668659"
"chr4","152399346","152399672","KN296312v1","725516","725845","29","151673830"
"chr4","152442775","152442994","KN294325v1","1024302","1024524","48","151418473"
"chr4","152456708","152457000","KN296312v1","782984","783281","19","151673724"
"chr4","152479308","152479593","KN296312v1","805624","805909","26","151673684"
"chr4","152529623","152529702","KN296312v1","860912","860991","4","151668711"
"chr4","152530002","152530171","KN296312v1","861292","861464","27","151668710"
"chr4","152534915","152535184","KN296312v1","866193","866462","18","151668722"
"chr4","152560675","152560815","KN296312v1","897947","898087","11","151662728"
"chr4","152561112","152561245","KN296312v1","898386","898518","7","151662726"
"chr4","152696463","152696728","KN294281v1","137590","137872","39","152558873"
"chr4","152713973","152714299","KN294281v1","155202","155486","64","152558771"
"chr4","152724330","152724585","KN295586v1","2577863","2578122","59","150146467"
"chr4","152772717","152772977","KN294281v1","216108","216389","48","152556609"
"chr4","152793842","152793996","KN294281v1","237136","237290","3","152556706"
"chr4","152813919","152814125","KN294281v1","254262","254478","27","152559657"
"chr4","152829191","152829489","KN294991v1","223094","223393","53","152606097"
"chr4","152841162","152841462","KN294281v1","279892","280195","21","152561270"
"chr4","152853674","152853794","KN297225v1","681388","681508","20","152172286"
"chr4","152959920","152960225","KN294581v1","585840","586137","49","152374080"
"chr4","153124353","153124570","KN294281v1","549972","550194","30","152574381"
"chr4","153135651","153135767","KN295045v1","526689","526806","14","152608962"
"chr4","153358800","153359079","KN294281v1","780913","781192","20","152577887"
"chr4","153381710","153381996","KN294281v1","803366","803651","16","152578344"
"chr4","153444260","153444565","KN294462v1","421387","421690","70","153022873"
"chr4","153626630","153626918","KN294281v1","1063621","1063900","37","152563009"
"chr4","153808887","153809174","KN294281v1","1254541","1254820","25","152554346"
"chr4","153958385","153958720","KN294281v1","1410023","1410352","43","152548362"
"chr4","153975703","153976001","KN294281v1","1427566","1427864","21","152548137"
"chr4","154042239","154042481","KN295607v1","4408934","4409181","56","149633305"
"chr4","154057777","154058066","KN297215v1","826883","827168","67","153230894"
"chr4","154085104","154085401","KN296964v1","1971306","1971602","17","152113798"
"chr4","154093013","154093167","KN296964v1","1963575","1963729","12","152129438"
"chr4","154108122","154108395","KN296964v1","1947103","1947356","41","152161019"
"chr4","154128999","154129277","KN296964v1","1926057","1926337","46","152202942"
"chr4","154139899","154140039","KN296495v1","2655161","2655305","33","151484738"
"chr4","154140116","154140439","KN296964v1","1913552","1913845","49","152226564"
"chr4","154145342","154145645","KN296964v1","1908330","1908644","28","152237012"
"chr4","154147265","154147376","KN294874v1","248846","248962","20","153898419"
"chr4","154149521","154149829","KN296017v1","366720","367014","53","153782801"
"chr4","154173700","154174003","KN295302v1","202911","203181","79","153970789"
"chr4","154176604","154176877","KN295236v1","4812704","4812971","54","149363900"
"chr4","154204679","154204921","KN296964v1","1847922","1848163","13","152356757"
"chr4","154225823","154226008","KN296964v1","1825318","1825525","30","152400505"
"chr4","154226013","154226320","KN296406v1","163962","164264","69","154062051"
"chr4","154265896","154266174","KN296964v1","1784483","1784753","24","152481413"
"chr4","154288816","154289025","KN295735v1","1184978","1185160","68","153103838"
"chr4","154301826","154302122","KN296964v1","1747476","1747773","11","152554350"
"chr4","154308435","154308684","KN296964v1","1740919","1741163","15","152567516"
"chr4","154325819","154326095","KN296964v1","1723871","1724138","17","152601948"
"chr4","154327057","154327348","KN296964v1","1722624","1722917","25","152604433"
"chr4","154375698","154375987","KN296964v1","1674232","1674513","24","152701466"
"chr4","154380816","154381126","KN296964v1","1669149","1669446","31","152711667"
"chr4","154388002","154388294","KN296964v1","1661833","1662125","20","152726169"
"chr4","154402136","154402420","KN296964v1","1646798","1647080","26","152755338"
"chr4","154419625","154419906","KN296187v1","179226","179507","59","154240399"
"chr4","154427105","154427377","KN296964v1","1617638","1617904","20","152809467"
"chr4","154456466","154456780","KN297227v1","285377","285686","58","154171089"
"chr4","154459871","154460164","KN296964v1","1584109","1584390","39","152875762"
"chr4","154474283","154474567","KN295573v1","317169","317438","74","154157114"
"chr4","154479840","154480107","KN296964v1","1563889","1564156","18","152915951"
"chr4","154501845","154501969","KN296964v1","1548398","1548522","10","152953447"
"chr4","154516083","154516385","KN296964v1","1532237","1532536","22","152983846"
"chr4","154522640","154522881","KN295667v1","735902","736147","75","153786738"
"chr4","154536710","154537003","KN296964v1","1510593","1510900","41","153026117"
"chr4","154543717","154544007","KN296964v1","1503554","1503844","18","153040163"
"chr4","154573511","154573817","KN295956v1","110148","110452","64","154463363"
"chr4","154584323","154584639","KN296964v1","1461961","1462257","60","153122362"
"chr4","154584968","154585252","KN296964v1","1461348","1461633","20","153123620"
"chr4","154627760","154628016","KN296883v1","3006692","3006948","63","151621068"
"chr4","154628946","154629072","KN296964v1","1411802","1411928","8","153217144"
"chr4","154635990","154636254","KN296964v1","1405276","1405562","47","153230714"
"chr4","154648102","154648375","KN296442v1","641367","641657","74","154006735"
"chr4","154665371","154665670","KN296964v1","1376670","1376959","24","153288701"
"chr4","154668166","154668464","KN295090v1","1364529","1364831","61","153303637"
"chr4","154673429","154673706","KN296964v1","1368221","1368506","23","153305208"
"chr4","154676602","154676891","KN296964v1","1364886","1365184","30","153311716"
"chr4","154685582","154685892","KN296964v1","1355884","1356178","36","153329698"
"chr4","154701182","154701476","KN294470v1","1710121","1710414","70","152991061"
"chr4","154735473","154735777","KN296964v1","1301977","1302270","28","153433496"
"chr4","154736497","154736740","KN296964v1","1300990","1301235","16","153435507"
"chr4","154787985","154788100","KN296964v1","1245570","1245685","7","153542415"
"chr4","154788134","154788309","KN296964v1","1245376","1245544","19","153542758"
"chr4","154790882","154791014","KN295706v1","291517","291648","38","154499365"
"chr4","154796322","154796622","KN296964v1","1236806","1237093","39","153559516"
"chr4","154797222","154797524","KN296964v1","1235590","1235889","41","153561632"
"chr4","154798650","154798907","KN296036v1","108564","108806","60","154690086"
"chr4","154808177","154808463","KN296093v1","78953","79230","68","154729224"
"chr4","154810473","154810748","KN296964v1","1220224","1220501","21","153590249"
"chr4","154848872","154849125","KN296964v1","1186563","1186818","25","153662309"
"chr4","154889202","154889440","KN294234v1","2499472","2499711","53","152389730"
"chr4","154917288","154917582","KN296964v1","1106966","1107268","32","153810322"
"chr4","154917744","154917897","KN296964v1","1106646","1106799","13","153811098"
"chr4","154959583","154959872","KN296964v1","1073453","1073741","15","153886130"
"chr4","154962350","154962467","KN296964v1","1070853","1070970","11","153891497"
"chr4","154983318","154983604","KN296964v1","1049959","1050239","35","153933359"
"chr4","154991246","154991527","KN296964v1","1040805","1041086","22","153950441"
"chr4","154996093","154996332","KN295633v1","2172508","2172728","57","152823585"
"chr4","155003981","155004215","KN296964v1","1035396","1035663","49","153968585"
"chr4","155009356","155009440","KN295430v1","1179291","1179374","21","153830065"
"chr4","155011448","155011721","KN296964v1","1027938","1028205","28","153983510"
"chr4","155035404","155035663","KN296964v1","1005838","1006099","17","154029566"
"chr4","155037465","155037779","KN296964v1","1003194","1003503","27","154034271"
"chr4","155037950","155038247","KN296964v1","1002717","1003012","17","154035233"
"chr4","155049048","155049339","KN294526v1","792542","792829","52","154256506"
"chr4","155078901","155079064","KN295962v1","2477409","2477569","35","152601492"
"chr4","155079364","155079416","KN294693v1","1340631","1340683","13","153738733"
"chr4","155100457","155100706","KN296964v1","950238","950518","39","154150219"
"chr4","155104457","155104593","KN294182v1","154537","154667","24","154949920"
"chr4","155106704","155106980","KN296964v1","943795","944059","44","154162909"
"chr4","155107969","155108247","KN296934v1","274719","275000","45","154833250"
"chr4","155112664","155112798","KN295814v1","1707822","1707956","19","153404842"
"chr4","155113110","155113283","KN296119v1","4451319","4451488","29","150661791"
"chr4","155120988","155121114","KN294303v1","165801","165924","20","154955187"
"chr4","155123491","155123785","KN296964v1","927943","928238","40","154195548"
"chr4","155129408","155129524","KN296964v1","921938","922054","7","154207470"
"chr4","155135922","155136121","KN295450v1","186842","187049","52","154949080"
"chr4","155137428","155137716","KN296964v1","914685","914989","39","154222743"
"chr4","155141551","155141751","KN296859v1","2227813","2227997","59","152913738"
"chr4","155170822","155171080","KN296964v1","881192","881444","26","154289630"
"chr4","155204340","155204611","KN296964v1","849553","849812","50","154354787"
"chr4","155205851","155206131","KN296964v1","848030","848302","23","154357821"
"chr4","155219739","155220062","KN295236v1","3263389","3263700","65","151956350"
"chr4","155231084","155231207","KN295744v1","449867","449990","23","154781217"
"chr4","155231243","155231533","KN295365v1","534529","534812","63","154696714"
"chr4","155249482","155249768","KN296964v1","807208","807512","36","154442274"
"chr4","155255519","155255823","KN296964v1","800976","801270","27","154454543"
"chr4","155262692","155262982","KN296964v1","795052","795346","23","154467640"
"chr4","155267297","155267578","KN296964v1","790459","790730","26","154476838"
"chr4","155272375","155272555","KN296964v1","785220","785385","28","154487155"
"chr4","155275231","155275493","KN296964v1","782236","782502","17","154492995"
"chr4","155277377","155277583","KN296964v1","780088","780302","16","154497289"
"chr4","155279327","155279590","KN296964v1","778071","778349","35","154501256"
"chr4","155281677","155281953","KN296964v1","775263","775550","29","154506414"
"chr4","155283735","155284029","KN296964v1","773259","773559","28","154510476"
"chr4","155301096","155301386","KN294199v1","65187","65474","47","155235909"
"chr4","155301424","155301580","KN295596v1","1567896","1568056","30","153733528"
"chr4","155303301","155303596","KN296964v1","756031","756331","26","154547270"
"chr4","155321768","155322005","KN296498v1","147314","147554","59","155174454"
"chr4","155340874","155341178","KN294874v1","102201","102494","66","155238673"
"chr4","155342106","155342364","KN295607v1","4638455","4638723","76","150703651"
"chr4","155346565","155346852","KN296502v1","960957","961236","60","154385608"
"chr4","155348441","155348576","KN296964v1","708410","708545","4","154640031"
"chr4","155361841","155362132","KN296964v1","694497","694779","27","154667344"
"chr4","155383833","155384138","KN294470v1","388901","389199","71","154994932"
"chr4","155396963","155397225","KN296964v1","658475","658738","22","154738488"
"chr4","155407636","155407945","KN296964v1","647696","647998","30","154759940"
"chr4","155427677","155427919","KN296964v1","627959","628200","15","154799718"
"chr4","155431992","155432315","KN296964v1","623526","623830","42","154808466"
"chr4","155440792","155441106","KN294195v1","111357","111667","69","155329435"
"chr4","155450880","155451169","KN296964v1","604928","605229","28","154845952"
"chr4","155453926","155454217","KN296964v1","601925","602216","31","154852001"
"chr4","155465162","155465411","KN295940v1","380517","380765","52","155084645"
"chr4","155494698","155494974","KN296964v1","548506","548783","17","154946192"
"chr4","155495903","155496169","KN296964v1","547318","547585","16","154948585"
"chr4","155498883","155499184","KN296964v1","543924","544228","21","154954959"
"chr4","155507482","155507744","KN296964v1","541066","541328","18","154966416"
"chr4","155520107","155520325","KN297259v1","1780876","1781077","58","153739231"
"chr4","155521851","155522149","KN296305v1","636143","636439","56","154885708"
"chr4","155550610","155550897","KN294199v1","65187","65474","49","155485423"
"chr4","155557356","155557528","KN296964v1","483285","483457","8","155074071"
"chr4","155631329","155631634","KN296964v1","408121","408426","17","155223208"
"chr4","155682706","155683033","KN296964v1","356902","357225","43","155325804"
"chr4","155693865","155694163","KN296964v1","346060","346359","21","155347805"
"chr4","155702848","155703133","KN296964v1","337179","337462","35","155365669"
"chr4","155713661","155713964","KN296964v1","326896","327198","19","155386765"
"chr4","155780313","155780433","KN295099v1","127912","128031","18","155652401"
"chr4","155780486","155780628","KN294509v1","1637527","1637680","35","154142959"
"chr4","155781632","155781916","KN296964v1","262982","263265","23","155518650"
"chr4","155851149","155851436","KN296964v1","197141","197423","19","155654008"
"chr4","155894634","155894915","KN296964v1","153808","154084","30","155740826"
"chr4","156081264","156081551","KN296311v1","4657276","4657569","50","151423988"
"chr4","156087522","156087816","KN295523v1","1606095","1606394","55","154481427"
"chr4","156165224","156165538","KN294470v1","290528","290838","74","155874696"
"chr4","156228344","156228638","KN296404v1","3404152","3404452","62","152824192"
"chr4","156238031","156238163","KN295034v1","289848","289972","20","155948183"
"chr4","156242118","156242279","KN294458v1","721283","721441","37","155520835"
"chr4","156259817","156260103","KN297046v1","3036778","3037058","66","153223039"
"chr4","156271206","156271497","KN296864v1","3187581","3187876","58","153083625"
"chr4","156292056","156292360","KN295301v1","241846","242147","67","156050210"
"chr4","156325966","156326112","KN296495v1","2757388","2757535","33","153568578"
"chr4","156349939","156350228","KN296000v1","1102536","1102817","68","155247403"
"chr4","156447783","156448084","KN294303v1","217203","217507","71","156230580"
"chr4","156463449","156463742","KN294991v1","693040","693334","52","155770409"
"chr4","156465326","156465519","KN296649v1","340060","340257","46","156125266"
"chr4","156466980","156467250","KN295820v1","792314","792591","66","155674666"
"chr4","156487751","156488051","KN297452v1","99434","99726","60","156388317"
"chr4","156510175","156510476","KN296538v1","1793220","1793524","66","154716955"
"chr4","156519074","156519372","KN295343v1","767106","767397","69","155751968"
"chr4","156552478","156552785","KN295936v1","240644","240938","59","156311834"
"chr4","156557646","156557751","KN297190v1","4005131","4005238","19","152552515"
"chr4","156599432","156599565","KN296311v1","4367789","4367922","21","152231643"
"chr4","156599865","156600030","KN296119v1","1856750","1856916","33","154743115"
"chr4","156621638","156621939","KN294570v1","10935","11242","57","156610703"
"chr4","156623047","156623334","KN294199v1","65187","65474","62","156557860"
"chr4","156629546","156629859","KN294470v1","2046138","2046443","66","154583408"
"chr4","156639755","156640060","KN297008v1","1477900","1478200","58","155161855"
"chr4","156699733","156699991","KN296178v1","950786","951044","48","155748947"
"chr4","156712493","156712765","KN294245v1","176090","176365","54","156536403"
"chr4","156726091","156726383","KN295666v1","913787","914079","65","155812304"
"chr4","156744797","156745053","KN294987v1","507945","508201","68","156236852"
"chr4","156755083","156755339","KN296731v1","1332371","1332626","63","155422712"
"chr4","156757856","156758149","KN297274v1","335410","335711","56","156422446"
"chr4","156802715","156803016","KN295236v1","4425718","4426023","63","152376997"
"chr4","156864656","156864946","KN296017v1","366720","367014","66","156497936"
"chr4","156885346","156885646","KN296311v1","3138516","3138802","60","153746830"
"chr4","156892002","156892283","KN296079v1","23760","24040","60","156868242"
"chr4","156921525","156921836","KN294848v1","172086","172375","88","156749439"
"chr4","156938219","156938445","KN295441v1","1067325","1067540","48","155870894"
"chr4","156938455","156938763","KN294874v1","147308","147613","53","156791147"
"chr4","156948917","156949030","KN294874v1","248846","248962","22","156700071"
"chr4","156956182","156956461","KN294410v1","231612","231894","56","156724570"
"chr4","156960426","156960695","KN295814v1","910324","910596","55","156050102"
"chr4","156992665","156992967","KN295236v1","2297019","2297316","57","154695646"
"chr4","156997635","156997946","KN296682v1","4680106","4680412","62","152317529"
"chr4","157015654","157015777","KN296732v1","2322638","2322765","27","154693016"
"chr4","157046636","157046834","KN295366v1","266686","266893","49","156779950"
"chr4","157052437","157052741","KN296406v1","163962","164264","66","156888475"
"chr4","157088100","157088386","KN296139v1","60150","60443","62","157027950"
"chr4","157110855","157110987","KN294874v1","603889","604016","22","156506966"
"chr4","157110988","157111257","KN294457v1","461763","462035","65","156649225"
"chr4","157111258","157111381","KN295236v1","1631207","1631327","35","155480051"
"chr4","157115346","157115638","KN294570v1","165105","165399","61","156950241"
"chr4","157127896","157128182","KN295820v1","792314","792591","56","156335582"
"chr4","157136522","157136824","KN294526v1","478395","478695","62","156658127"
"chr4","157138121","157138435","KN294893v1","445554","445861","59","156692567"
"chr4","157138700","157138976","KN296503v1","625161","625430","64","156513539"
"chr4","157139255","157139549","KN295343v1","329489","329788","61","156809766"
"chr4","157150708","157150829","KN296547v1","743312","743435","18","156407396"
"chr4","157153453","157153739","KN296714v1","267512","267798","50","156885941"
"chr4","157159132","157159421","KN295573v1","1176381","1176668","69","155982751"
"chr4","157163577","157163688","KN297227v1","27466","27580","18","157136111"
"chr4","157166226","157166517","KN297158v1","217699","217992","55","156948527"
"chr4","157178567","157178652","KN297044v1","1034000","1034087","12","156144567"
"chr4","157190432","157190485","KN294420v1","788059","788108","15","156402373"
"chr4","157198215","157198479","KN294457v1","1208445","1208715","50","155989770"
"chr4","157208390","157208664","KN294444v1","373486","373751","52","156834904"
"chr4","157215921","157216188","KN296365v1","530475","530739","54","156685446"
"chr4","157227134","157227427","KN294571v1","2182994","2183281","56","155044140"
"chr4","157234236","157234539","KN296225v1","768869","769169","67","156465367"
"chr4","157268293","157268606","KN296682v1","4680106","4680412","67","152588187"
"chr4","157280450","157280745","KN296864v1","2917034","2917326","54","154363416"
"chr4","157290652","157290694","KN297105v1","1063729","1063760","13","156226923"
"chr4","157290989","157291129","KN294326v1","6816","6931","49","157284173"
"chr4","157301496","157301624","KN297186v1","307975","308102","21","156993521"
"chr4","157483333","157483622","KN294199v1","65187","65474","50","157418146"
"chr4","157496676","157496976","KN297320v1","1234476","1234772","58","156262200"
"chr4","157505375","157505668","KN294407v1","960970","961264","65","156544405"
"chr4","157507753","157508059","KN295923v1","1997557","1997864","66","155510196"
"chr4","157520220","157520541","KN295243v1","830479","830781","76","156689741"
"chr4","157520623","157520915","KN297197v1","4103559","4103851","53","153417064"
"chr4","157529732","157530018","KN294456v1","1356692","1356977","66","156173040"
"chr4","157544890","157545016","KN295236v1","168060","168189","28","157376830"
"chr4","157549618","157549932","KN296138v1","160248","160571","62","157389370"
"chr4","157551555","157551829","KN294304v1","28243","28516","56","157523312"
"chr4","157552818","157553113","KN295356v1","115993","116280","65","157436825"
"chr4","157553544","157553836","KN296625v1","153154","153447","54","157400390"
"chr4","157565138","157565453","KN295497v1","501567","501877","68","157063571"
"chr4","157565653","157565957","KN294454v1","37387","37658","75","157528266"
"chr4","157568116","157568389","KN297322v1","305821","306099","60","157262295"
"chr4","157572943","157573250","KN296508v1","2151971","2152273","60","155420972"
"chr4","157585806","157586096","KN296017v1","366720","367014","64","157219086"
"chr4","157597761","157598065","KN296079v1","28956","29254","63","157568805"
"chr4","157602229","157602535","KN297444v1","482806","483100","59","157119423"
"chr4","157612562","157612872","KN295586v1","2596296","2596599","64","155016266"
"chr4","157673230","157673476","KN295923v1","1292660","1292892","58","156380570"
"chr4","157710446","157710717","KN296096v1","1827942","1828211","64","155882504"
"chr4","157746724","157747048","KN295923v1","2248938","2249256","56","155497786"
"chr4","157764498","157764810","KN295375v1","43501","43805","59","157720997"
"chr4","157791036","157791334","KN297313v1","587339","587636","69","157203697"
"chr4","157797745","157798050","KN296322v1","2545035","2545334","52","155252710"
"chr4","157803832","157804111","KN294266v1","131973","132255","64","157671859"
"chr4","157805815","157806109","KN296964v1","1073453","1073741","56","156732362"
"chr4","157808960","157809250","KN296513v1","259834","260122","56","157549126"
"chr4","157833616","157833716","KN297190v1","2845418","2845517","20","154988198"
"chr4","157934237","157934422","KN295984v1","1404292","1404470","49","156529945"
"chr4","158005931","158006155","KN295633v1","1581068","1581277","52","156424863"
"chr4","158046841","158047073","KN295198v1","281823","282072","58","157765018"
"chr4","158483550","158483867","KN296486v1","1010661","1010955","83","157472889"
"chr4","158494752","158495057","KN294172v1","2150711","2151006","66","156344041"
"chr4","158613144","158613450","KN295814v1","1064163","1064468","62","157548981"
"chr4","158619032","158619310","KN294446v1","581041","581316","65","158037991"
"chr4","158630387","158630691","KN296019v1","466074","466382","63","158164313"
"chr4","158638525","158638732","KN294526v1","247183","247392","40","158391342"
"chr4","158665703","158665817","KN296062v1","2178521","2178637","17","156487182"
"chr4","158678124","158678437","KN294698v1","130742","131043","78","158547382"
"chr4","158689415","158689712","KN296508v1","1932170","1932457","58","156757245"
"chr4","158696009","158696303","KN296907v1","675723","676010","75","158020286"
"chr4","158716689","158716987","KN295045v1","593563","593859","62","158123126"
"chr4","158753250","158753551","KN297408v1","582312","582615","76","158170938"
"chr4","158758603","158758719","KN294613v1","611677","611793","23","158146926"
"chr4","158763442","158763607","KN294372v1","2072400","2072558","37","156691042"
"chr4","158763638","158763756","KN294421v1","113577","113695","20","158650061"
"chr4","158765042","158765254","KN295366v1","266686","266893","47","158498356"
"chr4","158787783","158788106","KN296096v1","2975388","2975700","62","155812395"
"chr4","158809616","158809929","KN294848v1","387189","387474","75","158422427"
"chr4","158819016","158819178","KN295107v1","906118","906289","39","157912898"
"chr4","158819206","158819286","KN294260v1","236350","236434","20","158582856"
"chr4","158874338","158874644","KN295032v1","263836","264138","67","158610502"
"chr4","158887621","158887925","KN296322v1","2545035","2545334","52","156342586"
"chr4","158909473","158909738","KN295449v1","1177960","1178220","60","157731513"
"chr4","158910955","158911216","KN297159v1","1275191","1275451","65","157635764"
"chr4","158946181","158946462","KN295352v1","216571","216847","58","158729610"
"chr4","158964139","158964311","KN295722v1","2530724","2530897","33","156433415"
"chr4","159046439","159046704","KN296205v1","945032","945303","67","158101407"
"chr4","159089173","159089494","KN296119v1","2824357","2824666","66","156264816"
"chr4","159103387","159103652","KN296096v1","2485316","2485572","55","156618071"
"chr4","159218766","159219062","KN294842v1","904138","904435","60","158314628"
"chr4","159569818","159570106","KN297386v1","456446","456724","61","159113372"
"chr4","159572893","159573007","KN295748v1","150084","150200","17","159422809"
"chr4","159574744","159574895","KN295319v1","142107","142261","41","159432637"
"chr4","159576902","159577178","KN296778v1","75291","75577","47","159501611"
"chr4","159577208","159577224","KN295319v1","744054","744068","3","158833154"
"chr4","159585149","159585436","KN295962v1","1089598","1089883","67","158495551"
"chr4","159620069","159620105","KN294961v1","63645","63681","6","159556424"
"chr4","159697561","159697774","KN297159v1","2900043","2900261","47","156797518"
"chr4","159795161","159795443","KN294478v1","119569","119854","68","159675592"
"chr4","159820049","159820344","KN295236v1","4393138","4393433","59","155426911"
"chr4","159946288","159946398","KN294260v1","802158","802275","23","159144130"
"chr4","159955483","159955772","KN294848v1","912345","912627","62","159043138"
"chr4","160222399","160222673","KN294421v1","77711","77976","70","160144688"
"chr4","160309096","160309400","KN296406v1","163962","164264","53","160145134"
"chr4","160338734","160339015","KN295294v1","358831","359116","60","159979903"
"chr4","160479208","160479333","KN296253v1","543775","543897","20","159935433"
"chr4","160612532","160612658","KN296916v1","81956","82080","28","160530576"
"chr4","160725922","160726163","KN295365v1","179429","179678","55","160546493"
"chr4","160858984","160859241","KN295607v1","4408934","4409181","65","156450050"
"chr4","160977198","160977259","KN296682v1","1715411","1715469","16","159261787"
"chr4","160981682","160981971","KN296426v1","354578","354864","67","160627104"
"chr4","161046467","161046736","KN296178v1","532126","532401","72","160514341"
"chr4","161054096","161054389","KN294387v1","3600674","3600957","69","157453422"
"chr4","161150740","161151003","KN295294v1","3433285","3433548","62","157717455"
"chr4","161205423","161205546","KN294378v1","936648","936772","21","160268775"
"chr4","161236030","161236338","KN295236v1","3592130","3592428","83","157643900"
"chr4","161246876","161247026","KN296153v1","173981","174133","31","161072895"
"chr4","161391157","161391347","KN295405v1","439512","439697","43","160951645"
"chr4","161391659","161391795","KN296138v1","158354","158482","28","161233305"
"chr4","161409248","161409531","KN294503v1","29550","29836","61","161379698"
"chr4","161419233","161419528","KN296253v1","188046","188333","65","161231187"
"chr4","161667829","161668130","KN294387v1","1788636","1788927","77","159879193"
"chr4","161798803","161799094","KN296225v1","641773","642064","66","161157030"
"chr4","161891986","161892276","KN294540v1","1878227","1878530","39","160013759"
"chr4","162110434","162110685","KN296386v1","1238369","1238618","66","160872065"
"chr4","162124357","162124639","KN294848v1","912345","912627","69","161212012"
"chr4","162279134","162279410","KN294540v1","1480241","1480515","28","160798893"
"chr4","162334856","162335165","KN294540v1","1422899","1423198","24","160911957"
"chr4","162375475","162375774","KN294540v1","1370551","1370856","25","161004924"
"chr4","162392709","162392985","KN294728v1","701807","702091","72","161690902"
"chr4","162449137","162449426","KN294540v1","1289299","1289572","27","161159838"
"chr4","162453313","162453608","KN294539v1","1350436","1350725","62","161102877"
"chr4","162454465","162454763","KN294540v1","1283593","1283897","30","161170872"
"chr4","162477554","162477850","KN294437v1","55252","55561","73","162422302"
"chr4","162511170","162511476","KN294540v1","1236904","1237200","38","161274266"
"chr4","162516542","162516843","KN294540v1","1231354","1231640","37","161285188"
"chr4","162554713","162554839","KN294540v1","1194531","1194655","17","161360182"
"chr4","162598680","162598800","KN297046v1","50734","50858","21","162547946"
"chr4","162622408","162622721","KN294540v1","1166613","1166896","45","161455795"
"chr4","162658350","162658627","KN294540v1","1130819","1131099","28","161527531"
"chr4","162680187","162680480","KN294540v1","1115194","1115481","30","161564993"
"chr4","162721030","162721312","KN294540v1","1081213","1081509","23","161639817"
"chr4","162727127","162727386","KN294540v1","1075130","1075394","23","161651997"
"chr4","162737849","162738137","KN294540v1","1064298","1064607","42","161673551"
"chr4","162746909","162747214","KN294540v1","1054757","1055060","17","161692152"
"chr4","162769606","162769910","KN294540v1","1031178","1031472","32","161738428"
"chr4","162778785","162778906","KN297184v1","1554588","1554710","17","161224197"
"chr4","162784781","162785059","KN294540v1","1016165","1016441","25","161768616"
"chr4","162809462","162809757","KN294540v1","998181","998486","23","161811281"
"chr4","162820622","162820848","KN294540v1","984981","985205","16","161835641"
"chr4","162826371","162826656","KN294540v1","979261","979547","18","161847110"
"chr4","162865858","162866150","KN294630v1","530859","531151","50","162334999"
"chr4","162880474","162880773","KN294540v1","924695","925004","27","161955779"
"chr4","162882604","162882888","KN294540v1","922561","922850","28","161960043"
"chr4","162907558","162907866","KN294540v1","898677","898983","28","162008881"
"chr4","162918068","162918370","KN294540v1","886931","887228","17","162031137"
"chr4","162925595","162925906","KN294540v1","879367","879672","31","162046228"
"chr4","162931952","162932240","KN294540v1","873002","873295","25","162058950"
"chr4","162934765","162935073","KN294540v1","870185","870494","29","162064580"
"chr4","162950071","162950356","KN297046v1","2236307","2236582","70","160713764"
"chr4","163003199","163003451","KN296145v1","2654561","2654829","66","160348638"
"chr4","163038590","163038864","KN294540v1","767363","767652","37","162271227"
"chr4","163052760","163052823","KN297203v1","638875","638931","19","162413885"
"chr4","163054484","163054726","KN295671v1","208977","209224","54","162845507"
"chr4","163055911","163056208","KN294540v1","752223","752528","40","162303688"
"chr4","163066829","163067085","KN294540v1","741008","741266","13","162325821"
"chr4","163095660","163095952","KN294991v1","693040","693334","47","162402620"
"chr4","163117950","163118236","KN294540v1","707019","707295","32","162410931"
"chr4","163123684","163123972","KN294540v1","700946","701234","14","162422738"
"chr4","163128436","163128498","KN294540v1","696397","696459","2","162432039"
"chr4","163164426","163164692","KN294540v1","652607","652861","31","162511819"
"chr4","163165929","163166205","KN294540v1","651086","651360","13","162514843"
"chr4","163176051","163176352","KN294540v1","641032","641322","25","162535019"
"chr4","163179186","163179461","KN295586v1","1737994","1738245","70","161441192"
"chr4","163190561","163190766","KN296726v1","142087","142289","43","163048474"
"chr4","163205522","163205816","KN294540v1","612585","612874","36","162592937"
"chr4","163210643","163210940","KN297108v1","252351","252636","62","162958292"
"chr4","163224734","163225036","KN294540v1","593018","593325","28","162631716"
"chr4","163246072","163246359","KN294540v1","571411","571708","25","162674661"
"chr4","163271812","163271941","KN294540v1","540476","540602","11","162731336"
"chr4","163344848","163345167","KN294540v1","467828","468112","53","162877020"
"chr4","163367389","163367690","KN294540v1","444796","445114","52","162922593"
"chr4","163431249","163431544","KN294540v1","380170","380463","23","163051079"
"chr4","163450772","163451071","KN294540v1","360749","361057","38","163090023"
"chr4","163486441","163486726","KN296311v1","7907830","7908116","57","155578611"
"chr4","163492021","163492314","KN294540v1","317282","317575","20","163174739"
"chr4","163501924","163502200","KN294540v1","304834","305092","28","163197090"
"chr4","163525311","163525596","KN294540v1","285027","285312","19","163240284"
"chr4","163529419","163529713","KN294728v1","1501448","1501743","83","162027971"
"chr4","163532941","163533205","KN294540v1","277062","277323","25","163255879"
"chr4","163533837","163533979","KN297026v1","429500","429641","31","163104337"
"chr4","163535893","163536154","KN296731v1","1332371","1332626","68","162203522"
"chr4","163549740","163550013","KN296883v1","1515687","1515961","53","162034053"
"chr4","163561811","163561926","KN295045v1","526689","526806","18","163035122"
"chr4","163580804","163580988","KN294540v1","232761","232947","20","163348043"
"chr4","163602143","163602443","KN294540v1","210068","210362","19","163392075"
"chr4","163609349","163609646","KN296833v1","371617","371913","54","163237732"
"chr4","163654296","163654581","KN294540v1","156424","156719","33","163497872"
"chr4","163708676","163708844","KN296311v1","7102036","7102193","52","156606640"
"chr4","163783428","163783719","KN294540v1","19825","20117","23","163763603"
"chr4","163827878","163828219","KN296591v1","208116","208478","55","163619762"
"chr4","163884930","163885212","KN296591v1","143466","143753","25","163741464"
"chr4","163926214","163926532","KN296019v1","466074","466382","66","163460140"
"chr4","163933514","163933818","KN296591v1","84186","84485","24","163849328"
"chr4","164309869","164310187","KN294409v1","305240","305540","47","164004629"
"chr4","164544726","164545026","KN294578v1","612754","613052","80","163931972"
"chr4","164571709","164571985","KN294470v1","2197570","2197843","89","162374139"
"chr4","164593433","164593739","KN294409v1","657688","657992","43","163935745"
"chr4","164685111","164685390","KN294409v1","747723","747985","55","163937388"
"chr4","164741500","164741802","KN294409v1","803215","803491","48","163938285"
"chr4","164814773","164814899","KN294294v1","93618","93740","29","164721155"
"chr4","165050429","165050714","KN294409v1","1118802","1119094","41","163931627"
"chr4","165051016","165051031","KN297227v1","628003","628019","2","164423013"
"chr4","165151759","165151898","KN294831v1","259547","259671","30","164892212"
"chr4","165258140","165258413","KN296719v1","175484","175754","47","165082656"
"chr4","165311237","165311517","KN296719v1","231080","231353","26","165080157"
"chr4","165403374","165403516","KN295319v1","47049","47194","39","165356325"
"chr4","165423909","165424039","KN297165v1","608618","608750","26","164815291"
"chr4","165566518","165566818","KN295350v1","618935","619220","75","164947583"
"chr4","165628826","165629015","KN294407v1","1044855","1045047","67","164583971"
"chr4","165712443","165712714","KN296036v1","998342","998618","60","164714101"
"chr4","165748363","165748667","KN295343v1","979101","979402","61","164769262"
"chr4","165769763","165770056","KN294470v1","2046138","2046443","67","163723625"
"chr4","165810113","165810402","KN296281v1","42614","42899","62","165767499"
"chr4","166018420","166018715","KN295936v1","2737563","2737863","81","163280857"
"chr4","166080593","166080877","KN295533v1","2696635","2696924","74","163383958"
"chr4","166174414","166174677","KN296096v1","2485316","2485572","63","163689098"
"chr4","166361769","166362013","KN296122v1","553768","554023","58","165808001"
"chr4","166443714","166443993","KN296187v1","1049089","1049367","66","165394625"
"chr4","166480474","166480735","KN295315v1","1434397","1434650","81","165046077"
"chr4","166528490","166528755","KN296096v1","1360155","1360417","58","165168335"
"chr4","166668260","166668524","KN295586v1","2577863","2578122","69","164090397"
"chr4","166676413","166676708","KN295586v1","2908076","2908370","67","163768337"
"chr4","166692352","166692619","KN295820v1","827923","828191","62","165864429"
"chr4","166791268","166791551","KN296682v1","2050362","2050646","77","164740906"
"chr4","166859992","166860184","KN296146v1","129980","130172","60","166730012"
"chr4","166872141","166872431","KN294630v1","741362","741665","60","166130779"
"chr4","167052304","167052542","KN296701v1","63035","63275","65","166989269"
"chr4","167109598","167109892","KN295343v1","329489","329788","66","166780109"
"chr4","167111530","167111726","KN295174v1","15555","15755","47","167095975"
"chr4","167139513","167139804","KN296486v1","1505649","1505946","54","165633864"
"chr4","167260573","167260872","KN295459v1","459408","459706","58","166801165"
"chr4","167272498","167272778","KN294457v1","565556","565837","71","166706942"
"chr4","167288073","167288369","KN295984v1","1299071","1299366","64","165989002"
"chr4","167306293","167306641","KN294571v1","2240427","2240757","91","165065866"
"chr4","167309115","167309390","KN295607v1","3715920","3716195","65","163593195"
"chr4","167336895","167337027","KN294372v1","652327","652456","27","166684568"
"chr4","167360901","167361033","KN296213v1","953370","953501","24","166407531"
"chr4","167396685","167396997","KN296311v1","7675341","7675631","71","159721344"
"chr4","167402735","167403031","KN294991v1","693040","693334","59","166709695"
"chr4","167489695","167489822","KN295725v1","1403597","1403723","23","166086098"
"chr4","167553797","167554080","KN295605v1","524905","525180","77","167028892"
"chr4","167566641","167566942","KN295236v1","1641924","1642218","68","165924717"
"chr4","167765812","167766123","KN295294v1","3588871","3589172","71","164176941"
"chr4","167793784","167794078","KN294831v1","109438","109722","70","167684346"
"chr4","167882402","167882667","KN297038v1","619793","620052","62","167262609"
"chr4","167985176","167985450","KN296096v1","2485316","2485572","68","165499860"
"chr4","168031916","168032184","KN296732v1","3246834","3247110","73","164785082"
"chr4","168295971","168296094","KN294540v1","1194531","1194655","24","167101440"
"chr4","168789887","168790161","KN295758v1","1407427","1407701","25","167382460"
"chr4","168830373","168830687","KN296311v1","3358167","3358474","63","165472206"
"chr4","168891554","168891796","KN296153v1","3467090","3467343","60","165424464"
"chr4","169016582","169016889","KN295758v1","1177686","1178002","20","167838896"
"chr4","169068821","169069128","KN295758v1","1129977","1130284","39","167938844"
"chr4","169081321","169081622","KN295274v1","88447","88743","65","168992874"
"chr4","169140797","169141103","KN295758v1","1036787","1037090","27","168104010"
"chr4","169147586","169147877","KN296263v1","72979","73261","64","169074607"
"chr4","169181635","169181905","KN295758v1","1003115","1003393","31","168178520"
"chr4","169186230","169186514","KN295758v1","998763","999054","33","168187467"
"chr4","169197034","169197307","KN295758v1","985132","985405","16","168211902"
"chr4","169203005","169203329","KN295758v1","979237","979534","51","168223768"
"chr4","169218941","169219040","KN297245v1","2247415","2247515","20","166971526"
"chr4","169230055","169230177","KN295758v1","974188","974313","14","168255867"
"chr4","169262771","169262886","KN294671v1","333708","333822","21","168929063"
"chr4","169266569","169266696","KN295758v1","916379","916498","11","168350190"
"chr4","169277697","169277982","KN294800v1","58275","58560","61","169219422"
"chr4","169305615","169305791","KN296119v1","4451319","4451488","33","164854296"
"chr4","169306090","169306261","KN295371v1","100041","100199","44","169206049"
"chr4","169309845","169309974","KN295706v1","122699","122828","19","169187146"
"chr4","169331156","169331469","KN295758v1","840188","840504","24","168490968"
"chr4","169342039","169342340","KN295586v1","3098137","3098432","62","166243902"
"chr4","169343783","169343998","KN295758v1","830412","830628","18","168513371"
"chr4","169357142","169357448","KN295523v1","1606095","1606394","61","167751047"
"chr4","169357577","169357768","KN295705v1","1250776","1250962","52","168106801"
"chr4","169363106","169363254","KN297274v1","422832","422974","31","168940274"
"chr4","169367918","169368072","KN295984v1","2665472","2665625","31","166702446"
"chr4","169374347","169374630","KN294499v1","2072204","2072486","58","167302143"
"chr4","169376448","169376754","KN296019v1","466074","466382","73","168910374"
"chr4","169395335","169395615","KN295758v1","784239","784522","26","168611096"
"chr4","169539552","169539863","KN295758v1","666389","666696","24","168873163"
"chr4","169624324","169624616","KN297154v1","28075","28374","62","169596249"
"chr4","169664060","169664319","KN295758v1","530996","531259","59","169133064"
"chr4","169678362","169678659","KN295758v1","518183","518486","27","169160179"
"chr4","169687979","169688120","KN295758v1","508619","508759","10","169179360"
"chr4","169688420","169688545","KN295758v1","508184","508300","13","169180236"
"chr4","169722425","169722726","KN295758v1","474439","474756","40","169247986"
"chr4","169750169","169750470","KN296557v1","909780","910074","64","168840389"
"chr4","169801194","169801472","KN295758v1","397784","398070","36","169403410"
"chr4","169959289","169959401","KN295706v1","63192","63298","26","169896097"
"chr4","169983293","169983611","KN295758v1","213894","214191","43","169769399"
"chr4","170054616","170054924","KN295758v1","140668","140973","24","169913948"
"chr4","170117788","170118087","KN295758v1","79987","80280","30","170037801"
"chr4","170248500","170248800","KN297453v1","242913","243198","66","170005587"
"chr4","170263192","170263351","KN294741v1","9800","9960","43","170253392"
"chr4","170285969","170286277","KN295354v1","89549","89860","29","170196420"
"chr4","170433363","170433625","KN294193v1","857880","858143","76","169575483"
"chr4","170465685","170466005","KN295354v1","271379","271689","33","170194306"
"chr4","170941705","170942018","KN294747v1","836910","837206","65","170104795"
"chr4","170994196","170994342","KN295995v1","142423","142561","39","170851773"
"chr4","171011252","171011454","KN294864v1","927482","927694","35","170083770"
"chr4","171055790","171056098","KN294864v1","889717","890013","44","170166073"
"chr4","171097076","171097366","KN294864v1","847041","847304","43","170250035"
"chr4","171101307","171101579","KN294864v1","842713","842991","29","170258594"
"chr4","171154264","171154575","KN294257v1","2258122","2258420","86","168896142"
"chr4","171165312","171165527","KN296609v1","1906537","1906752","44","169258775"
"chr4","171183982","171184283","KN294864v1","766812","767114","36","170417170"
"chr4","171298127","171298414","KN294864v1","651143","651432","30","170646984"
"chr4","171412716","171412954","KN294864v1","528077","528317","14","170884639"
"chr4","171502952","171503250","KN294864v1","438703","439031","54","171064249"
"chr4","171503643","171503943","KN294864v1","438010","438311","41","171065633"
"chr4","171528333","171528548","KN295722v1","2802672","2802843","76","168725661"
"chr4","171528581","171528689","KN295825v1","1049611","1049711","31","170478970"
"chr4","171599700","171599818","KN294864v1","351113","351221","25","171248587"
"chr4","171847597","171847851","KN294864v1","92890","93143","25","171754707"
"chr4","171864754","171865070","KN294864v1","73117","73434","24","171791637"
"chr4","171947138","171947407","KN294302v1","280536","280806","70","171666602"
"chr4","171983735","171983994","KN295744v1","187097","187357","68","171796638"
"chr4","172123264","172123539","KN294239v1","2112137","2112402","62","170011127"
"chr4","172193205","172193475","KN294733v1","143432","143710","63","172049773"
"chr4","172289884","172290172","KN295605v1","356337","356623","52","171933547"
"chr4","172292689","172292813","KN294429v1","57689","57813","22","172235000"
"chr4","172648904","172649107","KN294161v1","456354","456554","44","172192550"
"chr4","172649529","172649651","KN296926v1","1064368","1064490","14","171585161"
"chr4","172669232","172669489","KN295526v1","820270","820520","54","171848962"
"chr4","172701370","172701468","KN295666v1","193021","193118","26","172508349"
"chr4","172749195","172749317","KN296508v1","525007","525131","28","172224188"
"chr4","172762680","172762797","KN295352v1","1683974","1684091","23","171078706"
"chr4","172775937","172776249","KN296019v1","466074","466382","64","172309863"
"chr4","172785094","172785401","KN295248v1","778267","778564","61","172006827"
"chr4","172785858","172786106","KN294873v1","1657549","1657794","60","171128309"
"chr4","172787354","172787634","KN296883v1","547727","548009","63","172239627"
"chr4","172845785","172846106","KN296453v1","520056","520363","78","172325729"
"chr4","172850812","172851117","KN294172v1","4180696","4181003","63","168670116"
"chr4","172887064","172887346","KN294451v1","1387952","1388224","60","171499112"
"chr4","172920258","172920558","KN297274v1","335410","335711","67","172584848"
"chr4","172942303","172942608","KN294509v1","1578204","1578505","59","171364099"
"chr4","172959393","172959692","KN294257v1","2403021","2403326","52","170556372"
"chr4","172986600","172986747","KN295586v1","3253879","3254033","30","169732721"
"chr4","173011255","173011529","KN296154v1","1298937","1299227","62","171712318"
"chr4","173015718","173015864","KN295041v1","156775","156922","27","172858943"
"chr4","173022861","173022956","KN296665v1","139974","140070","18","172882887"
"chr4","173030729","173031034","KN296486v1","1337566","1337861","65","171693163"
"chr4","173067932","173068056","KN294389v1","170093","170219","25","172897839"
"chr4","173092641","173092909","KN297259v1","1583217","1583482","59","171509424"
"chr4","173102521","173102795","KN294407v1","93980","94252","58","173008541"
"chr4","173119221","173119498","KN294758v1","3036785","3037063","58","170082436"
"chr4","173141387","173141588","KN294396v1","436817","437019","48","172704570"
"chr4","173150582","173150876","KN296884v1","617485","617781","63","172533097"
"chr4","173154916","173155187","KN296847v1","288021","288290","63","172866895"
"chr4","173185569","173185867","KN294705v1","473390","473687","50","172712179"
"chr4","173222089","173222171","KN295994v1","496775","496860","23","172725314"
"chr4","173232130","173232474","KN294747v1","570516","570845","83","172661614"
"chr4","173281234","173281521","KN295893v1","6277263","6277551","63","167003971"
"chr4","173295570","173295810","KN295607v1","4720674","4720910","20","168574896"
"chr4","173311584","173311890","KN295607v1","4709455","4709776","51","168602129"
"chr4","173320021","173320044","KN295633v1","300912","300933","5","173019109"
"chr4","173320070","173320354","KN294187v1","1653394","1653672","60","171666676"
"chr4","173325543","173325838","KN295607v1","4695569","4695854","35","168629974"
"chr4","173332748","173333025","KN295607v1","4687856","4688141","31","168644892"
"chr4","173344360","173344668","KN295607v1","4677460","4677776","32","168666900"
"chr4","173353770","173354060","KN296062v1","174290","174570","60","173179480"
"chr4","173362279","173362569","KN295607v1","4659920","4660187","35","168702359"
"chr4","173382366","173382624","KN295607v1","4638455","4638723","24","168743911"
"chr4","173385075","173385187","KN294421v1","15874","15988","19","173369201"
"chr4","173409594","173409874","KN295607v1","4610521","4610808","28","168799073"
"chr4","173424879","173425186","KN295607v1","4595514","4595843","43","168829365"
"chr4","173433273","173433396","KN295607v1","4585647","4585770","3","168847626"
"chr4","173465890","173466158","KN295607v1","4553926","4554186","31","168911964"
"chr4","173480883","173480950","KN295523v1","3091222","3091289","18","170389661"
"chr4","173481542","173481723","KN295607v1","4537209","4537374","22","168944333"
"chr4","173485138","173485408","KN295607v1","4534531","4534805","19","168950607"
"chr4","173504921","173505216","KN295607v1","4512562","4512852","25","168992359"
"chr4","173524761","173525064","KN295607v1","4492832","4493133","26","169031929"
"chr4","173535222","173535339","KN295607v1","4477534","4477651","5","169057688"
"chr4","173554436","173554739","KN295607v1","4458559","4458858","28","169095877"
"chr4","173581757","173582072","KN296311v1","3358167","3358474","76","170223590"
"chr4","173637473","173637752","KN297112v1","6217733","6218009","64","167419740"
"chr4","173653839","173654131","KN296225v1","775732","776029","60","172878107"
"chr4","173681095","173681387","KN295074v1","977960","978248","58","172703135"
"chr4","173686823","173687107","KN295607v1","4325038","4325324","25","169361785"
"chr4","173688856","173689134","KN295607v1","4323018","4323314","33","169365838"
"chr4","173696413","173696726","KN295607v1","4312383","4312666","55","169384030"
"chr4","173700084","173700367","KN295607v1","4308760","4309051","27","169391324"
"chr4","173702430","173702613","KN294416v1","354557","354730","43","173347873"
"chr4","173702903","173703029","KN295893v1","558957","559079","22","173143946"
"chr4","173713257","173713539","KN295607v1","4294863","4295138","28","169418394"
"chr4","173721832","173722094","KN295607v1","4286073","4286335","19","169435759"
"chr4","173722191","173722457","KN295607v1","4285690","4285980","40","169436501"
"chr4","173724480","173724753","KN295607v1","4283401","4283711","55","169441079"
"chr4","173732545","173732827","KN295607v1","4275068","4275352","43","169457477"
"chr4","173739380","173739660","KN295607v1","4268207","4268499","25","169471173"
"chr4","173741778","173742068","KN295987v1","40464","40758","73","173701314"
"chr4","173769710","173769970","KN295607v1","4241037","4241297","18","169528673"
"chr4","173770331","173770457","KN295607v1","4240563","4240692","9","169529768"
"chr4","173777452","173777585","KN294961v1","52673","52803","27","173724779"
"chr4","173778944","173779259","KN295607v1","4231695","4231998","25","169547249"
"chr4","173816480","173816792","KN295607v1","4200145","4200432","51","169616335"
"chr4","173822926","173823208","KN296404v1","1957525","1957794","77","171865401"
"chr4","173843116","173843432","KN296481v1","129868","130182","56","173713248"
"chr4","173852068","173852363","KN295607v1","4163661","4163981","37","169688407"
"chr4","173870803","173871103","KN295983v1","282558","282846","71","173588245"
"chr4","173874427","173874719","KN295607v1","4143742","4144039","32","169730685"
"chr4","173886829","173887133","KN295607v1","4131571","4131890","39","169755258"
"chr4","173926914","173927037","KN294467v1","32975","33096","18","173893939"
"chr4","173930637","173930825","KN296732v1","3803126","3803314","46","170127511"
"chr4","173931654","173931773","KN295607v1","4088276","4088399","12","169843378"
"chr4","173947486","173947793","KN295607v1","4074745","4075045","27","169872741"
"chr4","173948730","173948954","KN295045v1","597736","597951","51","173350994"
"chr4","173976233","173976423","KN294657v1","24482","24681","24","173951751"
"chr4","173993945","173994141","KN296263v1","138916","139113","38","173855029"
"chr4","173997366","173997517","KN296119v1","5474280","5474429","47","168523086"
"chr4","173997701","173997925","KN295607v1","4025403","4025651","41","169972298"
"chr4","174044611","174044892","KN295607v1","3975055","3975323","74","170069556"
"chr4","174066941","174067216","KN295607v1","3951574","3951859","32","170115367"
"chr4","174088866","174089146","KN294470v1","3148727","3149019","58","170940139"
"chr4","174103258","174103578","KN295607v1","3923094","3923399","35","170180164"
"chr4","174106323","174106602","KN295607v1","3920643","3920924","17","170185680"
"chr4","174125069","174125199","KN295814v1","1458160","1458289","24","172666909"
"chr4","174125526","174125813","KN295607v1","3899383","3899685","32","170226143"
"chr4","174127585","174127862","KN295090v1","1993653","1993930","65","172133932"
"chr4","174131001","174131270","KN295607v1","3895022","3895289","21","170235979"
"chr4","174149013","174149326","KN295607v1","3874198","3874510","23","170274815"
"chr4","174151582","174151905","KN295607v1","3871593","3871939","57","170279989"
"chr4","174162633","174162782","KN296153v1","173981","174133","35","173988652"
"chr4","174185099","174185386","KN295607v1","3837145","3837430","28","170347954"
"chr4","174197493","174197670","KN295607v1","3825560","3825750","35","170371933"
"chr4","174212072","174212147","KN295607v1","3815572","3815645","9","170396500"
"chr4","174249948","174250237","KN296883v1","547727","548009","61","173702221"
"chr4","174296395","174296685","KN295607v1","3734321","3734608","21","170562074"
"chr4","174314905","174315180","KN295607v1","3715920","3716195","17","170598985"
"chr4","174328044","174328353","KN295607v1","3702693","3703001","21","170625351"
"chr4","174375229","174375344","KN294251v1","2831154","2831269","16","171544075"
"chr4","174379508","174379775","KN295607v1","3648866","3649160","43","170730642"
"chr4","174386925","174387238","KN295607v1","3642837","3643150","35","170744088"
"chr4","174445295","174445596","KN295607v1","3588198","3588494","28","170857097"
"chr4","174482834","174483133","KN295501v1","190474","190770","63","174292360"
"chr4","174497759","174498049","KN294633v1","223384","223670","55","174274375"
"chr4","174516243","174516522","KN296634v1","1816690","1816969","62","172699553"
"chr4","174643392","174643668","KN295607v1","3417126","3417402","22","171226266"
"chr4","174768514","174768782","KN295607v1","3283958","3284226","14","171484556"
"chr4","174779338","174779416","KN295607v1","3270870","3270957","17","171508468"
"chr4","174820243","174820525","KN295607v1","3221814","3222099","26","171598429"
"chr4","174838492","174838778","KN295607v1","3200879","3201147","37","171637613"
"chr4","174998433","174998726","KN295607v1","3050991","3051283","24","171947442"
"chr4","175043943","175044230","KN295607v1","3006683","3006975","26","172037260"
"chr4","175100326","175100508","KN295607v1","2937241","2937423","13","172163085"
"chr4","175345867","175346093","KN295607v1","2679957","2680193","30","172665910"
"chr4","175352786","175353042","KN295607v1","2662389","2662642","29","172690397"
"chr4","175353232","175353570","KN295607v1","2661924","2662222","76","172691308"
"chr4","175423691","175423987","KN296635v1","2968034","2968325","63","172455657"
"chr4","175457329","175457493","KN296541v1","454402","454547","52","175002927"
"chr4","175609767","175610059","KN295607v1","2405704","2406008","29","173204063"
"chr4","175626645","175626916","KN296303v1","655132","655402","70","174971513"
"chr4","175782143","175782471","KN295607v1","2213642","2213932","71","173568501"
"chr4","175787851","175787996","KN295607v1","2207695","2207853","25","173580156"
"chr4","175797649","175797939","KN295607v1","2197553","2197842","23","173600096"
"chr4","175828527","175828824","KN295607v1","2165678","2165981","30","173662849"
"chr4","175889782","175890116","KN295607v1","2092569","2092911","38","173797213"
"chr4","175900718","175900994","KN295607v1","2079991","2080274","22","173820727"
"chr4","176018675","176018958","KN295607v1","1926050","1926327","22","174092625"
"chr4","176020050","176020252","KN295607v1","1924561","1924772","24","174095489"
"chr4","176041994","176042325","KN296883v1","1444819","1445126","81","174597175"
"chr4","176043965","176044307","KN296879v1","704052","704376","91","175339913"
"chr4","176048540","176048708","KN295607v1","1893376","1893550","25","174155164"
"chr4","176051028","176051167","KN295607v1","1890911","1891052","16","174160117"
"chr4","176087392","176087676","KN295607v1","1854952","1855255","45","174232440"
"chr4","176134318","176134603","KN295607v1","1808224","1808496","35","174326094"
"chr4","176156769","176157054","KN295607v1","1782575","1782860","23","174374194"
"chr4","176193161","176193443","KN295607v1","1750460","1750762","47","174442701"
"chr4","176198678","176198888","KN295607v1","1744173","1744380","17","174454505"
"chr4","176343420","176343693","KN295607v1","1606646","1606938","37","174736774"
"chr4","176358517","176358792","KN295607v1","1590726","1591002","13","174767791"
"chr4","176905876","176906180","KN295607v1","1236625","1236926","23","175669251"
"chr4","176918242","176918367","KN295814v1","483","607","20","176917759"
"chr4","176921970","176922304","KN295607v1","1224648","1224956","41","175697322"
"chr4","176923439","176923763","KN295607v1","1222960","1223284","28","175700479"
"chr4","176934118","176934402","KN295607v1","1212347","1212659","54","175721771"
"chr4","176950716","176950995","KN295607v1","1195934","1196216","22","175754782"
"chr4","176978719","176979015","KN295586v1","2908076","2908370","62","174070643"
"chr4","177013315","177013613","KN295607v1","1132588","1132887","31","175880727"
"chr4","177328207","177328348","KN295814v1","1707822","1707956","43","175620385"
"chr4","177403700","177403996","KN295607v1","727343","727659","42","176676357"
"chr4","177405371","177405679","KN296507v1","737044","737352","63","176668327"
"chr4","177420770","177421066","KN295607v1","703963","704261","20","176716807"
"chr4","177578814","177578960","KN295607v1","554429","554591","25","177024385"
"chr4","177601467","177601744","KN295607v1","527132","527437","45","177074335"
"chr4","177612781","177612942","KN295607v1","516510","516674","18","177096271"
"chr4","177613210","177613392","KN295607v1","516047","516225","15","177097163"
"chr4","177632853","177633158","KN295607v1","495589","495901","29","177137264"
"chr4","177698638","177698921","KN295607v1","424547","424840","33","177274091"
"chr4","177765986","177766153","KN295607v1","359011","359178","8","177406975"
"chr4","177779082","177779396","KN295607v1","345392","345696","31","177433690"
"chr4","177813592","177813882","KN295607v1","309527","309817","15","177504065"
"chr4","177820372","177820662","KN295607v1","303483","303772","15","177516889"
"chr4","177825490","177825608","KN295607v1","297347","297459","17","177528143"
"chr4","177852823","177853120","KN295607v1","269835","270139","14","177582988"
"chr4","177853175","177853391","KN295607v1","269543","269763","18","177583632"
"chr4","177892142","177892445","KN295607v1","229526","229829","18","177662616"
"chr4","177894980","177895277","KN295607v1","226771","227067","19","177668209"
"chr4","177942291","177942319","KN294705v1","1963738","1963756","10","175978553"
"chr4","177942438","177942693","KN295607v1","170533","170815","43","177771905"
"chr4","177947184","177947461","KN295607v1","165997","166260","35","177781187"
"chr4","178028563","178028863","KN295117v1","95133","95425","75","177933430"
"chr4","178032555","178032852","KN295607v1","82221","82537","40","177950334"
"chr4","178049486","178049602","KN295607v1","65670","65795","16","177983816"
"chr4","178097854","178098144","KN295607v1","35916","36207","42","178061938"
"chr4","178152177","178152489","KN295055v1","618389","618700","21","177533788"
"chr4","178174697","178174986","KN295055v1","595614","595899","25","177579083"
"chr4","178219687","178219994","KN295055v1","553660","553980","32","177666027"
"chr4","178311596","178311874","KN295055v1","470025","470301","14","177841571"
"chr4","178491198","178491488","KN295055v1","285349","285639","24","178205849"
"chr4","178518707","178518899","KN295055v1","264105","264297","15","178254602"
"chr4","178530431","178530560","KN295592v1","1958246","1958370","24","176572185"
"chr4","178545783","178546065","KN295725v1","1603211","1603497","82","176942572"
"chr4","178550116","178550419","KN295055v1","232058","232362","30","178318058"
"chr4","178556629","178556837","KN295605v1","222131","222327","51","178334498"
"chr4","178669163","178669278","KN295055v1","108044","108159","12","178561119"
"chr4","178786257","178786557","KN294934v1","22659","22941","46","178763598"
"chr4","178789880","178790181","KN294934v1","26228","26541","29","178763652"
"chr4","178797195","178797482","KN294934v1","33601","33930","63","178763594"
"chr4","178803117","178803177","KN296503v1","251077","251133","18","178552040"
"chr4","178818069","178818297","KN294934v1","56476","56725","37","178761593"
"chr4","178889417","178889708","KN294934v1","126927","127213","22","178762490"
"chr4","178905796","178906077","KN294934v1","144996","145291","33","178760800"
"chr4","178926075","178926344","KN294934v1","164530","164811","36","178761545"
"chr4","178940202","178940288","KN294934v1","180453","180540","7","178759749"
"chr4","178940344","178940498","KN294934v1","180574","180745","25","178759770"
"chr4","178963704","178964013","KN294934v1","202188","202504","34","178761516"
"chr4","178996487","178996797","KN294934v1","243557","243859","33","178752930"
"chr4","178997813","178998043","KN294934v1","244869","245087","31","178752944"
"chr4","179129643","179129935","KN295586v1","2712809","2713101","64","176416834"
"chr4","179161049","179161293","KN296138v1","293597","293847","54","178867452"
"chr4","179288843","179289136","KN297019v1","112135","112423","60","179176708"
"chr4","179295377","179295674","KN296852v1","209728","210020","72","179085649"
"chr4","179376774","179376929","KN294181v1","800949","801104","45","178575825"
"chr4","179452418","179452615","KN294372v1","1010693","1010889","38","178441725"
"chr4","179577297","179577610","KN297276v1","338793","339097","79","179238504"
"chr4","179634010","179634297","KN296502v1","960957","961236","66","178673053"
"chr4","179693946","179694226","KN297320v1","1234476","1234772","63","178459470"
"chr4","179747000","179747166","KN294536v1","1610832","1610996","35","178136168"
"chr4","179747200","179747309","KN297375v1","269655","269754","30","179477545"
"chr4","179782123","179782437","KN294207v1","489658","489970","64","179292465"
"chr4","179823796","179824082","KN297452v1","720306","720592","68","179103490"
"chr4","179848880","179849172","KN295744v1","3589","3875","60","179845291"
"chr4","179876613","179876871","KN295820v1","827923","828191","49","179048690"
"chr4","179913901","179914093","KN294372v1","2357865","2358065","63","177556036"
"chr4","179914377","179914478","KN295350v1","146602","146711","30","179767775"
"chr4","179944718","179945028","KN295591v1","745641","745936","66","179199077"
"chr4","180115439","180115748","KN296322v1","2221545","2221850","60","177893894"
"chr4","180151916","180152196","KN294207v1","216731","217014","53","179935185"
"chr4","180162421","180162722","KN297046v1","581745","582058","70","179580676"
"chr4","180222085","180222374","KN296661v1","687765","688055","61","179534320"
"chr4","180241968","180242077","KN295984v1","3427358","3427461","33","176814610"
"chr4","180242382","180242575","KN294454v1","389835","390024","45","179852547"
"chr4","180317619","180317915","KN296959v1","131550","131841","68","180186069"
"chr4","180357499","180357807","KN295375v1","916955","917255","67","179440544"
"chr4","180374929","180375063","KN294218v1","1019774","1019893","31","179355155"
"chr4","180405731","180406001","KN295708v1","2552850","2553123","60","177852881"
"chr4","180411874","180412186","KN296992v1","159603","159904","78","180252271"
"chr4","180444362","180444632","KN294454v1","37387","37658","63","180406975"
"chr4","180448271","180448587","KN295406v1","366555","366865","65","180081716"
"chr4","180488285","180488587","KN294235v1","106435","106741","74","180381850"
"chr4","180492228","180492493","KN296122v1","157752","158017","55","180334476"
"chr4","180493471","180493738","KN295405v1","1029581","1029852","67","179463890"
"chr4","180572309","180572629","KN295107v1","1005175","1005482","68","179567134"
"chr4","180612754","180612996","KN296000v1","962542","962771","59","179650212"
"chr4","180614553","180614843","KN294499v1","2052491","2052768","80","178562062"
"chr4","180646855","180647184","KN294510v1","40752","41080","76","180606103"
"chr4","180659929","180660261","KN296096v1","2602832","2603122","96","178057097"
"chr4","180720218","180720527","KN296311v1","3358167","3358474","62","177362051"
"chr4","180941589","180941870","KN295601v1","2380697","2380981","60","178560892"
"chr4","180956872","180957164","KN295484v1","634266","634551","55","180322606"
"chr4","181042437","181042583","KN297026v1","429500","429641","37","180612937"
"chr4","181042594","181042911","KN294591v1","189183","189487","84","180853411"
"chr4","181056267","181056435","KN295441v1","1558881","1559044","41","179497386"
"chr4","181088241","181088516","KN295236v1","468917","469199","53","180619324"
"chr4","181162860","181163120","KN295744v1","212816","213101","73","180950044"
"chr4","181174588","181174854","KN296157v1","2793761","2794022","57","178380827"
"chr4","181239284","181239398","KN294848v1","626671","626788","20","180612613"
"chr4","181409002","181409222","KN295923v1","666673","666896","56","180742329"
"chr4","181424550","181424835","KN296122v1","277809","278095","62","181146741"
"chr4","181536726","181536975","KN296885v1","3137288","3137549","76","178399438"
"chr4","181552643","181552897","KN296879v1","998686","998943","62","180553957"
"chr4","181653356","181653576","KN297133v1","54265","54482","51","181599091"
"chr4","181682500","181682797","KN294407v1","3269650","3269942","65","178412850"
"chr4","181691096","181691380","KN294948v1","30189","30479","72","181660907"
"chr4","181703084","181703391","KN296311v1","3358167","3358474","52","178344917"
"chr4","181707052","181707365","KN295923v1","1865374","1865671","71","179841678"
"chr4","181711075","181711360","KN294172v1","5582364","5582637","76","176128711"
"chr4","181719173","181719465","KN295022v1","583716","584006","67","181135457"
"chr4","181726292","181726415","KN296637v1","536683","536809","20","181189609"
"chr4","181732030","181732334","KN297154v1","1608705","1609004","59","180123325"
"chr4","181768188","181768349","KN296225v1","303694","303855","30","181464494"
"chr4","181775101","181775352","KN296153v1","3467090","3467343","59","178308011"
"chr4","181779803","181780098","KN296187v1","212135","212430","61","181567668"
"chr4","181811147","181811276","KN295592v1","1958246","1958370","25","179852901"
"chr4","181816803","181816912","KN295236v1","3124616","3124723","32","178692187"
"chr4","181816938","181817064","KN296588v1","2205959","2206086","24","179610979"
"chr4","181843236","181843458","KN296153v1","3730231","3730448","52","178113005"
"chr4","181845777","181846067","KN294848v1","191607","191898","60","181654170"
"chr4","181878398","181878693","KN296253v1","1370827","1371110","77","180507571"
"chr4","181885691","181885983","KN296153v1","545467","545760","60","181340224"
"chr4","182050835","182051137","KN294917v1","636328","636626","62","181414507"
"chr4","182105086","182105388","KN297320v1","1234476","1234772","60","180870610"
"chr4","182184183","182184486","KN294260v1","1280350","1280654","73","180903833"
"chr4","182242866","182243126","KN296277v1","155285","155543","63","182087581"
"chr4","182356397","182356508","KN296460v1","386780","386892","20","181969617"
"chr4","182374389","182374708","KN296743v1","2077669","2077974","77","180296720"
"chr4","182426179","182426532","KN294569v1","400480","400816","98","182025699"
"chr4","182497078","182497329","KN296913v1","1365620","1365877","75","181131458"
"chr4","182631357","182631640","KN295034v1","842387","842672","59","181788970"
"chr4","182694725","182695031","KN294458v1","136875","137179","70","182557850"
"chr4","182726175","182726442","KN295343v1","1026743","1027006","73","181699432"
"chr4","182773597","182773875","KN296311v1","4242573","4242851","71","178531024"
"chr4","182838425","182838553","KN294774v1","53233","53356","24","182785192"
"chr4","182903146","182903370","KN294410v1","132111","132338","65","182771035"
"chr4","182903879","182904189","KN296726v1","997978","998280","67","181905901"
"chr4","182986516","182986811","KN297205v1","517510","517803","69","182469006"
"chr4","183018718","183018859","KN294570v1","180092","180235","30","182838626"
"chr4","183019166","183019344","KN295573v1","247568","247743","40","182771598"
"chr4","183027593","183027863","KN295729v1","1002166","1002442","63","182025427"
"chr4","183033160","183033449","KN296481v1","518302","518590","45","182514858"
"chr4","183199524","183199647","KN296209v1","20727","20842","32","183178797"
"chr4","183251723","183252029","KN296233v1","1234358","1234641","46","182017365"
"chr4","183283100","183283404","KN294260v1","1280350","1280654","54","182002750"
"chr4","183379946","183380233","KN296233v1","1105798","1106081","24","182274148"
"chr4","183397855","183398097","KN296233v1","1087316","1087557","21","182310539"
"chr4","183398460","183398750","KN294703v1","272634","272925","69","183125826"
"chr4","183430688","183430965","KN296233v1","1059665","1059967","46","182371023"
"chr4","183461278","183461573","KN296852v1","210536","210829","63","183250742"
"chr4","183533807","183534079","KN296233v1","968365","968615","67","182565442"
"chr4","183623587","183623876","KN295907v1","1931339","1931634","63","181692248"
"chr4","183626721","183626784","KN296233v1","877271","877334","3","182749450"
"chr4","183636099","183636271","KN296233v1","867756","867914","28","182768343"
"chr4","183740051","183740338","KN296233v1","769094","769379","28","182970957"
"chr4","183816992","183817269","KN296233v1","690343","690618","25","183126649"
"chr4","183835998","183836293","KN296233v1","675020","675324","41","183160978"
"chr4","183846410","183846535","KN296233v1","669496","669621","10","183176914"
"chr4","183876164","183876450","KN296233v1","639779","640064","23","183236385"
"chr4","183885016","183885316","KN296233v1","629561","629863","54","183255455"
"chr4","183921986","183922232","KN296233v1","591691","591935","20","183330295"
"chr4","183934874","183935050","KN296233v1","577972","578158","23","183356902"
"chr4","183990060","183990182","KN296233v1","524068","524190","8","183465992"
"chr4","184033720","184034042","KN296233v1","480230","480546","25","183553490"
"chr4","184059836","184060134","KN296233v1","455273","455564","33","183604563"
"chr4","184084110","184084392","KN294842v1","1926210","1926498","72","182157900"
"chr4","184342002","184342286","KN296062v1","976203","976488","64","183365799"
"chr4","184363534","184363832","KN296233v1","153443","153732","41","184210091"
"chr4","184400833","184401142","KN296233v1","107840","108126","48","184292993"
"chr4","184441855","184441980","KN296119v1","289419","289548","22","184152436"
"chr4","184451777","184452079","KN296233v1","59559","59862","34","184392218"
"chr4","184538015","184538139","KN295666v1","1182608","1182731","24","183355407"
"chr4","184550768","184551006","KN294193v1","618452","618679","51","183932316"
"chr4","184605960","184606069","KN296508v1","473158","473268","35","184132802"
"chr4","184630836","184631145","KN294570v1","165105","165399","76","184465731"
"chr4","184658310","184658582","KN296682v1","3742134","3742415","60","180916176"
"chr4","184691015","184691257","KN296743v1","2005105","2005365","70","182685910"
"chr4","184705041","184705350","KN295171v1","1035836","1036148","78","183669205"
"chr4","184759384","184759679","KN295573v1","1593883","1594180","68","183165501"
"chr4","184823978","184824232","KN295243v1","1472105","1472365","66","183351873"
"chr4","184830544","184830842","KN295433v1","579573","579870","62","184250971"
"chr4","184907323","184907450","KN296916v1","495824","495951","21","184411499"
"chr4","184915889","184915968","KN294506v1","44399","44481","20","184871490"
"chr4","184956397","184956672","KN297008v1","590748","591017","70","184365649"
"chr4","184968415","184968723","KN295705v1","796730","797043","71","184171685"
"chr4","185019935","185020055","KN296153v1","1416271","1416393","21","183603664"
"chr4","185029793","185030078","KN297046v1","3036778","3037058","64","181993015"
"chr4","185055305","185055614","KN297245v1","2443707","2444015","66","182611598"
"chr4","185066398","185066486","KN296153v1","3870650","3870749","22","181195748"
"chr4","185066516","185066701","KN295544v1","7562","7716","53","185058954"
"chr4","185074632","185074955","KN295459v1","127113","127421","83","184947519"
"chr4","185169316","185169435","KN296643v1","449255","449375","20","184720061"
"chr4","185171393","185171676","KN294208v1","701963","702240","66","184469430"
"chr4","185196056","185196354","KN295459v1","1047081","1047366","89","184148975"
"chr4","185200763","185200885","KN295592v1","702955","703078","24","184497808"
"chr4","185208863","185209168","KN294172v1","734416","734711","66","184474447"
"chr4","185211097","185211353","KN297274v1","140869","141141","78","185070228"
"chr4","185262619","185262904","KN295107v1","1172905","1173191","64","184089714"
"chr4","185324793","185325007","KN296594v1","693029","693237","48","184631764"
"chr4","185340542","185340823","KN294172v1","5859145","5859420","67","179481397"
"chr4","185360099","185360423","KN295041v1","416819","417138","75","184943280"
"chr4","185369573","185369876","KN294172v1","4180696","4181003","64","181188877"
"chr4","185491676","185491938","KN296153v1","100800","101054","59","185390876"
"chr4","185515041","185515155","KN294613v1","611677","611793","22","184903364"
"chr4","185597447","185597705","KN294509v1","1630681","1630929","69","183966766"
"chr4","185606405","185606631","KN297259v1","2209668","2209902","50","183396737"
"chr4","185624992","185625119","KN294172v1","3288243","3288371","22","182336749"
"chr4","185644173","185644498","KN296406v1","163962","164264","74","185480211"
"chr4","185645590","185645894","KN295956v1","237677","237957","78","185407913"
"chr4","185652590","185652891","KN297158v1","782512","782809","57","184870078"
"chr4","185705354","185705640","KN296225v1","214782","215070","54","185490572"
"chr4","185739918","185740273","KN295099v1","120947","121272","110","185618971"
"chr4","185756474","185756790","KN295171v1","1006203","1006512","75","184750271"
"chr4","185766998","185767273","KN294208v1","701963","702240","59","185065035"
"chr4","185863679","185863986","KN296749v1","396480","396788","61","185467199"
"chr4","185927326","185927617","KN295045v1","564650","564936","55","185362676"
"chr4","185965318","185965607","KN295930v1","371347","371628","62","185593971"
"chr4","185994114","185994350","KN295708v1","559050","559274","61","185435064"
"chr4","186122847","186123169","KN296682v1","4680106","4680412","68","181442741"
"chr4","186205727","186205986","KN296643v1","78789","79043","54","186126938"
"chr4","186225707","186225931","KN296062v1","792185","792413","54","185433522"
"chr4","186246071","186246354","KN296154v1","1298937","1299227","54","184947134"
"chr4","186317133","186317430","KN295586v1","2908076","2908370","51","183409057"
"chr4","186395112","186395409","KN295533v1","2022589","2022874","87","184372523"
"chr4","186467124","186467383","KN296609v1","2785267","2785519","63","183681857"
"chr4","186478102","186478407","KN295121v1","41253","41563","67","186436849"
"chr4","186496570","186496841","KN295996v1","9019","9288","59","186487551"
"chr4","186513005","186513295","KN295257v1","1229552","1229846","62","185283453"
"chr4","186535484","186535772","KN296404v1","3404152","3404452","55","183131332"
"chr4","186583416","186583703","KN295526v1","910683","910978","58","185672733"
"chr4","186610443","186610713","KN295708v1","1612641","1612916","62","184997802"
"chr4","186664414","186664630","KN297159v1","2929785","2929999","53","183734629"
"chr4","186665854","186666147","KN294747v1","836910","837206","54","185828944"
"chr4","186673988","186674279","KN297320v1","1234476","1234772","56","185439512"
"chr4","186690431","186690710","KN295705v1","1506369","1506649","58","185184062"
"chr4","186701710","186702012","KN297154v1","1329045","1329348","62","185372665"
"chr4","186703708","186703995","KN295936v1","1286496","1286784","52","185417212"
"chr4","186722874","186723189","KN295236v1","4425718","4426023","63","182297156"
"chr4","186741157","186741442","KN297445v1","1666885","1667166","67","185074272"
"chr4","186818374","186818625","KN296311v1","5549142","5549397","53","181269232"
"chr4","186848451","186848741","KN296225v1","641773","642064","64","186206678"
"chr4","186871734","186872031","KN294747v1","836910","837206","67","186034824"
"chr4","186880537","186880732","KN295174v1","15555","15755","43","186864982"
"chr4","186886810","186887038","KN295923v1","666673","666896","51","186220137"
"chr4","186887796","186888037","KN295441v1","826745","826981","58","186061051"
"chr4","186946900","186947184","KN295361v1","966232","966514","60","185980668"
"chr4","186949079","186949373","KN296404v1","3404152","3404452","60","183544927"
"chr4","186955396","186955692","KN296404v1","3404152","3404452","55","183551244"
"chr4","186961507","186961806","KN295930v1","754867","755158","57","186206640"
"chr4","186965718","186965855","KN294410v1","170650","170791","35","186795068"
"chr4","186999459","186999743","KN297361v1","117085","117366","58","186882374"
"chr4","187007817","187007981","KN295755v1","63347","63519","38","186944470"
"chr4","187023799","187024082","KN296036v1","998342","998618","57","186025457"
"chr4","187033793","187033951","KN294548v1","1547760","1547920","32","185486033"
"chr4","187045783","187046100","KN296809v1","704739","705050","60","186341044"
"chr4","187135105","187135384","KN294208v1","701963","702240","56","186433142"
"chr4","187212081","187212340","KN294873v1","1657549","1657794","62","185554532"
"chr4","187263983","187264277","KN294378v1","953293","953575","63","186310690"
"chr4","187265928","187265985","KN296682v1","2952259","2952315","15","184313669"
"chr4","187266536","187266612","KN294289v1","540524","540600","16","186726012"
"chr4","187300070","187300386","KN295667v1","676400","676706","62","186623670"
"chr4","187308616","187308890","KN294848v1","912345","912627","52","186396271"
"chr4","187313549","187313843","KN295893v1","883829","884122","54","186429720"
"chr4","187357085","187357396","KN294630v1","741362","741665","60","186615723"
"chr4","187391617","187391661","KN297026v1","1487531","1487567","12","185904086"
"chr4","187394268","187394564","KN296404v1","3404152","3404452","62","183990116"
"chr4","187404749","187405048","KN297245v1","2036362","2036663","62","185368387"
"chr4","187427684","187427833","KN296200v1","71057","71204","36","187356627"
"chr4","187428125","187428313","KN294630v1","456616","456795","47","186971509"
"chr4","187430508","187430796","KN295205v1","1129696","1129979","55","186300812"
"chr4","187438361","187438487","KN294570v1","395736","395861","21","187042625"
"chr4","187474566","187474886","KN295923v1","2248938","2249256","66","185225628"
"chr4","187486711","187486990","KN294172v1","6137136","6137406","66","181349575"
"chr4","187492248","187492556","KN294378v1","1303418","1303729","67","186188830"
"chr4","187492639","187492715","KN295573v1","545499","545575","19","186947140"
"chr4","187493042","187493167","KN297154v1","1684387","1684521","27","185808655"
"chr4","187515734","187516042","KN295984v1","3197280","3197579","52","184318454"
"chr4","187517597","187517728","KN294630v1","103557","103687","24","187414040"
"chr4","187531761","187531827","KN296864v1","2646663","2646722","15","184885098"
"chr4","187532134","187532288","KN295544v1","7562","7716","31","187524572"
"chr4","187555761","187556048","KN296921v1","899585","899868","53","186656176"
"chr4","187556453","187556737","KN294842v1","393112","393387","68","187163341"
"chr4","187572791","187572926","KN296122v1","83204","83339","23","187489587"
"chr4","187574045","187574288","KN295667v1","237246","237503","74","187336799"
"chr4","187576415","187576697","KN294208v1","701963","702240","46","186874452"
"chr4","187595210","187595497","KN296485v1","448473","448760","56","187146737"
"chr4","187614613","187614744","KN294172v1","4384631","4384761","20","183229982"
"chr4","187635142","187635224","KN295077v1","720442","720524","13","186914700"
"chr4","187656408","187656694","KN294410v1","248524","248816","60","187407884"
"chr4","187675290","187675580","KN296253v1","188046","188333","56","187487244"
"chr4","187695402","187695683","KN294172v1","2396155","2396416","64","185299247"
"chr4","187700156","187700243","KN295692v1","1381057","1381143","15","186319099"
"chr4","187713464","187713731","KN297304v1","24496","24760","59","187688968"
"chr4","187746692","187747004","KN297259v1","1072432","1072730","71","186674260"
"chr4","187765075","187765315","KN296063v1","899092","899333","56","186865983"
"chr4","187774582","187774872","KN295236v1","428078","428371","65","187346504"
"chr4","187802240","187802384","KN294705v1","927404","927540","34","186874836"
"chr4","187816737","187816843","KN295350v1","33766","33868","15","187782971"
"chr4","187820517","187820602","KN295236v1","2634047","2634132","13","185186470"
"chr4","187825487","187825768","KN296959v1","1045812","1046085","65","186779675"
"chr4","187828742","187829040","KN294536v1","954603","954895","63","186874139"
"chr4","187846895","187847068","KN296508v1","694391","694567","45","187152504"
"chr4","187878615","187879021","KN296378v1","481221","481596","130","187397394"
"chr4","187879840","187880105","KN296810v1","138229","138490","60","187741611"
"chr4","187884482","187884769","KN295365v1","618540","618829","58","187265942"
"chr4","187903088","187903363","KN294365v1","2039413","2039691","62","185863675"
"chr4","187927864","187928149","KN296884v1","212592","212879","50","187715272"
"chr4","187933132","187933424","KN296192v1","92276","92563","67","187840856"
"chr4","187941159","187941457","KN294800v1","58275","58560","51","187882884"
"chr4","187943627","187943890","KN294536v1","1039128","1039393","57","186904499"
"chr4","187950321","187950602","KN296634v1","1816690","1816969","54","186133631"
"chr4","187955783","187955941","KN294548v1","1547760","1547920","29","186408023"
"chr4","187958604","187958921","KN295692v1","519299","519611","70","187439305"
"chr4","187965664","187965962","KN296486v1","1301755","1302050","60","186663909"
"chr4","187983346","187983652","KN294668v1","4137999","4138299","72","183845347"
"chr4","187991633","187991949","KN294458v1","201538","201851","70","187790095"
"chr4","187996451","187996757","KN297008v1","1477900","1478200","62","186518551"
"chr4","188019858","188020150","KN296528v1","1409160","1409450","47","186610698"
"chr4","188036618","188036908","KN296926v1","1136318","1136599","61","186900300"
"chr4","188056032","188056160","KN295592v1","1958246","1958370","18","186097786"
"chr4","188064746","188065020","KN294399v1","30007","30285","58","188034739"
"chr4","188086341","188086640","KN295304v1","712822","713119","49","187373519"
"chr4","188100000","188100285","KN294630v1","211233","211535","69","187888767"
"chr4","188103797","188104091","KN295744v1","654344","654638","50","187449453"
"chr4","188121029","188121295","KN295936v1","39329","39610","66","188081700"
"chr4","188126864","188127145","KN295352v1","216571","216847","60","187910293"
"chr4","188134268","188134379","KN294592v1","1021008","1021119","20","187113260"
"chr4","188143792","188144092","KN297227v1","285377","285686","63","187858415"
"chr4","188150792","188151065","KN295601v1","3005471","3005742","54","185145321"
"chr4","188161708","188162008","KN296538v1","1363005","1363297","74","186798703"
"chr4","188173240","188173548","KN294987v1","1079259","1079566","54","187093981"
"chr4","188195054","188195331","KN294453v1","228935","229210","65","187966119"
"chr4","188202979","188203209","KN297019v1","199654","199869","52","188003325"
"chr4","188203889","188203976","KN294366v1","109090","109178","17","188094799"
"chr4","188206138","188206451","KN296019v1","466074","466382","57","187740064"
"chr4","188209701","188210009","KN294199v1","532015","532321","59","187677686"
"chr4","188212550","188212849","KN296538v1","1793220","1793524","52","186419330"
"chr4","188215603","188215890","KN295962v1","458497","458810","74","187757106"
"chr4","188226352","188226648","KN296503v1","189807","190115","65","188036545"
"chr4","188239935","188240219","KN294790v1","2570754","2571037","85","185669181"
"chr4","188284767","188285081","KN295667v1","676400","676706","64","187608367"
"chr4","188287872","188288155","KN295930v1","371347","371628","48","187916525"
"chr4","188316587","188316868","KN294713v1","248799","249084","58","188067788"
"chr4","188327071","188327177","KN294365v1","1271921","1272024","22","187055150"
"chr4","188366291","188366581","KN296225v1","641773","642064","51","187724518"
"chr4","188410160","188410395","KN295962v1","2008293","2008541","57","186401867"
"chr4","188457065","188457375","KN295586v1","3098137","3098432","64","185358928"
"chr4","188475431","188475686","KN297008v1","5709899","5710153","50","182765532"
"chr4","188484655","188484983","KN296844v1","242970","243279","69","188241685"
"chr4","188486818","188487091","KN295365v1","618540","618829","61","187868278"
"chr4","188489182","188489480","KN294922v1","237834","238139","52","188251348"
"chr4","188542596","188542895","KN296290v1","1252498","1252783","78","187290098"
"chr4","188614291","188614555","KN296303v1","655132","655402","56","187959159"
"chr4","188692228","188692515","KN296139v1","48511","48796","23","188643717"
"chr4","188707537","188707854","KN295553v1","357303","357607","72","188350234"
"chr4","188744108","188744415","KN295320v1","53994","54294","59","188690114"
"chr4","188780575","188780876","KN296934v1","150680","150983","59","188629895"
"chr4","188821984","188822276","KN294172v1","439163","439451","53","188382821"
"chr4","188828137","188828306","KN296538v1","1486148","1486314","32","187341989"
"chr4","188828610","188828751","KN294345v1","1307663","1307798","33","187520947"
"chr4","188846540","188846641","KN295607v1","4330829","4330928","12","184515711"
"chr4","188860510","188860803","KN295433v1","429148","429443","57","188431362"
"chr4","188871509","188871821","KN295596v1","199823","200128","73","188671686"
"chr4","188874386","188874671","KN294199v1","65187","65474","54","188809199"
"chr4","188894266","188894565","KN296063v1","924974","925273","67","187969292"
"chr4","188923834","188924145","KN294642v1","14504","14818","63","188909330"
"chr4","188945196","188945293","KN295099v1","72258","72355","21","188872938"
"chr4","188962852","188963143","KN296192v1","161210","161502","55","188801642"
"chr4","188969222","188969516","KN296079v1","23760","24040","62","188945462"
"chr4","188981966","188982049","KN295825v1","1303616","1303694","15","187678350"
"chr4","189006926","189007229","KN295995v1","289650","289956","63","188717276"
"chr4","189026775","189027083","KN295027v1","223692","223997","53","188803083"
"chr4","189027713","189027974","KN296280v1","511874","512147","64","188515839"
"chr4","189036282","189036589","KN296508v1","2151971","2152273","63","186884311"
"chr4","189079500","189079751","KN295814v1","640518","640783","62","188438982"
"chr4","189094456","189094656","KN296879v1","1138423","1138624","40","187956033"
"chr4","189101225","189101513","KN296311v1","2320056","2320344","53","186781169"
"chr4","189140455","189140576","KN296062v1","2178521","2178637","20","186961934"
"chr4","189141988","189142278","KN296017v1","366720","367014","51","188775268"
"chr4","189144682","189144766","KN295612v1","1","87","17","189144681"
"chr4","189148095","189148379","KN295586v1","3098137","3098432","63","186049958"
"chr4","189189536","189189839","KN297245v1","2036362","2036663","54","187153174"
"chr4","189190820","189191119","KN294842v1","904138","904435","61","188286682"
"chr4","189227902","189228223","KN295236v1","4190600","4190907","78","185037302"
"chr4","189256947","189257234","KN296404v1","3404152","3404452","56","185852795"
"chr4","189264033","189264312","KN295236v1","3403395","3403671","61","185860638"
"chr4","189302399","189302665","KN295090v1","1993653","1993930","66","187308746"
"chr4","189330367","189330657","KN296507v1","732738","733022","55","188597629"
"chr4","189364038","189364230","KN295814v1","542808","543026","51","188821230"
"chr4","189372175","189372482","KN297408v1","840015","840326","61","188532160"
"chr4","189386592","189386717","KN296964v1","1411802","1411928","24","187974790"
"chr4","189394296","189394584","KN296732v1","2481624","2481917","56","186912672"
"chr4","189398377","189398649","KN295613v1","237464","237742","62","189160913"
"chr4","189399104","189399395","KN296508v1","2151971","2152273","67","187247133"
"chr4","189418367","189418617","KN294470v1","996113","996370","55","188422254"
"chr4","189421114","189421231","KN295243v1","920362","920479","17","188500752"
"chr4","189451936","189452234","KN295301v1","241846","242147","52","189210090"
"chr4","189490922","189491229","KN296486v1","1505649","1505946","62","187985273"
"chr4","189500910","189501031","KN296036v1","1966257","1966378","14","187534653"
"chr4","189538354","189538542","KN296306v1","3787660","3787844","57","185750694"
"chr4","189575201","189575498","KN294933v1","696052","696349","63","188879149"
"chr4","189581415","189581697","KN295907v1","1423226","1423525","69","188158189"
"chr4","189600048","189600368","KN295361v1","38512","38833","78","189561536"
"chr4","189606990","189607163","KN295708v1","1390693","1390861","36","188216297"
"chr4","189607460","189607582","KN297442v1","718730","718845","31","188888730"
"chr4","189612594","189612889","KN294790v1","6856069","6856369","49","182756525"
"chr4","189675894","189675970","KN297323v1","688160","688236","15","188987734"
"chr4","189676284","189676484","KN295642v1","127554","127769","62","189548730"
"chr4","189691024","189691294","KN296096v1","1827942","1828211","67","187863082"
"chr4","189728118","189728412","KN295343v1","329489","329788","52","189398629"
"chr4","189762341","189762640","KN294592v1","1072173","1072464","67","188690168"
"chr4","189765710","189766003","KN294539v1","1350436","1350725","54","188415274"
"chr4","189784699","189784997","KN296588v1","1386472","1386772","70","188398227"
"chr4","189808971","189809256","KN295375v1","85790","86068","69","189723181"
"chr4","189809905","189810187","KN296964v1","1073453","1073741","58","188736452"
"chr4","189811859","189812152","KN295459v1","697076","697373","47","189114783"
"chr4","189833849","189834000","KN295722v1","1004317","1004470","22","188829532"
"chr4","189869174","189869461","KN297452v1","2410408","2410674","79","187458766"
"chr4","189871652","189871946","KN294539v1","1288899","1289194","63","188582753"
"chr4","189900504","189900806","KN294172v1","5341732","5342040","61","184558772"
"chr4","189906888","189907206","KN294407v1","2196717","2197032","64","187710171"
"chr4","189972822","189973102","KN296109v1","1054487","1054776","66","188918335"
"chr4","190007514","190007812","KN296153v1","3558916","3559205","56","186448598"
"chr4","190008765","190009043","KN297453v1","242913","243198","53","189765852"
"chr4","190067022","190067300","KN297046v1","3036778","3037058","60","187030244"
"chr4","190090814","190091140","KN295430v1","989467","989768","69","189101347"
"chr4","190224272","190224568","KN294172v1","2069177","2069469","55","188155095"
"chr4","190284907","190285030","KN295099v1","109976","110099","19","190174931"
"chr4","190302545","190302829","KN295667v1","902145","902451","70","189400400"
"chr4","190339655","190339865","KN295898v1","166973","167181","54","190172682"
"chr4","190355387","190355696","KN296101v1","26057","26365","59","190329330"
"chr4","190367463","190367766","KN297112v1","3786979","3787288","73","186580484"
"chr4","190448025","190448314","KN294630v1","741362","741665","59","189706663"
"chr4","190452661","190452968","KN296191v1","1511081","1511393","56","188941580"
"chr4","190468277","190468552","KN295940v1","22999","23276","59","190445278"
"chr4","190471504","190471787","KN296192v1","92276","92563","50","190379228"
"chr4","190485253","190485540","KN294499v1","2466913","2467200","65","188018340"
"chr4","190511247","190511535","KN295236v1","782082","782370","56","189729165"
"chr4","190517806","190518077","KN297442v1","2346667","2346944","77","188171139"
"chr4","190524333","190524611","KN295586v1","797945","798229","53","189726388"
"chr4","190534583","190534845","KN294671v1","193489","193741","70","190341094"
"chr4","190633029","190633283","KN296180v1","818659","818905","51","189814370"
"chr4","190651117","190651386","KN294199v1","350546","350816","58","190300571"
"chr4","190658532","190658840","KN295708v1","339152","339445","59","190319380"
"chr4","190662361","190662661","KN294453v1","4527","4826","64","190657834"
"chr4","190713466","190713758","KN295523v1","4159215","4159505","55","186554251"
"chr4","190747723","190747989","KN296093v1","78953","79230","65","190668770"
"chr4","190789746","190790045","KN295090v1","2628746","2629038","64","188161000"
"chr4","190813822","190814131","KN296187v1","1226868","1227172","62","189586954"
"chr4","190821897","190822199","KN294571v1","1421378","1421668","72","189400519"
"chr4","190829045","190829317","KN296311v1","6342606","6342865","56","184486439"
"chr4","190834826","190834977","KN295667v1","1891502","1891643","48","188943324"
"chr4","190845349","190845648","KN296119v1","3710935","3711233","60","187134414"
"chr4","190854805","190855004","KN297112v1","4923918","4924119","50","185930887"
"chr4","190856555","190856817","KN296145v1","1534473","1534724","59","189322082"
"chr4","190858909","190859032","KN295667v1","1551854","1551981","23","189307055"
"chr4","190890080","190890360","KN294453v1","74086","74373","66","190815994"
"chr4","190934415","190934666","KN295433v1","52483","52743","66","190881932"
"chr4","190938158","190938488","KN294499v1","1161818","1162128","70","189776340"
"chr4","190954637","190954767","KN296119v1","2560052","2560180","21","188394585"
"chr4","190963582","190963831","KN295967v1","590783","591028","59","190372799"
"chr4","191056107","191056420","KN294893v1","445554","445861","61","190610553"
"chr4","191071433","191071721","KN295667v1","1243145","1243443","56","189828288"
"chr4","191113698","191113986","KN295032v1","263836","264138","65","190849862"
"chr4","191160274","191160566","KN295984v1","1299071","1299366","58","189861203"
"chr4","191212168","191212465","KN297452v1","2278288","2278582","63","188933880"
"chr4","191252509","191252800","KN295801v1","23589","23881","70","191228920"
"chr4","191422781","191423077","KN295294v1","2313084","2313366","67","189109697"
"chr4","191433860","191434147","KN296404v1","3404152","3404452","59","188029708"
"chr4","191550820","191551104","KN295484v1","634266","634551","64","190916554"
"chr4","191559475","191559763","KN294733v1","165140","165425","54","191394335"
"chr4","191577619","191577897","KN295236v1","1693640","1693925","73","189883979"
"chr4","191608313","191608437","KN297274v1","337343","337466","15","191270970"
"chr4","191634985","191635281","KN295345v1","974799","975091","65","190660186"
"chr4","191697140","191697344","KN295633v1","2489536","2489740","50","189207604"
"chr4","191956904","191957215","KN296682v1","4680106","4680412","60","187276798"
"chr4","191957402","191957673","KN294326v1","25710","25983","55","191931692"
"chr4","191968110","191968388","KN294287v1","105221","105492","67","191862889"
"chr4","192138005","192138343","KN296258v1","284795","285118","94","191853210"
"chr4","192197457","192197681","KN295735v1","1060126","1060348","49","191137331"
"chr4","192211384","192211673","KN294245v1","375988","376275","60","191835396"
"chr4","192232679","192232919","KN294548v1","1163292","1163530","57","191069387"
"chr4","192284808","192285102","KN296404v1","3404152","3404452","69","188880656"
"chr4","192292235","192292535","KN295225v1","2446744","2447033","57","189845491"
"chr4","192304320","192304622","KN294373v1","531886","532183","59","191772434"
"chr4","192312715","192313016","KN296424v1","578971","579280","65","191733744"
"chr4","192323957","192324087","KN297095v1","2530131","2530260","20","189793826"
"chr4","192350504","192350654","KN294592v1","905023","905168","35","191445481"
"chr4","192350956","192351144","KN295717v1","2111236","2111418","46","190239720"
"chr4","192359570","192359841","KN295352v1","683883","684168","64","191675687"
"chr4","192362119","192362410","KN297008v1","106186","106486","64","192255933"
"chr4","192365303","192365614","KN296926v1","875252","875560","69","191490051"
"chr4","192380395","192380707","KN296000v1","202376","202688","74","192178019"
"chr4","192410386","192410679","KN296580v1","250993","251295","53","192159393"
"chr4","192423278","192423597","KN295470v1","143866","144181","66","192279412"
"chr4","192430533","192430826","KN294747v1","836910","837206","68","191593623"
"chr4","192461061","192461312","KN295236v1","15720","15987","74","192445341"
"chr4","192473982","192474269","KN294613v1","737792","738092","64","191736190"
"chr4","192474710","192475016","KN296964v1","543924","544228","66","191930786"
"chr4","192477172","192477329","KN295236v1","3838327","3838479","37","188638845"
"chr4","192502375","192502504","KN295236v1","168060","168189","20","192334315"
"chr4","192502512","192502767","KN295480v1","925657","925914","68","191576855"
"chr4","192563378","192563501","KN297245v1","2241430","2241551","20","190321948"
"chr4","192591101","192591316","KN294733v1","13674","13893","52","192577427"
"chr4","192613116","192613374","KN296311v1","5549142","5549397","57","187063974"
"chr4","192801031","192801313","KN296025v1","309439","309727","61","192491592"
"chr4","192890239","192890408","KN296825v1","1485902","1486067","32","191404337"
"chr4","192913675","192913989","KN295708v1","2277404","2277721","67","190636271"
"chr4","192995331","192995557","KN295045v1","179160","179380","53","192816171"
"chr4","193024744","193024934","KN294964v1","523425","523626","59","192501319"
"chr4","193053553","193053851","KN294536v1","1285224","1285523","77","191768329"
"chr4","193182494","193182796","KN295107v1","1172905","1173191","73","192009589"
"chr4","193229100","193229399","KN296263v1","950807","951100","57","192278293"
"chr4","193257312","193257435","KN294457v1","1153863","1153984","25","192103449"
"chr4","193305266","193305541","KN295962v1","1668761","1669028","71","191636505"
"chr4","193417911","193418037","KN297083v1","758825","758949","25","192659086"
"chr4","193432520","193432797","KN296502v1","1187225","1187506","62","192245295"
"chr4","193577532","193577827","KN295744v1","654344","654638","54","192923188"
"chr4","193586888","193587172","KN294224v1","705106","705389","56","192881782"
"chr4","193588864","193589175","KN296019v1","466074","466382","75","193122790"
"chr4","193688382","193688642","KN295586v1","1823222","1823471","72","191865160"
"chr4","195026473","195026750","KN294199v1","711631","711908","74","194314842"
"chr4","195045158","195045458","KN295753v1","38327","38625","73","195006831"
"chr4","195064361","195064651","KN296079v1","23760","24040","58","195040601"
"chr4","195066640","195066785","KN294592v1","905023","905168","32","194161617"
"chr4","195070812","195071111","KN297240v1","83671","83965","86","194987141"
"chr4","195111046","195111170","KN294583v1","324699","324821","16","194786347"
"chr4","195118305","195118594","KN296157v1","3328335","3328625","71","191789970"
"chr4","195147240","195147394","KN294980v1","30686","30840","18","195116554"
"chr4","195148913","195149067","KN294980v1","30686","30840","18","195118227"
"chr4","195183848","195184152","KN294980v1","42773","43059","48","195141075"
"chr4","195229081","195229345","KN295596v1","2066478","2066746","62","193162603"
"chr4","195229414","195229698","KN295480v1","1609148","1609438","84","193620266"
"chr4","195231430","195231716","KN297245v1","2036362","2036663","61","193195068"
"chr4","195240928","195241052","KN294583v1","324699","324821","15","194916229"
"chr4","195248191","195248480","KN296157v1","3328335","3328625","73","191919856"
"chr4","195285373","195285525","KN294980v1","30686","30840","20","195254687"
"chr4","195304279","195304585","KN294980v1","42773","43059","42","195261506"
"chr4","195308321","195308616","KN295586v1","2908076","2908370","53","192400245"
"chr4","195314211","195314477","KN294879v1","469429","469686","62","194844782"
"chr4","195415344","195415601","KN297240v1","19088","19346","35","195396256"
"chr4","195425429","195425746","KN296503v1","497181","497492","76","194928248"
"chr4","195447373","195447729","KN294713v1","933268","933626","107","194514105"
"chr4","195720164","195720412","KN294848v1","2876","3140","77","195717288"
"chr4","195760944","195761047","KN294536v1","178462","178565","14","195582482"
"chr5","82837343","82837610","KN294536v1","1937322","1937597","64","80900021"
"chr5","182452107","182452227","KN295406v1","239040","239157","23","182213067"
"chr5","19791632","19791941","KN296075v1","304763","305072","65","19486869"
"chr5","28442560","28442840","KN296502v1","1187225","1187506","59","27255335"
"chr5","40632162","40632398","KN296000v1","1212721","1212956","55","39419441"
"chr5","46530496","46530629","KN295930v1","344339","344471","19","46186157"
"chr5","59637631","59637878","KN296732v1","3701939","3702190","52","55935692"
"chr5","73268980","73269261","KN296486v1","163446","163730","53","73105534"
"chr5","79036393","79036641","KN294378v1","1688642","1688882","59","77347751"
"chr5","82050961","82051156","KN296062v1","928207","928400","51","81122754"
"chr5","136052736","136053009","KN294911v1","2365174","2365431","35","133687562"
"chr5","143523633","143524001","KN295586v1","1698232","1698570","114","141825401"
"chr5","146669405","146669718","KN296062v1","170909","171224","63","146498496"
"chr5","165150409","165150725","KN296154v1","917461","917776","21","164232948"
"chr5","166854360","166854672","KN295041v1","370794","371104","63","166483566"
"chr5","168558332","168558622","KN295667v1","1110041","1110333","58","167448291"
"chr5","179175215","179175516","KN295090v1","1856219","1856519","72","177318996"
"chr5","180486081","180486210","KN295284v1","21137","21270","18","180464944"
"chr5","291836","292128","KN297197v1","4103559","4103851","56","3811723"
"chr5","294765","295072","KN296802v1","99655","99961","22","195110"
"chr5","362783","363077","KN296508v1","1815925","1816224","52","1453142"
"chr5","373014","373304","KN296119v1","742057","742348","67","369043"
"chr5","389569","389857","KN295090v1","1700669","1700953","59","1311100"
"chr5","404976","405069","KN296101v1","54132","54222","15","350844"
"chr5","461522","461827","KN294486v1","703303","703604","67","241781"
"chr5","465414","465531","KN294176v1","27436","27552","16","437978"
"chr5","515832","516141","KN294630v1","741362","741665","65","225530"
"chr5","540303","540619","KN296153v1","3498080","3498383","62","2957777"
"chr5","684316","684625","KN295988v1","1298782","1299086","54","614466"
"chr5","747935","748236","KN295459v1","127113","127421","61","620822"
"chr5","759861","760033","KN297264v1","382015","382179","51","377846"
"chr5","968150","968456","KN296802v1","799679","799975","35","168471"
"chr5","1187799","1188051","KN296802v1","602991","603246","25","584808"
"chr5","1298023","1298336","KN296802v1","497073","497383","32","800950"
"chr5","1330588","1330894","KN294234v1","1323178","1323489","63","7410"
"chr5","1348508","1348786","KN296802v1","449038","449316","13","899470"
"chr5","1350315","1350623","KN296802v1","447048","447354","22","903267"
"chr5","1395077","1395347","KN297112v1","5003420","5003702","59","3608343"
"chr5","1487094","1487408","KN295320v1","99717","100027","68","1387377"
"chr5","1909140","1909385","KN294991v1","1414666","1414927","59","494474"
"chr5","2019187","2019495","KN296486v1","1337566","1337861","58","681621"
"chr5","2167422","2167709","KN294499v1","2485948","2486229","69","318526"
"chr5","2694391","2694564","KN295722v1","2530724","2530897","34","163667"
"chr5","2757879","2758172","KN295995v1","819494","819788","72","1938385"
"chr5","2831605","2831873","KN296714v1","267512","267798","68","2564093"
"chr5","3155455","3155748","KN296557v1","833580","833872","68","2321875"
"chr5","3157913","3158209","KN296153v1","725544","725841","60","2432369"
"chr5","3161756","3161978","KN294933v1","14341","14541","56","3147415"
"chr5","3164170","3164293","KN294187v1","206656","206783","25","2957514"
"chr5","3170532","3170818","KN294548v1","375827","376110","64","2794705"
"chr5","3175774","3175929","KN296153v1","1362620","1362775","35","1813154"
"chr5","3182803","3182934","KN295174v1","309726","309858","20","2873077"
"chr5","3439614","3439899","KN295352v1","216571","216847","56","3223043"
"chr5","3463714","3464031","KN296075v1","304763","305072","72","3158951"
"chr5","3591518","3591628","KN295236v1","5125638","5125753","20","1534120"
"chr5","3658327","3658640","KN295923v1","1059973","1060283","62","2598354"
"chr5","3791803","3792099","KN296157v1","638915","639212","66","3152888"
"chr5","3890033","3890292","KN297133v1","1717938","1718210","70","2172095"
"chr5","4074241","4074364","KN296311v1","7746378","7746500","21","3672137"
"chr5","4105448","4105743","KN294703v1","272634","272925","74","3832814"
"chr5","4130765","4130889","KN294949v1","807284","807406","23","3323481"
"chr5","4135313","4135621","KN296749v1","563636","563946","70","3571677"
"chr5","4294702","4294961","KN295090v1","1993653","1993930","64","2301049"
"chr5","4431912","4432201","KN297112v1","5241747","5242033","70","809835"
"chr5","4878156","4878425","KN295523v1","2774818","2775083","66","2103338"
"chr5","4912950","4913171","KN295735v1","1060126","1060348","56","3852824"
"chr5","4990406","4990677","KN296884v1","212592","212879","48","4777814"
"chr5","5203698","5203994","KN294987v1","797207","797503","46","4406491"
"chr5","5409000","5409311","KN296019v1","451134","451443","64","4957866"
"chr5","5414420","5414732","KN296825v1","2067323","2067628","65","3347097"
"chr5","5543749","5544059","KN297108v1","304668","304974","58","5239081"
"chr5","5695185","5695479","KN296225v1","641773","642064","56","5053412"
"chr5","5714017","5714099","KN295236v1","5053822","5053905","12","660195"
"chr5","5733678","5733980","KN297184v1","1021901","1022202","67","4711777"
"chr5","5766546","5766783","KN296306v1","1148888","1149124","46","4617658"
"chr5","5833233","5833554","KN296119v1","5786271","5786591","70","46962"
"chr5","5912695","5912962","KN294777v1","491542","491814","61","5421153"
"chr5","5921685","5921992","KN295980v1","487782","488081","65","5433903"
"chr5","6006138","6006412","KN294513v1","818583","818861","64","5187555"
"chr5","6183359","6183650","KN295090v1","2290575","2290869","56","3892784"
"chr5","6330515","6330833","KN294199v1","192714","193018","76","6137801"
"chr5","6366937","6367245","KN297452v1","2419020","2419318","58","3947917"
"chr5","6454035","6454320","KN295667v1","294944","295238","52","6159091"
"chr5","6489272","6489565","KN296643v1","329281","329566","53","6159991"
"chr5","6646095","6646383","KN294728v1","385100","385392","64","6260995"
"chr5","6693363","6693666","KN294874v1","147308","147613","61","6546055"
"chr5","6760360","6760650","KN296096v1","2297832","2298124","68","4462528"
"chr5","6777146","6777231","KN296625v1","284407","284487","20","6492739"
"chr5","6778199","6778518","KN296009v1","237346","237661","60","6540853"
"chr5","6962866","6963164","KN297245v1","2036362","2036663","63","4926504"
"chr5","7153734","7153946","KN297197v1","3471646","3471850","46","3682088"
"chr5","7181686","7182006","KN295171v1","911439","911754","67","6270247"
"chr5","7245490","7245605","KN296467v1","73417","73533","29","7172073"
"chr5","7457851","7458135","KN297118v1","489340","489629","28","6968511"
"chr5","7459956","7460250","KN296508v1","2151971","2152273","61","5307985"
"chr5","7525276","7525405","KN294848v1","1270122","1270251","24","6255154"
"chr5","7592136","7592192","KN295090v1","2313818","2313871","13","5278318"
"chr5","7716607","7716922","KN296167v1","540112","540421","67","7176495"
"chr5","7725417","7725543","KN297242v1","1086093","1086216","20","6639324"
"chr5","7978115","7978412","KN295365v1","405931","406243","63","7572184"
"chr5","8131559","8131656","KN295708v1","776084","776180","22","7355475"
"chr5","8131693","8131870","KN294404v1","390625","390809","49","7741068"
"chr5","8151319","8151626","KN297442v1","1806160","1806467","62","6345159"
"chr5","8167201","8167320","KN294325v1","462364","462478","23","7704837"
"chr5","8178150","8178285","KN295564v1","676663","676798","26","7501487"
"chr5","8178593","8178770","KN294372v1","583689","583859","39","7594904"
"chr5","8244340","8244646","KN296187v1","2652299","2652597","65","5592041"
"chr5","8254174","8254488","KN296879v1","417388","417697","71","7836786"
"chr5","8319149","8319456","KN294499v1","2466913","2467200","78","5852236"
"chr5","8352669","8352941","KN296306v1","2354203","2354495","67","5998466"
"chr5","8366231","8366533","KN294453v1","4527","4826","67","8361704"
"chr5","8475784","8476074","KN296096v1","4138966","4139252","79","4336818"
"chr5","8601299","8601432","KN296187v1","2281614","2281737","32","6319685"
"chr5","8680921","8681192","KN295045v1","939413","939678","71","7741508"
"chr5","8821482","8821760","KN296833v1","419955","420236","71","8401527"
"chr5","8879878","8880117","KN294539v1","2426996","2427241","62","6452882"
"chr5","8896896","8897205","KN294501v1","1169898","1170192","94","7726998"
"chr5","9029739","9030052","KN296153v1","3375897","3376205","68","5653842"
"chr5","9265591","9265837","KN295940v1","380517","380765","55","8885074"
"chr5","9281713","9281838","KN295552v1","59038","59157","25","9222675"
"chr5","9316623","9316918","KN297320v1","1234476","1234772","60","8082147"
"chr5","9326564","9326861","KN296481v1","88757","89064","65","9237807"
"chr5","9509138","9509444","KN295343v1","556643","556945","64","8952495"
"chr5","9707785","9707945","KN294758v1","3065289","3065448","14","6642496"
"chr5","9720406","9720723","KN294758v1","3054894","3055204","28","6665512"
"chr5","9738709","9738984","KN294758v1","3036785","3037063","18","6701924"
"chr5","9757648","9757935","KN294758v1","3017748","3018047","29","6739900"
"chr5","9803825","9803927","KN294758v1","2971160","2971268","16","6832665"
"chr5","9844365","9844480","KN294569v1","227496","227611","19","9616869"
"chr5","10028430","10028725","KN296865v1","1358429","1358712","62","8670001"
"chr5","10086033","10086315","KN294758v1","2713918","2714202","26","7372115"
"chr5","10192872","10193174","KN294758v1","2623018","2623320","25","7569854"
"chr5","10224736","10225049","KN294758v1","2597397","2597700","36","7627339"
"chr5","10299768","10299881","KN295594v1","18217","18333","22","10281551"
"chr5","10313548","10313670","KN294758v1","2508722","2508841","8","7804826"
"chr5","10326143","10326456","KN294630v1","516314","516631","69","9809829"
"chr5","10359405","10359705","KN294758v1","2464907","2465216","39","7894498"
"chr5","10380096","10380332","KN294758v1","2436541","2436780","28","7943555"
"chr5","10418887","10419186","KN294758v1","2395235","2395541","30","8023652"
"chr5","10421604","10421863","KN294758v1","2392392","2392627","39","8029212"
"chr5","10427648","10427771","KN294790v1","1434382","1434504","25","8993266"
"chr5","10430658","10430923","KN294758v1","2382725","2382993","24","8047933"
"chr5","10454988","10455280","KN294758v1","2353014","2353306","20","8101974"
"chr5","10465937","10466237","KN296017v1","366720","367014","72","10099217"
"chr5","10468020","10468306","KN296503v1","267120","267395","58","10200900"
"chr5","10474265","10474532","KN294758v1","2328988","2329290","51","8145277"
"chr5","10478401","10478500","KN294257v1","2048565","2048669","17","8429836"
"chr5","10486524","10486786","KN296467v1","102375","102631","54","10384149"
"chr5","10515586","10515872","KN294758v1","2289513","2289798","36","8226073"
"chr5","10543535","10543689","KN294758v1","2261732","2261879","16","8281803"
"chr5","10552678","10552795","KN296933v1","89510","89627","15","10463168"
"chr5","10581827","10581949","KN294758v1","2225683","2225804","4","8356144"
"chr5","10585409","10585700","KN294758v1","2221199","2221491","32","8364210"
"chr5","10590294","10590573","KN294758v1","2216363","2216646","42","8373931"
"chr5","10600662","10600911","KN294758v1","2205933","2206186","21","8394729"
"chr5","10619985","10620300","KN294758v1","2186306","2186615","20","8433679"
"chr5","10625014","10625315","KN294758v1","2179789","2180089","24","8445225"
"chr5","10639875","10640172","KN294758v1","2164642","2164947","31","8475233"
"chr5","10670934","10671260","KN296158v1","1688334","1688658","68","8982600"
"chr5","10710111","10710394","KN294758v1","2102352","2102619","46","8607759"
"chr5","10716871","10717134","KN294758v1","2091035","2091271","48","8625836"
"chr5","10725116","10725428","KN294758v1","2083028","2083367","56","8642088"
"chr5","10739827","10740135","KN294758v1","2062397","2062704","16","8677430"
"chr5","10744079","10744397","KN294758v1","2058135","2058455","36","8685944"
"chr5","10783506","10783620","KN294677v1","121462","121574","17","10662044"
"chr5","10805242","10805542","KN294758v1","1995072","1995375","24","8810170"
"chr5","10816593","10816828","KN294291v1","861781","862027","63","9954812"
"chr5","10851130","10851425","KN294758v1","1940745","1941028","45","8910385"
"chr5","10907908","10908199","KN294199v1","65187","65474","54","10842721"
"chr5","11000002","11000160","KN297159v1","3123055","3123212","44","7876947"
"chr5","11073991","11074083","KN294758v1","1700740","1700833","6","9373251"
"chr5","11074446","11074652","KN294758v1","1700167","1700378","23","9374279"
"chr5","11334402","11334696","KN295102v1","76706","77002","60","11257696"
"chr5","11464006","11464295","KN294758v1","1316631","1316934","31","10147375"
"chr5","11490399","11490708","KN294758v1","1293008","1293314","29","10197391"
"chr5","11510402","11510695","KN294758v1","1282873","1283161","23","10227529"
"chr5","11583946","11584242","KN294758v1","1209716","1210025","30","10374230"
"chr5","11608096","11608296","KN294803v1","29304","29498","60","11578792"
"chr5","11608356","11608526","KN295343v1","125769","125920","44","11482587"
"chr5","11617153","11617318","KN297047v1","2892942","2893097","37","8724211"
"chr5","11617362","11617482","KN296948v1","1353311","1353432","18","10264051"
"chr5","11625805","11626010","KN294758v1","1165392","1165597","16","10460413"
"chr5","11634743","11634971","KN294758v1","1155751","1155987","22","10478992"
"chr5","11646102","11646381","KN294758v1","1144192","1144466","18","10501910"
"chr5","11678730","11679018","KN294758v1","1109930","1110224","25","10568800"
"chr5","11682757","11682988","KN294758v1","1105930","1106167","27","10576827"
"chr5","11684635","11684898","KN295294v1","2247366","2247622","60","9437269"
"chr5","11704862","11705175","KN294758v1","1083029","1083362","46","10621833"
"chr5","11815180","11815466","KN294758v1","969739","970038","34","10845441"
"chr5","11861000","11861270","KN294758v1","923874","924152","21","10937126"
"chr5","11982390","11982514","KN294758v1","803430","803554","9","11178960"
"chr5","12034671","12034957","KN294758v1","746802","747088","15","11287869"
"chr5","12213147","12213441","KN294758v1","561920","562252","54","11651227"
"chr5","12226885","12227168","KN297215v1","575914","576184","70","11650971"
"chr5","12328921","12329072","KN294806v1","535637","535792","31","11793284"
"chr5","12371753","12371835","KN294790v1","7151145","7151226","13","5220608"
"chr5","12391620","12391909","KN294758v1","351490","351777","29","12040130"
"chr5","12470108","12470326","KN294758v1","262126","262354","25","12207982"
"chr5","12481155","12481471","KN294758v1","251034","251352","38","12230121"
"chr5","12508344","12508601","KN294758v1","218506","218776","36","12289838"
"chr5","12706416","12706713","KN297144v1","1140692","1140983","63","11565724"
"chr5","12743136","12743438","KN297171v1","35888","36197","23","12707248"
"chr5","12743672","12743847","KN294199v1","1594620","1594797","42","11149052"
"chr5","12836425","12836708","KN297171v1","146546","146827","33","12689879"
"chr5","12889873","12890149","KN297171v1","224890","225147","36","12664983"
"chr5","13030724","13030946","KN297171v1","559245","559471","26","12471479"
"chr5","13085745","13085840","KN297245v1","1006200","1006289","27","12079545"
"chr5","13193988","13194276","KN294373v1","531886","532183","62","12662102"
"chr5","13234198","13234545","KN296404v1","2132028","2132349","91","11102170"
"chr5","13338484","13338723","KN297171v1","872639","872835","63","12465845"
"chr5","13414033","13414128","KN297171v1","952496","952591","4","12461537"
"chr5","13414396","13414627","KN297171v1","952859","953092","19","12461537"
"chr5","13444200","13444417","KN295814v1","1049726","1049938","52","12394474"
"chr5","13669329","13669452","KN297171v1","1225364","1225486","10","12443965"
"chr5","13740526","13740813","KN297171v1","1296721","1297008","33","12443805"
"chr5","13749360","13749630","KN297171v1","1305428","1305733","64","12443932"
"chr5","13770516","13770775","KN296096v1","2485316","2485572","47","11285200"
"chr5","13817799","13818085","KN296322v1","1148106","1148393","72","12669693"
"chr5","13863371","13863657","KN297171v1","1415621","1415902","23","12447750"
"chr5","13964443","13964743","KN297171v1","1515723","1516017","28","12448720"
"chr5","14016712","14016835","KN297171v1","1568587","1568710","8","12448125"
"chr5","14089961","14090253","KN297171v1","1636909","1637229","46","12453052"
"chr5","14100074","14100383","KN297171v1","1648522","1648825","27","12451552"
"chr5","14111742","14111966","KN297171v1","1661136","1661355","21","12450606"
"chr5","14123855","14124002","KN295171v1","1083878","1084037","38","13039977"
"chr5","14192343","14192639","KN297171v1","1739226","1739534","43","12453117"
"chr5","14212032","14212282","KN297171v1","1761022","1761264","32","12451010"
"chr5","14222740","14223038","KN297171v1","1768732","1769027","33","12454008"
"chr5","14225924","14226196","KN297171v1","1771755","1772026","16","12454169"
"chr5","14234547","14234864","KN297171v1","1780034","1780334","33","12454513"
"chr5","14239386","14239677","KN297171v1","1784895","1785195","25","12454491"
"chr5","14249200","14249471","KN297171v1","1794503","1794775","22","12454697"
"chr5","14281675","14281994","KN296247v1","457481","457780","69","13824194"
"chr5","14306292","14306607","KN297171v1","1851537","1851850","24","12454755"
"chr5","14309483","14309764","KN297171v1","1854690","1854971","23","12454793"
"chr5","14327977","14328244","KN297171v1","1872901","1873181","28","12455076"
"chr5","14338746","14338984","KN297171v1","1884067","1884311","20","12454679"
"chr5","14339678","14339965","KN297171v1","1885081","1885348","38","12454597"
"chr5","14380714","14380831","KN297171v1","1928408","1928528","11","12452306"
"chr5","14380835","14381170","KN294217v1","1883176","1883497","86","12497659"
"chr5","14389662","14389864","KN297171v1","1937595","1937797","9","12452067"
"chr5","14436034","14436151","KN297171v1","1985361","1985478","9","12450673"
"chr5","14436613","14436765","KN296442v1","236908","237069","43","14199705"
"chr5","14441192","14441417","KN297171v1","1990264","1990474","25","12450928"
"chr5","14530306","14530444","KN296316v1","342715","342852","43","14187591"
"chr5","14620817","14621132","KN296019v1","466074","466382","67","14154743"
"chr5","14624845","14625154","KN297171v1","2173186","2173503","34","12451659"
"chr5","14719684","14719814","KN297171v1","2274577","2274698","18","12445107"
"chr5","14722050","14722399","KN297171v1","2276614","2276972","30","12445436"
"chr5","14750311","14750580","KN295523v1","3118454","3118721","61","11631857"
"chr5","14794701","14795005","KN297171v1","2349315","2349619","22","12445386"
"chr5","14795505","14795707","KN297171v1","2350125","2350328","10","12445380"
"chr5","14798382","14798628","KN297171v1","2351220","2351468","19","12447162"
"chr5","14812064","14812361","KN295320v1","53994","54294","60","14758070"
"chr5","14814175","14814465","KN297171v1","2368637","2368923","24","12445538"
"chr5","14815300","14815528","KN297171v1","2370092","2370325","17","12445208"
"chr5","14819160","14819456","KN297171v1","2373962","2374263","28","12445198"
"chr5","14868125","14868407","KN297171v1","2424355","2424652","40","12443770"
"chr5","14911012","14911321","KN294234v1","392298","392600","56","14518714"
"chr5","14945314","14945625","KN297171v1","2497088","2497387","32","12448226"
"chr5","14958089","14958381","KN297171v1","2510502","2510793","19","12447587"
"chr5","14998342","14998652","KN294372v1","683041","683334","74","14315301"
"chr5","15004701","15004748","KN294372v1","222351","222395","9","14782350"
"chr5","15067162","15067473","KN297171v1","2626884","2627197","28","12440278"
"chr5","15074453","15074738","KN297171v1","2634431","2634715","20","12440022"
"chr5","15097642","15097921","KN295171v1","306509","306787","60","14791133"
"chr5","15113430","15113772","KN296311v1","4669649","4669986","81","10443781"
"chr5","15137894","15138201","KN295236v1","3169501","3169813","55","11968393"
"chr5","15225353","15225653","KN297171v1","2793121","2793417","29","12432232"
"chr5","15250160","15250465","KN297171v1","2815279","2815574","27","12434881"
"chr5","15367769","15368032","KN297171v1","2938324","2938585","31","12429445"
"chr5","15634474","15634753","KN297171v1","3229019","3229276","47","12405455"
"chr5","15745870","15746163","KN297171v1","3335618","3335912","17","12410252"
"chr5","15754781","15755087","KN297171v1","3343673","3343980","24","12411108"
"chr5","15772023","15772315","KN297171v1","3360192","3360474","67","12411831"
"chr5","15891484","15891714","KN295371v1","66309","66526","64","15825175"
"chr5","15915908","15916195","KN297171v1","3512178","3512460","33","12403730"
"chr5","15946757","15947055","KN297171v1","3543503","3543784","37","12403254"
"chr5","16065307","16065617","KN297171v1","3657964","3658272","18","12407343"
"chr5","16399187","16399473","KN297171v1","3991681","3991971","24","12407506"
"chr5","16485998","16486313","KN294987v1","1079259","1079566","68","15406739"
"chr5","16589334","16589648","KN296138v1","47364","47687","63","16541970"
"chr5","16685330","16685622","KN295225v1","2446744","2447033","54","14238586"
"chr5","16707193","16707504","KN296508v1","2151971","2152273","58","14555222"
"chr5","16738334","16738659","KN295586v1","2908076","2908370","84","13830258"
"chr5","16740539","16740828","KN295592v1","1910069","1910349","74","14830470"
"chr5","16802065","16802365","KN296019v1","466074","466382","61","16335991"
"chr5","16820757","16820981","KN295371v1","66309","66526","54","16754448"
"chr5","16825138","16825419","KN295820v1","792314","792591","70","16032824"
"chr5","16837915","16838193","KN295343v1","371433","371715","58","16466482"
"chr5","16884941","16885262","KN296907v1","663663","663973","64","16221278"
"chr5","16895863","16896163","KN294571v1","1345682","1345993","59","15550181"
"chr5","16901378","16901685","KN295102v1","76706","77002","69","16824672"
"chr5","16909453","16909582","KN295708v1","2162566","2162690","21","14746887"
"chr5","16912973","16913177","KN297190v1","4625605","4625803","47","12287368"
"chr5","16942796","16942991","KN295099v1","85065","85254","49","16857731"
"chr5","16947924","16948236","KN294416v1","125889","126195","65","16822035"
"chr5","16950248","16950525","KN296365v1","497706","497982","64","16452542"
"chr5","16981808","16982076","KN296093v1","78953","79230","78","16902855"
"chr5","16984545","16984826","KN294790v1","5570479","5570758","72","11414066"
"chr5","16998584","16998854","KN294375v1","679188","679462","59","16319396"
"chr5","17062496","17062800","KN297319v1","214169","214469","59","16848327"
"chr5","17091096","17091364","KN295090v1","427709","427974","68","16663387"
"chr5","17093533","17093813","KN295365v1","534529","534812","53","16559004"
"chr5","17100282","17100382","KN295439v1","192901","193000","14","16907381"
"chr5","17101642","17101922","KN297442v1","1544491","1544771","64","15557151"
"chr5","17108766","17109045","KN294453v1","4527","4826","59","17104239"
"chr5","17111328","17111599","KN297154v1","1712499","1712777","58","15398829"
"chr5","17133316","17133516","KN295006v1","571031","571228","38","16562285"
"chr5","17185178","17185311","KN296795v1","713732","713867","21","16471446"
"chr5","17185622","17185724","KN296538v1","1531004","1531107","22","15654618"
"chr5","17189911","17190107","KN296178v1","437213","437404","53","16752698"
"chr5","17193560","17193861","KN294172v1","6566585","6566884","59","10626975"
"chr5","17208736","17209037","KN294790v1","2718885","2719185","63","14489851"
"chr5","17215353","17215671","KN294728v1","1536659","1536964","63","15678694"
"chr5","17228333","17228622","KN296964v1","1073453","1073741","54","16154880"
"chr5","17237904","17238201","KN296635v1","4355215","4355519","67","12882689"
"chr5","17261956","17262237","KN297274v1","118574","118852","46","17143382"
"chr5","17263191","17263464","KN295257v1","2276","2544","58","17260915"
"chr5","17266738","17267033","KN296096v1","3508595","3508884","59","13758143"
"chr5","17268508","17268820","KN295352v1","1132418","1132739","81","16136090"
"chr5","17281251","17281526","KN294713v1","248799","249084","59","17032452"
"chr5","17284316","17284590","KN294147v1","164496","164778","57","17119820"
"chr5","17306191","17306480","KN294991v1","1727164","1727454","67","15579027"
"chr5","17477340","17477615","KN294548v1","375827","376110","65","17101513"
"chr5","17503946","17504248","KN294592v1","1072173","1072464","60","16431773"
"chr5","17505814","17506105","KN296062v1","1015265","1015565","68","16490549"
"chr5","18013296","18013600","KN294991v1","693040","693334","55","17320256"
"chr5","18037088","18037387","KN294161v1","628927","629225","65","17408161"
"chr5","18084123","18084415","KN294747v1","836910","837206","59","17247213"
"chr5","18127179","18127468","KN294800v1","58275","58560","62","18068904"
"chr5","18151890","18152187","KN295236v1","1641924","1642218","77","16509966"
"chr5","18299723","18299941","KN296921v1","596066","596271","58","17703657"
"chr5","18424811","18425096","KN294207v1","82820","83097","67","18341991"
"chr5","18546190","18546355","KN294842v1","1512993","1513156","35","17033197"
"chr5","18556936","18557234","KN296119v1","1559413","1559703","74","16997523"
"chr5","18581565","18581860","KN295936v1","828090","828389","64","17753475"
"chr5","18616466","18616679","KN296225v1","404111","404328","48","18212355"
"chr5","18648202","18648503","KN296404v1","3404152","3404452","66","15244050"
"chr5","18690209","18690512","KN294513v1","890661","890959","65","17799548"
"chr5","18784589","18784872","KN294992v1","15213","15495","62","18769376"
"chr5","18790443","18790744","KN295459v1","127113","127421","75","18663330"
"chr5","18802223","18802511","KN294407v1","1992089","1992389","77","16810134"
"chr5","18805940","18806013","KN295114v1","121687","121759","25","18684253"
"chr5","18841125","18841280","KN296311v1","98805","98963","30","18742320"
"chr5","18841314","18841432","KN296933v1","89510","89627","15","18751804"
"chr5","18907118","18907234","KN294365v1","2014204","2014320","21","16892914"
"chr5","19050338","19050481","KN294420v1","220186","220313","44","18830152"
"chr5","19123064","19123274","KN294592v1","1308977","1309175","40","17814087"
"chr5","19227539","19227866","KN295717v1","1561430","1561737","87","17666109"
"chr5","19253775","19253899","KN296158v1","1661941","1662067","22","17591834"
"chr5","19255455","19255641","KN295366v1","360475","360655","37","18894980"
"chr5","19278857","19279158","KN295459v1","1693986","1694288","60","17584871"
"chr5","19282388","19282692","KN295936v1","2737563","2737863","66","16544825"
"chr5","19283070","19283361","KN296122v1","4021","4306","59","19279049"
"chr5","19394195","19394315","KN296290v1","3001388","3001511","20","16392807"
"chr5","19400403","19400665","KN296682v1","2907782","2908047","69","16492621"
"chr5","19425972","19426094","KN296386v1","577333","577454","20","18848639"
"chr5","19426165","19426465","KN296833v1","371617","371913","66","19054548"
"chr5","19468695","19468969","KN297453v1","395795","396060","69","19072900"
"chr5","19492286","19492580","KN296290v1","1369272","1369563","57","18123014"
"chr5","19495896","19496166","KN294454v1","37387","37658","69","19458509"
"chr5","19510185","19510498","KN296682v1","4680106","4680412","60","14830079"
"chr5","19523297","19523574","KN297190v1","3735620","3735887","70","15787677"
"chr5","19556778","19557058","KN295820v1","792314","792591","60","18764464"
"chr5","19674300","19674574","KN297452v1","1960359","1960634","52","17713941"
"chr5","19755033","19755312","KN294199v1","797317","797602","59","18957716"
"chr5","19797675","19797954","KN295814v1","1382084","1382359","75","18415591"
"chr5","19800390","19800677","KN294199v1","65187","65474","56","19735203"
"chr5","19806011","19806303","KN297458v1","454656","454942","66","19351355"
"chr5","19842772","19843057","KN294848v1","912345","912627","61","18930427"
"chr5","19882334","19882622","KN295074v1","977960","978248","62","18904374"
"chr5","19888382","19888692","KN294873v1","1632032","1632340","58","18256350"
"chr5","20015794","20016097","KN294630v1","741362","741665","59","19274432"
"chr5","20197608","20197914","KN294462v1","421387","421690","66","19776221"
"chr5","20323075","20323381","KN294325v1","92496","92787","73","20230579"
"chr5","20412411","20412636","KN294257v1","2273983","2274202","59","18138428"
"chr5","20497876","20497998","KN294790v1","4789271","4789391","17","15708605"
"chr5","20500001","20500213","KN297442v1","231184","231387","50","20268817"
"chr5","20539758","20540041","KN294420v1","824265","824553","67","19715493"
"chr5","20600106","20600455","KN295375v1","808373","808712","95","19791733"
"chr5","20676644","20676950","KN296311v1","3727125","3727424","52","16949519"
"chr5","20708360","20708644","KN296062v1","2481180","2481463","49","18227180"
"chr5","20722486","20722840","KN297105v1","357610","357933","105","20364876"
"chr5","20777954","20778172","KN297442v1","1905445","1905663","47","18872509"
"chr5","20778771","20778981","KN295573v1","1351873","1352075","48","19426898"
"chr5","20783075","20783352","KN294199v1","305507","305790","56","20477568"
"chr5","20788976","20789263","KN295074v1","977960","978248","59","19811016"
"chr5","20825781","20826084","KN296486v1","1337566","1337861","59","19488215"
"chr5","20833826","20834129","KN295107v1","1051267","1051565","57","19782559"
"chr5","20839722","20840036","KN295533v1","1938142","1938450","70","18901580"
"chr5","20848898","20849095","KN295605v1","87268","87464","45","20761630"
"chr5","20866976","20867248","KN294499v1","2485948","2486229","58","18381028"
"chr5","20881153","20881405","KN296938v1","783163","783396","68","20097990"
"chr5","20901213","20901518","KN294214v1","1546443","1546751","55","19354770"
"chr5","20947690","20947806","KN297467v1","200645","200759","26","20747045"
"chr5","20947838","20948066","KN294747v1","170197","170410","65","20777641"
"chr5","21078629","21078927","KN297320v1","1234476","1234772","54","19844153"
"chr5","21080014","21080130","KN296311v1","3736084","3736200","20","17343930"
"chr5","21080170","21080275","KN295596v1","1294243","1294340","27","19785927"
"chr5","21087016","21087308","KN295343v1","329489","329788","66","20757527"
"chr5","21142316","21142590","KN295984v1","3363324","3363594","66","17778992"
"chr5","21146585","21146712","KN295523v1","1088645","1088770","18","20057940"
"chr5","21206679","21206983","KN297008v1","4992637","4992950","60","16214042"
"chr5","21219416","21219636","KN296153v1","1417144","1417371","47","19802272"
"chr5","21245475","21245765","KN296864v1","1528627","1528910","56","19716848"
"chr5","21262144","21262402","KN295744v1","187097","187357","58","21075047"
"chr5","21343889","21344173","KN296836v1","756580","756853","67","20587309"
"chr5","21353931","21354054","KN295577v1","185101","185223","23","21168830"
"chr5","21384541","21384893","KN295596v1","1523227","1523562","84","19861314"
"chr5","21413589","21413814","KN296406v1","261615","261855","63","21151974"
"chr5","21455681","21455968","KN296783v1","114110","114398","22","21341571"
"chr5","21532330","21532636","KN296783v1","189810","190096","66","21342520"
"chr5","21561040","21561313","KN296783v1","222767","223043","27","21338273"
"chr5","21581832","21582109","KN294848v1","1127012","1127285","67","20454820"
"chr5","21587726","21588020","KN296783v1","257839","258132","33","21329887"
"chr5","21637199","21637498","KN296017v1","366720","367014","49","21270479"
"chr5","21641976","21642265","KN296783v1","317693","317979","27","21324283"
"chr5","21658682","21658988","KN296783v1","330253","330556","31","21328429"
"chr5","21689695","21690001","KN296783v1","369426","369734","26","21320269"
"chr5","21694125","21694427","KN294630v1","741362","741665","67","20952763"
"chr5","21730713","21731009","KN296783v1","414108","414415","38","21316605"
"chr5","21735903","21736159","KN296783v1","417075","417331","19","21318828"
"chr5","21753928","21754222","KN296783v1","435598","435880","42","21318330"
"chr5","21800474","21800737","KN296783v1","481874","482136","19","21318600"
"chr5","21837265","21837534","KN296783v1","523983","524285","54","21313282"
"chr5","21840652","21840950","KN296643v1","329281","329566","68","21511371"
"chr5","21853253","21853545","KN295977v1","577114","577405","55","21276139"
"chr5","21862191","21862405","KN296783v1","551629","551845","14","21310562"
"chr5","22006170","22006304","KN296783v1","696674","696813","11","21309496"
"chr5","22049605","22049925","KN296783v1","744347","744669","20","21305258"
"chr5","22124877","22125166","KN296783v1","821136","821389","56","21303741"
"chr5","22228456","22228762","KN296783v1","935496","935798","39","21292960"
"chr5","22590981","22591063","KN296783v1","1275181","1275263","3","21315800"
"chr5","22639725","22640018","KN296783v1","1321543","1321840","28","21318182"
"chr5","22824430","22824601","KN294444v1","122359","122530","49","22702071"
"chr5","22849216","22849463","KN296783v1","1533932","1534188","39","21315284"
"chr5","22979787","22979992","KN297274v1","101452","101662","52","22878335"
"chr5","23034428","23034685","KN296639v1","693272","693528","19","22341156"
"chr5","23087823","23088114","KN296639v1","631101","631392","23","22456722"
"chr5","23373425","23373684","KN296639v1","366287","366532","25","23007138"
"chr5","23402370","23402657","KN296639v1","337657","337933","28","23064713"
"chr5","23437065","23437372","KN296639v1","313678","313983","35","23123387"
"chr5","23696072","23696351","KN296639v1","38961","39248","26","23657111"
"chr5","23697193","23697452","KN295099v1","320922","321191","58","23376271"
"chr5","23797254","23797537","KN295430v1","1217548","1217833","61","22579706"
"chr5","23852080","23852368","KN296608v1","544619","544908","20","23307461"
"chr5","23903647","23903946","KN296608v1","494176","494475","19","23409471"
"chr5","23918548","23918832","KN296608v1","479409","479686","27","23439139"
"chr5","23965218","23965449","KN296608v1","434647","434905","54","23530571"
"chr5","24015794","24016061","KN297141v1","14783","15062","74","24001011"
"chr5","24017647","24017938","KN296608v1","379376","379668","25","23638271"
"chr5","24041511","24041628","KN296608v1","353763","353874","12","23687748"
"chr5","24071397","24071520","KN296158v1","988124","988245","28","23083273"
"chr5","24086081","24086385","KN296608v1","307853","308160","30","23778228"
"chr5","24094323","24094621","KN296608v1","296807","297106","21","23797516"
"chr5","24104741","24105025","KN296608v1","284710","285011","36","23820031"
"chr5","24141922","24142215","KN296608v1","246294","246584","29","23895628"
"chr5","24143491","24143786","KN295090v1","2290575","2290869","59","21852916"
"chr5","24147112","24147439","KN296608v1","242261","242586","30","23904851"
"chr5","24178576","24178764","KN295236v1","812339","812534","48","23366237"
"chr5","24204356","24204520","KN295610v1","242345","242495","46","23962011"
"chr5","24207652","24207951","KN296608v1","181517","181816","16","24026135"
"chr5","24215307","24215599","KN295936v1","2737563","2737863","55","21477744"
"chr5","24219651","24219773","KN296608v1","171023","171138","12","24048628"
"chr5","24250692","24250965","KN296608v1","138599","138872","25","24112093"
"chr5","24255528","24255814","KN294630v1","530859","531151","54","23724669"
"chr5","24289850","24289967","KN297105v1","1334363","1334481","13","22955487"
"chr5","24313553","24313878","KN296608v1","65682","65995","38","24247871"
"chr5","24325966","24326264","KN295984v1","3197280","3197579","53","21128686"
"chr5","24353311","24353585","KN296608v1","23972","24241","24","24329339"
"chr5","24378611","24378905","KN297117v1","554971","555223","59","23823640"
"chr5","24396881","24397180","KN297117v1","535742","536043","22","23861139"
"chr5","24423327","24423508","KN297117v1","510454","510616","27","23912873"
"chr5","24445280","24445581","KN294372v1","683041","683334","79","23762239"
"chr5","24454911","24455166","KN297117v1","472016","472271","16","23982895"
"chr5","24469053","24469204","KN294591v1","323446","323599","37","24145607"
"chr5","24469451","24469560","KN295117v1","273413","273523","20","24196038"
"chr5","24470743","24470978","KN297117v1","451141","451389","28","24019602"
"chr5","24504183","24504477","KN297117v1","416987","417284","17","24087196"
"chr5","24604986","24605295","KN297117v1","319262","319557","34","24285724"
"chr5","24608807","24609067","KN297117v1","315381","315639","22","24293426"
"chr5","24621942","24622205","KN297117v1","302023","302286","24","24319919"
"chr5","24628752","24628904","KN297117v1","293757","293898","18","24334995"
"chr5","24644619","24644726","KN297117v1","277710","277808","12","24366909"
"chr5","24721770","24722037","KN295667v1","2426026","2426267","77","22295744"
"chr5","24726934","24727218","KN297117v1","199911","200195","19","24527023"
"chr5","24771267","24771549","KN297117v1","157764","158049","28","24613503"
"chr5","24830752","24831038","KN297117v1","104395","104702","43","24726357"
"chr5","24849211","24849557","KN294613v1","576993","577314","96","24272218"
"chr5","24921781","24922074","KN297117v1","15617","15911","25","24906164"
"chr5","25014167","25014485","KN296547v1","888231","888537","62","24125936"
"chr5","25040239","25040546","KN294848v1","46660","46962","73","24993579"
"chr5","25068008","25068131","KN295159v1","72714","72837","25","24995294"
"chr5","25106283","25106592","KN294172v1","841497","841800","58","24264786"
"chr5","25205283","25205389","KN294421v1","1083189","1083301","25","24122094"
"chr5","25219323","25219624","KN297320v1","1234476","1234772","61","23984847"
"chr5","25227113","25227411","KN295343v1","556643","556945","63","24670470"
"chr5","25232817","25233083","KN296036v1","998342","998618","58","24234475"
"chr5","25583038","25583328","KN295362v1","1128825","1129113","59","24454213"
"chr5","25626409","25626706","KN294470v1","723071","723355","62","24903338"
"chr5","25706730","25707028","KN295666v1","2230918","2231211","64","23475812"
"chr5","25802696","25802989","KN296357v1","601940","602226","59","25200756"
"chr5","25923505","25923791","KN294172v1","439163","439451","67","25484342"
"chr5","25935745","25936065","KN296157v1","2885759","2886079","80","23049986"
"chr5","26022511","26022798","KN294469v1","13562","13833","76","26008949"
"chr5","26030870","26031151","KN294665v1","137373","137668","71","25893497"
"chr5","26186154","26186345","KN296562v1","22082","22265","26","26164072"
"chr5","26272489","26272818","KN296562v1","121225","121545","62","26151264"
"chr5","26308229","26308468","KN296562v1","161246","161491","22","26146983"
"chr5","26601366","26601668","KN296847v1","4573","4868","65","26596793"
"chr5","26602528","26602819","KN294987v1","797207","797503","60","25805321"
"chr5","26640309","26640436","KN295241v1","13751","13877","32","26626558"
"chr5","26640727","26640883","KN296435v1","2479149","2479300","42","24161578"
"chr5","26652269","26652546","KN295484v1","634266","634551","63","26018003"
"chr5","26663948","26664255","KN294513v1","41289","41598","68","26622659"
"chr5","26741434","26741738","KN297154v1","1589984","1590287","67","25151450"
"chr5","26759242","26759531","KN296481v1","518302","518590","54","26240940"
"chr5","26799302","26799619","KN294470v1","3146483","3146791","60","23652819"
"chr5","26855407","26855454","KN294199v1","913213","913251","14","25942194"
"chr5","26856565","26856787","KN294470v1","2849831","2850044","57","24006734"
"chr5","26974761","26975065","KN296821v1","118419","118725","67","26856342"
"chr5","27006622","27006705","KN296266v1","57220","57302","15","26949402"
"chr5","27053667","27053970","KN297094v1","278575","278875","62","26775092"
"chr5","27081109","27081231","KN294790v1","3236928","3237050","15","23844181"
"chr5","27084449","27084734","KN296682v1","2050362","2050646","77","25034087"
"chr5","27087648","27087972","KN295236v1","4816927","4817247","65","22270721"
"chr5","27091721","27091888","KN296732v1","2470039","2470209","27","24621682"
"chr5","27092184","27092322","KN296096v1","1372291","1372426","29","25719893"
"chr5","27157661","27157972","KN297008v1","6395479","6395790","72","20762182"
"chr5","27171344","27171613","KN296009v1","1318883","1319149","56","25852461"
"chr5","27175328","27175608","KN296964v1","1747476","1747773","69","25427852"
"chr5","27200188","27200468","KN295099v1","135049","135328","55","27065139"
"chr5","27203024","27203144","KN296290v1","473346","473469","22","26729678"
"chr5","27207908","27208191","KN294848v1","912345","912627","56","26295563"
"chr5","27217094","27217396","KN294987v1","797207","797503","56","26419887"
"chr5","27221696","27221812","KN295045v1","526689","526806","20","26695007"
"chr5","27226415","27226545","KN295480v1","1422776","1422900","26","25803639"
"chr5","27230284","27230570","KN295198v1","592192","592480","59","26638092"
"chr5","27241913","27242185","KN296036v1","154941","155208","66","27086972"
"chr5","27250727","27251042","KN294410v1","7012","7319","68","27243715"
"chr5","27275340","27275639","KN295294v1","2860409","2860714","73","24414931"
"chr5","27275670","27275787","KN296635v1","2381626","2381742","23","24894044"
"chr5","27278498","27278711","KN295667v1","213724","213932","54","27064774"
"chr5","27278956","27279037","KN295994v1","496775","496860","16","26782181"
"chr5","27372176","27372466","KN296225v1","641773","642064","68","26730403"
"chr5","27389541","27389833","KN294410v1","96926","97205","66","27292615"
"chr5","27521994","27522126","KN297026v1","1361544","1361674","24","26160450"
"chr5","27684685","27684881","KN296846v1","1018532","1018734","54","26666153"
"chr5","27706496","27706625","KN295592v1","1958246","1958370","20","25748250"
"chr5","28024501","28024766","KN294758v1","3036785","3037063","68","24987716"
"chr5","28124458","28124774","KN296831v1","571174","571488","80","27553284"
"chr5","28162751","28163050","KN295308v1","2331353","2331653","63","25831398"
"chr5","28200331","28200628","KN295923v1","2278179","2278471","64","25922152"
"chr5","28207088","28207382","KN295236v1","1209007","1209293","69","26998081"
"chr5","28215968","28216249","KN294187v1","1653394","1653672","55","26562574"
"chr5","28254523","28254656","KN296158v1","480140","480278","28","27774383"
"chr5","28268094","28268387","KN296311v1","2364482","2364781","63","25903612"
"chr5","28292721","28292845","KN296577v1","106226","106347","22","28186495"
"chr5","28318572","28318653","KN294647v1","182254","182336","15","28136318"
"chr5","28377411","28377620","KN294650v1","65157","65361","54","28312254"
"chr5","28408834","28408960","KN296732v1","2322638","2322765","31","26086196"
"chr5","28502423","28502720","KN296569v1","587342","587632","28","27915081"
"chr5","28570372","28570507","KN296569v1","522973","523108","7","28047399"
"chr5","28587448","28587743","KN296569v1","504988","505281","47","28082460"
"chr5","28673129","28673442","KN296569v1","419367","419684","20","28253762"
"chr5","28678340","28678626","KN296569v1","414503","414788","23","28263837"
"chr5","28783314","28783553","KN297154v1","1392043","1392274","65","27391271"
"chr5","28867777","28868091","KN296569v1","225563","225866","28","28642214"
"chr5","28881259","28881555","KN296569v1","209680","209962","49","28671579"
"chr5","28894720","28894993","KN296569v1","195252","195523","31","28699468"
"chr5","28959987","28960258","KN296311v1","3103604","3103883","55","25856383"
"chr5","28965326","28965624","KN296017v1","366720","367014","56","28598606"
"chr5","29006283","29006559","KN296569v1","79359","79651","35","28926924"
"chr5","29144225","29144545","KN295236v1","3592130","3592428","84","25552095"
"chr5","29164089","29164263","KN297133v1","752216","752384","36","28411873"
"chr5","29164310","29164426","KN296090v1","18457","18575","26","29145853"
"chr5","29428510","29428790","KN295687v1","62246","62530","33","29366264"
"chr5","29456361","29456644","KN295692v1","338950","339232","62","29117411"
"chr5","29569665","29569937","KN294592v1","726136","726381","84","28843529"
"chr5","29588282","29588576","KN295829v1","1086465","1086757","27","28501817"
"chr5","29589734","29589873","KN295829v1","1085163","1085302","8","28504571"
"chr5","29743112","29743409","KN295829v1","899302","899587","34","28843810"
"chr5","29757680","29757978","KN295829v1","883151","883463","36","28874529"
"chr5","30063932","30064045","KN296588v1","349940","350058","18","29713992"
"chr5","30245824","30246107","KN297046v1","3036778","3037058","73","27209046"
"chr5","30478774","30479098","KN295829v1","87027","87324","51","30391747"
"chr5","30629105","30629446","KN294470v1","1511567","1511900","72","29117538"
"chr5","30714640","30714751","KN294457v1","1112481","1112588","26","29602159"
"chr5","30847617","30847921","KN297242v1","1435799","1436095","65","29411818"
"chr5","30849957","30850184","KN296195v1","16893","17114","51","30833064"
"chr5","30940151","30940281","KN296381v1","4852","4979","23","30935299"
"chr5","30976852","30977121","KN297327v1","441211","441491","69","30535641"
"chr5","31059231","31059506","KN297442v1","1017634","1017889","69","30041597"
"chr5","31267410","31267700","KN296404v1","3404152","3404452","62","27863258"
"chr5","31316802","31317107","KN294181v1","481862","482169","76","30834940"
"chr5","31323369","31323672","KN296311v1","3074623","3074927","65","28248746"
"chr5","31538350","31538635","KN296435v1","2526947","2527238","60","29011403"
"chr5","31625846","31626107","KN296926v1","385177","385437","65","31240669"
"chr5","31682408","31682723","KN295936v1","1429651","1429952","76","30252757"
"chr5","31754229","31754517","KN296311v1","4141309","4141593","65","27612920"
"chr5","31783332","31783412","KN297184v1","19787","19870","18","31763545"
"chr5","32158596","32158892","KN295365v1","618540","618829","66","31540056"
"chr5","32197709","32197997","KN296079v1","23760","24040","72","32173949"
"chr5","32360667","32360969","KN294172v1","511981","512290","64","31848686"
"chr5","32480248","32480583","KN295697v1","618718","619036","73","31861530"
"chr5","32505367","32505542","KN294879v1","340989","341153","50","32164378"
"chr5","32577937","32578236","KN296538v1","1793220","1793524","70","30784717"
"chr5","32678111","32678407","KN294747v1","836910","837206","51","31841201"
"chr5","32786701","32786820","KN295371v1","892051","892168","18","31894650"
"chr5","33123408","33123707","KN294454v1","473949","474241","63","32649459"
"chr5","33263166","33263465","KN296017v1","366720","367014","56","32896446"
"chr5","33327926","33328032","KN295294v1","1099162","1099266","23","32228764"
"chr5","33418527","33418637","KN294831v1","628074","628184","21","32790453"
"chr5","33426120","33426242","KN297046v1","39490","39613","17","33386630"
"chr5","33450195","33450323","KN294416v1","636166","636292","24","32814029"
"chr5","33539529","33539830","KN296508v1","1810667","1810964","56","31728862"
"chr5","33551496","33551787","KN296404v1","3404152","3404452","61","30147344"
"chr5","33574811","33575108","KN294874v1","102201","102494","55","33472610"
"chr5","33607613","33607866","KN294842v1","1027592","1027854","50","32580021"
"chr5","33611847","33612139","KN295667v1","1110041","1110333","56","32501806"
"chr5","33697713","33698006","KN295803v1","1287741","1288030","56","32409972"
"chr5","33834377","33834516","KN294630v1","59491","59629","21","33774886"
"chr5","33845216","33845458","KN296864v1","425166","425409","59","33420050"
"chr5","33886950","33887263","KN296075v1","304763","305072","61","33582187"
"chr5","33907781","33908114","KN294647v1","71563","71868","87","33836218"
"chr5","33974540","33974836","KN294470v1","572183","572469","65","33402357"
"chr5","34008761","34009025","KN296864v1","1224385","1224648","61","32784376"
"chr5","34013781","34014064","KN294218v1","1780953","1781231","63","32232828"
"chr5","34060834","34061139","KN294470v1","2662891","2663210","76","31397943"
"chr5","34113330","34113462","KN294634v1","303368","303505","21","33809962"
"chr5","34113767","34113929","KN295962v1","2477409","2477569","36","31636358"
"chr5","34159199","34159498","KN296508v1","2151971","2152273","63","32007228"
"chr5","34202783","34203083","KN296404v1","3404152","3404452","67","30798631"
"chr5","34219057","34219363","KN295352v1","936355","936655","64","33282702"
"chr5","34243253","34243502","KN295236v1","1037218","1037472","51","33206035"
"chr5","34248360","34248666","KN296063v1","924974","925273","64","33323386"
"chr5","34257553","34257867","KN294470v1","3413630","3413946","71","30843923"
"chr5","34264620","34264888","KN294208v1","701963","702240","53","33562657"
"chr5","34304303","34304643","KN295923v1","1997557","1997864","78","32306746"
"chr5","34321440","34321722","KN294922v1","4395","4682","53","34317045"
"chr5","34389953","34390186","KN296153v1","1417144","1417371","42","32972809"
"chr5","34395478","34395775","KN296192v1","161210","161502","52","34234268"
"chr5","34428373","34428549","KN296820v1","1315843","1316023","36","33112530"
"chr5","34428813","34428980","KN296495v1","1430859","1430991","52","32997954"
"chr5","34428985","34429113","KN296916v1","502733","502859","16","33926252"
"chr5","34449138","34449440","KN294172v1","6566585","6566884","60","27882553"
"chr5","34461682","34461974","KN294561v1","702905","703197","62","33758777"
"chr5","34468615","34468937","KN295962v1","803102","803411","63","33665513"
"chr5","34495452","34495751","KN296192v1","220296","220610","61","34275156"
"chr5","34532816","34532965","KN295480v1","2827324","2827475","40","31705492"
"chr5","34533278","34533446","KN296311v1","5964020","5964187","28","28569258"
"chr5","34536153","34536345","KN295257v1","229898","230084","53","34306255"
"chr5","34556064","34556365","KN294539v1","1195929","1196227","61","33360135"
"chr5","34596848","34596968","KN297112v1","4689296","4689412","21","29907552"
"chr5","34597020","34597199","KN294630v1","351542","351728","37","34245478"
"chr5","34627208","34627490","KN296119v1","4568889","4569170","57","30058319"
"chr5","34651755","34651868","KN295984v1","1408007","1408118","32","33243748"
"chr5","34653732","34654053","KN294470v1","3146483","3146791","72","31507249"
"chr5","34655319","34655453","KN294790v1","3998119","3998253","23","30657200"
"chr5","34671571","34671836","KN295987v1","1909045","1909314","64","32762526"
"chr5","34676562","34676871","KN296311v1","3727125","3727424","60","30949437"
"chr5","34681495","34681817","KN296019v1","466074","466382","66","34215421"
"chr5","34683398","34683535","KN296311v1","4367789","4367922","22","30315609"
"chr5","34683829","34684013","KN294470v1","2508103","2508280","41","32175726"
"chr5","34712033","34712134","KN296187v1","1433184","1433282","26","33278849"
"chr5","34732374","34732670","KN296303v1","241053","241350","56","34491321"
"chr5","34805768","34806057","KN297320v1","1234476","1234772","55","33571292"
"chr5","34876181","34876455","KN294613v1","397507","397787","70","34478674"
"chr5","34903039","34903355","KN297233v1","328358","328667","88","34574681"
"chr5","34918356","34918485","KN295869v1","1389775","1389907","21","33528581"
"chr5","34934342","34934641","KN295722v1","1685853","1686155","70","33248489"
"chr5","34965604","34965874","KN294922v1","645909","646179","26","34319695"
"chr5","34975069","34975359","KN294499v1","2466913","2467200","49","32508156"
"chr5","34982745","34983011","KN295995v1","745418","745673","65","34237327"
"chr5","34999542","34999820","KN296404v1","3404152","3404452","71","31595390"
"chr5","35003702","35004005","KN295032v1","263836","264138","56","34739866"
"chr5","35004893","35005162","KN297442v1","1544491","1544771","69","33460402"
"chr5","35027659","35027790","KN296484v1","775862","775993","23","34251797"
"chr5","35031340","35031626","KN294365v1","2039413","2039691","54","32991927"
"chr5","35062172","35062321","KN296311v1","712184","712337","34","34349988"
"chr5","35069484","35069782","KN297320v1","1234476","1234772","50","33835008"
"chr5","35077923","35078227","KN295605v1","573138","573440","65","34504785"
"chr5","35105863","35106148","KN296017v1","366720","367014","54","34739143"
"chr5","35107047","35107345","KN294630v1","741362","741665","59","34365685"
"chr5","35120277","35120562","KN294470v1","2313287","2313568","57","32806990"
"chr5","35125358","35125673","KN294187v1","156326","156629","60","34969032"
"chr5","35145066","35145365","KN294842v1","1478446","1478750","84","33666620"
"chr5","35155083","35155385","KN296153v1","165039","165335","63","34990044"
"chr5","35177856","35178145","KN296145v1","2675914","2676203","55","32501942"
"chr5","35183378","35183689","KN294470v1","3146483","3146791","54","32036895"
"chr5","35185550","35185874","KN294578v1","531531","531832","84","34654019"
"chr5","35188862","35189169","KN295236v1","4241983","4242261","80","30946879"
"chr5","35211424","35211708","KN295523v1","2851176","2851466","61","32360248"
"chr5","35226450","35226558","KN296153v1","366723","366829","20","34859727"
"chr5","35226584","35226739","KN295544v1","7562","7716","31","35219022"
"chr5","35228545","35228838","KN296864v1","3187581","3187876","58","32040964"
"chr5","35243496","35243722","KN297442v1","1171644","1171872","44","34071852"
"chr5","35250627","35250772","KN294848v1","1173579","1173713","43","34077048"
"chr5","35250773","35251072","KN295984v1","3197280","3197579","53","32053493"
"chr5","35251073","35251185","KN294705v1","1036112","1036214","27","34214961"
"chr5","35253627","35253932","KN296108v1","231097","231406","53","35022530"
"chr5","35279280","35279413","KN296732v1","2322638","2322765","29","32956642"
"chr5","35293938","35294215","KN296883v1","547727","548009","58","34746211"
"chr5","35306849","35307135","KN297008v1","6378143","6378433","65","28928706"
"chr5","35315222","35315503","KN296486v1","1010661","1010955","62","34304561"
"chr5","35322471","35322736","KN295441v1","1750947","1751198","71","33571524"
"chr5","35337320","35337516","KN296635v1","2607858","2608055","47","32729462"
"chr5","35359321","35359588","KN296266v1","109981","110242","74","35249340"
"chr5","35364879","35365161","KN294842v1","359963","360248","62","35004916"
"chr5","35398160","35398516","KN295907v1","1688918","1689233","110","33709242"
"chr5","35431663","35431880","KN297133v1","1526470","1526695","46","33905193"
"chr5","35438238","35438354","KN297184v1","1341644","1341767","24","34096594"
"chr5","35450685","35450975","KN296119v1","3954705","3954997","56","31495980"
"chr5","35452319","35452529","KN297197v1","1047088","1047313","60","34405231"
"chr5","35459006","35459324","KN297112v1","3786979","3787288","59","31672027"
"chr5","35465207","35465525","KN297184v1","1814671","1814958","73","33650536"
"chr5","35475647","35475947","KN296210v1","831862","832153","62","34643785"
"chr5","35490291","35490581","KN296225v1","641773","642064","56","34848518"
"chr5","35496015","35496307","KN294747v1","836910","837206","59","34659105"
"chr5","35501351","35501599","KN294407v1","3261413","3261668","48","32239938"
"chr5","35557616","35557754","KN294634v1","303368","303505","24","35254248"
"chr5","35558057","35558233","KN295096v1","476738","476910","36","35081319"
"chr5","35566271","35566564","KN294407v1","526810","527098","89","35039461"
"chr5","35577908","35578155","KN297322v1","1311729","1311979","57","34266179"
"chr5","35663364","35663658","KN294172v1","2519957","2520251","68","33143407"
"chr5","35678904","35679228","KN294571v1","324148","324455","67","35354756"
"chr5","35685702","35685899","KN297323v1","858959","859150","42","34826743"
"chr5","35697709","35697885","KN294416v1","354557","354730","44","35343152"
"chr5","35760971","35761069","KN296009v1","130193","130293","23","35630778"
"chr5","35764320","35764614","KN296809v1","133911","134209","59","35630409"
"chr5","35767930","35768065","KN294592v1","310216","310347","26","35457714"
"chr5","35768350","35768532","KN296964v1","785220","785385","37","34983130"
"chr5","35805336","35805420","KN294181v1","1594697","1594781","18","34210639"
"chr5","35839026","35839328","KN296588v1","922323","922632","72","34916703"
"chr5","35857369","35857665","KN296406v1","283606","283899","66","35573763"
"chr5","35876750","35877035","KN296311v1","2320056","2320344","61","33556694"
"chr5","35878461","35878601","KN295708v1","1004771","1004905","35","34873690"
"chr5","35896607","35896966","KN295041v1","416819","417138","108","35479788"
"chr5","35926538","35926840","KN297205v1","308098","308396","56","35618440"
"chr5","35932967","35933263","KN296145v1","809194","809494","53","35123773"
"chr5","35942677","35942877","KN294161v1","705737","705944","51","35236940"
"chr5","35960987","35961290","KN296311v1","4657276","4657569","62","31303711"
"chr5","35971455","35971567","KN294526v1","751983","752100","18","35219472"
"chr5","35988351","35988656","KN294591v1","235023","235324","67","35753328"
"chr5","36020370","36020657","KN294169v1","37589","37868","62","35982781"
"chr5","36024257","36024569","KN294396v1","326030","326339","64","35698227"
"chr5","36043635","36043764","KN295480v1","1422776","1422900","21","34620859"
"chr5","36051908","36052216","KN294420v1","516515","516816","62","35535393"
"chr5","36088351","36088624","KN295637v1","29402","29680","23","36058949"
"chr5","36096243","36096535","KN295637v1","37833","38126","25","36058410"
"chr5","36104893","36105191","KN295637v1","46551","46841","36","36058342"
"chr5","36124087","36124336","KN295637v1","65983","66230","50","36058104"
"chr5","36134944","36135073","KN295637v1","76980","77106","15","36057964"
"chr5","36141340","36141638","KN295637v1","83395","83688","24","36057945"
"chr5","36164120","36164407","KN295637v1","105464","105765","34","36058656"
"chr5","36183776","36184054","KN295854v1","371866","372156","70","35811910"
"chr5","36191501","36191754","KN294583v1","248706","248966","61","35942795"
"chr5","36219064","36219359","KN295637v1","158101","158424","42","36060963"
"chr5","36225502","36225609","KN295459v1","1077631","1077747","25","35147871"
"chr5","36236288","36236577","KN295637v1","178487","178774","20","36057801"
"chr5","36255040","36255201","KN294404v1","443289","443443","35","35811751"
"chr5","36509466","36509583","KN294570v1","313816","313933","22","36195650"
"chr5","36510402","36510683","KN294977v1","76289","76576","79","36434113"
"chr5","36514186","36514257","KN295236v1","1482749","1482815","16","35031437"
"chr5","36522835","36523113","KN296508v1","335086","335363","64","36187749"
"chr5","36525934","36526065","KN295637v1","247441","247567","13","36278493"
"chr5","36526352","36526542","KN295637v1","247846","248035","15","36278506"
"chr5","36534976","36535255","KN295637v1","255335","255602","36","36279641"
"chr5","36546627","36546771","KN295243v1","446001","446124","41","36100626"
"chr5","36546848","36546970","KN295637v1","266784","266908","12","36280064"
"chr5","36573146","36573434","KN296311v1","4927670","4927963","72","31645476"
"chr5","36594996","36595302","KN295893v1","883829","884122","61","35711167"
"chr5","36603663","36603941","KN296079v1","2482860","2483141","47","34120803"
"chr5","36614579","36614813","KN295637v1","334235","334468","15","36280344"
"chr5","36616034","36616147","KN295637v1","336060","336171","12","36279974"
"chr5","36624690","36624987","KN295637v1","343482","343783","34","36281208"
"chr5","36633476","36633752","KN294444v1","373486","373751","59","36259990"
"chr5","36678771","36678903","KN295637v1","391252","391375","19","36287519"
"chr5","36698653","36698918","KN295637v1","411283","411582","53","36287370"
"chr5","36885407","36885699","KN296145v1","2675914","2676203","59","34209493"
"chr5","36893658","36893902","KN294991v1","1365962","1366192","60","35527696"
"chr5","36924952","36925234","KN295637v1","653961","654258","25","36270991"
"chr5","36952616","36952795","KN297154v1","1567428","1567596","36","35385188"
"chr5","36952837","36952955","KN294698v1","141475","141589","24","36811362"
"chr5","36987865","36988159","KN295637v1","702919","703217","26","36284946"
"chr5","37012087","37012425","KN295637v1","727890","728221","34","36284197"
"chr5","37013774","37013876","KN295637v1","729794","729899","23","36283980"
"chr5","37014078","37014354","KN295637v1","730137","730410","25","36283941"
"chr5","37021915","37022222","KN295637v1","737946","738254","19","36283969"
"chr5","37057585","37057673","KN295573v1","1536679","1536767","15","35520906"
"chr5","37057878","37058194","KN295637v1","775019","775356","37","36282859"
"chr5","37058475","37058774","KN295637v1","775628","775927","35","36282847"
"chr5","37107869","37107993","KN295637v1","821243","821365","5","36286626"
"chr5","37133326","37133634","KN295637v1","840008","840314","30","36293318"
"chr5","37136497","37136769","KN295637v1","843479","843752","21","36293018"
"chr5","37139084","37139384","KN295637v1","846079","846388","31","36293005"
"chr5","37204492","37204789","KN295637v1","911450","911745","27","36293042"
"chr5","37269975","37270275","KN294487v1","27515","27809","45","37242460"
"chr5","37329156","37329502","KN296119v1","3830745","3831065","88","33498411"
"chr5","37390421","37390731","KN294377v1","848920","849202","51","36541501"
"chr5","37405838","37406118","KN294917v1","541555","541838","60","36864283"
"chr5","37409990","37410115","KN296916v1","502733","502859","21","36907257"
"chr5","37433545","37433738","KN294977v1","111900","112091","39","37321645"
"chr5","37475678","37475971","KN296244v1","242737","243015","64","37232941"
"chr5","37493218","37493531","KN295171v1","1035836","1036148","58","36457382"
"chr5","37502197","37502499","KN295984v1","3197280","3197579","60","34304917"
"chr5","37520947","37521234","KN296090v1","87486","87773","57","37433461"
"chr5","37522400","37522677","KN295267v1","561958","562243","56","36960442"
"chr5","37531833","37532149","KN294665v1","160960","161276","67","37370873"
"chr5","37613209","37613464","KN296513v1","385724","385975","61","37227485"
"chr5","37629839","37630108","KN296508v1","335086","335363","56","37294753"
"chr5","37631040","37631339","KN296138v1","198772","199071","49","37432268"
"chr5","37651827","37651975","KN295081v1","4658","4806","25","37647169"
"chr5","37685586","37685831","KN294291v1","861781","862027","55","36823805"
"chr5","37701404","37701690","KN297319v1","595563","595848","51","37105841"
"chr5","37751977","37752271","KN294874v1","618356","618652","60","37133621"
"chr5","37764727","37764852","KN294345v1","1896097","1896220","23","35868630"
"chr5","37837982","37838284","KN294964v1","1172552","1172848","55","36665430"
"chr5","37872322","37872624","KN295045v1","77664","77959","50","37794658"
"chr5","37929672","37930000","KN296119v1","5786271","5786591","71","32143401"
"chr5","38009344","38009460","KN296442v1","675680","675797","21","37333664"
"chr5","38032641","38032943","KN297320v1","1234476","1234772","57","36798165"
"chr5","38046604","38046910","KN295936v1","240644","240938","60","37805960"
"chr5","38122416","38122703","KN295294v1","358831","359116","59","37763585"
"chr5","38129869","38130147","KN294172v1","813896","814172","58","37315973"
"chr5","38228183","38228487","KN295586v1","3098137","3098432","65","35130046"
"chr5","38306131","38306420","KN296481v1","518302","518590","56","37787829"
"chr5","38372455","38372760","KN297205v1","205027","205330","57","38167428"
"chr5","38373152","38373273","KN296315v1","321483","321605","18","38051669"
"chr5","38648165","38648269","KN296875v1","229591","229690","22","38418574"
"chr5","38666954","38667268","KN295039v1","334500","334814","54","38332454"
"chr5","38701155","38701414","KN295236v1","4812704","4812971","56","33888451"
"chr5","38702576","38702844","KN295744v1","187097","187357","59","38515479"
"chr5","38707983","38708273","KN297453v1","392029","392315","59","38315954"
"chr5","38729334","38729640","KN296404v1","3404152","3404452","62","35325182"
"chr5","38755763","38756059","KN295893v1","7115857","7116150","58","31639906"
"chr5","38768069","38768177","KN294728v1","948090","948191","19","37819979"
"chr5","38787209","38787506","KN297320v1","1234476","1234772","55","37552733"
"chr5","38810428","38810739","KN296019v1","160037","160344","54","38650391"
"chr5","38829308","38829437","KN294790v1","3229099","3229225","28","35600209"
"chr5","38849788","38849909","KN294790v1","3236928","3237050","15","35612860"
"chr5","38850203","38850376","KN294239v1","1716688","1716866","43","37133515"
"chr5","38892427","38892733","KN294987v1","1079259","1079566","59","37813168"
"chr5","38924037","38924212","KN296225v1","782999","783161","39","38141038"
"chr5","38971456","38971760","KN296588v1","1685945","1686240","52","37285511"
"chr5","38972743","38972872","KN296311v1","2387834","2387959","21","36584909"
"chr5","38995057","38995349","KN297227v1","1030313","1030598","55","37964744"
"chr5","39011008","39011282","KN295803v1","1287741","1288030","61","37723267"
"chr5","39014207","39014325","KN296062v1","2178521","2178637","18","36835686"
"chr5","39014770","39015079","KN294294v1","197080","197381","64","38817690"
"chr5","39025564","39025679","KN294613v1","611677","611793","20","38413887"
"chr5","39042583","39042697","KN294917v1","1325181","1325291","35","37717402"
"chr5","39042892","39043199","KN296864v1","3187581","3187876","60","35855311"
"chr5","39046858","39047061","KN296557v1","540509","540731","55","38506349"
"chr5","39053900","39054210","KN295523v1","1606095","1606394","72","37447805"
"chr5","39068436","39068739","KN294964v1","1674001","1674300","62","37394435"
"chr5","39069440","39069687","KN295708v1","1501271","1501519","60","37568169"
"chr5","39109002","39109301","KN296964v1","543924","544228","56","38565078"
"chr5","39125212","39125484","KN294433v1","310346","310619","68","38814866"
"chr5","39164491","39164756","KN295637v1","55767","56038","69","39108724"
"chr5","39167333","39167637","KN296821v1","118419","118725","57","39048914"
"chr5","39240674","39240930","KN297442v1","519884","520133","60","38720790"
"chr5","39250139","39250432","KN295984v1","3197280","3197579","65","36052859"
"chr5","39303980","39304284","KN296404v1","3404152","3404452","62","35899828"
"chr5","39321871","39321990","KN296233v1","669496","669621","21","38652375"
"chr5","39325300","39325590","KN296705v1","278670","278964","56","39046630"
"chr5","39357793","39357939","KN296153v1","173981","174133","25","39183812"
"chr5","39360567","39360860","KN294287v1","677049","677343","64","38683518"
"chr5","39379142","39379402","KN296657v1","287409","287677","67","39091733"
"chr5","39417748","39418058","KN295236v1","1249842","1250143","62","38167906"
"chr5","39435556","39435838","KN297408v1","627749","628044","67","38807807"
"chr5","39446828","39446940","KN294235v1","784908","785024","15","38661920"
"chr5","39480087","39480202","KN295936v1","1084591","1084708","15","38395496"
"chr5","39498175","39498468","KN296225v1","677390","677682","50","38820785"
"chr5","39500460","39500663","KN296117v1","299803","299988","57","39200657"
"chr5","39502741","39502965","KN296119v1","3353927","3354151","52","36148814"
"chr5","39505141","39505263","KN297369v1","2119225","2119349","14","37385916"
"chr5","39544368","39544667","KN297452v1","2419020","2419318","54","37125348"
"chr5","39545136","39545385","KN296883v1","3237107","3237371","65","36308029"
"chr5","39548072","39548383","KN295501v1","522102","522406","65","39025970"
"chr5","39552438","39552558","KN297274v1","337343","337466","15","39215095"
"chr5","39612684","39612954","KN294848v1","51455","51716","64","39561229"
"chr5","39619041","39619277","KN295692v1","2985714","2985955","61","36633327"
"chr5","39642729","39642927","KN297197v1","3338455","3338664","46","36304274"
"chr5","39666036","39666159","KN294874v1","248846","248962","22","39417190"
"chr5","39668591","39668893","KN297197v1","789583","789883","65","38879008"
"chr5","39677123","39677413","KN294747v1","996390","996689","61","38680733"
"chr5","39717787","39718098","KN297279v1","535897","536207","58","39181890"
"chr5","39764346","39764650","KN297320v1","1234476","1234772","56","38529870"
"chr5","39766519","39766822","KN294499v1","1158565","1158864","56","38607954"
"chr5","39789250","39789541","KN295936v1","2176793","2177088","55","37612457"
"chr5","40080262","40080555","KN297197v1","4265487","4265776","59","35814775"
"chr5","40168735","40168889","KN296153v1","173981","174133","30","39994754"
"chr5","40180902","40181024","KN297320v1","1787906","1788027","20","38392996"
"chr5","40195123","40195234","KN294257v1","2693944","2694053","18","37501179"
"chr5","40211791","40212074","KN295293v1","227634","227931","59","39984157"
"chr5","40260148","40260466","KN295480v1","1352412","1352716","90","38907736"
"chr5","40263680","40263896","KN295441v1","1067325","1067540","41","39196355"
"chr5","40271993","40272292","KN296187v1","1283028","1283326","59","38988965"
"chr5","40298341","40298457","KN295294v1","1437600","1437717","18","38860741"
"chr5","40303761","40304064","KN296019v1","466074","466382","61","39837687"
"chr5","40306605","40306890","KN294728v1","701807","702091","59","39604798"
"chr5","40319096","40319381","KN295936v1","240644","240938","64","40078452"
"chr5","40353043","40353352","KN294470v1","3185754","3186065","69","37167289"
"chr5","40355778","40356083","KN295667v1","1243145","1243443","51","39112633"
"chr5","40364634","40364920","KN296017v1","366720","367014","60","39997914"
"chr5","40372260","40372519","KN296643v1","417188","417454","61","39955072"
"chr5","40373106","40373373","KN297219v1","1737865","1738127","70","38635241"
"chr5","40385293","40385552","KN297046v1","1368889","1369168","65","39016404"
"chr5","40392088","40392393","KN294181v1","1118071","1118371","68","39274017"
"chr5","40393655","40393916","KN296783v1","411224","411477","65","39982431"
"chr5","40396096","40396467","KN294207v1","128747","129097","103","40267349"
"chr5","40397320","40397389","KN295244v1","503686","503758","14","39893634"
"chr5","40405359","40405644","KN295293v1","227634","227931","66","40177725"
"chr5","40427371","40427459","KN294366v1","109090","109178","23","40318281"
"chr5","40447676","40447976","KN296153v1","1425537","1425832","66","39022139"
"chr5","40452444","40452556","KN296062v1","2178521","2178637","22","38273923"
"chr5","40452863","40453055","KN295692v1","3740941","3741142","48","36711922"
"chr5","40475747","40476053","KN295666v1","951208","951501","76","39524539"
"chr5","40487746","40488058","KN294539v1","2537957","2538257","57","37949789"
"chr5","40502797","40503057","KN295474v1","1041847","1042103","63","39460950"
"chr5","40516683","40516955","KN294338v1","9777","10041","69","40506906"
"chr5","40519708","40519951","KN294372v1","2275128","2275369","58","38244580"
"chr5","40529331","40529545","KN297361v1","380701","380903","53","40148630"
"chr5","40531868","40532155","KN294747v1","619092","619383","54","39912776"
"chr5","40532972","40533225","KN295236v1","798688","798945","61","39734284"
"chr5","40586873","40587050","KN295236v1","3163987","3164163","36","37422886"
"chr5","40587349","40587470","KN295045v1","1349692","1349814","23","39237657"
"chr5","40592534","40592902","KN297264v1","358222","358584","95","40234312"
"chr5","40629951","40630256","KN295459v1","1045550","1045854","72","39584401"
"chr5","40633757","40634048","KN295343v1","329489","329788","50","40304268"
"chr5","40678524","40678685","KN294677v1","12069","12232","40","40666455"
"chr5","40713752","40713956","KN294239v1","25686","25920","45","40688066"
"chr5","40754960","40755258","KN294239v1","70350","70651","19","40684610"
"chr5","40846887","40847009","KN294239v1","159745","159860","17","40687142"
"chr5","40886019","40886318","KN296138v1","198772","199071","56","40687247"
"chr5","40928078","40928380","KN294239v1","250141","250438","29","40677937"
"chr5","40957154","40957373","KN294239v1","286644","286862","15","40670510"
"chr5","40958266","40958536","KN294239v1","287738","288010","13","40670528"
"chr5","40995899","40996200","KN296682v1","2255217","2255520","58","38740682"
"chr5","41008311","41008438","KN294239v1","346897","347031","11","40661414"
"chr5","41039186","41039446","KN296000v1","1016402","1016689","49","40022784"
"chr5","41061952","41062075","KN294873v1","1008878","1009000","22","40053074"
"chr5","41070672","41070852","KN294239v1","412221","412401","10","40658451"
"chr5","41077109","41077415","KN294239v1","419089","419382","41","40658020"
"chr5","41193789","41194077","KN294239v1","539307","539589","19","40654482"
"chr5","41217576","41217689","KN294239v1","559069","559187","21","40658507"
"chr5","41252988","41253163","KN296096v1","3910451","3910626","35","37342537"
"chr5","41253429","41253558","KN294239v1","594826","594955","6","40658603"
"chr5","41255705","41255812","KN295526v1","104674","104782","25","41151031"
"chr5","41280246","41280472","KN297322v1","500941","501170","63","40779305"
"chr5","41304173","41304460","KN294239v1","643513","643805","16","40660660"
"chr5","41318989","41319297","KN294239v1","659022","659350","41","40659967"
"chr5","41321138","41321258","KN294239v1","661177","661309","18","40659961"
"chr5","41340370","41340660","KN294239v1","681583","681875","20","40658787"
"chr5","41364239","41364553","KN295956v1","110148","110452","70","41254091"
"chr5","41491772","41492052","KN294758v1","3036785","3037063","53","38454987"
"chr5","41539454","41539756","KN294239v1","888044","888347","25","40651410"
"chr5","41617251","41617536","KN294239v1","958205","958492","25","40659046"
"chr5","41648983","41649097","KN294239v1","990026","990140","7","40658957"
"chr5","41650414","41650708","KN294239v1","991424","991716","23","40658990"
"chr5","41652496","41652639","KN295907v1","1069246","1069379","32","40583250"
"chr5","41749448","41749742","KN294239v1","1083677","1083943","42","40665771"
"chr5","41847463","41847743","KN294239v1","1186617","1186900","26","40660846"
"chr5","41848836","41849118","KN294239v1","1187980","1188261","29","40660856"
"chr5","41851542","41851869","KN294239v1","1190678","1190969","51","40660864"
"chr5","42113133","42113421","KN294239v1","1448386","1448679","19","40664747"
"chr5","42162205","42162463","KN294239v1","1502856","1503138","42","40659349"
"chr5","42163194","42163316","KN294239v1","1503889","1504009","7","40659305"
"chr5","42225783","42226061","KN294239v1","1569405","1569663","43","40656378"
"chr5","42293927","42294235","KN294239v1","1639375","1639712","51","40654552"
"chr5","42325444","42325747","KN294239v1","1668791","1669102","19","40656653"
"chr5","42334662","42334973","KN294239v1","1678005","1678289","43","40656657"
"chr5","42369800","42369934","KN295814v1","1707822","1707956","24","40661978"
"chr5","42370231","42370395","KN296153v1","1464656","1464817","30","40905575"
"chr5","42373889","42374012","KN294479v1","70593","70718","20","42303296"
"chr5","42374333","42374517","KN294239v1","1716688","1716866","11","40657645"
"chr5","42399605","42399733","KN294239v1","1744935","1745063","6","40654670"
"chr5","42400287","42400505","KN297112v1","4923918","4924119","45","37476369"
"chr5","42418423","42418522","KN296435v1","2518858","2518963","27","39899565"
"chr5","42433420","42433667","KN294239v1","1792220","1792468","18","40641200"
"chr5","42440880","42441155","KN294372v1","1207202","1207479","56","41233678"
"chr5","42441747","42442047","KN294239v1","1800713","1801013","25","40641034"
"chr5","42455618","42455837","KN294239v1","1818770","1818989","14","40636848"
"chr5","42483732","42483849","KN294591v1","425038","425155","13","42058694"
"chr5","42507275","42507421","KN294239v1","1871165","1871306","17","40636110"
"chr5","42556500","42556803","KN294239v1","1926012","1926317","24","40630488"
"chr5","42571610","42571896","KN294239v1","1940536","1940825","45","40631074"
"chr5","42597448","42597728","KN294239v1","1968769","1969071","48","40628679"
"chr5","42625458","42625816","KN294239v1","1996626","1996936","74","40628832"
"chr5","42740190","42740454","KN294239v1","2112137","2112402","14","40628053"
"chr5","42765591","42765903","KN294239v1","2137774","2138077","33","40627817"
"chr5","42802483","42802742","KN294239v1","2175487","2175753","25","40626996"
"chr5","42854437","42854725","KN295586v1","5119872","5120163","54","37734565"
"chr5","42864209","42864515","KN294239v1","2246897","2247182","56","40617312"
"chr5","42865973","42866276","KN294239v1","2248997","2249306","21","40616976"
"chr5","42891210","42891522","KN294239v1","2270361","2270673","27","40620849"
"chr5","42911818","42911942","KN296040v1","320608","320733","16","42591210"
"chr5","42911984","42912293","KN295497v1","865586","865889","70","42046398"
"chr5","42913814","42914168","KN294548v1","1209815","1210150","92","41703999"
"chr5","42914376","42914493","KN295841v1","514986","515106","21","42399390"
"chr5","42914793","42914830","KN294705v1","1963738","1963756","19","40951055"
"chr5","42915130","42915302","KN296732v1","2240900","2241068","39","40674230"
"chr5","42948556","42948675","KN294911v1","2412127","2412242","22","40536429"
"chr5","42950915","42951214","KN294539v1","2499060","2499353","59","40451855"
"chr5","42954691","42954998","KN294199v1","354659","354969","67","42600032"
"chr5","42955241","42955542","KN296864v1","3187581","3187876","52","39767660"
"chr5","42991240","42991523","KN294569v1","696375","696658","59","42294865"
"chr5","43035562","43035675","KN294235v1","784908","785024","27","42250654"
"chr5","43048006","43048274","KN296138v1","481889","482161","66","42566117"
"chr5","43061323","43061566","KN295090v1","1203622","1203868","58","41857701"
"chr5","43086744","43086955","KN294372v1","2473504","2473714","45","40613240"
"chr5","43121615","43121916","KN296625v1","153154","153447","50","42968461"
"chr5","43123158","43123300","KN295907v1","1069246","1069379","38","42053912"
"chr5","43123590","43123859","KN294739v1","863659","863920","54","42259931"
"chr5","43156477","43156555","KN297190v1","1140498","1140571","14","42015979"
"chr5","43179920","43180225","KN296406v1","163962","164264","61","43015958"
"chr5","43294355","43294656","KN295236v1","3301030","3301324","71","39993325"
"chr5","43395731","43395910","KN294416v1","354557","354730","37","43041174"
"chr5","43396203","43396346","KN295236v1","987112","987253","31","42409091"
"chr5","43439924","43440027","KN296139v1","505245","505342","23","42934679"
"chr5","43441832","43442121","KN294470v1","505860","506153","68","42935972"
"chr5","43534661","43534870","KN297408v1","427112","427317","52","43107549"
"chr5","43553726","43553973","KN296210v1","147168","147412","68","43406558"
"chr5","43570051","43570350","KN295171v1","655371","655672","65","42914680"
"chr5","43577341","43577642","KN296883v1","1622720","1623008","60","41954621"
"chr5","43631629","43631749","KN295405v1","1892483","1892602","22","41739146"
"chr5","43668478","43668593","KN296062v1","2178521","2178637","20","41489957"
"chr5","43669848","43670113","KN294187v1","1544293","1544543","57","42125555"
"chr5","43671256","43671474","KN294462v1","406674","406898","51","43264582"
"chr5","43680942","43681259","KN296634v1","1832071","1832381","62","41848871"
"chr5","43766296","43766553","KN294539v1","1283916","1284170","52","42482380"
"chr5","43767066","43767202","KN294251v1","1638458","1638598","34","42128608"
"chr5","43782050","43782362","KN296749v1","396480","396788","66","43385570"
"chr5","43787065","43787210","KN295284v1","18924","19068","26","43768141"
"chr5","43787522","43787703","KN296153v1","2621680","2621863","42","41165842"
"chr5","43867814","43868092","KN296079v1","23760","24040","60","43844054"
"chr5","44049900","44050196","KN295315v1","2422633","2422921","56","41627267"
"chr5","44053286","44053555","KN296547v1","638974","639254","76","43414312"
"chr5","44058670","44058905","KN297442v1","1171644","1171872","53","42887026"
"chr5","44170833","44171109","KN295090v1","1735062","1735335","58","42435771"
"chr5","44174997","44175206","KN294873v1","330167","330376","47","43844830"
"chr5","44202307","44202412","KN294592v1","378346","378440","24","43823961"
"chr5","44206201","44206463","KN294991v1","1414666","1414927","70","42791535"
"chr5","44225429","44225722","KN296311v1","3727125","3727424","55","40498304"
"chr5","44232082","44232336","KN296079v1","2354436","2354684","57","41877646"
"chr5","44234028","44234321","KN294570v1","165105","165399","58","44068923"
"chr5","44276087","44276381","KN294848v1","11435","11727","53","44264652"
"chr5","44278100","44278268","KN294987v1","275185","275361","43","44002915"
"chr5","44280869","44281063","KN296311v1","5499586","5499772","38","38781283"
"chr5","44311273","44311454","KN294630v1","456616","456795","33","43854657"
"chr5","44324064","44324193","KN294421v1","458391","458520","25","43865673"
"chr5","44342545","44342661","KN295459v1","1077631","1077747","18","43264914"
"chr5","44345586","44345890","KN295236v1","4407523","4407821","58","39938063"
"chr5","44361146","44361401","KN294172v1","4906375","4906640","63","39454771"
"chr5","44364319","44364630","KN294181v1","481862","482169","75","43882457"
"chr5","44371558","44371798","KN295102v1","272656","272902","54","44098902"
"chr5","44373709","44373995","KN297095v1","1250952","1251246","67","43122757"
"chr5","44374356","44374633","KN297452v1","749329","749594","73","43625027"
"chr5","44388261","44388544","KN294378v1","1608627","1608901","58","42779634"
"chr5","44394467","44394553","KN296311v1","2543401","2543485","21","41851066"
"chr5","44403993","44404108","KN294235v1","784908","785024","15","43619085"
"chr5","44418390","44418693","KN296119v1","391880","392178","76","44026510"
"chr5","44422533","44422824","KN294848v1","191607","191898","68","44230926"
"chr5","44442933","44443245","KN296287v1","28376","28692","76","44414557"
"chr5","44447952","44448074","KN296505v1","351774","351891","16","44096178"
"chr5","44450663","44450963","KN296864v1","1249764","1250059","56","43200899"
"chr5","44456550","44456727","KN295573v1","1297537","1297702","41","43159013"
"chr5","44478925","44479240","KN296495v1","2737764","2738068","76","41741161"
"chr5","44484957","44485111","KN296809v1","191361","191514","29","44293596"
"chr5","44487407","44487673","KN295142v1","12353","12626","67","44475054"
"chr5","44488435","44488726","KN294592v1","290236","290528","61","44198199"
"chr5","45851638","45851941","KN295591v1","745641","745936","66","45105997"
"chr5","45862342","45862571","KN295573v1","1311543","1311766","49","44550799"
"chr5","45876992","45877186","KN295722v1","1610118","1610321","57","44266874"
"chr5","45888254","45888474","KN294705v1","910501","910722","53","44977753"
"chr5","45900614","45900893","KN296187v1","1468951","1469236","59","44431663"
"chr5","45901337","45901495","KN296153v1","4089357","4089512","29","41811980"
"chr5","45901810","45901955","KN294404v1","443289","443443","36","45458521"
"chr5","45911907","45912039","KN294378v1","730932","731055","28","45180975"
"chr5","45922818","45923106","KN295825v1","2377204","2377499","61","43545614"
"chr5","45927431","45927734","KN294172v1","4180696","4181003","70","41746735"
"chr5","45928733","45929023","KN295744v1","654344","654638","59","45274389"
"chr5","45942242","45942546","KN297105v1","2935353","2935663","54","43006889"
"chr5","45942844","45943125","KN294591v1","361714","362004","64","45581130"
"chr5","45944695","45944999","KN296225v1","677390","677682","52","45267305"
"chr5","45945007","45945098","KN295984v1","1122538","1122629","9","44822469"
"chr5","45956672","45956788","KN295852v1","423536","423651","23","45533136"
"chr5","45965335","45965641","KN295893v1","5544382","5544679","70","40420953"
"chr5","45978792","45979109","KN297190v1","6108366","6108673","77","39870426"
"chr5","45979646","45979954","KN294181v1","1118071","1118371","66","44861575"
"chr5","45989061","45989192","KN294961v1","52673","52803","26","45936388"
"chr5","45997839","45997955","KN296305v1","864903","865019","20","45132936"
"chr5","46002233","46002537","KN296879v1","579910","580210","65","45422323"
"chr5","46034824","46035072","KN297422v1","150212","150459","52","45884612"
"chr5","46037128","46037189","KN296381v1","67486","67543","12","45969642"
"chr5","46037605","46037708","KN296435v1","2518858","2518963","29","43518747"
"chr5","46051594","46051896","KN296406v1","283606","283899","61","45767988"
"chr5","46074220","46074524","KN295722v1","1548894","1549195","70","44525326"
"chr5","46088359","46088667","KN294509v1","1578204","1578505","66","44510155"
"chr5","46090560","46090825","KN296900v1","42194","42472","56","46048366"
"chr5","46099351","46099638","KN295523v1","2983047","2983336","56","43116304"
"chr5","46114386","46114517","KN294961v1","52673","52803","26","46061713"
"chr5","46117529","46117833","KN296311v1","3358167","3358474","52","42759362"
"chr5","46132242","46132429","KN294454v1","389835","390024","43","45742407"
"chr5","46132723","46132857","KN296187v1","1487400","1487525","33","44645323"
"chr5","46140575","46140681","KN295977v1","805077","805181","23","45335498"
"chr5","46140972","46141162","KN295171v1","289083","289273","39","45851889"
"chr5","46144084","46144294","KN296311v1","4019099","4019317","50","42124985"
"chr5","46146875","46146998","KN294181v1","1104026","1104148","13","45042849"
"chr5","46151872","46152186","KN294540v1","924695","925004","66","45227177"
"chr5","46169168","46169305","KN294172v1","4384631","4384761","25","41784537"
"chr5","46181230","46181525","KN296404v1","3404152","3404452","63","42777078"
"chr5","46183289","46183549","KN296096v1","2650344","2650599","61","43532945"
"chr5","46184960","46185249","KN295365v1","618540","618829","47","45566420"
"chr5","46189717","46189974","KN296096v1","2485316","2485572","61","43704401"
"chr5","46194079","46194380","KN296743v1","2390499","2390794","72","43803580"
"chr5","46199086","46199367","KN296311v1","8130976","8131263","55","38068110"
"chr5","46212870","46213146","KN295441v1","838604","838890","70","45374266"
"chr5","46218030","46218320","KN296096v1","1173555","1173840","54","45044475"
"chr5","46244700","46244988","KN296959v1","1045812","1046085","64","45198888"
"chr5","46245621","46245903","KN296658v1","42826","43110","69","46202795"
"chr5","46252936","46252954","KN296187v1","2825433","2825450","3","43427503"
"chr5","46253274","46253454","KN294446v1","449363","449538","41","45803911"
"chr5","46253749","46253827","KN294976v1","244192","244267","15","46009557"
"chr5","46254901","46255094","KN296649v1","177350","177544","39","46077551"
"chr5","46256860","46257095","KN295096v1","1153348","1153587","57","45103512"
"chr5","46288999","46289105","KN295036v1","248456","248562","20","46040543"
"chr5","46300366","46300497","KN294848v1","1174018","1174147","25","45126348"
"chr5","46316983","46317291","KN297108v1","304668","304974","63","46012315"
"chr5","46318244","46318379","KN296357v1","633368","633503","28","45684876"
"chr5","46318676","46318837","KN294325v1","169199","169356","33","46149477"
"chr5","46330147","46330280","KN295038v1","662635","662766","26","45667512"
"chr5","46348109","46348395","KN294407v1","1480206","1480492","58","44867903"
"chr5","46351010","46351195","KN297044v1","177090","177263","45","46173920"
"chr5","46352112","46352404","KN294842v1","484743","485036","59","45867369"
"chr5","46366084","46366379","KN296481v1","518302","518590","63","45847782"
"chr5","46377709","46377908","KN296122v1","527625","527825","50","45850084"
"chr5","46379044","46379311","KN296062v1","2481180","2481463","66","43897864"
"chr5","46380009","46380146","KN296577v1","284594","284745","50","46095415"
"chr5","46385899","46386016","KN297327v1","949614","949726","28","45436285"
"chr5","46388038","46388159","KN296244v1","50852","50973","18","46337186"
"chr5","46388287","46388569","KN296122v1","514388","514663","63","45873899"
"chr5","46391483","46391763","KN295384v1","39212","39484","71","46352271"
"chr5","46411172","46411300","KN295236v1","5497389","5497517","22","40913783"
"chr5","46413528","46413652","KN296311v1","4447158","4447282","17","41966370"
"chr5","46415092","46415288","KN294407v1","234403","234595","37","46180689"
"chr5","46420795","46421042","KN294291v1","861781","862027","56","45559014"
"chr5","46425238","46425545","KN296825v1","2067323","2067628","56","44357915"
"chr5","46434398","46434692","KN294287v1","406448","406721","75","46027950"
"chr5","46439420","46439687","KN294457v1","1208445","1208715","59","45230975"
"chr5","46456080","46456251","KN295722v1","2530724","2530897","33","43925356"
"chr5","46458612","46458818","KN294591v1","393354","393562","44","46065258"
"chr5","46473246","46473545","KN294790v1","3149258","3149558","61","43323988"
"chr5","46516469","46516769","KN295236v1","325730","326027","52","46190739"
"chr5","46519889","46520167","KN297165v1","2842387","2842659","61","43677502"
"chr5","46538490","46538793","KN296119v1","5385215","5385515","49","41153275"
"chr5","46560503","46560804","KN296864v1","3187581","3187876","52","43372922"
"chr5","46575922","46576219","KN295667v1","1243145","1243443","52","45332777"
"chr5","46601155","46601214","KN296732v1","2841944","2841995","23","43759211"
"chr5","46601231","46601356","KN296311v1","5153731","5153856","16","41447500"
"chr5","46616423","46616722","KN296883v1","3262365","3262660","59","43354058"
"chr5","46929791","46930101","KN295736v1","4104280","4104587","58","42825511"
"chr5","47020946","47021229","KN296122v1","514388","514663","55","46506558"
"chr5","47101300","47101605","KN294172v1","841497","841800","69","46259803"
"chr5","47142406","47142627","KN294346v1","378242","378461","47","46764164"
"chr5","47147961","47148133","KN295705v1","323738","323927","50","46824223"
"chr5","47249629","47249904","KN296378v1","595299","595574","58","46654330"
"chr5","47294974","47295284","KN297008v1","6328216","6328527","57","40966758"
"chr5","47358554","47358692","KN296138v1","158354","158482","29","47200200"
"chr5","47359005","47359187","KN297290v1","217697","217873","40","47141308"
"chr5","47390490","47390597","KN295526v1","104674","104782","18","47285816"
"chr5","47392166","47392322","KN294325v1","169199","169356","29","47222967"
"chr5","47451461","47451585","KN296311v1","5153731","5153856","16","42297730"
"chr5","47480925","47481037","KN294911v1","4978182","4978300","27","42502743"
"chr5","47485475","47485565","KN295236v1","838426","838516","18","46647049"
"chr5","47536202","47536316","KN296119v1","5442855","5442972","15","42093347"
"chr5","47541609","47541989","KN294207v1","128747","129097","120","47412862"
"chr5","47561180","47561478","KN297242v1","1180155","1180444","57","46381025"
"chr5","47848798","47849083","KN296138v1","393420","393712","65","47455378"
"chr5","48118973","48119245","KN294703v1","66112","66389","66","48052861"
"chr5","48287016","48287291","KN294172v1","813896","814172","63","47473120"
"chr5","48297256","48297562","KN295956v1","110148","110452","60","48187108"
"chr5","48313003","48313229","KN294193v1","618452","618679","52","47694551"
"chr5","48338892","48339176","KN296682v1","4850243","4850534","87","43488649"
"chr5","48393949","48394250","KN294439v1","291493","291791","70","48102456"
"chr5","48505500","48505755","KN295898v1","722107","722369","60","47783393"
"chr5","48518846","48519131","KN294758v1","3036785","3037063","66","45482061"
"chr5","48572879","48573159","KN294378v1","1608627","1608901","62","46964252"
"chr5","48576918","48577201","KN295841v1","173298","173592","60","48403620"
"chr5","48707558","48707853","KN295090v1","2290575","2290869","53","46416983"
"chr5","48951314","48951600","KN296096v1","2968459","2968759","60","45982855"
"chr5","48953929","48954045","KN296357v1","168328","168445","17","48785601"
"chr5","49009104","49009404","KN296864v1","1090936","1091233","64","47918168"
"chr5","49033051","49033309","KN295564v1","32951","33210","58","49000100"
"chr5","49077540","49077833","KN296225v1","775732","776029","57","48301808"
"chr5","49107954","49108248","KN296210v1","997114","997407","23","48110840"
"chr5","49137982","49138286","KN296210v1","973467","973767","33","48164515"
"chr5","49270932","49271207","KN296210v1","831862","832153","42","48439070"
"chr5","49311265","49311555","KN295936v1","1286496","1286784","56","48024769"
"chr5","49352341","49352641","KN296210v1","760157","760470","34","48592184"
"chr5","49358292","49358422","KN296210v1","754402","754532","7","48603890"
"chr5","49365723","49366020","KN296210v1","746668","746975","45","48619055"
"chr5","49373652","49373797","KN296210v1","738914","739062","11","48634738"
"chr5","49429178","49429440","KN296210v1","680650","680922","28","48748528"
"chr5","49438222","49438521","KN296210v1","673003","673305","21","48765219"
"chr5","49451078","49451365","KN296210v1","660135","660396","48","48790943"
"chr5","49584942","49585063","KN296210v1","629243","629348","18","48955699"
"chr5","49595870","49596163","KN296210v1","619041","619339","28","48976829"
"chr5","49601709","49601829","KN297375v1","269503","269627","38","49332206"
"chr5","49601859","49601981","KN295236v1","1631207","1631327","23","47970652"
"chr5","49602068","49602246","KN295984v1","1404292","1404470","51","48197776"
"chr5","49605023","49605149","KN296311v1","6308916","6309040","13","43296107"
"chr5","49624404","49624702","KN296210v1","596521","596817","17","49027883"
"chr5","49633515","49633817","KN296210v1","587385","587694","38","49046130"
"chr5","49638756","49639059","KN296210v1","581765","582084","43","49056991"
"chr5","49653621","49653826","KN296210v1","567260","567472","20","49086361"
"chr5","49665216","49665534","KN295022v1","352501","352813","71","49312715"
"chr5","49681044","49681339","KN296210v1","541091","541390","25","49139953"
"chr5","49693551","49693735","KN295705v1","1250776","1250962","38","48442775"
"chr5","49696808","49697092","KN296210v1","523001","523277","26","49173807"
"chr5","49729479","49729784","KN296210v1","491203","491499","25","49238276"
"chr5","49732410","49732703","KN296210v1","488240","488539","26","49244170"
"chr5","49746343","49746467","KN296210v1","473602","473726","7","49272741"
"chr5","49752728","49752993","KN296210v1","467034","467306","23","49285694"
"chr5","49772414","49772741","KN296210v1","443946","444282","37","49328468"
"chr5","49773274","49773583","KN295236v1","1006135","1006445","69","48767139"
"chr5","49787715","49787964","KN294671v1","193489","193741","52","49594226"
"chr5","49790744","49790835","KN296210v1","424501","424592","6","49366243"
"chr5","49797760","49798073","KN296210v1","411997","412286","38","49385763"
"chr5","49801731","49802008","KN294433v1","62339","62612","74","49739392"
"chr5","49802133","49802381","KN297227v1","665913","666155","43","49136220"
"chr5","49805233","49805529","KN296210v1","397636","397943","30","49407597"
"chr5","49809415","49809732","KN296210v1","393700","394011","28","49415715"
"chr5","49849489","49849779","KN296210v1","351376","351673","36","49498113"
"chr5","49875119","49875354","KN296322v1","2576846","2577081","48","47298273"
"chr5","49900931","49901225","KN296210v1","298942","299235","20","49601989"
"chr5","49903505","49903796","KN295343v1","767106","767397","55","49136399"
"chr5","49904943","49905065","KN296210v1","295145","295267","5","49609798"
"chr5","49933039","49933329","KN296210v1","262492","262780","16","49670547"
"chr5","49956860","49957179","KN297008v1","4992637","4992950","68","44964223"
"chr5","50001417","50001706","KN296062v1","248583","248887","75","49752834"
"chr5","50010015","50010265","KN296210v1","178044","178293","13","49831971"
"chr5","50018403","50018612","KN296210v1","169637","169818","40","49848766"
"chr5","50019529","50019846","KN294897v1","448867","449177","68","49570662"
"chr5","50020877","50021007","KN297200v1","106178","106309","24","49914699"
"chr5","50021589","50021884","KN296210v1","166337","166633","27","49855252"
"chr5","50040125","50040365","KN296210v1","147168","147412","21","49892957"
"chr5","50065431","50065586","KN295236v1","4663739","4663891","38","45401692"
"chr5","50065892","50066032","KN294705v1","1147776","1147914","28","48918116"
"chr5","50077166","50077460","KN296210v1","109816","110111","19","49967350"
"chr5","50079542","50079833","KN296210v1","107468","107770","37","49972074"
"chr5","50129461","50129600","KN294650v1","1573109","1573252","35","48556352"
"chr5","50137607","50137910","KN296210v1","46138","46438","23","50091469"
"chr5","50150448","50150755","KN296210v1","22339","22648","16","50128109"
"chr5","50156026","50156169","KN294446v1","531704","531828","38","49624322"
"chr5","50169186","50169242","KN296682v1","2952259","2952315","19","47216927"
"chr5","50170516","50170627","KN296681v1","494272","494386","35","49676244"
"chr5","50184967","50185089","KN294345v1","2205007","2205129","8","47979960"
"chr5","50254339","50254632","KN294345v1","2128257","2128568","34","48126082"
"chr5","50285399","50285569","KN296467v1","73535","73704","41","50211864"
"chr5","50354844","50355118","KN294345v1","2030095","2030371","14","48324749"
"chr5","50365087","50365376","KN294345v1","2019825","2020123","28","48345262"
"chr5","50422606","50422888","KN294345v1","1961613","1961894","19","48460993"
"chr5","50445590","50445877","KN294345v1","1938443","1938738","22","48507147"
"chr5","50521886","50522195","KN295236v1","4190600","4190907","57","46331286"
"chr5","50565329","50565637","KN297095v1","2366915","2367226","59","48198414"
"chr5","50572059","50572177","KN294260v1","802158","802275","21","49769901"
"chr5","50599368","50599573","KN296695v1","185963","186159","47","50413405"
"chr5","50670593","50670853","KN294345v1","1704750","1705014","23","48965843"
"chr5","50710702","50711024","KN294345v1","1663920","1664243","28","49046782"
"chr5","50790803","50791087","KN294345v1","1573661","1573954","25","49217142"
"chr5","50899659","50899952","KN294345v1","1462262","1462556","20","49437397"
"chr5","50922784","50923051","KN294345v1","1438919","1439194","33","49483865"
"chr5","50926463","50926759","KN294345v1","1434434","1434680","64","49492029"
"chr5","50996279","50996473","KN294410v1","511465","511651","45","50484814"
"chr5","50996850","50996953","KN296153v1","3870650","3870749","20","47126200"
"chr5","51044848","51044981","KN294345v1","1307663","1307798","6","49737185"
"chr5","51059904","51060191","KN294345v1","1292741","1293034","23","49767163"
"chr5","51105145","51105446","KN294345v1","1249701","1249983","46","49855444"
"chr5","51133715","51133933","KN295241v1","546400","546611","55","50587315"
"chr5","51197926","51198229","KN294345v1","1150670","1150960","38","50047256"
"chr5","51293682","51293925","KN294345v1","1056202","1056452","30","50237480"
"chr5","51312588","51312882","KN294345v1","1041003","1041298","47","50271585"
"chr5","51375074","51375199","KN294345v1","960509","960631","12","50414565"
"chr5","51404539","51404773","KN295667v1","1593307","1593552","68","49811232"
"chr5","51420920","51421223","KN294451v1","351575","351870","64","51069345"
"chr5","51427654","51427944","KN294345v1","905619","905901","33","50522035"
"chr5","51455083","51455403","KN294345v1","880262","880584","25","50574821"
"chr5","51613189","51613478","KN294345v1","728127","728418","34","50885062"
"chr5","51727663","51727990","KN294345v1","613267","613579","52","51114396"
"chr5","51783590","51783697","KN294372v1","1668781","1668894","32","50114809"
"chr5","51783743","51783897","KN294911v1","2695378","2695539","43","49088365"
"chr5","51828175","51828456","KN294345v1","501217","501509","48","51326958"
"chr5","51976076","51976318","KN296701v1","63035","63275","48","51913041"
"chr5","52009031","52009340","KN294345v1","305577","305885","30","51703454"
"chr5","52093341","52093624","KN294345v1","237423","237713","31","51855918"
"chr5","52176936","52177222","KN297453v1","242913","243198","57","51934023"
"chr5","52192065","52192352","KN295306v1","39726","39996","72","52152339"
"chr5","52668905","52669190","KN296052v1","113915","114189","59","52554990"
"chr5","52676351","52676659","KN296052v1","106330","106632","30","52570021"
"chr5","52766750","52767039","KN294581v1","741087","741367","34","52025663"
"chr5","52831312","52831603","KN294581v1","676143","676432","22","52155169"
"chr5","52888412","52888619","KN294581v1","623182","623388","20","52265230"
"chr5","52897995","52898133","KN296682v1","3260335","3260470","25","49637660"
"chr5","52898442","52898597","KN296505v1","985297","985450","33","51913145"
"chr5","52898736","52899007","KN294172v1","813896","814172","54","52084840"
"chr5","52957526","52957806","KN294581v1","552924","553212","20","52404602"
"chr5","53029819","53030115","KN294581v1","486121","486394","51","52543698"
"chr5","53054783","53055088","KN294581v1","463468","463781","26","52591315"
"chr5","53086661","53086883","KN296955v1","957656","957870","61","52129005"
"chr5","53087389","53087535","KN294581v1","424755","424901","10","52662634"
"chr5","53087846","53087989","KN294581v1","424305","424455","21","52663541"
"chr5","53108592","53108861","KN294581v1","405990","406258","19","52702602"
"chr5","53116871","53117154","KN294581v1","397237","397521","25","52719634"
"chr5","53138626","53138907","KN296187v1","1240968","1241249","61","51897658"
"chr5","53141648","53141938","KN294571v1","2182994","2183281","65","50958654"
"chr5","53153520","53153823","KN295022v1","352501","352813","63","52801019"
"chr5","53171136","53171418","KN295236v1","3902484","3902743","71","49268652"
"chr5","53175682","53175973","KN294581v1","331395","331680","29","52844287"
"chr5","53181688","53181957","KN294848v1","912345","912627","65","52269343"
"chr5","53186187","53186386","KN294172v1","4156820","4157021","46","49029367"
"chr5","53190295","53190604","KN294294v1","197080","197381","58","52993215"
"chr5","53203678","53203936","KN294581v1","303725","303980","24","52899953"
"chr5","53208443","53208663","KN297154v1","1276195","1276415","45","51932248"
"chr5","53214282","53214574","KN295236v1","2916627","2916908","73","50297655"
"chr5","53219011","53219299","KN294581v1","285504","285809","42","52933507"
"chr5","53238134","53238258","KN294581v1","265790","265921","14","52972344"
"chr5","53238265","53238558","KN294581v1","265495","265786","24","52972770"
"chr5","53256030","53256239","KN294581v1","247899","248101","18","53008131"
"chr5","53256614","53256887","KN294581v1","247251","247526","18","53009363"
"chr5","53264251","53264527","KN294581v1","239396","239671","29","53024855"
"chr5","53267196","53267479","KN294581v1","236462","236744","34","53030734"
"chr5","53296521","53296812","KN294581v1","206660","206970","41","53089861"
"chr5","53300268","53300542","KN294581v1","202865","203149","30","53097403"
"chr5","53323913","53324203","KN294581v1","176506","176766","42","53147407"
"chr5","53324297","53324580","KN294581v1","176128","176412","16","53148169"
"chr5","53382859","53383067","KN294581v1","123474","123694","40","53259385"
"chr5","53383808","53384108","KN294581v1","122409","122711","21","53261399"
"chr5","53397783","53398068","KN294592v1","451567","451869","65","52946216"
"chr5","53433451","53433729","KN296682v1","2437381","2437668","65","50996070"
"chr5","53454309","53454619","KN294581v1","39634","39944","24","53414675"
"chr5","53457194","53457505","KN294581v1","38441","38770","51","53418753"
"chr5","53482847","53483139","KN294581v1","7515","7782","43","53475332"
"chr5","53517282","53517572","KN294732v1","584911","585214","23","52932371"
"chr5","53740486","53740719","KN294732v1","341441","341645","46","53399045"
"chr5","54056023","54056328","KN294732v1","4933","5232","27","54051090"
"chr5","54057360","54057671","KN296435v1","2591635","2591926","68","51465725"
"chr5","54059819","54059940","KN295722v1","2720205","2720326","18","51339614"
"chr5","54072520","54072752","KN294733v1","13674","13893","67","54058846"
"chr5","54084969","54085244","KN294287v1","329019","329303","71","53755950"
"chr5","54212299","54212595","KN297274v1","951768","952068","73","53260531"
"chr5","54213187","54213481","KN295596v1","879252","879556","69","53333935"
"chr5","54253635","54253835","KN296263v1","138916","139113","39","54114719"
"chr5","54261654","54261963","KN296247v1","160879","161180","65","54100775"
"chr5","54270619","54270910","KN296503v1","277760","278046","59","53992859"
"chr5","54271204","54271498","KN295586v1","1578389","1578700","77","52692815"
"chr5","54328375","54328653","KN296096v1","1173555","1173840","59","53154820"
"chr5","54332669","54332958","KN295637v1","617137","617421","63","53715532"
"chr5","54334131","54334437","KN294199v1","607974","608279","66","53726157"
"chr5","54334499","54334727","KN295410v1","307406","307629","59","54027093"
"chr5","54354601","54354719","KN295294v1","1437600","1437717","22","52917001"
"chr5","54354745","54354903","KN294693v1","1141176","1141336","33","53213569"
"chr5","54361341","54361498","KN294260v1","1376507","1376662","46","52984834"
"chr5","54361806","54361929","KN296306v1","2915149","2915272","20","51446657"
"chr5","54365882","54366197","KN296588v1","922323","922632","67","53443559"
"chr5","54381605","54381948","KN295719v1","222398","222718","94","54159207"
"chr5","54386421","54386714","KN297442v1","1544491","1544771","66","52841930"
"chr5","54402302","54402591","KN295343v1","329489","329788","62","54072813"
"chr5","54472209","54472517","KN295586v1","1578389","1578700","61","52893820"
"chr5","54480919","54481108","KN296665v1","120284","120476","37","54360635"
"chr5","54481376","54481511","KN295633v1","2584127","2584260","29","51897249"
"chr5","54520314","54520604","KN294747v1","619092","619383","59","53901222"
"chr5","54551729","54552043","KN295894v1","1786061","1786371","72","52765668"
"chr5","54583616","54583873","KN294172v1","2396155","2396416","58","52187461"
"chr5","54592184","54592309","KN294470v1","2161107","2161233","26","52431077"
"chr5","54633763","54634088","KN296682v1","2515297","2515609","62","52118466"
"chr5","54660208","54660499","KN296096v1","2726112","2726404","65","51934096"
"chr5","54707444","54707749","KN296864v1","3187581","3187876","60","51519863"
"chr5","54709462","54709743","KN296538v1","2248282","2248571","63","52461180"
"chr5","54754100","54754397","KN295744v1","654344","654638","51","54099756"
"chr5","54781311","54781491","KN295045v1","842398","842578","44","53938913"
"chr5","54782686","54782806","KN296119v1","2158105","2158228","21","52624581"
"chr5","54790903","54791084","KN294800v1","354531","354721","44","54436372"
"chr5","54793105","54793397","KN297452v1","2278288","2278582","54","52514817"
"chr5","54805527","54805837","KN297197v1","4625509","4625816","57","50180018"
"chr5","54839625","54839915","KN295365v1","618540","618829","52","54221085"
"chr5","54902717","54902827","KN295441v1","1139395","1139511","21","53763322"
"chr5","54930380","54930657","KN294873v1","667783","668077","75","54262597"
"chr5","54932770","54933021","KN296484v1","485070","485320","57","54447700"
"chr5","54965992","54966214","KN296502v1","1263015","1263238","52","53702977"
"chr5","55034475","55034752","KN295171v1","306509","306787","58","54727966"
"chr5","55051637","55051888","KN296311v1","1116856","1117116","67","53934781"
"chr5","55072642","55072909","KN294922v1","324988","325256","63","54747654"
"chr5","55145712","55146017","KN296829v1","366669","366969","73","54779043"
"chr5","55174021","55174333","KN296594v1","407873","408187","76","54766148"
"chr5","55240796","55240971","KN296108v1","1409697","1409853","42","53831099"
"chr5","55285420","55285705","KN296311v1","4141309","4141593","59","51144111"
"chr5","55510472","55510787","KN294578v1","361727","362033","74","55148745"
"chr5","55733044","55733345","KN296682v1","4680106","4680412","69","51052938"
"chr5","55871037","55871336","KN297197v1","4625509","4625816","60","51245528"
"chr5","55921468","55921740","KN295607v1","1195934","1196216","66","54725534"
"chr5","55947762","55947966","KN295573v1","1162345","1162540","45","54785417"
"chr5","56070408","56070629","KN295225v1","120597","120811","54","55949811"
"chr5","56202367","56202618","KN296178v1","950786","951044","55","55251581"
"chr5","56223267","56223545","KN295171v1","490390","490673","69","55732877"
"chr5","56296634","56296909","KN295161v1","68573","68864","67","56228061"
"chr5","56392097","56392393","KN294991v1","693040","693334","53","55699057"
"chr5","56394769","56395029","KN294470v1","409257","409539","70","55985512"
"chr5","56437244","56437543","KN295459v1","697076","697373","62","55740168"
"chr5","56441925","56442057","KN296311v1","6324496","6324634","33","50117429"
"chr5","56462120","56462327","KN297190v1","4625605","4625803","42","51836515"
"chr5","56474095","56474374","KN296311v1","3064923","3065199","58","53409172"
"chr5","56484208","56484349","KN296119v1","1856301","1856442","31","54627907"
"chr5","56524727","56524997","KN295962v1","1668761","1669028","62","54855966"
"chr5","56546131","56546437","KN296495v1","2489271","2489580","60","54056860"
"chr5","56557326","56557637","KN296311v1","3074623","3074927","57","53482703"
"chr5","56565051","56565310","KN296153v1","1138146","1138400","66","55426905"
"chr5","56638251","56638567","KN295459v1","697076","697373","61","55941175"
"chr5","56721004","56721128","KN296247v1","65599","65723","20","56655405"
"chr5","56735226","56735533","KN294251v1","1587049","1587347","64","55148177"
"chr5","56815311","56815609","KN294289v1","17871","18194","52","56797440"
"chr5","56938191","56938491","KN295352v1","936355","936655","51","56001836"
"chr5","57065898","57066015","KN294289v1","283285","283399","18","56782613"
"chr5","57113899","57114113","KN294289v1","316786","317009","33","56797113"
"chr5","57115869","57116043","KN294289v1","318772","318947","14","56797097"
"chr5","57133369","57133684","KN294289v1","342504","342822","24","56790865"
"chr5","57133696","57133819","KN294289v1","342834","342958","9","56790862"
"chr5","57189215","57189490","KN294289v1","399411","399686","35","56789804"
"chr5","57196652","57196931","KN294289v1","406865","407166","53","56789787"
"chr5","57237344","57237458","KN295825v1","3365930","3366043","21","53871414"
"chr5","57247344","57247658","KN294289v1","467525","467792","62","56779819"
"chr5","57275780","57276069","KN294289v1","492369","492653","27","56783411"
"chr5","57322298","57322375","KN294289v1","540524","540600","4","56781774"
"chr5","57379880","57380185","KN297008v1","6328216","6328527","63","51051664"
"chr5","57716269","57716568","KN297198v1","351484","351784","22","57364785"
"chr5","57735576","57735861","KN297198v1","332613","332909","35","57402963"
"chr5","57757242","57757547","KN297198v1","307748","308025","48","57449494"
"chr5","57919536","57919821","KN297198v1","158857","159150","28","57760679"
"chr5","58247277","58247369","KN295977v1","595697","595787","16","57651580"
"chr5","58276396","58276684","KN296926v1","892236","892536","52","57384160"
"chr5","58279089","58279322","KN297245v1","2091693","2091924","74","56187396"
"chr5","58279422","58279727","KN296682v1","2500190","2500484","72","55779232"
"chr5","58295153","58295468","KN295236v1","3157027","3157343","66","55138126"
"chr5","58342101","58342382","KN296743v1","2517724","2518029","66","55824377"
"chr5","58344156","58344418","KN296178v1","950786","951044","61","57393370"
"chr5","58360464","58360586","KN297046v1","2195918","2196039","19","56164546"
"chr5","58389608","58389880","KN294581v1","247251","247526","65","58142357"
"chr5","58393645","58393935","KN294570v1","165105","165399","61","58228540"
"chr5","58396063","58396192","KN297165v1","608618","608750","19","57787445"
"chr5","58397360","58397648","KN296153v1","3507524","3507812","60","54889836"
"chr5","58403041","58403162","KN294181v1","1104026","1104148","20","57299015"
"chr5","58405296","58405379","KN294470v1","1518231","1518311","18","56887065"
"chr5","58413114","58413283","KN296795v1","2164462","2164626","48","56248652"
"chr5","58413578","58413678","KN295236v1","3908314","3908407","25","54505264"
"chr5","58430569","58430811","KN295923v1","1444964","1445203","55","56985605"
"chr5","58431614","58431922","KN297112v1","3786979","3787288","64","54644635"
"chr5","58441340","58441463","KN297245v1","2589449","2589573","24","55851891"
"chr5","58450704","58450978","KN296201v1","2559351","2559629","67","55891353"
"chr5","58451170","58451443","KN294613v1","72863","73148","71","58378307"
"chr5","58456228","58456515","KN295397v1","5352","5638","56","58450876"
"chr5","58472675","58472796","KN295708v1","2162566","2162690","17","56310109"
"chr5","58478874","58479100","KN294592v1","827234","827463","67","57651640"
"chr5","58479394","58479452","KN296682v1","2952259","2952315","15","55527135"
"chr5","58500058","58500353","KN295893v1","2360419","2360712","53","56139639"
"chr5","58502448","58502752","KN295107v1","1051267","1051565","58","57451181"
"chr5","58504696","58504808","KN295825v1","3365930","3366043","21","55138766"
"chr5","58511316","58511434","KN294873v1","116539","116660","26","58394777"
"chr5","58515570","58515851","KN295984v1","3363324","3363594","63","55152246"
"chr5","58515864","58515987","KN296036v1","1966257","1966378","17","56549607"
"chr5","58519665","58519939","KN297190v1","3735620","3735887","78","54784045"
"chr5","58521023","58521314","KN297245v1","2036362","2036663","62","56484661"
"chr5","58528333","58528492","KN294710v1","128924","129084","41","58399409"
"chr5","58532571","58532830","KN294499v1","1828238","1828503","63","56704333"
"chr5","58565267","58565397","KN294193v1","48757","48887","25","58516510"
"chr5","58570081","58570207","KN294961v1","41996","42121","17","58528085"
"chr5","58574609","58574909","KN294874v1","202704","203018","67","58371905"
"chr5","58580225","58580522","KN294407v1","1992089","1992389","61","56588136"
"chr5","58581868","58582180","KN294662v1","127944","128258","60","58453924"
"chr5","58630845","58630975","KN296921v1","2810176","2810302","22","55820669"
"chr5","58643501","58643624","KN295045v1","526689","526806","19","58116812"
"chr5","58696729","58697025","KN294172v1","734416","734711","58","57962313"
"chr5","58704941","58705227","KN294470v1","2756337","2756617","64","55948604"
"chr5","58728384","58728513","KN294462v1","635236","635365","20","58093148"
"chr5","58750674","58750963","KN296117v1","365599","365876","62","58385075"
"chr5","58754667","58754971","KN296381v1","96528","96830","61","58658139"
"chr5","58758536","58758820","KN296153v1","3558916","3559205","58","55199620"
"chr5","58775311","58775587","KN297197v1","1087003","1087288","63","57688308"
"chr5","58830517","58830825","KN295962v1","458497","458810","57","58372020"
"chr5","59026886","59027142","KN296122v1","111873","112129","55","58915013"
"chr5","59070736","59071031","KN296017v1","366720","367014","58","58704016"
"chr5","59104138","59104420","KN296322v1","1695430","1695714","56","57408708"
"chr5","59214191","59214488","KN294444v1","129814","130111","49","59084377"
"chr5","59231146","59231358","KN296738v1","128525","128735","46","59102621"
"chr5","59352322","59352613","KN294175v1","66405","66699","61","59285917"
"chr5","59355470","59355742","KN295744v1","3589","3875","67","59351881"
"chr5","59450148","59450226","KN295633v1","2334138","2334211","14","57116010"
"chr5","59484287","59484567","KN296036v1","998342","998618","59","58485945"
"chr5","59510820","59511023","KN296153v1","2842497","2842705","42","56668323"
"chr5","59535024","59535325","KN295480v1","1352412","1352716","66","58182612"
"chr5","59539794","59540092","KN297320v1","1234476","1234772","61","58305318"
"chr5","59543150","59543441","KN296538v1","1363005","1363297","62","58180145"
"chr5","59557749","59557957","KN295090v1","2058765","2058974","53","57498984"
"chr5","59561655","59561813","KN294571v1","301738","301888","41","59259917"
"chr5","59567787","59568084","KN296145v1","1496963","1497260","53","58070824"
"chr5","59572959","59573253","KN296513v1","108168","108464","57","59464791"
"chr5","59575204","59575475","KN295820v1","827923","828191","54","58747281"
"chr5","59591541","59591723","KN294470v1","3415512","3415688","46","56176029"
"chr5","59592006","59592137","KN296495v1","1714894","1715020","22","57877112"
"chr5","59612796","59612998","KN297133v1","1031513","1031710","47","58581283"
"chr5","59613748","59613861","KN294439v1","256157","256274","22","59357591"
"chr5","59628803","59629097","KN295591v1","745641","745936","60","58883162"
"chr5","59640437","59640663","KN295236v1","216490","216711","48","59423947"
"chr5","59649295","59649573","KN294733v1","143432","143710","70","59505863"
"chr5","59656718","59656926","KN294633v1","156774","156969","55","59499944"
"chr5","59666688","59666813","KN294790v1","3236928","3237050","22","56429760"
"chr5","59675271","59675532","KN294378v1","1093786","1094053","67","58581485"
"chr5","59682781","59683050","KN294739v1","961157","961438","73","58721624"
"chr5","59691884","59692152","KN294172v1","6698523","6698796","68","52993361"
"chr5","59712538","59712743","KN295236v1","3468503","3468712","51","56244035"
"chr5","59714646","59714931","KN296883v1","547727","548009","63","59166919"
"chr5","59718999","59719290","KN297442v1","1913260","1913548","67","57805739"
"chr5","59760680","59760939","KN296485v1","136683","136945","59","59623997"
"chr5","59768484","59768612","KN296403v1","182747","182877","27","59585737"
"chr5","59789705","59789943","KN295459v1","1541033","1541262","58","58248672"
"chr5","59803021","59803145","KN295697v1","414897","415020","19","59388124"
"chr5","59849964","59850261","KN296513v1","1587871","1588175","67","58262093"
"chr5","59853530","59853815","KN294848v1","912345","912627","57","58941185"
"chr5","59860588","59860870","KN294410v1","161875","162165","70","59698713"
"chr5","59871578","59871704","KN294294v1","116260","116389","24","59755318"
"chr5","59874579","59874877","KN296311v1","4657276","4657569","54","55217303"
"chr5","59889853","59890105","KN296119v1","160383","160631","61","59729470"
"chr5","59912431","59912677","KN295294v1","3318177","3318419","56","56594254"
"chr5","59912678","59912787","KN295045v1","1298333","1298441","18","58614345"
"chr5","59921992","59922274","KN295236v1","1921284","1921574","54","58000708"
"chr5","59922619","59922905","KN294172v1","6667218","6667506","55","53255401"
"chr5","59935002","59935310","KN296019v1","466074","466382","58","59468928"
"chr5","59941275","59941525","KN297112v1","2493215","2493464","67","57448060"
"chr5","59944288","59944603","KN295984v1","1299071","1299366","72","58645217"
"chr5","59945909","59946203","KN294630v1","530859","531151","49","59415050"
"chr5","59949500","59949800","KN296406v1","283606","283899","75","59665894"
"chr5","59952257","59952481","KN294733v1","13674","13893","45","59938583"
"chr5","59955981","59956087","KN295526v1","104674","104782","16","59851307"
"chr5","59963892","59964153","KN295820v1","792314","792591","74","59171578"
"chr5","59991825","59992115","KN296406v1","163962","164264","68","59827863"
"chr5","60026670","60026969","KN295596v1","879252","879556","69","59147418"
"chr5","60038440","60038749","KN295090v1","319087","319405","80","59719353"
"chr5","60048544","60048852","KN295923v1","1997557","1997864","55","58050987"
"chr5","60091010","60091130","KN295480v1","2697028","2697157","23","57393982"
"chr5","60104217","60104478","KN296635v1","5391238","5391519","38","54712979"
"chr5","60138959","60139264","KN295936v1","2499504","2499800","56","57639455"
"chr5","60147849","60147967","KN295205v1","1735810","1735927","14","58412039"
"chr5","60155809","60156104","KN296430v1","327176","327468","56","59828633"
"chr5","60160190","60160398","KN294372v1","1904177","1904377","51","58256013"
"chr5","60219675","60219989","KN296119v1","494171","494475","70","59725504"
"chr5","60220775","60221075","KN294457v1","54239","54539","73","60166536"
"chr5","60226301","60226617","KN297408v1","582312","582615","63","59643989"
"chr5","60254827","60255146","KN296538v1","1363005","1363297","74","58891822"
"chr5","60269135","60269444","KN296404v1","1140358","1140668","60","59128777"
"chr5","60299408","60299681","KN294454v1","37387","37658","53","60262021"
"chr5","60367514","60367710","KN296879v1","1138423","1138624","51","59229091"
"chr5","60378076","60378360","KN294848v1","387189","387474","68","59990887"
"chr5","60383852","60384081","KN294239v1","375904","376124","48","60007948"
"chr5","60385590","60385871","KN295161v1","143263","143554","69","60242327"
"chr5","60393639","60393889","KN294443v1","863765","864020","62","59529874"
"chr5","60411807","60412095","KN296311v1","3805875","3806153","57","56605932"
"chr5","60451238","60451568","KN294470v1","191964","192275","82","60259274"
"chr5","60464451","60464654","KN296311v1","5499586","5499772","42","54964865"
"chr5","60480254","60480544","KN296153v1","520941","521230","51","59959313"
"chr5","60556499","60556760","KN295257v1","1146090","1146347","54","59410409"
"chr5","60580299","60580592","KN294478v1","119569","119854","62","60460730"
"chr5","60621245","60621536","KN294451v1","861407","861687","78","59759838"
"chr5","60726383","60726669","KN294458v1","570570","570851","58","60155813"
"chr5","60812700","60812877","KN296938v1","742160","742340","30","60070540"
"chr5","60942792","60942981","KN296205v1","840435","840622","49","60102357"
"chr5","60989008","60989124","KN295964v1","41056","41170","15","60947952"
"chr5","61033069","61033337","KN295633v1","2013215","2013483","60","59019854"
"chr5","61038276","61038362","KN294260v1","236350","236434","18","60801926"
"chr5","61056408","61056727","KN296311v1","7829484","7829801","65","53226924"
"chr5","61057807","61058059","KN295405v1","345754","346015","60","60712053"
"chr5","61062541","61062843","KN294462v1","421387","421690","53","60641154"
"chr5","61082230","61082503","KN294848v1","829444","829725","60","60252786"
"chr5","61086149","61086453","KN297197v1","4075113","4075418","70","57011036"
"chr5","61125883","61126169","KN294548v1","571745","572028","64","60554138"
"chr5","61137711","61138028","KN296247v1","753389","753698","69","60384322"
"chr5","61149121","61149163","KN294470v1","720449","720489","15","60428672"
"chr5","61150258","61150338","KN294501v1","128231","128303","28","61022027"
"chr5","61150631","61150739","KN295236v1","4615708","4615815","25","56534923"
"chr5","61178759","61179024","KN295744v1","187097","187357","52","60991662"
"chr5","61180802","61181043","KN296864v1","425166","425409","68","60755636"
"chr5","61181083","61181200","KN296812v1","563343","563459","18","60617740"
"chr5","61192380","61192655","KN295607v1","3761193","3761453","61","57431187"
"chr5","61202595","61202873","KN296635v1","1852883","1853156","61","59349712"
"chr5","61270106","61270445","KN295586v1","2946282","2946620","74","58323824"
"chr5","61300926","61301230","KN295236v1","5303708","5304010","58","55997218"
"chr5","61302299","61302598","KN297320v1","1234476","1234772","51","60067823"
"chr5","61324175","61324447","KN297227v1","631351","631627","71","60692824"
"chr5","61373131","61373426","KN294454v1","473949","474241","65","60899182"
"chr5","61460839","61461145","KN294407v1","1992089","1992389","61","59468750"
"chr5","61476286","61476575","KN294848v1","912345","912627","58","60563941"
"chr5","61605045","61605249","KN296119v1","2316440","2316635","49","59288605"
"chr5","61612871","61613127","KN296096v1","2485316","2485572","65","59127555"
"chr5","61614073","61614363","KN294503v1","78637","78910","59","61535436"
"chr5","61618657","61618816","KN294564v1","150601","150753","33","61468056"
"chr5","61619146","61619280","KN297279v1","606393","606522","25","61012753"
"chr5","61619795","61620107","KN297408v1","582312","582615","71","61037483"
"chr5","61653474","61653598","KN296828v1","63127","63248","20","61590347"
"chr5","61660134","61660304","KN297133v1","752216","752384","34","60907918"
"chr5","61660332","61660346","KN294657v1","690750","690763","4","60969582"
"chr5","61660630","61660781","KN296311v1","2990583","2990728","31","58670047"
"chr5","61668890","61669188","KN294224v1","1196660","1196957","53","60472230"
"chr5","61677644","61677809","KN294421v1","1304144","1304311","41","60373500"
"chr5","61678112","61678166","KN294693v1","1340631","1340683","12","60337481"
"chr5","61701036","61701169","KN296726v1","67636","67765","22","61633400"
"chr5","61725439","61725744","KN294446v1","699768","700063","74","61025671"
"chr5","61725766","61726058","KN297452v1","99434","99726","51","61626332"
"chr5","61737958","61738257","KN294570v1","318064","318362","60","61419894"
"chr5","61758339","61758637","KN296538v1","989276","989568","57","60769063"
"chr5","61812026","61812121","KN295967v1","1417762","1417854","14","60394264"
"chr5","61813591","61813622","KN294883v1","419349","419376","8","61394242"
"chr5","61827037","61827325","KN295708v1","339152","339445","59","61487885"
"chr5","61901188","61901386","KN295236v1","1022820","1023020","43","60878368"
"chr5","61925884","61925998","KN296062v1","2178521","2178637","16","59747363"
"chr5","62002219","62002521","KN295236v1","2297019","2297316","67","59705200"
"chr5","62024476","62024747","KN294421v1","77711","77976","66","61946765"
"chr5","62075166","62075478","KN296435v1","2320836","2321146","68","59754330"
"chr5","62075783","62076079","KN294526v1","792542","792829","57","61283241"
"chr5","62149924","62150262","KN295708v1","2277404","2277721","79","59872520"
"chr5","62201057","62201375","KN295606v1","394140","394454","64","61806917"
"chr5","62206296","62206551","KN296153v1","3467090","3467343","56","58739206"
"chr5","62268767","62269065","KN294257v1","2271748","2272051","56","59997019"
"chr5","62304027","62304295","KN296096v1","1827942","1828211","62","60476085"
"chr5","62416181","62416473","KN295666v1","1087247","1087544","59","61328934"
"chr5","62525444","62525722","KN294499v1","2485948","2486229","57","60039496"
"chr5","62584178","62584459","KN294486v1","931289","931568","59","61652889"
"chr5","62620907","62621209","KN294630v1","741362","741665","59","61879545"
"chr5","62626183","62626436","KN297442v1","519884","520133","60","62106299"
"chr5","62647227","62647426","KN297274v1","121335","121529","46","62525892"
"chr5","62664097","62664381","KN294486v1","1232813","1233099","70","61431284"
"chr5","63200851","63201096","KN295907v1","1163696","1163930","61","62037155"
"chr5","63215431","63215653","KN295633v1","2172508","2172728","53","61042923"
"chr5","63251924","63252138","KN295995v1","194519","194734","49","63057405"
"chr5","63268716","63269032","KN295090v1","1364529","1364831","77","61904187"
"chr5","63392057","63392137","KN296959v1","901501","901582","25","62490556"
"chr5","63396921","63397249","KN297190v1","1138855","1139171","79","62258066"
"chr5","63532777","63533049","KN294224v1","705106","705389","73","62827671"
"chr5","63590543","63590824","KN294834v1","518210","518488","32","63072333"
"chr5","63671528","63671653","KN296831v1","567484","567609","27","63104044"
"chr5","63734644","63734935","KN294834v1","361380","361660","28","63373264"
"chr5","63783473","63783775","KN294834v1","314269","314539","56","63469204"
"chr5","63797486","63797776","KN294834v1","299429","299710","28","63498057"
"chr5","64147311","64147596","KN296075v1","20321","20616","71","64126990"
"chr5","64278042","64278346","KN295721v1","801682","801980","42","63476360"
"chr5","64282622","64282904","KN295721v1","797087","797383","34","63485535"
"chr5","64285527","64285819","KN295721v1","794121","794426","43","63491406"
"chr5","64325175","64325397","KN295721v1","759317","759539","18","63565858"
"chr5","64640344","64640509","KN297154v1","1567428","1567596","31","63072916"
"chr5","64738582","64738857","KN295721v1","324283","324557","23","64414299"
"chr5","64743985","64744265","KN295721v1","318650","318928","23","64425335"
"chr5","64750648","64750954","KN295721v1","312044","312334","37","64438604"
"chr5","64896459","64896560","KN295721v1","166167","166277","13","64730292"
"chr5","64899374","64899654","KN295721v1","163057","163358","41","64736317"
"chr5","64930999","64931316","KN295721v1","130433","130725","38","64800566"
"chr5","64936168","64936361","KN295721v1","120629","120823","34","64815539"
"chr5","64942304","64942594","KN295721v1","114381","114649","39","64827923"
"chr5","64952404","64952648","KN294705v1","1117334","1117571","72","63835070"
"chr5","64954899","64954955","KN295893v1","903505","903566","11","64051394"
"chr5","64977501","64977787","KN295721v1","79269","79573","41","64898232"
"chr5","64981051","64981343","KN295320v1","53994","54294","59","64927057"
"chr5","65024054","65024212","KN295721v1","33069","33231","15","64990985"
"chr5","65031656","65031823","KN295022v1","449088","449259","51","64582568"
"chr5","65057368","65057672","KN294410v1","101478","101783","67","64955890"
"chr5","65060358","65060641","KN295753v1","25647","25908","96","65034711"
"chr5","65083246","65083555","KN294221v1","302242","302549","15","64781004"
"chr5","65115758","65116040","KN294221v1","279400","279714","50","64836358"
"chr5","65231939","65232240","KN294221v1","166781","167066","41","65065158"
"chr5","65250516","65250791","KN294221v1","140654","140933","20","65109862"
"chr5","65262296","65262490","KN294221v1","109385","109566","28","65152911"
"chr5","65288856","65289076","KN294221v1","97438","97657","22","65191418"
"chr5","65301521","65301742","KN294221v1","82325","82537","24","65219196"
"chr5","65334123","65334406","KN294221v1","37366","37638","31","65296757"
"chr5","69523963","69524085","KN294790v1","1434382","1434504","18","68089581"
"chr5","69662360","69662632","KN295315v1","704939","705214","72","68957421"
"chr5","69684217","69684228","KN294410v1","230128","230140","2","69454089"
"chr5","69684283","69684552","KN295371v1","965337","965614","61","68718946"
"chr5","69702729","69702998","KN294848v1","912345","912627","64","68790384"
"chr5","69745900","69746028","KN294728v1","1745039","1745163","24","68000861"
"chr5","69777899","69778181","KN297245v1","357817","358108","73","69420082"
"chr5","69823632","69823899","KN297158v1","446367","446632","62","69377265"
"chr5","69848870","69849134","KN294218v1","1780953","1781231","58","68067917"
"chr5","69855723","69856001","KN296365v1","497706","497982","65","69358017"
"chr5","70014028","70014311","KN295484v1","634266","634551","66","69379762"
"chr5","70033221","70033520","KN295343v1","329489","329788","63","69703732"
"chr5","70163799","70164147","KN294874v1","627653","627956","97","69536146"
"chr5","70365027","70365341","KN294696v1","24100","24406","35","70340927"
"chr5","70508449","70508636","KN295190v1","96006","96165","37","70412443"
"chr5","70559125","70559397","KN296036v1","998342","998618","68","69560783"
"chr5","70614430","70614682","KN294372v1","2684390","2684651","58","67930040"
"chr5","70693050","70693335","KN294172v1","5859145","5859420","74","64833905"
"chr5","70881894","70882200","KN297320v1","1234476","1234772","55","69647418"
"chr5","70893027","70893227","KN294949v1","855888","856100","42","70037139"
"chr5","70930953","70931065","KN296200v1","354156","354275","21","70576797"
"chr5","71048241","71048540","KN297442v1","1509105","1509411","65","69539136"
"chr5","71087620","71087771","KN297332v1","243297","243443","30","70844323"
"chr5","71089934","71090206","KN294167v1","113420","113688","61","70976514"
"chr5","71095625","71095887","KN294251v1","2297005","2297278","64","68798620"
"chr5","71592513","71592598","KN296939v1","226066","226148","8","71366447"
"chr5","71622044","71622253","KN296032v1","81296","81503","26","71540748"
"chr5","71820962","71821231","KN295596v1","1630618","1630880","60","70190344"
"chr5","71830120","71830210","KN295366v1","210172","210260","19","71619948"
"chr5","71880123","71880420","KN295450v1","303008","303319","37","71577115"
"chr5","71913608","71913914","KN295450v1","271801","272105","21","71641807"
"chr5","71925836","71926126","KN295450v1","259568","259851","32","71666268"
"chr5","71936056","71936369","KN295450v1","250493","250798","33","71685563"
"chr5","71942326","71942634","KN295450v1","244840","245142","23","71697486"
"chr5","71945736","71946044","KN296290v1","775055","775367","72","71170681"
"chr5","71964691","71964994","KN295450v1","219324","219627","18","71745367"
"chr5","71967682","71967969","KN295450v1","216049","216350","31","71751633"
"chr5","71970983","71971296","KN295708v1","1068147","1068455","56","70902836"
"chr5","71972796","71973097","KN295450v1","210709","211018","29","71762087"
"chr5","71988076","71988225","KN296635v1","2550747","2550891","37","69437329"
"chr5","71988269","71988375","KN296000v1","1180465","1180564","22","70807804"
"chr5","71998751","71998958","KN295450v1","186842","187049","7","71811909"
"chr5","72008189","72008485","KN296404v1","3404152","3404452","63","68604037"
"chr5","72024836","72025151","KN295450v1","167800","168108","35","71857036"
"chr5","72037167","72037449","KN295450v1","157445","157728","27","71879722"
"chr5","72043475","72043740","KN295450v1","150898","151165","16","71892577"
"chr5","72044294","72044610","KN295450v1","150023","150317","33","71894271"
"chr5","72046775","72047071","KN296290v1","24611","24902","54","72022164"
"chr5","72067816","72067861","KN295450v1","126809","126854","2","71941007"
"chr5","72068173","72068336","KN295450v1","126355","126518","12","71941818"
"chr5","72136341","72136473","KN295450v1","71866","71990","13","72064475"
"chr5","72170521","72170817","KN295450v1","38478","38772","20","72132043"
"chr5","72197425","72197704","KN295450v1","12204","12483","13","72185221"
"chr5","72221877","72222151","KN297141v1","14783","15062","60","72207094"
"chr5","72230865","72231178","KN296484v1","462703","463013","68","71768162"
"chr5","72255859","72255981","KN295350v1","572005","572123","26","71683854"
"chr5","72274232","72274535","KN297200v1","479301","479605","15","71794931"
"chr5","72297749","72297903","KN295236v1","4663739","4663891","38","67634010"
"chr5","72301614","72301838","KN297200v1","452837","453049","34","71848777"
"chr5","72322345","72322443","KN294172v1","6330290","6330389","15","65992055"
"chr5","72325667","72325791","KN295304v1","204915","205037","21","72120752"
"chr5","72336946","72337231","KN296484v1","367550","367831","64","71969396"
"chr5","72377221","72377536","KN297200v1","233667","233979","76","72143554"
"chr5","72386224","72386402","KN297200v1","295485","295658","17","72090739"
"chr5","72386447","72386562","KN297200v1","295337","295451","6","72091110"
"chr5","72395502","72395804","KN297200v1","286879","287180","30","72108623"
"chr5","72396528","72396808","KN294172v1","439163","439451","58","71957365"
"chr5","72420064","72420365","KN296884v1","617485","617781","70","71802579"
"chr5","72424153","72424280","KN294251v1","1488730","1488859","28","70935423"
"chr5","72425358","72425667","KN297200v1","245290","245593","53","72180068"
"chr5","72453292","72453607","KN297200v1","321119","321439","61","72132173"
"chr5","72454306","72454611","KN297200v1","245290","245593","28","72209016"
"chr5","72465849","72466160","KN297200v1","233667","233979","23","72232182"
"chr5","72467566","72467867","KN297184v1","1157606","1157903","75","71309960"
"chr5","72472923","72473092","KN297046v1","1006658","1006824","37","71466265"
"chr5","72473415","72473540","KN295586v1","3128519","3128644","29","69344896"
"chr5","72481806","72482114","KN297200v1","218576","218887","39","72263230"
"chr5","72489473","72489545","KN295365v1","497266","497336","16","71992207"
"chr5","72538374","72538658","KN297200v1","150955","151224","39","72387419"
"chr5","72583810","72583925","KN294998v1","84801","84917","24","72499009"
"chr5","72704663","72704954","KN296550v1","158049","158340","31","72546614"
"chr5","72859953","72860241","KN294848v1","912345","912627","61","71947608"
"chr5","73120339","73120639","KN296345v1","732821","733123","58","72387518"
"chr5","73155534","73155773","KN296864v1","1010996","1011228","58","72144538"
"chr5","73159342","73159612","KN295352v1","1021287","1021563","74","72138055"
"chr5","73339113","73339324","KN295099v1","175085","175294","39","73164028"
"chr5","73484436","73484566","KN295147v1","228540","228670","10","73255896"
"chr5","73508776","73509061","KN295147v1","208186","208467","17","73300590"
"chr5","73527508","73527771","KN297452v1","662448","662712","63","72865060"
"chr5","73544620","73544919","KN295147v1","171826","172120","28","73372794"
"chr5","73639564","73639691","KN294182v1","154537","154667","21","73485027"
"chr5","73687680","73687932","KN295147v1","12809","13059","33","73674871"
"chr5","73711652","73711927","KN296454v1","394366","394634","30","73317286"
"chr5","74131005","74131311","KN295637v1","617137","617421","69","73513868"
"chr5","74286264","74286563","KN294535v1","202952","203247","22","74083312"
"chr5","74310088","74310211","KN296079v1","478071","478191","17","73832017"
"chr5","74440909","74441212","KN296365v1","578722","579023","61","73862187"
"chr5","74515843","74515991","KN294535v1","443638","443790","9","74072205"
"chr5","74516278","74516447","KN294535v1","444078","444232","33","74072200"
"chr5","74527131","74527431","KN294535v1","455479","455784","17","74071652"
"chr5","74534602","74534900","KN296538v1","1363005","1363297","62","73171597"
"chr5","74554919","74555095","KN294535v1","481438","481612","16","74073481"
"chr5","74565502","74565628","KN295977v1","601353","601481","21","73964149"
"chr5","74576384","74576634","KN294535v1","510773","511032","31","74065611"
"chr5","74588258","74588487","KN294535v1","523756","523985","16","74064502"
"chr5","74589097","74589389","KN294535v1","524597","524889","26","74064500"
"chr5","74597721","74597834","KN294181v1","1474546","1474663","20","73123175"
"chr5","74620658","74620936","KN294535v1","551796","552071","21","74068862"
"chr5","74623753","74623980","KN294535v1","555708","555939","25","74068045"
"chr5","74654414","74654697","KN294535v1","587208","587493","29","74067206"
"chr5","74658853","74659180","KN294535v1","591689","592027","27","74067164"
"chr5","74693226","74693497","KN294535v1","628634","628886","36","74064592"
"chr5","74758087","74758398","KN294535v1","694614","694930","25","74063473"
"chr5","74995926","74996219","KN296223v1","215102","215390","29","74780824"
"chr5","75070734","75071022","KN294902v1","139227","139519","20","74931507"
"chr5","75100086","75100357","KN294902v1","103698","103971","22","74996388"
"chr5","75115667","75115967","KN296096v1","2513544","2513844","58","72602123"
"chr5","75156823","75157129","KN294902v1","42437","42752","59","75114386"
"chr5","75190319","75190614","KN294902v1","8395","8690","25","75181924"
"chr5","75193079","75193241","KN294902v1","5304","5466","9","75187775"
"chr5","75219071","75219368","KN295365v1","618540","618829","63","74600531"
"chr5","75430903","75431149","KN296201v1","187596","187880","59","75243307"
"chr5","75509019","75509227","KN296201v1","267569","267777","15","75241450"
"chr5","75669344","75669655","KN296357v1","668135","668446","64","75001209"
"chr5","75754938","75755231","KN296201v1","514965","515261","17","75239973"
"chr5","75765512","75765751","KN296201v1","525959","526190","55","75239553"
"chr5","75917349","75917650","KN296201v1","687672","687981","35","75229677"
"chr5","76146545","76146837","KN296201v1","919711","919986","47","75226834"
"chr5","76193578","76193892","KN296201v1","969288","969598","24","75224290"
"chr5","76201680","76201994","KN296201v1","977476","977782","35","75224204"
"chr5","76219508","76219814","KN296201v1","995066","995376","26","75224442"
"chr5","76314899","76315214","KN296201v1","1094338","1094648","16","75220561"
"chr5","76317279","76317469","KN294987v1","414044","414238","55","75903235"
"chr5","76325378","76325496","KN296201v1","1105159","1105276","3","75220219"
"chr5","76333004","76333170","KN294710v1","128924","129084","38","76204080"
"chr5","76333203","76333319","KN295236v1","123341","123460","25","76209862"
"chr5","76365715","76366037","KN296201v1","1149109","1149449","45","75216606"
"chr5","76553778","76554070","KN296201v1","1338294","1338586","13","75215484"
"chr5","76609972","76610276","KN296201v1","1395946","1396251","23","75214026"
"chr5","76638132","76638394","KN296201v1","1424640","1424907","30","75213492"
"chr5","76751652","76751965","KN296201v1","1545420","1545732","30","75206232"
"chr5","76827549","76827700","KN296201v1","1622769","1622920","5","75204780"
"chr5","76950562","76950832","KN296201v1","1739358","1739635","20","75211204"
"chr5","77014213","77014437","KN295045v1","1285025","1285240","52","75729188"
"chr5","77016260","77016562","KN296201v1","1805781","1806095","31","75210479"
"chr5","77043579","77043852","KN296311v1","2689905","2690173","59","74353674"
"chr5","77081755","77082079","KN294378v1","712903","713226","66","76368852"
"chr5","77177003","77177287","KN296201v1","1955441","1955717","29","75221562"
"chr5","77187802","77188094","KN296201v1","1966217","1966516","40","75221585"
"chr5","77354174","77354297","KN296201v1","2123619","2123742","7","75230555"
"chr5","77376134","77376450","KN296201v1","2151318","2151624","24","75224816"
"chr5","77385938","77386266","KN296864v1","3124677","3125002","68","74261261"
"chr5","77549855","77550166","KN296201v1","2323595","2323899","25","75226260"
"chr5","77743565","77743674","KN294375v1","777590","777702","25","76965975"
"chr5","77784526","77784805","KN296201v1","2559351","2559629","17","75225175"
"chr5","77823553","77823681","KN295433v1","672811","672940","24","77150742"
"chr5","77823995","77824167","KN295171v1","420921","421088","31","77403074"
"chr5","77835198","77835410","KN296201v1","2613780","2613994","11","75221418"
"chr5","77849506","77849659","KN296201v1","2628011","2628175","20","75221495"
"chr5","77895782","77896075","KN296201v1","2668785","2669075","21","75226997"
"chr5","77900031","77900227","KN296201v1","2673125","2673321","11","75226906"
"chr5","77900561","77900639","KN296430v1","337676","337753","11","77562885"
"chr5","78238192","78238447","KN295923v1","1975100","1975355","68","76263092"
"chr5","78238680","78238798","KN295722v1","2720205","2720326","21","75518475"
"chr5","78245830","78245953","KN296201v1","2771165","2771291","16","75474665"
"chr5","78253070","78253383","KN296201v1","2779050","2779365","24","75474020"
"chr5","78255828","78256092","KN295096v1","1153348","1153587","58","77102480"
"chr5","78261884","78262165","KN296201v1","2788205","2788486","21","75473679"
"chr5","78282247","78282410","KN294399v1","237495","237669","38","78044752"
"chr5","78282411","78282503","KN297008v1","771854","771949","21","77510557"
"chr5","78286704","78286996","KN296201v1","2817701","2817967","64","75469003"
"chr5","78294306","78294596","KN296538v1","942113","942398","66","77352193"
"chr5","78311864","78312181","KN294717v1","118798","119103","73","78193066"
"chr5","78317824","78318024","KN297154v1","1478243","1478448","46","76839581"
"chr5","78331735","78331857","KN296201v1","2863425","2863555","17","75468310"
"chr5","78333765","78334036","KN296201v1","2864073","2864351","23","75469692"
"chr5","78345126","78345409","KN296201v1","2875174","2875460","27","75469952"
"chr5","78348618","78348796","KN296201v1","2880564","2880748","20","75468054"
"chr5","78349107","78349235","KN296201v1","2881058","2881186","7","75468049"
"chr5","78363176","78363391","KN295045v1","597736","597951","61","77765440"
"chr5","78395964","78396034","KN294175v1","186919","186988","19","78209045"
"chr5","78396660","78396746","KN295362v1","1240135","1240215","21","77156525"
"chr5","78418964","78419297","KN294420v1","898176","898478","55","77520788"
"chr5","78472845","78473138","KN294420v1","838262","838557","16","77634583"
"chr5","78473272","78473561","KN294420v1","837853","838135","22","77635419"
"chr5","78479670","78479965","KN294420v1","831254","831549","17","77648416"
"chr5","78486646","78486934","KN294420v1","824265","824553","16","77662381"
"chr5","78498452","78498745","KN294420v1","810664","810970","31","77687788"
"chr5","78498947","78499177","KN294420v1","810223","810458","16","77688724"
"chr5","78526332","78526611","KN296322v1","1999122","1999399","66","76527210"
"chr5","78527329","78527600","KN294420v1","783423","783717","49","77743906"
"chr5","78573633","78573933","KN294420v1","737639","737943","27","77835994"
"chr5","78576719","78576835","KN295045v1","526689","526806","19","78050030"
"chr5","78590998","78591269","KN294420v1","720073","720349","20","77870925"
"chr5","78612831","78613126","KN294420v1","697589","697896","32","77915242"
"chr5","78618308","78618593","KN294420v1","692060","692357","33","77926248"
"chr5","78624569","78624769","KN295601v1","2119933","2120134","56","76504636"
"chr5","78626242","78626548","KN294420v1","684500","684807","21","77941742"
"chr5","78644611","78644916","KN294420v1","665763","666080","41","77978848"
"chr5","78662096","78662225","KN294420v1","648596","648728","8","78013500"
"chr5","78783216","78783517","KN294420v1","519360","519649","36","78263856"
"chr5","78791178","78791462","KN294420v1","510804","511061","61","78280374"
"chr5","78898588","78898881","KN294420v1","395511","395818","41","78503077"
"chr5","78915303","78915595","KN294420v1","379212","379524","35","78536091"
"chr5","78925339","78925618","KN294420v1","369528","369839","41","78555811"
"chr5","78959283","78959564","KN294420v1","335131","335367","56","78624152"
"chr5","79161478","79161783","KN295315v1","2112560","2112864","58","77048918"
"chr5","79163157","79163274","KN294420v1","139618","139735","5","79023539"
"chr5","79263632","79263921","KN294420v1","23305","23614","38","79240327"
"chr5","79271856","79272169","KN294420v1","15001","15311","24","79256855"
"chr5","79374355","79374658","KN295424v1","97532","97837","29","79276823"
"chr5","79548882","79549172","KN295424v1","284043","284344","39","79264839"
"chr5","79553851","79554148","KN295424v1","288915","289212","15","79264936"
"chr5","79665305","79665461","KN294325v1","169199","169356","32","79496106"
"chr5","79665779","79665909","KN297444v1","497933","498061","23","79167846"
"chr5","79671144","79671448","KN295424v1","416963","417263","15","79254181"
"chr5","79713984","79714281","KN295424v1","457336","457645","31","79256648"
"chr5","79827755","79828044","KN295424v1","575618","575908","19","79252137"
"chr5","79835773","79836073","KN295424v1","583500","583797","18","79252273"
"chr5","79896760","79897053","KN294800v1","58275","58560","60","79838485"
"chr5","79947423","79947649","KN295424v1","687856","688080","15","79259567"
"chr5","80185654","80185967","KN297335v1","88516","88835","25","80097138"
"chr5","80193016","80193317","KN297335v1","96367","96675","25","80096649"
"chr5","80214046","80214328","KN295708v1","2363622","2363910","67","77850424"
"chr5","80280541","80280650","KN296035v1","719502","719610","19","79561039"
"chr5","80293843","80294046","KN295898v1","166973","167181","52","80126870"
"chr5","80336153","80336460","KN296404v1","1140358","1140668","56","79195795"
"chr5","80356083","80356383","KN297008v1","1477900","1478200","53","78878183"
"chr5","80685251","80685547","KN297205v1","308098","308396","56","80377153"
"chr5","80713152","80713436","KN296795v1","2533823","2534116","63","78179329"
"chr5","80731425","80731696","KN296795v1","706774","707060","67","80024651"
"chr5","80777791","80778035","KN295923v1","1444964","1445203","59","79332827"
"chr5","80797887","80798016","KN295236v1","168060","168189","14","80629827"
"chr5","80803885","80804174","KN296404v1","3404152","3404452","70","77399733"
"chr5","80824819","80825090","KN294433v1","310346","310619","67","80514473"
"chr5","80847911","80848164","KN295236v1","1037218","1037472","56","79810693"
"chr5","80871085","80871182","KN295637v1","729794","729899","22","80141291"
"chr5","80911762","80912061","KN295936v1","1429651","1429952","60","79482111"
"chr5","80923338","80923451","KN296187v1","2532813","2532922","21","78390525"
"chr5","80935905","80936027","KN294187v1","1158662","1158779","26","79777243"
"chr5","80953400","80953711","KN295274v1","88447","88743","75","80864953"
"chr5","80973692","80973992","KN295667v1","1243145","1243443","50","79730547"
"chr5","80990207","80990485","KN296611v1","23019","23299","60","80967188"
"chr5","81001094","81001361","KN294470v1","2946140","2946406","70","78054954"
"chr5","81019344","81019620","KN296278v1","637466","637747","68","80381878"
"chr5","81028722","81028850","KN294456v1","1572520","1572647","21","79456202"
"chr5","81034784","81035102","KN294713v1","161989","162305","60","80872795"
"chr5","81143669","81143788","KN294345v1","1896097","1896220","24","79247572"
"chr5","81719714","81719892","KN296311v1","7939181","7939354","43","73780533"
"chr5","81734356","81734690","KN295236v1","4498630","4498941","82","77235726"
"chr5","81743819","81744077","KN295294v1","2247366","2247622","61","79496453"
"chr5","81772285","81772466","KN295722v1","2530724","2530897","47","79241561"
"chr5","81776899","81777057","KN295171v1","1083878","1084037","37","80693021"
"chr5","81785786","81786079","KN294325v1","986986","987280","60","80798800"
"chr5","81821091","81821390","KN294630v1","741362","741665","56","81079729"
"chr5","81831081","81831210","KN297190v1","4666468","4666599","23","77164613"
"chr5","81861508","81861812","KN296019v1","466074","466382","61","81395434"
"chr5","81864155","81864464","KN294199v1","532015","532321","66","81332140"
"chr5","81889017","81889300","KN294187v1","1468090","1468369","57","80420927"
"chr5","81898671","81898985","KN297375v1","48498","48810","61","81850173"
"chr5","81949870","81950224","KN295526v1","999188","999499","102","80950682"
"chr5","82160489","82160768","KN296643v1","395913","396177","63","81764576"
"chr5","82165169","82165457","KN294842v1","590688","590985","58","81574481"
"chr5","82205460","82205776","KN295936v1","828090","828389","76","81377370"
"chr5","82219370","82219672","KN294239v1","1448386","1448679","65","80770984"
"chr5","82235755","82236037","KN296938v1","886377","886649","64","81349378"
"chr5","82254685","82254789","KN295294v1","1099162","1099266","16","81155523"
"chr5","82255729","82255987","KN294226v1","44576","44826","63","82211153"
"chr5","82256896","82257206","KN295828v1","1151545","1151858","66","81105351"
"chr5","82266763","82266940","KN296508v1","694391","694567","35","81572372"
"chr5","82311940","82312249","KN296682v1","4680106","4680412","61","77631834"
"chr5","82318107","82318401","KN297215v1","30442","30741","61","82287665"
"chr5","82344787","82345041","KN297197v1","3414075","3414312","73","78930712"
"chr5","82480558","82480796","KN294856v1","383253","383488","63","82097305"
"chr5","82481136","82481194","KN295243v1","1085243","1085293","19","81395893"
"chr5","82633636","82633811","KN297197v1","3899507","3899683","42","78734129"
"chr5","82633815","82634092","KN294221v1","140654","140933","69","82493161"
"chr5","82656798","82657099","KN294439v1","291493","291791","61","82365305"
"chr5","82698093","82698381","KN296485v1","448473","448760","60","82249620"
"chr5","82702383","82702687","KN294226v1","506202","506499","61","82196181"
"chr5","82781548","82781718","KN295988v1","825364","825541","34","81956184"
"chr5","82975836","82975999","KN294583v1","160557","160720","33","82815279"
"chr5","83064644","83064942","KN294207v1","616256","616549","60","82448388"
"chr5","83079365","83079716","KN296578v1","147777","148081","105","82931588"
"chr5","83101926","83102232","KN295474v1","695688","695993","66","82406238"
"chr5","83126898","83127176","KN295446v1","4828","5112","65","83122070"
"chr5","83127445","83127573","KN294926v1","65916","66045","23","83061529"
"chr5","83167729","83168004","KN296657v1","287409","287677","61","82880320"
"chr5","83168639","83168783","KN294705v1","391904","392041","30","82776735"
"chr5","83170897","83171212","KN295293v1","281183","281490","54","82889714"
"chr5","83198784","83199084","KN295474v1","720854","721152","63","82477930"
"chr5","83220678","83220976","KN295449v1","1163198","1163509","72","82057480"
"chr5","83246086","83246431","KN294470v1","3146483","3146791","82","80099603"
"chr5","83265237","83265543","KN294964v1","1674001","1674300","56","81591236"
"chr5","83285322","83285599","KN295236v1","4241983","4242261","62","79043339"
"chr5","83288247","83288552","KN297320v1","1234476","1234772","93","82053771"
"chr5","83295506","83295812","KN296743v1","1889001","1889308","57","81406505"
"chr5","83307672","83307966","KN296225v1","775732","776029","58","82531940"
"chr5","83328813","83328935","KN294458v1","365734","365854","25","82963079"
"chr5","83346745","83347024","KN295533v1","3265721","3265992","60","80081024"
"chr5","83351709","83352027","KN294493v1","1804621","1804899","97","81547088"
"chr5","83356466","83356695","KN297190v1","516993","517222","51","82839473"
"chr5","83363999","83364301","KN294172v1","1522083","1522385","70","81841916"
"chr5","83383157","83383433","KN294158v1","584001","584282","60","82799156"
"chr5","83400769","83401070","KN295744v1","666795","667086","57","82733974"
"chr5","83437741","83438046","KN297212v1","28424","28730","69","83409317"
"chr5","83443737","83444025","KN296959v1","1045812","1046085","68","82397925"
"chr5","83459784","83460055","KN296847v1","217895","218171","68","83241889"
"chr5","83463188","83463489","KN295045v1","414971","415269","59","83048217"
"chr5","83498662","83498970","KN296063v1","924974","925273","61","82573688"
"chr5","83546607","83546903","KN295107v1","1051267","1051565","61","82495340"
"chr5","83555673","83555950","KN295893v1","2717410","2717686","64","80838263"
"chr5","83569213","83569498","KN295406v1","308916","309180","66","83260297"
"chr5","83573172","83573443","KN296079v1","1073140","1073415","63","82500032"
"chr5","83603903","83604200","KN294710v1","15924","16224","53","83587979"
"chr5","83608400","83608513","KN296959v1","809084","809200","23","82799316"
"chr5","83610095","83610182","KN295174v1","668635","668722","13","82941460"
"chr5","83627585","83627846","KN297077v1","49754","50014","54","83577831"
"chr5","83643794","83643950","KN294578v1","581932","582084","39","83061862"
"chr5","83667259","83667534","KN294444v1","159848","160111","57","83507411"
"chr5","83671893","83672174","KN294758v1","3036785","3037063","58","80635108"
"chr5","83706156","83706458","KN295586v1","1990256","1990548","54","81715900"
"chr5","83713544","83713660","KN295605v1","359897","360014","14","83353647"
"chr5","83714966","83715279","KN295171v1","265242","265569","82","83449724"
"chr5","83761867","83762142","KN296075v1","621178","621455","61","83140689"
"chr5","83774890","83775200","KN296119v1","3071555","3071849","82","80703335"
"chr5","83795561","83795847","KN296290v1","1252498","1252783","65","82543063"
"chr5","83801972","83802256","KN296948v1","7890","8169","74","83794082"
"chr5","83824706","83824984","KN296634v1","1816690","1816969","48","82008016"
"chr5","83848433","83848668","KN297095v1","1360698","1360930","51","82487735"
"chr5","83855497","83855798","KN295523v1","2986605","2986916","64","80868892"
"chr5","83880760","83880967","KN295607v1","4257455","4257650","56","79623305"
"chr5","83881339","83881451","KN294229v1","84220","84335","24","83797119"
"chr5","83891879","83892187","KN295236v1","1832188","1832474","68","82059691"
"chr5","83907788","83907923","KN297190v1","4666468","4666599","22","79241320"
"chr5","83916562","83916853","KN295301v1","151116","151401","62","83765446"
"chr5","83917263","83917580","KN294789v1","85457","85768","70","83831806"
"chr5","83934499","83934782","KN294269v1","565864","566148","55","83368635"
"chr5","83962836","83963139","KN294269v1","329735","330036","60","83633101"
"chr5","84012095","84012383","KN296311v1","7104052","7104341","56","76908043"
"chr5","84023369","84023665","KN294685v1","646648","646943","63","83376721"
"chr5","84040635","84040914","KN294410v1","231612","231894","58","83809023"
"chr5","84049824","84050121","KN295243v1","528588","528892","63","83521236"
"chr5","84058199","84058477","KN294470v1","3170035","3170311","62","80888164"
"chr5","84085423","84085717","KN296153v1","1425537","1425832","50","82659886"
"chr5","84095068","84095371","KN296726v1","236325","236629","70","83858743"
"chr5","84096095","84096347","KN296508v1","1518782","1519033","71","82577313"
"chr5","84097992","84098215","KN294470v1","1188360","1188573","50","82909632"
"chr5","84105280","84105507","KN296009v1","94635","94869","56","84010645"
"chr5","84108730","84109014","KN295666v1","913787","914079","59","83194943"
"chr5","84147278","84147332","KN296682v1","2952259","2952315","14","81195019"
"chr5","84147922","84148001","KN295205v1","586736","586822","16","83561186"
"chr5","84178773","84179026","KN295096v1","188068","188321","65","83990705"
"chr5","84181887","84182166","KN294630v1","460808","461065","74","83721079"
"chr5","84189740","84189963","KN297242v1","1471732","1471942","53","82718008"
"chr5","84209008","84209312","KN296849v1","669191","669493","47","83539817"
"chr5","84211930","84212230","KN295725v1","1708402","1708708","65","82503528"
"chr5","84233224","84233509","KN296019v1","437183","437472","66","83796041"
"chr5","84249022","84249319","KN294470v1","381512","381814","55","83867510"
"chr5","84264256","84264455","KN295607v1","3825560","3825750","49","80438696"
"chr5","84265795","84266081","KN296377v1","103772","104056","52","84162023"
"chr5","84273920","84274205","KN295577v1","186763","187039","58","84087157"
"chr5","84276994","84277042","KN296119v1","1768774","1768822","9","82508220"
"chr5","84282264","84282543","KN295722v1","1243400","1243692","55","83038864"
"chr5","84305150","84305405","KN296508v1","271981","272233","57","84033169"
"chr5","84367433","84367742","KN296503v1","497181","497492","68","83870252"
"chr5","84372892","84373197","KN296019v1","391967","392272","63","83980925"
"chr5","84383865","84383967","KN296153v1","3870650","3870749","19","80513215"
"chr5","84422234","84422529","KN294257v1","2271748","2272051","62","82150486"
"chr5","84572960","84573259","KN294407v1","781982","782278","54","83790978"
"chr5","84736588","84736873","KN295605v1","356337","356623","58","84380251"
"chr5","84780595","84780863","KN296503v1","625161","625430","53","84155434"
"chr5","84835983","84836295","KN296743v1","1558392","1558692","73","83277591"
"chr5","84885658","84885953","KN295474v1","1385419","1385718","56","83500239"
"chr5","84934016","84934322","KN296406v1","163962","164264","66","84770054"
"chr5","84954817","84954989","KN295722v1","2530724","2530897","41","82424093"
"chr5","84997865","84997982","KN295689v1","471452","471577","17","84526413"
"chr5","85042959","85043233","KN296520v1","1598599","1598888","61","83444360"
"chr5","85138101","85138293","KN296138v1","18447","18642","54","85119654"
"chr5","85141781","85142000","KN295689v1","306905","307114","19","84834876"
"chr5","85196507","85196789","KN295689v1","244095","244375","26","84952412"
"chr5","85208291","85208589","KN295689v1","231898","232201","34","84976393"
"chr5","85297976","85298283","KN295689v1","148280","148564","51","85149696"
"chr5","85479306","85479584","KN295572v1","223474","223760","74","85255832"
"chr5","85590492","85590782","KN294614v1","906036","906326","64","84684456"
"chr5","85640137","85640420","KN294205v1","294338","294630","70","85345799"
"chr5","85658507","85658804","KN294668v1","2075847","2076129","77","83582660"
"chr5","85792930","85793207","KN294539v1","1849761","1850040","78","83943169"
"chr5","85826465","85826675","KN294630v1","203601","203797","59","85622864"
"chr5","85827721","85828026","KN297105v1","2745994","2746289","68","83081727"
"chr5","86211063","86211365","KN296290v1","1252498","1252783","75","84958565"
"chr5","86216538","86216841","KN294146v1","2530","2826","74","86214008"
"chr5","86477261","86477375","KN296290v1","3001388","3001511","28","83475873"
"chr5","86517873","86518152","KN294224v1","684472","684752","67","85833401"
"chr5","86651106","86651284","KN296643v1","269142","269314","36","86381964"
"chr5","86704165","86704460","KN295085v1","1051004","1051297","26","85653161"
"chr5","86763975","86764042","KN295085v1","995587","995654","1","85768388"
"chr5","86905599","86905915","KN295085v1","850416","850715","32","86055183"
"chr5","86921308","86921623","KN296247v1","888488","888801","73","86032820"
"chr5","87163292","87163464","KN295375v1","439543","439721","56","86723749"
"chr5","87193651","87193775","KN294961v1","41996","42121","31","87151655"
"chr5","87193802","87193977","KN294199v1","367827","367994","43","86825975"
"chr5","87227935","87228164","KN295085v1","496054","496277","22","86731881"
"chr5","87243241","87243521","KN295085v1","481094","481373","23","86762147"
"chr5","87516622","87516870","KN295085v1","185721","185975","27","87330901"
"chr5","87532697","87532999","KN295085v1","169351","169649","20","87363346"
"chr5","87597926","87598208","KN296859v1","1506804","1507100","73","86091122"
"chr5","87618779","87619102","KN296311v1","4745966","4746278","75","82872813"
"chr5","87637419","87637709","KN295085v1","64086","64374","29","87573333"
"chr5","87771504","87771625","KN294739v1","297467","297587","26","87474037"
"chr5","87771928","87772102","KN294397v1","71986","72178","27","87699942"
"chr5","87821940","87822100","KN295236v1","1103542","1103705","29","86718398"
"chr5","87876877","87877129","KN296306v1","1148888","1149124","64","86727989"
"chr5","88014313","88014579","KN295356v1","85626","85898","74","87928687"
"chr5","88248103","88248227","KN295744v1","449867","449990","23","87798236"
"chr5","88279028","88279212","KN295287v1","7281","7457","45","88271747"
"chr5","88492701","88493015","KN295962v1","149967","150275","78","88342734"
"chr5","88667512","88667789","KN294488v1","528352","528609","72","88139160"
"chr5","88712642","88712759","KN295573v1","1276337","1276455","23","87436305"
"chr5","88762302","88762586","KN296322v1","252600","252891","58","88509702"
"chr5","88773900","88774213","KN297023v1","395435","395751","63","88378465"
"chr5","88826797","88827089","KN294207v1","616256","616549","65","88210541"
"chr5","88980451","88980744","KN294991v1","439218","439500","66","88541233"
"chr5","89194662","89194966","KN294790v1","4543414","4543713","75","84651248"
"chr5","89311311","89311571","KN294848v1","1111407","1111680","62","88199904"
"chr5","89325769","89325964","KN295057v1","880798","880987","52","88444971"
"chr5","89327799","89328090","KN296290v1","24611","24902","68","89303188"
"chr5","89432234","89432520","KN295841v1","173298","173592","72","89258936"
"chr5","89614343","89614650","KN296915v1","101842","102147","69","89512501"
"chr5","89819671","89819989","KN294346v1","231667","231975","79","89588004"
"chr5","89892468","89892587","KN296253v1","543775","543897","21","89348693"
"chr5","89973643","89973940","KN295667v1","676400","676706","72","89297243"
"chr5","90047163","90047480","KN294187v1","2004298","2004605","76","88042865"
"chr5","90061346","90061636","KN294506v1","97159","97439","68","89964187"
"chr5","90083358","90083655","KN296732v1","2327209","2327498","74","87756149"
"chr5","90162482","90162715","KN294399v1","262037","262272","66","89900445"
"chr5","90332258","90332538","KN296921v1","606329","606614","68","89725929"
"chr5","90602950","90603234","KN296455v1","432358","432634","82","90170592"
"chr5","90734068","90734298","KN295091v1","3972733","3972963","57","86761335"
"chr5","90802415","90802706","KN296864v1","3288292","3288581","71","87514123"
"chr5","90848077","90848352","KN296311v1","5865392","5865673","64","84982685"
"chr5","90901495","90901719","KN295692v1","1433433","1433668","64","89468062"
"chr5","90982558","90982859","KN297274v1","559737","560042","78","90422821"
"chr5","90998962","90999244","KN295987v1","623039","623321","73","90375923"
"chr5","91017433","91017729","KN295405v1","198581","198863","78","90818852"
"chr5","91151994","91152102","KN296096v1","1554682","1554789","20","89597312"
"chr5","91197706","91197835","KN296019v1","450328","450461","23","90747378"
"chr5","91232871","91233020","KN295287v1","42174","42326","46","91190697"
"chr5","91312433","91312558","KN297323v1","119726","119856","26","91192707"
"chr5","91319467","91319760","KN296192v1","92276","92563","67","91227191"
"chr5","91338422","91338719","KN294710v1","150568","150870","52","91187854"
"chr5","91541299","91541613","KN296019v1","466074","466382","57","91075225"
"chr5","91558949","91559216","KN295802v1","16196","16470","30","91542753"
"chr5","91769665","91769978","KN295032v1","263836","264138","86","91505829"
"chr5","91947037","91947324","KN296000v1","1016402","1016689","32","90930635"
"chr5","91956451","91956701","KN294991v1","945593","945857","78","91010858"
"chr5","91988161","91988278","KN296646v1","314099","314214","26","91674062"
"chr5","92029603","92029907","KN296404v1","3404152","3404452","64","88625451"
"chr5","92123245","92123541","KN294245v1","375988","376275","74","91747257"
"chr5","92238938","92239128","KN296072v1","87027","87207","43","92151911"
"chr5","92306699","92307003","KN296119v1","943664","943960","80","91363035"
"chr5","92398993","92399260","KN294705v1","1963998","1964265","65","90434995"
"chr5","92410640","92410909","KN297245v1","618228","618493","63","91792412"
"chr5","92419128","92419401","KN294987v1","797207","797503","64","91621921"
"chr5","92423413","92423687","KN296119v1","830788","831050","73","91592625"
"chr5","92694495","92694799","KN296187v1","2652299","2652597","71","90042196"
"chr5","92730985","92731262","KN295361v1","506905","507171","70","92224080"
"chr5","92735745","92736046","KN294365v1","731430","731733","72","92004315"
"chr5","92876855","92877119","KN296321v1","106391","106656","20","92770464"
"chr5","92891985","92892267","KN295236v1","4082541","4082826","73","88809444"
"chr5","92895163","92895497","KN296321v1","124542","124884","45","92770621"
"chr5","93099353","93099645","KN295996v1","61110","61391","72","93038243"
"chr5","93129186","93129239","KN294588v1","2098801","2098844","22","91030385"
"chr5","93129619","93129855","KN297046v1","1499669","1499903","56","91629950"
"chr5","93215525","93215726","KN297259v1","1780876","1781077","45","91434649"
"chr5","93248613","93248828","KN295236v1","3468503","3468712","45","89780110"
"chr5","93359046","93359377","KN294210v1","750591","750915","77","92608455"
"chr5","93422527","93422820","KN296579v1","393257","393562","38","93029270"
"chr5","93424128","93424226","KN296210v1","401227","401323","20","93022901"
"chr5","93437410","93437692","KN296579v1","378026","378332","56","93059384"
"chr5","93442479","93442768","KN296579v1","372998","373288","25","93069481"
"chr5","93459525","93459831","KN296579v1","352091","352410","36","93107434"
"chr5","93527475","93527778","KN295708v1","1477752","1478055","72","92049723"
"chr5","94112403","94112518","KN294235v1","784908","785024","16","93327495"
"chr5","94114558","94114583","KN297165v1","4019014","4019039","5","90095544"
"chr5","94114620","94114915","KN295484v1","634266","634551","69","93480354"
"chr5","94404839","94405105","KN294911v1","2849403","2849672","61","91555436"
"chr5","94791266","94791560","KN294733v1","143432","143710","70","94647834"
"chr5","94944908","94945184","KN296187v1","1240968","1241249","66","93703940"
"chr5","95005958","95006259","KN297165v1","711719","712020","72","94294239"
"chr5","95671156","95671242","KN297245v1","1006200","1006289","12","94664956"
"chr5","95678439","95678523","KN294260v1","236350","236434","14","95442089"
"chr5","95737586","95737868","KN295586v1","2908076","2908370","74","92829510"
"chr5","95859429","95859704","KN296378v1","595299","595574","63","95264130"
"chr5","95911257","95911586","KN296075v1","304763","305072","72","95606494"
"chr5","96038542","96038764","KN294604v1","24279","24489","49","96014263"
"chr5","96115001","96115293","KN296153v1","3318149","3318440","66","92796852"
"chr5","96117121","96117275","KN296743v1","2438761","2438912","37","93678360"
"chr5","96145524","96145844","KN294287v1","244584","244896","67","95900940"
"chr5","96523043","96523220","KN296000v1","997503","997679","35","95525540"
"chr5","96788124","96788418","KN296520v1","1598599","1598888","67","95189525"
"chr5","96867439","96867547","KN297044v1","293745","293857","35","96573694"
"chr5","96891663","96891919","KN296325v1","523441","523701","30","96368222"
"chr5","96907681","96907866","KN295548v1","1313195","1313376","56","95594486"
"chr5","96971642","96971949","KN296325v1","437686","437998","35","96533956"
"chr5","96988694","96988852","KN296325v1","421549","421700","18","96567145"
"chr5","97028497","97028778","KN296325v1","380300","380591","22","96648197"
"chr5","97045715","97045992","KN296325v1","358993","359261","33","96686722"
"chr5","97135989","97136209","KN296325v1","263373","263586","23","96872616"
"chr5","97218786","97219014","KN296325v1","173159","173383","22","97045627"
"chr5","97235454","97235739","KN296325v1","151575","151863","36","97083879"
"chr5","97262162","97262484","KN296325v1","109673","109992","39","97152489"
"chr5","97368894","97369173","KN296325v1","3630","3901","30","97365264"
"chr5","97394412","97394696","KN297190v1","4742474","4742755","69","92651938"
"chr5","97437882","97438010","KN295708v1","2162566","2162690","27","95275316"
"chr5","97529232","97529338","KN294407v1","2425418","2425519","15","95103814"
"chr5","97569473","97569791","KN295430v1","2188729","2189035","71","95380744"
"chr5","97576783","97577092","KN297008v1","6395479","6395790","65","91181304"
"chr5","97583722","97583920","KN295898v1","166973","167181","42","97416749"
"chr5","97618014","97618296","KN294208v1","701963","702240","53","96916051"
"chr5","97661753","97662040","KN295571v1","125325","125626","66","97536428"
"chr5","97687420","97687537","KN295748v1","150084","150200","14","97537336"
"chr5","97726792","97727079","KN296732v1","2327209","2327498","60","95399583"
"chr5","97740990","97741298","KN296795v1","715537","715845","56","97025453"
"chr5","97744700","97744988","KN294446v1","955455","955747","67","96789245"
"chr5","97771983","97772242","KN294443v1","1168943","1169202","42","96603040"
"chr5","97788312","97788602","KN294705v1","351416","351699","76","97436896"
"chr5","97796488","97796784","KN295586v1","2908076","2908370","54","94888412"
"chr5","97810428","97810728","KN295236v1","3592130","3592428","62","94218298"
"chr5","97831325","97831610","KN296825v1","1365525","1365806","53","96465800"
"chr5","97832405","97832551","KN294592v1","905023","905168","27","96927382"
"chr5","97860676","97860970","KN294457v1","129747","130050","60","97730929"
"chr5","97906945","97907261","KN296588v1","977314","977623","60","96929631"
"chr5","97935202","97935518","KN296187v1","6221","6539","55","97928981"
"chr5","98008877","98009187","KN296311v1","4657276","4657569","72","93351601"
"chr5","98016289","98016525","KN297245v1","2457323","2457553","53","95558966"
"chr5","98040157","98040441","KN295601v1","1483254","1483538","60","96556903"
"chr5","98079540","98079766","KN294758v1","2436541","2436780","59","95642999"
"chr5","98084628","98084844","KN295825v1","329190","329393","63","97755438"
"chr5","98085210","98085283","KN296062v1","2404522","2404594","15","95680688"
"chr5","98093097","98093219","KN294790v1","3236928","3237050","16","94856169"
"chr5","98116900","98117200","KN295349v1","58082","58373","61","98058818"
"chr5","98154553","98154678","KN295236v1","123341","123460","21","98031212"
"chr5","98293935","98294234","KN297274v1","106922","107219","69","98187013"
"chr5","98408872","98409159","KN296322v1","1148106","1148393","60","97260766"
"chr5","98496122","98496410","KN297095v1","1513904","1514196","66","96982218"
"chr5","98519197","98519320","KN294874v1","248846","248962","29","98270351"
"chr5","98519362","98519528","KN294644v1","860976","861146","32","97658386"
"chr5","98523107","98523265","KN296153v1","3478878","3479033","29","95044229"
"chr5","98523305","98523420","KN294536v1","771406","771518","18","97751899"
"chr5","98532021","98532332","KN296847v1","393129","393435","65","98138892"
"chr5","98605199","98605487","KN295486v1","16835","17119","24","98588364"
"chr5","98645081","98645205","KN295486v1","54797","54920","18","98590284"
"chr5","98802614","98802832","KN295486v1","220748","220947","35","98581866"
"chr5","98878443","98878743","KN295486v1","290260","290562","38","98588183"
"chr5","98936068","98936315","KN295486v1","342386","342643","25","98593682"
"chr5","98990283","98990560","KN295486v1","383174","383494","62","98607109"
"chr5","99008620","99008934","KN296913v1","1320434","1320740","65","97688186"
"chr5","99103248","99103534","KN295486v1","474804","475090","14","98628444"
"chr5","99162663","99162967","KN295486v1","519599","519902","21","98643064"
"chr5","99237956","99238247","KN294570v1","165105","165399","63","99072851"
"chr5","99406284","99406391","KN294633v1","90925","91032","20","99315359"
"chr5","99412545","99412592","KN295486v1","802881","802928","3","98609664"
"chr5","99492305","99492416","KN296311v1","5779904","5780015","25","93712401"
"chr5","99492751","99492916","KN297154v1","1574278","1574439","39","97918473"
"chr5","99508194","99508502","KN296138v1","493791","494097","89","99014403"
"chr5","99517840","99518147","KN294705v1","1229341","1229631","78","98288499"
"chr5","99525704","99525999","KN296119v1","5385215","5385515","60","94140489"
"chr5","99583201","99583484","KN297452v1","720306","720592","68","98862895"
"chr5","99595273","99595394","KN295428v1","348983","349109","12","99246290"
"chr5","99657871","99658207","KN295428v1","284763","285106","34","99373108"
"chr5","99670941","99671229","KN295428v1","271375","271655","25","99399566"
"chr5","99674719","99675022","KN297361v1","96575","96877","74","99578144"
"chr5","99675178","99675460","KN295428v1","266898","267177","20","99408280"
"chr5","99676506","99676703","KN297452v1","1086895","1087097","60","98589611"
"chr5","99678596","99678880","KN297046v1","1456491","1456773","57","98222105"
"chr5","99697133","99697251","KN295428v1","241084","241211","15","99456049"
"chr5","99697641","99697751","KN295428v1","240589","240699","11","99457052"
"chr5","99729019","99729311","KN295428v1","206575","206863","28","99522444"
"chr5","99737448","99737730","KN295428v1","197823","198106","22","99539625"
"chr5","99741480","99741777","KN295257v1","1229552","1229846","63","98511928"
"chr5","99748600","99748913","KN295428v1","185875","186179","32","99562725"
"chr5","99777034","99777325","KN295428v1","156264","156565","35","99620770"
"chr5","99787854","99788154","KN295205v1","1794778","1795074","65","97993076"
"chr5","99801272","99801357","KN295852v1","451620","451704","20","99349652"
"chr5","99814821","99814938","KN295428v1","118835","118952","8","99695986"
"chr5","99817780","99817958","KN297290v1","217697","217873","42","99600083"
"chr5","99825068","99825192","KN295566v1","220119","220242","22","99604949"
"chr5","99836339","99836504","KN295601v1","3019325","3019486","39","96817014"
"chr5","99841472","99841786","KN295428v1","91067","91387","22","99750405"
"chr5","99859963","99860248","KN295428v1","72811","73101","37","99787152"
"chr5","99884902","99885030","KN295428v1","46777","46901","8","99838125"
"chr5","99887302","99887591","KN295428v1","44252","44532","40","99843050"
"chr5","99888881","99889151","KN295428v1","42347","42618","22","99846534"
"chr5","99893689","99893997","KN295428v1","36207","36513","33","99857482"
"chr5","99936817","99937092","KN295428v1","1878","2161","55","99934939"
"chr5","99959985","99960277","KN296360v1","1303366","1303654","74","98656619"
"chr5","100142558","100142712","KN295293v1","228014","228167","29","99914544"
"chr5","100153512","100153823","KN296158v1","1151626","1151930","74","99001886"
"chr5","100158507","100158784","KN294199v1","350546","350816","77","99807961"
"chr5","100256411","100256700","KN294372v1","683041","683334","81","99573370"
"chr5","100544723","100544963","KN296653v1","95177","95419","19","100449546"
"chr5","100597672","100597958","KN295572v1","419663","419965","77","100178009"
"chr5","100649609","100649892","KN294842v1","1926210","1926498","63","98723399"
"chr5","100727294","100727372","KN295098v1","352336","352414","3","100374958"
"chr5","100727412","100727563","KN295098v1","352146","352292","19","100375266"
"chr5","100763623","100763931","KN295098v1","310227","310546","33","100453396"
"chr5","100838595","100838712","KN295098v1","229765","229881","8","100608830"
"chr5","100850194","100850488","KN295098v1","220681","220998","39","100629513"
"chr5","100864309","100864638","KN294187v1","1475634","1475946","85","99388675"
"chr5","101016574","101016694","KN296611v1","27018","27140","14","100989556"
"chr5","101016971","101017168","KN296316v1","154214","154391","39","100862757"
"chr5","101146906","101147195","KN295936v1","2499504","2499800","69","98647402"
"chr5","101474888","101475005","KN295936v1","1084591","1084708","15","100390297"
"chr5","101542642","101542855","KN297190v1","3797413","3797623","58","97745229"
"chr5","101671144","101671270","KN296311v1","6324496","6324634","33","95346648"
"chr5","101671305","101671427","KN296580v1","101229","101351","15","101570076"
"chr5","101809494","101809791","KN296404v1","3404152","3404452","54","98405342"
"chr5","101825060","101825191","KN295171v1","496911","497041","23","101328149"
"chr5","101969768","101970079","KN296200v1","87528","87838","84","101882240"
"chr5","102413352","102413639","KN295161v1","307562","307846","76","102105790"
"chr5","102508229","102508507","KN296187v1","1240968","1241249","58","101267261"
"chr5","102545689","102545987","KN297245v1","2036362","2036663","61","100509327"
"chr5","102592055","102592339","KN296225v1","677390","677682","70","101914665"
"chr5","102600620","102600914","KN295152v1","142792","143087","62","102457828"
"chr5","102753192","102753483","KN296311v1","3358167","3358474","78","99395025"
"chr5","102848879","102849132","KN296311v1","5549142","5549397","51","97299737"
"chr5","103027521","103027744","KN295350v1","168","388","63","103027353"
"chr5","103048680","103048957","KN294172v1","3088878","3089163","71","99959802"
"chr5","103055320","103055431","KN295319v1","650443","650551","38","102404877"
"chr5","103225049","103225266","KN296110v1","238043","238270","57","102987006"
"chr5","103225298","103225314","KN294893v1","158225","158241","4","103067073"
"chr5","103272753","103272913","KN294456v1","786932","787090","37","102485821"
"chr5","103310567","103310789","KN294239v1","286644","286862","61","103023923"
"chr5","103362165","103362468","KN296145v1","2125458","2125762","73","101236707"
"chr5","103422419","103422663","KN295248v1","820872","821137","65","102601547"
"chr5","103437986","103438110","KN294467v1","32975","33096","24","103405011"
"chr5","103507048","103507360","KN296404v1","3404152","3404452","69","100102896"
"chr5","103700954","103701256","KN296273v1","7291","7598","63","103693663"
"chr5","103806933","103807225","KN296885v1","3223681","3223987","49","100583252"
"chr5","103852093","103852329","KN296885v1","3179398","3179638","27","100672695"
"chr5","103893408","103893674","KN296885v1","3137288","3137549","18","100756120"
"chr5","103924118","103924402","KN296885v1","3106847","3107131","15","100817271"
"chr5","103926650","103926947","KN296885v1","3104281","3104581","23","100822369"
"chr5","104028313","104028602","KN296885v1","2998106","2998389","20","101030207"
"chr5","104045193","104045481","KN296885v1","2981171","2981461","16","101064022"
"chr5","104148295","104148616","KN296885v1","2889940","2890250","30","101258355"
"chr5","104154131","104154388","KN296885v1","2884084","2884341","18","101270047"
"chr5","104156044","104156323","KN296885v1","2882452","2882737","47","101273592"
"chr5","104198837","104199080","KN295350v1","535167","535405","70","103663670"
"chr5","104217933","104218243","KN295236v1","1220926","1221234","56","102997007"
"chr5","104304772","104305072","KN294848v1","191607","191898","67","104113165"
"chr5","104323260","104323554","KN296885v1","2720729","2721027","21","101602531"
"chr5","104361111","104361374","KN296885v1","2685474","2685757","39","101675637"
"chr5","104445409","104445698","KN296885v1","2604317","2604606","19","101841092"
"chr5","104575111","104575410","KN296885v1","2475412","2475705","20","102099699"
"chr5","104737110","104737400","KN296885v1","2307809","2308103","54","102429301"
"chr5","104870523","104870672","KN296620v1","978828","978980","30","103891695"
"chr5","104951192","104951483","KN296885v1","2070546","2070835","35","102880646"
"chr5","105056057","105056349","KN296885v1","1975186","1975476","34","103080871"
"chr5","105147484","105147777","KN296885v1","1890950","1891242","18","103256534"
"chr5","105253878","105254184","KN296885v1","1782619","1782925","49","103471259"
"chr5","105486284","105486509","KN297094v1","101570","101786","54","105384714"
"chr5","105587441","105587704","KN294728v1","1140856","1141136","60","104446585"
"chr5","105684213","105684506","KN296885v1","1347711","1348013","35","104336502"
"chr5","105834417","105834694","KN296885v1","1170561","1170787","70","104663856"
"chr5","105875909","105876067","KN296885v1","1123243","1123400","16","104752666"
"chr5","105994041","105994262","KN296885v1","1019506","1019730","19","104974535"
"chr5","105996745","105997047","KN296885v1","1016736","1017036","49","104980009"
"chr5","106016604","106016826","KN296885v1","988857","989090","30","105027747"
"chr5","106162553","106162827","KN296885v1","847708","847983","12","105314845"
"chr5","106169064","106169194","KN296885v1","840444","840592","25","105328620"
"chr5","106293980","106294103","KN295287v1","12106","12229","21","106281874"
"chr5","106325332","106325660","KN296885v1","686850","687186","37","105638482"
"chr5","106449865","106450125","KN296885v1","565942","566229","56","105883923"
"chr5","106571258","106571570","KN296885v1","443764","444042","51","106127494"
"chr5","106648782","106649083","KN294848v1","46660","46962","80","106602122"
"chr5","106710544","106710842","KN296885v1","298062","298356","36","106412482"
"chr5","106757478","106757760","KN296885v1","244897","245169","29","106512581"
"chr5","106850304","106850428","KN296885v1","151401","151535","16","106698903"
"chr5","107052538","107052759","KN296885v1","39929","40138","33","107012609"
"chr5","107061925","107062223","KN296885v1","28630","28927","26","107033295"
"chr5","107162568","107162692","KN297341v1","216122","216239","13","106946446"
"chr5","107167508","107167669","KN295586v1","840841","840989","52","106326667"
"chr5","107181549","107181828","KN297341v1","197403","197688","30","106984146"
"chr5","107383021","107383307","KN294790v1","2570754","2571037","66","104812267"
"chr5","107636464","107636567","KN295930v1","887615","887719","23","106748849"
"chr5","107637365","107637575","KN295692v1","3740941","3741142","45","103896424"
"chr5","107745818","107745868","KN295523v1","3885580","3885633","13","103860238"
"chr5","107746179","107746389","KN297274v1","370053","370256","42","107376126"
"chr5","108046805","108047094","KN294199v1","65187","65474","58","107981618"
"chr5","108075337","108075475","KN297165v1","608618","608750","22","107466719"
"chr5","108193594","108193893","KN295349v1","58082","58373","65","108135512"
"chr5","108238153","108238451","KN297008v1","1477900","1478200","60","106760253"
"chr5","108252285","108252597","KN296864v1","3265179","3265496","61","104987106"
"chr5","108294970","108295260","KN295090v1","1993653","1993930","63","106301317"
"chr5","108428799","108429103","KN296404v1","3404152","3404452","66","105024647"
"chr5","108490831","108491065","KN295871v1","121032","121257","58","108369799"
"chr5","108554402","108554692","KN294378v1","596222","596516","58","107958180"
"chr5","108556638","108556929","KN294513v1","818583","818861","69","107738055"
"chr5","108687911","108688075","KN295205v1","1574650","1574813","35","107113261"
"chr5","108688119","108688242","KN295027v1","52599","52720","24","108635520"
"chr5","108694276","108694572","KN296117v1","143619","143924","83","108550657"
"chr5","108735260","108735549","KN295091v1","1466453","1466737","62","107268807"
"chr5","108739683","108740001","KN294893v1","445554","445861","58","108294129"
"chr5","108849050","108849337","KN295236v1","3301030","3301324","66","105548020"
"chr5","108969963","108970083","KN297154v1","400186","400301","22","108569777"
"chr5","108997527","108997836","KN296311v1","3358167","3358474","57","105639360"
"chr5","109069652","109069890","KN294506v1","330224","330476","64","108739428"
"chr5","109116574","109116855","KN296759v1","76981","77267","65","109039593"
"chr5","109211882","109212189","KN294996v1","747473","747745","56","108464409"
"chr5","109292571","109292797","KN296513v1","169819","170041","42","109122752"
"chr5","109319439","109319573","KN297165v1","608618","608750","22","108710821"
"chr5","109322319","109322544","KN294234v1","2460228","2460457","43","106862091"
"chr5","109376244","109376531","KN294996v1","582752","583036","19","108793492"
"chr5","109376960","109377256","KN294996v1","582037","582320","35","108794923"
"chr5","109479323","109479626","KN296311v1","3074623","3074927","57","106404700"
"chr5","109521495","109521783","KN294996v1","423057","423352","21","109098438"
"chr5","109547709","109548005","KN294996v1","396382","396675","14","109151327"
"chr5","109563853","109563942","KN296623v1","272077","272161","18","109291776"
"chr5","109565838","109566132","KN296864v1","3179031","3179321","61","106386807"
"chr5","109593305","109593597","KN294996v1","339198","339510","36","109254107"
"chr5","109594328","109594644","KN294996v1","338147","338468","28","109256181"
"chr5","109596012","109596296","KN296481v1","77336","77629","67","109518676"
"chr5","109607329","109607623","KN294996v1","324774","325043","66","109282555"
"chr5","109619921","109620196","KN296481v1","518302","518590","60","109101619"
"chr5","109679513","109679802","KN294996v1","250043","250338","25","109429470"
"chr5","109699400","109699663","KN294996v1","230771","231034","15","109468629"
"chr5","109708366","109708605","KN297190v1","964378","964614","55","108743988"
"chr5","109726514","109726803","KN294996v1","215645","215925","56","109510869"
"chr5","109798774","109798884","KN294996v1","143736","143845","7","109655038"
"chr5","109803258","109803543","KN294996v1","139355","139641","19","109663903"
"chr5","109805625","109805916","KN294996v1","136993","137288","26","109668632"
"chr5","109810313","109810598","KN294996v1","132349","132634","16","109677964"
"chr5","109822679","109822813","KN295708v1","2162566","2162690","25","107660113"
"chr5","109829272","109829564","KN294996v1","113426","113710","34","109715846"
"chr5","109849886","109850206","KN294996v1","91764","92105","55","109758122"
"chr5","109854236","109854431","KN297245v1","2309128","2309314","49","107545108"
"chr5","109883338","109883639","KN295744v1","676379","676683","55","109206959"
"chr5","109920943","109921237","KN296138v1","198772","199071","63","109722171"
"chr5","109932580","109932879","KN294996v1","8725","9024","20","109923855"
"chr5","109934145","109934424","KN294996v1","7172","7454","23","109926973"
"chr5","109943695","109943787","KN297044v1","1034000","1034087","17","108909695"
"chr5","109956680","109956860","KN295236v1","6202117","6202296","46","103754563"
"chr5","109967017","109967319","KN297320v1","1234476","1234772","60","108732541"
"chr5","109982651","109982712","KN296982v1","361834","361896","15","109620817"
"chr5","110011973","110012126","KN295667v1","1603051","1603201","37","108408922"
"chr5","110067273","110067568","KN294991v1","693040","693334","64","109374233"
"chr5","110108778","110109087","KN296526v1","277708","278012","55","109831070"
"chr5","110166900","110167191","KN296481v1","77336","77629","59","110089564"
"chr5","110218627","110218914","KN294439v1","232463","232750","80","109986164"
"chr5","110467389","110467667","KN296311v1","375827","376114","53","110091562"
"chr5","110512944","110513247","KN296588v1","1685945","1686240","68","108826999"
"chr5","110585345","110585635","KN295225v1","2446744","2447033","56","108138601"
"chr5","110588500","110588807","KN297108v1","304668","304974","59","110283832"
"chr5","110661730","110662003","KN295983v1","963061","963316","71","109698669"
"chr5","110675645","110675944","KN295430v1","1521290","1521601","57","109154355"
"chr5","110731142","110731235","KN297219v1","2066539","2066631","21","108664603"
"chr5","110756871","110757171","KN295171v1","655371","655672","64","110101500"
"chr5","110846309","110846608","KN294181v1","834136","834429","66","110012173"
"chr5","110898877","110899157","KN296311v1","375827","376114","61","110523050"
"chr5","110907127","110907433","KN296322v1","2221545","2221850","57","108685582"
"chr5","110927687","110927975","KN294806v1","538632","538919","58","110389055"
"chr5","110939008","110939284","KN296486v1","445562","445835","59","110493446"
"chr5","111041083","111041333","KN296682v1","2870798","2871060","75","108170285"
"chr5","111078162","111078449","KN296119v1","5385215","5385515","61","105692947"
"chr5","111489738","111489980","KN294786v1","209351","209626","55","111280387"
"chr5","111666516","111666774","KN296263v1","783377","783628","59","110883139"
"chr5","111676292","111676586","KN295923v1","1664451","1664745","63","110011841"
"chr5","111690835","111691123","KN295825v1","2377204","2377499","74","109313631"
"chr5","111834169","111834473","KN294945v1","20810","21117","73","111813359"
"chr5","112344395","112344668","KN296508v1","335086","335363","54","112009309"
"chr5","112363877","112364141","KN295157v1","295658","295935","61","112068219"
"chr5","112420346","112420473","KN295441v1","972021","972136","29","111448325"
"chr5","112460261","112460533","KN296580v1","183386","183649","61","112276875"
"chr5","112580339","112580531","KN295092v1","1113910","1114070","42","111466429"
"chr5","112580816","112580957","KN295092v1","1113482","1113620","13","111467334"
"chr5","112608105","112608400","KN295092v1","1086290","1086572","21","111521815"
"chr5","112614286","112614575","KN295092v1","1079764","1080050","22","111534522"
"chr5","112641602","112641906","KN295092v1","1052234","1052543","29","111589368"
"chr5","112662110","112662414","KN295092v1","1030970","1031283","23","111631140"
"chr5","112685642","112685716","KN295092v1","1007505","1007579","6","111678137"
"chr5","112696378","112696508","KN294842v1","445169","445296","39","112251209"
"chr5","112847587","112847900","KN295092v1","841693","842005","23","112005894"
"chr5","112949911","112950218","KN295092v1","730750","731057","27","112219161"
"chr5","112955862","112956127","KN295092v1","724645","724923","32","112231217"
"chr5","113061951","113062201","KN295092v1","619509","619769","27","112442442"
"chr5","113366033","113366154","KN295092v1","303996","304117","6","113062037"
"chr5","113394620","113394924","KN295092v1","274684","274988","24","113119936"
"chr5","113396821","113397187","KN294207v1","128747","129097","98","113268074"
"chr5","113432422","113432696","KN295092v1","232584","232877","50","113199838"
"chr5","113437827","113438104","KN295092v1","226886","227161","25","113210941"
"chr5","113444308","113444430","KN295596v1","2282828","2282949","24","111161480"
"chr5","113491958","113492252","KN295092v1","173403","173698","24","113318555"
"chr5","113493527","113493826","KN295092v1","171830","172131","21","113321697"
"chr5","113569946","113570229","KN295092v1","94775","95058","19","113475171"
"chr5","113643347","113643598","KN295092v1","37533","37787","21","113605814"
"chr5","113643615","113643929","KN295092v1","37207","37516","29","113606408"
"chr5","113652987","113653225","KN295092v1","27656","27897","16","113625331"
"chr5","113665443","113665754","KN295092v1","14435","14766","45","113651008"
"chr5","113711507","113711703","KN297154v1","178728","178926","55","113532779"
"chr5","113723548","113723785","KN296508v1","1896114","1896354","57","111827434"
"chr5","113784117","113784410","KN296915v1","72618","72914","17","113711499"
"chr5","113804146","113804456","KN296915v1","101842","102147","22","113702304"
"chr5","113806875","113807001","KN294404v1","244219","244345","23","113562656"
"chr5","113807019","113807330","KN296915v1","104683","105006","34","113702336"
"chr5","113823771","113823892","KN296933v1","89510","89627","12","113734261"
"chr5","113846325","113846631","KN296915v1","149658","149961","28","113696667"
"chr5","113869763","113870037","KN296915v1","168215","168488","26","113701548"
"chr5","113910386","113910594","KN296915v1","215436","215645","15","113694950"
"chr5","113968302","113968560","KN296915v1","279390","279651","14","113688912"
"chr5","113972014","113972266","KN296915v1","285000","285260","29","113687014"
"chr5","113984829","113985107","KN296915v1","297726","297997","32","113687103"
"chr5","114011975","114012189","KN296915v1","327011","327229","24","113684964"
"chr5","114021900","114022190","KN295074v1","977960","978248","57","113043940"
"chr5","114037309","114037605","KN295936v1","928734","929029","49","113108575"
"chr5","114043165","114043279","KN296992v1","127952","128062","21","113915213"
"chr5","114047750","114048052","KN294991v1","1727164","1727454","75","112320586"
"chr5","114051800","114052004","KN297190v1","291978","292179","48","113759822"
"chr5","114062515","114062876","KN294978v1","1035257","1035609","102","113027258"
"chr5","114065534","114065610","KN294806v1","412110","412187","18","113653424"
"chr5","114067239","114067495","KN294536v1","1039128","1039393","57","113028111"
"chr5","114075868","114076000","KN296681v1","494272","494386","44","113581596"
"chr5","114078637","114078724","KN295236v1","4379119","4379204","16","109699518"
"chr5","114124988","114125275","KN294569v1","369061","369349","62","113755927"
"chr5","114132538","114132809","KN295405v1","345754","346015","66","113786784"
"chr5","114143915","114144086","KN294790v1","2880112","2880294","41","111263803"
"chr5","114145517","114145812","KN295236v1","5121169","5121469","67","109024348"
"chr5","114158750","114158899","KN295304v1","293950","294087","42","113864800"
"chr5","114159211","114159373","KN295601v1","3019325","3019486","38","111139886"
"chr5","114168919","114169034","KN295433v1","234334","234456","34","113934585"
"chr5","114169336","114169495","KN296172v1","896","1048","49","114168440"
"chr5","114246666","114246966","KN297320v1","1234476","1234772","48","113012190"
"chr5","114256487","114256705","KN294199v1","657786","657993","52","113598701"
"chr5","114267258","114267555","KN296253v1","188046","188333","80","114079212"
"chr5","114330222","114330514","KN295343v1","329489","329788","56","114000733"
"chr5","114356944","114357242","KN295923v1","1190472","1190772","78","113166472"
"chr5","114470345","114470558","KN297219v1","2392848","2393060","44","112077497"
"chr5","114487139","114487437","KN295236v1","4425718","4426023","55","110061421"
"chr5","114518276","114518518","KN294509v1","1414617","1414857","70","113103659"
"chr5","114529087","114529387","KN295107v1","1051267","1051565","53","113477820"
"chr5","114553717","114554018","KN296404v1","3404152","3404452","61","111149565"
"chr5","114567458","114567782","KN296726v1","502827","503152","66","114064631"
"chr5","114578636","114578959","KN296072v1","70134","70437","79","114508502"
"chr5","114613652","114613888","KN295923v1","1292660","1292892","41","113320992"
"chr5","114620546","114620807","KN295610v1","467056","467313","62","114153490"
"chr5","114632768","114633074","KN296381v1","296283","296585","59","114336485"
"chr5","114699413","114699685","KN297038v1","1907559","1907831","66","112791854"
"chr5","114704859","114705178","KN294287v1","789787","790095","84","113915072"
"chr5","114708024","114708071","KN296225v1","593168","593218","15","114114856"
"chr5","114716673","114716981","KN295343v1","329489","329788","56","114387184"
"chr5","114743610","114743906","KN296964v1","543924","544228","64","114199686"
"chr5","114754779","114755083","KN294964v1","1674001","1674300","63","113080778"
"chr5","114789065","114789344","KN296094v1","158135","158414","66","114630930"
"chr5","114803688","114803979","KN294891v1","19572","19856","65","114784116"
"chr5","114805717","114805922","KN295034v1","680685","680888","41","114125032"
"chr5","114821704","114821950","KN296019v1","338979","339230","58","114482725"
"chr5","114830008","114830350","KN295871v1","103531","103843","85","114726477"
"chr5","114950265","114950557","KN295941v1","613808","614097","61","114336457"
"chr5","114950759","114951008","KN294193v1","584281","584536","65","114366478"
"chr5","114952838","114953124","KN294396v1","291091","291380","60","114661747"
"chr5","114982554","114982841","KN294378v1","321491","321777","49","114661063"
"chr5","115134978","115135274","KN296864v1","3187581","3187876","58","111947397"
"chr5","115152685","115152838","KN295722v1","1004317","1004470","34","114148368"
"chr5","115371497","115371679","KN294172v1","3162203","3162384","32","112209294"
"chr5","115537267","115537569","KN295907v1","2314166","2314457","73","113223101"
"chr5","115579155","115579444","KN296322v1","1148106","1148393","62","114431049"
"chr5","115880228","115880522","KN296311v1","7907830","7908116","62","107972398"
"chr5","116189125","116189425","KN295725v1","1708402","1708708","68","114480723"
"chr5","116200160","116200460","KN294457v1","129747","130050","67","116070413"
"chr5","116220053","116220185","KN295236v1","168060","168189","25","116051993"
"chr5","116240862","116241145","KN296311v1","7520307","7520591","55","108720555"
"chr5","116246339","116246629","KN296145v1","1496963","1497260","65","114749376"
"chr5","116340967","116341288","KN296075v1","606483","606792","61","115734484"
"chr5","116350371","116350528","KN294199v1","664241","664403","44","115686130"
"chr5","116394422","116394594","KN296732v1","2470039","2470209","30","113924383"
"chr5","116422933","116423218","KN296119v1","3026168","3026454","58","113396765"
"chr5","116442802","116443106","KN296864v1","3246461","3246762","66","113196341"
"chr5","116463496","116463791","KN295892v1","95716","96003","65","116367780"
"chr5","116662615","116662915","KN295633v1","1850814","1851111","58","114811801"
"chr5","116670681","116670920","KN296119v1","5549744","5550001","61","111120937"
"chr5","116702647","116702945","KN297320v1","1234476","1234772","49","115468171"
"chr5","116743599","116743854","KN297319v1","631246","631503","65","116112353"
"chr5","116906297","116906492","KN297019v1","41108","41306","44","116865189"
"chr5","116920546","116920840","KN296430v1","431034","431317","66","116489512"
"chr5","116940751","116940951","KN296726v1","862915","863125","45","116077836"
"chr5","116946722","116947019","KN294499v1","2466913","2467200","61","114479809"
"chr5","116981191","116981280","KN295692v1","1381057","1381143","19","115600134"
"chr5","117006544","117006886","KN295032v1","287323","287641","90","116719221"
"chr5","117049429","117049550","KN294446v1","1031783","1031905","19","116017646"
"chr5","117059925","117060220","KN295474v1","1385419","1385718","62","115674506"
"chr5","117101553","117101620","KN295209v1","550545","550613","21","116551008"
"chr5","117101670","117101873","KN294407v1","234403","234595","39","116867267"
"chr5","117215155","117215456","KN296153v1","1527032","1527331","56","115688123"
"chr5","117219816","117220118","KN294454v1","473949","474241","66","116745867"
"chr5","117271249","117271555","KN296578v1","147777","148081","71","117123472"
"chr5","117441049","117441171","KN294416v1","636166","636292","20","116804883"
"chr5","117441198","117441360","KN295996v1","174813","174976","30","117266385"
"chr5","117558252","117558546","KN294790v1","3149258","3149558","53","114408994"
"chr5","117559814","117560108","KN296311v1","7104052","7104341","61","110455762"
"chr5","117690389","117690665","KN296145v1","2654561","2654829","64","115035828"
"chr5","117701638","117701921","KN296847v1","217895","218171","64","117483743"
"chr5","117915223","117915510","KN297452v1","1197785","1198080","51","116717438"
"chr5","117926584","117926708","KN296430v1","907133","907257","24","117019451"
"chr5","117951038","117951325","KN296311v1","7907830","7908116","51","110043208"
"chr5","117965032","117965321","KN295074v1","977960","978248","62","116987072"
"chr5","117971812","117972101","KN296485v1","448473","448760","55","117523339"
"chr5","117998733","117999046","KN296019v1","466074","466382","66","117532659"
"chr5","118034836","118035131","KN296311v1","7520307","7520591","66","110514529"
"chr5","118043724","118044002","KN297112v1","4238124","4238391","64","113805600"
"chr5","118061407","118061711","KN295236v1","4200227","4200533","56","113861180"
"chr5","118105537","118105847","KN295820v1","821881","822196","76","117283656"
"chr5","118201028","118201320","KN294499v1","2466913","2467200","56","115734115"
"chr5","118283966","118284164","KN295633v1","2176731","2176929","47","116107235"
"chr5","118316571","118316885","KN296588v1","922323","922632","70","117394248"
"chr5","118395222","118395530","KN294488v1","203170","203435","95","118192052"
"chr5","118513882","118514006","KN295705v1","726608","726732","17","117787274"
"chr5","118560457","118560751","KN295637v1","83395","83688","63","118477062"
"chr5","118578578","118578804","KN297242v1","1471732","1471942","50","117106846"
"chr5","118674667","118674945","KN295573v1","1191979","1192253","62","117482688"
"chr5","118693607","118693799","KN295102v1","412254","412440","47","118281353"
"chr5","118874757","118874828","KN294588v1","529224","529293","22","118345533"
"chr5","118893596","118893801","KN294581v1","247899","248101","50","118645697"
"chr5","118918114","118918364","KN295586v1","2577863","2578122","67","116340251"
"chr5","119000800","119000990","KN295705v1","323738","323927","44","118677062"
"chr5","119126275","119126475","KN296187v1","2415613","2415818","49","116710662"
"chr5","119181821","119182111","KN294633v1","174427","174712","77","119007394"
"chr5","119302135","119302287","KN294536v1","526797","526951","48","118775338"
"chr5","119435586","119435933","KN296761v1","306120","306447","80","119129466"
"chr5","119580724","119581005","KN296426v1","736369","736668","75","118844355"
"chr5","119622945","119623060","KN294235v1","784908","785024","15","118838037"
"chr5","119679668","119679948","KN294444v1","373486","373751","70","119306182"
"chr5","119755638","119755921","KN295744v1","217379","217658","54","119538259"
"chr5","119837421","119837715","KN296294v1","396608","396908","64","119440813"
"chr5","119863445","119863742","KN297215v1","30442","30741","50","119833003"
"chr5","119973863","119974149","KN296187v1","803116","803397","62","119170747"
"chr5","119987042","119987148","KN295540v1","99722","99829","21","119887320"
"chr5","119991004","119991269","KN294266v1","156795","157050","69","119834209"
"chr5","119992701","119993010","KN294416v1","125889","126195","60","119866812"
"chr5","120079654","120079955","KN295102v1","323606","323891","82","119756048"
"chr5","120094601","120094830","KN294181v1","675840","676075","54","119418761"
"chr5","120094866","120094981","KN295459v1","1077631","1077747","16","119017235"
"chr5","120100970","120101100","KN294251v1","1488730","1488859","20","118612240"
"chr5","120101250","120101544","KN295923v1","1664451","1664745","60","118436799"
"chr5","120163399","120163569","KN294244v1","25836","25983","31","120137563"
"chr5","120163872","120164152","KN294244v1","26287","26571","24","120137585"
"chr5","120175240","120175536","KN296253v1","167394","167691","61","120007846"
"chr5","120177458","120177621","KN295722v1","2530724","2530897","38","117646734"
"chr5","120204205","120204501","KN295430v1","989467","989768","59","119214738"
"chr5","120205467","120205745","KN296040v1","744339","744613","68","119461128"
"chr5","120209495","120209775","KN295241v1","55670","55954","65","120153825"
"chr5","120212114","120212400","KN296921v1","655313","655594","50","119556801"
"chr5","120221020","120221092","KN294619v1","1424683","1424756","12","118796337"
"chr5","120235370","120235563","KN295236v1","3468503","3468712","63","116766867"
"chr5","120240347","120240645","KN294874v1","102201","102494","59","120138146"
"chr5","120249141","120249422","KN294410v1","248524","248816","61","120000617"
"chr5","120257619","120257917","KN296404v1","3404152","3404452","67","116853467"
"chr5","120260433","120260701","KN294470v1","2899246","2899530","74","117361187"
"chr5","120264925","120265226","KN297320v1","1234476","1234772","56","119030449"
"chr5","120281028","120281160","KN295257v1","1873315","1873446","22","118407713"
"chr5","120315720","120316010","KN297144v1","1140692","1140983","58","119175028"
"chr5","120320779","120321074","KN295523v1","940683","940977","64","119380096"
"chr5","120349233","120349551","KN294893v1","445554","445861","67","119903679"
"chr5","120389154","120389278","KN297274v1","337343","337466","15","120051811"
"chr5","120403052","120403243","KN295091v1","2682397","2682573","48","117720655"
"chr5","120411272","120411482","KN294873v1","1659876","1660090","55","118751396"
"chr5","120484499","120484811","KN295708v1","1556292","1556606","57","118928207"
"chr5","120489600","120489890","KN296225v1","641773","642064","58","119847827"
"chr5","120492548","120492721","KN296682v1","686042","686213","35","119806506"
"chr5","120498386","120498516","KN294926v1","65916","66045","19","120432470"
"chr5","120539762","120540023","KN295315v1","624393","624668","64","119915369"
"chr5","120552411","120552707","KN296884v1","617485","617781","59","119934926"
"chr5","120637394","120637691","KN297259v1","1072432","1072730","56","119564962"
"chr5","120649425","120649734","KN296732v1","2512101","2512407","60","118137324"
"chr5","120653895","120654147","KN294486v1","1449359","1449610","56","119204536"
"chr5","120711342","120711619","KN296635v1","2921689","2921972","61","117789653"
"chr5","120792474","120792760","KN294210v1","845188","845470","65","119947286"
"chr5","120804338","120804653","KN294527v1","284644","284953","72","120519694"
"chr5","120838141","120838318","KN294457v1","1214050","1214219","45","119624091"
"chr5","120858727","120859009","KN295171v1","419582","419857","67","120439145"
"chr5","120892509","120892818","KN295572v1","419663","419965","80","120472846"
"chr5","121047407","121047711","KN296019v1","466074","466382","57","120581333"
"chr5","121053734","121053852","KN294848v1","626671","626788","18","120427063"
"chr5","121232116","121232400","KN296290v1","1930125","1930406","64","119301991"
"chr5","121253394","121253531","KN294387v1","2325079","2325214","55","118928315"
"chr5","121308209","121308482","KN296180v1","145967","146225","61","121162242"
"chr5","121381638","121381954","KN294506v1","108248","108557","75","121273390"
"chr5","121467040","121467315","KN297184v1","54755","55019","70","121412285"
"chr5","121646895","121647195","KN296682v1","2152972","2153271","69","119493923"
"chr5","121653049","121653311","KN296503v1","625161","625430","58","121027888"
"chr5","121671874","121671957","KN295735v1","1691558","1691645","18","119980316"
"chr5","121721567","121721680","KN294803v1","153703","153816","25","121567864"
"chr5","121783313","121783605","KN295893v1","883829","884122","66","120899484"
"chr5","121909288","121909556","KN296883v1","3738902","3739163","61","118170386"
"chr5","122001971","122002289","KN295995v1","667147","667461","70","121334824"
"chr5","122026870","122027128","KN296153v1","10907","11158","73","122015963"
"chr5","122190952","122191248","KN295586v1","2908076","2908370","55","119282876"
"chr5","122271431","122271556","KN295708v1","1954345","1954472","27","120317086"
"chr5","122341838","122342152","KN296498v1","430221","430538","71","121911617"
"chr5","122356365","122356653","KN296390v1","16323","16616","55","122340042"
"chr5","122376978","122377261","KN296731v1","1085264","1085548","68","121291714"
"chr5","122509828","122509904","KN294976v1","244192","244267","21","122265636"
"chr5","122509945","122510087","KN295907v1","507570","507720","31","122002375"
"chr5","122660811","122661116","KN296455v1","1028157","1028441","36","121632654"
"chr5","123022632","123022901","KN296455v1","636952","637221","32","122385680"
"chr5","123110669","123110944","KN296455v1","547475","547744","32","122563194"
"chr5","123133984","123134138","KN296153v1","4089357","4089512","33","119044627"
"chr5","123206453","123206758","KN296455v1","450386","450679","60","122756067"
"chr5","123226460","123226567","KN296455v1","433946","434063","13","122792514"
"chr5","123227868","123228153","KN296455v1","432358","432634","29","122795510"
"chr5","123341576","123341875","KN297138v1","424448","424740","61","122917128"
"chr5","123361307","123361559","KN294964v1","921746","922009","66","122439561"
"chr5","123510670","123510895","KN296455v1","147838","148065","20","123362832"
"chr5","123517662","123517786","KN296455v1","140380","140505","11","123377282"
"chr5","123521014","123521338","KN296455v1","136845","137144","37","123384169"
"chr5","123528747","123529026","KN296455v1","129396","129688","34","123399351"
"chr5","123535934","123536231","KN296455v1","121314","121610","30","123414620"
"chr5","123580391","123580688","KN296455v1","83559","83856","22","123496832"
"chr5","123661570","123661656","KN294647v1","182254","182336","16","123479316"
"chr5","123694550","123694856","KN295209v1","811664","811964","21","122882886"
"chr5","123698456","123698728","KN295209v1","807768","808056","32","122890688"
"chr5","123751699","123751974","KN296303v1","655132","655402","70","123096567"
"chr5","123808324","123808521","KN295209v1","717398","717570","38","123090926"
"chr5","123860397","123860707","KN295209v1","668882","669185","33","123191515"
"chr5","123879732","123880037","KN295209v1","645247","645544","37","123234485"
"chr5","123888076","123888191","KN295209v1","638226","638350","18","123249850"
"chr5","123892980","123893253","KN295209v1","632729","633005","34","123260251"
"chr5","123920803","123921099","KN295209v1","601367","601657","19","123319436"
"chr5","123935883","123936014","KN295209v1","584535","584666","6","123351348"
"chr5","123956352","123956481","KN294365v1","1882844","1882972","26","122073508"
"chr5","123967719","123968003","KN295209v1","558626","558913","29","123409093"
"chr5","124025267","124025389","KN295209v1","497666","497789","15","123527601"
"chr5","124030998","124031288","KN295038v1","695360","695660","63","123335638"
"chr5","124050377","124050666","KN295209v1","469539","469803","52","123580838"
"chr5","124053675","124053943","KN295209v1","466332","466613","39","123587343"
"chr5","124055342","124055639","KN295209v1","464604","464909","36","123590738"
"chr5","124071961","124072174","KN296826v1","26548","26763","45","124045413"
"chr5","124072425","124072735","KN295209v1","437137","437445","23","123635288"
"chr5","124087639","124087933","KN295209v1","426565","426841","35","123661074"
"chr5","124093175","124093307","KN295209v1","420929","421057","14","123672246"
"chr5","124095332","124095653","KN295209v1","418620","418941","24","123676712"
"chr5","124155531","124155743","KN295209v1","351633","351828","27","123803898"
"chr5","124194580","124194848","KN295209v1","313438","313703","18","123881142"
"chr5","124217500","124217632","KN296508v1","1569205","1569334","21","122648295"
"chr5","124238125","124238433","KN295209v1","264104","264401","31","123974021"
"chr5","124242319","124242473","KN296072v1","131762","131910","31","124110557"
"chr5","124242793","124242949","KN294385v1","184854","185010","35","124057939"
"chr5","124292129","124292299","KN294899v1","217500","217664","34","124074629"
"chr5","124520323","124520507","KN296162v1","600733","600919","9","123919590"
"chr5","124545380","124545675","KN296508v1","2151971","2152273","54","122393409"
"chr5","124562512","124562797","KN296162v1","559714","560002","22","124002798"
"chr5","124567792","124568072","KN296162v1","554738","555018","14","124013054"
"chr5","124666305","124666606","KN296162v1","455425","455723","26","124210880"
"chr5","124695221","124695527","KN296162v1","425827","426117","42","124269394"
"chr5","124709047","124709159","KN296162v1","412694","412806","7","124296353"
"chr5","124780612","124780775","KN296162v1","341475","341636","17","124439137"
"chr5","124788954","124789162","KN295633v1","2176731","2176929","46","122612223"
"chr5","124862743","124862863","KN296162v1","261368","261491","10","124601375"
"chr5","124865526","124865810","KN296162v1","258441","258734","34","124607085"
"chr5","124967359","124967630","KN296162v1","158898","159166","20","124808461"
"chr5","125027276","125027550","KN296162v1","98679","98964","30","124928597"
"chr5","125224981","125225275","KN296702v1","118703","118999","16","125106278"
"chr5","125262970","125263275","KN296702v1","156533","156834","23","125106437"
"chr5","125289301","125289575","KN296702v1","187478","187764","32","125101823"
"chr5","125443124","125443434","KN296702v1","331037","331361","52","125112087"
"chr5","125444263","125444525","KN296702v1","332218","332484","20","125112045"
"chr5","125453673","125453950","KN296702v1","342743","343009","51","125110930"
"chr5","125464869","125465164","KN296702v1","354057","354366","38","125110812"
"chr5","125482761","125482947","KN295923v1","2036406","2036588","51","123446355"
"chr5","125579674","125579822","KN296702v1","453296","453457","22","125126378"
"chr5","125603561","125603871","KN296180v1","726479","726785","67","124877082"
"chr5","125604094","125604393","KN296702v1","484884","485178","22","125119210"
"chr5","125632359","125632664","KN297274v1","335410","335711","61","125296949"
"chr5","125712891","125713158","KN296702v1","584015","584302","56","125128876"
"chr5","125729537","125729828","KN296145v1","1496963","1497260","60","124232574"
"chr5","125733271","125733455","KN296702v1","604337","604520","13","125128934"
"chr5","125747576","125747881","KN295923v1","1997557","1997864","52","123750019"
"chr5","125767820","125768117","KN296702v1","639611","639909","9","125128209"
"chr5","125780443","125780741","KN296702v1","652544","652831","33","125127899"
"chr5","125792746","125792919","KN297290v1","217697","217873","34","125575049"
"chr5","125792947","125793063","KN296726v1","1133896","1134009","24","124659051"
"chr5","125821071","125821204","KN295533v1","2521869","2522001","21","123299202"
"chr5","125841430","125841726","KN296702v1","714253","714549","19","125127177"
"chr5","125857741","125857997","KN296702v1","731743","732002","25","125125998"
"chr5","125870222","125870512","KN296404v1","3404152","3404452","63","122466070"
"chr5","125919801","125919923","KN296253v1","543775","543897","20","125376026"
"chr5","125920222","125920391","KN296702v1","794513","794661","35","125125709"
"chr5","125927372","125927668","KN296702v1","802400","802697","11","125124972"
"chr5","125945249","125945466","KN296702v1","820200","820406","18","125125049"
"chr5","125947127","125947374","KN296096v1","2485316","2485572","51","123461811"
"chr5","125972807","125973105","KN296702v1","846666","846956","22","125126141"
"chr5","125980650","125980967","KN296702v1","854300","854615","33","125126350"
"chr5","126032079","126032337","KN296702v1","907576","907843","30","125124503"
"chr5","126043782","126044008","KN296702v1","919602","919832","18","125124180"
"chr5","126090172","126090410","KN295236v1","1929088","1929317","63","124161084"
"chr5","126095674","126095846","KN296702v1","974830","975005","15","125120844"
"chr5","126096194","126096326","KN296153v1","2884459","2884593","25","123211735"
"chr5","126108015","126108124","KN296702v1","988453","988568","14","125119562"
"chr5","126111551","126111857","KN296702v1","992287","992589","30","125119264"
"chr5","126120109","126120432","KN296702v1","1000729","1001058","27","125119380"
"chr5","126164635","126164807","KN295533v1","1808077","1808253","34","124356558"
"chr5","126165114","126165246","KN294224v1","501938","502067","27","125663176"
"chr5","126312569","126312745","KN295090v1","1844954","1845132","39","124467615"
"chr5","126406474","126406585","KN294874v1","248846","248962","25","126157628"
"chr5","126463589","126463878","KN296322v1","1155486","1155773","68","125308103"
"chr5","126528575","126528873","KN297245v1","2036362","2036663","57","124492213"
"chr5","126542082","126542199","KN294613v1","611677","611793","17","125930405"
"chr5","126561999","126562320","KN296290v1","775055","775367","78","125786944"
"chr5","126968933","126969056","KN296859v1","1814408","1814530","17","125154525"
"chr5","127056926","127057213","KN296849v1","669191","669493","56","126387735"
"chr5","127063091","127063386","KN294570v1","165105","165399","63","126897986"
"chr5","127382067","127382245","KN296247v1","444310","444483","34","126937757"
"chr5","127402114","127402383","KN294444v1","373486","373751","73","127028628"
"chr5","127573611","127573856","KN296096v1","2485316","2485572","54","125088295"
"chr5","127612836","127613109","KN294208v1","701963","702240","59","126910873"
"chr5","127647705","127647805","KN296210v1","401227","401323","21","127246478"
"chr5","127661240","127661504","KN296187v1","803116","803397","54","126858124"
"chr5","127697625","127697945","KN294521v1","351650","351934","81","127345975"
"chr5","127708542","127708862","KN295315v1","457297","457609","65","127251245"
"chr5","127718130","127718417","KN294226v1","578998","579291","70","127139132"
"chr5","127723451","127723691","KN294739v1","976896","977129","57","126746555"
"chr5","127726336","127726513","KN295077v1","842219","842407","48","126884117"
"chr5","127728042","127728346","KN295607v1","82221","82537","64","127645821"
"chr5","127738996","127739285","KN296588v1","1685945","1686240","73","126053051"
"chr5","127751556","127751617","KN296311v1","6414046","6414103","18","121337510"
"chr5","127754374","127754667","KN294564v1","228946","229231","66","127525428"
"chr5","127757245","127757358","KN294713v1","243230","243342","23","127514015"
"chr5","127797384","127797680","KN296864v1","3187581","3187876","62","124609803"
"chr5","127811309","127811584","KN295592v1","2120017","2120297","56","125691292"
"chr5","127882320","127882610","KN297028v1","821563","821850","53","127060757"
"chr5","127887505","127887788","KN296153v1","960264","960545","56","126927241"
"chr5","127919791","127919915","KN296594v1","593562","593686","18","127326229"
"chr5","127978697","127978998","KN295501v1","522102","522406","66","127456595"
"chr5","128128917","128129211","KN297452v1","2278288","2278582","62","125850629"
"chr5","128163203","128163440","KN295596v1","326038","326276","51","127837165"
"chr5","128314108","128314401","KN295315v1","85980","86276","32","128228128"
"chr5","128338573","128338841","KN296460v1","1009871","1010124","65","127328702"
"chr5","128351849","128352143","KN294199v1","1134569","1134863","67","127217280"
"chr5","128358560","128358834","KN297146v1","44427","44694","60","128314133"
"chr5","128402973","128403229","KN297322v1","1311729","1311979","63","127091244"
"chr5","128565760","128566056","KN294954v1","51426","51752","52","128514334"
"chr5","128567325","128567450","KN294954v1","52974","53096","9","128514351"
"chr5","128682204","128682331","KN294954v1","169239","169366","5","128512965"
"chr5","128701172","128701467","KN294954v1","188270","188565","19","128512902"
"chr5","128701552","128701888","KN294954v1","188666","188997","41","128512886"
"chr5","128706282","128706599","KN294954v1","193345","193645","38","128512937"
"chr5","128738513","128738733","KN294954v1","220843","221066","23","128517670"
"chr5","128759594","128759846","KN296108v1","1243677","1243918","74","127515917"
"chr5","128789672","128789962","KN294954v1","269258","269542","38","128520414"
"chr5","128794688","128794803","KN296019v1","253050","253160","23","128541638"
"chr5","128794842","128795011","KN296019v1","502377","502549","36","128292465"
"chr5","128970359","128970471","KN296019v1","253050","253160","20","128717309"
"chr5","128970916","128971083","KN296062v1","1957174","1957337","42","127013742"
"chr5","129067826","129068047","KN296312v1","245081","245298","55","128822745"
"chr5","129073886","129074009","KN294899v1","134309","134423","20","128939577"
"chr5","129121835","129122121","KN294899v1","183095","183381","24","128938740"
"chr5","129127616","129127919","KN294899v1","188576","188885","23","128939040"
"chr5","129150381","129150538","KN294899v1","217500","217664","14","128932881"
"chr5","129150582","129150696","KN294899v1","217691","217807","11","128932891"
"chr5","129363468","129363604","KN295667v1","840631","840751","35","128522837"
"chr5","129370330","129370600","KN294899v1","433410","433683","30","128936920"
"chr5","129384097","129384377","KN294899v1","447205","447472","43","128936892"
"chr5","129387478","129387787","KN294899v1","457986","458296","40","128929492"
"chr5","129439399","129439691","KN294899v1","506461","506756","29","128932938"
"chr5","129497873","129498158","KN297112v1","5241747","5242033","66","124256126"
"chr5","129516979","129517241","KN294470v1","1960650","1960907","68","127556329"
"chr5","129521572","129521869","KN294899v1","582148","582449","51","128939424"
"chr5","129529355","129529464","KN294899v1","590354","590454","20","128939001"
"chr5","129546386","129546659","KN294899v1","610076","610360","38","128936310"
"chr5","129553448","129553756","KN294899v1","617422","617735","32","128936026"
"chr5","129656963","129657230","KN294899v1","718988","719267","42","128937975"
"chr5","129857712","129857940","KN294899v1","936613","936848","24","128921099"
"chr5","129928961","129929271","KN294899v1","1009813","1010124","28","128919148"
"chr5","129983107","129983402","KN295343v1","329489","329788","64","129653618"
"chr5","129987331","129987638","KN294899v1","1068108","1068455","54","128919223"
"chr5","130080288","130080403","KN294899v1","1164761","1164874","10","128915527"
"chr5","130111565","130111867","KN294452v1","931114","931402","64","129180451"
"chr5","130161786","130162099","KN295459v1","462496","462800","68","129699290"
"chr5","130173663","130173965","KN294899v1","1247144","1247439","34","128926519"
"chr5","130258751","130258988","KN295936v1","2080772","2081001","57","128177979"
"chr5","130584048","130584287","KN295304v1","32489","32734","62","130551559"
"chr5","130588082","130588377","KN296743v1","1534998","1535291","68","129053084"
"chr5","130610576","130610830","KN296191v1","1575823","1576054","74","129034753"
"chr5","130646742","130646913","KN294470v1","2587213","2587380","32","128059529"
"chr5","130654095","130654396","KN295601v1","2719429","2719729","67","127934666"
"chr5","130745455","130745736","KN295930v1","371347","371628","56","130374108"
"chr5","131448795","131449095","KN297197v1","4265487","4265776","64","127183308"
"chr5","131527190","131527456","KN295550v1","24266","24505","73","131502924"
"chr5","131544773","131545054","KN296311v1","5865392","5865673","65","125679381"
"chr5","131586752","131587023","KN296201v1","2781798","2782088","70","128804954"
"chr5","131625323","131625613","KN297165v1","2213892","2214169","68","129411431"
"chr5","131628048","131628329","KN294800v1","58275","58560","51","131569773"
"chr5","131747361","131747674","KN295459v1","1409406","1409722","52","130337955"
"chr5","131766111","131766408","KN297008v1","1477900","1478200","53","130288211"
"chr5","131834302","131834589","KN295893v1","7115857","7116150","63","124718445"
"chr5","131933728","131933972","KN297452v1","2410408","2410674","65","129523320"
"chr5","131955739","131955857","KN296322v1","1190045","1190168","25","130765694"
"chr5","132282725","132283017","KN296959v1","1045812","1046085","69","131236913"
"chr5","132310025","132310295","KN294161v1","985438","985713","61","131324587"
"chr5","132585529","132585836","KN294470v1","3146483","3146791","62","129439046"
"chr5","132651851","132652137","KN296311v1","5865392","5865673","56","126786459"
"chr5","132660850","132661090","KN297114v1","59212","59463","63","132601638"
"chr5","132677224","132677499","KN294287v1","218017","218286","55","132459207"
"chr5","132705559","132705788","KN294486v1","1199113","1199343","52","131506446"
"chr5","132709366","132709496","KN297095v1","2530131","2530260","22","130179235"
"chr5","132770852","132771127","KN297008v1","2367198","2367476","59","130403654"
"chr5","132775723","132775919","KN295171v1","289083","289273","42","132486640"
"chr5","132776210","132776335","KN294372v1","2590969","2591095","23","130185241"
"chr5","132780495","132780620","KN294613v1","453353","453478","27","132327142"
"chr5","132808344","132808654","KN296261v1","154638","154947","50","132653706"
"chr5","132810065","132810376","KN295596v1","1895336","1895646","59","130914729"
"chr5","132824576","132824778","KN297274v1","75096","75304","40","132749480"
"chr5","132833851","132834172","KN294790v1","5930505","5930808","76","126903346"
"chr5","132885240","132885545","KN294987v1","1079259","1079566","65","131805981"
"chr5","132918160","132918461","KN294470v1","3146483","3146791","63","129771677"
"chr5","132947616","132947907","KN296253v1","188046","188333","67","132759570"
"chr5","132961270","132961564","KN294842v1","1661936","1662229","56","131299334"
"chr5","132997761","132997893","KN295038v1","662635","662766","25","132335126"
"chr5","133002947","133003233","KN294842v1","915869","916171","63","132087078"
"chr5","133013349","133013616","KN296311v1","4530149","4530414","69","128483200"
"chr5","133022450","133022752","KN296513v1","108168","108464","59","132914282"
"chr5","133028560","133028849","KN294949v1","326370","326662","53","132702190"
"chr5","133040147","133040393","KN294467v1","317401","317644","73","132722746"
"chr5","133060205","133060501","KN295343v1","329489","329788","57","132730716"
"chr5","133076774","133077055","KN294446v1","541167","541439","65","132535607"
"chr5","133079239","133079522","KN295995v1","1440999","1441277","57","131638240"
"chr5","133100329","133100599","KN294326v1","47031","47305","60","133053298"
"chr5","133135218","133135347","KN295893v1","1617389","1617519","25","131517829"
"chr5","133142581","133142793","KN295090v1","2015737","2015951","45","131126844"
"chr5","133153233","133153534","KN296959v1","1205213","1205509","73","131948020"
"chr5","133157145","133157440","KN296154v1","1298937","1299227","51","131858208"
"chr5","133161964","133162254","KN296505v1","21654","21951","70","133140310"
"chr5","133202494","133202744","KN294848v1","281563","281800","56","132920931"
"chr5","133205684","133205868","KN295236v1","3439918","3440103","41","129765766"
"chr5","133223092","133223370","KN296096v1","1405653","1405937","59","131817439"
"chr5","133241812","133242089","KN294373v1","1489651","1489940","78","131752161"
"chr5","133246410","133246691","KN294499v1","1017632","1017896","67","132228778"
"chr5","133252693","133252960","KN295090v1","1735062","1735335","59","131517631"
"chr5","133290522","133290733","KN295974v1","3068927","3069131","54","130221595"
"chr5","133317911","133318067","KN297159v1","1491818","1491973","30","131826093"
"chr5","133353181","133353475","KN296872v1","90425","90704","30","133262756"
"chr5","133362256","133362541","KN296872v1","81500","81786","24","133280756"
"chr5","133369226","133369531","KN296872v1","73865","74178","22","133295361"
"chr5","133371899","133372206","KN296872v1","70967","71254","40","133300932"
"chr5","133385317","133385460","KN296872v1","57715","57857","12","133327602"
"chr5","133385751","133385903","KN296872v1","57263","57420","14","133328488"
"chr5","133416486","133416782","KN294172v1","886796","887086","65","132529690"
"chr5","133418570","133418859","KN297442v1","1544491","1544771","64","131874079"
"chr5","133419578","133419731","KN296872v1","20375","20529","13","133399203"
"chr5","133450465","133450759","KN294911v1","5031836","5032131","22","128418629"
"chr5","133466139","133466441","KN294911v1","5015538","5015817","45","128450601"
"chr5","133508391","133508694","KN294911v1","4978504","4978820","32","128529887"
"chr5","133508923","133509047","KN294911v1","4978182","4978300","11","128530741"
"chr5","133533784","133534080","KN294911v1","4952796","4953103","30","128580988"
"chr5","133549199","133549515","KN294614v1","906036","906326","78","132643163"
"chr5","133554381","133554675","KN294421v1","1273220","1273497","65","132281161"
"chr5","133631794","133631973","KN294911v1","4847681","4847849","22","128784113"
"chr5","133671092","133671382","KN294911v1","4809826","4810111","26","128861266"
"chr5","133753079","133753378","KN294911v1","4729010","4729318","24","129024069"
"chr5","133786479","133786594","KN294911v1","4690063","4690179","5","129096416"
"chr5","133830426","133830728","KN294911v1","4647163","4647460","50","129183263"
"chr5","133831522","133831824","KN296406v1","163962","164264","53","133667560"
"chr5","133863244","133863542","KN294911v1","4613666","4613956","43","129249578"
"chr5","133883275","133883533","KN294911v1","4593583","4593806","46","129289692"
"chr5","133909396","133909684","KN295744v1","654344","654638","57","133255052"
"chr5","133941371","133941548","KN294911v1","4536501","4536686","18","129404870"
"chr5","133941624","133941761","KN294911v1","4536288","4536425","1","129405336"
"chr5","134025944","134026239","KN294911v1","4449731","4450022","30","129576213"
"chr5","134039564","134039847","KN294911v1","4436165","4436462","30","129603399"
"chr5","134116646","134116942","KN294911v1","4357370","4357671","28","129759276"
"chr5","134117109","134117396","KN294911v1","4356913","4357206","25","129760196"
"chr5","134164441","134164751","KN294911v1","4307234","4307533","36","129857207"
"chr5","134184173","134184460","KN294911v1","4287074","4287361","24","129897099"
"chr5","134191365","134191648","KN297320v1","1234476","1234772","51","132956889"
"chr5","134213097","134213365","KN294911v1","4261056","4261303","32","129952041"
"chr5","134225390","134225598","KN295586v1","2677013","2677226","44","131548377"
"chr5","134233623","134233900","KN294911v1","4240620","4240897","22","129993003"
"chr5","134297737","134297856","KN294911v1","4172086","4172205","8","130125651"
"chr5","134308164","134308480","KN296864v1","3246461","3246762","64","131061703"
"chr5","134311287","134311561","KN294470v1","409257","409539","65","133902030"
"chr5","134361111","134361401","KN294911v1","4109887","4110174","21","130251224"
"chr5","134373801","134374098","KN294911v1","4095967","4096264","25","130277834"
"chr5","134387822","134387942","KN294911v1","4081609","4081731","12","130306213"
"chr5","134410893","134411016","KN295566v1","220119","220242","18","134190774"
"chr5","134470966","134471262","KN294911v1","3996428","3996723","15","130474538"
"chr5","134483079","134483209","KN294911v1","3983754","3983884","6","130499325"
"chr5","134488536","134488827","KN294911v1","3977150","3977441","17","130511386"
"chr5","134489628","134489907","KN294911v1","3976127","3976400","31","130513501"
"chr5","134495161","134495428","KN294911v1","3967474","3967765","43","130527687"
"chr5","134496577","134496848","KN294911v1","3966086","3966376","40","130530491"
"chr5","134499196","134499479","KN294911v1","3964483","3964729","55","130534713"
"chr5","134501966","134502270","KN294911v1","3961060","3961373","29","130540906"
"chr5","134522812","134523095","KN294911v1","3935869","3936171","36","130586943"
"chr5","134525923","134526209","KN294911v1","3932378","3932660","24","130593545"
"chr5","134534186","134534405","KN294911v1","3922661","3922882","13","130611525"
"chr5","134552795","134553074","KN295301v1","1369272","1369553","60","133183523"
"chr5","134570262","134570381","KN294911v1","3892801","3892920","4","130677461"
"chr5","134571437","134571542","KN295930v1","887615","887719","18","133683822"
"chr5","134585112","134585409","KN294911v1","3878394","3878682","31","130706718"
"chr5","134587806","134587939","KN294911v1","3873021","3873154","6","130714785"
"chr5","134588231","134588393","KN294911v1","3872566","3872729","17","130715665"
"chr5","134600107","134600356","KN294592v1","827234","827463","61","133772873"
"chr5","134613760","134613836","KN294911v1","3845836","3845920","12","130767924"
"chr5","134615659","134615840","KN294911v1","3844932","3845109","25","130770727"
"chr5","134620444","134620762","KN294911v1","3839718","3840033","31","130780726"
"chr5","134625204","134625481","KN294911v1","3834399","3834651","47","130790805"
"chr5","134637091","134637404","KN295343v1","329489","329788","74","134307602"
"chr5","134698602","134698869","KN294444v1","373486","373751","55","134325116"
"chr5","134719965","134720104","KN296096v1","1372291","1372426","28","133347674"
"chr5","134720405","134720565","KN296153v1","1464656","1464817","28","133255749"
"chr5","134730093","134730239","KN294844v1","887416","887569","38","133842677"
"chr5","134730556","134730695","KN294630v1","59491","59629","25","134671065"
"chr5","134733136","134733418","KN294911v1","3720629","3720913","23","131012507"
"chr5","134741201","134741383","KN294911v1","3712127","3712309","14","131029074"
"chr5","134755081","134755352","KN294911v1","3703847","3704116","24","131051234"
"chr5","134760151","134760458","KN294911v1","3698788","3699104","35","131061363"
"chr5","134812351","134812650","KN294457v1","129747","130050","52","134682604"
"chr5","135098923","135099226","KN294911v1","3356093","3356390","26","131742830"
"chr5","135108800","135109070","KN296643v1","417188","417454","52","134691612"
"chr5","135417696","135417979","KN294911v1","3024247","3024532","27","132393449"
"chr5","135444961","135445265","KN294911v1","2995863","2996174","22","132449098"
"chr5","135495340","135495572","KN294911v1","2943851","2944083","16","132551489"
"chr5","135532229","135532519","KN294630v1","619638","619927","60","134912591"
"chr5","135581925","135582191","KN294911v1","2849403","2849672","28","132732522"
"chr5","135589058","135589328","KN294539v1","1350436","1350725","70","134238622"
"chr5","135591402","135591708","KN294705v1","1338492","1338793","63","134252910"
"chr5","135602645","135602869","KN296167v1","453163","453384","46","135149482"
"chr5","135605337","135605450","KN296110v1","173263","173377","20","135432074"
"chr5","135650992","135651317","KN294911v1","2781647","2781952","37","132869345"
"chr5","135655794","135656101","KN294257v1","2403021","2403326","56","133252773"
"chr5","135675054","135675255","KN294911v1","2757597","2757798","17","132917457"
"chr5","135691229","135691528","KN294911v1","2741265","2741560","28","132949964"
"chr5","135718999","135719118","KN294911v1","2713443","2713563","12","133005556"
"chr5","135728238","135728375","KN294961v1","41996","42121","34","135686242"
"chr5","135728971","135729126","KN296682v1","3159719","3159869","31","132569252"
"chr5","135758979","135759177","KN294911v1","2672207","2672393","25","133086772"
"chr5","135760199","135760498","KN294911v1","2670865","2671175","32","133089334"
"chr5","135761759","135762015","KN295705v1","199382","199648","71","135562377"
"chr5","135796902","135797217","KN294911v1","2633766","2634080","29","133163136"
"chr5","135798761","135799055","KN294911v1","2631725","2632033","30","133167036"
"chr5","135823232","135823506","KN294911v1","2603685","2603961","27","133219547"
"chr5","135832672","135832966","KN294911v1","2593610","2593904","18","133239062"
"chr5","135842922","135843152","KN294911v1","2582639","2582888","39","133260283"
"chr5","135847881","135848168","KN294911v1","2574202","2574509","40","133273679"
"chr5","135851239","135851350","KN295459v1","1659326","1659432","21","134191913"
"chr5","135858762","135859012","KN297404v1","330812","331066","49","135527950"
"chr5","135859040","135859318","KN294911v1","2560828","2561114","33","133298212"
"chr5","135869237","135869538","KN296311v1","3074623","3074927","68","132794614"
"chr5","135871364","135871516","KN296557v1","422068","422216","41","135449296"
"chr5","135882850","135883141","KN294911v1","2538542","2538834","14","133344308"
"chr5","135901859","135901974","KN294911v1","2518265","2518381","12","133383594"
"chr5","135905155","135905490","KN294911v1","2514719","2515051","18","133390436"
"chr5","135912367","135912649","KN294911v1","2507743","2508027","17","133404624"
"chr5","135928823","135929043","KN295977v1","719251","719468","48","135209572"
"chr5","135935115","135935428","KN294172v1","3296152","3296456","71","132638963"
"chr5","135936038","135936326","KN294911v1","2485608","2485894","22","133450430"
"chr5","135944758","135945053","KN294911v1","2475231","2475526","15","133469527"
"chr5","135951425","135951710","KN294911v1","2468456","2468747","29","133482969"
"chr5","135957233","135957530","KN296732v1","2736916","2737221","55","133220317"
"chr5","135967798","135968096","KN294911v1","2452635","2452941","24","133515163"
"chr5","135968476","135968682","KN294630v1","203601","203797","53","135764875"
"chr5","135975732","135976016","KN295090v1","2290575","2290869","50","133685157"
"chr5","135976589","135976819","KN295735v1","1060126","1060348","50","134916463"
"chr5","135983117","135983402","KN294911v1","2439251","2439533","11","133543866"
"chr5","136005334","136005521","KN295090v1","1844954","1845132","37","134160380"
"chr5","136008002","136008125","KN294911v1","2412127","2412242","11","133595875"
"chr5","136010148","136010413","KN296119v1","830788","831050","51","135179360"
"chr5","136018068","136018236","KN294911v1","2401650","2401825","15","133616418"
"chr5","136018526","136018631","KN294911v1","2401248","2401354","5","133617278"
"chr5","136032148","136032426","KN294911v1","2386641","2386923","23","133645507"
"chr5","136038605","136038888","KN294911v1","2381039","2381321","22","133657566"
"chr5","136063763","136064047","KN296062v1","2481180","2481463","51","133582583"
"chr5","136068381","136068696","KN294911v1","2347545","2347859","23","133720836"
"chr5","136070020","136070109","KN296138v1","61367","61459","14","136008653"
"chr5","136085886","136086168","KN294911v1","2328835","2329110","25","133757051"
"chr5","136105388","136105664","KN294911v1","2309023","2309287","31","133796365"
"chr5","136126247","136126530","KN294911v1","2287795","2288055","37","133838452"
"chr5","136148365","136148642","KN295294v1","3358227","3358501","67","132790138"
"chr5","136161329","136161604","KN294911v1","2250145","2250423","19","133911184"
"chr5","136161881","136162005","KN294911v1","2249744","2249868","5","133912137"
"chr5","136170850","136171132","KN294800v1","58275","58560","59","136112575"
"chr5","136179827","136180055","KN296195v1","16893","17114","59","136162934"
"chr5","136184927","136185224","KN294911v1","2218999","2219275","34","133965928"
"chr5","136186405","136186696","KN295157v1","295658","295935","66","135890747"
"chr5","136188282","136188570","KN296119v1","3291309","3291604","53","132896973"
"chr5","136191674","136191794","KN294911v1","2211937","2212059","7","133979737"
"chr5","136195540","136195620","KN296751v1","9416","9495","22","136186124"
"chr5","136195648","136195812","KN295236v1","3378485","3378650","33","132817163"
"chr5","136196725","136196923","KN294911v1","2207149","2207351","18","133989576"
"chr5","136197217","136197359","KN294911v1","2206725","2206861","18","133990492"
"chr5","136202399","136202691","KN296682v1","396362","396654","62","135806037"
"chr5","136205904","136206027","KN294911v1","2199580","2199710","10","134006324"
"chr5","136206288","136206298","KN296065v1","473149","473159","4","135733139"
"chr5","136206334","136206467","KN294407v1","2025308","2025439","25","134181026"
"chr5","136206692","136206994","KN294613v1","737792","738092","64","135468900"
"chr5","136209216","136209485","KN294911v1","2196120","2196419","57","134013096"
"chr5","136212554","136212884","KN294911v1","2192350","2192687","33","134020204"
"chr5","136213006","136213130","KN294911v1","2192113","2192231","19","134020893"
"chr5","136226186","136226402","KN295941v1","2000059","2000284","58","134226127"
"chr5","136227572","136227724","KN295081v1","4658","4806","35","136222914"
"chr5","136228000","136228097","KN294911v1","2176358","2176470","20","134051642"
"chr5","136228594","136228871","KN294172v1","5859145","5859420","60","130369449"
"chr5","136232057","136232358","KN295984v1","3197280","3197579","58","133034777"
"chr5","136234460","136234747","KN294911v1","2165477","2165782","32","134068983"
"chr5","136239705","136239992","KN294911v1","2160296","2160579","23","134079409"
"chr5","136244428","136244682","KN294911v1","2155860","2156114","15","134088568"
"chr5","136246402","136246718","KN294373v1","531886","532183","74","135714516"
"chr5","136248744","136249051","KN294911v1","2150563","2150859","30","134098181"
"chr5","136252971","136253260","KN294911v1","2145786","2146073","20","134107185"
"chr5","136254975","136255181","KN294911v1","2143638","2143855","28","134111337"
"chr5","136255466","136255612","KN294911v1","2143185","2143333","10","134112281"
"chr5","136273195","136273340","KN294911v1","2121377","2121513","15","134151818"
"chr5","136273622","136273788","KN294911v1","2120381","2120527","32","134153241"
"chr5","136280459","136280552","KN294260v1","236350","236434","24","136044109"
"chr5","136284444","136284757","KN295406v1","104750","105051","69","136179694"
"chr5","136305593","136305884","KN295708v1","1574678","1574956","75","134730915"
"chr5","136310886","136311178","KN295405v1","143132","143424","65","136167754"
"chr5","136313669","136313960","KN294257v1","1806216","1806506","71","134507453"
"chr5","136332892","136333207","KN296311v1","3727125","3727424","84","132605767"
"chr5","136346187","136346471","KN294911v1","2049987","2050271","22","134296200"
"chr5","136349074","136349353","KN297150v1","123171","123433","76","136225903"
"chr5","136358696","136358995","KN294911v1","2036226","2036540","40","134322470"
"chr5","136380502","136380805","KN294911v1","2016003","2016293","24","134364499"
"chr5","136383478","136383605","KN297095v1","2530131","2530260","18","133853347"
"chr5","136385380","136385671","KN296864v1","2292759","2293046","65","134092621"
"chr5","136389185","136389468","KN294911v1","2007159","2007453","20","134382026"
"chr5","136405013","136405266","KN294911v1","1991009","1991258","30","134414004"
"chr5","136405280","136405605","KN294911v1","1990670","1990993","32","134414610"
"chr5","136405916","136406098","KN294911v1","1990214","1990364","39","134415702"
"chr5","136406134","136406150","KN296865v1","843035","843048","4","135563099"
"chr5","136406397","136406531","KN294911v1","1989744","1989878","9","134416653"
"chr5","136408057","136408203","KN294911v1","1987810","1987955","6","134420247"
"chr5","136452128","136452412","KN294911v1","1941894","1942178","12","134510234"
"chr5","136457313","136457600","KN296017v1","366720","367014","65","136090593"
"chr5","136465647","136465813","KN294458v1","721283","721441","34","135744364"
"chr5","136466143","136466432","KN294911v1","1929569","1929859","15","134536574"
"chr5","136468618","136468792","KN294911v1","1927214","1927388","14","134541404"
"chr5","136469079","136469231","KN294911v1","1926460","1926611","18","134542619"
"chr5","136488860","136489167","KN296404v1","3404152","3404452","61","133084708"
"chr5","136490313","136490599","KN294911v1","1903339","1903625","21","134586974"
"chr5","136507596","136507766","KN294911v1","1885105","1885281","16","134622491"
"chr5","136511817","136511979","KN294705v1","903512","903673","37","135608305"
"chr5","136516201","136516499","KN294911v1","1874573","1874865","23","134641628"
"chr5","136521763","136522036","KN294911v1","1868948","1869227","22","134652815"
"chr5","136678781","136679087","KN294911v1","1710985","1711295","28","134967796"
"chr5","136766605","136766838","KN297197v1","3969899","3970120","64","132796706"
"chr5","136885729","136886053","KN294911v1","1502038","1502338","54","135383691"
"chr5","136998241","136998553","KN295294v1","2860409","2860714","68","134137832"
"chr5","137050922","137051152","KN296119v1","2468525","2468729","67","134582397"
"chr5","137116277","137116581","KN297184v1","1021901","1022202","59","136094376"
"chr5","137280928","137281217","KN294911v1","1084569","1084856","17","136196359"
"chr5","137342203","137342494","KN294911v1","1040383","1040676","17","136301820"
"chr5","137437505","137437812","KN294911v1","946021","946328","25","136491484"
"chr5","137633382","137633684","KN294911v1","744697","745000","28","136888685"
"chr5","137636776","137637078","KN294911v1","741142","741443","42","136895634"
"chr5","137641119","137641328","KN294911v1","736861","737075","25","136904258"
"chr5","137695611","137695823","KN294911v1","682540","682723","39","137013071"
"chr5","137948498","137948810","KN294911v1","436540","436828","40","137511958"
"chr5","138063075","138063348","KN294187v1","1653394","1653672","55","136409681"
"chr5","138256468","138256615","KN294911v1","147022","147170","10","138109446"
"chr5","138376788","138377094","KN294911v1","21247","21555","30","138355541"
"chr5","138432307","138432622","KN296647v1","36032","36327","48","138396275"
"chr5","138440050","138440241","KN296647v1","43896","44089","12","138396154"
"chr5","138453479","138453770","KN296647v1","53469","53761","22","138400010"
"chr5","138565148","138565265","KN294218v1","1019774","1019893","21","137545374"
"chr5","138569201","138569330","KN294479v1","5068","5200","17","138564133"
"chr5","138683700","138684013","KN296864v1","3246461","3246762","53","135437239"
"chr5","138885184","138885454","KN297458v1","110458","110728","57","138774726"
"chr5","138953971","138954267","KN296759v1","241740","242039","57","138712231"
"chr5","139005225","139005529","KN296485v1","448884","449200","63","138556341"
"chr5","139051402","139051711","KN294233v1","220149","220458","60","138831253"
"chr5","139096162","139096428","KN294842v1","440247","440525","65","138655915"
"chr5","139240090","139240205","KN294506v1","360630","360750","34","138879460"
"chr5","139268313","139268617","KN295967v1","890750","891049","57","138377563"
"chr5","139314581","139314722","KN296588v1","605049","605179","29","138709532"
"chr5","139317877","139318200","KN295236v1","2857715","2858034","73","136460162"
"chr5","139322001","139322212","KN296557v1","312475","312682","52","139009526"
"chr5","139347578","139347855","KN294499v1","2052491","2052768","69","137295087"
"chr5","139355045","139355335","KN297274v1","651050","651340","53","138703995"
"chr5","139371024","139371211","KN294372v1","1148464","1148647","49","138222560"
"chr5","139371360","139371584","KN295441v1","1067325","1067540","46","138304035"
"chr5","139390296","139390603","KN295107v1","1005175","1005482","67","138385121"
"chr5","139419301","139419602","KN295308v1","2331353","2331653","56","137087948"
"chr5","139420328","139420634","KN296145v1","809194","809494","65","138611134"
"chr5","139452034","139452155","KN294235v1","784908","785024","21","138667126"
"chr5","139465667","139465970","KN295984v1","1215126","1215441","70","138250541"
"chr5","139470772","139470868","KN296879v1","115637","115732","24","139355135"
"chr5","139471739","139471989","KN297095v1","1360698","1360930","65","138111041"
"chr5","139474676","139474972","KN295090v1","2563775","2564075","69","136910901"
"chr5","139490838","139491127","KN294325v1","221091","221385","64","139269747"
"chr5","139512872","139513172","KN297259v1","192536","192835","55","139320336"
"chr5","139516677","139516790","KN296062v1","2178521","2178637","17","137338156"
"chr5","139532764","139532890","KN296964v1","1411802","1411928","19","138120962"
"chr5","139545237","139545510","KN295096v1","1873316","1873601","68","137671921"
"chr5","139549275","139549417","KN294407v1","798431","798570","34","138750844"
"chr5","139552530","139552814","KN294848v1","898261","898553","52","138654269"
"chr5","139557291","139557594","KN296864v1","3246461","3246762","58","136310830"
"chr5","139563929","139564175","KN295368v1","1716678","1716950","64","137847251"
"chr5","139565401","139565652","KN295977v1","1140774","1141022","58","138424627"
"chr5","139566187","139566482","KN296426v1","354578","354864","63","139211609"
"chr5","139572075","139572384","KN297121v1","403984","404277","68","139168091"
"chr5","139599922","139600204","KN294470v1","2756337","2756617","58","136843585"
"chr5","139605898","139606144","KN295667v1","2426026","2426267","49","137179872"
"chr5","139610935","139611241","KN295320v1","53994","54294","54","139556941"
"chr5","139625492","139625615","KN296138v1","214278","214396","14","139411214"
"chr5","139627476","139627773","KN296138v1","216255","216567","44","139411221"
"chr5","139632972","139633269","KN294662v1","136013","136311","69","139496959"
"chr5","139634235","139634471","KN294172v1","3107623","3107863","61","136526612"
"chr5","139637615","139637906","KN294199v1","65187","65474","53","139572428"
"chr5","139638001","139638302","KN296145v1","1496963","1497260","59","138141038"
"chr5","139638459","139638657","KN295198v1","78177","78377","43","139560282"
"chr5","139639745","139640043","KN294591v1","321648","321942","59","139318097"
"chr5","139641007","139641290","KN295705v1","1506369","1506649","64","138134638"
"chr5","139659341","139659417","KN294790v1","5506661","5506743","14","134152680"
"chr5","139660592","139660890","KN294592v1","1126218","1126503","58","138534374"
"chr5","139667233","139667494","KN295601v1","3005471","3005742","54","136661762"
"chr5","139674344","139674464","KN297046v1","50734","50858","26","139623610"
"chr5","139685504","139685709","KN296153v1","2842497","2842705","50","136843007"
"chr5","139687377","139687425","KN294705v1","1190268","1190310","9","138497109"
"chr5","139701041","139701334","KN295744v1","540407","540693","57","139160634"
"chr5","139704705","139705001","KN296404v1","3404152","3404452","54","136300553"
"chr5","139706658","139706879","KN297008v1","769836","770063","59","138936822"
"chr5","139711368","139711496","KN295236v1","168060","168189","26","139543308"
"chr5","139720839","139721117","KN296017v1","366720","367014","74","139354119"
"chr5","139726424","139726681","KN294592v1","827234","827463","62","138899190"
"chr5","139728138","139728340","KN295594v1","173278","173484","45","139554860"
"chr5","139738811","139738872","KN294399v1","159288","159351","18","139579523"
"chr5","139739167","139739340","KN294214v1","483804","483975","41","139255363"
"chr5","139745735","139746044","KN295667v1","920987","921295","69","138824748"
"chr5","139755384","139755555","KN295533v1","1808077","1808253","42","137947307"
"chr5","139755868","139755965","KN294366v1","421783","421875","21","139334085"
"chr5","139770910","139771165","KN295449v1","1177960","1178220","59","138592950"
"chr5","139772573","139772860","KN294470v1","1991733","1992029","51","137780840"
"chr5","139789796","139790085","KN295074v1","977960","978248","42","138811836"
"chr5","139813483","139813672","KN295962v1","1854896","1855088","36","137958587"
"chr5","139814729","139815008","KN296502v1","1187225","1187506","57","138627504"
"chr5","139826300","139826513","KN297154v1","178728","178926","57","139647572"
"chr5","139842019","139842325","KN294416v1","385281","385579","58","139456738"
"chr5","139847942","139848221","KN296948v1","676208","676496","62","139171734"
"chr5","139869687","139869856","KN294372v1","583689","583859","41","139285998"
"chr5","139879354","139879672","KN296225v1","785606","785913","66","139093748"
"chr5","139884594","139884891","KN296017v1","366720","367014","54","139517874"
"chr5","139890809","139891062","KN297404v1","330812","331066","53","139559997"
"chr5","139905208","139905475","KN295038v1","680181","680456","64","139225027"
"chr5","139906571","139906693","KN296079v1","478071","478191","25","139428500"
"chr5","139907993","139908137","KN294187v1","1022388","1022526","30","138885605"
"chr5","139908446","139908613","KN295708v1","1390693","1390861","33","138517753"
"chr5","139911563","139911848","KN296365v1","406565","406851","55","139504998"
"chr5","139913009","139913318","KN296311v1","3358167","3358474","71","136554842"
"chr5","139917122","139917412","KN296964v1","1661833","1662125","52","138255289"
"chr5","139920693","139920817","KN295566v1","220119","220242","18","139700574"
"chr5","139926687","139926970","KN295573v1","1535308","1535584","59","138391379"
"chr5","139927165","139927299","KN296403v1","182747","182877","21","139744418"
"chr5","139945038","139945180","KN294506v1","362028","362172","32","139583010"
"chr5","139990963","139991260","KN294630v1","741362","741665","59","139249601"
"chr5","140009302","140009601","KN294462v1","421387","421690","63","139587915"
"chr5","140038573","140038850","KN294199v1","65187","65474","75","139973386"
"chr5","140086673","140086978","KN296732v1","2832769","2833060","80","137253904"
"chr5","140088668","140088792","KN294467v1","32975","33096","17","140055693"
"chr5","140111637","140111912","KN295236v1","4812704","4812971","62","135298933"
"chr5","140124527","140124812","KN297323v1","851625","851909","63","139272902"
"chr5","140151067","140151344","KN294499v1","2485948","2486229","67","137665119"
"chr5","140154125","140154241","KN296062v1","2178521","2178637","14","137975604"
"chr5","140164980","140165256","KN295936v1","1574435","1574702","73","138590545"
"chr5","140171754","140172036","KN296926v1","1136318","1136599","53","139035436"
"chr5","140184809","140185031","KN295980v1","1076199","1076415","44","139108610"
"chr5","140202162","140202447","KN295045v1","564650","564936","53","139637512"
"chr5","140205646","140205994","KN295236v1","1933263","1933588","91","138272383"
"chr5","140215895","140216021","KN296311v1","1179599","1179728","23","139036296"
"chr5","140216722","140217029","KN297245v1","2036362","2036663","55","138180360"
"chr5","140226769","140226902","KN295814v1","1707822","1707956","17","138518947"
"chr5","140228094","140228195","KN295996v1","549267","549370","15","139678827"
"chr5","140256320","140256623","KN296381v1","360143","360449","58","139896177"
"chr5","140265398","140265691","KN294987v1","797207","797503","60","139468191"
"chr5","140307988","140308187","KN294501v1","2863766","2863957","52","137444222"
"chr5","140308387","140308681","KN296311v1","3360027","3360322","64","136948360"
"chr5","140322839","140323065","KN296536v1","815853","816075","63","139506986"
"chr5","140331208","140331467","KN294536v1","1937322","1937597","70","138393886"
"chr5","140357649","140357734","KN295319v1","766929","767015","12","139590720"
"chr5","140360817","140361126","KN294499v1","1161818","1162128","70","139198999"
"chr5","140361974","140362093","KN294911v1","2412127","2412242","22","137949847"
"chr5","140362617","140362912","KN294239v1","1448386","1448679","55","138914231"
"chr5","140405640","140405839","KN295573v1","1390319","1390505","60","139015321"
"chr5","140412219","140412509","KN297458v1","110458","110728","75","140301761"
"chr5","140414787","140415076","KN296311v1","4657276","4657569","58","135757511"
"chr5","140420342","140420550","KN295045v1","597736","597951","45","139822606"
"chr5","140507950","140508070","KN296153v1","1416271","1416393","17","139091679"
"chr5","140514687","140514800","KN295722v1","1925966","1926079","14","138588721"
"chr5","140515223","140515498","KN294172v1","4906375","4906640","64","135608848"
"chr5","140532645","140532931","KN297058v1","387769","388051","60","140144876"
"chr5","140533191","140533314","KN295236v1","471357","471468","35","140061834"
"chr5","140533623","140533781","KN296507v1","495303","495440","47","140038320"
"chr5","140545883","140546138","KN295573v1","317169","317438","71","140228714"
"chr5","140548202","140548495","KN294382v1","32962","33256","60","140515240"
"chr5","140557147","140557439","KN295962v1","1287765","1288060","69","139269382"
"chr5","140571274","140571607","KN295732v1","33620","33928","75","140537654"
"chr5","140576353","140576649","KN294199v1","715394","715688","54","139860959"
"chr5","140591794","140592080","KN296926v1","1075217","1075500","62","139516577"
"chr5","140617482","140617637","KN297165v1","3068683","3068827","46","137548799"
"chr5","140624772","140624902","KN295294v1","1721798","1721928","19","138902974"
"chr5","140629252","140629525","KN297159v1","361368","361629","64","140267884"
"chr5","140630911","140631149","KN297019v1","1212128","1212359","54","139418783"
"chr5","140642498","140642789","KN295523v1","2811785","2812080","62","137830713"
"chr5","140647328","140647643","KN294893v1","445554","445861","62","140201774"
"chr5","140667227","140667484","KN295898v1","722107","722369","63","139945120"
"chr5","140678110","140678407","KN294630v1","741362","741665","57","139936748"
"chr5","140682708","140683017","KN294630v1","275790","276102","59","140406918"
"chr5","140689805","140689875","KN296515v1","680253","680323","16","140009552"
"chr5","140694160","140694451","KN294539v1","1350436","1350725","61","139343724"
"chr5","140717335","140717630","KN295940v1","94899","95179","61","140622436"
"chr5","140718586","140718912","KN295984v1","1101727","1102038","76","139616859"
"chr5","140719057","140719167","KN295073v1","1062612","1062725","21","139656445"
"chr5","140719276","140719558","KN294899v1","610076","610360","68","140109200"
"chr5","140724657","140725024","KN295577v1","180511","180861","97","140544146"
"chr5","140734385","140734608","KN297242v1","1471732","1471942","50","139262653"
"chr5","140751238","140751511","KN296503v1","96429","96710","52","140654809"
"chr5","140773081","140773397","KN296253v1","188046","188333","91","140585035"
"chr5","140781388","140781500","KN294710v1","137737","137854","17","140643651"
"chr5","140787997","140788268","KN295820v1","41667","41944","64","140746330"
"chr5","140830254","140830542","KN296948v1","507644","507942","68","140322610"
"chr5","140844894","140845117","KN295236v1","535792","536004","65","140309102"
"chr5","140916953","140917252","KN295107v1","1051267","1051565","55","139865686"
"chr5","140918006","140918292","KN295667v1","1243145","1243443","60","139674861"
"chr5","140920445","140920566","KN295022v1","197977","198099","22","140722468"
"chr5","140923183","140923487","KN296442v1","168893","169197","64","140754290"
"chr5","140926016","140926178","KN294325v1","169199","169356","34","140756817"
"chr5","140927866","140928167","KN296635v1","5240262","5240560","61","135687604"
"chr5","140929627","140929934","KN296879v1","417388","417697","63","140512239"
"chr5","140936958","140937236","KN294991v1","1461634","1461903","68","139475324"
"chr5","140942256","140942512","KN296357v1","360516","360771","61","140581740"
"chr5","140950387","140950640","KN294421v1","82038","82283","63","140868349"
"chr5","140956013","140956257","KN296036v1","206476","206719","59","140749537"
"chr5","140959022","140959334","KN297245v1","2036362","2036663","59","138922660"
"chr5","140961755","140962054","KN294996v1","363261","363550","58","140598494"
"chr5","140992764","140992974","KN297105v1","1627293","1627498","43","139365471"
"chr5","141010296","141010586","KN294375v1","731207","731494","74","140279089"
"chr5","141011434","141011684","KN297197v1","2039996","2040258","53","138971438"
"chr5","141045319","141045503","KN294558v1","238446","238632","50","140806873"
"chr5","141063424","141063703","KN295117v1","149492","149773","68","140913932"
"chr5","141066136","141066411","KN294591v1","471051","471326","59","140595085"
"chr5","141067723","141067746","KN294650v1","163835","163855","9","140903888"
"chr5","141068009","141068109","KN296225v1","792724","792820","26","140275285"
"chr5","141068380","141068554","KN296365v1","573123","573292","49","140495257"
"chr5","141069604","141069876","KN294443v1","1226237","1226485","85","139843367"
"chr5","141076757","141076920","KN294710v1","128924","129084","30","140947833"
"chr5","141081298","141081584","KN297095v1","3445650","3445940","58","137635648"
"chr5","141092044","141092330","KN294987v1","383946","384239","59","140708098"
"chr5","141095524","141095828","KN296749v1","396480","396788","56","140699044"
"chr5","141109303","141109600","KN294842v1","590688","590985","56","140518615"
"chr5","141112704","141112977","KN296009v1","590111","590340","84","140522593"
"chr5","141182482","141182748","KN295605v1","471896","472179","63","140710586"
"chr5","141192094","141192197","KN294650v1","164160","164269","21","141027934"
"chr5","141215082","141215332","KN296513v1","1415685","1415952","61","139799397"
"chr5","141237866","141238163","KN296486v1","1505649","1505946","53","139732217"
"chr5","141240257","141240484","KN295236v1","852048","852270","71","140388209"
"chr5","141247920","141247931","KN294214v1","256598","256609","0","140991322"
"chr5","141248241","141248456","KN297219v1","2392848","2393060","48","138855393"
"chr5","141259154","141259417","KN296096v1","2485316","2485572","56","138773838"
"chr5","141303757","141304060","KN297320v1","1234476","1234772","50","140069281"
"chr5","141319752","141320067","KN296495v1","1645559","1645876","60","139674193"
"chr5","141424030","141424323","KN294172v1","6915582","6915894","69","134508448"
"chr5","141480820","141481130","KN295988v1","1298782","1299086","59","140182038"
"chr5","141486671","141486966","KN296404v1","3404152","3404452","56","138082519"
"chr5","141554550","141554873","KN295171v1","630371","630698","107","140924179"
"chr5","141568850","141569168","KN296311v1","5758888","5759199","59","135809962"
"chr5","141662965","141663236","KN294457v1","1208445","1208715","56","140454520"
"chr5","141665489","141665699","KN296365v1","946126","946334","52","140719363"
"chr5","141665783","141665896","KN295748v1","150084","150200","23","141515699"
"chr5","141672048","141672358","KN295075v1","131653","131956","81","141540395"
"chr5","141688119","141688405","KN296187v1","1240968","1241249","60","140447151"
"chr5","141708360","141708665","KN294630v1","741362","741665","59","140966998"
"chr5","141708747","141709046","KN295243v1","371794","372094","55","141336953"
"chr5","141739393","141739452","KN294571v1","676840","676899","18","141062553"
"chr5","141748583","141748889","KN296404v1","3404152","3404452","66","138344431"
"chr5","141753030","141753335","KN296311v1","3358167","3358474","56","138394863"
"chr5","141765613","141765929","KN296281v1","414619","414931","65","141350994"
"chr5","141790914","141791202","KN297008v1","5837942","5838230","57","135952972"
"chr5","141791879","141792012","KN295965v1","146854","146987","24","141645025"
"chr5","141792704","141792882","KN294630v1","351542","351728","48","141441162"
"chr5","141802864","141802989","KN297154v1","1201191","1201316","26","140601673"
"chr5","141809313","141809580","KN297274v1","140869","141141","67","141668444"
"chr5","141812700","141813018","KN297094v1","353870","354185","58","141458830"
"chr5","141837588","141837894","KN296547v1","285164","285470","63","141552424"
"chr5","141852914","141853171","KN295096v1","177724","177957","71","141675190"
"chr5","141861757","141861773","KN294457v1","15665","15681","5","141846092"
"chr5","141863183","141863484","KN296635v1","125250","125553","54","141737933"
"chr5","141864787","141865110","KN295983v1","1304230","1304527","82","140560557"
"chr5","141865617","141865967","KN294199v1","560333","560653","97","141305284"
"chr5","141879196","141879507","KN295041v1","416819","417138","58","141462377"
"chr5","141907681","141907994","KN294996v1","363261","363550","80","141544420"
"chr5","141909102","141909284","KN296778v1","265861","266041","53","141643241"
"chr5","141913098","141913403","KN294345v1","1938443","1938738","63","139974655"
"chr5","141927364","141927561","KN294207v1","621589","621783","44","141305775"
"chr5","141930957","141931027","KN294416v1","669171","669244","14","141261786"
"chr5","141933502","141933706","KN295607v1","1744173","1744380","51","140189329"
"chr5","141945708","141946015","KN294407v1","2027591","2027900","60","139918117"
"chr5","141957438","141957660","KN295441v1","1067325","1067540","50","140890113"
"chr5","141972107","141972353","KN294513v1","373162","373403","65","141598945"
"chr5","141977217","141977293","KN295825v1","1303616","1303694","15","140673601"
"chr5","141989135","141989250","KN294456v1","1526468","1526582","15","140462667"
"chr5","142003696","142003829","KN294848v1","995812","995945","19","141007884"
"chr5","142069155","142069358","KN294591v1","207195","207391","48","141861960"
"chr5","142087509","142087713","KN294570v1","335562","335758","49","141751947"
"chr5","142091217","142091410","KN295601v1","1573355","1573547","43","140517862"
"chr5","142091708","142091833","KN296253v1","543775","543897","26","141547933"
"chr5","142097614","142097911","KN294570v1","165105","165399","65","141932509"
"chr5","142105166","142105285","KN295977v1","642587","642704","12","141462579"
"chr5","142144457","142144655","KN295345v1","303586","303796","66","141840871"
"chr5","142162720","142162838","KN295996v1","406819","406936","18","141755901"
"chr5","142175610","142175731","KN294378v1","1080965","1081090","24","141094645"
"chr5","142190274","142190399","KN296266v1","104949","105079","30","142085325"
"chr5","142198130","142198261","KN296934v1","522869","523001","30","141675261"
"chr5","142198598","142198732","KN296507v1","495303","495440","38","141703295"
"chr5","142204982","142205126","KN295962v1","301451","301593","34","141903531"
"chr5","142205425","142205575","KN296430v1","657700","657839","44","141547725"
"chr5","142217988","142218120","KN295236v1","3389355","3389487","21","138828633"
"chr5","142222271","142222558","KN297144v1","1140692","1140983","61","141081579"
"chr5","142242893","142243192","KN295591v1","745641","745936","59","141497252"
"chr5","142249136","142249265","KN295038v1","662635","662766","20","141586501"
"chr5","142259583","142259894","KN294235v1","931500","931806","59","141328083"
"chr5","142293230","142293515","KN294848v1","912345","912627","52","141380885"
"chr5","142304022","142304310","KN297245v1","2643569","2643867","74","139660453"
"chr5","142317251","142317564","KN296247v1","558050","558361","77","141759201"
"chr5","142318403","142318660","KN295368v1","1758821","1759080","69","140559582"
"chr5","142339764","142339888","KN295236v1","1410381","1410504","21","140929383"
"chr5","142339935","142340158","KN295907v1","1881697","1881898","64","140458238"
"chr5","142344656","142344780","KN296508v1","1920097","1920221","16","140424559"
"chr5","142352084","142352322","KN296322v1","996547","996792","54","141355537"
"chr5","142402972","142403219","KN294540v1","304834","305092","64","142098138"
"chr5","142423456","142423466","KN294239v1","2247210","2247221","3","140176246"
"chr5","142423495","142423766","KN297083v1","884184","884460","56","141539311"
"chr5","142451428","142451655","KN294539v1","1644757","1644978","52","140806671"
"chr5","142479589","142479701","KN294992v1","21157","21268","21","142458432"
"chr5","142480064","142480253","KN296225v1","700456","700642","47","141779608"
"chr5","142488197","142488497","KN294564v1","37431","37732","73","142450766"
"chr5","142491725","142491848","KN295907v1","2517604","2517725","20","139974121"
"chr5","142501378","142501681","KN295923v1","1816435","1816737","65","140684943"
"chr5","142512732","142513054","KN297046v1","2797058","2797375","63","139715674"
"chr5","142526863","142527149","KN296404v1","3404152","3404452","64","139122711"
"chr5","142546710","142546784","KN297442v1","2254133","2254201","19","140292577"
"chr5","142585810","142586094","KN296311v1","7907830","7908116","61","134677980"
"chr5","142594308","142594590","KN297229v1","286014","286307","65","142308294"
"chr5","142595709","142596013","KN297154v1","1589984","1590287","48","141005725"
"chr5","142603941","142604268","KN294462v1","456713","457026","61","142147228"
"chr5","142682742","142682863","KN295315v1","1181192","1181314","19","141501550"
"chr5","142695289","142695464","KN295294v1","3016561","3016742","28","139678728"
"chr5","142695505","142695538","KN296153v1","3871150","3871183","5","138824355"
"chr5","142720358","142720666","KN296820v1","1044469","1044776","63","141675889"
"chr5","142739058","142739162","KN295923v1","1839535","1839639","20","140899523"
"chr5","142755789","142756071","KN295744v1","217379","217658","52","142538410"
"chr5","142759890","142760037","KN295350v1","21203","21351","27","142738687"
"chr5","142760335","142760437","KN294591v1","348183","348284","28","142412152"
"chr5","142771147","142771351","KN295633v1","1581068","1581277","38","141190079"
"chr5","142852201","142852489","KN294703v1","201739","202037","75","142650462"
"chr5","142866186","142866383","KN296009v1","1255946","1256144","46","141610240"
"chr5","142880971","142881210","KN296508v1","1348160","1348369","81","141532811"
"chr5","142886500","142886747","KN294456v1","16408","16653","61","142870092"
"chr5","142928176","142928503","KN294510v1","40752","41080","66","142887424"
"chr5","142933773","142934061","KN294172v1","439163","439451","46","142494610"
"chr5","142939766","142940057","KN294613v1","72863","73148","57","142866903"
"chr5","142945876","142946190","KN297197v1","4075113","4075418","66","138870763"
"chr5","142954936","142955214","KN296158v1","1169176","1169447","62","141785760"
"chr5","143006441","143006732","KN295591v1","745641","745936","62","142260800"
"chr5","143011162","143011383","KN294407v1","1452598","1452825","45","141558564"
"chr5","143083680","143083795","KN294172v1","6000566","6000683","15","137083114"
"chr5","143109083","143109374","KN294365v1","870818","871103","68","142238265"
"chr5","143147106","143147377","KN297458v1","490593","490855","56","142656513"
"chr5","143157756","143158049","KN297320v1","1234476","1234772","48","141923280"
"chr5","143247129","143247424","KN294172v1","2208044","2208337","61","141039085"
"chr5","143262123","143262426","KN296096v1","2297832","2298124","58","140964291"
"chr5","143284388","143284677","KN295326v1","120866","121157","54","143163522"
"chr5","143300174","143300321","KN297332v1","243297","243443","30","143056877"
"chr5","143304048","143304361","KN296879v1","417388","417697","66","142886660"
"chr5","143443513","143443796","KN295523v1","2851176","2851466","49","140592337"
"chr5","143451809","143452107","KN294501v1","4343250","4343555","65","139108559"
"chr5","143462548","143462835","KN294848v1","191607","191898","56","143270941"
"chr5","143465771","143466105","KN294510v1","40752","41080","77","143425019"
"chr5","143472123","143472412","KN294591v1","276205","276486","61","143195918"
"chr5","143492757","143493083","KN294451v1","394624","394939","69","143098133"
"chr5","143516368","143516693","KN296311v1","5758888","5759199","71","137757480"
"chr5","143522594","143522790","KN294966v1","36435","36633","39","143486159"
"chr5","143532580","143532874","KN294539v1","1350436","1350725","59","142182144"
"chr5","143541795","143541976","KN295988v1","825364","825541","47","142716431"
"chr5","143572495","143572759","KN296096v1","1827942","1828211","62","141744553"
"chr5","143594346","143594621","KN297442v1","1544491","1544771","64","142049855"
"chr5","143599513","143599615","KN297242v1","1477736","1477822","28","142121777"
"chr5","143610589","143610890","KN296442v1","645307","645608","58","142965282"
"chr5","143642687","143643007","KN296879v1","704052","704376","62","142938635"
"chr5","143662114","143662246","KN296153v1","4056226","4056349","25","139605888"
"chr5","143681112","143681376","KN294470v1","996113","996370","54","142684999"
"chr5","143682109","143682200","KN295236v1","4571660","4571744","26","139110449"
"chr5","143701647","143701953","KN295725v1","1708402","1708708","62","141993245"
"chr5","143706810","143707108","KN297245v1","1626619","1626910","62","142080191"
"chr5","143708984","143709207","KN296486v1","1003570","1003799","61","142705414"
"chr5","143721939","143722183","KN296322v1","996547","996792","49","142725392"
"chr5","143738200","143738511","KN295477v1","59590","59893","74","143678610"
"chr5","143739004","143739307","KN294410v1","7012","7319","52","143731992"
"chr5","143741415","143741614","KN297019v1","41108","41306","34","143700307"
"chr5","143743648","143743929","KN294172v1","6667218","6667506","58","137076430"
"chr5","143767548","143767846","KN297215v1","30442","30741","58","143737106"
"chr5","143773318","143773630","KN296247v1","558050","558361","74","143215268"
"chr5","143800719","143800975","KN296096v1","2485316","2485572","48","141315403"
"chr5","143805796","143806097","KN295705v1","491920","492220","52","143313876"
"chr5","143833536","143833737","KN297205v1","398132","398329","51","143435404"
"chr5","143834411","143834682","KN295573v1","1191979","1192253","71","142642432"
"chr5","143859327","143859521","KN294571v1","700225","700427","44","143159102"
"chr5","143866901","143867193","KN294879v1","355280","355576","60","143511621"
"chr5","143878132","143878426","KN297215v1","30442","30741","63","143847690"
"chr5","143894056","143894214","KN296311v1","7102036","7102193","31","136792020"
"chr5","143894520","143894623","KN294728v1","693911","694004","40","143200609"
"chr5","143912730","143913018","KN294187v1","1355892","1356185","54","142556838"
"chr5","143925839","143926124","KN296311v1","7907830","7908116","52","136018009"
"chr5","143958346","143958614","KN295814v1","1102555","1102837","63","142855791"
"chr5","144017151","144017466","KN297008v1","1477900","1478200","63","142539251"
"chr5","144019799","144020113","KN294182v1","213479","213790","54","143806320"
"chr5","144060398","144060697","KN296486v1","1550068","1550366","60","142510330"
"chr5","144087304","144087471","KN294710v1","128924","129084","30","143958380"
"chr5","144087773","144087920","KN295523v1","4115330","4115473","23","139972443"
"chr5","144130028","144130305","KN296205v1","945032","945303","73","143184996"
"chr5","144174576","144174882","KN296486v1","1505649","1505946","63","142668927"
"chr5","144206865","144207197","KN294630v1","516314","516631","77","143690551"
"chr5","144232717","144232841","KN295965v1","146854","146987","25","144085863"
"chr5","144240169","144240303","KN294410v1","495531","495660","22","143744638"
"chr5","144250018","144250276","KN297159v1","930879","931145","84","143319139"
"chr5","144250317","144250568","KN295174v1","603934","604188","61","143646383"
"chr5","144276153","144276282","KN295352v1","230634","230767","40","144045519"
"chr5","144276535","144276733","KN294407v1","2665840","2666044","53","141610695"
"chr5","144279691","144279990","KN294592v1","1072173","1072464","61","143207518"
"chr5","144339550","144339828","KN295962v1","1969536","1969818","51","142370014"
"chr5","144420334","144420636","KN295923v1","1997557","1997864","53","142422777"
"chr5","144461126","144461472","KN296311v1","7505676","7506000","94","136955450"
"chr5","144483997","144484080","KN297180v1","2004742","2004823","13","142479255"
"chr5","144539753","144540044","KN294842v1","344204","344506","69","144195549"
"chr5","144587296","144587597","KN295967v1","890750","891049","54","143696546"
"chr5","144608133","144608448","KN294499v1","1161818","1162128","70","143446315"
"chr5","144624217","144624518","KN296503v1","497181","497492","58","144127036"
"chr5","144636841","144636923","KN295362v1","1240135","1240215","16","143396706"
"chr5","144735821","144736117","KN295405v1","143132","143424","59","144592689"
"chr5","144746423","144746654","KN295667v1","1899004","1899237","47","142847419"
"chr5","144771178","144771468","KN294478v1","119569","119854","71","144651609"
"chr5","144774647","144774923","KN294848v1","1376766","1377061","73","143397881"
"chr5","144826283","144826587","KN294257v1","2271748","2272051","52","142554535"
"chr5","144839563","144839858","KN296864v1","3187581","3187876","56","141651982"
"chr5","144903205","144903508","KN296404v1","3404152","3404452","59","141499053"
"chr5","144920455","144920578","KN296635v1","3217118","3217242","15","141703337"
"chr5","144934212","144934294","KN295801v1","958022","958105","12","143976190"
"chr5","144997130","144997422","KN295596v1","3213778","3214087","69","141783352"
"chr5","145056423","145056589","KN294824v1","125805","125964","41","144930618"
"chr5","145119802","145120088","KN296192v1","92276","92563","55","145027526"
"chr5","145237217","145237522","KN295320v1","99717","100027","59","145137500"
"chr5","145255219","145255335","KN296701v1","49738","49853","20","145205481"
"chr5","145391529","145391765","KN297197v1","1590691","1590924","51","143800838"
"chr5","145420524","145420823","KN294705v1","773441","773753","58","144647083"
"chr5","145454657","145454761","KN295930v1","887615","887719","14","144567042"
"chr5","145605107","145605374","KN294848v1","912345","912627","64","144692762"
"chr5","145619016","145619314","KN295548v1","858186","858487","74","144760830"
"chr5","145654633","145654936","KN296864v1","3187581","3187876","61","142467052"
"chr5","145708778","145709073","KN295304v1","712822","713119","62","144995956"
"chr5","145718514","145718800","KN295459v1","986871","987146","62","144731643"
"chr5","145811075","145811389","KN295667v1","676400","676706","69","145134675"
"chr5","145948598","145948884","KN295110v1","75714","75989","75","145872884"
"chr5","146177092","146177199","KN295294v1","2805138","2805246","23","143371954"
"chr5","146177245","146177392","KN294416v1","523528","523668","58","145653717"
"chr5","146243960","146244273","KN294874v1","1509951","1510269","82","144734009"
"chr5","146344725","146345008","KN294911v1","2849403","2849672","75","143495322"
"chr5","146433258","146433530","KN295077v1","553300","553576","84","145879958"
"chr5","146438499","146438765","KN297112v1","4238124","4238391","66","142200375"
"chr5","146459028","146459312","KN296253v1","124488","124776","55","146334540"
"chr5","146504320","146504606","KN295708v1","1282687","1282976","59","145221633"
"chr5","146508956","146509126","KN295722v1","2530724","2530897","34","143978232"
"chr5","146509170","146509286","KN295666v1","605491","605605","17","145903679"
"chr5","146597257","146597503","KN294900v1","1336974","1337222","66","145260283"
"chr5","146653772","146654068","KN296225v1","775732","776029","73","145878040"
"chr5","146724984","146725276","KN294287v1","73551","73836","64","146651433"
"chr5","146740712","146740977","KN294446v1","541167","541439","62","146199545"
"chr5","146762167","146762457","KN294911v1","4613666","4613956","69","142148501"
"chr5","146795053","146795328","KN296625v1","812170","812461","38","145982883"
"chr5","146960871","146961169","KN296625v1","153154","153447","57","146807717"
"chr5","146963059","146963284","KN296062v1","792185","792413","49","146170874"
"chr5","147158731","147159022","KN296625v1","444696","444990","20","146714035"
"chr5","147197984","147198243","KN295977v1","1140774","1141022","58","146057210"
"chr5","147226855","147227075","KN294964v1","443494","443707","46","146783361"
"chr5","147234781","147235044","KN296625v1","360448","360705","42","146874333"
"chr5","147273185","147273489","KN296625v1","325084","325390","30","146948101"
"chr5","147275892","147276152","KN296625v1","322337","322607","30","146953555"
"chr5","147281449","147281771","KN297327v1","998942","999237","76","146282507"
"chr5","147301863","147302158","KN296625v1","296670","296954","39","147005193"
"chr5","147351738","147351953","KN296625v1","243936","244159","17","147107802"
"chr5","147366653","147366959","KN296625v1","235059","235364","16","147131594"
"chr5","147376402","147376696","KN296625v1","223577","223868","35","147152825"
"chr5","147395640","147395948","KN296261v1","154638","154947","50","147241002"
"chr5","147409053","147409201","KN296625v1","193635","193783","12","147215418"
"chr5","147424820","147424974","KN295586v1","3253879","3254033","27","144170941"
"chr5","147433817","147433973","KN294325v1","169199","169356","29","147264618"
"chr5","147449102","147449393","KN296625v1","153154","153447","21","147295948"
"chr5","147510731","147511024","KN294825v1","410352","410642","62","147100379"
"chr5","147571452","147571685","KN295596v1","2272427","2272679","68","145299025"
"chr5","147595382","147595687","KN296625v1","3215","3537","46","147592167"
"chr5","147603937","147604061","KN294470v1","3193450","3193576","20","144410487"
"chr5","147657096","147657401","KN296153v1","446644","446949","57","147210452"
"chr5","147660998","147661287","KN295090v1","2290575","2290869","56","145370423"
"chr5","147682460","147682590","KN295022v1","392839","392970","25","147289621"
"chr5","147691136","147691455","KN296864v1","3265179","3265496","66","144425957"
"chr5","147707356","147707650","KN294591v1","454653","454960","78","147252703"
"chr5","147730557","147730836","KN294668v1","2036352","2036641","68","145694205"
"chr5","147815562","147815804","KN296311v1","8417970","8418204","54","139397592"
"chr5","147820618","147820936","KN294592v1","451567","451869","68","147369051"
"chr5","147839692","147839994","KN296004v1","418315","418622","73","147421377"
"chr5","147865194","147865386","KN295368v1","966556","966743","58","146898638"
"chr5","147868020","147868286","KN295898v1","722107","722369","53","147145913"
"chr5","147937757","147938043","KN295963v1","440813","441095","68","147496944"
"chr5","147948415","147948689","KN295161v1","307562","307846","66","147640853"
"chr5","147957580","147957759","KN297452v1","2484219","2484413","55","145473361"
"chr5","147977887","147978202","KN295962v1","680137","680445","82","147297750"
"chr5","147992723","147992870","KN294911v1","1987810","1987955","34","146004913"
"chr5","147995556","147995855","KN295045v1","414971","415269","49","147580585"
"chr5","148028682","148028808","KN295236v1","3389355","3389487","25","144639327"
"chr5","148187877","148188169","KN294521v1","511105","511400","54","147676772"
"chr5","148218020","148218299","KN294187v1","1468090","1468369","60","146749930"
"chr5","148573853","148574041","KN295174v1","15555","15755","45","148558298"
"chr5","148604033","148604179","KN294917v1","618414","618556","36","147985619"
"chr5","148604233","148604394","KN295041v1","156775","156922","43","148447458"
"chr5","148661296","148661605","KN295198v1","732912","733220","62","147928384"
"chr5","148671544","148671866","KN296153v1","2259272","2259589","65","146412272"
"chr5","148729799","148730087","KN295371v1","1154164","1154441","64","147575635"
"chr5","148764362","148764614","KN296188v1","322316","322574","73","148442046"
"chr5","148771163","148771491","KN296442v1","645307","645608","79","148125856"
"chr5","148776073","148776296","KN294790v1","2745302","2745512","57","146030771"
"chr5","148777910","148778211","KN294260v1","1270327","1270620","65","147507583"
"chr5","148811426","148811577","KN297154v1","119862","120012","30","148691564"
"chr5","148822135","148822416","KN294208v1","701963","702240","62","148120172"
"chr5","148833334","148833610","KN294416v1","508964","509244","62","148324370"
"chr5","148923469","148923779","KN296247v1","558050","558361","66","148365419"
"chr5","148952665","148952971","KN295293v1","281183","281490","73","148671482"
"chr5","148999645","148999923","KN294650v1","643029","643306","70","148356616"
"chr5","149001507","149001784","KN297227v1","631351","631627","66","148370156"
"chr5","149042874","149043176","KN296404v1","3404152","3404452","54","145638722"
"chr5","149148999","149149115","KN296311v1","6570551","6570668","21","142578448"
"chr5","149149141","149149297","KN297274v1","1194030","1194181","37","147955111"
"chr5","149249855","149250143","KN296538v1","1127756","1128027","59","148122099"
"chr5","149263454","149263763","KN295995v1","1607251","1607558","64","147656203"
"chr5","149352954","149353259","KN294570v1","142036","142343","54","149210918"
"chr5","149433839","149434146","KN296062v1","170909","171224","63","149262930"
"chr5","149536719","149537011","KN296145v1","2675914","2676203","66","146860805"
"chr5","149550006","149550318","KN294527v1","284644","284953","71","149265362"
"chr5","149565326","149565628","KN296180v1","189638","189938","62","149375688"
"chr5","149566708","149566983","KN295523v1","2963007","2963274","56","146603701"
"chr5","149611021","149611302","KN296153v1","991178","991456","71","148619843"
"chr5","149631287","149631413","KN296508v1","1920097","1920221","19","147711190"
"chr5","149835981","149836236","KN294978v1","970218","970485","75","148865763"
"chr5","149859881","149860191","KN294705v1","773441","773753","62","149086440"
"chr5","149958621","149958888","KN295405v1","742413","742688","63","149216208"
"chr5","150135332","150135614","KN296011v1","22349","22634","62","150112983"
"chr5","150206424","150206676","KN295671v1","208977","209224","67","149997447"
"chr5","150217244","150217538","KN296404v1","3404152","3404452","57","146813092"
"chr5","150279862","150280173","KN295962v1","515514","515803","60","149764348"
"chr5","150350125","150350400","KN296263v1","72979","73261","58","150277146"
"chr5","150386483","150386625","KN295319v1","47049","47194","33","150339434"
"chr5","150538387","150538690","KN294457v1","2853333","2853626","78","147685054"
"chr5","150700383","150700697","KN294630v1","741362","741665","66","149959021"
"chr5","150745750","150746048","KN294478v1","119569","119854","63","150626181"
"chr5","150812271","150812562","KN296538v1","1793220","1793524","53","149019051"
"chr5","150824125","150824435","KN296119v1","5385215","5385515","66","145438910"
"chr5","150855126","150855461","KN294446v1","537380","537697","77","150317746"
"chr5","150867350","150867529","KN294345v1","1816641","1816824","47","149050709"
"chr5","150880602","150880867","KN296270v1","714349","714618","51","150166253"
"chr5","150903374","150903585","KN294842v1","652037","652250","47","150251337"
"chr5","150916003","150916313","KN295717v1","2242301","2242589","72","148673702"
"chr5","150937241","150937557","KN294848v1","912345","912627","85","150024896"
"chr5","150961041","150961342","KN296547v1","714962","715267","81","150246079"
"chr5","150973793","150974011","KN296743v1","1806363","1806578","47","149167430"
"chr5","150990201","150990320","KN296508v1","1471455","1471571","18","149518746"
"chr5","151002214","151002425","KN295174v1","15555","15755","42","150986659"
"chr5","151005632","151005920","KN297153v1","499405","499710","59","150506227"
"chr5","151022919","151023176","KN296263v1","783377","783628","62","150239542"
"chr5","151023310","151023463","KN297154v1","276434","276580","27","150746876"
"chr5","151023788","151023933","KN296311v1","4579703","4579850","27","146444085"
"chr5","151029103","151029410","KN294181v1","1118071","1118371","54","149911032"
"chr5","151048996","151049228","KN295820v1","1012976","1013217","65","150036020"
"chr5","151078848","151078869","KN294991v1","1075467","1075488","4","150003381"
"chr5","151078907","151079178","KN296036v1","998342","998618","68","150080565"
"chr5","151093804","151094079","KN297078v1","797837","798110","71","150295967"
"chr5","151105157","151105452","KN295102v1","76706","77002","54","151028451"
"chr5","151117739","151118060","KN296062v1","170909","171224","70","150946830"
"chr5","151128826","151129134","KN296503v1","189807","190115","68","150939019"
"chr5","151130376","151130662","KN294470v1","409257","409539","66","150721119"
"chr5","151141527","151141688","KN294842v1","1734120","1734271","42","149407407"
"chr5","151150006","151150193","KN294964v1","559565","559756","48","150590441"
"chr5","151154877","151155089","KN295923v1","666673","666896","49","150488204"
"chr5","151193954","151194240","KN296528v1","1409160","1409450","56","149784794"
"chr5","151201559","151201801","KN295045v1","1359022","1359261","56","149842537"
"chr5","151260063","151260377","KN294373v1","87099","87406","69","151172964"
"chr5","151289758","151290071","KN294181v1","481862","482169","64","150807896"
"chr5","151294895","151295192","KN295667v1","1243145","1243443","52","150051750"
"chr5","151301281","151301528","KN295984v1","1267022","1267271","52","150034259"
"chr5","151306771","151307071","KN296743v1","1343857","1344154","60","149962914"
"chr5","151307626","151307796","KN295038v1","1326980","1327144","43","149980646"
"chr5","151315193","151315473","KN296308v1","1298249","1298517","54","150016944"
"chr5","151323259","151323549","KN296538v1","1363005","1363297","67","149960254"
"chr5","151342944","151343169","KN294961v1","63682","63896","27","151279262"
"chr5","151343307","151343489","KN294372v1","52066","52244","49","151291241"
"chr5","151349809","151350130","KN294961v1","54270","54579","29","151295539"
"chr5","151351253","151351385","KN294961v1","52673","52803","9","151298580"
"chr5","151364141","151364422","KN294961v1","40452","40715","34","151323689"
"chr5","151386157","151386452","KN294961v1","19175","19478","29","151366982"
"chr5","151387029","151387337","KN294961v1","18290","18602","21","151368739"
"chr5","151388594","151388902","KN296063v1","924974","925273","68","150463620"
"chr5","151400348","151400648","KN294961v1","1715","2016","22","151398633"
"chr5","151403998","151404292","KN297153v1","2725","3021","23","151401273"
"chr5","151414443","151414735","KN297153v1","12565","12865","26","151401878"
"chr5","151433237","151433547","KN297153v1","32694","32986","29","151400543"
"chr5","151434413","151434546","KN297153v1","34213","34346","22","151400200"
"chr5","151449523","151449583","KN297112v1","4099818","4099877","14","147349705"
"chr5","151459162","151459456","KN297153v1","58621","58922","29","151400541"
"chr5","151471077","151471307","KN296453v1","688371","688584","65","150782706"
"chr5","151485353","151485659","KN297153v1","84434","84741","28","151400919"
"chr5","151535268","151535570","KN296864v1","1090936","1091233","68","150444332"
"chr5","151628528","151628582","KN297153v1","229170","229224","6","151399358"
"chr5","151644268","151644459","KN297153v1","245136","245324","17","151399132"
"chr5","151698692","151698908","KN294451v1","720884","721099","46","150977808"
"chr5","151751888","151752165","KN296649v1","472625","472901","60","151279263"
"chr5","151777610","151777919","KN297153v1","383340","383654","18","151394270"
"chr5","151789772","151790072","KN297153v1","395920","396208","30","151393852"
"chr5","151795181","151795395","KN297153v1","401319","401522","22","151393862"
"chr5","151799388","151799510","KN297138v1","350485","350608","22","151448903"
"chr5","151844901","151845216","KN297153v1","451859","452168","21","151393042"
"chr5","151845507","151845803","KN297153v1","452478","452790","49","151393029"
"chr5","151850820","151851118","KN296864v1","2671170","2671461","58","149179650"
"chr5","151871109","151871390","KN297153v1","474295","474564","42","151396814"
"chr5","151871421","151871713","KN294630v1","741362","741665","64","151130059"
"chr5","151895809","151896107","KN297153v1","499405","499710","23","151396404"
"chr5","151945415","151945699","KN297153v1","551017","551315","50","151394398"
"chr5","151962004","151962302","KN297153v1","567701","567996","33","151394303"
"chr5","151977531","151977807","KN297153v1","581571","581872","47","151395960"
"chr5","151989769","151990058","KN297153v1","594404","594691","14","151395365"
"chr5","151996825","151996980","KN294583v1","175792","175955","34","151821033"
"chr5","152009064","152009385","KN297153v1","614215","614535","14","151394849"
"chr5","152137348","152137464","KN297153v1","746360","746464","19","151390988"
"chr5","152143693","152143979","KN297153v1","752636","752930","31","151391057"
"chr5","152151104","152151400","KN297153v1","760918","761177","55","151390186"
"chr5","152170339","152170409","KN297153v1","780372","780441","4","151389967"
"chr5","152170425","152170722","KN297153v1","780458","780756","20","151389967"
"chr5","152223178","152223473","KN297153v1","823804","824091","40","151399374"
"chr5","152234256","152234379","KN294848v1","271065","271189","16","151963191"
"chr5","152401554","152401841","KN295987v1","623039","623321","63","151778515"
"chr5","152470853","152471143","KN297153v1","1010707","1010986","31","151460146"
"chr5","152473549","152473800","KN295708v1","1609859","1610115","51","150863690"
"chr5","152480100","152480443","KN297153v1","1019962","1020306","26","151460138"
"chr5","152503102","152503397","KN297153v1","1044182","1044469","33","151458920"
"chr5","152527091","152527374","KN297153v1","1067497","1067785","34","151459594"
"chr5","152541040","152541288","KN295814v1","1384290","1384536","54","151156750"
"chr5","152547550","152547716","KN296859v1","1957253","1957418","26","150590297"
"chr5","152548021","152548155","KN295533v1","2521869","2522001","19","150026152"
"chr5","152559466","152559788","KN297153v1","1100821","1101130","36","151458645"
"chr5","152569901","152570024","KN294848v1","271065","271189","19","152298836"
"chr5","152596956","152597206","KN297153v1","1140136","1140386","21","151456820"
"chr5","152620397","152620701","KN297153v1","1163490","1163796","31","151456907"
"chr5","152630665","152630948","KN297153v1","1172951","1173242","29","151457714"
"chr5","152652653","152652864","KN297153v1","1195758","1195968","16","151456895"
"chr5","152655612","152655924","KN296096v1","2975388","2975700","73","149680224"
"chr5","152682201","152682349","KN297153v1","1225671","1225819","8","151456530"
"chr5","152688878","152689163","KN297153v1","1232760","1233036","22","151456118"
"chr5","152693966","152694198","KN296698v1","54551","54784","47","152639415"
"chr5","152714057","152714341","KN295365v1","618540","618829","51","152095517"
"chr5","152719067","152719363","KN294630v1","741362","741665","59","151977705"
"chr5","152759356","152759671","KN297153v1","1302600","1302900","44","151456756"
"chr5","152766431","152766740","KN294172v1","5020910","5021225","60","147745521"
"chr5","152786271","152786540","KN297153v1","1334039","1334309","17","151452232"
"chr5","152796988","152797254","KN297153v1","1345137","1345402","14","151451851"
"chr5","152800118","152800406","KN297153v1","1348689","1348978","45","151451429"
"chr5","152800632","152800732","KN295633v1","246222","246318","23","152554410"
"chr5","152825926","152826218","KN296253v1","124488","124776","53","152701438"
"chr5","152847278","152847575","KN297153v1","1390579","1390880","25","151456699"
"chr5","152866554","152866734","KN296516v1","90751","90927","45","152775803"
"chr5","152973558","152973718","KN297453v1","226938","227104","34","152746620"
"chr5","153006156","153006455","KN297320v1","1234476","1234772","54","151771680"
"chr5","153016515","153016813","KN296503v1","548953","549247","56","152467562"
"chr5","153072145","153072322","KN296945v1","18605","18773","43","153053540"
"chr5","153075899","153076188","KN296406v1","283606","283899","66","152792293"
"chr5","153078703","153079007","KN296406v1","163962","164264","57","152914741"
"chr5","153081134","153081307","KN296119v1","4451319","4451488","42","148629815"
"chr5","153143009","153143286","KN294630v1","338170","338446","63","152804839"
"chr5","153145791","153146066","KN294733v1","143432","143710","49","153002359"
"chr5","153157407","153157714","KN296547v1","285164","285470","55","152872243"
"chr5","153162908","153163207","KN294570v1","165105","165399","57","152997803"
"chr5","153168664","153168936","KN294911v1","2849403","2849672","61","150319261"
"chr5","153187823","153188106","KN294921v1","698435","698725","59","152489388"
"chr5","153210081","153210319","KN296195v1","16893","17114","61","153193188"
"chr5","153213935","153214173","KN295294v1","1098316","1098559","56","152115619"
"chr5","153224650","153224937","KN294747v1","619092","619383","57","152605558"
"chr5","153234876","153235183","KN294396v1","326030","326339","57","152908846"
"chr5","153250150","153250280","KN295533v1","2521869","2522001","20","150728281"
"chr5","153300911","153301187","KN294650v1","643029","643306","61","152657882"
"chr5","153431927","153432216","KN294199v1","305507","305790","55","153126420"
"chr5","153503008","153503095","KN295174v1","668635","668722","15","152834373"
"chr5","153596024","153596283","KN294911v1","2849403","2849672","57","150746621"
"chr5","153877303","153877596","KN295257v1","1229552","1229846","53","152647751"
"chr5","153997008","153997280","KN295361v1","506905","507171","65","153490103"
"chr5","154089682","154089890","KN295607v1","3825560","3825750","56","150264122"
"chr5","154250562","154250788","KN295038v1","58067","58313","63","154192495"
"chr5","154262745","154263025","KN296244v1","242737","243015","59","154020008"
"chr5","154459721","154460030","KN295550v1","212900","213210","73","154246821"
"chr5","154463330","154463625","KN295586v1","3098137","3098432","56","151365193"
"chr5","154571132","154571425","KN294526v1","792542","792829","71","153778590"
"chr5","154661112","154661425","KN295477v1","115402","115704","61","154545710"
"chr5","154801579","154801826","KN297259v1","1032601","1032857","58","153768978"
"chr5","154941117","154941241","KN296311v1","4447158","4447282","16","150493959"
"chr5","154976119","154976424","KN296406v1","163962","164264","59","154812157"
"chr5","155008673","155008985","KN296063v1","924974","925273","69","154083699"
"chr5","155035730","155035847","KN294998v1","84801","84917","19","154950929"
"chr5","155437181","155437309","KN295022v1","161799","161927","7","155275382"
"chr5","155455080","155455348","KN295022v1","180428","180696","10","155274652"
"chr5","155456976","155457132","KN295022v1","182376","182514","25","155274600"
"chr5","155457158","155457272","KN295022v1","182580","182698","11","155274578"
"chr5","155473641","155473763","KN295022v1","197977","198099","6","155275664"
"chr5","155473983","155474272","KN297118v1","105321","105593","89","155368662"
"chr5","155505411","155505716","KN295022v1","231400","231698","28","155274011"
"chr5","155547854","155548179","KN295022v1","275214","275530","29","155272640"
"chr5","155586581","155586902","KN295022v1","314323","314657","40","155272258"
"chr5","155612215","155612462","KN295022v1","340840","341127","47","155271375"
"chr5","155623951","155624257","KN295022v1","352501","352813","27","155271450"
"chr5","155642829","155642952","KN295022v1","371504","371628","9","155271325"
"chr5","155665056","155665338","KN295022v1","390597","390879","16","155274459"
"chr5","155667318","155667445","KN295022v1","392839","392970","13","155274479"
"chr5","155679306","155679457","KN295906v1","65918","66059","34","155613388"
"chr5","155682816","155683131","KN295022v1","407631","407945","22","155275185"
"chr5","155699427","155699726","KN294257v1","2403021","2403326","53","153296406"
"chr5","155704617","155704921","KN295022v1","431021","431319","18","155273596"
"chr5","155747418","155747708","KN295022v1","473246","473545","31","155274172"
"chr5","155793377","155793667","KN295022v1","520658","520947","18","155272719"
"chr5","155793847","155794162","KN295022v1","521429","521760","40","155272418"
"chr5","155821677","155821968","KN295022v1","549323","549616","17","155272354"
"chr5","155824815","155825120","KN295022v1","552738","553046","14","155272077"
"chr5","155855489","155855753","KN295022v1","583716","584006","40","155271773"
"chr5","155892886","155893201","KN295022v1","619312","619613","49","155273574"
"chr5","155898498","155898811","KN296096v1","2513544","2513844","58","153384954"
"chr5","155933237","155933533","KN295022v1","657675","657972","21","155275562"
"chr5","155949035","155949338","KN294848v1","46660","46962","52","155902375"
"chr5","155953300","155953593","KN296187v1","1283028","1283326","59","154670272"
"chr5","155953720","155954040","KN295022v1","679732","680031","47","155273988"
"chr5","155967578","155967729","KN295022v1","694041","694191","9","155273537"
"chr5","155967970","155967984","KN296732v1","2344906","2344922","3","153623064"
"chr5","155972109","155972370","KN295022v1","698586","698846","18","155273523"
"chr5","155981258","155981532","KN295022v1","707889","708149","28","155273369"
"chr5","155995776","155995880","KN296577v1","148286","148392","19","155847490"
"chr5","156012398","156012682","KN295022v1","741370","741677","43","155271028"
"chr5","156018536","156018844","KN294893v1","310445","310751","62","155708091"
"chr5","156068881","156069033","KN295022v1","783975","784127","9","155284906"
"chr5","156069333","156069405","KN296225v1","243537","243612","22","155825796"
"chr5","156085762","156085883","KN295022v1","805160","805276","14","155280602"
"chr5","156087797","156087894","KN295022v1","807512","807609","5","155280285"
"chr5","156092659","156092871","KN294966v1","36435","36633","51","156056224"
"chr5","156092881","156093097","KN295441v1","1067325","1067540","39","155025556"
"chr5","156093976","156094291","KN296062v1","170909","171224","75","155923067"
"chr5","156097299","156097504","KN294264v1","644801","644994","50","155452498"
"chr5","156117376","156117673","KN295022v1","836826","837126","23","155280550"
"chr5","156119885","156120192","KN294199v1","52670","52980","62","156067215"
"chr5","156124457","156124559","KN295022v1","844112","844215","12","155280345"
"chr5","156124851","156125024","KN295022v1","844508","844675","31","155280343"
"chr5","156132794","156132926","KN295022v1","853186","853318","7","155279608"
"chr5","156135328","156135513","KN296096v1","1598136","1598312","43","154537192"
"chr5","156135812","156135947","KN295022v1","856484","856619","8","155279328"
"chr5","156138965","156139088","KN295022v1","860381","860503","6","155278584"
"chr5","156139313","156139430","KN295022v1","860729","860846","7","155278584"
"chr5","156145767","156145885","KN296828v1","63127","63248","22","156082640"
"chr5","156146938","156147211","KN295022v1","867819","868093","23","155279119"
"chr5","156152217","156152365","KN295022v1","871921","872052","24","155280296"
"chr5","156163039","156163281","KN295236v1","6143167","6143408","56","150019872"
"chr5","156206221","156206539","KN295022v1","926717","927032","31","155279504"
"chr5","156220760","156220899","KN295022v1","940384","940526","8","155280376"
"chr5","156221192","156221381","KN295022v1","940827","940992","40","155280365"
"chr5","156223914","156224008","KN294758v1","1700740","1700833","16","154523174"
"chr5","156226649","156226944","KN295022v1","946860","947149","28","155279789"
"chr5","156227382","156227688","KN295022v1","947573","947882","32","155279809"
"chr5","156238800","156239002","KN296486v1","2066758","2066969","57","154172042"
"chr5","156242968","156243060","KN295022v1","962483","962575","12","155280485"
"chr5","156243357","156243535","KN295022v1","962871","963043","27","155280486"
"chr5","156244606","156244765","KN295022v1","964115","964257","35","155280491"
"chr5","156246090","156246385","KN295022v1","966058","966351","24","155280032"
"chr5","156250484","156250789","KN295022v1","970423","970722","34","155280061"
"chr5","156252257","156252546","KN295022v1","972551","972839","22","155279706"
"chr5","156268475","156268842","KN296138v1","47364","47687","119","156221111"
"chr5","156284010","156284106","KN295022v1","1007005","1007101","8","155277005"
"chr5","156287965","156288206","KN295022v1","1010530","1010781","33","155277435"
"chr5","156307913","156308150","KN295022v1","1031636","1031873","12","155276277"
"chr5","156313610","156313735","KN295022v1","1037400","1037530","12","155276210"
"chr5","156314031","156314346","KN295022v1","1037830","1038135","34","155276201"
"chr5","156325327","156325621","KN295022v1","1048511","1048802","21","155276816"
"chr5","156340764","156341019","KN295022v1","1063188","1063455","32","155277576"
"chr5","156341330","156341590","KN295022v1","1063687","1063944","29","155277643"
"chr5","156344490","156344606","KN295022v1","1066847","1066963","9","155277643"
"chr5","156359081","156359377","KN295022v1","1082104","1082393","26","155276977"
"chr5","156386571","156386834","KN295022v1","1110612","1110885","25","155275959"
"chr5","156399706","156399892","KN295022v1","1122739","1122923","30","155276967"
"chr5","156400201","156400314","KN297050v1","200352","200467","25","156199849"
"chr5","156420843","156421036","KN296119v1","5014833","5015017","38","151406010"
"chr5","156450792","156450941","KN295022v1","1176163","1176304","14","155274629"
"chr5","156451253","156451396","KN295022v1","1176610","1176752","20","155274643"
"chr5","156462882","156463161","KN295022v1","1186451","1186731","16","155276431"
"chr5","156497123","156497307","KN297038v1","350070","350253","50","156147053"
"chr5","156507136","156507434","KN295022v1","1229474","1229780","25","155277662"
"chr5","156559362","156559642","KN294287v1","73551","73836","59","156485811"
"chr5","156626506","156626795","KN296311v1","7907830","7908116","54","148718676"
"chr5","156696827","156696945","KN294874v1","248846","248962","18","156447981"
"chr5","156696973","156697165","KN294630v1","456616","456795","41","156240357"
"chr5","156703239","156703549","KN295236v1","3592130","3592428","69","153111109"
"chr5","156728366","156728634","KN295308v1","1970958","1971230","57","154757408"
"chr5","156897169","156897463","KN295962v1","459166","459462","71","156438003"
"chr5","157014116","157014389","KN295601v1","3005471","3005742","47","154008645"
"chr5","157141743","157142026","KN296145v1","1496963","1497260","68","155644780"
"chr5","157153939","157154218","KN294453v1","228935","229210","64","156925004"
"chr5","157162266","157162390","KN294172v1","7087082","7087205","22","150075184"
"chr5","157207168","157207463","KN296017v1","366720","367014","55","156840448"
"chr5","157251152","157251416","KN295755v1","34627","34899","63","157216525"
"chr5","157321406","157321699","KN296096v1","2297832","2298124","58","155023574"
"chr5","157321702","157321842","KN294630v1","59491","59629","32","157262211"
"chr5","157405321","157405627","KN296508v1","1810667","1810964","64","155594654"
"chr5","157414856","157415190","KN296761v1","306120","306447","80","157108736"
"chr5","157432470","157432781","KN294470v1","3146483","3146791","67","154285987"
"chr5","157479846","157480084","KN294539v1","1644757","1644978","58","155835089"
"chr5","157518628","157518938","KN296062v1","1199188","1199491","78","156319440"
"chr5","157527076","157527347","KN297108v1","431694","431964","66","157095382"
"chr5","157629350","157629637","KN294161v1","478321","478609","62","157151029"
"chr5","157645940","157646219","KN295974v1","2144445","2144723","59","155501495"
"chr5","157648270","157648555","KN295705v1","491920","492220","65","157156350"
"chr5","157685313","157685442","KN296311v1","2586649","2586774","26","155098664"
"chr5","157736274","157736585","KN295236v1","4498630","4498941","74","153237644"
"chr5","157857554","157857851","KN294842v1","1684116","1684415","65","156173438"
"chr5","157891863","157892139","KN294451v1","351575","351870","70","157540288"
"chr5","157963207","157963513","KN296247v1","558050","558361","66","157405157"
"chr5","158024425","158024710","KN296311v1","7907830","7908116","63","150116595"
"chr5","158080842","158081151","KN295041v1","370794","371104","62","157710048"
"chr5","158191334","158191593","KN294239v1","2112137","2112402","68","156079197"
"chr5","158212843","158213157","KN295995v1","780642","780953","58","157432201"
"chr5","158218618","158218817","KN294966v1","36435","36633","43","158182183"
"chr5","158232478","158232757","KN294304v1","28243","28516","60","158204235"
"chr5","158251844","158252116","KN294147v1","1650931","1651211","76","156600913"
"chr5","158253433","158253739","KN297319v1","214169","214469","59","158039264"
"chr5","158270958","158271255","KN295923v1","1997557","1997864","63","156273401"
"chr5","158274281","158274563","KN296938v1","886377","886649","66","157387904"
"chr5","158290730","158291019","KN295241v1","55670","55954","69","158235060"
"chr5","158297325","158297551","KN296311v1","6325763","6325994","52","151971562"
"chr5","158309888","158310083","KN295034v1","775856","776060","45","157534032"
"chr5","158365239","158365546","KN296486v1","1505649","1505946","64","156859590"
"chr5","158381829","158382116","KN296357v1","460477","460766","65","157921352"
"chr5","158383701","158383824","KN294345v1","1896097","1896220","21","156487604"
"chr5","158435073","158435307","KN296311v1","7978616","7978865","75","150456457"
"chr5","158436435","158436613","KN295236v1","4853017","4853181","44","153583418"
"chr5","158443065","158443368","KN295526v1","1096936","1097228","29","157346129"
"chr5","158449814","158449974","KN294536v1","447137","447293","38","158002677"
"chr5","158450913","158451111","KN296187v1","2477002","2477198","52","155973911"
"chr5","158451426","158451713","KN295526v1","1088867","1089153","30","157362559"
"chr5","158454853","158455040","KN295526v1","1085487","1085675","12","157369366"
"chr5","158455728","158456036","KN295526v1","1084565","1084879","35","157371163"
"chr5","159109764","159110011","KN295526v1","1070907","1071158","15","158038857"
"chr5","159111958","159112121","KN296225v1","409374","409542","44","158702584"
"chr5","159112383","159112488","KN295526v1","1068420","1068525","3","158043963"
"chr5","159115828","159116129","KN295526v1","1066752","1067055","27","158049076"
"chr5","159118595","159118704","KN295526v1","1064249","1064366","13","158054346"
"chr5","159119008","159119314","KN295526v1","1063632","1063947","29","158055376"
"chr5","159139071","159139152","KN294506v1","44399","44481","16","159094672"
"chr5","159139160","159139283","KN295533v1","2521869","2522001","22","156617291"
"chr5","159146764","159147090","KN296009v1","237346","237661","74","158909418"
"chr5","159147433","159147563","KN294220v1","51199","51323","25","159096234"
"chr5","159148136","159148270","KN296508v1","1569205","1569334","28","157578931"
"chr5","159148838","159149131","KN295526v1","1034419","1034714","20","158114419"
"chr5","159152468","159152740","KN295526v1","1029346","1029619","28","158123122"
"chr5","159157247","159157539","KN295526v1","1020420","1020707","45","158136827"
"chr5","159170541","159170681","KN295526v1","1008680","1008824","21","158161861"
"chr5","159176030","159176259","KN295526v1","1003624","1003799","63","158172406"
"chr5","159191220","159191393","KN295601v1","3019325","3019486","49","156171895"
"chr5","159193698","159193966","KN295526v1","982785","983068","35","158210913"
"chr5","159216042","159216317","KN295526v1","960488","960762","26","158255554"
"chr5","159236220","159236500","KN295352v1","216571","216847","54","159019649"
"chr5","159241052","159241351","KN295526v1","935438","935738","22","158305614"
"chr5","159247812","159248113","KN295526v1","928619","928930","41","158319193"
"chr5","159255227","159255405","KN295526v1","920844","921027","12","158334383"
"chr5","159265035","159265308","KN295526v1","910683","910978","40","158354352"
"chr5","159287691","159287984","KN297108v1","161849","162142","63","159125842"
"chr5","159310498","159310786","KN295526v1","864720","865007","22","158445778"
"chr5","159328144","159328440","KN297319v1","595563","595848","54","158732581"
"chr5","159355268","159355514","KN295526v1","820270","820520","20","158534998"
"chr5","159363888","159364184","KN295526v1","811277","811572","21","158552611"
"chr5","159479901","159480033","KN295526v1","691632","691766","14","158788269"
"chr5","159483171","159483452","KN295526v1","688152","688433","26","158795019"
"chr5","159492713","159492826","KN295523v1","4172732","4172844","23","155319981"
"chr5","159586619","159586921","KN295526v1","584273","584608","51","159002346"
"chr5","159618096","159618386","KN295526v1","555504","555800","17","159062592"
"chr5","159698648","159698961","KN295526v1","446009","446325","17","159252639"
"chr5","159700540","159700811","KN295526v1","444044","444316","14","159256496"
"chr5","159702205","159702389","KN295526v1","442273","442462","16","159259932"
"chr5","159703357","159703450","KN295526v1","441208","441301","5","159262149"
"chr5","159736298","159736595","KN295526v1","405678","405966","32","159330620"
"chr5","159778823","159779118","KN295526v1","363606","363908","33","159415217"
"chr5","159804806","159805110","KN295526v1","336404","336708","27","159468402"
"chr5","159827470","159827691","KN295526v1","312793","313012","26","159514677"
"chr5","159862531","159862817","KN295526v1","279206","279482","33","159583325"
"chr5","159872088","159872304","KN295526v1","269441","269663","34","159602647"
"chr5","159887190","159887413","KN294733v1","13674","13893","45","159873516"
"chr5","159889001","159889310","KN295526v1","256837","257150","34","159632164"
"chr5","159917139","159917433","KN295526v1","235534","235824","22","159681605"
"chr5","159928575","159928886","KN296079v1","1340626","1340932","56","158587949"
"chr5","159959961","159960265","KN295526v1","187418","187737","56","159772543"
"chr5","159969208","159969524","KN296880v1","377342","377659","69","159591866"
"chr5","159974136","159974417","KN295526v1","173899","174193","32","159800237"
"chr5","160014151","160014334","KN295705v1","1250776","1250962","44","158763375"
"chr5","160032235","160032547","KN295526v1","120561","120868","20","159911674"
"chr5","160048029","160048142","KN295526v1","104674","104782","8","159943355"
"chr5","160058353","160058652","KN295526v1","95551","95857","34","159962802"
"chr5","160070558","160070783","KN295526v1","83091","83322","25","159987467"
"chr5","160101783","160102064","KN297197v1","2390562","2390853","53","157711221"
"chr5","160179910","160180198","KN296980v1","32744","33031","25","160147166"
"chr5","160253639","160253955","KN296980v1","99730","100037","43","160153909"
"chr5","160329538","160329825","KN296980v1","181859","182154","33","160147679"
"chr5","160331361","160331657","KN296980v1","183678","183962","39","160147683"
"chr5","160560181","160560433","KN294291v1","861781","862027","50","159698400"
"chr5","160634932","160635239","KN296980v1","496050","496338","34","160138882"
"chr5","160673365","160673676","KN296980v1","536830","537140","31","160136535"
"chr5","160740890","160741183","KN296980v1","605759","606016","57","160135131"
"chr5","160753631","160753940","KN294540v1","924695","925004","61","159828936"
"chr5","160811457","160811740","KN296980v1","678997","679301","40","160132460"
"chr5","160826398","160826684","KN296980v1","694363","694670","38","160132035"
"chr5","160913707","160913888","KN294172v1","5059572","5059756","39","155854135"
"chr5","160913922","160914036","KN296955v1","341768","341883","17","160572154"
"chr5","160960521","160960646","KN296980v1","830709","830831","6","160129812"
"chr5","161090205","161090481","KN296980v1","964388","964648","41","160125817"
"chr5","161178956","161179239","KN296980v1","1059516","1059794","24","160119440"
"chr5","161198736","161199026","KN296980v1","1079257","1079549","31","160119479"
"chr5","161207078","161207311","KN294235v1","24606","24844","65","161182472"
"chr5","161230528","161230822","KN296980v1","1111437","1111733","25","160119091"
"chr5","161247720","161248000","KN296040v1","768698","768994","75","160479022"
"chr5","161253575","161253870","KN296873v1","356961","357258","22","160896614"
"chr5","161260064","161260356","KN296873v1","350447","350739","14","160909617"
"chr5","161279837","161280134","KN296873v1","330409","330697","27","160949428"
"chr5","161323819","161324030","KN296873v1","281963","282170","19","161041856"
"chr5","161329606","161329923","KN296873v1","276059","276377","28","161053547"
"chr5","161355757","161355996","KN296873v1","249995","250196","53","161105762"
"chr5","161362556","161362846","KN296873v1","242392","242684","19","161120164"
"chr5","161363401","161363684","KN296873v1","241550","241842","27","161121851"
"chr5","161430542","161430814","KN296873v1","188215","188492","24","161242327"
"chr5","161448296","161448602","KN296547v1","285164","285470","54","161163132"
"chr5","161475136","161475253","KN295984v1","1785607","1785725","18","159689529"
"chr5","161525312","161525599","KN295045v1","414971","415269","61","161110341"
"chr5","161543394","161543608","KN294239v1","375904","376124","48","161167490"
"chr5","161543645","161543818","KN297343v1","490978","491165","52","161052667"
"chr5","161613387","161613682","KN296873v1","8219","8517","34","161605168"
"chr5","161829308","161829401","KN296507v1","207598","207700","15","161621710"
"chr5","161939128","161939434","KN296507v1","320749","321059","38","161618379"
"chr5","161975690","161975822","KN296153v1","1492300","1492433","22","160483390"
"chr5","161986012","161986136","KN296507v1","368379","368503","6","161617633"
"chr5","161993103","161993350","KN296507v1","375966","376210","33","161617137"
"chr5","161997987","161998289","KN296507v1","380855","381160","29","161617132"
"chr5","162006709","162006931","KN296507v1","389687","389909","10","161617022"
"chr5","162010072","162010380","KN294235v1","931500","931806","65","161078572"
"chr5","162011343","162011641","KN296507v1","394708","395013","37","161616635"
"chr5","162014614","162014932","KN296153v1","165039","165335","80","161849575"
"chr5","162030085","162030311","KN294407v1","2671849","2672082","50","159358236"
"chr5","162047316","162047626","KN295548v1","858186","858487","81","161189130"
"chr5","162052627","162052688","KN294372v1","1683165","1683233","15","160369462"
"chr5","162061675","162061971","KN296507v1","446619","446910","24","161615056"
"chr5","162063769","162064076","KN296507v1","448709","448999","46","161615060"
"chr5","162070580","162070850","KN296507v1","455161","455431","17","161615419"
"chr5","162074115","162074391","KN296507v1","458760","459046","33","161615355"
"chr5","162077511","162077826","KN296507v1","462136","462437","30","161615375"
"chr5","162093523","162093816","KN297112v1","5241747","5242033","73","156851776"
"chr5","162094400","162094696","KN296507v1","482170","482464","23","161612230"
"chr5","162096466","162096775","KN296507v1","484231","484545","25","161612235"
"chr5","162104279","162104537","KN295236v1","1037218","1037472","57","161067061"
"chr5","162107927","162108066","KN296507v1","495303","495440","13","161612624"
"chr5","162111429","162111689","KN296507v1","499566","499852","50","161611863"
"chr5","162118217","162118356","KN295533v1","2521869","2522001","29","159596348"
"chr5","162118646","162118823","KN295586v1","5523440","5523604","44","156595206"
"chr5","162121328","162121408","KN296507v1","513430","513511","5","161607898"
"chr5","162153125","162153266","KN296507v1","539237","539382","14","161613888"
"chr5","162153565","162153734","KN296507v1","539691","539848","22","161613874"
"chr5","162160320","162160616","KN296507v1","545413","545710","24","161614907"
"chr5","162174993","162175305","KN296507v1","558635","558947","27","161616358"
"chr5","162180886","162181179","KN296507v1","564913","565216","38","161615973"
"chr5","162213754","162214045","KN296507v1","595262","595553","18","161618492"
"chr5","162214237","162214347","KN296507v1","595747","595854","14","161618490"
"chr5","162214651","162214820","KN296322v1","902912","903056","62","161311739"
"chr5","162219844","162220131","KN296507v1","602464","602766","46","161617380"
"chr5","162223662","162223922","KN296153v1","354791","355045","57","161868871"
"chr5","162223952","162224169","KN296507v1","607144","607387","44","161616808"
"chr5","162228506","162228818","KN296507v1","611826","612140","29","161616680"
"chr5","162286140","162286442","KN296507v1","669441","669752","35","161616699"
"chr5","162296766","162297047","KN294848v1","912345","912627","53","161384421"
"chr5","162305127","162305234","KN295236v1","3124616","3124723","26","159180511"
"chr5","162320612","162320736","KN296865v1","1061436","1061558","23","161259176"
"chr5","162320785","162320930","KN297154v1","276434","276580","27","162044351"
"chr5","162401439","162401616","KN296096v1","3910451","3910626","37","158490988"
"chr5","162405729","162406017","KN296507v1","706612","706909","28","161699117"
"chr5","162418690","162418810","KN294218v1","2932440","2932562","22","159486250"
"chr5","162419101","162419277","KN296883v1","2780707","2780888","34","159638394"
"chr5","162421241","162421542","KN296507v1","721787","722092","38","161699454"
"chr5","162431737","162432024","KN296507v1","732738","733022","21","161698999"
"chr5","162436047","162436352","KN296507v1","737044","737352","18","161699003"
"chr5","162450925","162451034","KN296507v1","752019","752129","15","161698906"
"chr5","162475166","162475454","KN296507v1","777018","777309","22","161698148"
"chr5","162536697","162536971","KN296507v1","845490","845760","30","161691207"
"chr5","162541259","162541551","KN296513v1","108168","108464","52","162433091"
"chr5","162787071","162787312","KN294644v1","201254","201524","60","162585817"
"chr5","162958401","162958529","KN295706v1","291517","291648","20","162666884"
"chr5","162983352","162983618","KN294644v1","393420","393692","24","162589932"
"chr5","163034258","163034548","KN294644v1","444717","444998","31","162589541"
"chr5","163038206","163038334","KN294644v1","448698","448821","8","162589508"
"chr5","163178080","163178387","KN294644v1","597004","597318","25","162581076"
"chr5","163294089","163294380","KN294644v1","714823","715113","21","162579266"
"chr5","163331271","163331352","KN297230v1","1044772","1044845","20","162286499"
"chr5","163345902","163346166","KN294644v1","754128","754398","25","162591774"
"chr5","163422933","163423219","KN294644v1","836239","836524","28","162586694"
"chr5","163447953","163448123","KN294644v1","860976","861146","11","162586977"
"chr5","163532457","163532726","KN294644v1","953488","953749","31","162578969"
"chr5","163539854","163540133","KN294644v1","960897","961202","52","162578957"
"chr5","163702610","163702721","KN294644v1","1115486","1115602","16","162587124"
"chr5","163702758","163702951","KN294644v1","1115636","1115820","25","162587122"
"chr5","163859303","163859563","KN295586v1","560007","560262","64","163299296"
"chr5","163864312","163864613","KN294644v1","1302850","1303139","30","162561462"
"chr5","163958150","163958451","KN297197v1","4014147","4014439","74","159944003"
"chr5","164010467","164010612","KN294644v1","1466706","1466849","13","162543761"
"chr5","164069372","164069648","KN296883v1","547727","548009","65","163521645"
"chr5","164113683","164113985","KN296884v1","212592","212879","68","163901091"
"chr5","164121842","164122142","KN295586v1","2908076","2908370","60","161213766"
"chr5","164128348","164128652","KN294172v1","841497","841800","63","163286851"
"chr5","164133661","164133839","KN295722v1","2530724","2530897","36","161602937"
"chr5","164244352","164244619","KN296154v1","35754","36041","46","164208598"
"chr5","164283275","164283550","KN294501v1","34925","35205","83","164248350"
"chr5","164284970","164285269","KN296154v1","78950","79263","32","164206020"
"chr5","164460031","164460144","KN296154v1","265730","265838","15","164194301"
"chr5","164507583","164507852","KN296154v1","321126","321401","29","164186457"
"chr5","164541623","164541912","KN296154v1","348855","349141","27","164192768"
"chr5","164570390","164570533","KN296732v1","2054521","2054667","31","162515869"
"chr5","164640378","164640647","KN296154v1","439634","439903","18","164200744"
"chr5","164798390","164798565","KN296154v1","577443","577627","32","164220947"
"chr5","164798596","164798709","KN296154v1","577654","577772","20","164220942"
"chr5","164822821","164823142","KN296154v1","599193","599483","56","164223628"
"chr5","165066583","165066889","KN296154v1","837402","837700","49","164229181"
"chr5","165259468","165259795","KN296154v1","1020752","1021094","31","164238716"
"chr5","165358013","165358295","KN296154v1","1029410","1029697","16","164328603"
"chr5","165370440","165370733","KN296154v1","1035799","1036111","39","164334641"
"chr5","165450555","165450819","KN296154v1","1111609","1111880","14","164338946"
"chr5","165458971","165459139","KN296153v1","1464656","1464817","43","163994315"
"chr5","165459203","165459317","KN296122v1","407096","407211","23","165052107"
"chr5","165478916","165479228","KN296588v1","922323","922632","60","164556593"
"chr5","165537897","165538191","KN296154v1","1202122","1202413","26","164335775"
"chr5","165570558","165570822","KN296503v1","51339","51605","66","165519219"
"chr5","165576805","165576927","KN296311v1","2198203","2198326","23","163378602"
"chr5","165600746","165601036","KN296154v1","1257389","1257681","32","164343357"
"chr5","165632976","165633271","KN294874v1","147308","147613","64","165485668"
"chr5","165645839","165645953","KN296154v1","1303507","1303620","7","164342332"
"chr5","165668890","165669184","KN296154v1","1327981","1328281","27","164340909"
"chr5","165754419","165754768","KN296154v1","1414668","1415002","29","164339751"
"chr5","165828211","165828485","KN296154v1","1486401","1486658","30","164341810"
"chr5","166029664","166029970","KN296154v1","1686315","1686606","35","164343349"
"chr5","166092943","166093229","KN296154v1","1755209","1755505","29","164337734"
"chr5","166097345","166097639","KN295480v1","1352412","1352716","71","164744933"
"chr5","166098452","166098757","KN296154v1","1765559","1765839","51","164332893"
"chr5","166234642","166234935","KN296847v1","4573","4868","58","166230069"
"chr5","166267172","166267481","KN296154v1","1948856","1949172","33","164318316"
"chr5","166286219","166286519","KN294911v1","3277381","3277683","62","163008838"
"chr5","166341721","166342022","KN296154v1","2031519","2031820","35","164310202"
"chr5","166395367","166395643","KN296154v1","2093372","2093652","33","164301995"
"chr5","166596843","166597158","KN294287v1","739754","740064","80","165857089"
"chr5","166720917","166721205","KN294499v1","2466913","2467200","62","164254004"
"chr5","166772450","166772584","KN295907v1","1069246","1069379","39","165703204"
"chr5","166773149","166773473","KN296154v1","2462495","2462812","27","164310654"
"chr5","166787867","166788122","KN296154v1","2477315","2477590","35","164310552"
"chr5","166814492","166814770","KN296154v1","2504272","2504558","24","164310220"
"chr5","166860723","166860851","KN294790v1","3998119","3998253","30","162862604"
"chr5","166988752","166989027","KN296154v1","2690654","2690917","35","164298098"
"chr5","167607399","167607707","KN296154v1","3303425","3303732","13","164303974"
"chr5","167608358","167608664","KN294181v1","1204809","1205108","76","166403549"
"chr5","167613451","167613757","KN296154v1","3309585","3309900","33","164303866"
"chr5","167676949","167677236","KN297274v1","380475","380768","71","167296474"
"chr5","167730336","167730630","KN296154v1","3433669","3434002","56","164296667"
"chr5","167783455","167783777","KN296154v1","3489966","3490275","41","164293489"
"chr5","167784772","167785004","KN294193v1","891935","892155","54","166892837"
"chr5","167864893","167865194","KN296154v1","3574597","3574904","30","164290296"
"chr5","167919343","167919640","KN296004v1","271201","271501","82","167648142"
"chr5","167946041","167946157","KN296096v1","2378897","2379015","19","165567144"
"chr5","167946188","167946370","KN294199v1","237448","237629","46","167708740"
"chr5","167957212","167957507","KN296154v1","3673778","3674092","53","164283434"
"chr5","167989766","167990043","KN296154v1","3705866","3706148","27","164283900"
"chr5","168210931","168211268","KN294181v1","1681256","1681573","78","166529675"
"chr5","168291915","168292030","KN294224v1","1173821","1173946","32","167118094"
"chr5","168446227","168446353","KN296153v1","3545206","3545330","19","164901021"
"chr5","168469307","168469605","KN296496v1","284272","284571","58","168185035"
"chr5","168545426","168545718","KN294218v1","2874160","2874450","60","165671266"
"chr5","168561262","168561581","KN294410v1","7012","7319","72","168554250"
"chr5","168595759","168596056","KN294911v1","2150563","2150859","61","166445196"
"chr5","168599398","168599697","KN297240v1","83671","83965","66","168515727"
"chr5","168639065","168639330","KN295820v1","827923","828191","59","167811142"
"chr5","168797443","168797725","KN296311v1","4657276","4657569","58","164140167"
"chr5","168902037","168902364","KN296079v1","541019","541339","81","168361018"
"chr5","168915684","168915967","KN296187v1","179226","179507","63","168736458"
"chr5","168921243","168921439","KN296955v1","149517","149713","47","168771726"
"chr5","168922127","168922431","KN295571v1","125325","125626","63","168796802"
"chr5","168934213","168934505","KN295480v1","520350","520625","70","168413863"
"chr5","168972011","168972314","KN295820v1","958529","958823","68","168013482"
"chr5","168974530","168974845","KN294987v1","1079259","1079566","64","167895271"
"chr5","169125734","169125879","KN295198v1","80146","80284","26","169045588"
"chr5","169194252","169194572","KN295293v1","227634","227931","83","168966618"
"chr5","169298897","169299168","KN294571v1","182307","182563","68","169116590"
"chr5","169481508","169481795","KN296153v1","3318149","3318440","62","166163359"
"chr5","169626538","169626703","KN294372v1","903260","903422","40","168723278"
"chr5","169666766","169667092","KN296200v1","87528","87838","77","169579238"
"chr5","169736809","169737103","KN295349v1","58082","58373","57","169678727"
"chr5","169861464","169861758","KN296096v1","2895962","2896261","60","166965502"
"chr5","169875838","169876103","KN294266v1","156795","157050","68","169719043"
"chr5","169881507","169881685","KN294964v1","1154581","1154749","48","168726926"
"chr5","169882051","169882166","KN294184v1","192019","192137","22","169690032"
"chr5","169979869","169980154","KN296187v1","179226","179507","63","169800643"
"chr5","170037549","170037672","KN294647v1","65721","65847","23","169971828"
"chr5","170059560","170059793","KN294172v1","3138705","3138934","51","166920855"
"chr5","170070643","170070933","KN295820v1","792314","792591","50","169278329"
"chr5","170141109","170141416","KN297320v1","1234476","1234772","56","168906633"
"chr5","170164301","170164643","KN294510v1","40752","41080","78","170123549"
"chr5","170173127","170173250","KN294976v1","681650","681769","22","169491477"
"chr5","170181836","170181970","KN294257v1","1865266","1865400","22","168316570"
"chr5","170290249","170290543","KN295722v1","1875349","1875635","65","168414900"
"chr5","170342901","170343183","KN296538v1","1363005","1363297","61","168979896"
"chr5","170378822","170379003","KN296732v1","2470039","2470209","39","167908783"
"chr5","170381171","170381453","KN294630v1","711184","711477","66","169669987"
"chr5","170431406","170431706","KN294199v1","65187","65474","70","170366219"
"chr5","170497479","170497636","KN296620v1","978828","978980","32","169518651"
"chr5","170537263","170537542","KN294991v1","439218","439500","50","170098045"
"chr5","170556993","170557283","KN296825v1","1299289","1299575","64","169257704"
"chr5","170561116","170561383","KN296153v1","960264","960545","69","169600852"
"chr5","170571623","170571734","KN295441v1","972021","972136","20","169599602"
"chr5","170586534","170586828","KN296153v1","3185078","3185370","56","167401456"
"chr5","170615893","170616084","KN295705v1","323738","323927","46","170292155"
"chr5","170619397","170619688","KN295594v1","171479","171774","69","170447918"
"chr5","170626213","170626328","KN296263v1","1103201","1103318","17","169523012"
"chr5","170632741","170632868","KN297095v1","2530131","2530260","22","168102610"
"chr5","170634142","170634430","KN294861v1","103548","103811","76","170530594"
"chr5","170657129","170657419","KN296513v1","1073574","1073867","57","169583555"
"chr5","170661951","170662222","KN296955v1","742898","743161","69","169919053"
"chr5","170669965","170670241","KN296311v1","7907830","7908116","56","162762135"
"chr5","170688503","170688771","KN296200v1","725778","726035","64","169962725"
"chr5","170694219","170694509","KN294570v1","165105","165399","64","170529114"
"chr5","170697460","170697703","KN296743v1","285796","286022","55","170411664"
"chr5","170699369","170699657","KN295243v1","839916","840202","62","169859453"
"chr5","170707036","170707210","KN296153v1","734442","734622","36","169972594"
"chr5","170710385","170710506","KN295022v1","1094780","1094876","44","169615605"
"chr5","170711141","170711195","KN295171v1","630702","630752","15","170080439"
"chr5","170711300","170711603","KN297190v1","3902024","3902312","75","166809276"
"chr5","170713349","170713631","KN295236v1","4241983","4242261","57","166471366"
"chr5","170741632","170741760","KN294199v1","375208","375334","39","170366424"
"chr5","170743139","170743424","KN297095v1","1038048","1038331","52","169705091"
"chr5","170748013","170748278","KN296864v1","1072632","1072897","54","169675381"
"chr5","170750444","170750749","KN295571v1","125325","125626","55","170625119"
"chr5","170751365","170751643","KN294217v1","2344142","2344437","48","168407223"
"chr5","170752258","170752381","KN294456v1","1112430","1112548","20","169639828"
"chr5","170753204","170753330","KN296079v1","820820","820948","21","169932384"
"chr5","170754624","170754930","KN294161v1","286397","286705","56","170468227"
"chr5","170767240","170767354","KN294207v1","28469","28583","26","170738771"
"chr5","170888085","170888395","KN294613v1","72863","73148","76","170815222"
"chr5","170924572","170924890","KN297184v1","147528","147836","59","170777044"
"chr5","170954681","170955019","KN294747v1","570516","570845","73","170384165"
"chr5","171124373","171124649","KN294733v1","165140","165425","58","170959233"
"chr5","171141076","171141352","KN296916v1","367241","367520","76","170773835"
"chr5","171265379","171265671","KN295352v1","683883","684168","67","170581496"
"chr5","171292233","171292548","KN295923v1","1997557","1997864","67","169294676"
"chr5","171387556","171387855","KN295349v1","58082","58373","61","171329474"
"chr5","171481923","171482227","KN295832v1","1483661","1483966","11","169998262"
"chr5","171554085","171554399","KN297165v1","860468","860789","73","170693617"
"chr5","171570623","171570929","KN295832v1","1393223","1393529","19","170177400"
"chr5","171588126","171588435","KN295832v1","1377167","1377466","39","170210959"
"chr5","171596966","171597258","KN297327v1","565916","566205","59","171031050"
"chr5","171654466","171654745","KN295832v1","1310019","1310291","33","170344447"
"chr5","171694766","171695068","KN295832v1","1269671","1269991","31","170425095"
"chr5","171809089","171809383","KN295832v1","1134107","1134401","23","170674982"
"chr5","171809928","171809980","KN296486v1","239501","239557","16","171570427"
"chr5","171819141","171819443","KN295832v1","1123574","1123877","24","170695567"
"chr5","171900733","171901008","KN295832v1","1043629","1043906","18","170857104"
"chr5","171924347","171924639","KN296847v1","4573","4868","55","171919774"
"chr5","171929637","171929944","KN297023v1","378784","379087","77","171550853"
"chr5","171944041","171944324","KN295832v1","998505","998803","39","170945536"
"chr5","171984606","171984902","KN295832v1","959490","959783","24","171025116"
"chr5","171994326","171994618","KN295832v1","949760","950048","31","171044566"
"chr5","172381726","172382026","KN295832v1","562829","563112","48","171818897"
"chr5","172416793","172417107","KN295832v1","527633","527951","23","171889160"
"chr5","172475341","172475638","KN295832v1","470397","470679","36","172004944"
"chr5","172497279","172497564","KN295832v1","448379","448663","16","172048900"
"chr5","172519124","172519414","KN296119v1","3954705","3954997","61","168564419"
"chr5","172564217","172564487","KN295832v1","380310","380582","18","172183907"
"chr5","172586819","172587119","KN295430v1","989467","989768","65","171597352"
"chr5","172652137","172652399","KN295832v1","293489","293760","27","172358648"
"chr5","172687409","172687558","KN295907v1","507570","507720","33","172179839"
"chr5","172727301","172727624","KN295832v1","216064","216387","27","172511237"
"chr5","172739226","172739529","KN296145v1","809194","809494","55","171930032"
"chr5","172792892","172793175","KN295832v1","149912","150192","23","172642980"
"chr5","172821282","172821409","KN295236v1","5497389","5497517","24","167323893"
"chr5","172826092","172826387","KN295832v1","113476","113768","20","172712616"
"chr5","172864409","172864713","KN295205v1","832022","832327","58","172032387"
"chr5","172941398","172941689","KN295832v1","7455","7750","25","172933943"
"chr5","173101908","173102209","KN297095v1","135288","135588","24","172966620"
"chr5","173148740","173148948","KN297095v1","190863","191071","13","172957877"
"chr5","173162692","173162975","KN295930v1","742582","742860","69","172420110"
"chr5","173218407","173218727","KN294199v1","548363","548671","73","172670044"
"chr5","173221413","173221712","KN296011v1","312188","312482","61","172909225"
"chr5","173227614","173227902","KN295744v1","666795","667086","63","172560819"
"chr5","173245871","173246174","KN297095v1","288048","288358","43","172957823"
"chr5","173333519","173333843","KN297095v1","387391","387711","25","172946128"
"chr5","173380632","173380783","KN297095v1","434900","435023","32","172945732"
"chr5","173391989","173392273","KN297095v1","446713","446997","24","172945276"
"chr5","173428526","173428643","KN297095v1","483040","483157","5","172945486"
"chr5","173444761","173445040","KN296520v1","743086","743362","54","172701675"
"chr5","173466517","173466638","KN296520v1","4131","4247","21","173462386"
"chr5","173486313","173486419","KN294671v1","333708","333822","30","173152605"
"chr5","173496414","173496484","KN295038v1","1190110","1190176","20","172306304"
"chr5","173504693","173504859","KN296825v1","1485902","1486067","32","172018791"
"chr5","173568824","173569100","KN294187v1","147289","147562","61","173421535"
"chr5","173570042","173570329","KN297095v1","625140","625428","27","172944902"
"chr5","173621271","173621579","KN297095v1","675652","675958","23","172945619"
"chr5","173658255","173658556","KN297095v1","713762","714062","30","172944493"
"chr5","173685829","173686126","KN297095v1","738481","738789","30","172947348"
"chr5","173999789","174000000","KN295236v1","3468503","3468712","41","170531286"
"chr5","174020336","174020527","KN294842v1","218289","218474","45","173802047"
"chr5","174082858","174083027","KN297095v1","975596","975767","17","173107262"
"chr5","174114774","174114898","KN297095v1","1007716","1007840","3","173107058"
"chr5","174137551","174137789","KN297095v1","1031297","1031531","36","173106254"
"chr5","174141239","174141376","KN297095v1","1034176","1034295","30","173107063"
"chr5","174141440","174141616","KN297095v1","1034335","1034497","27","173107105"
"chr5","174145154","174145439","KN297095v1","1038048","1038331","9","173107106"
"chr5","174166038","174166315","KN297095v1","1062039","1062318","14","173103999"
"chr5","174183320","174183628","KN295610v1","827475","827771","89","173355845"
"chr5","174184626","174184907","KN297095v1","1076253","1076534","30","173108373"
"chr5","174198735","174199020","KN294548v1","375827","376110","64","173822908"
"chr5","174201889","174202187","KN297095v1","1093249","1093545","32","173108640"
"chr5","174215180","174215488","KN296311v1","6648305","6648605","56","167566875"
"chr5","174249811","174249932","KN297095v1","1140396","1140526","18","173109415"
"chr5","174249933","174250235","KN297095v1","1140527","1140824","32","173109406"
"chr5","174250236","174250418","KN297095v1","1140825","1141005","11","173109411"
"chr5","174267819","174268035","KN296036v1","1874635","1874848","44","172393184"
"chr5","174276625","174276927","KN297095v1","1168554","1168864","31","173108071"
"chr5","174291126","174291406","KN297083v1","704240","704530","61","173586886"
"chr5","174341250","174341411","KN296153v1","1464656","1464817","31","172876594"
"chr5","174343139","174343294","KN296505v1","907810","907981","38","173435329"
"chr5","174346144","174346382","KN297095v1","1222465","1222739","52","173123679"
"chr5","174372914","174373205","KN297095v1","1250952","1251246","31","173121962"
"chr5","174388585","174388708","KN297095v1","1268194","1268320","18","173120391"
"chr5","174459107","174459403","KN297095v1","1344372","1344684","43","173114735"
"chr5","174488149","174488448","KN297095v1","1383624","1383922","21","173104525"
"chr5","174523700","174523846","KN297095v1","1421660","1421807","32","173102040"
"chr5","174523882","174523918","KN297095v1","1421835","1421871","0","173102047"
"chr5","174531042","174531129","KN297154v1","328364","328445","23","174202678"
"chr5","174533874","174534172","KN297095v1","1428864","1429167","40","173105010"
"chr5","174556402","174556475","KN294806v1","412110","412187","17","174144292"
"chr5","174556522","174556820","KN297095v1","1451639","1451937","39","173104883"
"chr5","174557559","174557685","KN297095v1","1452667","1452777","21","173104892"
"chr5","174567605","174567894","KN297095v1","1460625","1460913","19","173106980"
"chr5","174598756","174599060","KN295729v1","1553726","1554036","61","173045030"
"chr5","174615214","174615504","KN297095v1","1513904","1514196","18","173101310"
"chr5","174617628","174617910","KN297095v1","1516421","1516710","31","173101207"
"chr5","174618708","174618953","KN296122v1","80280","80522","52","174538428"
"chr5","174625517","174625814","KN297095v1","1524528","1524816","27","173100989"
"chr5","174645592","174645879","KN297095v1","1545065","1545344","39","173100527"
"chr5","174655430","174655553","KN297095v1","1555072","1555195","4","173100358"
"chr5","174681748","174682025","KN297095v1","1577698","1577979","21","173104050"
"chr5","174682354","174682619","KN297095v1","1578351","1578650","47","173104003"
"chr5","174692944","174693246","KN297095v1","1589005","1589305","26","173103939"
"chr5","174701037","174701335","KN297095v1","1596965","1597247","38","173104072"
"chr5","174723555","174723857","KN297095v1","1619268","1619571","25","173104287"
"chr5","174760267","174760354","KN294193v1","102539","102625","19","174657728"
"chr5","174766847","174767138","KN297095v1","1665976","1666269","24","173100871"
"chr5","174828421","174828559","KN297095v1","1730085","1730225","12","173098336"
"chr5","174928854","174928963","KN295366v1","223846","223962","19","174705008"
"chr5","174928992","174929135","KN295987v1","1180799","1180942","25","173748193"
"chr5","174970296","174970427","KN297095v1","1873592","1873730","19","173096704"
"chr5","174970737","174970914","KN297095v1","1874042","1874218","11","173096695"
"chr5","175025844","175025929","KN297095v1","1931682","1931767","3","173094162"
"chr5","175043752","175044042","KN297095v1","1948455","1948742","21","173095297"
"chr5","175048143","175048434","KN297095v1","1955535","1955805","33","173092608"
"chr5","175057083","175057383","KN297095v1","1964399","1964708","26","173092684"
"chr5","175075564","175075828","KN297095v1","1984156","1984443","38","173091408"
"chr5","175102617","175102734","KN295045v1","526689","526806","14","174575928"
"chr5","175103278","175103563","KN297095v1","2014259","2014536","37","173089019"
"chr5","175139198","175139458","KN297095v1","2051742","2052004","17","173087456"
"chr5","175147809","175148095","KN297095v1","2061365","2061671","43","173086444"
"chr5","175148661","175148970","KN297095v1","2062485","2062802","29","173086176"
"chr5","175164262","175164566","KN295107v1","1051267","1051565","51","174112995"
"chr5","175200625","175200932","KN297095v1","2114417","2114724","21","173086208"
"chr5","175223315","175223448","KN297095v1","2137171","2137304","6","173086144"
"chr5","175228876","175229169","KN296225v1","113310","113599","62","175115566"
"chr5","175233756","175234044","KN297095v1","2146414","2146695","18","173087342"
"chr5","175235202","175235498","KN294991v1","693040","693334","62","174542162"
"chr5","175243010","175243219","KN296661v1","2337763","2337963","43","172905247"
"chr5","175244443","175244739","KN297095v1","2156710","2157007","20","173087733"
"chr5","175249971","175250260","KN297095v1","2161044","2161334","30","173088927"
"chr5","175251326","175251614","KN297095v1","2162395","2162685","22","173088931"
"chr5","175252446","175252738","KN297095v1","2163175","2163476","25","173089271"
"chr5","175258267","175258546","KN294172v1","439163","439451","53","174819104"
"chr5","175265621","175265736","KN297095v1","2176010","2176125","6","173089611"
"chr5","175274230","175274538","KN297095v1","2184809","2185120","27","173089421"
"chr5","175281780","175282073","KN297095v1","2192305","2192598","17","173089475"
"chr5","175288761","175289055","KN297095v1","2198386","2198676","32","173090375"
"chr5","175295507","175295751","KN295205v1","587249","587489","68","174708258"
"chr5","175312169","175312434","KN297095v1","2221896","2222176","31","173090273"
"chr5","175334640","175334800","KN297095v1","2244688","2244857","29","173089952"
"chr5","175335107","175335242","KN297095v1","2245444","2245588","20","173089663"
"chr5","175374084","175374217","KN297095v1","2289407","2289541","6","173084677"
"chr5","175380974","175381091","KN295936v1","1084591","1084708","11","174296383"
"chr5","175450787","175451092","KN297095v1","2363304","2363610","24","173087483"
"chr5","175454734","175455038","KN297095v1","2366915","2367226","32","173087819"
"chr5","175475719","175475802","KN294172v1","1811996","1812079","19","173663723"
"chr5","175481645","175481908","KN297095v1","2393820","2394089","22","173087825"
"chr5","175484967","175485077","KN297095v1","2397176","2397288","10","173087791"
"chr5","175485123","175485288","KN294710v1","128924","129084","34","175356199"
"chr5","175514116","175514357","KN297095v1","2427371","2427614","18","173086745"
"chr5","175514771","175514888","KN297095v1","2428018","2428135","9","173086753"
"chr5","175515661","175515977","KN297095v1","2428916","2429228","25","173086745"
"chr5","175519741","175519863","KN296187v1","2281614","2281737","16","173238127"
"chr5","175520654","175520931","KN297095v1","2434467","2434741","22","173086187"
"chr5","175523965","175524163","KN297095v1","2440645","2440848","20","173083320"
"chr5","175531677","175531957","KN297095v1","2448528","2448810","18","173083149"
"chr5","175559732","175559842","KN295117v1","273413","273523","20","175286319"
"chr5","175600976","175601096","KN297095v1","2519107","2519224","9","173081869"
"chr5","175606048","175606344","KN297095v1","2523350","2523640","23","173082698"
"chr5","175611963","175612291","KN297095v1","2529346","2529636","69","173082617"
"chr5","175612370","175612652","KN297095v1","2529710","2530004","48","173082660"
"chr5","175612773","175612902","KN297095v1","2530131","2530260","7","173082642"
"chr5","175620780","175620902","KN297095v1","2538084","2538212","10","173082696"
"chr5","175627213","175627365","KN296108v1","1603430","1603594","37","174023783"
"chr5","175627651","175627786","KN297095v1","1873592","1873730","28","173754059"
"chr5","175632932","175633225","KN295586v1","3702938","3703241","52","171929994"
"chr5","175636805","175637121","KN296959v1","167801","168126","65","175469004"
"chr5","175673080","175673207","KN295236v1","5497389","5497517","22","170175691"
"chr5","175688380","175688679","KN295474v1","1385419","1385718","61","174302961"
"chr5","175754488","175754723","KN295820v1","1012976","1013217","46","174741512"
"chr5","175800486","175800609","KN297095v1","2714083","2714206","11","173086403"
"chr5","175936301","175936599","KN296139v1","60150","60443","54","175876151"
"chr5","176039225","176039503","KN297095v1","2954799","2955048","42","173084426"
"chr5","176049697","176049999","KN297095v1","2965249","2965537","33","173084448"
"chr5","176083540","176083800","KN297095v1","3000054","3000295","30","173083486"
"chr5","176210546","176210674","KN297095v1","3133903","3134028","13","173076643"
"chr5","176211903","176212097","KN297095v1","3135250","3135438","14","173076653"
"chr5","176247073","176247391","KN297095v1","3170431","3170739","38","173076642"
"chr5","176258430","176258482","KN294499v1","1650203","1650252","13","174608227"
"chr5","176298548","176298837","KN297095v1","3223907","3224199","20","173074641"
"chr5","176313581","176313881","KN294365v1","731430","731733","56","175582151"
"chr5","176331131","176331432","KN297095v1","3256668","3256971","36","173074463"
"chr5","176333253","176333552","KN297095v1","3258763","3259043","34","173074490"
"chr5","176382587","176382852","KN297095v1","3306281","3306569","52","173076306"
"chr5","176426750","176427003","KN297095v1","3355190","3355431","29","173071560"
"chr5","176448794","176449090","KN296404v1","3404152","3404452","68","173044642"
"chr5","176487188","176487480","KN294747v1","836910","837206","54","175650278"
"chr5","176508965","176509252","KN297095v1","3445650","3445940","27","173063315"
"chr5","176641001","176641130","KN294172v1","4332236","4332364","22","172308765"
"chr5","176694719","176695013","KN295352v1","216571","216847","73","176478148"
"chr5","176703801","176704102","KN296311v1","4657276","4657569","56","172046525"
"chr5","176779849","176780158","KN297095v1","3716107","3716401","34","173063742"
"chr5","176783993","176784298","KN295573v1","559599","559897","62","176224394"
"chr5","176796588","176796712","KN294172v1","3271084","3271208","26","173525504"
"chr5","176915249","176915513","KN297095v1","3856212","3856478","16","173059037"
"chr5","176926795","176927052","KN297095v1","3867444","3867699","19","173059351"
"chr5","176946201","176946318","KN295607v1","4088276","4088399","26","172857925"
"chr5","176946328","176946552","KN297095v1","3887230","3887440","30","173059098"
"chr5","176946980","176947137","KN294407v1","1598316","1598470","35","175348664"
"chr5","176949049","176949180","KN297095v1","3889777","3889909","9","173059272"
"chr5","176955852","176956144","KN297095v1","3898080","3898373","30","173057772"
"chr5","176958175","176958480","KN297095v1","3900107","3900400","31","173058068"
"chr5","177005514","177005647","KN296518v1","131911","132042","24","176873603"
"chr5","177049293","177049586","KN297095v1","3992450","3992741","22","173056843"
"chr5","177101313","177101575","KN296557v1","513571","513844","74","176587742"
"chr5","177219480","177219609","KN297304v1","20081","20212","11","177199399"
"chr5","177224033","177224322","KN296311v1","4571938","4572224","55","172652095"
"chr5","177257965","177258156","KN297304v1","57914","58110","23","177200051"
"chr5","177288028","177288315","KN297304v1","87248","87526","36","177200780"
"chr5","177349312","177349617","KN297304v1","143082","143371","33","177206230"
"chr5","177362948","177363233","KN297304v1","157019","157311","32","177205929"
"chr5","177422928","177423222","KN295893v1","6408206","6408494","63","171014722"
"chr5","177577527","177577815","KN297304v1","378419","378699","25","177199108"
"chr5","177602180","177602453","KN297304v1","401773","402054","33","177200407"
"chr5","177712110","177712434","KN295923v1","2248938","2249256","67","175463172"
"chr5","177738327","177738650","KN295045v1","115464","115782","76","177622863"
"chr5","177772202","177772506","KN294662v1","136013","136311","63","177636189"
"chr5","177807062","177807170","KN294235v1","268282","268389","21","177538780"
"chr5","177807818","177808025","KN295294v1","3274147","3274349","43","174533671"
"chr5","177864140","177864437","KN296378v1","957190","957483","58","176906950"
"chr5","177922315","177922614","KN296158v1","1151626","1151930","62","176770689"
"chr5","177952091","177952409","KN294705v1","773441","773753","60","177178650"
"chr5","177989096","177989388","KN296864v1","3187581","3187876","68","174801515"
"chr5","178021025","178021276","KN297452v1","749329","749594","68","177271696"
"chr5","178022948","178023209","KN294591v1","400734","400999","56","177622214"
"chr5","178032260","178032554","KN294987v1","1590894","1591192","64","176441366"
"chr5","178111398","178111689","KN295586v1","3098137","3098432","58","175013261"
"chr5","178135448","178135691","KN295607v1","4720674","4720910","57","173414774"
"chr5","178212035","178212321","KN295591v1","745641","745936","60","177466394"
"chr5","178263429","178263777","KN295430v1","2588198","2588523","82","175675231"
"chr5","178275362","178275657","KN295962v1","2450796","2451095","49","175824566"
"chr5","178671813","178672123","KN296879v1","417388","417697","68","178254425"
"chr5","178673020","178673317","KN294987v1","383946","384239","63","178289074"
"chr5","178679621","178679907","KN294671v1","25803","26078","27","178653818"
"chr5","178681204","178681509","KN295102v1","76706","77002","56","178604498"
"chr5","178689496","178689620","KN295287v1","12106","12229","20","178677390"
"chr5","178705975","178706255","KN295294v1","2313084","2313366","54","176392891"
"chr5","178768074","178768203","KN296508v1","1920097","1920221","16","176847977"
"chr5","178776764","178777023","KN294443v1","1168943","1169202","66","177607821"
"chr5","178817083","178817218","KN294387v1","256311","256433","34","178560772"
"chr5","178824835","178825103","KN294239v1","2112137","2112402","55","176712698"
"chr5","178838970","178839101","KN294172v1","4332236","4332364","19","174506734"
"chr5","178882849","178883047","KN295474v1","624457","624664","71","178258392"
"chr5","178892166","178892325","KN296122v1","431013","431172","35","178461153"
"chr5","178934024","178934319","KN297205v1","205027","205330","54","178728997"
"chr5","178948840","178948980","KN295573v1","1258235","1258372","36","177690605"
"chr5","178972612","178972674","KN297445v1","1585770","1585833","14","177386842"
"chr5","178973626","178973921","KN294257v1","2258122","2258420","81","176715504"
"chr5","178975946","178976247","KN295572v1","496149","496452","64","178479797"
"chr5","178983546","178983792","KN294848v1","88430","88674","58","178895116"
"chr5","179001434","179001818","KN294207v1","128747","129097","104","178872687"
"chr5","179007840","179008141","KN296852v1","2317334","2317633","67","176690506"
"chr5","179009240","179009355","KN294229v1","84220","84335","22","178925020"
"chr5","179009387","179009564","KN296879v1","54718","54894","36","178954669"
"chr5","179027557","179027805","KN295977v1","1140774","1141022","52","177886783"
"chr5","179037969","179038269","KN294630v1","741362","741665","55","178296607"
"chr5","179088724","179089031","KN294257v1","2403021","2403326","68","176685703"
"chr5","179107979","179108109","KN296964v1","1411802","1411928","26","177696177"
"chr5","179125343","179125614","KN294911v1","1084569","1084856","64","178040774"
"chr5","179126924","179127242","KN295315v1","1068942","1069251","68","178057982"
"chr5","179302077","179302377","KN296726v1","236325","236629","58","179065752"
"chr5","179340876","179341163","KN294831v1","268876","269164","68","179072000"
"chr5","179342135","179342415","KN294172v1","5956323","5956588","73","173385812"
"chr5","179343267","179343589","KN294373v1","87099","87406","91","179256168"
"chr5","179348009","179348260","KN294147v1","84944","85184","65","179263065"
"chr5","179348750","179349029","KN294373v1","531886","532183","72","178816864"
"chr5","179353020","179353240","KN295045v1","597736","597951","54","178755284"
"chr5","179353386","179353530","KN295441v1","1238237","1238361","40","178115149"
"chr5","179353789","179353955","KN294470v1","875880","876041","43","178477909"
"chr5","179360001","179360222","KN297008v1","2293662","2293876","54","177066339"
"chr5","179366384","179366654","KN295977v1","761523","761795","59","178604861"
"chr5","179378421","179378751","KN294705v1","482112","482454","89","178896309"
"chr5","179379999","179380257","KN294499v1","648944","649198","60","178731055"
"chr5","179385205","179385492","KN296959v1","1045812","1046085","55","178339393"
"chr5","179395204","179395477","KN296743v1","2453390","2453671","71","176941814"
"chr5","179401676","179401971","KN296139v1","60150","60443","70","179341526"
"chr5","179431464","179431670","KN294172v1","4156820","4157021","52","175274644"
"chr5","179468316","179468594","KN296538v1","742259","742543","63","178726057"
"chr5","179477927","179478295","KN297133v1","265972","266339","109","179211955"
"chr5","179485235","179485390","KN295154v1","335979","336124","40","179149256"
"chr5","179506173","179506461","KN295430v1","1284869","1285155","70","178221304"
"chr5","179512974","179513215","KN297212v1","79799","80037","60","179433175"
"chr5","179527344","179527623","KN294410v1","231612","231894","60","179295732"
"chr5","179531527","179531839","KN294172v1","841497","841800","83","178690030"
"chr5","179555064","179555351","KN295365v1","618540","618829","57","178936524"
"chr5","179556288","179556508","KN295722v1","1833238","1833479","73","177723050"
"chr5","179563688","179564023","KN296096v1","971038","971347","76","178592650"
"chr5","179573027","179573120","KN294224v1","1462226","1462317","24","178110801"
"chr5","179596447","179596729","KN296311v1","7907830","7908116","56","171688617"
"chr5","179606073","179606360","KN296609v1","2015404","2015680","72","177590669"
"chr5","179610266","179610551","KN296162v1","554738","555018","76","179055528"
"chr5","179622804","179622929","KN296859v1","796318","796444","23","178826486"
"chr5","179644773","179644972","KN294407v1","234403","234595","45","179410370"
"chr5","179707945","179708251","KN297442v1","2205844","2206144","63","177502101"
"chr5","179720204","179720514","KN296486v1","1165938","1166247","63","178554266"
"chr5","179724353","179724610","KN296153v1","323822","324078","60","179400531"
"chr5","179744781","179745043","KN294571v1","2766616","2766888","63","176978165"
"chr5","179756687","179756974","KN296486v1","1052915","1053213","60","178703772"
"chr5","179758645","179758740","KN296649v1","445475","445566","17","179313170"
"chr5","179759044","179759241","KN295294v1","3274147","3274349","47","176484897"
"chr5","179760011","179760135","KN296210v1","433277","433402","18","179326734"
"chr5","179783150","179783426","KN295430v1","1217548","1217833","57","178565602"
"chr5","179848778","179849079","KN297008v1","1477900","1478200","52","178370878"
"chr5","179880811","179880943","KN297095v1","2530131","2530260","18","177350680"
"chr5","179896662","179896952","KN295405v1","1369069","1369345","70","178527593"
"chr5","179912570","179912844","KN294444v1","159848","160111","69","179752722"
"chr5","179920059","179920351","KN296404v1","3404152","3404452","67","176515907"
"chr5","179920354","179920668","KN294172v1","4180696","4181003","72","175739658"
"chr5","179932966","179933267","KN296864v1","3246461","3246762","56","176686505"
"chr5","179934122","179934406","KN296311v1","3517908","3518192","52","176416214"
"chr5","179949731","179950017","KN295171v1","306509","306787","62","179643222"
"chr5","179987953","179988255","KN296404v1","3404152","3404452","62","176583801"
"chr5","180489541","180489806","KN295284v1","24027","24275","33","180465514"
"chr5","180495714","180496001","KN295284v1","30955","31231","32","180464759"
"chr5","180496458","180496764","KN295284v1","31685","31994","33","180464773"
"chr5","180500200","180500470","KN295284v1","39003","39287","48","180461197"
"chr5","180566930","180567221","KN295284v1","115024","115326","33","180451906"
"chr5","180571707","180571897","KN294705v1","1047371","1047557","50","179524336"
"chr5","180576235","180576573","KN296119v1","5786271","5786591","81","174789964"
"chr5","180610325","180610457","KN295284v1","155805","155936","6","180454520"
"chr5","180649111","180649324","KN295284v1","194557","194779","32","180454554"
"chr5","180677062","180677381","KN295284v1","222534","222840","34","180454528"
"chr5","180677837","180678045","KN295284v1","223298","223510","28","180454539"
"chr5","180801821","180802109","KN296225v1","677390","677682","68","180124431"
"chr5","180840806","180841130","KN295284v1","387545","387826","60","180453261"
"chr5","180918228","180918547","KN295284v1","466254","466568","38","180451974"
"chr5","180996516","180996799","KN295284v1","544093","544379","26","180452423"
"chr5","181029576","181029689","KN295977v1","789031","789142","20","180240545"
"chr5","181062716","181062984","KN295284v1","611621","611905","34","180451095"
"chr5","181094599","181094898","KN297442v1","376841","377129","68","180717758"
"chr5","181133535","181133747","KN297242v1","1471732","1471942","44","179661803"
"chr5","181193509","181193813","KN296503v1","189807","190115","58","181003702"
"chr5","181198813","181198967","KN295304v1","159625","159778","29","181039188"
"chr5","181199262","181199406","KN294325v1","1211305","1211450","28","179987957"
"chr5","181210771","181210894","KN296732v1","2600225","2600348","25","178610546"
"chr5","181211188","181211385","KN296311v1","7971229","7971425","22","173239959"
"chr5","181220636","181220931","KN295365v1","618540","618829","59","180602096"
"chr5","181223738","181224016","KN296244v1","242737","243015","60","180981001"
"chr5","181258638","181258761","KN296268v1","958258","958379","23","180300380"
"chr5","181263779","181263976","KN295281v1","78524","78730","53","181185255"
"chr5","181273226","181273492","KN295940v1","249684","249945","65","181023542"
"chr5","181275196","181275492","KN294407v1","1666871","1667172","54","179608325"
"chr5","181312022","181312148","KN296153v1","3545206","3545330","26","177766816"
"chr5","181343710","181344043","KN294570v1","10935","11242","81","181332775"
"chr5","181351778","181352080","KN295343v1","329489","329788","60","181022289"
"chr5","181438377","181438673","KN294987v1","797207","797503","56","180641170"
"chr5","181491139","181491417","KN295350v1","618935","619220","57","180872204"
"chr5","181498002","181498299","KN296117v1","62456","62755","60","181435546"
"chr5","181515056","181515345","KN294581v1","265495","265786","60","181249561"
"chr5","181519634","181519781","KN295544v1","8026","8172","33","181511608"
"chr5","181577024","181577138","KN294399v1","13023","13138","22","181564001"
"chr5","181733178","181733460","KN294499v1","2072204","2072486","60","179660974"
"chr5","181735427","181735690","KN296665v1","148381","148654","62","181587046"
"chr5","181792580","181792864","KN295225v1","2446744","2447033","59","179345836"
"chr5","181801121","181801434","KN296145v1","2125458","2125762","66","179675663"
"chr5","181826055","181826378","KN294873v1","1357932","1358247","68","180468123"
"chr5","181913564","181913897","KN296852v1","2317334","2317633","83","179596230"
"chr5","181916395","181916529","KN295984v1","596403","596536","28","181319992"
"chr5","181916826","181916958","KN297095v1","2530131","2530260","26","179386695"
"chr5","181921382","181921493","KN295236v1","5125638","5125753","14","176795744"
"chr5","181937968","181938247","KN296096v1","524484","524754","63","181413484"
"chr5","181950949","181951237","KN296732v1","3268064","3268351","51","178682885"
"chr5","181953456","181953579","KN295988v1","43746","43870","22","181909710"
"chr5","181966067","181966209","KN297274v1","422832","422974","35","181543235"
"chr5","182010083","182010383","KN296538v1","1793220","1793524","53","180216863"
"chr5","182015295","182015517","KN296407v1","401807","402035","47","181613488"
"chr5","182035386","182035438","KN295282v1","72181","72228","13","181963205"
"chr5","182059978","182060152","KN294416v1","354557","354730","37","181705421"
"chr5","182064574","182064791","KN295352v1","240633","240839","64","181823941"
"chr5","182066354","182066485","KN295239v1","160158","160290","22","181906196"
"chr5","182068731","182068925","KN295962v1","551577","551737","66","181517154"
"chr5","182135379","182135503","KN296036v1","1966257","1966378","19","180169122"
"chr5","182136670","182136800","KN294410v1","495531","495660","23","181641139"
"chr5","182141566","182141645","KN295350v1","1006997","1007072","17","181134569"
"chr5","182141951","182142080","KN295171v1","496911","497041","23","181645040"
"chr5","182148863","182149068","KN296119v1","2150554","2150763","41","179998309"
"chr5","182160727","182160824","KN297366v1","2882011","2882114","28","179278716"
"chr5","182165127","182165438","KN296158v1","1151626","1151930","70","181013501"
"chr5","182174463","182174526","KN296577v1","500290","500351","15","181674173"
"chr5","182179201","182179492","KN295225v1","2446744","2447033","62","179732457"
"chr5","182181605","182181883","KN295079v1","714943","715219","62","181466662"
"chr5","182192240","182192387","KN295081v1","4658","4806","22","182187582"
"chr5","182203726","182203913","KN295744v1","654144","654333","50","181549582"
"chr5","182219514","182219798","KN296225v1","560393","560689","64","181659121"
"chr5","182244144","182244391","KN296157v1","1030995","1031263","63","181213149"
"chr5","182245989","182246006","KN294457v1","15665","15681","6","182230324"
"chr5","182246295","182246454","KN297026v1","429500","429641","43","181816795"
"chr5","182246455","182246755","KN295343v1","329489","329788","55","181916966"
"chr5","182246756","182246786","KN294218v1","2221315","2221343","9","180025441"
"chr5","182248711","182248982","KN297332v1","431947","432232","60","181816764"
"chr5","182255207","182255478","KN295099v1","135049","135328","56","182120158"
"chr5","182343262","182343413","KN295995v1","142423","142561","39","182200839"
"chr5","182452534","182452704","KN297133v1","752216","752384","34","181700318"
"chr5","182458520","182458650","KN295174v1","309726","309858","24","182148794"
"chr5","182515229","182515529","KN295667v1","676400","676706","64","181838829"
"chr5","182525507","182525800","KN294539v1","1350436","1350725","50","181175071"
"chr5","182531866","182532161","KN297245v1","2036362","2036663","56","180495504"
"chr5","182547602","182547661","KN296654v1","45201","45257","12","182502401"
"chr5","182547937","182548106","KN295236v1","152581","152741","36","182395356"
"chr5","182562924","182563236","KN294739v1","948960","949255","74","181613964"
"chr5","182567858","182568158","KN296864v1","3246461","3246762","61","179321397"
"chr5","182589382","182589656","KN296187v1","179226","179507","53","182410156"
"chr5","182591673","182591984","KN295923v1","1997557","1997864","61","180594116"
"chr5","182804267","182804564","KN296096v1","3508595","3508884","53","179295672"
"chr5","182818331","182818631","KN297293v1","591133","591412","48","182227198"
"chr5","182871770","182871924","KN297197v1","1604007","1604154","37","181267763"
"chr5","182872225","182872285","KN294172v1","4430587","4430649","19","178441638"
"chr5","182928981","182929260","KN297293v1","483181","483457","19","182445800"
"chr5","182939590","182939854","KN297293v1","478376","478642","17","182461214"
"chr5","182968025","182968224","KN297274v1","370053","370256","51","182597972"
"chr5","182968970","182969073","KN297293v1","446774","446877","7","182522196"
"chr5","182983537","182983662","KN297293v1","435497","435621","5","182548040"
"chr5","182986792","182986924","KN295814v1","1707822","1707956","21","181278970"
"chr5","182992145","182992444","KN295107v1","1051267","1051565","51","181940878"
"chr5","183026138","183026378","KN294147v1","1415369","1415613","68","181610769"
"chr5","183044273","183044566","KN296795v1","706774","707060","61","182337499"
"chr5","183046967","183047280","KN295667v1","676400","676706","64","182370567"
"chr5","183056605","183056905","KN297293v1","359575","359878","25","182697030"
"chr5","183062605","183062729","KN297293v1","350026","350156","12","182712579"
"chr5","183083227","183083522","KN297293v1","329049","329352","28","182754178"
"chr5","183084227","183084513","KN297293v1","327781","328074","40","182756446"
"chr5","183095221","183095347","KN295708v1","2790978","2791102","23","180304243"
"chr5","183104571","183104663","KN297293v1","305646","305732","15","182798925"
"chr5","183104664","183104971","KN297293v1","305336","305645","30","182799328"
"chr5","183104972","183105110","KN297293v1","305197","305335","7","182799775"
"chr5","183118236","183118522","KN297293v1","292983","293249","43","182825253"
"chr5","183190249","183190550","KN297293v1","228432","228735","26","182961817"
"chr5","183195618","183195741","KN294527v1","276778","276903","19","182918840"
"chr5","183282362","183282655","KN297293v1","169502","169794","27","183112860"
"chr5","183455529","183455637","KN296460v1","386780","386892","20","183068749"
"chr5","183455719","183455930","KN294501v1","722922","723122","51","182732797"
"chr5","183484125","183484386","KN295586v1","560007","560262","66","182924118"
"chr5","183531445","183531685","KN295319v1","558032","558295","68","182973413"
"chr5","183543761","183543987","KN296167v1","70259","70507","67","183473502"
"chr5","183555076","183555205","KN295814v1","1458160","1458289","17","182096916"
"chr5","183557941","183558211","KN294991v1","2188785","2189065","66","181369156"
"chr5","183560946","183561247","KN294977v1","127396","127698","60","183433550"
"chr5","183563303","183563427","KN296921v1","3238380","3238499","13","180324923"
"chr5","183566132","183566423","KN294630v1","691275","691571","55","182874857"
"chr5","183570720","183571007","KN296311v1","2689905","2690173","79","180880815"
"chr5","183595971","183596198","KN296955v1","957656","957870","61","182638315"
"chr5","183606477","183606721","KN294570v1","372173","372407","61","183234304"
"chr5","183612751","183613044","KN296311v1","7675341","7675631","64","175937410"
"chr5","183613046","183613177","KN296859v1","2216056","2216189","31","181396990"
"chr5","183617007","183617310","KN296505v1","21654","21951","74","183595353"
"chr5","183618474","183618773","KN297154v1","697200","697501","59","182921274"
"chr5","183633735","183634013","KN296122v1","514388","514663","67","183119347"
"chr5","183648701","183648996","KN296017v1","366720","367014","57","183281981"
"chr5","183660000","183660311","KN296365v1","578722","579023","66","183081278"
"chr5","183679264","183679543","KN297046v1","2919998","2920254","86","180759266"
"chr5","183703866","183704132","KN295586v1","2499424","2499712","72","181204442"
"chr6","3801083","3801161","KN294470v1","2517228","2517303","27","1283855"
"chr6","13893467","13893765","KN296311v1","3727125","3727424","54","10166342"
"chr6","18087925","18088220","KN294161v1","286397","286705","67","17801528"
"chr6","35258133","35258429","KN296247v1","136187","136483","66","35121946"
"chr6","35782544","35782837","KN297323v1","160302","160590","59","35622242"
"chr6","46268317","46268626","KN296970v1","564011","564323","20","45704306"
"chr6","103546745","103546987","KN295708v1","1264256","1264497","62","102282489"
"chr6","106168296","106168591","KN296486v1","1337566","1337861","55","104830730"
"chr6","114687884","114688176","KN296508v1","646832","647128","61","114041052"
"chr6","157417470","157417673","KN295154v1","210689","210891","36","157206781"
"chr6","209756","210039","KN297186v1","88863","89159","26","120893"
"chr6","213875","214109","KN297186v1","92990","93223","19","120885"
"chr6","343889","344161","KN297186v1","228160","228426","30","115729"
"chr6","424216","424338","KN297186v1","307975","308102","13","116241"
"chr6","445285","445515","KN297186v1","328696","328932","21","116589"
"chr6","482343","482508","KN295236v1","786143","786308","41","303800"
"chr6","599617","599921","KN297186v1","480367","480665","25","119250"
"chr6","633912","634192","KN294613v1","759640","759919","63","125728"
"chr6","670948","671121","KN294583v1","160557","160720","38","510391"
"chr6","671202","671496","KN297186v1","549702","550006","30","121500"
"chr6","806651","806765","KN297186v1","689549","689663","8","117102"
"chr6","844591","844868","KN297186v1","726350","726628","23","118241"
"chr6","914446","914738","KN297186v1","798483","798758","38","115963"
"chr6","952796","953011","KN297186v1","835427","835640","14","117369"
"chr6","985857","986055","KN297186v1","876053","876224","40","109804"
"chr6","997362","997472","KN297186v1","885690","885805","8","111672"
"chr6","1011335","1011618","KN295315v1","2422633","2422921","55","1411298"
"chr6","1012738","1012832","KN295940v1","103161","103258","16","909577"
"chr6","1050568","1050859","KN297186v1","940983","941275","23","109585"
"chr6","1069824","1070117","KN297186v1","962054","962344","29","107770"
"chr6","1155502","1155782","KN297186v1","1048335","1048632","37","107167"
"chr6","1204912","1205206","KN297186v1","1099479","1099772","24","105433"
"chr6","1260700","1260988","KN297186v1","1153761","1154046","39","106939"
"chr6","1283619","1283934","KN297186v1","1177580","1177886","33","106039"
"chr6","1298313","1298600","KN297186v1","1194277","1194568","26","104036"
"chr6","1304363","1304656","KN297186v1","1200495","1200795","38","103868"
"chr6","1334548","1334769","KN294964v1","443494","443707","41","891054"
"chr6","1349166","1349462","KN294911v1","4449731","4450022","61","3100565"
"chr6","1355202","1355271","KN297186v1","1252658","1252721","15","102544"
"chr6","1429035","1429238","KN297186v1","1316594","1316800","23","112441"
"chr6","1444456","1444750","KN297186v1","1332083","1332376","27","112373"
"chr6","1476877","1476993","KN295236v1","2325069","2325170","28","848192"
"chr6","1484147","1484409","KN297186v1","1371843","1372106","23","112304"
"chr6","1485032","1485323","KN297186v1","1372763","1373050","31","112269"
"chr6","1488037","1488344","KN294462v1","421387","421690","67","1066650"
"chr6","1500671","1500976","KN294172v1","4180696","4181003","63","2680025"
"chr6","1522111","1522413","KN297186v1","1410574","1410881","20","111537"
"chr6","1526478","1526787","KN295936v1","1429651","1429952","58","96827"
"chr6","1568303","1568599","KN294848v1","11435","11727","54","1556868"
"chr6","1683581","1683867","KN295257v1","2081483","2081768","21","397902"
"chr6","1710176","1710453","KN295257v1","2052922","2053209","30","342746"
"chr6","1716612","1716892","KN295257v1","2046369","2046649","23","329757"
"chr6","1811077","1811373","KN295257v1","1946286","1946584","26","135209"
"chr6","1813865","1814165","KN295257v1","1943473","1943778","27","129608"
"chr6","1821634","1821799","KN296096v1","3910451","3910626","40","2088817"
"chr6","1821845","1821914","KN295236v1","1482749","1482815","8","339096"
"chr6","1884120","1884253","KN295257v1","1873315","1873446","8","10805"
"chr6","1890368","1890661","KN295257v1","1866906","1867197","25","23462"
"chr6","1940545","1940849","KN295257v1","1823983","1824295","35","116562"
"chr6","1946021","1946326","KN295257v1","1816869","1817186","45","129152"
"chr6","1978030","1978325","KN295257v1","1780054","1780346","20","197976"
"chr6","2007376","2007510","KN295257v1","1750120","1750246","15","257256"
"chr6","2058234","2058406","KN295257v1","1700805","1700958","29","357429"
"chr6","2069271","2069570","KN295257v1","1688803","1689101","15","380468"
"chr6","2103134","2103434","KN295257v1","1654702","1655002","18","448432"
"chr6","2170950","2171193","KN295257v1","1585125","1585389","49","585825"
"chr6","2176709","2176999","KN295257v1","1578968","1579270","55","597741"
"chr6","2192823","2193128","KN295257v1","1561562","1561841","39","631261"
"chr6","2227157","2227462","KN296513v1","108168","108464","53","2118989"
"chr6","2227560","2227865","KN295257v1","1532382","1532698","32","695178"
"chr6","2266825","2266930","KN295257v1","1489807","1489909","7","777018"
"chr6","2267296","2267485","KN295257v1","1489250","1489441","12","778046"
"chr6","2341624","2341922","KN295257v1","1415593","1415876","37","926031"
"chr6","2348332","2348624","KN294987v1","797207","797503","56","1551125"
"chr6","2350939","2351042","KN294458v1","70817","70915","21","2280122"
"chr6","2351109","2351355","KN295744v1","187097","187357","59","2164012"
"chr6","2374366","2374647","KN296406v1","10168","10460","60","2364198"
"chr6","2403967","2404263","KN295257v1","1350597","1350890","28","1053370"
"chr6","2427056","2427285","KN297197v1","1590691","1590924","53","836365"
"chr6","2427669","2427714","KN295119v1","91071","91119","11","2336598"
"chr6","2427716","2427873","KN294806v1","535637","535792","31","1892079"
"chr6","2428354","2428681","KN295257v1","1326309","1326652","40","1102045"
"chr6","2521459","2521730","KN295257v1","1229552","1229846","47","1291907"
"chr6","2539568","2539872","KN295257v1","1205947","1206245","26","1333621"
"chr6","2594943","2595254","KN296322v1","2221545","2221850","51","373398"
"chr6","2651262","2651578","KN295257v1","1088959","1089251","38","1562303"
"chr6","2672927","2673231","KN294571v1","2017016","2017317","59","655911"
"chr6","2689849","2689983","KN295257v1","1050006","1050136","21","1639843"
"chr6","2732888","2733193","KN294172v1","4180696","4181003","54","1447808"
"chr6","2740908","2741207","KN297319v1","214169","214469","61","2526739"
"chr6","2755636","2755924","KN295257v1","986437","986724","20","1769199"
"chr6","2770605","2770831","KN295257v1","970734","970962","16","1799871"
"chr6","2791086","2791361","KN295257v1","954054","954328","22","1837032"
"chr6","2822367","2822650","KN295257v1","924854","925130","23","1897513"
"chr6","2844265","2844567","KN295257v1","905951","906262","34","1938314"
"chr6","2879184","2879404","KN295257v1","871821","872041","13","2007363"
"chr6","2879683","2879768","KN295257v1","871458","871539","10","2008225"
"chr6","2887525","2887647","KN297242v1","1086093","1086216","19","1801432"
"chr6","2892427","2892587","KN296934v1","554345","554502","33","2338082"
"chr6","2930435","2930606","KN296225v1","18662","18827","44","2911773"
"chr6","2948043","2948165","KN296749v1","544078","544199","19","2403965"
"chr6","2949721","2949996","KN295257v1","795785","796077","36","2153936"
"chr6","2956879","2957167","KN295257v1","788914","789204","31","2167965"
"chr6","2958816","2959110","KN295257v1","786961","787256","25","2171855"
"chr6","2962391","2962699","KN295257v1","783307","783615","34","2179084"
"chr6","2972821","2973087","KN297108v1","431694","431964","55","2541127"
"chr6","2975749","2976040","KN295257v1","771773","772052","31","2203976"
"chr6","3025406","3025678","KN295257v1","725914","726164","44","2299492"
"chr6","3028526","3028811","KN295601v1","3214186","3214464","63","185660"
"chr6","3031623","3031889","KN296959v1","1045812","1046085","69","1985811"
"chr6","3046967","3047211","KN295257v1","701083","701323","35","2345884"
"chr6","3082313","3082625","KN295257v1","666934","667231","33","2415379"
"chr6","3271417","3271710","KN295257v1","579085","579382","33","2692332"
"chr6","3274559","3274859","KN296538v1","1793220","1793524","53","1481339"
"chr6","3278698","3278993","KN295257v1","571356","571638","34","2707342"
"chr6","3344308","3344556","KN295294v1","2247366","2247622","56","1096942"
"chr6","3364417","3364723","KN295257v1","486876","487182","45","2877541"
"chr6","3423934","3424239","KN295257v1","422394","422700","22","3001540"
"chr6","3477277","3477573","KN296096v1","2968459","2968759","56","508818"
"chr6","3570069","3570357","KN295257v1","270444","270743","36","3299625"
"chr6","3598195","3598368","KN295257v1","229898","230084","27","3368297"
"chr6","3625946","3626246","KN296502v1","865511","865812","76","2760435"
"chr6","3644042","3644261","KN295257v1","185469","185689","16","3458573"
"chr6","3662177","3662469","KN295257v1","166217","166505","22","3495960"
"chr6","3721313","3721605","KN295257v1","110172","110464","22","3611141"
"chr6","3742736","3743003","KN295257v1","91689","91959","30","3651047"
"chr6","3814837","3815005","KN294509v1","1295023","1295187","34","2519814"
"chr6","3837899","3838160","KN295257v1","2276","2544","24","3835623"
"chr6","3842625","3842905","KN296009v1","1469851","1470110","48","2372774"
"chr6","3899512","3899803","KN296009v1","1410102","1410383","35","2489410"
"chr6","3961574","3961653","KN296743v1","359326","359405","19","3602248"
"chr6","3965254","3965563","KN297322v1","393648","393950","58","3571606"
"chr6","3980370","3980636","KN296009v1","1318883","1319149","16","2661487"
"chr6","4009178","4009301","KN294848v1","271065","271189","20","3738113"
"chr6","4010313","4010482","KN296009v1","1284399","1284569","12","2725914"
"chr6","4037947","4038151","KN296009v1","1255946","1256144","16","2782001"
"chr6","4051967","4052282","KN294453v1","4527","4826","72","4047440"
"chr6","4081253","4081475","KN296009v1","1212654","1212865","23","2868599"
"chr6","4108896","4109184","KN296009v1","1184572","1184874","33","2924324"
"chr6","4110908","4111219","KN294991v1","693040","693334","77","3417868"
"chr6","4119463","4119686","KN296009v1","1178617","1178840","21","2940846"
"chr6","4144446","4144486","KN296481v1","155427","155465","7","3989019"
"chr6","4226603","4226866","KN296643v1","798220","798489","56","3428383"
"chr6","4233019","4233291","KN296009v1","1051510","1051768","29","3181509"
"chr6","4260773","4261030","KN296009v1","1025886","1026149","17","3234887"
"chr6","4291868","4292159","KN296009v1","993647","993932","19","3298221"
"chr6","4293091","4293248","KN296063v1","956210","956375","58","3336881"
"chr6","4404184","4404425","KN296009v1","886707","886950","28","3517477"
"chr6","4472349","4472570","KN296195v1","16893","17114","66","4455456"
"chr6","4485413","4485720","KN296009v1","794187","794509","37","3691226"
"chr6","4520149","4520444","KN296009v1","759637","759931","24","3760512"
"chr6","4557815","4557911","KN296009v1","721683","721778","8","3836132"
"chr6","4586606","4586861","KN296009v1","686756","687027","24","3899850"
"chr6","4599442","4599738","KN296009v1","675432","675733","29","3924010"
"chr6","4604848","4604940","KN295984v1","3185589","3185666","30","1419259"
"chr6","4605644","4605875","KN294630v1","657583","657792","62","3948061"
"chr6","4612808","4612939","KN294499v1","1177758","1177887","23","3435050"
"chr6","4631762","4632058","KN296009v1","642195","642491","21","3989567"
"chr6","4651696","4651810","KN294874v1","268490","268597","37","4383206"
"chr6","4652442","4652490","KN297154v1","681572","681620","10","3970870"
"chr6","4656016","4656300","KN296009v1","618778","619080","38","4037238"
"chr6","4694546","4694844","KN296145v1","809194","809494","63","3885352"
"chr6","4702951","4703184","KN296009v1","573453","573683","26","4129498"
"chr6","4704277","4704575","KN296009v1","574769","575065","19","4129508"
"chr6","4719264","4719493","KN296009v1","590111","590340","25","4129153"
"chr6","4733303","4733612","KN296009v1","535813","536119","33","4197490"
"chr6","4734429","4734622","KN297046v1","2332756","2332927","52","2401673"
"chr6","4738947","4739241","KN296009v1","529244","529504","56","4209703"
"chr6","4739342","4739624","KN295236v1","3316606","3316902","68","1422736"
"chr6","4743671","4743897","KN296009v1","524513","524741","21","4219158"
"chr6","4747644","4747767","KN294470v1","427323","427447","28","4320321"
"chr6","4754153","4754449","KN296009v1","514557","514873","51","4239596"
"chr6","4765825","4766116","KN295825v1","2377204","2377499","53","2388621"
"chr6","4766571","4766869","KN296009v1","501041","501339","20","4265530"
"chr6","4769848","4769937","KN296009v1","497906","497995","7","4271942"
"chr6","4771811","4771935","KN296009v1","495873","496002","10","4275938"
"chr6","4823595","4823884","KN296009v1","443540","443846","46","4380055"
"chr6","4874091","4874392","KN296009v1","398936","399241","33","4475155"
"chr6","4876594","4876769","KN296009v1","396050","396225","12","4480544"
"chr6","4918807","4918996","KN295930v1","791138","791305","54","4127669"
"chr6","4919252","4919421","KN295343v1","196671","196838","36","4722581"
"chr6","4955872","4955986","KN296009v1","316352","316465","5","4639520"
"chr6","4984523","4984810","KN296009v1","284716","285007","23","4699807"
"chr6","5001003","5001060","KN296009v1","270299","270356","2","4730704"
"chr6","5002232","5002404","KN296009v1","268935","269110","18","4733297"
"chr6","5011437","5011714","KN296009v1","259775","260066","47","4751662"
"chr6","5025540","5025843","KN296009v1","240931","241239","26","4784609"
"chr6","5029164","5029457","KN296009v1","237346","237661","46","4791818"
"chr6","5045224","5045502","KN296009v1","171199","171477","23","4874025"
"chr6","5049921","5050205","KN296009v1","166532","166820","15","4883389"
"chr6","5058540","5058731","KN296009v1","152611","152803","19","4905929"
"chr6","5066703","5067001","KN296009v1","144286","144588","58","4922417"
"chr6","5070826","5070964","KN296009v1","140365","140498","13","4930461"
"chr6","5076402","5076694","KN296009v1","134828","135122","21","4941574"
"chr6","5077702","5078017","KN295433v1","579573","579870","71","4498129"
"chr6","5078457","5078618","KN296009v1","132752","132920","16","4945705"
"chr6","5080735","5081104","KN295605v1","93919","94300","109","4986816"
"chr6","5083231","5083357","KN296009v1","127979","128104","11","4955252"
"chr6","5089247","5089537","KN296009v1","121256","121582","62","4967991"
"chr6","5112664","5112979","KN296009v1","96972","97272","38","5015692"
"chr6","5114674","5114967","KN297320v1","1234476","1234772","56","3880198"
"chr6","5120323","5120591","KN294214v1","375708","375973","72","4744615"
"chr6","5174995","5175288","KN296009v1","32407","32690","25","5142588"
"chr6","5206838","5207151","KN294372v1","683041","683334","78","4523797"
"chr6","5236746","5237038","KN296964v1","346060","346359","75","4890686"
"chr6","5239672","5239959","KN296761v1","29028","29315","21","5210644"
"chr6","5292827","5293110","KN296761v1","82692","82988","33","5210135"
"chr6","5308725","5309017","KN295692v1","685430","685721","59","4623295"
"chr6","5309619","5309773","KN294513v1","271944","272095","42","5037675"
"chr6","5368987","5369160","KN296761v1","175915","176079","29","5193072"
"chr6","5436294","5436594","KN296761v1","245763","246087","43","5190531"
"chr6","5448628","5448937","KN296761v1","257003","257305","27","5191625"
"chr6","5496763","5497074","KN296761v1","306120","306447","32","5190643"
"chr6","5616559","5616854","KN296761v1","428450","428721","41","5188109"
"chr6","5639518","5639795","KN296761v1","453330","453614","25","5186188"
"chr6","5678873","5679180","KN296761v1","493725","494025","27","5185148"
"chr6","5713204","5713503","KN296761v1","522658","522965","32","5190546"
"chr6","5727161","5727414","KN296761v1","537061","537302","26","5190100"
"chr6","5739300","5739600","KN296761v1","549396","549694","27","5189904"
"chr6","5756476","5756774","KN296761v1","566558","566869","25","5189918"
"chr6","5781753","5782009","KN296761v1","592619","592871","30","5189134"
"chr6","5792308","5792514","KN296761v1","603179","603389","14","5189129"
"chr6","5998541","5998831","KN294630v1","711184","711477","52","5287357"
"chr6","6003301","6003596","KN296761v1","805597","805910","35","5197704"
"chr6","6039170","6039228","KN296682v1","3992760","3992811","15","2046410"
"chr6","6227331","6227619","KN296761v1","1031693","1031977","24","5195638"
"chr6","6242815","6242844","KN296306v1","1383657","1383684","5","4859158"
"chr6","6242888","6243165","KN296761v1","1040046","1040333","35","5202842"
"chr6","6283378","6283656","KN296761v1","1080755","1081031","23","5202623"
"chr6","6372023","6372289","KN296761v1","1159627","1159935","59","5212396"
"chr6","6464443","6464649","KN295236v1","6157701","6157898","47","306742"
"chr6","6552187","6552302","KN294960v1","27605","27729","16","6524582"
"chr6","6570396","6570657","KN296000v1","1098458","1098714","63","5471938"
"chr6","6599684","6599868","KN294592v1","109284","109472","49","6490400"
"chr6","6602350","6602660","KN294911v1","2429640","2429948","72","4172710"
"chr6","6662177","6662484","KN296547v1","901121","901430","67","5761056"
"chr6","6735193","6735398","KN295666v1","1200403","1200599","47","5534790"
"chr6","6743328","6743627","KN294848v1","1395768","1396072","62","5347560"
"chr6","6779720","6780014","KN296079v1","1376026","1376316","57","5403694"
"chr6","6785687","6785990","KN295345v1","1344293","1344596","72","5441394"
"chr6","6836662","6836962","KN296311v1","7907830","7908116","66","1071168"
"chr6","6844567","6844688","KN295722v1","2720205","2720326","18","4124362"
"chr6","6972879","6973027","KN295586v1","284606","284752","25","6688273"
"chr6","6987249","6987375","KN294172v1","3288243","3288371","20","3699006"
"chr6","6988112","6988222","KN295371v1","146134","146244","20","6841978"
"chr6","7004626","7004881","KN295371v1","499313","499573","62","6505313"
"chr6","7014072","7014343","KN297159v1","1611072","1611341","60","5403000"
"chr6","7040500","7040622","KN297046v1","39490","39613","16","7001010"
"chr6","7043634","7043925","KN294848v1","11435","11727","54","7032199"
"chr6","7051048","7051303","KN294444v1","373486","373751","58","6677562"
"chr6","7056893","7057055","KN295241v1","260655","260813","35","6796238"
"chr6","7057101","7057215","KN294289v1","283285","283399","17","6773816"
"chr6","7082345","7082651","KN296294v1","194265","194578","69","6888080"
"chr6","7085400","7085673","KN296883v1","3258648","3258914","55","3826752"
"chr6","7097727","7098016","KN296864v1","3187581","3187876","71","3910146"
"chr6","7100244","7100376","KN295034v1","350888","351017","23","6749356"
"chr6","7100627","7100781","KN294848v1","1091944","1092098","29","6008683"
"chr6","7101821","7102137","KN296009v1","237346","237661","65","6864475"
"chr6","7103392","7103680","KN295605v1","356337","356623","56","6747055"
"chr6","7116322","7116607","KN295907v1","1551637","1551916","59","5564685"
"chr6","7116609","7116923","KN294470v1","3146483","3146791","58","3970126"
"chr6","7143162","7143456","KN295038v1","1531301","1531595","47","5611861"
"chr6","7149841","7150146","KN294848v1","46660","46962","59","7103181"
"chr6","7153154","7153268","KN295205v1","1735810","1735927","12","5417344"
"chr6","7157823","7158131","KN296453v1","647287","647590","64","6510536"
"chr6","7166195","7166315","KN294262v1","3007214","3007335","23","4158981"
"chr6","7201879","7202164","KN296528v1","1409160","1409450","55","5792719"
"chr6","7237157","7237239","KN297184v1","19787","19870","15","7217370"
"chr6","7237499","7237609","KN296119v1","5442855","5442972","23","1794644"
"chr6","7277174","7277466","KN295433v1","429148","429443","57","6848026"
"chr6","7277640","7277760","KN296508v1","1920097","1920221","25","5357543"
"chr6","7283204","7283340","KN297322v1","991275","991414","23","6291929"
"chr6","7327647","7327910","KN296713v1","30706","30968","48","7296941"
"chr6","7331556","7331842","KN295352v1","1392902","1393192","58","5938654"
"chr6","7333081","7333384","KN294570v1","256747","257046","65","7076334"
"chr6","7356710","7356983","KN296526v1","272582","272844","63","7084128"
"chr6","7402386","7402684","KN295744v1","654344","654638","56","6748042"
"chr6","7442001","7442284","KN296557v1","541590","541870","53","6900411"
"chr6","7452801","7453088","KN296643v1","161621","161907","51","7291180"
"chr6","7462188","7462484","KN294991v1","693040","693334","61","6769148"
"chr6","7465044","7465324","KN296430v1","368415","368695","70","7096629"
"chr6","7476885","7477182","KN296588v1","1416028","1416329","63","6060857"
"chr6","7479252","7479541","KN295236v1","4618751","4619037","66","2860501"
"chr6","7521349","7521610","KN294470v1","3006636","3006910","71","4514713"
"chr6","7534413","7534686","KN295666v1","245389","245672","58","7289024"
"chr6","7543300","7543619","KN295705v1","796730","797043","75","6746570"
"chr6","7555166","7555466","KN295744v1","666795","667086","63","6888371"
"chr6","7561970","7562259","KN296079v1","1376026","1376316","62","6185944"
"chr6","7565662","7565922","KN296096v1","1239349","1239606","58","6326313"
"chr6","7574872","7574975","KN296322v1","1684620","1684721","20","5890252"
"chr6","7575304","7575442","KN295480v1","2489755","2489891","23","5085549"
"chr6","7577602","7577882","KN294848v1","191607","191898","69","7385995"
"chr6","7583968","7584233","KN297452v1","749329","749594","51","6834639"
"chr6","7594640","7594905","KN294407v1","2363969","2364224","68","5230671"
"chr6","7605900","7606176","KN296649v1","295997","296260","73","7309903"
"chr6","7609701","7609965","KN296883v1","928567","928837","64","6681134"
"chr6","7614059","7614358","KN295936v1","240644","240938","55","7373415"
"chr6","7618908","7619206","KN297320v1","1234476","1234772","51","6384432"
"chr6","7641179","7641477","KN294630v1","741362","741665","58","6899817"
"chr6","7670455","7670773","KN295708v1","1556292","1556606","63","6114163"
"chr6","7677548","7677837","KN296732v1","2327209","2327498","60","5350339"
"chr6","7681379","7681658","KN294513v1","818583","818861","69","6862796"
"chr6","7744035","7744286","KN294964v1","1828878","1829130","53","5915157"
"chr6","7786114","7786423","KN295923v1","1715766","1716074","63","6070348"
"chr6","7791058","7791442","KN296096v1","804970","805322","104","6986088"
"chr6","7808421","7808540","KN294991v1","2020181","2020301","21","5788240"
"chr6","7810303","7810611","KN296311v1","6648305","6648605","54","1161998"
"chr6","7815320","7815577","KN295294v1","2247366","2247622","64","5567954"
"chr6","7862400","7862687","KN296225v1","641773","642064","51","7220627"
"chr6","7866251","7866524","KN297159v1","1155407","1155679","54","6710844"
"chr6","7886983","7887299","KN296290v1","775055","775367","57","7111928"
"chr6","7897298","7897423","KN294619v1","1098565","1098693","34","6798733"
"chr6","7915281","7915552","KN294187v1","147289","147562","65","7767992"
"chr6","7929501","7929796","KN295037v1","55320","55615","60","7874181"
"chr6","7933845","7933978","KN296153v1","1428739","1428872","38","6505106"
"chr6","7934158","7934482","KN294257v1","2403021","2403326","72","5531137"
"chr6","7942245","7942363","KN295350v1","572005","572123","28","7370240"
"chr6","7950258","7950550","KN297319v1","595563","595848","55","7354695"
"chr6","7993141","7993435","KN295984v1","717523","717826","62","7275618"
"chr6","7994804","7995111","KN295708v1","1860725","1861024","68","6134079"
"chr6","7995723","7996003","KN295586v1","2908076","2908370","59","5087647"
"chr6","8016017","8016280","KN294486v1","1449359","1449610","57","6566658"
"chr6","8029200","8029523","KN295820v1","821881","822196","76","7207319"
"chr6","8073181","8073467","KN294987v1","797207","797503","60","7275974"
"chr6","8114586","8114891","KN295591v1","745641","745936","63","7368945"
"chr6","8127492","8127615","KN296926v1","1064368","1064490","18","7063124"
"chr6","8245407","8245718","KN295343v1","609997","610302","63","7635410"
"chr6","8294776","8295086","KN296079v1","735527","735831","73","7559249"
"chr6","8334832","8335083","KN294187v1","1544293","1544543","58","6790539"
"chr6","8339970","8340247","KN296865v1","1358429","1358712","50","6981541"
"chr6","8340413","8340643","KN294987v1","901545","901781","58","7438868"
"chr6","8362505","8362808","KN297205v1","205027","205330","56","8157478"
"chr6","8362818","8363113","KN296225v1","641773","642064","57","7721045"
"chr6","8441360","8441642","KN296096v1","1827942","1828211","68","6613418"
"chr6","8476233","8476371","KN296731v1","1354899","1355035","28","7121334"
"chr6","8476397","8476573","KN296486v1","133266","133437","37","8343131"
"chr6","8518516","8518834","KN294874v1","202704","203018","73","8315812"
"chr6","8553550","8553669","KN296933v1","89510","89627","18","8464040"
"chr6","8553714","8553892","KN295090v1","1844954","1845132","30","6708760"
"chr6","8660315","8660616","KN296508v1","2151971","2152273","59","6508344"
"chr6","8697732","8698033","KN296481v1","88757","89064","61","8608975"
"chr6","8765010","8765294","KN296280v1","511874","512147","63","8253136"
"chr6","8892087","8892368","KN296649v1","472625","472901","62","8419462"
"chr6","8968858","8969188","KN296075v1","887511","887822","82","8081347"
"chr6","9042063","9042369","KN295553v1","357303","357607","66","8684760"
"chr6","9130955","9131187","KN297445v1","1969","2180","33","9128986"
"chr6","9269145","9269421","KN297445v1","146367","146649","33","9122778"
"chr6","9380876","9381148","KN297445v1","254358","254621","30","9126518"
"chr6","9392051","9392316","KN297445v1","265552","265832","28","9126499"
"chr6","9475905","9476174","KN297445v1","361218","361492","18","9114687"
"chr6","9686481","9686650","KN296635v1","3587020","3587182","35","6099461"
"chr6","9834870","9835151","KN297445v1","708342","708645","42","9126528"
"chr6","9876783","9877070","KN297445v1","743548","743838","20","9133235"
"chr6","10052386","10052657","KN297445v1","911298","911560","20","9141088"
"chr6","10065665","10065948","KN296921v1","899585","899868","53","9166080"
"chr6","10119110","10119405","KN294592v1","474898","475195","18","9644212"
"chr6","10192250","10192539","KN297242v1","1059911","1060208","56","9132339"
"chr6","10224533","10224841","KN297445v1","1078055","1078349","46","9146478"
"chr6","10229446","10229744","KN297445v1","1083041","1083348","31","9146405"
"chr6","10250884","10251001","KN297445v1","1112695","1112813","13","9138189"
"chr6","10295198","10295516","KN297445v1","1156179","1156498","30","9139019"
"chr6","10305211","10305515","KN297445v1","1165083","1165391","33","9140128"
"chr6","10333696","10333981","KN297445v1","1196716","1197004","23","9136980"
"chr6","10368826","10369112","KN297445v1","1232774","1233086","44","9136052"
"chr6","10436734","10437030","KN297445v1","1303759","1304055","19","9132975"
"chr6","10466355","10466643","KN297445v1","1333495","1333799","25","9132860"
"chr6","10468087","10468452","KN297445v1","1335147","1335512","18","9132940"
"chr6","10474573","10474871","KN297445v1","1341604","1341902","24","9132969"
"chr6","10482889","10483085","KN297445v1","1350932","1351126","21","9131957"
"chr6","10484399","10484675","KN295708v1","501897","502164","67","9982502"
"chr6","10484709","10484923","KN297445v1","1352912","1353126","20","9131797"
"chr6","10493628","10493929","KN297445v1","1362352","1362638","47","9131276"
"chr6","10554142","10554441","KN297445v1","1428157","1428456","13","9125985"
"chr6","10578980","10579266","KN297445v1","1453504","1453798","31","9125476"
"chr6","10579533","10579856","KN297445v1","1454084","1454425","42","9125449"
"chr6","10584473","10584644","KN296955v1","368290","368458","33","10216183"
"chr6","10648156","10648273","KN295983v1","131831","131946","14","10516325"
"chr6","10678778","10679067","KN294287v1","73551","73836","57","10605227"
"chr6","10697301","10697419","KN295236v1","3907798","3907917","19","6789503"
"chr6","10697452","10697620","KN297445v1","1585872","1586044","12","9111580"
"chr6","10712011","10712312","KN296009v1","134828","135122","53","10577183"
"chr6","10726820","10727053","KN297445v1","1616755","1616981","25","9110065"
"chr6","10740782","10740949","KN297445v1","1628893","1629062","7","9111889"
"chr6","10740967","10741251","KN297445v1","1629098","1629375","35","9111869"
"chr6","10752786","10753069","KN297445v1","1640769","1641068","62","9112017"
"chr6","10763130","10763328","KN294964v1","523425","523626","39","10239705"
"chr6","10766247","10766521","KN297445v1","1666885","1667166","26","9099362"
"chr6","10793842","10793973","KN297159v1","593328","593456","30","10200514"
"chr6","10801621","10801911","KN295365v1","618540","618829","65","10183081"
"chr6","10814387","10814594","KN295855v1","78268","78473","51","10736119"
"chr6","10834923","10835002","KN296221v1","504737","504816","16","10330186"
"chr6","10851469","10851766","KN295032v1","236917","237215","66","10614552"
"chr6","10863015","10863261","KN297227v1","665913","666155","50","10197102"
"chr6","10877200","10877483","KN295236v1","873119","873396","65","10004081"
"chr6","10934322","10934536","KN297274v1","215439","215658","40","10718883"
"chr6","10946492","10946708","KN295744v1","285256","285466","53","10661236"
"chr6","10949364","10949651","KN296864v1","3187581","3187876","61","7761783"
"chr6","11016881","11017167","KN296481v1","77336","77629","52","10939545"
"chr6","11045784","11046014","KN297404v1","36011","36240","54","11009773"
"chr6","11074076","11074377","KN295459v1","697076","697373","59","10377000"
"chr6","11074779","11075065","KN294825v1","282784","283066","53","10791995"
"chr6","11196432","11196638","KN295883v1","876549","876754","52","10319883"
"chr6","11236494","11236626","KN295096v1","397467","397596","21","10839027"
"chr6","11257727","11258029","KN294199v1","532015","532321","57","10725712"
"chr6","11289226","11289528","KN295936v1","240644","240938","67","11048582"
"chr6","11370770","11371044","KN295586v1","2577863","2578122","54","8792907"
"chr6","11385305","11385604","KN296187v1","2945122","2945419","65","8440183"
"chr6","11605186","11605350","KN297104v1","1019","1168","43","11604167"
"chr6","11679884","11680188","KN296119v1","5385215","5385515","63","6294669"
"chr6","11701025","11701163","KN297154v1","276434","276580","28","11424591"
"chr6","11751042","11751285","KN294421v1","164704","164946","54","11586338"
"chr6","11831762","11832068","KN294218v1","2882421","2882727","73","8949341"
"chr6","11915758","11916103","KN295705v1","269451","269781","40","11646307"
"chr6","11942630","11942940","KN296187v1","803116","803397","78","11139514"
"chr6","12031655","12031970","KN296460v1","344601","344912","58","11687054"
"chr6","12060184","12060491","KN294987v1","797207","797503","55","11262977"
"chr6","12094992","12095284","KN295526v1","910683","910978","63","11184309"
"chr6","12106559","12106905","KN295006v1","223050","223390","88","11883509"
"chr6","12303924","12304080","KN295345v1","976540","976688","42","11327384"
"chr6","12304113","12304232","KN296442v1","554026","554140","28","11750087"
"chr6","12328345","12328629","KN296507v1","732738","733022","55","11595607"
"chr6","12371405","12371540","KN296122v1","83204","83339","18","12288201"
"chr6","12378484","12378605","KN295022v1","197977","198099","21","12180507"
"chr6","12397603","12397912","KN295566v1","254640","254952","53","12142963"
"chr6","12413958","12414078","KN295343v1","902695","902815","22","11511263"
"chr6","12414106","12414263","KN296507v1","539691","539848","30","11874415"
"chr6","12419789","12420085","KN296017v1","366720","367014","46","12053069"
"chr6","12431783","12432106","KN296158v1","77381","77686","69","12354402"
"chr6","12493178","12493490","KN296153v1","3375897","3376205","58","9117281"
"chr6","12509867","12510154","KN294630v1","711184","711477","54","11798683"
"chr6","12518062","12518371","KN296158v1","77381","77686","49","12440681"
"chr6","12528049","12528359","KN294446v1","789818","790124","66","11738231"
"chr6","12565547","12565827","KN295294v1","3452561","3452841","65","9112986"
"chr6","12681339","12681629","KN295365v1","138576","138875","66","12542763"
"chr6","12738652","12738865","KN297442v1","231184","231387","46","12507468"
"chr6","12743876","12744028","KN296486v1","1377618","1377768","32","11366258"
"chr6","12744350","12744479","KN295592v1","1958246","1958370","29","10786104"
"chr6","12776980","12777290","KN296247v1","558050","558361","64","12218930"
"chr6","12785432","12785719","KN296187v1","841777","842070","57","11943655"
"chr6","12795390","12795669","KN294486v1","131299","131579","60","12664091"
"chr6","12836540","12836857","KN296311v1","3358167","3358474","56","9478373"
"chr6","12881882","12882191","KN297245v1","2036362","2036663","67","10845520"
"chr6","12884589","12884930","KN297227v1","715440","715763","90","12169149"
"chr6","12889571","12889894","KN296508v1","2151971","2152273","82","10737600"
"chr6","12903826","12904036","KN295038v1","280109","280313","52","12623717"
"chr6","12917688","12917794","KN295315v1","1120332","1120437","20","11797356"
"chr6","12927605","12927890","KN295705v1","167120","167406","68","12760485"
"chr6","12932150","12932459","KN294536v1","1003033","1003339","64","11929117"
"chr6","12941692","12941988","KN296108v1","844621","844908","62","12097071"
"chr6","12943652","12943948","KN297197v1","4103559","4103851","69","8840093"
"chr6","12948361","12948654","KN296079v1","1376026","1376316","58","11572335"
"chr6","12949491","12949749","KN296311v1","5549142","5549397","57","7400349"
"chr6","13002897","13003204","KN296311v1","3358167","3358474","58","9644730"
"chr6","13027246","13027551","KN295825v1","2377204","2377499","60","10650042"
"chr6","13034116","13034286","KN295198v1","613084","613244","39","12421032"
"chr6","13044717","13045027","KN295343v1","329489","329788","64","12715228"
"chr6","13046319","13046641","KN296503v1","189807","190115","72","12856512"
"chr6","13060702","13060949","KN294291v1","861781","862027","51","12198921"
"chr6","13075214","13075519","KN294700v1","341723","342031","58","12733491"
"chr6","13119619","13119899","KN296178v1","532126","532401","63","12587493"
"chr6","13157400","13157704","KN297154v1","1589984","1590287","79","11567416"
"chr6","13164180","13164485","KN295708v1","942558","942872","67","12221622"
"chr6","13235070","13235345","KN296625v1","153154","153447","65","13081916"
"chr6","13258623","13258897","KN294800v1","58275","58560","58","13200348"
"chr6","13265976","13266281","KN295474v1","720854","721152","62","12545122"
"chr6","13283552","13283844","KN295236v1","4459328","4459609","65","8824224"
"chr6","13321000","13321276","KN296263v1","1072800","1073083","56","12248200"
"chr6","13322371","13322597","KN296195v1","16893","17114","45","13305478"
"chr6","13343143","13343439","KN296864v1","3187581","3187876","51","10155562"
"chr6","13396223","13396481","KN296119v1","830788","831050","61","12565435"
"chr6","13412528","13412811","KN294848v1","912345","912627","61","12500183"
"chr6","13437668","13437873","KN296119v1","5288276","5288496","55","8149392"
"chr6","13470494","13470740","KN294407v1","3261413","3261668","52","10209081"
"chr6","13483288","13483601","KN296322v1","2221545","2221850","57","11261743"
"chr6","13554000","13554270","KN294385v1","643509","643776","60","12910491"
"chr6","13570547","13570794","KN295722v1","2318058","2318303","56","11252489"
"chr6","13583507","13583817","KN296847v1","47763","48072","61","13535744"
"chr6","13583870","13584041","KN295091v1","2682397","2682573","36","10901473"
"chr6","13584336","13584479","KN296921v1","871014","871144","49","12713322"
"chr6","13587098","13587373","KN296093v1","78953","79230","68","13508145"
"chr6","13610319","13610448","KN296682v1","2583330","2583453","21","11026989"
"chr6","13611714","13611876","KN295236v1","152581","152741","29","13459133"
"chr6","13612171","13612318","KN296117v1","327288","327432","29","13284883"
"chr6","13642074","13642383","KN296864v1","2396151","2396454","51","11245923"
"chr6","13649333","13649627","KN294446v1","520477","520773","71","13128856"
"chr6","13665812","13666092","KN295667v1","352846","353122","56","13312966"
"chr6","13697021","13697289","KN295308v1","1970958","1971230","66","11726063"
"chr6","13705997","13706294","KN296481v1","94933","95220","72","13611064"
"chr6","13708720","13708916","KN294581v1","247899","248101","50","13460821"
"chr6","13722568","13722731","KN296442v1","236908","237069","40","13485660"
"chr6","13722768","13722891","KN297274v1","337343","337466","18","13385425"
"chr6","13773243","13773505","KN294260v1","560401","560656","63","13212842"
"chr6","13782094","13782380","KN294470v1","1648091","1648388","57","12134003"
"chr6","13809144","13809436","KN294630v1","741362","741665","58","13067782"
"chr6","13812723","13813016","KN296864v1","897793","898088","56","12914930"
"chr6","13826158","13826457","KN295984v1","1299071","1299366","62","12527087"
"chr6","13904506","13904811","KN296365v1","359592","359889","71","13544914"
"chr6","13934005","13934275","KN295825v1","1930585","1930851","62","12003420"
"chr6","13934799","13935098","KN295107v1","1051267","1051565","53","12883532"
"chr6","13935153","13935270","KN295633v1","2105379","2105496","12","11829774"
"chr6","13993390","13993506","KN294728v1","1428567","1428682","13","12564823"
"chr6","13997790","13997905","KN295977v1","642587","642704","15","13355203"
"chr6","14003650","14003865","KN294650v1","65157","65361","58","13938493"
"chr6","14022186","14022496","KN296404v1","3404152","3404452","62","10618034"
"chr6","14031539","14031776","KN295923v1","1292660","1292892","49","12738879"
"chr6","14034736","14035011","KN296153v1","2069014","2069277","63","11965722"
"chr6","14072906","14073209","KN294973v1","67595","67883","82","14005311"
"chr6","14097522","14097846","KN295375v1","841215","841504","86","13256307"
"chr6","14098906","14099193","KN294591v1","565952","566255","74","13532954"
"chr6","14147104","14147385","KN295814v1","1102555","1102837","73","13044549"
"chr6","14169625","14169744","KN295045v1","526689","526806","15","13642936"
"chr6","14174218","14174342","KN295988v1","43746","43870","18","14130472"
"chr6","14276966","14277269","KN297245v1","1626619","1626910","65","12650347"
"chr6","14343522","14343827","KN297320v1","1234476","1234772","65","13109046"
"chr6","14357284","14357600","KN296404v1","3404152","3404452","67","10953132"
"chr6","14370407","14370692","KN294193v1","665832","666113","59","13704575"
"chr6","14400988","14401287","KN294630v1","741362","741665","54","13659626"
"chr6","14463641","14463922","KN296187v1","179226","179507","47","14284415"
"chr6","14530880","14531150","KN295586v1","4728002","4728288","70","9802878"
"chr6","14578491","14578809","KN295586v1","1578389","1578700","70","13000102"
"chr6","14647839","14648161","KN296827v1","10853","11168","66","14636986"
"chr6","14664157","14664417","KN297227v1","1132978","1133236","59","13531179"
"chr6","14666949","14667235","KN294539v1","1350436","1350725","54","13316513"
"chr6","14724206","14724497","KN294451v1","351575","351870","72","14372631"
"chr6","14827744","14828054","KN295705v1","643615","643917","68","14184129"
"chr6","14916747","14917039","KN295936v1","928734","929029","51","13988013"
"chr6","14941280","14941561","KN296187v1","1240968","1241249","68","13700312"
"chr6","14944205","14944507","KN296200v1","100793","101087","63","14843412"
"chr6","14972375","14972519","KN294410v1","170195","170343","31","14802180"
"chr6","14972545","14972661","KN294235v1","784908","785024","16","14187637"
"chr6","14978949","14979125","KN296311v1","691696","691874","50","14287253"
"chr6","14982814","14983106","KN296864v1","3187581","3187876","57","11795233"
"chr6","15029430","15029721","KN295692v1","685430","685721","67","14344000"
"chr6","15039377","15039539","KN295936v1","2249687","2249848","33","12789690"
"chr6","15050733","15051038","KN296406v1","163962","164264","48","14886771"
"chr6","15053351","15053531","KN294893v1","187082","187259","35","14866269"
"chr6","15078035","15078249","KN294536v1","1382490","1382697","61","13695545"
"chr6","15080302","15080597","KN296528v1","1430333","1430622","51","13649969"
"chr6","15106988","15107097","KN296849v1","194492","194608","18","14912496"
"chr6","15126928","15127207","KN296096v1","1827942","1828211","70","13298986"
"chr6","15146646","15146936","KN296119v1","5266028","5266328","56","9880618"
"chr6","15154182","15154457","KN295236v1","873119","873396","65","14281063"
"chr6","15158154","15158453","KN295984v1","3197280","3197579","66","11960874"
"chr6","15177289","15177389","KN295315v1","794913","795005","19","14382376"
"chr6","15185289","15185489","KN295294v1","1143621","1143828","51","14041668"
"chr6","15194967","15195251","KN295110v1","75714","75989","71","15119253"
"chr6","15196261","15196395","KN294634v1","303368","303505","27","14892893"
"chr6","15196429","15196743","KN296262v1","181850","182149","65","15014579"
"chr6","15200630","15200930","KN297320v1","1234476","1234772","53","13966154"
"chr6","15219869","15220163","KN294199v1","65187","65474","57","15154682"
"chr6","15224102","15224405","KN294540v1","700946","701234","65","14523156"
"chr6","15249278","15249567","KN296809v1","98359","98638","78","15150919"
"chr6","15252168","15252479","KN295430v1","989467","989768","61","14262701"
"chr6","15300918","15301170","KN295940v1","380517","380765","61","14920401"
"chr6","15311572","15311882","KN294945v1","733168","733476","81","14578404"
"chr6","15331177","15331301","KN295894v1","3700596","3700719","19","11630581"
"chr6","15336053","15336334","KN295592v1","2120017","2120297","60","13216036"
"chr6","15338814","15338948","KN294387v1","2325079","2325214","45","13013735"
"chr6","15352482","15352756","KN296503v1","96429","96710","62","15256053"
"chr6","15360794","15361093","KN297245v1","2036362","2036663","57","13324432"
"chr6","15379611","15379880","KN294439v1","237007","237278","66","15142604"
"chr6","15379940","15380047","KN295319v1","541316","541422","16","14838624"
"chr6","15395220","15395516","KN297023v1","366674","366966","56","15028546"
"chr6","15421721","15422024","KN294991v1","1688286","1688581","67","13733435"
"chr6","15449606","15449816","KN294591v1","393354","393562","45","15056252"
"chr6","15451847","15451996","KN297154v1","276434","276580","35","15175413"
"chr6","15452283","15452423","KN295205v1","1575115","1575253","34","13877168"
"chr6","15453470","15453785","KN297227v1","778221","778549","80","14675249"
"chr6","15456070","15456249","KN295722v1","2530724","2530897","36","12925346"
"chr6","15456546","15456670","KN296685v1","100747","100874","27","15355799"
"chr6","15489644","15489989","KN294598v1","309398","309725","98","15180246"
"chr6","15510793","15511085","KN294218v1","2874160","2874450","68","12636633"
"chr6","15512514","15512813","KN294825v1","410352","410642","68","15102162"
"chr6","15608634","15608814","KN296311v1","7791954","7792135","53","7816680"
"chr6","15632938","15633128","KN296187v1","1488643","1488824","50","14144295"
"chr6","15646615","15646926","KN296588v1","977314","977623","75","14669301"
"chr6","15668094","15668419","KN296096v1","603653","603969","77","15064441"
"chr6","15673788","15673950","KN294995v1","70471","70637","47","15603317"
"chr6","15683878","15684164","KN294842v1","1926210","1926498","59","13757668"
"chr6","15734435","15734694","KN294187v1","1544293","1544543","71","14190142"
"chr6","15747909","15748201","KN296311v1","3727125","3727424","54","12020784"
"chr6","15771354","15771469","KN297008v1","4554120","4554234","17","11217234"
"chr6","15785732","15786007","KN296825v1","1365525","1365806","52","14420207"
"chr6","15804422","15804716","KN296145v1","809194","809494","49","14995228"
"chr6","15825863","15825935","KN294399v1","159288","159351","20","15666575"
"chr6","15875968","15876258","KN296079v1","1376026","1376316","54","14499942"
"chr6","15879217","15879512","KN295803v1","1287741","1288030","56","14591476"
"chr6","15918822","15919134","KN295591v1","705545","705842","63","15213277"
"chr6","16002358","16002467","KN296178v1","212049","212171","30","15790309"
"chr6","16007682","16007956","KN295366v1","210273","210549","56","15797409"
"chr6","16028969","16029275","KN297008v1","1477900","1478200","60","14551069"
"chr6","16071663","16071836","KN295722v1","2530724","2530897","36","13540939"
"chr6","16071868","16071986","KN295936v1","1084591","1084708","19","14987277"
"chr6","16078796","16079152","KN295090v1","1698681","1699044","100","14380115"
"chr6","16108784","16109081","KN295090v1","2290575","2290869","57","13818209"
"chr6","16126760","16127060","KN294172v1","4205913","4206212","59","11920847"
"chr6","16157681","16158004","KN296119v1","3710935","3711233","73","12446746"
"chr6","16198120","16198405","KN294520v1","296869","297156","55","15901251"
"chr6","16218506","16218792","KN294172v1","4846254","4846523","66","11372252"
"chr6","16257121","16257408","KN297327v1","998942","999237","55","15258179"
"chr6","16308239","16308552","KN295923v1","1997557","1997864","66","14310682"
"chr6","16401411","16401698","KN296153v1","3558916","3559205","59","12842495"
"chr6","16431248","16431426","KN295893v1","2758839","2759013","37","13672409"
"chr6","16443407","16443672","KN296959v1","1045812","1046085","66","15397595"
"chr6","16485974","16486095","KN297242v1","1086093","1086216","25","15399881"
"chr6","16491270","16491386","KN295459v1","1077631","1077747","14","15413639"
"chr6","16518605","16518899","KN295586v1","2908076","2908370","57","13610529"
"chr6","16529170","16529473","KN296019v1","466074","466382","62","16063096"
"chr6","16535841","16536153","KN297205v1","308098","308396","67","16227743"
"chr6","16544315","16544617","KN297008v1","4194598","4194899","64","12349717"
"chr6","16550197","16550313","KN296062v1","2178521","2178637","15","14371676"
"chr6","16570489","16570791","KN295301v1","241846","242147","56","16328643"
"chr6","16591274","16591432","KN294172v1","5464195","5464357","30","11127079"
"chr6","16591465","16591587","KN296508v1","1920097","1920221","15","14671368"
"chr6","16612936","16613159","KN295045v1","179160","179380","52","16433776"
"chr6","16620914","16621115","KN296484v1","54037","54237","49","16566877"
"chr6","16636604","16636904","KN294453v1","4527","4826","61","16632077"
"chr6","16667094","16667224","KN294224v1","501938","502067","18","16165156"
"chr6","16690297","16690410","KN294207v1","28469","28583","21","16661828"
"chr6","16742786","16742909","KN295722v1","2720205","2720326","15","14022581"
"chr6","16777843","16778142","KN297320v1","1234476","1234772","57","15543367"
"chr6","16791107","16791390","KN294499v1","2485948","2486229","55","14305159"
"chr6","16804332","16804646","KN295119v1","13309","13606","60","16791023"
"chr6","16810055","16810216","KN296859v1","1957253","1957418","28","14852802"
"chr6","16810492","16810630","KN296096v1","1372291","1372426","21","15438201"
"chr6","16815476","16815775","KN296486v1","1505649","1505946","57","15309827"
"chr6","16824042","16824348","KN295090v1","1856219","1856519","67","14967823"
"chr6","16825312","16825635","KN295692v1","519299","519611","72","16306013"
"chr6","16829864","16830155","KN294917v1","541555","541838","62","16288309"
"chr6","16832332","16832650","KN294630v1","208219","208530","66","16624113"
"chr6","16863554","16863844","KN295459v1","697076","697373","63","16166478"
"chr6","16912696","16912897","KN297019v1","41108","41306","50","16871588"
"chr6","16938225","16938527","KN296262v1","181850","182149","58","16756375"
"chr6","16950028","16950331","KN296406v1","163962","164264","61","16786066"
"chr6","16996295","16996479","KN294571v1","2721543","2721714","57","14274752"
"chr6","16996791","16996921","KN295708v1","2162566","2162690","26","14834225"
"chr6","17031098","17031389","KN297197v1","3972757","3973054","57","13058341"
"chr6","17045067","17045369","KN294848v1","11435","11727","58","17033632"
"chr6","17086931","17087211","KN296609v1","2015404","2015680","58","15071527"
"chr6","17111820","17112097","KN297197v1","1064625","1064912","74","16047195"
"chr6","17231197","17231464","KN297159v1","3471259","3471528","68","13759938"
"chr6","17255386","17255673","KN295755v1","95365","95648","53","17160021"
"chr6","17301705","17301981","KN294439v1","232463","232750","57","17069242"
"chr6","17343799","17343930","KN294571v1","950732","950862","27","16393067"
"chr6","17377570","17377855","KN296187v1","803116","803397","56","16574454"
"chr6","17382418","17382543","KN297205v1","391654","391777","19","16990764"
"chr6","17387276","17387591","KN297274v1","350272","350572","63","17037004"
"chr6","17414459","17414624","KN294433v1","383645","383813","31","17030814"
"chr6","17414938","17415072","KN294996v1","377439","377570","24","17037499"
"chr6","17429309","17429622","KN294199v1","498789","499100","68","16930520"
"chr6","17448267","17448577","KN296682v1","4680106","4680412","70","12768161"
"chr6","17458658","17458958","KN296311v1","3358167","3358474","68","14100491"
"chr6","17460092","17460204","KN296635v1","5399802","5399920","30","12060290"
"chr6","17473166","17473457","KN295257v1","1229552","1229846","57","16243614"
"chr6","17531318","17531594","KN295147v1","208186","208467","62","17323132"
"chr6","17548523","17548786","KN295974v1","3961765","3962029","63","13586758"
"chr6","17563353","17563535","KN297154v1","1221408","1221586","39","16341945"
"chr6","17564423","17564716","KN296311v1","3952639","3952936","59","13611784"
"chr6","17567955","17568225","KN296280v1","652860","653122","70","16915095"
"chr6","17597778","17598083","KN295825v1","686824","687129","66","16910954"
"chr6","17621489","17621657","KN297227v1","1023745","1023912","33","16597744"
"chr6","17630905","17631203","KN294991v1","693040","693334","70","16937865"
"chr6","17655475","17655592","KN294235v1","785605","785722","19","16869870"
"chr6","17655885","17656137","KN295708v1","2268213","2268448","83","15387672"
"chr6","17659894","17659983","KN294456v1","859614","859699","21","16800280"
"chr6","17700285","17700537","KN294420v1","510804","511061","64","17189481"
"chr6","17718172","17718497","KN296864v1","3265179","3265496","79","14452993"
"chr6","17724398","17724700","KN294630v1","741362","741665","50","16983036"
"chr6","17742385","17742649","KN294167v1","113420","113688","62","17628965"
"chr6","17750705","17750971","KN296011v1","317054","317312","54","17433651"
"chr6","17801384","17801679","KN295405v1","143132","143424","52","17658252"
"chr6","17851345","17851624","KN294304v1","28243","28516","63","17823102"
"chr6","17855877","17856173","KN294848v1","387189","387474","74","17468688"
"chr6","17858791","17858921","KN296200v1","175883","176013","31","17682908"
"chr6","17859219","17859394","KN297008v1","2163246","2163419","35","15695973"
"chr6","17861623","17861910","KN296406v1","283606","283899","66","17578017"
"chr6","17862396","17862650","KN296263v1","783377","783628","64","17079019"
"chr6","17873849","17874126","KN294733v1","143432","143710","61","17730417"
"chr6","17876290","17876556","KN295907v1","808913","809178","71","17067377"
"chr6","17882852","17883151","KN297159v1","2924293","2924585","57","14958559"
"chr6","17889191","17889483","KN295586v1","2908076","2908370","46","14981115"
"chr6","17892443","17892640","KN295243v1","675677","675873","42","17216766"
"chr6","17921410","17921712","KN294806v1","482513","482821","54","17438897"
"chr6","17928736","17928990","KN295607v1","4408934","4409181","63","13519802"
"chr6","17929938","17930222","KN296795v1","706774","707060","49","17223164"
"chr6","17935707","17935850","KN295236v1","3111966","3112102","24","14823741"
"chr6","17978302","17978523","KN295633v1","2172508","2172728","55","15805794"
"chr6","17981754","17981830","KN294879v1","785211","785284","15","17196543"
"chr6","17987305","17987593","KN294454v1","485773","486057","63","17501532"
"chr6","17989835","17990141","KN297133v1","358379","358683","65","17631456"
"chr6","17991410","17991635","KN297180v1","1638501","1638716","48","16352909"
"chr6","17993063","17993344","KN294506v1","97159","97439","52","17895904"
"chr6","17995817","17996114","KN295907v1","1528485","1528772","64","16467332"
"chr6","18002982","18003277","KN294506v1","323631","323924","63","17679351"
"chr6","18008123","18008286","KN294172v1","3999403","3999558","34","14008720"
"chr6","18008591","18008666","KN296381v1","284706","284779","19","17723885"
"chr6","18011243","18011559","KN294372v1","1081818","1082129","62","16929425"
"chr6","18015276","18015408","KN297095v1","2530131","2530260","15","15485145"
"chr6","18026572","18026693","KN296682v1","2889830","2889950","18","15136742"
"chr6","18032809","18033110","KN294526v1","792542","792829","62","17240267"
"chr6","18047346","18047640","KN297320v1","1234476","1234772","48","16812870"
"chr6","18051750","18051877","KN294224v1","501938","502067","25","17549812"
"chr6","18055239","18055362","KN296153v1","4056226","4056349","24","13999013"
"chr6","18060656","18060918","KN296643v1","417188","417454","53","17643468"
"chr6","18069410","18069692","KN296528v1","1703048","1703326","66","16366362"
"chr6","18084790","18085095","KN295984v1","3256262","3256568","72","14828528"
"chr6","18095568","18095734","KN297133v1","752216","752384","35","17343352"
"chr6","18095760","18095905","KN295571v1","337231","337373","25","17758529"
"chr6","18096456","18096717","KN295112v1","633291","633535","68","17463165"
"chr6","18103638","18103931","KN294630v1","691275","691571","65","17412363"
"chr6","18113121","18113416","KN294570v1","165105","165399","58","17948016"
"chr6","18133690","18133839","KN295375v1","1368153","1368300","34","16765537"
"chr6","18134132","18134273","KN294187v1","222785","222919","30","17911347"
"chr6","18142126","18142172","KN296622v1","147908","147954","10","17994218"
"chr6","18142484","18142628","KN294630v1","59491","59629","24","18082993"
"chr6","18158390","18158702","KN294630v1","178901","179210","67","17979489"
"chr6","18200840","18200954","KN297133v1","975999","976110","27","17224841"
"chr6","18209392","18209658","KN296178v1","950786","951044","51","17258606"
"chr6","18214100","18214266","KN295605v1","183793","183957","41","18030307"
"chr6","18215067","18215366","KN294630v1","107935","108228","62","18107132"
"chr6","18223130","18223421","KN296311v1","2364482","2364781","69","15858648"
"chr6","18234115","18234408","KN295343v1","329489","329788","58","17904626"
"chr6","18239454","18239598","KN294524v1","53929","54076","29","18185525"
"chr6","18251476","18251739","KN294583v1","248706","248966","70","18002770"
"chr6","18265830","18265877","KN297154v1","681572","681620","13","17584258"
"chr6","18266231","18266360","KN296749v1","736442","736563","27","17529789"
"chr6","18308850","18309133","KN296643v1","573229","573515","56","17735621"
"chr6","18316378","18316625","KN295236v1","3452854","3453111","57","14863524"
"chr6","18323662","18323944","KN294257v1","119146","119430","67","18204516"
"chr6","18327823","18328094","KN297452v1","662448","662712","54","17665375"
"chr6","18351150","18351429","KN297360v1","201032","201314","59","18150118"
"chr6","18351519","18351676","KN296883v1","733603","733771","34","17617916"
"chr6","18353850","18354071","KN294193v1","618452","618679","54","17735398"
"chr6","18366824","18367149","KN295705v1","796730","797043","79","17570094"
"chr6","18368033","18368319","KN295350v1","618935","619220","61","17749098"
"chr6","18377872","18377996","KN296253v1","543775","543897","19","17834097"
"chr6","18379499","18379754","KN297046v1","2391753","2391994","59","15987746"
"chr6","18384531","18384823","KN296157v1","3415053","3415349","60","14969478"
"chr6","18403849","18404135","KN296187v1","58782","59062","67","18345067"
"chr6","18412050","18412360","KN295586v1","1034026","1034342","66","17378024"
"chr6","18412429","18412718","KN297442v1","1544491","1544771","51","16867938"
"chr6","18419829","18420128","KN296864v1","3187581","3187876","51","15232248"
"chr6","18437344","18437467","KN296253v1","543775","543897","18","17893569"
"chr6","18442331","18442452","KN294879v1","176643","176766","19","18265688"
"chr6","18445453","18445634","KN296153v1","3871226","3871389","54","14574227"
"chr6","18453847","18454152","KN295667v1","1684557","1684863","63","16769290"
"chr6","18455341","18455611","KN295814v1","1137839","1138118","68","17317502"
"chr6","18475758","18476025","KN296096v1","2485316","2485572","51","15990442"
"chr6","18495618","18495938","KN296187v1","1275465","1275777","76","17220153"
"chr6","18496423","18496547","KN297274v1","337343","337466","19","18159080"
"chr6","18501004","18501261","KN295814v1","640518","640783","62","17860486"
"chr6","18502906","18503155","KN294187v1","1544293","1544543","63","16958613"
"chr6","18506429","18506721","KN296732v1","2327209","2327498","61","16179220"
"chr6","18522376","18522682","KN296404v1","3404152","3404452","63","15118224"
"chr6","18528882","18529111","KN294452v1","1318275","1318498","54","17210607"
"chr6","18537050","18537252","KN294172v1","4156820","4157021","47","14380230"
"chr6","18550054","18550321","KN294446v1","581041","581316","64","17969013"
"chr6","18552133","18552418","KN296200v1","644912","645196","67","17907221"
"chr6","18575169","18575467","KN296588v1","912493","912785","61","17662676"
"chr6","18576167","18576491","KN295236v1","2857715","2858034","74","15718452"
"chr6","18577059","18577304","KN297369v1","1849505","1849727","74","16727554"
"chr6","18628911","18629208","KN294365v1","815207","815503","55","17813704"
"chr6","18630463","18630776","KN294499v1","2389424","2389735","85","16241039"
"chr6","18637137","18637429","KN295523v1","2851176","2851466","55","15785961"
"chr6","18698449","18698679","KN295601v1","1111950","1112185","56","17586499"
"chr6","18759395","18759693","KN295352v1","1052401","1052696","62","17706994"
"chr6","18759826","18760090","KN294454v1","348483","348757","59","18411343"
"chr6","18769053","18769167","KN297444v1","82225","82339","18","18686828"
"chr6","18769235","18769410","KN297133v1","1334683","1334860","35","17434552"
"chr6","18910552","18910805","KN296864v1","425166","425409","60","18485386"
"chr6","18939408","18939695","KN296263v1","72979","73261","53","18866429"
"chr6","18995339","18995624","KN294172v1","5859145","5859420","74","13136194"
"chr6","19014879","19015163","KN295484v1","634266","634551","55","18380613"
"chr6","19017439","19017649","KN295045v1","1285025","1285240","46","17732414"
"chr6","19110834","19111092","KN296834v1","323782","324045","22","18787052"
"chr6","19220175","19220474","KN297227v1","1771649","1771940","56","17448526"
"chr6","19253387","19253510","KN296828v1","63127","63248","23","19190260"
"chr6","19257003","19257314","KN296731v1","1386191","1386496","70","17870812"
"chr6","19285230","19285511","KN296311v1","6349879","6350145","65","12935351"
"chr6","19289630","19289812","KN294501v1","55432","55591","46","19234198"
"chr6","19289842","19289958","KN295428v1","118835","118952","21","19171007"
"chr6","19292122","19292378","KN295708v1","1501271","1501519","60","17790851"
"chr6","19380064","19380374","KN296365v1","43288","43596","65","19336776"
"chr6","19615691","19615994","KN296588v1","922323","922632","60","18693368"
"chr6","19738370","19738665","KN297245v1","2036362","2036663","59","17702008"
"chr6","19812990","19813102","KN295825v1","901947","902062","23","18911043"
"chr6","19865488","19865770","KN296311v1","7907830","7908116","47","11957658"
"chr6","19932490","19932799","KN294470v1","191964","192275","64","19740526"
"chr6","19956263","19956558","KN296682v1","3923393","3923671","66","16032870"
"chr6","19976603","19976876","KN294172v1","5859145","5859420","69","14117458"
"chr6","20028184","20028494","KN294893v1","445554","445861","65","19582630"
"chr6","20105591","20105893","KN294172v1","4180696","4181003","67","15924895"
"chr6","20198081","20198372","KN294848v1","387189","387474","60","19810892"
"chr6","20222685","20222974","KN297327v1","998942","999237","64","19223743"
"chr6","20229139","20229445","KN294991v1","305016","305311","68","19924123"
"chr6","20236460","20236762","KN295988v1","1298782","1299086","59","18937678"
"chr6","20284732","20285005","KN295480v1","3350204","3350477","49","16934528"
"chr6","20314261","20314594","KN296934v1","238923","239221","73","20075338"
"chr6","20341357","20341665","KN295871v1","375636","375932","64","19965721"
"chr6","20350429","20350560","KN297095v1","2530131","2530260","21","17820298"
"chr6","20350658","20350949","KN296948v1","507644","507942","61","19843014"
"chr6","20359674","20359956","KN294187v1","561844","562118","62","19797830"
"chr6","20360618","20360885","KN297108v1","431694","431964","57","19928924"
"chr6","20379239","20379541","KN295349v1","58082","58373","65","20321157"
"chr6","20390002","20390100","KN297046v1","1300378","1300478","25","19089624"
"chr6","20395918","20396088","KN294583v1","160557","160720","38","20235361"
"chr6","20397732","20398017","KN294513v1","804489","804767","60","19593243"
"chr6","20398549","20398721","KN297133v1","1334683","1334860","38","19063866"
"chr6","20399818","20400123","KN295320v1","53994","54294","54","20345824"
"chr6","20405197","20405372","KN295962v1","1829544","1829718","50","18575653"
"chr6","20405447","20405601","KN296079v1","2107157","2107303","32","18298290"
"chr6","20425848","20426142","KN294458v1","593748","594033","58","19832100"
"chr6","20431206","20431329","KN296311v1","6308916","6309040","16","14122290"
"chr6","20435969","20436279","KN295294v1","2951377","2951683","70","17484592"
"chr6","20462977","20463271","KN297108v1","249823","250105","69","20213154"
"chr6","20478591","20478893","KN296404v1","3404152","3404452","53","17074439"
"chr6","20498768","20498897","KN295533v1","2521869","2522001","29","17976899"
"chr6","20498906","20499186","KN296146v1","288303","288582","61","20210603"
"chr6","20503320","20503427","KN294251v1","3708992","3709104","22","16794328"
"chr6","20523495","20523783","KN295365v1","618540","618829","54","19904955"
"chr6","20539489","20539800","KN296153v1","1425537","1425832","64","19113952"
"chr6","20543774","20543907","KN296486v1","1264412","1264535","26","19279362"
"chr6","20544211","20544364","KN294373v1","1400461","1400612","34","19143750"
"chr6","20563620","20563936","KN295365v1","1035002","1035315","74","19528618"
"chr6","20566816","20566939","KN294181v1","1104026","1104148","24","19462790"
"chr6","20609060","20609356","KN294588v1","453148","453437","65","20155912"
"chr6","20611751","20612046","KN296119v1","5385215","5385515","60","15226536"
"chr6","20635026","20635371","KN296508v1","1810667","1810964","103","18824359"
"chr6","20635416","20635539","KN295449v1","670624","670747","20","19964792"
"chr6","20644496","20644774","KN297259v1","1605666","1605932","68","19038830"
"chr6","20649230","20649349","KN295119v1","81170","81287","29","20568060"
"chr6","20661767","20662042","KN296122v1","514388","514663","55","20147379"
"chr6","20667086","20667382","KN297360v1","201032","201314","63","20466054"
"chr6","20682532","20682728","KN294987v1","414044","414238","47","20268488"
"chr6","20687427","20687709","KN295343v1","923676","923958","58","19763751"
"chr6","20698121","20698325","KN297190v1","291978","292179","40","20406143"
"chr6","20700008","20700297","KN295236v1","1832188","1832474","62","18867820"
"chr6","20701049","20701332","KN296119v1","4568889","4569170","60","16132160"
"chr6","20738259","20738411","KN296435v1","2479149","2479300","28","18259110"
"chr6","20738707","20738849","KN296093v1","128196","128340","27","20610511"
"chr6","20757959","20758260","KN296311v1","3727125","3727424","51","17030834"
"chr6","20781448","20781523","KN296495v1","1251302","1251377","19","19530146"
"chr6","20828934","20829245","KN296498v1","310989","311293","66","20517945"
"chr6","20848982","20849295","KN297245v1","1626619","1626910","76","19222363"
"chr6","20884454","20884666","KN295090v1","2015737","2015951","39","18868717"
"chr6","20924463","20924816","KN296324v1","79334","79662","113","20845129"
"chr6","20934664","20934960","KN297233v1","1285563","1285847","84","19649101"
"chr6","20952810","20953115","KN296378v1","872347","872646","61","20080463"
"chr6","20965337","20965466","KN294220v1","51199","51323","22","20914138"
"chr6","21007704","21007928","KN295564v1","1089465","1089675","58","19918239"
"chr6","21024023","21024329","KN296311v1","5502562","5502873","67","15521461"
"chr6","21025730","21026002","KN296096v1","2297832","2298124","62","18727898"
"chr6","21062722","21062906","KN295294v1","3016561","3016742","40","18046161"
"chr6","21090400","21090694","KN296252v1","86934","87220","65","21003466"
"chr6","21141322","21141599","KN295497v1","862569","862850","64","20278753"
"chr6","21151026","21151337","KN295459v1","1494509","1494825","63","19656517"
"chr6","21164055","21164357","KN294790v1","5999594","5999893","67","15164461"
"chr6","21168455","21168756","KN296577v1","608817","609116","59","20559638"
"chr6","21228135","21228450","KN294842v1","915869","916171","69","20312266"
"chr6","21228510","21228637","KN294187v1","1598066","1598189","21","19630444"
"chr6","21242400","21242698","KN295936v1","928734","929029","58","20313666"
"chr6","21269218","21269529","KN297320v1","1234476","1234772","59","20034742"
"chr6","21288768","21288896","KN294410v1","495531","495660","21","20793237"
"chr6","21289171","21289364","KN295893v1","7300156","7300338","43","13989015"
"chr6","21314773","21315074","KN295610v1","335487","335795","63","20979286"
"chr6","21320964","21321173","KN294470v1","77064","77276","52","21243900"
"chr6","21337877","21338195","KN297046v1","1862059","1862369","74","19475818"
"chr6","21347687","21347994","KN294874v1","147308","147613","57","21200379"
"chr6","21349004","21349321","KN294539v1","2537957","2538257","74","18811047"
"chr6","21367669","21367969","KN294842v1","590688","590985","63","20776981"
"chr6","21377814","21377985","KN297154v1","1567428","1567596","35","19810386"
"chr6","21378295","21378396","KN296096v1","2853344","2853445","26","18524951"
"chr6","21381799","21382077","KN295352v1","1021287","1021563","68","20360512"
"chr6","21386316","21386622","KN296017v1","366720","367014","53","21019596"
"chr6","21391858","21392030","KN295722v1","2530724","2530897","26","18861134"
"chr6","21392343","21392467","KN294911v1","4978182","4978300","24","16414161"
"chr6","21406522","21406835","KN296877v1","192372","192687","56","21214150"
"chr6","21487862","21488173","KN294581v1","202865","203149","76","21284997"
"chr6","21523596","21523901","KN296508v1","2151971","2152273","62","19371625"
"chr6","21550197","21550478","KN294570v1","165105","165399","53","21385092"
"chr6","21623942","21624230","KN295936v1","240644","240938","62","21383298"
"chr6","21663627","21663722","KN297190v1","2845418","2845517","17","18818209"
"chr6","21679758","21680071","KN296290v1","775055","775367","61","20904703"
"chr6","21680267","21680493","KN294257v1","1182989","1183226","52","20497278"
"chr6","21682652","21682949","KN295459v1","697076","697373","59","20985576"
"chr6","21687676","21687951","KN294172v1","3088878","3089163","64","18598798"
"chr6","21723688","21723892","KN294873v1","1659876","1660090","61","20063812"
"chr6","21725675","21725777","KN294561v1","784354","784443","26","20941321"
"chr6","21793774","21794083","KN294874v1","147308","147613","66","21646466"
"chr6","21796578","21796882","KN296934v1","150680","150983","53","21645898"
"chr6","21850739","21850878","KN296019v1","450328","450461","22","21400411"
"chr6","21853623","21853942","KN295667v1","676400","676706","68","21177223"
"chr6","21947132","21947240","KN294456v1","268819","268927","16","21678313"
"chr6","21963584","21963885","KN294187v1","2004298","2004605","66","19959286"
"chr6","21965252","21965573","KN294233v1","220149","220458","68","21745103"
"chr6","21967257","21967551","KN297146v1","196117","196406","67","21771140"
"chr6","21979948","21980079","KN295241v1","13751","13877","25","21966197"
"chr6","21980389","21980596","KN295045v1","45833","46047","48","21934556"
"chr6","21999551","21999842","KN296146v1","80628","80919","53","21918923"
"chr6","22007432","22007752","KN296311v1","7505676","7506000","67","14501756"
"chr6","22017737","22017964","KN294917v1","1304842","1305071","48","20712895"
"chr6","22022763","22023052","KN296884v1","212592","212879","55","21810171"
"chr6","22026293","22026458","KN294172v1","4819098","4819255","40","17207195"
"chr6","22065442","22065740","KN296096v1","3119397","3119689","61","18946045"
"chr6","22088578","22088850","KN296322v1","1148106","1148393","64","20940472"
"chr6","22099874","22100183","KN296959v1","1045812","1046085","85","21054062"
"chr6","22103682","22103958","KN294536v1","1937322","1937597","64","20166360"
"chr6","22115589","22115868","KN296311v1","7907830","7908116","57","14207759"
"chr6","22123933","22124220","KN296588v1","414513","414799","61","21709420"
"chr6","22137524","22137832","KN296381v1","383666","383959","73","21753858"
"chr6","22169428","22169738","KN295708v1","2481055","2481359","62","19688373"
"chr6","22185745","22186044","KN295045v1","414971","415269","58","21770774"
"chr6","22187543","22187844","KN296311v1","4657276","4657569","56","17530267"
"chr6","22188851","22189058","KN295301v1","1500013","1500214","39","20688838"
"chr6","22196465","22196757","KN296518v1","337276","337569","58","21859189"
"chr6","22227613","22227929","KN296079v1","1662609","1662912","71","20565004"
"chr6","22259817","22260131","KN296247v1","197984","198303","87","22061833"
"chr6","22376794","22377093","KN294429v1","178195","178489","78","22198599"
"chr6","22482052","22482358","KN294372v1","683041","683334","74","21799011"
"chr6","22604053","22604183","KN294182v1","154537","154667","27","22449516"
"chr6","22647426","22647712","KN296505v1","27421","27723","74","22620005"
"chr6","22719318","22719609","KN296306v1","3501376","3501661","73","19217942"
"chr6","22765898","22766189","KN295523v1","2851176","2851466","49","19914722"
"chr6","22887667","22887952","KN295045v1","1266913","1267195","68","21620754"
"chr6","22906001","22906299","KN296486v1","1010661","1010955","56","21895340"
"chr6","22987377","22987557","KN295988v1","825364","825541","41","22162013"
"chr6","22987858","22987993","KN295708v1","283463","283595","24","22704395"
"chr6","23183350","23183641","KN297452v1","2278288","2278582","66","20905062"
"chr6","23199100","23199370","KN294454v1","37387","37658","57","23161713"
"chr6","23542022","23542355","KN294407v1","1000948","1001289","84","22541074"
"chr6","23772109","23772393","KN294421v1","655580","655864","69","23116529"
"chr6","23967446","23967746","KN296404v1","99681","99974","65","23867765"
"chr6","24032266","24032400","KN294634v1","303368","303505","28","23728898"
"chr6","24131648","24131950","KN294257v1","2751511","2751816","31","21380137"
"chr6","24156236","24156510","KN294257v1","2729604","2729877","23","21426632"
"chr6","24308987","24309199","KN294257v1","2588390","2588596","15","21720597"
"chr6","24338955","24339248","KN297154v1","823648","823941","65","23515307"
"chr6","24392921","24393232","KN294257v1","2497252","2497554","35","21895669"
"chr6","24438493","24438782","KN294257v1","2453023","2453327","47","21985470"
"chr6","24441906","24442197","KN294257v1","2449417","2449706","24","21992489"
"chr6","24476131","24476463","KN294257v1","2416371","2416685","41","22059760"
"chr6","24486645","24486955","KN294257v1","2405121","2405413","36","22081524"
"chr6","24520344","24520708","KN296381v1","207525","207865","112","24312819"
"chr6","24544304","24544598","KN294257v1","2346224","2346521","25","22198080"
"chr6","24556183","24556471","KN296481v1","77336","77629","53","24478847"
"chr6","24566728","24566859","KN294257v1","2326791","2326907","19","22239937"
"chr6","24604906","24605051","KN295586v1","284606","284752","27","24320300"
"chr6","24605356","24605492","KN294634v1","303368","303505","21","24301988"
"chr6","24608865","24609112","KN294346v1","259907","260148","85","24348958"
"chr6","24610909","24611031","KN294257v1","2285734","2285858","10","22325175"
"chr6","24624727","24625027","KN294257v1","2271748","2272051","22","22352979"
"chr6","24633202","24633470","KN296900v1","42194","42472","65","24591008"
"chr6","24639444","24639773","KN294257v1","2258122","2258420","45","22381322"
"chr6","24669536","24669718","KN296187v1","979513","979692","33","23690023"
"chr6","24670019","24670165","KN295984v1","1383848","1383992","37","23286171"
"chr6","24691428","24691549","KN294513v1","304145","304262","18","24387283"
"chr6","24691831","24692004","KN297044v1","177090","177263","33","24514741"
"chr6","24707031","24707244","KN294257v1","2203913","2204132","23","22503118"
"chr6","24725977","24726234","KN294671v1","200068","200336","78","24525909"
"chr6","24736990","24737121","KN296795v1","713732","713867","20","24023258"
"chr6","24737188","24737487","KN294257v1","2175251","2175530","36","22561937"
"chr6","24761453","24761749","KN294257v1","2150847","2151129","28","22610606"
"chr6","24764021","24764103","KN296453v1","2534554","2534638","34","22229467"
"chr6","24787708","24787997","KN294257v1","2123960","2124254","21","22663748"
"chr6","24810902","24811165","KN294257v1","2105658","2105910","32","22705244"
"chr6","24817513","24817739","KN295705v1","611325","611560","55","24206188"
"chr6","24854914","24855186","KN296308v1","726363","726638","52","24128551"
"chr6","24858406","24858699","KN294257v1","2059184","2059482","22","22799222"
"chr6","24862816","24863069","KN294257v1","2054173","2054427","20","22808643"
"chr6","24868622","24868726","KN294257v1","2048565","2048669","2","22820057"
"chr6","24873112","24873375","KN294257v1","2043891","2044164","46","22829221"
"chr6","24878530","24878811","KN296225v1","775732","776029","59","24102798"
"chr6","24880892","24881188","KN294257v1","2036096","2036394","18","22844796"
"chr6","24904127","24904406","KN294257v1","2123960","2124254","48","22780167"
"chr6","24914640","24914754","KN294713v1","243230","243342","28","24671410"
"chr6","24917173","24917507","KN294257v1","1998756","1999090","28","22918417"
"chr6","24929816","24930113","KN294257v1","1986536","1986835","24","22943280"
"chr6","24939184","24939498","KN296263v1","1220904","1221212","74","23718280"
"chr6","24947669","24947957","KN294257v1","1963329","1963621","14","22984340"
"chr6","24956516","24956779","KN297283v1","123927","124200","57","24832589"
"chr6","24963318","24963432","KN296749v1","715768","715885","15","24247550"
"chr6","24969517","24969800","KN294257v1","1936591","1936872","19","23032926"
"chr6","24971823","24972120","KN294257v1","1934271","1934578","30","23037552"
"chr6","24975078","24975394","KN296261v1","154638","154947","55","24820440"
"chr6","24979045","24979277","KN295260v1","1443904","1444153","72","23535141"
"chr6","25002859","25003145","KN294257v1","1898734","1899026","31","23104125"
"chr6","25018687","25018980","KN294396v1","302167","302459","65","24716520"
"chr6","25035304","25035444","KN294257v1","1865266","1865400","14","23170038"
"chr6","25036960","25037334","KN294257v1","1863355","1863738","36","23173605"
"chr6","25053584","25053879","KN294257v1","1846942","1847233","25","23206642"
"chr6","25092766","25093057","KN294257v1","1806216","1806506","22","23286550"
"chr6","25166330","25166627","KN294257v1","1728814","1729116","26","23437516"
"chr6","25195740","25196031","KN294257v1","1697394","1697654","47","23498346"
"chr6","25205636","25205923","KN294257v1","1688495","1688775","31","23517141"
"chr6","25238608","25238691","KN294796v1","43911","43995","17","25194697"
"chr6","25242506","25242785","KN295257v1","954054","954328","71","24288452"
"chr6","25307563","25307700","KN294257v1","1586332","1586476","19","23721231"
"chr6","25307996","25308184","KN294257v1","1585856","1586025","29","23722140"
"chr6","25351506","25351798","KN294257v1","1557590","1557892","32","23793916"
"chr6","25409545","25409670","KN296646v1","404633","404756","20","25004912"
"chr6","25410653","25410959","KN296119v1","5385215","5385515","60","20025438"
"chr6","25411045","25411244","KN294257v1","1487738","1487935","17","23923307"
"chr6","25414878","25415189","KN294257v1","1483061","1483377","36","23931817"
"chr6","25428441","25428619","KN294257v1","1469885","1470056","16","23958556"
"chr6","25429509","25429793","KN294257v1","1468698","1468984","24","23960811"
"chr6","25434562","25434850","KN294257v1","1463674","1463961","21","23970888"
"chr6","25452680","25452986","KN294257v1","1445252","1445575","42","24007428"
"chr6","25479298","25479588","KN294257v1","1417742","1418035","20","24061556"
"chr6","25479718","25480009","KN296864v1","897793","898088","78","24581925"
"chr6","25485304","25485583","KN294257v1","1411113","1411395","22","24074191"
"chr6","25516153","25516463","KN294257v1","1380320","1380622","44","24135833"
"chr6","25517365","25517682","KN294257v1","1379092","1379423","33","24138273"
"chr6","25550324","25550631","KN294257v1","1345644","1345932","51","24204680"
"chr6","25551962","25552256","KN294257v1","1344029","1344310","29","24207933"
"chr6","25555158","25555388","KN294499v1","648944","649198","69","24906214"
"chr6","25573828","25574108","KN294257v1","1320223","1320505","20","24253605"
"chr6","25602622","25602822","KN294257v1","1291529","1291717","24","24311093"
"chr6","25638866","25639080","KN294257v1","1252896","1253114","18","24385970"
"chr6","25675604","25675912","KN297320v1","1234476","1234772","57","24441128"
"chr6","25683793","25684060","KN294257v1","1206342","1206612","20","24477451"
"chr6","25687464","25687762","KN294287v1","529010","529306","56","25158454"
"chr6","25707144","25707403","KN294257v1","1182989","1183226","37","24524155"
"chr6","25744705","25745022","KN294257v1","1147172","1147490","26","24597533"
"chr6","25764608","25764907","KN294257v1","1128472","1128767","49","24636136"
"chr6","25776793","25777078","KN294257v1","1115704","1115987","15","24661089"
"chr6","25886092","25886373","KN297190v1","534186","534464","96","25351906"
"chr6","26324323","26324590","KN294257v1","888833","889100","14","25435490"
"chr6","26347846","26348152","KN294257v1","865664","865974","26","25482182"
"chr6","26393229","26393523","KN294257v1","820198","820509","40","25573031"
"chr6","26428782","26429047","KN294510v1","223156","223418","75","26205626"
"chr6","26432171","26432483","KN294257v1","781322","781617","45","25650849"
"chr6","26459007","26459293","KN294257v1","760103","760388","22","25698904"
"chr6","26467739","26468026","KN294257v1","751501","751808","41","25716238"
"chr6","26469611","26469767","KN295814v1","962528","962667","51","25507083"
"chr6","26506839","26507106","KN294257v1","716387","716657","26","25790452"
"chr6","26554133","26554258","KN294922v1","698627","698750","20","25855506"
"chr6","26554758","26554922","KN295544v1","7562","7716","41","26547196"
"chr6","26563170","26563448","KN294257v1","661549","661827","26","25901621"
"chr6","26592282","26592560","KN294257v1","631791","632072","32","25960491"
"chr6","26602018","26602229","KN294451v1","354263","354490","69","26247755"
"chr6","26603169","26603454","KN294257v1","621966","622252","18","25981203"
"chr6","26710646","26710884","KN294257v1","512153","512383","39","26198493"
"chr6","26747032","26747111","KN297342v1","51746","51827","27","26695286"
"chr6","26755602","26755784","KN294257v1","472997","473180","5","26282605"
"chr6","26757333","26757661","KN294257v1","470664","470994","35","26286669"
"chr6","26768875","26769092","KN294806v1","881408","881638","61","25887467"
"chr6","26796023","26796294","KN297242v1","1180155","1180444","58","25615868"
"chr6","26802310","26802468","KN294257v1","423103","423266","14","26379207"
"chr6","26808118","26808202","KN294257v1","417068","417152","2","26391050"
"chr6","26817589","26817858","KN294257v1","405900","406169","22","26411689"
"chr6","26838984","26839269","KN297205v1","308098","308396","67","26530886"
"chr6","26851920","26852043","KN294257v1","363738","363861","11","26488182"
"chr6","26874867","26875174","KN294257v1","313878","314187","28","26560989"
"chr6","26916116","26916315","KN296682v1","3026228","3026433","54","23889888"
"chr6","26977418","26977641","KN295869v1","417167","417392","48","26560251"
"chr6","26995146","26995411","KN294257v1","212665","212929","15","26782481"
"chr6","27010010","27010192","KN294581v1","247899","248101","62","26762111"
"chr6","27019202","27019492","KN294257v1","188305","188602","29","26830897"
"chr6","27020168","27020394","KN294257v1","187397","187628","17","26832771"
"chr6","27048500","27048811","KN294257v1","155659","155989","41","26892841"
"chr6","27054160","27054419","KN294257v1","148280","148540","28","26905880"
"chr6","27091014","27091303","KN294257v1","119146","119430","20","26971868"
"chr6","27095270","27095404","KN296508v1","326641","326775","23","26768629"
"chr6","27109612","27109919","KN294257v1","103491","103790","18","27006121"
"chr6","27121880","27122161","KN295352v1","936355","936655","65","26185525"
"chr6","27550532","27550670","KN294443v1","35868","36006","4","27514664"
"chr6","27563218","27563543","KN294443v1","47257","47559","40","27515961"
"chr6","27612553","27612875","KN294443v1","94002","94325","23","27518551"
"chr6","27617797","27618050","KN294443v1","97287","97539","19","27520510"
"chr6","27651045","27651286","KN294443v1","130814","131076","37","27520231"
"chr6","27661571","27661883","KN296849v1","299087","299396","69","27362484"
"chr6","27740530","27740693","KN294443v1","223203","223366","8","27517327"
"chr6","27889995","27890103","KN296681v1","494272","494386","32","27395723"
"chr6","27891554","27891675","KN295573v1","505849","505972","30","27385705"
"chr6","27931665","27931878","KN294443v1","382049","382264","14","27549616"
"chr6","27952346","27952599","KN294443v1","402494","402750","17","27549852"
"chr6","27959461","27959758","KN294443v1","409861","410148","46","27549600"
"chr6","27969844","27970101","KN294443v1","420504","420759","12","27549340"
"chr6","28000659","28000804","KN294443v1","451245","451382","18","27549414"
"chr6","28028669","28028791","KN294443v1","480916","481038","6","27547753"
"chr6","28041504","28041621","KN294443v1","492272","492389","4","27549232"
"chr6","28051070","28051218","KN294443v1","501909","502056","7","27549161"
"chr6","28088676","28088907","KN294536v1","1463228","1463467","53","26625448"
"chr6","28109738","28109972","KN294591v1","393354","393562","72","27716384"
"chr6","28129648","28129946","KN296096v1","2513544","2513844","61","25616104"
"chr6","28135240","28135538","KN294443v1","600981","601271","49","27534259"
"chr6","28144850","28145115","KN294488v1","203170","203435","58","27941680"
"chr6","28146150","28146267","KN294443v1","611996","612113","4","27534154"
"chr6","28150704","28150975","KN294443v1","616693","616969","17","27534011"
"chr6","28181069","28181227","KN295294v1","46990","47148","39","28134079"
"chr6","28207321","28207526","KN294842v1","652037","652250","50","27555284"
"chr6","28208426","28208753","KN294443v1","678408","678732","25","27530018"
"chr6","28213741","28213933","KN296430v1","933505","933706","54","27280236"
"chr6","28224595","28224882","KN296311v1","7907830","7908116","50","20316765"
"chr6","28247100","28247347","KN294443v1","722891","723153","49","27524209"
"chr6","28254056","28254099","KN294443v1","729828","729873","3","27524228"
"chr6","28280901","28281124","KN294471v1","319492","319708","56","27961409"
"chr6","28319764","28320063","KN294443v1","801452","801757","30","27518312"
"chr6","28361301","28361385","KN294443v1","841735","841819","5","27519566"
"chr6","28442813","28443087","KN296925v1","123848","124126","56","28318965"
"chr6","28479210","28479530","KN296915v1","101842","102147","65","28377368"
"chr6","28484239","28484523","KN294499v1","2466913","2467200","47","26017326"
"chr6","28545469","28545739","KN294444v1","373486","373751","61","28171983"
"chr6","28596961","28597182","KN294443v1","1014193","1014415","10","27582768"
"chr6","28598044","28598337","KN294443v1","1015272","1015548","52","27582772"
"chr6","28607206","28607524","KN294443v1","1024498","1024797","43","27582708"
"chr6","28627136","28627393","KN294443v1","1044824","1045080","10","27582312"
"chr6","28634832","28635129","KN294443v1","1052682","1052981","25","27582150"
"chr6","28661013","28661118","KN294443v1","1084172","1084277","9","27576841"
"chr6","28661585","28661879","KN294443v1","1084740","1085037","19","27576845"
"chr6","28663749","28664057","KN295243v1","343025","343332","72","28320724"
"chr6","28699151","28699413","KN294443v1","1124970","1125238","24","27574181"
"chr6","28709150","28709440","KN294443v1","1135054","1135345","21","27574096"
"chr6","28748583","28748892","KN294443v1","1201113","1201424","23","27547470"
"chr6","28749352","28749620","KN294443v1","1201863","1202156","34","27547489"
"chr6","28761990","28762269","KN294443v1","1213571","1213851","18","27548419"
"chr6","28765989","28766117","KN294443v1","1217492","1217615","10","27548497"
"chr6","28767031","28767150","KN294443v1","1218526","1218637","11","27548505"
"chr6","28776819","28777064","KN294443v1","1226237","1226485","20","27550582"
"chr6","28815935","28816227","KN296959v1","1045812","1046085","72","27770123"
"chr6","28816641","28816784","KN296153v1","173981","174133","42","28642660"
"chr6","28842380","28842675","KN294443v1","1293801","1294097","14","27548579"
"chr6","28856503","28856803","KN294443v1","1307505","1307800","20","27548998"
"chr6","28874428","28874637","KN296859v1","913173","913373","41","27961255"
"chr6","28890622","28890934","KN294443v1","1342791","1343100","12","27547831"
"chr6","28891931","28892228","KN294443v1","1344099","1344381","33","27547832"
"chr6","28896106","28896215","KN294677v1","121462","121574","19","28774644"
"chr6","28980878","28981160","KN296322v1","1350290","1350585","68","27630588"
"chr6","29017404","29017711","KN297320v1","1234476","1234772","62","27782928"
"chr6","29040623","29040754","KN297133v1","1036039","1036182","45","28004584"
"chr6","29041042","29041187","KN295102v1","98678","98823","27","28942364"
"chr6","29103408","29103705","KN295995v1","289650","289956","74","28813758"
"chr6","29191481","29191790","KN295962v1","2185388","2185692","71","27006093"
"chr6","29192187","29192571","KN297322v1","650909","651260","106","28541278"
"chr6","29262283","29262505","KN295607v1","3825560","3825750","69","25436723"
"chr6","29298021","29298159","KN295294v1","2804967","2805106","31","26493054"
"chr6","29364306","29364532","KN295995v1","33026","33236","60","29331280"
"chr6","29369439","29369746","KN295343v1","329489","329788","55","29039950"
"chr6","29371280","29371564","KN295349v1","58082","58373","57","29313198"
"chr6","29374679","29374773","KN297008v1","771854","771949","17","28602825"
"chr6","29379376","29379630","KN296178v1","460995","461260","71","28918381"
"chr6","29388114","29388262","KN295081v1","4658","4806","24","29383456"
"chr6","29516189","29516419","KN296486v1","1003570","1003799","62","28512619"
"chr6","29808059","29808243","KN294705v1","1047371","1047557","52","28760688"
"chr6","29870092","29870292","KN294410v1","511465","511651","50","29358627"
"chr6","30055022","30055279","KN294187v1","1544293","1544543","69","28510729"
"chr6","30179939","30180245","KN296308v1","117679","117981","63","30062260"
"chr6","30210586","30210723","KN297026v1","1570383","1570527","38","28640203"
"chr6","30219008","30219133","KN296322v1","1230821","1230945","22","28988187"
"chr6","30268239","30268331","KN297029v1","22391","22482","9","30245848"
"chr6","30284582","30284870","KN296308v1","117679","117981","36","30166903"
"chr6","30299099","30299278","KN297263v1","619581","619753","51","29679518"
"chr6","30349187","30349287","KN296308v1","89818","89918","11","30259369"
"chr6","30369938","30370232","KN296308v1","1601","1895","34","30368337"
"chr6","30385176","30385461","KN296225v1","641773","642064","68","29743403"
"chr6","30420600","30420671","KN296308v1","36614","36685","6","30383986"
"chr6","30429320","30429615","KN296308v1","43257","43547","36","30386063"
"chr6","30449633","30449927","KN296308v1","117679","117981","32","30331954"
"chr6","30470811","30471087","KN296308v1","149102","149374","25","30321709"
"chr6","30489256","30489550","KN296308v1","174117","174430","44","30315139"
"chr6","30496163","30496474","KN296308v1","181421","181745","24","30314742"
"chr6","30535400","30535521","KN294193v1","176622","176735","24","30358778"
"chr6","30588854","30589196","KN296308v1","268327","268667","25","30320527"
"chr6","30630745","30631013","KN296308v1","325598","325860","23","30305147"
"chr6","30665063","30665355","KN296308v1","361352","361648","29","30303711"
"chr6","30668640","30668754","KN295474v1","1502718","1502835","19","29165922"
"chr6","30888961","30889072","KN296308v1","383130","383239","5","30505831"
"chr6","30946062","30946340","KN296308v1","451546","451820","25","30494516"
"chr6","30986332","30986454","KN296308v1","493616","493739","10","30492716"
"chr6","31061846","31061959","KN296308v1","608585","608695","9","30453261"
"chr6","31123710","31123834","KN295744v1","449867","449990","17","30673843"
"chr6","31142137","31142266","KN294848v1","555142","555271","24","30586995"
"chr6","31143624","31143802","KN296308v1","703718","703892","12","30439906"
"chr6","31144141","31144423","KN296308v1","704240","704525","18","30439901"
"chr6","31165219","31165509","KN296308v1","726363","726638","37","30438856"
"chr6","31180729","31181012","KN296308v1","741534","741817","16","30439195"
"chr6","31185859","31186136","KN294733v1","143432","143710","59","31042427"
"chr6","31187493","31187776","KN296308v1","748637","748942","41","30438856"
"chr6","31189132","31189417","KN294147v1","662723","663007","61","30526409"
"chr6","31207293","31207422","KN296308v1","768546","768675","8","30438747"
"chr6","31254651","31254952","KN296308v1","817547","817854","28","30437104"
"chr6","31286105","31286313","KN295343v1","754597","754807","43","30531508"
"chr6","31286360","31286682","KN296308v1","849511","849834","27","30436849"
"chr6","31322700","31323013","KN296308v1","885189","885495","34","30437511"
"chr6","31324910","31325039","KN296308v1","887955","888085","4","30436955"
"chr6","31328570","31328882","KN296308v1","891631","891938","26","30436939"
"chr6","31336052","31336318","KN296308v1","900014","900290","33","30436038"
"chr6","31365159","31365471","KN296308v1","925589","925901","21","30439570"
"chr6","31371635","31371971","KN296308v1","933591","933887","53","30438044"
"chr6","31391360","31391652","KN295976v1","121079","121372","56","31270281"
"chr6","31404203","31404321","KN296308v1","967516","967633","7","30436687"
"chr6","31404455","31404746","KN294172v1","841497","841800","58","30562958"
"chr6","31423734","31423930","KN296308v1","987721","987913","17","30436013"
"chr6","31426078","31426360","KN294992v1","126281","126560","69","31299797"
"chr6","31427741","31427937","KN296308v1","992640","992846","21","30435101"
"chr6","31434629","31434709","KN294796v1","43911","43995","22","31390718"
"chr6","31447745","31448016","KN296308v1","1012839","1013110","22","30434906"
"chr6","31450501","31450780","KN296308v1","1015629","1015917","31","30434872"
"chr6","31453596","31453717","KN295596v1","1501895","1502012","24","29951701"
"chr6","31453744","31453903","KN296308v1","765443","765605","43","30688301"
"chr6","31475094","31475357","KN294513v1","408483","408737","61","31066611"
"chr6","31484453","31484572","KN294375v1","186786","186905","20","31297667"
"chr6","31490229","31490372","KN296308v1","1048197","1048344","17","30442032"
"chr6","31490676","31490818","KN296308v1","1048646","1048791","12","30442030"
"chr6","31514706","31514991","KN296308v1","1071772","1072078","39","30442934"
"chr6","31558727","31559025","KN296308v1","1114319","1114603","44","30444408"
"chr6","31600850","31601100","KN296308v1","1157965","1158217","34","30442885"
"chr6","31608057","31608172","KN294251v1","3708992","3709104","29","27899065"
"chr6","31612248","31612559","KN296308v1","1167953","1168265","23","30444295"
"chr6","31660229","31660516","KN296308v1","1213596","1213881","25","30446633"
"chr6","31661329","31661625","KN296308v1","1214784","1215067","35","30446545"
"chr6","31662834","31663128","KN296308v1","1216268","1216587","37","30446566"
"chr6","31674930","31675142","KN296311v1","4917760","4917970","41","26757170"
"chr6","31681450","31681704","KN296308v1","1234449","1234703","17","30447001"
"chr6","31692940","31693244","KN296486v1","1010661","1010955","63","30682279"
"chr6","31716071","31716369","KN296308v1","1270370","1270678","28","30445701"
"chr6","31718355","31718479","KN296308v1","1272421","1272544","14","30445934"
"chr6","31743460","31743730","KN296308v1","1298249","1298517","19","30445211"
"chr6","31746318","31746611","KN297442v1","1686872","1687161","51","30059446"
"chr6","31752474","31752727","KN294987v1","1408081","1408328","72","30344393"
"chr6","31767295","31767581","KN296308v1","1320203","1320493","25","30447092"
"chr6","31781614","31781911","KN296308v1","1335333","1335619","29","30446281"
"chr6","31793675","31793834","KN294506v1","347033","347186","42","31446642"
"chr6","31794452","31794607","KN297047v1","4254516","4254660","31","27539936"
"chr6","31917263","31917385","KN294470v1","2209005","2209131","20","29708258"
"chr6","31925124","31925415","KN297258v1","11772","12065","39","31913352"
"chr6","31959207","31959339","KN297190v1","6672502","6672633","25","25286705"
"chr6","32005815","32006121","KN295624v1","58332","58626","48","31947483"
"chr6","32036964","32037109","KN294790v1","3998119","3998253","31","28038845"
"chr6","32037141","32037304","KN294470v1","103350","103517","39","31933791"
"chr6","32043125","32043283","KN295382v1","38971","39135","22","32004154"
"chr6","32082817","32083113","KN296062v1","1234401","1234686","63","30848416"
"chr6","32094591","32094856","KN295090v1","1442779","1443053","63","30651812"
"chr6","32104691","32104993","KN295667v1","676400","676706","60","31428291"
"chr6","32136027","32136314","KN295382v1","128913","129199","28","32007114"
"chr6","32146225","32146515","KN295382v1","138297","138587","17","32007928"
"chr6","32147505","32147661","KN294407v1","798431","798570","47","31349074"
"chr6","32147952","32147983","KN297172v1","132482","132511","8","32015470"
"chr6","32148276","32148434","KN294456v1","786932","787090","29","31361344"
"chr6","32148798","32149019","KN295382v1","142081","142303","11","32006717"
"chr6","32149871","32150179","KN295382v1","143163","143467","25","32006708"
"chr6","32177247","32177531","KN295382v1","171945","172257","50","32005302"
"chr6","32204709","32204988","KN295382v1","200564","200854","30","32004145"
"chr6","32245989","32246279","KN296502v1","960957","961236","56","31285032"
"chr6","32266747","32267050","KN296404v1","3404152","3404452","63","28862595"
"chr6","32316889","32317010","KN297369v1","2119225","2119349","18","30197664"
"chr6","32331946","32332063","KN296933v1","89510","89627","22","32242436"
"chr6","32347185","32347299","KN294536v1","1889691","1889810","23","30457494"
"chr6","32348808","32348941","KN296486v1","1106788","1106917","25","31242020"
"chr6","32349252","32349337","KN296430v1","337676","337753","20","32011576"
"chr6","32378710","32378993","KN297159v1","2924293","2924585","66","29454417"
"chr6","32384488","32384779","KN297443v1","6930","7223","76","32377558"
"chr6","32396243","32396534","KN297154v1","1589984","1590287","69","30806259"
"chr6","32404856","32405141","KN295433v1","429148","429443","59","31975708"
"chr6","32418540","32418860","KN295667v1","1758687","1758986","75","30659853"
"chr6","32422284","32422566","KN294703v1","196114","196386","54","32226170"
"chr6","32425973","32426191","KN295596v1","2032825","2033045","50","30393148"
"chr6","32435047","32435248","KN296311v1","3745259","3745439","52","28689788"
"chr6","32442990","32443274","KN294613v1","397507","397787","69","32045483"
"chr6","32454490","32454788","KN294800v1","58275","58560","59","32396215"
"chr6","32486889","32487024","KN297095v1","2443393","2443527","34","30043496"
"chr6","32489791","32489871","KN294161v1","104721","104802","18","32385070"
"chr6","32523486","32523778","KN296390v1","16323","16616","73","32507163"
"chr6","32538946","32539076","KN294592v1","442415","442543","24","32096531"
"chr6","32579632","32579763","KN294462v1","716221","716351","13","31863411"
"chr6","32594121","32594404","KN294462v1","700934","701219","40","31893187"
"chr6","32611759","32612051","KN294462v1","683328","683653","49","31928431"
"chr6","32629197","32629489","KN294462v1","665338","665632","10","31963859"
"chr6","32632507","32632807","KN294462v1","662341","662656","39","31970166"
"chr6","32662512","32662722","KN294650v1","65157","65361","48","32597355"
"chr6","32664646","32664921","KN294462v1","632791","633090","44","32031855"
"chr6","32740423","32740616","KN294462v1","556949","557145","17","32183474"
"chr6","32758711","32758929","KN294462v1","537826","538039","19","32220885"
"chr6","32827372","32827656","KN294462v1","457422","457706","20","32369950"
"chr6","32828055","32828358","KN294462v1","456713","457026","25","32371342"
"chr6","32857901","32858212","KN294462v1","421387","421690","29","32436514"
"chr6","32872139","32872346","KN294462v1","406674","406898","30","32465465"
"chr6","32892122","32892413","KN295936v1","928734","929029","58","31963388"
"chr6","32909717","32910026","KN296864v1","3187581","3187876","73","29722136"
"chr6","32927786","32928076","KN294700v1","312831","313124","60","32614955"
"chr6","32990705","32990793","KN294705v1","1185812","1185902","19","31804893"
"chr6","33331925","33332230","KN294470v1","3146483","3146791","56","30185442"
"chr6","33340506","33340799","KN295984v1","319480","319767","73","33021026"
"chr6","33453712","33454025","KN294420v1","15001","15311","65","33438711"
"chr6","33475450","33475742","KN295526v1","910683","910978","60","32564767"
"chr6","33503004","33503282","KN294454v1","37387","37658","67","33465617"
"chr6","33545086","33545402","KN296371v1","191434","191734","57","33353652"
"chr6","33548769","33549017","KN296371v1","187818","188066","19","33360951"
"chr6","33576498","33576791","KN294842v1","484743","485036","52","33091755"
"chr6","33682601","33682838","KN294372v1","2473504","2473714","63","31209097"
"chr6","33683424","33683719","KN296371v1","38324","38600","38","33645100"
"chr6","33690556","33690869","KN296371v1","31121","31430","19","33659435"
"chr6","33718684","33718997","KN296371v1","3765","4074","19","33714919"
"chr6","33783123","33783246","KN296526v1","148308","148428","21","33634815"
"chr6","33829512","33829810","KN295923v1","179800","180086","75","33649712"
"chr6","33846594","33846794","KN294571v1","854966","855159","46","32991628"
"chr6","33847094","33847119","KN294873v1","1528953","1528975","8","32318141"
"chr6","33906998","33907119","KN295014v1","12067","12185","31","33894931"
"chr6","33911515","33911809","KN295484v1","634266","634551","57","33277249"
"chr6","33912450","33912631","KN295601v1","2423731","2423912","36","31488719"
"chr6","33919821","33920110","KN296404v1","3404152","3404452","64","30515669"
"chr6","33943580","33943894","KN295470v1","143866","144181","52","33799714"
"chr6","33951904","33952194","KN297197v1","1087003","1087288","62","32864901"
"chr6","34046078","34046379","KN297245v1","2036362","2036663","58","32009716"
"chr6","34171962","34172098","KN294837v1","427583","427733","23","33744379"
"chr6","34172387","34172583","KN294837v1","427091","427286","20","33745296"
"chr6","34178152","34178445","KN294837v1","421290","421582","24","33756862"
"chr6","34180691","34180814","KN295705v1","726608","726732","20","33454083"
"chr6","34183090","34183387","KN294837v1","415678","415970","25","33767412"
"chr6","34189267","34189574","KN294837v1","408373","408671","35","33780894"
"chr6","34190612","34190875","KN294848v1","1238455","1238708","58","32952157"
"chr6","34192657","34192939","KN294837v1","405314","405609","44","33787343"
"chr6","34198337","34198619","KN294837v1","400573","400848","23","33797764"
"chr6","34212422","34212712","KN294837v1","386368","386664","29","33826054"
"chr6","34222030","34222169","KN296495v1","2655161","2655305","27","31566869"
"chr6","34233000","34233299","KN294837v1","369224","369523","21","33863776"
"chr6","34237580","34237851","KN296270v1","714349","714618","63","33523231"
"chr6","34243148","34243414","KN294837v1","355827","356106","35","33887321"
"chr6","34244690","34244993","KN294837v1","354215","354524","28","33890475"
"chr6","34249710","34249899","KN294837v1","351945","352132","21","33897765"
"chr6","34264314","34264439","KN295405v1","414853","414970","33","33849461"
"chr6","34283388","34283674","KN296040v1","651064","651349","58","33632324"
"chr6","34337617","34337747","KN294837v1","262693","262821","8","34074924"
"chr6","34486875","34487173","KN294837v1","113666","113944","47","34373209"
"chr6","34643970","34644185","KN294842v1","652037","652250","47","33991933"
"chr6","34644186","34644472","KN296502v1","1187225","1187506","53","33456961"
"chr6","34651072","34651262","KN296311v1","3709041","3709229","45","30942031"
"chr6","34655196","34655425","KN294410v1","41786","42007","53","34613410"
"chr6","34660925","34661047","KN296828v1","63127","63248","20","34597798"
"chr6","34682325","34682621","KN295107v1","1172905","1173191","65","33509420"
"chr6","34785008","34785285","KN294187v1","147289","147562","54","34637719"
"chr6","34788108","34788389","KN297172v1","250848","251137","65","34537260"
"chr6","34832506","34832811","KN294571v1","2017016","2017317","60","32815490"
"chr6","34835135","34835438","KN296404v1","1140358","1140668","53","33694777"
"chr6","34888024","34888334","KN296119v1","5385215","5385515","60","29502809"
"chr6","34896136","34896207","KN296921v1","2672938","2673008","19","32223198"
"chr6","34896252","34896330","KN294289v1","540524","540600","16","34355728"
"chr6","34896576","34896760","KN295236v1","3163987","3164163","38","31732589"
"chr6","34931024","34931322","KN296442v1","659595","659893","61","34271429"
"chr6","34936308","34936602","KN294987v1","797207","797503","64","34139101"
"chr6","34942488","34942721","KN296938v1","783163","783396","52","34159325"
"chr6","34967566","34967688","KN295744v1","449867","449990","23","34517699"
"chr6","34968780","34969041","KN294747v1","1009795","1010060","61","33958985"
"chr6","34972148","34972338","KN295744v1","654144","654333","47","34318004"
"chr6","34972622","34972757","KN295814v1","1707822","1707956","22","33264800"
"chr6","34979702","34979985","KN295586v1","76528","76816","53","34903174"
"chr6","34982339","34982636","KN296879v1","579910","580210","61","34402429"
"chr6","34987158","34987277","KN296516v1","74962","75082","20","34912196"
"chr6","34996325","34996607","KN296424v1","442181","442466","67","34554144"
"chr6","35002977","35003208","KN294848v1","1301226","1301450","48","33701751"
"chr6","35005752","35006027","KN297112v1","5304057","5304328","68","29701695"
"chr6","35018051","35018362","KN294257v1","2271748","2272051","66","32746303"
"chr6","35031728","35032015","KN296225v1","641773","642064","57","34389955"
"chr6","35033013","35033248","KN297259v1","531113","531353","62","34501900"
"chr6","35046460","35046794","KN296749v1","416936","417261","74","34629524"
"chr6","35048237","35048539","KN297323v1","277515","277816","63","34770722"
"chr6","35049797","35049906","KN294630v1","264259","264366","18","34785538"
"chr6","35051245","35051536","KN296311v1","7907830","7908116","56","27143415"
"chr6","35055455","35055669","KN296938v1","254240","254454","38","34801215"
"chr6","35070958","35071082","KN295099v1","109976","110099","20","34960982"
"chr6","35071955","35072137","KN297320v1","294159","294351","45","34777796"
"chr6","35072687","35072902","KN295633v1","2172508","2172728","38","32900179"
"chr6","35074547","35074838","KN295365v1","618540","618829","47","34456007"
"chr6","35082953","35083030","KN294506v1","44399","44481","15","35038554"
"chr6","35085990","35086143","KN294513v1","767857","767998","38","34318133"
"chr6","35119000","35119282","KN295236v1","1832188","1832474","64","33286812"
"chr6","35136155","35136352","KN296859v1","913173","913373","43","34222982"
"chr6","35145952","35146263","KN296153v1","2128537","2128841","55","33017415"
"chr6","35159879","35160175","KN296311v1","3074623","3074927","58","32085256"
"chr6","35170384","35170614","KN294407v1","1805277","1805495","70","33365107"
"chr6","35171493","35171789","KN295586v1","3098137","3098432","76","32073356"
"chr6","35223324","35223456","KN296357v1","207753","207885","20","35015571"
"chr6","35231264","35231541","KN294167v1","472585","472855","69","34758679"
"chr6","35235539","35235820","KN295962v1","611423","611714","82","34624116"
"chr6","35242129","35242444","KN295722v1","2224056","2224366","64","33018073"
"chr6","35244313","35244428","KN295045v1","526689","526806","19","34717624"
"chr6","35247180","35247485","KN296063v1","260169","260472","68","34987011"
"chr6","35260155","35260254","KN295090v1","1605946","1606050","18","33654209"
"chr6","35274392","35274670","KN294526v1","64908","65188","63","35209484"
"chr6","35286791","35287063","KN296311v1","375827","376114","69","34910964"
"chr6","35292433","35292732","KN296096v1","3119397","3119689","61","32173036"
"chr6","35299613","35299802","KN294287v1","428598","428789","47","34871015"
"chr6","35301955","35302233","KN294585v1","134715","134984","71","35167240"
"chr6","35311316","35311617","KN295102v1","123723","124026","56","35187593"
"chr6","35318816","35319089","KN297046v1","3036778","3037058","73","32282038"
"chr6","35328625","35328932","KN295744v1","654344","654638","73","34674281"
"chr6","35328983","35329263","KN296187v1","803116","803397","58","34525867"
"chr6","35330792","35331005","KN296153v1","2034042","2034233","57","33296750"
"chr6","35331273","35331411","KN294345v1","1307663","1307798","33","34023610"
"chr6","35331435","35331552","KN294591v1","425038","425155","17","34906397"
"chr6","35347989","35348191","KN294964v1","523425","523626","43","34824564"
"chr6","35348349","35348464","KN295038v1","1284486","1284604","24","34063863"
"chr6","35357287","35357586","KN295343v1","329489","329788","59","35027798"
"chr6","35363804","35364103","KN295045v1","414971","415269","61","34948833"
"chr6","35364481","35364715","KN296743v1","285796","286022","65","35078685"
"chr6","35370843","35370978","KN294790v1","3998119","3998253","19","31372724"
"chr6","35372379","35372683","KN296019v1","466074","466382","55","34906305"
"chr6","35389751","35390036","KN296311v1","7675341","7675631","70","27714410"
"chr6","35390351","35390615","KN296938v1","976914","977152","74","34413437"
"chr6","35400126","35400426","KN297242v1","1270231","1270524","74","34129895"
"chr6","35407510","35407710","KN296883v1","2780707","2780888","51","32626803"
"chr6","35408002","35408108","KN296079v1","657245","657351","23","34750757"
"chr6","35414119","35414401","KN294499v1","2072204","2072486","53","33341915"
"chr6","35419621","35419880","KN296079v1","1432508","1432768","71","33987113"
"chr6","35438709","35438826","KN296933v1","89510","89627","22","35349199"
"chr6","35447993","35448261","KN296861v1","28926","29207","69","35419067"
"chr6","35448680","35448762","KN295610v1","691984","692062","26","34756696"
"chr6","35449992","35450326","KN294172v1","4180696","4181003","73","31269296"
"chr6","35474645","35474919","KN296322v1","1231093","1231378","70","34243552"
"chr6","35478483","35478784","KN297008v1","1477900","1478200","53","34000583"
"chr6","35485311","35485611","KN296404v1","2930841","2931137","61","32554470"
"chr6","35488132","35488428","KN295586v1","2908076","2908370","56","32580056"
"chr6","35496429","35496706","KN296821v1","126606","126890","56","35369823"
"chr6","35509701","35509989","KN296263v1","950807","951100","62","34558894"
"chr6","35527594","35527765","KN297044v1","177090","177263","36","35350504"
"chr6","35536833","35537106","KN296682v1","2507900","2508150","36","33028933"
"chr6","35538044","35538178","KN296435v1","2276311","2276439","34","33261733"
"chr6","35541414","35541530","KN296119v1","5442855","5442972","17","30098559"
"chr6","35544421","35544568","KN294325v1","1211305","1211450","24","34333116"
"chr6","35544882","35545028","KN294824v1","200564","200709","36","35344318"
"chr6","35554910","35554960","KN296634v1","459389","459438","9","35095521"
"chr6","35555265","35555374","KN296210v1","401227","401323","30","35154038"
"chr6","35568556","35568807","KN294193v1","584281","584536","54","34984275"
"chr6","35578466","35578764","KN296157v1","4224920","4225209","63","31353546"
"chr6","35579984","35580257","KN295869v1","704529","704804","56","34875455"
"chr6","35593344","35593631","KN294199v1","65187","65474","55","35528157"
"chr6","35600923","35601202","KN295304v1","712822","713119","73","34888101"
"chr6","35625325","35625629","KN297452v1","2319370","2319688","63","33305955"
"chr6","35628636","35628947","KN294172v1","511981","512290","67","35116655"
"chr6","35663984","35664114","KN294987v1","1200244","1200376","18","34463740"
"chr6","35667429","35667711","KN294842v1","1867962","1868242","73","33799467"
"chr6","35669178","35669364","KN294260v1","877383","877572","50","34791795"
"chr6","35672478","35672787","KN294181v1","481862","482169","58","35190616"
"chr6","35711201","35711333","KN296306v1","2364278","2364407","20","33346923"
"chr6","35711642","35711793","KN294251v1","1555716","1555854","45","34155926"
"chr6","35754061","35754312","KN294291v1","861781","862027","52","34892280"
"chr6","35762190","35762500","KN294571v1","324148","324455","59","35438042"
"chr6","35782103","35782320","KN295362v1","1320763","1320971","54","34461340"
"chr6","35791920","35792215","KN297320v1","1234476","1234772","56","34557444"
"chr6","35816062","35816360","KN295365v1","618540","618829","66","35197522"
"chr6","35835271","35835467","KN294705v1","1047371","1047557","46","34787900"
"chr6","35845117","35845423","KN294705v1","773441","773753","56","35071676"
"chr6","35881090","35881397","KN295591v1","705545","705842","65","35175545"
"chr6","35919941","35920027","KN294193v1","102539","102625","19","35817402"
"chr6","35930292","35930609","KN295501v1","522102","522406","63","35408190"
"chr6","35930644","35930956","KN296547v1","714962","715267","79","35215682"
"chr6","35938166","35938469","KN296311v1","758399","758699","59","35179767"
"chr6","35939964","35940269","KN295722v1","1993152","1993448","65","33946812"
"chr6","35958325","35958628","KN295571v1","125325","125626","65","35833000"
"chr6","35960397","35960686","KN295474v1","1385419","1385718","60","34574978"
"chr6","36006479","36006563","KN296442v1","970518","970603","20","35035961"
"chr6","36008421","36008730","KN296138v1","198772","199071","66","35809649"
"chr6","36008735","36009040","KN294873v1","1639116","1639412","66","34369619"
"chr6","36018172","36018310","KN294842v1","742686","742819","26","35275486"
"chr6","36032020","36032318","KN297023v1","834704","834999","56","35197316"
"chr6","36070799","36071058","KN296948v1","23636","23921","79","36047163"
"chr6","36075901","36076198","KN297320v1","1234476","1234772","47","34841425"
"chr6","36086253","36086372","KN294874v1","248846","248962","15","35837407"
"chr6","36086700","36086876","KN295988v1","825364","825541","35","35261336"
"chr6","36131475","36131786","KN296916v1","206822","207104","74","35924653"
"chr6","36136261","36136396","KN296311v1","4367789","4367922","27","31768472"
"chr6","36178015","36178142","KN296040v1","320608","320733","21","35857407"
"chr6","36184933","36185244","KN296404v1","3404152","3404452","60","32780781"
"chr6","36187225","36187513","KN297095v1","1524528","1524816","66","34662697"
"chr6","36302173","36302443","KN295236v1","4812704","4812971","62","31489469"
"chr6","36306269","36306394","KN296187v1","2281614","2281737","18","34024655"
"chr6","36311664","36311959","KN295744v1","654344","654638","61","35657320"
"chr6","36314569","36314811","KN296726v1","643882","644111","68","35670687"
"chr6","36319029","36319297","KN294345v1","2030095","2030371","57","34288934"
"chr6","36319649","36319778","KN295433v1","672811","672940","24","35646838"
"chr6","36320819","36321121","KN297320v1","1234476","1234772","50","35086343"
"chr6","36321989","36322290","KN297008v1","1477900","1478200","51","34844089"
"chr6","36323576","36323867","KN296145v1","809194","809494","68","35514382"
"chr6","36332713","36333010","KN296311v1","4657276","4657569","50","31675437"
"chr6","36335288","36335590","KN297242v1","1644725","1645023","59","34690563"
"chr6","36340681","36340959","KN295368v1","1697010","1697286","58","34643671"
"chr6","36343216","36343418","KN294741v1","906622","906810","54","35436594"
"chr6","36354381","36354677","KN296017v1","366720","367014","52","35987661"
"chr6","36358636","36358909","KN296119v1","4568889","4569170","55","31789747"
"chr6","36368555","36368852","KN294630v1","530859","531151","63","35837696"
"chr6","36371777","36372027","KN296357v1","360516","360771","60","36011261"
"chr6","36372945","36373243","KN294591v1","321648","321942","76","36051297"
"chr6","36382855","36383153","KN294705v1","1883371","1883661","62","34499484"
"chr6","36384970","36385251","KN294433v1","155405","155670","69","36229565"
"chr6","36402783","36403082","KN295601v1","882390","882688","58","35520393"
"chr6","36405339","36405645","KN295243v1","343025","343332","60","36062314"
"chr6","36406660","36406904","KN296964v1","1300990","1301235","71","35105670"
"chr6","36412598","36412913","KN296019v1","466074","466382","66","35946524"
"chr6","36417336","36417620","KN296000v1","1016402","1016689","29","35400934"
"chr6","36425562","36425691","KN296403v1","182747","182877","20","36242815"
"chr6","36437678","36437974","KN295366v1","243444","243735","56","36194234"
"chr6","36443201","36443489","KN295526v1","910683","910978","60","35532518"
"chr6","36444546","36444846","KN295591v1","745641","745936","59","35698905"
"chr6","36449163","36449488","KN296682v1","4184034","4184327","77","32265129"
"chr6","36458010","36458314","KN295343v1","329489","329788","63","36128521"
"chr6","36460192","36460479","KN296187v1","2809754","2810048","55","33650438"
"chr6","36465164","36465473","KN296378v1","443231","443542","50","36021933"
"chr6","36479877","36480178","KN294243v1","254010","254312","75","36225867"
"chr6","36520083","36520173","KN294499v1","1192399","1192490","18","35327684"
"chr6","36533108","36533469","KN294210v1","1050298","1050624","98","35482810"
"chr6","36554232","36554531","KN295601v1","780728","781025","59","35773504"
"chr6","36571840","36571965","KN295564v1","254993","255109","22","36316847"
"chr6","36625528","36625688","KN297453v1","345826","345982","34","36279702"
"chr6","36674499","36674795","KN294741v1","673277","673565","68","36001222"
"chr6","36691431","36691726","KN295550v1","1080775","1081062","59","35610656"
"chr6","36700550","36700678","KN295433v1","672811","672940","18","36027739"
"chr6","36724926","36725094","KN296153v1","1491825","1491991","35","35233101"
"chr6","36754292","36754591","KN295601v1","1318629","1318917","70","35435663"
"chr6","36756543","36756709","KN294848v1","221307","221462","37","36535236"
"chr6","36792519","36792649","KN296484v1","775862","775993","17","36016657"
"chr6","36805243","36805363","KN295449v1","228975","229097","19","36576268"
"chr6","36819260","36819525","KN296176v1","594450","594729","66","36224810"
"chr6","36873561","36873730","KN295205v1","748831","748999","28","36124730"
"chr6","36894802","36895064","KN297452v1","749329","749594","66","36145473"
"chr6","36906533","36906767","KN295406v1","307597","307829","39","36598936"
"chr6","36917561","36917764","KN295368v1","1853149","1853352","43","35064412"
"chr6","36925339","36925587","KN296938v1","976914","977152","50","35948425"
"chr6","36928407","36928713","KN297032v1","367113","367401","66","36561294"
"chr6","36943564","36943834","KN297442v1","2346667","2346944","65","34596897"
"chr6","36945764","36945988","KN294229v1","5824","6044","54","36939940"
"chr6","36992228","36992504","KN297190v1","4658770","4659051","59","32333458"
"chr6","37000488","37000798","KN295586v1","2908076","2908370","63","34092412"
"chr6","37012761","37013052","KN295433v1","429148","429443","52","36583613"
"chr6","37018994","37019288","KN295586v1","3098137","3098432","57","33920857"
"chr6","37036584","37036882","KN296864v1","3187581","3187876","52","33849003"
"chr6","37045288","37045487","KN297046v1","996345","996544","35","36048943"
"chr6","37045626","37045932","KN296536v1","129401","129700","59","36916225"
"chr6","37047277","37047555","KN294446v1","610144","610434","62","36437133"
"chr6","37067437","37067527","KN295994v1","496775","496860","19","36570662"
"chr6","37077018","37077320","KN296404v1","3404152","3404452","50","33672866"
"chr6","37137001","37137300","KN295936v1","240644","240938","61","36896357"
"chr6","37142777","37143074","KN294685v1","757490","757789","68","36385287"
"chr6","37149663","37149806","KN294234v1","1616063","1616196","38","35533600"
"chr6","37152362","37152681","KN295705v1","765452","765749","84","36386910"
"chr6","37155338","37155577","KN294193v1","618452","618679","55","36536886"
"chr6","37158901","37159198","KN294499v1","1158565","1158864","58","36000336"
"chr6","37166878","37167158","KN294458v1","593748","594033","54","36573130"
"chr6","37169016","37169300","KN296322v1","1148106","1148393","56","36020910"
"chr6","37173414","37173747","KN296404v1","3863029","3863357","72","33310385"
"chr6","37201290","37201513","KN296096v1","1706106","1706327","46","35495184"
"chr6","37212953","37213242","KN295729v1","981121","981417","60","36231832"
"chr6","37218475","37218572","KN296831v1","626650","626748","34","36591825"
"chr6","37219750","37219942","KN296635v1","3474290","3474485","38","33745460"
"chr6","37220257","37220363","KN295236v1","725975","726080","14","36494282"
"chr6","37227729","37228032","KN294705v1","1338492","1338793","56","35889237"
"chr6","37244832","37245123","KN294520v1","296869","297156","61","36947963"
"chr6","37262222","37262512","KN297008v1","1477900","1478200","58","35784322"
"chr6","37294997","37295289","KN296538v1","1793220","1793524","65","35501777"
"chr6","37310724","37310993","KN294619v1","544816","545086","54","36765908"
"chr6","37320574","37320864","KN295365v1","618540","618829","56","36702034"
"chr6","37332707","37333030","KN296864v1","3265179","3265496","63","34067528"
"chr6","37347124","37347176","KN295984v1","2645293","2645348","14","34701831"
"chr6","37347567","37347860","KN295893v1","883829","884122","65","36463738"
"chr6","37360161","37360419","KN296157v1","2793761","2794022","60","34566400"
"chr6","37364825","37365039","KN295236v1","4568802","4569034","59","32796023"
"chr6","37373750","37374038","KN296146v1","80628","80919","65","37293122"
"chr6","37388491","37388787","KN295039v1","340009","340297","64","37048482"
"chr6","37404151","37404358","KN296964v1","753660","753869","42","36650491"
"chr6","37458557","37458858","KN294257v1","2403021","2403326","57","35055536"
"chr6","37464021","37464318","KN296486v1","1505649","1505946","63","35958372"
"chr6","37491431","37491717","KN297159v1","1008247","1008533","66","36483184"
"chr6","37507188","37507477","KN294172v1","734416","734711","53","36772772"
"chr6","37520043","37520308","KN295930v1","742582","742860","52","36777461"
"chr6","37530887","37531227","KN295171v1","630371","630698","92","36900516"
"chr6","37541536","37541853","KN296508v1","2151971","2152273","68","35389565"
"chr6","37587197","37587507","KN294217v1","2658328","2658635","48","34928869"
"chr6","37591855","37592186","KN295717v1","2052263","2052573","86","35539592"
"chr6","37605069","37605175","KN294604v1","356650","356754","14","37248419"
"chr6","37615269","37615383","KN297184v1","1078083","1078194","23","36537186"
"chr6","37645298","37645582","KN294224v1","1484380","1484672","63","36160918"
"chr6","37678778","37679064","KN296634v1","1816690","1816969","53","35862088"
"chr6","37690526","37690809","KN294848v1","46660","46962","71","37643866"
"chr6","37716579","37716857","KN294218v1","1780953","1781231","53","35935626"
"chr6","37723019","37723276","KN296541v1","3213260","3213529","68","34509759"
"chr6","37731186","37731445","KN294488v1","528352","528609","50","37202834"
"chr6","37753487","37753756","KN296883v1","547727","548009","58","37205760"
"chr6","37796618","37796915","KN294747v1","872166","872468","56","36924452"
"chr6","37799446","37799653","KN296702v1","820200","820406","40","36979246"
"chr6","37800829","37801141","KN295725v1","1708402","1708708","62","36092427"
"chr6","37803643","37803955","KN295368v1","414293","414587","72","37389350"
"chr6","37809973","37810284","KN296290v1","775055","775367","59","37034918"
"chr6","37827614","37827944","KN294199v1","370344","370637","126","37457270"
"chr6","37837149","37837182","KN294842v1","266405","266439","6","37570744"
"chr6","37837492","37837648","KN295984v1","1432597","1432759","39","36404895"
"chr6","37837958","37838030","KN297190v1","1140498","1140571","11","36697460"
"chr6","37844974","37845169","KN295607v1","4257455","4257650","44","33587519"
"chr6","37845482","37845570","KN295038v1","961774","961860","24","36883708"
"chr6","37851703","37852002","KN295171v1","753154","753458","49","37098549"
"chr6","37855603","37855861","KN296178v1","950786","951044","57","36904817"
"chr6","37881057","37881351","KN294181v1","958804","959084","66","36922253"
"chr6","37901327","37901493","KN295171v1","420921","421088","36","37480406"
"chr6","37901782","37901897","KN294373v1","776509","776626","14","37125273"
"chr6","37907982","37908241","KN296538v1","460416","460669","62","37447566"
"chr6","37909647","37909802","KN295744v1","206000","206153","40","37703647"
"chr6","37910093","37910247","KN294325v1","1211305","1211450","41","36698788"
"chr6","37911664","37911951","KN296959v1","1045812","1046085","78","36865852"
"chr6","37929884","37930037","KN295667v1","1433734","1433873","37","36496150"
"chr6","37932836","37932965","KN297112v1","3930139","3930268","24","34002697"
"chr6","37946095","37946405","KN294922v1","237834","238139","64","37708261"
"chr6","37957399","37957700","KN294470v1","3148727","3149019","54","34808672"
"chr6","37962206","37962395","KN294856v1","385757","385941","43","37576449"
"chr6","37962689","37962824","KN294633v1","156048","156180","19","37806641"
"chr6","37979818","37979947","KN296646v1","397671","397785","36","37582147"
"chr6","37980252","37980329","KN294501v1","128231","128303","28","37852021"
"chr6","37980609","37980730","KN294218v1","2770528","2770643","26","35210081"
"chr6","38014729","38014842","KN294479v1","126879","126992","16","37887850"
"chr6","38022308","38022595","KN296486v1","1505649","1505946","68","36516659"
"chr6","38032920","38033217","KN296702v1","484884","485178","66","37548036"
"chr6","38043780","38044083","KN294739v1","1051527","1051820","63","36992253"
"chr6","38049995","38050300","KN294493v1","1563035","1563339","61","36486960"
"chr6","38068165","38068463","KN296847v1","4573","4868","51","38063592"
"chr6","38078204","38078437","KN296743v1","2451979","2452213","45","35626225"
"chr6","38143408","38143688","KN295263v1","78046","78327","64","38065362"
"chr6","38151159","38151439","KN296513v1","259834","260122","57","37891325"
"chr6","38151452","38151576","KN294345v1","1896097","1896220","18","36255355"
"chr6","38159441","38159706","KN296263v1","1072800","1073083","67","37086641"
"chr6","38205914","38206221","KN295906v1","7458","7764","65","38198456"
"chr6","38289233","38289536","KN295198v1","732912","733220","67","37556321"
"chr6","38299503","38299808","KN296505v1","21654","21951","56","38277849"
"chr6","38374546","38374725","KN294548v1","1547760","1547920","49","36826786"
"chr6","38375025","38375137","KN295319v1","541316","541422","32","37833709"
"chr6","38397370","38397587","KN294717v1","27773","27984","55","38369597"
"chr6","38419126","38419455","KN295996v1","492097","492407","85","37927029"
"chr6","38428969","38429253","KN296682v1","3850948","3851234","64","34578021"
"chr6","38444084","38444376","KN295345v1","1117977","1118282","61","37326107"
"chr6","38460452","38460763","KN295974v1","3961765","3962029","97","34498687"
"chr6","38461290","38461606","KN294217v1","2658328","2658635","60","35802962"
"chr6","38465975","38466196","KN296000v1","1187862","1188084","42","37278113"
"chr6","38475296","38475466","KN295722v1","2530724","2530897","29","35944572"
"chr6","38488018","38488331","KN296637v1","645597","645903","60","37842421"
"chr6","38515995","38516225","KN294486v1","1199113","1199343","53","37316882"
"chr6","38528828","38529134","KN294470v1","3146483","3146791","56","35382345"
"chr6","38551262","38551533","KN295343v1","1026743","1027006","46","37524519"
"chr6","38559464","38559774","KN296311v1","7907830","7908116","63","30651634"
"chr6","38560604","38560809","KN297186v1","835427","835640","53","37725177"
"chr6","38616243","38616564","KN295236v1","4200227","4200533","78","34416016"
"chr6","38619809","38619915","KN296093v1","249854","249945","28","38369955"
"chr6","38623316","38623614","KN294486v1","703303","703604","61","37920013"
"chr6","38623959","38624108","KN295667v1","1603051","1603201","31","37020908"
"chr6","38636423","38636725","KN296547v1","285164","285470","59","38351259"
"chr6","38678573","38678847","KN295708v1","1015045","1015332","71","37663528"
"chr6","38684452","38684568","KN294540v1","323855","323970","15","38360597"
"chr6","38725555","38725847","KN295580v1","46402","46690","65","38679153"
"chr6","38728244","38728525","KN297008v1","6692234","6692516","63","32036010"
"chr6","38728698","38728783","KN294193v1","102539","102625","21","38626159"
"chr6","38784891","38785012","KN296926v1","1064368","1064490","18","37720523"
"chr6","38791487","38791604","KN296921v1","438631","438747","20","38352856"
"chr6","38798220","38798387","KN296119v1","5852840","5852996","52","32945380"
"chr6","38798439","38798552","KN295666v1","605491","605605","17","38192948"
"chr6","38815146","38815343","KN294987v1","414044","414238","54","38401102"
"chr6","38817440","38817656","KN294257v1","2273983","2274202","62","36543457"
"chr6","38851648","38851941","KN295814v1","1557506","1557798","64","37294142"
"chr6","38862123","38862377","KN294583v1","298007","298266","50","38564116"
"chr6","38875616","38875949","KN296063v1","609816","610133","87","38265800"
"chr6","38886770","38887059","KN295832v1","1134107","1134401","56","37752663"
"chr6","38903642","38903910","KN294172v1","4906375","4906640","63","33997267"
"chr6","38910934","38911272","KN294842v1","1478446","1478750","102","37432488"
"chr6","38977119","38977416","KN294874v1","102201","102494","59","38874918"
"chr6","38991396","38991664","KN295744v1","411697","411959","74","38579699"
"chr6","38999152","38999422","KN295405v1","1418045","1418310","61","37581107"
"chr6","39004291","39004495","KN297205v1","398132","398329","45","38606159"
"chr6","39006742","39007055","KN294893v1","467871","468166","81","38538871"
"chr6","39007134","39007393","KN294630v1","695952","696213","55","38311182"
"chr6","39009329","39009592","KN295596v1","719179","719431","69","38290150"
"chr6","39010842","39011130","KN295294v1","1083667","1083944","66","37927175"
"chr6","39033081","39033324","KN294873v1","1193100","1193340","42","37839981"
"chr6","39077351","39077628","KN296634v1","1816690","1816969","57","37260661"
"chr6","39102133","39102399","KN294790v1","2321329","2321606","60","36780804"
"chr6","39114125","39114409","KN294733v1","143432","143710","57","38970693"
"chr6","39116130","39116435","KN295869v1","1081138","1081429","70","38034992"
"chr6","39118307","39118616","KN295405v1","543064","543356","71","38575243"
"chr6","39126361","39126637","KN296637v1","759441","759718","54","38366920"
"chr6","39133393","39133707","KN294451v1","351575","351870","70","38781818"
"chr6","39149303","39149549","KN296322v1","996547","996792","57","38152756"
"chr6","39156960","39157230","KN295243v1","602094","602369","70","38554866"
"chr6","39162268","39162574","KN296682v1","4680106","4680412","58","34482162"
"chr6","39176729","39176833","KN295962v1","1977414","1977522","19","37199315"
"chr6","39177231","39177512","KN297046v1","1456491","1456773","49","37720740"
"chr6","39191714","39192007","KN295365v1","534529","534812","66","38657185"
"chr6","39202943","39203229","KN296303v1","253175","253450","74","38949768"
"chr6","39216021","39216317","KN295907v1","1541812","1542107","61","37674209"
"chr6","39229053","39229132","KN296770v1","311785","311868","17","38917268"
"chr6","39232499","39232610","KN295243v1","920362","920479","17","38312137"
"chr6","39248957","39249143","KN296138v1","287757","287946","52","38961200"
"chr6","39250164","39250393","KN295923v1","666673","666896","50","38583491"
"chr6","39281486","39281804","KN297108v1","304668","304974","65","38976818"
"chr6","39299468","39299590","KN295666v1","438773","438897","21","38860695"
"chr6","39299902","39300049","KN294172v1","1716459","1716607","30","37583443"
"chr6","39345569","39345877","KN296192v1","220296","220610","64","39125273"
"chr6","39359652","39359795","KN294911v1","1987810","1987955","27","37371842"
"chr6","39361768","39362055","KN294396v1","96798","97094","63","39264970"
"chr6","39365963","39366160","KN295198v1","78177","78377","45","39287786"
"chr6","39366690","39366711","KN295236v1","1197395","1197417","4","38169295"
"chr6","39416877","39417180","KN295936v1","2737563","2737863","64","36679314"
"chr6","39426771","39427085","KN294987v1","1079259","1079566","58","38347512"
"chr6","39430021","39430304","KN297197v1","1087003","1087288","56","38343018"
"chr6","39436257","39436529","KN296635v1","4352147","4352419","68","35084110"
"chr6","39437922","39438281","KN296075v1","572236","572559","107","38865686"
"chr6","39438316","39438609","KN296864v1","3187581","3187876","47","36250735"
"chr6","39442724","39442961","KN294451v1","720884","721099","57","38721840"
"chr6","39487552","39487846","KN295984v1","2915009","2915297","57","36572543"
"chr6","39504582","39504890","KN296495v1","712110","712417","59","38792472"
"chr6","39540098","39540372","KN295548v1","858186","858487","69","38681912"
"chr6","39544877","39545005","KN294790v1","3229099","3229225","23","36315778"
"chr6","39644056","39644355","KN296406v1","163962","164264","58","39480094"
"chr6","39657134","39657418","KN296187v1","803116","803397","63","38854018"
"chr6","39665969","39666251","KN294668v1","2075847","2076129","48","37590122"
"chr6","39892947","39893246","KN296406v1","163962","164264","68","39728985"
"chr6","39922922","39923200","KN295995v1","1440999","1441277","59","38481923"
"chr6","40141283","40141331","KN295708v1","1322703","1322753","10","38818580"
"chr6","40153242","40153564","KN296430v1","1241857","1242169","76","38911385"
"chr6","40157845","40158010","KN294806v1","535637","535792","38","39622208"
"chr6","40159140","40159502","KN296096v1","804970","805322","105","39354170"
"chr6","40162684","40162970","KN295601v1","1318629","1318917","56","38844055"
"chr6","40232184","40232513","KN294199v1","560333","560653","86","39671851"
"chr6","40249073","40249406","KN295586v1","1578389","1578700","73","38670684"
"chr6","40274927","40275208","KN294410v1","234038","234311","71","40040889"
"chr6","40304645","40304943","KN294365v1","731430","731733","54","39573215"
"chr6","40540595","40540900","KN297095v1","1158671","1158973","82","39381924"
"chr6","40580054","40580296","KN297047v1","2417671","2417893","66","38162383"
"chr6","40580738","40581061","KN295977v1","874312","874619","78","39706426"
"chr6","40602587","40602745","KN295962v1","2462476","2462638","43","38140111"
"chr6","40610915","40611115","KN295962v1","1854896","1855088","48","38756019"
"chr6","40681431","40681732","KN294396v1","291091","291380","71","40390340"
"chr6","40785297","40785605","KN294630v1","254905","255218","71","40530392"
"chr6","41150641","41150955","KN295236v1","455092","455401","68","40695549"
"chr6","41204948","41205143","KN294741v1","906622","906810","39","40298326"
"chr6","41351740","41352053","KN296588v1","977314","977623","53","40374426"
"chr6","41370875","41371179","KN294181v1","481862","482169","62","40889013"
"chr6","41391552","41391830","KN295962v1","1619860","1620132","64","39771692"
"chr6","41593113","41593409","KN295936v1","240644","240938","50","41352469"
"chr6","41706986","41707267","KN295592v1","2120017","2120297","53","39586969"
"chr6","41953137","41953440","KN296096v1","3119397","3119689","60","38833740"
"chr6","42000639","42000944","KN295744v1","666795","667086","56","41333844"
"chr6","42055311","42055607","KN295592v1","1135521","1135812","60","40919790"
"chr6","42166083","42166385","KN294257v1","2403021","2403326","56","39763062"
"chr6","42172279","42172339","KN296180v1","39539","39608","18","42132740"
"chr6","42173764","42174060","KN295205v1","1726449","1726748","61","40447315"
"chr6","42206368","42206658","KN294987v1","293901","294191","54","41912467"
"chr6","42238797","42238958","KN294372v1","903260","903422","42","41335537"
"chr6","42263364","42263616","KN294291v1","861781","862027","64","41401583"
"chr6","42265263","42265524","KN295705v1","1973888","1974159","57","40291375"
"chr6","42280983","42281269","KN294217v1","134696","134980","79","42146287"
"chr6","42286453","42286572","KN296959v1","809084","809200","26","41477369"
"chr6","42296412","42296712","KN297320v1","1234476","1234772","54","41061936"
"chr6","42371680","42371907","KN295441v1","1067325","1067540","48","41304355"
"chr6","42377992","42378167","KN296247v1","961049","961221","37","41416943"
"chr6","42423868","42424049","KN295533v1","1808077","1808253","34","40615791"
"chr6","42434116","42434399","KN296495v1","39014","39300","18","42395102"
"chr6","42524295","42524448","KN296495v1","128558","128721","19","42395737"
"chr6","42551817","42552113","KN295623v1","319594","319892","61","42232223"
"chr6","42571779","42572071","KN296495v1","177961","178253","28","42393818"
"chr6","42600306","42600580","KN296495v1","206758","207032","14","42393548"
"chr6","42642198","42642381","KN296495v1","250682","250882","34","42391516"
"chr6","42643119","42643239","KN296495v1","251172","251307","18","42391947"
"chr6","42653002","42653123","KN296495v1","261749","261865","15","42391253"
"chr6","42680066","42680199","KN296495v1","291369","291502","5","42388697"
"chr6","42686648","42686944","KN296495v1","297850","298124","33","42388798"
"chr6","42689771","42689855","KN296495v1","300953","301037","4","42388818"
"chr6","42691208","42691309","KN296079v1","719258","719356","22","41971950"
"chr6","42724220","42724517","KN296495v1","337713","338015","17","42386507"
"chr6","42735301","42735500","KN296864v1","3263835","3264018","54","39471466"
"chr6","42735794","42735921","KN294897v1","643853","643975","26","42091941"
"chr6","42757171","42757382","KN296495v1","374326","374521","34","42382845"
"chr6","42757699","42757739","KN296495v1","374842","374882","2","42382857"
"chr6","42765738","42765850","KN296495v1","383774","383888","10","42381964"
"chr6","42765853","42766060","KN296495v1","383891","384094","18","42381962"
"chr6","42785778","42786077","KN296406v1","163962","164264","60","42621816"
"chr6","42800799","42801061","KN296311v1","6342606","6342865","67","36458193"
"chr6","42801597","42801911","KN296495v1","422878","423206","31","42378719"
"chr6","42808433","42808607","KN296495v1","429738","429917","18","42378695"
"chr6","42808912","42809050","KN296495v1","430204","430342","10","42378708"
"chr6","42829736","42829945","KN296495v1","450702","450914","10","42379034"
"chr6","42838757","42839029","KN296495v1","461661","461936","29","42377096"
"chr6","42845355","42845636","KN296311v1","8130976","8131263","60","34714379"
"chr6","42849108","42849306","KN295974v1","3068927","3069131","45","39780181"
"chr6","42877330","42877445","KN296495v1","514630","514745","7","42362700"
"chr6","42886900","42887009","KN295236v1","1841085","1841197","28","41045815"
"chr6","42887303","42887489","KN295091v1","1585528","1585709","49","41301775"
"chr6","42892438","42892717","KN296495v1","521064","521352","22","42371374"
"chr6","42895623","42895752","KN296495v1","524539","524668","10","42371084"
"chr6","42911067","42911389","KN296495v1","539251","539567","25","42371816"
"chr6","42914190","42914480","KN296495v1","542450","542732","23","42371740"
"chr6","42946290","42946422","KN296495v1","575952","576084","8","42370338"
"chr6","42967757","42968060","KN296495v1","596646","596943","35","42371111"
"chr6","42985834","42986013","KN296495v1","614380","614564","16","42371454"
"chr6","43018424","43018700","KN296495v1","646408","646690","19","42372016"
"chr6","43076921","43077169","KN296938v1","976914","977152","53","42100007"
"chr6","43093569","43093866","KN296495v1","730585","730883","17","42362984"
"chr6","43106491","43106819","KN296495v1","745295","745630","53","42361196"
"chr6","43107791","43108073","KN296495v1","746783","747082","30","42361008"
"chr6","43129314","43129590","KN296495v1","769379","769676","42","42359935"
"chr6","43154364","43154631","KN296495v1","793853","794114","21","42360511"
"chr6","43157225","43157451","KN296495v1","796698","796944","31","42360527"
"chr6","43185722","43185865","KN296495v1","824891","825017","24","42360831"
"chr6","43186169","43186275","KN296495v1","825317","825438","23","42360852"
"chr6","43204631","43204924","KN296495v1","843452","843737","25","42361179"
"chr6","43266095","43266386","KN296495v1","906095","906384","23","42360000"
"chr6","43270292","43270503","KN297190v1","4625605","4625803","48","38644687"
"chr6","43297339","43297630","KN296495v1","938859","939151","20","42358480"
"chr6","43299836","43300171","KN296495v1","941354","941710","43","42358482"
"chr6","43314476","43314749","KN296495v1","956586","956859","16","42357890"
"chr6","43321129","43321421","KN296495v1","964014","964306","27","42357115"
"chr6","43342217","43342509","KN294848v1","172086","172375","61","43170131"
"chr6","43346881","43347001","KN296495v1","990553","990673","14","42356328"
"chr6","43379643","43379941","KN296637v1","645597","645903","67","42734046"
"chr6","43405313","43405591","KN294172v1","3976237","3976511","51","39429076"
"chr6","43407602","43407799","KN294147v1","1444419","1444613","48","41963183"
"chr6","43416857","43417163","KN296225v1","641773","642064","62","42775084"
"chr6","43438537","43438826","KN295304v1","712822","713119","54","42725715"
"chr6","43447134","43447429","KN296495v1","1094878","1095178","26","42352256"
"chr6","43473460","43473761","KN296495v1","1122364","1122668","18","42351096"
"chr6","43474088","43474334","KN296495v1","1123221","1123495","46","42350867"
"chr6","43485749","43486004","KN296096v1","2650344","2650599","58","40835405"
"chr6","43501728","43502004","KN294613v1","554211","554479","75","42947517"
"chr6","43509758","43510074","KN296495v1","1160338","1160628","38","42349420"
"chr6","43549276","43549556","KN296495v1","1205011","1205291","19","42344265"
"chr6","43556765","43556990","KN296495v1","1212586","1212821","28","42344179"
"chr6","43585312","43585583","KN296495v1","1239320","1239597","27","42345992"
"chr6","43587298","43587466","KN296495v1","1241394","1241566","16","42345904"
"chr6","43588595","43588916","KN296495v1","1242697","1243016","24","42345898"
"chr6","43597976","43598051","KN296495v1","1251302","1251377","3","42346674"
"chr6","43602399","43602514","KN295586v1","1171565","1171683","19","42430834"
"chr6","43608320","43608661","KN296864v1","3265179","3265496","75","40343141"
"chr6","43615157","43615208","KN294378v1","1139766","1139822","9","42475391"
"chr6","43638218","43638365","KN294524v1","53929","54076","25","43584289"
"chr6","43638652","43638668","KN295708v1","1391150","1391162","6","42247502"
"chr6","43638972","43639108","KN296110v1","32954","33086","20","43606018"
"chr6","43640682","43640983","KN297094v1","278575","278875","59","43362107"
"chr6","43665862","43666139","KN296495v1","1324904","1325168","35","42340958"
"chr6","43677674","43677967","KN296495v1","1337806","1338098","36","42339868"
"chr6","43679771","43679871","KN296495v1","1339474","1339574","3","42340297"
"chr6","43687133","43687413","KN296865v1","674045","674326","67","43013088"
"chr6","43689994","43690117","KN296495v1","1351671","1351794","8","42338323"
"chr6","43697383","43697643","KN296495v1","1359094","1359353","20","42338289"
"chr6","43701140","43701416","KN296495v1","1363825","1364090","41","42337315"
"chr6","43702526","43702739","KN296495v1","1365296","1365504","18","42337230"
"chr6","43713134","43713441","KN296495v1","1375941","1376221","48","42337193"
"chr6","43740273","43740586","KN296495v1","1403984","1404297","25","42336289"
"chr6","43743185","43743353","KN296322v1","352964","353133","43","43390221"
"chr6","43755097","43755387","KN296495v1","1421626","1421894","34","42333471"
"chr6","43787902","43788196","KN295893v1","7115857","7116150","66","36672045"
"chr6","43833443","43833720","KN296495v1","1505439","1505742","54","42328004"
"chr6","43879961","43880270","KN296495v1","1553307","1553623","30","42326654"
"chr6","43892130","43892443","KN296495v1","1566655","1566945","47","42325475"
"chr6","43943811","43943934","KN296495v1","1617752","1617874","14","42326059"
"chr6","43950907","43951124","KN295814v1","1049726","1049938","42","42901181"
"chr6","43965927","43966155","KN295907v1","1535579","1535815","59","42430348"
"chr6","43974212","43974506","KN294373v1","531886","532183","53","43442326"
"chr6","43979001","43979278","KN296495v1","1653883","1654161","15","42325118"
"chr6","43992764","43993064","KN296495v1","1669036","1669328","31","42323728"
"chr6","43994792","43995050","KN297442v1","440456","440712","45","43554336"
"chr6","43997602","43997925","KN296495v1","1672421","1672729","41","42325181"
"chr6","43998756","43999006","KN296495v1","1673560","1673811","46","42325196"
"chr6","44010250","44010529","KN294790v1","2321329","2321606","54","41688921"
"chr6","44022559","44022853","KN295075v1","534602","534890","63","43487957"
"chr6","44024215","44024503","KN296495v1","1698370","1698676","36","42325845"
"chr6","44039572","44039845","KN296495v1","1714556","1714828","24","42325016"
"chr6","44039911","44040039","KN296495v1","1714894","1715020","6","42325017"
"chr6","44040343","44040493","KN296495v1","1715303","1715468","24","42325040"
"chr6","44042200","44042489","KN296884v1","212592","212879","63","43829608"
"chr6","44052268","44052425","KN296495v1","1726444","1726597","22","42325824"
"chr6","44052719","44052856","KN295073v1","1255222","1255355","30","42797497"
"chr6","44087917","44088043","KN296495v1","1762822","1762948","16","42325095"
"chr6","44104502","44104737","KN296495v1","1780377","1780584","46","42324125"
"chr6","44113505","44113788","KN296495v1","1789719","1790018","48","42323786"
"chr6","44115631","44115799","KN296311v1","4168964","4169117","45","39946667"
"chr6","44116095","44116214","KN296495v1","1792243","1792361","12","42323852"
"chr6","44120932","44121056","KN296225v1","120280","120404","15","44000652"
"chr6","44205268","44205599","KN296495v1","1882709","1883024","71","42322559"
"chr6","44206442","44206716","KN296495v1","1884150","1884412","25","42322292"
"chr6","44208419","44208700","KN294172v1","3088878","3089163","72","41119541"
"chr6","44210066","44210359","KN295586v1","2908076","2908370","56","41301990"
"chr6","44211218","44211552","KN296495v1","1889609","1889902","57","42321609"
"chr6","44250045","44250327","KN296495v1","1929806","1930092","31","42320239"
"chr6","44258814","44259106","KN296495v1","1940185","1940478","27","42318629"
"chr6","44261620","44261765","KN296495v1","1943256","1943403","10","42318364"
"chr6","44261776","44262077","KN295936v1","1429651","1429952","53","42832125"
"chr6","44262555","44262843","KN296495v1","1944453","1944748","32","42318102"
"chr6","44271466","44271682","KN296453v1","688371","688584","43","43583095"
"chr6","44309888","44310000","KN294172v1","3124998","3125113","19","41184890"
"chr6","44354926","44355277","KN295744v1","189082","189407","89","44165844"
"chr6","44367018","44367337","KN296495v1","2052392","2052711","15","42314626"
"chr6","44419882","44420188","KN296495v1","2105867","2106178","49","42314015"
"chr6","44445635","44445944","KN296495v1","2132050","2132357","37","42313585"
"chr6","44447130","44447421","KN296495v1","2133541","2133835","47","42313589"
"chr6","44450954","44451197","KN296495v1","2137256","2137502","16","42313698"
"chr6","44453645","44453916","KN296495v1","2140509","2140790","33","42313136"
"chr6","44462455","44462753","KN296495v1","2151054","2151348","21","42311401"
"chr6","44469579","44469789","KN296495v1","2158045","2158260","42","42311534"
"chr6","44472815","44473076","KN295117v1","270763","271029","79","44202052"
"chr6","44482923","44483088","KN295996v1","174813","174976","29","44308110"
"chr6","44483348","44483476","KN296495v1","2169363","2169482","22","42313985"
"chr6","44485352","44485588","KN297168v1","196543","196767","46","44288809"
"chr6","44526266","44526450","KN296495v1","2212102","2212268","32","42314164"
"chr6","44549881","44550180","KN296495v1","2233451","2233751","20","42316430"
"chr6","44571444","44571461","KN295176v1","32528","32544","3","44538916"
"chr6","44571488","44571634","KN296495v1","2256448","2256623","36","42315040"
"chr6","44571934","44572081","KN296495v1","2256914","2257058","16","42315020"
"chr6","44606203","44606446","KN294224v1","1121481","1121718","52","43484722"
"chr6","44609620","44609927","KN295301v1","241846","242147","58","44367774"
"chr6","44628519","44628766","KN296495v1","2317755","2318003","11","42310764"
"chr6","44692657","44692923","KN296495v1","2382377","2382639","19","42310280"
"chr6","44702918","44703050","KN296495v1","2392275","2392399","18","42310643"
"chr6","44707130","44707434","KN296495v1","2396352","2396653","21","42310778"
"chr6","44717205","44717489","KN296634v1","1816690","1816969","56","42900515"
"chr6","44783069","44783370","KN297245v1","2036362","2036663","56","42746707"
"chr6","44862595","44862866","KN296495v1","2549990","2550283","35","42312605"
"chr6","44881299","44881557","KN294172v1","2396155","2396416","56","42485144"
"chr6","44901397","44901687","KN295984v1","1299071","1299366","60","43602326"
"chr6","44916033","44916172","KN296495v1","2601859","2601998","8","42314174"
"chr6","44963692","44963805","KN296442v1","554026","554140","22","44409666"
"chr6","44966652","44966898","KN296495v1","2654660","2654904","22","42311992"
"chr6","44967154","44967288","KN296495v1","2655161","2655305","16","42311993"
"chr6","44967876","44968175","KN296495v1","2655886","2656179","47","42311990"
"chr6","44999229","44999404","KN296884v1","896823","896991","43","44102406"
"chr6","44999433","44999543","KN296019v1","306813","306922","21","44692620"
"chr6","45005280","45005446","KN294548v1","1547760","1547920","45","43457520"
"chr6","45024182","45024465","KN295725v1","1528030","1528323","69","43496152"
"chr6","45026020","45026317","KN296495v1","2714026","2714325","14","42311994"
"chr6","45045161","45045398","KN296495v1","2733044","2733279","21","42312117"
"chr6","45048955","45049258","KN296495v1","2736820","2737128","21","42312135"
"chr6","45050241","45050547","KN296495v1","2737764","2738068","24","42312477"
"chr6","45059826","45060119","KN296495v1","2747906","2748201","20","42311920"
"chr6","45068452","45068618","KN296495v1","2757388","2757535","27","42311064"
"chr6","45089879","45090185","KN296495v1","2773672","2773964","33","42316207"
"chr6","45090447","45090720","KN295368v1","1222383","1222639","79","43868064"
"chr6","45092336","45092603","KN296682v1","3974867","3975149","66","41117469"
"chr6","45093449","45093690","KN296864v1","1010996","1011228","52","44082453"
"chr6","45177301","45177612","KN296495v1","2861111","2861414","26","42316190"
"chr6","45195083","45195175","KN296495v1","2879637","2879730","10","42315446"
"chr6","45203407","45203698","KN295893v1","7115857","7116150","65","38087550"
"chr6","45225133","45225431","KN296495v1","2902759","2903051","26","42322374"
"chr6","45232803","45233067","KN294421v1","35233","35492","60","45197570"
"chr6","45237691","45237990","KN295365v1","618540","618829","67","44619151"
"chr6","45238884","45238993","KN295936v1","1863925","1864034","22","43374959"
"chr6","45249131","45249441","KN296495v1","2925069","2925383","14","42324062"
"chr6","45262580","45262863","KN294705v1","1383267","1383561","55","43879313"
"chr6","45271991","45272276","KN296495v1","2948068","2948366","28","42323923"
"chr6","45277292","45277567","KN296495v1","2953350","2953625","22","42323942"
"chr6","45291561","45291861","KN296495v1","2967559","2967861","19","42324002"
"chr6","45292518","45292640","KN296495v1","2968515","2968637","10","42324003"
"chr6","45332034","45332122","KN296495v1","3009425","3009518","10","42322609"
"chr6","45333080","45333204","KN296495v1","3010468","3010592","8","42322612"
"chr6","45337863","45338147","KN296495v1","3015273","3015571","43","42322590"
"chr6","45339764","45340066","KN296247v1","427878","428187","68","44911886"
"chr6","45421416","45421719","KN296495v1","3101571","3101867","35","42319845"
"chr6","45426374","45426628","KN296495v1","3106505","3106769","29","42319869"
"chr6","45444100","45444392","KN296495v1","3124585","3124867","31","42319515"
"chr6","45472361","45472647","KN296495v1","3143517","3143802","20","42328844"
"chr6","45476933","45477211","KN296495v1","3146746","3147028","32","42330187"
"chr6","45479097","45479372","KN296495v1","3148921","3149207","31","42330176"
"chr6","45496295","45496457","KN295706v1","132473","132636","59","45363822"
"chr6","45668965","45669205","KN296495v1","3329527","3329784","25","42339438"
"chr6","45680107","45680415","KN296495v1","3340468","3340776","22","42339639"
"chr6","45694760","45695045","KN296495v1","3355185","3355476","24","42339575"
"chr6","45697486","45697761","KN296495v1","3364041","3364321","27","42333445"
"chr6","45698829","45699118","KN296495v1","3365411","3365699","14","42333418"
"chr6","45790922","45791223","KN296970v1","77145","77444","35","45713777"
"chr6","45852329","45852622","KN295930v1","845552","845824","94","45006777"
"chr6","45855583","45855702","KN295045v1","526689","526806","23","45328894"
"chr6","45855785","45855953","KN295205v1","748831","748999","31","45106954"
"chr6","45878913","45879208","KN294848v1","191607","191898","57","45687306"
"chr6","45925921","45926187","KN296970v1","218158","218425","26","45707763"
"chr6","45943643","45943953","KN296970v1","235765","236073","15","45707878"
"chr6","46023956","46024194","KN296970v1","331912","332202","59","45692044"
"chr6","46027700","46027985","KN296970v1","337172","337455","23","45690528"
"chr6","46076136","46076404","KN296970v1","380318","380588","23","45695818"
"chr6","46087981","46088072","KN296970v1","392469","392565","14","45695512"
"chr6","46088353","46088510","KN296970v1","392839","392999","14","45695514"
"chr6","46105392","46105679","KN296970v1","408721","409009","17","45696671"
"chr6","46116899","46117194","KN296970v1","420977","421282","40","45695922"
"chr6","46151220","46151513","KN296970v1","449401","449694","25","45701819"
"chr6","46218415","46218710","KN296970v1","513839","514129","21","45704576"
"chr6","46242527","46242831","KN296970v1","538063","538369","22","45704464"
"chr6","46263405","46263690","KN296970v1","558714","559002","23","45704691"
"chr6","46272890","46273204","KN294172v1","6915582","6915894","68","39357308"
"chr6","46303967","46304272","KN296970v1","597512","597819","24","45706455"
"chr6","46378044","46378332","KN296970v1","670567","670857","17","45707477"
"chr6","46428495","46428764","KN296970v1","720894","721163","12","45707601"
"chr6","46432329","46432630","KN296970v1","724742","725043","18","45707587"
"chr6","46440686","46440939","KN296970v1","732966","733225","26","45707720"
"chr6","46543757","46544046","KN296970v1","837622","837922","30","45706135"
"chr6","46594262","46594526","KN296970v1","885432","885708","26","45708830"
"chr6","46929146","46929262","KN294184v1","192019","192137","22","46737127"
"chr6","46929288","46929466","KN295236v1","3983245","3983415","36","42946043"
"chr6","47020823","47021105","KN294444v1","168963","169249","68","46851860"
"chr6","47137191","47137480","KN296486v1","1337566","1337861","59","45799625"
"chr6","47185198","47185295","KN295607v1","4330829","4330928","18","42854369"
"chr6","47315236","47315537","KN296825v1","1786101","1786398","61","45529135"
"chr6","47465315","47465599","KN294848v1","912345","912627","56","46552970"
"chr6","47471139","47471387","KN297046v1","2391753","2391994","68","45079386"
"chr6","47477329","47477488","KN296577v1","94290","94455","31","47383039"
"chr6","47490367","47490677","KN295320v1","53994","54294","60","47436373"
"chr6","47505272","47505584","KN296682v1","3059099","3059396","68","44446173"
"chr6","47511394","47511682","KN297008v1","5837942","5838230","60","41673452"
"chr6","47731353","47731626","KN294378v1","1608627","1608901","58","46122726"
"chr6","47757887","47758016","KN297159v1","2961170","2961300","20","44796717"
"chr6","47760204","47760513","KN297144v1","577426","577720","86","47182778"
"chr6","47791540","47791837","KN295586v1","2712809","2713101","74","45078731"
"chr6","47869131","47869422","KN294172v1","2887150","2887456","77","44981981"
"chr6","47930326","47930620","KN295984v1","1299071","1299366","68","46631255"
"chr6","47957715","47957941","KN296541v1","91995","92210","66","47865720"
"chr6","47998980","47999295","KN295474v1","1037020","1037330","65","46961960"
"chr6","48041280","48041569","KN294172v1","439163","439451","53","47602117"
"chr6","48146580","48146847","KN295533v1","2326130","2326408","68","45820450"
"chr6","48155720","48156032","KN297274v1","1796932","1797228","71","46358788"
"chr6","48175802","48175931","KN295363v1","631644","631779","28","47544158"
"chr6","48175990","48176300","KN295923v1","1997557","1997864","53","46178433"
"chr6","48197133","48197424","KN294303v1","9784","10075","60","48187349"
"chr6","48226204","48226489","KN295099v1","182524","182803","71","48043680"
"chr6","48240884","48241142","KN296643v1","600515","600778","62","47640369"
"chr6","48256537","48256760","KN295205v1","1735578","1735805","67","46520959"
"chr6","48260500","48260727","KN294470v1","155141","155363","49","48105359"
"chr6","48260856","48261164","KN294420v1","379212","379524","64","47881644"
"chr6","48263669","48263912","KN295057v1","744385","744620","57","47519284"
"chr6","48297078","48297199","KN296290v1","473346","473469","15","47823732"
"chr6","48302909","48303077","KN296682v1","1193050","1193210","44","47109859"
"chr6","48311518","48311824","KN294873v1","1632032","1632340","59","46679486"
"chr6","48316153","48316458","KN295236v1","3592130","3592428","63","44724023"
"chr6","48333351","48333645","KN294703v1","272634","272925","64","48060717"
"chr6","48340116","48340363","KN294685v1","705884","706129","55","47634232"
"chr6","48341432","48341740","KN297023v1","834704","834999","64","47506728"
"chr6","48343789","48344054","KN294733v1","143432","143710","65","48200357"
"chr6","48406160","48406457","KN295967v1","890750","891049","68","47515410"
"chr6","48425402","48425695","KN294181v1","787262","787544","65","47638140"
"chr6","48439013","48439314","KN295841v1","173298","173592","63","48265715"
"chr6","48449785","48450101","KN294172v1","6667218","6667506","93","41782567"
"chr6","48463965","48464277","KN295236v1","455092","455401","58","48008873"
"chr6","48501602","48501897","KN294230v1","12506","12788","50","48489096"
"chr6","48626065","48626367","KN297154v1","234573","234867","65","48391492"
"chr6","48769018","48769303","KN295261v1","615922","616215","53","48153096"
"chr6","48795731","48796028","KN295261v1","588096","588394","20","48207635"
"chr6","48980717","48981010","KN295261v1","404461","404759","33","48576256"
"chr6","48988669","48988941","KN295261v1","396198","396482","29","48592471"
"chr6","49053217","49053502","KN294410v1","231612","231894","56","48821605"
"chr6","49387031","49387336","KN297281v1","1575633","1575931","24","47811398"
"chr6","49408003","49408130","KN296938v1","354082","354204","26","49053921"
"chr6","49575778","49575906","KN297281v1","1382557","1382678","19","48193221"
"chr6","49664050","49664350","KN297281v1","1303144","1303433","39","48360906"
"chr6","49676917","49677219","KN296187v1","1136778","1137096","71","48540139"
"chr6","49692578","49692861","KN297281v1","1276668","1276944","24","48415910"
"chr6","49692876","49693170","KN297281v1","1276361","1276653","24","48416515"
"chr6","49696093","49696221","KN295893v1","138617","138742","30","49557476"
"chr6","49910632","49910905","KN296138v1","145230","145494","71","49765402"
"chr6","49946532","49946753","KN295605v1","688799","689012","53","49257733"
"chr6","49957543","49957840","KN296404v1","3404152","3404452","69","46553391"
"chr6","50008024","50008293","KN297281v1","982662","982950","42","49025362"
"chr6","50022516","50022647","KN294378v1","1080965","1081090","23","48941551"
"chr6","50083250","50083544","KN297281v1","917040","917333","25","49166210"
"chr6","50089564","50089865","KN294570v1","313935","314228","101","49775629"
"chr6","50194982","50195268","KN297281v1","808518","808813","17","49386464"
"chr6","50345797","50346060","KN295962v1","867100","867361","63","49478697"
"chr6","50347959","50348121","KN295239v1","669802","669965","34","49678157"
"chr6","50370027","50370153","KN296119v1","5979759","5979885","20","44390268"
"chr6","50413313","50413612","KN297281v1","598404","598706","31","49814909"
"chr6","50423725","50424011","KN297133v1","1581138","1581424","65","48842587"
"chr6","50437953","50438059","KN297281v1","582418","582526","23","49855535"
"chr6","50513096","50513180","KN297281v1","503431","503515","5","50009665"
"chr6","50576731","50577051","KN297281v1","431138","431418","70","50145593"
"chr6","50670076","50670383","KN295090v1","1856219","1856519","69","48813857"
"chr6","50983366","50983628","KN297281v1","4582","4885","56","50978784"
"chr6","50999315","50999616","KN297215v1","613495","613796","64","50385820"
"chr6","51191000","51191156","KN295667v1","550942","551098","31","50640058"
"chr6","51254187","51254454","KN294251v1","4152793","4153065","29","47101394"
"chr6","51296956","51297256","KN294251v1","4108101","4108390","28","47188855"
"chr6","51326450","51326691","KN295368v1","1455449","1455687","64","49871001"
"chr6","51339589","51339898","KN294251v1","4062371","4062668","28","47277218"
"chr6","51354295","51354603","KN294251v1","4045965","4046261","28","47308330"
"chr6","51394346","51394630","KN294251v1","4006695","4006983","50","47387651"
"chr6","51493678","51493970","KN294251v1","3909475","3909752","35","47584203"
"chr6","51497160","51497425","KN294251v1","3905602","3905892","47","47591558"
"chr6","51500964","51501245","KN294251v1","3901799","3902060","34","47599165"
"chr6","51602930","51603115","KN294705v1","1047371","1047557","46","50555559"
"chr6","51604497","51604672","KN294251v1","3793940","3794112","29","47810557"
"chr6","51614513","51614765","KN294251v1","3783455","3783706","11","47831058"
"chr6","51625485","51625793","KN294251v1","3772089","3772381","68","47853396"
"chr6","51630002","51630288","KN296311v1","8130976","8131263","53","43499026"
"chr6","51684365","51684650","KN294251v1","3714196","3714481","20","47970169"
"chr6","51689080","51689192","KN294251v1","3708992","3709104","8","47980088"
"chr6","51747796","51748089","KN294251v1","3656982","3657267","31","48090814"
"chr6","51772119","51772415","KN294251v1","3628754","3629055","32","48143365"
"chr6","51805972","51806242","KN294251v1","3594482","3594781","48","48211490"
"chr6","51855709","51855999","KN294521v1","511105","511400","59","51344604"
"chr6","51924000","51924291","KN294251v1","3487381","3487672","21","48436619"
"chr6","52048336","52048632","KN294251v1","3368473","3368770","31","48679863"
"chr6","52444835","52445008","KN295573v1","1279509","1279682","41","51165326"
"chr6","52455699","52456011","KN294251v1","2939571","2939881","37","49516128"
"chr6","52556876","52557189","KN294251v1","2843098","2843411","25","49713778"
"chr6","52568654","52568768","KN294251v1","2831154","2831269","7","49737500"
"chr6","52578948","52579238","KN294251v1","2820697","2820992","28","49758251"
"chr6","52668844","52669152","KN294251v1","2728642","2728954","22","49940202"
"chr6","52710947","52711048","KN294251v1","2686214","2686312","11","50024733"
"chr6","52823519","52823829","KN294251v1","2575874","2576184","28","50247645"
"chr6","52879713","52879999","KN294251v1","2519476","2519768","21","50360237"
"chr6","52931167","52931469","KN294251v1","2474270","2474587","56","50456897"
"chr6","52967901","52968138","KN294251v1","2438298","2438536","16","50529603"
"chr6","52983862","52984147","KN294251v1","2419080","2419369","19","50564782"
"chr6","53027493","53027767","KN294251v1","2377687","2377963","44","50649806"
"chr6","53040442","53040728","KN294251v1","2364296","2364584","19","50676146"
"chr6","53047806","53048116","KN296253v1","167394","167691","77","52880412"
"chr6","53055938","53056095","KN296402v1","382737","382894","33","52673201"
"chr6","53056131","53056252","KN296062v1","2178521","2178637","25","50877610"
"chr6","53073125","53073416","KN296883v1","1622720","1623008","54","51450405"
"chr6","53079764","53080044","KN294251v1","2325790","2326068","22","50753974"
"chr6","53085920","53086046","KN294251v1","2320283","2320414","11","50765637"
"chr6","53094956","53095252","KN296406v1","283606","283899","61","52811350"
"chr6","53101931","53102227","KN294251v1","2303890","2304198","26","50798041"
"chr6","53110030","53110304","KN294251v1","2297005","2297278","33","50813025"
"chr6","53122885","53123195","KN294251v1","2283686","2283996","32","50839199"
"chr6","53129638","53129928","KN294251v1","2276898","2277194","29","50852740"
"chr6","53169273","53169558","KN294251v1","2232326","2232616","16","50936947"
"chr6","53171713","53172008","KN294251v1","2229147","2229437","22","50942566"
"chr6","53212910","53213210","KN294251v1","2186934","2187245","26","51025976"
"chr6","53271525","53271830","KN294251v1","2123736","2124041","14","51147789"
"chr6","53300688","53300957","KN294251v1","2093951","2094223","33","51206737"
"chr6","53311782","53312071","KN294421v1","1072315","1072610","59","52239467"
"chr6","53442347","53442644","KN294251v1","1944990","1945286","11","51497357"
"chr6","53460526","53460806","KN294251v1","1928634","1928934","37","51531892"
"chr6","53475734","53476040","KN294251v1","1916317","1916606","35","51559417"
"chr6","53483899","53484043","KN294251v1","1907616","1907770","18","51576283"
"chr6","53562748","53562970","KN296119v1","2316440","2316635","63","51246308"
"chr6","53604569","53604866","KN294251v1","1775016","1775313","22","51829553"
"chr6","54099425","54099741","KN294251v1","1726573","1726883","26","52372852"
"chr6","54164547","54164844","KN294251v1","1682215","1682511","20","52482332"
"chr6","54183510","54183717","KN294251v1","1662823","1663007","28","52520687"
"chr6","54213365","54213640","KN294251v1","1635723","1635985","37","52577642"
"chr6","54240922","54241218","KN294251v1","1608952","1609273","45","52631970"
"chr6","54271447","54271746","KN294578v1","738765","739058","59","53532682"
"chr6","54279962","54280233","KN296959v1","1045812","1046085","72","53234150"
"chr6","54283584","54283736","KN294251v1","1564399","1564556","19","52719185"
"chr6","54289503","54289798","KN294251v1","1558364","1558664","21","52731139"
"chr6","54292292","54292581","KN294848v1","172086","172375","55","54120206"
"chr6","54311147","54311382","KN294251v1","1536316","1536551","15","52774831"
"chr6","54334470","54334778","KN295405v1","397301","397607","73","53937169"
"chr6","54336869","54337150","KN294251v1","1509704","1509993","29","52827165"
"chr6","54351002","54351313","KN294251v1","1495383","1495694","22","52855619"
"chr6","54356358","54356539","KN296153v1","3952784","3952939","69","50403574"
"chr6","54357709","54357830","KN294251v1","1488730","1488859","14","52868979"
"chr6","54370372","54370668","KN296122v1","453465","453761","68","53916907"
"chr6","54375352","54375643","KN294251v1","1470991","1471266","45","52904361"
"chr6","54380561","54380777","KN294251v1","1465700","1465927","44","52914861"
"chr6","54395781","54395916","KN294251v1","1448645","1448782","9","52947136"
"chr6","54418586","54418872","KN296153v1","3318149","3318440","58","51100437"
"chr6","54419856","54420140","KN294251v1","1426282","1426580","41","52993574"
"chr6","54462481","54462610","KN295814v1","1458160","1458289","19","53004321"
"chr6","54476458","54476761","KN294251v1","1366183","1366487","19","53110275"
"chr6","54501502","54501789","KN294251v1","1341112","1341409","27","53160390"
"chr6","54519415","54519702","KN294251v1","1324117","1324395","23","53195298"
"chr6","54675620","54675927","KN294499v1","1161818","1162128","67","53513802"
"chr6","54685017","54685185","KN297319v1","199393","199561","38","54485624"
"chr6","54761829","54761912","KN294251v1","1058312","1058392","7","53703517"
"chr6","54762588","54762705","KN295243v1","920362","920479","15","53842226"
"chr6","54806145","54806356","KN294251v1","1010079","1010289","12","53796066"
"chr6","54817411","54817591","KN295474v1","578011","578191","36","54239400"
"chr6","54831701","54831971","KN294790v1","2321329","2321606","58","52510372"
"chr6","54983691","54983991","KN294251v1","822784","823067","43","54160907"
"chr6","55041707","55041858","KN294251v1","765477","765640","23","54276230"
"chr6","55059565","55059856","KN294251v1","746819","747120","22","54312746"
"chr6","55093045","55093317","KN294251v1","712453","712741","30","54380592"
"chr6","55126095","55126324","KN294251v1","679381","679616","20","54446714"
"chr6","55144122","55144254","KN294251v1","661491","661619","11","54482631"
"chr6","55195690","55196005","KN296502v1","1474520","1474833","72","53721170"
"chr6","55290057","55290378","KN294251v1","502276","502583","46","54787781"
"chr6","55429273","55429571","KN294251v1","360574","360883","38","55068699"
"chr6","55506448","55506759","KN294251v1","278088","278403","26","55228360"
"chr6","55699503","55699844","KN296308v1","1216268","1216587","89","54483235"
"chr6","55768127","55768419","KN294445v1","978392","978682","25","54789735"
"chr6","55781498","55781787","KN294445v1","964318","964608","16","54817180"
"chr6","55796638","55796939","KN294445v1","948634","948924","34","54848004"
"chr6","55828513","55828792","KN294445v1","920396","920664","25","54908117"
"chr6","56001322","56001634","KN294445v1","726283","726594","23","55275039"
"chr6","56003615","56003938","KN294445v1","723886","724167","62","55279729"
"chr6","56278891","56279219","KN294445v1","464140","464482","52","55814751"
"chr6","56351087","56351295","KN297197v1","3471646","3471850","48","52879441"
"chr6","56396661","56396978","KN294445v1","350421","350706","68","56046240"
"chr6","56415848","56416094","KN297242v1","1562614","1562848","60","54853234"
"chr6","56576213","56576504","KN294446v1","699768","700063","66","55876445"
"chr6","56855688","56855958","KN294671v1","200068","200336","57","56655620"
"chr6","56931221","56931493","KN296927v1","37796","38087","64","56893425"
"chr6","57023323","57023604","KN294287v1","73551","73836","58","56949772"
"chr6","57079183","57079305","KN297046v1","2500678","2500799","19","54578505"
"chr6","57405699","57405991","KN296119v1","5385215","5385515","74","52020484"
"chr6","57532232","57532530","KN294218v1","2874160","2874450","63","54658072"
"chr6","57556252","57556536","KN296484v1","842263","842543","56","56713989"
"chr6","57686512","57686721","KN297242v1","1471732","1471942","49","56214780"
"chr6","57766603","57766841","KN296096v1","3362830","3363065","58","54403773"
"chr6","57768731","57769037","KN297444v1","482806","483100","71","57285925"
"chr6","57857146","57857231","KN297327v1","280981","281064","12","57576165"
"chr6","57866508","57866782","KN295459v1","778273","778542","60","57088235"
"chr6","57868654","57868946","KN296311v1","7907830","7908116","56","49960824"
"chr6","57934893","57935200","KN296268v1","161060","161360","64","57773833"
"chr6","57980580","57980889","KN294893v1","445554","445861","58","57535026"
"chr6","57999070","57999342","KN295967v1","235047","235329","53","57764023"
"chr6","58034876","58035154","KN294208v1","701963","702240","59","57332913"
"chr6","58044857","58045166","KN296247v1","412386","412696","62","57632471"
"chr6","58062468","58062762","KN295343v1","329489","329788","61","57732979"
"chr6","58076660","58076867","KN296682v1","3026228","3026433","46","55050432"
"chr6","58085032","58085332","KN296311v1","3727125","3727424","49","54357907"
"chr6","58100295","58100586","KN297095v1","2113433","2113730","65","55986862"
"chr6","58128225","58128502","KN296153v1","2069014","2069277","58","56059211"
"chr6","58132718","58133031","KN295984v1","717523","717826","65","57415195"
"chr6","58154223","58154517","KN297008v1","6434750","6435046","67","51719473"
"chr6","58158016","58158322","KN296311v1","5758888","5759199","59","52399128"
"chr6","58167346","58167639","KN294592v1","1072173","1072464","59","57095173"
"chr6","58167672","58167971","KN294378v1","988439","988726","63","57179233"
"chr6","58173610","58173926","KN296062v1","2301353","2301659","64","55872257"
"chr6","58197191","58197403","KN295705v1","221400","221590","62","57975791"
"chr6","58213236","58213414","KN294964v1","559565","559756","54","57653671"
"chr6","58218438","58218537","KN296495v1","2169005","2169104","15","56049433"
"chr6","58225532","58225661","KN296682v1","2583330","2583453","23","55642202"
"chr6","58245870","58246130","KN294407v1","1604406","1604661","60","56641464"
"chr6","58250147","58250267","KN294345v1","1858918","1859036","20","56391229"
"chr6","58254947","58255160","KN294591v1","393354","393562","40","57861593"
"chr6","58276902","58277199","KN294181v1","1447768","1448070","64","56829134"
"chr6","58304079","58304360","KN295586v1","1956338","1956614","64","56347741"
"chr6","58321522","58321696","KN296508v1","694391","694567","32","57627131"
"chr6","58328795","58329071","KN294693v1","1194737","1195023","62","57134058"
"chr6","58338469","58338589","KN295744v1","449867","449990","19","57888602"
"chr6","58380400","58380674","KN295962v1","663085","663366","63","57717315"
"chr6","58386216","58386390","KN296926v1","1043867","1044035","43","57342349"
"chr6","58386427","58386542","KN294506v1","238664","238778","16","58147763"
"chr6","58399608","58399928","KN296847v1","340510","340822","62","58059098"
"chr6","58401039","58401354","KN296075v1","304763","305072","60","58096276"
"chr6","58455949","58456034","KN295692v1","1381057","1381143","15","57074892"
"chr6","58500698","58500989","KN295225v1","2446744","2447033","55","56053954"
"chr6","58512277","58512563","KN294996v1","363261","363550","63","58149016"
"chr6","58522949","58523116","KN296682v1","3793761","3793936","46","54729188"
"chr6","58535569","58535732","KN296281v1","67757","67920","35","58467812"
"chr6","64484895","64485025","KN295038v1","662635","662766","18","63822260"
"chr6","64532720","64532991","KN296665v1","148381","148654","62","64384339"
"chr6","64536102","64536413","KN294218v1","2172277","2172581","70","62363825"
"chr6","64867631","64867947","KN297154v1","1589984","1590287","64","63277647"
"chr6","64882686","64882760","KN294619v1","1424683","1424756","17","63458003"
"chr6","64884154","64884431","KN294416v1","873070","873344","67","64011084"
"chr6","64991273","64991608","KN296373v1","1130468","1130825","70","63860805"
"chr6","65019064","65019355","KN296373v1","1096550","1096842","36","63922514"
"chr6","65053931","65054206","KN296373v1","1056489","1056749","46","63997442"
"chr6","65273252","65273440","KN296864v1","3263835","3264018","43","62009417"
"chr6","65514179","65514487","KN296373v1","554802","555097","38","64959377"
"chr6","65572086","65572343","KN295748v1","269163","269421","70","65302923"
"chr6","65728604","65728892","KN296122v1","4021","4306","55","65724583"
"chr6","66006618","66006931","KN296373v1","149031","149333","35","65857587"
"chr6","66056404","66056725","KN296373v1","107419","107736","28","65948985"
"chr6","66140223","66140491","KN296759v1","21416","21700","61","66118807"
"chr6","66237845","66238119","KN295701v1","829678","829962","33","65408167"
"chr6","66252408","66252674","KN295701v1","815113","815391","25","65437295"
"chr6","66311163","66311417","KN296153v1","3467090","3467343","56","62844073"
"chr6","66356062","66356338","KN296682v1","4642758","4643026","74","61713304"
"chr6","66356932","66357198","KN296096v1","2485316","2485572","61","63871616"
"chr6","66366177","66366472","KN295701v1","723433","723728","15","65642744"
"chr6","66379879","66380163","KN295701v1","709078","709360","21","65670801"
"chr6","66381212","66381502","KN295701v1","707698","707995","22","65673514"
"chr6","66417408","66417517","KN295701v1","668741","668845","12","65748667"
"chr6","66424182","66424406","KN295701v1","661918","662143","8","65762264"
"chr6","66442090","66442267","KN295701v1","643395","643563","17","65798695"
"chr6","66523723","66523942","KN295701v1","559088","559303","17","65964635"
"chr6","66564897","66565182","KN297242v1","1180155","1180444","65","65384742"
"chr6","66607597","66607714","KN295701v1","478277","478401","13","66129320"
"chr6","66655183","66655485","KN295701v1","430154","430449","22","66225029"
"chr6","67091987","67092072","KN296485v1","263986","264072","18","66828001"
"chr6","67345217","67345526","KN295931v1","71286","71596","37","67273931"
"chr6","67380888","67381011","KN295633v1","231378","231501","20","67149510"
"chr6","67440583","67440863","KN297197v1","1823206","1823487","66","65617377"
"chr6","67444195","67444488","KN296187v1","803116","803397","60","66641079"
"chr6","67464231","67464533","KN295294v1","3588871","3589172","64","63875360"
"chr6","67464702","67464965","KN296314v1","386806","387055","72","67077896"
"chr6","67564352","67564640","KN296635v1","2921689","2921972","68","64642663"
"chr6","67610242","67610407","KN295814v1","1175847","1176004","37","66434395"
"chr6","67638991","67639285","KN297186v1","480367","480665","71","67158624"
"chr6","67730127","67730411","KN297105v1","2492651","2492931","63","65237476"
"chr6","67800817","67801070","KN297322v1","1311729","1311979","61","66489088"
"chr6","67828482","67828733","KN296119v1","160383","160631","68","67668099"
"chr6","67849117","67849393","KN295731v1","1019","1290","55","67848098"
"chr6","67911029","67911330","KN296153v1","799952","800247","74","67111077"
"chr6","68008056","68008200","KN295852v1","606130","606275","30","67401926"
"chr6","68136397","68136697","KN294345v1","1938443","1938738","77","66197954"
"chr6","68206198","68206497","KN295984v1","3256262","3256568","76","64949936"
"chr6","68438807","68439082","KN296000v1","400251","400525","67","68038556"
"chr6","68546753","68546934","KN295705v1","323738","323927","50","68223015"
"chr6","68568923","68569216","KN295430v1","1646924","1647207","71","66921999"
"chr6","68616597","68616821","KN296730v1","124377","124595","69","68492220"
"chr6","68740727","68740962","KN295338v1","2285","2524","72","68738442"
"chr6","68744108","68744232","KN295523v1","1669474","1669598","21","67074634"
"chr6","68839669","68839977","KN295361v1","429649","429952","78","68410020"
"chr6","68851166","68851460","KN294207v1","616256","616549","63","68234910"
"chr6","68864102","68864146","KN297242v1","1463259","1463296","10","67400843"
"chr6","68999747","68999922","KN295721v1","33069","33231","47","68966678"
"chr6","69089015","69089298","KN294668v1","2075847","2076129","72","67013168"
"chr6","69128260","69128368","KN297322v1","1331429","1331537","20","67796831"
"chr6","69144300","69144615","KN297408v1","582312","582615","75","68561988"
"chr6","69238523","69238623","KN295906v1","138203","138298","23","69100320"
"chr6","69323014","69323309","KN296404v1","3404152","3404452","64","65918862"
"chr6","69338619","69338897","KN296635v1","1998597","1998871","75","67340022"
"chr6","69458614","69458664","KN296311v1","8117404","8117455","14","61341210"
"chr6","69458670","69458754","KN294998v1","24586","24670","16","69434084"
"chr6","69462335","69462621","KN294387v1","4460618","4460910","34","65001717"
"chr6","69645941","69646246","KN296294v1","524600","524893","84","69121341"
"chr6","69831279","69831484","KN294387v1","4110098","4110302","14","65721181"
"chr6","69922162","69922292","KN296357v1","462074","462206","24","69460088"
"chr6","69922330","69922536","KN296460v1","747158","747369","56","69175172"
"chr6","69954360","69954677","KN294387v1","3986187","3986505","27","65968173"
"chr6","70052688","70052970","KN294387v1","3889198","3889465","31","66163490"
"chr6","70099027","70099315","KN294387v1","3847756","3848043","20","66251271"
"chr6","70124127","70124403","KN294387v1","3823049","3823329","25","66301078"
"chr6","70247422","70247514","KN294387v1","3699955","3700047","6","66547467"
"chr6","70343749","70344041","KN294387v1","3600674","3600957","25","66743075"
"chr6","70495967","70496276","KN294387v1","3444917","3445232","21","67051050"
"chr6","70610447","70610735","KN294387v1","3330041","3330331","25","67280406"
"chr6","70648881","70649004","KN294387v1","3302035","3302158","9","67346846"
"chr6","70680071","70680278","KN294387v1","3271194","3271402","23","67408877"
"chr6","70902133","70902258","KN294387v1","3038796","3038915","13","67863337"
"chr6","70914564","70914720","KN296557v1","422068","422216","43","70492496"
"chr6","70986171","70986395","KN294387v1","2946279","2946493","27","68039892"
"chr6","71052139","71052440","KN297028v1","68922","69218","54","70983217"
"chr6","71173263","71173559","KN294161v1","8869","9169","61","71164394"
"chr6","71223491","71223698","KN296738v1","128525","128735","34","71094966"
"chr6","71229596","71229886","KN296157v1","1030995","1031263","68","70198601"
"chr6","71347142","71347442","KN294387v1","2589128","2589428","21","68758014"
"chr6","71384632","71384921","KN294387v1","2551179","2551454","38","68833453"
"chr6","71401533","71401827","KN295893v1","883829","884122","56","70517704"
"chr6","71596488","71596792","KN295236v1","4425718","4426023","62","67170770"
"chr6","71598686","71598935","KN294387v1","2345804","2346098","62","69252882"
"chr6","71614625","71614917","KN294387v1","2323778","2324075","28","69290847"
"chr6","71627581","71627766","KN296714v1","190932","191115","50","71436649"
"chr6","71688506","71688798","KN296538v1","1793220","1793524","64","69895286"
"chr6","71691780","71692091","KN294387v1","2240870","2241177","30","69450910"
"chr6","71695740","71696005","KN294387v1","2236942","2237179","41","69458798"
"chr6","71766022","71766166","KN294387v1","2165915","2166058","12","69600107"
"chr6","71766465","71766639","KN294387v1","2165449","2165625","16","69601016"
"chr6","71772816","71772974","KN294387v1","2159253","2159407","21","69613563"
"chr6","71773270","71773404","KN294387v1","2158820","2158955","12","69614450"
"chr6","71790187","71790478","KN294387v1","2139199","2139492","26","69650988"
"chr6","71797088","71797200","KN294387v1","2132358","2132470","5","69664730"
"chr6","71808140","71808453","KN294387v1","2120852","2121172","32","69687288"
"chr6","71817209","71817371","KN294899v1","217500","217664","38","71599709"
"chr6","71840548","71840821","KN296311v1","3064923","3065199","67","68775625"
"chr6","71910168","71910473","KN294387v1","2023047","2023349","20","69887121"
"chr6","72030455","72030641","KN294387v1","1899185","1899378","19","70131270"
"chr6","72053457","72053727","KN295368v1","1758821","1759080","66","70294636"
"chr6","72062279","72062568","KN294387v1","1881982","1882278","23","70180297"
"chr6","72064648","72064939","KN294387v1","1879645","1879928","26","70185003"
"chr6","72147143","72147378","KN295368v1","1455449","1455687","60","70691694"
"chr6","72352403","72352708","KN294387v1","1592937","1593246","26","70759466"
"chr6","72548882","72548908","KN296306v1","1383657","1383684","6","71165225"
"chr6","72548935","72549218","KN294387v1","1404720","1405032","46","71144215"
"chr6","72990122","72990402","KN294387v1","959028","959305","18","72031094"
"chr6","73000118","73000231","KN294387v1","949172","949285","11","72050946"
"chr6","73106472","73106784","KN295350v1","927870","928179","64","72178602"
"chr6","73192418","73192730","KN296138v1","198772","199071","59","72993646"
"chr6","73196396","73196557","KN296435v1","2316351","2316515","30","70880045"
"chr6","73196596","73196718","KN296580v1","101229","101351","25","73095367"
"chr6","73200914","73201197","KN294387v1","753954","754233","15","72446960"
"chr6","73358284","73358597","KN294747v1","53181","53487","72","73305103"
"chr6","73358760","73359044","KN297112v1","5003420","5003702","57","68355340"
"chr6","73370863","73371133","KN294387v1","592844","593121","26","72778019"
"chr6","73397080","73397399","KN294387v1","566172","566459","51","72830908"
"chr6","73464255","73464340","KN294604v1","190818","190899","13","73273437"
"chr6","73532221","73532509","KN294387v1","424967","425247","31","73107254"
"chr6","73570447","73570739","KN294387v1","391150","391439","25","73179297"
"chr6","73637492","73637786","KN294387v1","324369","324669","40","73313123"
"chr6","73705953","73706074","KN294387v1","256311","256433","10","73449642"
"chr6","73707535","73707809","KN295114v1","86412","86678","69","73621123"
"chr6","73731319","73731620","KN294387v1","227059","227371","47","73504260"
"chr6","73755023","73755314","KN294933v1","38729","39023","55","73716294"
"chr6","73765057","73765365","KN294387v1","193063","193364","47","73571994"
"chr6","73818293","73818601","KN294387v1","141013","141326","29","73677280"
"chr6","73827336","73827597","KN294387v1","131959","132224","30","73695377"
"chr6","73849499","73849820","KN294387v1","105119","105394","65","73744380"
"chr6","73898204","73898387","KN296883v1","2780707","2780888","44","71117497"
"chr6","73898435","73898551","KN296062v1","2178521","2178637","17","71719914"
"chr6","73926472","73926750","KN294387v1","30275","30558","39","73896197"
"chr6","73954719","73954955","KN296153v1","3562039","3562276","57","70392680"
"chr6","73980481","73980785","KN296921v1","20100","20409","21","73960381"
"chr6","73985499","73985767","KN296921v1","25138","25438","42","73960361"
"chr6","74073875","74074005","KN296167v1","457002","457132","23","73616873"
"chr6","74085024","74085133","KN296921v1","122452","122559","12","73962572"
"chr6","74087217","74087524","KN296921v1","124600","124907","15","73962617"
"chr6","74102520","74102788","KN296921v1","138764","139036","23","73963756"
"chr6","74113400","74113684","KN296921v1","149376","149663","21","73964024"
"chr6","74133903","74134162","KN296921v1","169814","170070","28","73964089"
"chr6","74161693","74161837","KN295294v1","2804967","2805106","34","71356726"
"chr6","74233662","74233959","KN296921v1","271965","272251","32","73961697"
"chr6","74280139","74280437","KN296921v1","329058","329357","27","73951081"
"chr6","74282020","74282319","KN296921v1","330930","331245","36","73951090"
"chr6","74302170","74302461","KN296921v1","352007","352298","12","73950163"
"chr6","74338074","74338375","KN296921v1","386990","387291","8","73951084"
"chr6","74344852","74345066","KN296921v1","396730","396965","57","73948122"
"chr6","74351544","74351812","KN296921v1","408466","408736","15","73943078"
"chr6","74354062","74354347","KN296921v1","410970","411261","28","73943092"
"chr6","74361487","74361800","KN296921v1","418651","418937","57","73942836"
"chr6","74368897","74369272","KN294470v1","2455028","2455343","122","71913869"
"chr6","74370541","74370829","KN296921v1","441260","441551","29","73929281"
"chr6","74374485","74374631","KN296311v1","2990583","2990728","29","71383902"
"chr6","74374926","74375121","KN294501v1","722922","723122","45","73652004"
"chr6","74380610","74380890","KN296921v1","436756","437036","20","73943854"
"chr6","74382489","74382605","KN296921v1","438631","438747","7","73943858"
"chr6","74386446","74386757","KN296921v1","427658","427957","36","73958788"
"chr6","74390097","74390373","KN296921v1","444637","444913","27","73945460"
"chr6","74399351","74399483","KN296921v1","455890","456024","14","73943461"
"chr6","74413869","74414020","KN296921v1","475856","476007","9","73938013"
"chr6","74416748","74417047","KN296921v1","479372","479660","26","73937376"
"chr6","74438713","74438957","KN296921v1","623952","624209","58","73814761"
"chr6","74450685","74450902","KN296654v1","132548","132762","48","74318137"
"chr6","74461254","74461559","KN296921v1","511164","511445","43","73950090"
"chr6","74473075","74473383","KN296921v1","524207","524517","22","73948868"
"chr6","74474209","74474412","KN296921v1","525336","525532","20","73948873"
"chr6","74488662","74488821","KN297390v1","51203","51363","40","74437459"
"chr6","74492007","74492253","KN296921v1","539949","540195","12","73952058"
"chr6","74494350","74494674","KN296921v1","542354","542631","68","73951996"
"chr6","74501612","74501728","KN296921v1","551223","551354","24","73950389"
"chr6","74510526","74510802","KN296921v1","561407","561683","25","73949119"
"chr6","74519360","74519493","KN296921v1","570218","570349","8","73949142"
"chr6","74551718","74551843","KN296079v1","478071","478191","20","74073647"
"chr6","74560858","74561027","KN296921v1","617516","617690","14","73943342"
"chr6","74561879","74562042","KN296311v1","5293431","5293602","45","69268448"
"chr6","74589007","74589304","KN296921v1","651247","651532","34","73937760"
"chr6","74592462","74592757","KN296921v1","655313","655594","26","73937149"
"chr6","74593250","74593373","KN296921v1","656436","656559","7","73936814"
"chr6","74600110","74600401","KN296921v1","663387","663679","13","73936723"
"chr6","74609467","74609675","KN296147v1","208757","208969","36","74400710"
"chr6","74614577","74614875","KN296921v1","675951","676247","24","73938626"
"chr6","74615603","74615895","KN296921v1","676977","677281","31","73938626"
"chr6","74624113","74624424","KN296921v1","687488","687797","35","73936625"
"chr6","74642811","74643103","KN296921v1","707389","707683","25","73935422"
"chr6","74643475","74643726","KN294949v1","1672635","1672887","61","72970840"
"chr6","74646035","74646327","KN296921v1","710392","710688","22","73935643"
"chr6","74658665","74658783","KN295361v1","998330","998446","18","73660335"
"chr6","74662311","74662603","KN296314v1","76917","77220","59","74585394"
"chr6","74667390","74667692","KN296921v1","736712","736985","49","73930678"
"chr6","74679597","74679718","KN296921v1","750076","750196","5","73929521"
"chr6","74695866","74696169","KN296921v1","764106","764398","31","73931760"
"chr6","74702045","74702121","KN296498v1","151526","151597","17","74550519"
"chr6","74702850","74702978","KN296921v1","769237","769364","7","73933613"
"chr6","74715617","74715890","KN296921v1","783265","783551","34","73932352"
"chr6","74718717","74719058","KN296726v1","62317","62674","85","74656400"
"chr6","74727897","74728114","KN294987v1","428456","428674","38","74299441"
"chr6","74752595","74752906","KN296921v1","821391","821698","26","73931204"
"chr6","74763639","74763890","KN295352v1","539314","539554","69","74224325"
"chr6","74781008","74781124","KN296921v1","846008","846124","9","73935000"
"chr6","74783878","74784178","KN296921v1","848705","848992","28","73935173"
"chr6","74790287","74790503","KN296921v1","855185","855400","17","73935102"
"chr6","74818673","74818804","KN296921v1","882500","882637","11","73936173"
"chr6","74829861","74830148","KN296921v1","899585","899868","34","73930276"
"chr6","74866422","74866706","KN296921v1","943622","943924","33","73922800"
"chr6","74925570","74925653","KN296266v1","57220","57302","12","74868350"
"chr6","74927972","74928237","KN296921v1","1007569","1007835","15","73920403"
"chr6","75498564","75498673","KN295293v1","218177","218289","23","75280387"
"chr6","75644761","75645054","KN296921v1","1655273","1655564","30","73989488"
"chr6","75809740","75810015","KN297008v1","5550160","5550428","65","70259580"
"chr6","75841017","75841308","KN296921v1","1836694","1836985","21","74004323"
"chr6","75925471","75925775","KN296921v1","1919342","1919642","24","74006129"
"chr6","75940131","75940397","KN295605v1","222480","222753","64","75717651"
"chr6","76125271","76125561","KN296921v1","2105929","2106230","25","74019342"
"chr6","76232762","76233058","KN296180v1","189638","189938","52","76043124"
"chr6","76242379","76242663","KN296921v1","2211529","2211817","16","74030850"
"chr6","76353294","76353588","KN296921v1","2324369","2324691","48","74028925"
"chr6","76355383","76355655","KN296921v1","2326247","2326543","43","74029136"
"chr6","76411908","76412222","KN296921v1","2383510","2383823","27","74028398"
"chr6","76428999","76429288","KN295729v1","981121","981417","53","75447878"
"chr6","76455247","76455359","KN294569v1","227496","227611","18","76227751"
"chr6","76507084","76507209","KN297153v1","974128","974256","23","75532956"
"chr6","76537706","76537860","KN296481v1","313932","314079","40","76223774"
"chr6","76581708","76582044","KN296921v1","2553378","2553716","43","74028330"
"chr6","76582136","76582434","KN296921v1","2553808","2554118","25","74028328"
"chr6","76627299","76627567","KN296921v1","2597258","2597525","15","74030041"
"chr6","76673040","76673239","KN296921v1","2646319","2646524","22","74026721"
"chr6","76741875","76742120","KN296921v1","2712403","2712646","17","74029472"
"chr6","76747196","76747423","KN296921v1","2717978","2718205","17","74029218"
"chr6","76754859","76755158","KN296921v1","2725685","2725978","22","74029174"
"chr6","76771921","76772215","KN296921v1","2742806","2743112","38","74029115"
"chr6","76788152","76788471","KN296921v1","2762180","2762502","32","74025972"
"chr6","76793003","76793223","KN296921v1","2766878","2767090","20","74026125"
"chr6","76808311","76808478","KN296138v1","480059","480225","40","76328252"
"chr6","76815926","76816049","KN296921v1","2789811","2789924","18","74026115"
"chr6","76822812","76822959","KN294592v1","905023","905168","32","75917789"
"chr6","76823250","76823422","KN294842v1","1512993","1513156","35","75310257"
"chr6","76824096","76824380","KN294790v1","2481144","2481428","65","74342952"
"chr6","76826520","76826825","KN296921v1","2799464","2799770","26","74027056"
"chr6","76837353","76837484","KN296921v1","2810176","2810302","13","74027177"
"chr6","76841485","76841794","KN296921v1","2813254","2813561","46","74028231"
"chr6","76842574","76842744","KN296435v1","2316351","2316515","37","74526223"
"chr6","76857582","76857854","KN296921v1","2829732","2830008","19","74027850"
"chr6","76872059","76872320","KN296205v1","83659","83918","75","76788400"
"chr6","76872546","76872861","KN295241v1","367251","367557","62","76505295"
"chr6","76872865","76873100","KN296921v1","2847010","2847258","35","74025855"
"chr6","76881364","76881504","KN295564v1","676663","676798","30","76204701"
"chr6","76896584","76896716","KN294182v1","154537","154667","19","76742047"
"chr6","76899868","76900158","KN296921v1","2875161","2875453","27","74024707"
"chr6","76910754","76910871","KN296921v1","2886735","2886852","10","74024019"
"chr6","76911477","76911797","KN294470v1","3413630","3413946","68","73497847"
"chr6","76916604","76916902","KN296921v1","2892900","2893205","25","74023704"
"chr6","76921451","76921742","KN296921v1","2903819","2904112","23","74017632"
"chr6","76926923","76927219","KN296921v1","2909265","2909565","31","74017658"
"chr6","76937980","76938247","KN294172v1","2396155","2396416","64","74541825"
"chr6","76953869","76954155","KN296921v1","2936690","2936983","22","74017179"
"chr6","76965792","76966079","KN295725v1","1528030","1528323","64","75437762"
"chr6","76967082","76967370","KN296921v1","2949972","2950256","27","74017110"
"chr6","76968306","76968607","KN296921v1","2950875","2951194","42","74017431"
"chr6","76979200","76979468","KN296921v1","2962164","2962431","16","74017036"
"chr6","76998752","76999053","KN295343v1","117711","118015","56","76881041"
"chr6","77106536","77106835","KN294570v1","318064","318362","62","76788472"
"chr6","77139221","77139520","KN296921v1","3125083","3125365","32","74014138"
"chr6","77293400","77293687","KN296253v1","188046","188333","60","77105354"
"chr6","77305279","77305501","KN295075v1","72457","72673","48","77232822"
"chr6","77323148","77323312","KN294416v1","354557","354730","41","76968591"
"chr6","77325917","77326213","KN295430v1","1284869","1285155","66","76041048"
"chr6","77721019","77721279","KN295236v1","1220067","1220335","82","76500952"
"chr6","77832889","77833165","KN294498v1","131066","131367","45","77701823"
"chr6","78070484","78070741","KN295974v1","3633204","3633452","65","74437280"
"chr6","78430556","78430836","KN295837v1","5189","5474","26","78425367"
"chr6","78441034","78441208","KN296311v1","5964020","5964187","37","72477014"
"chr6","78527618","78527832","KN296095v1","92485","92718","40","78435133"
"chr6","78562033","78562310","KN296095v1","126037","126325","28","78435996"
"chr6","78698024","78698134","KN296095v1","283573","283689","17","78414451"
"chr6","78902599","78902861","KN294251v1","3783455","3783706","58","75119144"
"chr6","78945717","78945999","KN294145v1","144691","144974","20","78801026"
"chr6","79098395","79098685","KN295667v1","1243145","1243443","61","77855250"
"chr6","79563857","79564142","KN294378v1","1608627","1608901","73","77955230"
"chr6","79598369","79598640","KN296643v1","417188","417454","64","79181181"
"chr6","79614124","79614253","KN295257v1","1873315","1873446","25","77740809"
"chr6","79646104","79646363","KN295116v1","35213","35490","47","79610891"
"chr6","79995652","79995936","KN296515v1","76630","76927","33","79919022"
"chr6","80019159","80019446","KN296515v1","96308","96592","15","79922851"
"chr6","80024318","80024585","KN296515v1","101814","102075","20","79922504"
"chr6","80112222","80112510","KN296515v1","185213","185501","15","79927009"
"chr6","80145976","80146301","KN296515v1","219728","220056","31","79926248"
"chr6","80189787","80190086","KN296515v1","263552","263824","61","79926235"
"chr6","80307806","80308097","KN296515v1","387696","387990","19","79920110"
"chr6","80600984","80601297","KN296515v1","661279","661583","31","79939705"
"chr6","80602794","80603069","KN296515v1","663053","663328","23","79939741"
"chr6","80645158","80645418","KN296153v1","960264","960545","76","79684894"
"chr6","80717827","80718030","KN295090v1","2058765","2058974","46","78659062"
"chr6","80746943","80747212","KN294583v1","248706","248966","65","80498237"
"chr6","80840565","80840868","KN296515v1","909916","910215","30","79930649"
"chr6","80857128","80857438","KN296515v1","924591","924889","28","79932537"
"chr6","80875136","80875276","KN294978v1","3702303","3702442","30","77172833"
"chr6","80908596","80908706","KN296515v1","985158","985265","19","79923438"
"chr6","80913185","80913486","KN296515v1","990335","990629","34","79922850"
"chr6","80926178","80926481","KN296515v1","1003635","1003914","40","79922543"
"chr6","80968963","80969241","KN294922v1","4395","4682","62","80964568"
"chr6","80999209","80999504","KN295573v1","1643146","1643437","67","79356063"
"chr6","81040977","81041254","KN295367v1","8080","8355","19","81032897"
"chr6","81068188","81068276","KN294260v1","236350","236434","21","80831838"
"chr6","81078616","81078899","KN296955v1","569525","569813","52","80509091"
"chr6","81103853","81104113","KN294407v1","667760","668024","70","80436093"
"chr6","81132079","81132340","KN295744v1","187097","187357","54","80944982"
"chr6","81134955","81135173","KN296191v1","1575823","1576054","59","79559132"
"chr6","81171269","81171572","KN295586v1","2242257","2242564","53","78929012"
"chr6","81199426","81199720","KN294848v1","912345","912627","64","80287081"
"chr6","81214800","81214953","KN294991v1","1823583","1823717","36","79391217"
"chr6","81223172","81223454","KN294526v1","792542","792829","60","80430630"
"chr6","81251608","81251718","KN295531v1","34443","34559","24","81217165"
"chr6","81252867","81253175","KN297052v1","112210","112513","67","81140657"
"chr6","81260974","81261287","KN295591v1","745641","745936","73","80515333"
"chr6","81308178","81308473","KN295666v1","913787","914079","71","80394391"
"chr6","81337549","81337682","KN294842v1","742686","742819","24","80594863"
"chr6","81338138","81338450","KN294848v1","1138522","1138823","76","80199616"
"chr6","81613975","81614091","KN295962v1","284057","284172","27","81329918"
"chr6","81838256","81838378","KN297190v1","3818087","3818211","18","78020169"
"chr6","81893165","81893442","KN296326v1","236109","236381","33","81657056"
"chr6","81913149","81913446","KN296326v1","257335","257614","38","81655814"
"chr6","82040899","82041231","KN294378v1","579259","579578","92","81461640"
"chr6","82104127","82104407","KN296326v1","433817","434108","30","81670310"
"chr6","82226171","82226465","KN296326v1","551047","551344","13","81675124"
"chr6","82234678","82234907","KN296326v1","563098","563328","14","81671580"
"chr6","82292031","82292303","KN294585v1","134715","134984","65","82157316"
"chr6","82325319","82325614","KN296326v1","640166","640458","20","81685153"
"chr6","82378097","82378347","KN296326v1","695913","696168","24","81682184"
"chr6","82385277","82385559","KN296326v1","703892","704178","27","81681385"
"chr6","82435022","82435313","KN296326v1","757334","757608","37","81677688"
"chr6","82726061","82726278","KN296096v1","1730569","1730789","53","80995492"
"chr6","82775263","82775568","KN296879v1","417388","417697","69","82357875"
"chr6","82821398","82821723","KN296142v1","283457","283783","85","82537941"
"chr6","82846301","82846598","KN296883v1","2020682","2020971","81","80825619"
"chr6","82968023","82968309","KN296580v1","121994","122287","64","82846029"
"chr6","82968836","82969037","KN294172v1","5362346","5362552","54","77606490"
"chr6","83024869","83025171","KN294873v1","1518576","1518882","76","81506293"
"chr6","83192557","83192672","KN295091v1","2767350","2767466","18","80425207"
"chr6","83240838","83240955","KN294479v1","133118","133236","15","83107720"
"chr6","83277518","83277820","KN296133v1","228436","228735","67","83049082"
"chr6","83336452","83336570","KN294591v1","425038","425155","15","82911414"
"chr6","83340621","83340913","KN294879v1","355280","355576","57","82985341"
"chr6","83350558","83350870","KN295526v1","301395","301710","66","83049163"
"chr6","83356053","83356125","KN294619v1","1424683","1424756","11","81931370"
"chr6","83363655","83363934","KN294207v1","82820","83097","55","83280835"
"chr6","83508803","83509119","KN296187v1","1353363","1353664","78","82155440"
"chr6","83554054","83554347","KN294199v1","239918","240209","66","83314136"
"chr6","83590343","83590636","KN295430v1","989467","989768","64","82600876"
"chr6","83627170","83627423","KN296453v1","645537","645805","79","82981633"
"chr6","83747617","83747921","KN294874v1","147308","147613","76","83600309"
"chr6","83764670","83764967","KN295984v1","3197280","3197579","54","80567390"
"chr6","83865413","83865704","KN294987v1","797207","797503","57","83068206"
"chr6","83888260","83888383","KN295601v1","3168942","3169065","24","80719318"
"chr6","83998371","83998626","KN295294v1","2981301","2981560","59","81017070"
"chr6","84008537","84008798","KN296178v1","950786","951044","63","83057751"
"chr6","84138512","84138791","KN295725v1","1866246","1866519","75","82272266"
"chr6","84155659","84155981","KN295032v1","263836","264138","79","83891823"
"chr6","84157790","84158134","KN294527v1","232065","232377","108","83925725"
"chr6","84192135","84192446","KN295744v1","676379","676683","71","83515756"
"chr6","84205929","84206210","KN296187v1","803116","803397","53","83402813"
"chr6","84230099","84230405","KN296864v1","3265179","3265496","61","80964920"
"chr6","84267320","84267410","KN294592v1","414324","414412","22","83852996"
"chr6","84269058","84269325","KN294848v1","912345","912627","53","83356713"
"chr6","84281596","84281632","KN294848v1","177662","177707","13","84103934"
"chr6","84326334","84326620","KN296864v1","1528627","1528910","64","82797707"
"chr6","84400968","84401275","KN294172v1","6915582","6915894","72","77485386"
"chr6","84499722","84499999","KN294733v1","143432","143710","59","84356290"
"chr6","84507853","84508115","KN296096v1","2485316","2485572","62","82022537"
"chr6","84514261","84514588","KN296588v1","922323","922632","68","83591938"
"chr6","84581542","84581838","KN296739v1","268512","268804","78","84313030"
"chr6","84599190","84599506","KN295039v1","346131","346424","36","84253059"
"chr6","84631742","84632041","KN297008v1","1477900","1478200","53","83153842"
"chr6","84635314","84635516","KN296386v1","749068","749273","49","83886246"
"chr6","84643197","84643488","KN294848v1","898261","898553","57","83744936"
"chr6","84651838","84652066","KN295441v1","1067325","1067540","55","83584513"
"chr6","84666045","84666335","KN295236v1","468917","469199","69","84197128"
"chr6","84674561","84674850","KN294378v1","984127","984418","73","83690434"
"chr6","84690759","84690874","KN295977v1","642587","642704","19","84048172"
"chr6","84691319","84691506","KN294454v1","389835","390024","44","84301484"
"chr6","84722076","84722392","KN297138v1","269368","269676","62","84452708"
"chr6","84725751","84726053","KN296486v1","1505649","1505946","61","83220102"
"chr6","84726437","84726740","KN296062v1","1705907","1706197","75","83020530"
"chr6","84731708","84731937","KN296009v1","94635","94869","62","84637073"
"chr6","84749911","84750241","KN294486v1","905644","905951","82","83844267"
"chr6","84879499","84879619","KN294842v1","1206727","1206848","18","83672772"
"chr6","84979209","84979503","KN294444v1","129814","130111","58","84849395"
"chr6","84990667","84990977","KN296311v1","3358167","3358474","65","81632500"
"chr6","84996541","84996840","KN295725v1","449480","449774","58","84547061"
"chr6","85037393","85037700","KN296145v1","3060293","3060595","57","81977100"
"chr6","85044968","85045257","KN295315v1","2438245","2438536","60","82606723"
"chr6","85051929","85052241","KN295236v1","1220926","1221234","60","83831003"
"chr6","85061726","85062020","KN295225v1","2446744","2447033","55","82614982"
"chr6","85178970","85179283","KN294234v1","1323178","1323489","62","83855792"
"chr6","85189978","85190290","KN296538v1","1793220","1793524","64","83396758"
"chr6","85204393","85204705","KN297008v1","1477900","1478200","62","83726493"
"chr6","85290345","85290519","KN295722v1","2530724","2530897","31","82759621"
"chr6","85309855","85310149","KN295349v1","58082","58373","60","85251773"
"chr6","85372394","85372696","KN297215v1","30442","30741","59","85341952"
"chr6","85389264","85389522","KN294372v1","2684390","2684651","59","82704874"
"chr6","85434914","85435135","KN297197v1","3471646","3471850","52","81963268"
"chr6","85469362","85469663","KN295825v1","1015347","1015651","61","84454015"
"chr6","85546169","85546474","KN295526v1","910683","910978","58","84635486"
"chr6","85700924","85701161","KN294239v1","286644","286862","67","85414280"
"chr6","85845363","85845666","KN296404v1","3404152","3404452","51","82441211"
"chr6","85952595","85952885","KN295586v1","2908076","2908370","56","83044519"
"chr6","86145360","86145667","KN294842v1","674268","674560","63","85471092"
"chr6","86352619","86352930","KN296252v1","203495","203802","65","86149124"
"chr6","86497417","86497533","KN295459v1","1077631","1077747","11","85419786"
"chr6","86527123","86527380","KN296178v1","950786","951044","54","85576337"
"chr6","86541579","86541883","KN295171v1","1006203","1006512","73","85535376"
"chr6","86554570","86554867","KN296192v1","161210","161502","64","86393360"
"chr6","86577803","86578083","KN294396v1","291091","291380","52","86286712"
"chr6","86624981","86625096","KN296062v1","2178521","2178637","15","84446460"
"chr6","86640458","86640745","KN296921v1","655313","655594","58","85985145"
"chr6","86653420","86653593","KN295236v1","3775540","3775717","33","82877880"
"chr6","86685143","86685381","KN294404v1","149686","149908","56","86535457"
"chr6","86685654","86685709","KN294199v1","1347022","1347073","14","85338632"
"chr6","86697404","86697701","KN296386v1","688301","688600","58","86009103"
"chr6","86737426","86737730","KN296970v1","235765","236073","63","86501661"
"chr6","86751316","86751517","KN296108v1","261466","261666","53","86489850"
"chr6","86751797","86751914","KN295441v1","1773356","1773471","26","84978441"
"chr6","86785978","86786274","KN296821v1","118419","118725","74","86667559"
"chr6","86799135","86799225","KN294451v1","1320688","1320777","18","85478447"
"chr6","86829782","86830090","KN295586v1","2908076","2908370","61","83921706"
"chr6","86841210","86841494","KN294326v1","195654","195936","67","86645556"
"chr6","86841663","86841945","KN297398v1","169810","170100","64","86671853"
"chr6","86851478","86851757","KN294991v1","509556","509836","61","86341922"
"chr6","86870904","86871016","KN294767v1","580745","580860","26","86290159"
"chr6","86880926","86881049","KN297245v1","2241430","2241551","16","84639496"
"chr6","86904432","86904707","KN296643v1","329281","329566","73","86575151"
"chr6","86939616","86939725","KN294630v1","264259","264366","17","86675357"
"chr6","86961176","86961481","KN294630v1","759930","760235","70","86201246"
"chr6","86974537","86974824","KN296864v1","2917034","2917326","57","84057503"
"chr6","86976918","86977207","KN295459v1","697076","697373","54","86279842"
"chr6","87205426","87205586","KN297386v1","229681","229833","45","86975745"
"chr6","87226652","87226943","KN295940v1","94899","95179","72","87131753"
"chr6","87247499","87247781","KN294172v1","2150711","2151006","78","85096788"
"chr6","87402731","87402839","KN296435v1","2518858","2518963","33","84883873"
"chr6","87403034","87403309","KN294668v1","2075847","2076129","65","85327187"
"chr6","87777030","87777319","KN294848v1","1137045","1137344","70","86639985"
"chr6","87910863","87911005","KN294407v1","798431","798570","32","87112432"
"chr6","88034118","88034406","KN295708v1","1860725","1861024","70","86173393"
"chr6","88089590","88089898","KN294893v1","445554","445861","62","87644036"
"chr6","88178493","88178772","KN296378v1","403059","403339","58","87775434"
"chr6","88201143","88201452","KN294187v1","156326","156629","54","88044817"
"chr6","88268728","88269046","KN294630v1","759396","759708","67","87509332"
"chr6","88275257","88275368","KN296244v1","406029","406141","17","87869228"
"chr6","88275397","88275542","KN296893v1","102398","102540","34","88172999"
"chr6","88326765","88327055","KN294187v1","1991469","1991754","59","86335296"
"chr6","88356447","88356719","KN296643v1","417188","417454","54","87939259"
"chr6","88488317","88488609","KN296322v1","1148106","1148393","69","87340211"
"chr6","88490217","88490483","KN296062v1","1742931","1743197","57","86747286"
"chr6","88527336","88527583","KN297245v1","2755572","2755815","57","85771764"
"chr6","88573215","88573483","KN296096v1","2485316","2485572","60","86087899"
"chr6","88649341","88649634","KN296864v1","3187581","3187876","63","85461760"
"chr6","88655671","88655910","KN296096v1","2485316","2485572","59","86170355"
"chr6","88674377","88674500","KN296378v1","560188","560311","20","88114189"
"chr6","88692627","88692921","KN294630v1","107419","107718","64","88585208"
"chr6","88705883","88706166","KN295548v1","831268","831549","64","87874615"
"chr6","88717919","88718179","KN295898v1","722107","722369","57","87995812"
"chr6","88721887","88722015","KN296518v1","42422","42542","25","88679465"
"chr6","88729371","88729481","KN295301v1","935470","935578","16","87793901"
"chr6","88739121","88739417","KN294372v1","1941700","1941993","64","86797421"
"chr6","88747119","88747437","KN294705v1","773441","773753","62","87973678"
"chr6","88830983","88831101","KN294526v1","751983","752100","21","88079000"
"chr6","88836045","88836306","KN294385v1","643509","643776","77","88192536"
"chr6","88836608","88836636","KN294218v1","2221315","2221343","5","86615293"
"chr6","88852574","88852886","KN295090v1","1856219","1856519","60","86996355"
"chr6","88853269","88853375","KN296921v1","2789811","2789924","29","86063458"
"chr6","88854114","88854405","KN296311v1","3074623","3074927","59","85779491"
"chr6","88854507","88854631","KN294182v1","154537","154667","25","88699970"
"chr6","88865877","88866158","KN296009v1","1464971","1465240","68","87400906"
"chr6","88868971","88869248","KN294629v1","46757","47035","60","88822214"
"chr6","88878896","88879207","KN294346v1","412350","412659","66","88466546"
"chr6","88880187","88880512","KN296119v1","5344679","5344994","70","83535508"
"chr6","88916189","88916317","KN296311v1","4570744","4570874","25","84345445"
"chr6","88924888","88925206","KN295923v1","2248938","2249256","62","86675950"
"chr6","88938187","88938408","KN294964v1","443494","443707","46","88494693"
"chr6","89018901","89019076","KN295523v1","4221833","4222018","48","84797068"
"chr6","89044208","89044332","KN294345v1","1896097","1896220","18","87148111"
"chr6","89108092","89108229","KN295236v1","3111966","3112102","21","85996126"
"chr6","89440569","89440761","KN295328v1","173429","173625","17","89267140"
"chr6","89474616","89474881","KN296119v1","4568889","4569170","64","84905727"
"chr6","89693651","89693855","KN297197v1","3471646","3471850","44","86222005"
"chr6","89727284","89727606","KN294434v1","62989","63286","78","89664295"
"chr6","89798908","89799181","KN296502v1","592848","593130","60","89206060"
"chr6","89826998","89827122","KN296315v1","321483","321605","16","89505515"
"chr6","89835323","89835626","KN297112v1","4994014","4994313","62","84841309"
"chr6","89840763","89840886","KN296964v1","1411802","1411928","16","88428961"
"chr6","89842021","89842319","KN294987v1","797207","797503","69","89044814"
"chr6","89850637","89850909","KN294539v1","4270496","4270778","73","85580141"
"chr6","89863525","89863816","KN295365v1","618540","618829","70","89244985"
"chr6","89919072","89919278","KN295898v1","166973","167181","39","89752099"
"chr6","89922759","89923052","KN295722v1","1243400","1243692","53","88679359"
"chr6","89955167","89955283","KN294728v1","1428567","1428682","14","88526600"
"chr6","89960579","89960875","KN294571v1","2182994","2183281","59","87777585"
"chr6","89968178","89968300","KN295550v1","685583","685707","22","89282595"
"chr6","90016493","90016609","KN294443v1","611996","612113","20","89404497"
"chr6","90045409","90045716","KN296019v1","466074","466382","52","89579335"
"chr6","90047333","90047555","KN295038v1","701748","701950","60","89345585"
"chr6","90059730","90060031","KN296404v1","3404152","3404452","69","86655578"
"chr6","90061700","90061982","KN296096v1","1827942","1828211","65","88233758"
"chr6","90065123","90065422","KN297094v1","278575","278875","60","89786548"
"chr6","90069197","90069499","KN295725v1","1528030","1528323","72","88541167"
"chr6","90075406","90075712","KN295667v1","676400","676706","53","89399006"
"chr6","90082084","90082370","KN295666v1","913787","914079","65","89168297"
"chr6","90085486","90085780","KN295074v1","222659","222958","57","89862827"
"chr6","90092326","90092597","KN296180v1","198551","198830","63","89893775"
"chr6","90093597","90093915","KN297158v1","459505","459810","82","89634092"
"chr6","90097456","90097736","KN295365v1","618540","618829","59","89478916"
"chr6","90105803","90105962","KN294879v1","340989","341153","33","89764814"
"chr6","90135187","90135327","KN296323v1","982796","982928","30","89152391"
"chr6","90148992","90149298","KN297032v1","143170","143462","62","90005822"
"chr6","90152876","90152993","KN294210v1","1589858","1589974","20","88563018"
"chr6","90153402","90153650","KN295744v1","187097","187357","67","89966305"
"chr6","90154415","90154695","KN296311v1","7907830","7908116","43","82246585"
"chr6","90156146","90156449","KN295343v1","979101","979402","64","89177045"
"chr6","90175338","90175635","KN295236v1","5121169","5121469","53","85054169"
"chr6","90191902","90192198","KN294199v1","65187","65474","63","90126715"
"chr6","90194948","90195203","KN296096v1","2485316","2485572","57","87709632"
"chr6","90195287","90195564","KN295930v1","742582","742860","61","89452705"
"chr6","90198133","90198254","KN294172v1","3288243","3288371","27","86909890"
"chr6","90199366","90199653","KN294172v1","439163","439451","54","89760203"
"chr6","90212277","90212410","KN297242v1","1425862","1425993","12","88786415"
"chr6","90212709","90212896","KN297242v1","1425379","1425564","14","88787330"
"chr6","90220175","90220477","KN295107v1","1051267","1051565","55","89168908"
"chr6","90220519","90220824","KN296864v1","3246461","3246762","59","86974058"
"chr6","90223479","90223774","KN297320v1","1234476","1234772","56","88989003"
"chr6","90225623","90225910","KN295984v1","319480","319767","63","89906143"
"chr6","90239162","90239277","KN294375v1","186786","186905","22","90052376"
"chr6","90251090","90251406","KN297008v1","6471680","6471987","68","83779410"
"chr6","90253063","90253352","KN296210v1","831862","832153","49","89421201"
"chr6","90263378","90263720","KN295090v1","319087","319405","87","89944291"
"chr6","90268457","90268767","KN294146v1","2530","2826","71","90265927"
"chr6","90272929","90273226","KN295586v1","2908076","2908370","58","87364853"
"chr6","90280876","90281175","KN296406v1","283606","283899","63","89997270"
"chr6","90318263","90318572","KN297245v1","2036362","2036663","57","88281901"
"chr6","90327022","90327329","KN295343v1","329489","329788","56","89997533"
"chr6","90332358","90332641","KN295090v1","427709","427974","61","89904649"
"chr6","90352262","90352581","KN295236v1","3876293","3876590","73","86475969"
"chr6","90364897","90365100","KN297431v1","336228","336429","41","90028669"
"chr6","90383175","90383469","KN295117v1","95133","95425","61","90288042"
"chr6","90393523","90393810","KN296682v1","2437381","2437668","66","87956142"
"chr6","90395081","90395323","KN296075v1","180074","180322","58","90215007"
"chr6","90400066","90400232","KN294182v1","445350","445520","33","89954716"
"chr6","90402566","90402898","KN295090v1","2253341","2253655","69","88149225"
"chr6","90406193","90406475","KN297452v1","1883004","1883291","63","88523189"
"chr6","90411703","90412001","KN297320v1","1234476","1234772","51","89177227"
"chr6","90433240","90433534","KN295585v1","208296","208592","68","90224944"
"chr6","90453787","90454065","KN295984v1","3363324","3363594","64","87090463"
"chr6","90483635","90483942","KN295596v1","2197015","2197331","67","88286620"
"chr6","90484261","90484563","KN296404v1","3404152","3404452","55","87080109"
"chr6","90485646","90485923","KN295548v1","533335","533617","61","89952311"
"chr6","90490119","90490367","KN295907v1","1163696","1163930","65","89326423"
"chr6","90504499","90504629","KN296253v1","543775","543897","25","89960724"
"chr6","90516341","90516383","KN294536v1","1488894","1488939","7","89027447"
"chr6","90525082","90525360","KN296955v1","569525","569813","61","89955557"
"chr6","90528611","90528903","KN295995v1","210910","211193","76","90317701"
"chr6","90537493","90537787","KN297094v1","278575","278875","55","90258918"
"chr6","90538587","90538899","KN296682v1","4680106","4680412","58","85858481"
"chr6","90541374","90541669","KN297008v1","1477900","1478200","49","89063474"
"chr6","90545895","90546152","KN297404v1","330812","331066","60","90215083"
"chr6","90564443","90564799","KN294831v1","608917","609225","103","89955526"
"chr6","90570106","90570399","KN295236v1","4082541","4082826","58","86487565"
"chr6","90573123","90573398","KN296187v1","179226","179507","62","90393897"
"chr6","90580833","90581056","KN296153v1","1877838","1878079","76","88702995"
"chr6","90598033","90598306","KN294303v1","145305","145593","61","90452728"
"chr6","90605665","90605896","KN296090v1","3910","4139","58","90601755"
"chr6","90613617","90613927","KN294613v1","737792","738092","62","89875825"
